Time,Sum Area Coverage,Time/Total Time,Non-Dimensional Area Coverage
0.0,0.0,0.0,0.0
0.1,3011.29,0.001,1.205
0.2,3118.43,0.001,1.247
0.3,3032.32,0.002,1.213
0.4,3042.32,0.003,1.217
0.5,3001.76,0.003,1.201
0.6,3001.76,0.004,1.201
0.7,2841.76,0.005,1.137
0.8,2881.44,0.005,1.153
0.9,2886.2,0.006,1.154
1.0,2893.03,0.007,1.157
1.1,2895.25,0.007,1.158
1.2,2904.46,0.008,1.162
1.3,2769.22,0.009,1.108
1.4,2792.0,0.009,1.117
1.5,2718.26,0.01,1.087
1.6,2755.07,0.011,1.102
1.7,2698.96,0.011,1.08
1.8,2721.1,0.012,1.088
1.9,2717.22,0.013,1.087
2.0,2563.57,0.013,1.025
2.1,2511.75,0.014,1.005
2.2,2444.61,0.015,0.978
2.3,2374.71,0.015,0.95
2.4,2391.54,0.016,0.957
2.5,2374.56,0.017,0.95
2.6,2329.89,0.017,0.932
2.7,2332.68,0.018,0.933
2.8,2441.5,0.019,0.977
2.9,2309.98,0.019,0.924
3.0,2232.19,0.02,0.893
3.1,2213.46,0.021,0.885
3.2,2175.37,0.021,0.87
3.3,2296.88,0.022,0.919
3.4,2291.22,0.023,0.916
3.5,2360.03,0.023,0.944
3.6,2255.44,0.024,0.902
3.7,2347.17,0.025,0.939
3.8,2332.54,0.025,0.933
3.9,2304.95,0.026,0.922
4.0,2263.81,0.027,0.906
4.1,2280.06,0.027,0.912
4.2,2279.02,0.028,0.912
4.3,2187.84,0.029,0.875
4.4,2160.21,0.029,0.864
4.5,2172.26,0.03,0.869
4.6,2145.08,0.031,0.858
4.7,2247.94,0.031,0.899
4.8,2263.05,0.032,0.905
4.9,2256.45,0.033,0.903
5.0,2234.15,0.033,0.894
5.1,2205.75,0.034,0.882
5.2,2211.14,0.035,0.884
5.3,2184.48,0.035,0.874
5.4,2185.16,0.036,0.874
5.5,2184.5,0.037,0.874
5.6,2049.6,0.037,0.82
5.7,2050.7,0.038,0.82
5.8,2183.59,0.039,0.873
5.9,2052.33,0.039,0.821
6.0,2179.0,0.04,0.872
6.1,2049.13,0.041,0.82
6.2,2053.58,0.041,0.821
6.3,2086.47,0.042,0.835
6.4,2049.46,0.043,0.82
6.5,2173.08,0.043,0.869
6.6,2173.92,0.044,0.87
6.7,2172.85,0.045,0.869
6.8,2053.95,0.045,0.822
6.9,2056.18,0.046,0.822
7.0,2056.18,0.047,0.822
7.1,2187.79,0.047,0.875
7.2,2185.89,0.048,0.874
7.3,2184.1,0.049,0.874
7.4,2184.1,0.049,0.874
7.5,2184.1,0.05,0.874
7.6,2184.1,0.051,0.874
7.7,2067.44,0.051,0.827
7.8,2029.34,0.052,0.812
7.9,2007.91,0.053,0.803
8.0,2020.86,0.053,0.808
8.1,2020.86,0.054,0.808
8.2,1995.26,0.055,0.798
8.3,1969.19,0.055,0.788
8.4,1969.19,0.056,0.788
8.5,1937.53,0.057,0.775
8.6,1915.95,0.057,0.766
8.7,1865.95,0.058,0.746
8.8,1832.62,0.059,0.733
8.9,1832.62,0.059,0.733
9.0,1832.62,0.06,0.733
9.1,1832.62,0.061,0.733
9.2,1832.62,0.061,0.733
9.3,1832.62,0.062,0.733
9.4,1832.62,0.063,0.733
9.5,1832.62,0.063,0.733
9.6,1832.62,0.064,0.733
9.7,1832.62,0.065,0.733
9.8,1839.76,0.065,0.736
9.9,1833.21,0.066,0.733
10.0,1836.55,0.067,0.735
10.1,1839.02,0.067,0.736
10.2,1839.02,0.068,0.736
10.3,1830.68,0.069,0.732
10.4,1823.93,0.069,0.73
10.5,1830.68,0.07,0.732
10.6,1835.68,0.071,0.734
10.7,1829.49,0.071,0.732
10.8,1838.7,0.072,0.735
10.9,1851.08,0.073,0.74
11.0,1851.08,0.073,0.74
11.1,1862.03,0.074,0.745
11.2,1897.15,0.075,0.759
11.3,1879.65,0.075,0.752
11.4,1896.32,0.076,0.759
11.5,1897.15,0.077,0.759
11.6,1897.15,0.077,0.759
11.7,1931.44,0.078,0.773
11.8,1933.49,0.079,0.773
11.9,1933.49,0.079,0.773
12.0,1938.48,0.08,0.775
12.1,1935.69,0.081,0.774
12.2,1940.68,0.081,0.776
12.3,1940.68,0.082,0.776
12.4,1943.6,0.083,0.777
12.5,1943.6,0.083,0.777
12.6,1943.6,0.084,0.777
12.7,1943.6,0.085,0.777
12.8,2043.6,0.085,0.817
12.9,1946.92,0.086,0.779
13.0,2056.42,0.087,0.823
13.1,2056.24,0.087,0.822
13.2,1955.28,0.088,0.782
13.3,1961.14,0.089,0.784
13.4,2059.72,0.089,0.824
13.5,2061.41,0.09,0.825
13.6,2071.2,0.091,0.828
13.7,2068.04,0.091,0.827
13.8,2068.19,0.092,0.827
13.9,1955.04,0.093,0.782
14.0,1966.86,0.093,0.787
14.1,1945.04,0.094,0.778
14.2,2058.37,0.095,0.823
14.3,1948.21,0.095,0.779
14.4,1945.83,0.096,0.778
14.5,1885.83,0.097,0.754
14.6,1909.35,0.097,0.764
14.7,1893.95,0.098,0.758
14.8,1907.2,0.099,0.763
14.9,1821.26,0.099,0.729
15.0,1819.35,0.1,0.728
15.1,1943.01,0.101,0.777
15.2,1944.58,0.101,0.778
15.3,1942.07,0.102,0.777
15.4,1939.9,0.103,0.776
15.5,1925.64,0.103,0.77
15.6,1933.77,0.104,0.774
15.7,1922.76,0.105,0.769
15.8,1946.96,0.105,0.779
15.9,1943.66,0.106,0.777
16.0,1906.08,0.107,0.762
16.1,1896.45,0.107,0.759
16.2,1878.74,0.108,0.751
16.3,1894.65,0.109,0.758
16.4,1894.19,0.109,0.758
16.5,1895.32,0.11,0.758
16.6,1884.48,0.111,0.754
16.7,1991.55,0.111,0.797
16.8,2024.24,0.112,0.81
16.9,2027.98,0.113,0.811
17.0,2017.96,0.113,0.807
17.1,1915.81,0.114,0.766
17.2,2016.2,0.115,0.806
17.3,2038.41,0.115,0.815
17.4,1900.69,0.116,0.76
17.5,1885.1,0.117,0.754
17.6,1890.96,0.117,0.756
17.7,1906.1,0.118,0.762
17.8,1900.4,0.119,0.76
17.9,1905.55,0.119,0.762
18.0,1928.67,0.12,0.771
18.1,1910.46,0.121,0.764
18.2,1920.04,0.121,0.768
18.3,1876.4,0.122,0.751
18.4,1891.13,0.123,0.756
18.5,1901.37,0.123,0.761
18.6,1932.87,0.124,0.773
18.7,1933.06,0.125,0.773
18.8,2005.07,0.125,0.802
18.9,2006.92,0.126,0.803
19.0,2001.06,0.127,0.8
19.1,2006.74,0.127,0.803
19.2,2019.75,0.128,0.808
19.3,2026.5,0.129,0.811
19.4,1940.02,0.129,0.776
19.5,1944.24,0.13,0.778
19.6,1964.3,0.131,0.786
19.7,1966.05,0.131,0.786
19.8,1983.22,0.132,0.793
19.9,2074.29,0.133,0.83
20.0,2098.91,0.133,0.84
20.1,2142.06,0.134,0.857
20.2,2002.68,0.135,0.801
20.3,2045.16,0.135,0.818
20.4,1981.53,0.136,0.793
20.5,2031.53,0.137,0.813
20.6,1955.52,0.137,0.782
20.7,2015.38,0.138,0.806
20.8,2010.47,0.139,0.804
20.9,1970.47,0.139,0.788
21.0,1992.99,0.14,0.797
21.1,1992.99,0.141,0.797
21.2,2027.99,0.141,0.811
21.3,2036.32,0.142,0.815
21.4,2025.3,0.143,0.81
21.5,2157.04,0.143,0.863
21.6,2159.94,0.144,0.864
21.7,2051.69,0.145,0.821
21.8,2021.46,0.145,0.809
21.9,2032.8,0.146,0.813
22.0,2034.09,0.147,0.814
22.1,2073.12,0.147,0.829
22.2,2022.96,0.148,0.809
22.3,2041.32,0.149,0.817
22.4,2096.08,0.149,0.838
22.5,2121.27,0.15,0.849
22.6,2084.84,0.151,0.834
22.7,2085.37,0.151,0.834
22.8,2082.8,0.152,0.833
22.9,2094.57,0.153,0.838
23.0,2127.77,0.153,0.851
23.1,2089.67,0.154,0.836
23.2,2086.21,0.155,0.834
23.3,2082.03,0.155,0.833
23.4,2073.0,0.156,0.829
23.5,2080.72,0.157,0.832
23.6,1926.42,0.157,0.771
23.7,1948.23,0.158,0.779
23.8,1932.45,0.159,0.773
23.9,1980.6,0.159,0.792
24.0,1987.73,0.16,0.795
24.1,1989.44,0.161,0.796
24.2,1983.86,0.161,0.794
24.3,1988.65,0.162,0.795
24.4,2004.76,0.163,0.802
24.5,1990.21,0.163,0.796
24.6,2006.72,0.164,0.803
24.7,2048.18,0.165,0.819
24.8,2147.45,0.165,0.859
24.9,2015.08,0.166,0.806
25.0,1911.48,0.167,0.765
25.1,1952.4,0.167,0.781
25.2,1933.04,0.168,0.773
25.3,1946.88,0.169,0.779
25.4,1889.16,0.169,0.756
25.5,1880.82,0.17,0.752
25.6,1730.32,0.171,0.692
25.7,1765.95,0.171,0.706
25.8,1819.45,0.172,0.728
25.9,1824.85,0.173,0.73
26.0,1800.78,0.173,0.72
26.1,1807.53,0.174,0.723
26.2,1753.64,0.175,0.701
26.3,1819.8,0.175,0.728
26.4,1818.02,0.176,0.727
26.5,1802.82,0.177,0.721
26.6,1828.22,0.177,0.731
26.7,1854.44,0.178,0.742
26.8,1853.96,0.179,0.742
26.9,1867.98,0.179,0.747
27.0,1781.57,0.18,0.713
27.1,1827.31,0.181,0.731
27.2,1798.57,0.181,0.719
27.3,1807.6,0.182,0.723
27.4,1861.06,0.183,0.744
27.5,1805.11,0.183,0.722
27.6,1861.99,0.184,0.745
27.7,1897.88,0.185,0.759
27.8,1914.91,0.185,0.766
27.9,1919.06,0.186,0.768
28.0,1911.39,0.187,0.765
28.1,1790.85,0.187,0.716
28.2,1911.07,0.188,0.764
28.3,1894.32,0.189,0.758
28.4,1893.59,0.189,0.757
28.5,1911.35,0.19,0.765
28.6,1902.01,0.191,0.761
28.7,1899.24,0.191,0.76
28.8,1907.34,0.192,0.763
28.9,1901.05,0.193,0.76
29.0,1889.12,0.193,0.756
29.1,1869.53,0.194,0.748
29.2,1863.65,0.195,0.745
29.3,1882.88,0.195,0.753
29.4,1885.44,0.196,0.754
29.5,1878.51,0.197,0.751
29.6,1910.58,0.197,0.764
29.7,1891.65,0.198,0.757
29.8,1972.8,0.199,0.789
29.9,1958.14,0.199,0.783
30.0,1958.83,0.2,0.784
30.1,1958.83,0.201,0.784
30.2,1952.42,0.201,0.781
30.3,1966.16,0.202,0.786
30.4,1851.42,0.203,0.741
30.5,1846.12,0.203,0.738
30.6,1856.98,0.204,0.743
30.7,1860.16,0.205,0.744
30.8,1863.85,0.205,0.746
30.9,1852.36,0.206,0.741
31.0,1878.66,0.207,0.751
31.1,1885.13,0.207,0.754
31.2,1878.59,0.208,0.751
31.3,1839.73,0.209,0.736
31.4,1876.71,0.209,0.751
31.5,1877.09,0.21,0.751
31.6,1865.32,0.211,0.746
31.7,1866.64,0.211,0.747
31.8,1827.41,0.212,0.731
31.9,1821.48,0.213,0.729
32.0,1829.61,0.213,0.732
32.1,1771.41,0.214,0.709
32.2,1809.1,0.215,0.724
32.3,1784.14,0.215,0.714
32.4,1790.28,0.216,0.716
32.5,1828.12,0.217,0.731
32.6,1975.6,0.217,0.79
32.7,1955.81,0.218,0.782
32.8,2002.31,0.219,0.801
32.9,1916.85,0.219,0.767
33.0,1920.92,0.22,0.768
33.1,1922.89,0.221,0.769
33.2,1999.79,0.221,0.8
33.3,2031.58,0.222,0.813
33.4,2010.15,0.223,0.804
33.5,1933.35,0.223,0.773
33.6,1932.6,0.224,0.773
33.7,1957.09,0.225,0.783
33.8,1972.52,0.225,0.789
33.9,2005.29,0.226,0.802
34.0,2082.69,0.227,0.833
34.1,2101.81,0.227,0.841
34.2,2050.35,0.228,0.82
34.3,2099.19,0.229,0.84
34.4,1994.98,0.229,0.798
34.5,2002.28,0.23,0.801
34.6,2030.14,0.231,0.812
34.7,2015.55,0.231,0.806
34.8,1991.44,0.232,0.797
34.9,1955.81,0.233,0.782
35.0,1957.74,0.233,0.783
35.1,1957.64,0.234,0.783
35.2,1964.68,0.235,0.786
35.3,1998.66,0.235,0.799
35.4,2037.12,0.236,0.815
35.5,2036.86,0.237,0.815
35.6,2038.16,0.237,0.815
35.7,2168.92,0.238,0.868
35.8,2177.16,0.239,0.871
35.9,2286.22,0.239,0.914
36.0,2270.3,0.24,0.908
36.1,2276.8,0.241,0.911
36.2,2264.31,0.241,0.906
36.3,2254.42,0.242,0.902
36.4,2132.69,0.243,0.853
36.5,2120.77,0.243,0.848
36.6,2099.67,0.244,0.84
36.7,2204.3,0.245,0.882
36.8,2316.34,0.245,0.927
36.9,2176.54,0.246,0.871
37.0,2183.2,0.247,0.873
37.1,2207.05,0.247,0.883
37.2,2079.2,0.248,0.832
37.3,2204.95,0.249,0.882
37.4,2077.85,0.249,0.831
37.5,2183.31,0.25,0.873
37.6,2191.41,0.251,0.877
37.7,2126.72,0.251,0.851
37.8,2095.06,0.252,0.838
37.9,2141.72,0.253,0.857
38.0,2110.77,0.253,0.844
38.1,2109.21,0.254,0.844
38.2,1935.73,0.255,0.774
38.3,2061.82,0.255,0.825
38.4,1924.78,0.256,0.77
38.5,1921.02,0.257,0.768
38.6,1921.14,0.257,0.768
38.7,1922.65,0.258,0.769
38.8,1943.24,0.259,0.777
38.9,1911.92,0.259,0.765
39.0,1900.96,0.26,0.76
39.1,1903.06,0.261,0.761
39.2,1858.99,0.261,0.744
39.3,1901.34,0.262,0.761
39.4,1872.21,0.263,0.749
39.5,1886.39,0.263,0.755
39.6,1913.09,0.264,0.765
39.7,1922.78,0.265,0.769
39.8,1910.87,0.265,0.764
39.9,1895.05,0.266,0.758
40.0,1903.73,0.267,0.761
40.1,1900.59,0.267,0.76
40.2,1887.2,0.268,0.755
40.3,1920.09,0.269,0.768
40.4,1926.65,0.269,0.771
40.5,1939.91,0.27,0.776
40.6,1930.81,0.271,0.772
40.7,1910.18,0.271,0.764
40.8,1875.2,0.272,0.75
40.9,1862.5,0.273,0.745
41.0,1868.88,0.273,0.748
41.1,1906.56,0.274,0.763
41.2,1982.26,0.275,0.793
41.3,2012.8,0.275,0.805
41.4,2005.4,0.276,0.802
41.5,1982.93,0.277,0.793
41.6,1902.04,0.277,0.761
41.7,1902.04,0.278,0.761
41.8,1899.42,0.279,0.76
41.9,1899.77,0.279,0.76
42.0,1902.54,0.28,0.761
42.1,1905.28,0.281,0.762
42.2,1874.52,0.281,0.75
42.3,1876.0,0.282,0.75
42.4,1865.03,0.283,0.746
42.5,1994.79,0.283,0.798
42.6,2004.88,0.284,0.802
42.7,2052.46,0.285,0.821
42.8,2010.61,0.285,0.804
42.9,2046.48,0.286,0.819
43.0,2003.61,0.287,0.801
43.1,1995.54,0.287,0.798
43.2,2003.4,0.288,0.801
43.3,2005.23,0.289,0.802
43.4,1987.15,0.289,0.795
43.5,2010.6,0.29,0.804
43.6,2030.31,0.291,0.812
43.7,2015.28,0.291,0.806
43.8,2036.19,0.292,0.814
43.9,1969.13,0.293,0.788
44.0,1832.5,0.293,0.733
44.1,1933.76,0.294,0.774
44.2,1976.33,0.295,0.791
44.3,1860.32,0.295,0.744
44.4,1854.32,0.296,0.742
44.5,1853.11,0.297,0.741
44.6,1863.89,0.297,0.746
44.7,1822.83,0.298,0.729
44.8,1856.14,0.299,0.742
44.9,1862.23,0.299,0.745
45.0,1846.11,0.3,0.738
45.1,1896.11,0.301,0.758
45.2,1918.96,0.301,0.768
45.3,1889.61,0.302,0.756
45.4,1814.06,0.303,0.726
45.5,1813.95,0.303,0.726
45.6,1828.8,0.304,0.732
45.7,1784.0,0.305,0.714
45.8,1780.56,0.305,0.712
45.9,1843.35,0.306,0.737
46.0,1834.88,0.307,0.734
46.1,1837.42,0.307,0.735
46.2,1829.71,0.308,0.732
46.3,1858.29,0.309,0.743
46.4,1835.8,0.309,0.734
46.5,1829.68,0.31,0.732
46.6,1819.41,0.311,0.728
46.7,1994.53,0.311,0.798
46.8,1996.23,0.312,0.798
46.9,1872.62,0.313,0.749
47.0,2014.4,0.313,0.806
47.1,2038.38,0.314,0.815
47.2,2023.72,0.315,0.809
47.3,2142.16,0.315,0.857
47.4,2211.74,0.316,0.885
47.5,2276.88,0.317,0.911
47.6,2296.18,0.317,0.918
47.7,2326.31,0.318,0.931
47.8,2452.34,0.319,0.981
47.9,2361.14,0.319,0.944
48.0,2211.44,0.32,0.885
48.1,2367.34,0.321,0.947
48.2,2329.52,0.321,0.932
48.3,2059.81,0.322,0.824
48.4,2228.42,0.323,0.891
48.5,2130.69,0.323,0.852
48.6,2111.5,0.324,0.845
48.7,2041.49,0.325,0.817
48.8,2093.28,0.325,0.837
48.9,2230.49,0.326,0.892
49.0,2148.11,0.327,0.859
49.1,2094.61,0.327,0.838
49.2,2188.88,0.328,0.876
49.3,2204.75,0.329,0.882
49.4,2247.34,0.329,0.899
49.5,2215.38,0.33,0.886
49.6,2201.09,0.331,0.88
49.7,2189.69,0.331,0.876
49.8,2189.66,0.332,0.876
49.9,2322.29,0.333,0.929
50.0,2013.72,0.333,0.805
50.1,2079.4,0.334,0.832
50.2,2033.27,0.335,0.813
50.3,1970.08,0.335,0.788
50.4,1976.88,0.336,0.791
50.5,1972.27,0.337,0.789
50.6,1969.68,0.337,0.788
50.7,1967.68,0.338,0.787
50.8,1892.23,0.339,0.757
50.9,2039.52,0.339,0.816
51.0,2070.7,0.34,0.828
51.1,1972.51,0.341,0.789
51.2,2000.27,0.341,0.8
51.3,1998.58,0.342,0.799
51.4,1937.03,0.343,0.775
51.5,1936.94,0.343,0.775
51.6,1953.66,0.344,0.781
51.7,1996.9,0.345,0.799
51.8,2066.74,0.345,0.827
51.9,2091.06,0.346,0.836
52.0,1994.06,0.347,0.798
52.1,1947.55,0.347,0.779
52.2,1965.06,0.348,0.786
52.3,1967.39,0.349,0.787
52.4,2068.15,0.349,0.827
52.5,2062.98,0.35,0.825
52.6,2097.29,0.351,0.839
52.7,2064.9,0.351,0.826
52.8,2033.45,0.352,0.813
52.9,2034.19,0.353,0.814
53.0,1914.25,0.353,0.766
53.1,2129.04,0.354,0.852
53.2,2126.85,0.355,0.851
53.3,2326.67,0.355,0.931
53.4,2254.97,0.356,0.902
53.5,2240.2,0.357,0.896
53.6,2241.38,0.357,0.897
53.7,2390.02,0.358,0.956
53.8,2390.11,0.359,0.956
53.9,2422.59,0.359,0.969
54.0,2420.37,0.36,0.968
54.1,2205.34,0.361,0.882
54.2,2305.94,0.361,0.922
54.3,2198.1,0.362,0.879
54.4,2163.74,0.363,0.865
54.5,2148.78,0.363,0.86
54.6,2145.1,0.364,0.858
54.7,2127.34,0.365,0.851
54.8,2124.03,0.365,0.85
54.9,2112.11,0.366,0.845
55.0,2175.78,0.367,0.87
55.1,2178.61,0.367,0.871
55.2,2405.92,0.368,0.962
55.3,2436.14,0.369,0.974
55.4,2437.59,0.369,0.975
55.5,2432.2,0.37,0.973
55.6,2392.22,0.371,0.957
55.7,2371.93,0.371,0.949
55.8,2136.62,0.372,0.855
55.9,2132.58,0.373,0.853
56.0,2242.35,0.373,0.897
56.1,2240.48,0.374,0.896
56.2,2239.9,0.375,0.896
56.3,2452.75,0.375,0.981
56.4,2364.64,0.376,0.946
56.5,2351.24,0.377,0.94
56.6,2341.03,0.377,0.936
56.7,2295.74,0.378,0.918
56.8,2318.71,0.379,0.927
56.9,2319.65,0.379,0.928
57.0,2281.43,0.38,0.913
57.1,2163.2,0.381,0.865
57.2,2172.48,0.381,0.869
57.3,2033.48,0.382,0.813
57.4,2025.78,0.383,0.81
57.5,2193.18,0.383,0.877
57.6,2161.16,0.384,0.864
57.7,2076.0,0.385,0.83
57.8,2187.64,0.385,0.875
57.9,2128.9,0.386,0.852
58.0,2094.28,0.387,0.838
58.1,2124.45,0.387,0.85
58.2,2161.05,0.388,0.864
58.3,2036.33,0.389,0.815
58.4,2148.72,0.389,0.859
58.5,2087.4,0.39,0.835
58.6,2135.36,0.391,0.854
58.7,2111.57,0.391,0.845
58.8,2106.4,0.392,0.843
58.9,2012.65,0.393,0.805
59.0,2127.72,0.393,0.851
59.1,2132.15,0.394,0.853
59.2,2138.48,0.395,0.855
59.3,2104.72,0.395,0.842
59.4,2086.94,0.396,0.835
59.5,2111.54,0.397,0.845
59.6,2119.3,0.397,0.848
59.7,2138.08,0.398,0.855
59.8,2172.12,0.399,0.869
59.9,2151.32,0.399,0.861
60.0,2163.28,0.4,0.865
60.1,2200.48,0.401,0.88
60.2,2170.23,0.401,0.868
60.3,2059.72,0.402,0.824
60.4,2102.19,0.403,0.841
60.5,2078.8,0.403,0.832
60.6,2035.9,0.404,0.814
60.7,2027.64,0.405,0.811
60.8,2009.25,0.405,0.804
60.9,2009.16,0.406,0.804
61.0,2111.62,0.407,0.845
61.1,2159.69,0.407,0.864
61.2,2035.93,0.408,0.814
61.3,2036.2,0.409,0.814
61.4,1939.14,0.409,0.776
61.5,2005.59,0.41,0.802
61.6,2000.43,0.411,0.8
61.7,2001.39,0.411,0.801
61.8,2005.17,0.412,0.802
61.9,2016.38,0.413,0.807
62.0,1972.54,0.413,0.789
62.1,1951.34,0.414,0.781
62.2,1948.78,0.415,0.78
62.3,1943.86,0.415,0.778
62.4,1968.78,0.416,0.788
62.5,1965.24,0.417,0.786
62.6,1959.71,0.417,0.784
62.7,1965.04,0.418,0.786
62.8,1962.26,0.419,0.785
62.9,1998.7,0.419,0.799
63.0,2078.12,0.42,0.831
63.1,1999.64,0.421,0.8
63.2,2098.11,0.421,0.839
63.3,2120.15,0.422,0.848
63.4,1884.12,0.423,0.754
63.5,2021.31,0.423,0.809
63.6,2006.15,0.424,0.802
63.7,1889.76,0.425,0.756
63.8,1987.76,0.425,0.795
63.9,1976.23,0.426,0.79
64.0,1884.88,0.427,0.754
64.1,1996.69,0.427,0.799
64.2,2015.83,0.428,0.806
64.3,1910.09,0.429,0.764
64.4,1970.01,0.429,0.788
64.5,1969.91,0.43,0.788
64.6,2056.34,0.431,0.823
64.7,2035.2,0.431,0.814
64.8,1906.79,0.432,0.763
64.9,1937.92,0.433,0.775
65.0,1965.18,0.433,0.786
65.1,1941.82,0.434,0.777
65.2,1962.62,0.435,0.785
65.3,1961.84,0.435,0.785
65.4,1968.75,0.436,0.788
65.5,1874.85,0.437,0.75
65.6,1921.01,0.437,0.768
65.7,2032.59,0.438,0.813
65.8,1946.91,0.439,0.779
65.9,1983.03,0.439,0.793
66.0,1974.2,0.44,0.79
66.1,1972.03,0.441,0.789
66.2,1974.4,0.441,0.79
66.3,2076.76,0.442,0.831
66.4,2071.47,0.443,0.829
66.5,2004.27,0.443,0.802
66.6,2036.2,0.444,0.814
66.7,2027.95,0.445,0.811
66.8,2027.7,0.445,0.811
66.9,2027.7,0.446,0.811
67.0,2010.94,0.447,0.804
67.1,2008.35,0.447,0.803
67.2,1880.91,0.448,0.752
67.3,1882.48,0.449,0.753
67.4,1881.22,0.449,0.752
67.5,1879.55,0.45,0.752
67.6,1897.85,0.451,0.759
67.7,1900.0,0.451,0.76
67.8,1897.91,0.452,0.759
67.9,1888.47,0.453,0.755
68.0,1900.06,0.453,0.76
68.1,1942.54,0.454,0.777
68.2,1932.69,0.455,0.773
68.3,1978.06,0.455,0.791
68.4,1967.32,0.456,0.787
68.5,1944.47,0.457,0.778
68.6,1896.48,0.457,0.759
68.7,1968.62,0.458,0.787
68.8,1949.27,0.459,0.78
68.9,1964.28,0.459,0.786
69.0,1963.07,0.46,0.785
69.1,1960.6,0.461,0.784
69.2,2008.15,0.461,0.803
69.3,1991.29,0.462,0.797
69.4,1939.79,0.463,0.776
69.5,1838.72,0.463,0.735
69.6,1878.58,0.464,0.751
69.7,1794.74,0.465,0.718
69.8,1782.61,0.465,0.713
69.9,1782.19,0.466,0.713
70.0,1746.47,0.467,0.699
70.1,1759.81,0.467,0.704
70.2,1783.76,0.468,0.714
70.3,1750.05,0.469,0.7
70.4,1739.08,0.469,0.696
70.5,1741.89,0.47,0.697
70.6,1729.06,0.471,0.692
70.7,1754.33,0.471,0.702
70.8,1722.87,0.472,0.689
70.9,1700.7,0.473,0.68
71.0,1702.04,0.473,0.681
71.1,1683.44,0.474,0.673
71.2,1682.2,0.475,0.673
71.3,1647.85,0.475,0.659
71.4,1591.8,0.476,0.637
71.5,1685.17,0.477,0.674
71.6,1707.26,0.477,0.683
71.7,1665.71,0.478,0.666
71.8,1646.27,0.479,0.659
71.9,1650.49,0.479,0.66
72.0,1662.86,0.48,0.665
72.1,1684.0,0.481,0.674
72.2,1718.3,0.481,0.687
72.3,1699.28,0.482,0.68
72.4,1737.05,0.483,0.695
72.5,1675.39,0.483,0.67
72.6,1673.71,0.484,0.669
72.7,1661.35,0.485,0.665
72.8,1682.28,0.485,0.673
72.9,1703.63,0.486,0.681
73.0,1670.88,0.487,0.668
73.1,1670.88,0.487,0.668
73.2,1694.55,0.488,0.678
73.3,1703.89,0.489,0.682
73.4,1706.63,0.489,0.683
73.5,1780.93,0.49,0.712
73.6,1819.07,0.491,0.728
73.7,1808.65,0.491,0.723
73.8,1845.3,0.492,0.738
73.9,1751.43,0.493,0.701
74.0,1727.52,0.493,0.691
74.1,1681.52,0.494,0.673
74.2,1760.06,0.495,0.704
74.3,1909.37,0.495,0.764
74.4,1800.73,0.496,0.72
74.5,1715.81,0.497,0.686
74.6,1743.58,0.497,0.697
74.7,1773.34,0.498,0.709
74.8,1741.3,0.499,0.697
74.9,1829.63,0.499,0.732
75.0,1798.37,0.5,0.719
75.1,1747.37,0.501,0.699
75.2,1749.3,0.501,0.7
75.3,1815.72,0.502,0.726
75.4,1792.62,0.503,0.717
75.5,1880.94,0.503,0.752
75.6,1952.76,0.504,0.781
75.7,1828.93,0.505,0.732
75.8,1801.76,0.505,0.721
75.9,2025.31,0.506,0.81
76.0,2027.9,0.507,0.811
76.1,2032.41,0.507,0.813
76.2,1920.84,0.508,0.768
76.3,1926.34,0.509,0.771
76.4,1909.24,0.509,0.764
76.5,1872.55,0.51,0.749
76.6,1859.36,0.511,0.744
76.7,1851.18,0.511,0.74
76.8,1808.72,0.512,0.723
76.9,1783.7,0.513,0.713
77.0,1770.25,0.513,0.708
77.1,1733.72,0.514,0.693
77.2,1813.35,0.515,0.725
77.3,1767.93,0.515,0.707
77.4,1781.31,0.516,0.713
77.5,1787.56,0.517,0.715
77.6,1769.09,0.517,0.708
77.7,1773.99,0.518,0.71
77.8,1748.54,0.519,0.699
77.9,1773.46,0.519,0.709
78.0,1778.49,0.52,0.711
78.1,1775.82,0.521,0.71
78.2,1779.44,0.521,0.712
78.3,1767.39,0.522,0.707
78.4,1774.13,0.523,0.71
78.5,1777.43,0.523,0.711
78.6,1776.87,0.524,0.711
78.7,1782.92,0.525,0.713
78.8,1785.65,0.525,0.714
78.9,1798.02,0.526,0.719
79.0,1845.45,0.527,0.738
79.1,1845.19,0.527,0.738
79.2,1856.14,0.528,0.742
79.3,1894.44,0.529,0.758
79.4,1897.28,0.529,0.759
79.5,1893.12,0.53,0.757
79.6,1889.03,0.531,0.756
79.7,1880.67,0.531,0.752
79.8,1878.01,0.532,0.751
79.9,1866.28,0.533,0.747
80.0,1863.69,0.533,0.745
80.1,1878.76,0.534,0.752
80.2,1872.79,0.535,0.749
80.3,1859.68,0.535,0.744
80.4,1822.36,0.536,0.729
80.5,1818.43,0.537,0.727
80.6,1821.34,0.537,0.729
80.7,1877.28,0.538,0.751
80.8,1883.4,0.539,0.753
80.9,1946.35,0.539,0.779
81.0,1980.38,0.54,0.792
81.1,1971.64,0.541,0.789
81.2,1973.14,0.541,0.789
81.3,1941.54,0.542,0.777
81.4,1921.91,0.543,0.769
81.5,1959.1,0.543,0.784
81.6,2065.62,0.544,0.826
81.7,1973.12,0.545,0.789
81.8,1953.05,0.545,0.781
81.9,1952.92,0.546,0.781
82.0,1981.91,0.547,0.793
82.1,1970.86,0.547,0.788
82.2,1978.09,0.548,0.791
82.3,1971.49,0.549,0.789
82.4,1989.21,0.549,0.796
82.5,1944.39,0.55,0.778
82.6,1896.28,0.551,0.759
82.7,1970.29,0.551,0.788
82.8,1869.34,0.552,0.748
82.9,1771.65,0.553,0.709
83.0,1864.71,0.553,0.746
83.1,1967.75,0.554,0.787
83.2,1978.87,0.555,0.792
83.3,1883.92,0.555,0.754
83.4,1909.84,0.556,0.764
83.5,1897.28,0.557,0.759
83.6,1883.74,0.557,0.753
83.7,1871.52,0.558,0.749
83.8,1874.81,0.559,0.75
83.9,1878.96,0.559,0.752
84.0,1810.99,0.56,0.724
84.1,1820.06,0.561,0.728
84.2,1875.41,0.561,0.75
84.3,1821.12,0.562,0.728
84.4,1817.46,0.563,0.727
84.5,1838.75,0.563,0.736
84.6,1870.6,0.564,0.748
84.7,1863.53,0.565,0.745
84.8,1911.96,0.565,0.765
84.9,1831.96,0.566,0.733
85.0,1825.16,0.567,0.73
85.1,1843.02,0.567,0.737
85.2,1817.18,0.568,0.727
85.3,1783.31,0.569,0.713
85.4,1766.56,0.569,0.707
85.5,1763.67,0.57,0.705
85.6,1765.39,0.571,0.706
85.7,1787.55,0.571,0.715
85.8,1797.36,0.572,0.719
85.9,1818.9,0.573,0.728
86.0,1816.22,0.573,0.726
86.1,1795.48,0.574,0.718
86.2,1789.22,0.575,0.716
86.3,1776.76,0.575,0.711
86.4,1814.68,0.576,0.726
86.5,1817.54,0.577,0.727
86.6,1804.84,0.577,0.722
86.7,1755.08,0.578,0.702
86.8,1805.08,0.579,0.722
86.9,1791.56,0.579,0.717
87.0,1781.98,0.58,0.713
87.1,1789.06,0.581,0.716
87.2,1739.06,0.581,0.696
87.3,1751.76,0.582,0.701
87.4,1732.14,0.583,0.693
87.5,1772.36,0.583,0.709
87.6,1774.98,0.584,0.71
87.7,1837.51,0.585,0.735
87.8,1827.87,0.585,0.731
87.9,1793.43,0.586,0.717
88.0,1830.33,0.587,0.732
88.1,1816.99,0.587,0.727
88.2,1809.55,0.588,0.724
88.3,1814.24,0.589,0.726
88.4,1810.7,0.589,0.724
88.5,1774.11,0.59,0.71
88.6,1807.54,0.591,0.723
88.7,1809.77,0.591,0.724
88.8,1807.45,0.592,0.723
88.9,1818.4,0.593,0.727
89.0,1801.61,0.593,0.721
89.1,1841.36,0.594,0.737
89.2,1786.95,0.595,0.715
89.3,1777.85,0.595,0.711
89.4,1777.66,0.596,0.711
89.5,1778.45,0.597,0.711
89.6,1770.1,0.597,0.708
89.7,1761.52,0.598,0.705
89.8,1772.37,0.599,0.709
89.9,1777.3,0.599,0.711
90.0,1789.89,0.6,0.716
90.1,1813.43,0.601,0.725
90.2,1836.0,0.601,0.734
90.3,1798.33,0.602,0.719
90.4,1814.54,0.603,0.726
90.5,1791.38,0.603,0.717
90.6,1848.74,0.604,0.739
90.7,1840.35,0.605,0.736
90.8,1809.53,0.605,0.724
90.9,1861.34,0.606,0.745
91.0,1875.46,0.607,0.75
91.1,1794.77,0.607,0.718
91.2,1858.65,0.608,0.743
91.3,1860.36,0.609,0.744
91.4,1868.11,0.609,0.747
91.5,1856.87,0.61,0.743
91.6,1902.2,0.611,0.761
91.7,1955.49,0.611,0.782
91.8,1952.58,0.612,0.781
91.9,1946.17,0.613,0.778
92.0,1941.48,0.613,0.777
92.1,1942.08,0.614,0.777
92.2,2039.5,0.615,0.816
92.3,2040.24,0.615,0.816
92.4,2020.67,0.616,0.808
92.5,2022.15,0.617,0.809
92.6,2030.28,0.617,0.812
92.7,1917.3,0.618,0.767
92.8,1950.29,0.619,0.78
92.9,1910.16,0.619,0.764
93.0,1938.97,0.62,0.776
93.1,1917.11,0.621,0.767
93.2,1865.6,0.621,0.746
93.3,1785.92,0.622,0.714
93.4,1780.36,0.623,0.712
93.5,1794.01,0.623,0.718
93.6,1790.54,0.624,0.716
93.7,1780.14,0.625,0.712
93.8,1780.58,0.625,0.712
93.9,1781.97,0.626,0.713
94.0,1797.2,0.627,0.719
94.1,1795.22,0.627,0.718
94.2,1807.95,0.628,0.723
94.3,1808.6,0.629,0.723
94.4,1849.61,0.629,0.74
94.5,1806.85,0.63,0.723
94.6,1806.12,0.631,0.722
94.7,1798.55,0.631,0.719
94.8,1806.88,0.632,0.723
94.9,1814.42,0.633,0.726
95.0,1819.12,0.633,0.728
95.1,1825.59,0.634,0.73
95.2,1812.81,0.635,0.725
95.3,1817.2,0.635,0.727
95.4,1835.11,0.636,0.734
95.5,1965.27,0.637,0.786
95.6,1965.27,0.637,0.786
95.7,1976.91,0.638,0.791
95.8,1980.82,0.639,0.792
95.9,1978.0,0.639,0.791
96.0,2080.23,0.64,0.832
96.1,2065.68,0.641,0.826
96.2,1956.67,0.641,0.783
96.3,2051.18,0.642,0.82
96.4,2047.82,0.643,0.819
96.5,2044.89,0.643,0.818
96.6,2052.51,0.644,0.821
96.7,2034.43,0.645,0.814
96.8,1987.21,0.645,0.795
96.9,1988.98,0.646,0.796
97.0,1987.36,0.647,0.795
97.1,1966.38,0.647,0.787
97.2,1853.6,0.648,0.741
97.3,1863.95,0.649,0.746
97.4,1894.74,0.649,0.758
97.5,1865.93,0.65,0.746
97.6,1958.55,0.651,0.783
97.7,1958.55,0.651,0.783
97.8,1902.66,0.652,0.761
97.9,1891.54,0.653,0.757
98.0,1886.35,0.653,0.755
98.1,1885.39,0.654,0.754
98.2,1865.6,0.655,0.746
98.3,1872.07,0.655,0.749
98.4,1883.69,0.656,0.753
98.5,1900.7,0.657,0.76
98.6,1884.13,0.657,0.754
98.7,1876.16,0.658,0.75
98.8,1800.83,0.659,0.72
98.9,1793.14,0.659,0.717
99.0,1809.93,0.66,0.724
99.1,1818.34,0.661,0.727
99.2,1841.82,0.661,0.737
99.3,1831.08,0.662,0.732
99.4,1835.7,0.663,0.734
99.5,1830.49,0.663,0.732
99.6,1796.43,0.664,0.719
99.7,1794.14,0.665,0.718
99.8,1796.61,0.665,0.719
99.9,1791.45,0.666,0.717
100.0,1790.35,0.667,0.716
100.1,1781.22,0.667,0.712
100.2,1783.28,0.668,0.713
100.3,1802.88,0.669,0.721
100.4,1811.87,0.669,0.725
100.5,1782.54,0.67,0.713
100.6,1821.74,0.671,0.729
100.7,1886.35,0.671,0.755
100.8,1876.55,0.672,0.751
100.9,1974.4,0.673,0.79
101.0,1980.34,0.673,0.792
101.1,1997.82,0.674,0.799
101.2,1984.91,0.675,0.794
101.3,1865.46,0.675,0.746
101.4,1860.85,0.676,0.744
101.5,1982.45,0.677,0.793
101.6,2015.19,0.677,0.806
101.7,1902.75,0.678,0.761
101.8,1910.61,0.679,0.764
101.9,2018.59,0.679,0.807
102.0,2019.6,0.68,0.808
102.1,2017.92,0.681,0.807
102.2,2015.36,0.681,0.806
102.3,2006.08,0.682,0.802
102.4,1971.82,0.683,0.789
102.5,1961.38,0.683,0.785
102.6,1971.79,0.684,0.789
102.7,1989.0,0.685,0.796
102.8,2037.66,0.685,0.815
102.9,2030.65,0.686,0.812
103.0,2034.06,0.687,0.814
103.1,2036.89,0.687,0.815
103.2,2043.98,0.688,0.818
103.3,2038.5,0.689,0.815
103.4,2006.96,0.689,0.803
103.5,2003.14,0.69,0.801
103.6,1996.51,0.691,0.799
103.7,2002.94,0.691,0.801
103.8,2011.96,0.692,0.805
103.9,1907.52,0.693,0.763
104.0,1893.27,0.693,0.757
104.1,2016.84,0.694,0.807
104.2,1938.06,0.695,0.775
104.3,1919.06,0.695,0.768
104.4,1955.97,0.696,0.782
104.5,1961.69,0.697,0.785
104.6,1939.52,0.697,0.776
104.7,1942.74,0.698,0.777
104.8,1954.33,0.699,0.782
104.9,1945.65,0.699,0.778
105.0,1952.31,0.7,0.781
105.1,1952.31,0.701,0.781
105.2,1932.49,0.701,0.773
105.3,1982.55,0.702,0.793
105.4,1973.23,0.703,0.789
105.5,1964.63,0.703,0.786
105.6,2004.17,0.704,0.802
105.7,2060.23,0.705,0.824
105.8,2079.37,0.705,0.832
105.9,1971.75,0.706,0.789
106.0,1947.53,0.707,0.779
106.1,1952.76,0.707,0.781
106.2,1954.1,0.708,0.782
106.3,1968.32,0.709,0.787
106.4,1976.62,0.709,0.791
106.5,1929.12,0.71,0.772
106.6,1965.01,0.711,0.786
106.7,1966.23,0.711,0.786
106.8,1840.34,0.712,0.736
106.9,1975.99,0.713,0.79
107.0,1987.18,0.713,0.795
107.1,1981.59,0.714,0.793
107.2,1977.66,0.715,0.791
107.3,1996.88,0.715,0.799
107.4,1896.62,0.716,0.759
107.5,1887.17,0.717,0.755
107.6,1913.44,0.717,0.765
107.7,1906.57,0.718,0.763
107.8,1993.35,0.719,0.797
107.9,1996.96,0.719,0.799
108.0,1987.89,0.72,0.795
108.1,1957.97,0.721,0.783
108.2,1966.73,0.721,0.787
108.3,1956.46,0.722,0.783
108.4,1965.86,0.723,0.786
108.5,2109.15,0.723,0.844
108.6,2054.11,0.724,0.822
108.7,2049.36,0.725,0.82
108.8,2056.04,0.725,0.822
108.9,2057.12,0.726,0.823
109.0,2053.1,0.727,0.821
109.1,2053.1,0.727,0.821
109.2,2048.1,0.728,0.819
109.3,2072.31,0.729,0.829
109.4,2082.98,0.729,0.833
109.5,2064.45,0.73,0.826
109.6,2082.56,0.731,0.833
109.7,2053.83,0.731,0.822
109.8,2049.06,0.732,0.82
109.9,2050.98,0.733,0.82
110.0,2016.13,0.733,0.806
110.1,2061.62,0.734,0.825
110.2,1991.6,0.735,0.797
110.3,1914.05,0.735,0.766
110.4,1916.93,0.736,0.767
110.5,1907.18,0.737,0.763
110.6,1900.78,0.737,0.76
110.7,1898.58,0.738,0.759
110.8,1933.79,0.739,0.774
110.9,2014.11,0.739,0.806
111.0,2028.31,0.74,0.811
111.1,2063.86,0.741,0.826
111.2,2024.64,0.741,0.81
111.3,2125.58,0.742,0.85
111.4,1885.1,0.743,0.754
111.5,1865.55,0.743,0.746
111.6,1855.06,0.744,0.742
111.7,1990.54,0.745,0.796
111.8,2014.24,0.745,0.806
111.9,2009.78,0.746,0.804
112.0,1981.61,0.747,0.793
112.1,1965.47,0.747,0.786
112.2,1987.68,0.748,0.795
112.3,1996.8,0.749,0.799
112.4,1962.03,0.749,0.785
112.5,1965.91,0.75,0.786
112.6,1988.07,0.751,0.795
112.7,1956.9,0.751,0.783
112.8,1963.94,0.752,0.786
112.9,1905.2,0.753,0.762
113.0,1941.45,0.753,0.777
113.1,1945.3,0.754,0.778
113.2,1938.38,0.755,0.775
113.3,1932.7,0.755,0.773
113.4,1939.6,0.756,0.776
113.5,1933.28,0.757,0.773
113.6,1955.21,0.757,0.782
113.7,1887.19,0.758,0.755
113.8,1899.98,0.759,0.76
113.9,1897.44,0.759,0.759
114.0,1849.65,0.76,0.74
114.1,1852.3,0.761,0.741
114.2,1865.69,0.761,0.746
114.3,1866.61,0.762,0.747
114.4,1857.24,0.763,0.743
114.5,1834.43,0.763,0.734
114.6,1886.37,0.764,0.755
114.7,1887.74,0.765,0.755
114.8,1840.46,0.765,0.736
114.9,1829.25,0.766,0.732
115.0,1825.84,0.767,0.73
115.1,1828.59,0.767,0.731
115.2,1828.68,0.768,0.731
115.3,1844.36,0.769,0.738
115.4,1832.98,0.769,0.733
115.5,1827.59,0.77,0.731
115.6,1887.78,0.771,0.755
115.7,1925.67,0.771,0.77
115.8,1969.39,0.772,0.788
115.9,1940.84,0.773,0.776
116.0,1966.36,0.773,0.787
116.1,1954.57,0.774,0.782
116.2,1995.34,0.775,0.798
116.3,1984.59,0.775,0.794
116.4,1962.53,0.776,0.785
116.5,2005.49,0.777,0.802
116.6,2034.79,0.777,0.814
116.7,1992.02,0.778,0.797
116.8,1990.98,0.779,0.796
116.9,2075.42,0.779,0.83
117.0,2059.46,0.78,0.824
117.1,2070.85,0.781,0.828
117.2,1970.48,0.781,0.788
117.3,1964.82,0.782,0.786
117.4,1953.57,0.783,0.781
117.5,2052.84,0.783,0.821
117.6,1959.24,0.784,0.784
117.7,1955.89,0.785,0.782
117.8,1971.03,0.785,0.788
117.9,1983.29,0.786,0.793
118.0,1968.43,0.787,0.787
118.1,2062.94,0.787,0.825
118.2,2057.8,0.788,0.823
118.3,2047.05,0.789,0.819
118.4,2049.88,0.789,0.82
118.5,2054.37,0.79,0.822
118.6,2036.94,0.791,0.815
118.7,2040.34,0.791,0.816
118.8,2047.01,0.792,0.819
118.9,2047.16,0.793,0.819
119.0,2038.54,0.793,0.815
119.1,1910.43,0.794,0.764
119.2,1933.56,0.795,0.773
119.3,2031.59,0.795,0.813
119.4,2036.11,0.796,0.814
119.5,2054.25,0.797,0.822
119.6,1947.38,0.797,0.779
119.7,1953.93,0.798,0.782
119.8,1956.53,0.799,0.783
119.9,1951.0,0.799,0.78
120.0,2041.65,0.8,0.817
120.1,1841.56,0.801,0.737
120.2,1862.33,0.801,0.745
120.3,1855.59,0.802,0.742
120.4,1859.48,0.803,0.744
120.5,1859.48,0.803,0.744
120.6,1849.58,0.804,0.74
120.7,1842.04,0.805,0.737
120.8,1847.97,0.805,0.739
120.9,1812.95,0.806,0.725
121.0,1844.06,0.807,0.738
121.1,1790.62,0.807,0.716
121.2,1846.75,0.808,0.739
121.3,1804.95,0.809,0.722
121.4,1948.73,0.809,0.779
121.5,1969.46,0.81,0.788
121.6,1951.98,0.811,0.781
121.7,1937.16,0.811,0.775
121.8,1924.67,0.812,0.77
121.9,1936.44,0.813,0.775
122.0,1866.78,0.813,0.747
122.1,1861.24,0.814,0.744
122.2,1852.52,0.815,0.741
122.3,1875.33,0.815,0.75
122.4,1881.56,0.816,0.753
122.5,1866.04,0.817,0.746
122.6,1863.09,0.817,0.745
122.7,1874.56,0.818,0.75
122.8,1887.9,0.819,0.755
122.9,1926.66,0.819,0.771
123.0,1872.13,0.82,0.749
123.1,1869.13,0.821,0.748
123.2,1861.22,0.821,0.744
123.3,1852.88,0.822,0.741
123.4,1849.41,0.823,0.74
123.5,1846.29,0.823,0.739
123.6,1866.68,0.824,0.747
123.7,1815.07,0.825,0.726
123.8,1839.88,0.825,0.736
123.9,1833.13,0.826,0.733
124.0,1842.14,0.827,0.737
124.1,1844.15,0.827,0.738
124.2,1853.68,0.828,0.741
124.3,1878.34,0.829,0.751
124.4,1881.53,0.829,0.753
124.5,1871.43,0.83,0.749
124.6,1877.72,0.831,0.751
124.7,1859.95,0.831,0.744
124.8,2003.52,0.832,0.801
124.9,2001.96,0.833,0.801
125.0,2006.7,0.833,0.803
125.1,1987.57,0.834,0.795
125.2,2006.4,0.835,0.803
125.3,1972.67,0.835,0.789
125.4,1973.79,0.836,0.79
125.5,1980.09,0.837,0.792
125.6,1982.84,0.837,0.793
125.7,1996.15,0.838,0.798
125.8,1995.53,0.839,0.798
125.9,1994.66,0.839,0.798
126.0,1990.07,0.84,0.796
126.1,1984.04,0.841,0.794
126.2,1980.35,0.841,0.792
126.3,1980.25,0.842,0.792
126.4,1980.92,0.843,0.792
126.5,1981.83,0.843,0.793
126.6,1967.67,0.844,0.787
126.7,2003.95,0.845,0.802
126.8,1985.14,0.845,0.794
126.9,1991.78,0.846,0.797
127.0,1987.43,0.847,0.795
127.1,2000.25,0.847,0.8
127.2,2005.32,0.848,0.802
127.3,2003.1,0.849,0.801
127.4,1992.44,0.849,0.797
127.5,1969.31,0.85,0.788
127.6,1973.33,0.851,0.789
127.7,1943.34,0.851,0.777
127.8,1935.81,0.852,0.774
127.9,1946.09,0.853,0.778
128.0,1975.69,0.853,0.79
128.1,1962.83,0.854,0.785
128.2,1972.58,0.855,0.789
128.3,2098.33,0.855,0.839
128.4,2093.89,0.856,0.838
128.5,2110.55,0.857,0.844
128.6,2100.7,0.857,0.84
128.7,2127.68,0.858,0.851
128.8,2143.59,0.859,0.857
128.9,2131.63,0.859,0.853
129.0,2191.56,0.86,0.877
129.1,2214.4,0.861,0.886
129.2,2143.41,0.861,0.857
129.3,2148.05,0.862,0.859
129.4,2219.97,0.863,0.888
129.5,2146.63,0.863,0.859
129.6,2182.21,0.864,0.873
129.7,2076.52,0.865,0.831
129.8,2169.87,0.865,0.868
129.9,1977.11,0.866,0.791
130.0,2148.2,0.867,0.859
130.1,2144.76,0.867,0.858
130.2,2123.65,0.868,0.849
130.3,2161.84,0.869,0.865
130.4,2154.01,0.869,0.862
130.5,2164.25,0.87,0.866
130.6,2040.42,0.871,0.816
130.7,2044.98,0.871,0.818
130.8,2076.41,0.872,0.831
130.9,2028.78,0.873,0.812
131.0,2049.98,0.873,0.82
131.1,2171.74,0.874,0.869
131.2,2182.59,0.875,0.873
131.3,2178.72,0.875,0.871
131.4,2003.42,0.876,0.801
131.5,2135.07,0.877,0.854
131.6,2130.47,0.877,0.852
131.7,2126.54,0.878,0.851
131.8,2132.85,0.879,0.853
131.9,2131.85,0.879,0.853
132.0,2152.06,0.88,0.861
132.1,1993.03,0.881,0.797
132.2,1987.32,0.881,0.795
132.3,1850.92,0.882,0.74
132.4,1861.43,0.883,0.745
132.5,1864.44,0.883,0.746
132.6,1844.19,0.884,0.738
132.7,1855.24,0.885,0.742
132.8,1980.95,0.885,0.792
132.9,1994.58,0.886,0.798
133.0,2056.26,0.887,0.823
133.1,2008.78,0.887,0.804
133.2,2028.66,0.888,0.811
133.3,2037.88,0.889,0.815
133.4,2012.98,0.889,0.805
133.5,1981.38,0.89,0.793
133.6,1985.48,0.891,0.794
133.7,2001.68,0.891,0.801
133.8,1870.51,0.892,0.748
133.9,1923.51,0.893,0.769
134.0,1911.04,0.893,0.764
134.1,1896.12,0.894,0.758
134.2,1917.51,0.895,0.767
134.3,1919.8,0.895,0.768
134.4,1931.23,0.896,0.772
134.5,1922.82,0.897,0.769
134.6,1965.89,0.897,0.786
134.7,1954.53,0.898,0.782
134.8,1896.31,0.899,0.759
134.9,1915.09,0.899,0.766
135.0,1902.12,0.9,0.761
135.1,1919.89,0.901,0.768
135.2,1925.4,0.901,0.77
135.3,1931.23,0.902,0.772
135.4,1952.35,0.903,0.781
135.5,1888.28,0.903,0.755
135.6,1938.37,0.904,0.775
135.7,1900.15,0.905,0.76
135.8,1921.5,0.905,0.769
135.9,1872.55,0.906,0.749
136.0,1895.58,0.907,0.758
136.1,1933.64,0.907,0.773
136.2,1932.78,0.908,0.773
136.3,1889.89,0.909,0.756
136.4,1905.92,0.909,0.762
136.5,1864.13,0.91,0.746
136.6,1899.55,0.911,0.76
136.7,1855.24,0.911,0.742
136.8,2030.95,0.912,0.812
136.9,2013.33,0.913,0.805
137.0,2036.64,0.913,0.815
137.1,1977.63,0.914,0.791
137.2,1940.42,0.915,0.776
137.3,1940.96,0.915,0.776
137.4,1998.88,0.916,0.8
137.5,2002.9,0.917,0.801
137.6,1964.81,0.917,0.786
137.7,1952.78,0.918,0.781
137.8,1962.78,0.919,0.785
137.9,1972.13,0.919,0.789
138.0,1972.13,0.92,0.789
138.1,1967.68,0.921,0.787
138.2,1981.85,0.921,0.793
138.3,1960.26,0.922,0.784
138.4,1961.0,0.923,0.784
138.5,1969.53,0.923,0.788
138.6,1981.87,0.924,0.793
138.7,1952.19,0.925,0.781
138.8,1941.89,0.925,0.777
138.9,1960.4,0.926,0.784
139.0,1958.92,0.927,0.784
139.1,1965.8,0.927,0.786
139.2,1973.76,0.928,0.79
139.3,1956.6,0.929,0.783
139.4,1947.16,0.929,0.779
139.5,1908.23,0.93,0.763
139.6,1869.9,0.931,0.748
139.7,1874.8,0.931,0.75
139.8,1880.92,0.932,0.752
139.9,1874.52,0.933,0.75
140.0,1897.61,0.933,0.759
140.1,1910.48,0.934,0.764
140.2,1904.49,0.935,0.762
140.3,1943.3,0.935,0.777
140.4,1923.72,0.936,0.769
140.5,1901.9,0.937,0.761
140.6,1885.26,0.937,0.754
140.7,1882.21,0.938,0.753
140.8,1937.6,0.939,0.775
140.9,1977.45,0.939,0.791
141.0,1945.17,0.94,0.778
141.1,1927.35,0.941,0.771
141.2,1933.42,0.941,0.773
141.3,1939.26,0.942,0.776
141.4,1937.02,0.943,0.775
141.5,1962.76,0.943,0.785
141.6,1930.08,0.944,0.772
141.7,1939.13,0.945,0.776
141.8,1934.07,0.945,0.774
141.9,1929.01,0.946,0.772
142.0,1954.78,0.947,0.782
142.1,1957.38,0.947,0.783
142.2,1969.62,0.948,0.788
142.3,1993.09,0.949,0.797
142.4,1970.43,0.949,0.788
142.5,1958.44,0.95,0.783
142.6,1938.2,0.951,0.775
142.7,1954.8,0.951,0.782
142.8,1960.04,0.952,0.784
142.9,1935.08,0.953,0.774
143.0,1969.85,0.953,0.788
143.1,1978.88,0.954,0.792
143.2,1960.68,0.955,0.784
143.3,1997.26,0.955,0.799
143.4,1982.52,0.956,0.793
143.5,1983.19,0.957,0.793
143.6,1988.44,0.957,0.795
143.7,1979.87,0.958,0.792
143.8,1973.18,0.959,0.789
143.9,1994.52,0.959,0.798
144.0,1957.45,0.96,0.783
144.1,1934.4,0.961,0.774
144.2,1922.34,0.961,0.769
144.3,1920.23,0.962,0.768
144.4,1915.52,0.963,0.766
144.5,1909.14,0.963,0.764
144.6,1928.47,0.964,0.771
144.7,1933.32,0.965,0.773
144.8,2011.07,0.965,0.804
144.9,1928.39,0.966,0.771
145.0,1958.83,0.967,0.784
145.1,1930.08,0.967,0.772
145.2,1931.81,0.968,0.773
145.3,1938.81,0.969,0.776
145.4,1952.36,0.969,0.781
145.5,1942.79,0.97,0.777
145.6,1901.12,0.971,0.76
145.7,1912.88,0.971,0.765
145.8,2047.09,0.972,0.819
145.9,2069.32,0.973,0.828
146.0,2072.2,0.973,0.829
146.1,2073.8,0.974,0.83
146.2,2092.64,0.975,0.837
146.3,2094.63,0.975,0.838
146.4,2126.59,0.976,0.851
146.5,2121.09,0.977,0.848
146.6,2094.33,0.977,0.838
146.7,2109.45,0.978,0.844
146.8,2113.01,0.979,0.845
146.9,1993.04,0.979,0.797
147.0,1997.22,0.98,0.799
147.1,2038.12,0.981,0.815
147.2,2019.27,0.981,0.808
147.3,2042.6,0.982,0.817
147.4,2059.32,0.983,0.824
147.5,2066.12,0.983,0.826
147.6,2038.83,0.984,0.816
147.7,2057.14,0.985,0.823
147.8,2009.39,0.985,0.804
147.9,1988.74,0.986,0.795
148.0,2001.57,0.987,0.801
148.1,1989.9,0.987,0.796
148.2,2027.22,0.988,0.811
148.3,2035.48,0.989,0.814
148.4,2038.73,0.989,0.815
148.5,2026.02,0.99,0.81
148.6,2010.28,0.991,0.804
148.7,2019.09,0.991,0.808
148.8,2003.59,0.992,0.801
148.9,1991.41,0.993,0.797
149.0,1990.72,0.993,0.796
149.1,1993.36,0.994,0.797
149.2,1993.1,0.995,0.797
149.3,1993.1,0.995,0.797
149.4,1991.71,0.996,0.797
149.5,1951.38,0.997,0.781
149.6,1983.65,0.997,0.793
149.7,1991.59,0.998,0.797
149.8,1992.17,0.999,0.797
149.9,1991.18,0.999,0.796
