Time,ID,behv,com_radius,Battery,Battery Percent,x,y,Measurement,u,v,speed,best_x,best_y,best_measure,best_id,N,Ns,Ne,Ni
0.0,1,isocontour,11.283791670955125,47520,100.0,24.5,-11.3,0.0,,,,24.5,-11.3,0.0,1,,,,
0.0,2,isocontour,11.283791670955125,47520,100.0,15.9,20.3,0.0,,,,15.9,20.3,0.0,2,,,,
0.0,3,isocontour,11.283791670955125,47520,100.0,20.7,-7.0,0.0,,,,20.7,-7.0,0.0,3,,,,
0.0,4,isocontour,11.283791670955125,47520,100.0,18.7,15.6,0.0,,,,18.7,15.6,0.0,4,,,,
0.0,5,isocontour,11.283791670955125,47520,100.0,24.3,11.4,0.0,,,,24.3,11.4,0.0,5,,,,
0.0,6,isocontour,11.283791670955125,47520,100.0,-5.8,-17.0,0.0,,,,-5.8,-17.0,0.0,6,,,,
0.0,7,isocontour,11.283791670955125,47520,100.0,1.4,14.7,0.0,,,,1.4,14.7,0.0,7,,,,
0.0,8,isocontour,11.283791670955125,47520,100.0,-0.2,-10.7,0.0,,,,-0.2,-10.7,0.0,8,,,,
0.0,9,isocontour,11.283791670955125,47520,100.0,17.8,1.0,0.0,,,,17.8,1.0,0.0,9,,,,
0.0,10,isocontour,11.283791670955125,47520,100.0,4.1,-4.6,0.0,,,,4.1,-4.6,0.0,10,,,,
0.0,11,isocontour,11.283791670955125,47520,100.0,-15.0,-5.7,0.0,,,,-15.0,-5.7,0.0,11,,,,
0.0,12,isocontour,11.283791670955125,47520,100.0,-20.3,0.3,0.0,,,,-20.3,0.3,0.0,12,,,,
0.0,13,isocontour,11.283791670955125,47520,100.0,24.4,2.5,0.0,,,,24.4,2.5,0.0,13,,,,
0.0,14,isocontour,11.283791670955125,47520,100.0,0.6,-22.7,0.0,,,,0.6,-22.7,0.0,14,,,,
0.0,15,isocontour,11.283791670955125,47520,100.0,23.5,24.7,0.0,,,,23.5,24.7,0.0,15,,,,
0.0,16,isocontour,11.283791670955125,47520,100.0,-21.8,21.5,0.0,,,,-21.8,21.5,0.0,16,,,,
0.0,17,isocontour,11.283791670955125,47520,100.0,23.7,24.9,0.0,,,,23.7,24.9,0.0,17,,,,
0.0,18,isocontour,11.283791670955125,47520,100.0,3.3,24.9,0.0,,,,3.3,24.9,0.0,18,,,,
0.0,19,isocontour,11.283791670955125,47520,100.0,-10.2,13.3,0.0,,,,-10.2,13.3,0.0,19,,,,
0.0,20,isocontour,11.283791670955125,47520,100.0,10.1,-11.1,0.0,,,,10.1,-11.1,0.0,20,,,,
0.0,21,isocontour,11.283791670955125,47520,100.0,10.4,-21.6,0.0,,,,10.4,-21.6,0.0,21,,,,
0.0,22,isocontour,11.283791670955125,47520,100.0,-10.6,-0.2,0.0,,,,-10.6,-0.2,0.0,22,,,,
0.0,23,isocontour,11.283791670955125,47520,100.0,0.1,6.6,0.0,,,,0.1,6.6,0.0,23,,,,
0.0,24,isocontour,11.283791670955125,47520,100.0,18.6,-17.7,0.0,,,,18.6,-17.7,0.0,24,,,,
0.0,25,isocontour,11.283791670955125,47520,100.0,-16.6,-3.9,0.0,,,,-16.6,-3.9,0.0,25,,,,
0.0,Target,,,,,0.0,0.0,0.42,0.0,0.0,,,,,,,,,
0.1,1,isocontour,11.283791670955125,47518.72,100.0,24.6,-11.4,0.0,0.7,-0.7,1.0,24.6,-11.4,0.0,1,2,0,0,2
0.1,2,isocontour,11.283791670955125,47519.03,100.0,15.9,20.2,0.0,0.5,-0.7,0.9,15.9,20.2,0.0,2,3,0,0,3
0.1,3,isocontour,11.283791670955125,47518.83,100.0,20.7,-7.0,0.0,0.5,-0.8,0.9,20.7,-7.0,0.0,3,4,0,0,4
0.1,4,isocontour,11.283791670955125,47519.18,100.0,18.7,15.6,0.0,0.2,0.8,0.8,18.7,15.6,0.0,4,4,0,0,4
0.1,5,isocontour,11.283791670955125,47518.79,100.0,24.3,11.4,0.0,-0.4,0.9,1.0,24.3,11.4,0.0,5,2,0,0,2
0.1,6,isocontour,11.283791670955125,47518.52,100.0,-5.9,-17.0,0.0,-1.0,0.0,1.0,-5.9,-17.0,0.0,6,2,0,0,2
0.1,7,isocontour,11.283791670955125,47518.76,100.0,1.4,14.7,0.0,-1.0,-0.2,1.0,1.4,14.7,0.0,7,2,0,0,2
0.1,8,isocontour,11.283791670955125,47519.18,100.0,-0.1,-10.7,0.0,0.8,0.0,0.8,-0.1,-10.7,0.0,8,3,0,0,3
0.1,9,isocontour,11.283791670955125,47518.76,100.0,17.8,1.1,0.0,0.1,1.0,1.0,17.8,1.1,0.0,9,2,0,0,2
0.1,10,isocontour,11.283791670955125,47518.6,100.0,4.2,-4.5,0.0,0.4,1.0,1.1,4.2,-4.5,0.0,10,2,0,0,2
0.1,11,isocontour,11.283791670955125,47519.18,100.0,-15.0,-5.6,0.0,-0.3,0.8,0.9,-15.0,-5.6,0.0,11,3,0,0,3
0.1,12,isocontour,11.283791670955125,47519.03,100.0,-20.3,0.2,0.0,-0.1,-0.9,0.9,-20.3,0.2,0.0,12,3,0,0,3
0.1,13,isocontour,11.283791670955125,47518.9,100.0,24.4,2.5,0.0,-0.2,0.9,0.9,24.4,2.5,0.0,13,3,0,0,3
0.1,14,isocontour,11.283791670955125,47518.72,100.0,0.5,-22.7,0.0,-1.0,-0.1,1.0,0.5,-22.7,0.0,14,2,0,0,2
0.1,15,isocontour,11.283791670955125,47509.55,99.98,23.3,24.6,0.0,-1.9,-0.6,2.0,23.3,24.6,0.0,15,3,0,0,3
0.1,16,isocontour,11.283791670955125,47518.9,100.0,-21.8,21.5,0.0,-0.3,-0.9,0.9,-21.8,21.5,0.0,16,0,0,0,0
0.1,17,isocontour,11.283791670955125,47513.08,99.99,23.7,25.0,0.0,0.4,1.7,1.7,23.7,25.0,0.0,17,3,0,0,3
0.1,18,isocontour,11.283791670955125,47518.83,100.0,3.4,24.9,0.0,1.0,0.1,1.0,3.4,24.9,0.0,18,1,0,0,1
0.1,19,isocontour,11.283791670955125,47518.9,100.0,-10.3,13.3,0.0,-0.9,0.2,0.9,-10.3,13.3,0.0,19,0,0,0,0
0.1,20,isocontour,11.283791670955125,47518.6,100.0,10.2,-11.0,0.0,1.0,0.3,1.0,10.2,-11.0,0.0,20,4,0,0,4
0.1,21,isocontour,11.283791670955125,47519.06,100.0,10.3,-21.5,0.0,-0.8,0.4,0.9,10.3,-21.5,0.0,21,3,0,0,3
0.1,22,isocontour,11.283791670955125,47518.72,100.0,-10.6,-0.1,0.0,0.1,1.0,1.0,-10.6,-0.1,0.0,22,3,0,0,3
0.1,23,isocontour,11.283791670955125,47518.83,100.0,0.0,6.6,0.0,-1.0,-0.1,1.0,0.0,6.6,0.0,23,1,0,0,1
0.1,24,isocontour,11.283791670955125,47519.18,100.0,18.5,-17.6,0.0,-0.1,0.8,0.8,18.5,-17.6,0.0,24,4,0,0,4
0.1,25,isocontour,11.283791670955125,47519.09,100.0,-16.7,-3.8,0.0,-0.2,0.8,0.8,-16.7,-3.8,0.0,25,3,0,0,3
0.1,Target,,,,,0.0,0.0,0.55,0.0,0.0,,,,,,,,,
0.2,1,isocontour,11.283791670955125,47517.58,99.99,24.6,-11.5,0.0,0.3,-0.9,0.9,24.6,-11.5,0.0,1,2,0,0,2
0.2,2,isocontour,11.283791670955125,47517.55,99.99,15.9,20.2,0.0,-1.0,-0.1,1.0,15.9,20.2,0.0,2,3,0,0,3
0.2,3,isocontour,11.283791670955125,47517.83,100.0,20.7,-7.1,0.0,-0.1,-0.9,0.9,20.7,-7.1,0.0,3,5,0,0,5
0.2,4,isocontour,11.283791670955125,47517.82,100.0,18.6,15.6,0.0,-1.0,-0.2,1.0,18.6,15.6,0.0,4,4,0,0,4
0.2,5,isocontour,11.283791670955125,47517.31,99.99,24.3,11.5,0.0,0.6,0.8,1.0,24.3,11.5,0.0,5,2,0,0,2
0.2,6,isocontour,11.283791670955125,47517.04,99.99,-6.0,-17.1,0.0,-1.0,-0.3,1.0,-6.0,-17.1,0.0,6,2,0,0,2
0.2,7,isocontour,11.283791670955125,47517.51,99.99,1.3,14.7,0.0,-1.0,-0.1,1.0,1.3,14.7,0.0,7,2,0,0,2
0.2,8,isocontour,11.283791670955125,47517.7,100.0,-0.2,-10.7,0.0,-1.0,0.0,1.0,-0.2,-10.7,0.0,8,3,0,0,3
0.2,9,isocontour,11.283791670955125,47517.82,100.0,17.8,1.0,0.0,-0.1,-0.9,0.9,17.8,1.0,0.0,9,2,0,0,2
0.2,10,isocontour,11.283791670955125,47517.16,99.99,4.2,-4.4,0.0,0.1,1.0,1.0,4.2,-4.4,0.0,10,2,0,0,2
0.2,11,isocontour,11.283791670955125,47517.78,100.0,-15.0,-5.7,0.0,-0.5,-0.9,1.0,-15.0,-5.7,0.0,11,3,0,0,3
0.2,12,isocontour,11.283791670955125,47517.75,100.0,-20.3,0.2,0.0,-0.1,1.0,1.0,-20.3,0.2,0.0,12,3,0,0,3
0.2,13,isocontour,11.283791670955125,47517.73,100.0,24.4,2.6,0.0,0.0,1.0,1.0,24.4,2.6,0.0,13,3,0,0,3
0.2,14,isocontour,11.283791670955125,47517.44,99.99,0.4,-22.7,0.0,-1.0,-0.1,1.0,0.4,-22.7,0.0,14,2,0,0,2
0.2,15,isocontour,11.283791670955125,47485.47,99.93,23.2,24.4,0.0,-1.5,-2.2,2.7,23.2,24.4,0.0,15,3,0,0,3
0.2,16,isocontour,11.283791670955125,47517.8,100.0,-21.8,21.4,0.0,0.1,-0.9,0.9,-21.8,21.4,0.0,16,0,0,0,0
0.2,17,isocontour,11.283791670955125,47488.73,99.93,23.7,24.8,0.0,-0.4,-2.6,2.6,23.7,24.8,0.0,17,3,0,0,3
0.2,18,isocontour,11.283791670955125,47517.76,100.0,3.3,24.9,0.0,-0.9,0.1,0.9,3.3,24.9,0.0,18,1,0,0,1
0.2,19,isocontour,11.283791670955125,47517.8,100.0,-10.2,13.3,0.0,0.9,-0.1,0.9,-10.2,13.3,0.0,19,0,0,0,0
0.2,20,isocontour,11.283791670955125,47517.28,99.99,10.2,-11.0,0.0,-0.2,1.0,1.0,10.2,-11.0,0.0,20,4,0,0,4
0.2,21,isocontour,11.283791670955125,47518.06,100.0,10.3,-21.5,0.0,0.8,0.4,0.9,10.3,-21.5,0.0,21,3,0,0,3
0.2,22,isocontour,11.283791670955125,47517.44,99.99,-10.6,-0.0,0.0,0.1,1.0,1.0,-10.6,-0.0,0.0,22,3,0,0,3
0.2,23,isocontour,11.283791670955125,47517.66,100.0,-0.1,6.6,0.0,-1.0,-0.1,1.0,-0.1,6.6,0.0,23,1,0,0,1
0.2,24,isocontour,11.283791670955125,47518.28,100.0,18.5,-17.6,0.0,-0.8,0.3,0.9,18.5,-17.6,0.0,24,4,0,0,4
0.2,25,isocontour,11.283791670955125,47517.61,99.99,-16.7,-3.8,0.0,-0.7,-0.8,1.1,-16.7,-3.8,0.0,25,3,0,0,3
0.2,Target,,,,,0.0,0.0,0.676,0.0,0.0,,,,,,,,,
0.3,1,isocontour,11.283791670955125,47516.62,99.99,24.5,-11.4,0.0,-0.5,0.7,0.9,24.5,-11.4,0.0,1,2,0,0,2
0.3,2,isocontour,11.283791670955125,47516.19,99.99,15.8,20.2,0.0,-0.9,0.5,1.0,15.8,20.2,0.0,2,3,0,0,3
0.3,3,isocontour,11.283791670955125,47516.89,99.99,20.7,-7.1,0.0,-0.6,0.7,0.9,20.7,-7.1,0.0,3,5,0,0,5
0.3,4,isocontour,11.283791670955125,47516.89,99.99,18.7,15.6,0.0,0.9,-0.0,0.9,18.7,15.6,0.0,4,4,0,0,4
0.3,5,isocontour,11.283791670955125,47516.25,99.99,24.3,11.6,0.0,-0.7,0.6,0.9,24.3,11.6,0.0,5,2,0,0,2
0.3,6,isocontour,11.283791670955125,47515.55,99.99,-6.1,-17.1,0.0,-1.0,-0.3,1.0,-6.1,-17.1,0.0,6,2,0,0,2
0.3,7,isocontour,11.283791670955125,47516.23,99.99,1.2,14.7,0.0,-1.0,-0.2,1.0,1.2,14.7,0.0,7,2,0,0,2
0.3,8,isocontour,11.283791670955125,47516.22,99.99,-0.3,-10.7,0.0,-1.0,0.0,1.0,-0.3,-10.7,0.0,8,3,0,0,3
0.3,9,isocontour,11.283791670955125,47516.54,99.99,17.8,1.1,0.0,-0.0,1.0,1.0,17.8,1.1,0.0,9,2,0,0,2
0.3,10,isocontour,11.283791670955125,47515.84,99.99,4.1,-4.4,0.0,-0.8,0.6,1.0,4.1,-4.4,0.0,10,2,0,0,2
0.3,11,isocontour,11.283791670955125,47516.78,99.99,-15.0,-5.7,0.0,0.8,0.5,0.9,-15.0,-5.7,0.0,11,3,0,0,3
0.3,12,isocontour,11.283791670955125,47516.72,99.99,-20.3,0.2,0.0,-0.2,-0.9,0.9,-20.3,0.2,0.0,12,3,0,0,3
0.3,13,isocontour,11.283791670955125,47516.88,99.99,24.3,2.7,0.0,-0.8,0.2,0.8,24.3,2.7,0.0,13,3,0,0,3
0.3,14,isocontour,11.283791670955125,47516.12,99.99,0.3,-22.7,0.0,-1.0,-0.2,1.0,0.3,-22.7,0.0,14,2,0,0,2
0.3,15,isocontour,11.283791670955125,47484.3,99.92,23.1,24.5,0.0,-0.6,0.8,1.0,23.1,24.5,0.0,15,3,0,0,3
0.3,16,isocontour,11.283791670955125,47516.7,99.99,-21.9,21.3,0.0,-0.7,-0.6,0.9,-21.9,21.3,0.0,16,0,0,0,0
0.3,17,isocontour,11.283791670955125,47487.59,99.93,23.6,24.9,0.0,-0.6,0.7,0.9,23.6,24.9,0.0,17,3,0,0,3
0.3,18,isocontour,11.283791670955125,47516.73,99.99,3.2,24.9,0.0,-0.9,-0.0,0.9,3.2,24.9,0.0,18,1,0,0,1
0.3,19,isocontour,11.283791670955125,47516.7,99.99,-10.1,13.2,0.0,0.7,-0.6,0.9,-10.1,13.2,0.0,19,0,0,0,0
0.3,20,isocontour,11.283791670955125,47516.28,99.99,10.1,-11.0,0.0,-0.7,-0.6,0.9,10.1,-11.0,0.0,20,5,0,0,5
0.3,21,isocontour,11.283791670955125,47517.03,99.99,10.4,-21.5,0.0,0.9,0.3,0.9,10.4,-21.5,0.0,21,3,0,0,3
0.3,22,isocontour,11.283791670955125,47516.16,99.99,-10.6,0.1,0.0,0.1,1.0,1.0,-10.6,0.1,0.0,22,3,0,0,3
0.3,23,isocontour,11.283791670955125,47516.59,99.99,-0.0,6.5,0.0,0.9,-0.1,0.9,-0.0,6.5,0.0,23,1,0,0,1
0.3,24,isocontour,11.283791670955125,47517.0,99.99,18.5,-17.6,0.0,1.0,-0.1,1.0,18.5,-17.6,0.0,24,4,0,0,4
0.3,25,isocontour,11.283791670955125,47516.13,99.99,-16.8,-3.9,0.0,-0.7,-0.8,1.1,-16.8,-3.9,0.0,25,3,0,0,3
0.3,Target,,,,,0.0,0.0,0.797,0.0,0.0,,,,,,,,,
0.4,1,isocontour,11.283791670955125,47515.45,99.99,24.6,-11.5,0.0,0.4,-0.9,1.0,24.6,-11.5,0.0,1,2,0,0,2
0.4,2,isocontour,11.283791670955125,47514.87,99.99,15.7,20.2,0.0,-0.4,-0.9,1.0,15.7,20.2,0.0,2,3,0,0,3
0.4,3,isocontour,11.283791670955125,47515.83,99.99,20.7,-7.2,0.0,-0.0,-0.9,0.9,20.7,-7.2,0.0,3,5,0,0,5
0.4,4,isocontour,11.283791670955125,47515.61,99.99,18.6,15.6,0.0,-1.0,-0.0,1.0,18.6,15.6,0.0,4,4,0,0,4
0.4,5,isocontour,11.283791670955125,47514.85,99.99,24.3,11.7,0.0,0.3,1.0,1.0,24.3,11.7,0.0,5,2,0,0,2
0.4,6,isocontour,11.283791670955125,47514.11,99.99,-6.2,-17.1,0.0,-1.0,0.2,1.0,-6.2,-17.1,0.0,6,2,0,0,2
0.4,7,isocontour,11.283791670955125,47514.83,99.99,1.1,14.6,0.0,-0.9,-0.5,1.0,1.1,14.6,0.0,7,2,0,0,2
0.4,8,isocontour,11.283791670955125,47514.74,99.99,-0.4,-10.7,0.0,-1.0,0.0,1.0,-0.4,-10.7,0.0,8,3,0,0,3
0.4,9,isocontour,11.283791670955125,47515.14,99.99,17.7,1.2,0.0,-0.3,1.0,1.0,17.7,1.2,0.0,9,2,0,0,2
0.4,10,isocontour,11.283791670955125,47514.93,99.99,4.2,-4.4,0.002,0.8,-0.5,0.9,4.2,-4.4,0.0,10,2,0,0,2
0.4,11,isocontour,11.283791670955125,47515.38,99.99,-14.9,-5.7,0.0,0.7,-0.8,1.1,-14.9,-5.7,0.0,11,3,0,0,3
0.4,12,isocontour,11.283791670955125,47515.84,99.99,-20.3,0.1,0.0,0.4,-0.8,0.9,-20.3,0.1,0.0,12,3,0,0,3
0.4,13,isocontour,11.283791670955125,47515.71,99.99,24.3,2.6,0.0,0.5,-0.8,0.9,24.3,2.6,0.0,13,3,0,0,3
0.4,14,isocontour,11.283791670955125,47515.15,99.99,0.4,-22.7,0.0,0.9,-0.1,0.9,0.4,-22.7,0.0,14,2,0,0,2
0.4,15,isocontour,11.283791670955125,47483.45,99.92,23.0,24.5,0.0,-0.8,-0.3,0.9,23.0,24.5,0.0,15,3,0,0,3
0.4,16,isocontour,11.283791670955125,47515.6,99.99,-21.8,21.3,0.0,0.7,0.7,1.0,-21.8,21.3,0.0,16,0,0,0,0
0.4,17,isocontour,11.283791670955125,47486.23,99.93,23.6,25.0,0.0,-0.0,1.0,1.0,23.6,25.0,0.0,17,3,0,0,3
0.4,18,isocontour,11.283791670955125,47515.6,99.99,3.1,24.9,0.0,-0.9,0.3,0.9,3.1,24.9,0.0,18,1,0,0,1
0.4,19,isocontour,11.283791670955125,47515.6,99.99,-10.2,13.1,0.0,-0.6,-0.7,0.9,-10.2,13.1,0.0,19,0,0,0,0
0.4,20,isocontour,11.283791670955125,47514.92,99.99,10.1,-10.9,0.0,-0.2,1.0,1.0,10.1,-10.9,0.0,20,4,0,0,4
0.4,21,isocontour,11.283791670955125,47515.83,99.99,10.4,-21.5,0.0,-0.8,-0.5,0.9,10.4,-21.5,0.0,21,3,0,0,3
0.4,22,isocontour,11.283791670955125,47514.87,99.99,-10.6,0.2,0.0,0.1,1.0,1.0,-10.6,0.2,0.0,22,3,0,0,3
0.4,23,isocontour,11.283791670955125,47515.53,99.99,0.1,6.5,0.001,0.9,-0.1,0.9,0.1,6.5,0.0,23,1,0,0,1
0.4,24,isocontour,11.283791670955125,47516.06,99.99,18.6,-17.5,0.0,0.5,0.7,0.9,18.6,-17.5,0.0,24,4,0,0,4
0.4,25,isocontour,11.283791670955125,47514.85,99.99,-16.9,-3.9,0.0,-1.0,0.0,1.0,-16.9,-3.9,0.0,25,3,0,0,3
0.4,Target,,,,,0.0,0.0,0.914,0.0,0.0,,,,,,,,,
0.5,1,isocontour,11.283791670955125,47514.38,99.99,24.6,-11.6,0.0,0.1,-0.9,0.9,24.6,-11.6,0.0,1,2,0,0,2
0.5,2,isocontour,11.283791670955125,47513.66,99.99,15.7,20.2,0.0,-0.5,0.8,0.9,15.7,20.2,0.0,2,3,0,0,3
0.5,3,isocontour,11.283791670955125,47514.58,99.99,20.7,-7.1,0.0,0.4,0.9,1.0,20.7,-7.1,0.0,3,5,0,0,5
0.5,4,isocontour,11.283791670955125,47514.51,99.99,18.5,15.7,0.0,-0.8,0.5,0.9,18.5,15.7,0.0,4,4,0,0,4
0.5,5,isocontour,11.283791670955125,47513.81,99.99,24.3,11.6,0.0,0.5,-0.8,0.9,24.3,11.6,0.0,5,2,0,0,2
0.5,6,isocontour,11.283791670955125,47513.24,99.99,-6.2,-17.1,0.0,0.7,-0.5,0.9,-6.2,-17.1,0.0,6,2,0,0,2
0.5,7,isocontour,11.283791670955125,47499.82,99.96,1.1,14.4,0.0,0.7,-2.2,2.3,0.1,6.5,0.001,23,2,0,0,2
0.5,8,isocontour,11.283791670955125,47511.93,99.98,-0.4,-10.6,0.0,0.5,1.2,1.3,4.2,-4.4,0.002,10,3,0,0,3
0.5,9,isocontour,11.283791670955125,47513.82,99.99,17.7,1.3,0.0,-0.0,1.0,1.0,17.7,1.3,0.0,9,2,0,0,2
0.5,10,isocontour,11.283791670955125,47513.61,99.99,4.1,-4.4,0.015,-0.9,0.5,1.0,4.1,-4.4,0.002,10,2,0,0,2
0.5,11,isocontour,11.283791670955125,47513.9,99.99,-14.9,-5.8,0.0,0.4,-1.0,1.1,-14.9,-5.8,0.0,11,3,0,0,3
0.5,12,isocontour,11.283791670955125,47514.88,99.99,-20.3,0.0,0.0,-0.1,-0.9,0.9,-20.3,0.0,0.0,12,3,0,0,3
0.5,13,isocontour,11.283791670955125,47514.65,99.99,24.3,2.5,0.0,0.1,-0.9,0.9,24.3,2.5,0.0,13,3,0,0,3
0.5,14,isocontour,11.283791670955125,47513.87,99.99,0.3,-22.7,0.0,-1.0,-0.1,1.0,0.3,-22.7,0.0,14,2,0,0,2
0.5,15,isocontour,11.283791670955125,47482.05,99.92,23.1,24.5,0.0,1.0,0.2,1.0,23.1,24.5,0.0,15,3,0,0,3
0.5,16,isocontour,11.283791670955125,47514.5,99.99,-21.8,21.3,0.0,0.7,-0.6,0.9,-21.8,21.3,0.0,16,0,0,0,0
0.5,17,isocontour,11.283791670955125,47485.33,99.93,23.6,24.9,0.0,0.1,-0.9,0.9,23.6,24.9,0.0,17,3,0,0,3
0.5,18,isocontour,11.283791670955125,47514.66,99.99,3.1,24.9,0.0,-0.8,-0.3,0.9,3.1,24.9,0.0,18,1,0,0,1
0.5,19,isocontour,11.283791670955125,47514.5,99.99,-10.3,13.2,0.0,-0.9,0.2,0.9,-10.3,13.2,0.0,19,0,0,0,0
0.5,20,isocontour,11.283791670955125,47479.42,99.91,9.9,-10.7,0.0,-1.7,2.5,3.0,4.2,-4.4,0.002,10,5,0,0,5
0.5,21,isocontour,11.283791670955125,47514.95,99.99,10.3,-21.5,0.0,-0.7,0.5,0.9,10.3,-21.5,0.0,21,3,0,0,3
0.5,22,isocontour,11.283791670955125,47513.63,99.99,-10.6,0.3,0.0,-0.0,1.0,1.0,-10.6,0.3,0.0,22,3,0,0,3
0.5,23,isocontour,11.283791670955125,47514.36,99.99,0.0,6.5,0.008,-1.0,-0.1,1.0,0.0,6.5,0.001,23,1,0,0,1
0.5,24,isocontour,11.283791670955125,47514.66,99.99,18.6,-17.6,0.0,-0.2,-1.0,1.0,18.6,-17.6,0.0,24,4,0,0,4
0.5,25,isocontour,11.283791670955125,47513.37,99.99,-17.0,-4.0,0.0,-0.5,-0.9,1.0,-17.0,-4.0,0.0,25,3,0,0,3
0.5,Target,,,,,0.0,0.0,1.027,0.0,0.0,,,,,,,,,
0.6,1,isocontour,11.283791670955125,47513.56,99.99,24.5,-11.6,0.0,-0.8,-0.3,0.9,24.5,-11.6,0.0,1,2,0,0,2
0.6,2,isocontour,11.283791670955125,47512.42,99.98,15.6,20.3,0.0,-0.6,0.7,0.9,15.6,20.3,0.0,2,3,0,0,3
0.6,3,isocontour,11.283791670955125,47513.77,99.99,20.7,-7.0,0.0,0.4,0.8,0.9,20.7,-7.0,0.0,3,4,0,0,4
0.6,4,isocontour,11.283791670955125,47513.02,99.99,18.4,15.6,0.0,-0.7,-0.8,1.1,18.4,15.6,0.0,4,4,0,0,4
0.6,5,isocontour,11.283791670955125,47512.97,99.99,24.3,11.5,0.0,-0.2,-0.8,0.8,24.3,11.5,0.0,5,2,0,0,2
0.6,6,isocontour,11.283791670955125,47511.76,99.98,-6.1,-17.1,0.0,0.8,0.6,1.0,4.2,-4.4,0.002,10,2,0,0,2
0.6,7,isocontour,11.283791670955125,47481.43,99.92,1.0,14.2,0.0,-1.2,-2.1,2.4,0.0,6.5,0.008,23,2,0,0,2
0.6,8,isocontour,11.283791670955125,47504.4,99.97,-0.3,-10.4,0.001,0.3,1.8,1.8,4.1,-4.4,0.015,10,3,0,0,3
0.6,9,isocontour,11.283791670955125,47512.88,99.99,17.7,1.2,0.0,-0.0,-0.9,0.9,17.7,1.2,0.0,9,2,0,0,2
0.6,10,isocontour,11.283791670955125,47512.29,99.98,4.2,-4.3,0.039,0.7,0.7,1.0,4.2,-4.3,0.015,10,2,0,0,2
0.6,11,isocontour,11.283791670955125,47512.42,99.98,-14.8,-5.9,0.0,0.4,-0.9,1.0,-14.8,-5.9,0.0,11,3,0,0,3
0.6,12,isocontour,11.283791670955125,47513.59,99.99,-20.3,0.1,0.0,-0.1,1.0,1.0,-20.3,0.1,0.0,12,3,0,0,3
0.6,13,isocontour,11.283791670955125,47513.21,99.99,24.4,2.5,0.0,1.0,-0.1,1.0,24.4,2.5,0.0,13,3,0,0,3
0.6,14,isocontour,11.283791670955125,47512.55,99.98,0.2,-22.7,0.0,-1.0,-0.2,1.0,0.2,-22.7,0.0,14,2,0,0,2
0.6,15,isocontour,11.283791670955125,47480.57,99.92,23.1,24.5,0.0,0.5,0.9,1.0,23.1,24.5,0.0,15,3,0,0,3
0.6,16,isocontour,11.283791670955125,47513.4,99.99,-21.8,21.4,0.0,-0.5,0.8,0.9,-21.8,21.4,0.0,16,0,0,0,0
0.6,17,isocontour,11.283791670955125,47483.89,99.92,23.7,24.9,0.0,0.9,0.4,1.0,23.7,24.9,0.0,17,3,0,0,3
0.6,18,isocontour,11.283791670955125,47513.63,99.99,3.1,24.9,0.0,0.9,0.0,0.9,0.1,6.5,0.001,23,1,0,0,1
0.6,19,isocontour,11.283791670955125,47513.4,99.99,-10.4,13.1,0.0,-0.9,-0.3,0.9,-10.4,13.1,0.0,19,0,0,0,0
0.6,20,isocontour,11.283791670955125,47441.78,99.84,9.7,-10.5,0.0,-2.3,2.1,3.1,4.1,-4.4,0.015,10,4,0,0,4
0.6,21,isocontour,11.283791670955125,47513.51,99.99,10.2,-21.4,0.0,-0.9,0.5,1.0,4.2,-4.4,0.002,10,3,0,0,3
0.6,22,isocontour,11.283791670955125,47512.35,99.98,-10.6,0.4,0.0,0.1,1.0,1.0,-10.6,0.4,0.0,22,3,0,0,3
0.6,23,isocontour,11.283791670955125,47513.29,99.99,0.1,6.5,0.026,0.9,-0.1,0.9,0.1,6.5,0.008,23,1,0,0,1
0.6,24,isocontour,11.283791670955125,47513.38,99.99,18.5,-17.7,0.0,-0.7,-0.7,1.0,4.2,-4.4,0.002,10,4,0,0,4
0.6,25,isocontour,11.283791670955125,47512.52,99.98,-16.9,-3.9,0.0,0.2,0.8,0.8,-16.9,-3.9,0.0,25,3,0,0,3
0.6,Target,,,,,0.0,0.0,1.136,0.0,0.0,,,,,,,,,
0.7,1,isocontour,11.283791670955125,47512.43,99.98,24.5,-11.7,0.0,-0.7,-0.6,0.9,4.2,-4.4,0.002,10,2,0,0,2
0.7,2,isocontour,11.283791670955125,47511.6,99.98,15.7,20.3,0.0,0.7,0.5,0.9,15.7,20.3,0.0,2,3,0,0,3
0.7,3,isocontour,11.283791670955125,47512.06,99.98,20.7,-7.1,0.0,-0.6,-0.9,1.1,4.2,-4.4,0.002,10,4,0,0,4
0.7,4,isocontour,11.283791670955125,47512.18,99.98,18.4,15.7,0.0,0.1,0.9,0.9,18.4,15.7,0.0,4,4,0,0,4
0.7,5,isocontour,11.283791670955125,47512.12,99.98,24.3,11.5,0.0,-0.2,-0.8,0.8,24.3,11.5,0.0,5,2,0,0,2
0.7,6,isocontour,11.283791670955125,47475.19,99.91,-5.9,-16.9,0.0,2.3,2.1,3.1,4.1,-4.4,0.015,10,2,0,0,2
0.7,7,isocontour,11.283791670955125,47461.18,99.88,0.9,14.0,0.0,-1.2,-2.2,2.5,0.1,6.5,0.026,23,2,0,0,2
0.7,8,isocontour,11.283791670955125,47482.67,99.92,-0.3,-10.2,0.003,0.7,2.5,2.6,4.2,-4.3,0.039,10,3,0,0,3
0.7,9,isocontour,11.283791670955125,47511.56,99.98,17.7,1.3,0.0,-0.1,1.0,1.0,17.7,1.3,0.0,9,2,0,0,2
0.7,10,isocontour,11.283791670955125,47511.45,99.98,4.2,-4.3,0.071,0.5,-0.7,0.9,4.2,-4.3,0.039,10,2,0,0,2
0.7,11,isocontour,11.283791670955125,47510.94,99.98,-14.8,-6.0,0.0,0.3,-1.0,1.0,-14.8,-6.0,0.0,11,3,0,0,3
0.7,12,isocontour,11.283791670955125,47512.63,99.98,-20.3,0.0,0.0,-0.1,-0.9,0.9,-20.3,0.0,0.0,12,3,0,0,3
0.7,13,isocontour,11.283791670955125,47512.07,99.98,24.4,2.6,0.0,-0.0,1.0,1.0,24.4,2.6,0.0,13,3,0,0,3
0.7,14,isocontour,11.283791670955125,47511.41,99.98,0.3,-22.7,0.0,0.9,0.1,0.9,4.2,-4.4,0.002,10,2,0,0,2
0.7,15,isocontour,11.283791670955125,47479.29,99.91,23.1,24.6,0.0,-0.3,1.0,1.0,23.1,24.6,0.0,15,3,0,0,3
0.7,16,isocontour,11.283791670955125,47512.3,99.98,-21.7,21.4,0.0,0.9,-0.2,0.9,-21.7,21.4,0.0,16,0,0,0,0
0.7,17,isocontour,11.283791670955125,47482.45,99.92,23.8,24.9,0.0,1.0,0.3,1.0,23.8,24.9,0.0,17,3,0,0,3
0.7,18,isocontour,11.283791670955125,47512.31,99.98,3.1,24.8,0.0,-0.9,-0.5,1.0,0.0,6.5,0.008,23,1,0,0,1
0.7,19,isocontour,11.283791670955125,47512.3,99.98,-10.3,13.2,0.0,0.8,0.5,0.9,-10.3,13.2,0.0,19,0,0,0,0
0.7,20,isocontour,11.283791670955125,47407.31,99.76,9.5,-10.3,0.0,-2.5,1.7,3.0,4.2,-4.3,0.039,10,3,0,0,3
0.7,21,isocontour,11.283791670955125,47512.07,99.98,10.1,-21.3,0.0,-0.8,0.7,1.1,4.1,-4.4,0.015,10,3,0,0,3
0.7,22,isocontour,11.283791670955125,47511.07,99.98,-10.6,0.5,0.002,0.1,1.0,1.0,-10.6,0.5,0.0,22,3,0,0,3
0.7,23,isocontour,11.283791670955125,47512.19,99.98,0.2,6.5,0.054,0.9,-0.1,0.9,0.2,6.5,0.026,23,1,0,0,1
0.7,24,isocontour,11.283791670955125,47512.64,99.98,18.6,-17.7,0.0,0.6,-0.6,0.8,4.2,-4.4,0.002,10,3,0,0,3
0.7,25,isocontour,11.283791670955125,47511.39,99.98,-17.0,-3.9,0.0,-0.8,0.5,0.9,-17.0,-3.9,0.0,25,3,0,0,3
0.7,Target,,,,,0.0,0.0,1.241,0.0,0.0,,,,,,,,,
0.8,1,isocontour,11.283791670955125,47511.43,99.98,24.4,-11.7,0.0,-0.4,-0.8,0.9,4.2,-4.4,0.002,10,2,0,0,2
0.8,2,isocontour,11.283791670955125,47510.36,99.98,15.6,20.4,0.0,-0.6,0.8,1.0,15.6,20.4,0.0,2,3,0,0,3
0.8,3,isocontour,11.283791670955125,47511.16,99.98,20.7,-7.2,0.0,0.2,-0.8,0.8,4.2,-4.4,0.002,10,4,0,0,4
0.8,4,isocontour,11.283791670955125,47510.7,99.98,18.4,15.6,0.0,-0.6,-0.8,1.0,18.4,15.6,0.0,4,4,0,0,4
0.8,5,isocontour,11.283791670955125,47510.8,99.98,24.3,11.5,0.0,-0.0,1.0,1.0,24.3,11.5,0.0,5,2,0,0,2
0.8,6,isocontour,11.283791670955125,47450.85,99.85,-5.8,-16.7,0.0,0.9,2.5,2.7,4.2,-4.3,0.039,10,2,0,0,2
0.8,7,isocontour,11.283791670955125,47443.45,99.84,0.8,13.8,0.001,-1.1,-2.1,2.4,0.2,6.5,0.054,23,3,0,0,3
0.8,8,isocontour,11.283791670955125,47454.02,99.86,-0.1,-10.0,0.011,2.3,1.7,2.9,4.2,-4.3,0.071,10,3,0,0,3
0.8,9,isocontour,11.283791670955125,47510.43,99.98,17.7,1.4,0.0,-0.2,0.9,0.9,4.2,-4.4,0.002,10,2,0,0,2
0.8,10,isocontour,11.283791670955125,47510.28,99.98,4.1,-4.3,0.117,-0.9,0.2,0.9,4.1,-4.3,0.071,10,2,0,0,2
0.8,11,isocontour,11.283791670955125,47503.41,99.97,-14.7,-5.9,0.0,1.5,0.9,1.7,-10.6,0.5,0.002,22,3,0,0,3
0.8,12,isocontour,11.283791670955125,47494.68,99.95,-20.1,0.1,0.0,2.2,1.0,2.4,-10.6,0.5,0.002,22,3,0,0,3
0.8,13,isocontour,11.283791670955125,47510.75,99.98,24.4,2.5,0.0,-0.1,-1.0,1.0,4.2,-4.4,0.002,10,3,0,0,3
0.8,14,isocontour,11.283791670955125,47510.28,99.98,0.2,-22.7,0.0,-0.9,0.1,0.9,4.1,-4.4,0.015,10,2,0,0,2
0.8,15,isocontour,11.283791670955125,47477.93,99.91,23.1,24.7,0.0,0.0,1.0,1.0,23.1,24.7,0.0,15,3,0,0,3
0.8,16,isocontour,11.283791670955125,47511.2,99.98,-21.7,21.3,0.0,-0.3,-0.9,0.9,-21.7,21.3,0.0,16,0,0,0,0
0.8,17,isocontour,11.283791670955125,47481.57,99.92,23.7,25.0,0.0,-0.9,-0.0,0.9,23.7,25.0,0.0,17,3,0,0,3
0.8,18,isocontour,11.283791670955125,47511.24,99.98,3.1,24.8,0.0,0.9,-0.0,0.9,0.1,6.5,0.026,23,1,0,0,1
0.8,19,isocontour,11.283791670955125,47511.51,99.98,-10.4,13.2,0.0,-0.8,0.3,0.9,0.1,6.5,0.026,23,1,0,0,1
0.8,20,isocontour,11.283791670955125,47381.58,99.71,9.3,-10.1,0.001,-2.0,1.9,2.8,4.2,-4.3,0.071,10,3,0,0,3
0.8,21,isocontour,11.283791670955125,47511.25,99.98,10.2,-21.4,0.0,0.6,-0.6,0.8,4.2,-4.3,0.039,10,3,0,0,3
0.8,22,isocontour,11.283791670955125,47509.71,99.98,-10.6,0.6,0.008,0.3,1.0,1.0,-10.6,0.6,0.002,22,3,0,0,3
0.8,23,isocontour,11.283791670955125,47511.06,99.98,0.1,6.5,0.091,-1.0,-0.1,1.0,0.1,6.5,0.054,23,1,0,0,1
0.8,24,isocontour,11.283791670955125,47511.07,99.98,18.5,-17.7,0.0,-0.8,0.7,1.1,4.1,-4.4,0.015,10,3,0,0,3
0.8,25,isocontour,11.283791670955125,47478.27,99.91,-16.9,-3.7,0.0,2.1,2.1,3.0,-10.6,0.5,0.002,22,3,0,0,3
0.8,Target,,,,,0.0,0.0,1.342,0.0,0.0,,,,,,,,,
0.9,1,isocontour,11.283791670955125,47510.55,99.98,24.4,-11.8,0.0,-0.1,-0.9,0.9,4.1,-4.4,0.015,10,2,0,0,2
0.9,2,isocontour,11.283791670955125,47509.15,99.98,15.6,20.3,0.0,-0.1,-1.0,1.0,15.6,20.3,0.0,2,3,0,0,3
0.9,3,isocontour,11.283791670955125,47509.31,99.98,20.6,-7.3,0.0,-0.7,-0.9,1.1,4.1,-4.4,0.015,10,4,0,0,4
0.9,4,isocontour,11.283791670955125,47509.3,99.98,18.3,15.6,0.0,-1.0,-0.4,1.1,18.3,15.6,0.0,4,4,0,0,4
0.9,5,isocontour,11.283791670955125,47509.44,99.98,24.3,11.5,0.0,-0.2,-1.0,1.0,4.2,-4.4,0.002,10,2,0,0,2
0.9,6,isocontour,11.283791670955125,47424.83,99.8,-5.5,-16.5,0.0,2.3,1.4,2.7,4.2,-4.3,0.071,10,2,0,0,2
0.9,7,isocontour,11.283791670955125,47425.51,99.8,0.7,13.6,0.003,-1.1,-2.1,2.4,0.1,6.5,0.091,23,3,0,0,3
0.9,8,isocontour,11.283791670955125,47425.36,99.8,0.1,-9.9,0.026,2.2,1.7,2.8,4.1,-4.3,0.117,10,3,0,0,3
0.9,9,isocontour,11.283791670955125,47509.26,99.98,17.7,1.5,0.0,-0.3,0.9,0.9,4.2,-4.4,0.002,10,2,0,0,2
0.9,10,isocontour,11.283791670955125,47508.96,99.98,4.2,-4.3,0.167,0.7,0.7,1.0,4.2,-4.3,0.117,10,2,0,0,2
0.9,11,isocontour,11.283791670955125,47476.82,99.91,-14.6,-5.7,0.001,0.7,2.7,2.8,-10.6,0.6,0.008,22,3,0,0,3
0.9,12,isocontour,11.283791670955125,47476.74,99.91,-19.9,0.2,0.0,2.2,1.1,2.5,-10.6,0.6,0.008,22,3,0,0,3
0.9,13,isocontour,11.283791670955125,47509.79,99.98,24.4,2.6,0.0,-0.1,0.9,0.9,4.2,-4.4,0.002,10,3,0,0,3
0.9,14,isocontour,11.283791670955125,47509.18,99.98,0.3,-22.7,0.0,0.9,0.1,0.9,4.2,-4.3,0.039,10,2,0,0,2
0.9,15,isocontour,11.283791670955125,47476.93,99.91,23.2,24.7,0.0,0.4,-0.8,0.9,23.2,24.7,0.0,15,3,0,0,3
0.9,16,isocontour,11.283791670955125,47510.1,99.98,-21.8,21.2,0.0,-0.2,-0.9,0.9,-21.8,21.2,0.0,16,0,0,0,0
0.9,17,isocontour,11.283791670955125,47480.09,99.92,23.8,25.0,0.0,0.6,0.9,1.1,23.8,25.0,0.0,17,3,0,0,3
0.9,18,isocontour,11.283791670955125,47493.3,99.94,3.0,24.7,0.0,-1.4,-2.0,2.4,0.2,6.5,0.054,23,1,0,0,1
0.9,19,isocontour,11.283791670955125,47474.59,99.9,-10.1,13.2,0.0,3.1,-0.2,3.1,0.2,6.5,0.054,23,1,0,0,1
0.9,20,isocontour,11.283791670955125,47376.56,99.7,9.1,-10.0,0.003,-1.0,1.2,1.6,4.1,-4.3,0.117,10,2,0,0,2
0.9,21,isocontour,11.283791670955125,47510.32,99.98,10.3,-21.4,0.0,0.8,-0.4,0.9,4.2,-4.3,0.039,10,2,0,0,2
0.9,22,isocontour,11.283791670955125,47508.74,99.98,-10.5,0.5,0.018,0.1,-0.9,0.9,-10.5,0.5,0.008,22,3,0,0,3
0.9,23,isocontour,11.283791670955125,47509.89,99.98,0.0,6.5,0.135,-1.0,-0.1,1.0,0.0,6.5,0.091,23,1,0,0,1
0.9,24,isocontour,11.283791670955125,47510.37,99.98,18.6,-17.7,0.0,0.8,-0.0,0.8,4.2,-4.3,0.039,10,3,0,0,3
0.9,25,isocontour,11.283791670955125,47439.9,99.83,-16.6,-3.5,0.0,2.5,1.8,3.1,-10.6,0.6,0.008,22,3,0,0,3
0.9,Target,,,,,0.0,0.0,1.44,0.0,0.0,,,,,,,,,
1.0,1,isocontour,11.283791670955125,47509.55,99.98,24.4,-11.9,0.0,-0.4,-0.8,0.9,4.2,-4.3,0.039,10,2,0,0,2
1.0,2,isocontour,11.283791670955125,47508.22,99.98,15.7,20.3,0.0,0.6,-0.6,0.8,15.7,20.3,0.0,2,3,0,0,3
1.0,3,isocontour,11.283791670955125,47507.91,99.97,20.6,-7.2,0.0,-0.6,0.8,1.0,4.2,-4.3,0.039,10,4,0,0,4
1.0,4,isocontour,11.283791670955125,47507.14,99.97,18.2,15.5,0.0,-1.1,-0.5,1.2,4.2,-4.4,0.002,10,4,0,0,4
1.0,5,isocontour,11.283791670955125,47508.6,99.98,24.3,11.5,0.0,0.4,0.8,0.9,4.2,-4.4,0.002,10,2,0,0,2
1.0,6,isocontour,11.283791670955125,47420.7,99.79,-5.5,-16.4,0.001,0.5,1.4,1.5,4.1,-4.3,0.117,10,2,0,0,2
1.0,7,isocontour,11.283791670955125,47403.78,99.76,0.7,13.3,0.007,0.7,-2.5,2.6,0.0,6.5,0.135,23,2,0,0,2
1.0,8,isocontour,11.283791670955125,47420.15,99.79,0.2,-9.7,0.048,0.4,1.5,1.6,4.2,-4.3,0.167,10,3,0,0,3
1.0,9,isocontour,11.283791670955125,47508.23,99.98,17.7,1.4,0.0,0.0,-0.9,0.9,4.1,-4.4,0.015,10,2,0,0,2
1.0,10,isocontour,11.283791670955125,47507.64,99.97,4.1,-4.2,0.228,-0.8,0.5,0.9,4.1,-4.2,0.167,10,2,0,0,2
1.0,11,isocontour,11.283791670955125,47445.67,99.84,-14.5,-5.4,0.002,1.0,2.7,2.9,-10.5,0.5,0.018,22,3,0,0,3
1.0,12,isocontour,11.283791670955125,47454.25,99.86,-19.7,0.1,0.0,2.0,-1.6,2.6,-10.5,0.5,0.018,22,3,0,0,3
1.0,13,isocontour,11.283791670955125,47508.39,99.98,24.4,2.5,0.0,-0.4,-0.9,1.0,4.1,-4.4,0.015,10,3,0,0,3
1.0,14,isocontour,11.283791670955125,47508.01,99.97,0.2,-22.7,0.0,-1.0,0.1,1.0,4.2,-4.3,0.071,10,2,0,0,2
1.0,15,isocontour,11.283791670955125,47475.93,99.91,23.2,24.6,0.0,0.4,-0.8,0.9,23.2,24.6,0.0,15,3,0,0,3
1.0,16,isocontour,11.283791670955125,47509.0,99.98,-21.7,21.2,0.0,0.9,0.1,0.9,-21.7,21.2,0.0,16,0,0,0,0
1.0,17,isocontour,11.283791670955125,47462.8,99.88,23.9,24.8,0.0,0.9,-2.2,2.4,23.9,24.8,0.0,17,3,0,0,3
1.0,18,isocontour,11.283791670955125,47492.06,99.94,3.1,24.6,0.0,0.9,-0.4,1.0,0.2,6.5,0.054,23,0,0,0,0
1.0,19,isocontour,11.283791670955125,47463.35,99.88,-9.9,13.1,0.001,1.8,-0.9,2.0,0.1,6.5,0.091,23,1,0,0,1
1.0,20,isocontour,11.283791670955125,47340.71,99.62,8.9,-9.8,0.008,-2.5,1.7,3.0,4.2,-4.3,0.167,10,2,0,0,2
1.0,21,isocontour,11.283791670955125,47509.07,99.98,10.2,-21.4,0.0,-0.9,0.3,0.9,4.2,-4.3,0.039,10,2,0,0,2
1.0,22,isocontour,11.283791670955125,47507.77,99.97,-10.5,0.4,0.032,0.0,-0.9,0.9,-10.5,0.4,0.018,22,3,0,0,3
1.0,23,isocontour,11.283791670955125,47508.79,99.98,0.1,6.5,0.184,0.9,-0.1,0.9,0.1,6.5,0.135,23,1,0,0,1
1.0,24,isocontour,11.283791670955125,47509.66,99.98,18.6,-17.7,0.0,0.7,-0.4,0.8,4.2,-4.3,0.039,10,3,0,0,3
1.0,25,isocontour,11.283791670955125,47416.36,99.78,-16.4,-3.4,0.001,2.2,1.5,2.7,-10.5,0.5,0.018,22,3,0,0,3
1.0,Target,,,,,0.0,0.0,1.535,0.0,0.0,,,,,,,,,
1.1,1,isocontour,11.283791670955125,47508.71,99.98,24.4,-12.0,0.0,0.0,-0.9,0.9,4.2,-4.3,0.039,10,2,0,0,2
1.1,2,isocontour,11.283791670955125,47506.17,99.97,15.6,20.2,0.0,-0.3,-1.1,1.1,4.2,-4.4,0.002,10,3,0,0,3
1.1,3,isocontour,11.283791670955125,47506.85,99.97,20.6,-7.3,0.0,0.1,-0.9,0.9,4.2,-4.3,0.039,10,4,0,0,4
1.1,4,isocontour,11.283791670955125,47506.08,99.97,18.1,15.6,0.0,-0.8,0.5,0.9,4.2,-4.4,0.002,10,4,0,0,4
1.1,5,isocontour,11.283791670955125,47507.28,99.97,24.3,11.4,0.0,-0.1,-1.0,1.0,4.1,-4.4,0.015,10,2,0,0,2
1.1,6,isocontour,11.283791670955125,47404.06,99.76,-5.3,-16.2,0.002,2.1,1.0,2.3,4.2,-4.3,0.167,10,2,0,0,2
1.1,7,isocontour,11.283791670955125,47389.16,99.72,0.8,13.1,0.016,0.7,-2.1,2.2,0.1,6.5,0.184,23,2,0,0,2
1.1,8,isocontour,11.283791670955125,47391.49,99.73,0.4,-9.5,0.078,2.2,1.8,2.8,4.1,-4.2,0.228,10,3,0,0,3
1.1,9,isocontour,11.283791670955125,47507.35,99.97,17.7,1.5,0.001,0.1,0.9,0.9,4.2,-4.3,0.039,10,2,0,0,2
1.1,10,isocontour,11.283791670955125,47506.32,99.97,4.2,-4.2,0.286,0.7,0.7,1.0,4.2,-4.2,0.228,10,2,0,0,2
1.1,11,isocontour,11.283791670955125,47433.59,99.82,-14.3,-5.3,0.005,1.8,1.1,2.1,-10.5,0.4,0.032,22,3,0,0,3
1.1,12,isocontour,11.283791670955125,47430.7,99.81,-19.5,-0.1,0.0,2.0,-1.8,2.7,-10.5,0.4,0.032,22,3,0,0,3
1.1,13,isocontour,11.283791670955125,47507.18,99.97,24.4,2.4,0.0,0.1,-1.0,1.0,4.2,-4.3,0.039,10,3,0,0,3
1.1,14,isocontour,11.283791670955125,47485.26,99.93,0.0,-22.6,0.0,-2.2,1.4,2.6,4.1,-4.3,0.117,10,2,0,0,2
1.1,15,isocontour,11.283791670955125,47475.11,99.91,23.2,24.7,0.0,0.3,0.8,0.9,4.2,-4.4,0.002,10,3,0,0,3
1.1,16,isocontour,11.283791670955125,47507.9,99.97,-21.6,21.1,0.0,0.5,-0.8,0.9,-21.6,21.1,0.0,16,0,0,0,0
1.1,17,isocontour,11.283791670955125,47461.99,99.88,23.9,24.9,0.0,0.3,0.8,0.9,4.2,-4.4,0.002,10,3,0,0,3
1.1,18,isocontour,11.283791670955125,47490.81,99.94,3.0,24.6,0.0,-1.0,-0.1,1.0,0.2,6.5,0.054,23,0,0,0,0
1.1,19,isocontour,11.283791670955125,47437.04,99.83,-9.7,13.0,0.003,2.6,-0.9,2.8,0.0,6.5,0.135,23,1,0,0,1
1.1,20,isocontour,11.283791670955125,47338.33,99.62,8.8,-9.7,0.016,-1.0,0.7,1.2,4.1,-4.2,0.228,10,2,0,0,2
1.1,21,isocontour,11.283791670955125,47508.25,99.98,10.2,-21.4,0.0,0.4,-0.7,0.8,4.2,-4.3,0.071,10,2,0,0,2
1.1,22,isocontour,11.283791670955125,47506.81,99.97,-10.5,0.3,0.052,0.1,-0.9,0.9,-10.5,0.3,0.032,22,3,0,0,3
1.1,23,isocontour,11.283791670955125,47507.69,99.97,0.2,6.5,0.237,0.9,-0.1,0.9,0.2,6.5,0.184,23,1,0,0,1
1.1,24,isocontour,11.283791670955125,47508.41,99.98,18.6,-17.6,0.0,-0.1,1.0,1.0,4.2,-4.3,0.039,10,3,0,0,3
1.1,25,isocontour,11.283791670955125,47389.77,99.73,-16.2,-3.2,0.003,2.3,1.5,2.7,-10.5,0.4,0.032,22,3,0,0,3
1.1,Target,,,,,0.0,0.0,1.626,0.0,0.0,,,,,,,,,
1.2,1,isocontour,11.283791670955125,47507.83,99.97,24.3,-12.1,0.0,-0.0,-0.9,0.9,4.2,-4.3,0.039,10,2,0,0,2
1.2,2,isocontour,11.283791670955125,47503.91,99.97,15.6,20.1,0.0,-0.8,-0.9,1.2,4.2,-4.4,0.002,10,3,0,0,3
1.2,3,isocontour,11.283791670955125,47473.06,99.9,20.5,-7.0,0.0,-0.8,2.9,3.0,4.2,-4.3,0.039,10,4,0,0,4
1.2,4,isocontour,11.283791670955125,47505.44,99.97,18.2,15.6,0.0,0.8,-0.1,0.8,4.1,-4.4,0.015,10,4,0,0,4
1.2,5,isocontour,11.283791670955125,47506.34,99.97,24.3,11.5,0.0,-0.0,0.9,0.9,4.2,-4.3,0.039,10,2,0,0,2
1.2,6,isocontour,11.283791670955125,47400.01,99.75,-5.2,-16.1,0.005,0.5,1.4,1.5,4.1,-4.2,0.228,10,2,0,0,2
1.2,7,isocontour,11.283791670955125,47369.14,99.68,0.7,12.9,0.03,-1.1,-2.2,2.5,0.2,6.5,0.237,23,2,0,0,2
1.2,8,isocontour,11.283791670955125,47385.14,99.72,0.5,-9.4,0.116,0.3,1.7,1.7,4.2,-4.2,0.286,10,3,0,0,3
1.2,9,isocontour,11.283791670955125,47506.18,99.97,17.7,1.5,0.003,-0.2,0.9,0.9,4.2,-4.3,0.039,10,2,0,0,2
1.2,10,isocontour,11.283791670955125,47505.38,99.97,4.1,-4.2,0.347,-0.7,-0.6,0.9,4.1,-4.2,0.286,10,2,0,0,2
1.2,11,isocontour,11.283791670955125,47395.22,99.74,-14.1,-5.1,0.012,1.7,2.6,3.1,-10.5,0.3,0.052,22,3,0,0,3
1.2,12,isocontour,11.283791670955125,47407.43,99.76,-19.3,-0.3,0.001,2.0,-1.7,2.6,-10.5,0.3,0.052,22,3,0,0,3
1.2,13,isocontour,11.283791670955125,47493.13,99.94,24.2,2.4,0.0,-2.1,0.6,2.2,4.2,-4.3,0.039,10,3,0,0,3
1.2,14,isocontour,11.283791670955125,47478.56,99.91,-0.0,-22.4,0.0,-0.3,1.7,1.7,4.2,-4.3,0.167,10,2,0,0,2
1.2,15,isocontour,11.283791670955125,47473.67,99.9,23.3,24.6,0.0,0.0,-1.0,1.0,4.2,-4.4,0.002,10,3,0,0,3
1.2,16,isocontour,11.283791670955125,47506.8,99.97,-21.6,21.0,0.0,0.2,-0.9,0.9,-21.6,21.0,0.0,16,0,0,0,0
1.2,17,isocontour,11.283791670955125,47460.67,99.88,23.8,24.9,0.0,-1.0,-0.3,1.0,4.2,-4.4,0.002,10,3,0,0,3
1.2,18,isocontour,11.283791670955125,47489.49,99.94,2.9,24.6,0.0,-1.0,-0.2,1.0,0.2,6.5,0.054,23,0,0,0,0
1.2,19,isocontour,11.283791670955125,47400.48,99.75,-9.4,13.0,0.007,3.0,-0.4,3.0,0.1,6.5,0.184,23,1,0,0,1
1.2,20,isocontour,11.283791670955125,47328.03,99.6,8.7,-9.6,0.03,-1.1,1.7,2.0,4.2,-4.2,0.286,10,2,0,0,2
1.2,21,isocontour,11.283791670955125,47506.97,99.97,10.1,-21.4,0.0,-0.9,0.4,1.0,4.1,-4.3,0.117,10,2,0,0,2
1.2,22,isocontour,11.283791670955125,47505.81,99.97,-10.5,0.2,0.076,0.1,-0.9,0.9,-10.5,0.2,0.052,22,3,0,0,3
1.2,23,isocontour,11.283791670955125,47506.52,99.97,0.1,6.5,0.292,-1.0,-0.1,1.0,0.1,6.5,0.237,23,1,0,0,1
1.2,24,isocontour,11.283791670955125,47507.7,99.97,18.7,-17.7,0.0,0.7,-0.4,0.8,4.2,-4.3,0.071,10,3,0,0,3
1.2,25,isocontour,11.283791670955125,47373.12,99.69,-16.0,-3.1,0.007,1.9,1.4,2.4,-10.5,0.3,0.052,22,3,0,0,3
1.2,Target,,,,,0.0,0.0,1.714,0.0,0.0,,,,,,,,,
1.3,1,isocontour,11.283791670955125,47506.59,99.97,24.4,-12.0,0.0,0.3,0.9,0.9,4.2,-4.3,0.071,10,2,0,0,2
1.3,2,isocontour,11.283791670955125,47503.12,99.96,15.5,20.1,0.0,-0.5,0.7,0.9,4.1,-4.4,0.015,10,3,0,0,3
1.3,3,isocontour,11.283791670955125,47440.28,99.83,20.4,-6.8,0.001,-0.7,2.9,3.0,4.2,-4.3,0.071,10,4,0,0,4
1.3,4,isocontour,11.283791670955125,47504.98,99.97,18.2,15.6,0.0,0.7,0.2,0.7,4.2,-4.3,0.039,10,4,0,0,4
1.3,5,isocontour,11.283791670955125,47505.46,99.97,24.3,11.6,0.0,0.1,0.9,0.9,4.2,-4.3,0.039,10,2,0,0,2
1.3,6,isocontour,11.283791670955125,47366.9,99.68,-5.0,-15.9,0.01,2.3,1.8,2.9,4.2,-4.2,0.286,10,2,0,0,2
1.3,7,isocontour,11.283791670955125,47354.52,99.65,0.8,12.7,0.049,0.7,-2.1,2.2,0.1,6.5,0.292,23,2,0,0,2
1.3,8,isocontour,11.283791670955125,47377.23,99.7,0.5,-9.2,0.159,0.3,1.8,1.8,4.1,-4.2,0.347,10,3,0,0,3
1.3,9,isocontour,11.283791670955125,47505.15,99.97,17.6,1.6,0.006,-0.1,0.9,0.9,4.2,-4.3,0.039,10,2,0,0,2
1.3,10,isocontour,11.283791670955125,47504.18,99.97,4.2,-4.2,0.404,0.9,0.4,1.0,4.2,-4.2,0.347,10,2,0,0,2
1.3,11,isocontour,11.283791670955125,47365.95,99.68,-14.0,-4.8,0.022,0.9,2.7,2.8,-10.5,0.2,0.076,22,3,0,0,3
1.3,12,isocontour,11.283791670955125,47396.34,99.74,-19.1,-0.3,0.003,2.0,0.3,2.0,-10.5,0.2,0.076,22,3,0,0,3
1.3,13,isocontour,11.283791670955125,47477.92,99.91,24.0,2.3,0.0,-1.9,-1.3,2.3,4.2,-4.3,0.039,10,3,0,0,3
1.3,14,isocontour,11.283791670955125,47451.69,99.86,-0.2,-22.2,0.001,-2.2,1.7,2.8,4.1,-4.2,0.228,10,2,0,0,2
1.3,15,isocontour,11.283791670955125,47472.31,99.9,23.3,24.5,0.0,0.4,-0.9,1.0,4.1,-4.4,0.015,10,3,0,0,3
1.3,16,isocontour,11.283791670955125,47505.7,99.97,-21.5,21.1,0.0,0.6,0.7,0.9,-21.5,21.1,0.0,16,0,0,0,0
1.3,17,isocontour,11.283791670955125,47459.42,99.87,23.7,24.9,0.0,-1.0,-0.0,1.0,4.1,-4.4,0.015,10,3,0,0,3
1.3,18,isocontour,11.283791670955125,47488.59,99.93,2.8,24.6,0.0,-0.8,0.4,0.9,0.2,6.5,0.054,23,0,0,0,0
1.3,19,isocontour,11.283791670955125,47369.01,99.68,-9.1,12.9,0.015,2.8,-0.8,2.9,0.2,6.5,0.237,23,1,0,0,1
1.3,20,isocontour,11.283791670955125,47319.73,99.58,8.5,-9.5,0.048,-1.9,0.1,1.9,4.1,-4.2,0.347,10,2,0,0,2
1.3,21,isocontour,11.283791670955125,47506.1,99.97,10.1,-21.5,0.0,-0.5,-0.7,0.9,4.2,-4.3,0.167,10,2,0,0,2
1.3,22,isocontour,11.283791670955125,47504.84,99.97,-10.5,0.1,0.105,0.1,-0.9,0.9,-10.5,0.1,0.076,22,3,0,0,3
1.3,23,isocontour,11.283791670955125,47505.38,99.97,0.0,6.5,0.349,-1.0,-0.1,1.0,0.0,6.5,0.292,23,1,0,0,1
1.3,24,isocontour,11.283791670955125,47506.3,99.97,18.7,-17.6,0.0,-0.4,0.9,1.0,4.1,-4.3,0.117,10,3,0,0,3
1.3,25,isocontour,11.283791670955125,47362.2,99.67,-15.8,-2.9,0.013,1.6,1.3,2.1,-10.5,0.2,0.076,22,3,0,0,3
1.3,Target,,,,,0.0,0.0,1.799,0.0,0.0,,,,,,,,,
1.4,1,isocontour,11.283791670955125,47477.01,99.91,24.3,-11.8,0.0,-1.2,2.6,2.9,4.1,-4.3,0.117,10,2,0,0,2
1.4,2,isocontour,11.283791670955125,47502.66,99.96,15.6,20.2,0.0,0.6,0.3,0.7,4.2,-4.3,0.039,10,3,0,0,3
1.4,3,isocontour,11.283791670955125,47405.13,99.76,20.3,-6.5,0.002,-1.1,2.8,3.0,4.1,-4.3,0.117,10,4,0,0,4
1.4,4,isocontour,11.283791670955125,47504.59,99.97,18.3,15.6,0.001,0.4,0.5,0.6,4.2,-4.3,0.039,10,4,0,0,4
1.4,5,isocontour,11.283791670955125,47504.53,99.97,24.4,11.6,0.0,0.8,-0.3,0.9,4.2,-4.3,0.039,10,2,0,0,2
1.4,6,isocontour,11.283791670955125,47355.65,99.65,-4.9,-15.7,0.018,0.5,2.0,2.1,4.1,-4.2,0.347,10,2,0,0,2
1.4,7,isocontour,11.283791670955125,47337.66,99.62,0.7,12.5,0.073,-1.2,-2.0,2.3,0.0,6.5,0.349,23,2,0,0,2
1.4,8,isocontour,11.283791670955125,47369.45,99.68,0.5,-9.0,0.209,0.4,1.8,1.8,4.2,-4.2,0.404,10,3,0,0,3
1.4,9,isocontour,11.283791670955125,47503.87,99.97,17.6,1.6,0.011,-0.3,-1.0,1.0,4.2,-4.3,0.071,10,2,0,0,2
1.4,10,isocontour,11.283791670955125,47502.74,99.96,4.2,-4.1,0.473,-0.3,1.0,1.0,4.2,-4.1,0.404,10,2,0,0,2
1.4,11,isocontour,11.283791670955125,47358.54,99.66,-13.9,-4.7,0.035,1.6,0.9,1.8,-10.5,0.1,0.105,22,3,0,0,3
1.4,12,isocontour,11.283791670955125,47374.1,99.69,-18.9,-0.4,0.007,2.0,-1.6,2.6,-10.5,0.1,0.105,22,3,0,0,3
1.4,13,isocontour,11.283791670955125,47471.78,99.9,23.9,2.3,0.001,-1.6,-0.4,1.6,4.2,-4.3,0.071,10,3,0,0,3
1.4,14,isocontour,11.283791670955125,47425.67,99.8,-0.4,-22.0,0.002,-2.1,1.8,2.8,4.2,-4.2,0.286,10,2,0,0,2
1.4,15,isocontour,11.283791670955125,47471.44,99.9,23.4,24.5,0.0,0.8,0.3,0.9,4.2,-4.3,0.039,10,3,0,0,3
1.4,16,isocontour,11.283791670955125,47504.6,99.97,-21.5,21.1,0.0,0.7,0.6,0.9,-21.5,21.1,0.0,16,0,0,0,0
1.4,17,isocontour,11.283791670955125,47438.93,99.83,23.8,25.0,0.0,1.4,2.1,2.5,4.2,-4.3,0.039,10,3,0,0,3
1.4,18,isocontour,11.283791670955125,47487.31,99.93,2.7,24.6,0.0,-1.0,-0.2,1.0,0.2,6.5,0.054,23,0,0,0,0
1.4,19,isocontour,11.283791670955125,47366.58,99.68,-8.9,12.8,0.025,1.1,-0.6,1.3,0.0,6.5,0.349,23,2,0,0,2
1.4,20,isocontour,11.283791670955125,47288.9,99.51,8.2,-9.5,0.072,-2.7,0.9,2.8,4.2,-4.2,0.404,10,2,0,0,2
1.4,21,isocontour,11.283791670955125,47503.42,99.97,10.0,-21.5,0.001,-1.2,0.4,1.3,4.1,-4.2,0.228,10,2,0,0,2
1.4,22,isocontour,11.283791670955125,47503.56,99.97,-10.5,0.2,0.136,0.1,1.0,1.0,-10.5,0.2,0.105,22,3,0,0,3
1.4,23,isocontour,11.283791670955125,47504.42,99.97,-0.1,6.5,0.407,-0.9,-0.1,0.9,-0.1,6.5,0.349,23,2,0,0,2
1.4,24,isocontour,11.283791670955125,47502.5,99.96,18.6,-17.5,0.0,-0.4,1.4,1.5,4.2,-4.3,0.167,10,3,0,0,3
1.4,25,isocontour,11.283791670955125,47348.52,99.64,-15.6,-3.0,0.023,2.2,-0.4,2.2,-10.5,0.1,0.105,22,3,0,0,3
1.4,Target,,,,,0.0,0.0,1.88,0.0,0.0,,,,,,,,,
1.5,1,isocontour,11.283791670955125,47456.76,99.87,24.2,-11.5,0.0,-0.8,2.4,2.5,4.2,-4.3,0.167,10,2,0,0,2
1.5,2,isocontour,11.283791670955125,47500.16,99.96,15.6,20.1,0.001,0.3,-1.2,1.2,4.2,-4.3,0.039,10,3,0,0,3
1.5,3,isocontour,11.283791670955125,47373.66,99.69,20.2,-6.2,0.005,-0.7,2.8,2.9,4.2,-4.3,0.167,10,4,0,0,4
1.5,4,isocontour,11.283791670955125,47503.88,99.97,18.4,15.6,0.001,0.8,-0.2,0.8,4.2,-4.3,0.039,10,4,0,0,4
1.5,5,isocontour,11.283791670955125,47475.87,99.91,24.2,11.4,0.0,-1.8,-2.2,2.8,4.2,-4.3,0.071,10,2,0,0,2
1.5,6,isocontour,11.283791670955125,47349.84,99.64,-4.9,-15.6,0.029,0.4,1.6,1.6,4.2,-4.2,0.404,10,2,0,0,2
1.5,7,isocontour,11.283791670955125,47314.12,99.57,0.5,12.3,0.104,-1.2,-2.4,2.7,-0.1,6.5,0.407,23,2,0,0,2
1.5,8,isocontour,11.283791670955125,47339.87,99.62,0.7,-8.8,0.262,2.2,1.8,2.8,4.2,-4.1,0.473,10,3,0,0,3
1.5,9,isocontour,11.283791670955125,47502.51,99.96,17.6,1.5,0.018,-0.3,-1.0,1.0,4.1,-4.3,0.117,10,2,0,0,2
1.5,10,isocontour,11.283791670955125,47501.34,99.96,4.2,-4.0,0.537,0.6,0.8,1.0,4.2,-4.0,0.473,10,2,0,0,2
1.5,11,isocontour,11.283791670955125,47347.78,99.64,-13.7,-4.6,0.053,1.8,1.0,2.1,-10.5,0.2,0.136,22,3,0,0,3
1.5,12,isocontour,11.283791670955125,47351.87,99.65,-18.7,-0.5,0.012,2.1,-1.6,2.6,-10.5,0.2,0.136,22,3,0,0,3
1.5,13,isocontour,11.283791670955125,47464.86,99.88,23.7,2.2,0.001,-1.7,-0.4,1.7,4.1,-4.3,0.117,10,3,0,0,3
1.5,14,isocontour,11.283791670955125,47417.37,99.78,-0.5,-21.9,0.003,-0.2,1.9,1.9,4.1,-4.2,0.347,10,2,0,0,2
1.5,15,isocontour,11.283791670955125,47460.03,99.87,23.4,24.3,0.0,-0.2,-2.1,2.1,4.2,-4.3,0.039,10,3,0,0,3
1.5,16,isocontour,11.283791670955125,47503.5,99.97,-21.5,21.2,0.0,-0.4,0.9,1.0,-21.5,21.2,0.0,16,0,0,0,0
1.5,17,isocontour,11.283791670955125,47400.92,99.75,23.8,24.8,0.0,-0.5,-3.1,3.1,4.2,-4.3,0.039,10,3,0,0,3
1.5,18,isocontour,11.283791670955125,47486.31,99.93,2.8,24.6,0.001,0.9,-0.1,0.9,0.2,6.5,0.054,23,0,0,0,0
1.5,19,isocontour,11.283791670955125,47328.2,99.6,-8.7,12.7,0.039,2.8,-1.3,3.1,-0.1,6.5,0.407,23,2,0,0,2
1.5,20,isocontour,11.283791670955125,47263.17,99.46,8.1,-9.3,0.104,-1.7,2.2,2.8,4.2,-4.1,0.473,10,2,0,0,2
1.5,21,isocontour,11.283791670955125,47470.31,99.9,9.7,-21.5,0.002,-3.0,-0.2,3.0,4.2,-4.2,0.286,10,2,0,0,2
1.5,22,isocontour,11.283791670955125,47502.59,99.96,-10.5,0.2,0.171,0.1,-0.9,0.9,-10.5,0.2,0.136,22,3,0,0,3
1.5,23,isocontour,11.283791670955125,47503.45,99.97,-0.2,6.4,0.465,-0.9,-0.1,0.9,-0.2,6.4,0.407,23,2,0,0,2
1.5,24,isocontour,11.283791670955125,47474.44,99.9,18.4,-17.3,0.001,-2.4,1.4,2.8,4.1,-4.2,0.228,10,3,0,0,3
1.5,25,isocontour,11.283791670955125,47323.9,99.59,-15.4,-2.8,0.036,2.2,1.5,2.7,-10.5,0.2,0.136,22,3,0,0,3
1.5,Target,,,,,0.0,0.0,1.959,0.0,0.0,,,,,,,,,
1.6,1,isocontour,11.283791670955125,47435.53,99.82,24.0,-11.4,0.001,-2.4,1.0,2.6,4.1,-4.2,0.228,10,2,0,0,2
1.6,2,isocontour,11.283791670955125,47494.76,99.95,15.7,20.0,0.001,1.3,-1.0,1.6,4.2,-4.3,0.039,10,3,0,0,3
1.6,3,isocontour,11.283791670955125,47356.15,99.66,20.2,-5.9,0.008,-0.0,2.4,2.4,4.1,-4.2,0.228,10,4,0,0,4
1.6,4,isocontour,11.283791670955125,47503.12,99.96,18.3,15.7,0.003,-0.5,0.6,0.8,4.2,-4.3,0.071,10,4,0,0,4
1.6,5,isocontour,11.283791670955125,47463.79,99.88,24.0,11.3,0.001,-2.1,-0.3,2.1,4.1,-4.3,0.117,10,2,0,0,2
1.6,6,isocontour,11.283791670955125,47342.19,99.63,-4.8,-15.4,0.043,0.4,1.8,1.8,4.2,-4.1,0.473,10,2,0,0,2
1.6,7,isocontour,11.283791670955125,47301.17,99.54,0.6,12.0,0.139,0.7,-2.1,2.2,-0.2,6.4,0.465,23,2,0,0,2
1.6,8,isocontour,11.283791670955125,47332.47,99.61,0.8,-8.6,0.319,0.3,1.8,1.8,4.2,-4.0,0.537,10,3,0,0,3
1.6,9,isocontour,11.283791670955125,47501.3,99.96,17.6,1.4,0.027,-0.2,-1.0,1.0,4.2,-4.3,0.167,10,2,0,0,2
1.6,10,isocontour,11.283791670955125,47500.43,99.96,4.2,-4.0,0.599,-0.6,-0.6,0.8,4.2,-4.0,0.537,10,2,0,0,2
1.6,11,isocontour,11.283791670955125,47337.93,99.62,-13.6,-4.5,0.075,1.7,1.0,2.0,-10.5,0.2,0.171,22,3,0,0,3
1.6,12,isocontour,11.283791670955125,47331.13,99.6,-18.5,-0.7,0.02,2.1,-1.5,2.6,-10.5,0.2,0.171,22,3,0,0,3
1.6,13,isocontour,11.283791670955125,47460.56,99.87,23.5,2.2,0.003,-1.4,-0.5,1.5,4.2,-4.3,0.167,10,3,0,0,3
1.6,14,isocontour,11.283791670955125,47392.47,99.73,-0.7,-21.7,0.006,-2.0,1.8,2.7,4.2,-4.2,0.404,10,2,0,0,2
1.6,15,isocontour,11.283791670955125,47452.12,99.86,23.2,24.3,0.0,-1.7,-0.6,1.8,4.2,-4.3,0.039,10,3,0,0,3
1.6,16,isocontour,11.283791670955125,47502.4,99.96,-21.6,21.3,0.0,-0.8,0.5,0.9,-21.6,21.3,0.0,16,0,0,0,0
1.6,17,isocontour,11.283791670955125,47362.91,99.67,23.6,24.6,0.0,-2.1,-2.3,3.1,4.2,-4.3,0.039,10,3,0,0,3
1.6,18,isocontour,11.283791670955125,47485.34,99.93,2.9,24.6,0.002,0.9,-0.0,0.9,0.2,6.5,0.054,23,0,0,0,0
1.6,19,isocontour,11.283791670955125,47322.39,99.58,-8.6,12.6,0.057,1.0,-1.3,1.6,-0.2,6.4,0.465,23,2,0,0,2
1.6,20,isocontour,11.283791670955125,47260.85,99.45,8.0,-9.2,0.136,-1.0,0.7,1.2,4.2,-4.0,0.537,10,2,0,0,2
1.6,21,isocontour,11.283791670955125,47452.81,99.86,9.5,-21.5,0.003,-2.2,-0.8,2.3,4.1,-4.2,0.347,10,2,0,0,2
1.6,22,isocontour,11.283791670955125,47501.31,99.96,-10.5,0.2,0.207,0.1,1.0,1.0,-10.5,0.2,0.171,22,3,0,0,3
1.6,23,isocontour,11.283791670955125,47502.13,99.96,-0.1,6.4,0.525,1.0,-0.1,1.0,-0.1,6.4,0.465,23,2,0,0,2
1.6,24,isocontour,11.283791670955125,47462.2,99.88,18.3,-17.1,0.002,-0.6,2.0,2.1,4.2,-4.2,0.286,10,3,0,0,3
1.6,25,isocontour,11.283791670955125,47306.62,99.55,-15.1,-2.8,0.054,2.4,-0.3,2.4,-10.5,0.2,0.171,22,3,0,0,3
1.6,Target,,,,,0.0,0.0,2.036,0.0,0.0,,,,,,,,,
1.7,1,isocontour,11.283791670955125,47420.32,99.79,23.8,-11.3,0.002,-2.0,1.1,2.3,4.2,-4.2,0.286,10,2,0,0,2
1.7,2,isocontour,11.283791670955125,47484.61,99.93,15.9,19.8,0.003,1.6,-1.2,2.0,4.2,-4.3,0.071,10,3,0,0,3
1.7,3,isocontour,11.283791670955125,47352.73,99.65,20.2,-5.8,0.013,-1.0,1.0,1.4,4.1,-4.2,0.228,10,3,0,0,3
1.7,4,isocontour,11.283791670955125,47501.59,99.96,18.3,15.6,0.004,0.4,-1.0,1.1,4.1,-4.3,0.117,10,4,0,0,4
1.7,5,isocontour,11.283791670955125,47427.94,99.81,23.8,11.2,0.002,-2.4,-1.9,3.1,4.2,-4.3,0.167,10,2,0,0,2
1.7,6,isocontour,11.283791670955125,47337.8,99.62,-4.8,-15.3,0.061,0.5,1.4,1.5,4.2,-4.0,0.537,10,2,0,0,2
1.7,7,isocontour,11.283791670955125,47285.96,99.51,0.6,11.8,0.178,0.7,-2.2,2.3,-0.1,6.4,0.525,23,2,0,0,2
1.7,8,isocontour,11.283791670955125,47302.58,99.54,1.0,-8.5,0.378,2.2,1.8,2.8,4.2,-4.0,0.599,10,3,0,0,3
1.7,9,isocontour,11.283791670955125,47500.06,99.96,17.6,1.3,0.038,-0.2,-1.0,1.0,4.1,-4.2,0.228,10,2,0,0,2
1.7,10,isocontour,11.283791670955125,47499.03,99.96,4.2,-4.1,0.648,0.7,-0.7,1.0,4.2,-4.1,0.599,10,3,0,0,3
1.7,11,isocontour,11.283791670955125,47327.63,99.6,-13.5,-4.3,0.099,0.3,2.0,2.0,-10.5,0.2,0.207,22,3,0,0,3
1.7,12,isocontour,11.283791670955125,47311.59,99.56,-18.3,-0.8,0.031,2.0,-1.4,2.4,-10.5,0.2,0.207,22,3,0,0,3
1.7,13,isocontour,11.283791670955125,47453.4,99.86,23.4,2.2,0.006,-1.7,-0.4,1.7,4.1,-4.2,0.228,10,3,0,0,3
1.7,14,isocontour,11.283791670955125,47384.69,99.72,-0.7,-21.5,0.011,-0.1,1.8,1.8,4.2,-4.1,0.473,10,2,0,0,2
1.7,15,isocontour,11.283791670955125,47383.42,99.71,22.9,24.1,0.0,-3.2,-2.0,3.8,4.2,-4.3,0.071,10,3,0,0,3
1.7,16,isocontour,11.283791670955125,47501.3,99.96,-21.7,21.3,0.0,-0.9,-0.2,0.9,-21.7,21.3,0.0,16,0,0,0,0
1.7,17,isocontour,11.283791670955125,47362.74,99.67,23.5,24.6,0.0,-0.5,0.2,0.5,4.2,-4.3,0.071,10,3,0,0,3
1.7,18,isocontour,11.283791670955125,47484.02,99.92,2.8,24.5,0.004,-1.0,-0.3,1.0,0.2,6.5,0.054,23,0,0,0,0
1.7,19,isocontour,11.283791670955125,47284.38,99.5,-8.3,12.5,0.08,2.7,-1.5,3.1,-0.1,6.4,0.525,23,2,0,0,2
1.7,20,isocontour,11.283791670955125,47253.07,99.44,7.9,-9.0,0.173,-0.8,1.6,1.8,4.2,-4.0,0.599,10,2,0,0,2
1.7,21,isocontour,11.283791670955125,47451.06,99.85,9.3,-21.5,0.006,-1.1,0.2,1.1,4.2,-4.2,0.404,10,2,0,0,2
1.7,22,isocontour,11.283791670955125,47500.34,99.96,-10.5,0.2,0.245,0.1,-0.9,0.9,-10.5,0.2,0.207,22,3,0,0,3
1.7,23,isocontour,11.283791670955125,47501.19,99.96,-0.2,6.4,0.583,-0.9,-0.1,0.9,-0.2,6.4,0.525,23,2,0,0,2
1.7,24,isocontour,11.283791670955125,47458.92,99.87,18.2,-17.1,0.003,-1.4,0.0,1.4,4.1,-4.2,0.347,10,2,0,0,2
1.7,25,isocontour,11.283791670955125,47289.55,99.52,-14.9,-2.9,0.076,2.4,-0.2,2.4,-10.5,0.2,0.207,22,3,0,0,3
1.7,Target,,,,,0.0,0.0,2.109,0.0,0.0,,,,,,,,,
1.8,1,isocontour,11.283791670955125,47407.37,99.76,23.6,-11.4,0.003,-2.0,-0.8,2.2,4.1,-4.2,0.347,10,2,0,0,2
1.8,2,isocontour,11.283791670955125,47480.4,99.92,15.9,19.7,0.005,0.1,-1.5,1.5,4.1,-4.3,0.117,10,3,0,0,3
1.8,3,isocontour,11.283791670955125,47326.72,99.59,20.1,-5.6,0.02,-0.4,2.7,2.7,4.2,-4.2,0.286,10,3,0,0,3
1.8,4,isocontour,11.283791670955125,47500.31,99.96,18.4,15.5,0.007,0.6,-0.8,1.0,4.2,-4.3,0.167,10,4,0,0,4
1.8,5,isocontour,11.283791670955125,47399.58,99.75,23.6,10.9,0.004,-1.6,-2.3,2.8,4.1,-4.2,0.228,10,2,0,0,2
1.8,6,isocontour,11.283791670955125,47300.88,99.54,-4.6,-15.0,0.084,1.7,2.5,3.0,4.2,-4.0,0.599,10,2,0,0,2
1.8,7,isocontour,11.283791670955125,47264.98,99.46,0.6,11.6,0.222,-1.3,-2.2,2.6,-0.2,6.4,0.583,23,2,0,0,2
1.8,8,isocontour,11.283791670955125,47295.3,99.53,1.0,-8.3,0.441,0.3,1.7,1.7,4.2,-4.1,0.648,10,3,0,0,3
1.8,9,isocontour,11.283791670955125,47498.7,99.96,17.5,1.2,0.051,-0.3,-1.0,1.0,4.1,-4.2,0.228,10,2,0,0,2
1.8,10,isocontour,11.283791670955125,47497.59,99.95,4.2,-4.0,0.715,-0.3,1.0,1.0,4.2,-4.0,0.648,10,2,0,0,2
1.8,11,isocontour,11.283791670955125,47323.67,99.59,-13.4,-4.2,0.127,1.2,0.9,1.5,-10.5,0.2,0.245,22,3,0,0,3
1.8,12,isocontour,11.283791670955125,47299.34,99.54,-18.1,-0.8,0.044,2.0,0.5,2.1,-10.5,0.2,0.245,22,3,0,0,3
1.8,13,isocontour,11.283791670955125,47444.83,99.84,23.2,2.1,0.009,-1.8,-0.5,1.9,4.1,-4.2,0.228,10,3,0,0,3
1.8,14,isocontour,11.283791670955125,47376.65,99.7,-0.7,-21.3,0.017,-0.1,1.8,1.8,4.2,-4.0,0.537,10,2,0,0,2
1.8,15,isocontour,11.283791670955125,47364.81,99.67,22.7,24.0,0.0,-2.2,-1.1,2.5,4.1,-4.3,0.117,10,3,0,0,3
1.8,16,isocontour,11.283791670955125,47500.2,99.96,-21.7,21.3,0.001,-0.3,0.9,0.9,-21.7,21.3,0.0,16,0,0,0,0
1.8,17,isocontour,11.283791670955125,47360.13,99.66,23.5,24.5,0.0,-0.7,-1.1,1.3,4.1,-4.3,0.117,10,3,0,0,3
1.8,18,isocontour,11.283791670955125,47482.66,99.92,2.7,24.5,0.006,-1.0,-0.3,1.0,0.2,6.5,0.054,23,0,0,0,0
1.8,19,isocontour,11.283791670955125,47275.68,99.49,-8.2,12.3,0.106,1.1,-1.5,1.9,-0.2,6.4,0.583,23,2,0,0,2
1.8,20,isocontour,11.283791670955125,47218.6,99.37,7.7,-8.8,0.219,-2.1,2.2,3.0,4.2,-4.1,0.648,10,2,0,0,2
1.8,21,isocontour,11.283791670955125,47416.93,99.78,9.1,-21.5,0.009,-3.0,0.3,3.0,4.2,-4.1,0.473,10,2,0,0,2
1.8,22,isocontour,11.283791670955125,47499.06,99.96,-10.5,0.2,0.285,0.0,1.0,1.0,-10.5,0.2,0.245,22,3,0,0,3
1.8,23,isocontour,11.283791670955125,47499.87,99.96,-0.1,6.4,0.641,1.0,-0.1,1.0,-0.1,6.4,0.583,23,2,0,0,2
1.8,24,isocontour,11.283791670955125,47456.3,99.87,18.1,-17.2,0.005,-1.0,-0.8,1.3,4.2,-4.2,0.404,10,2,0,0,2
1.8,25,isocontour,11.283791670955125,47264.65,99.46,-14.7,-2.7,0.102,2.1,1.7,2.7,-10.5,0.2,0.245,22,3,0,0,3
1.8,Target,,,,,0.0,0.0,2.18,0.0,0.0,,,,,,,,,
1.9,1,isocontour,11.283791670955125,47404.81,99.76,23.4,-11.4,0.006,-1.2,-0.2,1.2,4.2,-4.2,0.404,10,2,0,0,2
1.9,2,isocontour,11.283791670955125,47468.15,99.89,16.0,19.6,0.007,1.7,-1.3,2.1,4.2,-4.3,0.167,10,3,0,0,3
1.9,3,isocontour,11.283791670955125,47291.91,99.52,20.0,-5.3,0.029,-1.2,2.8,3.0,4.1,-4.2,0.347,10,3,0,0,3
1.9,4,isocontour,11.283791670955125,47499.83,99.96,18.4,15.5,0.011,-0.0,0.7,0.7,4.1,-4.2,0.228,10,4,0,0,4
1.9,5,isocontour,11.283791670955125,47372.12,99.69,23.5,10.7,0.006,-1.6,-2.3,2.8,4.1,-4.2,0.228,10,2,0,0,2
1.9,6,isocontour,11.283791670955125,47271.92,99.48,-4.4,-14.8,0.11,2.3,1.6,2.8,4.2,-4.1,0.648,10,2,0,0,2
1.9,7,isocontour,11.283791670955125,47251.3,99.43,0.6,11.4,0.269,0.7,-2.1,2.2,-0.1,6.4,0.641,23,2,0,0,2
1.9,8,isocontour,11.283791670955125,47259.09,99.45,1.2,-8.1,0.507,2.1,2.2,3.0,4.2,-4.0,0.715,10,3,0,0,3
1.9,9,isocontour,11.283791670955125,47497.13,99.95,17.5,1.1,0.067,-0.5,-0.9,1.0,4.2,-4.2,0.286,10,2,0,0,2
1.9,10,isocontour,11.283791670955125,47496.19,99.95,4.3,-4.0,0.77,1.0,0.3,1.0,4.3,-4.0,0.715,10,3,0,0,3
1.9,11,isocontour,11.283791670955125,47285.66,99.51,-13.3,-3.9,0.16,1.5,2.7,3.1,-10.5,0.2,0.285,22,3,0,0,3
1.9,12,isocontour,11.283791670955125,47279.8,99.49,-17.9,-0.9,0.061,2.1,-1.3,2.5,-10.5,0.2,0.285,22,3,0,0,3
1.9,13,isocontour,11.283791670955125,47440.27,99.83,23.0,2.1,0.014,-1.5,-0.5,1.6,4.2,-4.2,0.286,10,3,0,0,3
1.9,14,isocontour,11.283791670955125,47351.48,99.65,-0.9,-21.1,0.026,-1.9,1.9,2.7,4.2,-4.0,0.599,10,2,0,0,2
1.9,15,isocontour,11.283791670955125,47362.31,99.67,22.6,23.8,0.001,-0.7,-1.0,1.2,4.2,-4.3,0.167,10,3,0,0,3
1.9,16,isocontour,11.283791670955125,47499.1,99.96,-21.7,21.3,0.001,0.6,-0.7,0.9,-21.7,21.3,0.001,16,0,0,0,0
1.9,17,isocontour,11.283791670955125,47330.86,99.6,23.3,24.3,0.0,-2.4,-1.6,2.9,4.2,-4.3,0.167,10,3,0,0,3
1.9,18,isocontour,11.283791670955125,47481.69,99.92,2.8,24.5,0.009,0.9,0.0,0.9,0.2,6.5,0.054,23,0,0,0,0
1.9,19,isocontour,11.283791670955125,47242.56,99.42,-8.0,12.1,0.138,2.3,-1.9,3.0,-0.1,6.4,0.641,23,2,0,0,2
1.9,20,isocontour,11.283791670955125,47214.04,99.36,7.6,-8.7,0.263,-0.7,1.3,1.5,4.2,-4.0,0.715,10,2,0,0,2
1.9,21,isocontour,11.283791670955125,47383.15,99.71,8.8,-21.5,0.014,-3.0,0.2,3.0,4.2,-4.0,0.537,10,2,0,0,2
1.9,22,isocontour,11.283791670955125,47498.09,99.95,-10.5,0.2,0.325,0.1,-0.9,0.9,-10.5,0.2,0.285,22,3,0,0,3
1.9,23,isocontour,11.283791670955125,47475.79,99.91,0.1,6.2,0.718,1.8,-2.0,2.7,4.2,-4.0,0.715,10,3,0,0,3
1.9,24,isocontour,11.283791670955125,47451.38,99.86,18.0,-17.3,0.008,-1.1,-1.1,1.6,4.2,-4.1,0.473,10,2,0,0,2
1.9,25,isocontour,11.283791670955125,47255.95,99.44,-14.5,-2.7,0.13,1.9,-0.2,1.9,-10.5,0.2,0.285,22,3,0,0,3
1.9,Target,,,,,0.0,0.0,2.249,0.0,0.0,,,,,,,,,
2.0,1,isocontour,11.283791670955125,47394.82,99.74,23.3,-11.3,0.009,-1.7,1.1,2.0,23.3,-11.3,0.006,1,2,0,0,2
2.0,2,isocontour,11.283791670955125,47457.07,99.87,16.2,19.4,0.011,1.6,-1.3,2.1,16.2,19.4,0.007,2,3,0,0,3
2.0,3,isocontour,11.283791670955125,47289.7,99.52,19.9,-5.2,0.04,-0.7,0.9,1.1,19.9,-5.2,0.029,3,3,0,0,3
2.0,4,isocontour,11.283791670955125,47497.4,99.95,18.4,15.5,0.016,-0.7,-1.0,1.2,18.4,15.5,0.011,4,4,0,0,4
2.0,5,isocontour,11.283791670955125,47360.55,99.66,23.3,10.6,0.01,-2.0,-0.4,2.0,23.3,10.6,0.006,5,2,0,0,2
2.0,6,isocontour,11.283791670955125,47266.62,99.47,-4.3,-14.7,0.137,0.5,1.5,1.6,-4.3,-14.7,0.11,6,2,0,0,2
2.0,7,isocontour,11.283791670955125,47235.28,99.4,0.7,11.2,0.319,0.7,-2.2,2.3,0.7,11.2,0.269,7,2,0,0,2
2.0,8,isocontour,11.283791670955125,47252.17,99.44,1.3,-7.9,0.572,0.4,1.7,1.7,1.3,-7.9,0.507,8,3,0,0,3
2.0,9,isocontour,11.283791670955125,47496.0,99.95,17.4,1.2,0.084,-0.2,0.9,0.9,17.4,1.2,0.067,9,2,0,0,2
2.0,10,isocontour,11.283791670955125,47495.25,99.95,4.2,-4.0,0.827,-0.7,-0.5,0.9,4.2,-4.0,0.77,10,3,0,0,3
2.0,11,isocontour,11.283791670955125,47283.17,99.5,-13.2,-3.8,0.193,0.8,1.0,1.3,-13.2,-3.8,0.16,11,3,0,0,3
2.0,12,isocontour,11.283791670955125,47264.39,99.46,-17.7,-0.9,0.08,2.2,0.6,2.3,-17.7,-0.9,0.061,12,3,0,0,3
2.0,13,isocontour,11.283791670955125,47435.54,99.82,22.9,2.0,0.021,-1.5,-0.4,1.6,22.9,2.0,0.014,13,3,0,0,3
2.0,14,isocontour,11.283791670955125,47341.49,99.62,-0.9,-20.9,0.036,0.0,2.0,2.0,-0.9,-20.9,0.026,14,2,0,0,2
2.0,15,isocontour,11.283791670955125,47333.04,99.61,22.5,23.6,0.001,-1.1,-2.6,2.8,22.5,23.6,0.001,15,3,0,0,3
2.0,16,isocontour,11.283791670955125,47498.0,99.95,-21.7,21.2,0.002,-0.8,-0.4,0.9,-21.7,21.2,0.001,16,0,0,0,0
2.0,17,isocontour,11.283791670955125,47322.43,99.58,23.2,24.1,0.001,-0.5,-1.8,1.9,23.2,24.1,0.0,17,3,0,0,3
2.0,18,isocontour,11.283791670955125,47480.66,99.92,2.9,24.5,0.013,0.9,-0.1,0.9,2.9,24.5,0.009,18,0,0,0,0
2.0,19,isocontour,11.283791670955125,47229.25,99.39,-7.8,12.1,0.169,2.2,-0.2,2.2,-7.8,12.1,0.138,19,2,0,0,2
2.0,20,isocontour,11.283791670955125,47182.25,99.29,7.4,-8.5,0.315,-2.6,1.4,3.0,7.4,-8.5,0.263,20,2,0,0,2
2.0,21,isocontour,11.283791670955125,47349.03,99.64,8.5,-21.4,0.021,-3.0,0.4,3.0,8.5,-21.4,0.014,21,2,0,0,2
2.0,22,isocontour,11.283791670955125,47496.81,99.95,-10.5,0.2,0.366,0.1,1.0,1.0,-10.5,0.2,0.325,22,3,0,0,3
2.0,23,isocontour,11.283791670955125,47465.49,99.89,0.1,6.0,0.8,-0.1,-2.0,2.0,0.1,6.0,0.718,23,3,0,0,3
2.0,24,isocontour,11.283791670955125,47441.97,99.84,17.9,-17.4,0.012,-1.3,-1.4,1.9,17.9,-17.4,0.008,24,2,0,0,2
2.0,25,isocontour,11.283791670955125,47248.16,99.43,-14.3,-2.7,0.161,1.8,-0.1,1.8,-14.3,-2.7,0.13,25,3,0,0,3
2.0,Target,,,,,0.0,0.0,2.315,0.0,0.0,,,,,,,,,
2.1,1,isocontour,11.283791670955125,47378.8,99.7,23.1,-11.4,0.014,-2.2,-0.6,2.3,19.9,-5.2,0.04,3,2,0,0,2
2.1,2,isocontour,11.283791670955125,47418.69,99.79,16.4,19.2,0.016,1.6,-2.7,3.1,18.4,15.5,0.016,4,3,0,0,3
2.1,3,isocontour,11.283791670955125,47285.74,99.51,19.8,-5.1,0.052,-1.0,1.1,1.5,17.4,1.2,0.084,9,3,0,0,3
2.1,4,isocontour,11.283791670955125,47496.0,99.95,18.3,15.4,0.022,-0.1,-1.0,1.0,18.3,15.4,0.016,4,4,0,0,4
2.1,5,isocontour,11.283791670955125,47356.25,99.66,23.1,10.6,0.015,-1.5,0.1,1.5,17.4,1.2,0.084,9,4,0,0,4
2.1,6,isocontour,11.283791670955125,47248.23,99.43,-4.1,-14.6,0.167,2.2,1.1,2.5,1.3,-7.9,0.572,8,2,0,0,2
2.1,7,isocontour,11.283791670955125,47220.85,99.37,0.7,11.0,0.371,0.7,-2.1,2.2,0.1,6.0,0.8,23,2,0,0,2
2.1,8,isocontour,11.283791670955125,47229.15,99.39,1.5,-7.8,0.633,2.2,1.4,2.6,4.2,-4.0,0.827,10,3,0,0,3
2.1,9,isocontour,11.283791670955125,47494.75,99.95,17.4,1.1,0.103,-0.2,-1.0,1.0,17.4,1.1,0.084,9,3,0,0,3
2.1,10,isocontour,11.283791670955125,47494.44,99.95,4.2,-4.0,0.893,-0.7,0.5,0.9,4.2,-4.0,0.827,10,3,0,0,3
2.1,11,isocontour,11.283791670955125,47245.53,99.42,-13.0,-3.6,0.231,1.5,2.7,3.1,-10.5,0.2,0.366,22,3,0,0,3
2.1,12,isocontour,11.283791670955125,47251.26,99.43,-17.4,-0.8,0.103,2.1,0.6,2.2,-10.5,0.2,0.366,22,3,0,0,3
2.1,13,isocontour,11.283791670955125,47404.71,99.76,22.7,1.8,0.03,-1.8,-2.3,2.9,17.4,1.2,0.084,9,3,0,0,3
2.1,14,isocontour,11.283791670955125,47333.18,99.61,-0.9,-20.7,0.049,-0.1,1.9,1.9,-4.3,-14.7,0.137,6,2,0,0,2
2.1,15,isocontour,11.283791670955125,47330.43,99.6,22.4,23.5,0.002,-0.6,-1.1,1.3,18.4,15.5,0.016,4,3,0,0,3
2.1,16,isocontour,11.283791670955125,47496.9,99.95,-21.8,21.3,0.004,-0.6,0.7,0.9,-21.8,21.3,0.002,16,0,0,0,0
2.1,17,isocontour,11.283791670955125,47315.38,99.57,23.1,24.0,0.001,-0.5,-1.7,1.8,18.4,15.5,0.016,4,3,0,0,3
2.1,18,isocontour,11.283791670955125,47479.56,99.91,2.8,24.5,0.018,-0.9,0.1,0.9,2.8,24.5,0.013,18,0,0,0,0
2.1,19,isocontour,11.283791670955125,47195.13,99.32,-7.5,12.0,0.205,2.8,-1.1,3.0,0.1,6.0,0.8,23,2,0,0,2
2.1,20,isocontour,11.283791670955125,47179.82,99.28,7.2,-8.4,0.362,-1.0,0.7,1.2,4.2,-4.0,0.827,10,2,0,0,2
2.1,21,isocontour,11.283791670955125,47314.22,99.57,8.2,-21.5,0.028,-3.0,-0.3,3.0,-0.9,-20.9,0.036,14,2,0,0,2
2.1,22,isocontour,11.283791670955125,47495.84,99.95,-10.5,0.2,0.408,0.1,-0.9,0.9,-10.5,0.2,0.366,22,3,0,0,3
2.1,23,isocontour,11.283791670955125,47455.04,99.86,0.1,5.8,0.883,-0.1,-2.0,2.0,4.2,-4.0,0.827,10,3,0,0,3
2.1,24,isocontour,11.283791670955125,47439.17,99.83,17.7,-17.4,0.017,-1.3,-0.3,1.3,8.5,-21.4,0.021,21,2,0,0,2
2.1,25,isocontour,11.283791670955125,47235.74,99.4,-14.1,-2.7,0.195,2.1,0.0,2.1,-10.5,0.2,0.366,22,3,0,0,3
2.1,Target,,,,,0.0,0.0,2.379,0.0,0.0,,,,,,,,,
2.2,1,isocontour,11.283791670955125,47369.53,99.68,22.9,-11.4,0.02,-1.8,-0.6,1.9,17.4,1.2,0.084,9,2,0,0,2
2.2,2,isocontour,11.283791670955125,47407.93,99.76,16.4,19.0,0.022,-0.0,-2.0,2.0,17.4,1.2,0.084,9,4,0,0,4
2.2,3,isocontour,11.283791670955125,47281.69,99.5,19.7,-5.0,0.067,-1.0,1.1,1.5,17.4,1.1,0.103,9,3,0,0,3
2.2,4,isocontour,11.283791670955125,47494.05,99.95,18.4,15.3,0.03,0.5,-1.0,1.1,17.4,1.2,0.084,9,4,0,0,4
2.2,5,isocontour,11.283791670955125,47330.8,99.6,22.9,10.6,0.021,-2.7,-0.3,2.7,17.4,1.1,0.103,9,4,0,0,4
2.2,6,isocontour,11.283791670955125,47209.85,99.35,-3.9,-14.3,0.203,2.0,2.4,3.1,4.2,-4.0,0.827,10,2,0,0,2
2.2,7,isocontour,11.283791670955125,47206.61,99.34,0.8,10.7,0.425,0.7,-2.1,2.2,0.1,5.8,0.883,23,2,0,0,2
2.2,8,isocontour,11.283791670955125,47205.34,99.34,1.7,-7.6,0.693,2.2,1.5,2.7,4.2,-4.0,0.893,10,3,0,0,3
2.2,9,isocontour,11.283791670955125,47493.72,99.94,17.4,1.2,0.123,-0.0,0.9,0.9,17.4,1.2,0.103,9,3,0,0,3
2.2,10,isocontour,11.283791670955125,47493.56,99.94,4.1,-3.9,0.959,-0.4,0.8,0.9,4.1,-3.9,0.893,10,3,0,0,3
2.2,11,isocontour,11.283791670955125,47242.39,99.42,-12.9,-3.5,0.269,1.0,0.9,1.3,-10.5,0.2,0.408,22,3,0,0,3
2.2,12,isocontour,11.283791670955125,47230.77,99.39,-17.2,-0.9,0.128,2.2,-1.3,2.6,-10.5,0.2,0.408,22,3,0,0,3
2.2,13,isocontour,11.283791670955125,47377.83,99.7,22.6,1.6,0.04,-1.6,-2.2,2.7,17.4,1.1,0.103,9,3,0,0,3
2.2,14,isocontour,11.283791670955125,47323.63,99.59,-0.9,-20.6,0.063,0.1,2.0,2.0,1.3,-7.9,0.572,8,2,0,0,2
2.2,15,isocontour,11.283791670955125,47324.08,99.59,22.4,23.3,0.003,-0.4,-1.7,1.7,18.3,15.4,0.022,4,3,0,0,3
2.2,16,isocontour,11.283791670955125,47495.8,99.95,-21.8,21.4,0.005,-0.5,0.8,0.9,-21.8,21.4,0.004,16,0,0,0,0
2.2,17,isocontour,11.283791670955125,47312.52,99.56,23.1,23.9,0.002,-1.0,-0.8,1.3,18.3,15.4,0.022,4,3,0,0,3
2.2,18,isocontour,11.283791670955125,47478.46,99.91,2.8,24.6,0.024,-0.3,0.9,0.9,2.8,24.6,0.018,18,0,0,0,0
2.2,19,isocontour,11.283791670955125,47189.0,99.3,-7.4,11.8,0.242,0.8,-1.5,1.7,0.1,5.8,0.883,23,2,0,0,2
2.2,20,isocontour,11.283791670955125,47149.93,99.22,7.1,-8.2,0.419,-1.4,2.5,2.9,4.2,-4.0,0.893,10,2,0,0,2
2.2,21,isocontour,11.283791670955125,47280.77,99.5,7.9,-21.5,0.037,-3.0,-0.2,3.0,-4.3,-14.7,0.137,6,2,0,0,2
2.2,22,isocontour,11.283791670955125,47495.03,99.95,-10.5,0.1,0.444,-0.7,-0.5,0.9,-10.5,0.1,0.408,22,3,0,0,3
2.2,23,isocontour,11.283791670955125,47429.59,99.81,0.2,5.6,0.966,1.8,-2.0,2.7,4.2,-4.0,0.893,10,3,0,0,3
2.2,24,isocontour,11.283791670955125,47435.82,99.82,17.6,-17.4,0.024,-1.4,0.2,1.4,19.9,-5.2,0.04,3,2,0,0,2
2.2,25,isocontour,11.283791670955125,47229.93,99.39,-13.9,-2.7,0.231,1.7,0.1,1.7,-10.5,0.2,0.408,22,3,0,0,3
2.2,Target,,,,,0.0,0.0,2.44,0.0,0.0,,,,,,,,,
2.3,1,isocontour,11.283791670955125,47359.69,99.66,22.7,-11.5,0.027,-1.9,-0.5,2.0,17.4,1.1,0.103,9,2,0,0,2
2.3,2,isocontour,11.283791670955125,47397.16,99.74,16.5,18.8,0.029,1.6,-1.2,2.0,17.4,1.1,0.103,9,4,0,0,4
2.3,3,isocontour,11.283791670955125,47245.13,99.42,19.6,-4.7,0.083,-0.7,3.0,3.1,17.4,1.2,0.123,9,3,0,0,3
2.3,4,isocontour,11.283791670955125,47493.12,99.94,18.5,15.2,0.037,0.9,-0.2,0.9,17.4,1.1,0.103,9,4,0,0,4
2.3,5,isocontour,11.283791670955125,47326.42,99.59,22.7,10.6,0.029,-1.5,-0.1,1.5,17.4,1.2,0.123,9,4,0,0,4
2.3,6,isocontour,11.283791670955125,47184.68,99.29,-3.8,-14.1,0.243,1.0,2.5,2.7,4.2,-4.0,0.893,10,2,0,0,2
2.3,7,isocontour,11.283791670955125,47193.48,99.31,0.9,10.5,0.48,0.7,-2.1,2.2,0.2,5.6,0.966,23,2,0,0,2
2.3,8,isocontour,11.283791670955125,47174.83,99.27,1.9,-7.4,0.757,2.1,2.0,2.9,4.1,-3.9,0.959,10,3,0,0,3
2.3,9,isocontour,11.283791670955125,47492.48,99.94,17.4,1.1,0.144,-0.2,-1.0,1.0,17.4,1.1,0.123,9,3,0,0,3
2.3,10,isocontour,11.283791670955125,47491.01,99.94,4.1,-3.8,1.029,-0.6,1.1,1.3,0.2,5.6,0.966,23,3,0,0,3
2.3,11,isocontour,11.283791670955125,47238.67,99.41,-12.8,-3.4,0.308,1.1,0.9,1.4,-10.5,0.1,0.444,22,3,0,0,3
2.3,12,isocontour,11.283791670955125,47214.75,99.36,-17.0,-0.9,0.156,2.2,0.6,2.3,-10.5,0.1,0.444,22,3,0,0,3
2.3,13,isocontour,11.283791670955125,47348.87,99.64,22.4,1.4,0.052,-1.8,-2.2,2.8,17.4,1.2,0.123,9,3,0,0,3
2.3,14,isocontour,11.283791670955125,47312.39,99.56,-0.9,-20.3,0.081,0.1,2.1,2.1,4.2,-4.0,0.827,10,2,0,0,2
2.3,15,isocontour,11.283791670955125,47289.27,99.51,22.2,23.1,0.005,-1.4,-2.7,3.0,17.4,1.2,0.084,9,3,0,0,3
2.3,16,isocontour,11.283791670955125,47494.7,99.95,-21.8,21.3,0.008,0.2,-0.9,0.9,-21.8,21.3,0.005,16,0,0,0,0
2.3,17,isocontour,11.283791670955125,47304.48,99.55,23.0,23.7,0.004,-0.4,-1.8,1.8,17.4,1.2,0.084,9,3,0,0,3
2.3,18,isocontour,11.283791670955125,47477.36,99.91,2.9,24.6,0.031,0.9,-0.0,0.9,2.9,24.6,0.024,18,0,0,0,0
2.3,19,isocontour,11.283791670955125,47184.95,99.29,-7.3,11.7,0.28,0.8,-1.2,1.4,0.2,5.6,0.966,23,2,0,0,2
2.3,20,isocontour,11.283791670955125,47115.46,99.15,6.9,-8.0,0.481,-1.5,2.6,3.0,4.1,-3.9,0.959,10,2,0,0,2
2.3,21,isocontour,11.283791670955125,47278.62,99.49,7.8,-21.5,0.048,-1.1,0.4,1.2,1.3,-7.9,0.572,8,2,0,0,2
2.3,22,isocontour,11.283791670955125,47494.06,99.95,-10.5,0.0,0.485,0.1,-0.9,0.9,-10.5,0.0,0.444,22,3,0,0,3
2.3,23,isocontour,11.283791670955125,47428.74,99.81,0.2,5.6,1.024,-0.9,-0.0,0.9,0.2,5.6,0.966,23,3,0,0,3
2.3,24,isocontour,11.283791670955125,47430.99,99.81,17.5,-17.5,0.031,-1.1,-1.1,1.6,-4.3,-14.7,0.137,6,2,0,0,2
2.3,25,isocontour,11.283791670955125,47204.76,99.34,-13.8,-2.5,0.27,1.8,2.0,2.7,-10.5,0.1,0.444,22,3,0,0,3
2.3,Target,,,,,0.0,0.0,2.5,0.0,0.0,,,,,,,,,
2.4,1,isocontour,11.283791670955125,47344.67,99.63,22.5,-11.4,0.035,-1.9,1.2,2.2,-4.3,-14.7,0.137,6,2,0,0,2
2.4,2,isocontour,11.283791670955125,47378.54,99.7,16.6,18.6,0.038,0.4,-2.4,2.4,17.4,1.2,0.123,9,4,0,0,4
2.4,3,isocontour,11.283791670955125,47211.01,99.35,19.6,-4.4,0.101,-0.6,2.9,3.0,17.4,1.1,0.144,9,3,0,0,3
2.4,4,isocontour,11.283791670955125,47490.74,99.94,18.4,15.1,0.047,-0.3,-1.2,1.2,17.4,1.2,0.123,9,4,0,0,4
2.4,5,isocontour,11.283791670955125,47293.64,99.52,22.5,10.4,0.039,-2.3,-1.8,2.9,17.4,1.1,0.144,9,4,0,0,4
2.4,6,isocontour,11.283791670955125,47175.27,99.27,-3.8,-13.9,0.281,0.5,1.9,2.0,4.1,-3.9,0.959,10,2,0,0,2
2.4,7,isocontour,11.283791670955125,47182.07,99.29,0.9,10.3,0.536,0.6,-2.0,2.1,0.2,5.6,1.024,23,2,0,0,2
2.4,8,isocontour,11.283791670955125,47167.17,99.26,2.0,-7.2,0.824,0.2,1.8,1.8,4.1,-3.8,1.029,10,3,0,0,3
2.4,9,isocontour,11.283791670955125,47491.44,99.94,17.4,1.2,0.166,-0.1,0.9,0.9,17.4,1.2,0.144,9,3,0,0,3
2.4,10,isocontour,11.283791670955125,47487.28,99.93,4.0,-3.7,1.102,-1.1,0.8,1.4,4.0,-3.7,1.029,10,3,0,0,3
2.4,11,isocontour,11.283791670955125,47234.54,99.4,-12.7,-3.3,0.349,1.2,0.8,1.4,-10.5,0.0,0.485,22,3,0,0,3
2.4,12,isocontour,11.283791670955125,47200.7,99.33,-16.8,-0.8,0.186,2.1,0.6,2.2,-10.5,0.0,0.485,22,3,0,0,3
2.4,13,isocontour,11.283791670955125,47342.62,99.63,22.2,1.3,0.066,-1.7,-0.2,1.7,17.4,1.1,0.144,9,3,0,0,3
2.4,14,isocontour,11.283791670955125,47304.61,99.55,-0.9,-20.2,0.099,0.1,1.8,1.8,4.2,-4.0,0.893,10,2,0,0,2
2.4,15,isocontour,11.283791670955125,47266.25,99.47,22.2,22.8,0.007,-0.7,-2.5,2.6,17.4,1.1,0.103,9,3,0,0,3
2.4,16,isocontour,11.283791670955125,47493.6,99.94,-21.8,21.2,0.011,0.8,-0.5,0.9,-21.8,21.2,0.008,16,0,0,0,0
2.4,17,isocontour,11.283791670955125,47297.32,99.53,22.9,23.6,0.006,-1.6,-0.8,1.8,17.4,1.1,0.103,9,3,0,0,3
2.4,18,isocontour,11.283791670955125,47476.26,99.91,2.8,24.6,0.039,-0.9,0.2,0.9,2.8,24.6,0.031,18,0,0,0,0
2.4,19,isocontour,11.283791670955125,47146.58,99.21,-7.1,11.5,0.325,2.5,-1.8,3.1,0.2,5.6,1.024,23,2,0,0,2
2.4,20,isocontour,11.283791670955125,47105.91,99.13,6.9,-7.8,0.536,-0.4,1.9,1.9,4.1,-3.8,1.029,10,2,0,0,2
2.4,21,isocontour,11.283791670955125,47244.49,99.42,7.5,-21.4,0.06,-2.9,0.5,2.9,4.2,-4.0,0.827,10,2,0,0,2
2.4,22,isocontour,11.283791670955125,47492.78,99.94,-10.5,0.1,0.526,0.1,1.0,1.0,-10.5,0.1,0.485,22,3,0,0,3
2.4,23,isocontour,11.283791670955125,47419.76,99.79,0.0,5.7,1.063,-1.6,1.0,1.9,4.1,-3.8,1.029,10,3,0,0,3
2.4,24,isocontour,11.283791670955125,47428.89,99.81,17.4,-17.5,0.04,-1.1,-0.2,1.1,1.3,-7.9,0.572,8,2,0,0,2
2.4,25,isocontour,11.283791670955125,47172.96,99.27,-13.5,-2.4,0.314,2.2,1.9,2.9,-10.5,0.0,0.485,22,3,0,0,3
2.4,Target,,,,,0.0,0.0,2.557,0.0,0.0,,,,,,,,,
2.5,1,isocontour,11.283791670955125,47340.63,99.62,22.3,-11.4,0.045,-1.4,-0.3,1.4,1.3,-7.9,0.572,8,2,0,0,2
2.5,2,isocontour,11.283791670955125,47350.79,99.64,16.6,18.4,0.048,0.7,-2.7,2.8,17.4,1.1,0.144,9,4,0,0,4
2.5,3,isocontour,11.283791670955125,47190.75,99.31,19.4,-4.2,0.123,-1.7,1.8,2.5,17.4,1.2,0.166,9,3,0,0,3
2.5,4,isocontour,11.283791670955125,47489.68,99.94,18.4,15.1,0.058,-0.9,0.1,0.9,17.4,1.1,0.144,9,4,0,0,4
2.5,5,isocontour,11.283791670955125,47272.16,99.48,22.3,10.3,0.05,-2.1,-1.5,2.6,17.4,1.2,0.166,9,4,0,0,4
2.5,6,isocontour,11.283791670955125,47149.54,99.22,-3.6,-13.8,0.321,2.3,1.4,2.7,4.1,-3.8,1.029,10,2,0,0,2
2.5,7,isocontour,11.283791670955125,47155.77,99.23,0.8,10.1,0.597,-1.3,-2.4,2.7,0.0,5.7,1.063,23,2,0,0,2
2.5,8,isocontour,11.283791670955125,47156.09,99.23,2.0,-7.0,0.894,0.2,2.0,2.0,4.0,-3.7,1.102,10,3,0,0,3
2.5,9,isocontour,11.283791670955125,47490.2,99.94,17.4,1.1,0.19,-0.1,-1.0,1.0,17.4,1.1,0.166,9,3,0,0,3
2.5,10,isocontour,11.283791670955125,47460.7,99.88,3.8,-3.5,1.191,-1.3,2.4,2.7,3.8,-3.5,1.102,10,3,0,0,3
2.5,11,isocontour,11.283791670955125,47205.27,99.34,-12.6,-3.1,0.391,0.8,2.7,2.8,-10.5,0.1,0.526,22,3,0,0,3
2.5,12,isocontour,11.283791670955125,47184.88,99.29,-16.6,-0.8,0.218,2.2,0.7,2.3,-10.5,0.1,0.526,22,3,0,0,3
2.5,13,isocontour,11.283791670955125,47335.09,99.61,22.0,1.3,0.082,-1.8,-0.2,1.8,17.4,1.2,0.166,9,3,0,0,3
2.5,14,isocontour,11.283791670955125,47295.34,99.53,-0.9,-20.0,0.12,0.2,1.9,1.9,4.1,-3.9,0.959,10,2,0,0,2
2.5,15,isocontour,11.283791670955125,47242.18,99.42,22.0,22.6,0.011,-2.2,-1.5,2.7,17.4,1.2,0.123,9,3,0,0,3
2.5,16,isocontour,11.283791670955125,47492.5,99.94,-21.7,21.2,0.014,0.3,-0.9,0.9,-21.7,21.2,0.011,16,0,0,0,0
2.5,17,isocontour,11.283791670955125,47280.67,99.5,22.8,23.4,0.008,-0.5,-2.3,2.4,17.4,1.2,0.123,9,3,0,0,3
2.5,18,isocontour,11.283791670955125,47475.16,99.91,2.7,24.6,0.048,-0.9,0.0,0.9,2.7,24.6,0.039,18,0,0,0,0
2.5,19,isocontour,11.283791670955125,47143.01,99.21,-7.0,11.4,0.367,0.8,-1.1,1.4,0.0,5.7,1.063,23,2,0,0,2
2.5,20,isocontour,11.283791670955125,47092.23,99.1,6.8,-7.6,0.594,-0.9,2.0,2.2,4.0,-3.7,1.102,10,2,0,0,2
2.5,21,isocontour,11.283791670955125,47213.98,99.36,7.2,-21.3,0.075,-2.6,1.2,2.9,4.2,-4.0,0.893,10,2,0,0,2
2.5,22,isocontour,11.283791670955125,47491.46,99.94,-10.5,0.2,0.567,0.1,1.0,1.0,-10.5,0.2,0.526,22,3,0,0,3
2.5,23,isocontour,11.283791670955125,47406.27,99.76,-0.1,5.8,1.092,-1.6,1.5,2.2,4.0,-3.7,1.102,10,3,0,0,3
2.5,24,isocontour,11.283791670955125,47394.77,99.74,17.1,-17.6,0.05,-2.8,-1.1,3.0,4.2,-4.0,0.827,10,2,0,0,2
2.5,25,isocontour,11.283791670955125,47150.21,99.22,-13.4,-2.2,0.357,1.8,1.9,2.6,-10.5,0.1,0.526,22,3,0,0,3
2.5,Target,,,,,0.0,0.0,2.612,0.0,0.0,,,,,,,,,
2.6,1,isocontour,11.283791670955125,47304.42,99.55,22.1,-11.3,0.058,-3.0,0.5,3.0,4.2,-4.0,0.827,10,2,0,0,2
2.6,2,isocontour,11.283791670955125,47348.11,99.64,16.7,18.2,0.059,0.4,-1.2,1.3,17.4,1.2,0.166,9,4,0,0,4
2.6,3,isocontour,11.283791670955125,47189.01,99.3,19.4,-4.1,0.143,-0.6,0.9,1.1,1.3,-7.9,0.572,8,3,0,0,3
2.6,4,isocontour,11.283791670955125,47489.23,99.94,18.4,15.2,0.069,0.5,0.5,0.7,17.4,1.2,0.166,9,4,0,0,4
2.6,5,isocontour,11.283791670955125,47261.55,99.46,22.2,10.1,0.062,-0.2,-2.0,2.0,17.4,1.1,0.19,9,4,0,0,4
2.6,6,isocontour,11.283791670955125,47116.43,99.15,-3.3,-13.6,0.365,2.3,1.9,3.0,4.0,-3.7,1.102,10,2,0,0,2
2.6,7,isocontour,11.283791670955125,47137.16,99.19,0.7,9.9,0.657,-1.3,-2.0,2.4,4.0,-3.7,1.102,10,2,0,0,2
2.6,8,isocontour,11.283791670955125,47147.38,99.22,2.0,-6.8,0.963,0.1,1.9,1.9,3.8,-3.5,1.191,10,3,0,0,3
2.6,9,isocontour,11.283791670955125,47488.96,99.93,17.4,1.0,0.214,-0.1,-1.0,1.0,17.4,1.0,0.19,9,3,0,0,3
2.6,10,isocontour,11.283791670955125,47446.07,99.84,3.8,-3.3,1.274,-0.7,2.1,2.2,3.8,-3.3,1.191,10,3,0,0,3
2.6,11,isocontour,11.283791670955125,47199.96,99.33,-12.5,-2.9,0.434,1.3,0.9,1.6,-10.5,0.2,0.567,22,3,0,0,3
2.6,12,isocontour,11.283791670955125,47165.34,99.25,-16.4,-0.8,0.251,2.2,-1.2,2.5,-10.5,0.2,0.567,22,3,0,0,3
2.6,13,isocontour,11.283791670955125,47307.34,99.55,21.8,1.1,0.099,-1.9,-2.1,2.8,17.4,1.1,0.19,9,3,0,0,3
2.6,14,isocontour,11.283791670955125,47273.1,99.48,-1.0,-19.8,0.143,-1.7,2.0,2.6,4.1,-3.8,1.029,10,2,0,0,2
2.6,15,isocontour,11.283791670955125,47237.62,99.41,21.8,22.6,0.015,-1.3,-0.8,1.5,17.4,1.1,0.144,9,3,0,0,3
2.6,16,isocontour,11.283791670955125,47491.41,99.94,-21.8,21.1,0.019,-0.6,-0.8,1.0,-21.8,21.1,0.014,16,0,0,0,0
2.6,17,isocontour,11.283791670955125,47257.92,99.45,22.7,23.2,0.012,-0.7,-2.5,2.6,17.4,1.1,0.144,9,3,0,0,3
2.6,18,isocontour,11.283791670955125,47474.06,99.9,2.6,24.6,0.058,-0.9,-0.0,0.9,2.6,24.6,0.048,18,0,0,0,0
2.6,19,isocontour,11.283791670955125,47108.2,99.13,-6.7,11.3,0.414,2.7,-1.4,3.0,4.0,-3.7,1.102,10,2,0,0,2
2.6,20,isocontour,11.283791670955125,47074.73,99.06,6.7,-7.4,0.656,-1.5,1.8,2.3,3.8,-3.5,1.191,10,2,0,0,2
2.6,21,isocontour,11.283791670955125,47181.2,99.29,6.9,-21.3,0.091,-2.9,0.4,2.9,4.1,-3.9,0.959,10,2,0,0,2
2.6,22,isocontour,11.283791670955125,47490.17,99.94,-10.5,0.3,0.606,0.0,1.0,1.0,-10.5,0.3,0.567,22,3,0,0,3
2.6,23,isocontour,11.283791670955125,47405.88,99.76,-0.2,5.9,1.13,-0.3,0.6,0.7,3.8,-3.5,1.191,10,3,0,0,3
2.6,24,isocontour,11.283791670955125,47369.6,99.68,16.9,-17.8,0.061,-2.3,-1.4,2.7,4.2,-4.0,0.893,10,2,0,0,2
2.6,25,isocontour,11.283791670955125,47140.8,99.2,-13.2,-2.1,0.401,1.9,0.1,1.9,-10.5,0.2,0.567,22,3,0,0,3
2.6,Target,,,,,0.0,0.0,2.666,0.0,0.0,,,,,,,,,
2.7,1,isocontour,11.283791670955125,47286.48,99.51,21.9,-11.2,0.071,-1.9,1.4,2.4,4.2,-4.0,0.893,10,2,0,0,2
2.7,2,isocontour,11.283791670955125,47312.61,99.56,16.9,18.0,0.07,1.8,-2.4,3.0,17.4,1.1,0.19,9,4,0,0,4
2.7,3,isocontour,11.283791670955125,47157.85,99.24,19.3,-3.9,0.166,-0.8,2.8,2.9,4.2,-4.0,0.827,10,3,0,0,3
2.7,4,isocontour,11.283791670955125,47488.17,99.93,18.5,15.2,0.081,0.9,-0.3,0.9,17.4,1.1,0.19,9,4,0,0,4
2.7,5,isocontour,11.283791670955125,47259.11,99.45,22.2,10.0,0.075,-0.7,-1.0,1.2,17.4,1.0,0.214,9,4,0,0,4
2.7,6,isocontour,11.283791670955125,47078.05,99.07,-3.1,-13.3,0.412,2.0,2.4,3.1,3.8,-3.5,1.191,10,2,0,0,2
2.7,7,isocontour,11.283791670955125,47117.62,99.15,0.6,9.7,0.718,-1.3,-2.1,2.5,3.8,-3.5,1.191,10,2,0,0,2
2.7,8,isocontour,11.283791670955125,47119.92,99.16,2.1,-6.6,1.027,1.9,2.0,2.8,3.8,-3.3,1.274,10,3,0,0,3
2.7,9,isocontour,11.283791670955125,47488.11,99.93,17.3,1.0,0.238,-0.3,0.8,0.9,1.3,-7.9,0.572,8,3,0,0,3
2.7,10,isocontour,11.283791670955125,47445.11,99.84,3.7,-3.3,1.331,-0.7,-0.5,0.9,3.7,-3.3,1.274,10,3,0,0,3
2.7,11,isocontour,11.283791670955125,47194.56,99.32,-12.3,-2.8,0.478,1.3,0.9,1.6,-10.5,0.3,0.606,22,3,0,0,3
2.7,12,isocontour,11.283791670955125,47154.26,99.23,-16.2,-0.9,0.285,1.8,-1.0,2.1,-10.5,0.3,0.606,22,3,0,0,3
2.7,13,isocontour,11.283791670955125,47281.32,99.5,21.7,0.9,0.118,-1.7,-2.1,2.7,1.3,-7.9,0.572,8,3,0,0,3
2.7,14,isocontour,11.283791670955125,47259.43,99.45,-1.0,-19.6,0.168,0.3,2.2,2.2,4.0,-3.7,1.102,10,2,0,0,2
2.7,15,isocontour,11.283791670955125,47226.21,99.38,21.7,22.4,0.02,-1.8,-1.1,2.1,17.4,1.2,0.166,9,3,0,0,3
2.7,16,isocontour,11.283791670955125,47490.31,99.94,-21.8,21.2,0.024,0.1,0.9,0.9,-21.8,21.2,0.019,16,0,0,0,0
2.7,17,isocontour,11.283791670955125,47241.48,99.41,22.5,23.0,0.016,-2.0,-1.1,2.3,17.4,1.2,0.166,9,3,0,0,3
2.7,18,isocontour,11.283791670955125,47472.96,99.9,2.7,24.6,0.069,0.9,0.0,0.9,2.7,24.6,0.058,18,0,0,0,0
2.7,19,isocontour,11.283791670955125,47070.56,99.05,-6.5,11.1,0.465,2.6,-1.6,3.1,3.8,-3.5,1.191,10,2,0,0,2
2.7,20,isocontour,11.283791670955125,47039.58,98.99,6.4,-7.2,0.722,-2.8,1.2,3.0,3.8,-3.3,1.274,10,2,0,0,2
2.7,21,isocontour,11.283791670955125,47147.41,99.22,6.6,-21.2,0.109,-2.8,1.0,3.0,4.1,-3.8,1.029,10,2,0,0,2
2.7,22,isocontour,11.283791670955125,47488.89,99.93,-10.5,0.4,0.645,0.0,1.0,1.0,-10.5,0.4,0.606,22,3,0,0,3
2.7,23,isocontour,11.283791670955125,47400.57,99.75,-0.2,6.1,1.156,0.3,1.6,1.6,3.8,-3.3,1.274,10,3,0,0,3
2.7,24,isocontour,11.283791670955125,47359.9,99.66,16.7,-17.8,0.074,-1.9,0.4,1.9,4.1,-3.9,0.959,10,2,0,0,2
2.7,25,isocontour,11.283791670955125,47128.2,99.18,-13.0,-2.1,0.448,2.1,0.3,2.1,-10.5,0.3,0.606,22,3,0,0,3
2.7,Target,,,,,0.0,0.0,2.717,0.0,0.0,,,,,,,,,
2.8,1,isocontour,11.283791670955125,47265.0,99.46,21.6,-11.1,0.087,-2.1,1.5,2.6,4.1,-3.9,0.959,10,2,0,0,2
2.8,2,isocontour,11.283791670955125,47301.36,99.54,17.0,17.9,0.082,1.7,-1.1,2.0,17.4,1.0,0.214,9,4,0,0,4
2.8,3,isocontour,11.283791670955125,47155.81,99.23,19.2,-3.7,0.188,-0.7,0.9,1.1,4.2,-4.0,0.893,10,3,0,0,3
2.8,4,isocontour,11.283791670955125,47487.74,99.93,18.5,15.2,0.093,0.4,0.6,0.7,17.4,1.0,0.214,9,4,0,0,4
2.8,5,isocontour,11.283791670955125,47243.5,99.42,22.1,9.8,0.089,-0.4,-2.3,2.3,1.3,-7.9,0.572,8,4,0,0,4
2.8,6,isocontour,11.283791670955125,47070.77,99.05,-3.1,-13.2,0.456,0.4,1.7,1.7,3.8,-3.3,1.274,10,2,0,0,2
2.8,7,isocontour,11.283791670955125,47105.02,99.13,0.6,9.5,0.778,0.6,-2.1,2.2,3.8,-3.3,1.274,10,2,0,0,2
2.8,8,isocontour,11.283791670955125,47105.1,99.13,2.3,-6.7,1.054,1.9,-1.3,2.3,3.7,-3.3,1.331,10,3,0,0,3
2.8,9,isocontour,11.283791670955125,47486.63,99.93,17.3,1.0,0.264,-0.1,-1.0,1.0,4.2,-4.0,0.827,10,3,0,0,3
2.8,10,isocontour,11.283791670955125,47442.79,99.84,3.7,-3.4,1.37,-0.3,-1.2,1.2,3.7,-3.4,1.331,10,3,0,0,3
2.8,11,isocontour,11.283791670955125,47191.76,99.31,-12.2,-2.7,0.52,0.9,1.0,1.3,-10.5,0.4,0.645,22,3,0,0,3
2.8,12,isocontour,11.283791670955125,47134.95,99.19,-16.0,-1.0,0.322,2.3,-1.0,2.5,-10.5,0.4,0.645,22,3,0,0,3
2.8,13,isocontour,11.283791670955125,47273.79,99.48,21.5,0.9,0.138,-1.8,-0.1,1.8,4.2,-4.0,0.827,10,3,0,0,3
2.8,14,isocontour,11.283791670955125,47240.12,99.41,-1.1,-19.4,0.193,-1.5,1.9,2.4,3.8,-3.5,1.191,10,2,0,0,2
2.8,15,isocontour,11.283791670955125,47200.19,99.33,21.6,22.2,0.026,-0.7,-2.6,2.7,17.4,1.1,0.19,9,3,0,0,3
2.8,16,isocontour,11.283791670955125,47489.21,99.94,-21.7,21.2,0.029,0.8,0.5,0.9,-21.7,21.2,0.024,16,0,0,0,0
2.8,17,isocontour,11.283791670955125,47208.37,99.34,22.3,22.8,0.021,-2.1,-2.0,2.9,17.4,1.1,0.19,9,3,0,0,3
2.8,18,isocontour,11.283791670955125,47471.86,99.9,2.6,24.6,0.081,-0.9,0.1,0.9,2.6,24.6,0.069,18,0,0,0,0
2.8,19,isocontour,11.283791670955125,47042.2,98.99,-6.2,11.0,0.513,2.7,-0.8,2.8,3.8,-3.3,1.274,10,2,0,0,2
2.8,20,isocontour,11.283791670955125,47003.72,98.91,6.1,-7.2,0.787,-2.9,0.9,3.0,3.7,-3.3,1.331,10,3,0,0,3
2.8,21,isocontour,11.283791670955125,47139.11,99.2,6.4,-21.2,0.125,-1.8,-0.3,1.8,4.0,-3.7,1.102,10,2,0,0,2
2.8,22,isocontour,11.283791670955125,47487.57,99.93,-10.5,0.5,0.684,0.1,1.0,1.0,-10.5,0.5,0.645,22,3,0,0,3
2.8,23,isocontour,11.283791670955125,47386.71,99.72,-0.3,6.2,1.178,-1.5,1.6,2.2,3.7,-3.3,1.331,10,3,0,0,3
2.8,24,isocontour,11.283791670955125,47328.43,99.6,16.4,-17.9,0.088,-2.7,-1.2,3.0,4.1,-3.8,1.029,10,2,0,0,2
2.8,25,isocontour,11.283791670955125,47119.9,99.16,-12.8,-2.1,0.493,1.8,0.3,1.8,-10.5,0.4,0.645,22,3,0,0,3
2.8,Target,,,,,0.0,0.0,2.767,0.0,0.0,,,,,,,,,
2.9,1,isocontour,11.283791670955125,47259.29,99.45,21.5,-11.1,0.102,-1.6,-0.3,1.6,4.1,-3.8,1.029,10,2,0,0,2
2.9,2,isocontour,11.283791670955125,47278.08,99.49,17.1,17.6,0.096,0.4,-2.6,2.6,1.3,-7.9,0.572,8,4,0,0,4
2.9,3,isocontour,11.283791670955125,47153.19,99.23,19.1,-3.6,0.212,-0.9,0.9,1.3,4.1,-3.9,0.959,10,3,0,0,3
2.9,4,isocontour,11.283791670955125,47485.31,99.93,18.5,15.1,0.108,-0.6,-1.0,1.2,1.3,-7.9,0.572,8,4,0,0,4
2.9,5,isocontour,11.283791670955125,47235.97,99.4,22.1,9.6,0.104,-0.3,-1.8,1.8,4.2,-4.0,0.827,10,4,0,0,4
2.9,6,isocontour,11.283791670955125,47061.07,99.03,-3.0,-13.0,0.501,0.6,1.9,2.0,3.7,-3.3,1.331,10,3,0,0,3
2.9,7,isocontour,11.283791670955125,47083.04,99.08,0.5,9.3,0.84,-1.4,-2.2,2.6,3.7,-3.3,1.331,10,2,0,0,2
2.9,8,isocontour,11.283791670955125,47100.46,99.12,2.5,-6.8,1.082,1.4,-0.5,1.5,3.7,-3.4,1.37,10,3,0,0,3
2.9,9,isocontour,11.283791670955125,47485.06,99.93,17.3,0.9,0.289,-0.2,-1.0,1.0,4.2,-4.0,0.893,10,3,0,0,3
2.9,10,isocontour,11.283791670955125,47414.43,99.78,3.5,-3.6,1.418,-2.2,-1.8,2.8,3.5,-3.6,1.37,10,3,0,0,3
2.9,11,isocontour,11.283791670955125,47155.9,99.23,-12.1,-2.5,0.565,1.0,2.9,3.1,-10.5,0.5,0.684,22,3,0,0,3
2.9,12,isocontour,11.283791670955125,47116.56,99.15,-15.7,-1.0,0.36,2.2,1.0,2.4,-10.5,0.5,0.684,22,3,0,0,3
2.9,13,isocontour,11.283791670955125,47246.62,99.42,21.3,0.7,0.16,-1.9,-2.0,2.8,4.2,-4.0,0.893,10,3,0,0,3
2.9,14,isocontour,11.283791670955125,47225.5,99.38,-1.1,-19.1,0.221,0.4,2.2,2.2,3.8,-3.3,1.274,10,2,0,0,2
2.9,15,isocontour,11.283791670955125,47196.47,99.32,21.5,22.1,0.032,-0.3,-1.4,1.4,17.4,1.0,0.214,9,3,0,0,3
2.9,16,isocontour,11.283791670955125,47488.11,99.93,-21.6,21.2,0.036,0.9,-0.1,0.9,-21.6,21.2,0.029,16,0,0,0,0
2.9,17,isocontour,11.283791670955125,47196.96,99.32,22.3,22.6,0.027,-0.3,-2.0,2.0,17.4,1.0,0.214,9,3,0,0,3
2.9,18,isocontour,11.283791670955125,47470.76,99.9,2.7,24.6,0.093,0.9,0.1,0.9,2.7,24.6,0.081,18,0,0,0,0
2.9,19,isocontour,11.283791670955125,47004.56,98.92,-5.9,10.9,0.566,2.7,-1.5,3.1,3.7,-3.3,1.331,10,2,0,0,2
2.9,20,isocontour,11.283791670955125,46968.57,98.84,5.8,-7.1,0.852,-2.9,0.7,3.0,3.7,-3.4,1.37,10,3,0,0,3
2.9,21,isocontour,11.283791670955125,47123.09,99.16,6.3,-21.0,0.145,-1.7,1.6,2.3,3.8,-3.5,1.191,10,2,0,0,2
2.9,22,isocontour,11.283791670955125,47486.64,99.93,-10.5,0.5,0.724,0.1,-0.9,0.9,-10.5,0.5,0.684,22,3,0,0,3
2.9,23,isocontour,11.283791670955125,47373.76,99.69,-0.4,6.4,1.197,-1.4,1.6,2.1,3.7,-3.4,1.37,10,3,0,0,3
2.9,24,isocontour,11.283791670955125,47323.22,99.59,16.3,-18.0,0.101,-1.2,-1.0,1.6,4.0,-3.7,1.102,10,2,0,0,2
2.9,25,isocontour,11.283791670955125,47115.26,99.15,-12.6,-2.0,0.537,1.5,0.5,1.6,-10.5,0.5,0.684,22,3,0,0,3
2.9,Target,,,,,0.0,0.0,2.815,0.0,0.0,,,,,,,,,
3.0,1,isocontour,11.283791670955125,47254.64,99.44,21.4,-11.0,0.119,-1.1,1.1,1.6,4.0,-3.7,1.102,10,2,0,0,2
3.0,2,isocontour,11.283791670955125,47243.28,99.42,17.2,17.4,0.111,1.5,-2.6,3.0,4.2,-4.0,0.827,10,4,0,0,4
3.0,3,isocontour,11.283791670955125,47150.46,99.22,19.0,-3.6,0.237,-0.9,0.9,1.3,4.1,-3.8,1.029,10,3,0,0,3
3.0,4,isocontour,11.283791670955125,47483.87,99.92,18.5,15.0,0.122,0.5,-0.9,1.0,4.2,-4.0,0.827,10,4,0,0,4
3.0,5,isocontour,11.283791670955125,47232.77,99.4,22.0,9.5,0.12,-1.1,-0.8,1.4,4.2,-4.0,0.893,10,4,0,0,4
3.0,6,isocontour,11.283791670955125,47045.66,99.0,-2.8,-12.9,0.542,2.2,0.8,2.3,3.7,-3.4,1.37,10,3,0,0,3
3.0,7,isocontour,11.283791670955125,47071.79,99.06,0.5,9.1,0.901,0.4,-2.0,2.0,3.7,-3.4,1.37,10,2,0,0,2
3.0,8,isocontour,11.283791670955125,47075.84,99.07,2.7,-6.9,1.095,2.0,-1.8,2.7,3.5,-3.6,1.418,10,3,0,0,3
3.0,9,isocontour,11.283791670955125,47484.15,99.92,17.3,0.9,0.315,-0.2,0.8,0.8,4.1,-3.9,0.959,10,3,0,0,3
3.0,10,isocontour,11.283791670955125,47386.08,99.72,3.3,-3.8,1.459,-1.9,-2.1,2.8,3.3,-3.8,1.418,10,3,0,0,3
3.0,11,isocontour,11.283791670955125,47150.19,99.22,-12.0,-2.4,0.61,1.3,1.0,1.6,-10.5,0.5,0.724,22,3,0,0,3
3.0,12,isocontour,11.283791670955125,47099.7,99.12,-15.5,-0.9,0.399,2.1,1.0,2.3,-10.5,0.5,0.724,22,3,0,0,3
3.0,13,isocontour,11.283791670955125,47222.0,99.37,21.1,0.5,0.184,-1.8,-2.0,2.7,4.1,-3.9,0.959,10,3,0,0,3
3.0,14,isocontour,11.283791670955125,47207.33,99.34,-1.2,-18.9,0.249,-1.5,1.9,2.4,3.7,-3.3,1.331,10,2,0,0,2
3.0,15,isocontour,11.283791670955125,47180.65,99.29,21.4,21.9,0.04,-1.9,-1.3,2.3,1.3,-7.9,0.572,8,3,0,0,3
3.0,16,isocontour,11.283791670955125,47487.01,99.93,-21.5,21.3,0.043,0.7,0.7,1.0,-21.5,21.3,0.036,16,0,0,0,0
3.0,17,isocontour,11.283791670955125,47175.73,99.28,22.1,22.5,0.034,-2.1,-1.4,2.5,1.3,-7.9,0.572,8,3,0,0,3
3.0,18,isocontour,11.283791670955125,47469.66,99.89,2.8,24.6,0.106,0.9,-0.1,0.9,2.8,24.6,0.093,18,0,0,0,0
3.0,19,isocontour,11.283791670955125,46968.0,98.84,-5.6,10.8,0.618,2.8,-1.2,3.0,3.7,-3.4,1.37,10,2,0,0,2
3.0,20,isocontour,11.283791670955125,46960.91,98.82,5.6,-7.1,0.904,-1.8,-0.2,1.8,3.5,-3.6,1.418,10,3,0,0,3
3.0,21,isocontour,11.283791670955125,47120.83,99.16,6.2,-21.0,0.165,-1.0,0.7,1.2,3.8,-3.3,1.274,10,2,0,0,2
3.0,22,isocontour,11.283791670955125,47485.47,99.93,-10.5,0.5,0.757,-0.4,0.9,1.0,-10.5,0.5,0.724,22,3,0,0,3
3.0,23,isocontour,11.283791670955125,47366.95,99.68,-0.4,6.5,1.217,0.6,1.6,1.7,3.5,-3.6,1.418,10,3,0,0,3
3.0,24,isocontour,11.283791670955125,47296.05,99.53,16.1,-17.9,0.118,-2.6,0.8,2.7,3.8,-3.5,1.191,10,2,0,0,2
3.0,25,isocontour,11.283791670955125,47086.9,99.09,-12.5,-1.8,0.583,1.4,2.4,2.8,-10.5,0.5,0.724,22,3,0,0,3
3.0,Target,,,,,0.0,0.0,2.861,0.0,0.0,,,,,,,,,
3.1,1,isocontour,11.283791670955125,47218.79,99.37,21.2,-10.7,0.138,-1.3,2.8,3.1,3.8,-3.5,1.191,10,2,0,0,2
3.1,2,isocontour,11.283791670955125,47236.92,99.4,17.2,17.2,0.127,-0.0,-1.7,1.7,4.2,-4.0,0.893,10,4,0,0,4
3.1,3,isocontour,11.283791670955125,47119.94,99.16,19.0,-3.3,0.263,-0.8,2.8,2.9,4.0,-3.7,1.102,10,3,0,0,3
3.1,4,isocontour,11.283791670955125,47483.44,99.92,18.6,15.0,0.136,0.6,0.3,0.7,4.2,-4.0,0.893,10,4,0,0,4
3.1,5,isocontour,11.283791670955125,47197.61,99.32,21.8,9.3,0.14,-2.1,-2.1,3.0,4.1,-3.9,0.959,10,4,0,0,4
3.1,6,isocontour,11.283791670955125,47042.31,98.99,-2.7,-12.8,0.583,0.7,1.2,1.4,3.3,-3.8,1.459,10,4,0,0,4
3.1,7,isocontour,11.283791670955125,47052.01,99.02,0.4,8.9,0.961,-1.5,-1.9,2.4,3.5,-3.6,1.418,10,2,0,0,2
3.1,8,isocontour,11.283791670955125,47050.38,99.01,2.9,-7.1,1.108,2.4,-1.2,2.7,3.3,-3.8,1.459,10,3,0,0,3
3.1,9,isocontour,11.283791670955125,47483.25,99.92,17.3,1.0,0.341,-0.3,0.8,0.9,4.1,-3.8,1.029,10,3,0,0,3
3.1,10,isocontour,11.283791670955125,47361.45,99.67,3.2,-4.0,1.473,-0.2,-2.7,2.7,3.2,-4.0,1.459,10,4,0,0,4
3.1,11,isocontour,11.283791670955125,47145.98,99.21,-11.9,-2.3,0.654,1.1,1.0,1.5,-10.5,0.5,0.757,22,3,0,0,3
3.1,12,isocontour,11.283791670955125,47083.89,99.08,-15.3,-0.9,0.439,2.1,-0.9,2.3,-10.5,0.5,0.757,22,3,0,0,3
3.1,13,isocontour,11.283791670955125,47195.7,99.32,20.9,0.3,0.208,-2.0,-1.9,2.8,4.1,-3.8,1.029,10,3,0,0,3
3.1,14,isocontour,11.283791670955125,47185.35,99.3,-1.4,-18.7,0.279,-1.4,2.2,2.6,3.7,-3.4,1.37,10,2,0,0,2
3.1,15,isocontour,11.283791670955125,47168.75,99.26,21.3,21.7,0.049,-0.2,-2.1,2.1,4.2,-4.0,0.827,10,3,0,0,3
3.1,16,isocontour,11.283791670955125,47485.91,99.93,-21.6,21.2,0.05,-0.5,-0.8,0.9,-21.6,21.2,0.043,16,0,0,0,0
3.1,17,isocontour,11.283791670955125,47170.71,99.26,22.0,22.3,0.042,-0.3,-1.5,1.5,4.2,-4.0,0.827,10,3,0,0,3
3.1,18,isocontour,11.283791670955125,47468.56,99.89,2.7,24.6,0.119,-0.9,-0.0,0.9,2.7,24.6,0.106,18,0,0,0,0
3.1,19,isocontour,11.283791670955125,46963.07,98.83,-5.5,10.6,0.665,1.0,-1.2,1.6,3.5,-3.6,1.418,10,2,0,0,2
3.1,20,isocontour,11.283791670955125,46932.26,98.76,5.4,-7.1,0.962,-2.8,0.2,2.8,3.3,-3.8,1.459,10,3,0,0,3
3.1,21,isocontour,11.283791670955125,47118.28,99.15,6.1,-20.9,0.185,-1.0,0.8,1.3,3.7,-3.3,1.331,10,2,0,0,2
3.1,22,isocontour,11.283791670955125,47484.53,99.93,-10.5,0.5,0.793,0.1,-0.9,0.9,-10.5,0.5,0.757,22,3,0,0,3
3.1,23,isocontour,11.283791670955125,47359.91,99.66,-0.3,6.7,1.236,0.8,1.6,1.8,3.3,-3.8,1.459,10,3,0,0,3
3.1,24,isocontour,11.283791670955125,47287.48,99.51,15.9,-17.9,0.136,-1.9,0.3,1.9,3.8,-3.3,1.274,10,2,0,0,2
3.1,25,isocontour,11.283791670955125,47083.83,99.08,-12.4,-1.7,0.626,1.2,0.6,1.3,-10.5,0.5,0.757,22,3,0,0,3
3.1,Target,,,,,0.0,0.0,2.906,0.0,0.0,,,,,,,,,
3.2,1,isocontour,11.283791670955125,47213.38,99.35,21.1,-10.6,0.157,-1.0,1.3,1.6,3.8,-3.3,1.274,10,3,0,0,3
3.2,2,isocontour,11.283791670955125,47214.43,99.36,17.3,16.9,0.145,0.3,-2.6,2.6,4.1,-3.9,0.959,10,4,0,0,4
3.2,3,isocontour,11.283791670955125,47117.01,99.15,18.9,-3.2,0.289,-0.9,0.9,1.3,3.8,-3.5,1.191,10,3,0,0,3
3.2,4,isocontour,11.283791670955125,47481.13,99.92,18.6,14.9,0.152,0.2,-1.2,1.2,4.1,-3.9,0.959,10,4,0,0,4
3.2,5,isocontour,11.283791670955125,47160.33,99.24,21.7,9.0,0.161,-1.2,-2.8,3.0,4.1,-3.8,1.029,10,4,0,0,4
3.2,6,isocontour,11.283791670955125,47035.96,98.98,-2.7,-12.6,0.626,0.7,1.5,1.7,3.2,-4.0,1.473,10,4,0,0,4
3.2,7,isocontour,11.283791670955125,47039.94,98.99,0.4,8.7,1.022,0.4,-2.1,2.1,3.3,-3.8,1.459,10,2,0,0,2
3.2,8,isocontour,11.283791670955125,47022.63,98.95,3.2,-7.1,1.127,2.8,-0.5,2.8,3.2,-4.0,1.473,10,3,0,0,3
3.2,9,isocontour,11.283791670955125,47482.25,99.92,17.2,1.1,0.367,-0.3,0.8,0.9,4.0,-3.7,1.102,10,3,0,0,3
3.2,10,isocontour,11.283791670955125,47335.72,99.61,3.3,-4.3,1.472,1.2,-2.5,2.8,3.3,-4.3,1.473,10,3,0,0,3
3.2,11,isocontour,11.283791670955125,47108.34,99.13,-11.8,-2.0,0.7,1.2,2.9,3.1,-10.5,0.5,0.793,22,3,0,0,3
3.2,12,isocontour,11.283791670955125,47067.66,99.05,-15.1,-1.0,0.479,2.2,-0.8,2.3,-10.5,0.5,0.793,22,3,0,0,3
3.2,13,isocontour,11.283791670955125,47185.85,99.3,20.7,0.3,0.234,-2.0,0.1,2.0,3.8,-3.5,1.191,10,4,0,0,4
3.2,14,isocontour,11.283791670955125,47170.92,99.27,-1.3,-18.5,0.311,0.6,2.2,2.3,3.3,-3.8,1.459,10,2,0,0,2
3.2,15,isocontour,11.283791670955125,47145.99,99.21,21.3,21.5,0.059,-0.5,-2.6,2.6,4.2,-4.0,0.893,10,3,0,0,3
3.2,16,isocontour,11.283791670955125,47484.81,99.93,-21.6,21.2,0.058,-0.8,0.4,0.9,-21.6,21.2,0.05,16,0,0,0,0
3.2,17,isocontour,11.283791670955125,47157.22,99.24,21.9,22.2,0.051,-1.9,-1.1,2.2,4.2,-4.0,0.893,10,3,0,0,3
3.2,18,isocontour,11.283791670955125,47467.46,99.89,2.6,24.6,0.134,-0.9,0.0,0.9,2.6,24.6,0.119,18,0,0,0,0
3.2,19,isocontour,11.283791670955125,46960.64,98.82,-5.4,10.6,0.705,1.2,-0.3,1.2,3.3,-3.8,1.459,10,2,0,0,2
3.2,20,isocontour,11.283791670955125,46898.13,98.69,5.1,-7.0,1.028,-2.7,1.3,3.0,3.2,-4.0,1.473,10,3,0,0,3
3.2,21,isocontour,11.283791670955125,47114.86,99.15,6.0,-20.8,0.207,-1.0,0.9,1.3,3.7,-3.4,1.37,10,2,0,0,2
3.2,22,isocontour,11.283791670955125,47483.59,99.92,-10.5,0.4,0.83,0.1,-0.9,0.9,-10.5,0.4,0.793,22,3,0,0,3
3.2,23,isocontour,11.283791670955125,47352.99,99.65,-0.4,6.9,1.253,-0.8,1.6,1.8,3.2,-4.0,1.473,10,3,0,0,3
3.2,24,isocontour,11.283791670955125,47250.56,99.43,15.6,-17.7,0.157,-2.4,1.9,3.1,3.7,-3.3,1.331,10,2,0,0,2
3.2,25,isocontour,11.283791670955125,47056.07,99.02,-12.2,-1.5,0.672,1.4,2.4,2.8,-10.5,0.5,0.793,22,3,0,0,3
3.2,Target,,,,,0.0,0.0,2.949,0.0,0.0,,,,,,,,,
3.3,1,isocontour,11.283791670955125,47180.93,99.29,20.9,-10.4,0.179,-2.1,2.0,2.9,3.7,-3.3,1.331,10,3,0,0,3
3.3,2,isocontour,11.283791670955125,47183.28,99.29,17.3,16.7,0.164,0.7,-2.8,2.9,4.1,-3.8,1.029,10,4,0,0,4
3.3,3,isocontour,11.283791670955125,47099.07,99.11,18.7,-3.0,0.318,-1.8,1.6,2.4,3.8,-3.3,1.274,10,3,0,0,3
3.3,4,isocontour,11.283791670955125,47465.92,99.89,18.6,14.7,0.171,-0.1,-2.3,2.3,4.1,-3.8,1.029,10,4,0,0,4
3.3,5,isocontour,11.283791670955125,47130.76,99.18,21.6,8.7,0.181,-0.4,-2.8,2.8,3.8,-3.5,1.191,10,4,0,0,4
3.3,6,isocontour,11.283791670955125,47000.1,98.91,-2.4,-12.5,0.673,2.6,1.6,3.1,3.2,-4.0,1.473,10,4,0,0,4
3.3,7,isocontour,11.283791670955125,47013.35,98.93,0.2,8.7,1.06,-2.7,0.3,2.7,3.2,-4.0,1.473,10,2,0,0,2
3.3,8,isocontour,11.283791670955125,47018.07,98.94,3.3,-7.1,1.162,1.3,0.7,1.5,3.2,-4.0,1.473,10,3,0,0,3
3.3,9,isocontour,11.283791670955125,47481.79,99.92,17.3,1.1,0.391,0.4,0.6,0.7,3.8,-3.5,1.191,10,3,0,0,3
3.3,10,isocontour,11.283791670955125,47333.35,99.61,3.4,-4.4,1.488,0.9,-0.8,1.2,3.4,-4.4,1.473,10,3,0,0,3
3.3,11,isocontour,11.283791670955125,47104.92,99.13,-11.7,-1.9,0.742,1.0,1.0,1.4,-10.5,0.4,0.83,22,3,0,0,3
3.3,12,isocontour,11.283791670955125,47062.45,99.04,-14.9,-1.0,0.517,1.4,0.8,1.6,-10.5,0.4,0.83,22,3,0,0,3
3.3,13,isocontour,11.283791670955125,47162.31,99.25,20.5,0.1,0.26,-2.0,-1.7,2.6,3.8,-3.3,1.274,10,4,0,0,4
3.3,14,isocontour,11.283791670955125,47168.43,99.26,-1.4,-18.4,0.339,-0.4,1.2,1.3,3.2,-4.0,1.473,10,2,0,0,2
3.3,15,isocontour,11.283791670955125,47129.56,99.18,21.1,21.3,0.07,-1.9,-1.4,2.4,4.1,-3.9,0.959,10,3,0,0,3
3.3,16,isocontour,11.283791670955125,47483.71,99.92,-21.6,21.3,0.066,0.6,0.7,0.9,-21.6,21.3,0.058,16,0,0,0,0
3.3,17,isocontour,11.283791670955125,47153.26,99.23,21.7,22.1,0.06,-1.1,-0.9,1.4,4.1,-3.9,0.959,10,3,0,0,3
3.3,18,isocontour,11.283791670955125,47466.36,99.89,2.5,24.6,0.148,-0.9,-0.1,0.9,2.5,24.6,0.134,18,0,0,0,0
3.3,19,isocontour,11.283791670955125,46945.03,98.79,-5.2,10.5,0.755,1.5,-1.7,2.3,3.2,-4.0,1.473,10,2,0,0,2
3.3,20,isocontour,11.283791670955125,46869.47,98.63,4.8,-7.0,1.075,-2.6,-1.1,2.8,3.2,-4.0,1.473,10,3,0,0,3
3.3,21,isocontour,11.283791670955125,47112.42,99.14,5.9,-20.7,0.228,-1.0,0.7,1.2,3.3,-3.8,1.459,10,2,0,0,2
3.3,22,isocontour,11.283791670955125,47482.69,99.92,-10.5,0.3,0.864,-0.1,-0.9,0.9,-10.5,0.3,0.83,22,3,0,0,3
3.3,23,isocontour,11.283791670955125,47348.6,99.64,-0.4,7.0,1.271,-0.5,1.4,1.5,3.2,-4.0,1.473,10,2,0,0,2
3.3,24,isocontour,11.283791670955125,47244.21,99.42,15.5,-17.8,0.174,-1.3,-1.1,1.7,3.7,-3.4,1.37,10,2,0,0,2
3.3,25,isocontour,11.283791670955125,47049.38,99.01,-12.1,-1.4,0.718,1.7,0.5,1.8,-10.5,0.4,0.83,22,3,0,0,3
3.3,Target,,,,,0.0,0.0,2.99,0.0,0.0,,,,,,,,,
3.4,1,isocontour,11.283791670955125,47173.77,99.27,20.8,-10.2,0.2,-1.1,1.3,1.7,3.7,-3.4,1.37,10,3,0,0,3
3.4,2,isocontour,11.283791670955125,47148.47,99.22,17.4,16.4,0.182,1.1,-2.8,3.0,3.8,-3.5,1.191,10,4,0,0,4
3.4,3,isocontour,11.283791670955125,47096.07,99.11,18.6,-2.9,0.346,-0.9,0.9,1.3,3.7,-3.3,1.331,10,3,0,0,3
3.4,4,isocontour,11.283791670955125,47431.45,99.81,18.7,14.5,0.189,1.3,-2.7,3.0,3.8,-3.5,1.191,10,4,0,0,4
3.4,5,isocontour,11.283791670955125,47128.26,99.18,21.5,8.6,0.2,-0.7,-1.0,1.2,3.8,-3.3,1.274,10,4,0,0,4
3.4,6,isocontour,11.283791670955125,46993.41,98.89,-2.3,-12.3,0.718,0.7,1.6,1.7,3.4,-4.4,1.488,10,4,0,0,4
3.4,7,isocontour,11.283791670955125,47012.38,98.93,0.0,8.7,1.091,-0.8,0.3,0.9,3.2,-4.0,1.473,10,2,0,0,2
3.4,8,isocontour,11.283791670955125,47014.34,98.94,3.4,-7.2,1.184,1.0,-1.0,1.4,3.4,-4.4,1.488,10,3,0,0,3
3.4,9,isocontour,11.283791670955125,47480.75,99.92,17.2,1.2,0.416,-0.3,0.9,0.9,3.8,-3.3,1.274,10,3,0,0,3
3.4,10,isocontour,11.283791670955125,47330.73,99.6,3.4,-4.5,1.517,-0.6,-1.1,1.3,3.4,-4.5,1.488,10,3,0,0,3
3.4,11,isocontour,11.283791670955125,47101.98,99.12,-11.6,-1.8,0.783,0.9,1.0,1.3,-10.5,0.3,0.864,22,3,0,0,3
3.4,12,isocontour,11.283791670955125,47045.6,99.0,-14.7,-0.9,0.558,2.1,1.2,2.4,-10.5,0.3,0.864,22,3,0,0,3
3.4,13,isocontour,11.283791670955125,47139.81,99.2,20.3,-0.0,0.287,-2.0,-1.6,2.6,3.7,-3.3,1.331,10,4,0,0,4
3.4,14,isocontour,11.283791670955125,47150.26,99.22,-1.5,-18.2,0.37,-1.2,2.1,2.4,3.2,-4.0,1.473,10,2,0,0,2
3.4,15,isocontour,11.283791670955125,47116.78,99.15,20.9,21.2,0.081,-1.8,-1.2,2.2,4.1,-3.8,1.029,10,3,0,0,3
3.4,16,isocontour,11.283791670955125,47482.61,99.92,-21.6,21.4,0.075,-0.1,0.9,0.9,-21.6,21.4,0.066,16,0,0,0,0
3.4,17,isocontour,11.283791670955125,47141.68,99.2,21.6,22.0,0.07,-1.7,-1.1,2.0,4.1,-3.8,1.029,10,3,0,0,3
3.4,18,isocontour,11.283791670955125,47465.26,99.88,2.6,24.6,0.163,0.9,0.1,0.9,2.6,24.6,0.148,18,0,0,0,0
3.4,19,isocontour,11.283791670955125,46942.76,98.79,-5.1,10.4,0.798,1.0,-0.6,1.2,3.2,-4.0,1.473,10,2,0,0,2
3.4,20,isocontour,11.283791670955125,46848.74,98.59,4.6,-7.1,1.121,-2.5,-0.5,2.5,3.4,-4.4,1.488,10,3,0,0,3
3.4,21,isocontour,11.283791670955125,47109.87,99.14,5.7,-20.7,0.249,-1.2,0.1,1.2,3.2,-4.0,1.473,10,2,0,0,2
3.4,22,isocontour,11.283791670955125,47481.37,99.92,-10.5,0.3,0.898,0.1,1.0,1.0,-10.5,0.3,0.864,22,3,0,0,3
3.4,23,isocontour,11.283791670955125,47337.52,99.62,-0.5,7.2,1.284,-1.2,1.7,2.1,3.2,-4.0,1.473,10,2,0,0,2
3.4,24,isocontour,11.283791670955125,47208.7,99.34,15.3,-17.6,0.197,-2.1,2.2,3.0,3.3,-3.8,1.459,10,2,0,0,2
3.4,25,isocontour,11.283791670955125,47012.1,98.93,-11.8,-1.2,0.768,2.1,2.2,3.0,-10.5,0.3,0.864,22,3,0,0,3
3.4,Target,,,,,0.0,0.0,3.031,0.0,0.0,,,,,,,,,
3.5,1,isocontour,11.283791670955125,47166.49,99.26,20.8,-10.1,0.219,0.4,1.7,1.7,3.3,-3.8,1.459,10,3,0,0,3
3.5,2,isocontour,11.283791670955125,47123.02,99.16,17.6,16.2,0.199,1.8,-2.0,2.7,3.8,-3.3,1.274,10,4,0,0,4
3.5,3,isocontour,11.283791670955125,47092.18,99.1,18.5,-2.8,0.374,-1.1,1.0,1.5,3.7,-3.4,1.37,10,3,0,0,3
3.5,4,isocontour,11.283791670955125,47401.87,99.75,18.7,14.2,0.209,0.4,-2.8,2.8,3.8,-3.3,1.274,10,4,0,0,4
3.5,5,isocontour,11.283791670955125,47096.79,99.11,21.5,8.4,0.221,-0.6,-2.9,3.0,3.7,-3.3,1.331,10,4,0,0,4
3.5,6,isocontour,11.283791670955125,46958.6,98.82,-2.1,-12.1,0.765,2.5,1.6,3.0,3.4,-4.5,1.517,10,4,0,0,4
3.5,7,isocontour,11.283791670955125,47011.44,98.93,-0.0,8.7,1.122,-0.8,0.3,0.9,3.2,-4.0,1.473,10,2,0,0,2
3.5,8,isocontour,11.283791670955125,47013.86,98.93,3.4,-7.2,1.214,-0.5,-0.5,0.7,3.4,-4.5,1.517,10,3,0,0,3
3.5,9,isocontour,11.283791670955125,47479.27,99.91,17.2,1.2,0.442,-0.2,-1.0,1.0,3.7,-3.3,1.331,10,3,0,0,3
3.5,10,isocontour,11.283791670955125,47309.5,99.56,3.4,-4.7,1.522,0.3,-2.5,2.5,3.4,-4.7,1.517,10,3,0,0,3
3.5,11,isocontour,11.283791670955125,47099.05,99.11,-11.5,-1.7,0.823,0.9,1.0,1.3,-10.5,0.3,0.898,22,3,0,0,3
3.5,12,isocontour,11.283791670955125,47033.52,98.98,-14.5,-0.9,0.598,2.0,-0.7,2.1,-10.5,0.3,0.898,22,3,0,0,3
3.5,13,isocontour,11.283791670955125,47127.39,99.17,20.1,-0.0,0.316,-2.1,0.4,2.1,3.7,-3.4,1.37,10,4,0,0,4
3.5,14,isocontour,11.283791670955125,47136.77,99.19,-1.6,-18.0,0.402,-1.1,1.9,2.2,3.4,-4.4,1.488,10,2,0,0,2
3.5,15,isocontour,11.283791670955125,47095.31,99.11,20.9,21.0,0.094,-0.3,-2.5,2.5,3.8,-3.5,1.191,10,3,0,0,3
3.5,16,isocontour,11.283791670955125,47481.51,99.92,-21.6,21.5,0.083,0.3,0.9,0.9,-21.6,21.5,0.075,16,0,0,0,0
3.5,17,isocontour,11.283791670955125,47107.9,99.13,21.4,21.8,0.082,-1.9,-2.3,3.0,3.8,-3.5,1.191,10,3,0,0,3
3.5,18,isocontour,11.283791670955125,47464.16,99.88,2.5,24.6,0.178,-0.9,0.0,0.9,2.5,24.6,0.163,18,0,0,0,0
3.5,19,isocontour,11.283791670955125,46929.99,98.76,-5.0,10.2,0.847,1.3,-1.7,2.1,3.2,-4.0,1.473,10,2,0,0,2
3.5,20,isocontour,11.283791670955125,46837.49,98.56,4.4,-7.1,1.169,-2.1,-0.0,2.1,3.4,-4.5,1.517,10,3,0,0,3
3.5,21,isocontour,11.283791670955125,47101.03,99.12,5.6,-20.6,0.273,-1.2,1.5,1.9,3.2,-4.0,1.473,10,2,0,0,2
3.5,22,isocontour,11.283791670955125,47480.09,99.92,-10.5,0.4,0.93,-0.1,1.0,1.0,-10.5,0.4,0.898,22,3,0,0,3
3.5,23,isocontour,11.283791670955125,47323.84,99.59,-0.7,7.3,1.298,-1.7,1.4,2.2,3.2,-4.0,1.473,10,2,0,0,2
3.5,24,isocontour,11.283791670955125,47184.89,99.29,15.1,-17.4,0.221,-1.4,2.3,2.7,3.2,-4.0,1.473,10,2,0,0,2
3.5,25,isocontour,11.283791670955125,46979.32,98.86,-11.7,-1.0,0.817,1.7,2.4,2.9,-10.5,0.3,0.898,22,3,0,0,3
3.5,Target,,,,,0.0,0.0,3.069,0.0,0.0,,,,,,,,,
3.6,1,isocontour,11.283791670955125,47142.95,99.21,20.8,-9.8,0.24,-0.8,2.5,2.6,3.2,-4.0,1.473,10,3,0,0,3
3.6,2,isocontour,11.283791670955125,47107.8,99.13,17.8,16.0,0.215,1.7,-1.6,2.3,3.7,-3.3,1.331,10,4,0,0,4
3.6,3,isocontour,11.283791670955125,47084.15,99.08,18.5,-2.7,0.397,0.2,1.8,1.8,3.3,-3.8,1.459,10,3,0,0,3
3.6,4,isocontour,11.283791670955125,47399.83,99.75,18.8,14.1,0.226,0.6,-1.0,1.2,3.7,-3.3,1.331,10,4,0,0,4
3.6,5,isocontour,11.283791670955125,47094.36,99.1,21.4,8.2,0.241,-0.7,-1.0,1.2,3.7,-3.4,1.37,10,4,0,0,4
3.6,6,isocontour,11.283791670955125,46935.85,98.77,-1.9,-12.0,0.808,2.4,1.0,2.6,3.4,-4.7,1.522,10,4,0,0,4
3.6,7,isocontour,11.283791670955125,46984.57,98.87,-0.3,8.8,1.152,-2.7,0.3,2.7,3.2,-4.0,1.473,10,2,0,0,2
3.6,8,isocontour,11.283791670955125,46990.85,98.89,3.2,-7.4,1.24,-2.1,-1.6,2.6,3.4,-4.7,1.522,10,3,0,0,3
3.6,9,isocontour,11.283791670955125,47477.79,99.91,17.2,1.1,0.468,-0.2,-1.0,1.0,3.7,-3.4,1.37,10,3,0,0,3
3.6,10,isocontour,11.283791670955125,47286.22,99.51,3.3,-5.0,1.536,-1.2,-2.3,2.6,3.3,-5.0,1.522,10,3,0,0,3
3.6,11,isocontour,11.283791670955125,47091.14,99.1,-11.5,-1.5,0.858,0.0,1.8,1.8,-10.5,0.4,0.93,22,3,0,0,3
3.6,12,isocontour,11.283791670955125,47012.29,98.93,-14.3,-0.8,0.641,2.2,1.3,2.6,-10.5,0.4,0.93,22,3,0,0,3
3.6,13,isocontour,11.283791670955125,47115.14,99.15,19.9,0.0,0.345,-2.1,0.4,2.1,3.3,-3.8,1.459,10,4,0,0,4
3.6,14,isocontour,11.283791670955125,47124.17,99.17,-1.5,-17.8,0.435,0.8,2.0,2.2,3.4,-4.5,1.517,10,2,0,0,2
3.6,15,isocontour,11.283791670955125,47072.29,99.06,20.9,20.7,0.107,-0.3,-2.6,2.6,3.8,-3.3,1.274,10,3,0,0,3
3.6,16,isocontour,11.283791670955125,47480.41,99.92,-21.6,21.5,0.092,-0.9,-0.2,0.9,-21.6,21.5,0.083,16,0,0,0,0
3.6,17,isocontour,11.283791670955125,47105.35,99.13,21.3,21.7,0.094,-0.4,-1.2,1.3,3.8,-3.3,1.274,10,3,0,0,3
3.6,18,isocontour,11.283791670955125,47463.06,99.88,2.6,24.6,0.193,0.9,0.0,0.9,2.6,24.6,0.178,18,0,0,0,0
3.6,19,isocontour,11.283791670955125,46919.23,98.74,-4.9,10.0,0.896,0.8,-1.9,2.1,3.2,-4.0,1.473,10,3,0,0,3
3.6,20,isocontour,11.283791670955125,46832.08,98.55,4.3,-7.2,1.196,-0.8,-1.4,1.6,3.4,-4.7,1.522,10,3,0,0,3
3.6,21,isocontour,11.283791670955125,47067.24,99.05,5.4,-20.5,0.298,-2.8,0.9,2.9,3.4,-4.4,1.488,10,2,0,0,2
3.6,22,isocontour,11.283791670955125,47479.35,99.91,-10.5,0.5,0.963,0.2,0.8,0.8,3.2,-4.0,1.473,10,4,0,0,4
3.6,23,isocontour,11.283791670955125,47310.35,99.56,-0.9,7.4,1.315,-1.9,1.1,2.2,3.2,-4.0,1.473,10,2,0,0,2
3.6,24,isocontour,11.283791670955125,47151.78,99.23,14.9,-17.4,0.244,-2.9,-0.4,2.9,3.2,-4.0,1.473,10,2,0,0,2
3.6,25,isocontour,11.283791670955125,46951.27,98.8,-11.5,-0.8,0.862,1.4,2.4,2.8,-10.5,0.4,0.93,22,3,0,0,3
3.6,Target,,,,,0.0,0.0,3.107,0.0,0.0,,,,,,,,,
3.7,1,isocontour,11.283791670955125,47122.21,99.16,20.7,-9.6,0.263,-0.8,2.4,2.5,3.2,-4.0,1.473,10,3,0,0,3
3.7,2,isocontour,11.283791670955125,47076.01,99.07,17.9,15.8,0.232,1.5,-2.5,2.9,3.7,-3.4,1.37,10,4,0,0,4
3.7,3,isocontour,11.283791670955125,47082.15,99.08,18.4,-2.6,0.423,-0.7,0.9,1.1,3.2,-4.0,1.473,10,4,0,0,4
3.7,4,isocontour,11.283791670955125,47366.71,99.68,18.9,13.8,0.246,0.6,-2.9,3.0,3.7,-3.4,1.37,10,4,0,0,4
3.7,5,isocontour,11.283791670955125,47091.55,99.1,21.3,8.1,0.262,-0.8,-1.0,1.3,3.3,-3.8,1.459,10,4,0,0,4
3.7,6,isocontour,11.283791670955125,46898.57,98.69,-1.6,-11.8,0.856,2.4,1.9,3.1,3.3,-5.0,1.536,10,5,0,0,5
3.7,7,isocontour,11.283791670955125,46983.6,98.87,-0.4,8.8,1.181,-0.9,0.2,0.9,3.2,-4.0,1.473,10,2,0,0,2
3.7,8,isocontour,11.283791670955125,46985.54,98.88,3.2,-7.5,1.258,-0.4,-1.5,1.6,3.3,-5.0,1.536,10,3,0,0,3
3.7,9,isocontour,11.283791670955125,47476.27,99.91,17.2,0.9,0.493,-0.2,-1.0,1.0,3.3,-3.8,1.459,10,3,0,0,3
3.7,10,isocontour,11.283791670955125,47259.92,99.45,3.2,-5.2,1.546,-1.0,-2.5,2.7,3.2,-5.2,1.536,10,3,0,0,3
3.7,11,isocontour,11.283791670955125,47088.59,99.09,-11.4,-1.4,0.896,0.9,0.8,1.2,3.2,-4.0,1.473,10,3,0,0,3
3.7,12,isocontour,11.283791670955125,46998.61,98.9,-14.1,-0.8,0.683,2.1,-0.6,2.2,3.2,-4.0,1.473,10,3,0,0,3
3.7,13,isocontour,11.283791670955125,47103.4,99.12,19.7,0.1,0.374,-2.1,0.3,2.1,3.2,-4.0,1.473,10,4,0,0,4
3.7,14,isocontour,11.283791670955125,47111.75,99.14,-1.5,-17.6,0.468,0.9,1.9,2.1,3.4,-4.7,1.522,10,2,0,0,2
3.7,15,isocontour,11.283791670955125,47065.48,99.04,20.7,20.6,0.121,-1.3,-1.1,1.7,3.7,-3.3,1.331,10,3,0,0,3
3.7,16,isocontour,11.283791670955125,47479.31,99.91,-21.6,21.4,0.103,0.6,-0.7,0.9,-21.6,21.4,0.092,16,0,0,0,0
3.7,17,isocontour,11.283791670955125,47092.4,99.1,21.3,21.5,0.106,0.0,-2.2,2.2,3.7,-3.3,1.331,10,3,0,0,3
3.7,18,isocontour,11.283791670955125,47461.96,99.88,2.7,24.6,0.209,0.9,-0.0,0.9,2.7,24.6,0.193,18,0,0,0,0
3.7,19,isocontour,11.283791670955125,46913.41,98.72,-4.9,9.9,0.943,0.4,-1.6,1.6,3.2,-4.0,1.473,10,3,0,0,3
3.7,20,isocontour,11.283791670955125,46831.08,98.55,4.2,-7.3,1.226,-0.7,-0.6,0.9,3.3,-5.0,1.536,10,3,0,0,3
3.7,21,isocontour,11.283791670955125,47063.75,99.04,5.3,-20.4,0.323,-0.5,1.3,1.4,3.4,-4.7,1.522,10,3,0,0,3
3.7,22,isocontour,11.283791670955125,47478.64,99.91,-10.5,0.6,0.995,0.2,0.8,0.8,3.2,-4.0,1.473,10,4,0,0,4
3.7,23,isocontour,11.283791670955125,47298.1,99.53,-1.1,7.5,1.336,-2.0,0.6,2.1,3.2,-4.0,1.473,10,2,0,0,2
3.7,24,isocontour,11.283791670955125,47117.32,99.15,14.6,-17.4,0.266,-2.9,-0.5,2.9,3.4,-4.4,1.488,10,2,0,0,2
3.7,25,isocontour,11.283791670955125,46946.8,98.79,-11.4,-0.7,0.906,1.4,0.6,1.5,3.2,-4.0,1.473,10,3,0,0,3
3.7,Target,,,,,0.0,0.0,3.143,0.0,0.0,,,,,,,,,
3.8,1,isocontour,11.283791670955125,47119.47,99.16,20.6,-9.5,0.285,-0.9,0.9,1.3,3.4,-4.4,1.488,10,4,0,0,4
3.8,2,isocontour,11.283791670955125,47071.8,99.06,18.0,15.6,0.249,1.0,-1.1,1.5,3.3,-3.8,1.459,10,4,0,0,4
3.8,3,isocontour,11.283791670955125,47048.7,99.01,18.3,-2.3,0.452,-1.1,2.8,3.0,3.2,-4.0,1.473,10,4,0,0,4
3.8,4,isocontour,11.283791670955125,47332.25,99.6,18.9,13.5,0.267,0.8,-2.9,3.0,3.3,-3.8,1.459,10,4,0,0,4
3.8,5,isocontour,11.283791670955125,47089.35,99.09,21.3,8.0,0.282,-0.4,-1.1,1.2,3.2,-4.0,1.473,10,5,0,0,5
3.8,6,isocontour,11.283791670955125,46891.52,98.68,-1.6,-11.7,0.901,0.6,1.6,1.7,3.2,-5.2,1.546,10,5,0,0,5
3.8,7,isocontour,11.283791670955125,46956.14,98.81,-0.6,8.8,1.208,-2.8,0.2,2.8,3.2,-4.0,1.473,10,2,0,0,2
3.8,8,isocontour,11.283791670955125,46984.88,98.87,3.1,-7.6,1.282,-0.4,-0.7,0.8,3.2,-5.2,1.546,10,4,0,0,4
3.8,9,isocontour,11.283791670955125,47475.17,99.91,17.2,1.0,0.517,-0.2,0.9,0.9,3.2,-4.0,1.473,10,4,0,0,4
3.8,10,isocontour,11.283791670955125,47236.11,99.4,3.0,-5.4,1.561,-1.5,-2.2,2.7,3.0,-5.4,1.546,10,3,0,0,3
3.8,11,isocontour,11.283791670955125,47058.7,99.03,-11.3,-1.2,0.936,0.9,2.7,2.8,3.2,-4.0,1.473,10,3,0,0,3
3.8,12,isocontour,11.283791670955125,46986.36,98.88,-13.9,-0.9,0.725,2.1,-0.3,2.1,3.2,-4.0,1.473,10,3,0,0,3
3.8,13,isocontour,11.283791670955125,47092.48,99.1,19.5,0.1,0.404,-2.0,0.2,2.0,3.2,-4.0,1.473,10,4,0,0,4
3.8,14,isocontour,11.283791670955125,47090.77,99.1,-1.3,-17.4,0.503,1.4,2.1,2.5,3.3,-5.0,1.536,10,3,0,0,3
3.8,15,isocontour,11.283791670955125,47031.7,98.97,20.7,20.3,0.136,-0.6,-2.9,3.0,3.7,-3.4,1.37,10,3,0,0,3
3.8,16,isocontour,11.283791670955125,47478.21,99.91,-21.7,21.4,0.114,-0.8,-0.5,0.9,-21.7,21.4,0.103,16,0,0,0,0
3.8,17,isocontour,11.283791670955125,47082.1,99.08,21.3,21.3,0.118,0.0,-2.0,2.0,3.7,-3.4,1.37,10,3,0,0,3
3.8,18,isocontour,11.283791670955125,47460.86,99.88,2.8,24.6,0.224,0.9,-0.1,0.9,2.8,24.6,0.209,18,0,0,0,0
3.8,19,isocontour,11.283791670955125,46893.64,98.68,-4.9,9.6,0.993,-0.1,-2.5,2.5,3.2,-4.0,1.473,10,3,0,0,3
3.8,20,isocontour,11.283791670955125,46811.07,98.51,4.0,-7.5,1.25,-1.7,-1.8,2.5,3.2,-5.2,1.546,10,3,0,0,3
3.8,21,isocontour,11.283791670955125,47058.24,99.03,5.2,-20.2,0.348,-0.4,1.6,1.6,3.3,-5.0,1.536,10,3,0,0,3
3.8,22,isocontour,11.283791670955125,47477.93,99.91,-10.4,0.7,1.027,0.2,0.8,0.8,3.2,-4.0,1.473,10,4,0,0,4
3.8,23,isocontour,11.283791670955125,47277.36,99.49,-1.3,7.6,1.35,-2.3,1.1,2.5,3.2,-4.0,1.473,10,2,0,0,2
3.8,24,isocontour,11.283791670955125,47106.39,99.13,14.4,-17.4,0.289,-2.0,0.5,2.1,3.4,-4.7,1.522,10,2,0,0,2
3.8,25,isocontour,11.283791670955125,46918.44,98.73,-11.3,-0.5,0.948,1.2,2.5,2.8,3.2,-4.0,1.473,10,3,0,0,3
3.8,Target,,,,,0.0,0.0,3.177,0.0,0.0,,,,,,,,,
3.9,1,isocontour,11.283791670955125,47117.15,99.15,20.5,-9.4,0.306,-0.5,1.1,1.2,3.4,-4.7,1.522,10,4,0,0,4
3.9,2,isocontour,11.283791670955125,47062.96,99.04,18.0,15.5,0.269,-0.3,-1.9,1.9,3.2,-4.0,1.473,10,4,0,0,4
3.9,3,isocontour,11.283791670955125,47015.92,98.94,18.2,-2.0,0.48,-1.0,2.8,3.0,3.4,-4.4,1.488,10,4,0,0,4
3.9,4,isocontour,11.283791670955125,47307.35,99.55,19.0,13.2,0.288,0.1,-2.7,2.7,3.2,-4.0,1.473,10,4,0,0,4
3.9,5,isocontour,11.283791670955125,47086.85,99.09,21.3,7.9,0.302,-0.3,-1.2,1.2,3.2,-4.0,1.473,10,5,0,0,5
3.9,6,isocontour,11.283791670955125,46855.67,98.6,-1.3,-11.5,0.948,2.5,1.8,3.1,3.0,-5.4,1.561,10,5,0,0,5
3.9,7,isocontour,11.283791670955125,46928.38,98.76,-0.9,8.8,1.235,-2.8,0.0,2.8,3.2,-4.0,1.473,10,2,0,0,2
3.9,8,isocontour,11.283791670955125,46966.49,98.84,2.9,-7.7,1.311,-2.2,-1.0,2.4,3.0,-5.4,1.561,10,4,0,0,4
3.9,9,isocontour,11.283791670955125,47473.77,99.9,17.1,0.9,0.543,-0.4,-1.0,1.1,3.4,-4.4,1.488,10,4,0,0,4
3.9,10,isocontour,11.283791670955125,47223.16,99.38,3.0,-5.7,1.566,-0.1,-2.2,2.2,3.0,-5.7,1.561,10,3,0,0,3
3.9,11,isocontour,11.283791670955125,47053.87,99.02,-11.3,-1.0,0.968,0.1,1.6,1.6,3.2,-4.0,1.473,10,3,0,0,3
3.9,12,isocontour,11.283791670955125,46977.24,98.86,-13.7,-0.9,0.766,1.9,-0.4,1.9,3.2,-4.0,1.473,10,3,0,0,3
3.9,13,isocontour,11.283791670955125,47080.74,99.08,19.3,0.1,0.434,-2.1,0.3,2.1,3.4,-4.4,1.488,10,4,0,0,4
3.9,14,isocontour,11.283791670955125,47080.47,99.08,-1.3,-17.2,0.537,-0.4,2.0,2.0,3.2,-5.2,1.546,10,4,0,0,4
3.9,15,isocontour,11.283791670955125,47013.08,98.93,20.7,20.1,0.151,0.0,-2.4,2.4,3.3,-3.8,1.459,10,3,0,0,3
3.9,16,isocontour,11.283791670955125,47477.11,99.91,-21.6,21.4,0.125,0.8,0.4,0.9,-21.6,21.4,0.114,16,0,0,0,0
3.9,17,isocontour,11.283791670955125,47074.19,99.06,21.2,21.1,0.132,-1.4,-1.2,1.8,3.3,-3.8,1.459,10,3,0,0,3
3.9,18,isocontour,11.283791670955125,47459.76,99.87,2.7,24.6,0.24,-0.9,-0.0,0.9,2.7,24.6,0.224,18,0,0,0,0
3.9,19,isocontour,11.283791670955125,46891.37,98.68,-4.8,9.5,1.034,1.0,-0.6,1.2,3.2,-4.0,1.473,10,3,0,0,3
3.9,20,isocontour,11.283791670955125,46802.23,98.49,3.9,-7.6,1.267,-0.8,-1.7,1.9,3.0,-5.4,1.561,10,4,0,0,4
3.9,21,isocontour,11.283791670955125,47053.68,99.02,5.2,-20.1,0.374,-0.4,1.5,1.6,3.2,-5.2,1.546,10,3,0,0,3
3.9,22,isocontour,11.283791670955125,47449.88,99.85,-10.3,0.9,1.073,2.0,1.9,2.8,3.2,-4.0,1.473,10,4,0,0,4
3.9,23,isocontour,11.283791670955125,47276.55,99.49,-1.4,7.7,1.37,-0.6,0.6,0.8,3.2,-4.0,1.473,10,2,0,0,2
3.9,24,isocontour,11.283791670955125,47087.78,99.09,14.2,-17.5,0.308,-2.0,-1.4,2.4,3.3,-5.0,1.536,10,2,0,0,2
3.9,25,isocontour,11.283791670955125,46889.48,98.67,-11.1,-0.2,0.99,1.3,2.5,2.8,3.2,-4.0,1.473,10,3,0,0,3
3.9,Target,,,,,0.0,0.0,3.211,0.0,0.0,,,,,,,,,
4.0,1,isocontour,11.283791670955125,47114.35,99.15,20.4,-9.3,0.328,-1.0,0.9,1.3,20.4,-9.3,0.306,1,4,0,0,4
4.0,2,isocontour,11.283791670955125,47027.8,98.96,18.1,15.2,0.289,1.1,-2.8,3.0,18.1,15.2,0.269,2,4,0,0,4
4.0,3,isocontour,11.283791670955125,46986.96,98.88,18.1,-1.8,0.507,-0.7,2.7,2.8,18.1,-1.8,0.48,3,4,0,0,4
4.0,4,isocontour,11.283791670955125,47305.46,99.55,19.0,13.1,0.307,0.3,-1.1,1.1,19.0,13.1,0.288,4,4,0,0,4
4.0,5,isocontour,11.283791670955125,47071.04,99.06,21.3,7.7,0.323,-0.0,-2.3,2.3,21.3,7.7,0.302,5,5,0,0,5
4.0,6,isocontour,11.283791670955125,46822.89,98.53,-1.1,-11.3,0.993,2.5,1.5,2.9,-1.1,-11.3,0.948,6,5,0,0,5
4.0,7,isocontour,11.283791670955125,46926.23,98.75,-1.1,8.8,1.268,-1.1,-0.5,1.2,-1.1,8.8,1.235,7,2,0,0,2
4.0,8,isocontour,11.283791670955125,46943.21,98.79,2.7,-7.9,1.33,-2.0,-1.7,2.6,2.7,-7.9,1.311,8,4,0,0,4
4.0,9,isocontour,11.283791670955125,47472.41,99.9,17.1,0.8,0.568,-0.3,-1.0,1.0,17.1,0.8,0.543,9,4,0,0,4
4.0,10,isocontour,11.283791670955125,47218.24,99.36,3.0,-5.8,1.575,-0.0,-1.6,1.6,3.0,-5.8,1.566,10,3,0,0,3
4.0,11,isocontour,11.283791670955125,47051.67,99.01,-11.2,-0.9,1.003,0.8,0.9,1.2,-11.2,-0.9,0.968,11,3,0,0,3
4.0,12,isocontour,11.283791670955125,46966.47,98.84,-13.5,-0.9,0.806,2.0,-0.5,2.1,-13.5,-0.9,0.766,12,3,0,0,3
4.0,13,isocontour,11.283791670955125,47069.16,99.05,19.1,0.1,0.465,-2.1,0.3,2.1,19.1,0.1,0.434,13,4,0,0,4
4.0,14,isocontour,11.283791670955125,47047.35,99.01,-1.2,-16.9,0.575,1.2,2.7,3.0,-1.2,-16.9,0.537,14,4,0,0,4
4.0,15,isocontour,11.283791670955125,47008.25,98.92,20.6,19.9,0.166,-1.1,-1.1,1.6,20.6,19.9,0.151,15,3,0,0,3
4.0,16,isocontour,11.283791670955125,47476.01,99.91,-21.6,21.5,0.134,-0.5,0.8,0.9,-21.6,21.5,0.125,16,0,0,0,0
4.0,17,isocontour,11.283791670955125,47039.03,98.99,21.1,20.9,0.147,-0.7,-2.9,3.0,21.1,20.9,0.132,17,3,0,0,3
4.0,18,isocontour,11.283791670955125,47458.66,99.87,2.6,24.6,0.256,-0.9,-0.0,0.9,2.6,24.6,0.24,18,0,0,0,0
4.0,19,isocontour,11.283791670955125,46890.85,98.68,-4.8,9.5,1.06,-0.7,0.1,0.7,-4.8,9.5,1.034,19,3,0,0,3
4.0,20,isocontour,11.283791670955125,46775.06,98.43,3.7,-7.8,1.294,-2.4,-1.3,2.7,3.7,-7.8,1.267,20,4,0,0,4
4.0,21,isocontour,11.283791670955125,47046.15,99.0,5.2,-19.9,0.4,-0.3,1.8,1.8,5.2,-19.9,0.374,21,3,0,0,3
4.0,22,isocontour,11.283791670955125,47447.98,99.85,-10.2,1.0,1.11,0.8,0.8,1.1,-10.2,1.0,1.073,22,5,0,0,5
4.0,23,isocontour,11.283791670955125,47253.27,99.44,-1.6,7.6,1.395,-2.6,-0.2,2.6,-1.6,7.6,1.37,23,3,0,0,3
4.0,24,isocontour,11.283791670955125,47071.13,99.06,14.0,-17.6,0.327,-1.9,-1.4,2.4,14.0,-17.6,0.308,24,2,0,0,2
4.0,25,isocontour,11.283791670955125,46888.2,98.67,-11.1,-0.2,1.023,0.4,-0.9,1.0,-11.1,-0.2,0.99,25,3,0,0,3
4.0,Target,,,,,0.0,0.0,3.243,0.0,0.0,,,,,,,,,
4.1,1,isocontour,11.283791670955125,47083.83,99.08,20.3,-9.1,0.353,-1.4,2.5,2.9,17.1,0.8,0.568,9,4,0,0,4
4.1,2,isocontour,11.283791670955125,46995.35,98.9,18.3,14.9,0.307,1.7,-2.4,2.9,21.3,7.7,0.323,5,4,0,0,4
4.1,3,isocontour,11.283791670955125,46952.5,98.81,18.1,-1.5,0.533,-0.6,2.9,3.0,17.1,0.8,0.568,9,4,0,0,4
4.1,4,isocontour,11.283791670955125,47302.85,99.54,19.0,13.0,0.326,0.3,-1.2,1.2,21.3,7.7,0.323,5,4,0,0,4
4.1,5,isocontour,11.283791670955125,47067.39,99.05,21.2,7.6,0.344,-0.9,-1.1,1.4,17.1,0.8,0.568,9,5,0,0,5
4.1,6,isocontour,11.283791670955125,46822.28,98.53,-1.1,-11.3,1.022,-0.8,0.1,0.8,3.0,-5.8,1.575,10,5,0,0,5
4.1,7,isocontour,11.283791670955125,46894.43,98.68,-1.3,8.8,1.292,-2.9,0.1,2.9,-1.6,7.6,1.395,23,2,0,0,2
4.1,8,isocontour,11.283791670955125,46920.72,98.74,2.5,-8.0,1.351,-2.2,-1.3,2.6,3.0,-5.8,1.575,10,4,0,0,4
4.1,9,isocontour,11.283791670955125,47471.41,99.9,17.1,0.9,0.587,0.7,0.6,0.9,17.1,0.9,0.568,9,4,0,0,4
4.1,10,isocontour,11.283791670955125,47191.94,99.31,2.9,-6.0,1.587,-1.7,-2.2,2.8,2.9,-6.0,1.575,10,3,0,0,3
4.1,11,isocontour,11.283791670955125,47051.2,99.01,-11.2,-0.9,1.032,0.1,-0.7,0.7,-10.2,1.0,1.11,22,3,0,0,3
4.1,12,isocontour,11.283791670955125,46945.98,98.79,-13.3,-0.9,0.85,2.2,1.2,2.5,-10.2,1.0,1.11,22,3,0,0,3
4.1,13,isocontour,11.283791670955125,47048.18,99.01,18.9,0.0,0.495,-2.0,-1.5,2.5,17.1,0.8,0.568,9,4,0,0,4
4.1,14,isocontour,11.283791670955125,47032.34,98.97,-1.3,-16.7,0.61,-0.7,2.1,2.2,2.7,-7.9,1.33,8,4,0,0,4
4.1,15,isocontour,11.283791670955125,47000.47,98.91,20.6,19.8,0.181,0.2,-1.8,1.8,19.0,13.1,0.307,4,3,0,0,3
4.1,16,isocontour,11.283791670955125,47474.91,99.91,-21.6,21.5,0.145,0.8,0.5,0.9,-21.6,21.5,0.134,16,0,0,0,0
4.1,17,isocontour,11.283791670955125,47014.41,98.94,21.0,20.6,0.164,-1.7,-2.1,2.7,19.0,13.1,0.307,4,3,0,0,3
4.1,18,isocontour,11.283791670955125,47457.56,99.87,2.7,24.6,0.272,0.9,-0.0,0.9,2.7,24.6,0.256,18,0,0,0,0
4.1,19,isocontour,11.283791670955125,46888.48,98.67,-4.7,9.5,1.095,1.2,-0.4,1.3,-1.6,7.6,1.395,23,3,0,0,3
4.1,20,isocontour,11.283791670955125,46770.85,98.42,3.6,-7.9,1.314,-0.8,-1.3,1.5,3.0,-5.8,1.575,10,4,0,0,4
4.1,21,isocontour,11.283791670955125,47022.08,98.95,5.0,-19.7,0.428,-2.2,1.5,2.7,-1.1,-11.3,0.993,6,3,0,0,3
4.1,22,isocontour,11.283791670955125,47427.25,99.8,-10.2,0.8,1.134,-0.8,-2.4,2.5,-1.6,7.6,1.395,23,5,0,0,5
4.1,23,isocontour,11.283791670955125,47228.37,99.39,-1.9,7.6,1.418,-2.7,-0.1,2.7,-1.9,7.6,1.395,23,3,0,0,3
4.1,24,isocontour,11.283791670955125,47054.49,99.02,13.8,-17.6,0.351,-2.1,1.1,2.4,5.2,-19.9,0.4,21,2,0,0,2
4.1,25,isocontour,11.283791670955125,46879.36,98.65,-11.0,-0.4,1.061,1.2,-1.4,1.8,-10.2,1.0,1.11,22,3,0,0,3
4.1,Target,,,,,0.0,0.0,3.275,0.0,0.0,,,,,,,,,
4.2,1,isocontour,11.283791670955125,47046.19,99.0,20.2,-8.8,0.379,-1.0,2.9,3.1,17.1,0.9,0.587,9,4,0,0,4
4.2,2,isocontour,11.283791670955125,46992.55,98.89,18.4,14.8,0.324,0.7,-1.1,1.3,17.1,0.8,0.568,9,4,0,0,4
4.2,3,isocontour,11.283791670955125,46949.76,98.8,18.0,-1.3,0.559,-0.7,1.1,1.3,17.1,0.9,0.587,9,4,0,0,4
4.2,4,isocontour,11.283791670955125,47300.53,99.54,19.1,12.9,0.344,0.5,-1.1,1.2,17.1,0.8,0.568,9,4,0,0,4
4.2,5,isocontour,11.283791670955125,47030.11,98.97,21.1,7.3,0.368,-1.0,-2.9,3.1,17.1,0.9,0.587,9,5,0,0,5
4.2,6,isocontour,11.283791670955125,46804.56,98.49,-1.1,-11.5,1.029,0.1,-2.4,2.4,2.9,-6.0,1.587,10,5,0,0,5
4.2,7,isocontour,11.283791670955125,46862.63,98.62,-1.6,8.8,1.312,-2.9,0.1,2.9,-1.9,7.6,1.418,23,2,0,0,2
4.2,8,isocontour,11.283791670955125,46898.48,98.69,2.3,-8.1,1.369,-2.1,-1.5,2.6,2.9,-6.0,1.587,10,4,0,0,4
4.2,9,isocontour,11.283791670955125,47470.44,99.9,17.1,0.8,0.609,-0.1,-0.9,0.9,17.1,0.8,0.587,9,4,0,0,4
4.2,10,isocontour,11.283791670955125,47190.66,99.31,2.8,-6.1,1.611,-0.8,-0.5,0.9,2.8,-6.1,1.587,10,3,0,0,3
4.2,11,isocontour,11.283791670955125,47014.64,98.94,-11.4,-1.2,1.042,-1.7,-2.6,3.1,-1.6,7.6,1.395,23,3,0,0,3
4.2,12,isocontour,11.283791670955125,46923.48,98.74,-13.1,-0.7,0.893,2.2,1.4,2.6,-1.6,7.6,1.395,23,3,0,0,3
4.2,13,isocontour,11.283791670955125,47034.13,98.98,18.7,0.1,0.526,-2.1,0.7,2.2,17.1,0.9,0.587,9,4,0,0,4
4.2,14,isocontour,11.283791670955125,47022.49,98.95,-1.3,-16.5,0.644,-0.6,1.9,2.0,3.0,-5.8,1.575,10,4,0,0,4
4.2,15,isocontour,11.283791670955125,46996.9,98.9,20.6,19.6,0.195,0.0,-1.4,1.4,19.0,13.0,0.326,4,3,0,0,3
4.2,16,isocontour,11.283791670955125,47473.81,99.9,-21.6,21.5,0.157,-0.6,-0.7,0.9,-21.6,21.5,0.145,16,0,0,0,0
4.2,17,isocontour,11.283791670955125,46986.06,98.88,20.9,20.4,0.18,-0.1,-2.8,2.8,19.0,13.0,0.326,4,3,0,0,3
4.2,18,isocontour,11.283791670955125,47456.46,99.87,2.6,24.6,0.287,-0.9,-0.0,0.9,2.6,24.6,0.272,18,0,0,0,0
4.2,19,isocontour,11.283791670955125,46887.08,98.67,-4.7,9.6,1.122,0.9,0.5,1.0,-1.9,7.6,1.418,23,3,0,0,3
4.2,20,isocontour,11.283791670955125,46769.85,98.42,3.5,-7.9,1.341,-0.9,-0.3,0.9,2.9,-6.0,1.587,10,4,0,0,4
4.2,21,isocontour,11.283791670955125,46999.84,98.91,4.8,-19.6,0.456,-2.1,1.5,2.6,3.0,-5.8,1.575,10,3,0,0,3
4.2,22,isocontour,11.283791670955125,47397.05,99.74,-10.3,1.0,1.151,-0.8,2.8,2.9,-1.9,7.6,1.418,23,5,0,0,5
4.2,23,isocontour,11.283791670955125,47202.64,99.33,-2.2,7.6,1.444,-2.7,-0.6,2.8,-2.2,7.6,1.418,23,3,0,0,3
4.2,24,isocontour,11.283791670955125,47026.43,98.96,13.5,-17.4,0.378,-2.1,1.8,2.8,-1.1,-11.3,0.993,6,2,0,0,2
4.2,25,isocontour,11.283791670955125,46862.71,98.62,-11.0,-0.6,1.078,-1.3,-2.0,2.4,-1.6,7.6,1.395,23,3,0,0,3
4.2,Target,,,,,0.0,0.0,3.305,0.0,0.0,,,,,,,,,
4.3,1,isocontour,11.283791670955125,47013.08,98.93,20.1,-8.5,0.404,-1.0,2.8,3.0,-1.1,-11.3,0.993,6,4,0,0,4
4.3,2,isocontour,11.283791670955125,46960.43,98.82,18.5,14.6,0.341,1.5,-2.5,2.9,17.1,0.9,0.587,9,4,0,0,4
4.3,3,isocontour,11.283791670955125,46941.33,98.78,17.9,-1.2,0.587,-1.4,1.2,1.8,17.1,0.8,0.609,9,4,0,0,4
4.3,4,isocontour,11.283791670955125,47272.17,99.48,19.1,12.6,0.365,0.1,-2.8,2.8,17.1,0.9,0.587,9,4,0,0,4
4.3,5,isocontour,11.283791670955125,47025.47,98.96,21.0,7.2,0.392,-1.1,-1.1,1.6,17.1,0.8,0.609,9,5,0,0,5
4.3,6,isocontour,11.283791670955125,46786.83,98.46,-1.0,-11.7,1.039,1.7,-1.6,2.3,2.8,-6.1,1.611,10,5,0,0,5
4.3,7,isocontour,11.283791670955125,46831.16,98.55,-1.9,8.8,1.328,-2.9,0.4,2.9,-2.2,7.6,1.444,23,2,0,0,2
4.3,8,isocontour,11.283791670955125,46886.23,98.67,2.2,-8.3,1.376,-0.8,-2.0,2.2,2.8,-6.1,1.611,10,4,0,0,4
4.3,9,isocontour,11.283791670955125,47469.16,99.89,17.1,0.9,0.631,-0.0,1.0,1.0,17.1,0.9,0.609,9,4,0,0,4
4.3,10,isocontour,11.283791670955125,47172.27,99.27,2.6,-6.2,1.631,-1.9,-1.5,2.4,2.6,-6.2,1.611,10,4,0,0,4
4.3,11,isocontour,11.283791670955125,47009.63,98.93,-11.5,-1.2,1.052,-1.6,-0.2,1.6,-1.9,7.6,1.418,23,3,0,0,3
4.3,12,isocontour,11.283791670955125,46907.87,98.71,-12.9,-0.8,0.936,2.2,-0.7,2.3,-1.9,7.6,1.418,23,3,0,0,3
4.3,13,isocontour,11.283791670955125,47015.74,98.94,18.5,-0.0,0.558,-2.1,-1.2,2.4,17.1,0.8,0.609,9,4,0,0,4
4.3,14,isocontour,11.283791670955125,47001.02,98.91,-1.2,-16.3,0.679,1.3,2.2,2.6,2.8,-6.1,1.611,10,5,0,0,5
4.3,15,isocontour,11.283791670955125,46964.78,98.83,20.6,19.3,0.212,-0.2,-2.9,2.9,17.1,0.8,0.568,9,3,0,0,3
4.3,16,isocontour,11.283791670955125,47472.71,99.9,-21.5,21.4,0.169,0.9,-0.2,0.9,-21.5,21.4,0.157,16,0,0,0,0
4.3,17,isocontour,11.283791670955125,46964.33,98.83,20.8,20.2,0.197,-1.6,-2.0,2.6,17.1,0.8,0.568,9,3,0,0,3
4.3,18,isocontour,11.283791670955125,47455.36,99.86,2.7,24.6,0.304,0.8,-0.5,0.9,2.7,24.6,0.287,18,0,0,0,0
4.3,19,isocontour,11.283791670955125,46885.42,98.66,-4.6,9.6,1.149,1.0,0.3,1.0,-2.2,7.6,1.444,23,3,0,0,3
4.3,20,isocontour,11.283791670955125,46748.12,98.38,3.4,-8.1,1.357,-1.8,-1.9,2.6,2.8,-6.1,1.611,10,4,0,0,4
4.3,21,isocontour,11.283791670955125,46981.9,98.87,4.5,-19.4,0.484,-2.0,1.3,2.4,2.9,-6.0,1.587,10,3,0,0,3
4.3,22,isocontour,11.283791670955125,47396.05,99.74,-10.4,1.0,1.168,-0.9,-0.3,0.9,-2.2,7.6,1.444,23,5,0,0,5
4.3,23,isocontour,11.283791670955125,47179.1,99.28,-2.4,7.5,1.477,-2.3,-1.3,2.6,-2.4,7.5,1.444,23,3,0,0,3
4.3,24,isocontour,11.283791670955125,47006.89,98.92,13.3,-17.2,0.406,-2.0,1.5,2.5,3.0,-5.8,1.575,10,2,0,0,2
4.3,25,isocontour,11.283791670955125,46859.14,98.61,-11.2,-0.6,1.09,-1.4,0.2,1.4,-1.9,7.6,1.418,23,3,0,0,3
4.3,Target,,,,,0.0,0.0,3.334,0.0,0.0,,,,,,,,,
4.4,1,isocontour,11.283791670955125,47008.7,98.92,20.0,-8.4,0.428,-1.3,0.8,1.5,3.0,-5.8,1.575,10,4,0,0,4
4.4,2,isocontour,11.283791670955125,46931.16,98.76,18.6,14.3,0.359,1.5,-2.4,2.8,17.1,0.8,0.609,9,4,0,0,4
4.4,3,isocontour,11.283791670955125,46911.75,98.72,17.8,-1.0,0.614,-0.9,2.7,2.8,-1.1,-11.3,0.993,6,4,0,0,4
4.4,4,isocontour,11.283791670955125,47269.8,99.47,19.1,12.5,0.383,0.5,-1.1,1.2,17.1,0.8,0.609,9,4,0,0,4
4.4,5,isocontour,11.283791670955125,47022.97,98.95,20.9,7.1,0.413,-0.7,-1.1,1.3,17.1,0.9,0.631,9,5,0,0,5
4.4,6,isocontour,11.283791670955125,46782.19,98.45,-1.0,-11.8,1.049,-0.2,-1.5,1.5,2.6,-6.2,1.631,10,5,0,0,5
4.4,7,isocontour,11.283791670955125,46820.24,98.53,-2.1,8.8,1.355,-1.9,-0.7,2.0,-2.4,7.5,1.477,23,2,0,0,2
4.4,8,isocontour,11.283791670955125,46885.13,98.66,2.2,-8.4,1.391,-0.2,-0.9,0.9,2.6,-6.2,1.631,10,4,0,0,4
4.4,9,isocontour,11.283791670955125,47467.92,99.89,17.1,1.0,0.654,-0.4,0.9,1.0,-1.1,-11.3,0.993,6,4,0,0,4
4.4,10,isocontour,11.283791670955125,47169.84,99.26,2.6,-6.4,1.642,-0.0,-1.2,1.2,2.6,-6.4,1.631,10,4,0,0,4
4.4,11,isocontour,11.283791670955125,46996.68,98.9,-11.7,-1.1,1.065,-1.4,1.7,2.2,-2.2,7.6,1.444,23,3,0,0,3
4.4,12,isocontour,11.283791670955125,46895.62,98.69,-12.7,-0.8,0.977,2.0,-0.6,2.1,-2.2,7.6,1.444,23,3,0,0,3
4.4,13,isocontour,11.283791670955125,47000.73,98.91,18.3,0.0,0.589,-2.1,0.8,2.2,-1.1,-11.3,0.993,6,4,0,0,4
4.4,14,isocontour,11.283791670955125,46981.24,98.87,-1.1,-16.1,0.715,1.4,2.1,2.5,2.6,-6.2,1.631,10,5,0,0,5
4.4,15,isocontour,11.283791670955125,46935.51,98.77,20.6,19.1,0.23,-0.0,-2.8,2.8,17.1,0.9,0.587,9,3,0,0,3
4.4,16,isocontour,11.283791670955125,47471.61,99.9,-21.5,21.4,0.181,-0.2,-0.9,0.9,-21.5,21.4,0.169,16,0,0,0,0
4.4,17,isocontour,11.283791670955125,46927.41,98.75,20.7,19.9,0.214,-0.5,-3.0,3.0,17.1,0.9,0.587,9,3,0,0,3
4.4,18,isocontour,11.283791670955125,47454.26,99.86,2.8,24.6,0.319,0.9,-0.0,0.9,2.8,24.6,0.304,18,0,0,0,0
4.4,19,isocontour,11.283791670955125,46883.48,98.66,-4.4,9.6,1.18,1.1,-0.1,1.1,-2.4,7.5,1.477,23,3,0,0,3
4.4,20,isocontour,11.283791670955125,46747.12,98.37,3.3,-8.2,1.377,-0.6,-0.7,0.9,2.6,-6.2,1.631,10,4,0,0,4
4.4,21,isocontour,11.283791670955125,46977.16,98.86,4.5,-19.3,0.51,-0.3,1.5,1.5,2.8,-6.1,1.611,10,3,0,0,3
4.4,22,isocontour,11.283791670955125,47394.88,99.74,-10.5,1.0,1.183,-0.9,-0.2,0.9,-2.4,7.5,1.477,23,5,0,0,5
4.4,23,isocontour,11.283791670955125,47178.22,99.28,-2.5,7.4,1.506,-0.8,-0.4,0.9,-2.5,7.4,1.477,23,3,0,0,3
4.4,24,isocontour,11.283791670955125,47003.32,98.91,13.2,-17.3,0.425,-1.2,-0.7,1.4,2.9,-6.0,1.587,10,2,0,0,2
4.4,25,isocontour,11.283791670955125,46846.19,98.58,-11.3,-0.7,1.099,-1.5,-1.5,2.1,-2.2,7.6,1.444,23,3,0,0,3
4.4,Target,,,,,0.0,0.0,3.362,0.0,0.0,,,,,,,,,
4.5,1,isocontour,11.283791670955125,47006.85,98.92,19.9,-8.3,0.449,-0.4,1.1,1.2,2.9,-6.0,1.587,10,4,0,0,4
4.5,2,isocontour,11.283791670955125,46928.36,98.75,18.7,14.2,0.376,0.6,-1.1,1.3,17.1,0.9,0.631,9,4,0,0,4
4.5,3,isocontour,11.283791670955125,46881.23,98.66,17.7,-0.7,0.64,-0.8,2.8,2.9,3.0,-5.8,1.575,10,4,0,0,4
4.5,4,isocontour,11.283791670955125,47267.18,99.47,19.1,12.4,0.402,0.1,-1.3,1.3,17.1,0.9,0.631,9,4,0,0,4
4.5,5,isocontour,11.283791670955125,47016.73,98.94,20.8,6.9,0.436,-1.3,-1.0,1.6,-1.1,-11.3,0.993,6,5,0,0,5
4.5,6,isocontour,11.283791670955125,46767.37,98.42,-0.8,-12.0,1.06,1.7,-1.5,2.3,2.6,-6.4,1.642,10,5,0,0,5
4.5,7,isocontour,11.283791670955125,46794.79,98.47,-2.4,8.8,1.363,-2.5,1.1,2.7,-2.5,7.4,1.506,23,2,0,0,2
4.5,8,isocontour,11.283791670955125,46884.0,98.66,2.2,-8.5,1.405,-0.0,-0.9,0.9,2.6,-6.4,1.642,10,5,0,0,5
4.5,9,isocontour,11.283791670955125,47466.6,99.89,17.1,0.9,0.676,-0.2,-1.0,1.0,3.0,-5.8,1.575,10,4,0,0,4
4.5,10,isocontour,11.283791670955125,47164.91,99.25,2.6,-6.5,1.647,0.1,-1.6,1.6,2.6,-6.5,1.642,10,4,0,0,4
4.5,11,isocontour,11.283791670955125,46950.04,98.8,-11.9,-1.2,1.063,-2.9,-1.6,3.3,-2.4,7.5,1.477,23,3,0,0,3
4.5,12,isocontour,11.283791670955125,46883.03,98.66,-12.4,-0.9,1.019,2.1,-0.4,2.1,-2.4,7.5,1.477,23,3,0,0,3
4.5,13,isocontour,11.283791670955125,46984.91,98.87,18.0,-0.0,0.621,-2.1,-0.9,2.3,3.0,-5.8,1.575,10,4,0,0,4
4.5,14,isocontour,11.283791670955125,46969.5,98.84,-1.1,-15.9,0.75,-0.5,2.0,2.1,2.6,-6.4,1.642,10,5,0,0,5
4.5,15,isocontour,11.283791670955125,46928.11,98.75,20.5,18.9,0.247,-1.2,-1.3,1.8,17.1,0.8,0.609,9,3,0,0,3
4.5,16,isocontour,11.283791670955125,47470.51,99.9,-21.5,21.4,0.193,0.8,0.5,0.9,-21.5,21.4,0.181,16,0,0,0,0
4.5,17,isocontour,11.283791670955125,46899.05,98.69,20.7,19.6,0.231,0.0,-2.8,2.8,17.1,0.8,0.609,9,3,0,0,3
4.5,18,isocontour,11.283791670955125,47453.16,99.86,2.7,24.6,0.335,-0.9,0.1,0.9,2.7,24.6,0.319,18,0,0,0,0
4.5,19,isocontour,11.283791670955125,46881.1,98.66,-4.3,9.5,1.215,0.9,-0.8,1.2,-2.5,7.4,1.506,23,3,0,0,3
4.5,20,isocontour,11.283791670955125,46735.55,98.35,3.1,-8.3,1.403,-2.0,-0.6,2.1,2.6,-6.4,1.642,10,5,0,0,5
4.5,21,isocontour,11.283791670955125,46955.18,98.81,4.3,-19.1,0.538,-2.0,1.7,2.6,2.6,-6.2,1.631,10,5,0,0,5
4.5,22,isocontour,11.283791670955125,47391.88,99.73,-10.6,1.0,1.195,-1.3,-0.1,1.3,-2.5,7.4,1.506,23,5,0,0,5
4.5,23,isocontour,11.283791670955125,47155.98,99.23,-2.7,7.4,1.525,-2.6,-0.3,2.6,-2.7,7.4,1.506,23,3,0,0,3
4.5,24,isocontour,11.283791670955125,47000.77,98.91,13.1,-17.2,0.447,-0.9,0.9,1.3,2.8,-6.1,1.611,10,2,0,0,2
4.5,25,isocontour,11.283791670955125,46845.99,98.58,-11.4,-0.7,1.118,-0.4,0.4,0.6,-2.4,7.5,1.477,23,3,0,0,3
4.5,Target,,,,,0.0,0.0,3.389,0.0,0.0,,,,,,,,,
4.6,1,isocontour,11.283791670955125,46972.73,98.85,19.8,-8.0,0.474,-0.9,2.9,3.0,2.8,-6.1,1.611,10,4,0,0,4
4.6,2,isocontour,11.283791670955125,46892.85,98.68,18.8,13.9,0.395,0.8,-2.9,3.0,-1.1,-11.3,0.993,6,4,0,0,4
4.6,3,isocontour,11.283791670955125,46850.72,98.59,17.6,-0.4,0.665,-0.9,2.7,2.8,2.9,-6.0,1.587,10,4,0,0,4
4.6,4,isocontour,11.283791670955125,47231.68,99.39,19.2,12.1,0.422,0.6,-3.0,3.1,-1.1,-11.3,0.993,6,4,0,0,4
4.6,5,isocontour,11.283791670955125,46979.09,98.86,20.6,6.7,0.462,-1.4,-2.8,3.1,3.0,-5.8,1.575,10,5,0,0,5
4.6,6,isocontour,11.283791670955125,46762.99,98.41,-0.8,-12.1,1.07,-0.2,-1.5,1.5,2.6,-6.5,1.647,10,5,0,0,5
4.6,7,isocontour,11.283791670955125,46792.11,98.47,-2.5,8.8,1.385,-1.2,-0.4,1.3,-2.7,7.4,1.525,23,2,0,0,2
4.6,8,isocontour,11.283791670955125,46866.28,98.62,2.0,-8.7,1.414,-1.7,-1.7,2.4,2.6,-6.5,1.647,10,5,0,0,5
4.6,9,isocontour,11.283791670955125,47465.28,99.88,17.0,0.8,0.698,-0.2,-1.0,1.0,2.9,-6.0,1.587,10,4,0,0,4
4.6,10,isocontour,11.283791670955125,47161.56,99.25,2.6,-6.7,1.652,0.1,-1.4,1.4,2.6,-6.7,1.647,10,4,0,0,4
4.6,11,isocontour,11.283791670955125,46941.34,98.78,-12.1,-1.2,1.067,-1.8,0.4,1.8,-2.5,7.4,1.506,23,3,0,0,3
4.6,12,isocontour,11.283791670955125,46881.13,98.66,-12.4,-0.8,1.045,0.1,1.1,1.1,-2.5,7.4,1.506,23,3,0,0,3
4.6,13,isocontour,11.283791670955125,46964.42,98.83,17.8,0.1,0.652,-2.1,1.5,2.6,2.9,-6.0,1.587,10,4,0,0,4
4.6,14,isocontour,11.283791670955125,46956.55,98.81,-1.1,-15.7,0.784,-0.4,2.1,2.1,2.6,-6.5,1.647,10,5,0,0,5
4.6,15,isocontour,11.283791670955125,46923.81,98.75,20.4,18.8,0.264,-0.9,-1.2,1.5,17.1,0.9,0.631,9,3,0,0,3
4.6,16,isocontour,11.283791670955125,47469.41,99.89,-21.5,21.3,0.205,-0.8,-0.5,0.9,-21.5,21.3,0.193,16,0,0,0,0
4.6,17,isocontour,11.283791670955125,46895.09,98.68,20.6,19.4,0.247,-0.8,-1.2,1.4,17.1,0.9,0.631,9,3,0,0,3
4.6,18,isocontour,11.283791670955125,47452.07,99.86,2.7,24.5,0.351,0.7,-0.6,0.9,2.7,24.5,0.335,18,0,0,0,0
4.6,19,isocontour,11.283791670955125,46878.42,98.65,-4.3,9.4,1.251,-0.1,-1.3,1.3,-2.7,7.4,1.525,23,3,0,0,3
4.6,20,isocontour,11.283791670955125,46734.86,98.35,3.0,-8.3,1.423,-0.4,-0.7,0.8,2.6,-6.5,1.647,10,5,0,0,5
4.6,21,isocontour,11.283791670955125,46940.16,98.78,4.3,-18.9,0.568,-0.2,2.3,2.3,2.6,-6.4,1.642,10,5,0,0,5
4.6,22,isocontour,11.283791670955125,47390.03,99.73,-10.7,0.9,1.207,-1.1,-0.3,1.1,-2.7,7.4,1.525,23,5,0,0,5
4.6,23,isocontour,11.283791670955125,47152.02,99.23,-2.8,7.3,1.557,-0.9,-1.2,1.5,-2.8,7.3,1.525,23,3,0,0,3
4.6,24,isocontour,11.283791670955125,46976.96,98.86,13.0,-17.0,0.474,-0.7,2.6,2.7,2.6,-6.2,1.631,10,2,0,0,2
4.6,25,isocontour,11.283791670955125,46839.06,98.57,-11.5,-0.6,1.127,-1.6,0.6,1.7,-2.5,7.4,1.506,23,3,0,0,3
4.6,Target,,,,,0.0,0.0,3.415,0.0,0.0,,,,,,,,,
4.7,1,isocontour,11.283791670955125,46938.26,98.78,19.7,-7.7,0.5,-1.1,2.8,3.0,2.8,-6.1,1.611,10,3,0,0,3
4.7,2,isocontour,11.283791670955125,46870.1,98.63,18.9,13.7,0.412,1.3,-2.3,2.6,3.0,-5.8,1.575,10,4,0,0,4
4.7,3,isocontour,11.283791670955125,46842.02,98.57,17.5,-0.3,0.694,-1.7,0.9,1.9,2.8,-6.1,1.611,10,4,0,0,4
4.7,4,isocontour,11.283791670955125,47196.18,99.32,19.2,11.8,0.443,0.4,-3.0,3.0,3.0,-5.8,1.575,10,4,0,0,4
4.7,5,isocontour,11.283791670955125,46976.77,98.86,20.6,6.6,0.483,-0.7,-1.0,1.2,2.9,-6.0,1.587,10,5,0,0,5
4.7,6,isocontour,11.283791670955125,46759.11,98.4,-0.8,-12.3,1.079,-0.2,-1.4,1.4,2.6,-6.7,1.652,10,5,0,0,5
4.7,7,isocontour,11.283791670955125,46787.73,98.46,-2.6,8.9,1.396,-1.2,0.9,1.5,-2.8,7.3,1.557,23,2,0,0,2
4.7,8,isocontour,11.283791670955125,46854.03,98.6,1.9,-8.8,1.426,-1.7,-1.3,2.1,2.6,-6.7,1.652,10,5,0,0,5
4.7,9,isocontour,11.283791670955125,47463.88,99.88,17.0,0.7,0.72,-0.3,-1.0,1.0,2.8,-6.1,1.611,10,4,0,0,4
4.7,10,isocontour,11.283791670955125,47155.54,99.23,2.5,-6.7,1.67,-1.4,-0.9,1.7,2.5,-6.7,1.652,10,4,0,0,4
4.7,11,isocontour,11.283791670955125,46940.77,98.78,-12.1,-1.3,1.088,0.1,-0.7,0.7,-2.7,7.4,1.525,23,3,0,0,3
4.7,12,isocontour,11.283791670955125,46879.19,98.65,-12.5,-0.7,1.062,-0.8,0.8,1.1,-2.7,7.4,1.525,23,3,0,0,3
4.7,13,isocontour,11.283791670955125,46957.49,98.82,17.7,0.2,0.679,-1.2,1.3,1.8,2.8,-6.1,1.611,10,4,0,0,4
4.7,14,isocontour,11.283791670955125,46937.7,98.77,-1.0,-15.5,0.819,1.5,1.9,2.4,2.6,-6.7,1.652,10,5,0,0,5
4.7,15,isocontour,11.283791670955125,46920.88,98.74,20.3,18.6,0.28,-0.0,-1.3,1.3,-1.1,-11.3,0.993,6,3,0,0,3
4.7,16,isocontour,11.283791670955125,47468.31,99.89,-21.5,21.4,0.215,0.4,0.9,1.0,-21.5,21.4,0.205,16,0,0,0,0
4.7,17,isocontour,11.283791670955125,46883.84,98.66,20.7,19.3,0.263,0.3,-2.0,2.0,-1.1,-11.3,0.993,6,3,0,0,3
4.7,18,isocontour,11.283791670955125,47450.97,99.85,2.8,24.5,0.367,0.9,-0.3,0.9,2.8,24.5,0.351,18,0,0,0,0
4.7,19,isocontour,11.283791670955125,46856.95,98.6,-4.5,9.2,1.282,-1.9,-1.7,2.5,-2.8,7.3,1.557,23,3,0,0,3
4.7,20,isocontour,11.283791670955125,46729.15,98.34,3.0,-8.5,1.43,-0.2,-1.6,1.6,2.6,-6.7,1.652,10,5,0,0,5
4.7,21,isocontour,11.283791670955125,46934.35,98.77,4.3,-18.7,0.595,-0.2,1.6,1.6,2.6,-6.5,1.647,10,5,0,0,5
4.7,22,isocontour,11.283791670955125,47371.64,99.69,-10.8,0.7,1.222,-0.9,-2.3,2.5,-2.8,7.3,1.557,23,5,0,0,5
4.7,23,isocontour,11.283791670955125,47131.04,99.18,-3.1,7.2,1.576,-2.5,-0.4,2.5,-3.1,7.2,1.557,23,3,0,0,3
4.7,24,isocontour,11.283791670955125,46965.55,98.83,12.9,-16.9,0.5,-1.8,1.0,2.1,2.6,-6.4,1.642,10,2,0,0,2
4.7,25,isocontour,11.283791670955125,46825.93,98.54,-11.7,-0.8,1.134,-1.6,-1.5,2.2,-2.7,7.4,1.525,23,3,0,0,3
4.7,Target,,,,,0.0,0.0,3.441,0.0,0.0,,,,,,,,,
4.8,1,isocontour,11.283791670955125,46935.59,98.77,19.7,-7.6,0.522,-0.8,1.0,1.3,2.8,-6.1,1.611,10,3,0,0,3
4.8,2,isocontour,11.283791670955125,46853.87,98.6,18.9,13.5,0.434,-0.6,-2.2,2.3,2.9,-6.0,1.587,10,4,0,0,4
4.8,3,isocontour,11.283791670955125,46830.28,98.55,17.3,-0.2,0.724,-1.8,1.0,2.1,2.8,-6.1,1.611,10,4,0,0,4
4.8,4,isocontour,11.283791670955125,47194.18,99.31,19.2,11.6,0.462,0.1,-1.1,1.1,2.9,-6.0,1.587,10,4,0,0,4
4.8,5,isocontour,11.283791670955125,46939.49,98.78,20.4,6.3,0.508,-1.3,-2.8,3.1,2.8,-6.1,1.611,10,5,0,0,5
4.8,6,isocontour,11.283791670955125,46744.48,98.37,-0.7,-12.4,1.087,1.7,-1.5,2.3,2.5,-6.7,1.67,10,5,0,0,5
4.8,7,isocontour,11.283791670955125,46785.68,98.45,-2.7,9.0,1.409,-1.1,0.4,1.2,-3.1,7.2,1.576,23,2,0,0,2
4.8,8,isocontour,11.283791670955125,46849.9,98.59,1.9,-9.0,1.432,0.3,-1.4,1.4,2.5,-6.7,1.67,10,5,0,0,5
4.8,9,isocontour,11.283791670955125,47462.63,99.88,17.0,0.6,0.74,-0.1,-1.0,1.0,2.8,-6.1,1.611,10,4,0,0,4
4.8,10,isocontour,11.283791670955125,47129.24,99.18,2.3,-7.0,1.669,-1.2,-2.5,2.8,2.3,-7.0,1.67,10,4,0,0,4
4.8,11,isocontour,11.283791670955125,46916.69,98.73,-12.2,-1.0,1.108,-0.4,2.6,2.6,-2.8,7.3,1.557,23,3,0,0,3
4.8,12,isocontour,11.283791670955125,46878.53,98.65,-12.5,-0.8,1.083,0.2,-0.8,0.8,-2.8,7.3,1.557,23,3,0,0,3
4.8,13,isocontour,11.283791670955125,46951.78,98.8,17.6,0.3,0.706,-1.4,0.9,1.7,2.8,-6.1,1.611,10,4,0,0,4
4.8,14,isocontour,11.283791670955125,46913.9,98.72,-0.9,-15.3,0.855,1.6,2.1,2.6,2.5,-6.7,1.67,10,5,0,0,5
4.8,15,isocontour,11.283791670955125,46913.59,98.72,20.3,18.5,0.297,-1.1,-1.4,1.8,3.0,-5.8,1.575,10,3,0,0,3
4.8,16,isocontour,11.283791670955125,47467.21,99.89,-21.4,21.4,0.228,0.7,-0.6,0.9,-21.4,21.4,0.215,16,0,0,0,0
4.8,17,isocontour,11.283791670955125,46852.05,98.59,20.5,19.0,0.282,-1.4,-2.6,3.0,3.0,-5.8,1.575,10,3,0,0,3
4.8,18,isocontour,11.283791670955125,47449.87,99.85,2.9,24.5,0.381,0.9,-0.0,0.9,2.9,24.5,0.367,18,0,0,0,0
4.8,19,isocontour,11.283791670955125,46853.6,98.6,-4.6,9.1,1.308,-1.1,-0.8,1.4,-3.1,7.2,1.576,23,3,0,0,3
4.8,20,isocontour,11.283791670955125,46728.42,98.33,3.0,-8.6,1.444,-0.3,-0.8,0.9,2.5,-6.7,1.67,10,5,0,0,5
4.8,21,isocontour,11.283791670955125,46925.23,98.75,4.2,-18.6,0.623,-0.2,1.9,1.9,2.6,-6.7,1.652,10,5,0,0,5
4.8,22,isocontour,11.283791670955125,47370.07,99.68,-10.9,0.7,1.234,-1.0,-0.3,1.0,-3.1,7.2,1.576,23,5,0,0,5
4.8,23,isocontour,11.283791670955125,47108.28,99.13,-3.3,7.1,1.605,-2.1,-1.6,2.6,-3.3,7.1,1.576,23,3,0,0,3
4.8,24,isocontour,11.283791670955125,46938.09,98.78,12.6,-16.8,0.525,-2.8,0.4,2.8,2.6,-6.5,1.647,10,1,0,0,1
4.8,25,isocontour,11.283791670955125,46818.89,98.52,-11.9,-0.7,1.14,-1.7,0.6,1.8,-2.8,7.3,1.557,23,3,0,0,3
4.8,Target,,,,,0.0,0.0,3.465,0.0,0.0,,,,,,,,,
4.9,1,isocontour,11.283791670955125,46902.48,98.7,19.5,-7.4,0.548,-1.4,2.6,3.0,2.8,-6.1,1.611,10,3,0,0,3
4.9,2,isocontour,11.283791670955125,46820.43,98.53,18.9,13.2,0.456,-0.0,-3.0,3.0,2.8,-6.1,1.611,10,4,0,0,4
4.9,3,isocontour,11.283791670955125,46800.08,98.49,17.2,0.0,0.749,-0.8,2.7,2.8,2.8,-6.1,1.611,10,4,0,0,4
4.9,4,isocontour,11.283791670955125,47157.26,99.24,19.2,11.4,0.485,-0.7,-3.0,3.1,2.8,-6.1,1.611,10,5,0,0,5
4.9,5,isocontour,11.283791670955125,46905.37,98.71,20.3,6.1,0.536,-1.9,-2.3,3.0,2.8,-6.1,1.611,10,5,0,0,5
4.9,6,isocontour,11.283791670955125,46729.47,98.34,-0.5,-12.6,1.095,1.6,-1.6,2.3,2.5,-6.7,1.67,10,5,0,0,5
4.9,7,isocontour,11.283791670955125,46754.21,98.39,-3.0,8.9,1.424,-2.9,-0.3,2.9,-3.3,7.1,1.605,23,2,0,0,2
4.9,8,isocontour,11.283791670955125,46840.49,98.57,1.7,-9.1,1.442,-1.5,-1.2,1.9,2.5,-6.7,1.67,10,5,0,0,5
4.9,9,isocontour,11.283791670955125,47461.82,99.88,17.0,0.5,0.756,0.5,-0.7,0.9,2.8,-6.1,1.611,10,5,0,0,5
4.9,10,isocontour,11.283791670955125,47108.98,99.14,2.2,-7.2,1.668,-1.3,-2.2,2.6,2.5,-6.7,1.67,10,4,0,0,4
4.9,11,isocontour,11.283791670955125,46913.56,98.72,-12.2,-1.1,1.125,-0.4,-1.3,1.4,-3.1,7.2,1.576,23,3,0,0,3
4.9,12,isocontour,11.283791670955125,46875.46,98.64,-12.6,-0.7,1.095,-1.2,0.5,1.3,-3.1,7.2,1.576,23,3,0,0,3
4.9,13,isocontour,11.283791670955125,46949.29,98.8,17.4,0.3,0.732,-1.2,0.3,1.2,2.8,-6.1,1.611,10,4,0,0,4
4.9,14,isocontour,11.283791670955125,46901.47,98.7,-0.9,-15.1,0.889,-0.3,2.1,2.1,2.5,-6.7,1.67,10,5,0,0,5
4.9,15,isocontour,11.283791670955125,46785.21,98.45,20.2,18.1,0.319,-0.8,-4.6,4.7,2.9,-6.0,1.587,10,3,0,0,3
4.9,16,isocontour,11.283791670955125,47466.11,99.89,-21.4,21.3,0.241,0.1,-0.9,0.9,-21.4,21.3,0.228,16,0,0,0,0
4.9,17,isocontour,11.283791670955125,46848.48,98.59,20.5,18.9,0.298,0.1,-1.4,1.4,2.9,-6.0,1.587,10,3,0,0,3
4.9,18,isocontour,11.283791670955125,47448.77,99.85,3.0,24.4,0.397,0.8,-0.4,0.9,3.0,24.4,0.381,18,0,0,0,0
4.9,19,isocontour,11.283791670955125,46845.3,98.58,-4.7,9.0,1.345,-0.0,-1.9,1.9,-3.3,7.1,1.605,23,3,0,0,3
4.9,20,isocontour,11.283791670955125,46704.61,98.28,2.9,-8.8,1.449,-1.5,-2.2,2.7,2.5,-6.7,1.67,10,5,0,0,5
4.9,21,isocontour,11.283791670955125,46915.53,98.73,4.2,-18.4,0.651,-0.2,2.0,2.0,2.5,-6.7,1.67,10,5,0,0,5
4.9,22,isocontour,11.283791670955125,47352.35,99.65,-11.0,0.5,1.246,-1.0,-2.2,2.4,-3.3,7.1,1.605,23,5,0,0,5
4.9,23,isocontour,11.283791670955125,47093.47,99.1,-3.4,6.9,1.638,-1.5,-1.7,2.3,-3.4,6.9,1.605,23,3,0,0,3
4.9,24,isocontour,11.283791670955125,46923.07,98.74,12.4,-16.7,0.55,-2.2,0.7,2.3,2.6,-6.7,1.652,10,1,0,0,1
4.9,25,isocontour,11.283791670955125,46818.88,98.52,-11.9,-0.7,1.157,-0.1,-0.1,0.1,-3.1,7.2,1.576,23,3,0,0,3
4.9,Target,,,,,0.0,0.0,3.488,0.0,0.0,,,,,,,,,
5.0,1,isocontour,11.283791670955125,46890.9,98.68,19.4,-7.2,0.574,-1.6,1.4,2.1,2.8,-6.1,1.611,10,3,0,0,3
5.0,2,isocontour,11.283791670955125,46789.59,98.46,18.8,12.9,0.479,-0.2,-2.9,2.9,2.8,-6.1,1.611,10,4,0,0,4
5.0,3,isocontour,11.283791670955125,46795.69,98.48,17.1,0.2,0.774,-1.2,0.9,1.5,2.8,-6.1,1.611,10,4,0,0,4
5.0,4,isocontour,11.283791670955125,47155.05,99.23,19.2,11.2,0.505,-0.2,-1.2,1.2,2.8,-6.1,1.611,10,6,0,0,6
5.0,5,isocontour,11.283791670955125,46898.9,98.69,20.1,6.0,0.56,-1.4,-1.0,1.7,2.8,-6.1,1.611,10,5,0,0,5
5.0,6,isocontour,11.283791670955125,46715.79,98.31,-0.4,-12.7,1.101,1.5,-1.6,2.2,2.5,-6.7,1.67,10,5,0,0,5
5.0,7,isocontour,11.283791670955125,46724.01,98.32,-3.3,8.9,1.44,-2.8,-0.6,2.9,-3.4,6.9,1.638,23,2,0,0,2
5.0,8,isocontour,11.283791670955125,46839.05,98.57,1.6,-9.2,1.457,-0.8,-0.6,1.0,2.5,-6.7,1.67,10,5,0,0,5
5.0,9,isocontour,11.283791670955125,47452.41,99.86,16.9,0.5,0.784,-1.9,0.0,1.9,2.8,-6.1,1.611,10,5,0,0,5
5.0,10,isocontour,11.283791670955125,47099.58,99.12,2.1,-7.3,1.677,-1.5,-1.2,1.9,2.5,-6.7,1.67,10,4,0,0,4
5.0,11,isocontour,11.283791670955125,46896.7,98.69,-12.4,-1.2,1.127,-2.2,-0.9,2.4,-3.3,7.1,1.605,23,3,0,0,3
5.0,12,isocontour,11.283791670955125,46873.42,98.64,-12.7,-0.7,1.106,-1.0,0.6,1.2,-3.3,7.1,1.605,23,3,0,0,3
5.0,13,isocontour,11.283791670955125,46942.71,98.79,17.4,0.5,0.754,-0.6,1.6,1.7,2.8,-6.1,1.611,10,5,0,0,5
5.0,14,isocontour,11.283791670955125,46891.02,98.68,-0.9,-14.9,0.923,-0.2,2.0,2.0,2.5,-6.7,1.67,10,5,0,0,5
5.0,15,isocontour,11.283791670955125,46767.93,98.42,20.0,17.9,0.34,-1.4,-1.9,2.4,2.8,-6.1,1.611,10,3,0,0,3
5.0,16,isocontour,11.283791670955125,47465.01,99.88,-21.4,21.3,0.252,0.5,0.8,0.9,-21.4,21.3,0.241,16,0,0,0,0
5.0,17,isocontour,11.283791670955125,46820.72,98.53,20.4,18.6,0.317,-1.5,-2.4,2.8,2.8,-6.1,1.611,10,3,0,0,3
5.0,18,isocontour,11.283791670955125,47447.67,99.85,3.1,24.4,0.411,0.9,-0.1,0.9,3.1,24.4,0.397,18,0,0,0,0
5.0,19,isocontour,11.283791670955125,46821.22,98.53,-4.8,8.8,1.376,-1.9,-1.8,2.6,-3.4,6.9,1.638,23,3,0,0,3
5.0,20,isocontour,11.283791670955125,46684.11,98.24,2.7,-8.9,1.456,-1.9,-1.7,2.5,2.5,-6.7,1.67,10,5,0,0,5
5.0,21,isocontour,11.283791670955125,46888.06,98.67,4.0,-18.2,0.68,-2.2,1.8,2.8,2.5,-6.7,1.67,10,5,0,0,5
5.0,22,isocontour,11.283791670955125,47338.86,99.62,-11.1,0.3,1.259,-0.8,-2.0,2.2,-3.4,6.9,1.638,23,5,0,0,5
5.0,23,isocontour,11.283791670955125,47092.62,99.1,-3.5,6.9,1.663,-0.7,-0.4,0.8,-3.5,6.9,1.638,23,3,0,0,3
5.0,24,isocontour,11.283791670955125,46888.61,98.67,12.1,-16.7,0.575,-3.0,-0.1,3.0,2.5,-6.7,1.67,10,1,0,0,1
5.0,25,isocontour,11.283791670955125,46805.75,98.5,-11.9,-0.6,1.175,-0.5,2.1,2.2,-3.3,7.1,1.605,23,3,0,0,3
5.0,Target,,,,,0.0,0.0,3.511,0.0,0.0,,,,,,,,,
5.1,1,isocontour,11.283791670955125,46870.16,98.63,19.3,-7.0,0.595,-0.0,2.5,2.5,2.8,-6.1,1.611,10,3,0,0,3
5.1,2,isocontour,11.283791670955125,46786.39,98.46,18.8,12.7,0.498,-0.3,-1.3,1.3,2.8,-6.1,1.611,10,4,0,0,4
5.1,3,isocontour,11.283791670955125,46790.39,98.46,16.9,0.2,0.8,-1.4,0.8,1.6,2.8,-6.1,1.611,10,5,0,0,5
5.1,4,isocontour,11.283791670955125,47129.04,99.18,19.2,11.0,0.525,0.3,-2.7,2.7,2.8,-6.1,1.611,10,7,0,0,7
5.1,5,isocontour,11.283791670955125,46891.62,98.68,20.0,5.9,0.584,-1.5,-1.0,1.8,2.8,-6.1,1.611,10,5,0,0,5
5.1,6,isocontour,11.283791670955125,46709.98,98.3,-0.4,-12.9,1.107,-0.6,-1.6,1.7,2.1,-7.3,1.677,10,5,0,0,5
5.1,7,isocontour,11.283791670955125,46698.28,98.27,-3.5,8.8,1.461,-2.5,-1.1,2.7,-3.5,6.9,1.663,23,2,0,0,2
5.1,8,isocontour,11.283791670955125,46834.93,98.56,1.7,-9.3,1.462,0.4,-1.4,1.5,2.1,-7.3,1.677,10,5,0,0,5
5.1,9,isocontour,11.283791670955125,47447.49,99.85,16.7,0.6,0.812,-1.5,0.3,1.5,2.8,-6.1,1.611,10,5,0,0,5
5.1,10,isocontour,11.283791670955125,47096.71,99.11,2.1,-7.5,1.681,0.3,-1.3,1.3,2.1,-7.5,1.677,10,5,0,0,5
5.1,11,isocontour,11.283791670955125,46894.55,98.68,-12.5,-1.1,1.138,-0.8,0.9,1.2,-3.4,6.9,1.638,23,3,0,0,3
5.1,12,isocontour,11.283791670955125,46872.51,98.64,-12.7,-0.6,1.12,-0.6,0.7,0.9,-3.4,6.9,1.638,23,3,0,0,3
5.1,13,isocontour,11.283791670955125,46938.83,98.78,17.3,0.6,0.774,-0.6,1.3,1.4,2.8,-6.1,1.611,10,5,0,0,5
5.1,14,isocontour,11.283791670955125,46879.28,98.65,-0.9,-14.7,0.958,-0.2,2.1,2.1,2.1,-7.3,1.677,10,5,0,0,5
5.1,15,isocontour,11.283791670955125,46764.93,98.41,20.0,17.7,0.357,-0.6,-1.2,1.3,2.8,-6.1,1.611,10,3,0,0,3
5.1,16,isocontour,11.283791670955125,47463.91,99.88,-21.4,21.4,0.262,-0.7,0.6,0.9,-21.4,21.4,0.252,16,0,0,0,0
5.1,17,isocontour,11.283791670955125,46796.37,98.48,20.4,18.4,0.334,0.2,-2.7,2.7,2.8,-6.1,1.611,10,3,0,0,3
5.1,18,isocontour,11.283791670955125,47446.57,99.85,3.0,24.4,0.426,-0.9,-0.1,0.9,3.0,24.4,0.411,18,0,0,0,0
5.1,19,isocontour,11.283791670955125,46817.57,98.52,-4.9,8.6,1.409,-0.1,-1.4,1.4,-3.5,6.9,1.663,23,3,0,0,3
5.1,20,isocontour,11.283791670955125,46667.89,98.21,2.6,-9.1,1.454,-0.5,-2.3,2.4,2.1,-7.3,1.677,10,5,0,0,5
5.1,21,isocontour,11.283791670955125,46859.41,98.61,3.8,-18.0,0.71,-2.1,1.8,2.8,2.1,-7.3,1.677,10,6,0,0,6
5.1,22,isocontour,11.283791670955125,47336.48,99.61,-11.2,0.2,1.267,-1.2,-0.1,1.2,-3.5,6.9,1.663,23,5,0,0,5
5.1,23,isocontour,11.283791670955125,47091.59,99.1,-3.6,6.8,1.688,-0.6,-0.7,0.9,-3.6,6.8,1.663,23,4,0,0,4
5.1,24,isocontour,11.283791670955125,46862.02,98.62,11.8,-16.7,0.6,-2.7,0.5,2.7,2.5,-6.7,1.67,10,1,0,0,1
5.1,25,isocontour,11.283791670955125,46801.87,98.49,-12.1,-0.5,1.182,-1.4,0.2,1.4,-3.5,6.9,1.663,23,4,0,0,4
5.1,Target,,,,,0.0,0.0,3.533,0.0,0.0,,,,,,,,,
5.2,1,isocontour,11.283791670955125,46868.07,98.63,19.3,-6.9,0.614,-0.2,1.2,1.2,2.8,-6.1,1.611,10,3,0,0,3
5.2,2,isocontour,11.283791670955125,46782.82,98.45,18.9,12.6,0.514,0.6,-1.2,1.3,2.8,-6.1,1.611,10,4,0,0,4
5.2,3,isocontour,11.283791670955125,46785.18,98.45,16.8,0.3,0.827,-1.4,0.7,1.6,2.8,-6.1,1.611,10,5,0,0,5
5.2,4,isocontour,11.283791670955125,47093.88,99.1,19.2,10.7,0.547,-0.3,-3.0,3.0,2.8,-6.1,1.611,10,7,0,0,7
5.2,5,isocontour,11.283791670955125,46856.11,98.6,19.8,5.6,0.609,-1.2,-2.8,3.0,2.8,-6.1,1.611,10,5,0,0,5
5.2,6,isocontour,11.283791670955125,46700.43,98.28,-0.3,-13.1,1.112,1.1,-1.6,1.9,2.1,-7.5,1.681,10,5,0,0,5
5.2,7,isocontour,11.283791670955125,46670.81,98.21,-3.8,8.7,1.472,-2.8,-0.2,2.8,-3.6,6.8,1.688,23,2,0,0,2
5.2,8,isocontour,11.283791670955125,46830.0,98.55,1.7,-9.4,1.464,0.4,-1.5,1.6,2.1,-7.5,1.681,10,5,0,0,5
5.2,9,isocontour,11.283791670955125,47420.32,99.79,16.6,0.8,0.837,-1.2,2.5,2.8,2.8,-6.1,1.611,10,5,0,0,5
5.2,10,isocontour,11.283791670955125,47094.1,99.1,2.1,-7.6,1.684,0.2,-1.2,1.2,2.1,-7.6,1.681,10,5,0,0,5
5.2,11,isocontour,11.283791670955125,46862.42,98.62,-12.5,-0.9,1.155,-0.4,2.9,2.9,-3.5,6.9,1.663,23,3,0,0,3
5.2,12,isocontour,11.283791670955125,46870.62,98.63,-12.8,-0.5,1.133,-0.6,0.9,1.1,-3.5,6.9,1.663,23,3,0,0,3
5.2,13,isocontour,11.283791670955125,46927.42,98.75,17.1,0.6,0.803,-2.1,0.2,2.1,2.8,-6.1,1.611,10,5,0,0,5
5.2,14,isocontour,11.283791670955125,46864.66,98.62,-0.9,-14.4,0.993,-0.0,2.2,2.2,2.1,-7.5,1.681,10,5,0,0,5
5.2,15,isocontour,11.283791670955125,46762.12,98.41,19.9,17.6,0.373,-0.5,-1.2,1.3,2.8,-6.1,1.611,10,3,0,0,3
5.2,16,isocontour,11.283791670955125,47462.81,99.88,-21.5,21.3,0.273,-0.2,-0.9,0.9,-21.5,21.3,0.262,16,0,0,0,0
5.2,17,isocontour,11.283791670955125,46777.06,98.44,20.3,18.2,0.354,-1.5,-2.0,2.5,2.8,-6.1,1.611,10,3,0,0,3
5.2,18,isocontour,11.283791670955125,47445.47,99.84,2.9,24.4,0.44,-0.9,-0.1,0.9,2.9,24.4,0.426,18,0,0,0,0
5.2,19,isocontour,11.283791670955125,46804.62,98.49,-4.9,8.4,1.448,-0.1,-2.2,2.2,-3.6,6.8,1.688,23,3,0,0,3
5.2,20,isocontour,11.283791670955125,46663.15,98.2,2.6,-9.3,1.456,-0.1,-1.5,1.5,2.1,-7.5,1.681,10,5,0,0,5
5.2,21,isocontour,11.283791670955125,46838.18,98.57,3.6,-17.9,0.737,-2.2,1.3,2.6,2.1,-7.5,1.681,10,6,0,0,6
5.2,22,isocontour,11.283791670955125,47333.87,99.61,-11.3,0.2,1.274,-1.3,-0.0,1.3,-3.6,6.8,1.688,23,5,0,0,5
5.2,23,isocontour,11.283791670955125,47089.49,99.09,-3.6,6.7,1.717,-0.5,-1.1,1.2,-3.6,6.7,1.688,23,4,0,0,4
5.2,24,isocontour,11.283791670955125,46829.57,98.55,11.5,-16.7,0.625,-2.9,0.2,2.9,2.1,-7.3,1.677,10,1,0,0,1
5.2,25,isocontour,11.283791670955125,46798.3,98.48,-12.2,-0.5,1.188,-1.4,0.2,1.4,-3.6,6.8,1.688,23,4,0,0,4
5.2,Target,,,,,0.0,0.0,3.554,0.0,0.0,,,,,,,,,
5.3,1,isocontour,11.283791670955125,46864.86,98.62,19.2,-6.8,0.635,-1.0,1.0,1.4,2.8,-6.1,1.611,10,3,0,0,3
5.3,2,isocontour,11.283791670955125,46778.35,98.44,18.9,12.5,0.529,0.7,-1.3,1.5,2.8,-6.1,1.611,10,4,0,0,4
5.3,3,isocontour,11.283791670955125,46779.97,98.44,16.6,0.4,0.852,-1.3,0.9,1.6,2.8,-6.1,1.611,10,5,0,0,5
5.3,4,isocontour,11.283791670955125,47075.72,99.07,19.0,10.5,0.571,-1.5,-1.9,2.4,2.8,-6.1,1.611,10,7,0,0,7
5.3,5,isocontour,11.283791670955125,46821.65,98.53,19.7,5.3,0.633,-1.2,-2.7,3.0,2.8,-6.1,1.611,10,5,0,0,5
5.3,6,isocontour,11.283791670955125,46695.31,98.26,-0.2,-13.2,1.116,0.5,-1.5,1.6,2.1,-7.6,1.684,10,5,0,0,5
5.3,7,isocontour,11.283791670955125,46639.34,98.15,-4.1,8.6,1.49,-2.6,-1.2,2.9,-3.6,6.7,1.717,23,2,0,0,2
5.3,8,isocontour,11.283791670955125,46813.98,98.51,1.6,-9.6,1.467,-1.7,-1.6,2.3,2.1,-7.6,1.684,10,5,0,0,5
5.3,9,isocontour,11.283791670955125,47394.3,99.74,16.5,1.0,0.862,-1.3,2.4,2.7,2.8,-6.1,1.611,10,5,0,0,5
5.3,10,isocontour,11.283791670955125,47088.89,99.09,2.0,-7.7,1.694,-1.3,-0.9,1.6,2.0,-7.7,1.684,10,5,0,0,5
5.3,11,isocontour,11.283791670955125,46861.07,98.61,-12.6,-0.8,1.169,-0.6,0.8,1.0,-3.6,6.8,1.688,23,3,0,0,3
5.3,12,isocontour,11.283791670955125,46868.3,98.63,-12.9,-0.4,1.144,-1.0,0.7,1.2,-3.6,6.8,1.688,23,3,0,0,3
5.3,13,isocontour,11.283791670955125,46922.21,98.74,17.1,0.8,0.824,-0.5,1.5,1.6,2.8,-6.1,1.611,10,5,0,0,5
5.3,14,isocontour,11.283791670955125,46863.72,98.62,-1.0,-14.4,1.015,-0.8,0.3,0.9,2.1,-7.6,1.684,10,5,0,0,5
5.3,15,isocontour,11.283791670955125,46756.31,98.39,19.9,17.5,0.388,0.4,-1.6,1.6,2.8,-6.1,1.611,10,3,0,0,3
5.3,16,isocontour,11.283791670955125,47461.71,99.88,-21.4,21.3,0.286,0.6,-0.7,0.9,-21.4,21.3,0.273,16,0,0,0,0
5.3,17,isocontour,11.283791670955125,46739.42,98.36,20.2,17.9,0.374,-0.8,-3.0,3.1,2.8,-6.1,1.611,10,3,0,0,3
5.3,18,isocontour,11.283791670955125,47444.37,99.84,2.8,24.4,0.454,-0.9,-0.1,0.9,2.8,24.4,0.44,18,0,0,0,0
5.3,19,isocontour,11.283791670955125,46775.35,98.43,-5.0,8.2,1.48,-1.8,-2.2,2.8,-3.6,6.7,1.717,23,3,0,0,3
5.3,20,isocontour,11.283791670955125,46640.13,98.15,2.5,-9.5,1.455,-1.4,-2.2,2.6,2.1,-7.6,1.684,10,5,0,0,5
5.3,21,isocontour,11.283791670955125,46830.77,98.55,3.5,-17.7,0.764,-0.5,1.7,1.8,2.1,-7.6,1.684,10,6,0,0,6
5.3,22,isocontour,11.283791670955125,47320.38,99.58,-11.5,0.1,1.281,-1.2,-1.9,2.2,-3.6,6.7,1.717,23,5,0,0,5
5.3,23,isocontour,11.283791670955125,47088.61,99.09,-3.7,6.6,1.741,-0.6,-0.6,0.8,-3.7,6.6,1.717,23,4,0,0,4
5.3,24,isocontour,11.283791670955125,46795.1,98.47,11.2,-16.7,0.65,-3.0,0.1,3.0,2.1,-7.5,1.681,10,1,0,0,1
5.3,25,isocontour,11.283791670955125,46798.17,98.48,-12.3,-0.5,1.201,-0.4,0.0,0.4,-3.6,6.7,1.717,23,4,0,0,4
5.3,Target,,,,,0.0,0.0,3.574,0.0,0.0,,,,,,,,,
5.4,1,isocontour,11.283791670955125,46862.43,98.62,19.2,-6.7,0.655,-0.8,0.9,1.2,2.8,-6.1,1.611,10,3,0,0,3
5.4,2,isocontour,11.283791670955125,46775.0,98.43,19.0,12.4,0.544,0.5,-1.3,1.4,2.8,-6.1,1.611,10,4,0,0,4
5.4,3,isocontour,11.283791670955125,46778.27,98.44,16.6,0.5,0.874,-0.6,0.9,1.1,2.8,-6.1,1.611,10,5,0,0,5
5.4,4,isocontour,11.283791670955125,47041.59,98.99,19.0,10.2,0.594,-0.3,-3.0,3.0,2.8,-6.1,1.611,10,7,0,0,7
5.4,5,isocontour,11.283791670955125,46787.86,98.46,19.6,5.1,0.658,-1.3,-2.7,3.0,2.8,-6.1,1.611,10,5,0,0,5
5.4,6,isocontour,11.283791670955125,46683.24,98.24,-0.4,-13.4,1.121,-1.5,-1.5,2.1,2.0,-7.7,1.694,10,5,0,0,5
5.4,7,isocontour,11.283791670955125,46607.87,98.08,-4.3,8.5,1.514,-2.3,-1.7,2.9,-3.7,6.6,1.741,23,2,0,0,2
5.4,8,isocontour,11.283791670955125,46807.74,98.5,1.6,-9.8,1.467,0.2,-1.7,1.7,2.0,-7.7,1.694,10,5,0,0,5
5.4,9,isocontour,11.283791670955125,47392.55,99.73,16.4,1.0,0.882,-0.2,-1.1,1.1,2.8,-6.1,1.611,10,5,0,0,5
5.4,10,isocontour,11.283791670955125,47072.24,99.06,2.0,-7.9,1.686,-0.0,-2.3,2.3,2.0,-7.9,1.694,10,5,0,0,5
5.4,11,isocontour,11.283791670955125,46860.16,98.61,-12.6,-0.7,1.182,-0.5,0.7,0.9,-3.6,6.7,1.717,23,3,0,0,3
5.4,12,isocontour,11.283791670955125,46866.25,98.62,-13.0,-0.4,1.153,-0.9,0.7,1.1,-3.6,6.7,1.717,23,3,0,0,3
5.4,13,isocontour,11.283791670955125,46903.82,98.7,16.9,0.7,0.853,-2.1,-1.2,2.4,2.8,-6.1,1.611,10,5,0,0,5
5.4,14,isocontour,11.283791670955125,46847.29,98.58,-1.1,-14.6,1.017,-0.6,-2.2,2.3,2.0,-7.7,1.694,10,5,0,0,5
5.4,15,isocontour,11.283791670955125,46699.35,98.27,19.8,17.2,0.411,-2.0,-2.9,3.5,2.8,-6.1,1.611,10,3,0,0,3
5.4,16,isocontour,11.283791670955125,47460.61,99.88,-21.4,21.2,0.299,-0.2,-0.9,0.9,-21.4,21.2,0.286,16,0,0,0,0
5.4,17,isocontour,11.283791670955125,46731.64,98.34,20.3,17.7,0.387,1.1,-1.4,1.8,2.8,-6.1,1.611,10,3,0,0,3
5.4,18,isocontour,11.283791670955125,47443.27,99.84,2.9,24.3,0.47,0.5,-0.8,0.9,2.9,24.3,0.454,18,0,0,0,0
5.4,19,isocontour,11.283791670955125,46761.86,98.4,-5.1,8.0,1.517,-0.2,-2.2,2.2,-3.7,6.6,1.741,23,3,0,0,3
5.4,20,isocontour,11.283791670955125,46637.98,98.14,2.4,-9.7,1.46,-0.2,-1.2,1.2,2.0,-7.7,1.694,10,5,0,0,5
5.4,21,isocontour,11.283791670955125,46800.57,98.49,3.3,-17.5,0.792,-2.4,1.6,2.9,2.0,-7.7,1.694,10,6,0,0,6
5.4,22,isocontour,11.283791670955125,47316.25,99.57,-11.6,0.1,1.285,-1.4,0.2,1.4,-3.7,6.6,1.741,23,6,0,0,6
5.4,23,isocontour,11.283791670955125,47082.59,99.08,-3.8,6.5,1.772,-0.7,-1.5,1.7,-3.8,6.5,1.741,23,4,0,0,4
5.4,24,isocontour,11.283791670955125,46792.49,98.47,11.1,-16.7,0.668,-1.2,-0.4,1.3,2.1,-7.6,1.684,10,1,0,0,1
5.4,25,isocontour,11.283791670955125,46798.15,98.48,-12.3,-0.5,1.217,-0.2,0.2,0.3,-3.7,6.6,1.741,23,4,0,0,4
5.4,Target,,,,,0.0,0.0,3.594,0.0,0.0,,,,,,,,,
5.5,1,isocontour,11.283791670955125,46860.63,98.61,19.1,-6.6,0.674,-0.5,1.0,1.1,2.8,-6.1,1.611,10,3,0,0,3
5.5,2,isocontour,11.283791670955125,46738.44,98.36,19.0,12.1,0.564,-0.1,-3.1,3.1,2.8,-6.1,1.611,10,4,0,0,4
5.5,3,isocontour,11.283791670955125,46772.35,98.43,16.4,0.6,0.898,-1.4,1.0,1.7,2.8,-6.1,1.611,10,5,0,0,5
5.5,4,isocontour,11.283791670955125,47039.33,98.99,19.0,10.0,0.612,-0.3,-1.2,1.2,2.8,-6.1,1.611,10,7,0,0,7
5.5,5,isocontour,11.283791670955125,46775.09,98.43,19.4,4.9,0.683,-1.9,-1.0,2.1,2.8,-6.1,1.611,10,5,0,0,5
5.5,6,isocontour,11.283791670955125,46671.83,98.22,-0.5,-13.5,1.124,-1.3,-1.6,2.1,2.0,-7.7,1.694,10,5,0,0,5
5.5,7,isocontour,11.283791670955125,46598.32,98.06,-4.4,8.3,1.549,-0.3,-1.9,1.9,-3.8,6.5,1.772,23,3,0,0,3
5.5,8,isocontour,11.283791670955125,46804.39,98.49,1.6,-9.9,1.469,0.2,-1.4,1.4,2.0,-7.7,1.694,10,5,0,0,5
5.5,9,isocontour,11.283791670955125,47362.97,99.67,16.3,1.1,0.906,-1.6,2.4,2.9,2.8,-6.1,1.611,10,5,0,0,5
5.5,10,isocontour,11.283791670955125,47068.82,99.05,2.0,-8.0,1.684,0.2,-1.4,1.4,2.0,-8.0,1.694,10,5,0,0,5
5.5,11,isocontour,11.283791670955125,46856.66,98.6,-12.7,-0.8,1.195,-0.4,-1.3,1.4,-3.7,6.6,1.741,23,3,0,0,3
5.5,12,isocontour,11.283791670955125,46843.5,98.58,-13.1,-0.2,1.16,-1.2,2.3,2.6,-3.7,6.6,1.741,23,3,0,0,3
5.5,13,isocontour,11.283791670955125,46886.54,98.67,16.8,0.9,0.873,-0.6,2.3,2.4,2.8,-6.1,1.611,10,5,0,0,5
5.5,14,isocontour,11.283791670955125,46820.7,98.53,-0.8,-14.7,1.027,2.6,-0.8,2.7,2.0,-7.7,1.694,10,5,0,0,5
5.5,15,isocontour,11.283791670955125,46695.06,98.26,19.7,17.0,0.429,-0.8,-1.3,1.5,2.8,-6.1,1.611,10,3,0,0,3
5.5,16,isocontour,11.283791670955125,47459.51,99.87,-21.5,21.2,0.308,-0.5,0.8,0.9,-21.5,21.2,0.299,16,0,0,0,0
5.5,17,isocontour,11.283791670955125,46728.57,98.33,20.3,17.6,0.401,0.0,-1.3,1.3,2.8,-6.1,1.611,10,3,0,0,3
5.5,18,isocontour,11.283791670955125,47442.17,99.84,3.0,24.3,0.483,0.9,-0.0,0.9,3.0,24.3,0.47,18,0,0,0,0
5.5,19,isocontour,11.283791670955125,46744.14,98.37,-5.1,7.8,1.557,-0.4,-2.4,2.4,-3.8,6.5,1.772,23,4,0,0,4
5.5,20,isocontour,11.283791670955125,46633.69,98.13,2.4,-9.8,1.462,-0.0,-1.5,1.5,2.0,-7.7,1.694,10,6,0,0,6
5.5,21,isocontour,11.283791670955125,46779.09,98.44,3.1,-17.4,0.817,-2.3,1.1,2.5,2.0,-7.7,1.694,10,6,0,0,6
5.5,22,isocontour,11.283791670955125,47303.48,99.54,-11.7,-0.1,1.288,-1.4,-1.7,2.2,-3.8,6.5,1.772,23,6,0,0,6
5.5,23,isocontour,11.283791670955125,47081.45,99.08,-3.8,6.4,1.797,-0.6,-0.8,1.0,-3.8,6.4,1.772,23,4,0,0,4
5.5,24,isocontour,11.283791670955125,46762.91,98.41,10.8,-16.7,0.69,-2.9,0.1,2.9,2.0,-7.7,1.694,10,2,0,0,2
5.5,25,isocontour,11.283791670955125,46798.12,98.48,-12.3,-0.5,1.232,-0.2,0.1,0.2,-3.8,6.5,1.772,23,5,0,0,5
5.5,Target,,,,,0.0,0.0,3.613,0.0,0.0,,,,,,,,,
5.6,1,isocontour,11.283791670955125,46858.53,98.61,19.1,-6.4,0.692,-0.3,1.1,1.1,2.8,-6.1,1.611,10,3,0,0,3
5.6,2,isocontour,11.283791670955125,46729.17,98.34,19.1,11.9,0.58,0.8,-1.7,1.9,2.8,-6.1,1.611,10,4,0,0,4
5.6,3,isocontour,11.283791670955125,46767.42,98.42,16.3,0.7,0.922,-1.2,0.9,1.5,2.8,-6.1,1.611,10,5,0,0,5
5.6,4,isocontour,11.283791670955125,47034.22,98.98,19.0,9.9,0.629,0.2,-1.6,1.6,2.8,-6.1,1.611,10,7,0,0,7
5.6,5,isocontour,11.283791670955125,46770.8,98.42,19.3,4.9,0.706,-1.3,-0.8,1.5,2.8,-6.1,1.611,10,5,0,0,5
5.6,6,isocontour,11.283791670955125,46659.4,98.19,-0.4,-13.7,1.126,1.3,-1.7,2.1,2.0,-7.7,1.694,10,5,0,0,5
5.6,7,isocontour,11.283791670955125,46570.26,98.0,-4.5,8.1,1.576,-2.1,-1.9,2.8,-3.8,6.4,1.797,23,3,0,0,3
5.6,8,isocontour,11.283791670955125,46788.98,98.46,1.4,-10.1,1.47,-1.5,-1.7,2.3,2.0,-7.7,1.694,10,5,0,0,5
5.6,9,isocontour,11.283791670955125,47337.8,99.62,16.2,1.4,0.928,-1.0,2.5,2.7,2.8,-6.1,1.611,10,6,0,0,6
5.6,10,isocontour,11.283791670955125,47042.8,99.0,1.9,-8.3,1.674,-1.1,-2.5,2.7,1.9,-8.3,1.694,10,5,0,0,5
5.6,11,isocontour,11.283791670955125,46841.45,98.57,-12.9,-0.8,1.193,-2.3,-0.3,2.3,-3.8,6.5,1.772,23,3,0,0,3
5.6,12,isocontour,11.283791670955125,46842.71,98.57,-13.1,-0.2,1.176,0.2,-0.8,0.8,-3.8,6.5,1.772,23,3,0,0,3
5.6,13,isocontour,11.283791670955125,46886.33,98.67,16.8,0.9,0.892,-0.4,-0.4,0.6,2.8,-6.1,1.611,10,5,0,0,5
5.6,14,isocontour,11.283791670955125,46793.82,98.47,-0.6,-14.8,1.036,2.6,-1.0,2.8,2.0,-7.7,1.694,10,5,0,0,5
5.6,15,isocontour,11.283791670955125,46689.35,98.25,19.6,16.9,0.446,-0.9,-1.4,1.7,2.8,-6.1,1.611,10,3,0,0,3
5.6,16,isocontour,11.283791670955125,47458.41,99.87,-21.5,21.3,0.316,0.1,0.9,0.9,-21.5,21.3,0.308,16,0,0,0,0
5.6,17,isocontour,11.283791670955125,46692.72,98.26,20.3,17.3,0.42,-0.4,-3.0,3.0,2.8,-6.1,1.611,10,3,0,0,3
5.6,18,isocontour,11.283791670955125,47441.07,99.83,3.0,24.3,0.495,0.9,0.1,0.9,3.0,24.3,0.483,18,0,0,0,0
5.6,19,isocontour,11.283791670955125,46725.97,98.33,-5.3,7.6,1.578,-1.9,-1.4,2.4,-3.8,6.4,1.797,23,4,0,0,4
5.6,20,isocontour,11.283791670955125,46628.67,98.12,2.3,-9.9,1.473,-1.4,-0.7,1.6,2.0,-7.7,1.694,10,6,0,0,6
5.6,21,isocontour,11.283791670955125,46763.48,98.41,3.0,-17.2,0.846,-0.6,2.2,2.3,2.0,-7.7,1.694,10,6,0,0,6
5.6,22,isocontour,11.283791670955125,47298.27,99.53,-11.9,-0.1,1.29,-1.5,0.4,1.6,-3.8,6.4,1.797,23,6,0,0,6
5.6,23,isocontour,11.283791670955125,47069.37,99.05,-3.9,6.2,1.828,-1.0,-1.9,2.1,-3.9,6.2,1.797,23,4,0,0,4
5.6,24,isocontour,11.283791670955125,46725.99,98.33,10.5,-16.6,0.716,-3.0,0.7,3.1,2.0,-7.7,1.694,10,2,0,0,2
5.6,25,isocontour,11.283791670955125,46791.98,98.47,-12.4,-0.4,1.239,-1.2,1.2,1.7,-3.8,6.4,1.797,23,5,0,0,5
5.6,Target,,,,,0.0,0.0,3.631,0.0,0.0,,,,,,,,,
5.7,1,isocontour,11.283791670955125,46855.18,98.6,19.0,-6.4,0.712,-1.0,0.9,1.3,2.8,-6.1,1.611,10,3,0,0,3
5.7,2,isocontour,11.283791670955125,46716.75,98.31,19.0,11.7,0.601,-1.4,-1.6,2.1,2.8,-6.1,1.611,10,6,0,0,6
5.7,3,isocontour,11.283791670955125,46750.78,98.38,16.1,0.7,0.952,-2.4,0.1,2.4,2.8,-6.1,1.611,10,5,0,0,5
5.7,4,isocontour,11.283791670955125,47009.6,98.93,19.0,9.6,0.647,0.0,-2.7,2.7,2.8,-6.1,1.611,10,7,0,0,7
5.7,5,isocontour,11.283791670955125,46765.87,98.41,19.1,4.8,0.728,-1.4,-0.7,1.6,2.8,-6.1,1.611,10,6,0,0,6
5.7,6,isocontour,11.283791670955125,46645.17,98.16,-0.2,-13.8,1.129,1.6,-1.5,2.2,2.0,-7.7,1.694,10,5,0,0,5
5.7,7,isocontour,11.283791670955125,46537.15,97.93,-4.7,7.9,1.604,-1.9,-2.3,3.0,-3.9,6.2,1.828,23,3,0,0,3
5.7,8,isocontour,11.283791670955125,46784.06,98.45,1.5,-10.2,1.47,0.7,-1.4,1.6,2.0,-7.7,1.694,10,6,0,0,6
5.7,9,isocontour,11.283791670955125,47336.1,99.61,16.2,1.3,0.945,-0.1,-1.1,1.1,2.8,-6.1,1.611,10,6,0,0,6
5.7,10,isocontour,11.283791670955125,47030.21,98.97,1.9,-8.5,1.663,0.4,-2.1,2.1,1.9,-8.5,1.694,10,5,0,0,5
5.7,11,isocontour,11.283791670955125,46839.84,98.57,-13.0,-0.8,1.204,-0.3,1.0,1.0,-3.8,6.4,1.797,23,3,0,0,3
5.7,12,isocontour,11.283791670955125,46840.82,98.57,-13.1,-0.1,1.194,0.2,1.1,1.1,-3.9,6.2,1.828,23,5,0,0,5
5.7,13,isocontour,11.283791670955125,46886.23,98.67,16.7,0.9,0.908,-0.2,0.4,0.4,2.8,-6.1,1.611,10,6,0,0,6
5.7,14,isocontour,11.283791670955125,46764.86,98.41,-0.3,-14.8,1.049,2.8,-0.3,2.8,2.0,-7.7,1.694,10,6,0,0,6
5.7,15,isocontour,11.283791670955125,46682.18,98.24,19.5,16.8,0.464,-1.0,-1.5,1.8,2.8,-6.1,1.611,10,3,0,0,3
5.7,16,isocontour,11.283791670955125,47457.31,99.87,-21.4,21.3,0.328,0.5,-0.8,0.9,-21.4,21.3,0.316,16,0,0,0,0
5.7,17,isocontour,11.283791670955125,46690.4,98.25,20.2,17.2,0.435,-0.3,-1.2,1.2,2.8,-6.1,1.611,10,3,0,0,3
5.7,18,isocontour,11.283791670955125,47439.97,99.83,3.1,24.3,0.507,0.9,0.0,0.9,3.1,24.3,0.495,18,0,0,0,0
5.7,19,isocontour,11.283791670955125,46722.09,98.32,-5.4,7.5,1.593,-1.3,-0.7,1.5,-3.9,6.2,1.828,23,5,0,0,5
5.7,20,isocontour,11.283791670955125,46622.53,98.11,2.3,-10.0,1.473,0.3,-1.6,1.6,2.0,-7.7,1.694,10,6,0,0,6
5.7,21,isocontour,11.283791670955125,46755.31,98.39,2.9,-17.0,0.873,-0.4,1.8,1.8,2.0,-7.7,1.694,10,6,0,0,6
5.7,22,isocontour,11.283791670955125,47285.85,99.51,-12.0,-0.2,1.291,-1.5,-1.5,2.1,-3.9,6.2,1.828,23,6,0,0,6
5.7,23,isocontour,11.283791670955125,47047.64,99.01,-4.1,6.0,1.856,-1.7,-1.9,2.5,-4.1,6.0,1.828,23,5,0,0,5
5.7,24,isocontour,11.283791670955125,46714.09,98.3,10.4,-16.5,0.741,-1.5,1.5,2.1,2.0,-7.7,1.694,10,3,0,0,3
5.7,25,isocontour,11.283791670955125,46784.07,98.45,-12.6,-0.4,1.242,-1.4,-1.2,1.8,-3.9,6.2,1.828,23,5,0,0,5
5.7,Target,,,,,0.0,0.0,3.649,0.0,0.0,,,,,,,,,
5.8,1,isocontour,11.283791670955125,46821.06,98.53,18.9,-6.1,0.735,-1.2,2.8,3.0,2.8,-6.1,1.611,10,4,0,0,4
5.8,2,isocontour,11.283791670955125,46682.63,98.24,18.9,11.4,0.622,-0.3,-3.0,3.0,2.8,-6.1,1.611,10,6,0,0,6
5.8,3,isocontour,11.283791670955125,46748.94,98.38,16.0,0.6,0.971,-0.3,-1.1,1.1,2.8,-6.1,1.611,10,5,0,0,5
5.8,4,isocontour,11.283791670955125,46971.96,98.85,18.9,9.4,0.671,-1.1,-2.9,3.1,2.8,-6.1,1.611,10,7,0,0,7
5.8,5,isocontour,11.283791670955125,46758.22,98.4,19.0,4.7,0.751,-1.6,-0.8,1.8,2.8,-6.1,1.611,10,6,0,0,6
5.8,6,isocontour,11.283791670955125,46620.82,98.11,-0.0,-13.9,1.135,2.5,-1.0,2.7,2.0,-7.7,1.694,10,6,0,0,6
5.8,7,isocontour,11.283791670955125,46521.13,97.9,-4.9,7.7,1.621,-2.0,-1.2,2.3,-4.1,6.0,1.856,23,3,0,0,3
5.8,8,isocontour,11.283791670955125,46774.65,98.43,1.4,-10.4,1.469,-0.9,-1.7,1.9,2.0,-7.7,1.694,10,6,0,0,6
5.8,9,isocontour,11.283791670955125,47333.89,99.61,16.1,1.2,0.963,-0.4,-1.1,1.2,2.8,-6.1,1.611,10,6,0,0,6
5.8,10,isocontour,11.283791670955125,47024.39,98.96,1.8,-8.6,1.666,-1.1,-1.2,1.6,1.8,-8.6,1.694,10,5,0,0,5
5.8,11,isocontour,11.283791670955125,46835.63,98.56,-13.1,-0.8,1.208,-1.5,-0.3,1.5,-4.1,6.0,1.856,23,5,0,0,5
5.8,12,isocontour,11.283791670955125,46821.27,98.53,-13.2,0.1,1.2,-1.4,2.1,2.5,-4.1,6.0,1.856,23,5,0,0,5
5.8,13,isocontour,11.283791670955125,46871.02,98.63,16.6,1.0,0.934,-2.0,1.1,2.3,2.8,-6.1,1.611,10,6,0,0,6
5.8,14,isocontour,11.283791670955125,46763.54,98.41,-0.2,-14.8,1.062,0.9,-0.4,1.0,2.0,-7.7,1.694,10,6,0,0,6
5.8,15,isocontour,11.283791670955125,46653.83,98.18,19.4,16.5,0.484,-1.1,-2.6,2.8,2.8,-6.1,1.611,10,3,0,0,3
5.8,16,isocontour,11.283791670955125,47456.21,99.87,-21.5,21.3,0.337,-0.9,0.3,0.9,-21.5,21.3,0.328,16,0,0,0,0
5.8,17,isocontour,11.283791670955125,46684.27,98.24,20.1,17.0,0.452,-1.1,-1.3,1.7,2.8,-6.1,1.611,10,3,0,0,3
5.8,18,isocontour,11.283791670955125,47438.87,99.83,3.2,24.3,0.518,0.9,0.1,0.9,3.2,24.3,0.507,18,0,0,0,0
5.8,19,isocontour,11.283791670955125,46720.77,98.32,-5.5,7.4,1.612,-0.6,-0.8,1.0,-4.1,6.0,1.856,23,6,0,0,6
5.8,20,isocontour,11.283791670955125,46616.72,98.1,2.4,-10.2,1.47,0.5,-1.6,1.7,2.0,-7.7,1.694,10,6,0,0,6
5.8,21,isocontour,11.283791670955125,46744.55,98.37,2.9,-16.8,0.901,-0.4,2.0,2.0,2.0,-7.7,1.694,10,6,0,0,6
5.8,22,isocontour,11.283791670955125,47274.76,99.48,-12.2,-0.3,1.291,-1.6,-1.3,2.1,-4.1,6.0,1.856,23,6,0,0,6
5.8,23,isocontour,11.283791670955125,47046.83,99.0,-4.2,6.0,1.873,-0.7,-0.4,0.8,-4.2,6.0,1.856,23,6,0,0,6
5.8,24,isocontour,11.283791670955125,46708.58,98.29,10.2,-16.5,0.76,-1.6,-0.3,1.6,2.0,-7.7,1.694,10,5,0,0,5
5.8,25,isocontour,11.283791670955125,46776.29,98.43,-12.7,-0.5,1.242,-1.6,-0.8,1.8,-4.1,6.0,1.856,23,5,0,0,5
5.8,Target,,,,,0.0,0.0,3.666,0.0,0.0,,,,,,,,,
5.9,1,isocontour,11.283791670955125,46794.18,98.47,18.8,-5.8,0.756,-0.5,2.7,2.7,2.8,-6.1,1.611,10,4,0,0,4
5.9,2,isocontour,11.283791670955125,46646.06,98.16,18.9,11.1,0.644,-0.6,-3.0,3.1,2.8,-6.1,1.611,10,7,0,0,7
5.9,3,isocontour,11.283791670955125,46748.3,98.38,16.0,0.7,0.986,-0.1,0.8,0.8,2.8,-6.1,1.611,10,6,0,0,6
5.9,4,isocontour,11.283791670955125,46969.64,98.84,18.8,9.2,0.689,-0.4,-1.1,1.2,2.8,-6.1,1.611,10,7,0,0,7
5.9,5,isocontour,11.283791670955125,46722.71,98.32,18.8,4.5,0.776,-1.5,-2.6,3.0,2.8,-6.1,1.611,10,6,0,0,6
5.9,6,isocontour,11.283791670955125,46596.47,98.06,0.2,-14.0,1.142,2.5,-0.9,2.7,2.0,-7.7,1.694,10,6,0,0,6
5.9,7,isocontour,11.283791670955125,46519.43,97.89,-5.0,7.7,1.639,-0.8,-0.8,1.1,-4.2,6.0,1.873,23,4,0,0,4
5.9,8,isocontour,11.283791670955125,46765.81,98.41,1.3,-10.6,1.466,-0.7,-1.8,1.9,2.0,-7.7,1.694,10,6,0,0,6
5.9,9,isocontour,11.283791670955125,47316.61,99.57,15.9,1.2,0.992,-2.4,-0.3,2.4,2.8,-6.1,1.611,10,6,0,0,6
5.9,10,isocontour,11.283791670955125,47014.09,98.94,1.9,-8.8,1.659,0.7,-1.9,2.0,1.9,-8.8,1.694,10,5,0,0,5
5.9,11,isocontour,11.283791670955125,46809.04,98.5,-13.3,-0.7,1.203,-2.5,1.2,2.8,-4.2,6.0,1.873,23,5,0,0,5
5.9,12,isocontour,11.283791670955125,46819.43,98.53,-13.2,0.2,1.214,0.2,1.1,1.1,-4.2,6.0,1.873,23,6,0,0,6
5.9,13,isocontour,11.283791670955125,46870.72,98.63,16.5,1.0,0.953,-0.4,-0.4,0.6,2.8,-6.1,1.611,10,6,0,0,6
5.9,14,isocontour,11.283791670955125,46762.26,98.41,-0.1,-14.9,1.073,0.9,-0.4,1.0,2.0,-7.7,1.694,10,6,0,0,6
5.9,15,isocontour,11.283791670955125,46647.25,98.16,19.3,16.4,0.502,-0.9,-1.5,1.7,2.8,-6.1,1.611,10,3,0,0,3
5.9,16,isocontour,11.283791670955125,47455.11,99.86,-21.5,21.2,0.349,0.4,-0.8,0.9,-21.5,21.2,0.337,16,0,0,0,0
5.9,17,isocontour,11.283791670955125,46675.14,98.22,20.0,16.9,0.47,-1.2,-1.5,1.9,2.8,-6.1,1.611,10,3,0,0,3
5.9,18,isocontour,11.283791670955125,47437.77,99.83,3.2,24.3,0.531,-0.9,-0.3,0.9,3.2,24.3,0.518,18,0,0,0,0
5.9,19,isocontour,11.283791670955125,46699.04,98.27,-5.7,7.3,1.628,-2.1,-1.6,2.6,-4.2,6.0,1.873,23,6,0,0,6
5.9,20,isocontour,11.283791670955125,46602.1,98.07,2.3,-10.4,1.468,-1.2,-1.9,2.2,2.0,-7.7,1.694,10,6,0,0,6
5.9,21,isocontour,11.283791670955125,46739.81,98.36,2.9,-16.7,0.926,-0.3,1.5,1.5,2.0,-7.7,1.694,10,6,0,0,6
5.9,22,isocontour,11.283791670955125,47269.46,99.47,-12.2,-0.2,1.305,0.1,1.6,1.6,-4.2,6.0,1.873,23,6,0,0,6
5.9,23,isocontour,11.283791670955125,47045.03,99.0,-4.2,5.9,1.895,-0.5,-1.0,1.1,-4.2,5.9,1.873,23,6,0,0,6
5.9,24,isocontour,11.283791670955125,46694.53,98.26,10.0,-16.4,0.784,-1.7,1.4,2.2,2.0,-7.7,1.694,10,5,0,0,5
5.9,25,isocontour,11.283791670955125,46765.37,98.41,-12.7,-0.4,1.258,0.3,2.0,2.0,-4.2,6.0,1.873,23,5,0,0,5
5.9,Target,,,,,0.0,0.0,3.683,0.0,0.0,,,,,,,,,
6.0,1,isocontour,11.283791670955125,46759.71,98.4,18.7,-5.6,0.779,-1.3,2.7,3.0,18.7,-5.6,0.756,1,4,0,0,4
6.0,2,isocontour,11.283791670955125,46615.23,98.1,18.8,10.9,0.664,-0.2,-2.9,2.9,18.8,10.9,0.644,2,7,0,0,7
6.0,3,isocontour,11.283791670955125,46747.2,98.37,16.0,0.6,1.001,-0.1,-0.9,0.9,16.0,0.6,0.986,3,6,0,0,6
6.0,4,isocontour,11.283791670955125,46932.36,98.76,18.7,8.9,0.712,-1.0,-2.9,3.1,18.7,8.9,0.689,4,7,0,0,7
6.0,5,isocontour,11.283791670955125,46719.98,98.32,18.7,4.4,0.796,-1.0,-0.8,1.3,18.7,4.4,0.776,5,6,0,0,6
6.0,6,isocontour,11.283791670955125,46594.77,98.05,0.3,-14.1,1.149,0.6,-0.9,1.1,0.3,-14.1,1.142,6,6,0,0,6
6.0,7,isocontour,11.283791670955125,46486.98,97.83,-5.2,7.4,1.663,-1.9,-2.3,3.0,-5.2,7.4,1.639,7,5,0,0,5
6.0,8,isocontour,11.283791670955125,46752.13,98.38,1.4,-10.7,1.461,1.3,-1.8,2.2,1.4,-10.7,1.466,8,6,0,0,6
6.0,9,isocontour,11.283791670955125,47292.53,99.52,15.9,1.4,1.009,-0.4,2.6,2.6,15.9,1.4,0.992,9,6,0,0,6
6.0,10,isocontour,11.283791670955125,47000.04,98.91,2.0,-9.0,1.648,1.0,-2.0,2.2,2.0,-9.0,1.659,10,6,0,0,6
6.0,11,isocontour,11.283791670955125,46808.56,98.5,-13.4,-0.7,1.213,-0.2,-0.7,0.7,-13.4,-0.7,1.203,11,5,0,0,5
6.0,12,isocontour,11.283791670955125,46818.77,98.52,-13.2,0.2,1.229,-0.1,-0.8,0.8,-13.2,0.2,1.214,12,6,0,0,6
6.0,13,isocontour,11.283791670955125,46855.31,98.6,16.3,1.1,0.979,-2.0,1.0,2.2,16.3,1.1,0.953,13,6,0,0,6
6.0,14,isocontour,11.283791670955125,46733.3,98.34,0.2,-14.9,1.084,2.8,-0.4,2.8,0.2,-14.9,1.073,14,6,0,0,6
6.0,15,isocontour,11.283791670955125,46642.14,98.15,19.3,16.2,0.516,0.5,-1.5,1.6,19.3,16.2,0.502,15,3,0,0,3
6.0,16,isocontour,11.283791670955125,47454.01,99.86,-21.4,21.1,0.361,0.6,-0.7,0.9,-21.4,21.1,0.349,16,0,0,0,0
6.0,17,isocontour,11.283791670955125,46647.68,98.16,19.9,16.7,0.49,-1.4,-2.4,2.8,19.9,16.7,0.47,17,3,0,0,3
6.0,18,isocontour,11.283791670955125,47436.67,99.82,3.1,24.3,0.543,-0.9,0.1,0.9,3.1,24.3,0.531,18,0,0,0,0
6.0,19,isocontour,11.283791670955125,46689.49,98.25,-5.8,7.2,1.639,-1.7,-0.9,1.9,-5.8,7.2,1.628,19,6,0,0,6
6.0,20,isocontour,11.283791670955125,46587.47,98.04,2.3,-10.6,1.46,0.7,-2.1,2.2,2.3,-10.6,1.468,20,6,0,0,6
6.0,21,isocontour,11.283791670955125,46712.35,98.3,2.7,-16.5,0.953,-2.2,1.8,2.8,2.7,-16.5,0.926,21,6,0,0,6
6.0,22,isocontour,11.283791670955125,47263.95,99.46,-12.2,-0.0,1.321,0.1,1.6,1.6,-12.2,-0.0,1.305,22,6,0,0,6
6.0,23,isocontour,11.283791670955125,47034.88,98.98,-4.4,5.9,1.899,-2.0,-0.2,2.0,-4.4,5.9,1.895,23,6,0,0,6
6.0,24,isocontour,11.283791670955125,46688.72,98.25,9.9,-16.3,0.806,-1.3,1.1,1.7,9.9,-16.3,0.784,24,6,0,0,6
6.0,25,isocontour,11.283791670955125,46708.41,98.29,-13.0,-0.3,1.246,-3.4,0.9,3.5,-13.0,-0.3,1.258,25,6,0,0,6
6.0,Target,,,,,0.0,0.0,3.698,0.0,0.0,,,,,,,,,
6.1,1,isocontour,11.283791670955125,46726.6,98.33,18.6,-5.3,0.8,-0.6,2.9,3.0,15.9,1.4,1.009,9,4,0,0,4
6.1,2,isocontour,11.283791670955125,46580.42,98.02,18.8,10.6,0.685,-0.3,-3.0,3.0,15.9,1.4,1.009,9,7,0,0,7
6.1,3,isocontour,11.283791670955125,46726.22,98.33,16.0,0.4,1.013,0.3,-2.5,2.5,15.9,1.4,1.009,9,6,0,0,6
6.1,4,isocontour,11.283791670955125,46899.58,98.69,18.6,8.7,0.736,-1.5,-2.5,2.9,15.9,1.4,1.009,9,7,0,0,7
6.1,5,isocontour,11.283791670955125,46683.41,98.24,18.6,4.1,0.82,-1.5,-2.6,3.0,15.9,1.4,1.009,9,6,0,0,6
6.1,6,isocontour,11.283791670955125,46592.87,98.05,0.4,-14.2,1.155,0.7,-0.9,1.1,2.0,-9.0,1.659,10,6,0,0,6
6.1,7,isocontour,11.283791670955125,46456.15,97.76,-5.4,7.2,1.685,-2.0,-2.1,2.9,-4.4,5.9,1.899,23,5,0,0,5
6.1,8,isocontour,11.283791670955125,46741.37,98.36,1.6,-10.9,1.457,1.4,-1.4,2.0,2.0,-9.0,1.659,10,6,0,0,6
6.1,9,isocontour,11.283791670955125,47201.73,99.33,15.7,1.8,1.032,-1.8,3.7,4.1,15.7,1.8,1.009,9,6,0,0,6
6.1,10,isocontour,11.283791670955125,46987.45,98.88,1.9,-9.2,1.64,-0.8,-2.0,2.2,1.9,-9.2,1.659,10,6,0,0,6
6.1,11,isocontour,11.283791670955125,46807.04,98.5,-13.5,-0.7,1.219,-1.0,-0.3,1.0,-4.4,5.9,1.899,23,5,0,0,5
6.1,12,isocontour,11.283791670955125,46815.27,98.52,-13.3,0.2,1.235,-1.0,1.0,1.4,-4.4,5.9,1.899,23,6,0,0,6
6.1,13,isocontour,11.283791670955125,46854.57,98.6,16.3,1.1,0.993,0.1,0.8,0.8,15.9,1.4,1.009,9,6,0,0,6
6.1,14,isocontour,11.283791670955125,46732.16,98.34,0.3,-14.9,1.097,0.9,-0.1,0.9,2.0,-9.0,1.659,10,6,0,0,6
6.1,15,isocontour,11.283791670955125,46639.58,98.15,19.3,16.1,0.53,0.0,-1.2,1.2,18.7,8.9,0.712,4,3,0,0,3
6.1,16,isocontour,11.283791670955125,47452.91,99.86,-21.3,21.1,0.373,0.7,-0.6,0.9,-21.3,21.1,0.361,16,0,0,0,0
6.1,17,isocontour,11.283791670955125,46634.55,98.14,19.9,16.4,0.505,0.5,-2.1,2.2,18.7,8.9,0.712,4,3,0,0,3
6.1,18,isocontour,11.283791670955125,47435.57,99.82,3.1,24.3,0.553,0.9,0.1,0.9,3.1,24.3,0.543,18,0,0,0,0
6.1,19,isocontour,11.283791670955125,46676.0,98.22,-5.9,7.0,1.668,-0.4,-2.2,2.2,-4.4,5.9,1.899,23,6,0,0,6
6.1,20,isocontour,11.283791670955125,46579.82,98.02,2.4,-10.8,1.455,1.0,-1.5,1.8,2.0,-9.0,1.659,10,6,0,0,6
6.1,21,isocontour,11.283791670955125,46699.92,98.27,2.6,-16.3,0.981,-0.2,2.1,2.1,2.0,-9.0,1.659,10,6,0,0,6
6.1,22,isocontour,11.283791670955125,47253.34,99.44,-12.3,-0.1,1.322,-1.6,-1.2,2.0,-4.4,5.9,1.899,23,6,0,0,6
6.1,23,isocontour,11.283791670955125,47029.96,98.97,-4.5,5.7,1.92,-0.7,-1.4,1.6,-4.5,5.7,1.899,23,6,0,0,6
6.1,24,isocontour,11.283791670955125,46681.55,98.24,9.8,-16.1,0.829,-1.4,1.1,1.8,2.0,-9.0,1.659,10,6,0,0,6
6.1,25,isocontour,11.283791670955125,46706.61,98.29,-13.1,-0.3,1.249,-0.9,-0.7,1.1,-4.4,5.9,1.899,23,6,0,0,6
6.1,Target,,,,,0.0,0.0,3.714,0.0,0.0,,,,,,,,,
6.2,1,isocontour,11.283791670955125,46724.17,98.33,18.6,-5.1,0.817,-0.5,1.1,1.2,15.7,1.8,1.032,9,4,0,0,4
6.2,2,isocontour,11.283791670955125,46554.12,97.97,18.8,10.3,0.703,0.1,-2.7,2.7,15.7,1.8,1.032,9,7,0,0,7
6.2,3,isocontour,11.283791670955125,46722.01,98.32,16.0,0.4,1.033,-1.1,1.0,1.5,15.7,1.8,1.032,9,6,0,0,6
6.2,4,isocontour,11.283791670955125,46864.42,98.62,18.5,8.4,0.758,-0.5,-3.0,3.0,15.7,1.8,1.032,9,7,0,0,7
6.2,5,isocontour,11.283791670955125,46653.53,98.18,18.4,3.9,0.843,-1.2,-2.6,2.9,15.7,1.8,1.032,9,6,0,0,6
6.2,6,isocontour,11.283791670955125,46568.25,98.0,0.6,-14.3,1.161,2.5,-0.9,2.7,2.0,-9.0,1.659,10,6,0,0,6
6.2,7,isocontour,11.283791670955125,46455.76,97.76,-5.5,7.2,1.701,-0.4,-0.5,0.6,-4.5,5.7,1.92,23,5,0,0,5
6.2,8,isocontour,11.283791670955125,46721.82,98.32,1.6,-11.1,1.446,0.2,-2.5,2.5,2.0,-9.0,1.659,10,6,0,0,6
6.2,9,isocontour,11.283791670955125,47199.05,99.32,15.6,1.7,1.049,-0.2,-1.3,1.3,15.6,1.7,1.032,9,6,0,0,6
6.2,10,isocontour,11.283791670955125,46981.31,98.87,1.8,-9.4,1.637,-0.7,-1.5,1.7,2.0,-9.0,1.659,10,6,0,0,6
6.2,11,isocontour,11.283791670955125,46806.47,98.5,-13.5,-0.8,1.23,0.0,-0.8,0.8,-4.5,5.7,1.92,23,5,0,0,5
6.2,12,isocontour,11.283791670955125,46813.18,98.51,-13.4,0.2,1.241,-0.8,-0.8,1.1,-4.5,5.7,1.92,23,6,0,0,6
6.2,13,isocontour,11.283791670955125,46854.17,98.6,16.3,1.1,1.002,0.6,-0.3,0.7,15.7,1.8,1.032,9,6,0,0,6
6.2,14,isocontour,11.283791670955125,46704.11,98.28,0.5,-15.0,1.105,2.7,-0.6,2.8,2.0,-9.0,1.659,10,6,0,0,6
6.2,15,isocontour,11.283791670955125,46635.54,98.14,19.4,15.9,0.543,0.4,-1.4,1.5,15.9,1.4,1.009,9,3,0,0,3
6.2,16,isocontour,11.283791670955125,47451.81,99.86,-21.4,21.1,0.381,-0.9,0.3,0.9,-21.4,21.1,0.373,16,0,0,0,0
6.2,17,isocontour,11.283791670955125,46631.88,98.13,19.9,16.3,0.519,-0.5,-1.2,1.3,15.9,1.4,1.009,9,3,0,0,3
6.2,18,isocontour,11.283791670955125,47434.47,99.82,3.1,24.3,0.566,-0.9,-0.3,0.9,3.1,24.3,0.553,18,0,0,0,0
6.2,19,isocontour,11.283791670955125,46569.32,98.0,-6.2,6.8,1.675,-3.8,-2.1,4.3,-4.5,5.7,1.92,23,6,0,0,6
6.2,20,isocontour,11.283791670955125,46573.24,98.01,2.4,-10.9,1.455,-0.9,-1.5,1.7,2.0,-9.0,1.659,10,6,0,0,6
6.2,21,isocontour,11.283791670955125,46694.91,98.26,2.6,-16.1,1.005,-0.2,1.6,1.6,2.0,-9.0,1.659,10,6,0,0,6
6.2,22,isocontour,11.283791670955125,47243.35,99.42,-12.5,-0.2,1.32,-1.7,-1.1,2.0,-4.5,5.7,1.92,23,6,0,0,6
6.2,23,isocontour,11.283791670955125,47012.46,98.93,-4.6,5.5,1.944,-1.4,-1.9,2.4,-4.6,5.5,1.92,23,6,0,0,6
6.2,24,isocontour,11.283791670955125,46654.38,98.18,9.5,-16.2,0.848,-2.8,-0.3,2.8,2.0,-9.0,1.659,10,6,0,0,6
6.2,25,isocontour,11.283791670955125,46692.56,98.26,-13.2,-0.5,1.256,-0.6,-2.1,2.2,-4.5,5.7,1.92,23,6,0,0,6
6.2,Target,,,,,0.0,0.0,3.729,0.0,0.0,,,,,,,,,
6.3,1,isocontour,11.283791670955125,46721.1,98.32,18.5,-5.0,0.835,-0.8,1.1,1.4,15.6,1.7,1.049,9,4,0,0,4
6.3,2,isocontour,11.283791670955125,46551.69,97.96,18.8,10.1,0.719,-0.4,-1.2,1.3,15.6,1.7,1.049,9,7,0,0,7
6.3,3,isocontour,11.283791670955125,46687.54,98.25,16.0,0.7,1.04,0.9,2.9,3.0,15.6,1.7,1.049,9,6,0,0,6
6.3,4,isocontour,11.283791670955125,46857.14,98.61,18.6,8.2,0.773,0.2,-1.8,1.8,15.6,1.7,1.049,9,7,0,0,7
6.3,5,isocontour,11.283791670955125,46640.58,98.15,18.3,3.8,0.867,-2.0,-0.9,2.2,15.6,1.7,1.049,9,6,0,0,6
6.3,6,isocontour,11.283791670955125,46566.68,97.99,0.7,-14.4,1.166,0.6,-0.9,1.1,2.0,-9.0,1.659,10,6,0,0,6
6.3,7,isocontour,11.283791670955125,46423.64,97.69,-5.6,7.0,1.722,-1.8,-2.3,2.9,-4.6,5.5,1.944,23,5,0,0,5
6.3,8,isocontour,11.283791670955125,46715.91,98.31,1.6,-11.3,1.443,-0.5,-1.6,1.7,2.0,-9.0,1.659,10,6,0,0,6
6.3,9,isocontour,11.283791670955125,47178.56,99.28,15.8,1.5,1.055,1.3,-2.2,2.6,15.8,1.5,1.049,9,6,0,0,6
6.3,10,isocontour,11.283791670955125,46975.18,98.85,1.8,-9.5,1.634,-0.6,-1.5,1.6,2.0,-9.0,1.659,10,6,0,0,6
6.3,11,isocontour,11.283791670955125,46805.4,98.5,-13.5,-0.9,1.237,-0.9,-0.3,0.9,-4.6,5.5,1.944,23,5,0,0,5
6.3,12,isocontour,11.283791670955125,46812.54,98.51,-13.4,0.1,1.253,-0.0,-0.8,0.8,-4.6,5.5,1.944,23,6,0,0,6
6.3,13,isocontour,11.283791670955125,46821.39,98.53,16.2,1.3,1.022,-1.4,2.6,3.0,15.6,1.7,1.049,9,6,0,0,6
6.3,14,isocontour,11.283791670955125,46676.64,98.23,0.8,-15.1,1.112,2.7,-0.6,2.8,2.0,-9.0,1.659,10,6,0,0,6
6.3,15,isocontour,11.283791670955125,46629.93,98.13,19.3,15.8,0.559,-0.8,-1.4,1.6,15.7,1.8,1.032,9,3,0,0,3
6.3,16,isocontour,11.283791670955125,47450.71,99.85,-21.5,21.0,0.39,-0.6,-0.7,0.9,-21.5,21.0,0.381,16,0,0,0,0
6.3,17,isocontour,11.283791670955125,46626.76,98.12,19.8,16.2,0.535,-0.9,-1.3,1.6,15.7,1.8,1.032,9,3,0,0,3
6.3,18,isocontour,11.283791670955125,47433.37,99.82,3.0,24.3,0.577,-0.9,-0.0,0.9,3.0,24.3,0.566,18,0,0,0,0
6.3,19,isocontour,11.283791670955125,46547.59,97.95,-6.5,6.6,1.684,-2.0,-1.6,2.6,-4.6,5.5,1.944,23,6,0,0,6
6.3,20,isocontour,11.283791670955125,46561.33,97.98,2.3,-11.1,1.451,-0.8,-1.9,2.1,2.0,-9.0,1.659,10,6,0,0,6
6.3,21,isocontour,11.283791670955125,46693.47,98.26,2.5,-16.1,1.023,-1.0,0.4,1.1,2.0,-9.0,1.659,10,6,0,0,6
6.3,22,isocontour,11.283791670955125,47235.82,99.4,-12.7,-0.2,1.318,-1.6,0.8,1.8,-4.6,5.5,1.944,23,6,0,0,6
6.3,23,isocontour,11.283791670955125,47011.61,98.93,-4.7,5.5,1.958,-0.7,-0.5,0.9,-4.7,5.5,1.944,23,6,0,0,6
6.3,24,isocontour,11.283791670955125,46652.06,98.17,9.4,-16.2,0.864,-1.2,-0.1,1.2,2.0,-9.0,1.659,10,6,0,0,6
6.3,25,isocontour,11.283791670955125,46636.56,98.14,-13.2,-0.2,1.269,0.0,3.5,3.5,-4.6,5.5,1.944,23,6,0,0,6
6.3,Target,,,,,0.0,0.0,3.743,0.0,0.0,,,,,,,,,
6.4,1,isocontour,11.283791670955125,46718.67,98.31,18.5,-4.9,0.851,-0.5,1.1,1.2,15.8,1.5,1.055,9,4,0,0,4
6.4,2,isocontour,11.283791670955125,46547.48,97.95,18.7,10.0,0.737,-0.9,-1.2,1.5,15.8,1.5,1.055,9,7,0,0,7
6.4,3,isocontour,11.283791670955125,46684.93,98.24,16.1,0.8,1.045,0.9,0.9,1.3,15.8,1.5,1.055,9,6,0,0,6
6.4,4,isocontour,11.283791670955125,46847.14,98.58,18.4,8.1,0.793,-1.4,-1.4,2.0,15.8,1.5,1.055,9,7,0,0,7
6.4,5,isocontour,11.283791670955125,46611.31,98.09,18.1,3.5,0.89,-1.2,-2.6,2.9,15.8,1.5,1.055,9,6,0,0,6
6.4,6,isocontour,11.283791670955125,46565.81,97.99,0.8,-14.4,1.174,0.8,-0.4,0.9,2.0,-9.0,1.659,10,6,0,0,6
6.4,7,isocontour,11.283791670955125,46402.65,97.65,-5.7,6.7,1.751,-0.8,-2.4,2.5,-4.7,5.5,1.958,23,6,0,0,6
6.4,8,isocontour,11.283791670955125,46709.66,98.29,1.5,-11.5,1.44,-0.4,-1.6,1.6,2.0,-9.0,1.659,10,6,0,0,6
6.4,9,isocontour,11.283791670955125,47178.53,99.28,15.8,1.5,1.065,0.3,-0.0,0.3,15.8,1.5,1.055,9,6,0,0,6
6.4,10,isocontour,11.283791670955125,46968.02,98.84,1.7,-9.7,1.629,-0.6,-1.7,1.8,2.0,-9.0,1.659,10,6,0,0,6
6.4,11,isocontour,11.283791670955125,46804.86,98.5,-13.6,-0.9,1.248,-0.0,-0.7,0.7,-4.7,5.5,1.958,23,6,0,0,6
6.4,12,isocontour,11.283791670955125,46809.8,98.51,-13.5,0.1,1.258,-1.0,0.8,1.3,-4.7,5.5,1.958,23,6,0,0,6
6.4,13,isocontour,11.283791670955125,46741.25,98.36,16.3,1.7,1.03,0.5,3.9,3.9,15.8,1.5,1.055,9,6,0,0,6
6.4,14,isocontour,11.283791670955125,46675.4,98.22,0.9,-15.1,1.121,0.9,-0.5,1.0,2.0,-9.0,1.659,10,6,0,0,6
6.4,15,isocontour,11.283791670955125,46609.44,98.08,19.2,15.6,0.578,-1.2,-2.2,2.5,15.6,1.7,1.049,9,3,0,0,3
6.4,16,isocontour,11.283791670955125,47449.61,99.85,-21.5,20.9,0.4,0.1,-0.9,0.9,-21.5,20.9,0.39,16,0,0,0,0
6.4,17,isocontour,11.283791670955125,46589.48,98.04,19.8,15.9,0.553,-0.2,-3.1,3.1,15.6,1.7,1.049,9,3,0,0,3
6.4,18,isocontour,11.283791670955125,47432.27,99.82,2.9,24.3,0.588,-0.9,-0.1,0.9,2.9,24.3,0.577,18,0,0,0,0
6.4,19,isocontour,11.283791670955125,46546.59,97.95,-6.5,6.5,1.699,-0.5,-0.8,0.9,-4.7,5.5,1.958,23,6,0,0,6
6.4,20,isocontour,11.283791670955125,46555.2,97.97,2.2,-11.2,1.45,-0.8,-1.5,1.7,2.0,-9.0,1.659,10,6,0,0,6
6.4,21,isocontour,11.283791670955125,46678.84,98.23,2.6,-16.2,1.023,1.4,-1.8,2.3,2.0,-9.0,1.659,10,6,0,0,6
6.4,22,isocontour,11.283791670955125,47233.82,99.4,-12.7,-0.3,1.33,0.2,-1.1,1.1,-4.7,5.5,1.958,23,6,0,0,6
6.4,23,isocontour,11.283791670955125,46989.37,98.88,-4.9,5.4,1.959,-2.5,-0.8,2.6,-4.9,5.4,1.958,23,6,0,0,6
6.4,24,isocontour,11.283791670955125,46615.86,98.1,9.1,-16.1,0.887,-3.0,0.8,3.1,2.0,-9.0,1.659,10,6,0,0,6
6.4,25,isocontour,11.283791670955125,46610.26,98.09,-13.4,-0.3,1.265,-2.1,-1.7,2.7,-4.7,5.5,1.958,23,6,0,0,6
6.4,Target,,,,,0.0,0.0,3.757,0.0,0.0,,,,,,,,,
6.5,1,isocontour,11.283791670955125,46713.16,98.3,18.4,-4.8,0.87,-1.1,1.2,1.6,15.8,1.5,1.065,9,4,0,0,4
6.5,2,isocontour,11.283791670955125,46509.84,97.87,18.6,9.7,0.757,-0.6,-3.0,3.1,15.8,1.5,1.065,9,7,0,0,7
6.5,3,isocontour,11.283791670955125,46653.13,98.18,16.2,1.0,1.049,1.0,2.7,2.9,15.8,1.5,1.065,9,6,0,0,6
6.5,4,isocontour,11.283791670955125,46844.71,98.58,18.4,7.9,0.81,-0.4,-1.2,1.3,15.8,1.5,1.065,9,7,0,0,7
6.5,5,isocontour,11.283791670955125,46581.42,98.02,18.0,3.3,0.912,-1.4,-2.5,2.9,15.8,1.5,1.065,9,6,0,0,6
6.5,6,isocontour,11.283791670955125,46564.33,97.99,0.9,-14.5,1.18,0.7,-0.8,1.1,2.0,-9.0,1.659,10,6,0,0,6
6.5,7,isocontour,11.283791670955125,46371.5,97.58,-5.9,6.5,1.773,-1.7,-2.3,2.9,-4.9,5.4,1.959,23,6,0,0,6
6.5,8,isocontour,11.283791670955125,46699.67,98.27,1.7,-11.6,1.437,1.6,-1.2,2.0,2.0,-9.0,1.659,10,6,0,0,6
6.5,9,isocontour,11.283791670955125,47176.74,99.28,15.8,1.4,1.078,-0.2,-1.1,1.1,15.8,1.4,1.065,9,6,0,0,6
6.5,10,isocontour,11.283791670955125,46962.71,98.83,1.7,-9.8,1.625,-0.5,-1.5,1.6,2.0,-9.0,1.659,10,6,0,0,6
6.5,11,isocontour,11.283791670955125,46804.07,98.49,-13.5,-1.0,1.262,0.3,-0.8,0.9,-4.9,5.4,1.959,23,6,0,0,6
6.5,12,isocontour,11.283791670955125,46807.96,98.5,-13.5,0.3,1.267,-0.3,1.1,1.1,-4.9,5.4,1.959,23,6,0,0,6
6.5,13,isocontour,11.283791670955125,46718.76,98.31,16.4,1.9,1.027,2.1,1.5,2.6,15.8,1.5,1.065,9,6,0,0,6
6.5,14,isocontour,11.283791670955125,46648.81,98.17,1.2,-15.1,1.129,2.7,-0.3,2.7,2.0,-9.0,1.659,10,6,0,0,6
6.5,15,isocontour,11.283791670955125,46575.31,98.01,19.2,15.3,0.596,0.2,-3.0,3.0,15.8,1.5,1.055,9,3,0,0,3
6.5,16,isocontour,11.283791670955125,47448.51,99.85,-21.5,21.0,0.408,-0.1,0.9,0.9,-21.5,21.0,0.4,16,0,0,0,0
6.5,17,isocontour,11.283791670955125,46551.48,97.96,19.7,15.6,0.572,-0.8,-3.0,3.1,15.8,1.5,1.055,9,3,0,0,3
6.5,18,isocontour,11.283791670955125,47431.17,99.81,2.9,24.2,0.6,0.8,-0.6,1.0,2.9,24.2,0.588,18,0,0,0,0
6.5,19,isocontour,11.283791670955125,46545.55,97.95,-6.6,6.5,1.714,-0.5,-0.8,0.9,-4.9,5.4,1.959,23,6,0,0,6
6.5,20,isocontour,11.283791670955125,46554.74,97.97,2.2,-11.3,1.455,-0.0,-0.7,0.7,2.0,-9.0,1.659,10,6,0,0,6
6.5,21,isocontour,11.283791670955125,46677.14,98.23,2.7,-16.2,1.035,0.9,0.6,1.1,2.0,-9.0,1.659,10,6,0,0,6
6.5,22,isocontour,11.283791670955125,47225.78,99.38,-12.8,-0.2,1.33,-1.6,0.9,1.8,-4.9,5.4,1.959,23,6,0,0,6
6.5,23,isocontour,11.283791670955125,46967.64,98.84,-5.1,5.2,1.972,-1.8,-1.9,2.6,-5.1,5.2,1.959,23,6,0,0,6
6.5,24,isocontour,11.283791670955125,46613.76,98.09,9.0,-16.1,0.905,-1.2,0.2,1.2,2.0,-9.0,1.659,10,6,0,0,6
6.5,25,isocontour,11.283791670955125,46548.88,97.96,-13.5,-0.6,1.267,-0.9,-3.5,3.6,-4.9,5.4,1.959,23,6,0,0,6
6.5,Target,,,,,0.0,0.0,3.77,0.0,0.0,,,,,,,,,
6.6,1,isocontour,11.283791670955125,46698.73,98.27,18.2,-4.6,0.892,-1.5,1.7,2.3,15.8,1.4,1.078,9,4,0,0,4
6.6,2,isocontour,11.283791670955125,46472.19,97.8,18.5,9.4,0.779,-1.0,-2.9,3.1,15.8,1.4,1.078,9,7,0,0,7
6.6,3,isocontour,11.283791670955125,46627.4,98.12,16.4,1.2,1.044,2.4,1.4,2.8,15.8,1.4,1.078,9,6,0,0,6
6.6,4,isocontour,11.283791670955125,46842.27,98.57,18.3,7.8,0.825,-0.4,-1.1,1.2,15.8,1.4,1.078,9,7,0,0,7
6.6,5,isocontour,11.283791670955125,46553.07,97.97,17.8,3.1,0.939,-2.5,-1.3,2.8,15.8,1.4,1.078,9,6,0,0,6
6.6,6,isocontour,11.283791670955125,46537.74,97.93,1.1,-14.6,1.186,2.7,-0.6,2.8,2.0,-9.0,1.659,10,6,0,0,6
6.6,7,isocontour,11.283791670955125,46363.46,97.57,-6.0,6.4,1.779,-1.7,-0.7,1.8,-5.1,5.2,1.972,23,6,0,0,6
6.6,8,isocontour,11.283791670955125,46682.38,98.24,1.8,-11.7,1.431,1.7,-1.7,2.4,2.0,-9.0,1.659,10,6,0,0,6
6.6,9,isocontour,11.283791670955125,47171.53,99.27,15.9,1.4,1.08,1.6,-0.1,1.6,15.9,1.4,1.078,9,6,0,0,6
6.6,10,isocontour,11.283791670955125,46952.71,98.81,1.8,-10.0,1.62,1.5,-1.3,2.0,2.0,-9.0,1.659,10,6,0,0,6
6.6,11,isocontour,11.283791670955125,46803.39,98.49,-13.5,-1.1,1.275,0.2,-0.8,0.8,-5.1,5.2,1.972,23,6,0,0,6
6.6,12,isocontour,11.283791670955125,46782.78,98.45,-13.5,0.0,1.281,0.3,-2.7,2.7,-5.1,5.2,1.972,23,6,0,0,6
6.6,13,isocontour,11.283791670955125,46715.69,98.31,16.6,1.9,1.028,1.3,-0.2,1.3,15.8,1.4,1.078,9,6,0,0,6
6.6,14,isocontour,11.283791670955125,46621.05,98.11,1.4,-15.2,1.137,2.8,-0.3,2.8,2.0,-9.0,1.659,10,6,0,0,6
6.6,15,isocontour,11.283791670955125,46548.44,97.96,19.1,15.0,0.615,-1.1,-2.5,2.7,15.8,1.5,1.065,9,3,0,0,3
6.6,16,isocontour,11.283791670955125,47447.41,99.85,-21.6,21.1,0.414,-0.8,0.6,1.0,-21.6,21.1,0.408,16,0,0,0,0
6.6,17,isocontour,11.283791670955125,46513.1,97.88,19.6,15.3,0.591,-0.7,-3.0,3.1,15.8,1.5,1.065,9,3,0,0,3
6.6,18,isocontour,11.283791670955125,47430.07,99.81,3.0,24.2,0.61,0.9,-0.1,0.9,3.0,24.2,0.6,18,0,0,0,0
6.6,19,isocontour,11.283791670955125,46523.82,97.9,-6.7,6.2,1.738,-0.8,-2.4,2.5,-5.1,5.2,1.972,23,6,0,0,6
6.6,20,isocontour,11.283791670955125,46551.46,97.96,2.3,-11.4,1.458,1.2,-0.7,1.4,2.0,-9.0,1.659,10,6,0,0,6
6.6,21,isocontour,11.283791670955125,46675.82,98.22,2.8,-16.2,1.049,0.9,0.4,1.0,2.0,-9.0,1.659,10,6,0,0,6
6.6,22,isocontour,11.283791670955125,47217.35,99.36,-12.9,-0.3,1.329,-1.3,-1.3,1.8,-5.1,5.2,1.972,23,6,0,0,6
6.6,23,isocontour,11.283791670955125,46957.19,98.82,-5.2,5.0,1.991,-1.0,-1.7,2.0,-5.2,5.0,1.972,23,6,0,0,6
6.6,24,isocontour,11.283791670955125,46606.48,98.08,8.8,-16.0,0.925,-1.4,1.1,1.8,2.0,-9.0,1.659,10,6,0,0,6
6.6,25,isocontour,11.283791670955125,46548.09,97.95,-13.5,-0.8,1.279,0.3,-0.8,0.9,-5.1,5.2,1.972,23,6,0,0,6
6.6,Target,,,,,0.0,0.0,3.783,0.0,0.0,,,,,,,,,
6.7,1,isocontour,11.283791670955125,46661.81,98.19,18.2,-4.4,0.91,-0.4,3.0,3.0,15.9,1.4,1.08,9,4,0,0,4
6.7,2,isocontour,11.283791670955125,46444.14,97.74,18.4,9.2,0.802,-1.4,-2.4,2.8,15.9,1.4,1.08,9,7,0,0,7
6.7,3,isocontour,11.283791670955125,46601.95,98.07,16.7,1.2,1.037,2.7,-0.1,2.7,15.9,1.4,1.08,9,6,0,0,6
6.7,4,isocontour,11.283791670955125,46837.26,98.56,18.3,7.7,0.843,-1.0,-1.2,1.6,15.9,1.4,1.08,9,7,0,0,7
6.7,5,isocontour,11.283791670955125,46523.49,97.9,17.6,2.9,0.962,-1.3,-2.5,2.8,15.9,1.4,1.08,9,6,0,0,6
6.7,6,isocontour,11.283791670955125,46510.27,97.88,1.4,-14.6,1.191,2.7,-0.5,2.7,2.0,-9.0,1.659,10,6,0,0,6
6.7,7,isocontour,11.283791670955125,46332.63,97.5,-6.2,6.2,1.791,-2.0,-2.1,2.9,-5.2,5.0,1.991,23,6,0,0,6
6.7,8,isocontour,11.283791670955125,46672.68,98.22,1.9,-11.9,1.423,0.2,-1.9,1.9,2.0,-9.0,1.659,10,6,0,0,6
6.7,9,isocontour,11.283791670955125,47171.34,99.27,15.9,1.4,1.09,-0.2,0.5,0.5,15.9,1.4,1.08,9,6,0,0,6
6.7,10,isocontour,11.283791670955125,46943.16,98.79,1.8,-10.1,1.611,-0.1,-1.9,1.9,2.0,-9.0,1.659,10,6,0,0,6
6.7,11,isocontour,11.283791670955125,46802.51,98.49,-13.5,-1.2,1.289,0.4,-0.8,0.9,-5.2,5.0,1.991,23,6,0,0,6
6.7,12,isocontour,11.283791670955125,46782.02,98.45,-13.5,-0.1,1.294,0.2,-0.8,0.8,-5.2,5.0,1.991,23,6,0,0,6
6.7,13,isocontour,11.283791670955125,46701.64,98.28,16.7,2.0,1.028,1.5,1.6,2.2,15.9,1.4,1.08,9,6,0,0,6
6.7,14,isocontour,11.283791670955125,46619.77,98.11,1.6,-15.2,1.144,0.9,-0.4,1.0,2.0,-9.0,1.659,10,6,0,0,6
6.7,15,isocontour,11.283791670955125,46543.42,97.94,19.1,14.9,0.628,0.4,-1.5,1.6,15.8,1.4,1.078,9,3,0,0,3
6.7,16,isocontour,11.283791670955125,47446.31,99.84,-21.6,21.1,0.419,-0.7,0.6,0.9,-21.6,21.1,0.414,16,0,0,0,0
6.7,17,isocontour,11.283791670955125,46510.61,97.88,19.6,15.1,0.605,-0.1,-1.2,1.2,15.8,1.4,1.078,9,3,0,0,3
6.7,18,isocontour,11.283791670955125,47428.97,99.81,3.0,24.2,0.621,-0.9,-0.2,0.9,3.0,24.2,0.61,18,0,0,0,0
6.7,19,isocontour,11.283791670955125,46518.32,97.89,-6.8,6.1,1.745,-1.5,-0.7,1.7,-5.2,5.0,1.991,23,6,0,0,6
6.7,20,isocontour,11.283791670955125,46548.91,97.96,2.3,-11.5,1.458,-0.2,-1.2,1.2,2.0,-9.0,1.659,10,6,0,0,6
6.7,21,isocontour,11.283791670955125,46647.16,98.16,3.1,-16.1,1.06,2.8,0.5,2.8,2.0,-9.0,1.659,10,6,0,0,6
6.7,22,isocontour,11.283791670955125,47202.14,99.33,-13.1,-0.5,1.327,-1.5,-1.7,2.3,-5.2,5.0,1.991,23,6,0,0,6
6.7,23,isocontour,11.283791670955125,46953.98,98.81,-5.3,4.9,2.01,-0.6,-1.2,1.3,-5.3,4.9,1.991,23,6,0,0,6
6.7,24,isocontour,11.283791670955125,46603.86,98.07,8.7,-15.9,0.943,-1.1,0.6,1.3,2.0,-9.0,1.659,10,6,0,0,6
6.7,25,isocontour,11.283791670955125,46546.25,97.95,-13.5,-0.7,1.293,0.2,1.1,1.1,-5.2,5.0,1.991,23,6,0,0,6
6.7,Target,,,,,0.0,0.0,3.795,0.0,0.0,,,,,,,,,
6.8,1,isocontour,11.283791670955125,46636.91,98.14,18.2,-4.1,0.923,0.3,2.7,2.7,15.9,1.4,1.09,9,4,0,0,4
6.8,2,isocontour,11.283791670955125,46436.1,97.72,18.3,9.0,0.821,-1.1,-1.4,1.8,15.9,1.4,1.09,9,7,0,0,7
6.8,3,isocontour,11.283791670955125,46600.34,98.06,16.8,1.3,1.039,0.8,0.7,1.1,15.9,1.4,1.09,9,6,0,0,6
6.8,4,isocontour,11.283791670955125,46799.25,98.48,18.2,7.4,0.863,-0.6,-3.0,3.1,15.9,1.4,1.09,9,7,0,0,7
6.8,5,isocontour,11.283791670955125,46518.47,97.89,17.5,2.8,0.982,-1.4,-0.7,1.6,15.9,1.4,1.09,9,6,0,0,6
6.8,6,isocontour,11.283791670955125,46482.52,97.82,1.6,-14.7,1.196,2.8,-0.4,2.8,2.0,-9.0,1.659,10,6,0,0,6
6.8,7,isocontour,11.283791670955125,46303.36,97.44,-6.4,6.0,1.802,-2.0,-2.0,2.8,-5.3,4.9,2.01,23,6,0,0,6
6.8,8,isocontour,11.283791670955125,46670.98,98.21,1.9,-12.0,1.423,0.2,-1.1,1.1,2.0,-9.0,1.659,10,6,0,0,6
6.8,9,isocontour,11.283791670955125,47151.8,99.23,16.1,1.5,1.089,1.8,1.7,2.5,16.1,1.5,1.09,9,6,0,0,6
6.8,10,isocontour,11.283791670955125,46938.33,98.78,1.8,-10.3,1.604,-0.0,-1.5,1.5,2.0,-9.0,1.659,10,6,0,0,6
6.8,11,isocontour,11.283791670955125,46801.72,98.49,-13.4,-1.2,1.302,0.3,-0.8,0.9,-5.3,4.9,2.01,23,6,0,0,6
6.8,12,isocontour,11.283791670955125,46776.52,98.44,-13.5,-0.2,1.298,-1.0,-1.2,1.6,-5.3,4.9,2.01,23,6,0,0,6
6.8,13,isocontour,11.283791670955125,46697.6,98.27,16.9,2.0,1.029,1.4,-0.4,1.5,15.9,1.4,1.09,9,6,0,0,6
6.8,14,isocontour,11.283791670955125,46591.11,98.05,1.8,-15.2,1.151,2.8,-0.2,2.8,2.0,-9.0,1.659,10,6,0,0,6
6.8,15,isocontour,11.283791670955125,46428.53,97.7,18.9,14.5,0.653,-2.4,-3.8,4.5,15.9,1.4,1.08,9,3,0,0,3
6.8,16,isocontour,11.283791670955125,47445.21,99.84,-21.6,21.2,0.427,0.6,0.7,0.9,-21.6,21.2,0.419,16,0,0,0,0
6.8,17,isocontour,11.283791670955125,46487.33,97.83,19.7,14.9,0.616,1.4,-2.2,2.6,15.9,1.4,1.08,9,3,0,0,3
6.8,18,isocontour,11.283791670955125,47427.87,99.81,2.9,24.2,0.631,-0.9,0.0,0.9,2.9,24.2,0.621,18,0,0,0,0
6.8,19,isocontour,11.283791670955125,46508.47,97.87,-7.0,6.1,1.748,-1.8,-0.9,2.0,-5.3,4.9,2.01,23,6,0,0,6
6.8,20,isocontour,11.283791670955125,46546.17,97.95,2.4,-11.5,1.465,1.3,-0.1,1.3,2.0,-9.0,1.659,10,6,0,0,6
6.8,21,isocontour,11.283791670955125,46646.06,98.16,3.2,-16.1,1.071,0.9,0.3,0.9,2.0,-9.0,1.659,10,6,0,0,6
6.8,22,isocontour,11.283791670955125,47183.52,99.29,-13.1,-0.7,1.339,0.4,-2.4,2.4,-5.3,4.9,2.01,23,6,0,0,6
6.8,23,isocontour,11.283791670955125,46952.81,98.81,-5.4,4.9,2.015,-0.9,-0.2,0.9,-5.4,4.9,2.01,23,6,0,0,6
6.8,24,isocontour,11.283791670955125,46569.05,98.0,8.5,-15.8,0.967,-2.8,1.1,3.0,2.0,-9.0,1.659,10,6,0,0,6
6.8,25,isocontour,11.283791670955125,46543.25,97.94,-13.6,-0.6,1.296,-1.1,0.7,1.3,-5.3,4.9,2.01,23,6,0,0,6
6.8,Target,,,,,0.0,0.0,3.807,0.0,0.0,,,,,,,,,
6.9,1,isocontour,11.283791670955125,46634.24,98.14,18.1,-3.9,0.937,-0.5,1.2,1.3,15.9,1.4,1.09,9,4,0,0,4
6.9,2,isocontour,11.283791670955125,46397.73,97.64,18.2,8.8,0.841,-0.6,-3.1,3.2,15.9,1.4,1.09,9,7,0,0,7
6.9,3,isocontour,11.283791670955125,46599.13,98.06,16.9,1.3,1.045,0.6,0.7,0.9,15.9,1.4,1.09,9,6,0,0,6
6.9,4,isocontour,11.283791670955125,46760.88,98.4,18.1,7.1,0.883,-0.8,-3.0,3.1,15.9,1.4,1.09,9,7,0,0,7
6.9,5,isocontour,11.283791670955125,46482.27,97.82,17.3,2.6,1.004,-1.4,-2.7,3.0,15.9,1.4,1.09,9,6,0,0,6
6.9,6,isocontour,11.283791670955125,46474.22,97.8,1.8,-14.6,1.21,1.7,0.8,1.9,2.0,-9.0,1.659,10,6,0,0,6
6.9,7,isocontour,11.283791670955125,46279.56,97.39,-6.6,5.8,1.822,-1.0,-2.4,2.6,-5.4,4.9,2.015,23,6,0,0,6
6.9,8,isocontour,11.283791670955125,46647.17,98.16,2.1,-12.2,1.416,2.1,-1.6,2.6,2.0,-9.0,1.659,10,6,0,0,6
6.9,9,isocontour,11.283791670955125,47145.55,99.21,16.2,1.6,1.087,1.7,-0.2,1.7,16.2,1.6,1.09,9,6,0,0,6
6.9,10,isocontour,11.283791670955125,46936.34,98.77,1.8,-10.4,1.602,0.2,-1.1,1.1,2.0,-9.0,1.659,10,6,0,0,6
6.9,11,isocontour,11.283791670955125,46799.97,98.48,-13.4,-1.2,1.314,0.0,1.1,1.1,-5.4,4.9,2.015,23,6,0,0,6
6.9,12,isocontour,11.283791670955125,46774.67,98.43,-13.5,-0.1,1.309,0.3,1.1,1.1,-5.4,4.9,2.015,23,6,0,0,6
6.9,13,isocontour,11.283791670955125,46686.99,98.25,17.0,2.2,1.03,1.1,1.7,2.0,15.9,1.4,1.09,9,6,0,0,6
6.9,14,isocontour,11.283791670955125,46513.95,97.88,2.2,-15.4,1.147,3.5,-1.7,3.9,2.0,-9.0,1.659,10,6,0,0,6
6.9,15,isocontour,11.283791670955125,46421.84,97.69,18.8,14.3,0.671,-0.9,-1.5,1.7,15.9,1.4,1.09,9,3,0,0,3
6.9,16,isocontour,11.283791670955125,47444.11,99.84,-21.5,21.1,0.437,0.3,-0.9,0.9,-21.5,21.1,0.427,16,0,0,0,0
6.9,17,isocontour,11.283791670955125,46466.1,97.78,19.8,14.7,0.629,0.3,-2.5,2.5,15.9,1.4,1.09,9,3,0,0,3
6.9,18,isocontour,11.283791670955125,47426.77,99.8,2.9,24.2,0.64,0.9,-0.1,0.9,2.9,24.2,0.631,18,0,0,0,0
6.9,19,isocontour,11.283791670955125,46484.66,97.82,-7.1,5.8,1.767,-1.0,-2.5,2.7,-5.4,4.9,2.015,23,6,0,0,6
6.9,20,isocontour,11.283791670955125,46544.51,97.95,2.4,-11.6,1.466,0.2,-1.1,1.1,2.0,-9.0,1.659,10,6,0,0,6
6.9,21,isocontour,11.283791670955125,46618.31,98.1,3.4,-16.0,1.08,2.8,0.3,2.8,2.0,-9.0,1.659,10,6,0,0,6
6.9,22,isocontour,11.283791670955125,47182.7,99.29,-13.1,-0.7,1.348,-0.2,0.8,0.8,-5.4,4.9,2.015,23,6,0,0,6
6.9,23,isocontour,11.283791670955125,46951.94,98.8,-5.4,4.8,2.024,-0.6,-0.6,0.8,-5.4,4.8,2.015,23,6,0,0,6
6.9,24,isocontour,11.283791670955125,46534.59,97.93,8.2,-15.7,0.992,-2.8,1.1,3.0,2.0,-9.0,1.659,10,6,0,0,6
6.9,25,isocontour,11.283791670955125,46540.57,97.94,-13.7,-0.6,1.296,-1.3,0.0,1.3,-5.4,4.9,2.015,23,6,0,0,6
6.9,Target,,,,,0.0,0.0,3.818,0.0,0.0,,,,,,,,,
7.0,1,isocontour,11.283791670955125,46596.23,98.06,18.1,-3.7,0.953,-0.5,3.1,3.1,15.9,1.4,1.09,9,5,0,0,5
7.0,2,isocontour,11.283791670955125,46395.11,97.63,18.2,8.6,0.855,-0.0,-1.3,1.3,15.9,1.4,1.09,9,7,0,0,7
7.0,3,isocontour,11.283791670955125,46597.85,98.06,16.9,1.4,1.05,0.5,0.8,0.9,15.9,1.4,1.09,9,6,0,0,6
7.0,4,isocontour,11.283791670955125,46757.46,98.4,18.1,7.0,0.896,0.2,-1.4,1.4,15.9,1.4,1.09,9,8,0,0,8
7.0,5,isocontour,11.283791670955125,46479.71,97.81,17.4,2.5,1.009,1.2,0.3,1.2,15.9,1.4,1.09,9,6,0,0,6
7.0,6,isocontour,11.283791670955125,46473.18,97.8,1.9,-14.6,1.219,0.9,-0.1,0.9,2.0,-9.0,1.659,10,6,0,0,6
7.0,7,isocontour,11.283791670955125,46256.54,97.34,-6.5,5.5,1.862,1.4,-2.2,2.6,-5.4,4.8,2.024,23,6,0,0,6
7.0,8,isocontour,11.283791670955125,46645.96,98.16,2.2,-12.3,1.417,0.6,-0.8,1.0,2.0,-9.0,1.659,10,6,0,0,6
7.0,9,isocontour,11.283791670955125,47140.81,99.2,16.4,1.6,1.086,1.5,0.2,1.5,16.4,1.6,1.09,9,6,0,0,6
7.0,10,isocontour,11.283791670955125,46932.92,98.76,1.8,-10.6,1.598,0.5,-1.3,1.4,2.0,-9.0,1.659,10,6,0,0,6
7.0,11,isocontour,11.283791670955125,46790.71,98.47,-13.5,-1.0,1.316,-1.3,1.4,1.9,-5.4,4.8,2.024,23,6,0,0,6
7.0,12,isocontour,11.283791670955125,46773.88,98.43,-13.5,-0.2,1.321,0.3,-0.8,0.9,-5.4,4.8,2.024,23,6,0,0,6
7.0,13,isocontour,11.283791670955125,46686.85,98.25,17.0,2.2,1.038,0.0,0.5,0.5,15.9,1.4,1.09,9,6,0,0,6
7.0,14,isocontour,11.283791670955125,46485.59,97.82,2.4,-15.4,1.152,2.8,0.1,2.8,2.0,-9.0,1.659,10,6,0,0,6
7.0,15,isocontour,11.283791670955125,46384.2,97.61,18.7,14.1,0.69,-0.6,-3.0,3.1,15.9,1.4,1.09,9,3,0,0,3
7.0,16,isocontour,11.283791670955125,47443.01,99.84,-21.6,21.2,0.443,-0.4,0.9,1.0,-21.6,21.2,0.437,16,0,0,0,0
7.0,17,isocontour,11.283791670955125,46433.65,97.71,19.8,14.4,0.645,-0.1,-2.9,2.9,15.9,1.4,1.09,9,3,0,0,3
7.0,18,isocontour,11.283791670955125,47425.67,99.8,2.9,24.2,0.649,-0.9,-0.0,0.9,2.9,24.2,0.64,18,0,0,0,0
7.0,19,isocontour,11.283791670955125,46468.64,97.79,-7.3,5.7,1.766,-2.2,-0.8,2.3,-5.4,4.8,2.024,23,6,0,0,6
7.0,20,isocontour,11.283791670955125,46542.67,97.94,2.5,-11.7,1.465,0.4,-1.0,1.1,2.0,-9.0,1.659,10,6,0,0,6
7.0,21,isocontour,11.283791670955125,46607.85,98.08,3.7,-16.1,1.084,1.9,-0.5,2.0,2.0,-9.0,1.659,10,6,0,0,6
7.0,22,isocontour,11.283791670955125,47177.4,99.28,-13.2,-0.7,1.347,-1.5,-0.6,1.6,-5.4,4.8,2.024,23,6,0,0,6
7.0,23,isocontour,11.283791670955125,46943.77,98.79,-5.6,4.8,2.018,-1.8,-0.1,1.8,-5.6,4.8,2.024,23,6,0,0,6
7.0,24,isocontour,11.283791670955125,46532.98,97.92,8.0,-15.7,1.005,-1.0,-0.2,1.0,2.0,-9.0,1.659,10,6,0,0,6
7.0,25,isocontour,11.283791670955125,46518.08,97.89,-13.7,-0.8,1.3,-0.5,-2.6,2.6,-5.4,4.8,2.024,23,6,0,0,6
7.0,Target,,,,,0.0,0.0,3.83,0.0,0.0,,,,,,,,,
7.1,1,isocontour,11.283791670955125,46560.73,97.98,18.1,-3.4,0.967,-0.1,3.0,3.0,15.9,1.4,1.09,9,5,0,0,5
7.1,2,isocontour,11.283791670955125,46360.65,97.56,18.1,8.3,0.874,-1.0,-2.8,3.0,15.9,1.4,1.09,9,7,0,0,7
7.1,3,isocontour,11.283791670955125,46574.04,98.01,17.2,1.4,1.044,2.7,-0.0,2.7,15.9,1.4,1.09,9,6,0,0,6
7.1,4,isocontour,11.283791670955125,46752.44,98.38,18.0,6.8,0.912,-0.9,-1.3,1.6,15.9,1.4,1.09,9,8,0,0,8
7.1,5,isocontour,11.283791670955125,46469.41,97.79,17.5,2.7,1.011,0.8,1.8,2.0,15.9,1.4,1.09,9,6,0,0,6
7.1,6,isocontour,11.283791670955125,46445.43,97.74,2.2,-14.6,1.225,2.8,-0.2,2.8,2.0,-9.0,1.659,10,6,0,0,6
7.1,7,isocontour,11.283791670955125,46228.78,97.28,-6.6,5.3,1.877,-1.8,-2.1,2.8,-5.4,4.8,2.024,23,6,0,0,6
7.1,8,isocontour,11.283791670955125,46622.42,98.11,2.4,-12.4,1.415,2.5,-0.9,2.7,2.0,-9.0,1.659,10,6,0,0,6
7.1,9,isocontour,11.283791670955125,47140.63,99.2,16.4,1.6,1.095,-0.2,0.5,0.5,16.4,1.6,1.09,9,6,0,0,6
7.1,10,isocontour,11.283791670955125,46910.42,98.72,2.0,-10.7,1.591,2.3,-1.2,2.6,2.0,-9.0,1.659,10,6,0,0,6
7.1,11,isocontour,11.283791670955125,46771.86,98.43,-13.8,-1.0,1.307,-2.4,0.4,2.4,-5.4,4.8,2.024,23,6,0,0,6
7.1,12,isocontour,11.283791670955125,46749.53,98.38,-13.5,-0.4,1.331,0.0,-2.7,2.7,-5.4,4.8,2.024,23,6,0,0,6
7.1,13,isocontour,11.283791670955125,46686.69,98.25,17.0,2.2,1.047,0.2,-0.5,0.5,15.9,1.4,1.09,9,6,0,0,6
7.1,14,isocontour,11.283791670955125,46484.39,97.82,2.6,-15.4,1.163,0.9,0.3,0.9,2.0,-9.0,1.659,10,6,0,0,6
7.1,15,isocontour,11.283791670955125,46346.92,97.53,18.7,13.8,0.709,-0.6,-3.0,3.1,15.9,1.4,1.09,9,3,0,0,3
7.1,16,isocontour,11.283791670955125,47441.91,99.84,-21.7,21.2,0.449,-0.9,-0.2,0.9,-21.7,21.2,0.443,16,0,0,0,0
7.1,17,isocontour,11.283791670955125,46395.28,97.63,19.7,14.1,0.663,-0.7,-3.0,3.1,15.9,1.4,1.09,9,3,0,0,3
7.1,18,isocontour,11.283791670955125,47424.57,99.8,2.9,24.2,0.657,0.9,0.1,0.9,2.9,24.2,0.649,18,0,0,0,0
7.1,19,isocontour,11.283791670955125,46450.92,97.75,-7.5,5.6,1.767,-2.0,-1.3,2.4,-5.4,4.8,2.024,23,6,0,0,6
7.1,20,isocontour,11.283791670955125,46532.52,97.92,2.5,-11.9,1.458,1.0,-1.7,2.0,2.0,-9.0,1.659,10,6,0,0,6
7.1,21,isocontour,11.283791670955125,46580.09,98.02,3.9,-16.1,1.092,2.7,0.5,2.7,2.0,-9.0,1.659,10,6,0,0,6
7.1,22,isocontour,11.283791670955125,47177.03,99.28,-13.3,-0.7,1.353,-0.2,0.6,0.6,-5.4,4.8,2.024,23,6,0,0,6
7.1,23,isocontour,11.283791670955125,46929.72,98.76,-5.7,4.6,2.03,-1.2,-1.9,2.2,-5.7,4.6,2.024,23,6,0,0,6
7.1,24,isocontour,11.283791670955125,46531.77,97.92,8.1,-15.7,1.014,0.9,0.3,0.9,2.0,-9.0,1.659,10,6,0,0,6
7.1,25,isocontour,11.283791670955125,46509.91,97.87,-13.9,-0.9,1.295,-1.8,-0.1,1.8,-5.4,4.8,2.024,23,6,0,0,6
7.1,Target,,,,,0.0,0.0,3.84,0.0,0.0,,,,,,,,,
7.2,1,isocontour,11.283791670955125,46558.11,97.98,18.0,-3.2,0.98,-0.4,1.2,1.3,16.4,1.6,1.095,9,5,0,0,5
7.2,2,isocontour,11.283791670955125,46326.18,97.49,18.1,8.1,0.891,0.1,-3.0,3.0,16.4,1.6,1.095,9,7,0,0,7
7.2,3,isocontour,11.283791670955125,46572.24,98.01,17.3,1.5,1.045,1.0,0.5,1.1,16.4,1.6,1.095,9,6,0,0,6
7.2,4,isocontour,11.283791670955125,46747.03,98.37,18.0,6.7,0.928,-0.8,-1.4,1.6,16.4,1.6,1.095,9,8,0,0,8
7.2,5,isocontour,11.283791670955125,46454.79,97.76,17.7,2.8,1.007,2.2,0.5,2.3,16.4,1.6,1.095,9,7,0,0,7
7.2,6,isocontour,11.283791670955125,46422.41,97.69,2.4,-14.6,1.234,2.6,0.4,2.6,2.0,-9.0,1.659,10,6,0,0,6
7.2,7,isocontour,11.283791670955125,46217.04,97.26,-6.8,5.2,1.876,-1.9,-0.8,2.1,-5.7,4.6,2.03,23,6,0,0,6
7.2,8,isocontour,11.283791670955125,46596.12,98.06,2.4,-12.6,1.401,0.1,-2.7,2.7,2.0,-9.0,1.659,10,6,0,0,6
7.2,9,isocontour,11.283791670955125,47132.06,99.18,16.6,1.6,1.093,1.8,-0.4,1.8,16.6,1.6,1.095,9,6,0,0,6
7.2,10,isocontour,11.283791670955125,46889.68,98.67,2.3,-10.8,1.583,2.2,-1.2,2.5,2.0,-9.0,1.659,10,6,0,0,6
7.2,11,isocontour,11.283791670955125,46742.6,98.36,-14.0,-1.1,1.295,-2.3,-1.6,2.8,-5.7,4.6,2.03,23,6,0,0,6
7.2,12,isocontour,11.283791670955125,46736.76,98.35,-13.7,-0.4,1.327,-1.9,1.0,2.1,-5.7,4.6,2.03,23,6,0,0,6
7.2,13,isocontour,11.283791670955125,46683.34,98.24,17.1,2.2,1.048,1.4,-0.0,1.4,16.4,1.6,1.095,9,6,0,0,6
7.2,14,isocontour,11.283791670955125,46483.35,97.82,2.7,-15.3,1.171,0.9,0.0,0.9,2.0,-9.0,1.659,10,6,0,0,6
7.2,15,isocontour,11.283791670955125,46344.05,97.53,18.6,13.6,0.723,-0.4,-1.2,1.3,15.9,1.4,1.09,9,4,0,0,4
7.2,16,isocontour,11.283791670955125,47440.81,99.83,-21.7,21.2,0.454,-0.8,0.5,0.9,-21.7,21.2,0.449,16,0,0,0,0
7.2,17,isocontour,11.283791670955125,46370.38,97.58,19.7,13.8,0.678,0.2,-2.7,2.7,15.9,1.4,1.09,9,3,0,0,3
7.2,18,isocontour,11.283791670955125,47423.47,99.8,3.0,24.2,0.664,0.9,0.2,0.9,3.0,24.2,0.657,18,0,0,0,0
7.2,19,isocontour,11.283791670955125,46433.64,97.71,-7.6,5.4,1.784,-0.6,-2.3,2.4,-5.7,4.6,2.03,23,6,0,0,6
7.2,20,isocontour,11.283791670955125,46528.22,97.91,2.6,-11.8,1.473,1.0,1.1,1.5,2.0,-9.0,1.659,10,6,0,0,6
7.2,21,isocontour,11.283791670955125,46576.67,98.01,4.1,-16.1,1.097,1.3,-0.4,1.4,2.0,-9.0,1.659,10,6,0,0,6
7.2,22,isocontour,11.283791670955125,47176.44,99.28,-13.3,-0.7,1.362,-0.0,-0.8,0.8,-5.7,4.6,2.03,23,6,0,0,6
7.2,23,isocontour,11.283791670955125,46916.41,98.73,-5.8,4.5,2.043,-1.2,-1.8,2.2,-5.8,4.5,2.03,23,6,0,0,6
7.2,24,isocontour,11.283791670955125,46531.29,97.92,8.2,-15.7,1.021,0.7,-0.1,0.7,2.0,-9.0,1.659,10,6,0,0,6
7.2,25,isocontour,11.283791670955125,46508.16,97.87,-14.0,-0.8,1.297,-0.8,0.8,1.1,-5.7,4.6,2.03,23,6,0,0,6
7.2,Target,,,,,0.0,0.0,3.851,0.0,0.0,,,,,,,,,
7.3,1,isocontour,11.283791670955125,46555.74,97.97,18.0,-3.1,0.992,-0.2,1.2,1.2,16.4,1.6,1.095,9,5,0,0,5
7.3,2,isocontour,11.283791670955125,46292.06,97.42,18.0,7.8,0.91,-0.8,-2.9,3.0,16.4,1.6,1.095,9,8,0,0,8
7.3,3,isocontour,11.283791670955125,46550.51,97.96,17.4,1.7,1.043,1.5,2.1,2.6,16.4,1.6,1.095,9,6,0,0,6
7.3,4,isocontour,11.283791670955125,46744.42,98.37,17.9,6.6,0.942,-0.3,-1.2,1.2,16.4,1.6,1.095,9,8,0,0,8
7.3,5,isocontour,11.283791670955125,46452.8,97.75,17.7,2.7,1.015,-0.2,-1.1,1.1,16.4,1.6,1.095,9,8,0,0,8
7.3,6,isocontour,11.283791670955125,46420.8,97.69,2.6,-14.6,1.238,0.9,-0.5,1.0,2.0,-9.0,1.659,10,6,0,0,6
7.3,7,isocontour,11.283791670955125,46189.28,97.2,-7.0,5.0,1.88,-1.9,-2.1,2.8,-5.8,4.5,2.043,23,6,0,0,6
7.3,8,isocontour,11.283791670955125,46594.42,98.05,2.5,-12.7,1.399,0.6,-0.9,1.1,2.0,-9.0,1.659,10,6,0,0,6
7.3,9,isocontour,11.283791670955125,47125.82,99.17,16.7,1.5,1.091,1.6,-0.5,1.7,16.4,1.6,1.095,9,6,0,0,6
7.3,10,isocontour,11.283791670955125,46888.4,98.67,2.3,-10.9,1.581,0.3,-0.9,0.9,2.0,-9.0,1.659,10,6,0,0,6
7.3,11,isocontour,11.283791670955125,46740.98,98.36,-14.0,-1.2,1.305,0.6,-0.9,1.1,-5.8,4.5,2.043,23,6,0,0,6
7.3,12,isocontour,11.283791670955125,46729.23,98.34,-13.8,-0.2,1.324,-1.3,1.2,1.8,-5.8,4.5,2.043,23,6,0,0,6
7.3,13,isocontour,11.283791670955125,46661.36,98.19,17.3,2.0,1.048,1.6,-2.0,2.6,16.4,1.6,1.095,9,6,0,0,6
7.3,14,isocontour,11.283791670955125,46471.61,97.79,2.8,-15.3,1.185,1.8,1.1,2.1,2.0,-9.0,1.659,10,6,0,0,6
7.3,15,isocontour,11.283791670955125,46308.55,97.45,18.6,13.3,0.741,-0.7,-2.9,3.0,16.4,1.6,1.095,9,4,0,0,4
7.3,16,isocontour,11.283791670955125,47439.71,99.83,-21.8,21.2,0.461,-0.4,-0.8,0.9,-21.8,21.2,0.454,16,0,0,0,0
7.3,17,isocontour,11.283791670955125,46364.78,97.57,19.6,13.7,0.693,-0.9,-1.3,1.6,16.4,1.6,1.095,9,4,0,0,4
7.3,18,isocontour,11.283791670955125,47422.37,99.79,3.1,24.2,0.67,0.9,0.3,0.9,3.1,24.2,0.664,18,0,0,0,0
7.3,19,isocontour,11.283791670955125,46406.76,97.66,-7.7,5.2,1.795,-1.6,-2.2,2.7,-5.8,4.5,2.043,23,6,0,0,6
7.3,20,isocontour,11.283791670955125,46514.91,97.88,2.8,-11.9,1.475,2.1,-0.5,2.2,2.0,-9.0,1.659,10,6,0,0,6
7.3,21,isocontour,11.283791670955125,46575.47,98.01,4.2,-16.0,1.106,0.9,0.5,1.0,2.0,-9.0,1.659,10,6,0,0,6
7.3,22,isocontour,11.283791670955125,47165.19,99.25,-13.3,-0.9,1.37,-0.1,-2.1,2.1,-5.8,4.5,2.043,23,6,0,0,6
7.3,23,isocontour,11.283791670955125,46891.24,98.68,-6.0,4.3,2.045,-2.1,-1.7,2.7,-6.0,4.3,2.043,23,6,0,0,6
7.3,24,isocontour,11.283791670955125,46530.88,97.92,8.2,-15.7,1.026,0.6,-0.3,0.7,2.0,-9.0,1.659,10,6,0,0,6
7.3,25,isocontour,11.283791670955125,46492.75,97.84,-14.1,-1.0,1.297,-1.0,-2.1,2.3,-5.8,4.5,2.043,23,6,0,0,6
7.3,Target,,,,,0.0,0.0,3.861,0.0,0.0,,,,,,,,,
7.4,1,isocontour,11.283791670955125,46555.26,97.97,18.0,-3.1,1.001,-0.3,-0.7,0.8,16.4,1.6,1.095,9,6,0,0,6
7.4,2,isocontour,11.283791670955125,46254.05,97.34,18.0,7.5,0.926,-0.1,-3.1,3.1,16.4,1.6,1.095,9,8,0,0,8
7.4,3,isocontour,11.283791670955125,46521.24,97.9,17.5,1.5,1.046,0.9,-2.7,2.8,16.4,1.6,1.095,9,6,0,0,6
7.4,4,isocontour,11.283791670955125,46741.93,98.36,17.9,6.4,0.954,-0.2,-1.2,1.2,16.4,1.6,1.095,9,8,0,0,8
7.4,5,isocontour,11.283791670955125,46451.05,97.75,17.8,2.7,1.018,1.0,0.4,1.1,16.4,1.6,1.095,9,8,0,0,8
7.4,6,isocontour,11.283791670955125,46393.92,97.63,2.8,-14.6,1.241,2.7,-0.3,2.7,2.0,-9.0,1.659,10,6,0,0,6
7.4,7,isocontour,11.283791670955125,46178.36,97.18,-7.2,5.0,1.877,-1.9,-0.7,2.0,-6.0,4.3,2.045,23,6,0,0,6
7.4,8,isocontour,11.283791670955125,46593.28,98.05,2.6,-12.8,1.405,0.9,-0.0,0.9,2.0,-9.0,1.659,10,6,0,0,6
7.4,9,isocontour,11.283791670955125,47105.08,99.13,16.8,1.3,1.094,0.8,-2.4,2.5,16.4,1.6,1.095,9,6,0,0,6
7.4,10,isocontour,11.283791670955125,46885.66,98.67,2.3,-11.0,1.577,0.3,-1.3,1.3,2.0,-9.0,1.659,10,6,0,0,6
7.4,11,isocontour,11.283791670955125,46739.04,98.36,-13.9,-1.1,1.318,0.3,1.1,1.1,-6.0,4.3,2.045,23,6,0,0,6
7.4,12,isocontour,11.283791670955125,46728.62,98.33,-13.9,-0.3,1.33,-0.2,-0.7,0.7,-6.0,4.3,2.045,23,6,0,0,6
7.4,13,isocontour,11.283791670955125,46659.51,98.19,17.3,1.9,1.058,-0.2,-1.1,1.1,16.4,1.6,1.095,9,6,0,0,6
7.4,14,isocontour,11.283791670955125,46444.73,97.74,3.1,-15.3,1.19,2.8,-0.1,2.8,2.0,-9.0,1.659,10,6,0,0,6
7.4,15,isocontour,11.283791670955125,46304.58,97.44,18.5,13.2,0.756,-0.6,-1.3,1.4,16.4,1.6,1.095,9,4,0,0,4
7.4,16,isocontour,11.283791670955125,47438.61,99.83,-21.7,21.2,0.468,0.6,0.7,0.9,-21.7,21.2,0.461,16,0,0,0,0
7.4,17,isocontour,11.283791670955125,46362.34,97.56,19.6,13.6,0.705,-0.2,-1.2,1.2,16.4,1.6,1.095,9,4,0,0,4
7.4,18,isocontour,11.283791670955125,47421.27,99.79,3.1,24.3,0.678,-0.9,-0.0,0.9,3.1,24.3,0.67,18,0,0,0,0
7.4,19,isocontour,11.283791670955125,46405.88,97.66,-7.8,5.1,1.803,-0.6,-0.7,0.9,-6.0,4.3,2.045,23,6,0,0,6
7.4,20,isocontour,11.283791670955125,46512.42,97.88,2.9,-12.0,1.472,0.3,-1.2,1.2,2.0,-9.0,1.659,10,6,0,0,6
7.4,21,isocontour,11.283791670955125,46574.47,98.01,4.2,-16.0,1.116,0.9,0.3,0.9,2.0,-9.0,1.659,10,6,0,0,6
7.4,22,isocontour,11.283791670955125,47152.6,99.23,-13.4,-0.8,1.367,-1.6,1.4,2.1,-6.0,4.3,2.045,23,6,0,0,6
7.4,23,isocontour,11.283791670955125,46867.16,98.63,-6.2,4.1,2.044,-2.0,-1.8,2.7,-6.2,4.1,2.045,23,6,0,0,6
7.4,24,isocontour,11.283791670955125,46530.03,97.92,8.3,-15.7,1.035,0.7,0.5,0.9,2.0,-9.0,1.659,10,6,0,0,6
7.4,25,isocontour,11.283791670955125,46490.26,97.83,-14.2,-0.9,1.3,-0.7,1.0,1.2,-6.0,4.3,2.045,23,6,0,0,6
7.4,Target,,,,,0.0,0.0,3.87,0.0,0.0,,,,,,,,,
7.5,1,isocontour,11.283791670955125,46535.48,97.93,18.0,-3.3,1.004,0.7,-2.4,2.5,16.4,1.6,1.095,9,6,0,0,6
7.5,2,isocontour,11.283791670955125,46251.44,97.33,18.0,7.3,0.939,-0.3,-1.2,1.2,16.4,1.6,1.095,9,8,0,0,8
7.5,3,isocontour,11.283791670955125,46400.13,97.64,17.6,1.0,1.052,0.7,-4.5,4.6,16.4,1.6,1.095,9,6,0,0,6
7.5,4,isocontour,11.283791670955125,46738.65,98.36,17.9,6.3,0.967,-0.4,-1.3,1.4,16.4,1.6,1.095,9,8,0,0,8
7.5,5,isocontour,11.283791670955125,46416.58,97.68,17.8,2.4,1.028,0.1,-3.0,3.0,16.4,1.6,1.095,9,8,0,0,8
7.5,6,isocontour,11.283791670955125,46393.02,97.63,2.9,-14.6,1.248,0.9,0.1,0.9,2.0,-9.0,1.659,10,6,0,0,6
7.5,7,isocontour,11.283791670955125,46176.52,97.17,-7.3,4.9,1.877,-1.0,-0.4,1.1,-6.0,4.3,2.045,23,6,0,0,6
7.5,8,isocontour,11.283791670955125,46588.17,98.04,2.7,-12.9,1.401,0.7,-1.4,1.6,2.0,-9.0,1.659,10,6,0,0,6
7.5,9,isocontour,11.283791670955125,47079.91,99.07,16.8,1.1,1.102,0.1,-2.7,2.7,16.4,1.6,1.095,9,6,0,0,6
7.5,10,isocontour,11.283791670955125,46882.02,98.66,2.4,-11.2,1.571,0.3,-1.4,1.4,2.0,-9.0,1.659,10,6,0,0,6
7.5,11,isocontour,11.283791670955125,46736.99,98.35,-13.9,-1.0,1.331,0.4,1.1,1.2,-6.0,4.3,2.045,23,6,0,0,6
7.5,12,isocontour,11.283791670955125,46705.34,98.29,-13.9,-0.5,1.335,-0.3,-2.6,2.6,-6.0,4.3,2.045,23,6,0,0,6
7.5,13,isocontour,11.283791670955125,46655.13,98.18,17.2,1.8,1.072,-0.8,-1.3,1.5,16.4,1.6,1.095,9,6,0,0,6
7.5,14,isocontour,11.283791670955125,46443.83,97.74,3.2,-15.2,1.197,0.9,0.1,0.9,2.0,-9.0,1.659,10,6,0,0,6
7.5,15,isocontour,11.283791670955125,46276.53,97.38,18.4,12.9,0.774,-1.0,-2.6,2.8,16.4,1.6,1.095,9,4,0,0,4
7.5,16,isocontour,11.283791670955125,47437.51,99.83,-21.8,21.2,0.473,-0.9,-0.1,0.9,-21.8,21.2,0.468,16,0,0,0,0
7.5,17,isocontour,11.283791670955125,46331.51,97.5,19.6,13.3,0.719,0.1,-2.9,2.9,16.4,1.6,1.095,9,4,0,0,4
7.5,18,isocontour,11.283791670955125,47420.17,99.79,3.1,24.3,0.685,0.9,0.1,0.9,3.1,24.3,0.678,18,0,0,0,0
7.5,19,isocontour,11.283791670955125,46382.87,97.61,-8.0,4.9,1.803,-2.0,-1.7,2.6,-6.0,4.3,2.045,23,6,0,0,6
7.5,20,isocontour,11.283791670955125,46502.87,97.86,3.1,-12.0,1.472,1.9,-0.5,2.0,2.0,-9.0,1.659,10,6,0,0,6
7.5,21,isocontour,11.283791670955125,46548.17,97.95,4.5,-16.0,1.122,2.7,0.3,2.7,2.0,-9.0,1.659,10,6,0,0,6
7.5,22,isocontour,11.283791670955125,47152.55,99.23,-13.4,-0.8,1.373,-0.1,0.3,0.3,-6.0,4.3,2.045,23,6,0,0,6
7.5,23,isocontour,11.283791670955125,46855.75,98.6,-6.4,3.9,2.051,-1.2,-1.7,2.1,-6.0,4.3,2.045,23,6,0,0,6
7.5,24,isocontour,11.283791670955125,46528.51,97.91,8.3,-15.6,1.048,0.3,1.0,1.0,2.0,-9.0,1.659,10,6,0,0,6
7.5,25,isocontour,11.283791670955125,46468.78,97.79,-14.3,-0.7,1.299,-1.3,2.2,2.6,-6.0,4.3,2.045,23,6,0,0,6
7.5,Target,,,,,0.0,0.0,3.88,0.0,0.0,,,,,,,,,
7.6,1,isocontour,11.283791670955125,46515.94,97.89,18.1,-3.6,1.005,0.7,-2.4,2.5,16.8,1.1,1.102,9,6,0,0,6
7.6,2,isocontour,11.283791670955125,46213.06,97.25,18.0,7.0,0.954,-0.1,-3.1,3.1,16.8,1.1,1.102,9,8,0,0,8
7.6,3,isocontour,11.283791670955125,46372.67,97.59,17.6,0.7,1.06,0.0,-2.8,2.8,16.8,1.1,1.102,9,6,0,0,6
7.6,4,isocontour,11.283791670955125,46707.18,98.29,17.9,6.1,0.978,0.6,-2.8,2.9,16.8,1.1,1.102,9,8,0,0,8
7.6,5,isocontour,11.283791670955125,46414.43,97.67,17.8,2.3,1.038,-0.2,-1.2,1.2,16.8,1.1,1.102,9,8,0,0,8
7.6,6,isocontour,11.283791670955125,46392.2,97.63,3.0,-14.6,1.255,0.8,-0.1,0.8,2.0,-9.0,1.659,10,6,0,0,6
7.6,7,isocontour,11.283791670955125,46161.89,97.14,-7.3,4.7,1.892,-0.6,-2.2,2.3,-6.4,3.9,2.051,23,6,0,0,6
7.6,8,isocontour,11.283791670955125,46587.14,98.04,2.7,-13.0,1.401,0.5,-0.7,0.9,2.0,-9.0,1.659,10,6,0,0,6
7.6,9,isocontour,11.283791670955125,47051.25,99.01,16.9,0.8,1.107,0.8,-2.7,2.8,16.9,0.8,1.102,9,6,0,0,6
7.6,10,isocontour,11.283791670955125,46881.53,98.66,2.4,-11.2,1.572,0.4,-0.6,0.7,2.0,-9.0,1.659,10,6,0,0,6
7.6,11,isocontour,11.283791670955125,46719.05,98.31,-14.1,-1.1,1.325,-1.9,-1.4,2.4,-6.4,3.9,2.051,23,6,0,0,6
7.6,12,isocontour,11.283791670955125,46696.91,98.27,-14.0,-0.4,1.334,-1.3,1.4,1.9,-6.4,3.9,2.051,23,6,0,0,6
7.6,13,isocontour,11.283791670955125,46652.58,98.17,17.3,1.7,1.079,0.5,-1.1,1.2,16.8,1.1,1.102,9,7,0,0,7
7.6,14,isocontour,11.283791670955125,46436.67,97.72,3.4,-15.3,1.198,1.6,-0.8,1.8,2.0,-9.0,1.659,10,6,0,0,6
7.6,15,isocontour,11.283791670955125,46272.73,97.38,18.4,12.8,0.785,0.4,-1.4,1.5,16.4,1.6,1.095,9,5,0,0,5
7.6,16,isocontour,11.283791670955125,47436.41,99.82,-21.8,21.3,0.479,0.7,0.6,0.9,-21.8,21.3,0.473,16,0,0,0,0
7.6,17,isocontour,11.283791670955125,46293.14,97.42,19.5,13.0,0.736,-0.8,-3.0,3.1,16.4,1.6,1.095,9,4,0,0,4
7.6,18,isocontour,11.283791670955125,47419.07,99.79,3.2,24.3,0.691,0.9,0.3,0.9,3.2,24.3,0.685,18,0,0,0,0
7.6,19,isocontour,11.283791670955125,46375.58,97.59,-8.1,4.8,1.8,-1.6,-0.7,1.7,-6.4,3.9,2.051,23,6,0,0,6
7.6,20,isocontour,11.283791670955125,46501.7,97.86,3.1,-12.1,1.471,0.2,-0.9,0.9,2.0,-9.0,1.659,10,6,0,0,6
7.6,21,isocontour,11.283791670955125,46522.43,97.9,4.8,-16.0,1.126,2.7,0.3,2.7,2.0,-9.0,1.659,10,6,0,0,6
7.6,22,isocontour,11.283791670955125,47152.27,99.23,-13.4,-0.7,1.383,0.2,0.6,0.6,-6.4,3.9,2.051,23,6,0,0,6
7.6,23,isocontour,11.283791670955125,46835.74,98.56,-6.5,3.8,2.054,-1.7,-1.8,2.5,-6.5,3.8,2.051,23,6,0,0,6
7.6,24,isocontour,11.283791670955125,46526.94,97.91,8.4,-15.5,1.062,0.2,1.0,1.0,2.0,-9.0,1.659,10,6,0,0,6
7.6,25,isocontour,11.283791670955125,46457.85,97.76,-14.5,-0.8,1.294,-1.6,-1.3,2.1,-6.4,3.9,2.051,23,6,0,0,6
7.6,Target,,,,,0.0,0.0,3.889,0.0,0.0,,,,,,,,,
7.7,1,isocontour,11.283791670955125,46495.2,97.84,18.2,-3.8,1.006,0.6,-2.5,2.6,16.9,0.8,1.107,9,6,0,0,6
7.7,2,isocontour,11.283791670955125,46175.06,97.17,18.0,6.7,0.968,0.0,-3.1,3.1,16.9,0.8,1.107,9,8,0,0,8
7.7,3,isocontour,11.283791670955125,46346.65,97.53,17.6,0.5,1.067,0.2,-2.7,2.7,16.9,0.8,1.107,9,6,0,0,6
7.7,4,isocontour,11.283791670955125,46670.61,98.21,17.9,5.8,0.99,0.3,-3.1,3.1,16.9,0.8,1.107,9,8,0,0,8
7.7,5,isocontour,11.283791670955125,46402.18,97.65,17.9,2.1,1.042,0.9,-1.9,2.1,16.9,0.8,1.107,9,8,0,0,8
7.7,6,isocontour,11.283791670955125,46391.26,97.62,3.1,-14.7,1.259,0.8,-0.3,0.9,2.0,-9.0,1.659,10,6,0,0,6
7.7,7,isocontour,11.283791670955125,46137.54,97.09,-7.5,4.5,1.903,-1.3,-2.3,2.6,-6.5,3.8,2.054,23,6,0,0,6
7.7,8,isocontour,11.283791670955125,46565.91,97.99,2.9,-13.0,1.398,2.4,-0.8,2.5,2.0,-9.0,1.659,10,6,0,0,6
7.7,9,isocontour,11.283791670955125,47049.97,99.01,17.0,0.7,1.11,0.6,-0.8,1.0,17.0,0.7,1.107,9,6,0,0,6
7.7,10,isocontour,11.283791670955125,46861.76,98.61,2.6,-11.4,1.563,2.1,-1.4,2.5,2.0,-9.0,1.659,10,6,0,0,6
7.7,11,isocontour,11.283791670955125,46717.16,98.31,-14.1,-1.0,1.333,0.3,1.1,1.1,-6.5,3.8,2.054,23,6,0,0,6
7.7,12,isocontour,11.283791670955125,46696.03,98.27,-14.1,-0.5,1.336,-0.7,-0.5,0.9,-6.5,3.8,2.054,23,6,0,0,6
7.7,13,isocontour,11.283791670955125,46650.37,98.17,17.3,1.6,1.084,0.5,-1.1,1.2,16.9,0.8,1.107,9,7,0,0,7
7.7,14,isocontour,11.283791670955125,46409.79,97.66,3.6,-15.3,1.201,2.8,0.1,2.8,2.0,-9.0,1.659,10,6,0,0,6
7.7,15,isocontour,11.283791670955125,46269.59,97.37,18.4,12.7,0.798,-0.4,-1.3,1.4,16.8,1.1,1.102,9,5,0,0,5
7.7,16,isocontour,11.283791670955125,47435.32,99.82,-21.7,21.2,0.488,0.7,-0.7,1.0,-21.7,21.2,0.479,16,0,0,0,0
7.7,17,isocontour,11.283791670955125,46274.06,97.38,19.6,12.7,0.749,0.4,-2.4,2.4,16.8,1.1,1.102,9,4,0,0,4
7.7,18,isocontour,11.283791670955125,47417.97,99.79,3.3,24.3,0.698,0.9,-0.2,0.9,3.3,24.3,0.691,18,0,0,0,0
7.7,19,isocontour,11.283791670955125,46373.38,97.59,-8.2,4.8,1.799,-1.1,-0.5,1.2,-6.5,3.8,2.054,23,6,0,0,6
7.7,20,isocontour,11.283791670955125,46484.41,97.82,3.3,-12.2,1.465,2.1,-1.2,2.4,2.0,-9.0,1.659,10,6,0,0,6
7.7,21,isocontour,11.283791670955125,46521.46,97.9,4.9,-15.9,1.134,0.8,0.4,0.9,2.0,-9.0,1.659,10,6,0,0,6
7.7,22,isocontour,11.283791670955125,47144.86,99.21,-13.6,-0.6,1.38,-1.5,1.0,1.8,-6.5,3.8,2.054,23,6,0,0,6
7.7,23,isocontour,11.283791670955125,46825.13,98.54,-6.7,3.7,2.04,-2.0,-0.1,2.0,-6.7,3.7,2.054,23,6,0,0,6
7.7,24,isocontour,11.283791670955125,46524.79,97.91,8.3,-15.4,1.075,-1.1,0.3,1.1,2.0,-9.0,1.659,10,6,0,0,6
7.7,25,isocontour,11.283791670955125,46434.31,97.72,-14.6,-0.6,1.293,-1.2,2.4,2.7,-6.5,3.8,2.054,23,6,0,0,6
7.7,Target,,,,,0.0,0.0,3.897,0.0,0.0,,,,,,,,,
7.8,1,isocontour,11.283791670955125,46473.97,97.8,18.2,-4.1,1.008,0.3,-2.5,2.5,17.0,0.7,1.11,9,6,0,0,6
7.8,2,isocontour,11.283791670955125,46169.35,97.16,18.0,6.5,0.976,0.6,-1.5,1.6,17.0,0.7,1.11,9,8,0,0,8
7.8,3,isocontour,11.283791670955125,46331.83,97.5,17.7,0.6,1.067,1.4,1.8,2.3,17.0,0.7,1.11,9,6,0,0,6
7.8,4,isocontour,11.283791670955125,46632.24,98.13,17.9,5.4,1.003,-0.1,-3.1,3.1,17.0,0.7,1.11,9,8,0,0,8
7.8,5,isocontour,11.283791670955125,46400.08,97.64,17.9,2.0,1.049,0.0,-1.2,1.2,17.0,0.7,1.11,9,8,0,0,8
7.8,6,isocontour,11.283791670955125,46373.1,97.59,3.3,-14.6,1.267,2.4,0.6,2.5,2.0,-9.0,1.659,10,6,0,0,6
7.8,7,isocontour,11.283791670955125,46130.74,97.08,-7.6,4.4,1.898,-1.7,-0.5,1.8,-6.5,3.8,2.054,23,6,0,0,6
7.8,8,isocontour,11.283791670955125,46544.43,97.95,3.2,-13.1,1.393,2.4,-1.0,2.6,2.0,-9.0,1.659,10,6,0,0,6
7.8,9,isocontour,11.283791670955125,47039.05,98.99,17.1,0.7,1.106,1.9,0.8,2.1,17.1,0.7,1.11,9,6,0,0,6
7.8,10,isocontour,11.283791670955125,46857.88,98.61,2.6,-11.5,1.556,0.2,-1.4,1.4,2.0,-9.0,1.659,10,6,0,0,6
7.8,11,isocontour,11.283791670955125,46714.72,98.31,-14.2,-1.0,1.333,-1.2,0.4,1.3,-6.5,3.8,2.054,23,6,0,0,6
7.8,12,isocontour,11.283791670955125,46683.26,98.24,-14.2,-0.3,1.332,-1.6,1.5,2.2,-6.5,3.8,2.054,23,6,0,0,6
7.8,13,isocontour,11.283791670955125,46620.79,98.11,17.4,1.3,1.085,1.3,-2.5,2.8,17.0,0.7,1.11,9,7,0,0,7
7.8,14,isocontour,11.283791670955125,46392.72,97.63,3.8,-15.4,1.201,2.3,-0.7,2.4,2.0,-9.0,1.659,10,6,0,0,6
7.8,15,isocontour,11.283791670955125,46266.72,97.36,18.3,12.5,0.81,-0.4,-1.2,1.3,16.9,0.8,1.107,9,5,0,0,5
7.8,16,isocontour,11.283791670955125,47434.22,99.82,-21.6,21.2,0.497,0.7,-0.6,0.9,-21.6,21.2,0.488,16,0,0,0,0
7.8,17,isocontour,11.283791670955125,46269.32,97.37,19.6,12.6,0.759,0.2,-1.5,1.5,16.9,0.8,1.107,9,4,0,0,4
7.8,18,isocontour,11.283791670955125,47416.87,99.78,3.4,24.3,0.705,0.9,-0.1,0.9,3.4,24.3,0.698,18,0,0,0,0
7.8,19,isocontour,11.283791670955125,46372.44,97.59,-8.3,4.7,1.804,-0.6,-0.7,0.9,-6.5,3.8,2.054,23,6,0,0,6
7.8,20,isocontour,11.283791670955125,46483.93,97.82,3.3,-12.3,1.464,0.3,-0.6,0.7,2.0,-9.0,1.659,10,6,0,0,6
7.8,21,isocontour,11.283791670955125,46519.09,97.89,5.0,-15.8,1.146,0.9,0.9,1.3,2.0,-9.0,1.659,10,6,0,0,6
7.8,22,isocontour,11.283791670955125,47142.65,99.21,-13.6,-0.7,1.382,-0.5,-1.1,1.2,-6.5,3.8,2.054,23,6,0,0,6
7.8,23,isocontour,11.283791670955125,46821.71,98.53,-6.9,3.7,2.03,-1.4,0.1,1.4,-6.5,3.8,2.054,23,6,0,0,6
7.8,24,isocontour,11.283791670955125,46524.36,97.9,8.3,-15.5,1.079,0.3,-0.6,0.7,2.0,-9.0,1.659,10,6,0,0,6
7.8,25,isocontour,11.283791670955125,46427.5,97.7,-14.7,-0.5,1.289,-1.6,0.7,1.7,-6.5,3.8,2.054,23,6,0,0,6
7.8,Target,,,,,0.0,0.0,3.906,0.0,0.0,,,,,,,,,
7.9,1,isocontour,11.283791670955125,46451.48,97.75,18.3,-4.3,1.009,0.4,-2.6,2.6,17.0,0.7,1.11,9,6,0,0,6
7.9,2,isocontour,11.283791670955125,46144.73,97.11,18.0,6.3,0.992,-1.0,-2.5,2.7,17.0,0.7,1.11,9,8,0,0,8
7.9,3,isocontour,11.283791670955125,46301.32,97.44,17.8,0.8,1.072,-0.1,2.9,2.9,17.0,0.7,1.11,9,6,0,0,6
7.9,4,isocontour,11.283791670955125,46629.03,98.13,18.0,5.5,1.006,0.7,1.1,1.3,17.0,0.7,1.11,9,8,0,0,8
7.9,5,isocontour,11.283791670955125,46399.56,97.64,17.9,2.0,1.055,0.1,0.7,0.7,17.0,0.7,1.11,9,8,0,0,8
7.9,6,isocontour,11.283791670955125,46371.57,97.58,3.4,-14.7,1.269,0.9,-0.6,1.1,2.0,-9.0,1.659,10,6,0,0,6
7.9,7,isocontour,11.283791670955125,46113.88,97.04,-7.8,4.3,1.888,-2.2,-1.0,2.4,-6.5,3.8,2.054,23,6,0,0,6
7.9,8,isocontour,11.283791670955125,46526.04,97.91,3.4,-13.2,1.389,2.3,-0.7,2.4,2.0,-9.0,1.659,10,6,0,0,6
7.9,9,isocontour,11.283791670955125,47013.59,98.93,17.2,1.0,1.107,0.6,2.6,2.7,17.2,1.0,1.11,9,6,0,0,6
7.9,10,isocontour,11.283791670955125,46840.59,98.57,2.8,-11.6,1.548,2.1,-1.2,2.4,2.0,-9.0,1.659,10,6,0,0,6
7.9,11,isocontour,11.283791670955125,46713.2,98.3,-14.2,-0.9,1.335,-0.6,0.9,1.1,-6.5,3.8,2.054,23,6,0,0,6
7.9,12,isocontour,11.283791670955125,46682.47,98.24,-14.2,-0.4,1.339,0.2,-0.8,0.8,-6.5,3.8,2.054,23,6,0,0,6
7.9,13,isocontour,11.283791670955125,46600.06,98.06,17.5,1.5,1.088,0.4,2.5,2.5,17.0,0.7,1.11,9,7,0,0,7
7.9,14,isocontour,11.283791670955125,46390.29,97.62,4.0,-15.3,1.209,1.0,0.7,1.2,2.0,-9.0,1.659,10,6,0,0,6
7.9,15,isocontour,11.283791670955125,46232.94,97.29,18.3,12.3,0.827,-0.8,-2.9,3.0,17.0,0.7,1.11,9,5,0,0,5
7.9,16,isocontour,11.283791670955125,47433.12,99.82,-21.6,21.2,0.504,0.7,0.6,0.9,-21.6,21.2,0.497,16,0,0,0,0
7.9,17,isocontour,11.283791670955125,46264.5,97.36,19.6,12.4,0.768,0.3,-1.5,1.5,17.0,0.7,1.11,9,4,0,0,4
7.9,18,isocontour,11.283791670955125,47415.77,99.78,3.3,24.3,0.712,-0.9,-0.1,0.9,3.3,24.3,0.705,18,0,0,0,0
7.9,19,isocontour,11.283791670955125,46371.54,97.58,-8.4,4.7,1.81,-0.6,-0.6,0.8,-6.5,3.8,2.054,23,6,0,0,6
7.9,20,isocontour,11.283791670955125,46471.85,97.79,3.5,-12.4,1.461,1.9,-0.8,2.1,2.0,-9.0,1.659,10,6,0,0,6
7.9,21,isocontour,11.283791670955125,46507.68,97.87,5.1,-15.9,1.147,2.0,-0.5,2.1,2.0,-9.0,1.659,10,6,0,0,6
7.9,22,isocontour,11.283791670955125,47136.19,99.19,-13.8,-0.8,1.376,-1.6,-0.5,1.7,-6.5,3.8,2.054,23,6,0,0,6
7.9,23,isocontour,11.283791670955125,46803.98,98.49,-7.1,3.7,2.015,-2.3,-0.7,2.4,-6.5,3.8,2.054,23,6,0,0,6
7.9,24,isocontour,11.283791670955125,46523.96,97.9,8.3,-15.5,1.083,0.6,-0.3,0.7,2.0,-9.0,1.659,10,6,0,0,6
7.9,25,isocontour,11.283791670955125,46416.74,97.68,-14.9,-0.6,1.284,-1.4,-1.5,2.1,-6.5,3.8,2.054,23,6,0,0,6
7.9,Target,,,,,0.0,0.0,3.914,0.0,0.0,,,,,,,,,
8.0,1,isocontour,11.283791670955125,46349.11,97.54,18.2,-4.7,1.011,-0.3,-4.3,4.3,18.2,-4.7,1.009,1,6,0,0,6
8.0,2,isocontour,11.283791670955125,46144.32,97.11,17.9,6.3,1.0,-0.1,0.7,0.7,17.9,6.3,0.992,2,8,0,0,8
8.0,3,isocontour,11.283791670955125,46300.29,97.43,17.8,1.0,1.079,0.0,0.9,0.9,17.8,1.0,1.072,3,6,0,0,6
8.0,4,isocontour,11.283791670955125,46606.28,98.08,18.0,5.7,1.009,-0.3,2.6,2.6,18.0,5.7,1.006,4,8,0,0,8
8.0,5,isocontour,11.283791670955125,46379.06,97.6,17.9,2.3,1.062,-0.2,2.5,2.5,17.9,2.3,1.055,5,8,0,0,8
8.0,6,isocontour,11.283791670955125,46350.59,97.54,3.6,-14.8,1.265,2.3,-1.0,2.5,3.6,-14.8,1.269,6,6,0,0,6
8.0,7,isocontour,11.283791670955125,46112.08,97.04,-8.0,4.3,1.885,-1.0,-0.3,1.0,-8.0,4.3,1.888,7,6,0,0,6
8.0,8,isocontour,11.283791670955125,46525.56,97.91,3.5,-13.3,1.391,0.6,-0.4,0.7,3.5,-13.3,1.389,8,6,0,0,6
8.0,9,isocontour,11.283791670955125,47011.8,98.93,17.3,1.1,1.108,0.8,0.7,1.1,17.3,1.1,1.107,9,6,0,0,6
8.0,10,isocontour,11.283791670955125,46839.71,98.57,2.9,-11.7,1.545,0.2,-0.8,0.8,2.9,-11.7,1.548,10,6,0,0,6
8.0,11,isocontour,11.283791670955125,46669.84,98.21,-14.5,-1.0,1.32,-3.0,-1.3,3.3,-14.5,-1.0,1.335,11,6,0,0,6
8.0,12,isocontour,11.283791670955125,46671.23,98.21,-14.3,-0.3,1.338,-1.2,1.6,2.0,-14.3,-0.3,1.339,12,6,0,0,6
8.0,13,isocontour,11.283791670955125,46524.64,97.91,17.5,1.9,1.088,0.7,3.8,3.9,17.5,1.9,1.088,13,8,0,0,8
8.0,14,isocontour,11.283791670955125,46389.22,97.62,4.1,-15.3,1.218,0.9,0.3,0.9,4.1,-15.3,1.209,14,6,0,0,6
8.0,15,isocontour,11.283791670955125,46196.73,97.22,18.3,12.0,0.842,0.2,-3.0,3.0,18.3,12.0,0.827,15,5,0,0,5
8.0,16,isocontour,11.283791670955125,47432.02,99.81,-21.5,21.3,0.51,0.6,0.7,0.9,-21.5,21.3,0.504,16,0,0,0,0
8.0,17,isocontour,11.283791670955125,46233.66,97.29,19.5,12.2,0.785,-1.3,-2.6,2.9,19.5,12.2,0.768,17,5,0,0,5
8.0,18,isocontour,11.283791670955125,47414.67,99.78,3.4,24.3,0.716,0.6,0.7,0.9,3.4,24.3,0.712,18,0,0,0,0
8.0,19,isocontour,11.283791670955125,46359.8,97.56,-8.5,4.6,1.804,-1.9,-0.8,2.1,-8.5,4.6,1.81,19,6,0,0,6
8.0,20,isocontour,11.283791670955125,46457.8,97.76,3.7,-12.5,1.454,2.0,-1.0,2.2,3.7,-12.5,1.461,20,6,0,0,6
8.0,21,isocontour,11.283791670955125,46492.07,97.84,5.4,-15.9,1.147,2.3,-0.3,2.3,5.4,-15.9,1.147,21,6,0,0,6
8.0,22,isocontour,11.283791670955125,47125.58,99.17,-13.8,-0.6,1.383,0.2,2.0,2.0,-13.8,-0.6,1.376,22,6,0,0,6
8.0,23,isocontour,11.283791670955125,46793.53,98.47,-7.3,3.7,1.999,-2.0,-0.1,2.0,-7.3,3.7,2.015,23,6,0,0,6
8.0,24,isocontour,11.283791670955125,46521.58,97.9,8.3,-15.5,1.095,-1.1,0.6,1.3,8.3,-15.5,1.083,24,6,0,0,6
8.0,25,isocontour,11.283791670955125,46415.71,97.68,-14.8,-0.7,1.293,0.5,-0.8,0.9,-14.8,-0.7,1.284,25,6,0,0,6
8.0,Target,,,,,0.0,0.0,3.921,0.0,0.0,,,,,,,,,
8.1,1,isocontour,11.283791670955125,46348.73,97.54,18.2,-4.9,1.017,-0.1,-0.6,0.6,17.3,1.1,1.108,9,6,0,0,6
8.1,2,isocontour,11.283791670955125,46088.31,96.99,17.8,6.6,1.007,-1.3,3.3,3.5,17.3,1.1,1.108,9,8,0,0,8
8.1,3,isocontour,11.283791670955125,46272.23,97.37,17.9,1.2,1.076,1.5,2.3,2.7,17.3,1.1,1.108,9,7,0,0,7
8.1,4,isocontour,11.283791670955125,46605.18,98.07,18.0,5.8,1.011,0.7,0.6,0.9,17.3,1.1,1.108,9,8,0,0,8
8.1,5,isocontour,11.283791670955125,46363.85,97.57,18.0,2.5,1.061,1.2,2.0,2.3,17.3,1.1,1.108,9,8,0,0,8
8.1,6,isocontour,11.283791670955125,46349.59,97.54,3.7,-14.8,1.267,0.8,-0.4,0.9,2.9,-11.7,1.548,10,6,0,0,6
8.1,7,isocontour,11.283791670955125,46090.1,96.99,-8.2,4.2,1.876,-2.2,-1.3,2.6,-7.3,3.7,2.015,23,6,0,0,6
8.1,8,isocontour,11.283791670955125,46524.62,97.91,3.5,-13.3,1.391,0.4,-0.8,0.9,2.9,-11.7,1.548,10,6,0,0,6
8.1,9,isocontour,11.283791670955125,46985.78,98.88,17.1,1.2,1.127,-2.3,1.4,2.7,17.1,1.2,1.108,9,7,0,0,7
8.1,10,isocontour,11.283791670955125,46837.1,98.56,2.9,-11.8,1.541,0.2,-1.2,1.2,2.9,-11.8,1.548,10,6,0,0,6
8.1,11,isocontour,11.283791670955125,46669.1,98.21,-14.5,-1.1,1.325,0.2,-0.8,0.8,-7.3,3.7,2.015,23,6,0,0,6
8.1,12,isocontour,11.283791670955125,46670.29,98.21,-14.4,-0.3,1.338,-0.7,-0.6,0.9,-7.3,3.7,2.015,23,6,0,0,6
8.1,13,isocontour,11.283791670955125,46503.65,97.86,17.5,2.1,1.093,-0.1,2.5,2.5,17.3,1.1,1.108,9,8,0,0,8
8.1,14,isocontour,11.283791670955125,46366.72,97.57,4.3,-15.3,1.217,2.5,-0.5,2.5,2.9,-11.7,1.548,10,6,0,0,6
8.1,15,isocontour,11.283791670955125,46184.99,97.19,18.4,11.8,0.851,0.8,-1.9,2.1,17.3,1.1,1.108,9,7,0,0,7
8.1,16,isocontour,11.283791670955125,47430.92,99.81,-21.5,21.2,0.515,-0.7,-0.6,0.9,-21.5,21.2,0.51,16,0,0,0,0
8.1,17,isocontour,11.283791670955125,46231.05,97.29,19.5,12.0,0.797,-0.1,-1.3,1.3,17.5,1.9,1.088,13,5,0,0,5
8.1,18,isocontour,11.283791670955125,47413.57,99.78,3.5,24.3,0.721,0.9,-0.1,0.9,3.5,24.3,0.716,18,0,0,0,0
8.1,19,isocontour,11.283791670955125,46332.63,97.5,-8.7,4.4,1.8,-1.9,-2.0,2.8,-7.3,3.7,2.015,23,6,0,0,6
8.1,20,isocontour,11.283791670955125,46453.92,97.76,3.7,-12.6,1.448,0.0,-1.4,1.4,2.9,-11.7,1.548,10,6,0,0,6
8.1,21,isocontour,11.283791670955125,46489.57,97.83,5.5,-15.8,1.156,0.9,0.9,1.3,2.9,-11.7,1.548,10,6,0,0,6
8.1,22,isocontour,11.283791670955125,47117.01,99.15,-13.9,-0.5,1.379,-1.6,0.9,1.8,-7.3,3.7,2.015,23,6,0,0,6
8.1,23,isocontour,11.283791670955125,46791.96,98.47,-7.4,3.6,2.001,-0.6,-0.9,1.1,-7.4,3.6,2.015,23,6,0,0,6
8.1,24,isocontour,11.283791670955125,46519.32,97.89,8.1,-15.4,1.108,-1.2,0.3,1.2,2.9,-11.7,1.548,10,6,0,0,6
8.1,25,isocontour,11.283791670955125,46413.86,97.67,-14.9,-0.7,1.294,-1.0,0.5,1.1,-7.3,3.7,2.015,23,6,0,0,6
8.1,Target,,,,,0.0,0.0,3.929,0.0,0.0,,,,,,,,,
8.2,1,isocontour,11.283791670955125,46344.0,97.53,18.2,-4.7,1.028,-0.6,1.4,1.5,17.1,1.2,1.127,9,5,0,0,5
8.2,2,isocontour,11.283791670955125,46068.06,96.94,17.8,6.9,1.009,-0.1,2.5,2.5,17.1,1.2,1.127,9,7,0,0,7
8.2,3,isocontour,11.283791670955125,46271.02,97.37,17.9,1.3,1.081,-0.1,1.0,1.0,17.1,1.2,1.127,9,8,0,0,8
8.2,4,isocontour,11.283791670955125,46510.4,97.88,18.0,6.2,1.011,-0.1,4.2,4.2,17.1,1.2,1.127,9,8,0,0,8
8.2,5,isocontour,11.283791670955125,46362.1,97.56,18.0,2.6,1.062,0.5,1.0,1.1,17.1,1.2,1.127,9,8,0,0,8
8.2,6,isocontour,11.283791670955125,46348.52,97.53,3.8,-14.9,1.269,0.8,-0.4,0.9,2.9,-11.7,1.548,10,6,0,0,6
8.2,7,isocontour,11.283791670955125,46070.32,96.95,-8.3,4.0,1.88,-1.1,-2.2,2.5,-7.3,3.7,2.015,23,6,0,0,6
8.2,8,isocontour,11.283791670955125,46522.47,97.9,3.6,-13.4,1.388,0.4,-1.1,1.2,2.9,-11.7,1.548,10,6,0,0,6
8.2,9,isocontour,11.283791670955125,46984.5,98.87,17.1,1.3,1.132,0.6,0.8,1.0,17.1,1.3,1.127,9,8,0,0,8
8.2,10,isocontour,11.283791670955125,46817.09,98.52,3.1,-12.0,1.531,2.1,-1.3,2.5,2.9,-11.7,1.548,10,6,0,0,6
8.2,11,isocontour,11.283791670955125,46668.34,98.21,-14.5,-1.2,1.333,0.3,-0.8,0.9,-7.3,3.7,2.015,23,6,0,0,6
8.2,12,isocontour,11.283791670955125,46642.53,98.15,-14.6,-0.4,1.328,-2.2,-1.7,2.8,-7.3,3.7,2.015,23,6,0,0,6
8.2,13,isocontour,11.283791670955125,46503.13,97.86,17.6,2.2,1.097,0.3,0.6,0.7,17.1,1.2,1.127,9,8,0,0,8
8.2,14,isocontour,11.283791670955125,46342.65,97.52,4.5,-15.3,1.221,2.6,0.6,2.7,2.9,-11.7,1.548,10,6,0,0,6
8.2,15,isocontour,11.283791670955125,46160.09,97.14,18.3,11.5,0.867,-1.1,-2.5,2.7,17.1,1.2,1.127,9,7,0,0,7
8.2,16,isocontour,11.283791670955125,47429.82,99.81,-21.6,21.2,0.52,-0.9,-0.2,0.9,-21.6,21.2,0.515,16,0,0,0,0
8.2,17,isocontour,11.283791670955125,46218.63,97.26,19.4,11.9,0.812,-1.4,-1.7,2.2,17.1,1.2,1.127,9,7,0,0,7
8.2,18,isocontour,11.283791670955125,47412.47,99.77,3.4,24.3,0.728,-0.9,0.0,0.9,3.4,24.3,0.721,18,0,0,0,0
8.2,19,isocontour,11.283791670955125,46324.72,97.48,-8.9,4.3,1.793,-1.7,-0.6,1.8,-7.3,3.7,2.015,23,6,0,0,6
8.2,20,isocontour,11.283791670955125,46438.71,97.72,3.8,-12.8,1.436,0.7,-2.2,2.3,2.9,-11.7,1.548,10,6,0,0,6
8.2,21,isocontour,11.283791670955125,46463.84,97.78,5.7,-15.8,1.162,2.7,0.6,2.8,2.9,-11.7,1.548,10,6,0,0,6
8.2,22,isocontour,11.283791670955125,47116.99,99.15,-13.9,-0.5,1.385,0.2,-0.2,0.3,-7.3,3.7,2.015,23,6,0,0,6
8.2,23,isocontour,11.283791670955125,46784.68,98.45,-7.5,3.4,2.005,-0.9,-1.5,1.7,-7.3,3.7,2.015,23,6,0,0,6
8.2,24,isocontour,11.283791670955125,46518.93,97.89,8.2,-15.5,1.112,0.6,-0.3,0.7,2.9,-11.7,1.548,10,6,0,0,6
8.2,25,isocontour,11.283791670955125,46413.04,97.67,-14.9,-0.7,1.301,0.3,-0.8,0.9,-7.3,3.7,2.015,23,6,0,0,6
8.2,Target,,,,,0.0,0.0,3.936,0.0,0.0,,,,,,,,,
8.3,1,isocontour,11.283791670955125,46341.62,97.52,18.2,-4.6,1.037,-0.0,1.2,1.2,17.1,1.3,1.132,9,5,0,0,5
8.3,2,isocontour,11.283791670955125,46053.05,96.91,17.8,7.1,1.009,0.2,2.3,2.3,17.1,1.3,1.132,9,7,0,0,7
8.3,3,isocontour,11.283791670955125,46246.95,97.32,17.8,1.5,1.092,-1.0,2.5,2.7,17.1,1.3,1.132,9,8,0,0,8
8.3,4,isocontour,11.283791670955125,46503.0,97.86,17.9,6.4,1.019,-1.2,1.4,1.8,17.1,1.3,1.132,9,8,0,0,8
8.3,5,isocontour,11.283791670955125,46360.26,97.56,18.0,2.7,1.071,-0.7,0.9,1.1,17.1,1.3,1.132,9,8,0,0,8
8.3,6,isocontour,11.283791670955125,46323.9,97.48,4.1,-14.9,1.27,2.7,0.0,2.7,2.9,-11.7,1.548,10,6,0,0,6
8.3,7,isocontour,11.283791670955125,46046.52,96.9,-8.4,3.7,1.88,-1.7,-2.1,2.7,-7.3,3.7,2.015,23,6,0,0,6
8.3,8,isocontour,11.283791670955125,46520.58,97.9,3.6,-13.5,1.385,0.5,-1.0,1.1,2.9,-11.7,1.548,10,6,0,0,6
8.3,9,isocontour,11.283791670955125,46983.65,98.87,17.2,1.4,1.136,0.3,0.8,0.9,17.2,1.4,1.132,9,8,0,0,8
8.3,10,isocontour,11.283791670955125,46815.04,98.52,3.1,-12.1,1.525,0.1,-1.2,1.2,2.9,-11.7,1.548,10,6,0,0,6
8.3,11,isocontour,11.283791670955125,46637.51,98.14,-14.5,-0.9,1.337,-0.6,2.8,2.9,-7.3,3.7,2.015,23,6,0,0,6
8.3,12,isocontour,11.283791670955125,46640.73,98.15,-14.6,-0.4,1.334,0.3,1.1,1.1,-7.3,3.7,2.015,23,6,0,0,6
8.3,13,isocontour,11.283791670955125,46502.61,97.86,17.6,2.3,1.103,-0.1,0.7,0.7,17.1,1.3,1.132,9,8,0,0,8
8.3,14,isocontour,11.283791670955125,46318.57,97.47,4.8,-15.3,1.221,2.6,-0.3,2.6,2.9,-11.7,1.548,10,6,0,0,6
8.3,15,isocontour,11.283791670955125,46123.53,97.06,18.2,11.2,0.885,-0.6,-3.0,3.1,17.1,1.3,1.132,9,7,0,0,7
8.3,16,isocontour,11.283791670955125,47428.72,99.81,-21.7,21.3,0.522,-0.6,0.7,0.9,-21.7,21.3,0.52,16,0,0,0,0
8.3,17,isocontour,11.283791670955125,46188.11,97.2,19.2,11.6,0.829,-1.4,-2.5,2.9,17.1,1.3,1.132,9,7,0,0,7
8.3,18,isocontour,11.283791670955125,47411.37,99.77,3.3,24.3,0.734,-0.9,-0.0,0.9,3.3,24.3,0.728,18,0,0,0,0
8.3,19,isocontour,11.283791670955125,46299.27,97.43,-9.1,4.1,1.794,-1.5,-2.3,2.7,-7.3,3.7,2.015,23,6,0,0,6
8.3,20,isocontour,11.283791670955125,46434.99,97.72,3.8,-13.0,1.428,0.1,-1.4,1.4,2.9,-11.7,1.548,10,6,0,0,6
8.3,21,isocontour,11.283791670955125,46440.03,97.73,6.0,-15.7,1.164,2.6,0.2,2.6,2.9,-11.7,1.548,10,6,0,0,6
8.3,22,isocontour,11.283791670955125,47111.28,99.14,-14.1,-0.5,1.38,-1.6,0.5,1.7,-7.3,3.7,2.015,23,6,0,0,6
8.3,23,isocontour,11.283791670955125,46781.33,98.45,-7.5,3.3,2.01,-0.7,-1.2,1.4,-7.3,3.7,2.015,23,6,0,0,6
8.3,24,isocontour,11.283791670955125,46518.54,97.89,8.2,-15.5,1.115,0.6,-0.3,0.7,2.9,-11.7,1.548,10,6,0,0,6
8.3,25,isocontour,11.283791670955125,46395.97,97.63,-15.0,-0.9,1.3,-1.0,-2.2,2.4,-7.3,3.7,2.015,23,6,0,0,6
8.3,Target,,,,,0.0,0.0,3.943,0.0,0.0,,,,,,,,,
8.4,1,isocontour,11.283791670955125,46309.5,97.45,18.1,-4.4,1.051,-0.8,2.8,2.9,17.2,1.4,1.136,9,5,0,0,5
8.4,2,isocontour,11.283791670955125,46037.23,96.88,17.7,7.3,1.016,-1.1,2.0,2.3,17.2,1.4,1.136,9,7,0,0,7
8.4,3,isocontour,11.283791670955125,46219.19,97.26,17.8,1.8,1.099,-0.3,2.8,2.8,17.2,1.4,1.136,9,8,0,0,8
8.4,4,isocontour,11.283791670955125,46482.01,97.82,17.9,6.6,1.023,-0.3,2.5,2.5,17.2,1.4,1.136,9,8,0,0,8
8.4,5,isocontour,11.283791670955125,46277.08,97.38,18.1,3.0,1.069,1.1,3.9,4.1,17.2,1.4,1.136,9,8,0,0,8
8.4,6,isocontour,11.283791670955125,46323.17,97.48,4.2,-14.9,1.274,0.8,0.0,0.8,2.9,-11.7,1.548,10,6,0,0,6
8.4,7,isocontour,11.283791670955125,46040.16,96.89,-8.5,3.6,1.888,-0.5,-1.6,1.7,-7.3,3.7,2.015,23,6,0,0,6
8.4,8,isocontour,11.283791670955125,46520.07,97.9,3.7,-13.6,1.386,0.6,-0.4,0.7,2.9,-11.7,1.548,10,6,0,0,6
8.4,9,isocontour,11.283791670955125,46982.81,98.87,17.2,1.5,1.14,0.3,0.8,0.9,17.2,1.5,1.136,9,8,0,0,8
8.4,10,isocontour,11.283791670955125,46796.2,98.48,3.3,-12.2,1.515,2.1,-1.3,2.5,2.9,-11.7,1.548,10,6,0,0,6
8.4,11,isocontour,11.283791670955125,46634.44,98.14,-14.6,-1.0,1.339,-0.5,-1.2,1.3,-7.3,3.7,2.015,23,6,0,0,6
8.4,12,isocontour,11.283791670955125,46619.0,98.1,-14.8,-0.4,1.324,-2.3,-1.1,2.5,-7.3,3.7,2.015,23,6,0,0,6
8.4,13,isocontour,11.283791670955125,46502.2,97.86,17.6,2.4,1.109,0.0,0.7,0.7,17.2,1.4,1.136,9,8,0,0,8
8.4,14,isocontour,11.283791670955125,46316.91,97.47,4.9,-15.4,1.221,1.0,-0.5,1.1,2.9,-11.7,1.548,10,6,0,0,6
8.4,15,isocontour,11.283791670955125,46085.89,96.98,18.2,10.9,0.901,-0.5,-3.0,3.0,17.2,1.4,1.136,9,7,0,0,7
8.4,16,isocontour,11.283791670955125,47427.62,99.81,-21.8,21.3,0.525,-0.7,0.7,1.0,-21.8,21.3,0.522,16,0,0,0,0
8.4,17,isocontour,11.283791670955125,46153.65,97.12,19.2,11.3,0.844,-0.2,-3.0,3.0,17.2,1.4,1.136,9,7,0,0,7
8.4,18,isocontour,11.283791670955125,47410.27,99.77,3.2,24.3,0.74,-0.9,0.2,0.9,3.2,24.3,0.734,18,0,0,0,0
8.4,19,isocontour,11.283791670955125,46283.04,97.4,-9.2,3.9,1.801,-0.8,-2.2,2.3,-7.3,3.7,2.015,23,6,0,0,6
8.4,20,isocontour,11.283791670955125,46424.06,97.69,4.0,-13.0,1.424,1.9,-0.6,2.0,2.9,-11.7,1.548,10,6,0,0,6
8.4,21,isocontour,11.283791670955125,46438.83,97.72,6.1,-15.7,1.166,1.0,-0.2,1.0,2.9,-11.7,1.548,10,6,0,0,6
8.4,22,isocontour,11.283791670955125,47104.0,99.12,-14.0,-0.6,1.387,0.4,-1.7,1.7,-7.3,3.7,2.015,23,6,0,0,6
8.4,23,isocontour,11.283791670955125,46774.17,98.43,-7.6,3.2,2.013,-1.0,-1.5,1.8,-7.3,3.7,2.015,23,6,0,0,6
8.4,24,isocontour,11.283791670955125,46517.64,97.89,8.2,-15.6,1.118,-0.5,-0.8,0.9,2.9,-11.7,1.548,10,6,0,0,6
8.4,25,isocontour,11.283791670955125,46387.27,97.62,-15.2,-1.0,1.294,-1.7,-0.9,1.9,-7.3,3.7,2.015,23,6,0,0,6
8.4,Target,,,,,0.0,0.0,3.95,0.0,0.0,,,,,,,,,
8.5,1,isocontour,11.283791670955125,46303.26,97.44,18.0,-4.2,1.064,-0.8,1.5,1.7,17.2,1.5,1.14,9,5,0,0,5
8.5,2,isocontour,11.283791670955125,46012.34,96.83,17.7,7.6,1.019,-0.6,2.6,2.7,17.2,1.5,1.14,9,7,0,0,7
8.5,3,isocontour,11.283791670955125,46218.28,97.26,17.7,1.9,1.106,-0.3,0.8,0.9,17.2,1.5,1.14,9,8,0,0,8
8.5,4,isocontour,11.283791670955125,46481.4,97.81,17.9,6.7,1.026,0.3,0.7,0.8,17.2,1.5,1.14,9,8,0,0,8
8.5,5,isocontour,11.283791670955125,46254.58,97.34,18.1,3.3,1.073,-0.5,2.5,2.5,17.2,1.5,1.14,9,8,0,0,8
8.5,6,isocontour,11.283791670955125,46322.1,97.48,4.2,-14.9,1.276,0.8,-0.5,0.9,2.9,-11.7,1.548,10,6,0,0,6
8.5,7,isocontour,11.283791670955125,46024.55,96.85,-8.6,3.4,1.891,-1.1,-2.0,2.3,-7.3,3.7,2.015,23,6,0,0,6
8.5,8,isocontour,11.283791670955125,46518.37,97.89,3.7,-13.7,1.383,0.5,-1.0,1.1,2.9,-11.7,1.548,10,6,0,0,6
8.5,9,isocontour,11.283791670955125,46981.77,98.87,17.2,1.5,1.143,0.4,0.8,0.9,17.2,1.5,1.14,9,8,0,0,8
8.5,10,isocontour,11.283791670955125,46792.23,98.47,3.3,-12.4,1.507,0.2,-1.4,1.4,2.9,-11.7,1.548,10,6,0,0,6
8.5,11,isocontour,11.283791670955125,46629.03,98.13,-14.7,-1.0,1.334,-1.6,0.3,1.6,-7.3,3.7,2.015,23,6,0,0,6
8.5,12,isocontour,11.283791670955125,46617.68,98.1,-14.9,-0.5,1.321,-0.9,-0.5,1.0,-7.3,3.7,2.015,23,6,0,0,6
8.5,13,isocontour,11.283791670955125,46500.4,97.85,17.5,2.5,1.117,-0.6,1.0,1.2,17.2,1.5,1.14,9,8,0,0,8
8.5,14,isocontour,11.283791670955125,46293.1,97.42,5.2,-15.4,1.219,2.6,-0.3,2.6,2.9,-11.7,1.548,10,6,0,0,6
8.5,15,isocontour,11.283791670955125,46081.68,96.97,18.1,10.8,0.914,-0.6,-1.3,1.4,17.2,1.5,1.14,9,7,0,0,7
8.5,16,isocontour,11.283791670955125,47426.52,99.8,-21.8,21.3,0.529,-0.7,-0.7,1.0,-21.8,21.3,0.525,16,0,0,0,0
8.5,17,isocontour,11.283791670955125,46121.53,97.06,19.2,11.1,0.858,-0.1,-2.9,2.9,17.2,1.5,1.14,9,7,0,0,7
8.5,18,isocontour,11.283791670955125,47409.17,99.77,3.3,24.3,0.745,0.9,-0.1,0.9,3.3,24.3,0.74,18,0,0,0,0
8.5,19,isocontour,11.283791670955125,46282.38,97.4,-9.2,3.8,1.805,-0.5,-0.6,0.8,-7.3,3.7,2.015,23,6,0,0,6
8.5,20,isocontour,11.283791670955125,46422.66,97.69,4.0,-13.1,1.421,0.2,-1.0,1.0,2.9,-11.7,1.548,10,6,0,0,6
8.5,21,isocontour,11.283791670955125,46437.62,97.72,6.2,-15.7,1.173,0.8,0.6,1.0,2.9,-11.7,1.548,10,6,0,0,6
8.5,22,isocontour,11.283791670955125,47100.28,99.12,-14.2,-0.6,1.384,-1.3,0.6,1.4,-7.3,3.7,2.015,23,6,0,0,6
8.5,23,isocontour,11.283791670955125,46765.6,98.41,-7.8,3.2,1.998,-1.9,0.2,1.9,-7.3,3.7,2.015,23,6,0,0,6
8.5,24,isocontour,11.283791670955125,46517.17,97.89,8.2,-15.6,1.121,0.7,0.0,0.7,2.9,-11.7,1.548,10,6,0,0,6
8.5,25,isocontour,11.283791670955125,46378.97,97.6,-15.3,-1.1,1.286,-1.6,-0.9,1.8,-7.3,3.7,2.015,23,6,0,0,6
8.5,Target,,,,,0.0,0.0,3.956,0.0,0.0,,,,,,,,,
8.6,1,isocontour,11.283791670955125,46274.9,97.38,17.9,-3.9,1.079,-0.9,2.7,2.8,17.2,1.5,1.143,9,5,0,0,5
8.6,2,isocontour,11.283791670955125,46007.78,96.82,17.6,7.7,1.024,-0.5,1.4,1.5,17.2,1.5,1.143,9,7,0,0,7
8.6,3,isocontour,11.283791670955125,46214.79,97.25,17.7,2.0,1.116,-0.9,1.1,1.4,17.2,1.5,1.143,9,8,0,0,8
8.6,4,isocontour,11.283791670955125,46480.0,97.81,17.9,6.8,1.032,-0.6,0.8,1.0,17.2,1.5,1.143,9,8,0,0,8
8.6,5,isocontour,11.283791670955125,46252.84,97.33,18.1,3.4,1.076,0.5,1.0,1.1,17.2,1.5,1.143,9,8,0,0,8
8.6,6,isocontour,11.283791670955125,46297.75,97.43,4.5,-14.9,1.274,2.7,-0.3,2.7,2.9,-11.7,1.548,10,6,0,0,6
8.6,7,isocontour,11.283791670955125,46018.94,96.84,-8.8,3.3,1.881,-1.6,-0.1,1.6,-7.3,3.7,2.015,23,6,0,0,6
8.6,8,isocontour,11.283791670955125,46506.12,97.87,3.9,-13.7,1.383,2.1,-0.1,2.1,2.9,-11.7,1.548,10,6,0,0,6
8.6,9,isocontour,11.283791670955125,46961.28,98.82,17.2,1.8,1.149,-0.3,2.5,2.5,17.2,1.8,1.143,9,8,0,0,8
8.6,10,isocontour,11.283791670955125,46790.71,98.47,3.4,-12.5,1.503,0.2,-1.0,1.0,2.9,-11.7,1.548,10,6,0,0,6
8.6,11,isocontour,11.283791670955125,46628.13,98.12,-14.8,-1.0,1.332,-0.9,0.1,0.9,-7.3,3.7,2.015,23,6,0,0,6
8.6,12,isocontour,11.283791670955125,46612.38,98.09,-15.0,-0.6,1.316,-1.5,-0.6,1.6,-7.3,3.7,2.015,23,6,0,0,6
8.6,13,isocontour,11.283791670955125,46479.67,97.81,17.5,2.7,1.121,-0.0,2.5,2.5,17.2,1.5,1.143,9,8,0,0,8
8.6,14,isocontour,11.283791670955125,46292.39,97.42,5.3,-15.4,1.222,0.8,-0.1,0.8,2.9,-11.7,1.548,10,6,0,0,6
8.6,15,isocontour,11.283791670955125,46078.03,96.97,18.0,10.6,0.926,-0.5,-1.3,1.4,17.2,1.5,1.143,9,7,0,0,7
8.6,16,isocontour,11.283791670955125,47425.42,99.8,-21.9,21.3,0.532,-0.6,0.7,0.9,-21.9,21.3,0.529,16,0,0,0,0
8.6,17,isocontour,11.283791670955125,46083.15,96.98,19.1,10.8,0.874,-0.8,-3.0,3.1,17.2,1.5,1.143,9,7,0,0,7
8.6,18,isocontour,11.283791670955125,47408.07,99.76,3.4,24.4,0.749,0.9,0.3,0.9,3.4,24.4,0.745,18,0,0,0,0
8.6,19,isocontour,11.283791670955125,46258.3,97.34,-9.4,3.6,1.802,-1.8,-2.0,2.7,-7.3,3.7,2.015,23,6,0,0,6
8.6,20,isocontour,11.283791670955125,46416.95,97.68,4.1,-13.3,1.414,0.3,-1.6,1.6,2.9,-11.7,1.548,10,6,0,0,6
8.6,21,isocontour,11.283791670955125,46417.84,97.68,6.4,-15.7,1.172,2.5,-0.2,2.5,2.9,-11.7,1.548,10,6,0,0,6
8.6,22,isocontour,11.283791670955125,47094.87,99.11,-14.3,-0.5,1.377,-1.5,0.5,1.6,-7.3,3.7,2.015,23,6,0,0,6
8.6,23,isocontour,11.283791670955125,46749.78,98.38,-8.0,3.0,1.99,-1.6,-1.6,2.3,-7.3,3.7,2.015,23,6,0,0,6
8.6,24,isocontour,11.283791670955125,46514.91,97.88,8.2,-15.5,1.132,-1.2,0.3,1.2,2.9,-11.7,1.548,10,6,0,0,6
8.6,25,isocontour,11.283791670955125,46378.21,97.6,-15.3,-1.2,1.291,0.2,-0.8,0.8,-7.3,3.7,2.015,23,6,0,0,6
8.6,Target,,,,,0.0,0.0,3.963,0.0,0.0,,,,,,,,,
8.7,1,isocontour,11.283791670955125,46236.53,97.3,17.9,-3.6,1.089,-0.1,3.1,3.1,17.2,1.8,1.149,9,5,0,0,5
8.7,2,isocontour,11.283791670955125,46002.17,96.81,17.6,7.9,1.028,-0.5,1.6,1.7,17.2,1.8,1.149,9,7,0,0,7
8.7,3,isocontour,11.283791670955125,46154.41,97.13,17.8,2.3,1.113,1.2,3.4,3.6,17.2,1.8,1.149,9,8,0,0,8
8.7,4,isocontour,11.283791670955125,46459.75,97.77,17.9,7.0,1.032,0.3,2.5,2.5,17.2,1.8,1.149,9,8,0,0,8
8.7,5,isocontour,11.283791670955125,46231.85,97.29,18.1,3.6,1.078,0.1,2.5,2.5,17.2,1.8,1.149,9,8,0,0,8
8.7,6,isocontour,11.283791670955125,46277.26,97.38,4.7,-14.9,1.276,2.5,0.3,2.5,2.9,-11.7,1.548,10,6,0,0,6
8.7,7,isocontour,11.283791670955125,46006.35,96.81,-9.0,3.3,1.866,-2.1,-0.5,2.2,-7.3,3.7,2.015,23,6,0,0,6
8.7,8,isocontour,11.283791670955125,46497.82,97.85,4.0,-13.8,1.375,0.9,-1.6,1.8,2.9,-11.7,1.548,10,6,0,0,6
8.7,9,isocontour,11.283791670955125,46943.11,98.79,17.1,2.0,1.162,-1.5,1.9,2.4,17.1,2.0,1.149,9,8,0,0,8
8.7,10,isocontour,11.283791670955125,46771.17,98.42,3.5,-12.6,1.493,2.1,-1.3,2.5,2.9,-11.7,1.548,10,6,0,0,6
8.7,11,isocontour,11.283791670955125,46628.02,98.12,-14.9,-1.0,1.333,-0.4,-0.0,0.4,-7.3,3.7,2.015,23,6,0,0,6
8.7,12,isocontour,11.283791670955125,46606.24,98.08,-15.2,-0.5,1.311,-1.4,1.0,1.7,-7.3,3.7,2.015,23,6,0,0,6
8.7,13,isocontour,11.283791670955125,46479.08,97.81,17.5,2.8,1.124,0.3,0.7,0.8,17.2,1.8,1.149,9,8,0,0,8
8.7,14,isocontour,11.283791670955125,46291.63,97.42,5.4,-15.4,1.227,0.8,0.2,0.8,2.9,-11.7,1.548,10,6,0,0,6
8.7,15,isocontour,11.283791670955125,46069.05,96.95,18.1,10.5,0.934,0.7,-1.8,1.9,17.2,1.8,1.149,9,7,0,0,7
8.7,16,isocontour,11.283791670955125,47424.32,99.8,-22.0,21.4,0.534,-0.8,0.5,0.9,-22.0,21.4,0.532,16,0,0,0,0
8.7,17,isocontour,11.283791670955125,46078.86,96.97,19.0,10.6,0.887,-0.9,-1.2,1.5,17.2,1.8,1.149,9,7,0,0,7
8.7,18,isocontour,11.283791670955125,47406.97,99.76,3.3,24.4,0.755,-0.9,-0.2,0.9,3.3,24.4,0.749,18,0,0,0,0
8.7,19,isocontour,11.283791670955125,46234.76,97.3,-9.6,3.5,1.794,-2.0,-1.8,2.7,-7.3,3.7,2.015,23,6,0,0,6
8.7,20,isocontour,11.283791670955125,46384.17,97.61,4.3,-13.2,1.42,2.7,1.2,3.0,2.9,-11.7,1.548,10,6,0,0,6
8.7,21,isocontour,11.283791670955125,46398.54,97.64,6.6,-15.7,1.171,2.5,-0.1,2.5,2.9,-11.7,1.548,10,6,0,0,6
8.7,22,isocontour,11.283791670955125,47091.14,99.1,-14.4,-0.5,1.371,-1.4,0.2,1.4,-7.3,3.7,2.015,23,6,0,0,6
8.7,23,isocontour,11.283791670955125,46749.32,98.38,-8.0,3.0,1.988,-0.7,-0.2,0.7,-7.3,3.7,2.015,23,6,0,0,6
8.7,24,isocontour,11.283791670955125,46514.32,97.88,8.2,-15.5,1.137,0.7,0.3,0.8,2.9,-11.7,1.548,10,6,0,0,6
8.7,25,isocontour,11.283791670955125,46365.43,97.57,-15.4,-1.3,1.286,-1.6,-1.5,2.2,-7.3,3.7,2.015,23,6,0,0,6
8.7,Target,,,,,0.0,0.0,3.969,0.0,0.0,,,,,,,,,
8.8,1,isocontour,11.283791670955125,46198.15,97.22,17.9,-3.3,1.099,-0.1,3.1,3.1,17.1,2.0,1.162,9,5,0,0,5
8.8,2,isocontour,11.283791670955125,46001.07,96.8,17.6,8.0,1.029,0.7,0.6,0.9,17.1,2.0,1.162,9,7,0,0,7
8.8,3,isocontour,11.283791670955125,46150.76,97.12,17.9,2.3,1.111,1.2,-0.7,1.4,17.1,2.0,1.162,9,8,0,0,8
8.8,4,isocontour,11.283791670955125,46459.34,97.77,17.9,7.1,1.035,-0.0,0.7,0.7,17.1,2.0,1.162,9,8,0,0,8
8.8,5,isocontour,11.283791670955125,46209.36,97.24,18.1,3.9,1.081,-0.4,2.6,2.6,17.1,2.0,1.162,9,8,0,0,8
8.8,6,isocontour,11.283791670955125,46276.57,97.38,4.8,-14.9,1.28,0.8,0.1,0.8,2.9,-11.7,1.548,10,6,0,0,6
8.8,7,isocontour,11.283791670955125,46003.85,96.81,-9.1,3.3,1.857,-1.2,-0.1,1.2,-7.3,3.7,2.015,23,6,0,0,6
8.8,8,isocontour,11.283791670955125,46496.42,97.85,4.1,-13.9,1.371,0.5,-0.9,1.0,2.9,-11.7,1.548,10,6,0,0,6
8.8,9,isocontour,11.283791670955125,46917.94,98.73,17.1,2.2,1.166,0.2,2.7,2.7,17.1,2.2,1.162,9,8,0,0,8
8.8,10,isocontour,11.283791670955125,46769.27,98.42,3.6,-12.7,1.487,0.2,-1.1,1.1,2.9,-11.7,1.548,10,6,0,0,6
8.8,11,isocontour,11.283791670955125,46621.55,98.11,-15.0,-1.0,1.327,-1.6,-0.5,1.7,-7.3,3.7,2.015,23,6,0,0,6
8.8,12,isocontour,11.283791670955125,46582.44,98.03,-15.2,-0.7,1.312,-0.3,-2.6,2.6,-7.3,3.7,2.015,23,6,0,0,6
8.8,13,isocontour,11.283791670955125,46460.46,97.77,17.5,3.0,1.131,-0.7,2.3,2.4,17.1,2.0,1.162,9,8,0,0,8
8.8,14,isocontour,11.283791670955125,46268.35,97.37,5.6,-15.4,1.225,2.6,-0.2,2.6,2.9,-11.7,1.548,10,6,0,0,6
8.8,15,isocontour,11.283791670955125,46035.94,96.88,18.1,10.2,0.944,0.4,-2.9,2.9,17.1,2.0,1.162,9,7,0,0,7
8.8,16,isocontour,11.283791670955125,47423.22,99.8,-22.0,21.3,0.539,-0.1,-0.9,0.9,-22.0,21.3,0.534,16,0,0,0,0
8.8,17,isocontour,11.283791670955125,46071.57,96.95,19.0,10.4,0.896,0.3,-1.8,1.8,17.1,2.0,1.162,9,7,0,0,7
8.8,18,isocontour,11.283791670955125,47405.87,99.76,3.4,24.3,0.761,0.9,-0.3,0.9,3.4,24.3,0.755,18,0,0,0,0
8.8,19,isocontour,11.283791670955125,46217.04,97.26,-9.7,3.3,1.794,-1.1,-2.1,2.4,-7.3,3.7,2.015,23,6,0,0,6
8.8,20,isocontour,11.283791670955125,46363.68,97.57,4.5,-13.3,1.41,2.0,-1.6,2.6,2.9,-11.7,1.548,10,6,0,0,6
8.8,21,isocontour,11.283791670955125,46373.92,97.59,6.9,-15.7,1.173,2.5,0.8,2.6,2.9,-11.7,1.548,10,6,0,0,6
8.8,22,isocontour,11.283791670955125,47074.5,99.06,-14.6,-0.7,1.363,-1.6,-1.7,2.3,-7.3,3.7,2.015,23,6,0,0,6
8.8,23,isocontour,11.283791670955125,46734.11,98.35,-8.3,3.0,1.97,-2.3,-0.2,2.3,-7.3,3.7,2.015,23,6,0,0,6
8.8,24,isocontour,11.283791670955125,46513.92,97.88,8.3,-15.5,1.14,0.7,-0.2,0.7,2.9,-11.7,1.548,10,6,0,0,6
8.8,25,isocontour,11.283791670955125,46364.64,97.57,-15.4,-1.4,1.291,0.3,-0.8,0.9,-7.3,3.7,2.015,23,6,0,0,6
8.8,Target,,,,,0.0,0.0,3.975,0.0,0.0,,,,,,,,,
8.9,1,isocontour,11.283791670955125,46160.15,97.14,17.9,-3.0,1.107,0.1,3.1,3.1,17.1,2.2,1.166,9,5,0,0,5
8.9,2,isocontour,11.283791670955125,45998.4,96.8,17.7,8.0,1.027,1.1,0.7,1.3,17.1,2.2,1.166,9,8,0,0,8
8.9,3,isocontour,11.283791670955125,46149.73,97.12,17.9,2.4,1.115,-0.1,0.9,0.9,17.1,2.2,1.166,9,8,0,0,8
8.9,4,isocontour,11.283791670955125,46454.04,97.76,17.9,7.2,1.033,0.9,1.3,1.6,17.1,2.2,1.166,9,8,0,0,8
8.9,5,isocontour,11.283791670955125,46187.37,97.2,18.1,4.1,1.084,-0.1,2.6,2.6,17.1,2.2,1.166,9,8,0,0,8
8.9,6,isocontour,11.283791670955125,46275.99,97.38,4.9,-14.9,1.282,0.7,-0.2,0.7,2.9,-11.7,1.548,10,6,0,0,6
8.9,7,isocontour,11.283791670955125,46002.53,96.81,-9.2,3.3,1.852,-1.0,-0.2,1.0,-7.3,3.7,2.015,23,6,0,0,6
8.9,8,isocontour,11.283791670955125,46493.29,97.84,4.2,-14.0,1.366,0.7,-1.1,1.3,2.9,-11.7,1.548,10,6,0,0,6
8.9,9,isocontour,11.283791670955125,46916.0,98.73,17.1,2.3,1.165,0.7,0.9,1.1,17.1,2.3,1.166,9,8,0,0,8
8.9,10,isocontour,11.283791670955125,46768.03,98.42,3.7,-12.7,1.488,1.0,-0.1,1.0,2.9,-11.7,1.548,10,6,0,0,6
8.9,11,isocontour,11.283791670955125,46613.51,98.09,-15.2,-1.1,1.319,-1.5,-1.1,1.9,-7.3,3.7,2.015,23,6,0,0,6
8.9,12,isocontour,11.283791670955125,46578.05,98.02,-15.3,-0.7,1.308,-1.3,0.7,1.5,-7.3,3.7,2.015,23,6,0,0,6
8.9,13,isocontour,11.283791670955125,46459.46,97.77,17.5,3.1,1.133,0.5,0.8,0.9,17.1,2.2,1.166,9,8,0,0,8
8.9,14,isocontour,11.283791670955125,46244.55,97.32,5.9,-15.4,1.223,2.6,-0.1,2.6,2.9,-11.7,1.548,10,6,0,0,6
8.9,15,isocontour,11.283791670955125,46007.28,96.82,18.2,9.9,0.955,0.5,-2.8,2.8,17.1,2.2,1.166,9,7,0,0,7
8.9,16,isocontour,11.283791670955125,47422.12,99.79,-22.1,21.3,0.542,-0.8,0.5,0.9,-22.1,21.3,0.539,16,0,0,0,0
8.9,17,isocontour,11.283791670955125,46034.29,96.87,18.9,10.2,0.912,-1.2,-2.8,3.0,17.1,2.2,1.166,9,7,0,0,7
8.9,18,isocontour,11.283791670955125,47404.77,99.76,3.5,24.3,0.765,0.9,0.1,0.9,3.5,24.3,0.761,18,0,0,0,0
8.9,19,isocontour,11.283791670955125,46197.5,97.22,-9.8,3.0,1.792,-1.4,-2.1,2.5,-7.3,3.7,2.015,23,6,0,0,6
8.9,20,isocontour,11.283791670955125,46348.27,97.53,4.7,-13.4,1.401,2.1,-1.0,2.3,2.9,-11.7,1.548,10,6,0,0,6
8.9,21,isocontour,11.283791670955125,46350.37,97.54,7.2,-15.6,1.174,2.6,0.4,2.6,2.9,-11.7,1.548,10,6,0,0,6
8.9,22,isocontour,11.283791670955125,47071.63,99.06,-14.6,-0.6,1.367,0.0,1.3,1.3,-7.3,3.7,2.015,23,6,0,0,6
8.9,23,isocontour,11.283791670955125,46720.98,98.32,-8.4,2.8,1.964,-1.3,-1.7,2.1,-7.3,3.7,2.015,23,6,0,0,6
8.9,24,isocontour,11.283791670955125,46513.33,97.88,8.3,-15.5,1.145,0.7,0.3,0.8,2.9,-11.7,1.548,10,6,0,0,6
8.9,25,isocontour,11.283791670955125,46362.99,97.57,-15.4,-1.3,1.298,0.1,1.1,1.1,-7.3,3.7,2.015,23,6,0,0,6
8.9,Target,,,,,0.0,0.0,3.98,0.0,0.0,,,,,,,,,
9.0,1,isocontour,11.283791670955125,46122.14,97.06,17.9,-2.7,1.115,0.1,3.1,3.1,17.1,2.2,1.166,9,6,0,0,6
9.0,2,isocontour,11.283791670955125,45978.38,96.76,17.8,8.2,1.023,0.6,2.4,2.5,17.1,2.2,1.166,9,8,0,0,8
9.0,3,isocontour,11.283791670955125,46148.67,97.11,17.9,2.5,1.12,-0.2,0.9,0.9,17.1,2.2,1.166,9,8,0,0,8
9.0,4,isocontour,11.283791670955125,46453.57,97.76,18.0,7.3,1.034,0.2,0.7,0.7,17.1,2.2,1.166,9,8,0,0,8
9.0,5,isocontour,11.283791670955125,46181.77,97.18,18.1,4.3,1.083,0.8,1.4,1.6,17.1,2.2,1.166,9,8,0,0,8
9.0,6,isocontour,11.283791670955125,46275.02,97.38,5.0,-14.9,1.286,0.9,0.3,0.9,2.9,-11.7,1.548,10,6,0,0,6
9.0,7,isocontour,11.283791670955125,45994.75,96.79,-9.4,3.2,1.84,-1.8,-0.3,1.8,-7.3,3.7,2.015,23,6,0,0,6
9.0,8,isocontour,11.283791670955125,46470.79,97.79,4.4,-14.1,1.36,2.5,-0.7,2.6,2.9,-11.7,1.548,10,6,0,0,6
9.0,9,isocontour,11.283791670955125,46915.06,98.73,17.1,2.4,1.171,-0.3,0.8,0.9,17.1,2.2,1.166,9,8,0,0,8
9.0,10,isocontour,11.283791670955125,46754.54,98.39,3.8,-12.9,1.476,1.0,-1.9,2.1,2.9,-11.7,1.548,10,6,0,0,6
9.0,11,isocontour,11.283791670955125,46612.86,98.09,-15.3,-1.1,1.319,-0.6,0.5,0.8,-7.3,3.7,2.015,23,6,0,0,6
9.0,12,isocontour,11.283791670955125,46576.3,98.01,-15.4,-0.6,1.309,-0.5,1.0,1.1,-7.3,3.7,2.015,23,6,0,0,6
9.0,13,isocontour,11.283791670955125,46458.98,97.77,17.5,3.2,1.135,0.2,0.7,0.7,17.1,2.2,1.166,9,8,0,0,8
9.0,14,isocontour,11.283791670955125,46221.0,97.27,6.1,-15.4,1.221,2.6,-0.0,2.6,2.9,-11.7,1.548,10,6,0,0,6
9.0,15,isocontour,11.283791670955125,46003.4,96.81,18.2,9.7,0.962,0.3,-1.4,1.4,17.1,2.2,1.166,9,7,0,0,7
9.0,16,isocontour,11.283791670955125,47421.02,99.79,-22.0,21.4,0.546,0.7,0.6,0.9,-22.0,21.4,0.542,16,0,0,0,0
9.0,17,isocontour,11.283791670955125,46031.74,96.87,18.9,10.0,0.923,-0.5,-1.1,1.2,17.1,2.2,1.166,9,7,0,0,7
9.0,18,isocontour,11.283791670955125,47403.67,99.76,3.5,24.3,0.768,0.9,0.1,0.9,3.5,24.3,0.765,18,0,0,0,0
9.0,19,isocontour,11.283791670955125,46186.57,97.19,-9.9,2.9,1.795,-0.7,-1.9,2.0,-7.3,3.7,2.015,23,6,0,0,6
9.0,20,isocontour,11.283791670955125,46333.45,97.5,4.9,-13.5,1.393,2.1,-0.9,2.3,2.9,-11.7,1.548,10,6,0,0,6
9.0,21,isocontour,11.283791670955125,46349.79,97.54,7.3,-15.6,1.178,0.7,0.2,0.7,2.9,-11.7,1.548,10,6,0,0,6
9.0,22,isocontour,11.283791670955125,47055.2,99.02,-14.7,-0.7,1.362,-1.4,-1.9,2.4,-7.3,3.7,2.015,23,6,0,0,6
9.0,23,isocontour,11.283791670955125,46704.55,98.28,-8.6,2.7,1.956,-1.7,-1.6,2.3,-7.3,3.7,2.015,23,6,0,0,6
9.0,24,isocontour,11.283791670955125,46511.48,97.88,8.3,-15.5,1.151,-1.1,-0.2,1.1,2.9,-11.7,1.548,10,6,0,0,6
9.0,25,isocontour,11.283791670955125,46345.26,97.53,-15.5,-1.5,1.295,-1.1,-2.2,2.5,-7.3,3.7,2.015,23,6,0,0,6
9.0,Target,,,,,0.0,0.0,3.986,0.0,0.0,,,,,,,,,
9.1,1,isocontour,11.283791670955125,46119.76,97.05,17.9,-2.6,1.121,-0.0,1.2,1.2,17.1,2.4,1.171,9,6,0,0,6
9.1,2,isocontour,11.283791670955125,45959.99,96.72,17.8,8.5,1.019,0.5,2.4,2.5,17.1,2.4,1.171,9,8,0,0,8
9.1,3,isocontour,11.283791670955125,46120.01,97.05,17.8,2.7,1.125,-0.2,2.8,2.8,17.1,2.4,1.171,9,8,0,0,8
9.1,4,isocontour,11.283791670955125,46433.08,97.71,18.0,7.5,1.032,0.4,2.5,2.5,17.1,2.4,1.171,9,8,0,0,8
9.1,5,isocontour,11.283791670955125,46179.87,97.18,18.2,4.4,1.082,0.5,1.0,1.1,17.1,2.4,1.171,9,8,0,0,8
9.1,6,isocontour,11.283791670955125,46251.74,97.33,5.2,-14.9,1.284,2.6,-0.2,2.6,2.9,-11.7,1.548,10,6,0,0,6
9.1,7,isocontour,11.283791670955125,45990.95,96.78,-9.5,3.2,1.829,-1.4,-0.2,1.4,-7.3,3.7,2.015,23,6,0,0,6
9.1,8,isocontour,11.283791670955125,46453.51,97.76,4.6,-14.3,1.35,1.9,-1.5,2.4,2.9,-11.7,1.548,10,6,0,0,6
9.1,9,isocontour,11.283791670955125,46889.05,98.67,17.2,2.7,1.171,0.4,2.7,2.7,17.2,2.7,1.171,9,8,0,0,8
9.1,10,isocontour,11.283791670955125,46737.04,98.35,4.0,-13.0,1.467,2.2,-0.9,2.4,2.9,-11.7,1.548,10,6,0,0,6
9.1,11,isocontour,11.283791670955125,46598.8,98.06,-15.3,-1.3,1.317,-0.7,-2.1,2.2,-7.3,3.7,2.015,23,6,0,0,6
9.1,12,isocontour,11.283791670955125,46574.6,98.01,-15.4,-0.5,1.312,-0.3,1.0,1.0,-7.3,3.7,2.015,23,6,0,0,6
9.1,13,isocontour,11.283791670955125,46437.25,97.72,17.6,3.4,1.136,0.2,2.6,2.6,17.1,2.4,1.171,9,8,0,0,8
9.1,14,isocontour,11.283791670955125,46197.46,97.22,6.4,-15.4,1.219,2.6,0.1,2.6,2.9,-11.7,1.548,10,6,0,0,6
9.1,15,isocontour,11.283791670955125,45998.38,96.8,18.3,9.6,0.969,0.4,-1.5,1.6,17.1,2.4,1.171,9,7,0,0,7
9.1,16,isocontour,11.283791670955125,47419.92,99.79,-22.1,21.4,0.549,-0.9,-0.2,0.9,-22.1,21.4,0.546,16,0,0,0,0
9.1,17,isocontour,11.283791670955125,46021.75,96.85,18.9,9.8,0.932,0.3,-2.0,2.0,17.1,2.4,1.171,9,7,0,0,7
9.1,18,isocontour,11.283791670955125,47402.57,99.75,3.5,24.4,0.772,-0.8,0.4,0.9,3.5,24.4,0.768,18,0,0,0,0
9.1,19,isocontour,11.283791670955125,46166.08,97.15,-10.0,2.7,1.789,-1.6,-1.9,2.5,-7.3,3.7,2.015,23,6,0,0,6
9.1,20,isocontour,11.283791670955125,46312.47,97.46,5.1,-13.7,1.379,1.7,-1.9,2.5,2.9,-11.7,1.548,10,6,0,0,6
9.1,21,isocontour,11.283791670955125,46329.53,97.49,7.5,-15.6,1.176,2.5,-0.1,2.5,2.9,-11.7,1.548,10,6,0,0,6
9.1,22,isocontour,11.283791670955125,47050.82,99.01,-14.9,-0.7,1.355,-1.5,0.2,1.5,-7.3,3.7,2.015,23,6,0,0,6
9.1,23,isocontour,11.283791670955125,46703.38,98.28,-8.7,2.6,1.949,-1.0,0.1,1.0,-7.3,3.7,2.015,23,6,0,0,6
9.1,24,isocontour,11.283791670955125,46509.64,97.87,8.1,-15.5,1.158,-1.1,-0.2,1.1,2.9,-11.7,1.548,10,6,0,0,6
9.1,25,isocontour,11.283791670955125,46344.53,97.53,-15.6,-1.6,1.294,-0.6,-0.6,0.8,-7.3,3.7,2.015,23,6,0,0,6
9.1,Target,,,,,0.0,0.0,3.991,0.0,0.0,,,,,,,,,
9.2,1,isocontour,11.283791670955125,46117.33,97.05,17.9,-2.4,1.128,-0.1,1.2,1.2,17.1,2.4,1.171,9,6,0,0,6
9.2,2,isocontour,11.283791670955125,45938.26,96.67,18.0,8.7,1.011,1.4,2.2,2.6,17.1,2.4,1.171,9,8,0,0,8
9.2,3,isocontour,11.283791670955125,46118.91,97.05,17.9,2.8,1.127,0.2,0.9,0.9,17.1,2.4,1.171,9,8,0,0,8
9.2,4,isocontour,11.283791670955125,46412.1,97.67,18.0,7.8,1.03,-0.0,2.5,2.5,17.1,2.4,1.171,9,8,0,0,8
9.2,5,isocontour,11.283791670955125,46179.33,97.18,18.2,4.5,1.087,-0.3,0.7,0.8,17.1,2.4,1.171,9,8,0,0,8
9.2,6,isocontour,11.283791670955125,46229.76,97.28,5.5,-14.9,1.282,2.6,-0.1,2.6,2.9,-11.7,1.548,10,6,0,0,6
9.2,7,isocontour,11.283791670955125,45986.21,96.77,-9.7,3.2,1.818,-1.5,-0.2,1.5,-7.3,3.7,2.015,23,6,0,0,6
9.2,8,isocontour,11.283791670955125,46451.46,97.75,4.7,-14.4,1.345,0.7,-0.9,1.1,2.9,-11.7,1.548,10,6,0,0,6
9.2,9,isocontour,11.283791670955125,46864.15,98.62,17.2,2.9,1.172,0.2,2.7,2.7,17.2,2.9,1.171,9,8,0,0,8
9.2,10,isocontour,11.283791670955125,46732.39,98.34,4.1,-13.0,1.465,1.5,-0.1,1.5,2.9,-11.7,1.548,10,6,0,0,6
9.2,11,isocontour,11.283791670955125,46519.87,97.9,-15.3,-1.0,1.324,0.2,3.9,3.9,-7.3,3.7,2.015,23,6,0,0,6
9.2,12,isocontour,11.283791670955125,46573.92,98.01,-15.4,-0.5,1.316,-0.0,-0.8,0.8,-7.3,3.7,2.015,23,6,0,0,6
9.2,13,isocontour,11.283791670955125,46436.81,97.72,17.6,3.5,1.139,0.1,0.7,0.7,17.1,2.4,1.171,9,8,0,0,8
9.2,14,isocontour,11.283791670955125,46175.48,97.17,6.6,-15.4,1.219,2.6,0.4,2.6,2.9,-11.7,1.548,10,6,0,0,6
9.2,15,isocontour,11.283791670955125,45995.17,96.79,18.3,9.5,0.976,0.2,-1.3,1.3,17.1,2.4,1.171,9,7,0,0,7
9.2,16,isocontour,11.283791670955125,47418.82,99.79,-22.0,21.3,0.555,0.6,-0.7,0.9,-22.0,21.3,0.549,16,0,0,0,0
9.2,17,isocontour,11.283791670955125,45983.37,96.77,18.8,9.6,0.947,-1.0,-3.0,3.2,17.1,2.4,1.171,9,7,0,0,7
9.2,18,isocontour,11.283791670955125,47401.47,99.75,3.6,24.4,0.775,0.9,0.1,0.9,3.6,24.4,0.772,18,0,0,0,0
9.2,19,isocontour,11.283791670955125,46155.31,97.13,-10.2,2.6,1.775,-2.0,-0.4,2.0,-7.3,3.7,2.015,23,6,0,0,6
9.2,20,isocontour,11.283791670955125,46293.62,97.42,5.3,-13.8,1.367,2.1,-1.3,2.5,2.9,-11.7,1.548,10,6,0,0,6
9.2,21,isocontour,11.283791670955125,46307.8,97.45,7.7,-15.5,1.179,2.3,1.1,2.5,2.9,-11.7,1.548,10,6,0,0,6
9.2,22,isocontour,11.283791670955125,47049.68,99.01,-14.9,-0.8,1.361,0.5,-0.8,0.9,-7.3,3.7,2.015,23,6,0,0,6
9.2,23,isocontour,11.283791670955125,46702.34,98.28,-8.8,2.7,1.942,-0.9,0.1,0.9,-7.3,3.7,2.015,23,6,0,0,6
9.2,24,isocontour,11.283791670955125,46507.43,97.87,8.0,-15.5,1.167,-1.2,0.2,1.2,2.9,-11.7,1.548,10,6,0,0,6
9.2,25,isocontour,11.283791670955125,46343.21,97.52,-15.7,-1.6,1.291,-1.0,-0.2,1.0,-7.3,3.7,2.015,23,6,0,0,6
9.2,Target,,,,,0.0,0.0,3.996,0.0,0.0,,,,,,,,,
9.3,1,isocontour,11.283791670955125,46080.41,96.97,17.9,-2.2,1.133,0.3,3.1,3.1,17.2,2.9,1.172,9,6,0,0,6
9.3,2,isocontour,11.283791670955125,45937.36,96.67,18.0,8.8,1.01,0.8,0.4,0.9,17.2,2.9,1.172,9,8,0,0,8
9.3,3,isocontour,11.283791670955125,46117.43,97.05,17.9,2.9,1.13,0.1,1.0,1.0,17.2,2.9,1.172,9,8,0,0,8
9.3,4,isocontour,11.283791670955125,46411.71,97.67,18.0,7.9,1.033,0.0,0.7,0.7,17.2,2.9,1.172,9,8,0,0,8
9.3,5,isocontour,11.283791670955125,46178.74,97.18,18.2,4.6,1.09,0.1,0.7,0.7,17.2,2.9,1.172,9,8,0,0,8
9.3,6,isocontour,11.283791670955125,46216.27,97.26,5.7,-15.0,1.274,1.8,-1.2,2.2,2.9,-11.7,1.548,10,6,0,0,6
9.3,7,isocontour,11.283791670955125,45968.49,96.74,-9.8,3.0,1.816,-1.2,-2.1,2.4,-7.3,3.7,2.015,23,6,0,0,6
9.3,8,isocontour,11.283791670955125,46450.8,97.75,4.7,-14.4,1.344,0.7,-0.4,0.8,2.9,-11.7,1.548,10,6,0,0,6
9.3,9,isocontour,11.283791670955125,46838.7,98.57,17.2,3.2,1.171,0.2,2.7,2.7,17.2,3.2,1.172,9,8,0,0,8
9.3,10,isocontour,11.283791670955125,46712.85,98.3,4.4,-13.1,1.456,2.2,-1.2,2.5,2.9,-11.7,1.548,10,6,0,0,6
9.3,11,isocontour,11.283791670955125,46479.62,97.81,-15.6,-1.0,1.31,-2.9,-1.2,3.1,-7.3,3.7,2.015,23,6,0,0,6
9.3,12,isocontour,11.283791670955125,46572.07,98.01,-15.5,-0.6,1.315,-0.7,-0.9,1.1,-7.3,3.7,2.015,23,6,0,0,6
9.3,13,isocontour,11.283791670955125,46415.08,97.67,17.6,3.7,1.14,-0.1,2.6,2.6,17.2,2.9,1.172,9,8,0,0,8
9.3,14,isocontour,11.283791670955125,46153.5,97.12,6.9,-15.3,1.219,2.6,0.3,2.6,2.9,-11.7,1.548,10,6,0,0,6
9.3,15,isocontour,11.283791670955125,45901.07,96.59,18.0,9.2,1.0,-3.1,-2.9,4.2,17.2,2.9,1.172,9,7,0,0,7
9.3,16,isocontour,11.283791670955125,47417.72,99.78,-22.1,21.3,0.56,-0.5,-0.8,0.9,-22.1,21.3,0.555,16,0,0,0,0
9.3,17,isocontour,11.283791670955125,45977.76,96.75,18.9,9.4,0.949,1.4,-0.9,1.7,17.2,2.9,1.172,9,7,0,0,7
9.3,18,isocontour,11.283791670955125,47400.37,99.75,3.6,24.4,0.779,0.9,-0.1,0.9,3.6,24.4,0.775,18,0,0,0,0
9.3,19,isocontour,11.283791670955125,46141.26,97.1,-10.4,2.4,1.771,-1.1,-1.9,2.2,-7.3,3.7,2.015,23,6,0,0,6
9.3,20,isocontour,11.283791670955125,46277.39,97.39,5.5,-13.9,1.358,2.1,-1.0,2.3,2.9,-11.7,1.548,10,6,0,0,6
9.3,21,isocontour,11.283791670955125,46307.28,97.45,7.8,-15.5,1.18,0.1,-0.7,0.7,2.9,-11.7,1.548,10,6,0,0,6
9.3,22,isocontour,11.283791670955125,47049.12,99.01,-14.9,-0.8,1.361,-0.7,0.2,0.7,-7.3,3.7,2.015,23,6,0,0,6
9.3,23,isocontour,11.283791670955125,46697.87,98.27,-8.9,2.7,1.93,-1.5,0.2,1.5,-7.3,3.7,2.015,23,6,0,0,6
9.3,24,isocontour,11.283791670955125,46500.03,97.85,8.1,-15.6,1.164,1.5,-0.9,1.7,2.9,-11.7,1.548,10,6,0,0,6
9.3,25,isocontour,11.283791670955125,46342.3,97.52,-15.7,-1.7,1.297,0.4,-0.8,0.9,-7.3,3.7,2.015,23,6,0,0,6
9.3,Target,,,,,0.0,0.0,4.001,0.0,0.0,,,,,,,,,
9.4,1,isocontour,11.283791670955125,46077.8,96.97,18.0,-2.0,1.137,0.2,1.2,1.2,17.2,2.9,1.172,9,6,0,0,6
9.4,2,isocontour,11.283791670955125,45861.94,96.51,18.2,8.5,1.015,1.3,-3.7,3.9,17.2,2.9,1.172,9,8,0,0,8
9.4,3,isocontour,11.283791670955125,46087.85,96.99,17.9,3.2,1.132,-0.1,2.8,2.8,17.2,2.9,1.172,9,8,0,0,8
9.4,4,isocontour,11.283791670955125,46411.3,97.67,18.0,7.9,1.035,0.0,0.7,0.7,17.2,2.9,1.172,9,8,0,0,8
9.4,5,isocontour,11.283791670955125,46178.22,97.18,18.2,4.6,1.094,-0.2,0.7,0.7,17.2,2.9,1.172,9,8,0,0,8
9.4,6,isocontour,11.283791670955125,46193.77,97.21,5.9,-15.0,1.27,2.6,-0.1,2.6,2.9,-11.7,1.548,10,6,0,0,6
9.4,7,isocontour,11.283791670955125,45966.65,96.73,-9.9,3.0,1.809,-1.1,-0.2,1.1,-7.3,3.7,2.015,23,6,0,0,6
9.4,8,isocontour,11.283791670955125,46427.52,97.7,5.0,-14.5,1.337,2.5,-0.7,2.6,2.9,-11.7,1.548,10,6,0,0,6
9.4,9,isocontour,11.283791670955125,46818.44,98.52,17.3,3.4,1.168,0.7,2.4,2.5,17.2,2.9,1.172,9,8,0,0,8
9.4,10,isocontour,11.283791670955125,46697.03,98.27,4.6,-13.2,1.447,2.2,-0.8,2.3,2.9,-11.7,1.548,10,6,0,0,6
9.4,11,isocontour,11.283791670955125,46455.54,97.76,-15.6,-1.2,1.307,-0.4,-2.6,2.6,-7.3,3.7,2.015,23,6,0,0,6
9.4,12,isocontour,11.283791670955125,46571.14,98.0,-15.5,-0.7,1.321,0.3,-0.8,0.9,-7.3,3.7,2.015,23,6,0,0,6
9.4,13,isocontour,11.283791670955125,46393.6,97.63,17.6,4.0,1.14,0.2,2.6,2.6,17.2,2.9,1.172,9,8,0,0,8
9.4,14,isocontour,11.283791670955125,46151.45,97.12,7.0,-15.4,1.216,0.9,-0.7,1.1,2.9,-11.7,1.548,10,6,0,0,6
9.4,15,isocontour,11.283791670955125,45899.67,96.59,18.0,9.2,1.003,0.6,0.8,1.0,17.2,2.9,1.172,9,7,0,0,7
9.4,16,isocontour,11.283791670955125,47416.62,99.78,-22.0,21.3,0.565,0.9,0.3,0.9,-22.0,21.3,0.56,16,0,0,0,0
9.4,17,isocontour,11.283791670955125,45944.32,96.68,18.7,9.4,0.966,-2.8,-0.9,2.9,17.2,2.9,1.172,9,7,0,0,7
9.4,18,isocontour,11.283791670955125,47399.27,99.75,3.7,24.4,0.781,0.8,0.5,0.9,3.7,24.4,0.779,18,0,0,0,0
9.4,19,isocontour,11.283791670955125,46134.8,97.09,-10.4,2.3,1.772,-0.6,-1.6,1.7,-7.3,3.7,2.015,23,6,0,0,6
9.4,20,isocontour,11.283791670955125,46267.84,97.36,5.7,-14.0,1.352,1.9,-0.5,2.0,2.9,-11.7,1.548,10,6,0,0,6
9.4,21,isocontour,11.283791670955125,46306.37,97.45,7.8,-15.5,1.185,0.6,0.7,0.9,2.9,-11.7,1.548,10,6,0,0,6
9.4,22,isocontour,11.283791670955125,47043.3,99.0,-15.1,-0.8,1.354,-1.6,0.3,1.6,-7.3,3.7,2.015,23,6,0,0,6
9.4,23,isocontour,11.283791670955125,46696.52,98.27,-9.0,2.7,1.921,-1.0,0.1,1.0,-7.3,3.7,2.015,23,6,0,0,6
9.4,24,isocontour,11.283791670955125,46478.55,97.81,8.4,-15.7,1.157,2.5,-0.5,2.5,2.9,-11.7,1.548,10,6,0,0,6
9.4,25,isocontour,11.283791670955125,46340.1,97.52,-15.6,-1.6,1.306,0.6,1.0,1.2,-7.3,3.7,2.015,23,6,0,0,6
9.4,Target,,,,,0.0,0.0,4.006,0.0,0.0,,,,,,,,,
9.5,1,isocontour,11.283791670955125,46075.3,96.96,17.9,-1.9,1.143,-0.1,1.2,1.2,17.2,2.9,1.172,9,7,0,0,7
9.5,2,isocontour,11.283791670955125,45763.76,96.3,18.1,8.8,1.014,-0.7,4.2,4.3,17.2,2.9,1.172,9,8,0,0,8
9.5,3,isocontour,11.283791670955125,46086.61,96.98,17.8,3.3,1.137,-0.4,0.9,1.0,17.2,2.9,1.172,9,8,0,0,8
9.5,4,isocontour,11.283791670955125,46410.88,97.67,18.0,8.0,1.038,-0.1,0.7,0.7,17.2,2.9,1.172,9,8,0,0,8
9.5,5,isocontour,11.283791670955125,46155.98,97.13,18.1,4.9,1.097,-0.4,2.6,2.6,17.2,2.9,1.172,9,8,0,0,8
9.5,6,isocontour,11.283791670955125,46192.8,97.21,6.0,-15.1,1.268,0.7,-0.5,0.9,2.9,-11.7,1.548,10,6,0,0,6
9.5,7,isocontour,11.283791670955125,45947.11,96.69,-10.1,2.9,1.795,-2.2,-1.2,2.5,-7.3,3.7,2.015,23,6,0,0,6
9.5,8,isocontour,11.283791670955125,46406.78,97.66,5.2,-14.5,1.333,2.5,-0.2,2.5,2.9,-11.7,1.548,10,6,0,0,6
9.5,9,isocontour,11.283791670955125,46798.19,98.48,17.3,3.7,1.169,0.0,2.5,2.5,17.2,2.9,1.172,9,8,0,0,8
9.5,10,isocontour,11.283791670955125,46677.96,98.23,4.8,-13.3,1.437,2.2,-1.1,2.5,2.9,-11.7,1.548,10,6,0,0,6
9.5,11,isocontour,11.283791670955125,46454.64,97.76,-15.6,-1.4,1.313,0.4,-0.8,0.9,-7.3,3.7,2.015,23,6,0,0,6
9.5,12,isocontour,11.283791670955125,46566.02,97.99,-15.6,-0.7,1.316,-1.5,0.6,1.6,-7.3,3.7,2.015,23,6,0,0,6
9.5,13,isocontour,11.283791670955125,46389.04,97.62,17.5,4.1,1.146,-0.8,1.3,1.5,17.2,2.9,1.172,9,8,0,0,8
9.5,14,isocontour,11.283791670955125,46137.21,97.09,7.2,-15.4,1.217,2.1,0.6,2.2,2.9,-11.7,1.548,10,6,0,0,6
9.5,15,isocontour,11.283791670955125,45880.36,96.55,17.9,9.4,1.006,-1.0,2.2,2.4,17.2,2.9,1.172,9,8,0,0,8
9.5,16,isocontour,11.283791670955125,47415.52,99.78,-22.1,21.3,0.567,-0.9,0.1,0.9,-22.1,21.3,0.565,16,0,0,0,0
9.5,17,isocontour,11.283791670955125,45942.0,96.68,18.6,9.3,0.978,-0.7,-1.0,1.2,17.2,2.9,1.172,9,7,0,0,7
9.5,18,isocontour,11.283791670955125,47398.17,99.74,3.7,24.4,0.785,-0.9,0.0,0.9,3.7,24.4,0.781,18,0,0,0,0
9.5,19,isocontour,11.283791670955125,46130.59,97.08,-10.6,2.2,1.763,-1.5,-0.0,1.5,-7.3,3.7,2.015,23,6,0,0,6
9.5,20,isocontour,11.283791670955125,46267.3,97.36,5.7,-14.1,1.35,0.3,-0.7,0.8,2.9,-11.7,1.548,10,6,0,0,6
9.5,21,isocontour,11.283791670955125,46296.38,97.43,8.0,-15.5,1.187,1.9,0.4,1.9,2.9,-11.7,1.548,10,6,0,0,6
9.5,22,isocontour,11.283791670955125,47042.99,99.0,-15.1,-0.8,1.359,0.4,-0.4,0.6,-7.3,3.7,2.015,23,6,0,0,6
9.5,23,isocontour,11.283791670955125,46694.99,98.26,-9.1,2.7,1.913,-1.0,0.1,1.0,-7.3,3.7,2.015,23,6,0,0,6
9.5,24,isocontour,11.283791670955125,46477.86,97.81,8.5,-15.6,1.16,0.7,0.4,0.8,2.9,-11.7,1.548,10,6,0,0,6
9.5,25,isocontour,11.283791670955125,46315.48,97.47,-15.6,-1.8,1.31,0.1,-2.7,2.7,-7.3,3.7,2.015,23,6,0,0,6
9.5,Target,,,,,0.0,0.0,4.01,0.0,0.0,,,,,,,,,
9.6,1,isocontour,11.283791670955125,46072.03,96.95,17.9,-1.7,1.15,-0.4,1.3,1.4,17.2,2.9,1.172,9,8,0,0,8
9.6,2,isocontour,11.283791670955125,45746.9,96.27,18.1,9.0,1.011,0.3,2.3,2.3,17.2,2.9,1.172,9,8,0,0,8
9.6,3,isocontour,11.283791670955125,46061.99,96.93,17.9,3.6,1.137,0.3,2.7,2.7,17.2,2.9,1.172,9,8,0,0,8
9.6,4,isocontour,11.283791670955125,46390.86,97.62,18.0,8.2,1.039,-0.3,2.5,2.5,17.2,2.9,1.172,9,8,0,0,8
9.6,5,isocontour,11.283791670955125,46135.97,97.09,18.1,5.1,1.101,-0.7,2.4,2.5,17.2,2.9,1.172,9,8,0,0,8
9.6,6,isocontour,11.283791670955125,46170.05,97.16,6.3,-15.1,1.263,2.6,-0.4,2.6,2.9,-11.7,1.548,10,6,0,0,6
9.6,7,isocontour,11.283791670955125,45945.97,96.69,-10.2,2.8,1.788,-0.9,-0.2,0.9,-7.3,3.7,2.015,23,6,0,0,6
9.6,8,isocontour,11.283791670955125,46406.26,97.66,5.3,-14.5,1.333,0.7,-0.2,0.7,2.9,-11.7,1.548,10,6,0,0,6
9.6,9,isocontour,11.283791670955125,46796.99,98.48,17.2,3.7,1.175,-0.3,-0.9,0.9,17.2,2.9,1.172,9,8,0,0,8
9.6,10,isocontour,11.283791670955125,46675.86,98.22,4.9,-13.4,1.43,0.3,-1.1,1.1,2.9,-11.7,1.548,10,6,0,0,6
9.6,11,isocontour,11.283791670955125,46452.7,97.75,-15.6,-1.3,1.32,0.4,1.1,1.2,-7.3,3.7,2.015,23,6,0,0,6
9.6,12,isocontour,11.283791670955125,46554.62,97.97,-15.8,-0.7,1.305,-2.0,-0.4,2.0,-7.3,3.7,2.015,23,6,0,0,6
9.6,13,isocontour,11.283791670955125,46368.55,97.58,17.6,4.3,1.142,1.0,2.3,2.5,17.2,2.9,1.172,9,8,0,0,8
9.6,14,isocontour,11.283791670955125,46136.73,97.09,7.3,-15.3,1.219,0.7,0.0,0.7,2.9,-11.7,1.548,10,6,0,0,6
9.6,15,isocontour,11.283791670955125,45861.05,96.51,17.8,9.7,1.009,-1.0,2.3,2.5,17.2,2.9,1.172,9,7,0,0,7
9.6,16,isocontour,11.283791670955125,47414.42,99.78,-22.1,21.2,0.57,-0.7,-0.6,0.9,-22.1,21.2,0.567,16,0,0,0,0
9.6,17,isocontour,11.283791670955125,45920.01,96.63,18.5,9.0,0.99,-0.5,-2.5,2.5,17.2,2.9,1.172,9,8,0,0,8
9.6,18,isocontour,11.283791670955125,47397.07,99.74,3.6,24.5,0.788,-0.9,0.4,1.0,3.6,24.5,0.785,18,0,0,0,0
9.6,19,isocontour,11.283791670955125,46129.15,97.07,-10.7,2.2,1.756,-1.0,-0.1,1.0,-7.3,3.7,2.015,23,6,0,0,6
9.6,20,isocontour,11.283791670955125,46255.56,97.34,5.8,-14.2,1.34,0.9,-1.9,2.1,2.9,-11.7,1.548,10,6,0,0,6
9.6,21,isocontour,11.283791670955125,46295.64,97.42,8.1,-15.4,1.191,0.7,0.5,0.9,2.9,-11.7,1.548,10,6,0,0,6
9.6,22,isocontour,11.283791670955125,47023.22,98.95,-15.0,-1.0,1.367,0.6,-2.4,2.5,-7.3,3.7,2.015,23,6,0,0,6
9.6,23,isocontour,11.283791670955125,46694.58,98.26,-9.2,2.7,1.91,-0.6,-0.3,0.7,-7.3,3.7,2.015,23,6,0,0,6
9.6,24,isocontour,11.283791670955125,46477.25,97.81,8.5,-15.7,1.161,0.6,-0.4,0.7,2.9,-11.7,1.548,10,6,0,0,6
9.6,25,isocontour,11.283791670955125,46314.77,97.46,-15.6,-1.9,1.314,0.1,-0.8,0.8,-7.3,3.7,2.015,23,6,0,0,6
9.6,Target,,,,,0.0,0.0,4.015,0.0,0.0,,,,,,,,,
9.7,1,isocontour,11.283791670955125,46069.53,96.95,17.9,-1.6,1.155,0.1,1.2,1.2,17.2,3.7,1.175,9,7,0,0,7
9.7,2,isocontour,11.283791670955125,45729.18,96.23,18.1,9.2,1.014,-1.1,2.1,2.4,17.2,3.7,1.175,9,8,0,0,8
9.7,3,isocontour,11.283791670955125,46060.63,96.93,17.8,3.7,1.139,-0.1,1.0,1.0,17.2,3.7,1.175,9,8,0,0,8
9.7,4,isocontour,11.283791670955125,46390.38,97.62,18.0,8.3,1.039,0.3,0.7,0.8,17.2,3.7,1.175,9,8,0,0,8
9.7,5,isocontour,11.283791670955125,46114.98,97.04,18.1,5.4,1.1,0.2,2.5,2.5,17.2,3.7,1.175,9,8,0,0,8
9.7,6,isocontour,11.283791670955125,46169.26,97.16,6.4,-15.2,1.262,0.7,-0.4,0.8,2.9,-11.7,1.548,10,6,0,0,6
9.7,7,isocontour,11.283791670955125,45942.25,96.68,-10.4,2.8,1.779,-1.4,-0.2,1.4,-7.3,3.7,2.015,23,6,0,0,6
9.7,8,isocontour,11.283791670955125,46387.42,97.62,5.5,-14.6,1.324,2.1,-1.2,2.4,2.9,-11.7,1.548,10,6,0,0,6
9.7,9,isocontour,11.283791670955125,46796.14,98.48,17.2,3.7,1.178,0.1,0.9,0.9,17.2,3.7,1.175,9,8,0,0,8
9.7,10,isocontour,11.283791670955125,46655.12,98.18,5.0,-13.6,1.418,2.2,-1.3,2.6,2.9,-11.7,1.548,10,6,0,0,6
9.7,11,isocontour,11.283791670955125,46444.53,97.74,-15.7,-1.2,1.314,-1.6,0.9,1.8,-7.3,3.7,2.015,23,6,0,0,6
9.7,12,isocontour,11.283791670955125,46552.91,97.96,-15.8,-0.6,1.308,0.2,1.1,1.1,-7.3,3.7,2.015,23,6,0,0,6
9.7,13,isocontour,11.283791670955125,46358.99,97.56,17.7,4.5,1.137,1.0,1.7,2.0,17.2,3.7,1.175,9,8,0,0,8
9.7,14,isocontour,11.283791670955125,46134.73,97.08,7.4,-15.4,1.216,0.9,-0.8,1.2,2.9,-11.7,1.548,10,6,0,0,6
9.7,15,isocontour,11.283791670955125,45848.46,96.48,17.9,9.9,1.006,0.5,2.1,2.2,17.2,3.7,1.175,9,7,0,0,7
9.7,16,isocontour,11.283791670955125,47413.32,99.78,-22.1,21.1,0.576,0.4,-0.9,1.0,-22.1,21.1,0.57,16,0,0,0,0
9.7,17,isocontour,11.283791670955125,45890.44,96.57,18.8,8.9,0.985,2.8,-0.6,2.9,17.2,3.7,1.175,9,8,0,0,8
9.7,18,isocontour,11.283791670955125,47395.98,99.74,3.5,24.5,0.791,-0.9,0.3,0.9,3.5,24.5,0.788,18,0,0,0,0
9.7,19,isocontour,11.283791670955125,46108.65,97.03,-10.8,2.1,1.745,-1.8,-1.8,2.5,-7.3,3.7,2.015,23,6,0,0,6
9.7,20,isocontour,11.283791670955125,46238.91,97.3,6.0,-14.4,1.326,1.5,-1.8,2.3,2.9,-11.7,1.548,10,6,0,0,6
9.7,21,isocontour,11.283791670955125,46294.28,97.42,8.0,-15.4,1.195,-0.8,-0.6,1.0,2.9,-11.7,1.548,10,6,0,0,6
9.7,22,isocontour,11.283791670955125,47012.45,98.93,-15.1,-1.2,1.362,-1.3,-1.5,2.0,-7.3,3.7,2.015,23,6,0,0,6
9.7,23,isocontour,11.283791670955125,46677.08,98.23,-9.3,2.5,1.902,-1.7,-1.7,2.4,-7.3,3.7,2.015,23,6,0,0,6
9.7,24,isocontour,11.283791670955125,46476.12,97.8,8.6,-15.7,1.159,0.4,-0.8,0.9,2.9,-11.7,1.548,10,6,0,0,6
9.7,25,isocontour,11.283791670955125,46281.65,97.39,-15.6,-1.7,1.319,-0.2,3.0,3.0,-7.3,3.7,2.015,23,6,0,0,6
9.7,Target,,,,,0.0,0.0,4.019,0.0,0.0,,,,,,,,,
9.8,1,isocontour,11.283791670955125,46067.1,96.94,17.9,-1.5,1.158,0.1,1.2,1.2,17.2,3.7,1.178,9,7,0,0,7
9.8,2,isocontour,11.283791670955125,45719.18,96.21,18.2,9.4,1.009,1.4,1.4,2.0,17.2,3.7,1.178,9,8,0,0,8
9.8,3,isocontour,11.283791670955125,46058.07,96.92,17.8,3.8,1.145,-0.6,1.1,1.3,17.2,3.7,1.178,9,8,0,0,8
9.8,4,isocontour,11.283791670955125,46389.72,97.62,18.0,8.4,1.042,-0.3,0.7,0.8,17.2,3.7,1.178,9,8,0,0,8
9.8,5,isocontour,11.283791670955125,46093.0,97.0,18.0,5.6,1.1,-0.2,2.6,2.6,17.2,3.7,1.178,9,8,0,0,8
9.8,6,isocontour,11.283791670955125,46167.69,97.15,6.5,-15.2,1.259,0.8,-0.6,1.0,2.9,-11.7,1.548,10,6,0,0,6
9.8,7,isocontour,11.283791670955125,45941.66,96.68,-10.4,2.8,1.778,-0.4,-0.6,0.7,-7.3,3.7,2.015,23,6,0,0,6
9.8,8,isocontour,11.283791670955125,46383.37,97.61,5.4,-14.7,1.322,-1.0,-1.0,1.4,2.9,-11.7,1.548,10,6,0,0,6
9.8,9,isocontour,11.283791670955125,46791.12,98.47,17.1,3.8,1.188,-1.3,0.9,1.6,17.1,3.8,1.178,9,8,0,0,8
9.8,10,isocontour,11.283791670955125,46638.48,98.14,5.3,-13.6,1.409,2.2,-0.8,2.3,2.9,-11.7,1.548,10,6,0,0,6
9.8,11,isocontour,11.283791670955125,46303.39,97.44,-15.8,-0.8,1.316,-0.4,4.8,4.8,-7.3,3.7,2.015,23,6,0,0,6
9.8,12,isocontour,11.283791670955125,46551.21,97.96,-15.8,-0.5,1.314,0.2,1.1,1.1,-7.3,3.7,2.015,23,6,0,0,6
9.8,13,isocontour,11.283791670955125,46358.49,97.56,17.7,4.6,1.138,0.2,0.7,0.7,17.2,3.7,1.178,9,8,0,0,8
9.8,14,isocontour,11.283791670955125,46121.78,97.06,7.6,-15.5,1.209,1.9,-1.0,2.1,2.9,-11.7,1.548,10,6,0,0,6
9.8,15,isocontour,11.283791670955125,45831.17,96.45,17.8,10.1,1.008,-1.1,2.1,2.4,17.2,3.7,1.178,9,7,0,0,7
9.8,16,isocontour,11.283791670955125,47412.22,99.77,-22.2,21.1,0.58,-0.7,-0.7,1.0,-22.2,21.1,0.576,16,0,0,0,0
9.8,17,isocontour,11.283791670955125,45880.74,96.55,18.7,9.1,0.989,-1.2,1.5,1.9,17.2,3.7,1.178,9,8,0,0,8
9.8,18,isocontour,11.283791670955125,47394.88,99.74,3.4,24.5,0.794,-0.9,0.1,0.9,3.4,24.5,0.791,18,0,0,0,0
9.8,19,isocontour,11.283791670955125,46097.89,97.01,-10.9,1.9,1.742,-0.9,-1.8,2.0,-7.3,3.7,2.015,23,6,0,0,6
9.8,20,isocontour,11.283791670955125,46152.61,97.12,6.3,-14.4,1.317,4.1,-0.0,4.1,2.9,-11.7,1.548,10,6,0,0,6
9.8,21,isocontour,11.283791670955125,46274.51,97.38,8.2,-15.5,1.189,2.4,-0.5,2.5,2.9,-11.7,1.548,10,6,0,0,6
9.8,22,isocontour,11.283791670955125,47002.0,98.91,-15.3,-1.1,1.354,-1.7,1.1,2.0,-7.3,3.7,2.015,23,6,0,0,6
9.8,23,isocontour,11.283791670955125,46671.87,98.22,-9.4,2.4,1.901,-0.7,-1.4,1.6,-7.3,3.7,2.015,23,6,0,0,6
9.8,24,isocontour,11.283791670955125,46475.15,97.8,8.6,-15.7,1.164,0.5,0.7,0.9,2.9,-11.7,1.548,10,6,0,0,6
9.8,25,isocontour,11.283791670955125,46279.55,97.39,-15.6,-1.6,1.327,0.4,1.1,1.2,-7.3,3.7,2.015,23,6,0,0,6
9.8,Target,,,,,0.0,0.0,4.023,0.0,0.0,,,,,,,,,
9.9,1,isocontour,11.283791670955125,46029.09,96.86,17.9,-1.2,1.16,-0.1,3.1,3.1,17.1,3.8,1.188,9,7,0,0,7
9.9,2,isocontour,11.283791670955125,45700.11,96.17,18.2,9.2,1.012,-0.0,-2.5,2.5,17.1,3.8,1.188,9,8,0,0,8
9.9,3,isocontour,11.283791670955125,46030.61,96.87,17.8,4.0,1.141,0.2,2.8,2.8,17.1,3.8,1.188,9,8,0,0,8
9.9,4,isocontour,11.283791670955125,46369.95,97.58,18.0,8.6,1.037,-0.0,2.5,2.5,17.1,3.8,1.188,9,8,0,0,8
9.9,5,isocontour,11.283791670955125,46092.56,97.0,18.0,5.7,1.099,-0.0,0.7,0.7,17.1,3.8,1.188,9,8,0,0,8
9.9,6,isocontour,11.283791670955125,46165.8,97.15,6.5,-15.3,1.252,0.9,-0.7,1.1,2.9,-11.7,1.548,10,6,0,0,6
9.9,7,isocontour,11.283791670955125,45919.42,96.63,-10.6,2.6,1.766,-1.8,-1.9,2.6,-7.3,3.7,2.015,23,6,0,0,6
9.9,8,isocontour,11.283791670955125,46382.41,97.61,5.5,-14.7,1.321,0.9,0.2,0.9,2.9,-11.7,1.548,10,6,0,0,6
9.9,9,isocontour,11.283791670955125,46765.11,98.41,17.2,4.0,1.183,0.4,2.7,2.7,17.2,4.0,1.188,9,8,0,0,8
9.9,10,isocontour,11.283791670955125,46623.46,98.11,5.5,-13.7,1.397,2.2,-0.7,2.3,2.9,-11.7,1.548,10,6,0,0,6
9.9,11,isocontour,11.283791670955125,46301.5,97.44,-15.7,-0.6,1.318,0.4,1.1,1.2,-7.3,3.7,2.015,23,6,0,0,6
9.9,12,isocontour,11.283791670955125,46518.1,97.89,-15.8,-0.2,1.316,0.2,3.0,3.0,-7.3,3.7,2.015,23,6,0,0,6
9.9,13,isocontour,11.283791670955125,46336.51,97.51,17.7,4.8,1.135,-0.2,2.6,2.6,17.1,3.8,1.188,9,8,0,0,8
9.9,14,isocontour,11.283791670955125,46119.63,97.05,7.7,-15.5,1.208,1.0,0.6,1.2,2.9,-11.7,1.548,10,6,0,0,6
9.9,15,isocontour,11.283791670955125,45807.09,96.4,17.6,10.3,1.009,-1.4,2.2,2.6,17.1,3.8,1.188,9,7,0,0,7
9.9,16,isocontour,11.283791670955125,47411.12,99.77,-22.1,21.1,0.579,0.6,0.8,1.0,-22.1,21.1,0.58,16,0,0,0,0
9.9,17,isocontour,11.283791670955125,45862.8,96.51,18.5,9.0,1.0,-1.8,-1.6,2.4,17.1,3.8,1.188,9,8,0,0,8
9.9,18,isocontour,11.283791670955125,47393.78,99.73,3.5,24.5,0.794,0.9,-0.1,0.9,3.5,24.5,0.794,18,0,0,0,0
9.9,19,isocontour,11.283791670955125,46084.02,96.98,-11.1,1.7,1.732,-1.3,-1.8,2.2,-7.3,3.7,2.015,23,6,0,0,6
9.9,20,isocontour,11.283791670955125,46146.69,97.11,6.5,-14.4,1.31,1.7,-0.0,1.7,2.9,-11.7,1.548,10,6,0,0,6
9.9,21,isocontour,11.283791670955125,46272.13,97.37,8.1,-15.5,1.193,-1.1,0.5,1.2,2.9,-11.7,1.548,10,6,0,0,6
9.9,22,isocontour,11.283791670955125,46986.39,98.88,-15.4,-0.9,1.341,-1.6,1.6,2.3,-7.3,3.7,2.015,23,6,0,0,6
9.9,23,isocontour,11.283791670955125,46666.57,98.2,-9.5,2.2,1.896,-0.8,-1.4,1.6,-7.3,3.7,2.015,23,6,0,0,6
9.9,24,isocontour,11.283791670955125,46473.0,97.8,8.7,-15.8,1.157,0.6,-1.0,1.2,2.9,-11.7,1.548,10,6,0,0,6
9.9,25,isocontour,11.283791670955125,46279.3,97.39,-15.6,-1.6,1.324,-0.5,-0.3,0.6,-7.3,3.7,2.015,23,6,0,0,6
9.9,Target,,,,,0.0,0.0,4.023,0.0,0.0,,,,,,,,,
10.0,1,isocontour,11.283791670955125,45990.72,96.78,17.9,-0.9,1.161,0.0,3.1,3.1,17.9,-0.9,1.16,1,7,0,0,7
10.0,2,isocontour,11.283791670955125,45697.95,96.17,18.3,9.1,1.009,1.2,-0.2,1.2,18.3,9.1,1.012,2,8,0,0,8
10.0,3,isocontour,11.283791670955125,46008.12,96.82,17.8,4.3,1.14,-0.6,2.5,2.6,17.8,4.3,1.141,3,8,0,0,8
10.0,4,isocontour,11.283791670955125,46360.82,97.56,18.1,8.7,1.027,1.9,0.0,1.9,18.1,8.7,1.037,4,8,0,0,8
10.0,5,isocontour,11.283791670955125,46090.35,96.99,18.0,5.8,1.1,-0.6,1.0,1.2,18.0,5.8,1.099,5,8,0,0,8
10.0,6,isocontour,11.283791670955125,46158.52,97.13,6.7,-15.2,1.251,1.6,0.8,1.8,6.7,-15.2,1.252,6,6,0,0,6
10.0,7,isocontour,11.283791670955125,45916.62,96.63,-10.7,2.5,1.752,-1.3,-0.1,1.3,-10.7,2.5,1.766,7,6,0,0,6
10.0,8,isocontour,11.283791670955125,46369.98,97.58,5.7,-14.7,1.319,2.1,0.6,2.2,5.7,-14.7,1.321,8,6,0,0,6
10.0,9,isocontour,11.283791670955125,46744.61,98.37,17.2,4.3,1.176,0.4,2.5,2.5,17.2,4.3,1.183,9,8,0,0,8
10.0,10,isocontour,11.283791670955125,46622.94,98.11,5.6,-13.7,1.392,0.7,-0.3,0.8,5.6,-13.7,1.397,10,6,0,0,6
10.0,11,isocontour,11.283791670955125,46287.07,97.41,-15.9,-0.5,1.306,-2.0,1.1,2.3,-15.9,-0.5,1.318,11,6,0,0,6
10.0,12,isocontour,11.283791670955125,46486.63,97.83,-15.8,0.1,1.316,-0.1,2.9,2.9,-15.8,0.1,1.316,12,6,0,0,6
10.0,13,isocontour,11.283791670955125,46316.97,97.47,17.8,5.1,1.127,0.8,2.3,2.4,17.8,5.1,1.135,13,8,0,0,8
10.0,14,isocontour,11.283791670955125,46119.29,97.05,7.7,-15.4,1.208,0.6,0.3,0.7,7.7,-15.4,1.208,14,6,0,0,6
10.0,15,isocontour,11.283791670955125,45709.6,96.19,17.5,10.7,1.004,-1.2,4.1,4.3,17.5,10.7,1.009,15,7,0,0,7
10.0,16,isocontour,11.283791670955125,47410.02,99.77,-22.1,21.2,0.579,0.6,0.7,0.9,-22.1,21.2,0.579,16,0,0,0,0
10.0,17,isocontour,11.283791670955125,45799.38,96.38,18.8,8.7,0.993,3.0,-2.1,3.7,18.8,8.7,1.0,17,8,0,0,8
10.0,18,isocontour,11.283791670955125,47392.68,99.73,3.6,24.5,0.794,0.9,-0.2,0.9,3.6,24.5,0.794,18,0,0,0,0
10.0,19,isocontour,11.283791670955125,46068.41,96.95,-11.2,1.5,1.719,-1.5,-1.7,2.3,-11.2,1.5,1.732,19,6,0,0,6
10.0,20,isocontour,11.283791670955125,46126.44,97.07,6.7,-14.6,1.296,2.1,-1.3,2.5,6.7,-14.6,1.31,20,6,0,0,6
10.0,21,isocontour,11.283791670955125,46222.5,97.27,8.4,-15.6,1.178,3.0,-1.6,3.4,8.4,-15.6,1.193,21,6,0,0,6
10.0,22,isocontour,11.283791670955125,46986.18,98.88,-15.5,-0.9,1.339,-0.2,0.5,0.5,-15.5,-0.9,1.341,22,6,0,0,6
10.0,23,isocontour,11.283791670955125,46663.7,98.2,-9.6,2.2,1.882,-1.3,0.3,1.3,-9.6,2.2,1.896,23,6,0,0,6
10.0,24,isocontour,11.283791670955125,46470.79,97.79,8.6,-15.8,1.16,-1.2,0.2,1.2,8.6,-15.8,1.157,24,6,0,0,6
10.0,25,isocontour,11.283791670955125,46246.19,97.32,-15.6,-1.3,1.325,0.1,3.0,3.0,-15.6,-1.3,1.324,25,6,0,0,6
10.0,Target,,,,,0.0,0.0,4.023,0.0,0.0,,,,,,,,,
10.1,1,isocontour,11.283791670955125,45988.29,96.78,17.9,-0.8,1.161,0.1,1.2,1.2,17.2,4.3,1.183,9,7,0,0,7
10.1,2,isocontour,11.283791670955125,45694.53,96.16,18.4,9.2,1.001,1.3,0.6,1.4,17.2,4.3,1.183,9,8,0,0,8
10.1,3,isocontour,11.283791670955125,45996.87,96.79,17.9,4.4,1.129,1.8,0.9,2.0,17.2,4.3,1.183,9,8,0,0,8
10.1,4,isocontour,11.283791670955125,46360.64,97.56,18.2,8.7,1.025,-0.2,0.5,0.5,17.2,4.3,1.183,9,8,0,0,8
10.1,5,isocontour,11.283791670955125,46068.62,96.95,18.0,6.0,1.097,-0.3,2.6,2.6,17.2,4.3,1.183,9,8,0,0,8
10.1,6,isocontour,11.283791670955125,46150.21,97.12,6.8,-15.3,1.241,1.5,-1.1,1.9,5.6,-13.7,1.397,10,6,0,0,6
10.1,7,isocontour,11.283791670955125,45914.18,96.62,-10.8,2.5,1.74,-1.2,-0.2,1.2,-9.6,2.2,1.896,23,6,0,0,6
10.1,8,isocontour,11.283791670955125,46366.41,97.57,5.8,-14.6,1.319,1.3,0.5,1.4,5.6,-13.7,1.397,10,6,0,0,6
10.1,9,isocontour,11.283791670955125,46743.55,98.37,17.2,4.4,1.175,-0.1,0.9,0.9,17.2,4.4,1.183,9,8,0,0,8
10.1,10,isocontour,11.283791670955125,46611.37,98.09,5.8,-13.8,1.383,2.0,-0.4,2.0,5.8,-13.8,1.397,10,6,0,0,6
10.1,11,isocontour,11.283791670955125,46284.69,97.4,-15.8,-0.5,1.312,1.2,0.3,1.2,-9.6,2.2,1.896,23,6,0,0,6
10.1,12,isocontour,11.283791670955125,46485.89,97.82,-15.8,0.0,1.315,-0.1,-0.8,0.8,-9.6,2.2,1.896,23,6,0,0,6
10.1,13,isocontour,11.283791670955125,46299.68,97.43,17.8,5.3,1.119,0.7,2.3,2.4,17.2,4.3,1.183,9,8,0,0,8
10.1,14,isocontour,11.283791670955125,46115.41,97.04,7.9,-15.4,1.207,1.4,0.5,1.5,5.6,-13.7,1.397,10,6,0,0,6
10.1,15,isocontour,11.283791670955125,45688.12,96.15,17.4,10.9,1.002,-1.2,2.3,2.6,17.2,4.3,1.183,9,7,0,0,7
10.1,16,isocontour,11.283791670955125,47408.92,99.77,-22.1,21.1,0.581,-0.0,-0.9,0.9,-22.1,21.1,0.579,16,0,0,0,0
10.1,17,isocontour,11.283791670955125,45781.88,96.34,19.0,8.7,0.981,2.4,0.3,2.4,17.2,4.3,1.183,9,8,0,0,8
10.1,18,isocontour,11.283791670955125,47391.58,99.73,3.5,24.6,0.791,-0.4,0.9,1.0,3.5,24.6,0.794,18,0,0,0,0
10.1,19,isocontour,11.283791670955125,46064.2,96.94,-11.4,1.5,1.704,-1.5,0.2,1.5,-9.6,2.2,1.896,23,6,0,0,6
10.1,20,isocontour,11.283791670955125,46126.0,97.07,6.8,-14.6,1.289,0.4,-0.5,0.6,5.6,-13.7,1.397,10,6,0,0,6
10.1,21,isocontour,11.283791670955125,46221.96,97.27,8.5,-15.6,1.174,0.7,0.2,0.7,5.6,-13.7,1.397,10,6,0,0,6
10.1,22,isocontour,11.283791670955125,46888.0,98.67,-15.5,-0.5,1.336,-0.5,4.2,4.2,-9.6,2.2,1.896,23,6,0,0,6
10.1,23,isocontour,11.283791670955125,46660.13,98.19,-9.7,2.2,1.865,-1.4,0.2,1.4,-9.7,2.2,1.896,23,6,0,0,6
10.1,24,isocontour,11.283791670955125,46449.56,97.75,8.8,-15.9,1.148,1.9,-1.7,2.5,5.6,-13.7,1.397,10,6,0,0,6
10.1,25,isocontour,11.283791670955125,46243.26,97.31,-15.7,-1.2,1.321,-0.7,1.1,1.3,-9.6,2.2,1.896,23,6,0,0,6
10.1,Target,,,,,0.0,0.0,4.023,0.0,0.0,,,,,,,,,
10.2,1,isocontour,11.283791670955125,45949.91,96.7,17.9,-0.5,1.161,0.1,3.1,3.1,17.2,4.3,1.183,9,7,0,0,7
10.2,2,isocontour,11.283791670955125,45682.45,96.13,18.6,9.2,0.991,2.1,-0.1,2.1,17.2,4.3,1.183,9,8,0,0,8
10.2,3,isocontour,11.283791670955125,45995.84,96.79,17.9,4.5,1.127,-0.1,0.9,0.9,17.2,4.3,1.183,9,8,0,0,8
10.2,4,isocontour,11.283791670955125,46351.52,97.54,18.0,8.7,1.035,-1.9,-0.4,1.9,17.2,4.3,1.183,9,8,0,0,8
10.2,5,isocontour,11.283791670955125,46048.13,96.9,18.0,6.3,1.091,0.3,2.5,2.5,17.2,4.3,1.183,9,8,0,0,8
10.2,6,isocontour,11.283791670955125,46149.04,97.11,6.9,-15.3,1.239,0.9,0.4,1.0,5.6,-13.7,1.397,10,6,0,0,6
10.2,7,isocontour,11.283791670955125,45909.97,96.61,-11.0,2.5,1.725,-1.5,-0.2,1.5,-9.6,2.2,1.896,23,6,0,0,6
10.2,8,isocontour,11.283791670955125,46355.17,97.55,6.0,-14.7,1.307,1.6,-1.3,2.1,5.6,-13.7,1.397,10,6,0,0,6
10.2,9,isocontour,11.283791670955125,46740.93,98.36,17.3,4.5,1.168,0.9,0.9,1.3,17.2,4.3,1.183,9,8,0,0,8
10.2,10,isocontour,11.283791670955125,46608.87,98.08,5.8,-13.9,1.373,0.5,-1.2,1.3,5.8,-13.9,1.397,10,6,0,0,6
10.2,11,isocontour,11.283791670955125,46280.89,97.39,-15.9,-0.4,1.304,-1.4,0.2,1.4,-9.6,2.2,1.896,23,6,0,0,6
10.2,12,isocontour,11.283791670955125,46484.98,97.82,-15.8,-0.1,1.316,0.2,-0.8,0.8,-9.6,2.2,1.896,23,6,0,0,6
10.2,13,isocontour,11.283791670955125,46277.45,97.39,17.8,5.5,1.113,0.0,2.6,2.6,17.2,4.3,1.183,9,8,0,0,8
10.2,14,isocontour,11.283791670955125,46103.67,97.02,8.0,-15.4,1.201,2.1,0.1,2.1,5.6,-13.7,1.397,10,6,0,0,6
10.2,15,isocontour,11.283791670955125,45664.04,96.09,17.3,11.2,1.002,-1.4,2.2,2.6,17.2,4.3,1.183,9,7,0,0,7
10.2,16,isocontour,11.283791670955125,47407.82,99.76,-22.0,21.0,0.583,0.4,-0.8,0.9,-22.0,21.0,0.581,16,0,0,0,0
10.2,17,isocontour,11.283791670955125,45771.43,96.32,19.0,8.9,0.979,-0.8,1.8,2.0,17.2,4.3,1.183,9,8,0,0,8
10.2,18,isocontour,11.283791670955125,47390.48,99.73,3.4,24.6,0.792,-0.9,-0.2,0.9,3.4,24.6,0.794,18,0,0,0,0
10.2,19,isocontour,11.283791670955125,46052.79,96.91,-11.5,1.4,1.693,-1.3,-1.6,2.1,-9.6,2.2,1.896,23,6,0,0,6
10.2,20,isocontour,11.283791670955125,46105.26,97.02,7.0,-14.7,1.275,2.2,-1.3,2.6,5.6,-13.7,1.397,10,6,0,0,6
10.2,21,isocontour,11.283791670955125,46220.79,97.27,8.5,-15.5,1.178,0.4,0.9,1.0,5.6,-13.7,1.397,10,6,0,0,6
10.2,22,isocontour,11.283791670955125,46885.13,98.66,-15.5,-0.6,1.337,0.3,-1.3,1.3,-9.6,2.2,1.896,23,6,0,0,6
10.2,23,isocontour,11.283791670955125,46657.45,98.18,-9.9,2.3,1.851,-1.3,0.1,1.3,-9.6,2.2,1.896,23,6,0,0,6
10.2,24,isocontour,11.283791670955125,46448.08,97.74,8.8,-16.0,1.14,0.1,-1.0,1.0,5.6,-13.7,1.397,10,6,0,0,6
10.2,25,isocontour,11.283791670955125,46241.69,97.31,-15.7,-1.1,1.321,-0.0,1.1,1.1,-9.6,2.2,1.896,23,6,0,0,6
10.2,Target,,,,,0.0,0.0,4.023,0.0,0.0,,,,,,,,,
10.3,1,isocontour,11.283791670955125,45911.9,96.62,18.0,-0.2,1.16,0.3,3.1,3.1,17.2,4.3,1.183,9,7,0,0,7
10.3,2,isocontour,11.283791670955125,45680.46,96.13,18.7,9.2,0.985,0.9,0.7,1.1,17.2,4.3,1.183,9,8,0,0,8
10.3,3,isocontour,11.283791670955125,45994.74,96.79,17.9,4.6,1.127,-0.3,0.9,0.9,17.2,4.3,1.183,9,8,0,0,8
10.3,4,isocontour,11.283791670955125,46347.31,97.53,18.0,8.8,1.031,0.5,1.4,1.5,17.2,4.3,1.183,9,8,0,0,8
10.3,5,isocontour,11.283791670955125,46028.59,96.86,17.9,6.5,1.09,-0.9,2.3,2.5,17.2,4.3,1.183,9,8,0,0,8
10.3,6,isocontour,11.283791670955125,46147.76,97.11,7.0,-15.4,1.234,0.8,-0.6,1.0,5.6,-13.7,1.397,10,6,0,0,6
10.3,7,isocontour,11.283791670955125,45888.24,96.57,-11.1,2.3,1.712,-1.6,-2.0,2.6,-9.6,2.2,1.896,23,6,0,0,6
10.3,8,isocontour,11.283791670955125,46354.51,97.55,6.1,-14.8,1.302,0.8,-0.2,0.8,5.6,-13.7,1.397,10,6,0,0,6
10.3,9,isocontour,11.283791670955125,46739.8,98.36,17.2,4.6,1.168,-0.5,0.8,0.9,17.2,4.3,1.183,9,8,0,0,8
10.3,10,isocontour,11.283791670955125,46584.8,98.03,6.0,-14.0,1.358,2.4,-1.2,2.7,6.0,-14.0,1.397,10,6,0,0,6
10.3,11,isocontour,11.283791670955125,46270.12,97.37,-16.1,-0.5,1.292,-1.6,-1.3,2.1,-9.6,2.2,1.896,23,6,0,0,6
10.3,12,isocontour,11.283791670955125,46483.33,97.82,-15.7,0.0,1.318,0.3,1.0,1.0,-9.6,2.2,1.896,23,6,0,0,6
10.3,13,isocontour,11.283791670955125,46256.22,97.34,17.8,5.8,1.112,-0.6,2.5,2.6,17.2,4.3,1.183,9,8,0,0,8
10.3,14,isocontour,11.283791670955125,46099.94,97.01,8.0,-15.5,1.195,-0.6,-1.3,1.4,5.6,-13.7,1.397,10,6,0,0,6
10.3,15,isocontour,11.283791670955125,45585.1,95.93,17.2,11.5,0.996,-1.0,3.8,3.9,17.2,4.3,1.183,9,7,0,0,7
10.3,16,isocontour,11.283791670955125,47406.72,99.76,-21.9,21.0,0.586,0.9,-0.2,0.9,-21.9,21.0,0.583,16,0,0,0,0
10.3,17,isocontour,11.283791670955125,45770.58,96.32,18.9,8.9,0.982,-0.8,0.2,0.8,17.2,4.3,1.183,9,8,0,0,8
10.3,18,isocontour,11.283791670955125,47389.38,99.73,3.4,24.6,0.792,-0.9,0.2,0.9,3.4,24.6,0.794,18,0,0,0,0
10.3,19,isocontour,11.283791670955125,46049.52,96.91,-11.6,1.4,1.679,-1.3,0.3,1.3,-9.6,2.2,1.896,23,6,0,0,6
10.3,20,isocontour,11.283791670955125,46103.73,97.02,7.1,-14.8,1.27,1.0,-0.0,1.0,5.6,-13.7,1.397,10,6,0,0,6
10.3,21,isocontour,11.283791670955125,46164.78,97.15,8.8,-15.6,1.164,3.4,-0.9,3.5,5.6,-13.7,1.397,10,6,0,0,6
10.3,22,isocontour,11.283791670955125,46885.01,98.66,-15.5,-0.6,1.335,-0.4,-0.2,0.4,-9.6,2.2,1.896,23,6,0,0,6
10.3,23,isocontour,11.283791670955125,46650.41,98.17,-10.0,2.3,1.831,-1.8,0.1,1.8,-9.6,2.2,1.896,23,6,0,0,6
10.3,24,isocontour,11.283791670955125,46445.64,97.74,8.7,-16.0,1.145,-1.0,0.6,1.2,5.6,-13.7,1.397,10,6,0,0,6
10.3,25,isocontour,11.283791670955125,46241.68,97.31,-15.7,-1.1,1.322,0.1,0.1,0.1,-9.6,2.2,1.896,23,6,0,0,6
10.3,Target,,,,,0.0,0.0,4.023,0.0,0.0,,,,,,,,,
10.4,1,isocontour,11.283791670955125,45909.53,96.61,18.0,-0.0,1.159,0.1,1.2,1.2,17.2,4.3,1.183,9,7,0,0,7
10.4,2,isocontour,11.283791670955125,45614.44,95.99,18.6,9.6,0.98,-1.0,3.6,3.7,17.2,4.3,1.183,9,8,0,0,8
10.4,3,isocontour,11.283791670955125,45993.26,96.79,17.8,4.7,1.129,-0.5,0.9,1.0,17.2,4.3,1.183,9,8,0,0,8
10.4,4,isocontour,11.283791670955125,46345.78,97.53,18.0,8.9,1.032,-0.7,0.7,1.0,17.2,4.3,1.183,9,8,0,0,8
10.4,5,isocontour,11.283791670955125,46013.96,96.83,17.9,6.7,1.083,0.6,2.2,2.3,17.2,4.3,1.183,9,8,0,0,8
10.4,6,isocontour,11.283791670955125,46146.92,97.11,7.1,-15.3,1.232,0.8,0.2,0.8,5.6,-13.7,1.397,10,6,0,0,6
10.4,7,isocontour,11.283791670955125,45870.08,96.53,-11.3,2.1,1.702,-1.4,-2.0,2.4,-9.6,2.2,1.896,23,6,0,0,6
10.4,8,isocontour,11.283791670955125,46330.43,97.5,6.3,-14.8,1.292,2.6,-0.5,2.6,5.6,-13.7,1.397,10,6,0,0,6
10.4,9,isocontour,11.283791670955125,46739.3,98.36,17.3,4.7,1.166,0.3,0.7,0.8,17.2,4.3,1.183,9,8,0,0,8
10.4,10,isocontour,11.283791670955125,46574.19,98.01,6.2,-14.1,1.348,2.0,-0.4,2.0,6.2,-14.1,1.397,10,6,0,0,6
10.4,11,isocontour,11.283791670955125,46269.28,97.37,-16.1,-0.6,1.291,0.2,-0.8,0.8,-9.6,2.2,1.896,23,6,0,0,6
10.4,12,isocontour,11.283791670955125,46462.34,97.77,-15.8,-0.2,1.314,-0.8,-2.4,2.5,-9.6,2.2,1.896,23,6,0,0,6
10.4,13,isocontour,11.283791670955125,46234.49,97.29,17.8,6.0,1.108,-0.1,2.6,2.6,17.2,4.3,1.183,9,8,0,0,8
10.4,14,isocontour,11.283791670955125,46083.09,96.98,8.2,-15.6,1.182,1.8,-1.5,2.3,5.6,-13.7,1.397,10,6,0,0,6
10.4,15,isocontour,11.283791670955125,45575.98,95.91,17.2,11.7,0.988,0.4,1.9,1.9,17.2,4.3,1.183,9,7,0,0,7
10.4,16,isocontour,11.283791670955125,47405.62,99.76,-22.0,21.1,0.584,-0.4,0.9,1.0,-22.0,21.1,0.586,16,0,0,0,0
10.4,17,isocontour,11.283791670955125,45766.2,96.31,18.8,8.9,0.99,-1.2,-0.9,1.5,17.2,4.3,1.183,9,8,0,0,8
10.4,18,isocontour,11.283791670955125,47388.28,99.72,3.3,24.6,0.793,-0.9,0.0,0.9,3.3,24.6,0.794,18,0,0,0,0
10.4,19,isocontour,11.283791670955125,46037.44,96.88,-11.8,1.3,1.667,-1.4,-1.6,2.1,-9.6,2.2,1.896,23,6,0,0,6
10.4,20,isocontour,11.283791670955125,46103.29,97.02,7.2,-14.8,1.266,0.6,-0.3,0.7,5.6,-13.7,1.397,10,6,0,0,6
10.4,21,isocontour,11.283791670955125,46163.96,97.15,8.9,-15.5,1.163,0.5,0.6,0.8,5.6,-13.7,1.397,10,6,0,0,6
10.4,22,isocontour,11.283791670955125,46837.11,98.56,-15.6,-0.3,1.329,-0.9,3.2,3.3,-9.6,2.2,1.896,23,6,0,0,6
10.4,23,isocontour,11.283791670955125,46647.54,98.16,-10.1,2.2,1.826,-0.6,-1.2,1.3,-9.6,2.2,1.896,23,6,0,0,6
10.4,24,isocontour,11.283791670955125,46444.32,97.74,8.7,-16.1,1.141,-0.1,-1.0,1.0,5.6,-13.7,1.397,10,6,0,0,6
10.4,25,isocontour,11.283791670955125,46238.88,97.3,-15.8,-1.1,1.315,-1.0,-0.8,1.3,-9.6,2.2,1.896,23,6,0,0,6
10.4,Target,,,,,0.0,0.0,4.023,0.0,0.0,,,,,,,,,
10.5,1,isocontour,11.283791670955125,45907.15,96.61,18.0,0.1,1.159,0.1,1.2,1.2,17.2,4.3,1.183,9,7,0,0,7
10.5,2,isocontour,11.283791670955125,45578.58,95.91,18.4,9.4,0.994,-2.3,-2.0,3.0,17.2,4.3,1.183,9,8,0,0,8
10.5,3,isocontour,11.283791670955125,45988.24,96.78,17.9,4.8,1.121,1.3,0.9,1.6,17.2,4.3,1.183,9,8,0,0,8
10.5,4,isocontour,11.283791670955125,46324.55,97.48,18.0,9.1,1.024,0.5,2.5,2.5,17.2,4.3,1.183,9,8,0,0,8
10.5,5,isocontour,11.283791670955125,46011.1,96.82,18.0,6.9,1.076,0.8,1.0,1.3,17.2,4.3,1.183,9,8,0,0,8
10.5,6,isocontour,11.283791670955125,46132.29,97.08,7.1,-15.5,1.219,0.4,-2.2,2.2,5.6,-13.7,1.397,10,6,0,0,6
10.5,7,isocontour,11.283791670955125,45851.23,96.49,-11.4,2.0,1.689,-1.6,-1.9,2.5,-9.6,2.2,1.896,23,6,0,0,6
10.5,8,isocontour,11.283791670955125,46329.33,97.49,6.4,-14.9,1.285,0.7,-0.6,0.9,5.6,-13.7,1.397,10,6,0,0,6
10.5,9,isocontour,11.283791670955125,46734.18,98.35,17.1,4.7,1.173,-1.5,0.5,1.6,17.2,4.3,1.183,9,8,0,0,8
10.5,10,isocontour,11.283791670955125,46573.37,98.01,6.3,-14.1,1.341,0.6,-0.6,0.8,6.3,-14.1,1.397,10,6,0,0,6
10.5,11,isocontour,11.283791670955125,46267.01,97.36,-16.2,-0.7,1.284,-1.2,-0.2,1.2,-9.6,2.2,1.896,23,6,0,0,6
10.5,12,isocontour,11.283791670955125,46456.32,97.76,-16.0,-0.3,1.303,-1.5,-0.7,1.7,-9.6,2.2,1.896,23,6,0,0,6
10.5,13,isocontour,11.283791670955125,46233.75,97.29,17.8,6.1,1.104,0.4,0.7,0.8,17.2,4.3,1.183,9,8,0,0,8
10.5,14,isocontour,11.283791670955125,46061.61,96.93,8.4,-15.7,1.169,2.4,-0.8,2.5,5.6,-13.7,1.397,10,6,0,0,6
10.5,15,isocontour,11.283791670955125,45573.55,95.9,17.3,11.7,0.986,0.9,-0.8,1.2,17.2,4.3,1.183,9,7,0,0,7
10.5,16,isocontour,11.283791670955125,47404.52,99.76,-22.0,21.1,0.583,-0.9,-0.4,1.0,-22.0,21.1,0.586,16,0,0,0,0
10.5,17,isocontour,11.283791670955125,45758.29,96.29,18.8,8.7,0.994,0.1,-1.8,1.8,17.2,4.3,1.183,9,8,0,0,8
10.5,18,isocontour,11.283791670955125,47387.18,99.72,3.2,24.6,0.793,-0.9,0.0,0.9,3.2,24.6,0.794,18,0,0,0,0
10.5,19,isocontour,11.283791670955125,46032.7,96.87,-11.9,1.3,1.652,-1.5,0.3,1.5,-9.6,2.2,1.896,23,6,0,0,6
10.5,20,isocontour,11.283791670955125,46101.63,97.02,7.3,-14.7,1.268,0.7,0.9,1.1,5.6,-13.7,1.397,10,6,0,0,6
10.5,21,isocontour,11.283791670955125,46157.27,97.13,8.9,-15.7,1.155,-0.0,-1.7,1.7,5.6,-13.7,1.397,10,6,0,0,6
10.5,22,isocontour,11.283791670955125,46834.43,98.56,-15.6,-0.4,1.332,0.8,-1.0,1.3,-9.6,2.2,1.896,23,6,0,0,6
10.5,23,isocontour,11.283791670955125,46643.16,98.15,-10.3,2.2,1.811,-1.5,0.2,1.5,-9.6,2.2,1.896,23,6,0,0,6
10.5,24,isocontour,11.283791670955125,46442.28,97.73,8.6,-16.1,1.144,-1.2,0.1,1.2,5.6,-13.7,1.397,10,6,0,0,6
10.5,25,isocontour,11.283791670955125,46207.41,97.24,-15.8,-0.9,1.313,-0.2,2.9,2.9,-9.6,2.2,1.896,23,6,0,0,6
10.5,Target,,,,,0.0,0.0,4.023,0.0,0.0,,,,,,,,,
10.6,1,isocontour,11.283791670955125,45868.78,96.53,18.0,0.4,1.158,0.1,3.1,3.1,17.2,4.3,1.183,9,7,0,0,7
10.6,2,isocontour,11.283791670955125,45523.05,95.8,18.5,9.7,0.984,1.1,3.3,3.5,17.2,4.3,1.183,9,8,0,0,8
10.6,3,isocontour,11.283791670955125,45962.79,96.72,17.9,5.0,1.117,-0.3,2.7,2.7,17.2,4.3,1.183,9,8,0,0,8
10.6,4,isocontour,11.283791670955125,46323.38,97.48,18.0,9.0,1.026,-0.2,-0.9,0.9,17.2,4.3,1.183,9,8,0,0,8
10.6,5,isocontour,11.283791670955125,45989.87,96.78,18.1,7.1,1.069,0.3,2.5,2.5,17.2,4.3,1.183,9,8,0,0,8
10.6,6,isocontour,11.283791670955125,46131.5,97.08,7.2,-15.5,1.216,0.8,0.2,0.8,5.6,-13.7,1.397,10,6,0,0,6
10.6,7,isocontour,11.283791670955125,45850.42,96.49,-11.5,1.9,1.68,-0.8,-0.1,0.8,-9.6,2.2,1.896,23,6,0,0,6
10.6,8,isocontour,11.283791670955125,46315.47,97.47,6.6,-15.0,1.271,1.7,-1.4,2.2,5.6,-13.7,1.397,10,6,0,0,6
10.6,9,isocontour,11.283791670955125,46733.22,98.34,17.2,4.8,1.17,0.7,0.6,0.9,17.2,4.3,1.183,9,8,0,0,8
10.6,10,isocontour,11.283791670955125,46565.84,97.99,6.4,-14.3,1.328,0.6,-1.7,1.8,6.4,-14.3,1.397,10,6,0,0,6
10.6,11,isocontour,11.283791670955125,46248.17,97.32,-16.3,-0.9,1.276,-1.0,-2.2,2.4,-9.6,2.2,1.896,23,6,0,0,6
10.6,12,isocontour,11.283791670955125,46447.48,97.74,-16.1,-0.3,1.29,-1.7,-0.9,1.9,-9.6,2.2,1.896,23,6,0,0,6
10.6,13,isocontour,11.283791670955125,46213.01,97.25,17.8,6.4,1.099,0.0,2.5,2.5,17.2,4.3,1.183,9,8,0,0,8
10.6,14,isocontour,11.283791670955125,46061.22,96.93,8.5,-15.8,1.164,0.5,-0.4,0.6,5.6,-13.7,1.397,10,6,0,0,6
10.6,15,isocontour,11.283791670955125,45571.23,95.9,17.3,11.6,0.987,0.5,-1.1,1.2,17.2,4.3,1.183,9,7,0,0,7
10.6,16,isocontour,11.283791670955125,47403.42,99.75,-22.0,21.1,0.581,0.3,0.9,0.9,-22.0,21.1,0.586,16,0,0,0,0
10.6,17,isocontour,11.283791670955125,45726.17,96.23,18.8,8.4,0.997,0.6,-2.9,3.0,17.2,4.3,1.183,9,8,0,0,8
10.6,18,isocontour,11.283791670955125,47386.08,99.72,3.1,24.6,0.794,-0.9,-0.2,0.9,3.1,24.6,0.794,18,0,0,0,0
10.6,19,isocontour,11.283791670955125,46020.1,96.84,-12.0,1.1,1.639,-1.4,-1.6,2.1,-9.6,2.2,1.896,23,6,0,0,6
10.6,20,isocontour,11.283791670955125,46091.64,96.99,7.4,-14.8,1.26,1.9,-0.6,2.0,5.6,-13.7,1.397,10,6,0,0,6
10.6,21,isocontour,11.283791670955125,46155.57,97.13,8.9,-15.8,1.151,-0.5,-1.0,1.1,5.6,-13.7,1.397,10,6,0,0,6
10.6,22,isocontour,11.283791670955125,46834.25,98.56,-15.5,-0.4,1.336,0.5,-0.2,0.5,-9.6,2.2,1.896,23,6,0,0,6
10.6,23,isocontour,11.283791670955125,46638.6,98.15,-10.4,2.2,1.794,-1.5,0.2,1.5,-9.6,2.2,1.896,23,6,0,0,6
10.6,24,isocontour,11.283791670955125,46436.03,97.72,8.6,-16.2,1.135,0.8,-1.5,1.7,5.6,-13.7,1.397,10,6,0,0,6
10.6,25,isocontour,11.283791670955125,46206.24,97.24,-15.8,-0.8,1.315,0.2,0.9,0.9,-9.6,2.2,1.896,23,6,0,0,6
10.6,Target,,,,,0.0,0.0,4.023,0.0,0.0,,,,,,,,,
10.7,1,isocontour,11.283791670955125,45866.4,96.52,18.0,0.5,1.158,0.0,1.2,1.2,17.2,4.3,1.183,9,8,0,0,8
10.7,2,isocontour,11.283791670955125,45519.25,95.79,18.6,9.7,0.978,1.3,-0.5,1.4,17.2,4.3,1.183,9,8,0,0,8
10.7,3,isocontour,11.283791670955125,45959.79,96.72,18.0,5.1,1.111,0.7,1.1,1.3,17.2,4.3,1.183,9,8,0,0,8
10.7,4,isocontour,11.283791670955125,46319.42,97.47,18.1,9.1,1.019,1.3,0.7,1.5,17.2,4.3,1.183,9,8,0,0,8
10.7,5,isocontour,11.283791670955125,45989.05,96.78,18.1,7.2,1.064,0.5,0.7,0.9,17.2,4.3,1.183,9,8,0,0,8
10.7,6,isocontour,11.283791670955125,46117.45,97.05,7.4,-15.5,1.213,2.2,0.5,2.3,5.6,-13.7,1.397,10,6,0,0,6
10.7,7,isocontour,11.283791670955125,45833.56,96.45,-11.7,1.8,1.669,-1.5,-1.8,2.3,-9.6,2.2,1.896,23,6,0,0,6
10.7,8,isocontour,11.283791670955125,46295.45,97.42,6.8,-15.0,1.262,2.5,-0.2,2.5,5.6,-13.7,1.397,10,6,0,0,6
10.7,9,isocontour,11.283791670955125,46714.6,98.31,17.2,5.0,1.164,0.3,2.4,2.4,17.2,4.3,1.183,9,8,0,0,8
10.7,10,isocontour,11.283791670955125,46542.3,97.94,6.6,-14.4,1.313,2.3,-1.2,2.6,6.6,-14.4,1.397,10,6,0,0,6
10.7,11,isocontour,11.283791670955125,46238.32,97.3,-16.4,-1.0,1.264,-1.7,-1.1,2.0,-9.6,2.2,1.896,23,6,0,0,6
10.7,12,isocontour,11.283791670955125,46433.8,97.71,-16.3,-0.3,1.275,-2.2,0.4,2.2,-9.6,2.2,1.896,23,6,0,0,6
10.7,13,isocontour,11.283791670955125,46212.14,97.25,17.9,6.5,1.094,0.6,0.6,0.8,17.2,4.3,1.183,9,8,0,0,8
10.7,14,isocontour,11.283791670955125,46060.48,96.93,8.5,-15.7,1.166,0.3,0.8,0.9,5.6,-13.7,1.397,10,6,0,0,6
10.7,15,isocontour,11.283791670955125,45543.17,95.84,17.3,11.3,0.994,0.1,-2.8,2.8,17.2,4.3,1.183,9,8,0,0,8
10.7,16,isocontour,11.283791670955125,47402.32,99.75,-22.1,21.1,0.58,-0.9,-0.3,0.9,-22.1,21.1,0.586,16,0,0,0,0
10.7,17,isocontour,11.283791670955125,45713.04,96.2,19.0,8.5,0.989,1.3,1.7,2.1,17.2,4.3,1.183,9,8,0,0,8
10.7,18,isocontour,11.283791670955125,47384.98,99.72,3.1,24.5,0.796,0.8,-0.4,0.9,3.1,24.5,0.794,18,0,0,0,0
10.7,19,isocontour,11.283791670955125,46008.36,96.82,-12.2,1.0,1.627,-1.4,-1.6,2.1,-9.6,2.2,1.896,23,6,0,0,6
10.7,20,isocontour,11.283791670955125,46088.96,96.99,7.6,-14.8,1.253,1.2,-0.4,1.3,5.6,-13.7,1.397,10,6,0,0,6
10.7,21,isocontour,11.283791670955125,46149.1,97.12,9.0,-15.9,1.141,1.4,-1.0,1.7,5.6,-13.7,1.397,10,6,0,0,6
10.7,22,isocontour,11.283791670955125,46834.1,98.56,-15.5,-0.4,1.334,-0.5,-0.1,0.5,-9.6,2.2,1.896,23,6,0,0,6
10.7,23,isocontour,11.283791670955125,46632.36,98.13,-10.6,2.2,1.775,-1.7,0.1,1.7,-9.6,2.2,1.896,23,6,0,0,6
10.7,24,isocontour,11.283791670955125,46435.42,97.72,8.6,-16.3,1.13,-0.1,-0.8,0.8,5.6,-13.7,1.397,10,6,0,0,6
10.7,25,isocontour,11.283791670955125,46205.27,97.23,-15.8,-0.7,1.317,0.2,0.9,0.9,-9.6,2.2,1.896,23,6,0,0,6
10.7,Target,,,,,0.0,0.0,4.023,0.0,0.0,,,,,,,,,
10.8,1,isocontour,11.283791670955125,45864.03,96.52,18.0,0.7,1.158,-0.0,1.2,1.2,17.2,4.3,1.183,9,8,0,0,8
10.8,2,isocontour,11.283791670955125,45485.47,95.72,18.4,9.6,0.991,-2.6,-1.4,3.0,17.2,4.3,1.183,9,8,0,0,8
10.8,3,isocontour,11.283791670955125,45954.87,96.71,18.1,5.3,1.105,0.7,1.4,1.6,17.2,4.3,1.183,9,8,0,0,8
10.8,4,isocontour,11.283791670955125,46311.25,97.46,18.0,9.2,1.02,-1.1,1.5,1.9,17.2,4.3,1.183,9,8,0,0,8
10.8,5,isocontour,11.283791670955125,45988.57,96.78,18.1,7.3,1.062,0.1,0.7,0.7,17.2,4.3,1.183,9,8,0,0,8
10.8,6,isocontour,11.283791670955125,46108.05,97.03,7.6,-15.6,1.202,1.4,-1.4,2.0,5.6,-13.7,1.397,10,6,0,0,6
10.8,7,isocontour,11.283791670955125,45817.33,96.42,-11.8,1.6,1.656,-1.5,-1.8,2.3,-9.6,2.2,1.896,23,6,0,0,6
10.8,8,isocontour,11.283791670955125,46274.22,97.38,7.0,-15.1,1.248,2.3,-1.2,2.6,5.6,-13.7,1.397,10,6,0,0,6
10.8,9,isocontour,11.283791670955125,46713.66,98.3,17.2,5.1,1.159,0.6,0.7,0.9,17.2,4.3,1.183,9,8,0,0,8
10.8,10,isocontour,11.283791670955125,46539.23,97.94,6.7,-14.5,1.302,0.5,-1.2,1.3,6.7,-14.5,1.397,10,6,0,0,6
10.8,11,isocontour,11.283791670955125,46236.53,97.3,-16.4,-0.9,1.264,0.3,1.1,1.1,-9.6,2.2,1.896,23,6,0,0,6
10.8,12,isocontour,11.283791670955125,46408.07,97.66,-16.4,-0.5,1.272,0.0,-2.7,2.7,-9.6,2.2,1.896,23,6,0,0,6
10.8,13,isocontour,11.283791670955125,46211.71,97.25,17.9,6.5,1.091,0.1,0.7,0.7,17.2,4.3,1.183,9,8,0,0,8
10.8,14,isocontour,11.283791670955125,46051.08,96.91,8.4,-15.7,1.169,-1.9,-0.5,2.0,5.6,-13.7,1.397,10,6,0,0,6
10.8,15,isocontour,11.283791670955125,45542.77,95.84,17.4,11.3,0.992,0.3,0.6,0.7,17.2,4.3,1.183,9,8,0,0,8
10.8,16,isocontour,11.283791670955125,47401.22,99.75,-22.1,21.2,0.579,0.5,0.8,0.9,-22.1,21.2,0.586,16,0,0,0,0
10.8,17,isocontour,11.283791670955125,45683.77,96.14,19.0,8.8,0.979,0.7,2.7,2.8,17.2,4.3,1.183,9,8,0,0,8
10.8,18,isocontour,11.283791670955125,47383.88,99.71,3.2,24.5,0.795,0.9,-0.0,0.9,3.2,24.5,0.796,18,0,0,0,0
10.8,19,isocontour,11.283791670955125,46003.72,96.81,-12.3,1.0,1.612,-1.5,0.4,1.6,-9.6,2.2,1.896,23,6,0,0,6
10.8,20,isocontour,11.283791670955125,46078.81,96.97,7.6,-15.0,1.241,0.3,-2.0,2.0,5.6,-13.7,1.397,10,6,0,0,6
10.8,21,isocontour,11.283791670955125,46138.5,97.09,9.1,-16.0,1.129,1.2,-1.6,2.0,5.6,-13.7,1.397,10,6,0,0,6
10.8,22,isocontour,11.283791670955125,46827.17,98.54,-15.6,-0.3,1.333,-0.0,1.7,1.7,-9.6,2.2,1.896,23,6,0,0,6
10.8,23,isocontour,11.283791670955125,46614.86,98.1,-10.7,2.1,1.761,-1.7,-1.7,2.4,-9.6,2.2,1.896,23,6,0,0,6
10.8,24,isocontour,11.283791670955125,46434.18,97.72,8.6,-16.3,1.128,-0.8,-0.6,1.0,5.6,-13.7,1.397,10,6,0,0,6
10.8,25,isocontour,11.283791670955125,46146.38,97.11,-16.0,-0.8,1.298,-2.9,-2.1,3.6,-9.6,2.2,1.896,23,6,0,0,6
10.8,Target,,,,,0.0,0.0,4.023,0.0,0.0,,,,,,,,,
10.9,1,isocontour,11.283791670955125,45825.65,96.43,18.0,0.9,1.157,-0.1,3.1,3.1,17.2,4.3,1.183,9,8,0,0,8
10.9,2,isocontour,11.283791670955125,45479.0,95.7,18.5,9.5,0.99,1.4,-1.0,1.7,17.2,4.3,1.183,9,8,0,0,8
10.9,3,isocontour,11.283791670955125,45933.13,96.66,18.1,5.5,1.099,0.2,2.6,2.6,17.2,4.3,1.183,9,8,0,0,8
10.9,4,isocontour,11.283791670955125,46300.49,97.43,17.9,9.3,1.025,-1.7,1.1,2.0,17.2,4.3,1.183,9,8,0,0,8
10.9,5,isocontour,11.283791670955125,45986.01,96.77,18.1,7.4,1.063,-0.8,1.0,1.3,17.2,4.3,1.183,9,8,0,0,8
10.9,6,isocontour,11.283791670955125,46086.82,96.98,7.8,-15.7,1.192,2.5,-0.4,2.5,5.6,-13.7,1.397,10,6,0,0,6
10.9,7,isocontour,11.283791670955125,45814.2,96.41,-12.0,1.6,1.643,-1.3,0.2,1.3,-9.6,2.2,1.896,23,6,0,0,6
10.9,8,isocontour,11.283791670955125,46256.28,97.34,7.2,-15.3,1.233,1.9,-1.5,2.4,5.6,-13.7,1.397,10,6,0,0,6
10.9,9,isocontour,11.283791670955125,46695.05,98.26,17.3,5.3,1.15,1.0,2.2,2.4,17.2,4.3,1.183,9,8,0,0,8
10.9,10,isocontour,11.283791670955125,46517.25,97.89,6.9,-14.6,1.288,2.4,-1.0,2.6,6.9,-14.6,1.397,10,6,0,0,6
10.9,11,isocontour,11.283791670955125,46216.75,97.26,-16.5,-1.1,1.257,-1.1,-2.2,2.5,-9.6,2.2,1.896,23,6,0,0,6
10.9,12,isocontour,11.283791670955125,46406.45,97.66,-16.4,-0.5,1.272,-0.1,1.1,1.1,-9.6,2.2,1.896,23,6,0,0,6
10.9,13,isocontour,11.283791670955125,46192.64,97.21,17.8,6.7,1.089,-0.5,2.4,2.5,17.2,4.3,1.183,9,8,0,0,8
10.9,14,isocontour,11.283791670955125,46032.23,96.87,8.5,-15.8,1.158,2.1,-1.2,2.4,5.6,-13.7,1.397,10,6,0,0,6
10.9,15,isocontour,11.283791670955125,45433.15,95.61,17.2,11.7,0.988,-1.8,4.1,4.5,17.2,4.3,1.183,9,8,0,0,8
10.9,16,isocontour,11.283791670955125,47400.12,99.75,-22.0,21.3,0.579,0.7,0.6,0.9,-22.0,21.3,0.586,16,0,0,0,0
10.9,17,isocontour,11.283791670955125,45670.82,96.11,18.9,9.0,0.98,-1.3,1.7,2.1,17.2,4.3,1.183,9,8,0,0,8
10.9,18,isocontour,11.283791670955125,47382.78,99.71,3.2,24.5,0.796,-0.9,0.0,0.9,3.2,24.5,0.796,18,0,0,0,0
10.9,19,isocontour,11.283791670955125,45999.51,96.8,-12.5,1.0,1.598,-1.4,0.3,1.4,-9.6,2.2,1.896,23,6,0,0,6
10.9,20,isocontour,11.283791670955125,46057.83,96.92,7.8,-15.2,1.224,1.8,-1.7,2.5,5.6,-13.7,1.397,10,6,0,0,6
10.9,21,isocontour,11.283791670955125,46117.27,97.05,9.0,-16.2,1.124,-1.9,-1.7,2.5,5.6,-13.7,1.397,10,6,0,0,6
10.9,22,isocontour,11.283791670955125,46811.56,98.51,-15.7,-0.4,1.324,-1.3,-1.9,2.3,-9.6,2.2,1.896,23,6,0,0,6
10.9,23,isocontour,11.283791670955125,46599.24,98.06,-10.9,1.9,1.748,-1.5,-1.7,2.3,-9.6,2.2,1.896,23,6,0,0,6
10.9,24,isocontour,11.283791670955125,46433.59,97.71,8.6,-16.3,1.127,0.7,0.2,0.7,5.6,-13.7,1.397,10,6,0,0,6
10.9,25,isocontour,11.283791670955125,46144.33,97.11,-16.1,-1.0,1.293,-0.1,-1.1,1.1,-9.6,2.2,1.896,23,6,0,0,6
10.9,Target,,,,,0.0,0.0,4.023,0.0,0.0,,,,,,,,,
11.0,1,isocontour,11.283791670955125,45795.77,96.37,18.0,1.2,1.154,0.3,2.8,2.8,17.2,4.3,1.183,9,8,0,0,8
11.0,2,isocontour,11.283791670955125,45476.62,95.7,18.5,9.4,0.993,-0.3,-1.2,1.2,17.2,4.3,1.183,9,8,0,0,8
11.0,3,isocontour,11.283791670955125,45918.51,96.63,18.2,5.7,1.091,0.7,2.1,2.2,17.2,4.3,1.183,9,8,0,0,8
11.0,4,isocontour,11.283791670955125,46298.78,97.43,17.9,9.4,1.02,0.9,0.6,1.1,17.2,4.3,1.183,9,8,0,0,8
11.0,5,isocontour,11.283791670955125,45980.09,96.76,18.1,7.5,1.057,0.9,1.4,1.7,17.2,4.3,1.183,9,8,0,0,8
11.0,6,isocontour,11.283791670955125,46074.57,96.96,7.9,-15.8,1.178,0.7,-2.0,2.1,5.6,-13.7,1.397,10,6,0,0,6
11.0,7,isocontour,11.283791670955125,45800.15,96.38,-12.1,1.4,1.632,-1.3,-1.8,2.2,-9.6,2.2,1.896,23,6,0,0,6
11.0,8,isocontour,11.283791670955125,46236.03,97.3,7.5,-15.4,1.221,2.4,-0.6,2.5,5.6,-13.7,1.397,10,6,0,0,6
11.0,9,isocontour,11.283791670955125,46692.84,98.26,17.4,5.4,1.142,0.9,0.8,1.2,17.2,4.3,1.183,9,8,0,0,8
11.0,10,isocontour,11.283791670955125,46492.35,97.84,7.1,-14.8,1.271,2.2,-1.5,2.7,7.1,-14.8,1.397,10,6,0,0,6
11.0,11,isocontour,11.283791670955125,46210.83,97.25,-16.7,-1.1,1.247,-1.5,0.7,1.7,-9.6,2.2,1.896,23,6,0,0,6
11.0,12,isocontour,11.283791670955125,46381.83,97.6,-16.4,-0.7,1.27,-0.1,-2.7,2.7,-9.6,2.2,1.896,23,6,0,0,6
11.0,13,isocontour,11.283791670955125,46172.14,97.16,17.9,7.0,1.082,0.5,2.5,2.5,17.2,4.3,1.183,9,8,0,0,8
11.0,14,isocontour,11.283791670955125,46031.39,96.87,8.5,-15.8,1.161,-0.4,0.8,0.9,5.6,-13.7,1.397,10,6,0,0,6
11.0,15,isocontour,11.283791670955125,45432.15,95.61,17.1,11.7,0.991,-0.9,-0.3,0.9,17.2,4.3,1.183,9,8,0,0,8
11.0,16,isocontour,11.283791670955125,47399.02,99.75,-22.0,21.3,0.578,0.0,0.9,0.9,-22.0,21.3,0.586,16,0,0,0,0
11.0,17,isocontour,11.283791670955125,45646.47,96.06,18.7,9.1,0.987,-2.3,1.3,2.6,17.2,4.3,1.183,9,8,0,0,8
11.0,18,isocontour,11.283791670955125,47381.68,99.71,3.1,24.5,0.795,-0.9,0.4,1.0,3.1,24.5,0.796,18,0,0,0,0
11.0,19,isocontour,11.283791670955125,45986.91,96.77,-12.6,0.9,1.585,-1.4,-1.6,2.1,-9.6,2.2,1.896,23,6,0,0,6
11.0,20,isocontour,11.283791670955125,46055.68,96.92,7.9,-15.2,1.217,1.1,-0.3,1.1,5.6,-13.7,1.397,10,6,0,0,6
11.0,21,isocontour,11.283791670955125,46116.53,97.05,9.0,-16.2,1.124,0.7,0.5,0.9,5.6,-13.7,1.397,10,6,0,0,6
11.0,22,isocontour,11.283791670955125,46808.63,98.5,-15.8,-0.4,1.314,-1.3,-0.0,1.3,-9.6,2.2,1.896,23,6,0,0,6
11.0,23,isocontour,11.283791670955125,46583.83,98.03,-11.0,1.7,1.734,-1.6,-1.7,2.3,-9.6,2.2,1.896,23,6,0,0,6
11.0,24,isocontour,11.283791670955125,46430.52,97.71,8.7,-16.3,1.123,1.3,-0.1,1.3,5.6,-13.7,1.397,10,6,0,0,6
11.0,25,isocontour,11.283791670955125,46144.17,97.1,-16.0,-1.0,1.294,0.2,0.4,0.4,-9.6,2.2,1.896,23,6,0,0,6
11.0,Target,,,,,0.0,0.0,4.023,0.0,0.0,,,,,,,,,
11.1,1,isocontour,11.283791670955125,45794.29,96.37,18.0,1.4,1.154,-0.1,1.0,1.0,17.2,4.3,1.183,9,8,0,0,8
11.1,2,isocontour,11.283791670955125,45472.24,95.69,18.4,9.2,1.0,-1.0,-1.1,1.5,17.2,4.3,1.183,9,8,0,0,8
11.1,3,isocontour,11.283791670955125,45918.01,96.63,18.1,5.8,1.09,-0.2,0.7,0.7,17.2,4.3,1.183,9,8,0,0,8
11.1,4,isocontour,11.283791670955125,46298.38,97.43,17.9,9.5,1.017,0.2,0.6,0.6,17.2,4.3,1.183,9,8,0,0,8
11.1,5,isocontour,11.283791670955125,45960.55,96.72,18.2,7.7,1.048,0.7,2.4,2.5,17.2,4.3,1.183,9,8,0,0,8
11.1,6,isocontour,11.283791670955125,46055.95,96.92,8.1,-15.9,1.17,2.4,0.0,2.4,5.6,-13.7,1.397,10,6,0,0,6
11.1,7,isocontour,11.283791670955125,45787.9,96.36,-12.2,1.2,1.622,-1.2,-1.7,2.1,-9.6,2.2,1.896,23,6,0,0,6
11.1,8,isocontour,11.283791670955125,46233.23,97.29,7.4,-15.4,1.218,-1.1,-0.7,1.3,5.6,-13.7,1.397,10,6,0,0,6
11.1,9,isocontour,11.283791670955125,46671.86,98.22,17.5,5.6,1.134,0.5,2.5,2.5,17.2,4.3,1.183,9,8,0,0,8
11.1,10,isocontour,11.283791670955125,46480.1,97.81,7.3,-14.8,1.26,2.0,-0.5,2.1,7.3,-14.8,1.397,10,6,0,0,6
11.1,11,isocontour,11.283791670955125,46209.9,97.24,-16.8,-1.1,1.24,-0.8,-0.4,0.9,-9.6,2.2,1.896,23,6,0,0,6
11.1,12,isocontour,11.283791670955125,46378.83,97.6,-16.4,-0.6,1.269,-0.2,1.3,1.3,-9.6,2.2,1.896,23,6,0,0,6
11.1,13,isocontour,11.283791670955125,46169.99,97.16,17.8,7.1,1.083,-0.8,0.8,1.1,17.2,4.3,1.183,9,8,0,0,8
11.1,14,isocontour,11.283791670955125,46028.32,96.86,8.6,-15.7,1.162,1.2,0.6,1.3,5.6,-13.7,1.397,10,6,0,0,6
11.1,15,isocontour,11.283791670955125,45418.47,95.58,17.1,11.9,0.988,-0.5,2.1,2.2,17.2,4.3,1.183,9,8,0,0,8
11.1,16,isocontour,11.283791670955125,47397.92,99.74,-22.1,21.3,0.577,-0.7,-0.6,0.9,-22.1,21.3,0.586,16,0,0,0,0
11.1,17,isocontour,11.283791670955125,45640.66,96.05,18.7,9.0,0.992,-0.1,-1.6,1.6,17.2,4.3,1.183,9,8,0,0,8
11.1,18,isocontour,11.283791670955125,47380.58,99.71,3.1,24.5,0.795,0.9,-0.3,0.9,3.1,24.5,0.796,18,0,0,0,0
11.1,19,isocontour,11.283791670955125,45973.23,96.75,-12.8,0.7,1.572,-1.5,-1.6,2.2,-9.6,2.2,1.896,23,6,0,0,6
11.1,20,isocontour,11.283791670955125,46047.51,96.9,8.0,-15.3,1.208,1.7,-0.7,1.8,5.6,-13.7,1.397,10,6,0,0,6
11.1,21,isocontour,11.283791670955125,46114.15,97.04,8.9,-16.1,1.13,-1.0,0.6,1.2,5.6,-13.7,1.397,10,6,0,0,6
11.1,22,isocontour,11.283791670955125,46791.12,98.47,-15.9,-0.6,1.304,-1.2,-2.1,2.4,-9.6,2.2,1.896,23,6,0,0,6
11.1,23,isocontour,11.283791670955125,46570.7,98.0,-11.2,1.5,1.722,-1.4,-1.7,2.2,-9.6,2.2,1.896,23,6,0,0,6
11.1,24,isocontour,11.283791670955125,46397.74,97.64,8.5,-16.4,1.124,-2.7,-1.1,2.9,5.6,-13.7,1.397,10,6,0,0,6
11.1,25,isocontour,11.283791670955125,46144.15,97.1,-16.0,-0.9,1.294,-0.2,0.2,0.3,-9.6,2.2,1.896,23,6,0,0,6
11.1,Target,,,,,0.0,0.0,4.023,0.0,0.0,,,,,,,,,
11.2,1,isocontour,11.283791670955125,45792.85,96.37,18.0,1.5,1.153,0.0,1.0,1.0,17.2,4.3,1.183,9,8,0,0,8
11.2,2,isocontour,11.283791670955125,45417.18,95.57,18.3,9.5,0.995,-0.4,3.5,3.5,17.2,4.3,1.183,9,8,0,0,8
11.2,3,isocontour,11.283791670955125,45896.53,96.58,18.1,6.1,1.086,-0.1,2.6,2.6,17.2,4.3,1.183,9,8,0,0,8
11.2,4,isocontour,11.283791670955125,46297.34,97.43,17.9,9.5,1.02,-0.9,0.0,0.9,17.2,4.3,1.183,9,8,0,0,8
11.2,5,isocontour,11.283791670955125,45946.69,96.69,18.3,7.9,1.038,1.1,1.9,2.2,17.2,4.3,1.183,9,8,0,0,8
11.2,6,isocontour,11.283791670955125,46055.89,96.92,8.2,-15.9,1.167,0.2,-0.3,0.4,5.6,-13.7,1.397,10,6,0,0,6
11.2,7,isocontour,11.283791670955125,45773.27,96.32,-12.4,1.1,1.609,-1.5,-1.7,2.3,-9.6,2.2,1.896,23,6,0,0,6
11.2,8,isocontour,11.283791670955125,46213.21,97.25,7.6,-15.5,1.209,2.5,-0.4,2.5,5.6,-13.7,1.397,10,6,0,0,6
11.2,9,isocontour,11.283791670955125,46651.12,98.17,17.6,5.8,1.124,1.0,2.3,2.5,17.2,4.3,1.183,9,8,0,0,8
11.2,10,isocontour,11.283791670955125,46454.37,97.76,7.5,-15.0,1.242,1.8,-2.1,2.8,7.5,-15.0,1.397,10,6,0,0,6
11.2,11,isocontour,11.283791670955125,46209.02,97.24,-16.8,-1.2,1.241,0.3,-0.8,0.9,-9.6,2.2,1.896,23,6,0,0,6
11.2,12,isocontour,11.283791670955125,46348.63,97.54,-16.6,-0.6,1.251,-2.9,-0.1,2.9,-9.6,2.2,1.896,23,6,0,0,6
11.2,13,isocontour,11.283791670955125,46149.98,97.12,17.9,7.3,1.074,1.1,2.2,2.5,17.2,4.3,1.183,9,8,0,0,8
11.2,14,isocontour,11.283791670955125,46028.08,96.86,8.7,-15.7,1.161,0.5,0.2,0.5,5.6,-13.7,1.397,10,6,0,0,6
11.2,15,isocontour,11.283791670955125,45417.84,95.58,17.1,12.0,0.985,0.2,0.8,0.8,17.2,4.3,1.183,9,8,0,0,8
11.2,16,isocontour,11.283791670955125,47396.82,99.74,-22.0,21.2,0.58,0.6,-0.8,1.0,-22.0,21.2,0.586,16,0,0,0,0
11.2,17,isocontour,11.283791670955125,45581.27,95.92,18.9,8.8,0.983,3.2,-1.7,3.6,17.2,4.3,1.183,9,8,0,0,8
11.2,18,isocontour,11.283791670955125,47379.48,99.7,3.2,24.6,0.793,0.7,0.6,0.9,3.2,24.6,0.796,18,0,0,0,0
11.2,19,isocontour,11.283791670955125,45959.74,96.72,-12.9,0.6,1.559,-1.5,-1.6,2.2,-9.6,2.2,1.896,23,6,0,0,6
11.2,20,isocontour,11.283791670955125,46028.67,96.86,8.2,-15.4,1.193,1.6,-1.8,2.4,5.6,-13.7,1.397,10,6,0,0,6
11.2,21,isocontour,11.283791670955125,46110.43,97.03,9.0,-16.2,1.123,0.7,-1.2,1.4,5.6,-13.7,1.397,10,6,0,0,6
11.2,22,isocontour,11.283791670955125,46789.72,98.46,-16.0,-0.7,1.302,-0.1,-1.0,1.0,-9.6,2.2,1.896,23,6,0,0,6
11.2,23,isocontour,11.283791670955125,46555.69,97.97,-11.3,1.4,1.707,-1.6,-1.6,2.3,-9.6,2.2,1.896,23,6,0,0,6
11.2,24,isocontour,11.283791670955125,46373.67,97.59,8.3,-16.5,1.127,-2.5,-0.8,2.6,5.6,-13.7,1.397,10,6,0,0,6
11.2,25,isocontour,11.283791670955125,46117.56,97.05,-16.2,-1.1,1.284,-1.3,-2.4,2.7,-9.6,2.2,1.896,23,6,0,0,6
11.2,Target,,,,,0.0,0.0,4.023,0.0,0.0,,,,,,,,,
11.3,1,isocontour,11.283791670955125,45762.96,96.3,18.0,1.7,1.15,0.3,2.8,2.8,17.2,4.3,1.183,9,8,0,0,8
11.3,2,isocontour,11.283791670955125,45408.61,95.56,18.3,9.7,0.992,-0.4,1.8,1.8,17.2,4.3,1.183,9,8,0,0,8
11.3,3,isocontour,11.283791670955125,45877.91,96.54,18.2,6.3,1.079,0.4,2.4,2.4,17.2,4.3,1.183,9,8,0,0,8
11.3,4,isocontour,11.283791670955125,46285.44,97.4,17.8,9.7,1.018,-0.5,2.0,2.1,17.2,4.3,1.183,9,8,0,0,8
11.3,5,isocontour,11.283791670955125,45925.95,96.65,18.3,8.2,1.031,-0.1,2.5,2.5,17.2,4.3,1.183,9,8,0,0,8
11.3,6,isocontour,11.283791670955125,46039.03,96.88,8.2,-16.1,1.154,0.4,-2.3,2.3,5.6,-13.7,1.397,10,6,0,0,6
11.3,7,isocontour,11.283791670955125,45757.46,96.29,-12.6,1.0,1.589,-2.3,-0.3,2.3,-9.6,2.2,1.896,23,6,0,0,6
11.3,8,isocontour,11.283791670955125,46154.32,97.13,7.9,-15.7,1.189,2.7,-2.3,3.5,5.6,-13.7,1.397,10,6,0,0,6
11.3,9,isocontour,11.283791670955125,46650.58,98.17,17.6,5.9,1.119,0.4,0.7,0.8,17.2,4.3,1.183,9,8,0,0,8
11.3,10,isocontour,11.283791670955125,46453.91,97.76,7.5,-15.0,1.243,-0.1,0.7,0.7,7.5,-15.0,1.397,10,6,0,0,6
11.3,11,isocontour,11.283791670955125,46200.98,97.22,-16.9,-1.1,1.232,-1.6,0.9,1.8,-9.6,2.2,1.896,23,6,0,0,6
11.3,12,isocontour,11.283791670955125,46324.29,97.48,-16.7,-0.9,1.246,-0.2,-2.7,2.7,-9.6,2.2,1.896,23,6,0,0,6
11.3,13,isocontour,11.283791670955125,46128.75,97.07,17.9,7.6,1.066,0.2,2.5,2.5,17.2,4.3,1.183,9,8,0,0,8
11.3,14,isocontour,11.283791670955125,46011.43,96.83,8.8,-15.9,1.148,1.3,-2.0,2.4,5.6,-13.7,1.397,10,6,0,0,6
11.3,15,isocontour,11.283791670955125,45412.43,95.56,17.2,11.9,0.984,1.1,-1.2,1.6,17.2,4.3,1.183,9,8,0,0,8
11.3,16,isocontour,11.283791670955125,47395.72,99.74,-21.9,21.3,0.58,0.7,0.6,0.9,-21.9,21.3,0.586,16,0,0,0,0
11.3,17,isocontour,11.283791670955125,45579.71,95.92,19.0,8.9,0.977,0.5,0.9,1.0,17.2,4.3,1.183,9,8,0,0,8
11.3,18,isocontour,11.283791670955125,47378.38,99.7,3.1,24.6,0.793,-0.9,-0.2,0.9,3.1,24.6,0.796,18,0,0,0,0
11.3,19,isocontour,11.283791670955125,45959.1,96.72,-13.0,0.5,1.55,-0.8,0.0,0.8,-9.6,2.2,1.896,23,6,0,0,6
11.3,20,isocontour,11.283791670955125,46026.96,96.86,8.2,-15.5,1.19,-0.9,-0.6,1.1,5.6,-13.7,1.397,10,6,0,0,6
11.3,21,isocontour,11.283791670955125,46109.99,97.03,9.0,-16.2,1.12,0.7,-0.1,0.7,5.6,-13.7,1.397,10,6,0,0,6
11.3,22,isocontour,11.283791670955125,46780.02,98.44,-16.0,-0.6,1.299,-0.4,1.9,1.9,-9.6,2.2,1.896,23,6,0,0,6
11.3,23,isocontour,11.283791670955125,46545.7,97.95,-11.5,1.2,1.696,-1.2,-1.6,2.0,-9.6,2.2,1.896,23,6,0,0,6
11.3,24,isocontour,11.283791670955125,46357.85,97.55,8.4,-16.5,1.123,2.3,0.4,2.3,5.6,-13.7,1.397,10,6,0,0,6
11.3,25,isocontour,11.283791670955125,46081.35,96.97,-16.4,-1.3,1.266,-2.5,-1.8,3.1,-9.6,2.2,1.896,23,6,0,0,6
11.3,Target,,,,,0.0,0.0,4.023,0.0,0.0,,,,,,,,,
11.4,1,isocontour,11.283791670955125,45761.39,96.3,18.0,1.9,1.15,-0.2,1.0,1.0,17.2,4.3,1.183,9,8,0,0,8
11.4,2,isocontour,11.283791670955125,45408.21,95.56,18.3,9.8,0.989,0.3,0.6,0.7,17.2,4.3,1.183,9,8,0,0,8
11.4,3,isocontour,11.283791670955125,45857.9,96.5,18.1,6.5,1.077,-0.7,2.4,2.5,17.2,4.3,1.183,9,8,0,0,8
11.4,4,isocontour,11.283791670955125,46271.39,97.37,17.7,9.9,1.017,-0.8,2.1,2.2,17.2,4.3,1.183,9,8,0,0,8
11.4,5,isocontour,11.283791670955125,45925.53,96.64,18.3,8.2,1.03,-0.2,0.7,0.7,17.2,4.3,1.183,9,8,0,0,8
11.4,6,isocontour,11.283791670955125,45956.47,96.71,8.5,-16.2,1.135,3.8,-1.4,4.0,5.6,-13.7,1.397,10,6,0,0,6
11.4,7,isocontour,11.283791670955125,45753.5,96.28,-12.7,1.0,1.574,-1.4,0.2,1.4,-9.6,2.2,1.896,23,6,0,0,6
11.4,8,isocontour,11.283791670955125,46150.02,97.12,7.8,-15.8,1.186,-1.4,-0.5,1.5,5.6,-13.7,1.397,10,6,0,0,6
11.4,9,isocontour,11.283791670955125,46648.96,98.17,17.7,6.0,1.114,0.7,0.8,1.1,17.2,4.3,1.183,9,8,0,0,8
11.4,10,isocontour,11.283791670955125,46441.49,97.73,7.5,-15.2,1.231,0.6,-2.0,2.1,7.5,-15.2,1.397,10,6,0,0,6
11.4,11,isocontour,11.283791670955125,46198.88,97.22,-17.0,-1.1,1.223,-1.2,-0.0,1.2,-9.6,2.2,1.896,23,6,0,0,6
11.4,12,isocontour,11.283791670955125,46323.93,97.48,-16.7,-0.9,1.244,-0.2,-0.6,0.6,-9.6,2.2,1.896,23,6,0,0,6
11.4,13,isocontour,11.283791670955125,46108.97,97.03,17.9,7.8,1.062,-0.3,2.5,2.5,17.2,4.3,1.183,9,8,0,0,8
11.4,14,isocontour,11.283791670955125,46007.71,96.82,8.7,-15.8,1.153,-1.2,0.8,1.4,5.6,-13.7,1.397,10,6,0,0,6
11.4,15,isocontour,11.283791670955125,45388.89,95.52,17.3,11.7,0.983,1.5,-2.2,2.7,17.2,4.3,1.183,9,8,0,0,8
11.4,16,isocontour,11.283791670955125,47394.62,99.74,-21.9,21.4,0.579,0.1,0.9,0.9,-21.9,21.4,0.586,16,0,0,0,0
11.4,17,isocontour,11.283791670955125,45568.78,95.89,18.9,9.0,0.979,-1.4,1.5,2.1,17.2,4.3,1.183,9,8,0,0,8
11.4,18,isocontour,11.283791670955125,47377.28,99.7,3.1,24.6,0.79,0.1,0.9,0.9,3.1,24.6,0.796,18,0,0,0,0
11.4,19,isocontour,11.283791670955125,45954.37,96.71,-13.1,0.6,1.537,-1.5,0.3,1.5,-9.6,2.2,1.896,23,6,0,0,6
11.4,20,isocontour,11.283791670955125,46022.41,96.85,8.3,-15.6,1.182,1.4,-0.7,1.6,5.6,-13.7,1.397,10,6,0,0,6
11.4,21,isocontour,11.283791670955125,46099.38,97.01,9.0,-16.4,1.109,0.1,-2.0,2.0,5.6,-13.7,1.397,10,6,0,0,6
11.4,22,isocontour,11.283791670955125,46764.21,98.41,-16.1,-0.7,1.291,-1.2,-2.0,2.3,-9.6,2.2,1.896,23,6,0,0,6
11.4,23,isocontour,11.283791670955125,46531.46,97.92,-11.6,1.1,1.682,-1.6,-1.6,2.3,-9.6,2.2,1.896,23,6,0,0,6
11.4,24,isocontour,11.283791670955125,46308.66,97.45,8.7,-16.6,1.109,3.2,-1.1,3.4,5.6,-13.7,1.397,10,6,0,0,6
11.4,25,isocontour,11.283791670955125,46080.56,96.97,-16.4,-1.3,1.265,0.1,0.8,0.8,-9.6,2.2,1.896,23,6,0,0,6
11.4,Target,,,,,0.0,0.0,4.023,0.0,0.0,,,,,,,,,
11.5,1,isocontour,11.283791670955125,45759.95,96.3,18.0,2.0,1.15,-0.1,1.0,1.0,17.2,4.3,1.183,9,8,0,0,8
11.5,2,isocontour,11.283791670955125,45407.83,95.56,18.3,9.9,0.988,0.0,0.7,0.7,17.2,4.3,1.183,9,8,0,0,8
11.5,3,isocontour,11.283791670955125,45836.67,96.46,18.1,6.8,1.072,0.0,2.5,2.5,17.2,4.3,1.183,9,8,0,0,8
11.5,4,isocontour,11.283791670955125,46254.32,97.34,17.9,10.0,1.006,1.5,1.8,2.3,17.2,4.3,1.183,9,8,0,0,8
11.5,5,isocontour,11.283791670955125,45905.27,96.6,18.2,8.5,1.029,-0.8,2.4,2.5,17.2,4.3,1.183,9,8,0,0,8
11.5,6,isocontour,11.283791670955125,45941.06,96.68,8.5,-16.4,1.127,-1.4,-1.8,2.3,5.6,-13.7,1.397,10,6,0,0,6
11.5,7,isocontour,11.283791670955125,45750.5,96.28,-12.9,1.0,1.561,-1.3,0.1,1.3,-9.6,2.2,1.896,23,6,0,0,6
11.5,8,isocontour,11.283791670955125,46137.94,97.09,7.7,-15.9,1.178,-0.8,-2.0,2.2,5.6,-13.7,1.397,10,6,0,0,6
11.5,9,isocontour,11.283791670955125,46629.66,98.13,17.7,6.2,1.11,-0.2,2.5,2.5,17.2,4.3,1.183,9,8,0,0,8
11.5,10,isocontour,11.283791670955125,46415.75,97.68,7.7,-15.4,1.213,1.8,-2.0,2.7,7.7,-15.4,1.397,10,6,0,0,6
11.5,11,isocontour,11.283791670955125,46179.11,97.18,-17.2,-1.2,1.21,-1.9,-1.7,2.5,-9.6,2.2,1.896,23,6,0,0,6
11.5,12,isocontour,11.283791670955125,46323.8,97.48,-16.7,-1.0,1.244,0.1,-0.4,0.4,-9.6,2.2,1.896,23,6,0,0,6
11.5,13,isocontour,11.283791670955125,46088.48,96.99,17.9,8.0,1.054,0.5,2.5,2.5,17.2,4.3,1.183,9,8,0,0,8
11.5,14,isocontour,11.283791670955125,46001.79,96.81,8.8,-15.9,1.145,0.8,-1.5,1.7,5.6,-13.7,1.397,10,6,0,0,6
11.5,15,isocontour,11.283791670955125,45367.66,95.47,17.4,11.5,0.983,1.4,-2.1,2.5,17.2,4.3,1.183,9,8,0,0,8
11.5,16,isocontour,11.283791670955125,47393.52,99.73,-22.0,21.3,0.579,-0.6,-0.7,0.9,-22.0,21.3,0.586,16,0,0,0,0
11.5,17,isocontour,11.283791670955125,45550.39,95.86,18.7,9.0,0.99,-2.4,-0.2,2.4,17.2,4.3,1.183,9,8,0,0,8
11.5,18,isocontour,11.283791670955125,47376.18,99.7,3.1,24.7,0.79,-0.9,0.1,0.9,3.1,24.7,0.796,18,0,0,0,0
11.5,19,isocontour,11.283791670955125,45950.8,96.7,-13.3,0.6,1.524,-1.4,0.3,1.4,-9.6,2.2,1.896,23,6,0,0,6
11.5,20,isocontour,11.283791670955125,46019.85,96.84,8.4,-15.5,1.183,0.9,0.8,1.2,5.6,-13.7,1.397,10,6,0,0,6
11.5,21,isocontour,11.283791670955125,46097.38,97.01,9.0,-16.4,1.111,-1.1,-0.0,1.1,5.6,-13.7,1.397,10,6,0,0,6
11.5,22,isocontour,11.283791670955125,46749.2,98.38,-16.2,-0.9,1.28,-1.3,-1.8,2.2,-9.6,2.2,1.896,23,6,0,0,6
11.5,23,isocontour,11.283791670955125,46525.95,97.91,-11.8,1.1,1.666,-1.6,0.4,1.6,-9.6,2.2,1.896,23,6,0,0,6
11.5,24,isocontour,11.283791670955125,46281.78,97.39,9.0,-16.6,1.1,2.8,0.1,2.8,5.6,-13.7,1.397,10,6,0,0,6
11.5,25,isocontour,11.283791670955125,46077.43,96.96,-16.4,-1.4,1.263,-0.2,-1.3,1.3,-9.6,2.2,1.896,23,6,0,0,6
11.5,Target,,,,,0.0,0.0,4.023,0.0,0.0,,,,,,,,,
11.6,1,isocontour,11.283791670955125,45754.03,96.28,18.1,2.1,1.144,0.8,1.5,1.7,17.2,4.3,1.183,9,8,0,0,8
11.6,2,isocontour,11.283791670955125,45330.67,95.39,18.4,9.6,0.989,1.5,-3.6,3.9,17.2,4.3,1.183,9,8,0,0,8
11.6,3,isocontour,11.283791670955125,45831.65,96.45,18.0,6.9,1.073,-0.9,1.2,1.5,17.2,4.3,1.183,9,8,0,0,8
11.6,4,isocontour,11.283791670955125,46245.88,97.32,17.8,10.2,1.007,-1.5,1.2,1.9,17.2,4.3,1.183,9,8,0,0,8
11.6,5,isocontour,11.283791670955125,45886.43,96.56,18.2,8.7,1.022,0.3,2.4,2.4,17.2,4.3,1.183,9,8,0,0,8
11.6,6,isocontour,11.283791670955125,45939.11,96.67,8.4,-16.5,1.122,-0.3,-1.1,1.1,5.6,-13.7,1.397,10,6,0,0,6
11.6,7,isocontour,11.283791670955125,45734.48,96.24,-13.0,0.9,1.549,-1.5,-1.8,2.3,-9.6,2.2,1.896,23,6,0,0,6
11.6,8,isocontour,11.283791670955125,46122.93,97.06,7.7,-16.1,1.164,0.7,-2.2,2.3,5.6,-13.7,1.397,10,6,0,0,6
11.6,9,isocontour,11.283791670955125,46609.4,98.08,17.7,6.5,1.105,-0.0,2.5,2.5,17.2,4.3,1.183,9,8,0,0,8
11.6,10,isocontour,11.283791670955125,46415.38,97.68,7.8,-15.4,1.209,0.6,0.1,0.6,7.8,-15.4,1.397,10,6,0,0,6
11.6,11,isocontour,11.283791670955125,46174.98,97.17,-17.3,-1.2,1.199,-1.4,0.3,1.4,-9.6,2.2,1.896,23,6,0,0,6
11.6,12,isocontour,11.283791670955125,46283.94,97.4,-16.9,-0.8,1.229,-2.5,1.9,3.1,-9.6,2.2,1.896,23,6,0,0,6
11.6,13,isocontour,11.283791670955125,46086.68,96.98,17.9,8.0,1.057,-0.6,-0.9,1.1,17.2,4.3,1.183,9,8,0,0,8
11.6,14,isocontour,11.283791670955125,45998.29,96.8,8.9,-16.0,1.14,1.4,0.0,1.4,5.6,-13.7,1.397,10,6,0,0,6
11.6,15,isocontour,11.283791670955125,45343.04,95.42,17.5,11.2,0.99,-0.1,-2.7,2.7,17.2,4.3,1.183,9,8,0,0,8
11.6,16,isocontour,11.283791670955125,47392.42,99.73,-22.0,21.2,0.58,-0.0,-0.9,0.9,-22.0,21.2,0.586,16,0,0,0,0
11.6,17,isocontour,11.283791670955125,45545.18,95.84,18.8,8.9,0.988,1.4,-0.8,1.6,17.2,4.3,1.183,9,8,0,0,8
11.6,18,isocontour,11.283791670955125,47375.08,99.7,3.1,24.6,0.79,0.9,-0.2,0.9,3.1,24.6,0.796,18,0,0,0,0
11.6,19,isocontour,11.283791670955125,45894.79,96.58,-13.5,0.4,1.507,-2.1,-2.8,3.5,-9.6,2.2,1.896,23,6,0,0,6
11.6,20,isocontour,11.283791670955125,46010.16,96.82,8.5,-15.6,1.172,1.4,-1.4,2.0,5.6,-13.7,1.397,10,6,0,0,6
11.6,21,isocontour,11.283791670955125,46090.46,96.99,9.1,-16.5,1.103,1.6,-0.8,1.8,5.6,-13.7,1.397,10,6,0,0,6
11.6,22,isocontour,11.283791670955125,46747.4,98.37,-16.2,-0.8,1.282,0.5,1.0,1.1,-9.6,2.2,1.896,23,6,0,0,6
11.6,23,isocontour,11.283791670955125,46514.54,97.88,-11.9,0.9,1.653,-1.3,-1.6,2.1,-9.6,2.2,1.896,23,6,0,0,6
11.6,24,isocontour,11.283791670955125,46278.98,97.39,9.2,-16.6,1.097,1.3,0.2,1.3,5.6,-13.7,1.397,10,6,0,0,6
11.6,25,isocontour,11.283791670955125,46062.41,96.93,-16.5,-1.6,1.253,-1.3,-1.8,2.2,-9.6,2.2,1.896,23,6,0,0,6
11.6,Target,,,,,0.0,0.0,4.023,0.0,0.0,,,,,,,,,
11.7,1,isocontour,11.283791670955125,45750.68,96.28,18.0,2.2,1.146,-0.6,1.2,1.3,17.2,4.3,1.183,9,8,0,0,8
11.7,2,isocontour,11.283791670955125,45302.91,95.33,18.2,9.6,0.999,-2.7,0.7,2.8,17.2,4.3,1.183,9,8,0,0,8
11.7,3,isocontour,11.283791670955125,45810.42,96.4,18.1,7.2,1.067,0.4,2.5,2.5,17.2,4.3,1.183,9,8,0,0,8
11.7,4,isocontour,11.283791670955125,46237.97,97.3,17.6,10.3,1.011,-1.4,1.2,1.8,17.2,4.3,1.183,9,8,0,0,8
11.7,5,isocontour,11.283791670955125,45885.22,96.56,18.2,8.8,1.022,-0.6,0.7,0.9,17.2,4.3,1.183,9,8,0,0,8
11.7,6,isocontour,11.283791670955125,45915.04,96.62,8.6,-16.5,1.116,2.6,0.3,2.6,5.6,-13.7,1.397,10,6,0,0,6
11.7,7,isocontour,11.283791670955125,45720.05,96.21,-13.1,0.7,1.537,-1.4,-1.8,2.3,-9.6,2.2,1.896,23,6,0,0,6
11.7,8,isocontour,11.283791670955125,46100.95,97.01,8.0,-16.2,1.152,2.5,-0.8,2.6,5.6,-13.7,1.397,10,6,0,0,6
11.7,9,isocontour,11.283791670955125,46607.41,98.08,17.6,6.4,1.11,-0.8,-0.8,1.1,17.2,4.3,1.183,9,8,0,0,8
11.7,10,isocontour,11.283791670955125,46414.38,97.67,7.9,-15.4,1.204,0.8,-0.4,0.9,7.9,-15.4,1.397,10,6,0,0,6
11.7,11,isocontour,11.283791670955125,46174.13,97.17,-17.3,-1.3,1.199,0.2,-0.8,0.8,-9.6,2.2,1.896,23,6,0,0,6
11.7,12,isocontour,11.283791670955125,46283.0,97.4,-16.9,-0.9,1.228,0.3,-0.8,0.9,-9.6,2.2,1.896,23,6,0,0,6
11.7,13,isocontour,11.283791670955125,46086.11,96.98,17.9,8.1,1.057,-0.2,0.7,0.7,17.2,4.3,1.183,9,8,0,0,8
11.7,14,isocontour,11.283791670955125,45946.44,96.69,9.0,-16.3,1.121,0.4,-3.4,3.4,5.6,-13.7,1.397,10,6,0,0,6
11.7,15,isocontour,11.283791670955125,45337.12,95.41,17.5,11.3,0.986,0.3,1.6,1.6,17.2,4.3,1.183,9,8,0,0,8
11.7,16,isocontour,11.283791670955125,47391.32,99.73,-22.0,21.1,0.582,-0.2,-0.9,0.9,-22.0,21.1,0.586,16,0,0,0,0
11.7,17,isocontour,11.283791670955125,45544.45,95.84,18.8,9.0,0.986,-0.1,0.8,0.8,17.2,4.3,1.183,9,8,0,0,8
11.7,18,isocontour,11.283791670955125,47373.98,99.69,3.1,24.7,0.79,-0.9,0.1,0.9,3.1,24.7,0.796,18,0,0,0,0
11.7,19,isocontour,11.283791670955125,45891.66,96.57,-13.6,0.3,1.494,-1.3,0.3,1.3,-9.6,2.2,1.896,23,6,0,0,6
11.7,20,isocontour,11.283791670955125,46009.93,96.82,8.5,-15.7,1.168,-0.1,-0.5,0.5,5.6,-13.7,1.397,10,6,0,0,6
11.7,21,isocontour,11.283791670955125,46029.08,96.86,9.3,-16.8,1.083,1.9,-3.1,3.6,5.6,-13.7,1.397,10,6,0,0,6
11.7,22,isocontour,11.283791670955125,46733.35,98.34,-16.3,-1.0,1.273,-1.5,-1.7,2.3,-9.6,2.2,1.896,23,6,0,0,6
11.7,23,isocontour,11.283791670955125,46502.12,97.86,-12.1,0.8,1.639,-1.5,-1.5,2.1,-9.6,2.2,1.896,23,6,0,0,6
11.7,24,isocontour,11.283791670955125,46272.62,97.38,9.2,-16.7,1.088,0.2,-1.7,1.7,5.6,-13.7,1.397,10,6,0,0,6
11.7,25,isocontour,11.283791670955125,46036.11,96.88,-16.7,-1.4,1.244,-1.5,2.3,2.7,-9.6,2.2,1.896,23,6,0,0,6
11.7,Target,,,,,0.0,0.0,4.023,0.0,0.0,,,,,,,,,
11.8,1,isocontour,11.283791670955125,45719.21,96.21,18.0,2.5,1.145,-0.0,2.9,2.9,17.2,4.3,1.183,9,8,0,0,8
11.8,2,isocontour,11.283791670955125,45301.55,95.33,18.3,9.5,0.998,0.9,-0.5,1.0,17.2,4.3,1.183,9,8,0,0,8
11.8,3,isocontour,11.283791670955125,45789.19,96.36,18.1,7.4,1.061,0.0,2.6,2.6,17.2,4.3,1.183,9,8,0,0,8
11.8,4,isocontour,11.283791670955125,46237.68,97.3,17.6,10.4,1.01,-0.2,0.6,0.6,17.2,4.3,1.183,9,8,0,0,8
11.8,5,isocontour,11.283791670955125,45883.82,96.56,18.1,8.9,1.023,-0.6,0.8,1.0,17.2,4.3,1.183,9,8,0,0,8
11.8,6,isocontour,11.283791670955125,45908.79,96.61,8.6,-16.6,1.111,-1.0,-1.4,1.7,5.6,-13.7,1.397,10,6,0,0,6
11.8,7,isocontour,11.283791670955125,45705.23,96.18,-13.3,0.5,1.524,-1.5,-1.7,2.3,-9.6,2.2,1.896,23,6,0,0,6
11.8,8,isocontour,11.283791670955125,46100.16,97.01,8.1,-16.3,1.146,0.7,-0.4,0.8,5.6,-13.7,1.397,10,6,0,0,6
11.8,9,isocontour,11.283791670955125,46586.18,98.03,17.6,6.6,1.104,0.5,2.5,2.5,17.2,4.3,1.183,9,8,0,0,8
11.8,10,isocontour,11.283791670955125,46405.26,97.65,7.9,-15.6,1.193,0.5,-1.9,2.0,7.9,-15.6,1.397,10,6,0,0,6
11.8,11,isocontour,11.283791670955125,46173.71,97.17,-17.4,-1.4,1.196,-0.5,-0.5,0.7,-9.6,2.2,1.896,23,6,0,0,6
11.8,12,isocontour,11.283791670955125,46281.39,97.39,-16.9,-0.8,1.23,0.2,1.0,1.0,-9.6,2.2,1.896,23,6,0,0,6
11.8,13,isocontour,11.283791670955125,46085.67,96.98,17.9,8.1,1.056,-0.0,0.7,0.7,17.2,4.3,1.183,9,8,0,0,8
11.8,14,isocontour,11.283791670955125,45945.2,96.69,9.0,-16.4,1.113,0.7,-0.6,0.9,5.6,-13.7,1.397,10,6,0,0,6
11.8,15,isocontour,11.283791670955125,45336.38,95.4,17.4,11.3,0.989,-0.7,-0.4,0.8,17.2,4.3,1.183,9,8,0,0,8
11.8,16,isocontour,11.283791670955125,47390.22,99.73,-22.0,21.2,0.581,0.2,0.9,0.9,-22.0,21.2,0.586,16,0,0,0,0
11.8,17,isocontour,11.283791670955125,45534.15,95.82,18.6,9.0,0.994,-2.0,0.0,2.0,17.2,4.3,1.183,9,8,0,0,8
11.8,18,isocontour,11.283791670955125,47372.88,99.69,3.1,24.6,0.79,0.9,-0.1,0.9,3.1,24.6,0.796,18,0,0,0,0
11.8,19,isocontour,11.283791670955125,45885.08,96.56,-13.8,0.4,1.48,-1.7,0.2,1.7,-9.6,2.2,1.896,23,6,0,0,6
11.8,20,isocontour,11.283791670955125,46009.38,96.82,8.5,-15.8,1.164,0.1,-0.7,0.7,5.6,-13.7,1.397,10,6,0,0,6
11.8,21,isocontour,11.283791670955125,46024.34,96.85,9.3,-17.0,1.073,-0.2,-1.5,1.5,5.6,-13.7,1.397,10,6,0,0,6
11.8,22,isocontour,11.283791670955125,46721.94,98.32,-16.5,-1.1,1.262,-1.5,-1.5,2.1,-9.6,2.2,1.896,23,6,0,0,6
11.8,23,isocontour,11.283791670955125,46497.38,97.85,-12.2,0.8,1.625,-1.5,0.4,1.6,-9.6,2.2,1.896,23,6,0,0,6
11.8,24,isocontour,11.283791670955125,46254.23,97.34,9.3,-16.9,1.074,1.5,-1.9,2.4,5.6,-13.7,1.397,10,6,0,0,6
11.8,25,isocontour,11.283791670955125,46019.89,96.84,-16.9,-1.5,1.232,-1.7,-1.6,2.3,-9.6,2.2,1.896,23,6,0,0,6
11.8,Target,,,,,0.0,0.0,4.023,0.0,0.0,,,,,,,,,
11.9,1,isocontour,11.283791670955125,45717.81,96.21,18.0,2.6,1.144,-0.0,1.0,1.0,17.2,4.3,1.183,9,8,0,0,8
11.9,2,isocontour,11.283791670955125,45285.53,95.3,18.3,9.7,0.992,0.1,2.3,2.3,17.2,4.3,1.183,9,8,0,0,8
11.9,3,isocontour,11.283791670955125,45788.69,96.36,18.0,7.5,1.06,-0.2,0.7,0.7,17.2,4.3,1.183,9,8,0,0,8
11.9,4,isocontour,11.283791670955125,46211.09,97.25,17.8,10.2,1.005,2.2,-1.6,2.7,17.2,4.3,1.183,9,8,0,0,8
11.9,5,isocontour,11.283791670955125,45850.38,96.49,17.9,9.0,1.03,-2.3,1.9,3.0,17.2,4.3,1.183,9,8,0,0,8
11.9,6,isocontour,11.283791670955125,45899.38,96.59,8.6,-16.8,1.099,0.8,-1.7,1.9,5.6,-13.7,1.397,10,6,0,0,6
11.9,7,isocontour,11.283791670955125,45702.74,96.18,-13.3,0.4,1.526,0.5,-1.2,1.3,-9.6,2.2,1.896,23,6,0,0,6
11.9,8,isocontour,11.283791670955125,46097.23,97.01,8.1,-16.4,1.138,0.8,-1.1,1.4,5.6,-13.7,1.397,10,6,0,0,6
11.9,9,isocontour,11.283791670955125,46585.75,98.03,17.6,6.7,1.101,0.0,0.7,0.7,17.2,4.3,1.183,9,8,0,0,8
11.9,10,isocontour,11.283791670955125,46404.38,97.65,8.0,-15.7,1.186,0.5,-0.7,0.9,8.0,-15.7,1.397,10,6,0,0,6
11.9,11,isocontour,11.283791670955125,46169.15,97.16,-17.5,-1.4,1.187,-1.5,-0.3,1.5,-9.6,2.2,1.896,23,6,0,0,6
11.9,12,isocontour,11.283791670955125,46253.93,97.34,-17.1,-0.9,1.215,-2.5,-1.2,2.8,-9.6,2.2,1.896,23,6,0,0,6
11.9,13,isocontour,11.283791670955125,46064.44,96.94,17.9,8.3,1.047,0.6,2.5,2.6,17.2,4.3,1.183,9,8,0,0,8
11.9,14,isocontour,11.283791670955125,45943.88,96.68,9.1,-16.4,1.108,0.9,-0.4,1.0,5.6,-13.7,1.397,10,6,0,0,6
11.9,15,isocontour,11.283791670955125,45327.26,95.39,17.5,11.2,0.988,1.4,-1.4,2.0,17.2,4.3,1.183,9,8,0,0,8
11.9,16,isocontour,11.283791670955125,47389.12,99.72,-22.0,21.3,0.578,-0.5,0.8,0.9,-22.0,21.3,0.586,16,0,0,0,0
11.9,17,isocontour,11.283791670955125,45509.53,95.77,18.8,9.0,0.986,2.6,-0.5,2.6,17.2,4.3,1.183,9,8,0,0,8
11.9,18,isocontour,11.283791670955125,47371.78,99.69,3.1,24.7,0.789,-0.8,0.5,0.9,3.1,24.7,0.796,18,0,0,0,0
11.9,19,isocontour,11.283791670955125,45806.73,96.39,-14.1,0.2,1.453,-3.3,-2.2,4.0,-9.6,2.2,1.896,23,6,0,0,6
11.9,20,isocontour,11.283791670955125,45998.77,96.8,8.6,-15.9,1.152,1.5,-1.4,2.1,5.6,-13.7,1.397,10,6,0,0,6
11.9,21,isocontour,11.283791670955125,46016.81,96.84,9.2,-17.1,1.065,-0.2,-1.8,1.8,5.6,-13.7,1.397,10,6,0,0,6
11.9,22,isocontour,11.283791670955125,46721.82,98.32,-16.5,-1.2,1.259,-0.1,-0.4,0.4,-9.6,2.2,1.896,23,6,0,0,6
11.9,23,isocontour,11.283791670955125,46493.25,97.84,-12.4,0.8,1.61,-1.4,0.3,1.4,-9.6,2.2,1.896,23,6,0,0,6
11.9,24,isocontour,11.283791670955125,46252.03,97.33,9.3,-16.9,1.076,-1.1,0.3,1.1,5.6,-13.7,1.397,10,6,0,0,6
11.9,25,isocontour,11.283791670955125,46019.1,96.84,-16.9,-1.6,1.23,0.1,-0.8,0.8,-9.6,2.2,1.896,23,6,0,0,6
11.9,Target,,,,,0.0,0.0,4.023,0.0,0.0,,,,,,,,,
12.0,1,isocontour,11.283791670955125,45686.66,96.14,18.0,2.9,1.141,0.0,2.9,2.9,18.0,2.9,1.144,1,8,0,0,8
12.0,2,isocontour,11.283791670955125,45270.12,95.27,18.5,9.9,0.98,2.0,1.1,2.3,18.5,9.9,0.992,2,8,0,0,8
12.0,3,isocontour,11.283791670955125,45767.95,96.31,18.1,7.8,1.054,0.1,2.5,2.5,18.1,7.8,1.06,3,8,0,0,8
12.0,4,isocontour,11.283791670955125,46194.02,97.21,17.7,10.4,1.005,-1.3,2.0,2.4,17.7,10.4,1.005,4,8,0,0,8
12.0,5,isocontour,11.283791670955125,45842.6,96.47,17.8,9.2,1.03,-0.7,1.7,1.8,17.8,9.2,1.03,5,8,0,0,8
12.0,6,isocontour,11.283791670955125,45898.14,96.59,8.7,-16.8,1.097,0.9,0.3,0.9,8.7,-16.8,1.099,6,6,0,0,6
12.0,7,isocontour,11.283791670955125,45698.35,96.17,-13.4,0.4,1.516,-1.5,0.3,1.5,-13.4,0.4,1.526,7,6,0,0,6
12.0,8,isocontour,11.283791670955125,46096.7,97.0,8.2,-16.4,1.134,0.6,-0.3,0.7,8.2,-16.4,1.138,8,6,0,0,6
12.0,9,isocontour,11.283791670955125,46582.33,98.03,17.6,6.9,1.102,-0.7,1.2,1.4,17.6,6.9,1.101,9,8,0,0,8
12.0,10,isocontour,11.283791670955125,46400.0,97.64,8.0,-15.8,1.177,0.3,-1.5,1.5,8.0,-15.8,1.186,10,6,0,0,6
12.0,11,isocontour,11.283791670955125,46167.16,97.15,-17.4,-1.4,1.192,1.1,-0.3,1.1,-17.4,-1.4,1.187,11,6,0,0,6
12.0,12,isocontour,11.283791670955125,46232.94,97.29,-17.2,-1.1,1.206,-0.9,-2.4,2.6,-17.2,-1.1,1.215,12,6,0,0,6
12.0,13,isocontour,11.283791670955125,46043.46,96.89,17.9,8.6,1.039,0.3,2.5,2.5,17.9,8.6,1.047,13,8,0,0,8
12.0,14,isocontour,11.283791670955125,45943.85,96.68,9.1,-16.4,1.107,-0.1,-0.2,0.2,9.1,-16.4,1.108,14,6,0,0,6
12.0,15,isocontour,11.283791670955125,45308.42,95.35,17.7,11.0,0.987,1.4,-2.0,2.4,17.7,11.0,0.988,15,8,0,0,8
12.0,16,isocontour,11.283791670955125,47388.02,99.72,-22.0,21.4,0.577,0.3,0.9,0.9,-22.0,21.4,0.578,16,0,0,0,0
12.0,17,isocontour,11.283791670955125,45492.88,95.73,18.9,9.2,0.976,0.7,2.2,2.3,18.9,9.2,0.986,17,8,0,0,8
12.0,18,isocontour,11.283791670955125,47370.68,99.69,3.1,24.7,0.789,0.9,-0.2,0.9,3.1,24.7,0.789,18,0,0,0,0
12.0,19,isocontour,11.283791670955125,45793.06,96.37,-14.3,-0.0,1.439,-1.4,-1.7,2.2,-14.3,-0.0,1.453,19,6,0,0,6
12.0,20,isocontour,11.283791670955125,45994.56,96.79,8.6,-16.0,1.145,-0.5,-1.4,1.5,8.6,-16.0,1.152,20,6,0,0,6
12.0,21,isocontour,11.283791670955125,46006.05,96.81,9.3,-17.3,1.054,0.2,-2.0,2.0,9.3,-17.3,1.065,21,6,0,0,6
12.0,22,isocontour,11.283791670955125,46711.52,98.3,-16.6,-1.3,1.249,-1.6,-1.2,2.0,-16.6,-1.3,1.259,22,6,0,0,6
12.0,23,isocontour,11.283791670955125,46489.29,97.83,-12.5,0.9,1.596,-1.4,0.3,1.4,-12.5,0.9,1.61,23,6,0,0,6
12.0,24,isocontour,11.283791670955125,46231.53,97.29,9.2,-17.1,1.066,-0.3,-2.5,2.5,9.2,-17.1,1.076,24,6,0,0,6
12.0,25,isocontour,11.283791670955125,45996.6,96.79,-17.1,-1.7,1.215,-2.4,-0.9,2.6,-17.1,-1.7,1.23,25,6,0,0,6
12.0,Target,,,,,0.0,0.0,4.023,0.0,0.0,,,,,,,,,
12.1,1,isocontour,11.283791670955125,45685.81,96.14,18.0,3.0,1.14,-0.1,0.9,0.9,18.0,3.0,1.144,1,8,0,0,8
12.1,2,isocontour,11.283791670955125,45253.05,95.23,18.5,10.1,0.975,-0.5,2.3,2.4,18.0,2.9,1.144,1,8,0,0,8
12.1,3,isocontour,11.283791670955125,45753.14,96.28,18.0,8.0,1.053,-0.9,2.1,2.3,18.0,2.9,1.144,1,8,0,0,8
12.1,4,isocontour,11.283791670955125,46193.2,97.21,17.6,10.4,1.006,-0.7,0.5,0.9,18.0,2.9,1.144,1,8,0,0,8
12.1,5,isocontour,11.283791670955125,45842.21,96.47,17.8,9.3,1.028,0.1,0.7,0.7,18.0,2.9,1.144,1,8,0,0,8
12.1,6,isocontour,11.283791670955125,45896.53,96.58,8.7,-16.9,1.093,-0.4,-1.0,1.1,8.0,-15.8,1.186,10,6,0,0,6
12.1,7,isocontour,11.283791670955125,45685.76,96.14,-13.5,0.3,1.503,-1.4,-1.6,2.1,-12.5,0.9,1.61,23,6,0,0,6
12.1,8,isocontour,11.283791670955125,46083.21,96.98,8.4,-16.4,1.127,2.2,-0.0,2.2,8.0,-15.8,1.186,10,6,0,0,6
12.1,9,isocontour,11.283791670955125,46581.62,98.03,17.5,6.9,1.101,-0.2,0.8,0.8,18.0,2.9,1.144,1,8,0,0,8
12.1,10,isocontour,11.283791670955125,46374.55,97.59,8.2,-16.0,1.161,2.0,-1.8,2.7,8.2,-16.0,1.186,10,6,0,0,6
12.1,11,isocontour,11.283791670955125,46150.51,97.12,-17.5,-1.6,1.185,-1.2,-2.0,2.3,-12.5,0.9,1.61,23,6,0,0,6
12.1,12,isocontour,11.283791670955125,46232.1,97.29,-17.2,-1.2,1.206,0.2,-0.8,0.8,-12.5,0.9,1.61,23,6,0,0,6
12.1,13,isocontour,11.283791670955125,46041.98,96.89,18.0,8.7,1.034,0.6,0.9,1.1,18.0,2.9,1.144,1,8,0,0,8
12.1,14,isocontour,11.283791670955125,45942.2,96.68,9.2,-16.4,1.106,1.0,0.4,1.1,8.0,-15.8,1.186,10,6,0,0,6
12.1,15,isocontour,11.283791670955125,45299.01,95.33,17.6,10.8,0.994,-0.7,-1.8,1.9,18.0,2.9,1.144,1,8,0,0,8
12.1,16,isocontour,11.283791670955125,47386.92,99.72,-21.9,21.4,0.577,0.7,0.6,0.9,-21.9,21.4,0.578,16,0,0,0,0
12.1,17,isocontour,11.283791670955125,45491.23,95.73,18.8,9.2,0.98,-1.1,0.0,1.1,18.0,2.9,1.144,1,8,0,0,8
12.1,18,isocontour,11.283791670955125,47369.58,99.68,3.1,24.7,0.789,-0.9,0.2,0.9,3.1,24.7,0.789,18,0,0,0,0
12.1,19,isocontour,11.283791670955125,45788.93,96.36,-14.4,-0.0,1.426,-1.4,0.3,1.4,-12.5,0.9,1.61,23,6,0,0,6
12.1,20,isocontour,11.283791670955125,45992.01,96.78,8.7,-16.1,1.138,1.0,-0.7,1.2,8.0,-15.8,1.186,10,6,0,0,6
12.1,21,isocontour,11.283791670955125,46004.0,96.81,9.3,-17.4,1.046,0.8,-0.8,1.1,8.0,-15.8,1.186,10,6,0,0,6
12.1,22,isocontour,11.283791670955125,46703.09,98.28,-16.8,-1.2,1.236,-1.7,0.7,1.8,-12.5,0.9,1.61,23,6,0,0,6
12.1,23,isocontour,11.283791670955125,46485.87,97.82,-12.6,0.9,1.583,-1.4,0.1,1.4,-12.6,0.9,1.61,23,6,0,0,6
12.1,24,isocontour,11.283791670955125,46230.8,97.29,9.3,-17.1,1.064,0.7,0.3,0.8,8.0,-15.8,1.186,10,6,0,0,6
12.1,25,isocontour,11.283791670955125,45996.16,96.79,-17.1,-1.7,1.215,0.6,-0.3,0.7,-12.5,0.9,1.61,23,6,0,0,6
12.1,Target,,,,,0.0,0.0,4.023,0.0,0.0,,,,,,,,,
12.2,1,isocontour,11.283791670955125,45685.39,96.14,18.0,3.1,1.14,-0.1,0.7,0.7,18.0,2.9,1.144,1,8,0,0,8
12.2,2,isocontour,11.283791670955125,45245.77,95.21,18.3,10.1,0.981,-1.8,0.3,1.8,18.0,2.9,1.144,1,8,0,0,8
12.2,3,isocontour,11.283791670955125,45735.41,96.24,17.9,8.2,1.052,-0.8,2.3,2.4,18.0,2.9,1.144,1,8,0,0,8
12.2,4,isocontour,11.283791670955125,46186.74,97.19,17.5,10.3,1.015,-1.1,-1.3,1.7,18.0,2.9,1.144,1,8,0,0,8
12.2,5,isocontour,11.283791670955125,45841.64,96.47,17.8,9.4,1.025,0.3,0.7,0.8,18.0,2.9,1.144,1,8,0,0,8
12.2,6,isocontour,11.283791670955125,45883.93,96.56,8.9,-16.9,1.086,2.1,-0.2,2.1,8.0,-15.8,1.186,10,6,0,0,6
12.2,7,isocontour,11.283791670955125,45672.63,96.11,-13.7,0.1,1.49,-1.5,-1.6,2.2,-12.5,0.9,1.61,23,6,0,0,6
12.2,8,isocontour,11.283791670955125,46058.59,96.92,8.4,-16.7,1.115,-0.5,-2.6,2.6,8.0,-15.8,1.186,10,6,0,0,6
12.2,9,isocontour,11.283791670955125,46580.99,98.02,17.6,7.0,1.098,0.4,0.7,0.8,18.0,2.9,1.144,1,8,0,0,8
12.2,10,isocontour,11.283791670955125,46374.41,97.59,8.2,-16.0,1.159,0.3,0.4,0.5,8.0,-15.8,1.186,10,6,0,0,6
12.2,11,isocontour,11.283791670955125,46146.39,97.11,-17.7,-1.6,1.175,-1.5,-0.1,1.5,-12.5,0.9,1.61,23,6,0,0,6
12.2,12,isocontour,11.283791670955125,46221.49,97.27,-17.4,-1.1,1.197,-1.6,1.2,2.0,-12.5,0.9,1.61,23,6,0,0,6
12.2,13,isocontour,11.283791670955125,46041.13,96.89,18.0,8.8,1.034,-0.5,0.7,0.9,18.0,2.9,1.144,1,8,0,0,8
12.2,14,isocontour,11.283791670955125,45919.96,96.63,9.2,-16.6,1.094,0.1,-2.6,2.6,8.0,-15.8,1.186,10,6,0,0,6
12.2,15,isocontour,11.283791670955125,45236.11,95.19,17.6,11.1,0.989,-0.6,3.6,3.6,18.0,2.9,1.144,1,8,0,0,8
12.2,16,isocontour,11.283791670955125,47385.82,99.72,-22.0,21.5,0.575,-0.7,0.6,0.9,-22.0,21.5,0.578,16,0,0,0,0
12.2,17,isocontour,11.283791670955125,45469.24,95.68,18.6,9.3,0.985,-1.9,1.7,2.5,18.0,2.9,1.144,1,8,0,0,8
12.2,18,isocontour,11.283791670955125,47368.48,99.68,3.1,24.7,0.788,0.9,0.1,0.9,3.1,24.7,0.789,18,0,0,0,0
12.2,19,isocontour,11.283791670955125,45785.05,96.35,-14.6,0.0,1.414,-1.4,0.2,1.4,-12.5,0.9,1.61,23,6,0,0,6
12.2,20,isocontour,11.283791670955125,45920.0,96.63,9.0,-16.3,1.118,3.2,-2.1,3.8,8.0,-15.8,1.186,10,6,0,0,6
12.2,21,isocontour,11.283791670955125,45991.75,96.78,9.3,-17.6,1.039,-0.9,-1.9,2.1,8.0,-15.8,1.186,10,6,0,0,6
12.2,22,isocontour,11.283791670955125,46702.56,98.28,-16.8,-1.2,1.238,0.6,0.4,0.7,-12.5,0.9,1.61,23,6,0,0,6
12.2,23,isocontour,11.283791670955125,46471.44,97.79,-12.8,0.7,1.571,-1.4,-1.7,2.2,-12.8,0.7,1.61,23,6,0,0,6
12.2,24,isocontour,11.283791670955125,46229.0,97.28,9.2,-17.1,1.067,-1.1,-0.0,1.1,8.0,-15.8,1.186,10,6,0,0,6
12.2,25,isocontour,11.283791670955125,45993.95,96.79,-17.1,-1.8,1.213,-0.4,-1.1,1.2,-12.5,0.9,1.61,23,6,0,0,6
12.2,Target,,,,,0.0,0.0,4.023,0.0,0.0,,,,,,,,,
12.3,1,isocontour,11.283791670955125,45664.41,96.1,18.0,3.3,1.139,-0.1,2.5,2.5,18.0,2.9,1.144,1,8,0,0,8
12.3,2,isocontour,11.283791670955125,45243.39,95.21,18.2,10.1,0.987,-0.6,-1.1,1.3,18.0,2.9,1.144,1,8,0,0,8
12.3,3,isocontour,11.283791670955125,45715.64,96.2,17.9,8.4,1.048,-0.3,2.5,2.5,18.0,2.9,1.144,1,8,0,0,8
12.3,4,isocontour,11.283791670955125,46174.83,97.17,17.6,10.4,1.006,1.9,0.9,2.1,18.0,2.9,1.144,1,8,0,0,8
12.3,5,isocontour,11.283791670955125,45841.25,96.47,17.9,9.4,1.022,0.1,0.7,0.7,18.0,2.9,1.144,1,8,0,0,8
12.3,6,isocontour,11.283791670955125,45859.31,96.51,9.0,-17.1,1.071,1.0,-2.5,2.7,8.0,-15.8,1.186,10,6,0,0,6
12.3,7,isocontour,11.283791670955125,45660.03,96.09,-13.8,-0.0,1.477,-1.5,-1.5,2.1,-12.5,0.9,1.61,23,6,0,0,6
12.3,8,isocontour,11.283791670955125,46057.56,96.92,8.4,-16.6,1.117,0.0,0.9,0.9,8.0,-15.8,1.186,10,6,0,0,6
12.3,9,isocontour,11.283791670955125,46578.5,98.02,17.7,7.1,1.092,0.9,0.9,1.3,18.0,2.9,1.144,1,8,0,0,8
12.3,10,isocontour,11.283791670955125,46374.0,97.59,8.3,-16.0,1.156,0.4,-0.6,0.7,8.0,-15.8,1.186,10,6,0,0,6
12.3,11,isocontour,11.283791670955125,46144.82,97.11,-17.7,-1.5,1.174,0.1,1.1,1.1,-12.5,0.9,1.61,23,6,0,0,6
12.3,12,isocontour,11.283791670955125,46220.46,97.27,-17.5,-1.2,1.191,-0.8,-0.5,0.9,-12.5,0.9,1.61,23,6,0,0,6
12.3,13,isocontour,11.283791670955125,46020.64,96.84,18.0,9.0,1.027,0.2,2.5,2.5,18.0,2.9,1.144,1,8,0,0,8
12.3,14,isocontour,11.283791670955125,45895.61,96.58,9.4,-16.8,1.079,2.2,-1.5,2.7,8.0,-15.8,1.186,10,6,0,0,6
12.3,15,isocontour,11.283791670955125,45234.22,95.19,17.6,11.1,0.989,0.4,-1.1,1.2,18.0,2.9,1.144,1,8,0,0,8
12.3,16,isocontour,11.283791670955125,47384.72,99.72,-22.0,21.6,0.574,0.6,0.7,0.9,-22.0,21.6,0.578,16,0,0,0,0
12.3,17,isocontour,11.283791670955125,45452.81,95.65,18.4,9.3,0.996,-2.3,-0.2,2.3,18.0,2.9,1.144,1,8,0,0,8
12.3,18,isocontour,11.283791670955125,47367.38,99.68,3.2,24.7,0.786,0.9,0.3,0.9,3.2,24.7,0.789,18,0,0,0,0
12.3,19,isocontour,11.283791670955125,45781.32,96.34,-14.7,0.0,1.403,-1.4,0.2,1.4,-12.5,0.9,1.61,23,6,0,0,6
12.3,20,isocontour,11.283791670955125,45908.76,96.61,8.9,-16.4,1.119,-2.0,-0.4,2.0,8.0,-15.8,1.186,10,6,0,0,6
12.3,21,isocontour,11.283791670955125,45989.71,96.78,9.2,-17.7,1.035,-0.6,-1.0,1.2,8.0,-15.8,1.186,10,6,0,0,6
12.3,22,isocontour,11.283791670955125,46690.66,98.25,-16.9,-1.3,1.23,-1.3,-1.6,2.1,-12.5,0.9,1.61,23,6,0,0,6
12.3,23,isocontour,11.283791670955125,46465.52,97.78,-12.9,0.7,1.555,-1.7,0.2,1.7,-12.9,0.7,1.61,23,6,0,0,6
12.3,24,isocontour,11.283791670955125,46184.83,97.19,9.4,-17.3,1.051,2.1,-2.5,3.3,8.0,-15.8,1.186,10,6,0,0,6
12.3,25,isocontour,11.283791670955125,45974.41,96.75,-17.3,-1.7,1.201,-2.1,1.4,2.5,-12.5,0.9,1.61,23,6,0,0,6
12.3,Target,,,,,0.0,0.0,4.023,0.0,0.0,,,,,,,,,
12.4,1,isocontour,11.283791670955125,45663.9,96.09,18.0,3.4,1.139,-0.2,0.7,0.7,18.0,2.9,1.144,1,8,0,0,8
12.4,2,isocontour,11.283791670955125,45207.89,95.13,18.1,9.8,1.001,-1.8,-2.4,3.0,18.0,2.9,1.144,1,8,0,0,8
12.4,3,isocontour,11.283791670955125,45707.98,96.19,17.8,8.6,1.047,-0.7,1.7,1.8,18.0,2.9,1.144,1,8,0,0,8
12.4,4,isocontour,11.283791670955125,46152.59,97.12,17.5,10.6,1.007,-1.8,1.9,2.6,18.0,2.9,1.144,1,8,0,0,8
12.4,5,isocontour,11.283791670955125,45823.75,96.43,17.9,9.6,1.016,0.1,2.4,2.4,18.0,2.9,1.144,1,8,0,0,8
12.4,6,isocontour,11.283791670955125,45840.47,96.47,8.9,-17.3,1.065,-1.7,-1.8,2.5,8.0,-15.8,1.186,10,6,0,0,6
12.4,7,isocontour,11.283791670955125,45647.61,96.06,-14.0,-0.2,1.464,-1.6,-1.5,2.2,-12.5,0.9,1.61,23,6,0,0,6
12.4,8,isocontour,11.283791670955125,46056.9,96.92,8.4,-16.7,1.115,-0.1,-0.8,0.8,8.0,-15.8,1.186,10,6,0,0,6
12.4,9,isocontour,11.283791670955125,46558.72,97.98,17.7,7.3,1.086,-0.0,2.5,2.5,18.0,2.9,1.144,1,8,0,0,8
12.4,10,isocontour,11.283791670955125,46364.45,97.57,8.4,-16.1,1.146,1.7,-0.9,1.9,8.0,-15.8,1.186,10,6,0,0,6
12.4,11,isocontour,11.283791670955125,46129.8,97.07,-17.7,-1.7,1.17,-0.7,-2.2,2.3,-12.5,0.9,1.61,23,6,0,0,6
12.4,12,isocontour,11.283791670955125,46219.64,97.26,-17.5,-1.2,1.191,0.2,-0.8,0.8,-12.5,0.9,1.61,23,6,0,0,6
12.4,13,isocontour,11.283791670955125,46018.2,96.84,18.0,8.9,1.029,-0.1,-1.2,1.2,18.0,2.9,1.144,1,8,0,0,8
12.4,14,isocontour,11.283791670955125,45893.51,96.58,9.5,-16.7,1.077,1.1,0.5,1.2,8.0,-15.8,1.186,10,6,0,0,6
12.4,15,isocontour,11.283791670955125,45197.3,95.11,17.7,10.8,0.992,1.0,-2.9,3.1,18.0,2.9,1.144,1,8,0,0,8
12.4,16,isocontour,11.283791670955125,47383.62,99.71,-22.0,21.5,0.574,-0.7,-0.7,1.0,-22.0,21.5,0.578,16,0,0,0,0
12.4,17,isocontour,11.283791670955125,45369.01,95.47,18.7,9.2,0.987,3.5,-2.0,4.0,18.0,2.9,1.144,1,8,0,0,8
12.4,18,isocontour,11.283791670955125,47366.28,99.68,3.3,24.7,0.785,0.9,0.0,0.9,3.3,24.7,0.789,18,0,0,0,0
12.4,19,isocontour,11.283791670955125,45777.75,96.33,-14.8,0.0,1.391,-1.4,0.1,1.4,-12.5,0.9,1.61,23,6,0,0,6
12.4,20,isocontour,11.283791670955125,45890.37,96.57,9.0,-16.5,1.107,1.8,-1.7,2.5,8.0,-15.8,1.186,10,6,0,0,6
12.4,21,isocontour,11.283791670955125,45986.9,96.77,9.1,-17.8,1.035,-1.2,-0.6,1.3,8.0,-15.8,1.186,10,6,0,0,6
12.4,22,isocontour,11.283791670955125,46681.25,98.23,-16.9,-1.2,1.228,-0.3,1.9,1.9,-12.5,0.9,1.61,23,6,0,0,6
12.4,23,isocontour,11.283791670955125,46460.41,97.77,-13.1,0.7,1.541,-1.6,0.2,1.6,-13.1,0.7,1.61,23,6,0,0,6
12.4,24,isocontour,11.283791670955125,46169.22,97.16,9.5,-17.6,1.037,0.9,-2.1,2.3,8.0,-15.8,1.186,10,6,0,0,6
12.4,25,isocontour,11.283791670955125,45972.52,96.74,-17.3,-1.8,1.198,-0.1,-1.1,1.1,-12.5,0.9,1.61,23,6,0,0,6
12.4,Target,,,,,0.0,0.0,4.023,0.0,0.0,,,,,,,,,
12.5,1,isocontour,11.283791670955125,45648.49,96.06,18.0,3.6,1.132,0.8,2.1,2.2,18.0,2.9,1.144,1,8,0,0,8
12.5,2,isocontour,11.283791670955125,45176.41,95.07,18.3,9.8,0.992,2.9,-0.3,2.9,18.0,2.9,1.144,1,8,0,0,8
12.5,3,isocontour,11.283791670955125,45706.37,96.18,17.7,8.6,1.052,-0.6,-0.9,1.1,18.0,2.9,1.144,1,8,0,0,8
12.5,4,isocontour,11.283791670955125,46132.1,97.08,17.3,10.8,1.01,-1.8,1.7,2.5,18.0,2.9,1.144,1,8,0,0,8
12.5,5,isocontour,11.283791670955125,45821.95,96.43,17.8,9.6,1.02,-1.0,-0.6,1.2,18.0,2.9,1.144,1,8,0,0,8
12.5,6,isocontour,11.283791670955125,45838.62,96.46,8.8,-17.3,1.07,-0.4,1.1,1.2,8.0,-15.8,1.186,10,6,0,0,6
12.5,7,isocontour,11.283791670955125,45635.87,96.04,-14.1,-0.3,1.45,-1.5,-1.4,2.1,-12.5,0.9,1.61,23,6,0,0,6
12.5,8,isocontour,11.283791670955125,46034.14,96.87,8.6,-16.8,1.102,2.2,-1.4,2.6,8.0,-15.8,1.186,10,6,0,0,6
12.5,9,isocontour,11.283791670955125,46555.98,97.97,17.7,7.4,1.079,0.9,0.9,1.3,18.0,2.9,1.144,1,8,0,0,8
12.5,10,isocontour,11.283791670955125,46357.28,97.55,8.4,-16.3,1.137,-0.1,-1.8,1.8,8.0,-15.8,1.186,10,6,0,0,6
12.5,11,isocontour,11.283791670955125,46111.41,97.04,-17.8,-1.9,1.163,-0.8,-2.3,2.4,-12.5,0.9,1.61,23,6,0,0,6
12.5,12,isocontour,11.283791670955125,46218.11,97.26,-17.5,-1.2,1.192,0.1,1.0,1.0,-12.5,0.9,1.61,23,6,0,0,6
12.5,13,isocontour,11.283791670955125,45924.09,96.64,18.0,9.3,1.018,0.6,4.2,4.2,18.0,2.9,1.144,1,8,0,0,8
12.5,14,isocontour,11.283791670955125,45866.05,96.52,9.4,-16.9,1.07,-1.6,-2.3,2.8,8.0,-15.8,1.186,10,6,0,0,6
12.5,15,isocontour,11.283791670955125,45183.06,95.08,17.8,10.9,0.984,0.9,2.1,2.3,18.0,2.9,1.144,1,8,0,0,8
12.5,16,isocontour,11.283791670955125,47382.52,99.71,-22.1,21.5,0.573,-0.8,-0.5,0.9,-22.1,21.5,0.578,16,0,0,0,0
12.5,17,isocontour,11.283791670955125,45364.18,95.46,18.9,9.2,0.978,1.4,0.7,1.6,18.0,2.9,1.144,1,8,0,0,8
12.5,18,isocontour,11.283791670955125,47365.18,99.67,3.4,24.7,0.784,0.9,0.1,0.9,3.4,24.7,0.789,18,0,0,0,0
12.5,19,isocontour,11.283791670955125,45762.93,96.3,-15.0,-0.1,1.38,-1.3,-1.8,2.2,-12.5,0.9,1.61,23,6,0,0,6
12.5,20,isocontour,11.283791670955125,45885.9,96.56,9.0,-16.6,1.1,-0.6,-1.4,1.5,8.0,-15.8,1.186,10,6,0,0,6
12.5,21,isocontour,11.283791670955125,45984.1,96.77,9.0,-17.9,1.031,-0.6,-1.1,1.3,8.0,-15.8,1.186,10,6,0,0,6
12.5,22,isocontour,11.283791670955125,46678.11,98.23,-17.1,-1.2,1.22,-1.3,0.0,1.3,-12.5,0.9,1.61,23,6,0,0,6
12.5,23,isocontour,11.283791670955125,46442.02,97.73,-13.3,0.6,1.526,-1.7,-1.8,2.5,-13.3,0.6,1.61,23,6,0,0,6
12.5,24,isocontour,11.283791670955125,46168.82,97.16,9.5,-17.6,1.032,0.5,-0.4,0.6,8.0,-15.8,1.186,10,6,0,0,6
12.5,25,isocontour,11.283791670955125,45958.66,96.71,-17.2,-1.6,1.204,0.8,2.0,2.2,-12.5,0.9,1.61,23,6,0,0,6
12.5,Target,,,,,0.0,0.0,4.023,0.0,0.0,,,,,,,,,
12.6,1,isocontour,11.283791670955125,45648.07,96.06,18.1,3.7,1.13,0.1,0.7,0.7,18.0,2.9,1.144,1,8,0,0,8
12.6,2,isocontour,11.283791670955125,45171.11,95.06,18.5,9.8,0.983,1.6,0.3,1.6,18.0,2.9,1.144,1,8,0,0,8
12.6,3,isocontour,11.283791670955125,45705.76,96.18,17.7,8.6,1.052,-0.2,0.8,0.8,18.0,2.9,1.144,1,8,0,0,8
12.6,4,isocontour,11.283791670955125,46128.53,97.07,17.4,10.9,1.004,1.0,0.9,1.3,18.0,2.9,1.144,1,8,0,0,8
12.6,5,isocontour,11.283791670955125,45814.67,96.41,17.6,9.7,1.025,-1.5,1.0,1.8,18.0,2.9,1.144,1,8,0,0,8
12.6,6,isocontour,11.283791670955125,45734.11,96.24,9.0,-17.6,1.049,2.1,-3.8,4.3,8.0,-15.8,1.186,10,6,0,0,6
12.6,7,isocontour,11.283791670955125,45629.4,96.02,-14.3,-0.3,1.436,-1.6,0.5,1.7,-12.5,0.9,1.61,23,6,0,0,6
12.6,8,isocontour,11.283791670955125,46012.91,96.83,8.5,-17.0,1.092,-1.2,-2.3,2.6,8.0,-15.8,1.186,10,6,0,0,6
12.6,9,isocontour,11.283791670955125,46537.59,97.93,17.7,7.7,1.074,-0.3,2.4,2.4,18.0,2.9,1.144,1,8,0,0,8
12.6,10,isocontour,11.283791670955125,46355.08,97.55,8.5,-16.3,1.133,1.2,0.2,1.2,8.0,-15.8,1.186,10,6,0,0,6
12.6,11,isocontour,11.283791670955125,46109.85,97.03,-17.8,-1.9,1.162,0.1,1.1,1.1,-12.5,0.9,1.61,23,6,0,0,6
12.6,12,isocontour,11.283791670955125,46184.67,97.19,-17.7,-1.3,1.178,-2.4,-1.8,3.0,-12.5,0.9,1.61,23,6,0,0,6
12.6,13,isocontour,11.283791670955125,45922.61,96.64,18.1,9.3,1.015,0.6,-0.8,1.0,18.0,2.9,1.144,1,8,0,0,8
12.6,14,isocontour,11.283791670955125,45823.48,96.43,9.4,-17.2,1.055,-0.2,-3.2,3.2,8.0,-15.8,1.186,10,6,0,0,6
12.6,15,isocontour,11.283791670955125,45180.68,95.08,17.8,10.9,0.986,0.0,-1.2,1.2,18.0,2.9,1.144,1,8,0,0,8
12.6,16,isocontour,11.283791670955125,47381.42,99.71,-22.2,21.5,0.571,-0.8,0.5,0.9,-22.2,21.5,0.578,16,0,0,0,0
12.6,17,isocontour,11.283791670955125,45362.57,95.46,18.8,9.2,0.981,-1.1,-0.0,1.1,18.0,2.9,1.144,1,8,0,0,8
12.6,18,isocontour,11.283791670955125,47364.08,99.67,3.5,24.7,0.784,0.9,-0.2,0.9,3.5,24.7,0.789,18,0,0,0,0
12.6,19,isocontour,11.283791670955125,45759.58,96.3,-15.1,-0.1,1.369,-1.4,0.1,1.4,-12.5,0.9,1.61,23,6,0,0,6
12.6,20,isocontour,11.283791670955125,45883.16,96.56,8.8,-16.6,1.103,-1.3,0.2,1.3,8.0,-15.8,1.186,10,6,0,0,6
12.6,21,isocontour,11.283791670955125,45965.48,96.73,8.9,-18.1,1.027,-1.8,-1.7,2.5,8.0,-15.8,1.186,10,6,0,0,6
12.6,22,isocontour,11.283791670955125,46672.9,98.22,-17.0,-1.3,1.222,0.7,-1.4,1.6,-12.5,0.9,1.61,23,6,0,0,6
12.6,23,isocontour,11.283791670955125,46437.0,97.72,-13.4,0.6,1.512,-1.6,0.1,1.6,-13.4,0.6,1.61,23,6,0,0,6
12.6,24,isocontour,11.283791670955125,46137.34,97.09,9.3,-17.7,1.033,-2.7,-1.1,2.9,8.0,-15.8,1.186,10,6,0,0,6
12.6,25,isocontour,11.283791670955125,45945.88,96.69,-17.4,-1.7,1.193,-2.0,-0.8,2.2,-12.5,0.9,1.61,23,6,0,0,6
12.6,Target,,,,,0.0,0.0,4.023,0.0,0.0,,,,,,,,,
12.7,1,isocontour,11.283791670955125,45627.09,96.02,18.0,3.9,1.128,-0.3,2.5,2.5,18.0,2.9,1.144,1,8,0,0,8
12.7,2,isocontour,11.283791670955125,45148.61,95.01,18.4,10.0,0.981,-1.1,2.3,2.5,18.0,2.9,1.144,1,8,0,0,8
12.7,3,isocontour,11.283791670955125,45685.75,96.14,17.7,8.8,1.047,-0.2,2.5,2.5,18.0,2.9,1.144,1,8,0,0,8
12.7,4,isocontour,11.283791670955125,46124.95,97.06,17.3,10.9,1.008,-1.4,0.3,1.4,18.0,2.9,1.144,1,8,0,0,8
12.7,5,isocontour,11.283791670955125,45814.24,96.41,17.6,9.8,1.023,0.2,0.6,0.6,18.0,2.9,1.144,1,8,0,0,8
12.7,6,isocontour,11.283791670955125,45706.65,96.18,8.9,-17.8,1.037,-1.3,-2.5,2.8,8.0,-15.8,1.186,10,6,0,0,6
12.7,7,isocontour,11.283791670955125,45624.0,96.01,-14.4,-0.2,1.423,-1.5,0.4,1.6,-12.5,0.9,1.61,23,6,0,0,6
12.7,8,isocontour,11.283791670955125,45995.19,96.79,8.6,-17.2,1.078,0.9,-2.2,2.4,8.0,-15.8,1.186,10,6,0,0,6
12.7,9,isocontour,11.283791670955125,46535.7,97.93,17.7,7.8,1.075,-0.6,1.0,1.2,18.0,2.9,1.144,1,8,0,0,8
12.7,10,isocontour,11.283791670955125,46354.88,97.55,8.6,-16.3,1.13,0.2,-0.5,0.5,8.0,-15.8,1.186,10,6,0,0,6
12.7,11,isocontour,11.283791670955125,46095.42,97.0,-18.0,-2.0,1.152,-1.7,-1.5,2.3,-12.5,0.9,1.61,23,6,0,0,6
12.7,12,isocontour,11.283791670955125,46179.84,97.18,-17.8,-1.4,1.168,-1.1,-1.1,1.6,-12.5,0.9,1.61,23,6,0,0,6
12.7,13,isocontour,11.283791670955125,45906.18,96.6,18.1,9.4,1.009,0.1,2.3,2.3,18.0,2.9,1.144,1,8,0,0,8
12.7,14,isocontour,11.283791670955125,45822.85,96.43,9.3,-17.3,1.056,-0.7,0.3,0.8,8.0,-15.8,1.186,10,6,0,0,6
12.7,15,isocontour,11.283791670955125,45167.0,95.05,17.9,10.7,0.982,1.7,-1.4,2.2,18.0,2.9,1.144,1,8,0,0,8
12.7,16,isocontour,11.283791670955125,47380.32,99.71,-22.2,21.5,0.571,-0.5,-0.8,0.9,-22.2,21.5,0.578,16,0,0,0,0
12.7,17,isocontour,11.283791670955125,45342.55,95.42,18.6,9.4,0.985,-1.6,1.9,2.5,18.0,2.9,1.144,1,8,0,0,8
12.7,18,isocontour,11.283791670955125,47362.98,99.67,3.4,24.7,0.785,-0.9,-0.2,0.9,3.4,24.7,0.789,18,0,0,0,0
12.7,19,isocontour,11.283791670955125,45744.77,96.26,-15.2,-0.3,1.358,-1.4,-1.8,2.3,-12.5,0.9,1.61,23,6,0,0,6
12.7,20,isocontour,11.283791670955125,45828.56,96.44,9.0,-16.8,1.087,2.7,-2.2,3.5,8.0,-15.8,1.186,10,6,0,0,6
12.7,21,isocontour,11.283791670955125,45964.64,96.73,8.8,-18.2,1.022,-0.1,-0.9,0.9,8.0,-15.8,1.186,10,6,0,0,6
12.7,22,isocontour,11.283791670955125,46670.53,98.21,-17.1,-1.3,1.215,-1.2,0.1,1.2,-12.5,0.9,1.61,23,6,0,0,6
12.7,23,isocontour,11.283791670955125,46431.89,97.71,-13.6,0.6,1.498,-1.6,0.1,1.6,-13.6,0.6,1.61,23,6,0,0,6
12.7,24,isocontour,11.283791670955125,46115.86,97.05,9.3,-17.9,1.021,0.9,-2.4,2.6,8.0,-15.8,1.186,10,6,0,0,6
12.7,25,isocontour,11.283791670955125,45942.53,96.68,-17.5,-1.7,1.183,-1.3,-0.5,1.4,-12.5,0.9,1.61,23,6,0,0,6
12.7,Target,,,,,0.0,0.0,4.023,0.0,0.0,,,,,,,,,
12.8,1,isocontour,11.283791670955125,45626.68,96.02,18.0,4.0,1.127,0.1,0.7,0.7,18.0,2.9,1.144,1,8,0,0,8
12.8,2,isocontour,11.283791670955125,45132.8,94.98,18.2,10.0,0.99,-2.3,0.0,2.3,18.0,2.9,1.144,1,8,0,0,8
12.8,3,isocontour,11.283791670955125,45685.22,96.14,17.7,8.9,1.043,0.4,0.6,0.7,18.0,2.9,1.144,1,8,0,0,8
12.8,4,isocontour,11.283791670955125,46043.0,96.89,17.0,11.2,1.012,-2.7,3.0,4.0,18.0,2.9,1.144,1,8,0,0,8
12.8,5,isocontour,11.283791670955125,45811.38,96.4,17.8,9.8,1.017,1.3,0.2,1.3,18.0,2.9,1.144,1,8,0,0,8
12.8,6,isocontour,11.283791670955125,45705.71,96.18,8.8,-17.9,1.037,-0.9,-0.1,0.9,8.0,-15.8,1.186,10,6,0,0,6
12.8,7,isocontour,11.283791670955125,45611.58,95.98,-14.6,-0.4,1.41,-1.5,-1.5,2.1,-12.5,0.9,1.61,23,6,0,0,6
12.8,8,isocontour,11.283791670955125,45977.91,96.75,8.7,-17.4,1.066,2.0,-1.3,2.4,8.0,-15.8,1.186,10,6,0,0,6
12.8,9,isocontour,11.283791670955125,46533.08,97.92,17.7,7.9,1.069,0.9,0.9,1.3,18.0,2.9,1.144,1,8,0,0,8
12.8,10,isocontour,11.283791670955125,46338.03,97.51,8.6,-16.5,1.118,-0.2,-2.4,2.4,8.0,-15.8,1.186,10,6,0,0,6
12.8,11,isocontour,11.283791670955125,46092.07,97.0,-18.1,-2.0,1.143,-1.4,0.1,1.4,-12.5,0.9,1.61,23,6,0,0,6
12.8,12,isocontour,11.283791670955125,46171.67,97.16,-17.9,-1.4,1.157,-1.7,0.6,1.8,-12.5,0.9,1.61,23,6,0,0,6
12.8,13,isocontour,11.283791670955125,45898.4,96.59,18.0,9.4,1.017,-1.5,-1.0,1.8,18.0,2.9,1.144,1,8,0,0,8
12.8,14,isocontour,11.283791670955125,45768.25,96.31,9.4,-17.5,1.039,1.1,-3.3,3.5,8.0,-15.8,1.186,10,6,0,0,6
12.8,15,isocontour,11.283791670955125,45143.99,95.0,17.9,10.5,0.992,-1.1,-2.4,2.6,18.0,2.9,1.144,1,8,0,0,8
12.8,16,isocontour,11.283791670955125,47379.23,99.7,-22.2,21.4,0.573,0.1,-0.9,0.9,-22.2,21.4,0.578,16,0,0,0,0
12.8,17,isocontour,11.283791670955125,45340.0,95.41,18.6,9.5,0.984,-0.4,1.2,1.3,18.0,2.9,1.144,1,8,0,0,8
12.8,18,isocontour,11.283791670955125,47361.88,99.67,3.5,24.6,0.788,0.3,-0.9,0.9,3.5,24.6,0.789,18,0,0,0,0
12.8,19,isocontour,11.283791670955125,45730.53,96.23,-15.4,-0.5,1.347,-1.4,-1.7,2.2,-12.5,0.9,1.61,23,6,0,0,6
12.8,20,isocontour,11.283791670955125,45827.53,96.44,9.0,-16.9,1.082,-0.5,-0.7,0.9,8.0,-15.8,1.186,10,6,0,0,6
12.8,21,isocontour,11.283791670955125,45956.07,96.71,9.0,-18.2,1.017,1.9,-0.2,1.9,8.0,-15.8,1.186,10,6,0,0,6
12.8,22,isocontour,11.283791670955125,46654.71,98.18,-17.2,-1.4,1.205,-1.4,-1.8,2.3,-12.5,0.9,1.61,23,6,0,0,6
12.8,23,isocontour,11.283791670955125,46428.16,97.7,-13.7,0.6,1.485,-1.4,0.1,1.4,-13.7,0.6,1.61,23,6,0,0,6
12.8,24,isocontour,11.283791670955125,46095.61,97.0,9.6,-18.0,1.013,2.5,0.1,2.5,8.0,-15.8,1.186,10,6,0,0,6
12.8,25,isocontour,11.283791670955125,45942.53,96.68,-17.6,-1.7,1.181,-0.1,-0.0,0.1,-12.5,0.9,1.61,23,6,0,0,6
12.8,Target,,,,,0.0,0.0,4.023,0.0,0.0,,,,,,,,,
12.9,1,isocontour,11.283791670955125,45614.43,95.99,18.1,4.2,1.12,0.8,2.0,2.2,18.0,2.9,1.144,1,8,0,0,8
12.9,2,isocontour,11.283791670955125,45048.38,94.8,18.4,9.8,0.987,2.8,-2.9,4.0,18.0,2.9,1.144,1,8,0,0,8
12.9,3,isocontour,11.283791670955125,45680.58,96.13,17.6,9.0,1.048,-1.4,0.5,1.5,18.0,2.9,1.144,1,8,0,0,8
12.9,4,isocontour,11.283791670955125,46040.95,96.89,17.1,11.1,1.011,0.8,-0.8,1.1,18.0,2.9,1.144,1,8,0,0,8
12.9,5,isocontour,11.283791670955125,45800.13,96.38,17.6,9.9,1.021,-1.8,1.1,2.1,18.0,2.9,1.144,1,8,0,0,8
12.9,6,isocontour,11.283791670955125,45694.47,96.16,8.9,-18.0,1.027,0.8,-1.9,2.1,8.0,-15.8,1.186,10,6,0,0,6
12.9,7,isocontour,11.283791670955125,45606.46,95.97,-14.8,-0.4,1.398,-1.5,0.4,1.6,-12.5,0.9,1.61,23,6,0,0,6
12.9,8,isocontour,11.283791670955125,45974.63,96.75,8.7,-17.4,1.066,-1.4,-0.1,1.4,8.0,-15.8,1.186,10,6,0,0,6
12.9,9,isocontour,11.283791670955125,46521.84,97.9,17.8,8.0,1.059,1.1,1.8,2.1,18.0,2.9,1.144,1,8,0,0,8
12.9,10,isocontour,11.283791670955125,46325.95,97.49,8.6,-16.7,1.106,-0.0,-2.1,2.1,8.0,-15.8,1.186,10,6,0,0,6
12.9,11,isocontour,11.283791670955125,46091.3,96.99,-18.1,-2.1,1.142,0.2,-0.8,0.8,-12.5,0.9,1.61,23,6,0,0,6
12.9,12,isocontour,11.283791670955125,46159.76,97.14,-18.1,-1.5,1.146,-1.6,-1.4,2.1,-12.5,0.9,1.61,23,6,0,0,6
12.9,13,isocontour,11.283791670955125,45898.01,96.59,17.9,9.4,1.017,-0.0,0.7,0.7,18.0,2.9,1.144,1,8,0,0,8
12.9,14,isocontour,11.283791670955125,45767.49,96.31,9.4,-17.5,1.04,-0.6,0.6,0.8,8.0,-15.8,1.186,10,6,0,0,6
12.9,15,isocontour,11.283791670955125,45143.38,95.0,17.8,10.5,0.996,-0.7,0.4,0.8,18.0,2.9,1.144,1,8,0,0,8
12.9,16,isocontour,11.283791670955125,47378.13,99.7,-22.1,21.4,0.574,0.9,0.2,0.9,-22.1,21.4,0.578,16,0,0,0,0
12.9,17,isocontour,11.283791670955125,45338.83,95.41,18.5,9.6,0.985,-0.7,0.7,1.0,18.0,2.9,1.144,1,8,0,0,8
12.9,18,isocontour,11.283791670955125,47360.78,99.66,3.4,24.7,0.786,-0.4,0.9,1.0,3.4,24.7,0.789,18,0,0,0,0
12.9,19,isocontour,11.283791670955125,45726.72,96.23,-15.5,-0.5,1.336,-1.4,0.2,1.4,-12.5,0.9,1.61,23,6,0,0,6
12.9,20,isocontour,11.283791670955125,45814.22,96.41,9.1,-17.1,1.07,1.1,-1.9,2.2,8.0,-15.8,1.186,10,6,0,0,6
12.9,21,isocontour,11.283791670955125,45916.96,96.63,9.3,-18.2,1.01,3.1,0.1,3.1,8.0,-15.8,1.186,10,6,0,0,6
12.9,22,isocontour,11.283791670955125,46654.6,98.18,-17.3,-1.5,1.202,-0.1,-0.4,0.4,-12.5,0.9,1.61,23,6,0,0,6
12.9,23,isocontour,11.283791670955125,46410.22,97.66,-13.9,0.4,1.472,-1.6,-1.8,2.4,-13.9,0.4,1.61,23,6,0,0,6
12.9,24,isocontour,11.283791670955125,46083.19,96.98,9.7,-18.1,1.002,1.4,-1.6,2.1,8.0,-15.8,1.186,10,6,0,0,6
12.9,25,isocontour,11.283791670955125,45935.61,96.67,-17.7,-1.8,1.171,-1.6,-0.7,1.7,-12.5,0.9,1.61,23,6,0,0,6
12.9,Target,,,,,0.0,0.0,4.023,0.0,0.0,,,,,,,,,
13.0,1,isocontour,11.283791670955125,45613.93,95.99,18.1,4.2,1.119,-0.3,0.7,0.8,18.0,2.9,1.144,1,8,0,0,8
13.0,2,isocontour,11.283791670955125,45025.88,94.75,18.4,10.0,0.98,0.0,2.6,2.6,18.0,2.9,1.144,1,8,0,0,8
13.0,3,isocontour,11.283791670955125,45675.93,96.12,17.5,8.9,1.056,-1.4,-0.6,1.5,18.0,2.9,1.144,1,8,0,0,8
13.0,4,isocontour,11.283791670955125,46019.72,96.84,17.2,10.9,1.014,0.9,-2.4,2.6,18.0,2.9,1.144,1,8,0,0,8
13.0,5,isocontour,11.283791670955125,45777.89,96.33,17.7,10.1,1.01,1.8,1.9,2.6,18.0,2.9,1.144,1,8,0,0,8
13.0,6,isocontour,11.283791670955125,45691.4,96.15,8.8,-18.0,1.032,-0.9,1.0,1.3,8.0,-15.8,1.186,10,6,0,0,6
13.0,7,isocontour,11.283791670955125,45593.87,95.95,-14.9,-0.5,1.385,-1.5,-1.6,2.2,-12.5,0.9,1.61,23,6,0,0,6
13.0,8,isocontour,11.283791670955125,45973.02,96.74,8.6,-17.5,1.063,-0.3,-1.0,1.0,8.0,-15.8,1.186,10,6,0,0,6
13.0,9,isocontour,11.283791670955125,46521.15,97.9,17.9,8.1,1.054,0.3,0.7,0.8,18.0,2.9,1.144,1,8,0,0,8
13.0,10,isocontour,11.283791670955125,46304.72,97.44,8.7,-16.9,1.092,1.6,-2.0,2.6,8.0,-15.8,1.186,10,6,0,0,6
13.0,11,isocontour,11.283791670955125,46067.5,96.94,-18.1,-2.3,1.141,0.0,-2.6,2.6,-12.5,0.9,1.61,23,6,0,0,6
13.0,12,isocontour,11.283791670955125,46150.5,97.12,-18.2,-1.6,1.138,-1.2,-1.5,1.9,-12.5,0.9,1.61,23,6,0,0,6
13.0,13,isocontour,11.283791670955125,45872.27,96.53,18.1,9.6,1.006,1.5,2.3,2.7,18.0,2.9,1.144,1,8,0,0,8
13.0,14,isocontour,11.283791670955125,45720.01,96.21,9.5,-17.8,1.025,2.2,-2.5,3.3,8.0,-15.8,1.186,10,6,0,0,6
13.0,15,isocontour,11.283791670955125,45128.76,94.97,17.8,10.7,0.988,0.7,2.1,2.2,18.0,2.9,1.144,1,8,0,0,8
13.0,16,isocontour,11.283791670955125,47377.03,99.7,-22.2,21.3,0.575,-0.6,-0.7,0.9,-22.2,21.3,0.578,16,0,0,0,0
13.0,17,isocontour,11.283791670955125,45338.81,95.41,18.5,9.6,0.987,-0.3,-0.0,0.3,18.0,2.9,1.144,1,8,0,0,8
13.0,18,isocontour,11.283791670955125,47359.68,99.66,3.5,24.7,0.784,0.9,0.3,0.9,3.5,24.7,0.789,18,0,0,0,0
13.0,19,isocontour,11.283791670955125,45713.6,96.2,-15.7,-0.6,1.325,-1.3,-1.7,2.1,-12.5,0.9,1.61,23,6,0,0,6
13.0,20,isocontour,11.283791670955125,45813.59,96.41,9.2,-17.2,1.064,0.5,-0.6,0.8,8.0,-15.8,1.186,10,6,0,0,6
13.0,21,isocontour,11.283791670955125,45914.91,96.62,9.2,-18.2,1.009,-1.1,-0.4,1.2,8.0,-15.8,1.186,10,6,0,0,6
13.0,22,isocontour,11.283791670955125,46654.45,98.18,-17.3,-1.5,1.202,0.1,-0.5,0.5,-12.5,0.9,1.61,23,6,0,0,6
13.0,23,isocontour,11.283791670955125,46405.48,97.65,-14.0,0.4,1.458,-1.5,0.1,1.5,-14.0,0.4,1.61,23,6,0,0,6
13.0,24,isocontour,11.283791670955125,46082.28,96.97,9.8,-18.1,1.001,0.7,0.5,0.9,8.0,-15.8,1.186,10,6,0,0,6
13.0,25,isocontour,11.283791670955125,45909.02,96.61,-17.8,-2.0,1.163,-1.0,-2.6,2.8,-12.5,0.9,1.61,23,6,0,0,6
13.0,Target,,,,,0.0,0.0,4.023,0.0,0.0,,,,,,,,,
13.1,1,isocontour,11.283791670955125,45594.15,95.95,18.1,4.5,1.115,0.3,2.5,2.5,18.0,2.9,1.144,1,8,0,0,8
13.1,2,isocontour,11.283791670955125,45008.16,94.71,18.3,10.2,0.98,-1.3,2.0,2.4,18.0,2.9,1.144,1,8,0,0,8
13.1,3,isocontour,11.283791670955125,45653.69,96.07,17.5,9.1,1.047,1.2,2.3,2.6,18.0,2.9,1.144,1,8,0,0,8
13.1,4,isocontour,11.283791670955125,45983.16,96.77,17.3,10.7,1.013,1.8,-2.5,3.1,18.0,2.9,1.144,1,8,0,0,8
13.1,5,isocontour,11.283791670955125,45757.64,96.29,17.6,10.2,1.013,-2.0,1.5,2.5,18.0,2.9,1.144,1,8,0,0,8
13.1,6,isocontour,11.283791670955125,45686.38,96.14,8.9,-18.1,1.025,1.0,-1.2,1.6,8.0,-15.8,1.186,10,6,0,0,6
13.1,7,isocontour,11.283791670955125,45580.74,95.92,-15.0,-0.6,1.372,-1.5,-1.6,2.2,-12.5,0.9,1.61,23,6,0,0,6
13.1,8,isocontour,11.283791670955125,45956.58,96.71,8.8,-17.4,1.065,1.8,1.5,2.3,8.0,-15.8,1.186,10,6,0,0,6
13.1,9,isocontour,11.283791670955125,46520.76,97.9,17.9,8.2,1.052,0.0,0.7,0.7,18.0,2.9,1.144,1,8,0,0,8
13.1,10,isocontour,11.283791670955125,46297.68,97.43,8.7,-17.1,1.08,0.3,-1.7,1.7,8.0,-15.8,1.186,10,6,0,0,6
13.1,11,isocontour,11.283791670955125,46065.5,96.94,-18.2,-2.4,1.134,-1.1,-0.2,1.1,-12.5,0.9,1.61,23,6,0,0,6
13.1,12,isocontour,11.283791670955125,46149.73,97.12,-18.2,-1.7,1.137,0.1,-0.8,0.8,-12.5,0.9,1.61,23,6,0,0,6
13.1,13,isocontour,11.283791670955125,45839.82,96.46,18.0,9.5,1.016,-1.7,-2.4,2.9,18.0,2.9,1.144,1,8,0,0,8
13.1,14,isocontour,11.283791670955125,45719.86,96.21,9.6,-17.8,1.024,-0.2,0.4,0.4,8.0,-15.8,1.186,10,6,0,0,6
13.1,15,isocontour,11.283791670955125,45126.32,94.96,17.8,10.6,0.99,-0.1,-1.2,1.2,18.0,2.9,1.144,1,8,0,0,8
13.1,16,isocontour,11.283791670955125,47375.93,99.7,-22.1,21.3,0.577,0.9,-0.1,0.9,-22.1,21.3,0.578,16,0,0,0,0
13.1,17,isocontour,11.283791670955125,45328.81,95.39,18.4,9.4,0.992,-0.3,-2.0,2.0,18.0,2.9,1.144,1,8,0,0,8
13.1,18,isocontour,11.283791670955125,47358.58,99.66,3.4,24.7,0.784,-0.9,0.1,0.9,3.4,24.7,0.789,18,0,0,0,0
13.1,19,isocontour,11.283791670955125,45698.97,96.17,-15.8,-0.8,1.314,-1.4,-1.7,2.2,-12.5,0.9,1.61,23,6,0,0,6
13.1,20,isocontour,11.283791670955125,45792.11,96.36,9.3,-17.4,1.051,1.5,-2.1,2.6,8.0,-15.8,1.186,10,6,0,0,6
13.1,21,isocontour,11.283791670955125,45906.2,96.6,9.2,-18.4,1.004,-0.9,-1.7,1.9,8.0,-15.8,1.186,10,6,0,0,6
13.1,22,isocontour,11.283791670955125,46651.03,98.17,-17.3,-1.7,1.198,-0.6,-1.2,1.3,-12.5,0.9,1.61,23,6,0,0,6
13.1,23,isocontour,11.283791670955125,46400.84,97.64,-14.2,0.4,1.445,-1.5,0.0,1.5,-14.2,0.4,1.61,23,6,0,0,6
13.1,24,isocontour,11.283791670955125,45986.83,96.77,10.2,-18.1,0.992,4.2,0.1,4.2,8.0,-15.8,1.186,10,6,0,0,6
13.1,25,isocontour,11.283791670955125,45880.66,96.55,-17.8,-1.8,1.162,-0.2,2.8,2.8,-12.5,0.9,1.61,23,6,0,0,6
13.1,Target,,,,,0.0,0.0,4.023,0.0,0.0,,,,,,,,,
13.2,1,isocontour,11.283791670955125,45572.92,95.9,18.1,4.7,1.111,-0.1,2.5,2.5,18.0,2.9,1.144,1,8,0,0,8
13.2,2,isocontour,11.283791670955125,44975.05,94.64,18.1,10.0,0.993,-1.9,-2.3,3.0,18.0,2.9,1.144,1,8,0,0,8
13.2,3,isocontour,11.283791670955125,45653.23,96.07,17.6,9.2,1.042,0.2,0.7,0.7,18.0,2.9,1.144,1,8,0,0,8
13.2,4,isocontour,11.283791670955125,45980.49,96.76,17.3,10.5,1.017,-0.3,-1.2,1.2,18.0,2.9,1.144,1,8,0,0,8
13.2,5,isocontour,11.283791670955125,45756.93,96.29,17.6,10.2,1.012,0.6,-0.5,0.8,18.0,2.9,1.144,1,8,0,0,8
13.2,6,isocontour,11.283791670955125,45677.81,96.12,9.0,-18.0,1.027,1.4,1.3,1.9,8.0,-15.8,1.186,10,6,0,0,6
13.2,7,isocontour,11.283791670955125,45575.72,95.91,-15.2,-0.6,1.36,-1.5,0.4,1.6,-12.5,0.9,1.61,23,6,0,0,6
13.2,8,isocontour,11.283791670955125,45926.07,96.65,8.7,-17.6,1.056,-1.3,-2.6,2.9,8.0,-15.8,1.186,10,6,0,0,6
13.2,9,isocontour,11.283791670955125,46500.27,97.85,17.9,8.4,1.048,-0.3,2.5,2.5,18.0,2.9,1.144,1,8,0,0,8
13.2,10,isocontour,11.283791670955125,46297.09,97.43,8.7,-17.1,1.083,-0.4,0.6,0.7,8.0,-15.8,1.186,10,6,0,0,6
13.2,11,isocontour,11.283791670955125,46063.7,96.94,-18.2,-2.3,1.135,0.2,1.1,1.1,-12.5,0.9,1.61,23,6,0,0,6
13.2,12,isocontour,11.283791670955125,46147.74,97.11,-18.3,-1.8,1.131,-1.0,-0.6,1.2,-12.5,0.9,1.61,23,6,0,0,6
13.2,13,isocontour,11.283791670955125,45839.63,96.46,17.9,9.5,1.017,-0.0,0.5,0.5,18.0,2.9,1.144,1,8,0,0,8
13.2,14,isocontour,11.283791670955125,45634.19,96.03,9.7,-18.1,1.005,1.6,-3.7,4.0,8.0,-15.8,1.186,10,6,0,0,6
13.2,15,isocontour,11.283791670955125,45110.91,94.93,18.0,10.5,0.988,1.6,-1.7,2.3,18.0,2.9,1.144,1,8,0,0,8
13.2,16,isocontour,11.283791670955125,47374.83,99.69,-22.0,21.2,0.579,0.5,-0.8,0.9,-22.0,21.2,0.578,16,0,0,0,0
13.2,17,isocontour,11.283791670955125,45313.4,95.36,18.6,9.3,0.989,1.7,-1.5,2.3,18.0,2.9,1.144,1,8,0,0,8
13.2,18,isocontour,11.283791670955125,47357.48,99.66,3.5,24.7,0.784,0.9,-0.1,0.9,3.5,24.7,0.789,18,0,0,0,0
13.2,19,isocontour,11.283791670955125,45686.89,96.14,-15.9,-0.9,1.303,-1.3,-1.7,2.1,-12.5,0.9,1.61,23,6,0,0,6
13.2,20,isocontour,11.283791670955125,45788.9,96.36,9.5,-17.4,1.046,1.3,0.1,1.3,8.0,-15.8,1.186,10,6,0,0,6
13.2,21,isocontour,11.283791670955125,45859.57,96.51,8.9,-18.5,1.002,-2.9,-1.6,3.3,8.0,-15.8,1.186,10,6,0,0,6
13.2,22,isocontour,11.283791670955125,46649.58,98.17,-17.3,-1.8,1.198,0.3,-1.0,1.0,-12.5,0.9,1.61,23,6,0,0,6
13.2,23,isocontour,11.283791670955125,46381.76,97.6,-14.3,0.3,1.432,-1.6,-1.9,2.5,-14.3,0.3,1.61,23,6,0,0,6
13.2,24,isocontour,11.283791670955125,45890.7,96.57,10.6,-18.0,0.984,4.2,0.8,4.3,8.0,-15.8,1.186,10,6,0,0,6
13.2,25,isocontour,11.283791670955125,45799.32,96.38,-18.0,-2.1,1.151,-1.5,-3.7,4.0,-12.5,0.9,1.61,23,6,0,0,6
13.2,Target,,,,,0.0,0.0,4.023,0.0,0.0,,,,,,,,,
13.3,1,isocontour,11.283791670955125,45552.43,95.86,18.1,5.0,1.106,0.2,2.5,2.5,18.0,2.9,1.144,1,8,0,0,8
13.3,2,isocontour,11.283791670955125,44971.48,94.64,18.1,9.9,0.999,-0.1,-1.4,1.4,18.0,2.9,1.144,1,8,0,0,8
13.3,3,isocontour,11.283791670955125,45652.5,96.07,17.6,9.3,1.039,0.1,0.8,0.8,18.0,2.9,1.144,1,8,0,0,8
13.3,4,isocontour,11.283791670955125,45979.39,96.76,17.3,10.6,1.015,0.2,0.9,0.9,18.0,2.9,1.144,1,8,0,0,8
13.3,5,isocontour,11.283791670955125,45696.06,96.16,17.7,9.9,1.019,0.4,-3.6,3.6,18.0,2.9,1.144,1,8,0,0,8
13.3,6,isocontour,11.283791670955125,45659.2,96.08,9.2,-18.1,1.016,1.7,-1.7,2.4,8.0,-15.8,1.186,10,6,0,0,6
13.3,7,isocontour,11.283791670955125,45565.73,95.89,-15.3,-0.8,1.35,-1.2,-1.6,2.0,-12.5,0.9,1.61,23,6,0,0,6
13.3,8,isocontour,11.283791670955125,45892.96,96.58,8.8,-17.8,1.04,1.5,-2.5,2.9,8.0,-15.8,1.186,10,6,0,0,6
13.3,9,isocontour,11.283791670955125,46479.29,97.81,17.9,8.7,1.041,0.1,2.5,2.5,18.0,2.9,1.144,1,8,0,0,8
13.3,10,isocontour,11.283791670955125,46297.06,97.43,8.7,-17.1,1.084,-0.2,0.1,0.2,8.0,-15.8,1.186,10,6,0,0,6
13.3,11,isocontour,11.283791670955125,46062.89,96.93,-18.2,-2.3,1.134,-0.2,-0.8,0.8,-12.5,0.9,1.61,23,6,0,0,6
13.3,12,isocontour,11.283791670955125,46146.42,97.11,-18.4,-1.7,1.129,-0.2,1.0,1.0,-12.5,0.9,1.61,23,6,0,0,6
13.3,13,isocontour,11.283791670955125,45822.56,96.43,18.0,9.7,1.008,0.9,2.2,2.4,18.0,2.9,1.144,1,8,0,0,8
13.3,14,isocontour,11.283791670955125,45617.33,96.0,9.8,-17.9,1.007,1.2,2.0,2.3,8.0,-15.8,1.186,10,6,0,0,6
13.3,15,isocontour,11.283791670955125,45106.78,94.92,18.1,10.5,0.981,1.5,0.2,1.5,18.0,2.9,1.144,1,8,0,0,8
13.3,16,isocontour,11.283791670955125,47373.73,99.69,-22.0,21.2,0.582,0.7,-0.6,0.9,-22.0,21.2,0.579,16,0,0,0,0
13.3,17,isocontour,11.283791670955125,45312.08,95.35,18.6,9.3,0.989,-0.4,0.9,1.0,18.0,2.9,1.144,1,8,0,0,8
13.3,18,isocontour,11.283791670955125,47356.38,99.66,3.6,24.8,0.783,0.9,0.2,0.9,3.6,24.8,0.789,18,0,0,0,0
13.3,19,isocontour,11.283791670955125,45673.77,96.11,-16.1,-1.1,1.292,-1.4,-1.7,2.2,-12.5,0.9,1.61,23,6,0,0,6
13.3,20,isocontour,11.283791670955125,45768.41,96.31,9.3,-17.6,1.04,-1.5,-2.0,2.5,8.0,-15.8,1.186,10,6,0,0,6
13.3,21,isocontour,11.283791670955125,45807.72,96.4,8.6,-18.7,1.001,-3.1,-1.5,3.4,8.0,-15.8,1.186,10,6,0,0,6
13.3,22,isocontour,11.283791670955125,46644.94,98.16,-17.4,-1.7,1.19,-1.5,0.5,1.6,-12.5,0.9,1.61,23,6,0,0,6
13.3,23,isocontour,11.283791670955125,46363.6,97.57,-14.5,0.1,1.42,-1.5,-1.9,2.4,-14.5,0.1,1.61,23,6,0,0,6
13.3,24,isocontour,11.283791670955125,45890.2,96.57,10.6,-17.9,0.985,-0.6,0.4,0.7,8.0,-15.8,1.186,10,6,0,0,6
13.3,25,isocontour,11.283791670955125,45799.09,96.38,-18.0,-2.1,1.151,0.2,0.5,0.5,-12.5,0.9,1.61,23,6,0,0,6
13.3,Target,,,,,0.0,0.0,4.023,0.0,0.0,,,,,,,,,
13.4,1,isocontour,11.283791670955125,45549.0,95.85,18.1,5.1,1.108,-0.8,1.1,1.4,18.0,2.9,1.144,1,8,0,0,8
13.4,2,isocontour,11.283791670955125,44939.68,94.57,18.3,10.0,0.986,2.3,1.8,2.9,18.0,2.9,1.144,1,8,0,0,8
13.4,3,isocontour,11.283791670955125,45643.93,96.05,17.6,9.5,1.033,0.4,1.8,1.8,18.0,2.9,1.144,1,8,0,0,8
13.4,4,isocontour,11.283791670955125,45970.12,96.74,17.4,10.4,1.017,0.5,-1.9,2.0,18.0,2.9,1.144,1,8,0,0,8
13.4,5,isocontour,11.283791670955125,45694.31,96.16,17.7,9.9,1.015,0.7,0.9,1.1,18.0,2.9,1.144,1,8,0,0,8
13.4,6,isocontour,11.283791670955125,45632.61,96.03,9.1,-18.3,1.006,-1.3,-2.4,2.7,8.0,-15.8,1.186,10,6,0,0,6
13.4,7,isocontour,11.283791670955125,45560.12,95.88,-15.5,-0.8,1.338,-1.6,0.3,1.6,-12.5,0.9,1.61,23,6,0,0,6
13.4,8,isocontour,11.283791670955125,45872.46,96.53,8.6,-18.0,1.038,-2.3,-0.9,2.5,8.0,-15.8,1.186,10,6,0,0,6
13.4,9,isocontour,11.283791670955125,46462.43,97.77,17.9,8.9,1.036,-0.3,2.4,2.4,18.0,2.9,1.144,1,8,0,0,8
13.4,10,isocontour,11.283791670955125,46284.81,97.4,8.8,-17.2,1.074,1.0,-1.9,2.1,8.0,-15.8,1.186,10,6,0,0,6
13.4,11,isocontour,11.283791670955125,46048.84,96.9,-18.4,-2.2,1.126,-1.6,1.6,2.3,-12.5,0.9,1.61,23,6,0,0,6
13.4,12,isocontour,11.283791670955125,46142.54,97.1,-18.5,-1.6,1.122,-1.3,0.6,1.4,-12.5,0.9,1.61,23,6,0,0,6
13.4,13,isocontour,11.283791670955125,45753.32,96.28,18.1,9.4,1.012,0.7,-3.7,3.8,18.0,2.9,1.144,1,8,0,0,8
13.4,14,isocontour,11.283791670955125,45527.83,95.81,10.2,-17.9,1.001,4.1,0.5,4.1,8.0,-15.8,1.186,10,6,0,0,6
13.4,15,isocontour,11.283791670955125,45104.63,94.92,18.2,10.4,0.982,0.2,-1.2,1.2,18.0,2.9,1.144,1,8,0,0,8
13.4,16,isocontour,11.283791670955125,47372.63,99.69,-21.9,21.1,0.585,0.8,-0.4,0.9,-21.9,21.1,0.582,16,0,0,0,0
13.4,17,isocontour,11.283791670955125,45302.08,95.33,18.5,9.5,0.988,-0.9,1.8,2.0,18.0,2.9,1.144,1,8,0,0,8
13.4,18,isocontour,11.283791670955125,47355.28,99.65,3.5,24.8,0.783,-0.9,0.1,0.9,3.5,24.8,0.789,18,0,0,0,0
13.4,19,isocontour,11.283791670955125,45660.82,96.09,-16.2,-1.3,1.28,-1.5,-1.5,2.1,-12.5,0.9,1.61,23,6,0,0,6
13.4,20,isocontour,11.283791670955125,45765.13,96.31,9.2,-17.6,1.042,-1.4,-0.1,1.4,8.0,-15.8,1.186,10,6,0,0,6
13.4,21,isocontour,11.283791670955125,45729.97,96.23,8.2,-18.9,1.0,-3.5,-1.7,3.9,8.0,-15.8,1.186,10,6,0,0,6
13.4,22,isocontour,11.283791670955125,46632.34,98.13,-17.6,-1.9,1.179,-1.6,-1.5,2.2,-12.5,0.9,1.61,23,6,0,0,6
13.4,23,isocontour,11.283791670955125,46361.33,97.56,-14.6,-0.0,1.413,-0.6,-1.0,1.2,-14.6,-0.0,1.61,23,6,0,0,6
13.4,24,isocontour,11.283791670955125,45859.37,96.51,10.3,-17.9,0.993,-2.9,-0.0,2.9,8.0,-15.8,1.186,10,6,0,0,6
13.4,25,isocontour,11.283791670955125,45766.97,96.31,-18.0,-1.9,1.153,-0.0,2.9,2.9,-12.5,0.9,1.61,23,6,0,0,6
13.4,Target,,,,,0.0,0.0,4.023,0.0,0.0,,,,,,,,,
13.5,1,isocontour,11.283791670955125,45548.6,95.85,18.1,5.2,1.107,0.1,0.7,0.7,18.0,2.9,1.144,1,8,0,0,8
13.5,2,isocontour,11.283791670955125,44939.52,94.57,18.3,10.1,0.982,0.1,0.5,0.5,18.0,2.9,1.144,1,8,0,0,8
13.5,3,isocontour,11.283791670955125,45643.42,96.05,17.7,9.5,1.028,0.6,0.4,0.7,18.0,2.9,1.144,1,8,0,0,8
13.5,4,isocontour,11.283791670955125,45947.63,96.69,17.5,10.2,1.019,1.1,-2.4,2.6,18.0,2.9,1.144,1,8,0,0,8
13.5,5,isocontour,11.283791670955125,45683.85,96.14,17.9,9.9,1.005,2.0,0.2,2.0,18.0,2.9,1.144,1,8,0,0,8
13.5,6,isocontour,11.283791670955125,45631.08,96.03,9.0,-18.4,1.006,-1.0,-0.3,1.0,8.0,-15.8,1.186,10,6,0,0,6
13.5,7,isocontour,11.283791670955125,45555.29,95.87,-15.6,-0.7,1.326,-1.5,0.3,1.5,-12.5,0.9,1.61,23,6,0,0,6
13.5,8,isocontour,11.283791670955125,45862.16,96.51,8.4,-18.1,1.037,-1.7,-1.1,2.0,8.0,-15.8,1.186,10,6,0,0,6
13.5,9,isocontour,11.283791670955125,46461.97,97.77,17.9,8.9,1.036,0.3,-0.6,0.7,18.0,2.9,1.144,1,8,0,0,8
13.5,10,isocontour,11.283791670955125,46283.94,97.4,8.7,-17.3,1.07,-0.6,-0.6,0.8,8.0,-15.8,1.186,10,6,0,0,6
13.5,11,isocontour,11.283791670955125,46035.89,96.88,-18.5,-2.0,1.118,-1.4,1.7,2.2,-12.5,0.9,1.61,23,6,0,0,6
13.5,12,isocontour,11.283791670955125,46112.02,97.04,-18.5,-1.4,1.12,-0.5,2.8,2.8,-12.5,0.9,1.61,23,6,0,0,6
13.5,13,isocontour,11.283791670955125,45747.29,96.27,18.2,9.4,1.005,1.5,0.6,1.6,18.0,2.9,1.144,1,8,0,0,8
13.5,14,isocontour,11.283791670955125,45504.82,95.76,10.4,-17.8,0.998,2.4,1.0,2.6,8.0,-15.8,1.186,10,6,0,0,6
13.5,15,isocontour,11.283791670955125,45101.21,94.91,18.1,10.4,0.986,-1.3,0.6,1.4,18.0,2.9,1.144,1,8,0,0,8
13.5,16,isocontour,11.283791670955125,47371.53,99.69,-21.9,21.0,0.587,-0.2,-0.9,0.9,-21.9,21.0,0.585,16,0,0,0,0
13.5,17,isocontour,11.283791670955125,45301.58,95.33,18.5,9.5,0.991,-0.3,-0.7,0.8,18.0,2.9,1.144,1,8,0,0,8
13.5,18,isocontour,11.283791670955125,47354.18,99.65,3.4,24.8,0.782,-0.9,0.4,1.0,3.4,24.8,0.789,18,0,0,0,0
13.5,19,isocontour,11.283791670955125,45649.24,96.06,-16.4,-1.4,1.267,-1.6,-1.4,2.1,-12.5,0.9,1.61,23,6,0,0,6
13.5,20,isocontour,11.283791670955125,45760.11,96.3,9.2,-17.7,1.036,-0.4,-1.5,1.6,8.0,-15.8,1.186,10,6,0,0,6
13.5,21,isocontour,11.283791670955125,45669.09,96.1,7.9,-19.0,1.002,-3.5,-1.1,3.7,8.0,-15.8,1.186,10,6,0,0,6
13.5,22,isocontour,11.283791670955125,46630.02,98.13,-17.6,-1.8,1.18,0.3,1.2,1.2,-12.5,0.9,1.61,23,6,0,0,6
13.5,23,isocontour,11.283791670955125,46344.05,97.53,-14.7,-0.2,1.401,-1.6,-1.8,2.4,-14.7,-0.2,1.61,23,6,0,0,6
13.5,24,isocontour,11.283791670955125,45840.52,96.47,10.5,-17.9,0.99,2.4,0.3,2.4,8.0,-15.8,1.186,10,6,0,0,6
13.5,25,isocontour,11.283791670955125,45761.56,96.3,-18.1,-1.7,1.146,-1.3,0.9,1.6,-12.5,0.9,1.61,23,6,0,0,6
13.5,Target,,,,,0.0,0.0,4.023,0.0,0.0,,,,,,,,,
13.6,1,isocontour,11.283791670955125,45546.55,95.85,18.1,5.3,1.102,0.7,0.9,1.1,18.0,2.9,1.144,1,8,0,0,8
13.6,2,isocontour,11.283791670955125,44934.6,94.56,18.3,9.9,0.985,0.1,-1.6,1.6,18.0,2.9,1.144,1,8,0,0,8
13.6,3,isocontour,11.283791670955125,45643.02,96.05,17.7,9.5,1.029,0.1,-0.7,0.7,18.0,2.9,1.144,1,8,0,0,8
13.6,4,isocontour,11.283791670955125,45947.06,96.69,17.5,10.2,1.02,-0.6,0.4,0.7,18.0,2.9,1.144,1,8,0,0,8
13.6,5,isocontour,11.283791670955125,45678.14,96.12,17.8,9.9,1.012,-1.3,-1.0,1.6,18.0,2.9,1.144,1,8,0,0,8
13.6,6,isocontour,11.283791670955125,45579.24,95.92,8.7,-18.5,1.005,-3.0,-1.7,3.4,8.0,-15.8,1.186,10,6,0,0,6
13.6,7,isocontour,11.283791670955125,45543.21,95.84,-15.8,-0.8,1.314,-1.5,-1.5,2.1,-12.5,0.9,1.61,23,6,0,0,6
13.6,8,isocontour,11.283791670955125,45842.15,96.47,8.6,-18.1,1.033,2.5,0.3,2.5,8.0,-15.8,1.186,10,6,0,0,6
13.6,9,isocontour,11.283791670955125,46455.72,97.76,18.0,9.0,1.027,1.3,1.1,1.7,18.0,2.9,1.144,1,8,0,0,8
13.6,10,isocontour,11.283791670955125,46274.24,97.38,8.7,-17.5,1.061,-0.1,-2.0,2.0,8.0,-15.8,1.186,10,6,0,0,6
13.6,11,isocontour,11.283791670955125,46021.46,96.85,-18.6,-2.2,1.11,-1.0,-2.0,2.2,-12.5,0.9,1.61,23,6,0,0,6
13.6,12,isocontour,11.283791670955125,46109.87,97.03,-18.6,-1.3,1.113,-1.2,0.2,1.2,-12.5,0.9,1.61,23,6,0,0,6
13.6,13,isocontour,11.283791670955125,45727.98,96.23,18.4,9.2,1.002,1.4,-2.0,2.4,18.0,2.9,1.144,1,8,0,0,8
13.6,14,isocontour,11.283791670955125,45404.55,95.55,10.8,-17.7,0.992,4.1,1.2,4.3,8.0,-15.8,1.186,10,6,0,0,6
13.6,15,isocontour,11.283791670955125,45100.94,94.91,18.1,10.4,0.985,0.3,0.5,0.6,18.0,2.9,1.144,1,8,0,0,8
13.6,16,isocontour,11.283791670955125,47370.43,99.69,-22.0,21.0,0.585,-0.9,0.0,0.9,-22.0,21.0,0.587,16,0,0,0,0
13.6,17,isocontour,11.283791670955125,45275.85,95.28,18.7,9.4,0.981,2.7,-0.1,2.7,18.0,2.9,1.144,1,8,0,0,8
13.6,18,isocontour,11.283791670955125,47353.08,99.65,3.3,24.8,0.782,-0.9,-0.0,0.9,3.3,24.8,0.789,18,0,0,0,0
13.6,19,isocontour,11.283791670955125,45641.71,96.05,-16.5,-1.4,1.256,-1.6,0.8,1.8,-12.5,0.9,1.61,23,6,0,0,6
13.6,20,isocontour,11.283791670955125,45757.8,96.29,9.2,-17.8,1.029,0.7,-1.0,1.2,8.0,-15.8,1.186,10,6,0,0,6
13.6,21,isocontour,11.283791670955125,45643.36,96.05,7.7,-19.1,0.999,-2.1,-1.7,2.7,8.0,-15.8,1.186,10,6,0,0,6
13.6,22,isocontour,11.283791670955125,46628.78,98.12,-17.5,-1.8,1.182,0.4,-0.9,1.0,-12.5,0.9,1.61,23,6,0,0,6
13.6,23,isocontour,11.283791670955125,46327.4,97.49,-14.9,-0.4,1.388,-1.7,-1.7,2.4,-14.9,-0.4,1.61,23,6,0,0,6
13.6,24,isocontour,11.283791670955125,45836.48,96.46,10.5,-18.0,0.986,-0.9,-1.1,1.4,8.0,-15.8,1.186,10,6,0,0,6
13.6,25,isocontour,11.283791670955125,45749.99,96.28,-18.1,-1.9,1.143,-0.2,-2.1,2.1,-12.5,0.9,1.61,23,6,0,0,6
13.6,Target,,,,,0.0,0.0,4.023,0.0,0.0,,,,,,,,,
13.7,1,isocontour,11.283791670955125,45545.94,95.85,18.1,5.3,1.098,0.3,0.7,0.8,18.0,2.9,1.144,1,8,0,0,8
13.7,2,isocontour,11.283791670955125,44855.66,94.39,18.5,9.6,0.985,1.9,-3.5,4.0,18.0,2.9,1.144,1,8,0,0,8
13.7,3,isocontour,11.283791670955125,45631.77,96.03,17.8,9.6,1.019,1.5,1.4,2.1,18.0,2.9,1.144,1,8,0,0,8
13.7,4,isocontour,11.283791670955125,45946.27,96.69,17.5,10.3,1.017,0.7,0.4,0.8,18.0,2.9,1.144,1,8,0,0,8
13.7,5,isocontour,11.283791670955125,45676.15,96.12,17.9,9.8,1.011,0.9,-0.7,1.1,18.0,2.9,1.144,1,8,0,0,8
13.7,6,isocontour,11.283791670955125,45556.48,95.87,8.5,-18.7,0.999,-1.6,-2.0,2.6,8.0,-15.8,1.186,10,6,0,0,6
13.7,7,isocontour,11.283791670955125,45531.13,95.81,-15.9,-1.0,1.302,-1.5,-1.5,2.1,-12.5,0.9,1.61,23,6,0,0,6
13.7,8,isocontour,11.283791670955125,45829.38,96.44,8.5,-18.0,1.04,-2.0,0.8,2.2,8.0,-15.8,1.186,10,6,0,0,6
13.7,9,isocontour,11.283791670955125,46452.73,97.75,18.0,9.1,1.025,-0.3,1.3,1.3,18.0,2.9,1.144,1,8,0,0,8
13.7,10,isocontour,11.283791670955125,46262.66,97.35,8.7,-17.7,1.05,0.1,-2.1,2.1,8.0,-15.8,1.186,10,6,0,0,6
13.7,11,isocontour,11.283791670955125,46019.66,96.84,-18.6,-2.1,1.112,0.3,1.1,1.1,-12.5,0.9,1.61,23,6,0,0,6
13.7,12,isocontour,11.283791670955125,46108.93,97.03,-18.6,-1.4,1.113,0.2,-0.9,0.9,-12.5,0.9,1.61,23,6,0,0,6
13.7,13,isocontour,11.283791670955125,45725.88,96.22,18.4,9.1,1.001,0.6,-1.0,1.2,18.0,2.9,1.144,1,8,0,0,8
13.7,14,isocontour,11.283791670955125,45291.19,95.31,11.3,-17.5,0.986,4.2,1.4,4.4,8.0,-15.8,1.186,10,6,0,0,6
13.7,15,isocontour,11.283791670955125,45096.21,94.9,18.0,10.3,0.989,-0.4,-1.5,1.6,18.0,2.9,1.144,1,8,0,0,8
13.7,16,isocontour,11.283791670955125,47369.33,99.68,-22.1,21.0,0.584,-0.7,-0.6,0.9,-22.1,21.0,0.587,16,0,0,0,0
13.7,17,isocontour,11.283791670955125,45275.66,95.28,18.7,9.5,0.979,-0.3,0.4,0.5,18.0,2.9,1.144,1,8,0,0,8
13.7,18,isocontour,11.283791670955125,47351.98,99.65,3.2,24.8,0.782,-0.9,0.0,0.9,3.2,24.8,0.789,18,0,0,0,0
13.7,19,isocontour,11.283791670955125,45630.47,96.02,-16.7,-1.5,1.244,-1.6,-1.3,2.1,-12.5,0.9,1.61,23,6,0,0,6
13.7,20,isocontour,11.283791670955125,45756.62,96.29,9.2,-17.9,1.027,-0.6,-0.7,0.9,8.0,-15.8,1.186,10,6,0,0,6
13.7,21,isocontour,11.283791670955125,45538.13,95.83,7.3,-19.3,0.998,-4.1,-1.6,4.4,8.0,-15.8,1.186,10,6,0,0,6
13.7,22,isocontour,11.283791670955125,46628.26,98.12,-17.5,-1.9,1.185,0.6,-0.4,0.7,-12.5,0.9,1.61,23,6,0,0,6
13.7,23,isocontour,11.283791670955125,46311.99,97.46,-15.0,-0.5,1.374,-1.6,-1.6,2.3,-15.0,-0.5,1.61,23,6,0,0,6
13.7,24,isocontour,11.283791670955125,45800.27,96.38,10.2,-18.1,0.989,-2.9,-1.0,3.1,8.0,-15.8,1.186,10,6,0,0,6
13.7,25,isocontour,11.283791670955125,45726.98,96.23,-18.1,-1.7,1.144,-0.0,2.6,2.6,-12.5,0.9,1.61,23,6,0,0,6
13.7,Target,,,,,0.0,0.0,4.023,0.0,0.0,,,,,,,,,
13.8,1,isocontour,11.283791670955125,45537.77,95.83,18.2,5.5,1.091,1.0,1.6,1.9,18.0,2.9,1.144,1,8,0,0,8
13.8,2,isocontour,11.283791670955125,44840.25,94.36,18.3,9.5,0.995,-2.2,-0.5,2.3,18.0,2.9,1.144,1,8,0,0,8
13.8,3,isocontour,11.283791670955125,45623.2,96.01,18.0,9.7,1.008,1.6,1.0,1.9,18.0,2.9,1.144,1,8,0,0,8
13.8,4,isocontour,11.283791670955125,45933.32,96.66,17.4,10.1,1.026,-1.5,-1.6,2.2,18.0,2.9,1.144,1,8,0,0,8
13.8,5,isocontour,11.283791670955125,45647.49,96.06,18.1,9.7,1.003,2.6,-1.2,2.9,18.0,2.9,1.144,1,8,0,0,8
13.8,6,isocontour,11.283791670955125,45549.44,95.85,8.7,-18.8,0.993,1.7,-0.3,1.7,8.0,-15.8,1.186,10,6,0,0,6
13.8,7,isocontour,11.283791670955125,45518.54,95.79,-16.1,-1.1,1.29,-1.6,-1.4,2.1,-12.5,0.9,1.61,23,6,0,0,6
13.8,8,isocontour,11.283791670955125,45737.92,96.25,8.3,-18.3,1.03,-2.3,-3.5,4.2,8.0,-15.8,1.186,10,6,0,0,6
13.8,9,isocontour,11.283791670955125,46452.72,97.75,18.0,9.1,1.024,-0.0,0.1,0.1,18.0,2.9,1.144,1,8,0,0,8
13.8,10,isocontour,11.283791670955125,46241.93,97.31,8.5,-17.7,1.056,-2.5,0.4,2.5,8.0,-15.8,1.186,10,6,0,0,6
13.8,11,isocontour,11.283791670955125,46018.78,96.84,-18.6,-2.2,1.113,0.3,-0.8,0.9,-12.5,0.9,1.61,23,6,0,0,6
13.8,12,isocontour,11.283791670955125,46084.31,96.98,-18.5,-1.6,1.118,1.0,-2.5,2.7,-12.5,0.9,1.61,23,6,0,0,6
13.8,13,isocontour,11.283791670955125,45689.68,96.15,18.6,8.9,1.0,1.4,-2.7,3.0,18.0,2.9,1.144,1,8,0,0,8
13.8,14,isocontour,11.283791670955125,45290.34,95.31,11.4,-17.6,0.982,0.6,-0.6,0.8,8.0,-15.8,1.186,10,6,0,0,6
13.8,15,isocontour,11.283791670955125,45092.24,94.89,18.1,10.2,0.99,0.8,-1.2,1.4,18.0,2.9,1.144,1,8,0,0,8
13.8,16,isocontour,11.283791670955125,47368.23,99.68,-22.1,20.9,0.585,-0.5,-0.8,0.9,-22.1,20.9,0.587,16,0,0,0,0
13.8,17,isocontour,11.283791670955125,45275.28,95.28,18.7,9.4,0.978,0.4,-0.5,0.6,18.0,2.9,1.144,1,8,0,0,8
13.8,18,isocontour,11.283791670955125,47350.88,99.64,3.3,24.8,0.783,0.9,-0.1,0.9,3.3,24.8,0.789,18,0,0,0,0
13.8,19,isocontour,11.283791670955125,45621.48,96.0,-16.8,-1.6,1.232,-1.5,-1.2,1.9,-12.5,0.9,1.61,23,6,0,0,6
13.8,20,isocontour,11.283791670955125,45726.74,96.23,9.2,-18.2,1.014,0.0,-2.9,2.9,8.0,-15.8,1.186,10,6,0,0,6
13.8,21,isocontour,11.283791670955125,45513.51,95.78,7.0,-19.4,0.995,-2.2,-1.5,2.7,8.0,-15.8,1.186,10,6,0,0,6
13.8,22,isocontour,11.283791670955125,46616.18,98.1,-17.6,-1.8,1.177,-1.6,1.4,2.1,-12.5,0.9,1.61,23,6,0,0,6
13.8,23,isocontour,11.283791670955125,46305.53,97.44,-15.2,-0.5,1.361,-1.7,0.3,1.7,-15.2,-0.5,1.61,23,6,0,0,6
13.8,24,isocontour,11.283791670955125,45775.92,96.33,10.0,-18.2,0.989,-2.3,-1.4,2.7,8.0,-15.8,1.186,10,6,0,0,6
13.8,25,isocontour,11.283791670955125,45726.97,96.23,-18.1,-1.7,1.143,-0.1,-0.2,0.2,-12.5,0.9,1.61,23,6,0,0,6
13.8,Target,,,,,0.0,0.0,4.023,0.0,0.0,,,,,,,,,
13.9,1,isocontour,11.283791670955125,45516.54,95.78,18.3,5.7,1.084,0.2,2.5,2.5,18.0,2.9,1.144,1,8,0,0,8
13.9,2,isocontour,11.283791670955125,44778.36,94.23,18.5,9.7,0.98,2.8,2.4,3.7,18.0,2.9,1.144,1,8,0,0,8
13.9,3,isocontour,11.283791670955125,45608.19,95.98,17.8,9.7,1.015,-2.2,0.4,2.2,18.0,2.9,1.144,1,8,0,0,8
13.9,4,isocontour,11.283791670955125,45921.07,96.64,17.4,9.9,1.031,0.5,-2.1,2.2,18.0,2.9,1.144,1,8,0,0,8
13.9,5,isocontour,11.283791670955125,45647.4,96.06,18.1,9.6,1.003,-0.2,-0.4,0.4,18.0,2.9,1.144,1,8,0,0,8
13.9,6,isocontour,11.283791670955125,45531.5,95.82,8.9,-18.9,0.984,2.2,-1.1,2.5,8.0,-15.8,1.186,10,6,0,0,6
13.9,7,isocontour,11.283791670955125,45506.63,95.76,-16.2,-1.3,1.277,-1.6,-1.4,2.1,-12.5,0.9,1.61,23,6,0,0,6
13.9,8,isocontour,11.283791670955125,45715.43,96.2,8.4,-18.5,1.017,2.1,-1.6,2.6,8.0,-15.8,1.186,10,6,0,0,6
13.9,9,isocontour,11.283791670955125,46404.39,97.65,18.0,8.8,1.028,0.8,-3.3,3.4,18.0,2.9,1.144,1,8,0,0,8
13.9,10,isocontour,11.283791670955125,46240.72,97.31,8.4,-17.7,1.054,-0.5,-0.9,1.0,8.0,-15.8,1.186,10,6,0,0,6
13.9,11,isocontour,11.283791670955125,46017.04,96.84,-18.5,-2.1,1.115,0.3,1.1,1.1,-12.5,0.9,1.61,23,6,0,0,6
13.9,12,isocontour,11.283791670955125,46052.52,96.91,-18.7,-1.9,1.108,-1.7,-2.4,2.9,-12.5,0.9,1.61,23,6,0,0,6
13.9,13,isocontour,11.283791670955125,45653.12,96.07,18.7,8.6,0.998,1.6,-2.6,3.1,18.0,2.9,1.144,1,8,0,0,8
13.9,14,isocontour,11.283791670955125,45254.84,95.23,11.1,-17.6,0.986,-3.0,-0.7,3.1,8.0,-15.8,1.186,10,6,0,0,6
13.9,15,isocontour,11.283791670955125,45062.67,94.83,18.1,10.4,0.982,0.4,2.8,2.8,18.0,2.9,1.144,1,8,0,0,8
13.9,16,isocontour,11.283791670955125,47367.13,99.68,-22.1,21.0,0.583,-0.3,0.9,0.9,-22.1,21.0,0.587,16,0,0,0,0
13.9,17,isocontour,11.283791670955125,45238.72,95.2,18.9,9.2,0.977,1.6,-2.6,3.1,18.0,2.9,1.144,1,8,0,0,8
13.9,18,isocontour,11.283791670955125,47349.78,99.64,3.4,24.8,0.783,0.9,-0.2,0.9,3.4,24.8,0.789,18,0,0,0,0
13.9,19,isocontour,11.283791670955125,45613.83,95.99,-17.0,-1.5,1.221,-1.6,0.7,1.7,-12.5,0.9,1.61,23,6,0,0,6
13.9,20,isocontour,11.283791670955125,45723.39,96.22,9.1,-18.3,1.007,-0.5,-1.3,1.4,8.0,-15.8,1.186,10,6,0,0,6
13.9,21,isocontour,11.283791670955125,45480.06,95.71,6.8,-19.6,0.99,-2.4,-1.8,3.0,8.0,-15.8,1.186,10,6,0,0,6
13.9,22,isocontour,11.283791670955125,46615.84,98.1,-17.6,-1.7,1.177,0.1,0.6,0.6,-12.5,0.9,1.61,23,6,0,0,6
13.9,23,isocontour,11.283791670955125,46288.88,97.41,-15.4,-0.7,1.347,-1.7,-1.7,2.4,-15.4,-0.7,1.61,23,6,0,0,6
13.9,24,isocontour,11.283791670955125,45742.14,96.26,9.7,-18.3,0.993,-2.9,-0.6,3.0,8.0,-15.8,1.186,10,6,0,0,6
13.9,25,isocontour,11.283791670955125,45714.02,96.2,-18.2,-1.5,1.139,-0.9,2.0,2.2,-12.5,0.9,1.61,23,6,0,0,6
13.9,Target,,,,,0.0,0.0,4.023,0.0,0.0,,,,,,,,,
14.0,1,isocontour,11.283791670955125,45495.56,95.74,18.3,6.0,1.078,0.2,2.5,2.5,18.3,6.0,1.084,1,8,0,0,8
14.0,2,isocontour,11.283791670955125,44775.43,94.22,18.6,9.6,0.98,-0.0,-1.3,1.3,18.6,9.6,0.98,2,8,0,0,8
14.0,3,isocontour,11.283791670955125,45604.84,95.97,17.7,9.6,1.023,-0.8,-1.1,1.4,17.7,9.6,1.015,3,8,0,0,8
14.0,4,isocontour,11.283791670955125,45917.8,96.63,17.5,9.8,1.033,0.4,-1.3,1.4,17.5,9.8,1.031,4,8,0,0,8
14.0,5,isocontour,11.283791670955125,45626.91,96.02,18.1,9.8,1.002,-1.0,2.3,2.5,18.1,9.8,1.003,5,8,0,0,8
14.0,6,isocontour,11.283791670955125,45530.73,95.81,8.9,-18.8,0.986,-0.3,0.8,0.9,8.9,-18.8,0.984,6,6,0,0,6
14.0,7,isocontour,11.283791670955125,45493.86,95.74,-16.4,-1.4,1.264,-1.7,-1.3,2.1,-16.4,-1.4,1.277,7,6,0,0,6
14.0,8,isocontour,11.283791670955125,45714.43,96.2,8.5,-18.5,1.013,0.9,-0.1,0.9,8.5,-18.5,1.017,8,6,0,0,6
14.0,9,isocontour,11.283791670955125,46384.14,97.61,18.2,9.0,1.017,1.7,1.8,2.5,18.2,9.0,1.028,9,8,0,0,8
14.0,10,isocontour,11.283791670955125,46227.77,97.28,8.6,-17.8,1.045,1.9,-1.0,2.1,8.6,-17.8,1.054,10,6,0,0,6
14.0,11,isocontour,11.283791670955125,46016.1,96.84,-18.5,-2.2,1.117,0.4,-0.8,0.9,-18.5,-2.2,1.115,11,6,0,0,6
14.0,12,isocontour,11.283791670955125,46027.62,96.86,-18.8,-1.7,1.104,-0.8,2.6,2.7,-18.8,-1.7,1.108,12,6,0,0,6
14.0,13,isocontour,11.283791670955125,45503.03,95.76,19.0,8.2,0.996,2.4,-4.3,4.9,19.0,8.2,0.998,13,8,0,0,8
14.0,14,isocontour,11.283791670955125,45251.42,95.23,11.0,-17.7,0.986,-1.1,-0.8,1.4,11.0,-17.7,0.986,14,6,0,0,6
14.0,15,isocontour,11.283791670955125,45061.98,94.83,18.2,10.5,0.977,0.4,0.7,0.8,18.2,10.5,0.982,15,8,0,0,8
14.0,16,isocontour,11.283791670955125,47366.03,99.68,-22.1,21.0,0.583,0.7,0.6,0.9,-22.1,21.0,0.583,16,0,0,0,0
14.0,17,isocontour,11.283791670955125,45206.93,95.13,18.7,9.1,0.99,-2.7,-1.0,2.9,18.7,9.1,0.977,17,8,0,0,8
14.0,18,isocontour,11.283791670955125,47348.68,99.64,3.5,24.8,0.782,0.9,0.1,0.9,3.5,24.8,0.783,18,0,0,0,0
14.0,19,isocontour,11.283791670955125,45605.66,95.97,-17.2,-1.5,1.209,-1.7,0.6,1.8,-17.2,-1.5,1.221,19,6,0,0,6
14.0,20,isocontour,11.283791670955125,45710.08,96.19,8.9,-18.2,1.016,-1.9,1.1,2.2,8.9,-18.2,1.007,20,6,0,0,6
14.0,21,isocontour,11.283791670955125,45443.5,95.63,6.6,-19.8,0.984,-2.3,-2.0,3.0,6.6,-19.8,0.99,21,6,0,0,6
14.0,22,isocontour,11.283791670955125,46607.41,98.08,-17.8,-1.8,1.168,-1.5,-1.1,1.9,-17.8,-1.8,1.177,22,6,0,0,6
14.0,23,isocontour,11.283791670955125,46272.24,97.37,-15.5,-0.8,1.333,-1.7,-1.6,2.3,-15.5,-0.8,1.347,23,6,0,0,6
14.0,24,isocontour,11.283791670955125,45719.12,96.21,9.9,-18.3,0.99,2.6,0.5,2.6,9.9,-18.3,0.993,24,6,0,0,6
14.0,25,isocontour,11.283791670955125,45703.72,96.18,-18.4,-1.6,1.129,-1.8,-0.9,2.0,-18.4,-1.6,1.139,25,6,0,0,6
14.0,Target,,,,,0.0,0.0,4.023,0.0,0.0,,,,,,,,,
14.1,1,isocontour,11.283791670955125,45469.54,95.69,18.3,6.3,1.073,-0.0,2.7,2.7,18.3,6.3,1.084,1,8,0,0,8
14.1,2,isocontour,11.283791670955125,44770.96,94.21,18.7,9.5,0.979,1.0,-1.1,1.5,18.3,6.0,1.084,1,8,0,0,8
14.1,3,isocontour,11.283791670955125,45600.71,95.96,17.8,9.5,1.024,0.6,-1.3,1.4,18.3,6.0,1.084,1,8,0,0,8
14.1,4,isocontour,11.283791670955125,45916.27,96.63,17.5,9.7,1.033,0.6,-0.9,1.1,18.3,6.0,1.084,1,8,0,0,8
14.1,5,isocontour,11.283791670955125,45519.5,95.79,17.9,10.2,1.0,-1.7,4.0,4.3,18.3,6.0,1.084,1,8,0,0,8
14.1,6,isocontour,11.283791670955125,45486.57,95.72,9.2,-18.9,0.979,3.2,-0.4,3.2,8.6,-17.8,1.054,10,6,0,0,6
14.1,7,isocontour,11.283791670955125,45485.95,95.72,-16.6,-1.4,1.252,-1.7,0.7,1.8,-15.5,-0.8,1.347,23,6,0,0,6
14.1,8,isocontour,11.283791670955125,45713.49,96.2,8.5,-18.5,1.012,-0.8,-0.5,0.9,8.6,-17.8,1.054,10,6,0,0,6
14.1,9,isocontour,11.283791670955125,46376.73,97.59,18.2,9.1,1.014,-0.6,1.7,1.8,18.3,6.0,1.084,1,8,0,0,8
14.1,10,isocontour,11.283791670955125,46227.03,97.28,8.7,-17.9,1.04,0.6,-0.6,0.8,8.7,-17.9,1.054,10,6,0,0,6
14.1,11,isocontour,11.283791670955125,46014.89,96.83,-18.4,-2.2,1.122,0.9,-0.2,0.9,-15.5,-0.8,1.347,23,6,0,0,6
14.1,12,isocontour,11.283791670955125,46019.84,96.84,-18.9,-1.6,1.094,-1.7,0.6,1.8,-15.5,-0.8,1.347,23,6,0,0,6
14.1,13,isocontour,11.283791670955125,45408.92,95.56,19.2,7.9,0.989,2.8,-3.1,4.2,18.3,6.0,1.084,1,8,0,0,8
14.1,14,isocontour,11.283791670955125,45213.41,95.15,10.7,-17.8,0.989,-2.9,-1.0,3.1,8.6,-17.8,1.054,10,6,0,0,6
14.1,15,isocontour,11.283791670955125,45059.55,94.82,18.2,10.4,0.978,0.2,-1.2,1.2,18.3,6.0,1.084,1,8,0,0,8
14.1,16,isocontour,11.283791670955125,47364.93,99.67,-22.2,21.0,0.581,-0.9,0.1,0.9,-22.2,21.0,0.583,16,0,0,0,0
14.1,17,isocontour,11.283791670955125,45206.91,95.13,18.6,9.1,0.993,-0.2,0.1,0.2,18.3,6.0,1.084,1,8,0,0,8
14.1,18,isocontour,11.283791670955125,47347.58,99.64,3.4,24.8,0.783,-0.9,-0.0,0.9,3.4,24.8,0.783,18,0,0,0,0
14.1,19,isocontour,11.283791670955125,45597.88,95.96,-17.4,-1.4,1.197,-1.7,0.5,1.8,-15.5,-0.8,1.347,23,6,0,0,6
14.1,20,isocontour,11.283791670955125,45708.72,96.19,9.0,-18.1,1.02,0.5,0.8,0.9,8.6,-17.8,1.054,10,6,0,0,6
14.1,21,isocontour,11.283791670955125,45443.09,95.63,6.5,-19.8,0.984,-0.6,-0.2,0.6,8.6,-17.8,1.054,10,6,0,0,6
14.1,22,isocontour,11.283791670955125,46597.85,98.06,-17.9,-1.7,1.157,-1.7,1.0,2.0,-15.5,-0.8,1.347,23,6,0,0,6
14.1,23,isocontour,11.283791670955125,46256.01,97.34,-15.7,-1.0,1.319,-1.7,-1.5,2.3,-15.7,-1.0,1.347,23,6,0,0,6
14.1,24,isocontour,11.283791670955125,45718.78,96.21,10.0,-18.3,0.987,0.5,-0.3,0.6,8.6,-17.8,1.054,10,6,0,0,6
14.1,25,isocontour,11.283791670955125,45693.42,96.16,-18.3,-1.7,1.131,0.9,-1.8,2.0,-15.5,-0.8,1.347,23,6,0,0,6
14.1,Target,,,,,0.0,0.0,4.023,0.0,0.0,,,,,,,,,
14.2,1,isocontour,11.283791670955125,45447.56,95.64,18.3,6.5,1.066,0.4,2.6,2.6,18.3,6.5,1.084,1,8,0,0,8
14.2,2,isocontour,11.283791670955125,44691.43,94.05,18.6,9.8,0.976,-1.4,3.7,4.0,18.3,6.0,1.084,1,8,0,0,8
14.2,3,isocontour,11.283791670955125,45590.26,95.94,17.9,9.6,1.015,1.5,1.3,2.0,18.3,6.0,1.084,1,8,0,0,8
14.2,4,isocontour,11.283791670955125,45902.96,96.6,17.6,9.9,1.025,0.6,2.1,2.2,18.3,6.0,1.084,1,8,0,0,8
14.2,5,isocontour,11.283791670955125,45491.74,95.73,17.7,10.4,1.002,-1.8,2.1,2.8,18.3,6.0,1.084,1,8,0,0,8
14.2,6,isocontour,11.283791670955125,45481.83,95.71,9.2,-18.7,0.983,0.3,1.5,1.5,8.6,-17.8,1.054,10,6,0,0,6
14.2,7,isocontour,11.283791670955125,45481.74,95.71,-16.7,-1.3,1.242,-1.3,0.6,1.4,-15.5,-0.8,1.347,23,6,0,0,6
14.2,8,isocontour,11.283791670955125,45710.21,96.19,8.6,-18.6,1.007,1.3,-0.5,1.4,8.6,-17.8,1.054,10,6,0,0,6
14.2,9,isocontour,11.283791670955125,46372.69,97.59,18.3,9.1,1.009,1.3,-0.7,1.5,18.3,6.0,1.084,1,8,0,0,8
14.2,10,isocontour,11.283791670955125,46221.11,97.27,8.6,-18.0,1.036,-1.1,-1.3,1.7,8.6,-18.0,1.054,10,6,0,0,6
14.2,11,isocontour,11.283791670955125,46008.08,96.82,-18.5,-2.3,1.116,-1.3,-1.2,1.8,-15.5,-0.8,1.347,23,6,0,0,6
14.2,12,isocontour,11.283791670955125,46018.81,96.84,-18.9,-1.7,1.094,0.3,-0.9,0.9,-15.5,-0.8,1.347,23,6,0,0,6
14.2,13,isocontour,11.283791670955125,45408.18,95.56,19.2,7.9,0.988,-0.4,0.7,0.8,18.3,6.0,1.084,1,8,0,0,8
14.2,14,isocontour,11.283791670955125,45191.17,95.1,10.5,-17.8,0.997,-2.6,0.4,2.6,8.6,-17.8,1.054,10,6,0,0,6
14.2,15,isocontour,11.283791670955125,45057.11,94.82,18.2,10.3,0.982,0.0,-1.2,1.2,18.3,6.0,1.084,1,8,0,0,8
14.2,16,isocontour,11.283791670955125,47363.83,99.67,-22.2,21.0,0.581,-0.4,-0.8,0.9,-22.2,21.0,0.583,16,0,0,0,0
14.2,17,isocontour,11.283791670955125,45116.77,94.94,18.7,8.7,0.997,1.1,-4.0,4.1,18.3,6.0,1.084,1,8,0,0,8
14.2,18,isocontour,11.283791670955125,47346.48,99.63,3.4,24.7,0.785,-0.7,-0.6,0.9,3.4,24.7,0.783,18,0,0,0,0
14.2,19,isocontour,11.283791670955125,45593.32,95.95,-17.5,-1.4,1.187,-1.5,0.4,1.6,-15.5,-0.8,1.347,23,6,0,0,6
14.2,20,isocontour,11.283791670955125,45682.7,96.13,9.1,-18.3,1.007,0.9,-2.6,2.8,8.6,-17.8,1.054,10,6,0,0,6
14.2,21,isocontour,11.283791670955125,45412.89,95.57,6.7,-19.8,0.983,2.8,0.8,2.9,8.6,-17.8,1.054,10,6,0,0,6
14.2,22,isocontour,11.283791670955125,46595.24,98.05,-17.9,-1.8,1.157,0.3,-1.2,1.2,-15.5,-0.8,1.347,23,6,0,0,6
14.2,23,isocontour,11.283791670955125,46255.08,97.34,-15.8,-1.0,1.311,-0.9,-0.0,0.9,-15.8,-1.0,1.347,23,6,0,0,6
14.2,24,isocontour,11.283791670955125,45714.82,96.2,9.9,-18.2,0.993,-1.1,0.9,1.4,8.6,-17.8,1.054,10,6,0,0,6
14.2,25,isocontour,11.283791670955125,45656.86,96.08,-18.5,-1.6,1.12,-2.3,2.0,3.0,-15.5,-0.8,1.347,23,6,0,0,6
14.2,Target,,,,,0.0,0.0,4.023,0.0,0.0,,,,,,,,,
14.3,1,isocontour,11.283791670955125,45421.26,95.58,18.3,6.8,1.061,-0.1,2.7,2.7,18.3,6.8,1.084,1,8,0,0,8
14.3,2,isocontour,11.283791670955125,44670.93,94.0,18.5,9.7,0.985,-1.1,-2.3,2.5,18.3,6.0,1.084,1,8,0,0,8
14.3,3,isocontour,11.283791670955125,45484.31,95.72,18.2,9.4,1.005,3.3,-2.8,4.3,18.3,6.0,1.084,1,8,0,0,8
14.3,4,isocontour,11.283791670955125,45829.83,96.44,17.7,9.6,1.028,1.0,-3.7,3.8,18.3,6.0,1.084,1,8,0,0,8
14.3,5,isocontour,11.283791670955125,45379.88,95.5,17.5,10.8,1.001,-2.1,3.9,4.4,18.3,6.0,1.084,1,8,0,0,8
14.3,6,isocontour,11.283791670955125,45481.7,95.71,9.3,-18.7,0.984,0.4,0.3,0.5,8.6,-17.8,1.054,10,6,0,0,6
14.3,7,isocontour,11.283791670955125,45469.49,95.68,-16.9,-1.4,1.23,-1.6,-1.4,2.1,-15.5,-0.8,1.347,23,6,0,0,6
14.3,8,isocontour,11.283791670955125,45684.48,96.14,8.4,-18.6,1.008,-2.6,-0.8,2.7,8.6,-17.8,1.054,10,6,0,0,6
14.3,9,isocontour,11.283791670955125,46370.19,97.58,18.3,9.0,1.01,0.3,-1.2,1.2,18.3,6.0,1.084,1,8,0,0,8
14.3,10,isocontour,11.283791670955125,46215.09,97.25,8.7,-18.0,1.034,1.6,0.5,1.7,8.7,-18.0,1.054,10,6,0,0,6
14.3,11,isocontour,11.283791670955125,45980.33,96.76,-18.6,-2.1,1.111,-0.9,2.6,2.8,-15.5,-0.8,1.347,23,6,0,0,6
14.3,12,isocontour,11.283791670955125,46001.52,96.8,-19.1,-1.7,1.082,-2.2,-0.9,2.4,-15.5,-0.8,1.347,23,6,0,0,6
14.3,13,isocontour,11.283791670955125,45407.37,95.55,19.2,8.0,0.989,-0.5,0.7,0.9,18.3,6.0,1.084,1,8,0,0,8
14.3,14,isocontour,11.283791670955125,45190.69,95.1,10.5,-17.7,0.999,0.5,0.5,0.7,8.6,-17.8,1.054,10,6,0,0,6
14.3,15,isocontour,11.283791670955125,44976.98,94.65,18.4,10.0,0.982,2.0,-3.5,4.0,18.3,6.0,1.084,1,8,0,0,8
14.3,16,isocontour,11.283791670955125,47362.73,99.67,-22.2,20.9,0.584,0.6,-0.7,0.9,-22.2,20.9,0.583,16,0,0,0,0
14.3,17,isocontour,11.283791670955125,45063.1,94.83,18.9,8.5,0.991,2.6,-2.4,3.5,18.3,6.0,1.084,1,8,0,0,8
14.3,18,isocontour,11.283791670955125,47345.38,99.63,3.3,24.7,0.786,-0.9,-0.1,0.9,3.3,24.7,0.785,18,0,0,0,0
14.3,19,isocontour,11.283791670955125,45588.59,95.94,-17.7,-1.3,1.177,-1.5,0.2,1.5,-15.5,-0.8,1.347,23,6,0,0,6
14.3,20,isocontour,11.283791670955125,45682.54,96.13,9.0,-18.4,1.006,-0.5,0.0,0.5,8.6,-17.8,1.054,10,6,0,0,6
14.3,21,isocontour,11.283791670955125,45407.28,95.55,6.8,-19.7,0.988,0.9,1.3,1.6,8.6,-17.8,1.054,10,6,0,0,6
14.3,22,isocontour,11.283791670955125,46587.07,98.04,-18.1,-1.8,1.149,-1.6,0.9,1.8,-15.5,-0.8,1.347,23,6,0,0,6
14.3,23,isocontour,11.283791670955125,46240.45,97.31,-16.0,-1.2,1.298,-1.7,-1.5,2.3,-16.0,-1.2,1.347,23,6,0,0,6
14.3,24,isocontour,11.283791670955125,45714.21,96.2,9.9,-18.2,0.991,0.7,-0.2,0.7,8.6,-17.8,1.054,10,6,0,0,6
14.3,25,isocontour,11.283791670955125,45656.45,96.08,-18.5,-1.6,1.12,0.4,-0.6,0.7,-15.5,-0.8,1.347,23,6,0,0,6
14.3,Target,,,,,0.0,0.0,4.023,0.0,0.0,,,,,,,,,
14.4,1,isocontour,11.283791670955125,45420.41,95.58,18.3,6.9,1.059,-0.0,0.9,0.9,18.3,6.9,1.084,1,8,0,0,8
14.4,2,isocontour,11.283791670955125,44670.0,94.0,18.5,9.7,0.983,0.5,0.7,0.9,18.3,6.0,1.084,1,8,0,0,8
14.4,3,isocontour,11.283791670955125,45482.6,95.71,18.3,9.3,1.006,-0.1,-1.1,1.1,18.3,6.0,1.084,1,8,0,0,8
14.4,4,isocontour,11.283791670955125,45810.05,96.4,17.8,9.7,1.018,1.7,1.9,2.5,18.3,6.0,1.084,1,8,0,0,8
14.4,5,isocontour,11.283791670955125,45350.31,95.43,17.4,11.1,0.997,-0.9,2.7,2.8,18.3,6.0,1.084,1,8,0,0,8
14.4,6,isocontour,11.283791670955125,45438.34,95.62,9.5,-18.6,0.98,3.2,0.6,3.3,8.6,-17.8,1.054,10,6,0,0,6
14.4,7,isocontour,11.283791670955125,45461.96,95.67,-17.0,-1.4,1.219,-1.7,0.7,1.8,-15.5,-0.8,1.347,23,6,0,0,6
14.4,8,isocontour,11.283791670955125,45570.35,95.9,8.0,-18.8,1.009,-4.2,-1.7,4.5,8.6,-17.8,1.054,10,6,0,0,6
14.4,9,isocontour,11.283791670955125,46221.02,97.27,18.4,8.5,1.018,0.4,-4.9,4.9,18.3,6.0,1.084,1,8,0,0,8
14.4,10,isocontour,11.283791670955125,46196.01,97.21,8.9,-17.8,1.039,1.6,1.8,2.4,8.9,-17.8,1.054,10,6,0,0,6
14.4,11,isocontour,11.283791670955125,45967.2,96.73,-18.7,-2.2,1.101,-1.5,-1.5,2.1,-15.5,-0.8,1.347,23,6,0,0,6
14.4,12,isocontour,11.283791670955125,46000.0,96.8,-19.1,-1.7,1.082,0.3,1.0,1.0,-15.5,-0.8,1.347,23,6,0,0,6
14.4,13,isocontour,11.283791670955125,45403.56,95.55,19.1,8.0,0.994,-1.4,0.4,1.5,18.3,6.0,1.084,1,8,0,0,8
14.4,14,isocontour,11.283791670955125,45119.24,94.95,10.8,-17.6,0.994,3.7,0.9,3.8,8.6,-17.8,1.054,10,6,0,0,6
14.4,15,isocontour,11.283791670955125,44941.12,94.57,18.2,10.0,0.992,-2.9,0.9,3.0,18.3,6.0,1.084,1,8,0,0,8
14.4,16,isocontour,11.283791670955125,47361.63,99.67,-22.2,21.0,0.582,-0.2,0.9,0.9,-22.2,21.0,0.584,16,0,0,0,0
14.4,17,isocontour,11.283791670955125,45006.62,94.71,19.2,8.2,0.982,2.7,-2.3,3.5,18.3,6.0,1.084,1,8,0,0,8
14.4,18,isocontour,11.283791670955125,47344.28,99.63,3.2,24.8,0.785,-0.8,0.5,0.9,3.2,24.8,0.786,18,0,0,0,0
14.4,19,isocontour,11.283791670955125,45585.16,95.93,-17.8,-1.3,1.168,-1.4,0.2,1.4,-15.5,-0.8,1.347,23,6,0,0,6
14.4,20,isocontour,11.283791670955125,45636.74,96.04,8.8,-18.2,1.021,-2.5,2.2,3.3,8.6,-17.8,1.054,10,6,0,0,6
14.4,21,isocontour,11.283791670955125,45376.77,95.49,7.1,-19.6,0.988,2.8,0.8,2.9,8.6,-17.8,1.054,10,6,0,0,6
14.4,22,isocontour,11.283791670955125,46587.02,98.04,-18.1,-1.7,1.148,0.1,0.3,0.3,-15.5,-0.8,1.347,23,6,0,0,6
14.4,23,isocontour,11.283791670955125,46226.59,97.28,-16.1,-1.3,1.284,-1.8,-1.3,2.2,-16.1,-1.3,1.347,23,6,0,0,6
14.4,24,isocontour,11.283791670955125,45616.03,95.99,10.3,-18.2,0.981,4.3,-0.1,4.3,8.6,-17.8,1.054,10,6,0,0,6
14.4,25,isocontour,11.283791670955125,45648.41,96.06,-18.7,-1.6,1.11,-1.8,-0.2,1.8,-15.5,-0.8,1.347,23,6,0,0,6
14.4,Target,,,,,0.0,0.0,4.023,0.0,0.0,,,,,,,,,
14.5,1,isocontour,11.283791670955125,45417.86,95.58,18.3,7.0,1.06,-0.7,1.0,1.2,18.3,7.0,1.084,1,8,0,0,8
14.5,2,isocontour,11.283791670955125,44664.88,93.99,18.4,9.8,0.987,-1.4,0.8,1.6,18.3,6.0,1.084,1,8,0,0,8
14.5,3,isocontour,11.283791670955125,45428.01,95.6,18.1,9.0,1.022,-2.0,-2.9,3.5,18.3,6.0,1.084,1,8,0,0,8
14.5,4,isocontour,11.283791670955125,45801.89,96.38,17.9,9.6,1.013,1.3,-1.3,1.8,18.3,6.0,1.084,1,8,0,0,8
14.5,5,isocontour,11.283791670955125,45310.06,95.35,17.2,11.3,1.0,-2.2,2.2,3.1,18.3,6.0,1.084,1,8,0,0,8
14.5,6,isocontour,11.283791670955125,45402.48,95.54,9.4,-18.5,0.992,-2.6,1.6,3.1,8.6,-17.8,1.054,10,6,0,0,6
14.5,7,isocontour,11.283791670955125,45450.87,95.65,-17.2,-1.5,1.207,-1.6,-1.3,2.1,-15.5,-0.8,1.347,23,6,0,0,6
14.5,8,isocontour,11.283791670955125,45482.78,95.71,7.6,-18.9,1.014,-4.1,-0.6,4.1,8.6,-17.8,1.054,10,6,0,0,6
14.5,9,isocontour,11.283791670955125,46218.81,97.26,18.3,8.5,1.023,-1.0,0.7,1.2,18.3,6.0,1.084,1,8,0,0,8
14.5,10,isocontour,11.283791670955125,46190.3,97.2,9.0,-17.7,1.043,1.0,1.3,1.6,9.0,-17.7,1.054,10,6,0,0,6
14.5,11,isocontour,11.283791670955125,45965.1,96.73,-18.9,-2.1,1.095,-0.9,0.7,1.1,-15.5,-0.8,1.347,23,6,0,0,6
14.5,12,isocontour,11.283791670955125,45988.75,96.78,-19.3,-1.8,1.073,-1.7,-1.2,2.1,-15.5,-0.8,1.347,23,6,0,0,6
14.5,13,isocontour,11.283791670955125,45291.71,95.31,19.0,7.6,1.006,-0.6,-4.4,4.4,18.3,6.0,1.084,1,8,0,0,8
14.5,14,isocontour,11.283791670955125,45085.79,94.88,11.0,-17.5,0.995,2.3,1.9,3.0,8.6,-17.8,1.054,10,6,0,0,6
14.5,15,isocontour,11.283791670955125,44875.63,94.44,18.1,10.3,0.986,-0.4,3.7,3.7,18.3,6.0,1.084,1,8,0,0,8
14.5,16,isocontour,11.283791670955125,47360.53,99.66,-22.1,20.9,0.584,0.6,-0.7,0.9,-22.1,20.9,0.584,16,0,0,0,0
14.5,17,isocontour,11.283791670955125,45004.96,94.71,19.2,8.3,0.98,-0.2,1.1,1.1,18.3,6.0,1.084,1,8,0,0,8
14.5,18,isocontour,11.283791670955125,47343.18,99.63,3.1,24.8,0.785,-0.9,0.2,0.9,3.1,24.8,0.786,18,0,0,0,0
14.5,19,isocontour,11.283791670955125,45585.09,95.93,-17.8,-1.3,1.165,-0.2,-0.3,0.4,-15.5,-0.8,1.347,23,6,0,0,6
14.5,20,isocontour,11.283791670955125,45635.67,96.03,8.8,-18.1,1.027,0.1,0.9,0.9,8.6,-17.8,1.054,10,6,0,0,6
14.5,21,isocontour,11.283791670955125,45342.98,95.42,7.3,-19.5,0.988,2.7,1.2,3.0,8.6,-17.8,1.054,10,6,0,0,6
14.5,22,isocontour,11.283791670955125,46514.46,97.88,-18.3,-1.9,1.131,-2.7,-2.7,3.8,-15.5,-0.8,1.347,23,6,0,0,6
14.5,23,isocontour,11.283791670955125,46218.68,97.26,-16.3,-1.3,1.272,-1.7,0.6,1.8,-16.3,-1.3,1.347,23,6,0,0,6
14.5,24,isocontour,11.283791670955125,45614.82,95.99,10.3,-18.2,0.983,-0.6,0.7,0.9,8.6,-17.8,1.054,10,6,0,0,6
14.5,25,isocontour,11.283791670955125,45647.28,96.06,-18.6,-1.6,1.113,0.9,-0.1,0.9,-15.5,-0.8,1.347,23,6,0,0,6
14.5,Target,,,,,0.0,0.0,4.023,0.0,0.0,,,,,,,,,
14.6,1,isocontour,11.283791670955125,45412.55,95.57,18.2,7.1,1.063,-1.2,1.1,1.6,18.2,7.1,1.084,1,8,0,0,8
14.6,2,isocontour,11.283791670955125,44663.27,93.99,18.4,9.9,0.984,0.4,1.0,1.1,18.3,6.0,1.084,1,8,0,0,8
14.6,3,isocontour,11.283791670955125,45396.21,95.53,17.9,9.1,1.031,-2.3,1.8,2.9,18.3,6.0,1.084,1,8,0,0,8
14.6,4,isocontour,11.283791670955125,45782.34,96.34,17.8,9.5,1.024,-2.5,-0.3,2.5,18.3,6.0,1.084,1,8,0,0,8
14.6,5,isocontour,11.283791670955125,45219.91,95.16,17.1,11.7,0.995,-1.2,4.0,4.2,18.3,6.0,1.084,1,8,0,0,8
14.6,6,isocontour,11.283791670955125,45397.74,95.53,9.2,-18.6,0.991,-1.0,-1.2,1.6,8.6,-17.8,1.054,10,6,0,0,6
14.6,7,isocontour,11.283791670955125,45444.41,95.63,-17.4,-1.4,1.197,-1.6,0.7,1.7,-15.5,-0.8,1.347,23,6,0,0,6
14.6,8,isocontour,11.283791670955125,45480.84,95.71,7.6,-18.9,1.013,1.1,0.2,1.1,8.6,-17.8,1.054,10,6,0,0,6
14.6,9,isocontour,11.283791670955125,46216.49,97.26,18.3,8.4,1.024,0.3,-1.2,1.2,18.3,6.0,1.084,1,8,0,0,8
14.6,10,isocontour,11.283791670955125,46188.31,97.2,9.1,-17.6,1.044,1.0,0.5,1.1,9.1,-17.6,1.054,10,6,0,0,6
14.6,11,isocontour,11.283791670955125,45964.25,96.73,-18.9,-2.2,1.095,0.2,-0.8,0.8,-15.5,-0.8,1.347,23,6,0,0,6
14.6,12,isocontour,11.283791670955125,45969.91,96.74,-19.4,-1.6,1.068,-0.9,2.3,2.5,-15.5,-0.8,1.347,23,6,0,0,6
14.6,13,isocontour,11.283791670955125,45146.14,95.0,19.2,7.2,1.007,1.9,-4.5,4.9,18.3,6.0,1.084,1,8,0,0,8
14.6,14,isocontour,11.283791670955125,44975.43,94.65,11.4,-17.3,0.993,3.9,2.0,4.4,8.6,-17.8,1.054,10,6,0,0,6
14.6,15,isocontour,11.283791670955125,44857.91,94.4,18.0,10.6,0.984,-0.9,2.2,2.4,18.3,6.0,1.084,1,8,0,0,8
14.6,16,isocontour,11.283791670955125,47359.43,99.66,-22.2,20.9,0.582,-0.9,0.4,1.0,-22.2,20.9,0.584,16,0,0,0,0
14.6,17,isocontour,11.283791670955125,44984.71,94.66,19.1,8.5,0.98,-1.1,2.3,2.5,18.3,6.0,1.084,1,8,0,0,8
14.6,18,isocontour,11.283791670955125,47342.08,99.63,3.0,24.8,0.785,-0.9,0.1,0.9,3.0,24.8,0.786,18,0,0,0,0
14.6,19,isocontour,11.283791670955125,45570.66,95.9,-18.0,-1.5,1.156,-1.4,-1.7,2.2,-15.5,-0.8,1.347,23,6,0,0,6
14.6,20,isocontour,11.283791670955125,45627.5,96.02,8.8,-18.2,1.02,-0.1,-1.8,1.8,8.6,-17.8,1.054,10,6,0,0,6
14.6,21,isocontour,11.283791670955125,45306.78,95.34,7.6,-19.3,0.99,2.7,1.4,3.0,8.6,-17.8,1.054,10,6,0,0,6
14.6,22,isocontour,11.283791670955125,46514.39,97.88,-18.4,-2.0,1.126,-0.3,-0.1,0.3,-15.5,-0.8,1.347,23,6,0,0,6
14.6,23,isocontour,11.283791670955125,46205.91,97.23,-16.5,-1.4,1.259,-1.7,-1.3,2.1,-16.5,-1.4,1.347,23,6,0,0,6
14.6,24,isocontour,11.283791670955125,45611.32,95.98,10.2,-18.1,0.989,-1.3,0.4,1.4,8.6,-17.8,1.054,10,6,0,0,6
14.6,25,isocontour,11.283791670955125,45643.93,96.05,-18.7,-1.6,1.107,-1.4,0.1,1.4,-15.5,-0.8,1.347,23,6,0,0,6
14.6,Target,,,,,0.0,0.0,4.023,0.0,0.0,,,,,,,,,
14.7,1,isocontour,11.283791670955125,45387.93,95.51,18.1,7.3,1.061,-0.4,2.6,2.6,18.1,7.3,1.084,1,8,0,0,8
14.7,2,isocontour,11.283791670955125,44633.39,93.93,18.2,9.8,0.996,-2.6,-1.3,2.9,18.3,6.0,1.084,1,8,0,0,8
14.7,3,isocontour,11.283791670955125,45391.2,95.52,18.0,9.2,1.024,1.5,0.4,1.6,18.3,6.0,1.084,1,8,0,0,8
14.7,4,isocontour,11.283791670955125,45777.04,96.33,17.8,9.7,1.02,0.6,1.5,1.6,18.3,6.0,1.084,1,8,0,0,8
14.7,5,isocontour,11.283791670955125,45138.57,94.99,17.0,12.1,0.987,-1.0,3.9,4.0,18.3,6.0,1.084,1,8,0,0,8
14.7,6,isocontour,11.283791670955125,45371.16,95.48,9.2,-18.8,0.979,-0.0,-2.7,2.7,8.6,-17.8,1.054,10,6,0,0,6
14.7,7,isocontour,11.283791670955125,45439.39,95.62,-17.5,-1.4,1.187,-1.5,0.6,1.6,-15.5,-0.8,1.347,23,6,0,0,6
14.7,8,isocontour,11.283791670955125,45448.72,95.64,7.7,-18.6,1.024,1.1,2.7,2.9,8.6,-17.8,1.054,10,6,0,0,6
14.7,9,isocontour,11.283791670955125,46214.34,97.25,18.2,8.5,1.026,-0.8,0.8,1.1,18.3,6.0,1.084,1,8,0,0,8
14.7,10,isocontour,11.283791670955125,46185.44,97.19,9.1,-17.7,1.038,-0.1,-1.3,1.3,9.1,-17.7,1.054,10,6,0,0,6
14.7,11,isocontour,11.283791670955125,45937.37,96.67,-19.0,-2.1,1.084,-2.3,1.6,2.8,-15.5,-0.8,1.347,23,6,0,0,6
14.7,12,isocontour,11.283791670955125,45968.25,96.73,-19.3,-1.5,1.07,0.5,1.0,1.1,-15.5,-0.8,1.347,23,6,0,0,6
14.7,13,isocontour,11.283791670955125,45099.92,94.91,19.4,6.9,1.002,2.0,-2.7,3.4,18.3,6.0,1.084,1,8,0,0,8
14.7,14,isocontour,11.283791670955125,44953.96,94.6,11.7,-17.1,0.992,2.3,1.2,2.6,8.6,-17.8,1.054,10,6,0,0,6
14.7,15,isocontour,11.283791670955125,44851.78,94.39,18.0,10.5,0.984,0.8,-1.5,1.7,18.3,6.0,1.084,1,8,0,0,8
14.7,16,isocontour,11.283791670955125,47358.33,99.66,-22.2,21.0,0.58,-0.2,0.9,0.9,-22.2,21.0,0.584,16,0,0,0,0
14.7,17,isocontour,11.283791670955125,44983.89,94.66,19.1,8.6,0.982,-0.7,0.5,0.9,18.3,6.0,1.084,1,8,0,0,8
14.7,18,isocontour,11.283791670955125,47340.98,99.62,3.0,24.9,0.781,0.2,0.9,0.9,3.0,24.9,0.786,18,0,0,0,0
14.7,19,isocontour,11.283791670955125,45566.53,95.89,-18.1,-1.5,1.147,-1.4,0.4,1.5,-15.5,-0.8,1.347,23,6,0,0,6
14.7,20,isocontour,11.283791670955125,45600.92,95.96,9.0,-18.2,1.014,2.7,0.3,2.7,8.6,-17.8,1.054,10,6,0,0,6
14.7,21,isocontour,11.283791670955125,45277.2,95.28,7.9,-19.4,0.982,2.8,-0.6,2.9,8.6,-17.8,1.054,10,6,0,0,6
14.7,22,isocontour,11.283791670955125,46507.1,97.87,-18.4,-2.1,1.123,-0.4,-1.7,1.7,-15.5,-0.8,1.347,23,6,0,0,6
14.7,23,isocontour,11.283791670955125,46197.34,97.22,-16.7,-1.3,1.246,-1.8,0.6,1.9,-16.7,-1.3,1.347,23,6,0,0,6
14.7,24,isocontour,11.283791670955125,45606.02,95.97,10.0,-18.2,0.989,-1.4,-0.9,1.7,8.6,-17.8,1.054,10,6,0,0,6
14.7,25,isocontour,11.283791670955125,45602.14,95.96,-19.0,-1.5,1.092,-2.7,1.7,3.2,-15.5,-0.8,1.347,23,6,0,0,6
14.7,Target,,,,,0.0,0.0,4.023,0.0,0.0,,,,,,,,,
14.8,1,isocontour,11.283791670955125,45363.58,95.46,18.2,7.6,1.052,0.8,2.5,2.6,18.2,7.6,1.084,1,8,0,0,8
14.8,2,isocontour,11.283791670955125,44592.76,93.84,18.3,10.0,0.986,1.6,2.7,3.1,18.3,6.0,1.084,1,8,0,0,8
14.8,3,isocontour,11.283791670955125,45355.34,95.44,18.1,9.0,1.02,1.9,-2.4,3.1,18.3,6.0,1.084,1,8,0,0,8
14.8,4,isocontour,11.283791670955125,45774.89,96.33,17.8,9.6,1.019,0.5,-1.1,1.2,18.3,6.0,1.084,1,8,0,0,8
14.8,5,isocontour,11.283791670955125,45138.11,94.99,16.9,12.2,0.987,-0.6,0.4,0.7,18.3,6.0,1.084,1,8,0,0,8
14.8,6,isocontour,11.283791670955125,45354.72,95.44,9.4,-18.9,0.97,2.3,-0.4,2.3,8.6,-17.8,1.054,10,6,0,0,6
14.8,7,isocontour,11.283791670955125,45421.45,95.58,-17.7,-1.4,1.171,-2.4,-0.0,2.4,-15.5,-0.8,1.347,23,6,0,0,6
14.8,8,isocontour,11.283791670955125,45442.58,95.63,7.8,-18.5,1.028,1.3,1.1,1.7,8.6,-17.8,1.054,10,6,0,0,6
14.8,9,isocontour,11.283791670955125,46207.53,97.24,18.4,8.6,1.018,1.6,0.7,1.7,18.3,6.0,1.084,1,8,0,0,8
14.8,10,isocontour,11.283791670955125,46183.29,97.19,9.2,-17.7,1.037,1.0,0.6,1.2,9.2,-17.7,1.054,10,6,0,0,6
14.8,11,isocontour,11.283791670955125,45936.24,96.67,-19.1,-2.0,1.081,-0.3,0.9,0.9,-15.5,-0.8,1.347,23,6,0,0,6
14.8,12,isocontour,11.283791670955125,45957.64,96.71,-19.5,-1.4,1.063,-1.7,1.2,2.1,-15.5,-0.8,1.347,23,6,0,0,6
14.8,13,isocontour,11.283791670955125,45061.92,94.83,19.5,6.6,0.998,1.7,-2.6,3.1,18.3,6.0,1.084,1,8,0,0,8
14.8,14,isocontour,11.283791670955125,44935.34,94.56,11.9,-17.1,0.987,2.4,0.6,2.5,8.6,-17.8,1.054,10,6,0,0,6
14.8,15,isocontour,11.283791670955125,44843.87,94.37,18.2,10.4,0.982,1.2,-1.4,1.8,18.3,6.0,1.084,1,8,0,0,8
14.8,16,isocontour,11.283791670955125,47357.23,99.66,-22.3,21.1,0.577,-0.9,0.4,1.0,-22.3,21.1,0.584,16,0,0,0,0
14.8,17,isocontour,11.283791670955125,44965.95,94.63,18.8,8.6,0.993,-2.4,0.1,2.4,18.3,6.0,1.084,1,8,0,0,8
14.8,18,isocontour,11.283791670955125,47339.89,99.62,3.1,24.9,0.779,0.8,0.5,0.9,3.1,24.9,0.786,18,0,0,0,0
14.8,19,isocontour,11.283791670955125,45561.88,95.88,-18.2,-1.4,1.138,-1.5,0.4,1.6,-15.5,-0.8,1.347,23,6,0,0,6
14.8,20,isocontour,11.283791670955125,45571.65,95.9,9.2,-18.4,1.001,2.3,-1.7,2.9,8.6,-17.8,1.054,10,6,0,0,6
14.8,21,isocontour,11.283791670955125,45255.22,95.23,8.1,-19.3,0.98,2.5,0.8,2.6,8.6,-17.8,1.054,10,6,0,0,6
14.8,22,isocontour,11.283791670955125,46504.3,97.86,-18.5,-2.1,1.116,-1.3,0.2,1.3,-15.5,-0.8,1.347,23,6,0,0,6
14.8,23,isocontour,11.283791670955125,46185.26,97.19,-16.8,-1.4,1.233,-1.7,-1.3,2.1,-16.8,-1.4,1.347,23,6,0,0,6
14.8,24,isocontour,11.283791670955125,45593.42,95.95,9.9,-18.1,0.999,-1.0,1.9,2.1,8.6,-17.8,1.054,10,6,0,0,6
14.8,25,isocontour,11.283791670955125,45599.14,95.96,-18.9,-1.5,1.096,1.2,-0.5,1.3,-15.5,-0.8,1.347,23,6,0,0,6
14.8,Target,,,,,0.0,0.0,4.023,0.0,0.0,,,,,,,,,
14.9,1,isocontour,11.283791670955125,45339.51,95.41,18.3,7.8,1.038,1.7,2.0,2.6,18.3,7.8,1.084,1,8,0,0,8
14.9,2,isocontour,11.283791670955125,44590.96,93.84,18.3,10.0,0.984,0.4,-1.0,1.1,18.3,6.0,1.084,1,8,0,0,8
14.9,3,isocontour,11.283791670955125,45353.55,95.44,18.2,8.8,1.022,-0.1,-1.1,1.1,18.3,6.0,1.084,1,8,0,0,8
14.9,4,isocontour,11.283791670955125,45737.24,96.25,18.0,9.4,1.019,1.6,-2.6,3.1,18.3,6.0,1.084,1,8,0,0,8
14.9,5,isocontour,11.283791670955125,45108.53,94.93,16.9,11.9,0.993,0.4,-2.8,2.8,18.3,6.0,1.084,1,8,0,0,8
14.9,6,isocontour,11.283791670955125,45343.8,95.42,9.6,-18.8,0.968,1.9,0.7,2.0,8.6,-17.8,1.054,10,6,0,0,6
14.9,7,isocontour,11.283791670955125,45418.84,95.58,-17.7,-1.5,1.17,0.3,-1.2,1.2,-15.5,-0.8,1.347,23,6,0,0,6
14.9,8,isocontour,11.283791670955125,45412.07,95.56,8.1,-18.4,1.029,2.6,1.2,2.9,8.6,-17.8,1.054,10,6,0,0,6
14.9,9,isocontour,11.283791670955125,46069.01,96.95,18.6,8.2,1.016,2.1,-4.3,4.8,18.3,6.0,1.084,1,8,0,0,8
14.9,10,isocontour,11.283791670955125,46181.03,97.18,9.3,-17.7,1.033,1.1,-0.5,1.2,9.3,-17.7,1.054,10,6,0,0,6
14.9,11,isocontour,11.283791670955125,45928.07,96.65,-19.2,-2.1,1.072,-1.5,-1.0,1.8,-15.5,-0.8,1.347,23,6,0,0,6
14.9,12,isocontour,11.283791670955125,45956.47,96.71,-19.5,-1.4,1.062,0.3,-0.9,0.9,-15.5,-0.8,1.347,23,6,0,0,6
14.9,13,isocontour,11.283791670955125,45030.12,94.76,19.6,6.4,0.999,0.6,-2.9,3.0,18.3,6.0,1.084,1,8,0,0,8
14.9,14,isocontour,11.283791670955125,44934.86,94.56,12.0,-17.0,0.988,0.4,0.6,0.7,8.6,-17.8,1.054,10,6,0,0,6
14.9,15,isocontour,11.283791670955125,44842.02,94.36,18.2,10.3,0.982,0.5,-1.0,1.1,18.3,6.0,1.084,1,8,0,0,8
14.9,16,isocontour,11.283791670955125,47356.13,99.66,-22.4,21.1,0.574,-0.7,0.6,0.9,-22.4,21.1,0.584,16,0,0,0,0
14.9,17,isocontour,11.283791670955125,44934.8,94.56,18.9,8.8,0.983,1.5,2.5,2.9,18.3,6.0,1.084,1,8,0,0,8
14.9,18,isocontour,11.283791670955125,47338.79,99.62,3.2,24.9,0.778,0.9,-0.1,0.9,3.2,24.9,0.786,18,0,0,0,0
14.9,19,isocontour,11.283791670955125,45512.69,95.78,-18.6,-1.4,1.118,-3.4,0.3,3.4,-15.5,-0.8,1.347,23,6,0,0,6
14.9,20,isocontour,11.283791670955125,45533.64,95.82,9.0,-18.4,1.008,-3.0,0.6,3.1,8.6,-17.8,1.054,10,6,0,0,6
14.9,21,isocontour,11.283791670955125,45238.15,95.2,8.4,-19.2,0.979,2.3,0.7,2.4,8.6,-17.8,1.054,10,6,0,0,6
14.9,22,isocontour,11.283791670955125,46485.23,97.82,-18.6,-2.0,1.11,-1.1,2.2,2.5,-15.5,-0.8,1.347,23,6,0,0,6
14.9,23,isocontour,11.283791670955125,46171.95,97.16,-17.0,-1.5,1.22,-1.9,-1.1,2.2,-17.0,-1.5,1.347,23,6,0,0,6
14.9,24,isocontour,11.283791670955125,45573.17,95.9,10.1,-18.0,0.999,2.4,0.8,2.5,8.6,-17.8,1.054,10,6,0,0,6
14.9,25,isocontour,11.283791670955125,45584.33,95.93,-19.0,-1.3,1.093,-0.8,2.1,2.2,-15.5,-0.8,1.347,23,6,0,0,6
14.9,Target,,,,,0.0,0.0,4.023,0.0,0.0,,,,,,,,,
15.0,1,isocontour,11.283791670955125,45299.64,95.33,18.5,7.6,1.035,1.4,-2.8,3.1,18.5,7.6,1.084,1,8,0,0,8
15.0,2,isocontour,11.283791670955125,44529.59,93.71,18.4,9.6,0.991,0.3,-3.6,3.6,18.3,6.0,1.084,1,8,0,0,8
15.0,3,isocontour,11.283791670955125,45349.5,95.43,18.3,8.7,1.019,1.2,-0.9,1.5,18.3,6.0,1.084,1,8,0,0,8
15.0,4,isocontour,11.283791670955125,45707.04,96.18,18.1,9.1,1.021,0.7,-2.8,2.9,18.3,6.0,1.084,1,8,0,0,8
15.0,5,isocontour,11.283791670955125,45091.25,94.89,16.9,12.1,0.99,-0.5,2.3,2.4,18.3,6.0,1.084,1,8,0,0,8
15.0,6,isocontour,11.283791670955125,45331.89,95.4,9.6,-18.7,0.977,-0.3,2.1,2.1,8.6,-17.8,1.054,10,6,0,0,6
15.0,7,isocontour,11.283791670955125,45409.99,95.56,-17.9,-1.4,1.161,-1.7,0.7,1.8,-15.5,-0.8,1.347,23,6,0,0,6
15.0,8,isocontour,11.283791670955125,45409.81,95.56,8.2,-18.3,1.029,1.1,0.4,1.2,8.6,-17.8,1.054,10,6,0,0,6
15.0,9,isocontour,11.283791670955125,46060.44,96.93,18.7,8.2,1.007,1.7,0.7,1.8,18.3,6.0,1.084,1,8,0,0,8
15.0,10,isocontour,11.283791670955125,46177.3,97.17,9.4,-17.8,1.025,0.9,-1.1,1.4,9.4,-17.8,1.054,10,6,0,0,6
15.0,11,isocontour,11.283791670955125,45902.06,96.6,-19.3,-1.8,1.071,-0.1,2.7,2.7,-15.5,-0.8,1.347,23,6,0,0,6
15.0,12,isocontour,11.283791670955125,45944.9,96.69,-19.6,-1.5,1.054,-1.6,-1.4,2.1,-15.5,-0.8,1.347,23,6,0,0,6
15.0,13,isocontour,11.283791670955125,44916.76,94.52,19.7,5.9,0.999,1.2,-4.3,4.5,18.3,6.0,1.084,1,8,0,0,8
15.0,14,isocontour,11.283791670955125,44931.72,94.55,11.9,-17.1,0.987,-1.0,-0.9,1.3,8.6,-17.8,1.054,10,6,0,0,6
15.0,15,isocontour,11.283791670955125,44839.82,94.36,18.3,10.1,0.982,0.6,-1.0,1.2,18.3,6.0,1.084,1,8,0,0,8
15.0,16,isocontour,11.283791670955125,47355.03,99.65,-22.3,21.2,0.574,0.7,0.6,0.9,-22.3,21.2,0.584,16,0,0,0,0
15.0,17,isocontour,11.283791670955125,44858.8,94.4,19.1,8.6,0.978,2.2,-3.3,4.0,18.3,6.0,1.084,1,8,0,0,8
15.0,18,isocontour,11.283791670955125,47337.69,99.62,3.2,25.0,0.776,0.8,0.5,0.9,3.2,25.0,0.786,18,0,0,0,0
15.0,19,isocontour,11.283791670955125,45512.54,95.78,-18.6,-1.4,1.117,0.4,-0.3,0.5,-15.5,-0.8,1.347,23,6,0,0,6
15.0,20,isocontour,11.283791670955125,45399.41,95.54,8.6,-18.4,1.016,-4.7,-0.7,4.8,8.6,-17.8,1.054,10,6,0,0,6
15.0,21,isocontour,11.283791670955125,45205.37,95.13,8.6,-19.0,0.985,1.8,2.3,2.9,8.6,-17.8,1.054,10,6,0,0,6
15.0,22,isocontour,11.283791670955125,46480.02,97.81,-18.8,-1.9,1.101,-1.6,0.1,1.6,-15.5,-0.8,1.347,23,6,0,0,6
15.0,23,isocontour,11.283791670955125,46159.53,97.14,-17.2,-1.6,1.206,-1.9,-1.0,2.1,-17.2,-1.6,1.347,23,6,0,0,6
15.0,24,isocontour,11.283791670955125,45545.11,95.84,10.3,-17.8,0.999,2.3,1.6,2.8,8.6,-17.8,1.054,10,6,0,0,6
15.0,25,isocontour,11.283791670955125,45537.69,95.83,-19.2,-1.5,1.077,-2.9,-1.7,3.4,-15.5,-0.8,1.347,23,6,0,0,6
15.0,Target,,,,,0.0,0.0,4.023,0.0,0.0,,,,,,,,,
15.1,1,isocontour,11.283791670955125,45289.03,95.31,18.7,7.5,1.026,2.0,-0.2,2.0,18.7,7.5,1.084,1,8,0,0,8
15.1,2,isocontour,11.283791670955125,44525.86,93.7,18.3,9.5,0.999,-0.9,-1.1,1.4,18.3,6.0,1.084,1,8,0,0,8
15.1,3,isocontour,11.283791670955125,45292.55,95.31,18.5,8.5,1.015,2.2,-2.8,3.6,18.3,6.0,1.084,1,8,0,0,8
15.1,4,isocontour,11.283791670955125,45706.67,96.18,18.0,9.1,1.022,-0.3,0.6,0.7,18.3,6.0,1.084,1,8,0,0,8
15.1,5,isocontour,11.283791670955125,45088.98,94.88,16.9,12.0,0.99,0.6,-1.0,1.2,18.3,6.0,1.084,1,8,0,0,8
15.1,6,isocontour,11.283791670955125,45311.15,95.35,9.6,-18.4,0.989,0.3,2.5,2.5,8.6,-17.8,1.054,10,6,0,0,6
15.1,7,isocontour,11.283791670955125,45402.34,95.54,-18.1,-1.4,1.15,-1.7,0.7,1.8,-15.5,-0.8,1.347,23,6,0,0,6
15.1,8,isocontour,11.283791670955125,45409.79,95.56,8.2,-18.3,1.029,-0.2,-0.0,0.2,8.6,-17.8,1.054,10,6,0,0,6
15.1,9,isocontour,11.283791670955125,46039.95,96.89,18.6,8.3,1.014,-2.4,0.8,2.5,18.3,6.0,1.084,1,8,0,0,8
15.1,10,isocontour,11.283791670955125,46151.85,97.12,9.6,-17.8,1.018,2.7,0.1,2.7,9.6,-17.8,1.054,10,6,0,0,6
15.1,11,isocontour,11.283791670955125,45887.82,96.57,-19.4,-1.9,1.061,-1.8,-1.3,2.2,-15.5,-0.8,1.347,23,6,0,0,6
15.1,12,isocontour,11.283791670955125,45930.47,96.66,-19.7,-1.4,1.048,-1.1,2.0,2.3,-15.5,-0.8,1.347,23,6,0,0,6
15.1,13,isocontour,11.283791670955125,44818.57,94.32,19.8,5.5,1.002,0.7,-4.2,4.3,18.3,6.0,1.084,1,8,0,0,8
15.1,14,isocontour,11.283791670955125,44914.43,94.52,11.7,-17.2,0.985,-1.7,-1.7,2.4,8.6,-17.8,1.054,10,6,0,0,6
15.1,15,isocontour,11.283791670955125,44837.61,94.36,18.3,10.0,0.985,0.0,-1.2,1.2,18.3,6.0,1.084,1,8,0,0,8
15.1,16,isocontour,11.283791670955125,47353.93,99.65,-22.3,21.1,0.576,0.3,-0.9,0.9,-22.3,21.1,0.584,16,0,0,0,0
15.1,17,isocontour,11.283791670955125,44851.14,94.38,19.1,8.4,0.984,-0.9,-1.6,1.8,18.3,6.0,1.084,1,8,0,0,8
15.1,18,isocontour,11.283791670955125,47336.59,99.61,3.3,24.9,0.778,0.7,-0.6,0.9,3.3,24.9,0.786,18,0,0,0,0
15.1,19,isocontour,11.283791670955125,45511.93,95.77,-18.6,-1.4,1.113,-0.7,0.2,0.7,-15.5,-0.8,1.347,23,6,0,0,6
15.1,20,isocontour,11.283791670955125,45395.76,95.53,8.4,-18.3,1.023,-1.0,1.0,1.4,8.6,-17.8,1.054,10,6,0,0,6
15.1,21,isocontour,11.283791670955125,45179.35,95.07,8.8,-18.9,0.987,2.4,1.3,2.7,8.6,-17.8,1.054,10,6,0,0,6
15.1,22,isocontour,11.283791670955125,46478.17,97.81,-18.9,-1.9,1.093,-1.1,0.1,1.1,-15.5,-0.8,1.347,23,6,0,0,6
15.1,23,isocontour,11.283791670955125,46150.12,97.12,-17.4,-1.6,1.195,-1.7,1.0,2.0,-17.4,-1.6,1.347,23,6,0,0,6
15.1,24,isocontour,11.283791670955125,45523.63,95.8,10.6,-17.7,0.998,2.3,1.0,2.5,8.6,-17.8,1.054,10,6,0,0,6
15.1,25,isocontour,11.283791670955125,45537.38,95.83,-19.2,-1.4,1.076,0.3,0.5,0.6,-15.5,-0.8,1.347,23,6,0,0,6
15.1,Target,,,,,0.0,0.0,4.023,0.0,0.0,,,,,,,,,
15.2,1,isocontour,11.283791670955125,45266.54,95.26,18.6,7.8,1.022,-0.6,2.5,2.6,18.6,7.8,1.084,1,8,0,0,8
15.2,2,isocontour,11.283791670955125,44429.05,93.5,18.2,9.8,0.993,-0.6,4.2,4.2,18.3,6.0,1.084,1,8,0,0,8
15.2,3,isocontour,11.283791670955125,45292.5,95.31,18.5,8.5,1.013,0.3,0.2,0.4,18.3,6.0,1.084,1,8,0,0,8
15.2,4,isocontour,11.283791670955125,45616.52,95.99,18.1,8.7,1.03,0.3,-4.1,4.1,18.3,6.0,1.084,1,8,0,0,8
15.2,5,isocontour,11.283791670955125,45084.77,94.88,17.0,11.9,0.988,1.0,-1.0,1.4,18.3,6.0,1.084,1,8,0,0,8
15.2,6,isocontour,11.283791670955125,45284.56,95.3,9.8,-18.2,0.997,1.6,2.3,2.8,8.6,-17.8,1.054,10,6,0,0,6
15.2,7,isocontour,11.283791670955125,45401.7,95.54,-18.1,-1.3,1.15,0.3,0.7,0.8,-15.5,-0.8,1.347,23,6,0,0,6
15.2,8,isocontour,11.283791670955125,45408.5,95.56,8.3,-18.3,1.029,0.9,0.3,0.9,8.6,-17.8,1.054,10,6,0,0,6
15.2,9,isocontour,11.283791670955125,46026.45,96.86,18.7,8.2,1.01,1.8,-1.2,2.2,18.3,6.0,1.084,1,8,0,0,8
15.2,10,isocontour,11.283791670955125,46145.27,97.11,9.7,-17.7,1.021,1.0,1.4,1.7,9.7,-17.7,1.054,10,6,0,0,6
15.2,11,isocontour,11.283791670955125,45868.28,96.52,-19.7,-1.9,1.047,-2.5,0.1,2.5,-15.5,-0.8,1.347,23,6,0,0,6
15.2,12,isocontour,11.283791670955125,45922.69,96.64,-19.8,-1.4,1.039,-1.6,-0.9,1.8,-15.5,-0.8,1.347,23,6,0,0,6
15.2,13,isocontour,11.283791670955125,44716.2,94.1,19.9,5.1,1.003,0.8,-4.2,4.3,18.3,6.0,1.084,1,8,0,0,8
15.2,14,isocontour,11.283791670955125,44906.0,94.5,11.6,-17.4,0.983,-1.3,-1.4,1.9,8.6,-17.8,1.054,10,6,0,0,6
15.2,15,isocontour,11.283791670955125,44836.87,94.35,18.3,10.0,0.989,-0.4,-0.7,0.8,18.3,6.0,1.084,1,8,0,0,8
15.2,16,isocontour,11.283791670955125,47352.83,99.65,-22.2,21.1,0.579,0.9,-0.1,0.9,-22.2,21.1,0.584,16,0,0,0,0
15.2,17,isocontour,11.283791670955125,44848.21,94.38,19.1,8.5,0.984,-0.3,1.3,1.3,18.3,6.0,1.084,1,8,0,0,8
15.2,18,isocontour,11.283791670955125,47335.49,99.61,3.2,24.9,0.779,-0.9,0.0,0.9,3.2,24.9,0.786,18,0,0,0,0
15.2,19,isocontour,11.283791670955125,45465.29,95.68,-18.9,-1.2,1.1,-2.6,2.1,3.3,-15.5,-0.8,1.347,23,6,0,0,6
15.2,20,isocontour,11.283791670955125,45274.65,95.27,8.8,-18.3,1.018,4.5,0.7,4.6,8.6,-17.8,1.054,10,6,0,0,6
15.2,21,isocontour,11.283791670955125,45170.65,95.06,8.9,-18.7,0.993,0.6,1.8,1.9,8.6,-17.8,1.054,10,6,0,0,6
15.2,22,isocontour,11.283791670955125,46477.77,97.81,-18.9,-1.9,1.096,0.7,0.1,0.7,-15.5,-0.8,1.347,23,6,0,0,6
15.2,23,isocontour,11.283791670955125,46138.55,97.09,-17.6,-1.6,1.182,-1.9,-0.9,2.1,-17.6,-1.6,1.347,23,6,0,0,6
15.2,24,isocontour,11.283791670955125,45506.78,95.76,10.8,-17.7,0.993,2.3,0.2,2.3,8.6,-17.8,1.054,10,6,0,0,6
15.2,25,isocontour,11.283791670955125,45537.15,95.83,-19.2,-1.4,1.079,0.4,0.3,0.5,-15.5,-0.8,1.347,23,6,0,0,6
15.2,Target,,,,,0.0,0.0,4.023,0.0,0.0,,,,,,,,,
15.3,1,isocontour,11.283791670955125,45264.16,95.25,18.7,7.8,1.017,1.2,-0.0,1.2,18.7,7.8,1.084,1,8,0,0,8
15.3,2,isocontour,11.283791670955125,44402.46,93.44,18.2,10.1,0.987,-0.5,2.7,2.7,18.3,6.0,1.084,1,8,0,0,8
15.3,3,isocontour,11.283791670955125,45291.36,95.31,18.5,8.6,1.01,0.1,0.9,0.9,18.3,6.0,1.084,1,8,0,0,8
15.3,4,isocontour,11.283791670955125,45616.46,95.99,18.0,8.7,1.031,-0.2,0.3,0.4,18.3,6.0,1.084,1,8,0,0,8
15.3,5,isocontour,11.283791670955125,45076.2,94.86,17.2,11.8,0.986,1.4,-1.3,1.9,18.3,6.0,1.084,1,8,0,0,8
15.3,6,isocontour,11.283791670955125,45242.39,95.21,9.6,-18.3,0.996,-2.7,-1.7,3.2,8.6,-17.8,1.054,10,6,0,0,6
15.3,7,isocontour,11.283791670955125,45362.22,95.46,-18.3,-1.3,1.133,-3.1,-0.3,3.1,-15.5,-0.8,1.347,23,6,0,0,6
15.3,8,isocontour,11.283791670955125,45405.64,95.55,8.3,-18.2,1.035,-0.2,1.3,1.3,8.6,-17.8,1.054,10,6,0,0,6
15.3,9,isocontour,11.283791670955125,45916.84,96.63,18.8,7.8,1.01,1.6,-4.1,4.4,18.3,6.0,1.084,1,8,0,0,8
15.3,10,isocontour,11.283791670955125,46144.71,97.11,9.7,-17.7,1.025,-0.5,0.6,0.8,9.7,-17.7,1.054,10,6,0,0,6
15.3,11,isocontour,11.283791670955125,45866.71,96.52,-19.7,-1.8,1.047,0.3,1.0,1.0,-15.5,-0.8,1.347,23,6,0,0,6
15.3,12,isocontour,11.283791670955125,45918.72,96.63,-20.0,-1.4,1.033,-0.9,1.1,1.4,-15.5,-0.8,1.347,23,6,0,0,6
15.3,13,isocontour,11.283791670955125,44692.39,94.05,20.0,4.8,1.001,1.1,-2.4,2.6,18.3,6.0,1.084,1,8,0,0,8
15.3,14,isocontour,11.283791670955125,44902.8,94.49,11.5,-17.4,0.985,-1.3,-0.1,1.3,8.6,-17.8,1.054,10,6,0,0,6
15.3,15,isocontour,11.283791670955125,44831.37,94.34,18.4,10.0,0.982,1.5,0.6,1.6,18.3,6.0,1.084,1,8,0,0,8
15.3,16,isocontour,11.283791670955125,47351.73,99.65,-22.2,21.0,0.58,-0.6,-0.8,1.0,-22.2,21.0,0.584,16,0,0,0,0
15.3,17,isocontour,11.283791670955125,44843.47,94.37,19.1,8.4,0.986,0.1,-1.5,1.5,18.3,6.0,1.084,1,8,0,0,8
15.3,18,isocontour,11.283791670955125,47334.39,99.61,3.3,24.9,0.779,0.9,-0.2,0.9,3.3,24.9,0.786,18,0,0,0,0
15.3,19,isocontour,11.283791670955125,45463.09,95.67,-18.9,-1.3,1.1,0.5,-1.1,1.2,-15.5,-0.8,1.347,23,6,0,0,6
15.3,20,isocontour,11.283791670955125,45163.54,95.04,9.2,-18.1,1.017,4.0,1.8,4.4,8.6,-17.8,1.054,10,6,0,0,6
15.3,21,isocontour,11.283791670955125,45133.73,94.98,8.7,-18.9,0.99,-2.3,-2.1,3.1,8.6,-17.8,1.054,10,6,0,0,6
15.3,22,isocontour,11.283791670955125,46460.48,97.77,-19.0,-1.8,1.089,-1.6,1.8,2.4,-15.5,-0.8,1.347,23,6,0,0,6
15.3,23,isocontour,11.283791670955125,46127.94,97.07,-17.7,-1.6,1.171,-1.7,1.0,2.0,-17.7,-1.6,1.347,23,6,0,0,6
15.3,24,isocontour,11.283791670955125,45414.0,95.57,11.1,-17.5,0.993,3.5,2.3,4.2,8.6,-17.8,1.054,10,6,0,0,6
15.3,25,isocontour,11.283791670955125,45454.59,95.65,-19.4,-1.6,1.063,-3.0,-2.7,4.0,-15.5,-0.8,1.347,23,6,0,0,6
15.3,Target,,,,,0.0,0.0,4.023,0.0,0.0,,,,,,,,,
15.4,1,isocontour,11.283791670955125,45226.88,95.17,18.6,7.6,1.027,-1.3,-2.8,3.1,18.6,7.6,1.084,1,8,0,0,8
15.4,2,isocontour,11.283791670955125,44401.87,93.44,18.2,10.2,0.983,0.6,0.4,0.7,18.3,6.0,1.084,1,8,0,0,8
15.4,3,isocontour,11.283791670955125,45279.62,95.29,18.7,8.6,1.0,1.9,0.8,2.1,18.3,6.0,1.084,1,8,0,0,8
15.4,4,isocontour,11.283791670955125,45614.89,95.99,18.0,8.7,1.037,-1.0,-0.4,1.1,18.3,6.0,1.084,1,8,0,0,8
15.4,5,isocontour,11.283791670955125,45058.26,94.82,17.2,11.6,0.993,-0.1,-2.4,2.4,18.3,6.0,1.084,1,8,0,0,8
15.4,6,isocontour,11.283791670955125,45229.44,95.18,9.5,-18.5,0.988,-0.4,-2.1,2.1,8.6,-17.8,1.054,10,6,0,0,6
15.4,7,isocontour,11.283791670955125,45351.45,95.44,-18.5,-1.4,1.121,-1.5,-1.4,2.1,-15.5,-0.8,1.347,23,6,0,0,6
15.4,8,isocontour,11.283791670955125,45404.36,95.55,8.4,-18.2,1.034,1.0,0.1,1.0,8.6,-17.8,1.054,10,6,0,0,6
15.4,9,isocontour,11.283791670955125,45885.04,96.56,18.9,8.0,1.002,0.6,2.9,3.0,18.3,6.0,1.084,1,8,0,0,8
15.4,10,isocontour,11.283791670955125,46142.71,97.1,9.7,-17.7,1.02,0.1,-1.1,1.1,9.7,-17.7,1.054,10,6,0,0,6
15.4,11,isocontour,11.283791670955125,45866.07,96.52,-19.7,-1.8,1.047,-0.1,0.8,0.8,-15.5,-0.8,1.347,23,6,0,0,6
15.4,12,isocontour,11.283791670955125,45916.78,96.63,-20.0,-1.3,1.029,-0.9,0.7,1.1,-15.5,-0.8,1.347,23,6,0,0,6
15.4,13,isocontour,11.283791670955125,44670.91,94.0,20.0,4.6,1.002,0.5,-2.5,2.5,18.3,6.0,1.084,1,8,0,0,8
15.4,14,isocontour,11.283791670955125,44902.47,94.49,11.5,-17.4,0.985,0.6,0.2,0.6,8.6,-17.8,1.054,10,6,0,0,6
15.4,15,isocontour,11.283791670955125,44803.61,94.28,18.5,9.8,0.979,1.5,-2.3,2.7,18.3,6.0,1.084,1,8,0,0,8
15.4,16,isocontour,11.283791670955125,47350.63,99.64,-22.2,20.9,0.581,-0.2,-0.9,0.9,-22.2,20.9,0.584,16,0,0,0,0
15.4,17,isocontour,11.283791670955125,44813.27,94.3,19.1,8.1,0.993,-0.1,-2.9,2.9,18.3,6.0,1.084,1,8,0,0,8
15.4,18,isocontour,11.283791670955125,47333.29,99.61,3.2,24.9,0.78,-0.9,0.0,0.9,3.2,24.9,0.786,18,0,0,0,0
15.4,19,isocontour,11.283791670955125,45422.84,95.59,-19.1,-1.2,1.087,-2.6,1.8,3.2,-15.5,-0.8,1.347,23,6,0,0,6
15.4,20,isocontour,11.283791670955125,45161.55,95.04,9.3,-18.0,1.018,0.9,0.8,1.2,8.6,-17.8,1.054,10,6,0,0,6
15.4,21,isocontour,11.283791670955125,45031.35,94.76,8.3,-19.0,0.988,-3.8,-2.0,4.3,8.6,-17.8,1.054,10,6,0,0,6
15.4,22,isocontour,11.283791670955125,46435.86,97.72,-19.1,-1.9,1.078,-1.5,-2.2,2.7,-15.5,-0.8,1.347,23,6,0,0,6
15.4,23,isocontour,11.283791670955125,46118.24,97.05,-17.9,-1.5,1.16,-1.7,1.0,2.0,-17.9,-1.5,1.347,23,6,0,0,6
15.4,24,isocontour,11.283791670955125,45302.89,95.33,11.5,-17.3,0.99,4.0,2.0,4.5,8.6,-17.8,1.054,10,6,0,0,6
15.4,25,isocontour,11.283791670955125,45449.48,95.64,-19.6,-1.6,1.055,-1.1,1.2,1.6,-15.5,-0.8,1.347,23,6,0,0,6
15.4,Target,,,,,0.0,0.0,4.023,0.0,0.0,,,,,,,,,
15.5,1,isocontour,11.283791670955125,45226.67,95.17,18.6,7.6,1.028,0.0,0.5,0.5,18.6,7.6,1.084,1,8,0,0,8
15.5,2,isocontour,11.283791670955125,44401.71,93.44,18.2,10.3,0.983,-0.3,0.4,0.5,18.3,6.0,1.084,1,8,0,0,8
15.5,3,isocontour,11.283791670955125,45194.58,95.11,18.8,9.0,0.985,1.2,3.9,4.1,18.3,6.0,1.084,1,8,0,0,8
15.5,4,isocontour,11.283791670955125,45604.28,95.97,18.1,8.7,1.028,1.9,0.6,2.0,18.3,6.0,1.084,1,8,0,0,8
15.5,5,isocontour,11.283791670955125,45054.13,94.81,17.1,11.6,0.997,-1.3,0.7,1.5,18.3,6.0,1.084,1,8,0,0,8
15.5,6,isocontour,11.283791670955125,45228.59,95.18,9.5,-18.6,0.983,0.4,-0.8,0.9,8.6,-17.8,1.054,10,6,0,0,6
15.5,7,isocontour,11.283791670955125,45345.1,95.42,-18.7,-1.4,1.112,-1.5,0.8,1.7,-15.5,-0.8,1.347,23,6,0,0,6
15.5,8,isocontour,11.283791670955125,45402.61,95.54,8.4,-18.1,1.034,1.0,0.5,1.1,8.6,-17.8,1.054,10,6,0,0,6
15.5,9,isocontour,11.283791670955125,45766.29,96.31,19.1,7.7,1.001,1.7,-4.2,4.5,18.3,6.0,1.084,1,8,0,0,8
15.5,10,isocontour,11.283791670955125,46131.3,97.08,9.9,-17.8,1.015,2.1,0.1,2.1,9.9,-17.8,1.054,10,6,0,0,6
15.5,11,isocontour,11.283791670955125,45864.46,96.52,-19.7,-1.8,1.047,-0.0,-1.1,1.1,-15.5,-0.8,1.347,23,6,0,0,6
15.5,12,isocontour,11.283791670955125,45914.23,96.62,-20.2,-1.3,1.022,-1.2,0.2,1.2,-15.5,-0.8,1.347,23,6,0,0,6
15.5,13,isocontour,11.283791670955125,44647.9,93.96,20.1,4.3,0.999,1.0,-2.4,2.6,18.3,6.0,1.084,1,8,0,0,8
15.5,14,isocontour,11.283791670955125,44803.6,94.28,11.3,-17.7,0.978,-2.4,-3.5,4.2,8.6,-17.8,1.054,10,6,0,0,6
15.5,15,isocontour,11.283791670955125,44670.22,94.0,18.7,9.4,0.983,1.3,-4.5,4.7,18.3,6.0,1.084,1,8,0,0,8
15.5,16,isocontour,11.283791670955125,47349.53,99.64,-22.2,20.8,0.583,0.0,-0.9,0.9,-22.2,20.8,0.584,16,0,0,0,0
15.5,17,isocontour,11.283791670955125,44739.0,94.15,19.4,8.2,0.976,3.7,1.2,3.9,18.3,6.0,1.084,1,8,0,0,8
15.5,18,isocontour,11.283791670955125,47332.19,99.6,3.3,24.9,0.779,0.9,-0.0,0.9,3.3,24.9,0.786,18,0,0,0,0
15.5,19,isocontour,11.283791670955125,45420.41,95.58,-19.2,-1.1,1.078,-1.2,-0.1,1.2,-15.5,-0.8,1.347,23,6,0,0,6
15.5,20,isocontour,11.283791670955125,45158.41,95.03,9.2,-18.1,1.017,-1.1,-0.8,1.4,8.6,-17.8,1.054,10,6,0,0,6
15.5,21,isocontour,11.283791670955125,45029.41,94.76,8.4,-19.1,0.987,1.1,0.2,1.1,8.6,-17.8,1.054,10,6,0,0,6
15.5,22,isocontour,11.283791670955125,46435.62,97.72,-19.1,-2.0,1.079,0.4,-0.4,0.6,-15.5,-0.8,1.347,23,6,0,0,6
15.5,23,isocontour,11.283791670955125,46108.98,97.03,-18.1,-1.5,1.148,-1.7,-1.0,2.0,-18.1,-1.5,1.347,23,6,0,0,6
15.5,24,isocontour,11.283791670955125,45302.47,95.33,11.6,-17.2,0.99,0.6,0.3,0.7,8.6,-17.8,1.054,10,6,0,0,6
15.5,25,isocontour,11.283791670955125,45449.05,95.64,-19.6,-1.5,1.051,-0.6,0.3,0.7,-15.5,-0.8,1.347,23,6,0,0,6
15.5,Target,,,,,0.0,0.0,4.023,0.0,0.0,,,,,,,,,
15.6,1,isocontour,11.283791670955125,45225.67,95.17,18.6,7.5,1.031,-0.4,-0.8,0.9,18.6,7.5,1.084,1,8,0,0,8
15.6,2,isocontour,11.283791670955125,44391.71,93.42,18.2,10.1,0.989,-0.4,-1.9,1.9,18.3,6.0,1.084,1,8,0,0,8
15.6,3,isocontour,11.283791670955125,45184.13,95.08,19.0,9.0,0.974,2.0,0.1,2.0,18.3,6.0,1.084,1,8,0,0,8
15.6,4,isocontour,11.283791670955125,45579.11,95.92,18.2,8.5,1.029,0.5,-2.6,2.6,18.3,6.0,1.084,1,8,0,0,8
15.6,5,isocontour,11.283791670955125,45019.33,94.74,16.9,11.8,1.0,-2.0,2.2,3.0,18.3,6.0,1.084,1,8,0,0,8
15.6,6,isocontour,11.283791670955125,45213.38,95.15,9.7,-18.5,0.986,1.5,1.7,2.3,8.6,-17.8,1.054,10,6,0,0,6
15.6,7,isocontour,11.283791670955125,45336.53,95.41,-18.8,-1.3,1.102,-1.7,0.8,1.9,-15.5,-0.8,1.347,23,6,0,0,6
15.6,8,isocontour,11.283791670955125,45374.55,95.49,8.7,-18.0,1.031,2.7,0.6,2.8,8.6,-17.8,1.054,10,6,0,0,6
15.6,9,isocontour,11.283791670955125,45649.09,96.06,19.3,7.3,0.996,2.6,-3.7,4.5,18.3,6.0,1.084,1,8,0,0,8
15.6,10,isocontour,11.283791670955125,46109.32,97.03,10.1,-17.9,1.003,2.2,-1.3,2.6,10.1,-17.9,1.054,10,6,0,0,6
15.6,11,isocontour,11.283791670955125,45861.39,96.51,-19.8,-1.8,1.041,-1.2,0.5,1.3,-15.5,-0.8,1.347,23,6,0,0,6
15.6,12,isocontour,11.283791670955125,45913.06,96.62,-20.2,-1.3,1.022,0.2,-0.9,0.9,-15.5,-0.8,1.347,23,6,0,0,6
15.6,13,isocontour,11.283791670955125,44536.79,93.72,20.3,3.9,0.997,1.2,-4.3,4.5,18.3,6.0,1.084,1,8,0,0,8
15.6,14,isocontour,11.283791670955125,44797.57,94.27,11.2,-17.8,0.976,-1.3,-1.0,1.6,8.6,-17.8,1.054,10,6,0,0,6
15.6,15,isocontour,11.283791670955125,44669.72,94.0,18.7,9.3,0.982,0.7,-0.2,0.7,18.3,6.0,1.084,1,8,0,0,8
15.6,16,isocontour,11.283791670955125,47348.43,99.64,-22.3,20.9,0.581,-0.7,0.6,0.9,-22.3,20.9,0.584,16,0,0,0,0
15.6,17,isocontour,11.283791670955125,44727.09,94.12,19.5,8.0,0.97,1.2,-1.7,2.1,18.3,6.0,1.084,1,8,0,0,8
15.6,18,isocontour,11.283791670955125,47331.09,99.6,3.2,24.9,0.779,-0.9,0.1,0.9,3.2,24.9,0.786,18,0,0,0,0
15.6,19,isocontour,11.283791670955125,45416.53,95.57,-19.2,-1.0,1.077,-0.1,1.4,1.4,-15.5,-0.8,1.347,23,6,0,0,6
15.6,20,isocontour,11.283791670955125,45138.16,94.99,9.4,-18.1,1.011,2.5,-0.2,2.5,8.6,-17.8,1.054,10,6,0,0,6
15.6,21,isocontour,11.283791670955125,45001.65,94.7,8.5,-18.9,0.994,1.5,2.4,2.8,8.6,-17.8,1.054,10,6,0,0,6
15.6,22,isocontour,11.283791670955125,46430.31,97.71,-19.2,-1.9,1.078,-0.3,1.6,1.6,-15.5,-0.8,1.347,23,6,0,0,6
15.6,23,isocontour,11.283791670955125,46096.56,97.0,-18.3,-1.5,1.137,-1.9,1.0,2.1,-18.3,-1.5,1.347,23,6,0,0,6
15.6,24,isocontour,11.283791670955125,45298.75,95.33,11.5,-17.1,0.996,-1.2,0.7,1.4,8.6,-17.8,1.054,10,6,0,0,6
15.6,25,isocontour,11.283791670955125,45402.0,95.54,-19.7,-1.3,1.046,-1.2,3.1,3.3,-15.5,-0.8,1.347,23,6,0,0,6
15.6,Target,,,,,0.0,0.0,4.023,0.0,0.0,,,,,,,,,
15.7,1,isocontour,11.283791670955125,45224.05,95.17,18.5,7.5,1.034,-0.8,0.7,1.1,18.5,7.5,1.084,1,8,0,0,8
15.7,2,isocontour,11.283791670955125,44382.87,93.4,18.1,10.2,0.987,-0.4,1.9,1.9,18.3,6.0,1.084,1,8,0,0,8
15.7,3,isocontour,11.283791670955125,45183.13,95.08,19.0,9.1,0.971,-0.1,0.9,0.9,18.3,6.0,1.084,1,8,0,0,8
15.7,4,isocontour,11.283791670955125,45577.87,95.91,18.1,8.5,1.032,-0.8,0.6,1.0,18.3,6.0,1.084,1,8,0,0,8
15.7,5,isocontour,11.283791670955125,44908.22,94.5,16.7,12.2,0.997,-2.1,3.9,4.4,18.3,6.0,1.084,1,8,0,0,8
15.7,6,isocontour,11.283791670955125,45186.5,95.09,9.9,-18.4,0.984,2.7,0.7,2.8,8.6,-17.8,1.054,10,6,0,0,6
15.7,7,isocontour,11.283791670955125,45311.35,95.35,-19.1,-1.4,1.087,-2.5,-1.0,2.7,-15.5,-0.8,1.347,23,6,0,0,6
15.7,8,isocontour,11.283791670955125,45370.51,95.48,8.9,-18.1,1.026,1.4,-0.5,1.5,8.6,-17.8,1.054,10,6,0,0,6
15.7,9,isocontour,11.283791670955125,45606.92,95.97,19.6,7.1,0.987,2.5,-2.0,3.2,18.3,6.0,1.084,1,8,0,0,8
15.7,10,isocontour,11.283791670955125,46094.11,97.0,10.3,-17.8,1.002,1.9,1.2,2.2,10.3,-17.8,1.054,10,6,0,0,6
15.7,11,isocontour,11.283791670955125,45857.18,96.5,-19.9,-1.7,1.033,-1.3,0.6,1.4,-15.5,-0.8,1.347,23,6,0,0,6
15.7,12,isocontour,11.283791670955125,45902.91,96.6,-20.3,-1.5,1.013,-1.7,-1.1,2.0,-15.5,-0.8,1.347,23,6,0,0,6
15.7,13,isocontour,11.283791670955125,44424.94,93.49,20.4,3.5,0.994,1.4,-4.2,4.4,18.3,6.0,1.084,1,8,0,0,8
15.7,14,isocontour,11.283791670955125,44792.36,94.26,11.0,-17.9,0.976,-1.4,-0.8,1.6,8.6,-17.8,1.054,10,6,0,0,6
15.7,15,isocontour,11.283791670955125,44580.22,93.81,18.6,9.6,0.983,-2.1,3.5,4.1,18.3,6.0,1.084,1,8,0,0,8
15.7,16,isocontour,11.283791670955125,47347.33,99.64,-22.4,20.9,0.578,-0.7,0.6,0.9,-22.4,20.9,0.584,16,0,0,0,0
15.7,17,isocontour,11.283791670955125,44722.54,94.11,19.4,8.0,0.976,-1.5,0.4,1.6,18.3,6.0,1.084,1,8,0,0,8
15.7,18,isocontour,11.283791670955125,47329.99,99.6,3.3,24.9,0.779,0.9,0.1,0.9,3.3,24.9,0.786,18,0,0,0,0
15.7,19,isocontour,11.283791670955125,45389.94,95.52,-19.5,-1.1,1.063,-2.7,-0.6,2.8,-15.5,-0.8,1.347,23,6,0,0,6
15.7,20,isocontour,11.283791670955125,45123.14,94.96,9.4,-17.9,1.02,-0.4,2.2,2.2,8.6,-17.8,1.054,10,6,0,0,6
15.7,21,isocontour,11.283791670955125,45000.48,94.7,8.5,-18.9,0.994,-0.6,-0.7,0.9,8.6,-17.8,1.054,10,6,0,0,6
15.7,22,isocontour,11.283791670955125,46407.82,97.66,-19.3,-1.7,1.07,-1.6,2.0,2.6,-15.5,-0.8,1.347,23,6,0,0,6
15.7,23,isocontour,11.283791670955125,46087.29,96.99,-18.4,-1.5,1.125,-1.7,-0.9,1.9,-18.4,-1.5,1.347,23,6,0,0,6
15.7,24,isocontour,11.283791670955125,45297.75,95.32,11.6,-17.1,0.995,0.9,0.0,0.9,8.6,-17.8,1.054,10,6,0,0,6
15.7,25,isocontour,11.283791670955125,45401.49,95.54,-19.7,-1.2,1.048,0.5,0.5,0.7,-15.5,-0.8,1.347,23,6,0,0,6
15.7,Target,,,,,0.0,0.0,4.023,0.0,0.0,,,,,,,,,
15.8,1,isocontour,11.283791670955125,45222.57,95.17,18.5,7.6,1.035,-0.6,0.9,1.1,18.5,7.6,1.084,1,8,0,0,8
15.8,2,isocontour,11.283791670955125,44367.86,93.37,18.0,10.1,0.996,-1.2,-1.9,2.2,18.3,6.0,1.084,1,8,0,0,8
15.8,3,isocontour,11.283791670955125,45173.57,95.06,18.9,9.2,0.978,-1.9,0.5,2.0,18.3,6.0,1.084,1,8,0,0,8
15.8,4,isocontour,11.283791670955125,45556.39,95.87,18.2,8.7,1.023,1.0,2.3,2.5,18.3,6.0,1.084,1,8,0,0,8
15.8,5,isocontour,11.283791670955125,44814.78,94.31,16.4,12.5,0.997,-2.5,3.3,4.1,18.3,6.0,1.084,1,8,0,0,8
15.8,6,isocontour,11.283791670955125,45182.93,95.08,9.9,-18.3,0.989,-0.3,1.4,1.4,8.6,-17.8,1.054,10,6,0,0,6
15.8,7,isocontour,11.283791670955125,45311.34,95.35,-19.1,-1.4,1.083,-0.2,-0.0,0.2,-15.5,-0.8,1.347,23,6,0,0,6
15.8,8,isocontour,11.283791670955125,45369.3,95.47,8.9,-18.0,1.026,0.7,0.6,0.9,8.6,-17.8,1.054,10,6,0,0,6
15.8,9,isocontour,11.283791670955125,45604.97,95.97,19.5,7.1,0.99,-1.1,0.4,1.2,18.3,6.0,1.084,1,8,0,0,8
15.8,10,isocontour,11.283791670955125,46053.86,96.91,10.5,-17.5,1.008,1.8,2.6,3.2,10.5,-17.5,1.054,10,6,0,0,6
15.8,11,isocontour,11.283791670955125,45855.78,96.5,-19.9,-1.7,1.034,0.2,1.0,1.0,-15.5,-0.8,1.347,23,6,0,0,6
15.8,12,isocontour,11.283791670955125,45886.68,96.56,-20.4,-1.3,1.006,-1.3,2.0,2.4,-15.5,-0.8,1.347,23,6,0,0,6
15.8,13,isocontour,11.283791670955125,44394.42,93.42,20.5,3.2,0.988,1.5,-2.4,2.8,18.3,6.0,1.084,1,8,0,0,8
15.8,14,isocontour,11.283791670955125,44787.53,94.25,10.9,-17.9,0.982,-1.4,0.6,1.5,8.6,-17.8,1.054,10,6,0,0,6
15.8,15,isocontour,11.283791670955125,44567.8,93.79,18.5,9.5,0.988,-0.3,-2.1,2.1,18.3,6.0,1.084,1,8,0,0,8
15.8,16,isocontour,11.283791670955125,47346.23,99.63,-22.4,20.9,0.577,-0.6,-0.7,0.9,-22.4,20.9,0.584,16,0,0,0,0
15.8,17,isocontour,11.283791670955125,44697.64,94.06,19.2,8.2,0.981,-1.9,1.9,2.7,18.3,6.0,1.084,1,8,0,0,8
15.8,18,isocontour,11.283791670955125,47328.89,99.6,3.4,24.9,0.778,0.9,0.1,0.9,3.4,24.9,0.786,18,0,0,0,0
15.8,19,isocontour,11.283791670955125,45364.21,95.46,-19.7,-0.9,1.05,-2.3,1.4,2.7,-15.5,-0.8,1.347,23,6,0,0,6
15.8,20,isocontour,11.283791670955125,45105.2,94.92,9.6,-17.9,1.014,2.3,-0.6,2.4,8.6,-17.8,1.054,10,6,0,0,6
15.8,21,isocontour,11.283791670955125,44972.72,94.64,8.3,-19.0,0.99,-2.2,-1.7,2.8,8.6,-17.8,1.054,10,6,0,0,6
15.8,22,isocontour,11.283791670955125,46366.04,97.57,-19.6,-1.8,1.055,-2.6,-1.9,3.2,-15.5,-0.8,1.347,23,6,0,0,6
15.8,23,isocontour,11.283791670955125,46078.17,96.97,-18.6,-1.5,1.115,-1.6,1.0,1.9,-18.6,-1.5,1.347,23,6,0,0,6
15.8,24,isocontour,11.283791670955125,45204.97,95.13,11.9,-17.0,0.99,3.9,1.5,4.2,8.6,-17.8,1.054,10,6,0,0,6
15.8,25,isocontour,11.283791670955125,45368.71,95.47,-20.0,-1.1,1.034,-2.9,0.5,2.9,-15.5,-0.8,1.347,23,6,0,0,6
15.8,Target,,,,,0.0,0.0,4.023,0.0,0.0,,,,,,,,,
15.9,1,isocontour,11.283791670955125,45215.76,95.15,18.5,7.8,1.03,0.5,1.7,1.8,18.5,7.8,1.084,1,8,0,0,8
15.9,2,isocontour,11.283791670955125,44338.59,93.31,18.1,9.8,1.001,0.8,-2.7,2.8,18.3,6.0,1.084,1,8,0,0,8
15.9,3,isocontour,11.283791670955125,45168.84,95.05,18.8,9.1,0.984,-0.6,-1.4,1.5,18.3,6.0,1.084,1,8,0,0,8
15.9,4,isocontour,11.283791670955125,45535.16,95.82,18.2,9.0,1.018,-0.5,2.5,2.5,18.3,6.0,1.084,1,8,0,0,8
15.9,5,isocontour,11.283791670955125,44721.34,94.11,16.2,12.9,0.992,-1.7,3.8,4.2,18.3,6.0,1.084,1,8,0,0,8
15.9,6,isocontour,11.283791670955125,45178.8,95.07,10.0,-18.1,0.994,0.8,1.2,1.4,8.6,-17.8,1.054,10,6,0,0,6
15.9,7,isocontour,11.283791670955125,45249.46,95.22,-19.4,-1.4,1.064,-3.6,-0.4,3.6,-15.5,-0.8,1.347,23,6,0,0,6
15.9,8,isocontour,11.283791670955125,45347.32,95.43,9.2,-18.0,1.024,2.5,0.7,2.6,8.6,-17.8,1.054,10,6,0,0,6
15.9,9,isocontour,11.283791670955125,45578.96,95.92,19.4,7.3,0.991,-1.1,2.5,2.7,18.3,6.0,1.084,1,8,0,0,8
15.9,10,isocontour,11.283791670955125,46027.56,96.86,10.6,-17.3,1.014,1.7,2.2,2.8,10.6,-17.3,1.054,10,6,0,0,6
15.9,11,isocontour,11.283791670955125,45810.8,96.4,-20.2,-1.6,1.018,-3.3,0.1,3.3,-15.5,-0.8,1.347,23,6,0,0,6
15.9,12,isocontour,11.283791670955125,45882.72,96.55,-20.6,-1.3,0.999,-1.4,0.2,1.4,-15.5,-0.8,1.347,23,6,0,0,6
15.9,13,isocontour,11.283791670955125,44393.69,93.42,20.5,3.1,0.989,-0.4,-0.7,0.8,18.3,6.0,1.084,1,8,0,0,8
15.9,14,isocontour,11.283791670955125,44786.25,94.25,10.9,-17.9,0.979,0.0,-1.0,1.0,8.6,-17.8,1.054,10,6,0,0,6
15.9,15,isocontour,11.283791670955125,44455.19,93.55,18.2,9.7,0.997,-3.3,3.0,4.5,18.3,6.0,1.084,1,8,0,0,8
15.9,16,isocontour,11.283791670955125,47345.13,99.63,-22.4,20.9,0.578,0.8,0.5,0.9,-22.4,20.9,0.584,16,0,0,0,0
15.9,17,isocontour,11.283791670955125,44671.63,94.01,19.1,8.4,0.986,-1.8,2.0,2.7,18.3,6.0,1.084,1,8,0,0,8
15.9,18,isocontour,11.283791670955125,47327.79,99.6,3.3,24.9,0.777,-0.9,0.3,0.9,3.3,24.9,0.786,18,0,0,0,0
15.9,19,isocontour,11.283791670955125,45363.5,95.46,-19.7,-0.9,1.049,0.3,0.8,0.9,-15.5,-0.8,1.347,23,6,0,0,6
15.9,20,isocontour,11.283791670955125,45098.85,94.9,9.8,-17.8,1.014,1.3,1.1,1.7,8.6,-17.8,1.054,10,6,0,0,6
15.9,21,isocontour,11.283791670955125,44970.88,94.64,8.2,-19.0,0.995,-0.3,1.1,1.1,8.6,-17.8,1.054,10,6,0,0,6
15.9,22,isocontour,11.283791670955125,46365.63,97.57,-19.5,-1.8,1.056,0.6,-0.2,0.6,-15.5,-0.8,1.347,23,6,0,0,6
15.9,23,isocontour,11.283791670955125,46077.26,96.96,-18.6,-1.4,1.114,0.1,0.9,0.9,-18.6,-1.4,1.347,23,6,0,0,6
15.9,24,isocontour,11.283791670955125,45204.63,95.13,12.1,-17.0,0.988,0.6,0.1,0.6,8.6,-17.8,1.054,10,6,0,0,6
15.9,25,isocontour,11.283791670955125,45282.41,95.29,-20.2,-1.4,1.017,-2.7,-3.1,4.1,-15.5,-0.8,1.347,23,6,0,0,6
15.9,Target,,,,,0.0,0.0,4.023,0.0,0.0,,,,,,,,,
16.0,1,isocontour,11.283791670955125,45189.46,95.1,18.5,8.0,1.025,-0.4,2.7,2.7,18.5,8.0,1.03,1,8,0,0,8
16.0,2,isocontour,11.283791670955125,44336.38,93.3,18.2,9.7,1.0,0.8,-0.8,1.1,18.2,9.7,1.001,2,8,0,0,8
16.0,3,isocontour,11.283791670955125,45162.92,95.04,18.6,9.0,0.993,-1.6,-0.3,1.6,18.6,9.0,0.984,3,8,0,0,8
16.0,4,isocontour,11.283791670955125,45514.42,95.78,18.2,9.2,1.011,0.2,2.5,2.5,18.2,9.2,1.018,4,8,0,0,8
16.0,5,isocontour,11.283791670955125,44699.86,94.07,16.1,13.1,0.99,-1.4,2.2,2.6,16.1,13.1,0.992,5,8,0,0,8
16.0,6,isocontour,11.283791670955125,45170.37,95.06,10.1,-18.2,0.986,1.5,-1.2,1.9,10.1,-18.2,0.994,6,6,0,0,6
16.0,7,isocontour,11.283791670955125,45243.43,95.21,-19.6,-1.3,1.055,-1.3,1.1,1.7,-19.6,-1.3,1.064,7,6,0,0,6
16.0,8,isocontour,11.283791670955125,45326.58,95.38,9.4,-18.0,1.016,2.5,-0.3,2.5,9.4,-18.0,1.024,8,6,0,0,6
16.0,9,isocontour,11.283791670955125,45576.7,95.91,19.5,7.3,0.989,0.9,-0.8,1.2,19.5,7.3,0.991,9,8,0,0,8
16.0,10,isocontour,11.283791670955125,46023.68,96.85,10.6,-17.2,1.021,-1.4,0.5,1.5,10.6,-17.2,1.014,10,6,0,0,6
16.0,11,isocontour,11.283791670955125,45810.15,96.4,-20.3,-1.6,1.015,-0.1,0.8,0.8,-20.3,-1.6,1.018,11,6,0,0,6
16.0,12,isocontour,11.283791670955125,45877.31,96.54,-20.7,-1.3,0.99,-1.5,-0.5,1.6,-20.7,-1.3,0.999,12,6,0,0,6
16.0,13,isocontour,11.283791670955125,44355.68,93.34,20.4,3.4,0.992,-1.0,2.9,3.1,20.4,3.4,0.989,13,8,0,0,8
16.0,14,isocontour,11.283791670955125,44755.42,94.18,10.6,-17.9,0.986,-2.9,0.3,2.9,10.6,-17.9,0.979,14,6,0,0,6
16.0,15,isocontour,11.283791670955125,44322.64,93.27,18.5,9.5,0.989,3.7,-2.9,4.7,18.5,9.5,0.997,15,8,0,0,8
16.0,16,isocontour,11.283791670955125,47344.03,99.63,-22.4,21.0,0.575,-0.7,0.6,0.9,-22.4,21.0,0.578,16,0,0,0,0
16.0,17,isocontour,11.283791670955125,44654.56,93.97,18.9,8.6,0.987,-1.1,2.1,2.4,18.9,8.6,0.986,17,8,0,0,8
16.0,18,isocontour,11.283791670955125,47326.69,99.59,3.3,24.9,0.779,-0.8,-0.5,0.9,3.3,24.9,0.777,18,0,0,0,0
16.0,19,isocontour,11.283791670955125,45361.23,95.46,-19.8,-0.8,1.044,-1.2,-0.0,1.2,-19.8,-0.8,1.049,19,6,0,0,6
16.0,20,isocontour,11.283791670955125,45075.04,94.85,9.6,-17.9,1.015,-2.4,-1.1,2.6,9.6,-17.9,1.014,20,6,0,0,6
16.0,21,isocontour,11.283791670955125,44968.01,94.63,8.2,-19.0,0.992,-0.7,-1.1,1.3,8.2,-19.0,0.995,21,6,0,0,6
16.0,22,isocontour,11.283791670955125,46346.09,97.53,-19.7,-2.0,1.046,-1.7,-1.8,2.5,-19.7,-2.0,1.056,22,6,0,0,6
16.0,23,isocontour,11.283791670955125,46066.96,96.94,-18.8,-1.3,1.106,-1.7,1.0,2.0,-18.8,-1.3,1.114,23,6,0,0,6
16.0,24,isocontour,11.283791670955125,45202.08,95.12,12.0,-17.0,0.988,-1.1,-0.7,1.3,12.0,-17.0,0.988,24,6,0,0,6
16.0,25,isocontour,11.283791670955125,45278.29,95.28,-20.2,-1.3,1.017,0.3,1.4,1.4,-20.2,-1.3,1.017,25,6,0,0,6
16.0,Target,,,,,0.0,0.0,4.023,0.0,0.0,,,,,,,,,
16.1,1,isocontour,11.283791670955125,45187.67,95.09,18.4,8.2,1.026,-0.7,0.9,1.1,18.4,8.2,1.03,1,8,0,0,8
16.1,2,isocontour,11.283791670955125,44228.24,93.07,18.0,10.1,0.997,-1.6,4.1,4.4,18.5,8.0,1.03,1,8,0,0,8
16.1,3,isocontour,11.283791670955125,45148.87,95.01,18.8,9.1,0.984,2.1,0.6,2.2,18.5,8.0,1.03,1,8,0,0,8
16.1,4,isocontour,11.283791670955125,45474.18,95.69,18.0,9.4,1.015,-2.3,2.2,3.2,18.5,8.0,1.03,1,8,0,0,8
16.1,5,isocontour,11.283791670955125,44699.47,94.06,16.0,13.2,0.989,-0.3,0.6,0.7,18.5,8.0,1.03,1,8,0,0,8
16.1,6,isocontour,11.283791670955125,45170.37,95.06,10.1,-18.2,0.984,-0.1,-0.1,0.1,9.4,-18.0,1.024,8,6,0,0,6
16.1,7,isocontour,11.283791670955125,45232.82,95.19,-19.8,-1.4,1.045,-1.7,-1.1,2.0,-18.8,-1.3,1.114,23,6,0,0,6
16.1,8,isocontour,11.283791670955125,45323.08,95.38,9.5,-18.1,1.009,1.1,-0.9,1.4,9.5,-18.1,1.024,8,6,0,0,6
16.1,9,isocontour,11.283791670955125,45574.43,95.91,19.4,7.4,0.989,-0.6,1.0,1.2,18.5,8.0,1.03,1,8,0,0,8
16.1,10,isocontour,11.283791670955125,46020.68,96.84,10.5,-17.3,1.017,-0.4,-1.3,1.4,9.4,-18.0,1.024,8,6,0,0,6
16.1,11,isocontour,11.283791670955125,45807.77,96.4,-20.2,-1.7,1.016,0.1,-1.2,1.2,-18.8,-1.3,1.114,23,6,0,0,6
16.1,12,isocontour,11.283791670955125,45866.55,96.52,-20.9,-1.2,0.981,-1.7,1.2,2.1,-18.8,-1.3,1.114,23,6,0,0,6
16.1,13,isocontour,11.283791670955125,44336.37,93.3,20.5,3.2,0.993,0.3,-2.5,2.5,18.5,8.0,1.03,1,8,0,0,8
16.1,14,isocontour,11.283791670955125,44730.52,94.13,10.3,-18.0,0.99,-2.5,-0.9,2.7,9.4,-18.0,1.024,8,6,0,0,6
16.1,15,isocontour,11.283791670955125,44257.15,93.13,18.5,9.7,0.983,-1.0,3.6,3.7,18.5,8.0,1.03,1,8,0,0,8
16.1,16,isocontour,11.283791670955125,47342.93,99.63,-22.5,21.1,0.572,-0.7,0.7,1.0,-22.5,21.1,0.578,16,0,0,0,0
16.1,17,isocontour,11.283791670955125,44653.27,93.97,18.9,8.6,0.991,-0.5,-0.9,1.0,18.5,8.0,1.03,1,8,0,0,8
16.1,18,isocontour,11.283791670955125,47325.59,99.59,3.2,24.9,0.78,-0.9,0.0,0.9,3.2,24.9,0.779,18,0,0,0,0
16.1,19,isocontour,11.283791670955125,45344.38,95.42,-20.0,-0.7,1.033,-2.0,1.3,2.4,-18.8,-1.3,1.114,23,6,0,0,6
16.1,20,isocontour,11.283791670955125,45058.81,94.82,9.8,-17.9,1.009,2.3,-0.0,2.3,9.4,-18.0,1.024,8,6,0,0,6
16.1,21,isocontour,11.283791670955125,44949.62,94.59,8.0,-19.1,0.993,-2.3,-0.7,2.4,9.4,-18.0,1.024,8,6,0,0,6
16.1,22,isocontour,11.283791670955125,46344.14,97.53,-19.8,-2.0,1.04,-1.0,0.5,1.1,-18.8,-1.3,1.114,23,6,0,0,6
16.1,23,isocontour,11.283791670955125,46056.2,96.92,-18.9,-1.3,1.095,-1.7,-1.1,2.0,-18.9,-1.3,1.114,23,6,0,0,6
16.1,24,isocontour,11.283791670955125,45183.69,95.08,11.8,-17.2,0.986,-1.7,-1.7,2.4,9.4,-18.0,1.024,8,6,0,0,6
16.1,25,isocontour,11.283791670955125,45277.82,95.28,-20.2,-1.2,1.019,0.3,0.6,0.7,-18.8,-1.3,1.114,23,6,0,0,6
16.1,Target,,,,,0.0,0.0,4.023,0.0,0.0,,,,,,,,,
16.2,1,isocontour,11.283791670955125,45172.65,95.06,18.4,8.4,1.023,-0.3,2.3,2.3,18.5,8.0,1.03,1,8,0,0,8
16.2,2,isocontour,11.283791670955125,44152.24,92.91,17.9,10.4,0.99,-0.7,3.8,3.9,18.5,8.0,1.03,1,8,0,0,8
16.2,3,isocontour,11.283791670955125,45139.02,94.99,18.9,8.9,0.981,1.1,-1.6,1.9,18.5,8.0,1.03,1,8,0,0,8
16.2,4,isocontour,11.283791670955125,45460.5,95.67,18.0,9.3,1.019,0.4,-2.2,2.2,18.5,8.0,1.03,1,8,0,0,8
16.2,5,isocontour,11.283791670955125,44696.33,94.06,16.1,13.1,0.992,0.3,-1.3,1.3,18.5,8.0,1.03,1,8,0,0,8
16.2,6,isocontour,11.283791670955125,45169.68,95.05,10.1,-18.2,0.986,-0.8,-0.0,0.8,9.4,-18.0,1.024,8,6,0,0,6
16.2,7,isocontour,11.283791670955125,45223.84,95.17,-19.8,-1.3,1.044,0.0,1.9,1.9,-18.8,-1.3,1.114,23,6,0,0,6
16.2,8,isocontour,11.283791670955125,45322.64,95.38,9.6,-18.1,1.005,0.1,-0.7,0.7,9.4,-18.0,1.024,8,6,0,0,6
16.2,9,isocontour,11.283791670955125,45569.51,95.9,19.3,7.4,0.994,-1.4,0.7,1.6,18.5,8.0,1.03,1,8,0,0,8
16.2,10,isocontour,11.283791670955125,46017.18,96.84,10.4,-17.4,1.018,-1.3,-0.4,1.4,9.4,-18.0,1.024,8,6,0,0,6
16.2,11,isocontour,11.283791670955125,45772.27,96.32,-20.5,-1.7,1.001,-3.0,-0.3,3.0,-18.8,-1.3,1.114,23,6,0,0,6
16.2,12,isocontour,11.283791670955125,45865.61,96.52,-20.9,-1.1,0.982,0.4,0.8,0.9,-18.8,-1.3,1.114,23,6,0,0,6
16.2,13,isocontour,11.283791670955125,44226.01,93.07,20.6,2.8,0.99,1.2,-4.3,4.5,18.5,8.0,1.03,1,8,0,0,8
16.2,14,isocontour,11.283791670955125,44611.77,93.88,10.7,-17.9,0.985,4.4,1.1,4.5,9.4,-18.0,1.024,8,6,0,0,6
16.2,15,isocontour,11.283791670955125,44224.7,93.07,18.5,9.6,0.986,0.7,-2.9,3.0,18.5,8.0,1.03,1,8,0,0,8
16.2,16,isocontour,11.283791670955125,47341.83,99.63,-22.6,21.1,0.571,-0.9,-0.2,0.9,-22.6,21.1,0.578,16,0,0,0,0
16.2,17,isocontour,11.283791670955125,44651.28,93.96,18.9,8.5,0.995,-0.0,-1.2,1.2,18.5,8.0,1.03,1,8,0,0,8
16.2,18,isocontour,11.283791670955125,47324.49,99.59,3.1,24.9,0.78,-0.9,0.0,0.9,3.1,24.9,0.78,18,0,0,0,0
16.2,19,isocontour,11.283791670955125,45343.17,95.42,-20.0,-0.6,1.03,-0.2,0.9,0.9,-18.8,-1.3,1.114,23,6,0,0,6
16.2,20,isocontour,11.283791670955125,45048.96,94.8,9.9,-17.8,1.014,0.8,1.8,2.0,9.4,-18.0,1.024,8,6,0,0,6
16.2,21,isocontour,11.283791670955125,44852.13,94.39,7.6,-19.4,0.987,-3.3,-2.7,4.3,9.4,-18.0,1.024,8,6,0,0,6
16.2,22,isocontour,11.283791670955125,46344.1,97.53,-19.8,-2.0,1.04,0.2,-0.3,0.4,-18.8,-1.3,1.114,23,6,0,0,6
16.2,23,isocontour,11.283791670955125,46045.43,96.9,-19.1,-1.3,1.084,-1.8,0.9,2.0,-19.1,-1.3,1.114,23,6,0,0,6
16.2,24,isocontour,11.283791670955125,45177.87,95.07,11.7,-17.3,0.984,-1.1,-1.2,1.6,9.4,-18.0,1.024,8,6,0,0,6
16.2,25,isocontour,11.283791670955125,45234.06,95.19,-20.5,-1.3,1.003,-3.2,-0.6,3.3,-18.8,-1.3,1.114,23,6,0,0,6
16.2,Target,,,,,0.0,0.0,4.023,0.0,0.0,,,,,,,,,
16.3,1,isocontour,11.283791670955125,45161.24,95.04,18.3,8.5,1.024,-1.2,1.7,2.1,18.5,8.0,1.03,1,8,0,0,8
16.3,2,isocontour,11.283791670955125,44062.74,92.72,17.8,10.8,0.987,-1.8,3.7,4.1,18.5,8.0,1.03,1,8,0,0,8
16.3,3,isocontour,11.283791670955125,45138.52,94.99,18.9,8.9,0.983,-0.7,0.1,0.7,18.5,8.0,1.03,1,8,0,0,8
16.3,4,isocontour,11.283791670955125,45430.92,95.6,18.2,9.1,1.013,2.3,-1.6,2.8,18.5,8.0,1.03,1,8,0,0,8
16.3,5,isocontour,11.283791670955125,44679.05,94.02,16.0,13.3,0.988,-0.6,2.3,2.4,18.5,8.0,1.03,1,8,0,0,8
16.3,6,isocontour,11.283791670955125,45159.84,95.03,9.9,-18.3,0.985,-1.6,-1.2,2.0,9.4,-18.0,1.024,8,6,0,0,6
16.3,7,isocontour,11.283791670955125,45219.72,95.16,-19.9,-1.2,1.037,-1.5,0.2,1.5,-18.8,-1.3,1.114,23,6,0,0,6
16.3,8,isocontour,11.283791670955125,45321.24,95.37,9.5,-18.2,1.005,-0.9,-0.5,1.0,9.4,-18.0,1.024,8,6,0,0,6
16.3,9,isocontour,11.283791670955125,45569.01,95.89,19.3,7.4,0.994,0.4,-0.6,0.7,18.5,8.0,1.03,1,8,0,0,8
16.3,10,isocontour,11.283791670955125,46009.28,96.82,10.3,-17.6,1.012,-0.4,-1.8,1.8,9.4,-18.0,1.024,8,6,0,0,6
16.3,11,isocontour,11.283791670955125,45744.21,96.26,-20.5,-1.9,0.999,0.4,-2.8,2.8,-18.8,-1.3,1.114,23,6,0,0,6
16.3,12,isocontour,11.283791670955125,45860.78,96.51,-20.9,-1.2,0.981,-0.3,-1.5,1.5,-18.8,-1.3,1.114,23,6,0,0,6
16.3,13,isocontour,11.283791670955125,44115.65,92.84,20.7,2.4,0.986,1.3,-4.2,4.4,18.5,8.0,1.03,1,8,0,0,8
16.3,14,isocontour,11.283791670955125,44608.49,93.87,10.7,-18.0,0.983,-1.1,-0.7,1.3,9.4,-18.0,1.024,8,6,0,0,6
16.3,15,isocontour,11.283791670955125,44222.21,93.06,18.5,9.4,0.988,0.2,-1.2,1.2,18.5,8.0,1.03,1,8,0,0,8
16.3,16,isocontour,11.283791670955125,47340.73,99.62,-22.6,21.0,0.573,0.2,-0.9,0.9,-22.6,21.0,0.578,16,0,0,0,0
16.3,17,isocontour,11.283791670955125,44611.03,93.88,19.1,8.3,0.989,2.3,-2.2,3.2,18.5,8.0,1.03,1,8,0,0,8
16.3,18,isocontour,11.283791670955125,47323.39,99.59,3.0,24.9,0.781,-0.9,-0.2,0.9,3.0,24.9,0.78,18,0,0,0,0
16.3,19,isocontour,11.283791670955125,45313.59,95.36,-20.1,-0.9,1.027,-0.6,-2.8,2.9,-18.8,-1.3,1.114,23,6,0,0,6
16.3,20,isocontour,11.283791670955125,45033.55,94.77,9.7,-17.7,1.021,-2.3,0.2,2.3,9.4,-18.0,1.024,8,6,0,0,6
16.3,21,isocontour,11.283791670955125,44849.81,94.38,7.7,-19.4,0.987,1.0,0.6,1.2,9.4,-18.0,1.024,8,6,0,0,6
16.3,22,isocontour,11.283791670955125,46339.72,97.52,-19.9,-2.0,1.033,-1.5,0.2,1.5,-18.8,-1.3,1.114,23,6,0,0,6
16.3,23,isocontour,11.283791670955125,46042.37,96.89,-19.2,-1.2,1.076,-1.3,0.4,1.4,-19.2,-1.2,1.114,23,6,0,0,6
16.3,24,isocontour,11.283791670955125,45159.26,95.03,11.5,-17.5,0.981,-1.8,-1.7,2.5,9.4,-18.0,1.024,8,6,0,0,6
16.3,25,isocontour,11.283791670955125,45217.63,95.15,-20.3,-1.2,1.012,2.2,0.7,2.3,-18.8,-1.3,1.114,23,6,0,0,6
16.3,Target,,,,,0.0,0.0,4.023,0.0,0.0,,,,,,,,,
16.4,1,isocontour,11.283791670955125,45104.76,94.92,18.5,8.4,1.019,2.4,-2.6,3.5,18.5,8.0,1.03,1,8,0,0,8
16.4,2,isocontour,11.283791670955125,44060.64,92.72,17.8,10.8,0.986,0.8,-0.8,1.1,18.5,8.0,1.03,1,8,0,0,8
16.4,3,isocontour,11.283791670955125,45100.87,94.91,18.7,8.7,0.997,-2.0,-2.4,3.1,18.5,8.0,1.03,1,8,0,0,8
16.4,4,isocontour,11.283791670955125,45376.79,95.49,18.3,8.8,1.016,0.8,-3.4,3.5,18.5,8.0,1.03,1,8,0,0,8
16.4,5,isocontour,11.283791670955125,44676.73,94.02,16.1,13.2,0.987,0.7,-1.0,1.2,18.5,8.0,1.03,1,7,0,0,7
16.4,6,isocontour,11.283791670955125,45159.37,95.03,10.0,-18.4,0.982,0.7,-0.2,0.7,9.4,-18.0,1.024,8,6,0,0,6
16.4,7,isocontour,11.283791670955125,45158.84,95.03,-19.9,-1.5,1.036,0.2,-3.6,3.6,-18.8,-1.3,1.114,23,6,0,0,6
16.4,8,isocontour,11.283791670955125,45320.14,95.37,9.4,-18.2,1.006,-0.9,-0.0,0.9,9.4,-18.0,1.024,8,6,0,0,6
16.4,9,isocontour,11.283791670955125,45565.21,95.89,19.4,7.3,0.99,1.2,-0.7,1.4,18.5,8.0,1.03,1,8,0,0,8
16.4,10,isocontour,11.283791670955125,46002.11,96.81,10.3,-17.7,1.005,-0.6,-1.7,1.8,9.4,-18.0,1.024,8,6,0,0,6
16.4,11,isocontour,11.283791670955125,45723.23,96.22,-20.6,-2.2,0.994,-0.8,-2.4,2.5,-18.8,-1.3,1.114,23,6,0,0,6
16.4,12,isocontour,11.283791670955125,45832.43,96.45,-20.8,-1.5,0.986,1.5,-2.4,2.8,-18.8,-1.3,1.114,23,6,0,0,6
16.4,13,isocontour,11.283791670955125,44115.17,92.83,20.7,2.3,0.987,-0.2,-0.7,0.7,18.5,8.0,1.03,1,7,0,0,7
16.4,14,isocontour,11.283791670955125,44583.04,93.82,10.6,-18.2,0.974,-0.5,-2.7,2.7,9.4,-18.0,1.024,8,6,0,0,6
16.4,15,isocontour,11.283791670955125,44217.1,93.05,18.7,9.4,0.982,1.6,0.1,1.6,18.5,8.0,1.03,1,8,0,0,8
16.4,16,isocontour,11.283791670955125,47339.63,99.62,-22.5,21.0,0.573,0.7,0.6,0.9,-22.5,21.0,0.578,16,0,0,0,0
16.4,17,isocontour,11.283791670955125,44543.95,93.74,19.1,7.9,0.995,0.1,-3.8,3.8,18.5,8.0,1.03,1,8,0,0,8
16.4,18,isocontour,11.283791670955125,47322.29,99.58,2.9,24.9,0.782,-0.9,0.1,0.9,2.9,24.9,0.781,18,0,0,0,0
16.4,19,isocontour,11.283791670955125,45309.63,95.35,-20.2,-1.0,1.021,-1.0,-1.0,1.4,-18.8,-1.3,1.114,23,6,0,0,6
16.4,20,isocontour,11.283791670955125,45027.42,94.75,9.8,-17.7,1.018,1.7,-0.0,1.7,9.4,-18.0,1.024,8,6,0,0,6
16.4,21,isocontour,11.283791670955125,44811.8,94.3,7.9,-19.2,0.989,2.7,1.6,3.1,9.4,-18.0,1.024,8,6,0,0,6
16.4,22,isocontour,11.283791670955125,46335.42,97.51,-20.1,-2.0,1.024,-1.5,-0.2,1.5,-18.8,-1.3,1.114,23,6,0,0,6
16.4,23,isocontour,11.283791670955125,46026.55,96.86,-19.4,-1.4,1.066,-1.6,-1.7,2.3,-19.4,-1.4,1.114,23,6,0,0,6
16.4,24,isocontour,11.283791670955125,45122.7,94.96,11.3,-17.5,0.986,-3.0,-0.7,3.1,9.4,-18.0,1.024,8,6,0,0,6
16.4,25,isocontour,11.283791670955125,45208.51,95.14,-20.5,-1.2,1.004,-1.9,0.0,1.9,-18.8,-1.3,1.114,23,6,0,0,6
16.4,Target,,,,,0.0,0.0,4.023,0.0,0.0,,,,,,,,,
16.5,1,isocontour,11.283791670955125,45088.12,94.88,18.7,8.3,1.009,2.3,-0.6,2.4,18.5,8.0,1.03,1,8,0,0,8
16.5,2,isocontour,11.283791670955125,44023.72,92.64,17.9,10.5,0.987,1.3,-2.8,3.1,18.5,8.0,1.03,1,8,0,0,8
16.5,3,isocontour,11.283791670955125,45096.41,94.9,18.8,8.7,0.992,1.3,0.7,1.5,18.5,8.0,1.03,1,8,0,0,8
16.5,4,isocontour,11.283791670955125,45372.15,95.48,18.3,8.6,1.018,0.3,-1.5,1.5,18.5,8.0,1.03,1,8,0,0,8
16.5,5,isocontour,11.283791670955125,44665.96,93.99,16.2,13.1,0.984,1.7,-1.2,2.1,18.5,8.0,1.03,1,7,0,0,7
16.5,6,isocontour,11.283791670955125,45155.41,95.02,9.9,-18.3,0.989,-0.3,1.4,1.4,9.4,-18.0,1.024,8,6,0,0,6
16.5,7,isocontour,11.283791670955125,45090.68,94.89,-20.2,-1.5,1.019,-3.5,1.4,3.8,-18.8,-1.3,1.114,23,6,0,0,6
16.5,8,isocontour,11.283791670955125,45235.72,95.19,9.1,-18.4,1.006,-3.6,-1.9,4.1,9.4,-18.0,1.024,8,6,0,0,6
16.5,9,isocontour,11.283791670955125,45469.07,95.68,19.6,7.0,0.989,1.4,-4.0,4.2,18.5,8.0,1.03,1,8,0,0,8
16.5,10,isocontour,11.283791670955125,45976.38,96.75,10.5,-17.7,1.003,2.4,1.2,2.7,9.4,-18.0,1.024,8,6,0,0,6
16.5,11,isocontour,11.283791670955125,45700.21,96.17,-20.7,-2.4,0.988,-0.9,-2.5,2.7,-18.8,-1.3,1.114,23,6,0,0,6
16.5,12,isocontour,11.283791670955125,45802.54,96.39,-20.7,-1.7,0.991,0.9,-2.7,2.8,-18.8,-1.3,1.114,23,6,0,0,6
16.5,13,isocontour,11.283791670955125,44078.61,92.76,20.6,2.5,0.988,-0.6,3.0,3.1,18.5,8.0,1.03,1,7,0,0,7
16.5,14,isocontour,11.283791670955125,44546.48,93.74,10.3,-18.2,0.982,-2.9,0.8,3.0,9.4,-18.0,1.024,8,6,0,0,6
16.5,15,isocontour,11.283791670955125,44213.45,93.04,18.7,9.3,0.985,-0.4,-1.3,1.4,18.5,8.0,1.03,1,8,0,0,8
16.5,16,isocontour,11.283791670955125,47338.53,99.62,-22.6,21.0,0.571,-0.9,0.2,0.9,-22.6,21.0,0.578,16,0,0,0,0
16.5,17,isocontour,11.283791670955125,44543.27,93.74,19.1,7.8,0.995,0.5,-0.7,0.9,18.5,8.0,1.03,1,8,0,0,8
16.5,18,isocontour,11.283791670955125,47321.19,99.58,2.9,24.9,0.779,0.6,0.8,1.0,2.9,24.9,0.782,18,0,0,0,0
16.5,19,isocontour,11.283791670955125,45308.76,95.35,-20.1,-1.0,1.024,0.8,0.4,0.9,-18.8,-1.3,1.114,23,6,0,0,6
16.5,20,isocontour,11.283791670955125,45012.21,94.72,9.7,-17.8,1.018,-2.0,-1.1,2.3,9.4,-18.0,1.024,8,6,0,0,6
16.5,21,isocontour,11.283791670955125,44775.6,94.22,8.2,-19.1,0.991,2.7,1.4,3.0,9.4,-18.0,1.024,8,6,0,0,6
16.5,22,isocontour,11.283791670955125,46326.3,97.49,-20.2,-2.1,1.015,-1.5,-1.3,2.0,-18.8,-1.3,1.114,23,6,0,0,6
16.5,23,isocontour,11.283791670955125,46024.75,96.85,-19.4,-1.3,1.066,0.1,1.1,1.1,-19.4,-1.3,1.114,23,6,0,0,6
16.5,24,isocontour,11.283791670955125,45118.89,94.95,11.1,-17.6,0.986,-1.1,-0.9,1.4,9.4,-18.0,1.024,8,6,0,0,6
16.5,25,isocontour,11.283791670955125,45197.42,95.11,-20.6,-1.0,0.998,-1.0,1.8,2.1,-18.8,-1.3,1.114,23,6,0,0,6
16.5,Target,,,,,0.0,0.0,4.023,0.0,0.0,,,,,,,,,
16.6,1,isocontour,11.283791670955125,45074.44,94.85,18.6,8.1,1.018,-1.8,-1.3,2.2,18.5,8.0,1.03,1,8,0,0,8
16.6,2,isocontour,11.283791670955125,43987.87,92.57,18.0,10.3,0.992,0.6,-3.0,3.1,18.5,8.0,1.03,1,8,0,0,8
16.6,3,isocontour,11.283791670955125,45080.59,94.87,18.9,8.9,0.982,1.0,2.1,2.3,18.5,8.0,1.03,1,8,0,0,8
16.6,4,isocontour,11.283791670955125,45371.98,95.48,18.3,8.6,1.02,-0.1,-0.5,0.5,18.5,8.0,1.03,1,8,0,0,8
16.6,5,isocontour,11.283791670955125,44662.0,93.99,16.3,13.0,0.983,1.1,-1.0,1.5,18.5,8.0,1.03,1,7,0,0,7
16.6,6,isocontour,11.283791670955125,45134.67,94.98,9.7,-18.3,0.993,-2.5,-0.5,2.5,9.4,-18.0,1.024,8,6,0,0,6
16.6,7,isocontour,11.283791670955125,45082.78,94.87,-20.4,-1.5,1.007,-1.8,-0.5,1.9,-18.8,-1.3,1.114,23,6,0,0,6
16.6,8,isocontour,11.283791670955125,45211.37,95.14,8.8,-18.3,1.014,-2.6,0.4,2.6,9.4,-18.0,1.024,8,6,0,0,6
16.6,9,isocontour,11.283791670955125,45467.28,95.68,19.6,7.0,0.987,0.2,1.1,1.1,18.5,8.0,1.03,1,8,0,0,8
16.6,10,isocontour,11.283791670955125,45898.63,96.59,10.8,-17.5,1.002,3.5,1.8,3.9,9.4,-18.0,1.024,8,6,0,0,6
16.6,11,isocontour,11.283791670955125,45697.41,96.16,-20.7,-2.4,0.986,-0.3,1.3,1.3,-18.8,-1.3,1.114,23,6,0,0,6
16.6,12,isocontour,11.283791670955125,45786.31,96.35,-20.8,-1.9,0.983,-1.6,-1.7,2.3,-18.8,-1.3,1.114,23,6,0,0,6
16.6,13,isocontour,11.283791670955125,44075.26,92.75,20.6,2.7,0.991,-0.8,1.1,1.4,18.5,8.0,1.03,1,7,0,0,7
16.6,14,isocontour,11.283791670955125,44508.11,93.66,10.1,-18.4,0.979,-1.9,-2.4,3.1,9.4,-18.0,1.024,8,6,0,0,6
16.6,15,isocontour,11.283791670955125,44210.84,93.04,18.7,9.2,0.987,0.5,-1.2,1.3,18.5,8.0,1.03,1,8,0,0,8
16.6,16,isocontour,11.283791670955125,47337.43,99.62,-22.6,21.1,0.569,0.1,0.9,0.9,-22.6,21.1,0.578,16,0,0,0,0
16.6,17,isocontour,11.283791670955125,44432.16,93.5,19.3,7.5,0.994,1.9,-4.0,4.4,18.5,8.0,1.03,1,8,0,0,8
16.6,18,isocontour,11.283791670955125,47320.09,99.58,2.9,25.0,0.777,-0.9,0.3,0.9,2.9,25.0,0.782,18,0,0,0,0
16.6,19,isocontour,11.283791670955125,45308.42,95.35,-20.2,-1.0,1.022,-0.4,-0.5,0.6,-18.8,-1.3,1.114,23,6,0,0,6
16.6,20,isocontour,11.283791670955125,45010.51,94.72,9.6,-17.8,1.023,-0.2,1.1,1.1,9.4,-18.0,1.024,8,6,0,0,6
16.6,21,isocontour,11.283791670955125,44755.82,94.18,8.0,-19.1,0.991,-2.3,-0.9,2.5,9.4,-18.0,1.024,8,6,0,0,6
16.6,22,isocontour,11.283791670955125,46296.72,97.43,-20.3,-1.9,1.012,-0.6,2.8,2.9,-18.8,-1.3,1.114,23,6,0,0,6
16.6,23,isocontour,11.283791670955125,46015.06,96.83,-19.6,-1.2,1.057,-1.7,0.9,1.9,-19.6,-1.2,1.114,23,6,0,0,6
16.6,24,isocontour,11.283791670955125,45116.4,94.94,11.0,-17.7,0.987,-1.1,-0.5,1.2,9.4,-18.0,1.024,8,6,0,0,6
16.6,25,isocontour,11.283791670955125,45094.34,94.9,-20.7,-0.7,0.995,-0.7,4.3,4.4,-18.8,-1.3,1.114,23,6,0,0,6
16.6,Target,,,,,0.0,0.0,4.023,0.0,0.0,,,,,,,,,
16.7,1,isocontour,11.283791670955125,45066.91,94.84,18.6,8.0,1.021,0.3,-1.8,1.8,18.5,8.0,1.03,1,8,0,0,8
16.7,2,isocontour,11.283791670955125,43969.03,92.53,17.9,10.4,0.993,-1.4,2.0,2.4,18.5,8.0,1.03,1,8,0,0,8
16.7,3,isocontour,11.283791670955125,45075.18,94.86,19.0,9.0,0.974,1.6,0.0,1.6,18.5,8.0,1.03,1,8,0,0,8
16.7,4,isocontour,11.283791670955125,45368.92,95.47,18.4,8.6,1.014,1.2,0.6,1.3,18.5,8.0,1.03,1,8,0,0,8
16.7,5,isocontour,11.283791670955125,44644.93,93.95,16.5,12.9,0.98,1.8,-1.5,2.3,18.5,8.0,1.03,1,8,0,0,8
16.7,6,isocontour,11.283791670955125,45101.23,94.91,9.8,-18.5,0.98,1.6,-2.5,3.0,9.4,-18.0,1.024,8,6,0,0,6
16.7,7,isocontour,11.283791670955125,45081.84,94.87,-20.4,-1.4,1.006,0.0,0.9,0.9,-18.8,-1.3,1.114,23,6,0,0,6
16.7,8,isocontour,11.283791670955125,45210.09,95.14,8.7,-18.3,1.019,-0.7,0.7,1.0,9.4,-18.0,1.024,8,6,0,0,6
16.7,9,isocontour,11.283791670955125,45443.47,95.63,19.5,7.2,0.988,-1.2,2.4,2.7,18.5,8.0,1.03,1,8,0,0,8
16.7,10,isocontour,11.283791670955125,45788.27,96.36,11.2,-17.2,1.004,3.5,2.8,4.5,9.4,-18.0,1.024,8,6,0,0,6
16.7,11,isocontour,11.283791670955125,45693.61,96.16,-20.6,-2.2,0.991,0.9,1.1,1.4,-18.8,-1.3,1.114,23,6,0,0,6
16.7,12,isocontour,11.283791670955125,45785.79,96.35,-20.9,-2.0,0.978,-0.7,-0.1,0.7,-18.8,-1.3,1.114,23,6,0,0,6
16.7,13,isocontour,11.283791670955125,44054.77,92.71,20.6,2.5,0.991,0.5,-2.5,2.5,18.5,8.0,1.03,1,8,0,0,8
16.7,14,isocontour,11.283791670955125,44494.43,93.63,10.2,-18.2,0.985,0.7,2.1,2.2,9.4,-18.0,1.024,8,6,0,0,6
16.7,15,isocontour,11.283791670955125,44207.84,93.03,18.6,9.2,0.992,-1.3,0.2,1.3,18.5,8.0,1.03,1,8,0,0,8
16.7,16,isocontour,11.283791670955125,47336.33,99.61,-22.7,21.1,0.569,-0.8,-0.5,0.9,-22.7,21.1,0.578,16,0,0,0,0
16.7,17,isocontour,11.283791670955125,44425.24,93.49,19.4,7.5,0.986,1.1,1.4,1.8,18.5,8.0,1.03,1,8,0,0,8
16.7,18,isocontour,11.283791670955125,47318.99,99.58,2.9,25.0,0.777,0.9,0.1,0.9,2.9,25.0,0.782,18,0,0,0,0
16.7,19,isocontour,11.283791670955125,45307.21,95.34,-20.2,-1.0,1.018,-0.9,-0.4,1.0,-18.8,-1.3,1.114,23,6,0,0,6
16.7,20,isocontour,11.283791670955125,44983.92,94.66,9.8,-17.6,1.027,2.0,1.9,2.8,9.4,-18.0,1.024,8,6,0,0,6
16.7,21,isocontour,11.283791670955125,44684.37,94.03,7.7,-19.2,0.993,-3.7,-1.0,3.8,9.4,-18.0,1.024,8,6,0,0,6
16.7,22,isocontour,11.283791670955125,46296.4,97.43,-20.2,-1.8,1.015,0.6,0.2,0.6,-18.8,-1.3,1.114,23,6,0,0,6
16.7,23,isocontour,11.283791670955125,46008.36,96.82,-19.7,-1.1,1.048,-1.6,0.6,1.7,-19.7,-1.1,1.114,23,6,0,0,6
16.7,24,isocontour,11.283791670955125,45114.83,94.94,11.0,-17.8,0.983,-0.1,-1.1,1.1,9.4,-18.0,1.024,8,6,0,0,6
16.7,25,isocontour,11.283791670955125,44980.22,94.66,-20.8,-0.2,0.99,-1.0,4.4,4.5,-18.8,-1.3,1.114,23,6,0,0,6
16.7,Target,,,,,0.0,0.0,4.023,0.0,0.0,,,,,,,,,
16.8,1,isocontour,11.283791670955125,45048.07,94.8,18.8,8.0,1.01,2.3,1.0,2.5,18.5,8.0,1.03,1,8,0,0,8
16.8,2,isocontour,11.283791670955125,43897.58,92.38,17.7,10.7,0.995,-2.3,3.1,3.9,18.5,8.0,1.03,1,8,0,0,8
16.8,3,isocontour,11.283791670955125,44992.0,94.68,19.2,8.6,0.976,1.1,-3.9,4.1,18.5,8.0,1.03,1,8,0,0,8
16.8,4,isocontour,11.283791670955125,45360.75,95.46,18.6,8.5,1.007,1.7,-0.8,1.9,18.5,8.0,1.03,1,8,0,0,8
16.8,5,isocontour,11.283791670955125,44641.13,93.94,16.6,12.8,0.979,1.0,-1.0,1.4,18.5,8.0,1.03,1,8,0,0,8
16.8,6,isocontour,11.283791670955125,45098.85,94.9,9.9,-18.4,0.98,0.7,1.0,1.2,9.8,-17.6,1.027,20,6,0,0,6
16.8,7,isocontour,11.283791670955125,45017.39,94.73,-20.6,-1.1,0.999,-1.8,3.2,3.7,-18.8,-1.3,1.114,23,6,0,0,6
16.8,8,isocontour,11.283791670955125,45205.8,95.13,8.8,-18.2,1.022,1.2,0.9,1.5,9.8,-17.6,1.027,20,6,0,0,6
16.8,9,isocontour,11.283791670955125,45441.32,95.63,19.4,7.3,0.991,-1.0,0.6,1.2,18.5,8.0,1.03,1,8,0,0,8
16.8,10,isocontour,11.283791670955125,45765.51,96.31,11.4,-17.0,1.006,1.9,1.7,2.5,9.8,-17.6,1.027,20,6,0,0,6
16.8,11,isocontour,11.283791670955125,45678.0,96.12,-20.5,-2.4,0.996,1.2,-2.0,2.3,-18.8,-1.3,1.114,23,6,0,0,6
16.8,12,isocontour,11.283791670955125,45776.67,96.33,-20.9,-1.8,0.978,-0.0,1.9,1.9,-18.8,-1.3,1.114,23,6,0,0,6
16.8,13,isocontour,11.283791670955125,44033.29,92.66,20.7,2.2,0.988,0.9,-2.4,2.6,18.5,8.0,1.03,1,8,0,0,8
16.8,14,isocontour,11.283791670955125,44450.67,93.54,10.1,-17.9,1.001,-0.9,3.1,3.2,9.8,-17.6,1.027,20,6,0,0,6
16.8,15,isocontour,11.283791670955125,44193.79,93.0,18.4,9.3,0.996,-1.5,1.6,2.2,18.5,8.0,1.03,1,8,0,0,8
16.8,16,isocontour,11.283791670955125,47335.23,99.61,-22.6,21.1,0.57,0.9,0.1,0.9,-22.6,21.1,0.578,16,0,0,0,0
16.8,17,isocontour,11.283791670955125,44420.94,93.48,19.4,7.4,0.99,-0.6,-1.4,1.5,18.5,8.0,1.03,1,8,0,0,8
16.8,18,isocontour,11.283791670955125,47317.89,99.57,2.9,25.0,0.777,-0.9,0.1,0.9,2.9,25.0,0.782,18,0,0,0,0
16.8,19,isocontour,11.283791670955125,45304.83,95.34,-20.4,-1.1,1.011,-1.1,-0.6,1.3,-18.8,-1.3,1.114,23,6,0,0,6
16.8,20,isocontour,11.283791670955125,44976.63,94.65,9.8,-17.7,1.02,-0.3,-1.8,1.8,9.8,-17.7,1.027,20,6,0,0,6
16.8,21,isocontour,11.283791670955125,44578.42,93.81,7.3,-19.4,0.993,-4.0,-1.8,4.4,9.8,-17.6,1.027,20,6,0,0,6
16.8,22,isocontour,11.283791670955125,46288.87,97.41,-20.2,-1.7,1.018,0.4,1.7,1.7,-18.8,-1.3,1.114,23,6,0,0,6
16.8,23,isocontour,11.283791670955125,45997.6,96.8,-19.7,-1.3,1.048,0.4,-2.0,2.0,-19.7,-1.3,1.114,23,6,0,0,6
16.8,24,isocontour,11.283791670955125,45077.91,94.86,10.7,-17.8,0.989,-3.1,-0.1,3.1,9.8,-17.6,1.027,20,6,0,0,6
16.8,25,isocontour,11.283791670955125,44956.67,94.61,-20.8,0.1,0.986,-0.7,2.5,2.6,-18.8,-1.3,1.114,23,6,0,0,6
16.8,Target,,,,,0.0,0.0,4.023,0.0,0.0,,,,,,,,,
16.9,1,isocontour,11.283791670955125,45014.62,94.73,18.9,7.8,1.008,1.0,-2.8,3.0,18.5,8.0,1.03,1,8,0,0,8
16.9,2,isocontour,11.283791670955125,43788.7,92.15,17.5,11.1,0.993,-1.8,4.0,4.4,18.5,8.0,1.03,1,8,0,0,8
16.9,3,isocontour,11.283791670955125,44970.77,94.64,19.0,8.6,0.987,-2.5,0.2,2.5,18.5,8.0,1.03,1,8,0,0,8
16.9,4,isocontour,11.283791670955125,45326.62,95.38,18.6,8.3,1.013,-0.1,-3.0,3.0,18.5,8.0,1.03,1,8,0,0,8
16.9,5,isocontour,11.283791670955125,44606.66,93.87,16.7,12.5,0.984,0.8,-2.9,3.0,18.5,8.0,1.03,1,7,0,0,7
16.9,6,isocontour,11.283791670955125,45067.7,94.84,10.0,-18.2,0.991,0.7,2.8,2.9,9.8,-17.6,1.027,20,6,0,0,6
16.9,7,isocontour,11.283791670955125,44921.26,94.53,-20.7,-0.7,0.993,-1.1,4.1,4.2,-18.8,-1.3,1.114,23,6,0,0,6
16.9,8,isocontour,11.283791670955125,45204.09,95.13,8.9,-18.2,1.019,1.1,-0.0,1.1,9.8,-17.6,1.027,20,6,0,0,6
16.9,9,isocontour,11.283791670955125,45341.05,95.41,19.4,7.0,0.996,0.6,-4.3,4.3,18.5,8.0,1.03,1,8,0,0,8
16.9,10,isocontour,11.283791670955125,45721.75,96.22,11.7,-16.9,1.002,3.1,1.0,3.3,9.8,-17.6,1.027,20,6,0,0,6
16.9,11,isocontour,11.283791670955125,45652.54,96.07,-20.5,-2.7,0.998,0.5,-2.7,2.7,-18.8,-1.3,1.114,23,6,0,0,6
16.9,12,isocontour,11.283791670955125,45744.55,96.26,-20.8,-1.5,0.986,1.4,2.6,3.0,-18.8,-1.3,1.114,23,6,0,0,6
16.9,13,isocontour,11.283791670955125,44032.29,92.66,20.6,2.2,0.992,-0.8,-0.4,0.9,18.5,8.0,1.03,1,7,0,0,7
16.9,14,isocontour,11.283791670955125,44338.06,93.3,10.4,-17.8,0.998,4.3,1.2,4.5,9.8,-17.6,1.027,20,6,0,0,6
16.9,15,isocontour,11.283791670955125,44157.58,92.92,18.3,9.5,0.998,-1.7,2.5,3.0,18.5,8.0,1.03,1,8,0,0,8
16.9,16,isocontour,11.283791670955125,47334.13,99.61,-22.6,21.0,0.572,0.3,-0.9,0.9,-22.6,21.0,0.578,16,0,0,0,0
16.9,17,isocontour,11.283791670955125,44416.64,93.47,19.4,7.5,0.986,0.6,1.4,1.5,18.5,8.0,1.03,1,8,0,0,8
16.9,18,isocontour,11.283791670955125,47316.79,99.57,2.9,25.0,0.776,0.9,-0.0,0.9,2.9,25.0,0.782,18,0,0,0,0
16.9,19,isocontour,11.283791670955125,45304.27,95.34,-20.3,-1.1,1.014,0.7,-0.3,0.8,-18.8,-1.3,1.114,23,6,0,0,6
16.9,20,isocontour,11.283791670955125,44972.83,94.64,9.7,-17.8,1.017,-1.1,-1.0,1.5,9.8,-17.6,1.027,20,6,0,0,6
16.9,21,isocontour,11.283791670955125,44497.07,93.64,6.9,-19.5,0.994,-3.8,-1.1,4.0,9.8,-17.6,1.027,20,6,0,0,6
16.9,22,isocontour,11.283791670955125,46267.14,97.36,-20.3,-1.4,1.015,-1.0,2.4,2.6,-18.8,-1.3,1.114,23,6,0,0,6
16.9,23,isocontour,11.283791670955125,45986.67,96.77,-19.9,-1.3,1.039,-1.8,1.0,2.1,-19.9,-1.3,1.114,23,6,0,0,6
16.9,24,isocontour,11.283791670955125,45041.7,94.78,10.4,-17.8,0.997,-3.0,-0.1,3.0,9.8,-17.6,1.027,20,6,0,0,6
16.9,25,isocontour,11.283791670955125,44956.13,94.6,-20.8,0.2,0.986,0.1,0.7,0.7,-18.8,-1.3,1.114,23,6,0,0,6
16.9,Target,,,,,0.0,0.0,4.023,0.0,0.0,,,,,,,,,
17.0,1,isocontour,11.283791670955125,45014.38,94.73,18.9,7.8,1.007,0.1,0.5,0.5,18.5,8.0,1.03,1,8,0,0,8
17.0,2,isocontour,11.283791670955125,43767.22,92.1,17.4,11.3,0.99,-0.9,2.4,2.6,18.5,8.0,1.03,1,8,0,0,8
17.0,3,isocontour,11.283791670955125,44966.73,94.63,18.9,8.5,0.992,-0.2,-1.4,1.4,18.5,8.0,1.03,1,8,0,0,8
17.0,4,isocontour,11.283791670955125,45318.59,95.37,18.6,8.4,1.012,-0.4,1.8,1.8,18.5,8.0,1.03,1,8,0,0,8
17.0,5,isocontour,11.283791670955125,44590.23,93.83,16.7,12.3,0.992,0.1,-2.3,2.3,18.5,8.0,1.03,1,8,0,0,8
17.0,6,isocontour,11.283791670955125,44960.29,94.61,10.2,-18.5,0.972,2.1,-3.9,4.4,9.8,-17.6,1.027,20,6,0,0,6
17.0,7,isocontour,11.283791670955125,44811.64,94.3,-20.8,-0.3,0.988,-1.0,4.3,4.4,-18.8,-1.3,1.114,23,6,0,0,6
17.0,8,isocontour,11.283791670955125,45197.85,95.11,9.1,-18.2,1.014,1.7,-0.3,1.7,9.8,-17.6,1.027,20,6,0,0,6
17.0,9,isocontour,11.283791670955125,45279.68,95.29,19.5,6.6,0.997,1.1,-3.5,3.7,18.5,8.0,1.03,1,8,0,0,8
17.0,10,isocontour,11.283791670955125,45645.17,96.05,12.0,-16.8,0.996,3.7,1.3,3.9,9.8,-17.6,1.027,20,6,0,0,6
17.0,11,isocontour,11.283791670955125,45629.27,96.02,-20.4,-2.9,0.998,0.3,-2.6,2.6,-18.8,-1.3,1.114,23,6,0,0,6
17.0,12,isocontour,11.283791670955125,45743.15,96.26,-20.8,-1.6,0.985,-0.3,-1.0,1.0,-18.8,-1.3,1.114,23,6,0,0,6
17.0,13,isocontour,11.283791670955125,44012.27,92.62,20.6,1.9,0.992,0.4,-2.5,2.5,18.5,8.0,1.03,1,8,0,0,8
17.0,14,isocontour,11.283791670955125,44232.83,93.08,10.9,-17.7,0.992,4.2,1.3,4.4,9.8,-17.6,1.027,20,6,0,0,6
17.0,15,isocontour,11.283791670955125,44068.08,92.74,18.1,9.9,0.999,-2.1,3.5,4.1,18.5,8.0,1.03,1,8,0,0,8
17.0,16,isocontour,11.283791670955125,47333.03,99.61,-22.5,21.1,0.572,0.5,0.8,0.9,-22.5,21.1,0.578,16,0,0,0,0
17.0,17,isocontour,11.283791670955125,44414.21,93.46,19.4,7.6,0.983,-0.0,1.2,1.2,18.5,8.0,1.03,1,8,0,0,8
17.0,18,isocontour,11.283791670955125,47315.69,99.57,3.0,25.0,0.777,0.9,-0.2,0.9,3.0,25.0,0.782,18,0,0,0,0
17.0,19,isocontour,11.283791670955125,45289.65,95.31,-20.4,-1.3,1.006,-1.7,-1.5,2.3,-18.8,-1.3,1.114,23,6,0,0,6
17.0,20,isocontour,11.283791670955125,44970.03,94.63,9.7,-17.7,1.023,-0.1,1.3,1.3,9.8,-17.6,1.027,20,6,0,0,6
17.0,21,isocontour,11.283791670955125,44403.63,93.44,6.5,-19.6,0.994,-4.0,-1.2,4.2,9.8,-17.6,1.027,20,6,0,0,6
17.0,22,isocontour,11.283791670955125,46238.78,97.3,-20.4,-1.6,1.005,-1.7,-2.3,2.9,-18.8,-1.3,1.114,23,6,0,0,6
17.0,23,isocontour,11.283791670955125,45976.97,96.75,-19.9,-1.4,1.038,0.2,-1.9,1.9,-19.9,-1.4,1.114,23,6,0,0,6
17.0,24,isocontour,11.283791670955125,44944.89,94.58,10.7,-17.8,0.99,4.2,0.3,4.2,9.8,-17.6,1.027,20,6,0,0,6
17.0,25,isocontour,11.283791670955125,44953.75,94.6,-20.8,0.1,0.988,0.5,-1.1,1.2,-18.8,-1.3,1.114,23,6,0,0,6
17.0,Target,,,,,0.0,0.0,4.023,0.0,0.0,,,,,,,,,
17.1,1,isocontour,11.283791670955125,45005.26,94.71,19.0,7.7,1.006,0.8,-1.7,1.9,18.5,8.0,1.03,1,8,0,0,8
17.1,2,isocontour,11.283791670955125,43765.07,92.1,17.5,11.3,0.988,0.9,-0.8,1.2,18.5,8.0,1.03,1,8,0,0,8
17.1,3,isocontour,11.283791670955125,44911.2,94.51,19.1,8.7,0.98,1.8,3.0,3.5,18.5,8.0,1.03,1,8,0,0,8
17.1,4,isocontour,11.283791670955125,45301.3,95.33,18.4,8.4,1.022,-2.4,0.2,2.4,18.5,8.0,1.03,1,8,0,0,8
17.1,5,isocontour,11.283791670955125,44570.45,93.79,16.7,12.4,0.989,-0.7,2.4,2.5,18.5,8.0,1.03,1,8,0,0,8
17.1,6,isocontour,11.283791670955125,44957.55,94.61,10.1,-18.5,0.973,-1.2,0.4,1.3,9.8,-17.6,1.027,20,6,0,0,6
17.1,7,isocontour,11.283791670955125,44809.38,94.3,-20.8,-0.3,0.986,-0.1,-1.2,1.2,-18.8,-1.3,1.114,23,6,0,0,6
17.1,8,isocontour,11.283791670955125,45165.07,95.04,9.3,-18.1,1.014,2.5,1.5,2.9,9.8,-17.6,1.027,20,6,0,0,6
17.1,9,isocontour,11.283791670955125,45178.01,95.07,19.7,6.2,0.996,1.5,-4.0,4.3,18.5,8.0,1.03,1,8,0,0,8
17.1,10,isocontour,11.283791670955125,45613.05,95.99,12.3,-16.6,0.998,2.1,2.1,3.0,9.8,-17.6,1.027,20,6,0,0,6
17.1,11,isocontour,11.283791670955125,45520.39,95.79,-20.4,-3.3,0.994,-0.2,-4.4,4.4,-18.8,-1.3,1.114,23,6,0,0,6
17.1,12,isocontour,11.283791670955125,45728.33,96.23,-20.8,-1.8,0.986,0.4,-2.2,2.2,-18.8,-1.3,1.114,23,6,0,0,6
17.1,13,isocontour,11.283791670955125,43906.32,92.4,20.7,1.5,0.989,0.9,-4.3,4.4,18.5,8.0,1.03,1,8,0,0,8
17.1,14,isocontour,11.283791670955125,44192.58,93.0,11.1,-17.5,0.993,2.5,2.0,3.2,9.8,-17.6,1.027,20,6,0,0,6
17.1,15,isocontour,11.283791670955125,43965.71,92.52,17.9,10.3,0.994,-1.1,4.2,4.3,18.5,8.0,1.03,1,8,0,0,8
17.1,16,isocontour,11.283791670955125,47331.93,99.6,-22.4,21.1,0.572,0.7,0.6,0.9,-22.4,21.1,0.578,16,0,0,0,0
17.1,17,isocontour,11.283791670955125,44405.64,93.45,19.3,7.7,0.989,-1.7,0.7,1.8,18.5,8.0,1.03,1,8,0,0,8
17.1,18,isocontour,11.283791670955125,47314.59,99.57,3.0,24.9,0.779,-0.8,-0.5,0.9,3.0,24.9,0.782,18,0,0,0,0
17.1,19,isocontour,11.283791670955125,45265.84,95.26,-20.5,-1.1,1.001,-0.8,2.5,2.6,-18.8,-1.3,1.114,23,6,0,0,6
17.1,20,isocontour,11.283791670955125,44963.45,94.62,9.8,-17.8,1.016,1.1,-1.3,1.7,9.8,-17.6,1.027,20,6,0,0,6
17.1,21,isocontour,11.283791670955125,44373.12,93.38,6.3,-19.8,0.99,-2.3,-1.8,2.9,9.8,-17.6,1.027,20,6,0,0,6
17.1,22,isocontour,11.283791670955125,46236.58,97.3,-20.4,-1.5,1.007,0.6,1.1,1.3,-18.8,-1.3,1.114,23,6,0,0,6
17.1,23,isocontour,11.283791670955125,45974.3,96.75,-19.8,-1.5,1.043,1.0,-0.8,1.3,-19.8,-1.5,1.114,23,6,0,0,6
17.1,24,isocontour,11.283791670955125,44944.33,94.58,10.8,-17.8,0.985,0.1,-0.7,0.7,9.8,-17.6,1.027,20,6,0,0,6
17.1,25,isocontour,11.283791670955125,44951.81,94.6,-20.8,-0.0,0.99,0.4,-1.1,1.2,-18.8,-1.3,1.114,23,6,0,0,6
17.1,Target,,,,,0.0,0.0,4.023,0.0,0.0,,,,,,,,,
17.2,1,isocontour,11.283791670955125,44897.85,94.48,19.0,7.3,1.014,0.0,-4.4,4.4,18.5,8.0,1.03,1,8,0,0,8
17.2,2,isocontour,11.283791670955125,43734.55,92.03,17.5,11.0,0.994,0.4,-2.9,2.9,18.5,8.0,1.03,1,8,0,0,8
17.2,3,isocontour,11.283791670955125,44910.93,94.51,19.1,8.8,0.974,0.5,0.3,0.6,18.5,8.0,1.03,1,8,0,0,8
17.2,4,isocontour,11.283791670955125,45271.41,95.27,18.5,8.2,1.02,1.7,-2.3,2.9,18.5,8.0,1.03,1,8,0,0,8
17.2,5,isocontour,11.283791670955125,44567.96,93.79,16.7,12.4,0.99,0.3,-1.2,1.2,18.5,8.0,1.03,1,7,0,0,7
17.2,6,isocontour,11.283791670955125,44923.09,94.54,10.2,-18.3,0.98,1.5,2.6,3.0,9.8,-17.6,1.027,20,6,0,0,6
17.2,7,isocontour,11.283791670955125,44776.6,94.23,-20.8,-0.6,0.989,0.6,-2.9,3.0,-18.8,-1.3,1.114,23,6,0,0,6
17.2,8,isocontour,11.283791670955125,45162.07,95.04,9.4,-18.0,1.016,1.0,0.8,1.3,9.8,-17.6,1.027,20,6,0,0,6
17.2,9,isocontour,11.283791670955125,45150.55,95.01,19.9,6.0,0.992,1.6,-2.3,2.8,18.5,8.0,1.03,1,8,0,0,8
17.2,10,isocontour,11.283791670955125,45546.5,95.85,12.6,-16.4,0.993,3.5,1.4,3.8,9.8,-17.6,1.027,20,6,0,0,6
17.2,11,isocontour,11.283791670955125,45407.02,95.55,-20.4,-3.8,0.99,0.1,-4.5,4.5,-18.8,-1.3,1.114,23,6,0,0,6
17.2,12,isocontour,11.283791670955125,45728.19,96.23,-20.8,-1.9,0.985,-0.3,-0.4,0.5,-18.8,-1.3,1.114,23,6,0,0,6
17.2,13,isocontour,11.283791670955125,43905.88,92.39,20.7,1.4,0.989,-0.1,-0.7,0.7,18.5,8.0,1.03,1,7,0,0,7
17.2,14,isocontour,11.283791670955125,44192.14,93.0,11.2,-17.4,0.993,0.6,0.3,0.7,9.8,-17.6,1.027,20,6,0,0,6
17.2,15,isocontour,11.283791670955125,43860.48,92.3,17.8,10.7,0.992,-2.1,3.8,4.3,18.5,8.0,1.03,1,8,0,0,8
17.2,16,isocontour,11.283791670955125,47330.83,99.6,-22.5,21.2,0.57,-0.7,0.7,1.0,-22.5,21.2,0.578,16,0,0,0,0
17.2,17,isocontour,11.283791670955125,44402.29,93.44,19.2,7.8,0.993,-1.1,0.9,1.4,18.5,8.0,1.03,1,8,0,0,8
17.2,18,isocontour,11.283791670955125,47313.49,99.57,2.9,24.9,0.779,-0.9,0.2,0.9,2.9,24.9,0.782,18,0,0,0,0
17.2,19,isocontour,11.283791670955125,45142.33,95.0,-20.6,-0.7,0.999,-0.5,4.6,4.6,-18.8,-1.3,1.114,23,6,0,0,6
17.2,20,isocontour,11.283791670955125,44847.8,94.38,10.1,-17.7,1.011,4.2,1.5,4.5,9.8,-17.6,1.027,20,6,0,0,6
17.2,21,isocontour,11.283791670955125,44370.91,93.37,6.3,-19.8,0.989,1.2,0.3,1.2,9.8,-17.6,1.027,20,6,0,0,6
17.2,22,isocontour,11.283791670955125,46232.45,97.29,-20.3,-1.6,1.013,1.3,-0.8,1.5,-18.8,-1.3,1.114,23,6,0,0,6
17.2,23,isocontour,11.283791670955125,45958.48,96.71,-19.9,-1.4,1.036,-1.8,1.4,2.3,-19.9,-1.4,1.114,23,6,0,0,6
17.2,24,isocontour,11.283791670955125,44944.33,94.58,10.8,-17.9,0.984,-0.0,-0.1,0.1,9.8,-17.6,1.027,20,6,0,0,6
17.2,25,isocontour,11.283791670955125,44836.92,94.35,-20.7,0.3,0.992,0.2,4.5,4.5,-18.8,-1.3,1.114,23,6,0,0,6
17.2,Target,,,,,0.0,0.0,4.023,0.0,0.0,,,,,,,,,
17.3,1,isocontour,11.283791670955125,44893.2,94.47,18.9,7.3,1.02,-1.4,0.7,1.6,18.5,8.0,1.03,1,8,0,0,8
17.3,2,isocontour,11.283791670955125,43682.25,91.92,17.3,11.2,1.0,-2.7,2.2,3.5,18.5,8.0,1.03,1,8,0,0,8
17.3,3,isocontour,11.283791670955125,44904.01,94.49,19.0,8.8,0.982,-1.7,-0.3,1.7,18.5,8.0,1.03,1,8,0,0,8
17.3,4,isocontour,11.283791670955125,45247.6,95.22,18.6,8.4,1.009,1.4,2.2,2.6,18.5,8.0,1.03,1,8,0,0,8
17.3,5,isocontour,11.283791670955125,44547.71,93.75,16.5,12.5,0.991,-1.5,2.0,2.5,18.5,8.0,1.03,1,7,0,0,7
17.3,6,isocontour,11.283791670955125,44919.04,94.53,10.2,-18.1,0.988,-0.4,1.4,1.5,9.8,-17.6,1.027,20,6,0,0,6
17.3,7,isocontour,11.283791670955125,44770.47,94.21,-20.8,-0.8,0.988,-0.3,-1.6,1.6,-18.8,-1.3,1.114,23,6,0,0,6
17.3,8,isocontour,11.283791670955125,45131.56,94.97,9.7,-17.9,1.015,2.6,1.1,2.8,9.8,-17.6,1.027,20,6,0,0,6
17.3,9,isocontour,11.283791670955125,45062.34,94.83,20.1,5.6,0.985,2.4,-3.3,4.1,18.5,8.0,1.03,1,8,0,0,8
17.3,10,isocontour,11.283791670955125,45499.02,95.75,12.8,-16.2,0.996,2.1,2.6,3.3,9.8,-17.6,1.027,20,6,0,0,6
17.3,11,isocontour,11.283791670955125,45406.58,95.55,-20.4,-3.9,0.988,0.0,-0.7,0.7,-18.8,-1.3,1.114,23,6,0,0,6
17.3,12,isocontour,11.283791670955125,45725.87,96.22,-20.9,-1.9,0.979,-1.2,0.1,1.2,-18.8,-1.3,1.114,23,6,0,0,6
17.3,13,isocontour,11.283791670955125,43903.2,92.39,20.7,1.5,0.992,-0.6,1.1,1.3,18.5,8.0,1.03,1,7,0,0,7
17.3,14,isocontour,11.283791670955125,44189.88,92.99,11.1,-17.5,0.993,-1.0,-0.7,1.2,9.8,-17.6,1.027,20,6,0,0,6
17.3,15,isocontour,11.283791670955125,43750.12,92.07,17.6,11.1,0.989,-1.8,4.1,4.5,18.5,8.0,1.03,1,8,0,0,8
17.3,16,isocontour,11.283791670955125,47329.73,99.6,-22.4,21.1,0.572,0.6,-0.7,0.9,-22.4,21.1,0.578,16,0,0,0,0
17.3,17,isocontour,11.283791670955125,44399.23,93.43,19.2,7.9,0.989,0.8,1.0,1.3,18.5,8.0,1.03,1,8,0,0,8
17.3,18,isocontour,11.283791670955125,47312.39,99.56,2.8,24.9,0.78,-0.9,-0.2,0.9,2.8,24.9,0.782,18,0,0,0,0
17.3,19,isocontour,11.283791670955125,45139.9,94.99,-20.5,-0.7,1.001,0.6,-1.1,1.3,-18.8,-1.3,1.114,23,6,0,0,6
17.3,20,isocontour,11.283791670955125,44847.21,94.38,10.3,-17.7,1.007,0.7,-0.3,0.8,9.8,-17.6,1.027,20,6,0,0,6
17.3,21,isocontour,11.283791670955125,44333.63,93.29,6.6,-19.7,0.99,2.8,1.2,3.0,9.8,-17.6,1.027,20,6,0,0,6
17.3,22,isocontour,11.283791670955125,46231.74,97.29,-20.3,-1.7,1.015,0.2,-0.8,0.8,-18.8,-1.3,1.114,23,6,0,0,6
17.3,23,isocontour,11.283791670955125,45957.04,96.71,-19.9,-1.3,1.035,0.1,1.0,1.0,-19.9,-1.3,1.114,23,6,0,0,6
17.3,24,isocontour,11.283791670955125,44933.56,94.56,10.7,-17.7,0.993,-1.4,1.5,2.1,9.8,-17.6,1.027,20,6,0,0,6
17.3,25,isocontour,11.283791670955125,44814.17,94.31,-20.8,0.6,0.99,-0.3,2.6,2.6,-18.8,-1.3,1.114,23,6,0,0,6
17.3,Target,,,,,0.0,0.0,4.023,0.0,0.0,,,,,,,,,
17.4,1,isocontour,11.283791670955125,44861.41,94.41,18.8,7.5,1.021,-1.0,2.7,2.9,18.5,8.0,1.03,1,8,0,0,8
17.4,2,isocontour,11.283791670955125,43659.76,91.88,17.1,11.4,1.001,-1.5,2.1,2.6,18.5,8.0,1.03,1,8,0,0,8
17.4,3,isocontour,11.283791670955125,44856.53,94.4,18.9,9.0,0.978,-0.3,3.3,3.3,18.5,8.0,1.03,1,8,0,0,8
17.4,4,isocontour,11.283791670955125,45229.88,95.18,18.6,8.2,1.012,-0.1,-2.4,2.4,18.5,8.0,1.03,1,8,0,0,8
17.4,5,isocontour,11.283791670955125,44526.48,93.7,16.4,12.7,0.989,-1.2,2.2,2.5,18.5,8.0,1.03,1,7,0,0,7
17.4,6,isocontour,11.283791670955125,44916.18,94.52,10.3,-18.1,0.989,1.2,0.6,1.3,9.8,-17.6,1.027,20,6,0,0,6
17.4,7,isocontour,11.283791670955125,44770.4,94.21,-20.8,-0.8,0.989,0.3,-0.2,0.4,-18.8,-1.3,1.114,23,6,0,0,6
17.4,8,isocontour,11.283791670955125,45129.99,94.97,9.8,-17.8,1.015,0.8,0.6,1.0,9.8,-17.6,1.027,20,6,0,0,6
17.4,9,isocontour,11.283791670955125,45061.88,94.83,20.1,5.5,0.985,-0.2,-0.7,0.7,18.5,8.0,1.03,1,8,0,0,8
17.4,10,isocontour,11.283791670955125,45449.39,95.64,13.1,-16.1,0.991,3.2,1.1,3.4,9.8,-17.6,1.027,20,6,0,0,6
17.4,11,isocontour,11.283791670955125,45369.3,95.47,-20.4,-3.7,0.991,-0.0,3.1,3.1,-18.8,-1.3,1.114,23,6,0,0,6
17.4,12,isocontour,11.283791670955125,45722.37,96.22,-20.8,-1.8,0.983,1.0,0.9,1.3,-18.8,-1.3,1.114,23,6,0,0,6
17.4,13,isocontour,11.283791670955125,43883.66,92.35,20.7,1.3,0.991,0.3,-2.5,2.5,18.5,8.0,1.03,1,7,0,0,7
17.4,14,isocontour,11.283791670955125,44176.2,92.96,11.2,-17.6,0.983,1.2,-1.8,2.2,9.8,-17.6,1.027,20,6,0,0,6
17.4,15,isocontour,11.283791670955125,43666.32,91.89,17.3,11.4,0.992,-2.7,3.0,4.0,18.5,8.0,1.03,1,8,0,0,8
17.4,16,isocontour,11.283791670955125,47328.63,99.6,-22.4,21.2,0.572,0.6,0.7,0.9,-22.4,21.2,0.578,16,0,0,0,0
17.4,17,isocontour,11.283791670955125,44393.09,93.42,19.3,8.0,0.98,1.2,1.2,1.7,18.5,8.0,1.03,1,8,0,0,8
17.4,18,isocontour,11.283791670955125,47311.29,99.56,2.8,24.9,0.78,0.9,0.0,0.9,2.8,24.9,0.782,18,0,0,0,0
17.4,19,isocontour,11.283791670955125,45138.87,94.99,-20.5,-0.6,1.004,0.5,0.8,0.9,-18.8,-1.3,1.114,23,6,0,0,6
17.4,20,isocontour,11.283791670955125,44814.1,94.31,10.0,-17.7,1.016,-2.9,0.6,3.0,9.8,-17.6,1.027,20,6,0,0,6
17.4,21,isocontour,11.283791670955125,44318.22,93.26,6.8,-19.7,0.987,2.3,0.2,2.3,9.8,-17.6,1.027,20,6,0,0,6
17.4,22,isocontour,11.283791670955125,46216.73,97.26,-20.4,-1.6,1.007,-1.7,1.5,2.3,-18.8,-1.3,1.114,23,6,0,0,6
17.4,23,isocontour,11.283791670955125,45952.4,96.7,-20.0,-1.1,1.034,-0.2,1.5,1.5,-20.0,-1.1,1.114,23,6,0,0,6
17.4,24,isocontour,11.283791670955125,44897.71,94.48,10.6,-18.0,0.985,-0.7,-3.0,3.1,9.8,-17.6,1.027,20,6,0,0,6
17.4,25,isocontour,11.283791670955125,44791.93,94.26,-20.8,0.9,0.987,-0.4,2.6,2.6,-18.8,-1.3,1.114,23,6,0,0,6
17.4,Target,,,,,0.0,0.0,4.023,0.0,0.0,,,,,,,,,
17.5,1,isocontour,11.283791670955125,44844.76,94.37,18.8,7.7,1.016,-0.0,2.3,2.3,18.5,8.0,1.03,1,8,0,0,8
17.5,2,isocontour,11.283791670955125,43638.28,91.83,17.0,11.6,0.999,-1.0,2.4,2.6,18.5,8.0,1.03,1,8,0,0,8
17.5,3,isocontour,11.283791670955125,44853.53,94.39,18.9,9.2,0.977,-0.6,1.2,1.3,18.5,8.0,1.03,1,8,0,0,8
17.5,4,isocontour,11.283791670955125,45184.08,95.08,18.4,8.3,1.024,-3.0,1.4,3.3,18.5,8.0,1.03,1,8,0,0,8
17.5,5,isocontour,11.283791670955125,44525.77,93.7,16.3,12.8,0.992,-0.8,0.1,0.8,18.5,8.0,1.03,1,7,0,0,7
17.5,6,isocontour,11.283791670955125,44866.98,94.42,10.6,-18.0,0.981,3.4,0.0,3.4,9.8,-17.6,1.027,20,6,0,0,6
17.5,7,isocontour,11.283791670955125,44693.23,94.05,-20.8,-1.2,0.986,-0.4,-3.9,3.9,-18.8,-1.3,1.114,23,6,0,0,6
17.5,8,isocontour,11.283791670955125,45129.6,94.97,9.8,-17.8,1.016,0.5,0.4,0.6,9.8,-17.6,1.027,20,6,0,0,6
17.5,9,isocontour,11.283791670955125,45029.43,94.76,20.0,5.8,0.986,-0.8,2.8,2.9,18.5,8.0,1.03,1,8,0,0,8
17.5,10,isocontour,11.283791670955125,45437.65,95.62,13.3,-16.0,0.985,2.1,0.3,2.1,9.8,-17.6,1.027,20,6,0,0,6
17.5,11,isocontour,11.283791670955125,45368.69,95.47,-20.4,-3.7,0.992,0.3,-0.7,0.8,-18.8,-1.3,1.114,23,6,0,0,6
17.5,12,isocontour,11.283791670955125,45721.64,96.22,-20.8,-1.7,0.985,0.3,0.8,0.9,-18.8,-1.3,1.114,23,6,0,0,6
17.5,13,isocontour,11.283791670955125,43774.78,92.12,20.8,0.9,0.987,1.0,-4.3,4.4,18.5,8.0,1.03,1,7,0,0,7
17.5,14,isocontour,11.283791670955125,44173.59,92.96,11.1,-17.6,0.984,-1.3,0.1,1.3,9.8,-17.6,1.027,20,6,0,0,6
17.5,15,isocontour,11.283791670955125,43664.27,91.89,17.3,11.5,0.987,0.8,0.9,1.2,18.5,8.0,1.03,1,8,0,0,8
17.5,16,isocontour,11.283791670955125,47327.53,99.59,-22.5,21.2,0.57,-0.9,0.1,0.9,-22.5,21.2,0.578,16,0,0,0,0
17.5,17,isocontour,11.283791670955125,44370.34,93.37,19.3,8.2,0.98,-1.2,2.3,2.6,18.5,8.0,1.03,1,8,0,0,8
17.5,18,isocontour,11.283791670955125,47310.19,99.56,2.9,24.9,0.78,0.9,-0.1,0.9,2.9,24.9,0.782,18,0,0,0,0
17.5,19,isocontour,11.283791670955125,45016.96,94.73,-20.4,-0.2,1.008,0.6,4.5,4.5,-18.8,-1.3,1.114,23,6,0,0,6
17.5,20,isocontour,11.283791670955125,44803.01,94.28,10.0,-17.5,1.026,0.3,2.0,2.0,9.8,-17.6,1.027,20,6,0,0,6
17.5,21,isocontour,11.283791670955125,44282.72,93.19,7.1,-19.6,0.987,2.8,1.1,3.0,9.8,-17.6,1.027,20,6,0,0,6
17.5,22,isocontour,11.283791670955125,46107.85,97.03,-20.2,-1.2,1.017,2.1,3.9,4.4,-18.8,-1.3,1.114,23,6,0,0,6
17.5,23,isocontour,11.283791670955125,45938.35,96.67,-20.1,-1.1,1.024,-2.1,0.6,2.2,-20.1,-1.1,1.114,23,6,0,0,6
17.5,24,isocontour,11.283791670955125,44894.64,94.48,10.6,-17.9,0.988,0.1,1.3,1.3,9.8,-17.6,1.027,20,6,0,0,6
17.5,25,isocontour,11.283791670955125,44791.39,94.26,-20.8,1.0,0.988,0.2,0.7,0.7,-18.8,-1.3,1.114,23,6,0,0,6
17.5,Target,,,,,0.0,0.0,4.023,0.0,0.0,,,,,,,,,
17.6,1,isocontour,11.283791670955125,44824.02,94.33,18.6,7.9,1.021,-1.9,1.7,2.5,18.5,8.0,1.03,1,8,0,0,8
17.6,2,isocontour,11.283791670955125,43637.49,91.83,17.1,11.7,0.995,0.8,0.0,0.8,18.5,8.0,1.03,1,7,0,0,7
17.6,3,isocontour,11.283791670955125,44841.79,94.36,18.7,9.2,0.985,-2.1,0.3,2.1,18.5,8.0,1.03,1,8,0,0,8
17.6,4,isocontour,11.283791670955125,45177.27,95.07,18.2,8.4,1.03,-1.5,1.0,1.8,18.5,8.0,1.03,1,8,0,0,8
17.6,5,isocontour,11.283791670955125,44504.54,93.65,16.2,13.0,0.99,-1.3,2.2,2.6,18.5,8.0,1.03,1,7,0,0,7
17.6,6,isocontour,11.283791670955125,44863.33,94.41,10.5,-18.0,0.984,-1.4,0.2,1.4,9.8,-17.6,1.027,20,6,0,0,6
17.6,7,isocontour,11.283791670955125,44679.37,94.02,-20.6,-1.2,0.996,2.1,0.7,2.2,-18.8,-1.3,1.114,23,6,0,0,6
17.6,8,isocontour,11.283791670955125,45127.55,94.97,9.8,-17.9,1.011,0.0,-1.2,1.2,9.8,-17.6,1.027,20,6,0,0,6
17.6,9,isocontour,11.283791670955125,45023.51,94.75,19.9,5.9,0.991,-1.3,1.0,1.6,18.5,8.0,1.03,1,8,0,0,8
17.6,10,isocontour,11.283791670955125,45435.21,95.61,13.3,-16.1,0.986,-1.1,-0.4,1.2,9.8,-17.6,1.027,20,6,0,0,6
17.6,11,isocontour,11.283791670955125,45256.08,95.24,-20.4,-4.1,0.99,0.4,-4.4,4.4,-18.8,-1.3,1.114,23,6,0,0,6
17.6,12,isocontour,11.283791670955125,45710.87,96.19,-20.6,-1.6,0.995,2.0,0.5,2.1,-18.8,-1.3,1.114,23,6,0,0,6
17.6,13,isocontour,11.283791670955125,43774.19,92.12,20.8,0.8,0.988,-0.3,-0.7,0.8,18.5,8.0,1.03,1,6,0,0,6
17.6,14,isocontour,11.283791670955125,44135.58,92.88,10.9,-17.7,0.991,-3.1,-0.4,3.1,9.8,-17.6,1.027,20,6,0,0,6
17.6,15,isocontour,11.283791670955125,43663.73,91.88,17.3,11.6,0.986,-0.4,0.6,0.7,18.5,8.0,1.03,1,8,0,0,8
17.6,16,isocontour,11.283791670955125,47326.43,99.59,-22.5,21.3,0.568,0.1,0.9,0.9,-22.5,21.3,0.578,16,0,0,0,0
17.6,17,isocontour,11.283791670955125,44336.89,93.3,19.1,8.4,0.986,-2.2,2.0,3.0,18.5,8.0,1.03,1,8,0,0,8
17.6,18,isocontour,11.283791670955125,47309.09,99.56,2.9,24.9,0.779,-0.9,0.2,0.9,2.9,24.9,0.782,18,0,0,0,0
17.6,19,isocontour,11.283791670955125,44898.98,94.48,-20.4,0.2,1.01,0.3,4.5,4.5,-18.8,-1.3,1.114,23,6,0,0,6
17.6,20,isocontour,11.283791670955125,44771.86,94.22,10.3,-17.4,1.02,2.9,-0.1,2.9,9.8,-17.6,1.027,20,6,0,0,6
17.6,21,isocontour,11.283791670955125,44249.27,93.12,7.4,-19.5,0.987,2.8,1.0,3.0,9.8,-17.6,1.027,20,6,0,0,6
17.6,22,isocontour,11.283791670955125,46107.74,97.03,-20.2,-1.2,1.019,-0.0,-0.4,0.4,-18.8,-1.3,1.114,23,6,0,0,6
17.6,23,isocontour,11.283791670955125,45928.35,96.65,-20.2,-0.9,1.019,-0.8,1.8,2.0,-20.2,-0.9,1.114,23,6,0,0,6
17.6,24,isocontour,11.283791670955125,44866.58,94.42,10.4,-17.7,1.001,-2.3,1.6,2.8,9.8,-17.6,1.027,20,6,0,0,6
17.6,25,isocontour,11.283791670955125,44788.89,94.25,-20.7,0.9,0.99,0.5,-1.1,1.2,-18.8,-1.3,1.114,23,6,0,0,6
17.6,Target,,,,,0.0,0.0,4.023,0.0,0.0,,,,,,,,,
17.7,1,isocontour,11.283791670955125,44820.38,94.32,18.5,8.0,1.024,-0.9,1.1,1.4,18.5,8.0,1.03,1,8,0,0,8
17.7,2,isocontour,11.283791670955125,43563.22,91.67,17.0,12.0,0.989,-1.2,3.7,3.9,18.5,8.0,1.03,1,7,0,0,7
17.7,3,isocontour,11.283791670955125,44808.68,94.29,18.5,9.1,1.0,-2.2,-1.9,2.9,18.5,8.0,1.03,1,8,0,0,8
17.7,4,isocontour,11.283791670955125,45150.69,95.01,18.2,8.6,1.026,-0.2,2.7,2.7,18.2,8.6,1.03,4,8,0,0,8
17.7,5,isocontour,11.283791670955125,44453.14,93.55,16.0,13.2,0.992,-2.5,2.4,3.5,18.5,8.0,1.03,1,7,0,0,7
17.7,6,isocontour,11.283791670955125,44842.6,94.37,10.3,-18.1,0.988,-2.5,-0.5,2.5,9.8,-17.6,1.027,20,6,0,0,6
17.7,7,isocontour,11.283791670955125,44665.13,93.99,-20.7,-1.0,0.991,-1.6,1.6,2.3,-18.8,-1.3,1.114,23,6,0,0,6
17.7,8,isocontour,11.283791670955125,45123.51,94.96,10.0,-17.9,1.006,1.4,-0.2,1.4,9.8,-17.6,1.027,20,6,0,0,6
17.7,9,isocontour,11.283791670955125,45002.28,94.7,20.0,5.7,0.99,1.0,-2.4,2.6,18.5,8.0,1.03,1,8,0,0,8
17.7,10,isocontour,11.283791670955125,45423.14,95.59,13.1,-16.1,0.992,-2.1,-0.1,2.1,9.8,-17.6,1.027,20,6,0,0,6
17.7,11,isocontour,11.283791670955125,45144.23,95.0,-20.3,-4.5,0.986,0.2,-4.4,4.4,-18.8,-1.3,1.114,23,6,0,0,6
17.7,12,isocontour,11.283791670955125,45585.75,95.93,-20.6,-2.0,0.996,0.3,-4.6,4.6,-18.8,-1.3,1.114,23,6,0,0,6
17.7,13,isocontour,11.283791670955125,43735.82,92.04,20.7,1.0,0.991,-0.6,3.0,3.1,18.5,8.0,1.03,1,5,0,0,5
17.7,14,isocontour,11.283791670955125,44088.95,92.78,11.0,-17.5,0.994,2.6,2.0,3.3,9.8,-17.6,1.027,20,6,0,0,6
17.7,15,isocontour,11.283791670955125,43532.02,91.61,17.6,11.3,0.983,3.1,-3.5,4.7,18.5,8.0,1.03,1,7,0,0,7
17.7,16,isocontour,11.283791670955125,47325.33,99.59,-22.5,21.3,0.568,-0.8,-0.5,0.9,-22.5,21.3,0.578,16,0,0,0,0
17.7,17,isocontour,11.283791670955125,44335.05,93.3,18.9,8.5,0.989,-0.9,0.6,1.1,18.5,8.0,1.03,1,8,0,0,8
17.7,18,isocontour,11.283791670955125,47307.99,99.55,2.8,24.9,0.779,-0.9,0.1,0.9,2.8,24.9,0.782,18,0,0,0,0
17.7,19,isocontour,11.283791670955125,44875.44,94.43,-20.4,0.5,1.012,0.5,2.6,2.6,-18.8,-1.3,1.114,23,6,0,0,6
17.7,20,isocontour,11.283791670955125,44769.25,94.21,10.2,-17.5,1.018,-1.0,-0.8,1.3,9.8,-17.6,1.027,20,6,0,0,6
17.7,21,isocontour,11.283791670955125,44246.84,93.11,7.5,-19.4,0.988,1.0,0.7,1.2,9.8,-17.6,1.027,20,6,0,0,6
17.7,22,isocontour,11.283791670955125,46098.89,97.01,-20.2,-1.4,1.019,0.1,-1.9,1.9,-18.8,-1.3,1.114,23,6,0,0,6
17.7,23,isocontour,11.283791670955125,45927.56,96.65,-20.3,-0.9,1.016,-0.3,-0.8,0.9,-20.3,-0.9,1.114,23,6,0,0,6
17.7,24,isocontour,11.283791670955125,44746.26,94.16,10.0,-17.7,1.016,-4.5,0.5,4.5,9.8,-17.6,1.027,20,6,0,0,6
17.7,25,isocontour,11.283791670955125,44788.41,94.25,-20.7,0.9,0.991,0.1,0.7,0.7,-18.8,-1.3,1.114,23,6,0,0,6
17.7,Target,,,,,0.0,0.0,4.023,0.0,0.0,,,,,,,,,
17.8,1,isocontour,11.283791670955125,44812.72,94.3,18.6,8.2,1.017,0.9,1.6,1.8,18.5,8.0,1.03,1,8,0,0,8
17.8,2,isocontour,11.283791670955125,43560.84,91.67,17.0,12.0,0.987,0.9,-0.8,1.2,18.5,8.0,1.03,1,7,0,0,7
17.8,3,isocontour,11.283791670955125,44787.2,94.25,18.5,9.2,0.996,0.4,2.5,2.5,18.5,8.0,1.03,1,8,0,0,8
17.8,4,isocontour,11.283791670955125,45149.72,95.01,18.2,8.8,1.022,0.5,0.8,0.9,18.2,8.8,1.03,4,8,0,0,8
17.8,5,isocontour,11.283791670955125,44369.96,93.37,15.8,13.6,0.986,-1.4,3.8,4.0,18.5,8.0,1.03,1,7,0,0,7
17.8,6,isocontour,11.283791670955125,44815.13,94.31,10.5,-18.1,0.981,2.8,-0.4,2.8,9.8,-17.6,1.027,20,6,0,0,6
17.8,7,isocontour,11.283791670955125,44654.21,93.97,-20.9,-1.0,0.98,-1.9,-0.7,2.0,-18.8,-1.3,1.114,23,6,0,0,6
17.8,8,isocontour,11.283791670955125,45010.9,94.72,9.6,-18.0,1.012,-4.4,-0.8,4.5,9.8,-17.6,1.027,20,6,0,0,6
17.8,9,isocontour,11.283791670955125,44941.9,94.57,20.1,5.4,0.989,1.1,-3.4,3.6,18.5,8.0,1.03,1,8,0,0,8
17.8,10,isocontour,11.283791670955125,45414.43,95.57,13.2,-16.1,0.988,1.9,0.1,1.9,9.8,-17.6,1.027,20,6,0,0,6
17.8,11,isocontour,11.283791670955125,45143.46,95.0,-20.3,-4.6,0.988,0.7,-0.4,0.8,-18.8,-1.3,1.114,23,6,0,0,6
17.8,12,isocontour,11.283791670955125,45468.56,95.68,-20.5,-2.5,0.994,0.1,-4.5,4.5,-18.8,-1.3,1.114,23,6,0,0,6
17.8,13,isocontour,11.283791670955125,43735.21,92.04,20.8,1.0,0.989,0.5,-0.6,0.8,18.5,8.0,1.03,1,6,0,0,6
17.8,14,isocontour,11.283791670955125,44087.85,92.78,11.0,-17.5,0.993,-0.7,-0.6,0.9,9.8,-17.6,1.027,20,6,0,0,6
17.8,15,isocontour,11.283791670955125,43502.13,91.54,17.8,11.1,0.981,1.7,-2.3,2.9,18.5,8.0,1.03,1,8,0,0,8
17.8,16,isocontour,11.283791670955125,47324.23,99.59,-22.6,21.3,0.566,-0.9,0.1,0.9,-22.6,21.3,0.578,16,0,0,0,0
17.8,17,isocontour,11.283791670955125,44307.88,93.24,18.8,8.7,0.992,-1.6,2.3,2.8,18.5,8.0,1.03,1,8,0,0,8
17.8,18,isocontour,11.283791670955125,47306.89,99.55,2.7,24.9,0.78,-0.9,-0.0,0.9,2.7,24.9,0.782,18,0,0,0,0
17.8,19,isocontour,11.283791670955125,44874.92,94.43,-20.3,0.6,1.014,0.3,0.7,0.8,-18.8,-1.3,1.114,23,6,0,0,6
17.8,20,isocontour,11.283791670955125,44724.27,94.12,10.4,-17.4,1.018,2.8,1.8,3.3,9.8,-17.6,1.027,20,6,0,0,6
17.8,21,isocontour,11.283791670955125,44241.02,93.1,7.6,-19.3,0.993,0.9,1.4,1.7,9.8,-17.6,1.027,20,6,0,0,6
17.8,22,isocontour,11.283791670955125,46080.28,96.97,-20.3,-1.6,1.013,-1.1,-2.2,2.5,-18.8,-1.3,1.114,23,6,0,0,6
17.8,23,isocontour,11.283791670955125,45927.19,96.65,-20.2,-0.9,1.018,0.4,0.5,0.6,-20.2,-0.9,1.114,23,6,0,0,6
17.8,24,isocontour,11.283791670955125,44742.61,94.16,10.0,-17.6,1.02,1.0,1.0,1.4,9.8,-17.6,1.027,20,6,0,0,6
17.8,25,isocontour,11.283791670955125,44766.68,94.21,-20.8,1.2,0.989,-0.3,2.6,2.6,-18.8,-1.3,1.114,23,6,0,0,6
17.8,Target,,,,,0.0,0.0,4.023,0.0,0.0,,,,,,,,,
17.9,1,isocontour,11.283791670955125,44786.71,94.25,18.6,8.4,1.011,-0.1,2.7,2.7,18.5,8.0,1.03,1,8,0,0,8
17.9,2,isocontour,11.283791670955125,43523.2,91.59,17.2,11.7,0.988,1.5,-2.7,3.1,18.5,8.0,1.03,1,7,0,0,7
17.9,3,isocontour,11.283791670955125,44770.76,94.21,18.5,9.5,0.99,-0.1,2.3,2.3,18.5,8.0,1.03,1,8,0,0,8
17.9,4,isocontour,11.283791670955125,45108.71,94.93,18.2,8.5,1.029,-0.4,-3.1,3.1,18.2,8.5,1.03,4,8,0,0,8
17.9,5,isocontour,11.283791670955125,44367.69,93.37,15.8,13.5,0.989,-0.2,-1.2,1.2,18.5,8.0,1.03,1,7,0,0,7
17.9,6,isocontour,11.283791670955125,44791.59,94.26,10.3,-18.0,0.989,-2.5,0.8,2.6,9.8,-17.6,1.027,20,6,0,0,6
17.9,7,isocontour,11.283791670955125,44654.19,93.97,-21.0,-1.1,0.978,-0.2,-0.0,0.2,-18.8,-1.3,1.114,23,6,0,0,6
17.9,8,isocontour,11.283791670955125,45008.64,94.72,9.6,-18.0,1.011,1.2,-0.1,1.2,9.8,-17.6,1.027,20,6,0,0,6
17.9,9,isocontour,11.283791670955125,44941.54,94.57,20.1,5.3,0.989,0.0,-0.6,0.6,18.5,8.0,1.03,1,8,0,0,8
17.9,10,isocontour,11.283791670955125,45413.8,95.57,13.3,-16.1,0.983,0.6,-0.5,0.8,9.8,-17.6,1.027,20,6,0,0,6
17.9,11,isocontour,11.283791670955125,45105.82,94.92,-20.3,-4.3,0.992,0.1,3.1,3.1,-18.8,-1.3,1.114,23,6,0,0,6
17.9,12,isocontour,11.283791670955125,45445.54,95.63,-20.5,-2.8,0.992,-0.1,-2.6,2.6,-18.8,-1.3,1.114,23,6,0,0,6
17.9,13,isocontour,11.283791670955125,43734.77,92.03,20.8,1.0,0.989,-0.1,-0.7,0.7,18.5,8.0,1.03,1,6,0,0,6
17.9,14,isocontour,11.283791670955125,44054.73,92.71,11.3,-17.5,0.987,2.9,0.4,2.9,9.8,-17.6,1.027,20,6,0,0,6
17.9,15,isocontour,11.283791670955125,43499.64,91.54,17.8,10.9,0.982,0.5,-1.2,1.3,18.5,8.0,1.03,1,8,0,0,8
17.9,16,isocontour,11.283791670955125,47323.14,99.59,-22.7,21.2,0.564,-0.9,-0.4,1.0,-22.7,21.2,0.578,16,0,0,0,0
17.9,17,isocontour,11.283791670955125,44299.58,93.22,18.9,8.8,0.984,1.6,0.9,1.8,18.5,8.0,1.03,1,8,0,0,8
17.9,18,isocontour,11.283791670955125,47305.79,99.55,2.6,24.9,0.781,-0.9,-0.2,0.9,2.6,24.9,0.782,18,0,0,0,0
17.9,19,isocontour,11.283791670955125,44838.0,94.36,-20.3,0.4,1.014,-0.0,-3.1,3.1,-18.8,-1.3,1.114,23,6,0,0,6
17.9,20,isocontour,11.283791670955125,44721.27,94.11,10.6,-17.4,1.014,1.3,-0.4,1.4,9.8,-17.6,1.027,20,6,0,0,6
17.9,21,isocontour,11.283791670955125,44240.34,93.1,7.6,-19.3,0.992,-0.5,-0.6,0.8,9.8,-17.6,1.027,20,6,0,0,6
17.9,22,isocontour,11.283791670955125,46078.62,96.97,-20.4,-1.6,1.007,-1.0,-0.4,1.1,-18.8,-1.3,1.114,23,6,0,0,6
17.9,23,isocontour,11.283791670955125,45925.94,96.65,-20.3,-1.0,1.015,-0.7,-0.7,1.0,-20.3,-1.0,1.114,23,6,0,0,6
17.9,24,isocontour,11.283791670955125,44685.17,94.03,9.9,-17.9,1.008,-1.0,-3.4,3.5,9.8,-17.6,1.027,20,6,0,0,6
17.9,25,isocontour,11.283791670955125,44764.42,94.2,-20.8,1.1,0.989,0.0,-1.2,1.2,-18.8,-1.3,1.114,23,6,0,0,6
17.9,Target,,,,,0.0,0.0,4.023,0.0,0.0,,,,,,,,,
18.0,1,isocontour,11.283791670955125,44786.2,94.25,18.6,8.4,1.01,0.2,-0.7,0.7,18.6,8.4,1.011,1,8,0,0,8
18.0,2,isocontour,11.283791670955125,43495.44,91.53,17.2,11.4,0.995,0.3,-2.8,2.8,17.2,11.4,0.988,2,7,0,0,7
18.0,3,isocontour,11.283791670955125,44768.66,94.21,18.4,9.6,0.989,-0.5,1.1,1.2,18.4,9.6,0.99,3,8,0,0,8
18.0,4,isocontour,11.283791670955125,45108.38,94.93,18.2,8.4,1.033,-0.1,-0.6,0.6,18.2,8.4,1.029,4,8,0,0,8
18.0,5,isocontour,11.283791670955125,44354.38,93.34,15.9,13.4,0.987,1.8,-1.3,2.2,15.9,13.4,0.989,5,7,0,0,7
18.0,6,isocontour,11.283791670955125,44790.93,94.26,10.2,-18.0,0.992,-0.8,-0.1,0.8,10.2,-18.0,0.989,6,6,0,0,6
18.0,7,isocontour,11.283791670955125,44625.84,93.91,-20.8,-1.3,0.984,1.4,-2.4,2.8,-20.8,-1.3,0.978,7,6,0,0,6
18.0,8,isocontour,11.283791670955125,45008.5,94.71,9.6,-17.9,1.012,-0.2,0.4,0.4,9.6,-17.9,1.011,8,6,0,0,6
18.0,9,isocontour,11.283791670955125,44938.81,94.57,20.0,5.3,0.992,-0.8,1.0,1.3,20.0,5.3,0.989,9,8,0,0,8
18.0,10,isocontour,11.283791670955125,45375.79,95.49,13.1,-16.3,0.985,-2.7,-1.6,3.1,13.1,-16.3,0.983,10,6,0,0,6
18.0,11,isocontour,11.283791670955125,45103.56,94.91,-20.2,-4.4,0.996,0.8,-0.9,1.2,-20.2,-4.4,0.992,11,6,0,0,6
18.0,12,isocontour,11.283791670955125,45441.58,95.63,-20.7,-2.8,0.986,-1.3,0.6,1.4,-20.7,-2.8,0.992,12,6,0,0,6
18.0,13,isocontour,11.283791670955125,43731.96,92.03,20.7,1.0,0.992,-0.6,1.1,1.3,20.7,1.0,0.989,13,6,0,0,6
18.0,14,isocontour,11.283791670955125,44051.87,92.7,11.3,-17.6,0.982,-0.3,-1.3,1.3,11.3,-17.6,0.987,14,6,0,0,6
18.0,15,isocontour,11.283791670955125,43491.73,91.52,17.9,10.8,0.981,1.2,-1.4,1.8,17.9,10.8,0.982,15,8,0,0,8
18.0,16,isocontour,11.283791670955125,47322.04,99.58,-22.8,21.3,0.562,-0.5,0.8,0.9,-22.8,21.3,0.564,16,0,0,0,0
18.0,17,isocontour,11.283791670955125,44266.13,93.15,19.0,8.6,0.983,1.1,-2.8,3.0,19.0,8.6,0.984,17,8,0,0,8
18.0,18,isocontour,11.283791670955125,47304.69,99.55,2.7,24.9,0.781,0.9,-0.1,0.9,2.7,24.9,0.781,18,0,0,0,0
18.0,19,isocontour,11.283791670955125,44835.9,94.35,-20.3,0.2,1.014,0.0,-1.2,1.2,-20.3,0.2,1.014,19,6,0,0,6
18.0,20,isocontour,11.283791670955125,44703.33,94.07,10.4,-17.5,1.015,-2.3,-0.8,2.4,10.4,-17.5,1.014,20,6,0,0,6
18.0,21,isocontour,11.283791670955125,44129.98,92.87,7.2,-19.5,0.989,-3.9,-2.1,4.4,7.2,-19.5,0.992,21,6,0,0,6
18.0,22,isocontour,11.283791670955125,46045.17,96.9,-20.4,-1.4,1.008,0.3,3.0,3.0,-20.4,-1.4,1.007,22,6,0,0,6
18.0,23,isocontour,11.283791670955125,45899.93,96.59,-20.4,-1.2,1.011,-0.5,-2.7,2.7,-20.4,-1.2,1.015,23,6,0,0,6
18.0,24,isocontour,11.283791670955125,44651.73,93.96,10.1,-17.8,1.008,2.3,1.8,2.9,10.1,-17.8,1.008,24,6,0,0,6
18.0,25,isocontour,11.283791670955125,44727.14,94.12,-20.7,0.8,0.991,0.4,-3.1,3.1,-20.7,0.8,0.989,25,6,0,0,6
18.0,Target,,,,,0.0,0.0,4.023,0.0,0.0,,,,,,,,,
18.1,1,isocontour,11.283791670955125,44785.57,94.25,18.6,8.4,1.011,0.2,-0.8,0.8,18.2,8.4,1.033,4,8,0,0,8
18.1,2,isocontour,11.283791670955125,43490.97,91.52,17.3,11.5,0.99,0.4,1.5,1.6,18.2,8.4,1.033,4,8,0,0,8
18.1,3,isocontour,11.283791670955125,44765.8,94.2,18.5,9.5,0.99,0.5,-1.2,1.3,18.2,8.4,1.033,4,8,0,0,8
18.1,4,isocontour,11.283791670955125,45108.32,94.92,18.2,8.4,1.031,0.2,0.3,0.4,18.2,8.4,1.033,4,8,0,0,8
18.1,5,isocontour,11.283791670955125,44326.03,93.28,16.0,13.1,0.993,0.6,-2.8,2.9,18.2,8.4,1.033,4,7,0,0,7
18.1,6,isocontour,11.283791670955125,44721.14,94.11,10.4,-18.3,0.975,2.6,-2.8,3.8,10.4,-17.5,1.015,20,6,0,0,6
18.1,7,isocontour,11.283791670955125,44604.36,93.86,-20.9,-1.5,0.98,-0.7,-2.5,2.6,-20.4,-1.2,1.015,23,6,0,0,6
18.1,8,isocontour,11.283791670955125,45007.96,94.71,9.6,-17.9,1.015,-0.7,0.3,0.8,10.4,-17.5,1.015,20,6,0,0,6
18.1,9,isocontour,11.283791670955125,44933.6,94.56,20.1,5.2,0.991,0.6,-1.5,1.6,18.2,8.4,1.033,4,8,0,0,8
18.1,10,isocontour,11.283791670955125,45372.29,95.48,12.9,-16.3,0.988,-1.4,-0.2,1.4,10.4,-17.5,1.015,20,6,0,0,6
18.1,11,isocontour,11.283791670955125,44994.68,94.69,-20.2,-4.8,0.993,0.3,-4.4,4.4,-20.4,-1.2,1.015,23,6,0,0,6
18.1,12,isocontour,11.283791670955125,45441.29,95.63,-20.7,-2.8,0.984,-0.1,-0.6,0.6,-20.4,-1.2,1.015,23,6,0,0,6
18.1,13,isocontour,11.283791670955125,43711.47,91.99,20.7,0.9,0.991,0.4,-2.5,2.5,18.2,8.4,1.033,4,7,0,0,7
18.1,14,isocontour,11.283791670955125,44048.73,92.7,11.2,-17.6,0.985,-1.3,0.1,1.3,10.4,-17.5,1.015,20,6,0,0,6
18.1,15,isocontour,11.283791670955125,43488.31,91.52,17.9,10.6,0.984,-0.1,-1.4,1.4,18.2,8.4,1.033,4,8,0,0,8
18.1,16,isocontour,11.283791670955125,47320.94,99.58,-22.8,21.4,0.559,-0.9,0.4,1.0,-22.8,21.4,0.564,16,0,0,0,0
18.1,17,isocontour,11.283791670955125,44264.03,93.15,19.0,8.5,0.988,-0.9,-0.8,1.2,18.2,8.4,1.033,4,8,0,0,8
18.1,18,isocontour,11.283791670955125,47303.59,99.54,2.6,24.9,0.781,-0.9,0.2,0.9,2.6,24.9,0.781,18,0,0,0,0
18.1,19,isocontour,11.283791670955125,44834.42,94.35,-20.3,0.1,1.014,-0.1,-1.0,1.0,-20.4,-1.2,1.015,23,6,0,0,6
18.1,20,isocontour,11.283791670955125,44702.56,94.07,10.3,-17.4,1.019,-0.4,0.7,0.8,10.3,-17.4,1.015,20,6,0,0,6
18.1,21,isocontour,11.283791670955125,44129.59,92.87,7.1,-19.6,0.988,-0.6,-0.3,0.7,10.4,-17.5,1.015,20,6,0,0,6
18.1,22,isocontour,11.283791670955125,46038.71,96.88,-20.2,-1.3,1.017,1.7,-0.1,1.7,-20.4,-1.2,1.015,23,6,0,0,6
18.1,23,isocontour,11.283791670955125,45884.32,96.56,-20.2,-1.4,1.018,1.6,-1.7,2.3,-20.2,-1.4,1.015,23,6,0,0,6
18.1,24,isocontour,11.283791670955125,44630.5,93.92,10.0,-17.6,1.021,-1.7,1.9,2.5,10.4,-17.5,1.015,20,6,0,0,6
18.1,25,isocontour,11.283791670955125,44726.72,94.12,-20.7,0.8,0.991,-0.1,0.7,0.7,-20.4,-1.2,1.015,23,6,0,0,6
18.1,Target,,,,,0.0,0.0,4.023,0.0,0.0,,,,,,,,,
18.2,1,isocontour,11.283791670955125,44780.16,94.23,18.6,8.5,1.007,0.3,1.6,1.6,18.2,8.4,1.033,4,8,0,0,8
18.2,2,isocontour,11.283791670955125,43469.74,91.48,17.2,11.7,0.987,-1.0,2.3,2.5,18.2,8.4,1.033,4,8,0,0,8
18.2,3,isocontour,11.283791670955125,44760.78,94.19,18.5,9.4,0.991,0.5,-1.5,1.6,18.2,8.4,1.033,4,8,0,0,8
18.2,4,isocontour,11.283791670955125,45106.06,94.92,18.2,8.5,1.029,-0.1,1.2,1.2,18.2,8.4,1.033,4,8,0,0,8
18.2,5,isocontour,11.283791670955125,44317.32,93.26,15.9,13.2,0.997,-1.6,1.0,1.9,18.2,8.4,1.033,4,7,0,0,7
18.2,6,isocontour,11.283791670955125,44720.68,94.11,10.5,-18.3,0.973,0.4,0.6,0.7,10.0,-17.6,1.021,24,6,0,0,6
18.2,7,isocontour,11.283791670955125,44582.63,93.82,-20.7,-1.7,0.987,1.7,-1.9,2.5,-20.2,-1.4,1.018,23,6,0,0,6
18.2,8,isocontour,11.283791670955125,45006.64,94.71,9.7,-17.9,1.013,1.0,-0.1,1.0,10.0,-17.6,1.021,24,6,0,0,6
18.2,9,isocontour,11.283791670955125,44826.92,94.33,20.3,4.9,0.984,2.4,-3.6,4.3,18.2,8.4,1.033,4,8,0,0,8
18.2,10,isocontour,11.283791670955125,45364.89,95.46,12.8,-16.4,0.987,-1.1,-1.4,1.8,10.0,-17.6,1.021,24,6,0,0,6
18.2,11,isocontour,11.283791670955125,44973.45,94.64,-20.1,-5.0,0.991,0.3,-2.5,2.5,-20.2,-1.4,1.018,23,6,0,0,6
18.2,12,isocontour,11.283791670955125,45425.67,95.59,-20.6,-2.7,0.992,1.5,1.7,2.3,-20.2,-1.4,1.018,23,6,0,0,6
18.2,13,isocontour,11.283791670955125,43602.59,91.76,20.8,0.4,0.989,0.6,-4.4,4.4,18.2,8.4,1.033,4,7,0,0,7
18.2,14,isocontour,11.283791670955125,44018.84,92.63,10.9,-17.6,0.994,-2.8,0.4,2.8,10.0,-17.6,1.021,24,6,0,0,6
18.2,15,isocontour,11.283791670955125,43485.44,91.51,17.9,10.5,0.988,-0.0,-1.3,1.3,18.2,8.4,1.033,4,8,0,0,8
18.2,16,isocontour,11.283791670955125,47319.84,99.58,-22.8,21.3,0.561,0.3,-0.9,0.9,-22.8,21.3,0.564,16,0,0,0,0
18.2,17,isocontour,11.283791670955125,44263.42,93.15,18.9,8.5,0.99,-0.5,0.6,0.8,18.2,8.4,1.033,4,8,0,0,8
18.2,18,isocontour,11.283791670955125,47302.49,99.54,2.5,24.9,0.783,-0.7,-0.7,1.0,2.5,24.9,0.781,18,0,0,0,0
18.2,19,isocontour,11.283791670955125,44832.04,94.34,-20.4,-0.0,1.013,-0.1,-1.2,1.2,-20.2,-1.4,1.018,23,6,0,0,6
18.2,20,isocontour,11.283791670955125,44700.86,94.07,10.4,-17.4,1.017,1.1,-0.1,1.1,10.0,-17.6,1.021,24,6,0,0,6
18.2,21,isocontour,11.283791670955125,44123.01,92.85,7.3,-19.5,0.986,1.7,0.2,1.7,10.0,-17.6,1.021,24,6,0,0,6
18.2,22,isocontour,11.283791670955125,46038.23,96.88,-20.2,-1.3,1.021,0.6,0.4,0.7,-20.2,-1.4,1.018,23,6,0,0,6
18.2,23,isocontour,11.283791670955125,45764.78,96.31,-20.3,-1.8,1.011,-1.3,-4.4,4.6,-20.3,-1.8,1.018,23,6,0,0,6
18.2,24,isocontour,11.283791670955125,44630.02,93.92,10.0,-17.6,1.02,0.5,-0.5,0.7,10.0,-17.6,1.021,24,6,0,0,6
18.2,25,isocontour,11.283791670955125,44705.49,94.08,-20.8,1.1,0.989,-0.4,2.5,2.5,-20.2,-1.4,1.018,23,6,0,0,6
18.2,Target,,,,,0.0,0.0,4.023,0.0,0.0,,,,,,,,,
18.3,1,isocontour,11.283791670955125,44726.03,94.12,18.9,8.4,0.995,3.2,-1.4,3.5,18.2,8.4,1.033,4,8,0,0,8
18.3,2,isocontour,11.283791670955125,43469.01,91.48,17.1,11.8,0.989,-0.7,0.4,0.8,18.2,8.4,1.033,4,7,0,0,7
18.3,3,isocontour,11.283791670955125,44758.52,94.19,18.5,9.3,0.992,0.4,-1.1,1.2,18.2,8.4,1.033,4,8,0,0,8
18.3,4,isocontour,11.283791670955125,45052.39,94.81,18.0,8.8,1.033,-2.2,2.7,3.5,18.2,8.4,1.033,4,8,0,0,8
18.3,5,isocontour,11.283791670955125,44216.36,93.05,15.7,13.5,0.992,-1.9,3.9,4.3,18.2,8.4,1.033,4,7,0,0,7
18.3,6,isocontour,11.283791670955125,44709.27,94.09,10.4,-18.1,0.982,-1.4,1.5,2.1,10.0,-17.6,1.021,24,6,0,0,6
18.3,7,isocontour,11.283791670955125,44580.01,93.81,-20.7,-1.8,0.989,0.2,-1.2,1.2,-20.2,-1.3,1.021,22,6,0,0,6
18.3,8,isocontour,11.283791670955125,44998.07,94.69,9.8,-18.0,1.005,1.6,-1.0,1.9,10.0,-17.6,1.021,24,6,0,0,6
18.3,9,isocontour,11.283791670955125,44824.66,94.33,20.3,5.0,0.982,-0.1,1.2,1.2,18.2,8.4,1.033,4,8,0,0,8
18.3,10,isocontour,11.283791670955125,45326.88,95.38,12.6,-16.6,0.988,-2.7,-1.5,3.1,10.0,-17.6,1.021,24,6,0,0,6
18.3,11,isocontour,11.283791670955125,44951.72,94.6,-20.1,-5.3,0.991,0.6,-2.5,2.6,-20.2,-1.3,1.021,22,6,0,0,6
18.3,12,isocontour,11.283791670955125,45414.75,95.57,-20.6,-2.5,0.989,-1.1,1.7,2.0,-20.2,-1.3,1.021,22,6,0,0,6
18.3,13,isocontour,11.283791670955125,43602.09,91.76,20.8,0.3,0.989,-0.2,-0.7,0.7,18.2,8.4,1.033,4,6,0,0,6
18.3,14,isocontour,11.283791670955125,44007.1,92.61,11.0,-17.7,0.986,1.3,-1.6,2.1,10.0,-17.6,1.021,24,6,0,0,6
18.3,15,isocontour,11.283791670955125,43481.8,91.5,17.9,10.4,0.994,-0.7,-1.2,1.4,18.2,8.4,1.033,4,8,0,0,8
18.3,16,isocontour,11.283791670955125,47318.74,99.58,-22.9,21.2,0.561,-0.6,-0.7,0.9,-22.9,21.2,0.564,16,0,0,0,0
18.3,17,isocontour,11.283791670955125,44223.93,93.06,19.2,8.5,0.978,3.1,-0.5,3.1,18.2,8.4,1.033,4,8,0,0,8
18.3,18,isocontour,11.283791670955125,47301.39,99.54,2.4,24.9,0.784,-0.9,0.1,0.9,2.4,24.9,0.783,18,0,0,0,0
18.3,19,isocontour,11.283791670955125,44793.67,94.26,-20.4,-0.3,1.013,-0.1,-3.1,3.1,-20.2,-1.3,1.021,22,6,0,0,6
18.3,20,isocontour,11.283791670955125,44696.74,94.06,10.3,-17.4,1.022,-1.4,0.4,1.5,10.0,-17.6,1.021,24,6,0,0,6
18.3,21,isocontour,11.283791670955125,44097.28,92.8,7.5,-19.5,0.984,2.6,0.6,2.7,10.0,-17.6,1.021,24,6,0,0,6
18.3,22,isocontour,11.283791670955125,46037.61,96.88,-20.2,-1.4,1.02,-0.3,-0.7,0.8,-20.2,-1.4,1.021,22,6,0,0,6
18.3,23,isocontour,11.283791670955125,45756.87,96.29,-20.3,-2.0,1.012,0.7,-1.7,1.8,-20.2,-1.3,1.021,22,6,0,0,6
18.3,24,isocontour,11.283791670955125,44613.58,93.88,10.2,-17.4,1.023,1.5,1.8,2.3,10.0,-17.6,1.021,24,6,0,0,6
18.3,25,isocontour,11.283791670955125,44704.13,94.07,-20.7,1.1,0.993,0.9,-0.3,0.9,-20.2,-1.3,1.021,22,6,0,0,6
18.3,Target,,,,,0.0,0.0,4.023,0.0,0.0,,,,,,,,,
18.4,1,isocontour,11.283791670955125,44661.06,93.98,19.0,8.1,0.997,0.6,-3.7,3.7,18.2,8.4,1.033,4,8,0,0,8
18.4,2,isocontour,11.283791670955125,43431.0,91.4,17.2,11.6,0.991,1.4,-2.8,3.1,18.2,8.4,1.033,4,7,0,0,7
18.4,3,isocontour,11.283791670955125,44754.95,94.18,18.6,9.3,0.985,1.1,0.9,1.4,18.2,8.4,1.033,4,8,0,0,8
18.4,4,isocontour,11.283791670955125,45048.82,94.8,18.1,8.8,1.028,1.4,-0.2,1.4,18.2,8.4,1.033,4,8,0,0,8
18.4,5,isocontour,11.283791670955125,44118.18,92.84,15.4,13.9,0.991,-2.8,3.2,4.3,18.2,8.4,1.033,4,7,0,0,7
18.4,6,isocontour,11.283791670955125,44699.57,94.06,10.4,-18.0,0.992,0.1,2.0,2.0,10.2,-17.4,1.023,24,6,0,0,6
18.4,7,isocontour,11.283791670955125,44551.05,93.75,-20.7,-1.6,0.989,-0.2,2.8,2.8,-20.2,-1.3,1.021,22,6,0,0,6
18.4,8,isocontour,11.283791670955125,44995.75,94.69,9.9,-17.9,1.004,0.9,0.8,1.2,10.2,-17.4,1.023,24,6,0,0,6
18.4,9,isocontour,11.283791670955125,44786.65,94.25,20.2,5.2,0.985,-1.3,2.8,3.1,18.2,8.4,1.033,4,8,0,0,8
18.4,10,isocontour,11.283791670955125,45318.31,95.37,12.4,-16.7,0.986,-1.2,-1.4,1.8,10.2,-17.4,1.023,24,6,0,0,6
18.4,11,isocontour,11.283791670955125,44914.44,94.52,-20.1,-5.6,0.985,-0.5,-3.0,3.0,-20.2,-1.3,1.021,22,6,0,0,6
18.4,12,isocontour,11.283791670955125,45413.9,95.57,-20.6,-2.5,0.992,0.9,0.0,0.9,-20.2,-1.3,1.021,22,6,0,0,6
18.4,13,isocontour,11.283791670955125,43564.45,91.68,20.7,0.6,0.992,-0.5,3.0,3.0,18.2,8.4,1.033,4,6,0,0,6
18.4,14,isocontour,11.283791670955125,44004.73,92.6,10.9,-17.7,0.989,-1.1,0.6,1.3,10.2,-17.4,1.023,24,6,0,0,6
18.4,15,isocontour,11.283791670955125,43457.72,91.45,18.1,10.3,0.989,2.4,-1.2,2.7,18.2,8.4,1.033,4,8,0,0,8
18.4,16,isocontour,11.283791670955125,47317.64,99.57,-23.0,21.1,0.561,-0.7,-0.6,0.9,-23.0,21.1,0.564,16,0,0,0,0
18.4,17,isocontour,11.283791670955125,44221.78,93.06,19.2,8.6,0.974,-0.1,1.2,1.2,18.2,8.4,1.033,4,8,0,0,8
18.4,18,isocontour,11.283791670955125,47300.29,99.54,2.4,24.9,0.781,-0.5,0.8,0.9,2.4,24.9,0.784,18,0,0,0,0
18.4,19,isocontour,11.283791670955125,44755.3,94.18,-20.4,-0.6,1.012,-0.1,-3.1,3.1,-20.2,-1.3,1.021,22,6,0,0,6
18.4,20,isocontour,11.283791670955125,44686.74,94.04,10.3,-17.5,1.014,0.5,-1.9,2.0,10.2,-17.4,1.023,24,6,0,0,6
18.4,21,isocontour,11.283791670955125,44087.58,92.78,7.6,-19.3,0.989,1.0,1.7,2.0,10.2,-17.4,1.023,24,6,0,0,6
18.4,22,isocontour,11.283791670955125,46035.0,96.88,-20.3,-1.4,1.014,-1.2,-0.4,1.3,-20.3,-1.4,1.021,22,6,0,0,6
18.4,23,isocontour,11.283791670955125,45754.82,96.29,-20.3,-1.9,1.012,-0.1,1.2,1.2,-20.2,-1.3,1.021,22,6,0,0,6
18.4,24,isocontour,11.283791670955125,44605.28,93.87,10.1,-17.5,1.021,-1.3,-1.3,1.8,10.1,-17.5,1.023,24,6,0,0,6
18.4,25,isocontour,11.283791670955125,44703.72,94.07,-20.7,1.1,0.993,-0.1,0.7,0.7,-20.2,-1.3,1.021,22,6,0,0,6
18.4,Target,,,,,0.0,0.0,4.023,0.0,0.0,,,,,,,,,
18.5,1,isocontour,11.283791670955125,44636.72,93.93,19.2,7.9,0.991,2.2,-1.5,2.7,18.2,8.4,1.033,4,8,0,0,8
18.5,2,isocontour,11.283791670955125,43429.06,91.39,17.3,11.6,0.986,0.7,0.9,1.1,18.2,8.4,1.033,4,7,0,0,7
18.5,3,isocontour,11.283791670955125,44754.36,94.18,18.6,9.4,0.986,-0.6,0.5,0.8,18.2,8.4,1.033,4,8,0,0,8
18.5,4,isocontour,11.283791670955125,45046.26,94.79,18.2,8.7,1.023,1.1,-0.5,1.2,18.2,8.4,1.033,4,8,0,0,8
18.5,5,isocontour,11.283791670955125,44095.43,92.79,15.3,14.1,0.991,-1.7,2.0,2.6,18.2,8.4,1.033,4,7,0,0,7
18.5,6,isocontour,11.283791670955125,44622.99,93.9,10.7,-18.0,0.982,3.9,-0.5,3.9,10.2,-17.4,1.023,24,6,0,0,6
18.5,7,isocontour,11.283791670955125,44495.99,93.64,-20.8,-1.3,0.985,-1.1,3.3,3.5,-20.2,-1.3,1.021,22,6,0,0,6
18.5,8,isocontour,11.283791670955125,44976.21,94.65,9.7,-18.0,1.009,-2.5,-0.3,2.5,10.2,-17.4,1.023,24,6,0,0,6
18.5,9,isocontour,11.283791670955125,44751.49,94.17,20.1,5.5,0.986,-1.0,2.8,3.0,18.2,8.4,1.033,4,8,0,0,8
18.5,10,isocontour,11.283791670955125,45315.76,95.36,12.3,-16.8,0.986,-1.0,-0.7,1.2,10.2,-17.4,1.023,24,6,0,0,6
18.5,11,isocontour,11.283791670955125,44912.18,94.51,-20.1,-5.5,0.983,-0.5,1.1,1.2,-20.2,-1.3,1.021,22,6,0,0,6
18.5,12,isocontour,11.283791670955125,45413.46,95.57,-20.6,-2.5,0.993,0.2,-0.7,0.7,-20.2,-1.3,1.021,22,6,0,0,6
18.5,13,isocontour,11.283791670955125,43563.97,91.68,20.7,0.6,0.991,0.3,-0.6,0.7,18.2,8.4,1.033,4,6,0,0,6
18.5,14,isocontour,11.283791670955125,43988.5,92.57,10.7,-17.8,0.99,-2.0,-1.2,2.3,10.2,-17.4,1.023,24,6,0,0,6
18.5,15,isocontour,11.283791670955125,43454.79,91.45,18.1,10.1,0.992,-0.5,-1.2,1.3,18.2,8.4,1.033,4,8,0,0,8
18.5,16,isocontour,11.283791670955125,47316.54,99.57,-23.0,21.2,0.558,-0.7,0.6,0.9,-23.0,21.2,0.564,16,0,0,0,0
18.5,17,isocontour,11.283791670955125,44221.02,93.06,19.1,8.6,0.977,-0.8,0.2,0.8,18.2,8.4,1.033,4,8,0,0,8
18.5,18,isocontour,11.283791670955125,47299.19,99.54,2.3,25.0,0.78,-0.9,0.1,0.9,2.3,25.0,0.784,18,0,0,0,0
18.5,19,isocontour,11.283791670955125,44752.74,94.18,-20.4,-0.8,1.009,-0.4,-1.2,1.3,-20.2,-1.3,1.021,22,6,0,0,6
18.5,20,isocontour,11.283791670955125,44682.27,94.03,10.3,-17.4,1.019,-0.8,1.3,1.5,10.2,-17.4,1.023,24,6,0,0,6
18.5,21,isocontour,11.283791670955125,44080.77,92.76,7.7,-19.2,0.995,1.0,1.4,1.7,10.2,-17.4,1.023,24,6,0,0,6
18.5,22,isocontour,11.283791670955125,46027.59,96.86,-20.3,-1.3,1.011,-0.4,1.7,1.7,-20.3,-1.3,1.021,22,6,0,0,6
18.5,23,isocontour,11.283791670955125,45751.4,96.28,-20.3,-1.8,1.014,0.2,1.4,1.4,-20.2,-1.3,1.021,22,6,0,0,6
18.5,24,isocontour,11.283791670955125,44604.71,93.87,10.1,-17.6,1.017,0.0,-0.8,0.8,10.2,-17.4,1.023,24,6,0,0,6
18.5,25,isocontour,11.283791670955125,44682.49,94.03,-20.7,1.3,0.991,-0.2,2.5,2.5,-20.2,-1.3,1.021,22,6,0,0,6
18.5,Target,,,,,0.0,0.0,4.023,0.0,0.0,,,,,,,,,
18.6,1,isocontour,11.283791670955125,44567.47,93.79,19.4,7.6,0.985,2.4,-3.0,3.8,18.2,8.4,1.033,4,8,0,0,8
18.6,2,isocontour,11.283791670955125,43427.06,91.39,17.3,11.5,0.986,0.5,-1.0,1.1,18.2,8.4,1.033,4,7,0,0,7
18.6,3,isocontour,11.283791670955125,44717.08,94.1,18.6,9.1,0.995,-0.5,-3.0,3.0,18.2,8.4,1.033,4,8,0,0,8
18.6,4,isocontour,11.283791670955125,45016.99,94.73,18.3,8.5,1.021,1.4,-2.4,2.8,18.2,8.4,1.033,4,8,0,0,8
18.6,5,isocontour,11.283791670955125,44074.2,92.75,15.1,14.3,0.989,-1.4,2.1,2.5,18.2,8.4,1.033,4,7,0,0,7
18.6,6,isocontour,11.283791670955125,44622.57,93.9,10.7,-18.0,0.978,-0.1,-0.7,0.7,10.2,-17.4,1.023,24,6,0,0,6
18.6,7,isocontour,11.283791670955125,44484.74,93.61,-20.8,-1.1,0.984,-0.1,2.1,2.1,-20.2,-1.3,1.021,22,6,0,0,6
18.6,8,isocontour,11.283791670955125,44974.27,94.64,9.6,-17.9,1.015,-0.9,0.7,1.1,10.2,-17.4,1.023,24,6,0,0,6
18.6,9,isocontour,11.283791670955125,44748.82,94.17,20.0,5.6,0.989,-0.8,0.9,1.2,18.2,8.4,1.033,4,8,0,0,8
18.6,10,isocontour,11.283791670955125,45291.95,95.31,12.1,-16.8,0.993,-2.6,-0.3,2.6,10.2,-17.4,1.023,24,6,0,0,6
18.6,11,isocontour,11.283791670955125,44909.74,94.51,-20.2,-5.4,0.984,-0.2,1.2,1.2,-20.2,-1.3,1.021,22,6,0,0,6
18.6,12,isocontour,11.283791670955125,45303.1,95.33,-20.6,-2.9,0.99,-0.2,-4.4,4.4,-20.2,-1.3,1.021,22,6,0,0,6
18.6,13,isocontour,11.283791670955125,43542.24,91.63,20.8,0.3,0.987,0.7,-2.5,2.6,18.2,8.4,1.033,4,6,0,0,6
18.6,14,isocontour,11.283791670955125,43949.39,92.49,10.9,-17.6,0.993,2.4,2.0,3.1,10.2,-17.4,1.023,24,6,0,0,6
18.6,15,isocontour,11.283791670955125,43434.53,91.4,18.0,10.3,0.99,-0.6,2.4,2.5,18.2,8.4,1.033,4,8,0,0,8
18.6,16,isocontour,11.283791670955125,47315.44,99.57,-23.0,21.1,0.56,0.2,-0.9,0.9,-23.0,21.1,0.564,16,0,0,0,0
18.6,17,isocontour,11.283791670955125,44213.97,93.04,19.0,8.5,0.985,-1.4,-1.1,1.8,18.2,8.4,1.033,4,8,0,0,8
18.6,18,isocontour,11.283791670955125,47298.09,99.53,2.4,25.0,0.78,0.9,-0.1,0.9,2.4,25.0,0.784,18,0,0,0,0
18.6,19,isocontour,11.283791670955125,44742.29,94.15,-20.3,-0.6,1.015,1.3,1.5,2.0,-20.2,-1.3,1.021,22,6,0,0,6
18.6,20,isocontour,11.283791670955125,44679.27,94.02,10.2,-17.4,1.026,-1.1,0.7,1.3,10.2,-17.4,1.023,24,6,0,0,6
18.6,21,isocontour,11.283791670955125,44075.66,92.75,7.7,-19.3,0.99,-0.7,-1.4,1.6,10.2,-17.4,1.023,24,6,0,0,6
18.6,22,isocontour,11.283791670955125,46021.99,96.85,-20.3,-1.4,1.013,0.4,-1.6,1.6,-20.3,-1.4,1.021,22,6,0,0,6
18.6,23,isocontour,11.283791670955125,45747.52,96.27,-20.3,-1.9,1.009,-0.9,-1.1,1.4,-20.2,-1.3,1.021,22,6,0,0,6
18.6,24,isocontour,11.283791670955125,44602.67,93.86,10.1,-17.6,1.018,0.8,0.8,1.1,10.2,-17.4,1.023,24,6,0,0,6
18.6,25,isocontour,11.283791670955125,44572.13,93.8,-20.7,1.8,0.989,-0.2,4.4,4.4,-20.2,-1.3,1.021,22,6,0,0,6
18.6,Target,,,,,0.0,0.0,4.023,0.0,0.0,,,,,,,,,
18.7,1,isocontour,11.283791670955125,44565.37,93.78,19.4,7.6,0.985,-0.6,1.0,1.2,18.2,8.4,1.033,4,8,0,0,8
18.7,2,isocontour,11.283791670955125,43407.76,91.35,17.5,11.4,0.984,1.7,-1.8,2.5,18.2,8.4,1.033,4,7,0,0,7
18.7,3,isocontour,11.283791670955125,44716.67,94.1,18.6,9.1,0.993,0.4,0.5,0.6,18.2,8.4,1.033,4,8,0,0,8
18.7,4,isocontour,11.283791670955125,45014.32,94.73,18.5,8.5,1.015,1.3,-0.0,1.3,18.2,8.4,1.033,4,8,0,0,8
18.7,5,isocontour,11.283791670955125,44072.88,92.75,15.2,14.3,0.985,1.0,0.1,1.0,18.2,8.4,1.033,4,7,0,0,7
18.7,6,isocontour,11.283791670955125,44581.17,93.82,10.5,-18.0,0.984,-3.2,-0.0,3.2,10.2,-17.4,1.026,20,6,0,0,6
18.7,7,isocontour,11.283791670955125,44459.57,93.56,-20.6,-1.0,0.997,2.6,0.7,2.7,-20.2,-1.3,1.021,22,6,0,0,6
18.7,8,isocontour,11.283791670955125,44973.1,94.64,9.6,-17.8,1.018,0.5,0.8,0.9,10.2,-17.4,1.026,20,6,0,0,6
18.7,9,isocontour,11.283791670955125,44712.96,94.09,19.9,5.9,0.99,-1.0,2.9,3.1,18.2,8.4,1.033,4,8,0,0,8
18.7,10,isocontour,11.283791670955125,45289.4,95.31,12.1,-16.7,0.997,0.4,1.2,1.3,10.2,-17.4,1.026,20,6,0,0,6
18.7,11,isocontour,11.283791670955125,44875.28,94.43,-20.1,-5.1,0.989,0.3,3.0,3.0,-20.2,-1.3,1.021,22,6,0,0,6
18.7,12,isocontour,11.283791670955125,45302.1,95.33,-20.6,-2.9,0.986,-0.8,0.4,0.9,-20.2,-1.3,1.021,22,6,0,0,6
18.7,13,isocontour,11.283791670955125,43541.71,91.63,20.8,0.2,0.988,-0.2,-0.7,0.7,18.2,8.4,1.033,4,6,0,0,6
18.7,14,isocontour,11.283791670955125,43946.83,92.48,11.0,-17.7,0.987,0.9,-0.8,1.2,10.2,-17.4,1.026,20,6,0,0,6
18.7,15,isocontour,11.283791670955125,43324.17,91.17,17.8,10.7,0.987,-1.8,4.1,4.5,18.2,8.4,1.033,4,8,0,0,8
18.7,16,isocontour,11.283791670955125,47314.34,99.57,-23.1,21.1,0.559,-0.8,-0.4,0.9,-23.1,21.1,0.564,16,0,0,0,0
18.7,17,isocontour,11.283791670955125,44199.35,93.01,18.8,8.5,0.997,-2.2,-0.5,2.3,18.2,8.4,1.033,4,8,0,0,8
18.7,18,isocontour,11.283791670955125,47296.99,99.53,2.4,24.9,0.782,0.8,-0.4,0.9,2.4,24.9,0.784,18,0,0,0,0
18.7,19,isocontour,11.283791670955125,44741.55,94.15,-20.3,-0.5,1.017,0.2,0.8,0.8,-20.2,-1.3,1.021,22,6,0,0,6
18.7,20,isocontour,11.283791670955125,44678.83,94.02,10.2,-17.3,1.028,0.5,0.5,0.7,10.2,-17.3,1.026,20,6,0,0,6
18.7,21,isocontour,11.283791670955125,43986.16,92.56,7.3,-19.4,0.99,-3.9,-1.3,4.1,10.2,-17.4,1.026,20,6,0,0,6
18.7,22,isocontour,11.283791670955125,45996.54,96.79,-20.2,-1.6,1.017,1.0,-2.5,2.7,-20.2,-1.6,1.021,22,6,0,0,6
18.7,23,isocontour,11.283791670955125,45747.11,96.27,-20.4,-1.9,1.008,-0.1,-0.7,0.7,-20.2,-1.3,1.021,22,6,0,0,6
18.7,24,isocontour,11.283791670955125,44568.2,93.79,10.1,-17.8,1.006,-0.1,-3.0,3.0,10.2,-17.4,1.026,20,6,0,0,6
18.7,25,isocontour,11.283791670955125,44571.74,93.8,-20.7,1.9,0.988,-0.0,0.7,0.7,-20.2,-1.3,1.021,22,6,0,0,6
18.7,Target,,,,,0.0,0.0,4.023,0.0,0.0,,,,,,,,,
18.8,1,isocontour,11.283791670955125,44548.09,93.75,19.3,7.8,0.987,-1.2,2.0,2.3,18.2,8.4,1.033,4,8,0,0,8
18.8,2,isocontour,11.283791670955125,43399.32,91.33,17.6,11.2,0.982,1.4,-1.3,1.9,18.2,8.4,1.033,4,7,0,0,7
18.8,3,isocontour,11.283791670955125,44685.52,94.04,18.5,9.3,0.992,-1.2,2.6,2.9,18.2,8.4,1.033,4,8,0,0,8
18.8,4,isocontour,11.283791670955125,44995.7,94.69,18.4,8.3,1.023,-1.2,-2.1,2.4,18.2,8.4,1.033,4,8,0,0,8
18.8,5,isocontour,11.283791670955125,44034.87,92.67,15.3,14.1,0.988,1.5,-2.7,3.1,18.2,8.4,1.033,4,7,0,0,7
18.8,6,isocontour,11.283791670955125,44569.93,93.79,10.6,-18.0,0.981,2.1,0.1,2.1,10.2,-17.3,1.028,20,6,0,0,6
18.8,7,isocontour,11.283791670955125,44458.6,93.56,-20.6,-0.9,0.998,-0.3,0.9,0.9,-20.2,-1.3,1.021,22,6,0,0,6
18.8,8,isocontour,11.283791670955125,44971.15,94.64,9.6,-17.7,1.024,-0.8,0.8,1.1,10.2,-17.3,1.028,20,6,0,0,6
18.8,9,isocontour,11.283791670955125,44700.71,94.07,19.9,5.7,0.994,-0.1,-2.1,2.1,18.2,8.4,1.033,4,8,0,0,8
18.8,10,isocontour,11.283791670955125,45212.23,95.14,12.3,-16.5,1.0,2.9,2.7,4.0,10.2,-17.3,1.028,20,6,0,0,6
18.8,11,isocontour,11.283791670955125,44837.64,94.36,-20.2,-4.8,0.991,-0.5,3.0,3.0,-20.2,-1.3,1.021,22,6,0,0,6
18.8,12,isocontour,11.283791670955125,45299.72,95.33,-20.6,-2.8,0.986,0.1,1.2,1.2,-20.2,-1.3,1.021,22,6,0,0,6
18.8,13,isocontour,11.283791670955125,43539.04,91.62,20.8,0.3,0.99,-0.5,1.2,1.3,18.2,8.4,1.033,4,6,0,0,6
18.8,14,isocontour,11.283791670955125,43941.02,92.47,11.1,-17.6,0.99,0.8,1.4,1.6,10.2,-17.3,1.028,20,6,0,0,6
18.8,15,isocontour,11.283791670955125,43321.8,91.17,17.9,10.7,0.986,0.7,-1.0,1.2,18.2,8.4,1.033,4,8,0,0,8
18.8,16,isocontour,11.283791670955125,47313.24,99.56,-23.1,21.0,0.561,0.4,-0.8,0.9,-23.1,21.0,0.564,16,0,0,0,0
18.8,17,isocontour,11.283791670955125,44152.29,92.91,18.9,8.2,0.996,1.8,-2.8,3.3,18.2,8.4,1.033,4,8,0,0,8
18.8,18,isocontour,11.283791670955125,47295.89,99.53,2.5,24.9,0.781,0.9,0.1,0.9,2.5,24.9,0.784,18,0,0,0,0
18.8,19,isocontour,11.283791670955125,44740.62,94.15,-20.2,-0.5,1.021,0.7,0.5,0.9,-20.2,-1.3,1.021,22,6,0,0,6
18.8,20,isocontour,11.283791670955125,44633.03,93.92,10.4,-17.2,1.027,2.9,1.6,3.3,10.4,-17.2,1.028,20,6,0,0,6
18.8,21,isocontour,11.283791670955125,43894.7,92.37,6.9,-19.6,0.99,-3.9,-1.4,4.1,10.2,-17.3,1.028,20,6,0,0,6
18.8,22,isocontour,11.283791670955125,45986.98,96.77,-20.3,-1.5,1.012,-1.4,1.4,2.0,-20.3,-1.5,1.021,22,6,0,0,6
18.8,23,isocontour,11.283791670955125,45638.24,96.04,-20.3,-2.3,1.008,0.5,-4.4,4.4,-20.2,-1.3,1.021,22,6,0,0,6
18.8,24,isocontour,11.283791670955125,44558.8,93.77,10.2,-18.0,0.995,0.8,-1.8,2.0,10.2,-17.3,1.028,20,6,0,0,6
18.8,25,isocontour,11.283791670955125,44533.37,93.71,-20.7,1.6,0.99,0.3,-3.1,3.1,-20.2,-1.3,1.021,22,6,0,0,6
18.8,Target,,,,,0.0,0.0,4.023,0.0,0.0,,,,,,,,,
18.9,1,isocontour,11.283791670955125,44513.28,93.67,19.2,7.6,0.997,-1.2,-2.8,3.0,18.2,8.4,1.033,4,8,0,0,8
18.9,2,isocontour,11.283791670955125,43396.95,91.32,17.7,11.1,0.983,0.4,-1.1,1.2,18.2,8.4,1.033,4,7,0,0,7
18.9,3,isocontour,11.283791670955125,44659.5,93.98,18.4,9.6,0.991,-1.1,2.5,2.7,18.2,8.4,1.033,4,8,0,0,8
18.9,4,isocontour,11.283791670955125,44994.91,94.69,18.3,8.3,1.029,-0.8,0.0,0.8,18.2,8.4,1.033,4,8,0,0,8
18.9,5,isocontour,11.283791670955125,44026.57,92.65,15.3,13.9,0.994,0.1,-1.9,1.9,18.2,8.4,1.033,4,7,0,0,7
18.9,6,isocontour,11.283791670955125,44467.55,93.58,11.0,-17.9,0.976,4.1,1.3,4.3,10.2,-17.3,1.028,20,6,0,0,6
18.9,7,isocontour,11.283791670955125,44344.48,93.32,-20.7,-0.5,0.992,-1.2,4.3,4.5,-20.2,-1.3,1.021,22,6,0,0,6
18.9,8,isocontour,11.283791670955125,44963.62,94.62,9.7,-17.6,1.028,1.1,1.4,1.8,10.2,-17.3,1.028,20,6,0,0,6
18.9,9,isocontour,11.283791670955125,44599.05,93.85,20.0,5.4,0.994,1.2,-4.1,4.3,18.2,8.4,1.033,4,8,0,0,8
18.9,10,isocontour,11.283791670955125,45191.0,95.1,12.5,-16.3,1.0,2.1,1.5,2.6,10.2,-17.3,1.028,20,6,0,0,6
18.9,11,isocontour,11.283791670955125,44816.9,94.31,-20.1,-5.0,0.991,0.5,-2.5,2.5,-20.2,-1.3,1.021,22,6,0,0,6
18.9,12,isocontour,11.283791670955125,45261.35,95.25,-20.6,-2.5,0.991,0.4,3.1,3.1,-20.2,-1.3,1.021,22,6,0,0,6
18.9,13,isocontour,11.283791670955125,43538.45,91.62,20.7,0.3,0.992,-0.1,-0.7,0.7,18.2,8.4,1.033,4,6,0,0,6
18.9,14,isocontour,11.283791670955125,43912.36,92.41,10.9,-17.7,0.988,-2.0,-2.0,2.8,10.2,-17.3,1.028,20,6,0,0,6
18.9,15,isocontour,11.283791670955125,43315.98,91.15,18.0,10.6,0.985,1.1,-1.2,1.6,18.2,8.4,1.033,4,8,0,0,8
18.9,16,isocontour,11.283791670955125,47312.14,99.56,-23.0,21.0,0.562,0.7,0.6,0.9,-23.0,21.0,0.564,16,0,0,0,0
18.9,17,isocontour,11.283791670955125,44145.01,92.9,19.0,8.3,0.99,0.6,1.7,1.8,18.2,8.4,1.033,4,8,0,0,8
18.9,18,isocontour,11.283791670955125,47294.79,99.53,2.6,24.9,0.78,0.9,0.2,0.9,2.6,24.9,0.784,18,0,0,0,0
18.9,19,isocontour,11.283791670955125,44715.44,94.1,-20.2,-0.7,1.019,-0.5,-2.7,2.7,-20.2,-0.7,1.021,19,6,0,0,6
18.9,20,isocontour,11.283791670955125,44615.96,93.89,10.6,-17.0,1.03,1.7,1.7,2.4,10.6,-17.0,1.028,20,6,0,0,6
18.9,21,isocontour,11.283791670955125,43793.04,92.16,6.5,-19.7,0.99,-4.0,-1.6,4.3,10.2,-17.3,1.028,20,6,0,0,6
18.9,22,isocontour,11.283791670955125,45978.68,96.76,-20.5,-1.5,1.002,-1.9,-0.1,1.9,-20.5,-1.5,1.021,22,6,0,0,6
18.9,23,isocontour,11.283791670955125,45633.85,96.03,-20.2,-2.3,1.012,0.8,1.3,1.5,-20.2,-1.3,1.021,22,6,0,0,6
18.9,24,isocontour,11.283791670955125,44537.32,93.72,10.1,-18.2,0.989,-1.7,-1.9,2.5,10.2,-17.3,1.028,20,6,0,0,6
18.9,25,isocontour,11.283791670955125,44512.38,93.67,-20.7,1.8,0.989,-0.0,2.5,2.5,-20.2,-1.3,1.021,22,6,0,0,6
18.9,Target,,,,,0.0,0.0,4.023,0.0,0.0,,,,,,,,,
19.0,1,isocontour,11.283791670955125,44497.05,93.64,19.3,7.7,0.99,1.2,2.0,2.3,18.2,8.4,1.033,4,8,0,0,8
19.0,2,isocontour,11.283791670955125,43394.51,91.32,17.7,11.0,0.985,0.3,-1.2,1.2,18.2,8.4,1.033,4,8,0,0,8
19.0,3,isocontour,11.283791670955125,44628.03,93.91,18.3,9.9,0.989,-1.0,2.7,2.9,18.2,8.4,1.033,4,8,0,0,8
19.0,4,isocontour,11.283791670955125,44980.67,94.66,18.5,8.2,1.021,2.2,-0.5,2.3,18.2,8.4,1.033,4,8,0,0,8
19.0,5,isocontour,11.283791670955125,44007.03,92.61,15.3,14.1,0.991,-0.9,2.3,2.5,18.2,8.4,1.033,4,7,0,0,7
19.0,6,isocontour,11.283791670955125,44466.59,93.57,11.1,-17.9,0.973,0.9,-0.0,0.9,10.6,-17.0,1.03,20,6,0,0,6
19.0,7,isocontour,11.283791670955125,44236.34,93.09,-20.8,-0.1,0.987,-0.9,4.3,4.4,-20.2,-1.3,1.021,22,6,0,0,6
19.0,8,isocontour,11.283791670955125,44961.25,94.62,9.8,-17.5,1.029,1.1,0.5,1.2,10.6,-17.0,1.03,20,6,0,0,6
19.0,9,isocontour,11.283791670955125,44568.85,93.79,20.1,5.1,0.994,0.8,-2.8,2.9,18.2,8.4,1.033,4,8,0,0,8
19.0,10,isocontour,11.283791670955125,45190.56,95.1,12.6,-16.3,1.001,0.5,0.5,0.7,10.6,-17.0,1.03,20,6,0,0,6
19.0,11,isocontour,11.283791670955125,44706.54,94.08,-20.1,-5.4,0.987,0.5,-4.4,4.4,-20.2,-1.3,1.021,22,6,0,0,6
19.0,12,isocontour,11.283791670955125,45222.24,95.16,-20.8,-2.6,0.977,-2.9,-1.3,3.2,-20.2,-1.3,1.021,22,6,0,0,6
19.0,13,isocontour,11.283791670955125,43516.72,91.58,20.8,0.1,0.989,0.7,-2.5,2.6,18.2,8.4,1.033,4,7,0,0,7
19.0,14,isocontour,11.283791670955125,43888.28,92.36,11.1,-17.6,0.987,2.3,1.3,2.6,10.6,-17.0,1.03,20,6,0,0,6
19.0,15,isocontour,11.283791670955125,43307.55,91.14,18.1,10.4,0.983,1.2,-1.4,1.8,18.2,8.4,1.033,4,8,0,0,8
19.0,16,isocontour,11.283791670955125,47311.04,99.56,-23.1,21.0,0.561,-0.9,-0.4,1.0,-23.1,21.0,0.564,16,0,0,0,0
19.0,17,isocontour,11.283791670955125,44125.7,92.86,19.1,8.5,0.979,1.4,2.0,2.4,18.2,8.4,1.033,4,8,0,0,8
19.0,18,isocontour,11.283791670955125,47293.69,99.52,2.6,24.9,0.78,-0.9,-0.1,0.9,2.6,24.9,0.784,18,0,0,0,0
19.0,19,isocontour,11.283791670955125,44652.03,93.96,-20.1,-1.0,1.024,1.3,-3.4,3.6,-20.1,-1.0,1.021,19,6,0,0,6
19.0,20,isocontour,11.283791670955125,44591.88,93.84,10.8,-16.8,1.032,2.1,1.7,2.7,10.8,-16.8,1.03,20,6,0,0,6
19.0,21,isocontour,11.283791670955125,43792.04,92.15,6.4,-19.7,0.993,-0.6,0.7,0.9,10.6,-17.0,1.03,20,6,0,0,6
19.0,22,isocontour,11.283791670955125,45977.11,96.75,-20.5,-1.4,1.0,-0.2,1.0,1.0,-20.5,-1.4,1.021,22,6,0,0,6
19.0,23,isocontour,11.283791670955125,45630.05,96.02,-20.2,-2.1,1.016,0.4,1.4,1.5,-20.2,-1.3,1.021,22,6,0,0,6
19.0,24,isocontour,11.283791670955125,44535.05,93.72,10.1,-18.3,0.983,0.4,-1.1,1.2,10.6,-17.0,1.03,20,6,0,0,6
19.0,25,isocontour,11.283791670955125,44510.01,93.67,-20.7,1.7,0.99,0.1,-1.2,1.2,-20.2,-1.3,1.021,22,6,0,0,6
19.0,Target,,,,,0.0,0.0,4.023,0.0,0.0,,,,,,,,,
19.1,1,isocontour,11.283791670955125,44495.95,93.64,19.3,7.7,0.99,-0.0,-0.9,0.9,18.2,8.4,1.033,4,8,0,0,8
19.1,2,isocontour,11.283791670955125,43389.21,91.31,17.7,10.9,0.99,-0.2,-1.6,1.6,18.2,8.4,1.033,4,7,0,0,7
19.1,3,isocontour,11.283791670955125,44626.97,93.91,18.2,9.9,0.992,-0.9,0.2,0.9,18.2,8.4,1.033,4,8,0,0,8
19.1,4,isocontour,11.283791670955125,44958.69,94.61,18.6,8.0,1.019,1.1,-2.3,2.5,18.2,8.4,1.033,4,8,0,0,8
19.1,5,isocontour,11.283791670955125,43954.27,92.5,15.0,14.3,0.991,-2.5,2.4,3.5,18.2,8.4,1.033,4,7,0,0,7
19.1,6,isocontour,11.283791670955125,44461.76,93.56,11.2,-17.8,0.973,1.2,1.0,1.6,10.8,-16.8,1.032,20,6,0,0,6
19.1,7,isocontour,11.283791670955125,44235.95,93.09,-20.8,0.0,0.986,-0.0,0.7,0.7,-20.1,-1.0,1.024,19,6,0,0,6
19.1,8,isocontour,11.283791670955125,44958.87,94.61,9.9,-17.5,1.027,1.2,0.4,1.3,10.8,-16.8,1.032,20,6,0,0,6
19.1,9,isocontour,11.283791670955125,44547.62,93.74,20.2,4.8,0.991,1.2,-2.3,2.6,18.2,8.4,1.033,4,8,0,0,8
19.1,10,isocontour,11.283791670955125,45169.33,95.05,12.8,-16.1,0.999,2.2,1.4,2.6,10.8,-16.8,1.032,20,6,0,0,6
19.1,11,isocontour,11.283791670955125,44704.11,94.07,-20.1,-5.4,0.988,0.0,1.2,1.2,-20.1,-1.0,1.024,19,6,0,0,6
19.1,12,isocontour,11.283791670955125,45218.96,95.16,-20.9,-2.5,0.974,-0.3,1.3,1.3,-20.1,-1.0,1.024,19,6,0,0,6
19.1,13,isocontour,11.283791670955125,43514.4,91.57,20.8,0.1,0.989,-0.1,1.2,1.2,18.2,8.4,1.033,4,6,0,0,6
19.1,14,isocontour,11.283791670955125,43841.23,92.26,11.3,-17.3,0.994,1.6,2.9,3.3,10.8,-16.8,1.032,20,6,0,0,6
19.1,15,isocontour,11.283791670955125,43304.68,91.13,18.1,10.3,0.986,-0.1,-1.3,1.3,18.2,8.4,1.033,4,8,0,0,8
19.1,16,isocontour,11.283791670955125,47309.94,99.56,-23.1,21.1,0.559,0.1,0.9,0.9,-23.1,21.1,0.564,16,0,0,0,0
19.1,17,isocontour,11.283791670955125,44125.28,92.86,19.2,8.5,0.977,0.3,-0.6,0.7,18.2,8.4,1.033,4,8,0,0,8
19.1,18,isocontour,11.283791670955125,47292.59,99.52,2.5,24.9,0.782,-0.9,-0.2,0.9,2.5,24.9,0.784,18,0,0,0,0
19.1,19,isocontour,11.283791670955125,44650.59,93.96,-20.1,-1.0,1.025,0.1,1.0,1.0,-20.1,-1.0,1.024,19,6,0,0,6
19.1,20,isocontour,11.283791670955125,44574.59,93.8,11.1,-16.7,1.03,2.2,0.9,2.4,11.1,-16.7,1.032,20,6,0,0,6
19.1,21,isocontour,11.283791670955125,43791.13,92.15,6.4,-19.7,0.995,-0.9,0.0,0.9,10.8,-16.8,1.032,20,6,0,0,6
19.1,22,isocontour,11.283791670955125,45972.0,96.74,-20.7,-1.4,0.992,-1.5,-0.3,1.5,-20.1,-1.0,1.024,19,6,0,0,6
19.1,23,isocontour,11.283791670955125,45622.14,96.01,-20.2,-2.0,1.018,0.2,1.8,1.8,-20.1,-1.0,1.024,19,6,0,0,6
19.1,24,isocontour,11.283791670955125,44527.53,93.7,10.1,-18.2,0.988,0.6,1.7,1.8,10.8,-16.8,1.032,20,6,0,0,6
19.1,25,isocontour,11.283791670955125,44507.63,93.66,-20.7,1.6,0.991,0.1,-1.2,1.2,-20.1,-1.0,1.024,19,6,0,0,6
19.1,Target,,,,,0.0,0.0,4.023,0.0,0.0,,,,,,,,,
19.2,1,isocontour,11.283791670955125,44495.51,93.64,19.3,7.6,0.989,0.4,-0.5,0.6,18.2,8.4,1.033,4,8,0,0,8
19.2,2,isocontour,11.283791670955125,43350.83,91.23,17.8,10.6,0.994,0.9,-3.0,3.1,18.2,8.4,1.033,4,8,0,0,8
19.2,3,isocontour,11.283791670955125,44604.98,93.87,18.4,9.9,0.982,2.6,-0.3,2.6,18.2,8.4,1.033,4,8,0,0,8
19.2,4,isocontour,11.283791670955125,44934.34,94.56,18.6,8.2,1.015,-0.3,2.7,2.7,18.2,8.4,1.033,4,8,0,0,8
19.2,5,isocontour,11.283791670955125,43931.52,92.45,14.9,14.5,0.987,-1.2,2.3,2.6,18.2,8.4,1.033,4,7,0,0,7
19.2,6,isocontour,11.283791670955125,44460.51,93.56,11.3,-17.9,0.969,0.8,-0.6,1.0,10.8,-16.8,1.032,20,6,0,0,6
19.2,7,isocontour,11.283791670955125,44199.03,93.01,-20.8,-0.2,0.989,0.6,-3.0,3.1,-20.1,-1.0,1.025,19,6,0,0,6
19.2,8,isocontour,11.283791670955125,44952.95,94.6,10.0,-17.4,1.03,1.1,1.2,1.6,10.8,-16.8,1.032,20,6,0,0,6
19.2,9,isocontour,11.283791670955125,44450.12,93.54,20.3,4.4,0.989,1.2,-4.1,4.3,18.2,8.4,1.033,4,8,0,0,8
19.2,10,isocontour,11.283791670955125,45069.07,94.84,13.1,-15.9,1.0,3.3,2.8,4.3,10.8,-16.8,1.032,20,6,0,0,6
19.2,11,isocontour,11.283791670955125,44666.1,93.99,-20.1,-5.1,0.992,-0.1,3.1,3.1,-20.1,-1.0,1.025,19,6,0,0,6
19.2,12,isocontour,11.283791670955125,45216.41,95.15,-20.9,-2.4,0.977,0.6,1.1,1.3,-20.1,-1.0,1.025,19,6,0,0,6
19.2,13,isocontour,11.283791670955125,43511.72,91.57,20.7,0.2,0.991,-0.5,1.2,1.3,18.2,8.4,1.033,4,7,0,0,7
19.2,14,isocontour,11.283791670955125,43779.35,92.13,11.4,-17.0,1.006,1.3,3.4,3.6,10.8,-16.8,1.032,20,6,0,0,6
19.2,15,isocontour,11.283791670955125,43304.24,91.13,18.2,10.3,0.984,0.6,0.3,0.7,18.2,8.4,1.033,4,8,0,0,8
19.2,16,isocontour,11.283791670955125,47308.84,99.56,-23.0,21.0,0.561,0.4,-0.9,1.0,-23.0,21.0,0.564,16,0,0,0,0
19.2,17,isocontour,11.283791670955125,44100.11,92.8,19.0,8.4,0.989,-2.3,-1.3,2.6,18.2,8.4,1.033,4,8,0,0,8
19.2,18,isocontour,11.283791670955125,47291.49,99.52,2.5,24.8,0.785,0.3,-0.9,0.9,2.5,24.8,0.784,18,0,0,0,0
19.2,19,isocontour,11.283791670955125,44630.58,93.92,-20.2,-1.2,1.018,-1.5,-2.0,2.5,-20.2,-1.2,1.025,19,6,0,0,6
19.2,20,isocontour,11.283791670955125,44551.58,93.75,11.3,-16.8,1.018,2.3,-1.2,2.6,10.8,-16.8,1.032,20,6,0,0,6
19.2,21,isocontour,11.283791670955125,43746.15,92.06,6.1,-19.7,0.997,-3.2,-0.6,3.3,10.8,-16.8,1.032,20,6,0,0,6
19.2,22,isocontour,11.283791670955125,45938.89,96.67,-20.8,-1.7,0.982,-1.6,-2.5,3.0,-20.1,-1.0,1.025,19,6,0,0,6
19.2,23,isocontour,11.283791670955125,45588.36,95.94,-20.2,-1.7,1.015,-1.0,2.8,3.0,-20.1,-1.0,1.025,19,6,0,0,6
19.2,24,isocontour,11.283791670955125,44504.51,93.65,10.3,-18.1,0.988,2.4,1.1,2.6,10.8,-16.8,1.032,20,6,0,0,6
19.2,25,isocontour,11.283791670955125,44507.23,93.66,-20.7,1.6,0.991,0.0,0.7,0.7,-20.1,-1.0,1.025,19,6,0,0,6
19.2,Target,,,,,0.0,0.0,4.023,0.0,0.0,,,,,,,,,
19.3,1,isocontour,11.283791670955125,44421.24,93.48,19.4,7.3,0.993,0.5,-3.8,3.8,18.2,8.4,1.033,4,8,0,0,8
19.3,2,isocontour,11.283791670955125,43268.27,91.05,17.6,10.8,0.994,-1.9,3.5,4.0,18.2,8.4,1.033,4,8,0,0,8
19.3,3,isocontour,11.283791670955125,44604.77,93.87,18.4,10.0,0.98,-0.1,0.5,0.5,18.2,8.4,1.033,4,8,0,0,8
19.3,4,isocontour,11.283791670955125,44862.34,94.41,18.5,8.0,1.028,-1.5,-3.5,3.8,18.2,8.4,1.033,4,8,0,0,8
19.3,5,isocontour,11.283791670955125,43930.04,92.45,14.8,14.5,0.992,-0.7,-0.8,1.1,18.2,8.4,1.033,4,6,0,0,6
19.3,6,isocontour,11.283791670955125,44445.5,93.53,11.5,-17.8,0.968,1.9,1.2,2.2,10.8,-16.8,1.032,20,6,0,0,6
19.3,7,isocontour,11.283791670955125,44162.47,92.93,-20.7,-0.5,0.993,0.7,-3.0,3.1,-20.1,-1.0,1.025,19,6,0,0,6
19.3,8,isocontour,11.283791670955125,44920.17,94.53,10.2,-17.3,1.03,2.6,1.4,3.0,10.8,-16.8,1.032,20,6,0,0,6
19.3,9,isocontour,11.283791670955125,44448.33,93.54,20.3,4.5,0.989,-0.3,1.1,1.1,18.2,8.4,1.033,4,7,0,0,7
19.3,10,isocontour,11.283791670955125,44978.26,94.65,13.5,-15.7,0.994,3.8,1.6,4.1,10.8,-16.8,1.032,20,6,0,0,6
19.3,11,isocontour,11.283791670955125,44665.41,93.99,-20.1,-5.1,0.994,0.4,-0.7,0.8,-20.1,-1.0,1.025,19,6,0,0,6
19.3,12,isocontour,11.283791670955125,45213.27,95.15,-20.8,-2.3,0.982,0.9,1.0,1.3,-20.1,-1.0,1.025,19,6,0,0,6
19.3,13,isocontour,11.283791670955125,43511.2,91.56,20.8,0.2,0.99,0.4,-0.6,0.7,18.2,8.4,1.033,4,7,0,0,7
19.3,14,isocontour,11.283791670955125,43664.46,91.89,11.8,-16.8,1.005,4.0,2.0,4.5,10.8,-16.8,1.032,20,6,0,0,6
19.3,15,isocontour,11.283791670955125,43304.2,91.13,18.2,10.3,0.982,0.2,0.3,0.4,18.2,8.4,1.033,4,8,0,0,8
19.3,16,isocontour,11.283791670955125,47307.74,99.55,-23.0,21.0,0.563,0.9,0.4,1.0,-23.0,21.0,0.564,16,0,0,0,0
19.3,17,isocontour,11.283791670955125,44090.84,92.78,19.0,8.2,0.992,0.7,-1.8,1.9,18.2,8.4,1.033,4,8,0,0,8
19.3,18,isocontour,11.283791670955125,47290.39,99.52,2.6,24.8,0.785,0.9,0.1,0.9,2.6,24.8,0.785,18,0,0,0,0
19.3,19,isocontour,11.283791670955125,44621.87,93.9,-20.4,-1.1,1.01,-1.4,1.3,1.9,-20.4,-1.1,1.025,19,6,0,0,6
19.3,20,isocontour,11.283791670955125,44530.84,93.71,11.3,-16.6,1.028,-0.6,2.5,2.6,10.8,-16.8,1.032,20,6,0,0,6
19.3,21,isocontour,11.283791670955125,43641.64,91.84,5.7,-19.9,0.992,-3.7,-2.3,4.4,10.8,-16.8,1.032,20,6,0,0,6
19.3,22,isocontour,11.283791670955125,45938.75,96.67,-20.9,-1.7,0.981,0.1,-0.5,0.5,-20.1,-1.0,1.025,19,6,0,0,6
19.3,23,isocontour,11.283791670955125,45587.19,95.93,-20.3,-1.7,1.014,-0.0,-1.0,1.0,-20.1,-1.0,1.025,19,6,0,0,6
19.3,24,isocontour,11.283791670955125,44495.94,93.64,10.4,-17.9,0.993,0.6,1.8,1.9,10.8,-16.8,1.032,20,6,0,0,6
19.3,25,isocontour,11.283791670955125,44485.75,93.61,-20.7,1.9,0.989,-0.3,2.5,2.5,-20.1,-1.0,1.025,19,6,0,0,6
19.3,Target,,,,,0.0,0.0,4.023,0.0,0.0,,,,,,,,,
19.4,1,isocontour,11.283791670955125,44420.81,93.48,19.4,7.2,0.994,0.3,-0.6,0.7,18.2,8.4,1.033,4,8,0,0,8
19.4,2,isocontour,11.283791670955125,43196.26,90.9,17.4,11.2,0.993,-2.0,3.3,3.9,18.2,8.4,1.033,4,8,0,0,8
19.4,3,isocontour,11.283791670955125,44476.38,93.6,18.5,9.6,0.987,0.7,-4.6,4.7,18.2,8.4,1.033,4,8,0,0,8
19.4,4,isocontour,11.283791670955125,44860.59,94.4,18.4,8.0,1.03,-0.4,1.0,1.1,18.2,8.4,1.033,4,8,0,0,8
19.4,5,isocontour,11.283791670955125,43918.79,92.42,14.7,14.6,0.995,-1.8,1.0,2.1,18.2,8.4,1.033,4,6,0,0,6
19.4,6,isocontour,11.283791670955125,44432.73,93.5,11.4,-17.6,0.978,-1.2,1.8,2.2,10.8,-16.8,1.032,20,6,0,0,6
19.4,7,isocontour,11.283791670955125,44161.96,92.93,-20.7,-0.5,0.993,-0.0,0.7,0.7,-20.1,-1.0,1.025,19,6,0,0,6
19.4,8,isocontour,11.283791670955125,44893.29,94.47,10.5,-17.3,1.02,2.6,-0.8,2.7,10.8,-16.8,1.032,20,6,0,0,6
19.4,9,isocontour,11.283791670955125,44416.21,93.47,20.2,4.7,0.989,-0.6,2.9,3.0,18.2,8.4,1.033,4,7,0,0,7
19.4,10,isocontour,11.283791670955125,44905.13,94.5,13.8,-15.6,0.985,3.7,1.2,3.9,10.8,-16.8,1.032,20,6,0,0,6
19.4,11,isocontour,11.283791670955125,44643.43,93.95,-20.0,-5.3,0.994,0.6,-2.5,2.6,-20.1,-1.0,1.025,19,6,0,0,6
19.4,12,isocontour,11.283791670955125,45178.46,95.07,-20.7,-2.0,0.99,1.1,2.8,3.0,-20.1,-1.0,1.025,19,6,0,0,6
19.4,13,isocontour,11.283791670955125,43508.94,91.56,20.8,0.3,0.99,-0.2,1.2,1.2,18.2,8.4,1.033,4,7,0,0,7
19.4,14,isocontour,11.283791670955125,43553.35,91.65,12.1,-16.6,1.001,4.0,2.0,4.5,10.8,-16.8,1.032,20,6,0,0,6
19.4,15,isocontour,11.283791670955125,43295.08,91.11,18.1,10.2,0.991,-1.5,-1.3,2.0,18.2,8.4,1.033,4,8,0,0,8
19.4,16,isocontour,11.283791670955125,47306.64,99.55,-22.9,21.1,0.564,0.8,0.5,0.9,-22.9,21.1,0.564,16,0,0,0,0
19.4,17,isocontour,11.283791670955125,44067.56,92.73,19.1,8.0,0.994,0.8,-2.5,2.6,18.2,8.4,1.033,4,8,0,0,8
19.4,18,isocontour,11.283791670955125,47289.29,99.51,2.7,24.8,0.784,0.9,0.0,0.9,2.7,24.8,0.785,18,0,0,0,0
19.4,19,isocontour,11.283791670955125,44621.06,93.9,-20.4,-1.0,1.009,0.0,0.9,0.9,-20.4,-1.0,1.025,19,6,0,0,6
19.4,20,isocontour,11.283791670955125,44448.89,93.54,10.9,-16.7,1.038,-3.9,-0.7,4.0,10.8,-16.8,1.032,20,6,0,0,6
19.4,21,isocontour,11.283791670955125,43546.19,91.64,5.4,-20.2,0.984,-3.4,-2.5,4.2,10.8,-16.8,1.032,20,6,0,0,6
19.4,22,isocontour,11.283791670955125,45937.13,96.67,-20.8,-1.8,0.981,0.1,-1.1,1.1,-20.1,-1.0,1.025,19,6,0,0,6
19.4,23,isocontour,11.283791670955125,45571.78,95.9,-20.5,-1.7,1.003,-2.2,0.7,2.3,-20.1,-1.0,1.025,19,6,0,0,6
19.4,24,isocontour,11.283791670955125,44485.02,93.61,10.4,-18.0,0.987,-0.4,-2.0,2.0,10.8,-16.8,1.032,20,6,0,0,6
19.4,25,isocontour,11.283791670955125,44484.0,93.61,-20.7,1.8,0.986,-0.5,-1.0,1.1,-20.1,-1.0,1.025,19,6,0,0,6
19.4,Target,,,,,0.0,0.0,4.023,0.0,0.0,,,,,,,,,
19.5,1,isocontour,11.283791670955125,44394.23,93.42,19.6,7.0,0.988,1.9,-1.9,2.7,18.2,8.4,1.033,4,8,0,0,8
19.5,2,isocontour,11.283791670955125,43174.78,90.86,17.3,11.4,0.992,-1.1,2.3,2.5,18.2,8.4,1.033,4,7,0,0,7
19.5,3,isocontour,11.283791670955125,44438.38,93.52,18.4,9.3,0.999,-1.2,-2.9,3.1,18.2,8.4,1.033,4,8,0,0,8
19.5,4,isocontour,11.283791670955125,44856.54,94.4,18.3,8.1,1.032,-1.0,1.1,1.5,18.2,8.4,1.033,4,8,0,0,8
19.5,5,isocontour,11.283791670955125,43840.45,92.26,14.5,14.9,0.989,-1.6,3.6,3.9,18.2,8.4,1.033,4,6,0,0,6
19.5,6,isocontour,11.283791670955125,44404.07,93.44,11.4,-17.3,0.991,-0.1,2.8,2.8,10.9,-16.7,1.038,20,6,0,0,6
19.5,7,isocontour,11.283791670955125,44138.95,92.88,-20.7,-0.3,0.991,-0.5,2.6,2.6,-20.1,-1.0,1.025,19,6,0,0,6
19.5,8,isocontour,11.283791670955125,44856.73,94.4,10.8,-17.2,1.017,2.7,1.4,3.0,10.9,-16.7,1.038,20,6,0,0,6
19.5,9,isocontour,11.283791670955125,44397.59,93.43,20.2,5.0,0.987,-0.1,2.4,2.4,18.2,8.4,1.033,4,7,0,0,7
19.5,10,isocontour,11.283791670955125,44903.34,94.49,13.8,-15.5,0.989,-1.1,0.3,1.1,10.9,-16.7,1.038,20,6,0,0,6
19.5,11,isocontour,11.283791670955125,44615.38,93.89,-20.0,-5.6,0.989,-0.2,-2.8,2.8,-20.1,-1.0,1.025,19,6,0,0,6
19.5,12,isocontour,11.283791670955125,45167.38,95.05,-20.5,-2.1,0.997,1.4,-1.5,2.1,-20.1,-1.0,1.025,19,6,0,0,6
19.5,13,isocontour,11.283791670955125,43488.2,91.52,20.8,0.1,0.989,0.3,-2.5,2.5,18.2,8.4,1.033,4,6,0,0,6
19.5,14,isocontour,11.283791670955125,43552.35,91.65,12.3,-16.6,0.998,0.9,0.1,0.9,10.9,-16.7,1.038,20,6,0,0,6
19.5,15,isocontour,11.283791670955125,43292.76,91.1,18.1,10.2,0.987,1.2,0.2,1.2,18.2,8.4,1.033,4,8,0,0,8
19.5,16,isocontour,11.283791670955125,47305.54,99.55,-22.8,21.1,0.565,0.9,0.1,0.9,-22.8,21.1,0.564,16,0,0,0,0
19.5,17,isocontour,11.283791670955125,43970.75,92.53,19.4,7.7,0.986,3.0,-3.0,4.2,18.2,8.4,1.033,4,8,0,0,8
19.5,18,isocontour,11.283791670955125,47288.19,99.51,2.6,24.8,0.786,-0.9,-0.3,0.9,2.6,24.8,0.785,18,0,0,0,0
19.5,19,isocontour,11.283791670955125,44498.35,93.64,-20.3,-0.6,1.015,1.1,4.5,4.6,-20.3,-0.6,1.025,19,6,0,0,6
19.5,20,isocontour,11.283791670955125,44421.13,93.48,11.1,-16.8,1.028,2.6,-0.9,2.8,11.1,-16.8,1.038,20,6,0,0,6
19.5,21,isocontour,11.283791670955125,43545.67,91.64,5.2,-20.2,0.984,-0.7,0.2,0.7,10.9,-16.7,1.038,20,6,0,0,6
19.5,22,isocontour,11.283791670955125,45932.12,96.66,-20.8,-1.7,0.982,0.0,1.6,1.6,-20.1,-1.0,1.025,19,6,0,0,6
19.5,23,isocontour,11.283791670955125,45548.24,95.85,-20.4,-1.5,1.009,1.4,2.3,2.7,-20.1,-1.0,1.025,19,6,0,0,6
19.5,24,isocontour,11.283791670955125,44481.45,93.61,10.5,-18.0,0.984,1.4,0.2,1.4,10.9,-16.7,1.038,20,6,0,0,6
19.5,25,isocontour,11.283791670955125,44445.62,93.53,-20.7,1.5,0.988,0.3,-3.1,3.1,-20.1,-1.0,1.025,19,6,0,0,6
19.5,Target,,,,,0.0,0.0,4.023,0.0,0.0,,,,,,,,,
19.6,1,isocontour,11.283791670955125,44393.76,93.42,19.5,7.0,0.991,-0.6,-0.3,0.7,18.2,8.4,1.033,4,8,0,0,8
19.6,2,isocontour,11.283791670955125,43129.8,90.76,17.2,11.7,0.986,-0.6,3.2,3.3,18.2,8.4,1.033,4,7,0,0,7
19.6,3,isocontour,11.283791670955125,44432.46,93.5,18.5,9.1,0.998,1.2,-1.1,1.6,18.2,8.4,1.033,4,8,0,0,8
19.6,4,isocontour,11.283791670955125,44824.42,94.33,18.3,8.4,1.027,-0.2,2.9,2.9,18.2,8.4,1.033,4,8,0,0,8
19.6,5,isocontour,11.283791670955125,43838.01,92.25,14.5,14.9,0.989,0.6,-1.1,1.3,18.2,8.4,1.033,4,6,0,0,6
19.6,6,isocontour,11.283791670955125,44377.19,93.39,11.2,-17.4,0.996,-2.6,-1.0,2.8,10.9,-16.7,1.038,20,6,0,0,6
19.6,7,isocontour,11.283791670955125,44116.2,92.84,-20.8,-0.0,0.986,-0.8,2.5,2.6,-20.1,-1.0,1.025,19,6,0,0,6
19.6,8,isocontour,11.283791670955125,44847.61,94.38,10.9,-17.3,1.008,1.6,-1.1,1.9,10.9,-16.7,1.038,20,6,0,0,6
19.6,9,isocontour,11.283791670955125,44363.47,93.36,20.2,5.3,0.986,-0.8,2.9,3.0,18.2,8.4,1.033,4,7,0,0,7
19.6,10,isocontour,11.283791670955125,44877.32,94.44,13.6,-15.6,0.995,-2.6,-0.7,2.7,10.9,-16.7,1.038,20,6,0,0,6
19.6,11,isocontour,11.283791670955125,44613.0,93.88,-20.0,-5.5,0.991,0.2,1.2,1.2,-20.1,-1.0,1.025,19,6,0,0,6
19.6,12,isocontour,11.283791670955125,45063.58,94.83,-20.4,-2.5,1.002,1.3,-4.1,4.3,-20.1,-1.0,1.025,19,6,0,0,6
19.6,13,isocontour,11.283791670955125,43487.66,91.51,20.8,0.0,0.99,-0.2,-0.7,0.7,18.2,8.4,1.033,4,6,0,0,6
19.6,14,isocontour,11.283791670955125,43498.22,91.54,12.6,-16.5,0.993,3.3,1.2,3.5,10.9,-16.7,1.038,20,6,0,0,6
19.6,15,isocontour,11.283791670955125,43292.32,91.1,18.2,10.3,0.983,0.4,0.6,0.7,18.2,8.4,1.033,4,8,0,0,8
19.6,16,isocontour,11.283791670955125,47304.44,99.55,-22.8,21.1,0.563,-0.9,0.3,0.9,-22.8,21.1,0.565,16,0,0,0,0
19.6,17,isocontour,11.283791670955125,43955.74,92.5,19.5,7.8,0.977,0.9,2.1,2.3,18.2,8.4,1.033,4,8,0,0,8
19.6,18,isocontour,11.283791670955125,47287.09,99.51,2.5,24.8,0.786,-0.9,0.0,0.9,2.5,24.8,0.786,18,0,0,0,0
19.6,19,isocontour,11.283791670955125,44495.55,93.64,-20.2,-0.6,1.019,0.6,-1.1,1.3,-20.2,-0.6,1.025,19,6,0,0,6
19.6,20,isocontour,11.283791670955125,44412.56,93.46,11.3,-16.7,1.024,1.7,0.7,1.8,10.9,-16.7,1.038,20,6,0,0,6
19.6,21,isocontour,11.283791670955125,43510.86,91.56,5.5,-20.1,0.986,2.9,0.9,3.0,10.9,-16.7,1.038,20,6,0,0,6
19.6,22,isocontour,11.283791670955125,45924.71,96.64,-20.8,-1.5,0.983,0.1,1.8,1.8,-20.1,-1.0,1.025,19,6,0,0,6
19.6,23,isocontour,11.283791670955125,45506.45,95.76,-20.1,-1.5,1.025,3.0,-1.0,3.2,-20.1,-1.0,1.025,19,6,0,0,6
19.6,24,isocontour,11.283791670955125,44448.0,93.54,10.7,-17.9,0.985,2.3,1.8,2.9,10.9,-16.7,1.038,20,6,0,0,6
19.6,25,isocontour,11.283791670955125,44413.17,93.46,-20.7,1.3,0.994,0.9,-2.8,2.9,-20.1,-1.0,1.025,19,6,0,0,6
19.6,Target,,,,,0.0,0.0,4.023,0.0,0.0,,,,,,,,,
19.7,1,isocontour,11.283791670955125,44373.03,93.38,19.6,6.8,0.992,0.7,-2.4,2.5,18.2,8.4,1.033,4,8,0,0,8
19.7,2,isocontour,11.283791670955125,43127.54,90.76,17.3,11.7,0.985,0.7,-1.0,1.2,18.2,8.4,1.033,4,7,0,0,7
19.7,3,isocontour,11.283791670955125,44319.09,93.26,18.4,9.5,0.996,-1.7,4.1,4.4,18.2,8.4,1.033,4,8,0,0,8
19.7,4,isocontour,11.283791670955125,44823.6,94.33,18.4,8.4,1.022,0.8,0.1,0.8,18.2,8.4,1.033,4,8,0,0,8
19.7,5,isocontour,11.283791670955125,43800.73,92.17,14.7,14.6,0.991,1.9,-2.4,3.1,18.2,8.4,1.033,4,7,0,0,7
19.7,6,isocontour,11.283791670955125,44340.27,93.31,11.0,-17.6,0.989,-1.5,-2.7,3.1,10.9,-16.7,1.038,20,6,0,0,6
19.7,7,isocontour,11.283791670955125,44115.87,92.84,-20.9,0.1,0.985,-0.2,0.6,0.6,-20.1,-1.0,1.025,19,6,0,0,6
19.7,8,isocontour,11.283791670955125,44765.05,94.2,10.6,-17.2,1.021,-3.9,1.1,4.1,10.9,-16.7,1.038,20,6,0,0,6
19.7,9,isocontour,11.283791670955125,44360.66,93.35,20.1,5.4,0.989,-0.8,1.0,1.3,18.2,8.4,1.033,4,8,0,0,8
19.7,10,isocontour,11.283791670955125,44876.91,94.44,13.6,-15.6,0.996,0.5,0.4,0.6,10.9,-16.7,1.038,20,6,0,0,6
19.7,11,isocontour,11.283791670955125,44611.93,93.88,-20.0,-5.6,0.989,-0.4,-0.9,1.0,-20.1,-1.0,1.025,19,6,0,0,6
19.7,12,isocontour,11.283791670955125,45041.6,94.78,-20.4,-2.8,0.999,-0.3,-2.6,2.6,-20.1,-1.0,1.025,19,6,0,0,6
19.7,13,isocontour,11.283791670955125,43484.98,91.51,20.7,0.1,0.992,-0.5,1.2,1.3,18.2,8.4,1.033,4,6,0,0,6
19.7,14,isocontour,11.283791670955125,43389.35,91.31,13.0,-16.2,0.989,3.8,2.2,4.4,10.9,-16.7,1.038,20,6,0,0,6
19.7,15,isocontour,11.283791670955125,43288.35,91.1,18.3,10.2,0.983,0.7,-1.3,1.5,18.2,8.4,1.033,4,8,0,0,8
19.7,16,isocontour,11.283791670955125,47303.34,99.54,-22.8,21.2,0.565,0.9,0.1,0.9,-22.8,21.2,0.565,16,0,0,0,0
19.7,17,isocontour,11.283791670955125,43918.82,92.42,19.3,8.0,0.983,-2.4,1.9,3.1,18.2,8.4,1.033,4,8,0,0,8
19.7,18,isocontour,11.283791670955125,47285.99,99.51,2.6,24.8,0.788,0.7,-0.6,0.9,2.6,24.8,0.786,18,0,0,0,0
19.7,19,isocontour,11.283791670955125,44464.08,93.57,-20.3,-0.9,1.017,-0.3,-2.9,2.9,-20.3,-0.9,1.025,19,6,0,0,6
19.7,20,isocontour,11.283791670955125,44400.65,93.44,11.3,-16.9,1.016,-0.2,-2.1,2.1,10.9,-16.7,1.038,20,6,0,0,6
19.7,21,isocontour,11.283791670955125,43473.58,91.48,5.7,-20.0,0.99,2.6,1.7,3.1,10.9,-16.7,1.038,20,6,0,0,6
19.7,22,isocontour,11.283791670955125,45901.96,96.6,-20.7,-1.7,0.991,1.8,-1.9,2.6,-20.1,-1.0,1.025,19,6,0,0,6
19.7,23,isocontour,11.283791670955125,45477.49,95.7,-20.0,-1.8,1.027,0.3,-2.8,2.8,-20.1,-1.0,1.025,19,6,0,0,6
19.7,24,isocontour,11.283791670955125,44424.99,93.49,10.9,-17.7,0.986,2.2,1.4,2.6,10.9,-16.7,1.038,20,6,0,0,6
19.7,25,isocontour,11.283791670955125,44392.19,93.42,-20.7,1.4,0.993,-0.3,2.5,2.5,-20.1,-1.0,1.025,19,6,0,0,6
19.7,Target,,,,,0.0,0.0,4.023,0.0,0.0,,,,,,,,,
19.8,1,isocontour,11.283791670955125,44351.04,93.33,19.8,6.6,0.986,2.0,-1.7,2.6,18.2,8.4,1.033,4,8,0,0,8
19.8,2,isocontour,11.283791670955125,43089.53,90.68,17.4,11.4,0.987,1.3,-2.8,3.1,18.2,8.4,1.033,4,7,0,0,7
19.8,3,isocontour,11.283791670955125,44297.61,93.22,18.3,9.7,0.994,-0.8,2.4,2.5,18.2,8.4,1.033,4,8,0,0,8
19.8,4,isocontour,11.283791670955125,44822.43,94.32,18.4,8.4,1.019,0.8,-0.5,0.9,18.2,8.4,1.033,4,8,0,0,8
19.8,5,isocontour,11.283791670955125,43780.0,92.13,14.6,14.8,0.988,-1.2,2.2,2.5,18.2,8.4,1.033,4,7,0,0,7
19.8,6,isocontour,11.283791670955125,44340.21,93.31,11.0,-17.6,0.989,0.0,0.3,0.3,10.9,-16.7,1.038,20,6,0,0,6
19.8,7,isocontour,11.283791670955125,44078.23,92.76,-20.8,-0.2,0.987,0.5,-3.1,3.1,-20.0,-1.8,1.027,23,6,0,0,6
19.8,8,isocontour,11.283791670955125,44761.62,94.2,10.7,-17.1,1.025,0.9,1.0,1.3,10.9,-16.7,1.038,20,6,0,0,6
19.8,9,isocontour,11.283791670955125,44323.02,93.27,19.9,5.6,0.993,-1.4,2.7,3.0,18.2,8.4,1.033,4,8,0,0,8
19.8,10,isocontour,11.283791670955125,44875.02,94.43,13.6,-15.5,0.999,0.3,1.1,1.1,10.9,-16.7,1.038,20,6,0,0,6
19.8,11,isocontour,11.283791670955125,44610.28,93.88,-20.1,-5.6,0.984,-0.9,0.5,1.0,-20.0,-1.8,1.027,23,6,0,0,6
19.8,12,isocontour,11.283791670955125,45019.1,94.74,-20.4,-3.0,0.999,0.4,-2.6,2.6,-20.0,-1.8,1.027,23,6,0,0,6
19.8,13,isocontour,11.283791670955125,43464.0,91.46,20.7,-0.1,0.991,0.3,-2.5,2.5,18.2,8.4,1.033,4,6,0,0,6
19.8,14,isocontour,11.283791670955125,43388.78,91.31,13.0,-16.2,0.99,0.4,0.6,0.7,10.9,-16.7,1.038,20,6,0,0,6
19.8,15,isocontour,11.283791670955125,43285.86,91.09,18.3,10.1,0.985,0.0,-1.2,1.2,18.2,8.4,1.033,4,8,0,0,8
19.8,16,isocontour,11.283791670955125,47302.24,99.54,-22.7,21.1,0.567,0.9,-0.1,0.9,-22.7,21.1,0.565,16,0,0,0,0
19.8,17,isocontour,11.283791670955125,43888.62,92.36,19.0,8.1,0.993,-2.6,1.2,2.9,18.2,8.4,1.033,4,8,0,0,8
19.8,18,isocontour,11.283791670955125,47284.89,99.51,2.5,24.8,0.789,-0.9,0.1,0.9,2.5,24.8,0.788,18,0,0,0,0
19.8,19,isocontour,11.283791670955125,44426.43,93.49,-20.3,-1.2,1.015,-0.1,-3.1,3.1,-20.0,-1.8,1.027,23,6,0,0,6
19.8,20,isocontour,11.283791670955125,44384.63,93.4,11.4,-17.1,1.004,1.6,-1.7,2.3,10.9,-16.7,1.038,20,6,0,0,6
19.8,21,isocontour,11.283791670955125,43456.51,91.45,5.6,-20.0,0.992,-2.3,-0.5,2.4,10.9,-16.7,1.038,20,6,0,0,6
19.8,22,isocontour,11.283791670955125,45900.71,96.59,-20.7,-1.8,0.992,0.0,-1.0,1.0,-20.0,-1.8,1.027,23,6,0,0,6
19.8,23,isocontour,11.283791670955125,45452.32,95.65,-20.1,-2.0,1.02,-1.2,-2.4,2.7,-20.1,-2.0,1.027,23,6,0,0,6
19.8,24,isocontour,11.283791670955125,44424.35,93.49,10.9,-17.7,0.989,-0.6,0.6,0.8,10.9,-16.7,1.038,20,6,0,0,6
19.8,25,isocontour,11.283791670955125,44370.96,93.37,-20.7,1.7,0.991,-0.1,2.5,2.5,-20.0,-1.8,1.027,23,6,0,0,6
19.8,Target,,,,,0.0,0.0,4.023,0.0,0.0,,,,,,,,,
19.9,1,isocontour,11.283791670955125,44350.48,93.33,19.8,6.5,0.986,0.0,-0.7,0.7,18.2,8.4,1.033,4,8,0,0,8
19.9,2,isocontour,11.283791670955125,43084.61,90.67,17.4,11.2,0.992,-0.1,-1.6,1.6,18.2,8.4,1.033,4,7,0,0,7
19.9,3,isocontour,11.283791670955125,44186.51,92.99,18.1,10.1,0.991,-1.6,4.1,4.4,18.2,8.4,1.033,4,8,0,0,8
19.9,4,isocontour,11.283791670955125,44801.45,94.28,18.5,8.1,1.022,0.5,-2.5,2.5,18.2,8.4,1.033,4,8,0,0,8
19.9,5,isocontour,11.283791670955125,43779.59,92.13,14.6,14.9,0.987,-0.5,0.5,0.7,18.2,8.4,1.033,4,7,0,0,7
19.9,6,isocontour,11.283791670955125,44246.11,93.11,11.3,-17.4,0.989,3.6,2.2,4.2,10.9,-16.7,1.038,20,6,0,0,6
19.9,7,isocontour,11.283791670955125,44040.59,92.68,-20.8,-0.5,0.989,0.5,-3.1,3.1,-20.0,-1.8,1.027,23,6,0,0,6
19.9,8,isocontour,11.283791670955125,44735.03,94.14,10.9,-17.0,1.022,2.7,0.7,2.8,10.9,-16.7,1.038,20,6,0,0,6
19.9,9,isocontour,11.283791670955125,44322.34,93.27,20.0,5.7,0.99,0.8,0.0,0.8,18.2,8.4,1.033,4,8,0,0,8
19.9,10,isocontour,11.283791670955125,44848.14,94.38,13.8,-15.3,1.0,1.9,2.0,2.8,10.9,-16.7,1.038,20,6,0,0,6
19.9,11,isocontour,11.283791670955125,44572.27,93.8,-20.2,-5.3,0.986,-0.4,3.1,3.1,-20.0,-1.8,1.027,23,6,0,0,6
19.9,12,isocontour,11.283791670955125,44997.37,94.69,-20.3,-3.3,0.999,0.3,-2.5,2.5,-20.0,-1.8,1.027,23,6,0,0,6
19.9,13,isocontour,11.283791670955125,43354.38,91.23,20.8,-0.5,0.988,0.6,-4.4,4.4,18.2,8.4,1.033,4,6,0,0,6
19.9,14,isocontour,11.283791670955125,43369.24,91.27,12.9,-16.3,0.992,-2.2,-1.2,2.5,10.9,-16.7,1.038,20,6,0,0,6
19.9,15,isocontour,11.283791670955125,43283.81,91.09,18.2,9.9,0.989,-0.2,-1.1,1.1,18.2,8.4,1.033,4,8,0,0,8
19.9,16,isocontour,11.283791670955125,47301.14,99.54,-22.8,21.1,0.565,-0.9,0.0,0.9,-22.8,21.1,0.567,16,0,0,0,0
19.9,17,isocontour,11.283791670955125,43885.41,92.35,18.9,8.3,0.996,-0.9,1.0,1.3,18.2,8.4,1.033,4,8,0,0,8
19.9,18,isocontour,11.283791670955125,47283.8,99.5,2.4,24.7,0.789,-0.9,-0.1,0.9,2.4,24.7,0.789,18,0,0,0,0
19.9,19,isocontour,11.283791670955125,44389.15,93.41,-20.3,-1.5,1.013,-0.2,-3.1,3.1,-20.0,-1.8,1.027,23,6,0,0,6
19.9,20,isocontour,11.283791670955125,44378.39,93.39,11.6,-17.1,0.997,1.7,-0.1,1.7,10.9,-16.7,1.038,20,6,0,0,6
19.9,21,isocontour,11.283791670955125,43421.35,91.37,5.4,-20.1,0.985,-2.3,-2.0,3.0,10.9,-16.7,1.038,20,6,0,0,6
19.9,22,isocontour,11.283791670955125,45885.7,96.56,-20.8,-1.9,0.983,-1.7,-1.5,2.3,-20.0,-1.8,1.027,23,6,0,0,6
19.9,23,isocontour,11.283791670955125,45450.0,95.64,-20.2,-2.1,1.013,-1.1,-0.6,1.3,-20.2,-2.1,1.027,23,6,0,0,6
19.9,24,isocontour,11.283791670955125,44423.59,93.48,10.9,-17.7,0.991,-0.8,-0.3,0.9,10.9,-16.7,1.038,20,6,0,0,6
19.9,25,isocontour,11.283791670955125,44259.85,93.14,-20.7,2.1,0.988,-0.2,4.4,4.4,-20.0,-1.8,1.027,23,6,0,0,6
19.9,Target,,,,,0.0,0.0,4.023,0.0,0.0,,,,,,,,,
20.0,1,isocontour,11.283791670955125,44331.86,93.29,19.8,6.7,0.985,-0.5,2.4,2.5,19.8,6.7,0.986,1,8,0,0,8
20.0,2,isocontour,11.283791670955125,43083.25,90.66,17.3,11.3,0.995,-0.9,0.5,1.0,17.3,11.3,0.992,2,7,0,0,7
20.0,3,isocontour,11.283791670955125,44144.33,92.9,18.1,10.4,0.981,0.3,3.2,3.2,18.1,10.4,0.991,3,8,0,0,8
20.0,4,isocontour,11.283791670955125,44794.29,94.26,18.3,8.1,1.029,-1.7,0.3,1.7,18.3,8.1,1.022,4,8,0,0,8
20.0,5,isocontour,11.283791670955125,43771.81,92.11,14.6,14.7,0.992,0.2,-1.8,1.8,14.6,14.7,0.987,5,7,0,0,7
20.0,6,isocontour,11.283791670955125,44244.4,93.11,11.4,-17.4,0.989,0.9,0.6,1.1,11.4,-17.4,0.989,6,6,0,0,6
20.0,7,isocontour,11.283791670955125,44038.03,92.67,-20.7,-0.6,0.991,0.5,-1.2,1.3,-20.7,-0.6,0.989,7,6,0,0,6
20.0,8,isocontour,11.283791670955125,44700.57,94.07,11.0,-16.8,1.029,1.2,2.8,3.0,11.0,-16.8,1.022,8,6,0,0,6
20.0,9,isocontour,11.283791670955125,44321.89,93.27,20.0,5.6,0.991,-0.2,-0.7,0.7,20.0,5.6,0.99,9,8,0,0,8
20.0,10,isocontour,11.283791670955125,44826.66,94.33,14.0,-15.1,1.0,2.0,1.6,2.6,14.0,-15.1,1.0,10,6,0,0,6
20.0,11,isocontour,11.283791670955125,44537.46,93.72,-20.1,-5.0,0.991,0.3,3.0,3.0,-20.1,-5.0,0.986,11,6,0,0,6
20.0,12,isocontour,11.283791670955125,44976.14,94.65,-20.3,-3.5,0.997,0.2,-2.5,2.5,-20.3,-3.5,0.999,12,6,0,0,6
20.0,13,isocontour,11.283791670955125,43352.01,91.23,20.8,-0.5,0.989,-0.3,1.2,1.2,20.8,-0.5,0.988,13,6,0,0,6
20.0,14,isocontour,11.283791670955125,43362.08,91.25,13.0,-16.3,0.987,1.8,0.0,1.8,13.0,-16.3,0.992,14,6,0,0,6
20.0,15,isocontour,11.283791670955125,43196.88,90.9,18.5,9.7,0.985,2.7,-3.1,4.1,18.5,9.7,0.989,15,8,0,0,8
20.0,16,isocontour,11.283791670955125,47300.04,99.54,-22.7,21.2,0.566,0.8,0.5,0.9,-22.7,21.2,0.565,16,0,0,0,0
20.0,17,isocontour,11.283791670955125,43800.99,92.17,19.1,8.0,0.992,2.5,-3.2,4.1,19.1,8.0,0.996,17,8,0,0,8
20.0,18,isocontour,11.283791670955125,47282.7,99.5,2.5,24.7,0.789,0.9,0.0,0.9,2.5,24.7,0.789,18,0,0,0,0
20.0,19,isocontour,11.283791670955125,44387.79,93.41,-20.3,-1.6,1.013,0.1,-1.0,1.0,-20.3,-1.6,1.013,19,6,0,0,6
20.0,20,isocontour,11.283791670955125,44376.34,93.38,11.5,-17.2,0.995,-0.9,-0.8,1.2,11.5,-17.2,0.997,20,6,0,0,6
20.0,21,isocontour,11.283791670955125,43420.67,91.37,5.3,-20.2,0.987,-0.7,0.3,0.8,5.3,-20.2,0.985,21,6,0,0,6
20.0,22,isocontour,11.283791670955125,45883.44,96.56,-20.9,-2.0,0.978,-0.7,-1.0,1.2,-20.9,-2.0,0.983,22,6,0,0,6
20.0,23,isocontour,11.283791670955125,45419.17,95.58,-20.3,-2.4,1.009,-0.5,-2.8,2.8,-20.3,-2.4,1.013,23,6,0,0,6
20.0,24,isocontour,11.283791670955125,44393.39,93.42,10.6,-17.8,0.993,-2.7,-1.0,2.9,10.6,-17.8,0.991,24,6,0,0,6
20.0,25,isocontour,11.283791670955125,44259.45,93.14,-20.7,2.2,0.987,0.1,0.7,0.7,-20.7,2.2,0.988,25,6,0,0,6
20.0,Target,,,,,0.0,0.0,4.023,0.0,0.0,,,,,,,,,
20.1,1,isocontour,11.283791670955125,44293.85,93.21,19.6,6.9,0.988,-1.8,2.5,3.1,18.3,8.1,1.029,4,8,0,0,8
20.1,2,isocontour,11.283791670955125,42990.48,90.47,17.2,11.6,0.988,-1.0,4.1,4.2,18.3,8.1,1.029,4,7,0,0,7
20.1,3,isocontour,11.283791670955125,44142.49,92.89,18.0,10.5,0.985,-1.1,-0.2,1.1,18.3,8.1,1.029,4,8,0,0,8
20.1,4,isocontour,11.283791670955125,44776.57,94.23,18.2,8.3,1.032,-1.3,2.0,2.4,18.2,8.3,1.029,4,8,0,0,8
20.1,5,isocontour,11.283791670955125,43771.02,92.11,14.6,14.8,0.991,-0.1,0.8,0.8,18.3,8.1,1.029,4,7,0,0,7
20.1,6,isocontour,11.283791670955125,44243.98,93.11,11.5,-17.3,0.991,0.2,0.6,0.6,11.0,-16.8,1.029,8,6,0,0,6
20.1,7,isocontour,11.283791670955125,44037.61,92.67,-20.7,-0.6,0.991,-0.2,0.7,0.7,-20.3,-1.6,1.013,19,6,0,0,6
20.1,8,isocontour,11.283791670955125,44698.82,94.06,11.2,-16.7,1.029,1.1,0.3,1.1,11.2,-16.7,1.029,8,6,0,0,6
20.1,9,isocontour,11.283791670955125,44302.12,93.23,20.0,5.4,0.991,0.7,-2.4,2.5,18.3,8.1,1.029,4,8,0,0,8
20.1,10,isocontour,11.283791670955125,44732.55,94.13,14.2,-14.8,1.002,2.7,3.2,4.2,11.0,-16.8,1.029,8,6,0,0,6
20.1,11,isocontour,11.283791670955125,44537.02,93.72,-20.1,-5.0,0.991,-0.1,-0.7,0.7,-20.3,-1.6,1.013,19,6,0,0,6
20.1,12,isocontour,11.283791670955125,44866.53,94.42,-20.3,-4.0,0.994,0.1,-4.4,4.4,-20.3,-1.6,1.013,19,6,0,0,6
20.1,13,isocontour,11.283791670955125,43349.45,91.22,20.7,-0.4,0.991,-0.4,1.2,1.3,18.3,8.1,1.029,4,6,0,0,6
20.1,14,isocontour,11.283791670955125,43294.46,91.11,13.3,-16.1,0.982,3.4,1.6,3.8,11.0,-16.8,1.029,8,6,0,0,6
20.1,15,isocontour,11.283791670955125,43160.67,90.83,18.4,9.4,0.996,-1.4,-2.7,3.0,18.3,8.1,1.029,4,8,0,0,8
20.1,16,isocontour,11.283791670955125,47298.94,99.53,-22.6,21.2,0.566,0.8,0.6,1.0,-22.6,21.2,0.566,16,0,0,0,0
20.1,17,isocontour,11.283791670955125,43692.85,91.95,19.4,7.7,0.983,3.1,-3.1,4.4,18.3,8.1,1.029,4,8,0,0,8
20.1,18,isocontour,11.283791670955125,47281.6,99.5,2.5,24.7,0.789,0.9,-0.1,0.9,2.5,24.7,0.789,18,0,0,0,0
20.1,19,isocontour,11.283791670955125,44386.92,93.41,-20.3,-1.7,1.013,-0.1,-0.9,0.9,-20.3,-1.7,1.013,19,6,0,0,6
20.1,20,isocontour,11.283791670955125,44371.87,93.38,11.5,-17.3,0.991,-0.5,-1.4,1.5,11.0,-16.8,1.029,8,6,0,0,6
20.1,21,isocontour,11.283791670955125,43416.7,91.37,5.3,-20.1,0.991,0.9,1.1,1.4,11.0,-16.8,1.029,8,6,0,0,6
20.1,22,isocontour,11.283791670955125,45877.19,96.54,-20.7,-2.1,0.986,1.7,-0.1,1.7,-20.3,-1.6,1.013,19,6,0,0,6
20.1,23,isocontour,11.283791670955125,45417.64,95.58,-20.3,-2.3,1.009,0.2,1.0,1.0,-20.3,-2.3,1.013,23,6,0,0,6
20.1,24,isocontour,11.283791670955125,44366.8,93.36,10.4,-18.0,0.99,-1.8,-2.0,2.7,11.0,-16.8,1.029,8,6,0,0,6
20.1,25,isocontour,11.283791670955125,44257.01,93.13,-20.7,2.1,0.989,0.2,-1.2,1.2,-20.3,-1.6,1.013,19,6,0,0,6
20.1,Target,,,,,0.0,0.0,4.023,0.0,0.0,,,,,,,,,
20.2,1,isocontour,11.283791670955125,44263.97,93.15,19.4,7.2,0.993,-1.7,2.3,2.9,18.2,8.3,1.032,4,8,0,0,8
20.2,2,isocontour,11.283791670955125,42990.18,90.47,17.2,11.7,0.985,0.2,0.6,0.6,18.2,8.3,1.032,4,7,0,0,7
20.2,3,isocontour,11.283791670955125,44118.41,92.84,18.0,10.2,0.994,-0.5,-2.6,2.6,18.2,8.3,1.032,4,8,0,0,8
20.2,4,isocontour,11.283791670955125,44768.4,94.21,18.3,8.4,1.024,1.7,0.7,1.8,18.3,8.4,1.032,4,8,0,0,8
20.2,5,isocontour,11.283791670955125,43740.51,92.05,14.4,14.9,0.99,-2.1,2.0,2.9,18.2,8.3,1.032,4,7,0,0,7
20.2,6,isocontour,11.283791670955125,44239.33,93.1,11.5,-17.2,0.994,0.8,1.3,1.5,11.0,-16.8,1.029,8,6,0,0,6
20.2,7,isocontour,11.283791670955125,43926.5,92.44,-20.8,-0.2,0.988,-0.7,4.4,4.5,-20.3,-1.6,1.013,19,6,0,0,6
20.2,8,isocontour,11.283791670955125,44668.31,94.0,11.4,-16.6,1.026,2.6,1.1,2.8,11.4,-16.6,1.029,8,6,0,0,6
20.2,9,isocontour,11.283791670955125,44199.75,93.01,20.2,5.1,0.986,2.0,-3.8,4.3,18.2,8.3,1.032,4,8,0,0,8
20.2,10,isocontour,11.283791670955125,44710.32,94.09,14.4,-14.6,1.003,1.8,1.8,2.5,11.0,-16.8,1.029,8,6,0,0,6
20.2,11,isocontour,11.283791670955125,44426.66,93.49,-20.1,-5.4,0.988,0.6,-4.4,4.4,-20.3,-1.6,1.013,19,6,0,0,6
20.2,12,isocontour,11.283791670955125,44756.17,94.18,-20.3,-4.4,0.99,0.3,-4.4,4.4,-20.3,-1.6,1.013,19,6,0,0,6
20.2,13,isocontour,11.283791670955125,43328.47,91.18,20.8,-0.6,0.989,0.3,-2.5,2.5,18.2,8.3,1.032,4,6,0,0,6
20.2,14,isocontour,11.283791670955125,43291.96,91.1,13.3,-16.1,0.984,-1.2,-0.1,1.2,11.0,-16.8,1.029,8,6,0,0,6
20.2,15,isocontour,11.283791670955125,43159.88,90.82,18.3,9.4,0.998,-0.4,0.7,0.8,18.2,8.3,1.032,4,8,0,0,8
20.2,16,isocontour,11.283791670955125,47297.84,99.53,-22.7,21.3,0.564,-0.6,0.7,0.9,-22.7,21.3,0.566,16,0,0,0,0
20.2,17,isocontour,11.283791670955125,43687.64,91.94,19.4,7.8,0.981,-0.5,1.5,1.6,18.2,8.3,1.032,4,8,0,0,8
20.2,18,isocontour,11.283791670955125,47280.5,99.5,2.5,24.8,0.788,-0.9,0.4,1.0,2.5,24.8,0.789,18,0,0,0,0
20.2,19,isocontour,11.283791670955125,44386.76,93.41,-20.3,-1.7,1.015,0.4,0.3,0.5,-20.3,-1.7,1.013,19,6,0,0,6
20.2,20,isocontour,11.283791670955125,44368.6,93.37,11.6,-17.3,0.985,1.3,-0.4,1.4,11.0,-16.8,1.029,8,6,0,0,6
20.2,21,isocontour,11.283791670955125,43415.0,91.36,5.3,-20.1,0.988,-0.5,-1.0,1.1,11.0,-16.8,1.029,8,6,0,0,6
20.2,22,isocontour,11.283791670955125,45874.33,96.54,-20.7,-2.0,0.989,0.3,1.3,1.3,-20.3,-1.6,1.013,19,6,0,0,6
20.2,23,isocontour,11.283791670955125,45408.94,95.56,-20.2,-2.2,1.016,1.2,1.4,1.8,-20.2,-2.2,1.013,23,6,0,0,6
20.2,24,isocontour,11.283791670955125,44364.7,93.36,10.5,-17.9,0.989,1.0,0.6,1.2,11.0,-16.8,1.029,8,6,0,0,6
20.2,25,isocontour,11.283791670955125,44254.52,93.13,-20.7,2.0,0.99,0.2,-1.2,1.2,-20.3,-1.6,1.013,19,6,0,0,6
20.2,Target,,,,,0.0,0.0,4.023,0.0,0.0,,,,,,,,,
20.3,1,isocontour,11.283791670955125,44263.03,93.15,19.5,7.1,0.992,0.7,-0.6,0.9,18.2,8.3,1.032,4,8,0,0,8
20.3,2,isocontour,11.283791670955125,42985.35,90.46,17.3,11.6,0.983,1.1,-1.1,1.6,18.2,8.3,1.032,4,7,0,0,7
20.3,3,isocontour,11.283791670955125,44097.18,92.8,17.9,10.4,0.996,-1.3,2.2,2.6,18.2,8.3,1.032,4,8,0,0,8
20.3,4,isocontour,11.283791670955125,44766.13,94.2,18.4,8.5,1.018,0.5,1.1,1.2,18.4,8.5,1.032,4,8,0,0,8
20.3,5,isocontour,11.283791670955125,43693.87,91.95,14.3,15.2,0.983,-1.1,3.1,3.3,18.2,8.3,1.032,4,6,0,0,6
20.3,6,isocontour,11.283791670955125,44127.48,92.86,11.3,-17.4,0.989,-2.9,-3.4,4.5,11.0,-16.8,1.029,8,6,0,0,6
20.3,7,isocontour,11.283791670955125,43926.13,92.44,-20.8,-0.1,0.988,0.0,0.7,0.7,-20.2,-2.2,1.016,23,6,0,0,6
20.3,8,isocontour,11.283791670955125,44660.27,93.98,11.5,-16.5,1.027,1.3,1.3,1.8,11.5,-16.5,1.029,8,6,0,0,6
20.3,9,isocontour,11.283791670955125,44199.24,93.01,20.2,4.9,0.987,-0.1,-0.7,0.7,18.2,8.3,1.032,4,7,0,0,7
20.3,10,isocontour,11.283791670955125,44630.78,93.92,14.8,-14.4,0.998,3.4,2.0,3.9,11.0,-16.8,1.029,8,6,0,0,6
20.3,11,isocontour,11.283791670955125,44426.27,93.49,-20.1,-5.5,0.986,-0.1,-0.7,0.7,-20.2,-2.2,1.016,23,6,0,0,6
20.3,12,isocontour,11.283791670955125,44735.18,94.14,-20.3,-4.7,0.988,0.2,-2.5,2.5,-20.2,-2.2,1.016,23,6,0,0,6
20.3,13,isocontour,11.283791670955125,43327.9,91.18,20.7,-0.6,0.99,-0.3,-0.7,0.8,18.2,8.3,1.032,4,6,0,0,6
20.3,14,isocontour,11.283791670955125,43285.27,91.09,13.1,-16.2,0.984,-1.3,-1.1,1.7,11.0,-16.8,1.029,8,6,0,0,6
20.3,15,isocontour,11.283791670955125,43133.87,90.77,18.2,9.6,0.999,-1.4,2.3,2.7,18.2,8.3,1.032,4,8,0,0,8
20.3,16,isocontour,11.283791670955125,47296.74,99.53,-22.7,21.4,0.562,0.2,0.9,0.9,-22.7,21.4,0.566,16,0,0,0,0
20.3,17,isocontour,11.283791670955125,43680.6,91.92,19.3,7.8,0.988,-1.7,0.4,1.7,18.2,8.3,1.032,4,8,0,0,8
20.3,18,isocontour,11.283791670955125,47279.4,99.49,2.4,24.8,0.788,-0.9,0.1,0.9,2.4,24.8,0.789,18,0,0,0,0
20.3,19,isocontour,11.283791670955125,44381.74,93.4,-20.3,-1.6,1.011,-0.9,1.3,1.6,-20.2,-2.2,1.016,23,6,0,0,6
20.3,20,isocontour,11.283791670955125,44359.04,93.35,11.7,-17.3,0.984,1.6,1.1,1.9,11.0,-16.8,1.029,8,6,0,0,6
20.3,21,isocontour,11.283791670955125,43412.96,91.36,5.4,-20.1,0.986,1.2,0.1,1.2,11.0,-16.8,1.029,8,6,0,0,6
20.3,22,isocontour,11.283791670955125,45872.48,96.53,-20.8,-1.9,0.986,-0.8,0.8,1.1,-20.2,-2.2,1.016,23,6,0,0,6
20.3,23,isocontour,11.283791670955125,45407.58,95.55,-20.1,-2.1,1.019,0.3,1.0,1.0,-20.1,-2.1,1.016,23,6,0,0,6
20.3,24,isocontour,11.283791670955125,44362.38,93.36,10.6,-17.9,0.991,0.9,0.8,1.2,11.0,-16.8,1.029,8,6,0,0,6
20.3,25,isocontour,11.283791670955125,44254.13,93.13,-20.7,2.0,0.99,0.0,0.7,0.7,-20.2,-2.2,1.016,23,6,0,0,6
20.3,Target,,,,,0.0,0.0,4.023,0.0,0.0,,,,,,,,,
20.4,1,isocontour,11.283791670955125,44234.37,93.09,19.6,7.0,0.986,1.9,-2.1,2.8,18.2,8.3,1.032,4,8,0,0,8
20.4,2,isocontour,11.283791670955125,42952.24,90.39,17.5,11.4,0.983,1.7,-2.4,2.9,18.2,8.3,1.032,4,7,0,0,7
20.4,3,isocontour,11.283791670955125,43991.23,92.57,17.7,10.8,0.995,-2.1,3.8,4.3,18.2,8.3,1.032,4,7,0,0,7
20.4,4,isocontour,11.283791670955125,44764.52,94.2,18.4,8.6,1.016,-0.3,1.0,1.0,18.4,8.6,1.032,4,8,0,0,8
20.4,5,isocontour,11.283791670955125,43691.93,91.94,14.4,15.2,0.98,1.0,-0.5,1.1,18.2,8.3,1.032,4,6,0,0,6
20.4,6,isocontour,11.283791670955125,44127.07,92.86,11.2,-17.5,0.988,-0.6,-0.4,0.7,11.0,-16.8,1.029,8,6,0,0,6
20.4,7,isocontour,11.283791670955125,43888.85,92.36,-20.7,-0.3,0.991,0.7,-3.0,3.1,-20.1,-2.1,1.019,23,6,0,0,6
20.4,8,isocontour,11.283791670955125,44646.96,93.95,11.7,-16.3,1.03,1.4,1.7,2.2,11.7,-16.3,1.029,8,6,0,0,6
20.4,9,isocontour,11.283791670955125,44161.24,92.93,20.1,5.2,0.989,-1.1,2.9,3.1,18.2,8.3,1.032,4,7,0,0,7
20.4,10,isocontour,11.283791670955125,44526.99,93.7,15.1,-14.1,0.997,2.9,3.2,4.3,11.0,-16.8,1.029,8,6,0,0,6
20.4,11,isocontour,11.283791670955125,44393.49,93.42,-20.1,-5.3,0.991,0.4,2.9,2.9,-20.1,-2.1,1.019,23,6,0,0,6
20.4,12,isocontour,11.283791670955125,44732.81,94.13,-20.3,-4.6,0.988,-0.2,1.2,1.2,-20.1,-2.1,1.019,23,6,0,0,6
20.4,13,isocontour,11.283791670955125,43327.4,91.18,20.8,-0.7,0.989,0.4,-0.6,0.7,18.2,8.3,1.032,4,5,0,0,5
20.4,14,isocontour,11.283791670955125,43253.48,91.02,13.0,-16.0,0.998,-1.7,2.4,2.9,11.0,-16.8,1.029,8,6,0,0,6
20.4,15,isocontour,11.283791670955125,43110.06,90.72,18.1,9.9,0.996,-0.7,2.6,2.7,18.2,8.3,1.032,4,8,0,0,8
20.4,16,isocontour,11.283791670955125,47295.64,99.53,-22.7,21.5,0.56,-0.3,0.9,0.9,-22.7,21.5,0.566,16,0,0,0,0
20.4,17,isocontour,11.283791670955125,43656.25,91.87,19.2,8.0,0.989,-1.1,2.4,2.6,18.2,8.3,1.032,4,8,0,0,8
20.4,18,isocontour,11.283791670955125,47278.3,99.49,2.3,24.8,0.788,-0.9,0.1,0.9,2.3,24.8,0.789,18,0,0,0,0
20.4,19,isocontour,11.283791670955125,44378.24,93.39,-20.5,-1.6,1.004,-1.3,-0.5,1.4,-20.1,-2.1,1.019,23,6,0,0,6
20.4,20,isocontour,11.283791670955125,44304.91,93.23,12.0,-17.1,0.981,3.2,1.4,3.5,11.0,-16.8,1.029,8,6,0,0,6
20.4,21,isocontour,11.283791670955125,43379.84,91.29,5.6,-20.0,0.987,2.8,0.9,2.9,11.0,-16.8,1.029,8,6,0,0,6
20.4,22,isocontour,11.283791670955125,45871.16,96.53,-20.8,-1.9,0.981,-1.0,-0.2,1.0,-20.1,-2.1,1.019,23,6,0,0,6
20.4,23,isocontour,11.283791670955125,45403.85,95.55,-20.2,-2.2,1.018,-0.3,-1.4,1.4,-20.2,-2.2,1.019,23,6,0,0,6
20.4,24,isocontour,11.283791670955125,44351.14,93.33,10.5,-18.0,0.986,-1.0,-1.8,2.1,11.0,-16.8,1.029,8,6,0,0,6
20.4,25,isocontour,11.283791670955125,44232.9,93.08,-20.7,2.3,0.989,-0.0,2.5,2.5,-20.1,-2.1,1.019,23,6,0,0,6
20.4,Target,,,,,0.0,0.0,4.023,0.0,0.0,,,,,,,,,
20.5,1,isocontour,11.283791670955125,44233.37,93.08,19.7,7.0,0.983,0.4,0.8,0.9,18.2,8.3,1.032,4,8,0,0,8
20.5,2,isocontour,11.283791670955125,42913.87,90.31,17.6,11.1,0.985,1.2,-2.9,3.1,18.2,8.3,1.032,4,7,0,0,7
20.5,3,isocontour,11.283791670955125,43881.61,92.34,17.5,11.2,0.992,-1.8,4.0,4.4,18.2,8.3,1.032,4,7,0,0,7
20.5,4,isocontour,11.283791670955125,44742.79,94.16,18.6,8.5,1.008,2.3,-1.1,2.5,18.6,8.5,1.032,4,8,0,0,8
20.5,5,isocontour,11.283791670955125,43688.2,91.94,14.4,15.1,0.983,0.4,-1.4,1.5,18.2,8.3,1.032,4,6,0,0,6
20.5,6,isocontour,11.283791670955125,44119.91,92.84,11.3,-17.5,0.986,1.7,0.6,1.8,11.7,-16.3,1.03,8,6,0,0,6
20.5,7,isocontour,11.283791670955125,43888.45,92.36,-20.8,-0.3,0.991,-0.2,0.7,0.7,-20.1,-2.1,1.019,23,6,0,0,6
20.5,8,isocontour,11.283791670955125,44617.07,93.89,11.9,-16.2,1.027,2.6,1.2,2.9,11.9,-16.2,1.03,8,6,0,0,6
20.5,9,isocontour,11.283791670955125,44158.74,92.93,20.1,5.3,0.991,-0.7,1.0,1.2,18.2,8.3,1.032,4,7,0,0,7
20.5,10,isocontour,11.283791670955125,44504.23,93.65,15.3,-13.9,0.995,2.1,1.5,2.6,11.7,-16.3,1.03,8,6,0,0,6
20.5,11,isocontour,11.283791670955125,44372.51,93.38,-20.0,-5.4,0.991,0.5,-2.5,2.5,-20.1,-2.1,1.019,23,6,0,0,6
20.5,12,isocontour,11.283791670955125,44729.38,94.13,-20.3,-4.5,0.987,-0.5,1.3,1.4,-20.1,-2.1,1.019,23,6,0,0,6
20.5,13,isocontour,11.283791670955125,43326.86,91.18,20.8,-0.8,0.989,-0.2,-0.7,0.7,18.2,8.3,1.032,4,5,0,0,5
20.5,14,isocontour,11.283791670955125,43234.17,90.98,12.7,-16.1,1.005,-2.4,-0.7,2.5,11.7,-16.3,1.03,8,6,0,0,6
20.5,15,isocontour,11.283791670955125,43108.7,90.72,18.1,9.8,0.999,-0.1,-1.0,1.0,18.2,8.3,1.032,4,8,0,0,8
20.5,16,isocontour,11.283791670955125,47294.54,99.53,-22.7,21.6,0.557,-0.4,0.9,1.0,-22.7,21.6,0.566,16,0,0,0,0
20.5,17,isocontour,11.283791670955125,43654.15,91.86,19.1,8.2,0.99,-0.6,1.0,1.2,18.2,8.3,1.032,4,8,0,0,8
20.5,18,isocontour,11.283791670955125,47277.2,99.49,2.2,24.8,0.79,-0.9,-0.4,1.0,2.2,24.8,0.789,18,0,0,0,0
20.5,19,isocontour,11.283791670955125,44363.23,93.36,-20.4,-1.5,1.009,1.1,2.0,2.3,-20.1,-2.1,1.019,23,6,0,0,6
20.5,20,isocontour,11.283791670955125,44294.77,93.21,12.1,-16.9,0.988,-0.0,2.0,2.0,11.7,-16.3,1.03,8,6,0,0,6
20.5,21,isocontour,11.283791670955125,43343.99,91.21,5.9,-19.9,0.989,2.8,1.2,3.0,11.7,-16.3,1.03,8,6,0,0,6
20.5,22,isocontour,11.283791670955125,45855.55,96.5,-20.8,-2.1,0.982,0.6,-2.2,2.3,-20.1,-2.1,1.019,23,6,0,0,6
20.5,23,isocontour,11.283791670955125,45377.55,95.49,-20.3,-2.0,1.009,-1.9,1.9,2.7,-20.3,-2.0,1.019,23,6,0,0,6
20.5,24,isocontour,11.283791670955125,44348.82,93.33,10.6,-18.0,0.984,1.1,0.5,1.2,11.7,-16.3,1.03,8,6,0,0,6
20.5,25,isocontour,11.283791670955125,44232.48,93.08,-20.7,2.4,0.987,-0.4,0.5,0.6,-20.1,-2.1,1.019,23,6,0,0,6
20.5,Target,,,,,0.0,0.0,4.023,0.0,0.0,,,,,,,,,
20.6,1,isocontour,11.283791670955125,44195.37,93.0,19.5,7.2,0.986,-1.7,2.6,3.1,18.2,8.3,1.032,4,8,0,0,8
20.6,2,isocontour,11.283791670955125,42834.33,90.14,17.8,10.8,0.988,1.7,-3.6,4.0,18.2,8.3,1.032,4,7,0,0,7
20.6,3,isocontour,11.283791670955125,43771.99,92.11,17.3,11.6,0.989,-1.9,4.0,4.4,18.2,8.3,1.032,4,7,0,0,7
20.6,4,isocontour,11.283791670955125,44717.06,94.1,18.7,8.3,1.01,0.6,-2.7,2.8,18.7,8.3,1.032,4,8,0,0,8
20.6,5,isocontour,11.283791670955125,43650.56,91.86,14.6,14.9,0.986,1.9,-2.4,3.1,18.2,8.3,1.032,4,6,0,0,6
20.6,6,isocontour,11.283791670955125,44114.8,92.83,11.4,-17.3,0.991,0.3,1.6,1.6,11.7,-16.3,1.03,8,6,0,0,6
20.6,7,isocontour,11.283791670955125,43865.69,92.31,-20.8,-0.1,0.987,-0.8,2.5,2.6,-20.1,-2.1,1.019,23,6,0,0,6
20.6,8,isocontour,11.283791670955125,44615.71,93.89,12.0,-16.2,1.023,1.0,-0.3,1.0,11.7,-16.3,1.03,8,6,0,0,6
20.6,9,isocontour,11.283791670955125,44158.01,92.93,20.1,5.3,0.989,0.6,-0.5,0.8,18.2,8.3,1.032,4,7,0,0,7
20.6,10,isocontour,11.283791670955125,44479.88,93.6,15.5,-13.7,0.995,1.7,2.0,2.6,11.7,-16.3,1.03,8,6,0,0,6
20.6,11,isocontour,11.283791670955125,44345.92,93.32,-19.9,-5.7,0.992,0.9,-2.6,2.8,-20.1,-2.1,1.019,23,6,0,0,6
20.6,12,isocontour,11.283791670955125,44724.83,94.12,-20.4,-4.4,0.986,-0.6,1.4,1.5,-20.1,-2.1,1.019,23,6,0,0,6
20.6,13,isocontour,11.283791670955125,43324.24,91.17,20.7,-0.7,0.992,-0.5,1.2,1.3,18.2,8.3,1.032,4,5,0,0,5
20.6,14,isocontour,11.283791670955125,43233.71,90.98,12.7,-16.0,1.005,0.6,0.3,0.7,11.7,-16.3,1.03,8,6,0,0,6
20.6,15,isocontour,11.283791670955125,43003.47,90.5,17.9,10.1,1.0,-2.2,3.8,4.4,18.2,8.3,1.032,4,8,0,0,8
20.6,16,isocontour,11.283791670955125,47293.44,99.52,-22.8,21.6,0.556,-0.9,-0.3,0.9,-22.8,21.6,0.566,16,0,0,0,0
20.6,17,isocontour,11.283791670955125,43639.34,91.83,19.1,8.0,0.991,0.7,-2.2,2.3,18.2,8.3,1.032,4,8,0,0,8
20.6,18,isocontour,11.283791670955125,47276.1,99.49,2.3,24.7,0.79,0.9,-0.0,0.9,2.3,24.7,0.79,18,0,0,0,0
20.6,19,isocontour,11.283791670955125,44255.09,93.13,-20.3,-1.1,1.015,0.8,4.3,4.4,-20.1,-2.1,1.019,23,6,0,0,6
20.6,20,isocontour,11.283791670955125,44263.93,93.15,12.2,-16.7,0.996,1.3,2.6,2.9,11.7,-16.3,1.03,8,6,0,0,6
20.6,21,isocontour,11.283791670955125,43339.95,91.2,6.0,-19.8,0.993,0.9,1.1,1.4,11.7,-16.3,1.03,8,6,0,0,6
20.6,22,isocontour,11.283791670955125,45853.12,96.49,-20.8,-2.0,0.985,0.5,1.1,1.2,-20.1,-2.1,1.019,23,6,0,0,6
20.6,23,isocontour,11.283791670955125,45364.42,95.46,-20.2,-2.0,1.018,2.1,0.4,2.1,-20.2,-2.0,1.019,23,6,0,0,6
20.6,24,isocontour,11.283791670955125,44341.04,93.31,10.6,-17.8,0.99,0.5,1.7,1.8,11.7,-16.3,1.03,8,6,0,0,6
20.6,25,isocontour,11.283791670955125,44230.04,93.08,-20.7,2.3,0.988,0.2,-1.2,1.2,-20.1,-2.1,1.019,23,6,0,0,6
20.6,Target,,,,,0.0,0.0,4.023,0.0,0.0,,,,,,,,,
20.7,1,isocontour,11.283791670955125,44192.43,93.0,19.4,7.3,0.989,-0.9,0.9,1.3,18.2,8.3,1.032,4,8,0,0,8
20.7,2,isocontour,11.283791670955125,42796.32,90.06,17.8,10.5,0.994,0.4,-3.1,3.1,18.2,8.3,1.032,4,7,0,0,7
20.7,3,isocontour,11.283791670955125,43769.62,92.11,17.2,11.5,0.992,-0.1,-1.2,1.2,18.2,8.3,1.032,4,7,0,0,7
20.7,4,isocontour,11.283791670955125,44693.78,94.05,18.4,8.3,1.021,-2.6,0.1,2.6,18.4,8.3,1.032,4,8,0,0,8
20.7,5,isocontour,11.283791670955125,43623.1,91.8,14.7,14.6,0.992,0.8,-2.7,2.8,18.2,8.3,1.032,4,7,0,0,7
20.7,6,isocontour,11.283791670955125,44114.31,92.83,11.4,-17.4,0.99,-0.3,-0.6,0.7,11.7,-16.3,1.03,8,6,0,0,6
20.7,7,isocontour,11.283791670955125,43865.25,92.31,-20.8,-0.0,0.987,0.2,0.7,0.7,-20.1,-2.1,1.019,23,6,0,0,6
20.7,8,isocontour,11.283791670955125,44594.48,93.84,11.8,-16.2,1.03,-2.5,0.3,2.5,11.7,-16.3,1.03,8,6,0,0,6
20.7,9,isocontour,11.283791670955125,44155.69,92.92,20.1,5.4,0.988,-0.2,1.2,1.2,18.2,8.3,1.032,4,8,0,0,8
20.7,10,isocontour,11.283791670955125,44455.81,93.55,15.7,-13.6,0.991,2.3,1.3,2.6,11.7,-16.3,1.03,8,6,0,0,6
20.7,11,isocontour,11.283791670955125,44342.85,93.31,-20.0,-5.8,0.988,-0.6,-1.2,1.3,-20.1,-2.1,1.019,23,6,0,0,6
20.7,12,isocontour,11.283791670955125,44722.39,94.11,-20.4,-4.2,0.987,-0.0,1.2,1.2,-20.1,-2.1,1.019,23,6,0,0,6
20.7,13,isocontour,11.283791670955125,43323.68,91.17,20.7,-0.7,0.99,0.4,-0.6,0.7,18.2,8.3,1.032,4,5,0,0,5
20.7,14,isocontour,11.283791670955125,43211.72,90.93,12.9,-15.9,1.004,2.1,1.5,2.6,11.7,-16.3,1.03,8,6,0,0,6
20.7,15,isocontour,11.283791670955125,42962.07,90.41,17.7,10.4,1.002,-2.0,2.5,3.2,18.2,8.3,1.032,4,8,0,0,8
20.7,16,isocontour,11.283791670955125,47292.34,99.52,-22.9,21.6,0.553,-0.6,0.8,1.0,-22.9,21.6,0.566,16,0,0,0,0
20.7,17,isocontour,11.283791670955125,43637.94,91.83,19.2,7.9,0.987,1.0,-0.1,1.0,18.2,8.3,1.032,4,8,0,0,8
20.7,18,isocontour,11.283791670955125,47275.0,99.48,2.4,24.7,0.789,0.9,0.0,0.9,2.4,24.7,0.79,18,0,0,0,0
20.7,19,isocontour,11.283791670955125,44254.45,93.13,-20.2,-1.0,1.019,0.6,0.5,0.8,-20.1,-2.1,1.019,23,6,0,0,6
20.7,20,isocontour,11.283791670955125,44254.09,93.13,12.3,-16.8,0.988,1.5,-1.3,2.0,11.7,-16.3,1.03,8,6,0,0,6
20.7,21,isocontour,11.283791670955125,43324.13,91.17,5.9,-19.8,0.995,-2.3,-0.4,2.3,11.7,-16.3,1.03,8,6,0,0,6
20.7,22,isocontour,11.283791670955125,45853.05,96.49,-20.7,-2.0,0.986,0.2,0.3,0.4,-20.1,-2.1,1.019,23,6,0,0,6
20.7,23,isocontour,11.283791670955125,45362.98,95.46,-20.1,-2.1,1.019,0.0,-1.0,1.0,-20.1,-2.1,1.019,23,6,0,0,6
20.7,24,isocontour,11.283791670955125,44319.81,93.27,10.8,-17.7,0.99,2.3,1.1,2.5,11.7,-16.3,1.03,8,6,0,0,6
20.7,25,isocontour,11.283791670955125,44226.32,93.07,-20.6,2.1,0.991,0.6,-1.3,1.4,-20.1,-2.1,1.019,23,6,0,0,6
20.7,Target,,,,,0.0,0.0,4.023,0.0,0.0,,,,,,,,,
20.8,1,isocontour,11.283791670955125,44184.65,92.98,19.3,7.4,0.995,-1.6,0.8,1.8,18.2,8.3,1.032,4,8,0,0,8
20.8,2,isocontour,11.283791670955125,42761.17,89.99,18.1,10.4,0.983,3.0,-0.0,3.0,18.2,8.3,1.032,4,7,0,0,7
20.8,3,isocontour,11.283791670955125,43767.0,92.1,17.3,11.4,0.989,1.2,-0.5,1.3,18.2,8.3,1.032,4,7,0,0,7
20.8,4,isocontour,11.283791670955125,44678.77,94.02,18.2,8.2,1.034,-2.2,-0.4,2.2,18.2,8.2,1.032,4,8,0,0,8
20.8,5,isocontour,11.283791670955125,43602.6,91.76,14.6,14.8,0.991,-1.3,2.1,2.5,18.2,8.3,1.032,4,7,0,0,7
20.8,6,isocontour,11.283791670955125,44072.92,92.75,11.2,-17.6,0.984,-1.7,-2.7,3.2,11.7,-16.3,1.03,8,6,0,0,6
20.8,7,isocontour,11.283791670955125,43862.51,92.3,-20.8,-0.1,0.99,0.6,-1.1,1.3,-20.1,-2.1,1.019,23,6,0,0,6
20.8,8,isocontour,11.283791670955125,44593.31,93.84,11.7,-16.2,1.033,-0.8,-0.5,0.9,11.7,-16.2,1.03,8,6,0,0,6
20.8,9,isocontour,11.283791670955125,44151.22,92.91,20.0,5.5,0.992,-1.2,1.0,1.6,18.2,8.3,1.032,4,8,0,0,8
20.8,10,isocontour,11.283791670955125,44427.45,93.49,15.9,-13.4,0.991,1.7,2.2,2.8,11.7,-16.3,1.03,8,5,0,0,5
20.8,11,isocontour,11.283791670955125,44340.3,93.31,-19.9,-5.8,0.99,0.4,1.2,1.3,-20.1,-2.1,1.019,23,6,0,0,6
20.8,12,isocontour,11.283791670955125,44684.39,94.03,-20.4,-3.9,0.991,0.2,3.1,3.1,-20.1,-2.1,1.019,23,6,0,0,6
20.8,13,isocontour,11.283791670955125,43302.45,91.12,20.8,-1.0,0.989,0.2,-2.5,2.5,18.2,8.3,1.032,4,4,0,0,4
20.8,14,isocontour,11.283791670955125,43175.87,90.86,13.2,-15.7,1.005,2.2,2.1,3.0,11.7,-16.3,1.03,8,6,0,0,6
20.8,15,isocontour,11.283791670955125,42962.06,90.41,17.7,10.4,1.002,0.2,0.1,0.2,18.2,8.3,1.032,4,7,0,0,7
20.8,16,isocontour,11.283791670955125,47291.24,99.52,-22.9,21.7,0.55,-0.5,0.8,0.9,-22.9,21.7,0.566,16,0,0,0,0
20.8,17,isocontour,11.283791670955125,43637.89,91.83,19.2,7.9,0.988,-0.3,-0.1,0.3,18.2,8.3,1.032,4,8,0,0,8
20.8,18,isocontour,11.283791670955125,47273.9,99.48,2.5,24.8,0.789,0.9,0.1,0.9,2.5,24.8,0.79,18,0,0,0,0
20.8,19,isocontour,11.283791670955125,44251.9,93.12,-20.3,-1.0,1.016,-0.6,-1.1,1.3,-20.1,-2.1,1.019,23,6,0,0,6
20.8,20,isocontour,11.283791670955125,44252.81,93.12,12.3,-16.8,0.988,-1.0,-0.1,1.0,11.7,-16.3,1.03,8,6,0,0,6
20.8,21,isocontour,11.283791670955125,43300.59,91.12,5.6,-20.0,0.991,-2.2,-1.5,2.7,11.7,-16.3,1.03,8,5,0,0,5
20.8,22,isocontour,11.283791670955125,45846.81,96.48,-20.6,-1.9,0.995,1.6,0.4,1.6,-20.1,-2.1,1.019,23,6,0,0,6
20.8,23,isocontour,11.283791670955125,45338.64,95.41,-20.3,-1.9,1.011,-1.9,1.9,2.7,-20.3,-1.9,1.019,23,6,0,0,6
20.8,24,isocontour,11.283791670955125,44303.58,93.23,11.0,-17.5,0.993,1.5,1.8,2.3,11.7,-16.3,1.03,8,6,0,0,6
20.8,25,isocontour,11.283791670955125,44224.0,93.06,-20.6,2.0,0.992,-0.2,-1.2,1.2,-20.1,-2.1,1.019,23,6,0,0,6
20.8,Target,,,,,0.0,0.0,4.023,0.0,0.0,,,,,,,,,
20.9,1,isocontour,11.283791670955125,44164.16,92.94,19.3,7.2,0.996,0.9,-2.4,2.6,18.2,8.2,1.034,4,8,0,0,8
20.9,2,isocontour,11.283791670955125,42758.79,89.98,18.2,10.3,0.983,0.1,-1.2,1.2,18.2,8.2,1.034,4,7,0,0,7
20.9,3,isocontour,11.283791670955125,43766.21,92.1,17.4,11.5,0.985,0.8,0.2,0.8,18.2,8.2,1.034,4,7,0,0,7
20.9,4,isocontour,11.283791670955125,44653.6,93.97,18.2,8.4,1.029,0.4,2.7,2.7,18.2,8.4,1.034,4,8,0,0,8
20.9,5,isocontour,11.283791670955125,43492.24,91.52,14.3,15.1,0.986,-2.6,3.6,4.4,18.2,8.2,1.034,4,7,0,0,7
20.9,6,isocontour,11.283791670955125,44072.44,92.75,11.2,-17.6,0.986,-0.3,0.6,0.7,11.7,-16.2,1.033,8,6,0,0,6
20.9,7,isocontour,11.283791670955125,43824.87,92.22,-20.7,-0.4,0.992,0.5,-3.1,3.1,-20.1,-2.1,1.019,23,6,0,0,6
20.9,8,isocontour,11.283791670955125,44587.18,93.83,11.8,-16.3,1.024,0.8,-1.5,1.7,11.8,-16.3,1.033,8,6,0,0,6
20.9,9,isocontour,11.283791670955125,44131.21,92.87,20.0,5.3,0.992,0.7,-2.4,2.5,18.2,8.2,1.034,4,8,0,0,8
20.9,10,isocontour,11.283791670955125,44404.44,93.44,16.1,-13.2,0.987,2.2,1.5,2.7,11.7,-16.2,1.033,8,5,0,0,5
20.9,11,isocontour,11.283791670955125,44325.48,93.28,-20.0,-5.9,0.986,-0.5,-2.2,2.3,-20.1,-2.1,1.019,23,6,0,0,6
20.9,12,isocontour,11.283791670955125,44683.9,94.03,-20.3,-4.0,0.992,0.2,-0.7,0.7,-20.1,-2.1,1.019,23,6,0,0,6
20.9,13,isocontour,11.283791670955125,43300.07,91.12,20.7,-0.9,0.99,-0.2,1.2,1.2,18.2,8.2,1.034,4,4,0,0,4
20.9,14,isocontour,11.283791670955125,43135.25,90.77,13.4,-15.5,1.008,2.0,2.5,3.2,11.7,-16.2,1.033,8,6,0,0,6
20.9,15,isocontour,11.283791670955125,42941.57,90.37,17.6,10.6,1.002,-1.4,2.1,2.5,18.2,8.2,1.034,4,7,0,0,7
20.9,16,isocontour,11.283791670955125,47290.14,99.52,-22.8,21.7,0.552,0.9,-0.1,0.9,-22.8,21.7,0.566,16,0,0,0,0
20.9,17,isocontour,11.283791670955125,43508.68,91.56,19.0,8.3,0.991,-2.3,4.1,4.7,18.2,8.2,1.034,4,8,0,0,8
20.9,18,isocontour,11.283791670955125,47272.8,99.48,2.6,24.8,0.788,0.9,-0.0,0.9,2.6,24.8,0.79,18,0,0,0,0
20.9,19,isocontour,11.283791670955125,44250.38,93.12,-20.3,-1.1,1.014,-0.4,-1.0,1.1,-20.1,-2.1,1.019,23,6,0,0,6
20.9,20,isocontour,11.283791670955125,44222.61,93.06,12.0,-16.7,0.999,-2.8,0.6,2.9,11.7,-16.2,1.033,8,6,0,0,6
20.9,21,isocontour,11.283791670955125,43214.92,90.94,5.3,-20.2,0.983,-3.2,-2.5,4.1,11.7,-16.2,1.033,8,5,0,0,5
20.9,22,isocontour,11.283791670955125,45837.11,96.46,-20.7,-2.0,0.988,-1.6,-1.1,1.9,-20.1,-2.1,1.019,23,6,0,0,6
20.9,23,isocontour,11.283791670955125,45330.6,95.39,-20.3,-1.7,1.011,0.1,1.8,1.8,-20.3,-1.7,1.019,23,6,0,0,6
20.9,24,isocontour,11.283791670955125,44253.51,93.13,10.7,-17.6,1.0,-3.4,-0.5,3.4,11.7,-16.2,1.033,8,6,0,0,6
20.9,25,isocontour,11.283791670955125,44113.64,92.83,-20.7,2.4,0.988,-0.3,4.4,4.4,-20.1,-2.1,1.019,23,6,0,0,6
20.9,Target,,,,,0.0,0.0,4.023,0.0,0.0,,,,,,,,,
21.0,1,isocontour,11.283791670955125,44055.28,92.71,19.5,6.9,0.993,2.2,-3.8,4.4,18.2,8.2,1.034,4,8,0,0,8
21.0,2,isocontour,11.283791670955125,42726.34,89.91,18.1,10.1,0.993,-0.6,-2.9,3.0,18.2,8.2,1.034,4,7,0,0,7
21.0,3,isocontour,11.283791670955125,43763.15,92.09,17.5,11.4,0.984,0.7,-1.1,1.3,18.2,8.2,1.034,4,7,0,0,7
21.0,4,isocontour,11.283791670955125,44652.46,93.97,18.3,8.5,1.023,0.8,0.6,1.0,18.3,8.5,1.034,4,8,0,0,8
21.0,5,isocontour,11.283791670955125,43489.87,91.52,14.3,15.1,0.99,0.0,-1.2,1.2,18.2,8.2,1.034,4,6,0,0,6
21.0,6,isocontour,11.283791670955125,44070.28,92.74,11.2,-17.5,0.987,0.9,0.7,1.1,11.7,-16.2,1.033,8,6,0,0,6
21.0,7,isocontour,11.283791670955125,43824.44,92.22,-20.7,-0.4,0.992,-0.1,0.7,0.7,-20.1,-2.1,1.019,23,6,0,0,6
21.0,8,isocontour,11.283791670955125,44559.72,93.77,11.6,-16.4,1.03,-2.8,-0.3,2.8,11.7,-16.2,1.033,8,6,0,0,6
21.0,9,isocontour,11.283791670955125,44035.08,92.67,20.1,4.9,0.992,1.1,-4.1,4.2,18.2,8.2,1.034,4,7,0,0,7
21.0,10,isocontour,11.283791670955125,44403.34,93.44,16.1,-13.1,0.991,-0.6,0.7,0.9,11.7,-16.2,1.033,8,5,0,0,5
21.0,11,isocontour,11.283791670955125,44325.06,93.28,-20.0,-6.0,0.986,0.3,-0.6,0.7,-20.1,-2.1,1.019,23,6,0,0,6
21.0,12,isocontour,11.283791670955125,44575.76,93.8,-20.3,-4.3,0.988,0.0,-4.4,4.4,-20.1,-2.1,1.019,23,6,0,0,6
21.0,13,isocontour,11.283791670955125,43262.07,91.04,20.7,-0.6,0.993,-0.4,3.1,3.1,18.2,8.2,1.034,4,4,0,0,4
21.0,14,isocontour,11.283791670955125,43045.1,90.58,13.7,-15.3,1.005,3.6,2.1,4.2,11.7,-16.2,1.033,8,6,0,0,6
21.0,15,isocontour,11.283791670955125,42918.81,90.32,17.5,10.8,1.001,-1.2,2.3,2.6,18.2,8.2,1.034,4,7,0,0,7
21.0,16,isocontour,11.283791670955125,47289.04,99.51,-22.9,21.7,0.55,-0.9,0.2,0.9,-22.9,21.7,0.566,16,0,0,0,0
21.0,17,isocontour,11.283791670955125,43506.69,91.55,19.0,8.4,0.987,0.4,1.1,1.2,18.2,8.2,1.034,4,8,0,0,8
21.0,18,isocontour,11.283791670955125,47271.7,99.48,2.5,24.8,0.788,-0.9,0.1,0.9,2.5,24.8,0.79,18,0,0,0,0
21.0,19,isocontour,11.283791670955125,44249.24,93.12,-20.3,-1.1,1.012,-0.3,0.9,0.9,-20.1,-2.1,1.019,23,6,0,0,6
21.0,20,isocontour,11.283791670955125,44131.81,92.87,12.1,-17.1,0.983,1.0,-4.0,4.1,11.7,-16.2,1.033,8,6,0,0,6
21.0,21,isocontour,11.283791670955125,43214.53,90.94,5.2,-20.3,0.981,-0.6,-0.3,0.7,11.7,-16.2,1.033,8,5,0,0,5
21.0,22,isocontour,11.283791670955125,45831.29,96.45,-20.9,-2.0,0.979,-1.5,0.6,1.6,-20.1,-2.1,1.019,23,6,0,0,6
21.0,23,isocontour,11.283791670955125,45328.55,95.39,-20.3,-1.8,1.012,0.3,-1.1,1.1,-20.3,-1.8,1.019,23,6,0,0,6
21.0,24,isocontour,11.283791670955125,44231.78,93.08,10.5,-17.7,1.001,-2.2,-1.3,2.6,11.7,-16.2,1.033,8,6,0,0,6
21.0,25,isocontour,11.283791670955125,44113.23,92.83,-20.7,2.5,0.988,0.1,0.7,0.7,-20.1,-2.1,1.019,23,6,0,0,6
21.0,Target,,,,,0.0,0.0,4.023,0.0,0.0,,,,,,,,,
21.1,1,isocontour,11.283791670955125,44039.26,92.68,19.7,6.9,0.981,2.0,1.1,2.3,18.2,8.2,1.034,4,8,0,0,8
21.1,2,isocontour,11.283791670955125,42720.84,89.9,18.0,10.1,0.997,-1.3,1.0,1.6,18.2,8.2,1.034,4,8,0,0,8
21.1,3,isocontour,11.283791670955125,43760.47,92.09,17.6,11.2,0.985,0.5,-1.2,1.3,18.2,8.2,1.034,4,7,0,0,7
21.1,4,isocontour,11.283791670955125,44620.99,93.9,18.2,8.8,1.022,-1.1,2.7,2.9,18.2,8.8,1.034,4,8,0,0,8
21.1,5,isocontour,11.283791670955125,43478.46,91.5,14.5,15.0,0.988,1.8,-1.0,2.1,18.2,8.2,1.034,4,6,0,0,6
21.1,6,isocontour,11.283791670955125,44059.04,92.72,11.2,-17.3,0.996,-0.2,2.1,2.1,11.7,-16.2,1.033,8,6,0,0,6
21.1,7,isocontour,11.283791670955125,43803.46,92.18,-20.7,-0.1,0.991,-0.3,2.5,2.5,-20.1,-2.1,1.019,23,6,0,0,6
21.1,8,isocontour,11.283791670955125,44558.65,93.77,11.5,-16.4,1.031,-0.8,-0.5,0.9,11.7,-16.2,1.033,8,6,0,0,6
21.1,9,isocontour,11.283791670955125,43936.2,92.46,20.3,4.5,0.989,1.5,-4.0,4.3,18.2,8.2,1.034,4,7,0,0,7
21.1,10,isocontour,11.283791670955125,44391.26,93.42,16.1,-13.0,0.994,0.8,1.9,2.1,11.7,-16.2,1.033,8,5,0,0,5
21.1,11,isocontour,11.283791670955125,44297.3,93.22,-19.9,-5.8,0.992,0.5,2.7,2.7,-20.1,-2.1,1.019,23,6,0,0,6
21.1,12,isocontour,11.283791670955125,44573.39,93.8,-20.3,-4.3,0.989,0.2,1.2,1.2,-20.1,-2.1,1.019,23,6,0,0,6
21.1,13,isocontour,11.283791670955125,43241.08,91.0,20.7,-0.8,0.991,0.3,-2.5,2.5,18.2,8.2,1.034,4,5,0,0,5
21.1,14,isocontour,11.283791670955125,42946.91,90.38,14.1,-15.1,0.998,3.9,1.8,4.3,11.7,-16.2,1.033,8,6,0,0,6
21.1,15,isocontour,11.283791670955125,42893.36,90.26,17.4,11.1,0.999,-1.0,2.5,2.7,18.2,8.2,1.034,4,7,0,0,7
21.1,16,isocontour,11.283791670955125,47287.94,99.51,-22.9,21.8,0.548,-0.0,0.9,0.9,-22.9,21.8,0.566,16,0,0,0,0
21.1,17,isocontour,11.283791670955125,43503.04,91.55,19.0,8.6,0.987,-0.6,1.3,1.4,18.2,8.2,1.034,4,8,0,0,8
21.1,18,isocontour,11.283791670955125,47270.6,99.48,2.5,24.8,0.785,0.0,0.9,0.9,2.5,24.8,0.79,18,0,0,0,0
21.1,19,isocontour,11.283791670955125,44212.68,93.04,-20.4,-1.3,1.009,-0.3,-3.0,3.0,-20.1,-2.1,1.019,23,6,0,0,6
21.1,20,isocontour,11.283791670955125,44128.46,92.86,12.0,-17.2,0.98,-1.1,-0.8,1.4,11.7,-16.2,1.033,8,6,0,0,6
21.1,21,isocontour,11.283791670955125,43177.25,90.86,5.5,-20.2,0.983,2.8,1.2,3.0,11.7,-16.2,1.033,8,5,0,0,5
21.1,22,isocontour,11.283791670955125,45804.12,96.39,-20.7,-1.8,0.987,1.8,2.1,2.8,-20.1,-2.1,1.019,23,6,0,0,6
21.1,23,isocontour,11.283791670955125,45325.35,95.38,-20.4,-1.8,1.006,-1.3,0.3,1.3,-20.4,-1.8,1.019,23,6,0,0,6
21.1,24,isocontour,11.283791670955125,44189.21,92.99,10.2,-17.8,1.004,-3.0,-1.1,3.2,11.7,-16.2,1.033,8,6,0,0,6
21.1,25,isocontour,11.283791670955125,44110.68,92.83,-20.6,2.4,0.989,0.2,-1.2,1.2,-20.1,-2.1,1.019,23,6,0,0,6
21.1,Target,,,,,0.0,0.0,4.023,0.0,0.0,,,,,,,,,
21.2,1,isocontour,11.283791670955125,44036.39,92.67,19.8,7.0,0.977,0.0,1.3,1.3,18.2,8.2,1.034,4,8,0,0,8
21.2,2,isocontour,11.283791670955125,42676.67,89.81,17.8,10.4,0.998,-1.6,2.8,3.2,18.2,8.2,1.034,4,8,0,0,8
21.2,3,isocontour,11.283791670955125,43733.01,92.03,17.8,11.1,0.98,2.3,-1.5,2.7,18.2,8.2,1.034,4,7,0,0,7
21.2,4,isocontour,11.283791670955125,44619.51,93.9,18.2,8.9,1.02,-0.3,1.0,1.0,18.2,8.9,1.034,4,8,0,0,8
21.2,5,isocontour,11.283791670955125,43475.72,91.49,14.5,14.8,0.99,0.5,-1.2,1.3,18.2,8.2,1.034,4,6,0,0,6
21.2,6,isocontour,11.283791670955125,44049.49,92.7,11.1,-17.3,1.001,-1.9,-0.3,1.9,11.7,-16.2,1.033,8,6,0,0,6
21.2,7,isocontour,11.283791670955125,43693.84,91.95,-20.8,0.3,0.987,-0.7,4.4,4.5,-20.1,-2.1,1.019,23,6,0,0,6
21.2,8,isocontour,11.283791670955125,44523.84,93.69,11.7,-16.4,1.027,2.8,1.0,3.0,11.7,-16.2,1.033,8,6,0,0,6
21.2,9,isocontour,11.283791670955125,43933.83,92.45,20.3,4.5,0.99,-0.4,1.1,1.2,18.2,8.2,1.034,4,7,0,0,7
21.2,10,isocontour,11.283791670955125,44363.5,93.36,16.3,-12.8,0.995,1.7,2.2,2.8,11.7,-16.2,1.033,8,5,0,0,5
21.2,11,isocontour,11.283791670955125,44283.8,93.19,-19.9,-5.9,0.988,-0.6,-2.1,2.2,-20.1,-2.1,1.019,23,6,0,0,6
21.2,12,isocontour,11.283791670955125,44570.89,93.79,-20.3,-4.2,0.99,-0.1,1.2,1.2,-20.1,-2.1,1.019,23,6,0,0,6
21.2,13,isocontour,11.283791670955125,43132.94,90.77,20.8,-1.2,0.988,0.5,-4.4,4.4,18.2,8.2,1.034,4,5,0,0,5
21.2,14,isocontour,11.283791670955125,42916.4,90.31,14.4,-15.0,0.992,2.7,1.1,2.9,11.7,-16.2,1.033,8,6,0,0,6
21.2,15,isocontour,11.283791670955125,42869.55,90.21,17.2,11.3,1.001,-1.9,1.9,2.7,18.2,8.2,1.034,4,7,0,0,7
21.2,16,isocontour,11.283791670955125,47286.84,99.51,-23.0,21.9,0.546,-0.3,0.9,0.9,-23.0,21.9,0.566,16,0,0,0,0
21.2,17,isocontour,11.283791670955125,43480.54,91.5,18.8,8.7,0.995,-2.4,1.0,2.6,18.2,8.2,1.034,4,8,0,0,8
21.2,18,isocontour,11.283791670955125,47269.5,99.47,2.4,24.8,0.785,-0.9,-0.2,0.9,2.4,24.8,0.79,18,0,0,0,0
21.2,19,isocontour,11.283791670955125,44186.38,92.98,-20.4,-1.1,1.01,0.1,2.7,2.7,-20.1,-2.1,1.019,23,6,0,0,6
21.2,20,isocontour,11.283791670955125,44103.56,92.81,12.1,-17.0,0.983,1.7,2.1,2.7,11.7,-16.2,1.033,8,6,0,0,6
21.2,21,isocontour,11.283791670955125,43169.59,90.85,5.6,-20.0,0.988,1.0,1.5,1.8,11.7,-16.2,1.033,8,5,0,0,5
21.2,22,isocontour,11.283791670955125,45798.52,96.38,-20.7,-1.9,0.989,0.1,-1.6,1.6,-20.1,-2.1,1.019,23,6,0,0,6
21.2,23,isocontour,11.283791670955125,45304.85,95.34,-20.3,-1.6,1.013,1.4,2.1,2.5,-20.3,-1.6,1.019,23,6,0,0,6
21.2,24,isocontour,11.283791670955125,44163.76,92.94,10.0,-18.0,1.001,-1.9,-1.9,2.7,11.7,-16.2,1.033,8,6,0,0,6
21.2,25,isocontour,11.283791670955125,44072.31,92.74,-20.6,2.1,0.992,0.2,-3.1,3.1,-20.1,-2.1,1.019,23,6,0,0,6
21.2,Target,,,,,0.0,0.0,4.023,0.0,0.0,,,,,,,,,
21.3,1,isocontour,11.283791670955125,44013.9,92.62,19.7,7.3,0.976,-0.7,2.5,2.6,18.2,8.2,1.034,4,8,0,0,8
21.3,2,isocontour,11.283791670955125,42569.99,89.58,17.6,10.7,0.998,-2.3,3.7,4.4,18.2,8.2,1.034,4,7,0,0,7
21.3,3,isocontour,11.283791670955125,43696.09,91.95,17.7,10.8,0.989,-0.7,-3.0,3.1,18.2,8.2,1.034,4,7,0,0,7
21.3,4,isocontour,11.283791670955125,44614.2,93.89,18.1,9.0,1.023,-1.2,1.1,1.6,18.1,9.0,1.034,4,8,0,0,8
21.3,5,isocontour,11.283791670955125,43438.44,91.41,14.7,14.6,0.991,2.0,-2.3,3.0,18.2,8.2,1.034,4,6,0,0,6
21.3,6,isocontour,11.283791670955125,44018.33,92.63,10.9,-17.5,0.997,-1.7,-2.4,2.9,11.7,-16.2,1.033,8,6,0,0,6
21.3,7,isocontour,11.283791670955125,43691.41,91.94,-20.8,0.2,0.987,0.1,-1.2,1.2,-20.1,-2.1,1.019,23,6,0,0,6
21.3,8,isocontour,11.283791670955125,44522.23,93.69,11.7,-16.4,1.022,-0.2,-1.1,1.1,11.7,-16.2,1.033,8,6,0,0,6
21.3,9,isocontour,11.283791670955125,43929.87,92.45,20.3,4.7,0.989,-0.1,1.4,1.4,18.2,8.2,1.034,4,7,0,0,7
21.3,10,isocontour,11.283791670955125,44302.62,93.23,16.5,-12.5,0.997,1.9,3.1,3.6,11.7,-16.2,1.033,8,5,0,0,5
21.3,11,isocontour,11.283791670955125,44283.4,93.19,-20.0,-6.0,0.985,-0.3,-0.6,0.7,-20.1,-2.1,1.019,23,6,0,0,6
21.3,12,isocontour,11.283791670955125,44569.5,93.79,-20.3,-4.2,0.993,0.6,-0.8,1.0,-20.1,-2.1,1.019,23,6,0,0,6
21.3,13,isocontour,11.283791670955125,43132.52,90.77,20.8,-1.3,0.987,-0.1,-0.7,0.7,18.2,8.2,1.034,4,4,0,0,4
21.3,14,isocontour,11.283791670955125,42895.17,90.27,14.6,-14.8,0.989,2.1,1.4,2.5,11.7,-16.2,1.033,8,6,0,0,6
21.3,15,isocontour,11.283791670955125,42782.62,90.03,17.0,11.6,0.998,-1.7,3.7,4.1,18.2,8.2,1.034,4,7,0,0,7
21.3,16,isocontour,11.283791670955125,47285.74,99.51,-23.0,22.0,0.543,-0.3,0.9,0.9,-23.0,22.0,0.566,16,0,0,0,0
21.3,17,isocontour,11.283791670955125,43452.49,91.44,18.8,8.5,0.997,1.1,-2.6,2.8,18.2,8.2,1.034,4,8,0,0,8
21.3,18,isocontour,11.283791670955125,47268.4,99.47,2.3,24.8,0.786,-0.9,0.0,0.9,2.3,24.8,0.79,18,0,0,0,0
21.3,19,isocontour,11.283791670955125,44182.08,92.98,-20.3,-1.2,1.014,0.8,-1.2,1.4,-20.1,-2.1,1.019,23,6,0,0,6
21.3,20,isocontour,11.283791670955125,44100.28,92.8,12.0,-17.0,0.985,-1.2,-0.6,1.3,11.7,-16.2,1.033,8,6,0,0,6
21.3,21,isocontour,11.283791670955125,43143.58,90.79,5.9,-20.0,0.988,2.7,0.4,2.7,11.7,-16.2,1.033,8,5,0,0,5
21.3,22,isocontour,11.283791670955125,45797.67,96.38,-20.8,-1.9,0.985,-0.8,-0.3,0.9,-20.1,-2.1,1.019,23,6,0,0,6
21.3,23,isocontour,11.283791670955125,45303.79,95.34,-20.3,-1.5,1.012,-0.5,0.8,0.9,-20.3,-1.5,1.019,23,6,0,0,6
21.3,24,isocontour,11.283791670955125,44121.59,92.85,9.8,-18.2,0.994,-2.0,-2.5,3.2,11.7,-16.2,1.033,8,6,0,0,6
21.3,25,isocontour,11.283791670955125,44070.21,92.74,-20.5,2.0,0.997,0.7,-0.9,1.1,-20.1,-2.1,1.019,23,6,0,0,6
21.3,Target,,,,,0.0,0.0,4.023,0.0,0.0,,,,,,,,,
21.4,1,isocontour,11.283791670955125,44000.04,92.59,19.5,7.4,0.983,-2.0,1.0,2.2,18.2,8.2,1.034,4,8,0,0,8
21.4,2,isocontour,11.283791670955125,42568.1,89.58,17.7,10.7,0.996,0.9,-0.6,1.1,18.2,8.2,1.034,4,7,0,0,7
21.4,3,isocontour,11.283791670955125,43690.98,91.94,17.7,10.9,0.991,-0.8,1.3,1.5,18.2,8.2,1.034,4,7,0,0,7
21.4,4,isocontour,11.283791670955125,44599.96,93.86,18.1,9.2,1.017,0.3,2.2,2.2,18.1,9.2,1.034,4,8,0,0,8
21.4,5,isocontour,11.283791670955125,43428.44,91.39,14.7,14.8,0.986,-0.3,2.0,2.0,18.2,8.2,1.034,4,6,0,0,6
21.4,6,isocontour,11.283791670955125,43908.72,92.4,10.6,-17.8,0.991,-3.2,-3.1,4.5,11.7,-16.2,1.033,8,6,0,0,6
21.4,7,isocontour,11.283791670955125,43658.3,91.87,-20.7,-0.0,0.994,1.3,-2.6,2.9,-20.1,-2.1,1.019,23,6,0,0,6
21.4,8,isocontour,11.283791670955125,44496.78,93.64,11.9,-16.4,1.018,2.5,1.0,2.7,11.7,-16.2,1.033,8,6,0,0,6
21.4,9,isocontour,11.283791670955125,43927.43,92.44,20.2,4.8,0.99,-0.5,1.1,1.2,18.2,8.2,1.034,4,7,0,0,7
21.4,10,isocontour,11.283791670955125,44276.61,93.17,16.6,-12.2,0.997,1.6,2.2,2.7,11.7,-16.2,1.033,8,5,0,0,5
21.4,11,isocontour,11.283791670955125,44280.91,93.18,-20.0,-5.9,0.986,0.0,1.2,1.2,-20.1,-2.1,1.019,23,6,0,0,6
21.4,12,isocontour,11.283791670955125,44547.51,93.74,-20.3,-4.5,0.99,-0.1,-2.6,2.6,-20.1,-2.1,1.019,23,6,0,0,6
21.4,13,isocontour,11.283791670955125,43129.52,90.76,20.7,-1.2,0.99,-0.6,1.2,1.3,18.2,8.2,1.034,4,4,0,0,4
21.4,14,isocontour,11.283791670955125,42894.53,90.27,14.6,-14.7,0.99,0.3,0.7,0.8,11.7,-16.2,1.033,8,6,0,0,6
21.4,15,isocontour,11.283791670955125,42763.77,89.99,16.9,11.9,0.994,-0.6,2.4,2.5,18.2,8.2,1.034,4,7,0,0,7
21.4,16,isocontour,11.283791670955125,47284.64,99.5,-22.9,22.1,0.543,0.8,0.5,0.9,-22.9,22.1,0.566,16,0,0,0,0
21.4,17,isocontour,11.283791670955125,43423.83,91.38,19.0,8.3,0.992,2.0,-2.0,2.8,18.2,8.2,1.034,4,8,0,0,8
21.4,18,isocontour,11.283791670955125,47267.3,99.47,2.2,24.8,0.786,-0.9,-0.0,0.9,2.2,24.8,0.79,18,0,0,0,0
21.4,19,isocontour,11.283791670955125,44076.13,92.75,-20.3,-0.9,1.017,0.3,4.4,4.4,-20.1,-2.1,1.019,23,6,0,0,6
21.4,20,isocontour,11.283791670955125,44070.4,92.74,12.1,-16.8,0.991,1.4,2.5,2.9,11.7,-16.2,1.033,8,6,0,0,6
21.4,21,isocontour,11.283791670955125,43140.9,90.78,6.0,-19.9,0.988,1.2,0.4,1.3,11.7,-16.2,1.033,8,5,0,0,5
21.4,22,isocontour,11.283791670955125,45768.4,96.31,-20.7,-1.7,0.987,0.4,2.8,2.8,-20.1,-2.1,1.019,23,6,0,0,6
21.4,23,isocontour,11.283791670955125,45301.89,95.33,-20.4,-1.4,1.01,-0.5,1.0,1.1,-20.4,-1.4,1.019,23,6,0,0,6
21.4,24,isocontour,11.283791670955125,44011.23,92.62,9.5,-18.5,0.989,-3.5,-2.7,4.4,11.7,-16.2,1.033,8,6,0,0,6
21.4,25,isocontour,11.283791670955125,43959.85,92.51,-20.5,2.4,0.995,0.0,4.4,4.4,-20.1,-2.1,1.019,23,6,0,0,6
21.4,Target,,,,,0.0,0.0,4.023,0.0,0.0,,,,,,,,,
21.5,1,isocontour,11.283791670955125,43977.28,92.54,19.3,7.5,0.992,-2.3,1.2,2.6,18.2,8.2,1.034,4,8,0,0,8
21.5,2,isocontour,11.283791670955125,42456.24,89.34,17.5,11.0,0.997,-2.5,3.7,4.5,18.2,8.2,1.034,4,7,0,0,7
21.5,3,isocontour,11.283791670955125,43582.83,91.71,17.5,11.3,0.987,-1.6,4.1,4.4,18.2,8.2,1.034,4,7,0,0,7
21.5,4,isocontour,11.283791670955125,44575.88,93.8,18.2,9.0,1.015,1.3,-2.3,2.6,18.2,9.0,1.034,4,8,0,0,8
21.5,5,isocontour,11.283791670955125,43426.45,91.39,14.8,14.8,0.983,1.1,-0.4,1.2,18.2,8.2,1.034,4,6,0,0,6
21.5,6,isocontour,11.283791670955125,43880.66,92.34,10.4,-18.1,0.984,-1.4,-2.4,2.8,11.7,-16.2,1.033,8,6,0,0,6
21.5,7,isocontour,11.283791670955125,43655.98,91.87,-20.7,-0.1,0.995,-0.1,-1.2,1.2,-20.1,-2.1,1.019,23,6,0,0,6
21.5,8,isocontour,11.283791670955125,44472.97,93.59,12.0,-16.1,1.028,-0.1,2.6,2.6,11.7,-16.2,1.033,8,6,0,0,6
21.5,9,isocontour,11.283791670955125,43890.87,92.36,20.1,5.0,0.991,-1.0,2.9,3.1,18.2,8.2,1.034,4,7,0,0,7
21.5,10,isocontour,11.283791670955125,44253.59,93.13,16.8,-12.1,0.994,2.1,1.6,2.6,11.7,-16.2,1.033,8,5,0,0,5
21.5,11,isocontour,11.283791670955125,44243.63,93.11,-20.0,-5.6,0.988,-0.6,3.0,3.1,-20.1,-2.1,1.019,23,6,0,0,6
21.5,12,isocontour,11.283791670955125,44524.76,93.7,-20.2,-4.7,0.989,0.4,-2.6,2.6,-20.1,-2.1,1.019,23,6,0,0,6
21.5,13,isocontour,11.283791670955125,43129.06,90.76,20.7,-1.3,0.989,0.3,-0.6,0.7,18.2,8.2,1.034,4,4,0,0,4
21.5,14,isocontour,11.283791670955125,42893.95,90.27,14.7,-14.7,0.988,0.8,0.1,0.8,11.7,-16.2,1.033,8,6,0,0,6
21.5,15,isocontour,11.283791670955125,42731.65,89.92,16.8,12.1,0.995,-2.0,2.1,2.9,18.2,8.2,1.034,4,7,0,0,7
21.5,16,isocontour,11.283791670955125,47283.54,99.5,-22.9,22.0,0.546,0.4,-0.9,1.0,-22.9,22.0,0.566,16,0,0,0,0
21.5,17,isocontour,11.283791670955125,43333.68,91.19,19.3,8.0,0.984,2.9,-2.9,4.1,18.2,8.2,1.034,4,8,0,0,8
21.5,18,isocontour,11.283791670955125,47266.2,99.47,2.1,24.8,0.786,-0.9,0.0,0.9,2.1,24.8,0.79,18,0,0,0,0
21.5,19,isocontour,11.283791670955125,44057.96,92.71,-20.4,-0.6,1.012,-1.3,2.1,2.5,-20.1,-2.1,1.019,23,6,0,0,6
21.5,20,isocontour,11.283791670955125,44056.16,92.71,12.1,-17.0,0.986,-0.9,-2.1,2.3,11.7,-16.2,1.033,8,6,0,0,6
21.5,21,isocontour,11.283791670955125,43138.47,90.78,6.1,-19.9,0.989,1.1,0.6,1.3,11.7,-16.2,1.033,8,5,0,0,5
21.5,22,isocontour,11.283791670955125,45761.48,96.3,-20.8,-1.5,0.984,-0.8,1.5,1.7,-20.1,-2.1,1.019,23,6,0,0,6
21.5,23,isocontour,11.283791670955125,45264.25,95.25,-20.2,-1.6,1.018,2.0,-2.4,3.1,-20.2,-1.6,1.019,23,6,0,0,6
21.5,24,isocontour,11.283791670955125,44009.43,92.61,9.5,-18.5,0.986,1.1,-0.1,1.1,11.7,-16.2,1.033,8,6,0,0,6
21.5,25,isocontour,11.283791670955125,43849.49,92.28,-20.5,2.8,0.992,0.0,4.4,4.4,-20.1,-2.1,1.019,23,6,0,0,6
21.5,Target,,,,,0.0,0.0,4.023,0.0,0.0,,,,,,,,,
21.6,1,isocontour,11.283791670955125,43881.15,92.34,19.3,7.2,0.998,0.5,-4.2,4.2,18.2,8.2,1.034,4,8,0,0,8
21.6,2,isocontour,11.283791670955125,42352.45,89.13,17.2,11.4,0.999,-2.7,3.4,4.3,18.2,8.2,1.034,4,7,0,0,7
21.6,3,isocontour,11.283791670955125,43582.44,91.71,17.5,11.4,0.985,0.1,0.7,0.7,18.2,8.2,1.034,4,7,0,0,7
21.6,4,isocontour,11.283791670955125,44572.08,93.8,18.1,9.1,1.02,-1.3,0.6,1.4,18.1,9.1,1.034,4,8,0,0,8
21.6,5,isocontour,11.283791670955125,43423.96,91.38,14.9,14.7,0.983,0.8,-1.0,1.3,18.2,8.2,1.034,4,7,0,0,7
21.6,6,isocontour,11.283791670955125,43879.95,92.34,10.4,-18.0,0.986,0.1,0.8,0.8,11.7,-16.2,1.033,8,6,0,0,6
21.6,7,isocontour,11.283791670955125,43655.27,91.87,-20.7,-0.1,0.992,-0.5,0.6,0.8,-20.1,-2.1,1.019,23,6,0,0,6
21.6,8,isocontour,11.283791670955125,44471.69,93.59,12.0,-16.1,1.027,1.0,0.0,1.0,11.7,-16.2,1.033,8,6,0,0,6
21.6,9,isocontour,11.283791670955125,43882.3,92.34,20.2,5.0,0.986,1.5,-1.1,1.9,18.2,8.2,1.034,4,8,0,0,8
21.6,10,isocontour,11.283791670955125,44252.49,93.12,16.9,-12.0,0.991,0.9,0.3,0.9,11.7,-16.2,1.033,8,5,0,0,5
21.6,11,isocontour,11.283791670955125,44241.13,93.1,-20.1,-5.5,0.988,-0.2,1.2,1.2,-20.1,-2.1,1.019,23,6,0,0,6
21.6,12,isocontour,11.283791670955125,44523.1,93.69,-20.2,-4.7,0.993,0.7,0.8,1.1,-20.1,-2.1,1.019,23,6,0,0,6
21.6,13,isocontour,11.283791670955125,43128.49,90.76,20.7,-1.3,0.99,-0.3,-0.7,0.8,18.2,8.2,1.034,4,4,0,0,4
21.6,14,isocontour,11.283791670955125,42887.81,90.25,14.7,-14.6,0.995,-0.7,1.5,1.7,11.7,-16.2,1.033,8,6,0,0,6
21.6,15,isocontour,11.283791670955125,42630.69,89.71,16.5,12.4,0.996,-2.6,3.5,4.4,18.2,8.2,1.034,4,7,0,0,7
21.6,16,isocontour,11.283791670955125,47282.44,99.5,-22.9,21.9,0.545,-0.8,-0.4,0.9,-22.9,21.9,0.566,16,0,0,0,0
21.6,17,isocontour,11.283791670955125,43330.26,91.18,19.3,8.1,0.98,0.1,1.4,1.4,18.2,8.2,1.034,4,8,0,0,8
21.6,18,isocontour,11.283791670955125,47265.1,99.46,2.0,24.8,0.787,-0.9,-0.1,0.9,2.0,24.8,0.79,18,0,0,0,0
21.6,19,isocontour,11.283791670955125,44055.59,92.71,-20.4,-0.7,1.009,-0.3,-1.2,1.2,-20.1,-2.1,1.019,23,6,0,0,6
21.6,20,isocontour,11.283791670955125,44034.17,92.66,12.2,-16.9,0.986,2.0,1.6,2.6,11.7,-16.2,1.033,8,6,0,0,6
21.6,21,isocontour,11.283791670955125,43130.17,90.76,6.2,-19.7,0.995,1.0,1.6,1.9,11.7,-16.2,1.033,8,5,0,0,5
21.6,22,isocontour,11.283791670955125,45755.34,96.29,-20.7,-1.5,0.992,1.6,0.3,1.6,-20.1,-2.1,1.019,23,6,0,0,6
21.6,23,isocontour,11.283791670955125,45258.22,95.24,-20.1,-1.5,1.024,0.7,1.5,1.7,-20.1,-1.5,1.019,23,6,0,0,6
21.6,24,isocontour,11.283791670955125,44001.52,92.6,9.6,-18.4,0.991,0.7,1.7,1.8,11.7,-16.2,1.033,8,6,0,0,6
21.6,25,isocontour,11.283791670955125,43826.47,92.23,-20.5,3.1,0.992,0.4,2.6,2.6,-20.1,-2.1,1.019,23,6,0,0,6
21.6,Target,,,,,0.0,0.0,4.023,0.0,0.0,,,,,,,,,
21.7,1,isocontour,11.283791670955125,43792.3,92.16,19.4,6.8,1.001,1.0,-4.0,4.1,18.2,8.2,1.034,4,8,0,0,8
21.7,2,isocontour,11.283791670955125,42316.59,89.05,17.1,11.7,0.996,-1.0,2.9,3.1,18.2,8.2,1.034,4,7,0,0,7
21.7,3,isocontour,11.283791670955125,43495.51,91.53,17.7,11.1,0.982,2.6,-3.2,4.1,18.2,8.2,1.034,4,7,0,0,7
21.7,4,isocontour,11.283791670955125,44569.08,93.79,18.0,9.2,1.022,-0.9,1.0,1.3,18.0,9.2,1.034,4,8,0,0,8
21.7,5,isocontour,11.283791670955125,43397.37,91.32,14.9,14.4,0.99,0.7,-2.7,2.8,18.2,8.2,1.034,4,7,0,0,7
21.7,6,isocontour,11.283791670955125,43863.52,92.31,10.6,-17.9,0.986,2.0,1.2,2.3,11.7,-16.2,1.033,8,6,0,0,6
21.7,7,isocontour,11.283791670955125,43632.51,91.82,-20.8,0.1,0.987,-1.1,2.4,2.6,-20.1,-1.5,1.024,23,6,0,0,6
21.7,8,isocontour,11.283791670955125,44441.17,93.52,11.9,-16.3,1.025,-2.1,-2.0,2.9,11.7,-16.2,1.033,8,6,0,0,6
21.7,9,isocontour,11.283791670955125,43881.27,92.34,20.2,4.9,0.989,-0.9,-0.3,0.9,18.2,8.2,1.034,4,8,0,0,8
21.7,10,isocontour,11.283791670955125,44216.29,93.05,17.2,-11.9,0.984,2.6,1.5,3.0,11.7,-16.2,1.033,8,5,0,0,5
21.7,11,isocontour,11.283791670955125,44205.63,93.03,-20.1,-5.2,0.989,-0.7,3.0,3.1,-20.1,-1.5,1.024,23,6,0,0,6
21.7,12,isocontour,11.283791670955125,44506.03,93.66,-20.1,-4.9,0.995,0.9,-2.2,2.4,-20.1,-1.5,1.024,23,6,0,0,6
21.7,13,isocontour,11.283791670955125,43107.51,90.71,20.7,-1.5,0.989,0.2,-2.5,2.5,18.2,8.2,1.034,4,4,0,0,4
21.7,14,isocontour,11.283791670955125,42878.69,90.23,14.8,-14.6,0.99,1.9,0.0,1.9,11.7,-16.2,1.033,8,6,0,0,6
21.7,15,isocontour,11.283791670955125,42521.07,89.48,16.3,12.8,0.992,-2.1,3.9,4.4,18.2,8.2,1.034,4,7,0,0,7
21.7,16,isocontour,11.283791670955125,47281.34,99.5,-22.9,21.9,0.547,0.4,-0.9,1.0,-22.9,21.9,0.566,16,0,0,0,0
21.7,17,isocontour,11.283791670955125,43316.58,91.15,19.2,8.1,0.987,-2.1,0.7,2.2,18.2,8.2,1.034,4,8,0,0,8
21.7,18,isocontour,11.283791670955125,47264.0,99.46,2.1,24.8,0.786,0.9,0.1,0.9,2.1,24.8,0.79,18,0,0,0,0
21.7,19,isocontour,11.283791670955125,44036.05,92.67,-20.3,-0.5,1.016,1.4,2.0,2.4,-20.1,-1.5,1.024,23,6,0,0,6
21.7,20,isocontour,11.283791670955125,43997.97,92.59,12.0,-16.7,0.999,-2.7,1.5,3.1,11.7,-16.2,1.033,8,6,0,0,6
21.7,21,isocontour,11.283791670955125,43126.89,90.76,6.2,-19.8,0.991,-0.6,-1.2,1.3,11.7,-16.2,1.033,8,5,0,0,5
21.7,22,isocontour,11.283791670955125,45727.88,96.23,-20.7,-1.7,0.991,-0.1,-2.8,2.8,-20.1,-1.5,1.024,23,6,0,0,6
21.7,23,isocontour,11.283791670955125,45243.98,95.21,-20.2,-1.4,1.017,-1.7,1.4,2.2,-20.2,-1.4,1.024,23,6,0,0,6
21.7,24,isocontour,11.283791670955125,43996.31,92.58,9.6,-18.5,0.986,-0.3,-1.6,1.6,11.7,-16.2,1.033,8,6,0,0,6
21.7,25,isocontour,11.283791670955125,43716.86,92.0,-20.5,3.5,0.99,0.2,4.4,4.4,-20.1,-1.5,1.024,23,6,0,0,6
21.7,Target,,,,,0.0,0.0,4.023,0.0,0.0,,,,,,,,,
21.8,1,isocontour,11.283791670955125,43681.94,91.92,19.6,6.4,0.999,1.8,-4.0,4.4,18.2,8.2,1.034,4,8,0,0,8
21.8,2,isocontour,11.283791670955125,42286.08,88.99,17.0,11.9,0.99,-0.6,2.8,2.9,18.2,8.2,1.034,4,7,0,0,7
21.8,3,isocontour,11.283791670955125,43490.86,91.52,17.8,11.0,0.981,1.0,-1.2,1.6,18.2,8.2,1.034,4,7,0,0,7
21.8,4,isocontour,11.283791670955125,44545.0,93.74,18.1,9.0,1.024,0.9,-2.5,2.7,18.1,9.0,1.034,4,8,0,0,8
21.8,5,isocontour,11.283791670955125,43373.02,91.27,15.0,14.2,0.997,0.5,-2.6,2.6,18.2,8.2,1.034,4,7,0,0,7
21.8,6,isocontour,11.283791670955125,43859.31,92.3,10.7,-17.9,0.986,1.3,0.7,1.5,11.7,-16.2,1.033,8,6,0,0,6
21.8,7,isocontour,11.283791670955125,43629.58,91.81,-20.9,0.0,0.985,-0.2,-1.3,1.3,-20.1,-1.5,1.024,23,6,0,0,6
21.8,8,isocontour,11.283791670955125,44431.18,93.5,11.7,-16.3,1.032,-2.0,0.3,2.0,11.7,-16.2,1.033,8,6,0,0,6
21.8,9,isocontour,11.283791670955125,43875.96,92.33,20.2,5.1,0.989,-0.1,1.6,1.6,18.2,8.2,1.034,4,8,0,0,8
21.8,10,isocontour,11.283791670955125,44214.97,93.04,17.3,-11.8,0.983,0.6,0.8,1.0,18.2,8.2,1.034,4,6,0,0,6
21.8,11,isocontour,11.283791670955125,44204.92,93.02,-20.2,-5.2,0.986,-0.5,-0.6,0.8,-20.1,-1.5,1.024,23,6,0,0,6
21.8,12,isocontour,11.283791670955125,44395.67,93.43,-20.0,-5.3,0.994,0.9,-4.3,4.4,-20.1,-1.5,1.024,23,6,0,0,6
21.8,13,isocontour,11.283791670955125,43105.19,90.71,20.7,-1.5,0.989,-0.1,1.2,1.2,18.2,8.2,1.034,4,5,0,0,5
21.8,14,isocontour,11.283791670955125,42878.3,90.23,14.9,-14.5,0.99,0.3,0.6,0.7,11.7,-16.2,1.033,8,6,0,0,6
21.8,15,isocontour,11.283791670955125,42442.13,89.31,16.2,13.2,0.984,-1.0,3.8,3.9,18.2,8.2,1.034,4,7,0,0,7
21.8,16,isocontour,11.283791670955125,47280.24,99.5,-22.8,21.8,0.55,0.8,-0.5,0.9,-22.8,21.8,0.566,16,0,0,0,0
21.8,17,isocontour,11.283791670955125,43300.56,91.12,18.9,8.2,0.998,-2.3,0.3,2.3,18.2,8.2,1.034,4,8,0,0,8
21.8,18,isocontour,11.283791670955125,47262.9,99.46,2.2,24.9,0.785,0.9,0.2,0.9,2.2,24.9,0.79,18,0,0,0,0
21.8,19,isocontour,11.283791670955125,44035.41,92.67,-20.2,-0.4,1.02,0.6,0.5,0.8,-20.1,-1.5,1.024,23,6,0,0,6
21.8,20,isocontour,11.283791670955125,43981.11,92.55,12.2,-16.7,0.996,2.3,0.2,2.3,11.7,-16.2,1.033,8,6,0,0,6
21.8,21,isocontour,11.283791670955125,43018.01,90.53,5.8,-20.0,0.988,-4.0,-1.8,4.4,11.7,-16.2,1.033,8,5,0,0,5
21.8,22,isocontour,11.283791670955125,45716.8,96.21,-20.8,-1.6,0.985,-1.4,1.5,2.1,-20.1,-1.5,1.024,23,6,0,0,6
21.8,23,isocontour,11.283791670955125,45240.34,95.2,-20.2,-1.3,1.022,1.4,0.1,1.4,-20.1,-1.5,1.024,23,6,0,0,6
21.8,24,isocontour,11.283791670955125,43995.25,92.58,9.6,-18.6,0.981,0.5,-0.8,0.9,11.7,-16.2,1.033,8,6,0,0,6
21.8,25,isocontour,11.283791670955125,43716.45,92.0,-20.5,3.6,0.989,0.1,0.7,0.7,-20.1,-1.5,1.024,23,6,0,0,6
21.8,Target,,,,,0.0,0.0,4.023,0.0,0.0,,,,,,,,,
21.9,1,isocontour,11.283791670955125,43595.64,91.74,19.8,6.0,0.991,2.6,-3.1,4.0,18.2,8.2,1.034,4,8,0,0,8
21.9,2,isocontour,11.283791670955125,42284.6,88.98,16.9,11.9,0.994,-0.6,-0.9,1.1,18.2,8.2,1.034,4,7,0,0,7
21.9,3,isocontour,11.283791670955125,43485.25,91.51,17.9,10.8,0.98,1.0,-1.3,1.6,18.2,8.2,1.034,4,7,0,0,7
21.9,4,isocontour,11.283791670955125,44535.74,93.72,18.2,8.8,1.019,1.7,-0.9,1.9,18.2,8.8,1.034,4,8,0,0,8
21.9,5,isocontour,11.283791670955125,43354.85,91.23,14.9,14.3,0.999,-1.7,1.7,2.4,18.2,8.2,1.034,4,7,0,0,7
21.9,6,isocontour,11.283791670955125,43848.85,92.27,10.8,-17.7,0.993,0.4,2.0,2.0,18.2,8.2,1.034,4,6,0,0,6
21.9,7,isocontour,11.283791670955125,43592.3,91.73,-20.8,-0.3,0.987,0.6,-3.0,3.1,-20.1,-1.5,1.024,23,6,0,0,6
21.9,8,isocontour,11.283791670955125,44424.01,93.48,11.7,-16.4,1.026,-0.0,-1.8,1.8,18.2,8.2,1.034,4,6,0,0,6
21.9,9,isocontour,11.283791670955125,43870.46,92.32,20.1,5.2,0.993,-1.3,1.0,1.6,18.2,8.2,1.034,4,8,0,0,8
21.9,10,isocontour,11.283791670955125,44210.14,93.03,17.1,-11.8,0.989,-1.5,0.1,1.5,18.2,8.2,1.034,4,6,0,0,6
21.9,11,isocontour,11.283791670955125,44116.07,92.84,-20.3,-4.9,0.983,-1.6,3.8,4.1,-20.1,-1.5,1.024,23,6,0,0,6
21.9,12,isocontour,11.283791670955125,44394.46,93.42,-19.9,-5.4,0.997,0.7,-0.6,0.9,-20.1,-1.5,1.024,23,6,0,0,6
21.9,13,isocontour,11.283791670955125,43102.57,90.7,20.7,-1.4,0.992,-0.4,1.2,1.3,18.2,8.2,1.034,4,5,0,0,5
21.9,14,isocontour,11.283791670955125,42864.99,90.2,14.7,-14.5,0.996,-2.2,-0.3,2.2,18.2,8.2,1.034,4,6,0,0,6
21.9,15,isocontour,11.283791670955125,42441.85,89.31,16.1,13.3,0.982,-0.3,0.5,0.6,18.2,8.2,1.034,4,7,0,0,7
21.9,16,isocontour,11.283791670955125,47279.14,99.49,-22.9,21.8,0.55,-0.8,-0.4,0.9,-22.9,21.8,0.566,16,0,0,0,0
21.9,17,isocontour,11.283791670955125,43278.07,91.07,19.0,8.0,0.999,1.2,-2.3,2.6,18.2,8.2,1.034,4,8,0,0,8
21.9,18,isocontour,11.283791670955125,47261.8,99.46,2.3,24.9,0.785,0.9,0.0,0.9,2.3,24.9,0.79,18,0,0,0,0
21.9,19,isocontour,11.283791670955125,43997.04,92.59,-20.2,-0.7,1.019,-0.1,-3.1,3.1,-20.1,-1.5,1.024,23,6,0,0,6
21.9,20,isocontour,11.283791670955125,43979.17,92.55,12.3,-16.7,0.99,1.0,-0.5,1.1,18.2,8.2,1.034,4,6,0,0,6
21.9,21,isocontour,11.283791670955125,43017.25,90.52,5.7,-20.0,0.99,-0.7,0.4,0.8,11.7,-16.2,1.033,8,5,0,0,5
21.9,22,isocontour,11.283791670955125,45659.36,96.08,-20.8,-1.9,0.983,0.1,-3.6,3.6,-20.1,-1.5,1.024,23,6,0,0,6
21.9,23,isocontour,11.283791670955125,45238.63,95.2,-20.2,-1.4,1.021,-0.4,-1.0,1.1,-20.1,-1.5,1.024,23,6,0,0,6
21.9,24,isocontour,11.283791670955125,43992.31,92.58,9.7,-18.5,0.983,0.7,1.1,1.3,18.2,8.2,1.034,4,6,0,0,6
21.9,25,isocontour,11.283791670955125,43678.08,91.92,-20.4,3.4,0.993,0.2,-3.1,3.1,-20.1,-1.5,1.024,23,6,0,0,6
21.9,Target,,,,,0.0,0.0,4.023,0.0,0.0,,,,,,,,,
22.0,1,isocontour,11.283791670955125,43569.62,91.69,20.1,5.8,0.983,2.1,-1.7,2.7,20.1,5.8,0.991,1,8,0,0,8
22.0,2,isocontour,11.283791670955125,42277.79,88.97,16.8,12.0,0.997,-1.4,1.0,1.7,16.8,12.0,0.994,2,7,0,0,7
22.0,3,isocontour,11.283791670955125,43483.41,91.51,17.8,10.8,0.985,-1.1,-0.2,1.1,17.8,10.8,0.98,3,7,0,0,7
22.0,4,isocontour,11.283791670955125,44514.51,93.68,18.2,9.0,1.015,-0.5,2.5,2.5,18.2,9.0,1.019,4,8,0,0,8
22.0,5,isocontour,11.283791670955125,43247.44,91.01,14.6,14.6,0.995,-2.3,3.7,4.4,14.6,14.6,0.999,5,7,0,0,7
22.0,6,isocontour,11.283791670955125,43841.93,92.26,10.7,-17.8,0.989,-0.7,-1.6,1.7,10.7,-17.8,0.993,6,6,0,0,6
22.0,7,isocontour,11.283791670955125,43555.38,91.66,-20.7,-0.5,0.991,0.7,-3.0,3.1,-20.7,-0.5,0.987,7,6,0,0,6
22.0,8,isocontour,11.283791670955125,44413.56,93.46,11.8,-16.4,1.019,2.0,0.1,2.0,11.8,-16.4,1.026,8,6,0,0,6
22.0,9,isocontour,11.283791670955125,43867.11,92.31,20.0,5.1,0.995,-0.0,-1.4,1.4,20.0,5.1,0.993,9,8,0,0,8
22.0,10,isocontour,11.283791670955125,44207.07,93.03,17.0,-11.9,0.99,-0.8,-1.0,1.3,17.0,-11.9,0.989,10,6,0,0,6
22.0,11,isocontour,11.283791670955125,44080.91,92.76,-20.4,-4.6,0.984,-0.4,3.0,3.0,-20.4,-4.6,0.983,11,6,0,0,6
22.0,12,isocontour,11.283791670955125,44315.53,93.26,-19.8,-5.7,0.999,1.4,-3.7,4.0,-19.8,-5.7,0.997,12,6,0,0,6
22.0,13,isocontour,11.283791670955125,43081.34,90.66,20.7,-1.6,0.99,0.3,-2.5,2.5,20.7,-1.6,0.992,13,5,0,0,5
22.0,14,isocontour,11.283791670955125,42834.48,90.14,14.8,-14.4,0.997,2.0,2.0,2.8,14.8,-14.4,0.996,14,6,0,0,6
22.0,15,isocontour,11.283791670955125,42436.25,89.3,16.1,13.2,0.987,-0.0,-1.6,1.6,16.1,13.2,0.982,15,7,0,0,7
22.0,16,isocontour,11.283791670955125,47278.04,99.49,-23.0,21.7,0.549,-0.8,-0.4,0.9,-23.0,21.7,0.55,16,0,0,0,0
22.0,17,isocontour,11.283791670955125,43241.51,91.0,19.3,8.0,0.985,3.1,0.2,3.1,19.3,8.0,0.999,17,8,0,0,8
22.0,18,isocontour,11.283791670955125,47260.7,99.45,2.4,24.9,0.784,0.9,0.0,0.9,2.4,24.9,0.785,18,0,0,0,0
22.0,19,isocontour,11.283791670955125,43994.66,92.58,-20.2,-0.9,1.019,0.0,-1.2,1.2,-20.2,-0.9,1.019,19,6,0,0,6
22.0,20,isocontour,11.283791670955125,43961.88,92.51,12.3,-16.9,0.98,0.2,-2.4,2.4,12.3,-16.9,0.99,20,6,0,0,6
22.0,21,isocontour,11.283791670955125,42996.27,90.48,5.5,-20.0,0.991,-2.4,-0.7,2.5,5.5,-20.0,0.99,21,5,0,0,5
22.0,22,isocontour,11.283791670955125,45646.94,96.06,-20.6,-1.9,0.993,2.1,0.3,2.1,-20.6,-1.9,0.983,22,6,0,0,6
22.0,23,isocontour,11.283791670955125,45224.39,95.17,-20.1,-1.6,1.025,1.0,-2.0,2.2,-20.1,-1.6,1.021,23,6,0,0,6
22.0,24,isocontour,11.283791670955125,43984.01,92.56,9.7,-18.3,0.99,0.6,1.8,1.9,9.7,-18.3,0.983,24,6,0,0,6
22.0,25,isocontour,11.283791670955125,43677.69,91.91,-20.4,3.4,0.993,0.0,0.7,0.7,-20.4,3.4,0.993,25,6,0,0,6
22.0,Target,,,,,0.0,0.0,4.023,0.0,0.0,,,,,,,,,
22.1,1,isocontour,11.283791670955125,43567.36,91.68,20.1,5.9,0.977,0.7,1.0,1.2,18.2,9.0,1.019,4,8,0,0,8
22.1,2,isocontour,11.283791670955125,42248.83,88.91,16.8,12.2,0.991,-0.3,2.8,2.8,18.2,9.0,1.019,4,7,0,0,7
22.1,3,isocontour,11.283791670955125,43481.71,91.5,17.7,10.8,0.99,-1.1,-0.0,1.1,18.2,9.0,1.019,4,7,0,0,7
22.1,4,isocontour,11.283791670955125,44512.46,93.67,18.1,9.1,1.018,-1.1,0.4,1.2,18.1,9.1,1.019,4,8,0,0,8
22.1,5,isocontour,11.283791670955125,43218.48,90.95,14.4,14.8,0.994,-2.1,1.9,2.8,18.2,9.0,1.019,4,7,0,0,7
22.1,6,isocontour,11.283791670955125,43841.83,92.26,10.7,-17.8,0.989,-0.4,-0.0,0.4,11.8,-16.4,1.026,8,6,0,0,6
22.1,7,isocontour,11.283791670955125,43537.44,91.62,-20.8,-0.4,0.989,-0.6,2.3,2.4,-20.1,-1.6,1.025,23,6,0,0,6
22.1,8,isocontour,11.283791670955125,44384.9,93.4,12.1,-16.3,1.016,2.5,1.3,2.8,12.1,-16.3,1.026,8,6,0,0,6
22.1,9,isocontour,11.283791670955125,43770.98,92.11,20.2,4.8,0.989,2.4,-3.5,4.2,18.2,9.0,1.019,4,8,0,0,8
22.1,10,isocontour,11.283791670955125,44185.84,92.98,17.2,-11.7,0.989,1.6,2.0,2.6,11.8,-16.4,1.026,8,6,0,0,6
22.1,11,isocontour,11.283791670955125,44078.42,92.76,-20.3,-4.5,0.988,0.6,1.1,1.3,-20.1,-1.6,1.025,23,6,0,0,6
22.1,12,isocontour,11.283791670955125,44290.07,93.2,-19.8,-6.0,0.995,-0.0,-2.7,2.7,-20.1,-1.6,1.025,23,6,0,0,6
22.1,13,isocontour,11.283791670955125,43078.14,90.65,20.6,-1.7,0.993,-0.9,-1.0,1.3,18.2,9.0,1.019,4,5,0,0,5
22.1,14,isocontour,11.283791670955125,42742.36,89.95,15.2,-14.2,0.99,3.8,1.8,4.2,11.8,-16.4,1.026,8,6,0,0,6
22.1,15,isocontour,11.283791670955125,42398.24,89.22,16.2,12.9,0.991,1.4,-2.8,3.1,18.2,9.0,1.019,4,7,0,0,7
22.1,16,isocontour,11.283791670955125,47276.94,99.49,-23.0,21.8,0.548,0.6,0.7,0.9,-23.0,21.8,0.55,16,0,0,0,0
22.1,17,isocontour,11.283791670955125,43238.01,90.99,19.3,8.1,0.981,-0.1,1.4,1.4,18.2,9.0,1.019,4,8,0,0,8
22.1,18,isocontour,11.283791670955125,47259.6,99.45,2.3,24.9,0.785,-0.9,-0.2,0.9,2.3,24.9,0.785,18,0,0,0,0
22.1,19,isocontour,11.283791670955125,43956.29,92.5,-20.2,-1.1,1.019,0.1,-3.1,3.1,-20.1,-1.6,1.025,23,6,0,0,6
22.1,20,isocontour,11.283791670955125,43921.64,92.43,12.6,-16.8,0.978,2.5,1.9,3.1,11.8,-16.4,1.026,8,6,0,0,6
22.1,21,isocontour,11.283791670955125,42952.91,90.39,5.2,-20.2,0.983,-2.3,-2.2,3.2,11.8,-16.4,1.026,8,5,0,0,5
22.1,22,isocontour,11.283791670955125,45624.7,96.01,-20.6,-2.1,0.993,-0.2,-2.6,2.6,-20.1,-1.6,1.025,23,6,0,0,6
22.1,23,isocontour,11.283791670955125,45223.33,95.17,-20.1,-1.7,1.026,0.2,-0.9,0.9,-20.1,-1.7,1.025,23,6,0,0,6
22.1,24,isocontour,11.283791670955125,43950.23,92.49,9.9,-18.1,0.997,1.8,2.4,3.0,11.8,-16.4,1.026,8,6,0,0,6
22.1,25,isocontour,11.283791670955125,43656.21,91.87,-20.4,3.6,0.991,0.1,2.6,2.6,-20.1,-1.6,1.025,23,6,0,0,6
22.1,Target,,,,,0.0,0.0,4.023,0.0,0.0,,,,,,,,,
22.2,1,isocontour,11.283791670955125,43558.92,91.66,20.0,6.0,0.983,-1.7,0.8,1.9,18.2,9.0,1.019,4,8,0,0,8
22.2,2,isocontour,11.283791670955125,42243.52,88.9,16.9,12.3,0.983,1.4,0.7,1.6,18.2,9.0,1.019,4,7,0,0,7
22.2,3,isocontour,11.283791670955125,43478.14,91.49,17.7,10.9,0.988,-0.2,1.4,1.4,18.2,9.0,1.019,4,7,0,0,7
22.2,4,isocontour,11.283791670955125,44511.56,93.67,18.0,9.1,1.023,-0.7,-0.6,0.9,18.2,9.0,1.019,4,8,0,0,8
22.2,5,isocontour,11.283791670955125,43197.0,90.9,14.2,15.0,0.994,-1.8,1.8,2.5,18.2,9.0,1.019,4,6,0,0,6
22.2,6,isocontour,11.283791670955125,43829.75,92.23,10.7,-17.6,0.996,0.4,2.1,2.1,11.8,-16.4,1.026,8,6,0,0,6
22.2,7,isocontour,11.283791670955125,43534.83,91.61,-20.8,-0.5,0.988,-0.1,-1.3,1.3,-20.1,-1.7,1.026,23,6,0,0,6
22.2,8,isocontour,11.283791670955125,44354.7,93.34,11.9,-16.5,1.014,-2.1,-2.0,2.9,11.8,-16.4,1.026,8,6,0,0,6
22.2,9,isocontour,11.283791670955125,43770.16,92.11,20.2,4.6,0.99,-0.3,-0.8,0.9,18.2,9.0,1.019,4,7,0,0,7
22.2,10,isocontour,11.283791670955125,44180.53,92.97,17.1,-11.6,0.997,-1.2,1.0,1.6,11.8,-16.4,1.026,8,6,0,0,6
22.2,11,isocontour,11.283791670955125,44041.14,92.68,-20.3,-4.2,0.99,-0.2,3.1,3.1,-20.1,-1.7,1.026,23,6,0,0,6
22.2,12,isocontour,11.283791670955125,44268.09,93.16,-19.7,-6.2,0.994,0.6,-2.5,2.6,-20.1,-1.7,1.026,23,6,0,0,6
22.2,13,isocontour,11.283791670955125,43076.74,90.65,20.6,-1.8,0.994,-0.2,-1.0,1.0,11.8,-16.4,1.026,8,5,0,0,5
22.2,14,isocontour,11.283791670955125,42741.43,89.94,15.3,-14.2,0.984,0.6,-0.6,0.8,11.8,-16.4,1.026,8,5,0,0,5
22.2,15,isocontour,11.283791670955125,42383.03,89.19,16.4,12.8,0.986,2.1,-0.8,2.2,18.2,9.0,1.019,4,7,0,0,7
22.2,16,isocontour,11.283791670955125,47275.84,99.49,-22.9,21.9,0.547,0.0,0.9,0.9,-22.9,21.9,0.55,16,0,0,0,0
22.2,17,isocontour,11.283791670955125,43225.41,90.96,19.2,8.2,0.982,-1.2,1.8,2.2,18.2,9.0,1.019,4,8,0,0,8
22.2,18,isocontour,11.283791670955125,47258.5,99.45,2.2,24.9,0.785,-0.9,-0.0,0.9,2.2,24.9,0.785,18,0,0,0,0
22.2,19,isocontour,11.283791670955125,43953.85,92.5,-20.2,-1.3,1.018,-0.1,-1.2,1.2,-20.1,-1.7,1.026,23,6,0,0,6
22.2,20,isocontour,11.283791670955125,43913.2,92.41,12.5,-16.7,0.987,-1.6,1.0,1.9,11.8,-16.4,1.026,8,6,0,0,6
22.2,21,isocontour,11.283791670955125,42952.5,90.39,5.1,-20.3,0.982,-0.6,-0.2,0.6,11.8,-16.4,1.026,8,4,0,0,4
22.2,22,isocontour,11.283791670955125,45596.94,95.95,-20.8,-2.4,0.983,-1.9,-2.0,2.8,-20.1,-1.7,1.026,23,6,0,0,6
22.2,23,isocontour,11.283791670955125,45222.12,95.16,-20.1,-1.8,1.023,-0.5,-0.8,0.9,-20.1,-1.8,1.026,23,6,0,0,6
22.2,24,isocontour,11.283791670955125,43948.66,92.48,10.0,-18.1,0.994,1.0,-0.3,1.0,11.8,-16.4,1.026,8,6,0,0,6
22.2,25,isocontour,11.283791670955125,43576.67,91.7,-20.4,4.0,0.991,0.8,3.9,4.0,-20.1,-1.7,1.026,23,6,0,0,6
22.2,Target,,,,,0.0,0.0,4.023,0.0,0.0,,,,,,,,,
22.3,1,isocontour,11.283791670955125,43555.86,91.66,19.9,6.0,0.99,-1.3,0.2,1.3,11.8,-16.4,1.026,8,8,0,0,8
22.3,2,isocontour,11.283791670955125,42242.93,88.9,16.8,12.4,0.983,-0.6,0.5,0.8,18.0,9.1,1.023,4,7,0,0,7
22.3,3,isocontour,11.283791670955125,43451.26,91.44,17.5,10.9,0.999,-2.8,-0.3,2.8,18.0,9.1,1.023,4,7,0,0,7
22.3,4,isocontour,11.283791670955125,44500.47,93.65,18.1,8.9,1.024,0.8,-1.9,2.1,11.8,-16.4,1.026,8,8,0,0,8
22.3,5,isocontour,11.283791670955125,43194.9,90.9,14.1,15.1,0.996,-1.1,0.3,1.1,18.0,9.1,1.023,4,6,0,0,6
22.3,6,isocontour,11.283791670955125,43818.51,92.21,10.6,-17.7,1.0,-2.0,-0.6,2.1,11.8,-16.4,1.026,8,6,0,0,6
22.3,7,isocontour,11.283791670955125,43531.76,91.61,-20.7,-0.6,0.991,0.8,-1.1,1.4,-20.1,-1.7,1.026,23,6,0,0,6
22.3,8,isocontour,11.283791670955125,44352.33,93.33,11.9,-16.4,1.017,0.3,1.2,1.2,11.8,-16.4,1.026,8,6,0,0,6
22.3,9,isocontour,11.283791670955125,43766.43,92.1,20.2,4.5,0.995,-0.7,-1.2,1.4,11.8,-16.4,1.026,8,7,0,0,7
22.3,10,isocontour,11.283791670955125,44175.52,92.96,17.2,-11.6,0.991,1.4,-0.6,1.5,11.8,-16.4,1.026,8,6,0,0,6
22.3,11,isocontour,11.283791670955125,44036.84,92.67,-20.4,-4.2,0.985,-1.0,-1.1,1.5,-20.1,-1.7,1.026,23,6,0,0,6
22.3,12,isocontour,11.283791670955125,44246.36,93.11,-19.7,-6.5,0.99,0.1,-2.6,2.6,-20.1,-1.7,1.026,23,6,0,0,6
22.3,13,isocontour,11.283791670955125,43076.0,90.65,20.6,-1.7,0.993,0.4,0.7,0.8,11.8,-16.4,1.026,8,5,0,0,5
22.3,14,isocontour,11.283791670955125,42717.88,89.89,15.1,-14.2,0.991,-2.6,-0.4,2.6,11.8,-16.4,1.026,8,5,0,0,5
22.3,15,isocontour,11.283791670955125,42382.55,89.19,16.4,12.8,0.985,-0.4,0.6,0.7,18.0,9.1,1.023,4,7,0,0,7
22.3,16,isocontour,11.283791670955125,47274.74,99.48,-23.0,21.8,0.546,-0.9,-0.4,1.0,-23.0,21.8,0.55,16,0,0,0,0
22.3,17,isocontour,11.283791670955125,43207.02,90.92,19.0,8.1,0.994,-1.9,-1.5,2.4,11.8,-16.4,1.026,8,8,0,0,8
22.3,18,isocontour,11.283791670955125,47257.4,99.45,2.3,24.9,0.785,0.9,-0.0,0.9,2.3,24.9,0.785,18,0,0,0,0
22.3,19,isocontour,11.283791670955125,43953.43,92.49,-20.3,-1.3,1.016,-0.3,0.6,0.7,-20.1,-1.7,1.026,23,6,0,0,6
22.3,20,isocontour,11.283791670955125,43884.55,92.35,12.5,-16.4,0.995,1.0,2.6,2.8,11.8,-16.4,1.026,8,6,0,0,6
22.3,21,isocontour,11.283791670955125,42917.69,90.32,5.4,-20.2,0.982,2.9,0.9,3.0,11.8,-16.4,1.026,8,4,0,0,4
22.3,22,isocontour,11.283791670955125,45596.44,95.95,-20.8,-2.3,0.983,0.5,0.5,0.7,-20.1,-1.7,1.026,23,6,0,0,6
22.3,23,isocontour,11.283791670955125,45197.5,95.11,-20.1,-2.0,1.02,-0.3,-2.7,2.7,-20.1,-2.0,1.026,23,6,0,0,6
22.3,24,isocontour,11.283791670955125,43881.58,92.34,9.9,-18.4,0.986,-2.1,-3.1,3.7,11.8,-16.4,1.026,8,6,0,0,6
22.3,25,isocontour,11.283791670955125,43555.44,91.66,-20.4,4.2,0.988,-0.1,2.5,2.5,-20.1,-1.7,1.026,23,6,0,0,6
22.3,Target,,,,,0.0,0.0,4.023,0.0,0.0,,,,,,,,,
22.4,1,isocontour,11.283791670955125,43541.43,91.63,19.7,6.1,0.998,-2.0,1.1,2.3,11.8,-16.4,1.026,8,8,0,0,8
22.4,2,isocontour,11.283791670955125,42231.02,88.87,17.0,12.3,0.982,1.4,-1.6,2.1,11.8,-16.4,1.026,8,7,0,0,7
22.4,3,isocontour,11.283791670955125,43436.44,91.41,17.3,11.1,1.002,-1.2,1.9,2.2,11.8,-16.4,1.026,8,7,0,0,7
22.4,4,isocontour,11.283791670955125,44486.61,93.62,18.1,9.1,1.021,-0.2,2.2,2.2,11.8,-16.4,1.026,8,8,0,0,8
22.4,5,isocontour,11.283791670955125,43142.15,90.79,13.9,15.2,0.999,-2.9,1.9,3.5,11.8,-16.4,1.026,8,6,0,0,6
22.4,6,isocontour,11.283791670955125,43749.81,92.07,10.3,-17.8,1.002,-3.4,-1.7,3.8,11.8,-16.4,1.026,8,6,0,0,6
22.4,7,isocontour,11.283791670955125,43531.28,91.61,-20.7,-0.5,0.993,0.2,0.7,0.7,-20.1,-1.7,1.026,23,6,0,0,6
22.4,8,isocontour,11.283791670955125,44325.74,93.28,11.7,-16.5,1.019,-2.4,-1.4,2.8,11.8,-16.4,1.026,8,6,0,0,6
22.4,9,isocontour,11.283791670955125,43739.56,92.04,20.3,4.3,0.992,1.4,-2.4,2.8,11.8,-16.4,1.026,8,7,0,0,7
22.4,10,isocontour,11.283791670955125,44151.44,92.91,17.4,-11.6,0.982,2.5,0.9,2.7,11.8,-16.4,1.026,8,6,0,0,6
22.4,11,isocontour,11.283791670955125,44036.44,92.67,-20.4,-4.3,0.984,0.1,-0.7,0.7,-20.1,-1.7,1.026,23,6,0,0,6
22.4,12,isocontour,11.283791670955125,44135.25,92.88,-19.6,-6.9,0.986,0.8,-4.4,4.5,-20.1,-1.7,1.026,23,6,0,0,6
22.4,13,isocontour,11.283791670955125,43047.35,90.59,20.8,-1.9,0.985,1.4,-2.4,2.8,11.8,-16.4,1.026,8,5,0,0,5
22.4,14,isocontour,11.283791670955125,42708.76,89.88,15.2,-14.3,0.986,1.9,0.0,1.9,11.8,-16.4,1.026,8,5,0,0,5
22.4,15,isocontour,11.283791670955125,42355.08,89.13,16.4,12.6,0.992,0.2,-2.8,2.8,11.8,-16.4,1.026,8,7,0,0,7
22.4,16,isocontour,11.283791670955125,47273.64,99.48,-23.1,21.9,0.543,-0.3,0.9,0.9,-23.1,21.9,0.55,16,0,0,0,0
22.4,17,isocontour,11.283791670955125,43199.12,90.91,19.1,8.2,0.987,1.8,0.5,1.9,11.8,-16.4,1.026,8,8,0,0,8
22.4,18,isocontour,11.283791670955125,47256.3,99.45,2.4,24.8,0.785,0.9,-0.1,0.9,2.4,24.8,0.785,18,0,0,0,0
22.4,19,isocontour,11.283791670955125,43951.05,92.49,-20.3,-1.3,1.014,-0.3,-1.2,1.2,-20.1,-1.7,1.026,23,6,0,0,6
22.4,20,isocontour,11.283791670955125,43879.43,92.34,12.4,-16.4,0.999,-1.5,-0.4,1.6,11.8,-16.4,1.026,8,6,0,0,6
22.4,21,isocontour,11.283791670955125,42912.67,90.3,5.5,-20.1,0.986,1.0,1.2,1.6,11.8,-16.4,1.026,8,4,0,0,4
22.4,22,isocontour,11.283791670955125,45593.44,95.95,-20.7,-2.3,0.989,1.1,0.8,1.4,-20.1,-1.7,1.026,23,6,0,0,6
22.4,23,isocontour,11.283791670955125,45177.01,95.07,-20.2,-1.9,1.015,-1.1,2.3,2.5,-20.2,-1.9,1.026,23,6,0,0,6
22.4,24,isocontour,11.283791670955125,43879.26,92.34,9.9,-18.3,0.986,0.8,0.9,1.2,11.8,-16.4,1.026,8,6,0,0,6
22.4,25,isocontour,11.283791670955125,43554.81,91.66,-20.3,4.3,0.99,0.6,0.5,0.8,-20.1,-1.7,1.026,23,6,0,0,6
22.4,Target,,,,,0.0,0.0,4.023,0.0,0.0,,,,,,,,,
22.5,1,isocontour,11.283791670955125,43535.29,91.61,19.8,6.0,0.995,1.4,-1.0,1.7,11.8,-16.4,1.026,8,8,0,0,8
22.5,2,isocontour,11.283791670955125,42196.56,88.8,16.8,12.0,0.994,-1.5,-2.6,3.0,11.8,-16.4,1.026,8,7,0,0,7
22.5,3,isocontour,11.283791670955125,43338.95,91.2,17.3,11.5,0.993,-0.5,4.2,4.2,11.8,-16.4,1.026,8,7,0,0,7
22.5,4,isocontour,11.283791670955125,44484.62,93.61,18.1,9.2,1.018,-0.1,1.1,1.1,11.8,-16.4,1.026,8,7,0,0,7
22.5,5,isocontour,11.283791670955125,43111.64,90.72,13.7,15.5,0.996,-1.4,2.5,2.9,11.8,-16.4,1.026,8,6,0,0,6
22.5,6,isocontour,11.283791670955125,43717.03,92.0,10.0,-17.9,1.004,-2.8,-1.0,3.0,11.8,-16.4,1.026,8,6,0,0,6
22.5,7,isocontour,11.283791670955125,43510.29,91.56,-20.7,-0.3,0.991,-0.5,2.5,2.5,-20.1,-1.7,1.026,23,6,0,0,6
22.5,8,isocontour,11.283791670955125,44324.74,93.28,11.7,-16.6,1.016,0.1,-0.9,0.9,11.8,-16.4,1.026,8,6,0,0,6
22.5,9,isocontour,11.283791670955125,43619.23,91.79,20.4,3.9,0.989,1.3,-4.4,4.6,11.8,-16.4,1.026,8,7,0,0,7
22.5,10,isocontour,11.283791670955125,44149.83,92.91,17.4,-11.5,0.986,-0.9,0.6,1.1,11.8,-16.4,1.026,8,6,0,0,6
22.5,11,isocontour,11.283791670955125,44000.23,92.59,-20.4,-4.1,0.989,0.5,3.0,3.0,-20.1,-1.7,1.026,23,6,0,0,6
22.5,12,isocontour,11.283791670955125,44133.16,92.87,-19.6,-6.9,0.991,0.8,0.8,1.1,-20.1,-1.7,1.026,23,6,0,0,6
22.5,13,isocontour,11.283791670955125,43045.86,90.58,20.8,-2.1,0.984,-0.2,-1.0,1.0,11.8,-16.4,1.026,8,4,0,0,4
22.5,14,isocontour,11.283791670955125,42706.33,89.87,15.2,-14.4,0.981,-0.0,-1.2,1.2,11.8,-16.4,1.026,8,5,0,0,5
22.5,15,isocontour,11.283791670955125,42353.84,89.13,16.4,12.6,0.995,-0.8,0.5,0.9,11.8,-16.4,1.026,8,7,0,0,7
22.5,16,isocontour,11.283791670955125,47272.54,99.48,-23.1,22.0,0.541,-0.3,0.9,0.9,-23.1,22.0,0.55,16,0,0,0,0
22.5,17,isocontour,11.283791670955125,43199.08,90.91,19.2,8.1,0.987,-0.0,-0.3,0.3,11.8,-16.4,1.026,8,8,0,0,8
22.5,18,isocontour,11.283791670955125,47255.2,99.44,2.5,24.9,0.784,0.9,0.1,0.9,2.5,24.9,0.785,18,0,0,0,0
22.5,19,isocontour,11.283791670955125,43904.84,92.39,-20.5,-1.2,1.001,-2.8,1.7,3.3,-20.1,-1.7,1.026,23,6,0,0,6
22.5,20,isocontour,11.283791670955125,43835.27,92.25,12.6,-16.3,1.0,2.5,2.1,3.3,11.8,-16.4,1.026,8,6,0,0,6
22.5,21,isocontour,11.283791670955125,42875.75,90.23,5.8,-20.0,0.989,2.9,1.1,3.1,11.8,-16.4,1.026,8,5,0,0,5
22.5,22,isocontour,11.283791670955125,45557.23,95.87,-20.6,-2.0,0.994,0.5,3.0,3.0,-20.1,-1.7,1.026,23,6,0,0,6
22.5,23,isocontour,11.283791670955125,45175.69,95.07,-20.3,-1.8,1.012,-0.6,0.8,1.0,-20.3,-1.8,1.026,23,6,0,0,6
22.5,24,isocontour,11.283791670955125,43865.02,92.31,10.0,-18.2,0.993,0.9,2.0,2.2,11.8,-16.4,1.026,8,6,0,0,6
22.5,25,isocontour,11.283791670955125,43551.39,91.65,-20.3,4.2,0.99,-0.4,-1.3,1.4,-20.1,-1.7,1.026,23,6,0,0,6
22.5,Target,,,,,0.0,0.0,4.023,0.0,0.0,,,,,,,,,
22.6,1,isocontour,11.283791670955125,43493.51,91.53,20.0,5.8,0.988,2.0,-2.5,3.2,11.8,-16.4,1.026,8,8,0,0,8
22.6,2,isocontour,11.283791670955125,42196.13,88.8,16.8,12.0,0.994,0.2,0.7,0.7,11.8,-16.4,1.026,8,7,0,0,7
22.6,3,isocontour,11.283791670955125,43289.75,91.1,17.5,11.7,0.975,2.5,2.3,3.4,11.8,-16.4,1.026,8,7,0,0,7
22.6,4,isocontour,11.283791670955125,44479.69,93.6,17.9,9.3,1.023,-1.5,0.6,1.6,11.8,-16.4,1.026,8,7,0,0,7
22.6,5,isocontour,11.283791670955125,43033.88,90.56,13.4,15.7,0.997,-3.2,2.3,3.9,11.8,-16.4,1.026,8,6,0,0,6
22.6,6,isocontour,11.283791670955125,43620.22,91.79,9.6,-18.0,1.01,-4.1,-1.0,4.2,11.8,-16.4,1.026,8,6,0,0,6
22.6,7,isocontour,11.283791670955125,43488.56,91.52,-20.8,-0.1,0.988,-0.7,2.5,2.6,-20.1,-1.7,1.026,23,6,0,0,6
22.6,8,isocontour,11.283791670955125,44298.72,93.22,11.9,-16.5,1.014,2.3,1.5,2.7,11.8,-16.4,1.026,8,6,0,0,6
22.6,9,isocontour,11.283791670955125,43618.13,91.79,20.4,3.9,0.987,0.1,0.9,0.9,11.8,-16.4,1.026,8,7,0,0,7
22.6,10,isocontour,11.283791670955125,44147.21,92.9,17.3,-11.6,0.987,-0.8,-1.0,1.3,11.8,-16.4,1.026,8,6,0,0,6
22.6,11,isocontour,11.283791670955125,43997.74,92.59,-20.4,-3.9,0.991,0.1,1.2,1.2,-20.1,-1.7,1.026,23,6,0,0,6
22.6,12,isocontour,11.283791670955125,44131.67,92.87,-19.5,-7.0,0.994,0.7,-0.7,1.0,-20.1,-1.7,1.026,23,6,0,0,6
22.6,13,isocontour,11.283791670955125,43044.66,90.58,20.7,-2.0,0.987,-0.5,0.8,0.9,11.8,-16.4,1.026,8,4,0,0,4
22.6,14,isocontour,11.283791670955125,42674.21,89.8,15.1,-14.6,0.98,-1.9,-2.2,2.9,11.8,-16.4,1.026,8,6,0,0,6
22.6,15,isocontour,11.283791670955125,42326.67,89.07,16.2,12.8,0.995,-1.6,2.3,2.8,11.8,-16.4,1.026,8,7,0,0,7
22.6,16,isocontour,11.283791670955125,47271.44,99.48,-23.0,22.1,0.541,0.7,0.7,1.0,-23.0,22.1,0.55,16,0,0,0,0
22.6,17,isocontour,11.283791670955125,43175.53,90.86,19.1,8.3,0.988,-1.3,2.3,2.6,11.8,-16.4,1.026,8,8,0,0,8
22.6,18,isocontour,11.283791670955125,47254.1,99.44,2.6,24.8,0.784,0.9,-0.1,0.9,2.6,24.8,0.785,18,0,0,0,0
22.6,19,isocontour,11.283791670955125,43904.31,92.39,-20.6,-1.1,0.998,-0.2,0.7,0.7,-20.1,-1.7,1.026,23,6,0,0,6
22.6,20,isocontour,11.283791670955125,43814.04,92.2,12.8,-16.2,0.997,2.3,1.0,2.5,11.8,-16.4,1.026,8,6,0,0,6
22.6,21,isocontour,11.283791670955125,42868.59,90.21,5.9,-19.8,0.994,1.0,1.4,1.7,11.8,-16.4,1.026,8,5,0,0,5
22.6,22,isocontour,11.283791670955125,45544.98,95.84,-20.8,-2.0,0.985,-2.1,-0.1,2.1,-20.1,-1.7,1.026,23,6,0,0,6
22.6,23,isocontour,11.283791670955125,45108.07,94.92,-20.2,-1.5,1.017,0.7,3.7,3.8,-20.2,-1.5,1.026,23,6,0,0,6
22.6,24,isocontour,11.283791670955125,43816.26,92.21,9.9,-18.4,0.981,-0.6,-3.3,3.4,11.8,-16.4,1.026,8,6,0,0,6
22.6,25,isocontour,11.283791670955125,43548.89,91.64,-20.3,4.1,0.991,0.1,-1.2,1.2,-20.1,-1.7,1.026,23,6,0,0,6
22.6,Target,,,,,0.0,0.0,4.023,0.0,0.0,,,,,,,,,
22.7,1,isocontour,11.283791670955125,43492.41,91.52,20.0,5.9,0.987,-0.3,0.9,0.9,11.8,-16.4,1.026,8,7,0,0,7
22.7,2,isocontour,11.283791670955125,42195.65,88.8,16.9,12.0,0.994,0.3,-0.6,0.7,11.8,-16.4,1.026,8,7,0,0,7
22.7,3,isocontour,11.283791670955125,43283.17,91.08,17.4,11.8,0.977,-1.5,0.8,1.7,11.8,-16.4,1.026,8,7,0,0,7
22.7,4,isocontour,11.283791670955125,44458.95,93.56,17.8,9.5,1.023,-1.1,2.3,2.5,11.8,-16.4,1.026,8,7,0,0,7
22.7,5,isocontour,11.283791670955125,42929.37,90.34,13.1,16.0,0.992,-2.7,3.4,4.3,11.8,-16.4,1.026,8,5,0,0,5
22.7,6,isocontour,11.283791670955125,43616.49,91.79,9.6,-18.1,1.005,1.2,-0.7,1.4,11.8,-16.4,1.026,8,6,0,0,6
22.7,7,isocontour,11.283791670955125,43488.1,91.52,-20.8,0.0,0.988,0.1,0.7,0.7,-20.1,-1.7,1.026,23,6,0,0,6
22.7,8,isocontour,11.283791670955125,44278.23,93.18,11.8,-16.6,1.013,-1.8,-1.7,2.5,11.8,-16.4,1.026,8,6,0,0,6
22.7,9,isocontour,11.283791670955125,43590.08,91.73,20.3,4.1,0.991,-1.4,2.4,2.8,11.8,-16.4,1.026,8,7,0,0,7
22.7,10,isocontour,11.283791670955125,44133.54,92.87,17.1,-11.6,0.993,-2.1,-0.7,2.2,11.8,-16.4,1.026,8,6,0,0,6
22.7,11,isocontour,11.283791670955125,43997.29,92.59,-20.4,-4.0,0.991,0.1,-0.7,0.7,-20.1,-1.7,1.026,23,6,0,0,6
22.7,12,isocontour,11.283791670955125,44024.26,92.64,-19.4,-7.3,0.992,1.1,-4.3,4.4,-20.1,-1.7,1.026,23,6,0,0,6
22.7,13,isocontour,11.283791670955125,43017.19,90.52,20.7,-1.8,0.991,-0.4,2.7,2.7,11.8,-16.4,1.026,8,4,0,0,4
22.7,14,isocontour,11.283791670955125,42657.35,89.77,14.8,-14.6,0.987,-2.3,-0.3,2.3,11.8,-16.4,1.026,8,6,0,0,6
22.7,15,isocontour,11.283791670955125,42325.19,89.07,16.2,12.9,0.991,0.2,1.0,1.0,11.8,-16.4,1.026,8,7,0,0,7
22.7,16,isocontour,11.283791670955125,47270.34,99.47,-23.0,22.2,0.539,-0.0,0.9,0.9,-23.0,22.2,0.55,16,0,0,0,0
22.7,17,isocontour,11.283791670955125,43148.07,90.8,18.9,8.5,0.993,-2.1,1.8,2.8,11.8,-16.4,1.026,8,8,0,0,8
22.7,18,isocontour,11.283791670955125,47253.0,99.44,2.5,24.8,0.786,-0.8,-0.5,0.9,2.5,24.8,0.785,18,0,0,0,0
22.7,19,isocontour,11.283791670955125,43880.77,92.34,-20.7,-0.9,0.993,-1.2,2.3,2.6,-20.1,-1.7,1.026,23,6,0,0,6
22.7,20,isocontour,11.283791670955125,43792.56,92.16,13.1,-16.1,0.993,2.4,0.9,2.6,11.8,-16.4,1.026,8,6,0,0,6
22.7,21,isocontour,11.283791670955125,42867.23,90.21,5.9,-19.9,0.991,-0.5,-0.9,1.0,11.8,-16.4,1.026,8,5,0,0,5
22.7,22,isocontour,11.283791670955125,45543.95,95.84,-20.7,-1.9,0.987,0.7,0.6,0.9,-20.1,-1.7,1.026,23,6,0,0,6
22.7,23,isocontour,11.283791670955125,45096.98,94.9,-20.2,-1.6,1.019,0.5,-2.0,2.1,-20.2,-1.6,1.026,23,6,0,0,6
22.7,24,isocontour,11.283791670955125,43813.64,92.2,10.0,-18.5,0.973,0.9,-0.9,1.3,11.8,-16.4,1.026,8,6,0,0,6
22.7,25,isocontour,11.283791670955125,43547.83,91.64,-20.4,4.2,0.988,-0.5,0.8,0.9,-20.1,-1.7,1.026,23,6,0,0,6
22.7,Target,,,,,0.0,0.0,4.023,0.0,0.0,,,,,,,,,
22.8,1,isocontour,11.283791670955125,43465.82,91.47,19.8,6.1,0.991,-1.5,2.3,2.7,11.8,-16.4,1.026,8,7,0,0,7
22.8,2,isocontour,11.283791670955125,42174.17,88.75,16.8,12.2,0.991,-0.9,2.4,2.6,11.8,-16.4,1.026,8,7,0,0,7
22.8,3,isocontour,11.283791670955125,43264.78,91.05,17.5,11.7,0.977,1.4,-2.0,2.4,11.8,-16.4,1.026,8,7,0,0,7
22.8,4,isocontour,11.283791670955125,44457.25,93.55,17.7,9.5,1.026,-1.0,0.5,1.1,11.8,-16.4,1.026,8,7,0,0,7
22.8,5,isocontour,11.283791670955125,42841.8,90.16,12.8,16.3,0.993,-3.4,2.3,4.1,11.8,-16.4,1.026,8,5,0,0,5
22.8,6,isocontour,11.283791670955125,43596.24,91.74,9.5,-18.2,1.002,-2.0,-1.5,2.5,11.8,-16.4,1.026,8,6,0,0,6
22.8,7,isocontour,11.283791670955125,43485.36,91.51,-20.8,-0.1,0.99,0.6,-1.2,1.3,-20.1,-1.7,1.026,23,6,0,0,6
22.8,8,isocontour,11.283791670955125,44276.23,93.17,11.8,-16.5,1.015,0.5,1.0,1.1,11.8,-16.4,1.026,8,6,0,0,6
22.8,9,isocontour,11.283791670955125,43561.42,91.67,20.4,4.0,0.99,0.9,-2.7,2.8,11.8,-16.4,1.026,8,7,0,0,7
22.8,10,isocontour,11.283791670955125,44116.25,92.84,17.3,-11.7,0.984,2.3,-0.6,2.4,11.8,-16.4,1.026,8,6,0,0,6
22.8,11,isocontour,11.283791670955125,43977.75,92.55,-20.5,-4.1,0.982,-1.8,-1.7,2.5,-20.1,-1.7,1.026,23,6,0,0,6
22.8,12,isocontour,11.283791670955125,43957.71,92.5,-19.4,-7.7,0.985,-0.1,-3.7,3.7,-20.1,-1.7,1.026,23,5,0,0,5
22.8,13,isocontour,11.283791670955125,43014.46,90.52,20.8,-1.8,0.986,1.1,-0.7,1.3,11.8,-16.4,1.026,8,4,0,0,4
22.8,14,isocontour,11.283791670955125,42646.9,89.75,14.7,-14.8,0.986,-1.2,-1.6,2.0,11.8,-16.4,1.026,8,6,0,0,6
22.8,15,isocontour,11.283791670955125,42266.78,88.95,16.0,13.2,0.99,-2.3,2.7,3.5,11.8,-16.4,1.026,8,7,0,0,7
22.8,16,isocontour,11.283791670955125,47269.24,99.47,-23.0,22.1,0.541,0.8,-0.5,0.9,-23.0,22.1,0.55,16,0,0,0,0
22.8,17,isocontour,11.283791670955125,43134.21,90.77,19.0,8.6,0.984,2.1,0.6,2.2,11.8,-16.4,1.026,8,8,0,0,8
22.8,18,isocontour,11.283791670955125,47251.9,99.44,2.4,24.8,0.787,-0.9,-0.1,0.9,2.4,24.8,0.786,18,0,0,0,0
22.8,19,isocontour,11.283791670955125,43773.36,92.12,-20.8,-0.5,0.988,-0.9,4.3,4.4,-20.1,-1.7,1.026,23,6,0,0,6
22.8,20,isocontour,11.283791670955125,43707.52,91.98,13.4,-15.9,0.987,3.7,1.7,4.1,11.8,-16.4,1.026,8,6,0,0,6
22.8,21,isocontour,11.283791670955125,42769.05,90.0,5.5,-20.0,0.99,-4.1,-1.3,4.3,11.8,-16.4,1.026,8,5,0,0,5
22.8,22,isocontour,11.283791670955125,45532.87,95.82,-20.6,-1.9,0.997,2.0,0.6,2.1,-20.1,-1.7,1.026,23,6,0,0,6
22.8,23,isocontour,11.283791670955125,45070.39,94.85,-20.2,-1.8,1.016,-0.6,-2.7,2.8,-20.2,-1.8,1.026,23,6,0,0,6
22.8,24,isocontour,11.283791670955125,43784.99,92.14,10.2,-18.4,0.974,2.3,1.6,2.8,11.8,-16.4,1.026,8,6,0,0,6
22.8,25,isocontour,11.283791670955125,43547.4,91.64,-20.4,4.2,0.988,0.2,0.6,0.6,-20.1,-1.7,1.026,23,5,0,0,5
22.8,Target,,,,,0.0,0.0,4.023,0.0,0.0,,,,,,,,,
22.9,1,isocontour,11.283791670955125,43435.93,91.41,19.9,5.9,0.991,0.9,-2.7,2.8,11.8,-16.4,1.026,8,7,0,0,7
22.9,2,isocontour,11.283791670955125,42075.99,88.54,16.9,12.6,0.975,1.1,4.1,4.2,11.8,-16.4,1.026,8,7,0,0,7
22.9,3,isocontour,11.283791670955125,43256.48,91.03,17.4,11.5,0.985,-1.2,-1.4,1.8,11.8,-16.4,1.026,8,7,0,0,7
22.9,4,isocontour,11.283791670955125,44456.22,93.55,17.7,9.6,1.025,-0.2,0.9,0.9,17.7,9.6,1.026,4,7,0,0,7
22.9,5,isocontour,11.283791670955125,42767.53,90.0,12.5,16.5,0.996,-3.4,1.9,3.9,11.8,-16.4,1.026,8,5,0,0,5
22.9,6,isocontour,11.283791670955125,43592.89,91.74,9.3,-18.2,1.006,-1.3,0.3,1.3,11.8,-16.4,1.026,8,6,0,0,6
22.9,7,isocontour,11.283791670955125,43374.26,91.28,-20.7,0.3,0.991,0.1,4.4,4.4,-20.1,-1.7,1.026,23,6,0,0,6
22.9,8,isocontour,11.283791670955125,44270.52,93.16,11.7,-16.5,1.02,-1.6,0.0,1.6,11.8,-16.4,1.026,8,6,0,0,6
22.9,9,isocontour,11.283791670955125,43560.25,91.67,20.4,3.8,0.993,-0.5,-0.8,0.9,11.8,-16.4,1.026,8,7,0,0,7
22.9,10,isocontour,11.283791670955125,44113.58,92.83,17.2,-11.7,0.988,-1.1,0.7,1.3,11.8,-16.4,1.026,8,6,0,0,6
22.9,11,isocontour,11.283791670955125,43975.32,92.54,-20.6,-4.0,0.98,-0.3,1.2,1.2,-20.1,-1.7,1.026,23,6,0,0,6
22.9,12,isocontour,11.283791670955125,43955.34,92.5,-19.4,-7.7,0.986,0.1,1.2,1.2,-20.1,-1.7,1.026,23,5,0,0,5
22.9,13,isocontour,11.283791670955125,43013.06,90.52,20.8,-1.9,0.985,-0.1,-1.0,1.0,11.8,-16.4,1.026,8,4,0,0,4
22.9,14,isocontour,11.283791670955125,42636.44,89.72,14.6,-14.9,0.984,-1.1,-1.7,2.0,11.8,-16.4,1.026,8,6,0,0,6
22.9,15,isocontour,11.283791670955125,42167.91,88.74,15.9,13.6,0.982,-1.0,4.2,4.3,11.8,-16.4,1.026,8,7,0,0,7
22.9,16,isocontour,11.283791670955125,47268.14,99.47,-22.9,22.2,0.542,0.8,0.5,0.9,-22.9,22.2,0.55,16,0,0,0,0
22.9,17,isocontour,11.283791670955125,43133.3,90.77,19.1,8.6,0.98,0.7,-0.5,0.9,11.8,-16.4,1.026,8,8,0,0,8
22.9,18,isocontour,11.283791670955125,47250.8,99.43,2.5,24.8,0.786,0.9,0.2,0.9,2.5,24.8,0.787,18,0,0,0,0
22.9,19,isocontour,11.283791670955125,43770.01,92.11,-20.8,-0.6,0.986,-0.3,-1.3,1.3,-20.1,-1.7,1.026,23,6,0,0,6
22.9,20,isocontour,11.283791670955125,43658.32,91.87,13.3,-16.1,0.981,-1.7,-2.9,3.4,11.8,-16.4,1.026,8,6,0,0,6
22.9,21,isocontour,11.283791670955125,42658.69,89.77,5.1,-20.2,0.987,-4.1,-1.8,4.5,11.8,-16.4,1.026,8,5,0,0,5
22.9,22,isocontour,11.283791670955125,45522.87,95.8,-20.7,-2.0,0.991,-1.6,-1.2,2.0,-20.1,-1.7,1.026,23,6,0,0,6
22.9,23,isocontour,11.283791670955125,45068.13,94.84,-20.2,-1.8,1.02,0.9,0.8,1.2,-20.2,-1.8,1.026,23,6,0,0,6
22.9,24,isocontour,11.283791670955125,43754.16,92.08,10.3,-18.1,0.985,0.3,2.9,2.9,11.8,-16.4,1.026,8,6,0,0,6
22.9,25,isocontour,11.283791670955125,43510.12,91.56,-20.3,4.0,0.992,0.2,-3.1,3.1,-20.1,-1.7,1.026,23,5,0,0,5
22.9,Target,,,,,0.0,0.0,4.023,0.0,0.0,,,,,,,,,
23.0,1,isocontour,11.283791670955125,43433.07,91.4,20.0,5.8,0.985,1.3,-0.2,1.3,11.8,-16.4,1.026,8,7,0,0,7
23.0,2,isocontour,11.283791670955125,42071.7,88.53,17.0,12.5,0.973,0.8,-1.2,1.4,11.8,-16.4,1.026,8,7,0,0,7
23.0,3,isocontour,11.283791670955125,43226.28,90.96,17.2,11.3,1.0,-2.2,-1.8,2.8,11.8,-16.4,1.026,8,7,0,0,7
23.0,4,isocontour,11.283791670955125,44431.6,93.5,17.6,9.8,1.026,-1.4,2.3,2.7,17.6,9.8,1.026,4,7,0,0,7
23.0,5,isocontour,11.283791670955125,42744.52,89.95,12.2,16.6,0.997,-2.2,1.5,2.7,11.8,-16.4,1.026,8,5,0,0,5
23.0,6,isocontour,11.283791670955125,43579.76,91.71,9.1,-18.2,1.011,-2.2,-0.2,2.2,11.8,-16.4,1.026,8,6,0,0,6
23.0,7,isocontour,11.283791670955125,43370.98,91.27,-20.8,0.3,0.988,-0.8,-1.1,1.4,-20.1,-1.7,1.026,23,6,0,0,6
23.0,8,isocontour,11.283791670955125,44250.03,93.12,11.4,-16.6,1.024,-2.4,-0.9,2.6,11.8,-16.4,1.026,8,6,0,0,6
23.0,9,isocontour,11.283791670955125,43535.35,91.61,20.4,3.6,0.99,1.1,-2.5,2.7,11.8,-16.4,1.026,8,7,0,0,7
23.0,10,isocontour,11.283791670955125,44075.57,92.75,17.0,-11.8,0.994,-2.5,-1.8,3.1,11.8,-16.4,1.026,8,6,0,0,6
23.0,11,isocontour,11.283791670955125,43937.31,92.46,-20.6,-3.8,0.982,-0.0,3.1,3.1,-20.1,-1.7,1.026,23,6,0,0,6
23.0,12,isocontour,11.283791670955125,43951.77,92.49,-19.4,-7.5,0.99,0.2,1.4,1.4,-20.1,-1.7,1.026,23,5,0,0,5
23.0,13,isocontour,11.283791670955125,42986.47,90.46,20.7,-1.7,0.991,-1.0,2.5,2.7,11.8,-16.4,1.026,8,4,0,0,4
23.0,14,isocontour,11.283791670955125,42608.39,89.66,14.3,-15.0,0.99,-2.7,-0.6,2.8,11.8,-16.4,1.026,8,6,0,0,6
23.0,15,isocontour,11.283791670955125,42167.3,88.74,15.9,13.7,0.98,-0.6,0.5,0.8,11.8,-16.4,1.026,8,7,0,0,7
23.0,16,isocontour,11.283791670955125,47267.05,99.47,-22.8,22.3,0.542,0.6,0.8,1.0,-22.8,22.3,0.55,16,0,0,0,0
23.0,17,isocontour,11.283791670955125,43111.06,90.72,18.9,8.7,0.985,-2.0,1.6,2.6,11.8,-16.4,1.026,8,8,0,0,8
23.0,18,isocontour,11.283791670955125,47249.7,99.43,2.6,24.8,0.786,0.9,0.1,0.9,2.6,24.8,0.787,18,0,0,0,0
23.0,19,isocontour,11.283791670955125,43747.78,92.06,-20.7,-0.7,0.995,2.0,-1.7,2.6,-20.1,-1.7,1.026,23,6,0,0,6
23.0,20,isocontour,11.283791670955125,43623.86,91.8,13.1,-16.3,0.983,-2.7,-1.3,3.0,11.8,-16.4,1.026,8,6,0,0,6
23.0,21,isocontour,11.283791670955125,42656.8,89.77,5.2,-20.2,0.983,1.1,-0.3,1.1,11.8,-16.4,1.026,8,5,0,0,5
23.0,22,isocontour,11.283791670955125,45504.26,95.76,-20.8,-2.2,0.984,-0.8,-2.3,2.4,-20.1,-1.7,1.026,23,6,0,0,6
23.0,23,isocontour,11.283791670955125,45067.16,94.84,-20.2,-1.7,1.019,-0.3,0.8,0.9,-20.2,-1.7,1.026,23,6,0,0,6
23.0,24,isocontour,11.283791670955125,43731.4,92.03,10.4,-17.9,0.992,1.5,2.1,2.6,11.8,-16.4,1.026,8,6,0,0,6
23.0,25,isocontour,11.283791670955125,43488.89,91.52,-20.3,4.1,0.991,0.2,2.5,2.5,-20.1,-1.7,1.026,23,5,0,0,5
23.0,Target,,,,,0.0,0.0,4.023,0.0,0.0,,,,,,,,,
23.1,1,isocontour,11.283791670955125,43432.57,91.4,20.1,5.8,0.981,0.7,-0.1,0.7,11.8,-16.4,1.026,8,7,0,0,7
23.1,2,isocontour,11.283791670955125,42068.35,88.53,17.0,12.4,0.974,0.6,-1.2,1.3,11.8,-16.4,1.026,8,7,0,0,7
23.1,3,isocontour,11.283791670955125,43223.15,90.96,17.2,11.2,1.0,1.1,-0.7,1.3,11.8,-16.4,1.026,8,7,0,0,7
23.1,4,isocontour,11.283791670955125,44429.39,93.5,17.5,9.9,1.027,-0.8,0.9,1.2,17.5,9.9,1.026,4,7,0,0,7
23.1,5,isocontour,11.283791670955125,42644.25,89.74,11.9,16.9,0.997,-3.6,2.4,4.3,11.8,-16.4,1.026,8,5,0,0,5
23.1,6,isocontour,11.283791670955125,43578.48,91.71,9.2,-18.2,1.009,1.0,-0.0,1.0,11.8,-16.4,1.026,8,6,0,0,6
23.1,7,isocontour,11.283791670955125,43368.77,91.26,-20.8,0.2,0.989,0.4,-1.1,1.2,-20.1,-1.7,1.026,23,6,0,0,6
23.1,8,isocontour,11.283791670955125,44240.62,93.1,11.5,-16.5,1.029,0.8,1.8,2.0,11.8,-16.4,1.026,8,6,0,0,6
23.1,9,isocontour,11.283791670955125,43507.89,91.56,20.6,3.4,0.983,1.8,-2.1,2.8,11.8,-16.4,1.026,8,7,0,0,7
23.1,10,isocontour,11.283791670955125,44057.63,92.71,17.0,-12.0,0.987,0.2,-2.4,2.4,11.8,-16.4,1.026,8,6,0,0,6
23.1,11,isocontour,11.283791670955125,43899.67,92.38,-20.6,-3.4,0.986,0.0,3.1,3.1,-20.1,-1.7,1.026,23,6,0,0,6
23.1,12,isocontour,11.283791670955125,43915.91,92.42,-19.4,-7.3,0.991,-0.9,2.9,3.0,-20.1,-1.7,1.026,23,5,0,0,5
23.1,13,isocontour,11.283791670955125,42986.04,90.46,20.7,-1.6,0.991,0.3,0.6,0.7,11.8,-16.4,1.026,8,4,0,0,4
23.1,14,isocontour,11.283791670955125,42597.3,89.64,14.5,-15.0,0.986,2.0,0.3,2.0,11.8,-16.4,1.026,8,6,0,0,6
23.1,15,isocontour,11.283791670955125,42164.75,88.73,15.9,13.6,0.983,0.3,-1.2,1.2,11.8,-16.4,1.026,8,7,0,0,7
23.1,16,isocontour,11.283791670955125,47265.95,99.47,-22.8,22.3,0.539,-0.5,0.8,0.9,-22.8,22.3,0.55,16,0,0,0,0
23.1,17,isocontour,11.283791670955125,43103.16,90.71,18.8,8.8,0.992,-1.7,0.7,1.8,11.8,-16.4,1.026,8,8,0,0,8
23.1,18,isocontour,11.283791670955125,47248.6,99.43,2.7,24.8,0.784,0.9,0.2,0.9,2.7,24.8,0.787,18,0,0,0,0
23.1,19,isocontour,11.283791670955125,43710.86,91.98,-20.6,-1.0,0.995,-0.0,-3.1,3.1,-20.1,-1.7,1.026,23,6,0,0,6
23.1,20,isocontour,11.283791670955125,43618.93,91.79,13.1,-16.2,0.987,0.6,1.4,1.5,11.8,-16.4,1.026,8,6,0,0,6
23.1,21,isocontour,11.283791670955125,42618.42,89.69,5.4,-20.1,0.987,2.7,1.6,3.1,11.8,-16.4,1.026,8,5,0,0,5
23.1,22,isocontour,11.283791670955125,45504.01,95.76,-20.8,-2.2,0.982,-0.2,-0.5,0.5,-20.1,-1.7,1.026,23,6,0,0,6
23.1,23,isocontour,11.283791670955125,45042.27,94.79,-20.2,-1.5,1.016,-0.8,2.6,2.7,-20.2,-1.5,1.026,23,6,0,0,6
23.1,24,isocontour,11.283791670955125,43730.69,92.03,10.4,-17.9,0.991,-0.3,-0.7,0.8,11.8,-16.4,1.026,8,6,0,0,6
23.1,25,isocontour,11.283791670955125,43462.59,91.46,-20.3,4.4,0.987,-0.3,2.7,2.7,-20.1,-1.7,1.026,23,5,0,0,5
23.1,Target,,,,,0.0,0.0,4.023,0.0,0.0,,,,,,,,,
23.2,1,isocontour,11.283791670955125,43429.14,91.39,20.0,5.9,0.984,-1.0,1.0,1.4,17.5,9.9,1.027,4,7,0,0,7
23.2,2,isocontour,11.283791670955125,42037.2,88.46,17.1,12.1,0.977,1.1,-2.7,2.9,17.5,9.9,1.027,4,7,0,0,7
23.2,3,isocontour,11.283791670955125,43150.58,90.81,17.5,11.1,0.99,3.5,-1.7,3.9,17.5,9.9,1.027,4,7,0,0,7
23.2,4,isocontour,11.283791670955125,44407.15,93.45,17.5,10.2,1.021,0.1,2.6,2.6,17.5,10.2,1.027,4,7,0,0,7
23.2,5,isocontour,11.283791670955125,42576.09,89.6,11.6,17.1,0.999,-3.2,1.9,3.7,17.5,9.9,1.027,4,5,0,0,5
23.2,6,isocontour,11.283791670955125,43561.83,91.67,9.0,-18.2,1.015,-2.3,0.2,2.3,11.5,-16.5,1.029,8,6,0,0,6
23.2,7,isocontour,11.283791670955125,43331.13,91.19,-20.7,-0.1,0.991,0.4,-3.1,3.1,-20.1,-1.7,1.026,23,6,0,0,6
23.2,8,isocontour,11.283791670955125,44223.12,93.06,11.5,-16.6,1.021,-0.2,-2.4,2.4,11.5,-16.6,1.029,8,6,0,0,6
23.2,9,isocontour,11.283791670955125,43507.5,91.56,20.6,3.3,0.982,-0.0,-0.7,0.7,17.5,9.9,1.027,4,7,0,0,7
23.2,10,isocontour,11.283791670955125,44050.46,92.7,16.9,-11.9,0.993,-0.7,1.6,1.7,11.5,-16.5,1.029,8,6,0,0,6
23.2,11,isocontour,11.283791670955125,43897.24,92.38,-20.5,-3.3,0.988,0.2,1.2,1.2,-20.1,-1.7,1.026,23,6,0,0,6
23.2,12,isocontour,11.283791670955125,43915.01,92.41,-19.4,-7.3,0.993,0.6,-0.7,0.9,-20.1,-1.7,1.026,23,5,0,0,5
23.2,13,isocontour,11.283791670955125,42849.25,90.17,20.7,-2.0,0.987,0.4,-4.7,4.7,11.8,-16.4,1.026,8,4,0,0,4
23.2,14,isocontour,11.283791670955125,42596.9,89.64,14.6,-15.0,0.985,0.5,0.4,0.6,11.5,-16.5,1.029,8,6,0,0,6
23.2,15,isocontour,11.283791670955125,42160.28,88.72,15.9,13.4,0.987,0.2,-1.5,1.5,17.5,9.9,1.027,4,7,0,0,7
23.2,16,isocontour,11.283791670955125,47264.85,99.46,-22.9,22.4,0.537,-0.9,0.2,0.9,-22.9,22.4,0.55,16,0,0,0,0
23.2,17,isocontour,11.283791670955125,43087.14,90.67,18.9,8.9,0.982,2.1,1.0,2.3,17.5,9.9,1.027,4,8,0,0,8
23.2,18,isocontour,11.283791670955125,47247.5,99.43,2.8,24.8,0.785,0.9,-0.3,0.9,2.8,24.8,0.787,18,0,0,0,0
23.2,19,isocontour,11.283791670955125,43601.98,91.76,-20.7,-0.7,0.992,-0.8,4.3,4.4,-20.1,-1.7,1.026,23,6,0,0,6
23.2,20,isocontour,11.283791670955125,43590.58,91.73,12.9,-16.2,0.994,-2.8,-0.5,2.8,11.5,-16.5,1.029,8,6,0,0,6
23.2,21,isocontour,11.283791670955125,42581.5,89.61,5.7,-19.9,0.992,2.6,1.7,3.1,11.5,-16.5,1.029,8,5,0,0,5
23.2,22,isocontour,11.283791670955125,45470.57,95.69,-20.7,-2.0,0.989,1.3,2.7,3.0,-20.1,-1.7,1.026,23,6,0,0,6
23.2,23,isocontour,11.283791670955125,45040.52,94.78,-20.3,-1.5,1.011,-0.9,-0.6,1.1,-20.3,-1.5,1.026,23,6,0,0,6
23.2,24,isocontour,11.283791670955125,43722.65,92.01,10.4,-18.1,0.982,0.6,-1.8,1.9,11.5,-16.5,1.029,8,6,0,0,6
23.2,25,isocontour,11.283791670955125,43462.0,91.46,-20.3,4.5,0.989,0.6,0.4,0.7,-20.1,-1.7,1.026,23,5,0,0,5
23.2,Target,,,,,0.0,0.0,4.023,0.0,0.0,,,,,,,,,
23.3,1,isocontour,11.283791670955125,43392.94,91.32,19.9,6.1,0.989,-1.7,2.5,3.0,17.5,9.9,1.027,4,7,0,0,7
23.3,2,isocontour,11.283791670955125,42023.52,88.43,17.0,12.3,0.978,-1.3,1.8,2.2,17.5,9.9,1.027,4,7,0,0,7
23.3,3,isocontour,11.283791670955125,43145.07,90.79,17.7,11.0,0.984,1.5,-0.7,1.7,17.5,9.9,1.027,4,7,0,0,7
23.3,4,isocontour,11.283791670955125,44395.58,93.43,17.4,10.4,1.017,-0.5,2.0,2.1,17.4,10.4,1.027,4,7,0,0,7
23.3,5,isocontour,11.283791670955125,42565.01,89.57,11.3,17.1,1.002,-2.0,0.5,2.1,17.5,9.9,1.027,4,5,0,0,5
23.3,6,isocontour,11.283791670955125,43560.7,91.67,9.0,-18.2,1.014,0.9,0.0,0.9,11.5,-16.5,1.029,8,6,0,0,6
23.3,7,isocontour,11.283791670955125,43329.47,91.18,-20.7,-0.1,0.994,0.5,1.0,1.1,-20.1,-1.7,1.026,23,6,0,0,6
23.3,8,isocontour,11.283791670955125,44197.67,93.01,11.6,-16.5,1.023,1.7,2.1,2.7,11.6,-16.5,1.029,8,6,0,0,6
23.3,9,isocontour,11.283791670955125,43504.3,91.55,20.6,3.4,0.986,-0.9,1.0,1.3,17.5,9.9,1.027,4,7,0,0,7
23.3,10,isocontour,11.283791670955125,44036.97,92.67,17.0,-11.7,0.997,0.7,2.1,2.2,11.5,-16.5,1.029,8,6,0,0,6
23.3,11,isocontour,11.283791670955125,43859.23,92.3,-20.5,-3.0,0.992,0.3,3.1,3.1,-20.1,-1.7,1.026,23,6,0,0,6
23.3,12,isocontour,11.283791670955125,43850.56,92.28,-19.4,-7.6,0.986,-0.2,-3.7,3.7,-20.1,-1.7,1.026,23,5,0,0,5
23.3,13,isocontour,11.283791670955125,42700.07,89.86,20.6,-2.5,0.988,-1.0,-4.8,4.9,11.5,-16.5,1.029,8,4,0,0,4
23.3,14,isocontour,11.283791670955125,42580.46,89.61,14.4,-15.1,0.984,-1.6,-1.7,2.3,11.5,-16.5,1.029,8,6,0,0,6
23.3,15,isocontour,11.283791670955125,42142.33,88.68,15.8,13.6,0.988,-1.5,1.9,2.4,17.5,9.9,1.027,4,7,0,0,7
23.3,16,isocontour,11.283791670955125,47263.75,99.46,-22.9,22.4,0.535,0.2,0.9,0.9,-22.9,22.4,0.55,16,0,0,0,0
23.3,17,isocontour,11.283791670955125,43081.83,90.66,19.0,9.0,0.974,0.8,1.4,1.6,17.5,9.9,1.027,4,8,0,0,8
23.3,18,isocontour,11.283791670955125,47246.4,99.42,2.9,24.8,0.785,0.9,-0.2,0.9,2.9,24.8,0.787,18,0,0,0,0
23.3,19,isocontour,11.283791670955125,43579.48,91.71,-20.8,-0.4,0.987,-1.1,2.4,2.6,-20.1,-1.7,1.026,23,6,0,0,6
23.3,20,isocontour,11.283791670955125,43571.04,91.69,13.0,-16.3,0.985,2.2,-1.1,2.5,11.5,-16.5,1.029,8,6,0,0,6
23.3,21,isocontour,11.283791670955125,42564.0,89.57,5.5,-20.0,0.994,-2.3,-0.5,2.4,11.5,-16.5,1.029,8,5,0,0,5
23.3,22,isocontour,11.283791670955125,45467.76,95.68,-20.6,-2.0,0.996,1.2,-0.5,1.3,-20.1,-1.7,1.026,23,6,0,0,6
23.3,23,isocontour,11.283791670955125,45010.94,94.72,-20.3,-1.7,1.01,0.2,-2.8,2.8,-20.3,-1.7,1.026,23,6,0,0,6
23.3,24,isocontour,11.283791670955125,43717.05,92.0,10.6,-18.2,0.975,1.6,-0.5,1.7,11.5,-16.5,1.029,8,6,0,0,6
23.3,25,isocontour,11.283791670955125,43429.88,91.39,-20.4,4.2,0.988,-0.8,-2.8,2.9,-20.1,-1.7,1.026,23,5,0,0,5
23.3,Target,,,,,0.0,0.0,4.023,0.0,0.0,,,,,,,,,
23.4,1,isocontour,11.283791670955125,43384.5,91.3,19.8,6.3,0.987,-0.2,1.9,1.9,11.5,-16.5,1.029,8,7,0,0,7
23.4,2,isocontour,11.283791670955125,42022.73,88.43,16.9,12.3,0.981,-0.8,0.1,0.8,17.5,9.9,1.027,4,7,0,0,7
23.4,3,isocontour,11.283791670955125,43083.69,90.66,17.6,11.3,0.984,-2.0,3.1,3.7,17.5,9.9,1.027,4,7,0,0,7
23.4,4,isocontour,11.283791670955125,44393.97,93.42,17.3,10.4,1.019,-1.0,0.5,1.1,17.3,10.4,1.027,4,7,0,0,7
23.4,5,isocontour,11.283791670955125,42562.01,89.57,11.3,17.2,0.999,-0.4,1.3,1.4,17.5,9.9,1.027,4,5,0,0,5
23.4,6,isocontour,11.283791670955125,43542.08,91.63,9.1,-18.0,1.02,1.2,2.1,2.4,11.5,-16.5,1.029,8,6,0,0,6
23.4,7,isocontour,11.283791670955125,43218.37,90.95,-20.7,0.3,0.994,-0.1,4.4,4.4,-20.1,-1.7,1.026,23,6,0,0,6
23.4,8,isocontour,11.283791670955125,44185.07,92.98,11.7,-16.3,1.031,0.5,2.1,2.2,11.7,-16.3,1.029,8,6,0,0,6
23.4,9,isocontour,11.283791670955125,43477.13,91.49,20.4,3.6,0.991,-1.3,2.4,2.7,11.5,-16.5,1.029,8,7,0,0,7
23.4,10,isocontour,11.283791670955125,44032.76,92.66,17.1,-11.7,0.993,1.4,0.3,1.4,11.5,-16.5,1.029,8,6,0,0,6
23.4,11,isocontour,11.283791670955125,43858.49,92.29,-20.5,-3.0,0.994,0.4,-0.7,0.8,-20.1,-1.7,1.026,23,6,0,0,6
23.4,12,isocontour,11.283791670955125,43848.3,92.27,-19.5,-7.6,0.984,-0.6,1.1,1.3,-20.1,-1.7,1.026,23,5,0,0,5
23.4,13,isocontour,11.283791670955125,42664.92,89.78,20.5,-2.8,0.992,-1.0,-2.8,3.0,11.5,-16.5,1.029,8,3,0,0,3
23.4,14,isocontour,11.283791670955125,42574.22,89.59,14.3,-15.2,0.985,-1.5,-0.9,1.7,11.5,-16.5,1.029,8,6,0,0,6
23.4,15,isocontour,11.283791670955125,42141.43,88.68,15.7,13.7,0.988,-0.6,0.6,0.8,17.5,9.9,1.027,4,7,0,0,7
23.4,16,isocontour,11.283791670955125,47262.65,99.46,-22.8,22.5,0.536,0.9,0.2,0.9,-22.8,22.5,0.55,16,0,0,0,0
23.4,17,isocontour,11.283791670955125,43079.22,90.65,19.0,9.1,0.974,-0.8,1.0,1.3,17.5,9.9,1.027,4,7,0,0,7
23.4,18,isocontour,11.283791670955125,47245.3,99.42,2.9,24.8,0.786,0.9,-0.2,0.9,2.9,24.8,0.787,18,0,0,0,0
23.4,19,isocontour,11.283791670955125,43579.19,91.71,-20.8,-0.3,0.986,-0.1,0.6,0.6,-20.1,-1.7,1.026,23,6,0,0,6
23.4,20,isocontour,11.283791670955125,43560.43,91.67,13.0,-16.2,0.99,0.0,2.0,2.0,11.5,-16.5,1.029,8,6,0,0,6
23.4,21,isocontour,11.283791670955125,42544.22,89.53,5.3,-20.1,0.99,-2.0,-1.4,2.4,11.5,-16.5,1.029,8,5,0,0,5
23.4,22,isocontour,11.283791670955125,45372.31,95.48,-20.6,-2.4,0.991,-0.9,-4.1,4.2,-20.1,-1.7,1.026,23,6,0,0,6
23.4,23,isocontour,11.283791670955125,44939.49,94.57,-20.1,-1.6,1.027,3.3,1.9,3.8,-20.1,-1.6,1.026,23,6,0,0,6
23.4,24,isocontour,11.283791670955125,43712.92,91.99,10.6,-18.1,0.979,0.4,1.4,1.5,11.5,-16.5,1.029,8,6,0,0,6
23.4,25,isocontour,11.283791670955125,43394.03,91.32,-20.3,3.9,0.992,0.3,-3.0,3.0,-20.1,-1.7,1.026,23,5,0,0,5
23.4,Target,,,,,0.0,0.0,4.023,0.0,0.0,,,,,,,,,
23.5,1,isocontour,11.283791670955125,43381.23,91.29,19.7,6.3,0.993,-1.1,-0.8,1.4,11.5,-16.5,1.029,8,7,0,0,7
23.5,2,isocontour,11.283791670955125,42017.32,88.42,16.8,12.3,0.988,-1.6,-0.2,1.6,11.5,-16.5,1.029,8,7,0,0,7
23.5,3,isocontour,11.283791670955125,43070.92,90.64,17.4,11.3,0.992,-2.1,0.2,2.1,11.5,-16.5,1.029,8,7,0,0,7
23.5,4,isocontour,11.283791670955125,44381.72,93.4,17.3,10.6,1.018,-0.8,2.0,2.2,11.5,-16.5,1.029,8,7,0,0,7
23.5,5,isocontour,11.283791670955125,42561.59,89.57,11.2,17.3,0.998,-0.6,0.3,0.7,17.5,9.9,1.027,4,5,0,0,5
23.5,6,isocontour,11.283791670955125,43517.19,91.58,9.4,-17.9,1.019,2.6,0.7,2.7,11.7,-16.3,1.031,8,6,0,0,6
23.5,7,isocontour,11.283791670955125,43109.49,90.72,-20.8,0.7,0.99,-0.6,4.4,4.4,-20.1,-1.6,1.027,23,6,0,0,6
23.5,8,isocontour,11.283791670955125,44181.86,92.98,11.7,-16.2,1.035,0.6,1.2,1.3,11.7,-16.2,1.031,8,6,0,0,6
23.5,9,isocontour,11.283791670955125,43451.39,91.44,20.4,3.9,0.989,0.1,2.7,2.7,11.5,-16.5,1.029,8,7,0,0,7
23.5,10,isocontour,11.283791670955125,44029.48,92.65,17.1,-11.8,0.989,-0.1,-1.4,1.4,11.7,-16.3,1.031,8,6,0,0,6
23.5,11,isocontour,11.283791670955125,43835.74,92.25,-20.4,-3.3,0.994,0.3,-2.6,2.6,-20.1,-1.6,1.027,23,6,0,0,6
23.5,12,isocontour,11.283791670955125,43811.38,92.2,-19.5,-7.3,0.985,-0.8,3.0,3.1,-20.1,-1.6,1.027,23,5,0,0,5
23.5,13,isocontour,11.283791670955125,42650.68,89.75,20.6,-2.7,0.987,1.3,1.8,2.2,11.5,-16.5,1.029,8,3,0,0,3
23.5,14,isocontour,11.283791670955125,42554.91,89.55,14.0,-15.2,0.994,-2.5,0.2,2.5,11.7,-16.3,1.031,8,6,0,0,6
23.5,15,isocontour,11.283791670955125,42116.81,88.63,15.5,13.8,0.993,-2.4,1.2,2.7,11.5,-16.5,1.029,8,7,0,0,7
23.5,16,isocontour,11.283791670955125,47261.55,99.46,-22.8,22.5,0.536,0.3,0.9,0.9,-22.8,22.5,0.55,16,0,0,0,0
23.5,17,isocontour,11.283791670955125,43058.96,90.61,18.8,9.3,0.976,-1.3,2.1,2.5,11.5,-16.5,1.029,8,7,0,0,7
23.5,18,isocontour,11.283791670955125,47214.79,99.36,3.2,24.7,0.789,2.5,-1.4,2.9,17.5,9.9,1.027,4,1,0,0,1
23.5,19,isocontour,11.283791670955125,43554.29,91.65,-20.7,-0.5,0.995,1.9,-1.9,2.7,-20.1,-1.6,1.027,23,6,0,0,6
23.5,20,isocontour,11.283791670955125,43545.61,91.64,12.9,-16.0,1.002,-1.7,1.4,2.2,11.7,-16.3,1.031,8,6,0,0,6
23.5,21,isocontour,11.283791670955125,42542.52,89.53,5.3,-20.1,0.986,1.0,-0.4,1.1,11.7,-16.3,1.031,8,5,0,0,5
23.5,22,isocontour,11.283791670955125,45352.54,95.44,-20.7,-2.7,0.986,-0.5,-2.4,2.5,-20.1,-1.6,1.027,23,6,0,0,6
23.5,23,isocontour,11.283791670955125,44917.26,94.52,-19.9,-1.4,1.035,1.0,2.4,2.6,-19.9,-1.4,1.027,23,6,0,0,6
23.5,24,isocontour,11.283791670955125,43710.18,91.98,10.7,-17.9,0.983,0.5,1.2,1.3,11.7,-16.3,1.031,8,6,0,0,6
23.5,25,isocontour,11.283791670955125,43393.29,91.32,-20.3,4.0,0.994,0.4,0.7,0.8,-20.1,-1.6,1.027,23,5,0,0,5
23.5,Target,,,,,0.0,0.0,4.023,0.0,0.0,,,,,,,,,
23.6,1,isocontour,11.283791670955125,43379.91,91.29,19.7,6.2,0.994,0.3,-1.0,1.0,11.5,-16.5,1.029,8,7,0,0,7
23.6,2,isocontour,11.283791670955125,42000.47,88.38,16.6,12.4,0.992,-1.9,1.4,2.4,11.5,-16.5,1.029,8,7,0,0,7
23.6,3,isocontour,11.283791670955125,43062.08,90.62,17.5,11.3,0.987,1.9,-0.4,1.9,11.5,-16.5,1.029,8,7,0,0,7
23.6,4,isocontour,11.283791670955125,44380.69,93.39,17.2,10.7,1.02,-0.9,0.3,0.9,11.5,-16.5,1.029,8,7,0,0,7
23.6,5,isocontour,11.283791670955125,42498.17,89.43,10.9,17.4,1.001,-3.4,1.5,3.7,11.5,-16.5,1.029,8,6,0,0,6
23.6,6,isocontour,11.283791670955125,43487.61,91.51,9.7,-17.9,1.016,2.7,0.8,2.8,11.7,-16.2,1.035,8,6,0,0,6
23.6,7,isocontour,11.283791670955125,43108.13,90.72,-20.7,0.9,0.993,0.7,0.7,1.0,-19.9,-1.4,1.035,23,6,0,0,6
23.6,8,isocontour,11.283791670955125,44175.95,92.96,11.9,-16.2,1.029,1.6,-0.4,1.6,11.9,-16.2,1.035,8,6,0,0,6
23.6,9,isocontour,11.283791670955125,43450.36,91.44,20.4,3.8,0.99,-0.1,-0.9,0.9,11.5,-16.5,1.029,8,7,0,0,7
23.6,10,isocontour,11.283791670955125,44028.64,92.65,17.2,-11.8,0.984,0.7,-0.5,0.9,11.7,-16.2,1.035,8,6,0,0,6
23.6,11,isocontour,11.283791670955125,43724.63,92.01,-20.4,-3.7,0.99,0.0,-4.4,4.4,-19.9,-1.4,1.035,23,6,0,0,6
23.6,12,isocontour,11.283791670955125,43773.0,92.11,-19.6,-7.0,0.988,-0.5,3.1,3.1,-19.9,-1.4,1.035,23,5,0,0,5
23.6,13,isocontour,11.283791670955125,42646.47,89.74,20.6,-2.7,0.99,-0.9,-1.2,1.5,11.7,-16.3,1.031,8,3,0,0,3
23.6,14,isocontour,11.283791670955125,42537.84,89.52,14.1,-15.0,0.998,1.4,1.9,2.4,11.7,-16.2,1.035,8,6,0,0,6
23.6,15,isocontour,11.283791670955125,42114.37,88.62,15.4,13.9,0.994,-1.0,0.7,1.2,11.5,-16.5,1.029,8,7,0,0,7
23.6,16,isocontour,11.283791670955125,47260.45,99.45,-22.8,22.5,0.536,-0.5,-0.8,0.9,-22.8,22.5,0.55,16,0,0,0,0
23.6,17,isocontour,11.283791670955125,43043.55,90.58,18.7,9.5,0.976,-1.1,2.0,2.3,11.5,-16.5,1.029,8,7,0,0,7
23.6,18,isocontour,11.283791670955125,47181.34,99.29,3.4,24.5,0.795,2.5,-1.6,3.0,17.5,9.9,1.027,4,1,0,0,1
23.6,19,isocontour,11.283791670955125,43520.85,91.58,-20.7,-0.8,0.993,-0.5,-2.9,2.9,-19.9,-1.4,1.035,23,6,0,0,6
23.6,20,isocontour,11.283791670955125,43543.29,91.63,12.8,-16.0,1.004,-1.0,-0.7,1.2,11.7,-16.2,1.035,8,6,0,0,6
23.6,21,isocontour,11.283791670955125,42524.58,89.49,5.5,-20.0,0.992,1.5,1.9,2.4,11.7,-16.2,1.035,8,5,0,0,5
23.6,22,isocontour,11.283791670955125,45351.72,95.44,-20.7,-2.7,0.982,-0.7,-0.4,0.8,-19.9,-1.4,1.035,23,6,0,0,6
23.6,23,isocontour,11.283791670955125,44914.39,94.52,-20.0,-1.3,1.031,-1.2,0.5,1.3,-20.0,-1.3,1.035,23,6,0,0,6
23.6,24,isocontour,11.283791670955125,43706.83,91.98,10.8,-17.8,0.987,0.6,1.2,1.3,11.7,-16.2,1.035,8,6,0,0,6
23.6,25,isocontour,11.283791670955125,43371.56,91.27,-20.3,4.2,0.994,0.3,2.6,2.6,-19.9,-1.4,1.035,23,5,0,0,5
23.6,Target,,,,,0.0,0.0,4.023,0.0,0.0,,,,,,,,,
23.7,1,isocontour,11.283791670955125,43255.6,91.03,20.0,5.8,0.989,2.4,-3.9,4.6,11.7,-16.3,1.031,8,7,0,0,7
23.7,2,isocontour,11.283791670955125,41987.34,88.36,16.7,12.3,0.99,1.7,-1.4,2.2,11.5,-16.5,1.029,8,7,0,0,7
23.7,3,isocontour,11.283791670955125,42989.51,90.47,17.4,11.6,0.981,-1.3,3.6,3.8,11.5,-16.5,1.029,8,7,0,0,7
23.7,4,isocontour,11.283791670955125,44376.56,93.39,17.0,10.7,1.026,-1.4,0.3,1.4,11.5,-16.5,1.029,8,7,0,0,7
23.7,5,isocontour,11.283791670955125,42442.17,89.31,10.7,17.7,0.995,-2.1,2.8,3.5,11.5,-16.5,1.029,8,6,0,0,6
23.7,6,isocontour,11.283791670955125,43453.15,91.44,9.9,-17.7,1.014,2.7,1.2,3.0,11.7,-16.2,1.035,8,6,0,0,6
23.7,7,isocontour,11.283791670955125,43071.57,90.64,-20.7,0.6,0.992,-0.3,-3.0,3.0,-19.9,-1.4,1.035,23,6,0,0,6
23.7,8,isocontour,11.283791670955125,44156.64,92.92,12.1,-16.2,1.021,2.5,0.1,2.5,11.7,-16.2,1.035,8,6,0,0,6
23.7,9,isocontour,11.283791670955125,43448.52,91.43,20.3,3.9,0.994,-0.9,0.6,1.1,11.7,-16.3,1.031,8,7,0,0,7
23.7,10,isocontour,11.283791670955125,43997.81,92.59,17.0,-12.0,0.984,-1.8,-2.3,2.9,11.7,-16.2,1.035,8,6,0,0,6
23.7,11,isocontour,11.283791670955125,43702.65,91.97,-20.4,-4.0,0.987,-0.1,-2.6,2.6,-19.9,-1.4,1.035,23,6,0,0,6
23.7,12,isocontour,11.283791670955125,43736.08,92.04,-19.6,-6.7,0.993,-0.0,3.1,3.1,-19.9,-1.4,1.035,23,6,0,0,6
23.7,13,isocontour,11.283791670955125,42645.5,89.74,20.6,-2.7,0.992,-0.2,0.9,0.9,11.7,-16.2,1.035,8,3,0,0,3
23.7,14,isocontour,11.283791670955125,42505.72,89.45,14.4,-14.9,0.993,2.8,0.9,2.9,11.7,-16.2,1.035,8,6,0,0,6
23.7,15,isocontour,11.283791670955125,42036.03,88.46,15.2,14.2,0.991,-2.0,3.4,3.9,11.5,-16.5,1.029,8,7,0,0,7
23.7,16,isocontour,11.283791670955125,47259.35,99.45,-22.8,22.6,0.536,0.5,0.8,0.9,-22.8,22.6,0.55,16,0,0,0,0
23.7,17,isocontour,11.283791670955125,43017.25,90.52,18.6,9.7,0.979,-1.8,2.1,2.8,11.5,-16.5,1.029,8,7,0,0,7
23.7,18,isocontour,11.283791670955125,47177.13,99.28,3.5,24.4,0.8,0.5,-1.4,1.5,11.5,-16.5,1.029,8,1,0,0,1
23.7,19,isocontour,11.283791670955125,43513.32,91.57,-20.8,-0.9,0.987,-1.1,-1.5,1.9,-19.9,-1.4,1.035,23,6,0,0,6
23.7,20,isocontour,11.283791670955125,43502.28,91.55,13.0,-15.9,1.003,2.5,1.9,3.1,11.7,-16.2,1.035,8,6,0,0,6
23.7,21,isocontour,11.283791670955125,42523.73,89.49,5.5,-20.0,0.991,-0.5,-0.7,0.9,11.7,-16.2,1.035,8,5,0,0,5
23.7,22,isocontour,11.283791670955125,45349.22,95.43,-20.7,-2.6,0.984,0.4,1.2,1.3,-19.9,-1.4,1.035,23,6,0,0,6
23.7,23,isocontour,11.283791670955125,44912.54,94.51,-20.1,-1.2,1.026,-0.8,0.7,1.1,-20.1,-1.2,1.035,23,6,0,0,6
23.7,24,isocontour,11.283791670955125,43691.82,91.94,10.8,-17.6,0.995,0.7,2.2,2.3,11.7,-16.2,1.035,8,6,0,0,6
23.7,25,isocontour,11.283791670955125,43261.2,91.04,-20.2,4.6,0.991,0.3,4.4,4.4,-19.9,-1.4,1.035,23,6,0,0,6
23.7,Target,,,,,0.0,0.0,4.023,0.0,0.0,,,,,,,,,
23.8,1,isocontour,11.283791670955125,43253.85,91.02,19.9,5.8,0.993,-1.1,-0.0,1.1,11.7,-16.2,1.035,8,7,0,0,7
23.8,2,isocontour,11.283791670955125,41960.46,88.3,17.0,12.4,0.977,2.5,1.2,2.8,11.7,-16.3,1.031,8,7,0,0,7
23.8,3,isocontour,11.283791670955125,42987.57,90.46,17.3,11.6,0.986,-1.0,-0.6,1.2,11.7,-16.3,1.031,8,7,0,0,7
23.8,4,isocontour,11.283791670955125,44375.49,93.38,16.9,10.7,1.031,-0.9,0.0,0.9,11.7,-16.3,1.031,8,7,0,0,7
23.8,5,isocontour,11.283791670955125,42419.15,89.27,10.5,17.9,0.993,-2.1,1.5,2.6,11.5,-16.5,1.029,8,6,0,0,6
23.8,6,isocontour,11.283791670955125,43450.65,91.44,10.1,-17.7,1.014,1.1,0.6,1.3,11.7,-16.2,1.035,8,6,0,0,6
23.8,7,isocontour,11.283791670955125,43050.09,90.59,-20.8,0.8,0.987,-1.0,2.4,2.6,-19.9,-1.4,1.035,23,6,0,0,6
23.8,8,isocontour,11.283791670955125,44145.55,92.9,12.0,-16.2,1.023,-1.9,-0.7,2.0,11.7,-16.2,1.035,8,6,0,0,6
23.8,9,isocontour,11.283791670955125,43447.03,91.43,20.3,4.0,0.996,-0.5,0.9,1.0,11.7,-16.2,1.035,8,6,0,0,6
23.8,10,isocontour,11.283791670955125,43994.46,92.58,16.9,-12.2,0.985,-0.8,-1.1,1.4,11.7,-16.2,1.035,8,6,0,0,6
23.8,11,isocontour,11.283791670955125,43702.21,91.97,-20.4,-4.1,0.986,0.2,-0.7,0.7,-19.9,-1.4,1.035,23,6,0,0,6
23.8,12,isocontour,11.283791670955125,43718.36,92.0,-19.6,-6.8,0.989,-0.2,-2.4,2.4,-19.9,-1.4,1.035,23,5,0,0,5
23.8,13,isocontour,11.283791670955125,42614.67,89.68,20.6,-2.9,0.99,0.1,-2.9,2.9,11.7,-16.2,1.035,8,3,0,0,3
23.8,14,isocontour,11.283791670955125,42481.1,89.4,14.6,-14.7,0.991,2.0,1.7,2.6,11.7,-16.2,1.035,8,6,0,0,6
23.8,15,isocontour,11.283791670955125,42035.88,88.46,15.1,14.2,0.992,-0.3,-0.4,0.5,11.7,-16.3,1.031,8,6,0,0,6
23.8,16,isocontour,11.283791670955125,47258.25,99.45,-22.7,22.6,0.536,0.7,0.6,0.9,-22.7,22.6,0.55,16,0,0,0,0
23.8,17,isocontour,11.283791670955125,43007.4,90.5,18.4,9.9,0.981,-1.1,1.6,1.9,11.7,-16.3,1.031,8,7,0,0,7
23.8,18,isocontour,11.283791670955125,47144.02,99.21,3.7,24.2,0.806,2.4,-1.7,2.9,11.5,-16.5,1.029,8,1,0,0,1
23.8,19,isocontour,11.283791670955125,43512.7,91.57,-20.7,-1.0,0.99,0.8,0.0,0.8,-19.9,-1.4,1.035,23,6,0,0,6
23.8,20,isocontour,11.283791670955125,43452.65,91.44,13.3,-15.9,0.99,3.2,-1.0,3.4,11.7,-16.2,1.035,8,6,0,0,6
23.8,21,isocontour,11.283791670955125,42502.5,89.44,5.3,-20.1,0.987,-2.2,-1.3,2.6,11.7,-16.2,1.035,8,5,0,0,5
23.8,22,isocontour,11.283791670955125,45345.1,95.42,-20.6,-2.5,0.989,1.0,1.1,1.5,-19.9,-1.4,1.035,23,6,0,0,6
23.8,23,isocontour,11.283791670955125,44890.31,94.47,-20.2,-1.4,1.019,-1.0,-2.4,2.6,-20.2,-1.4,1.035,23,6,0,0,6
23.8,24,isocontour,11.283791670955125,43673.2,91.9,10.7,-17.8,0.99,-0.9,-2.3,2.5,11.7,-16.2,1.035,8,6,0,0,6
23.8,25,isocontour,11.283791670955125,43152.32,90.81,-20.2,5.0,0.986,0.2,4.4,4.4,-19.9,-1.4,1.035,23,5,0,0,5
23.8,Target,,,,,0.0,0.0,4.023,0.0,0.0,,,,,,,,,
23.9,1,isocontour,11.283791670955125,43225.49,90.96,20.0,5.5,0.992,1.0,-2.6,2.8,11.7,-16.2,1.035,8,7,0,0,7
23.9,2,isocontour,11.283791670955125,41958.03,88.3,17.0,12.3,0.979,-0.2,-1.2,1.2,11.7,-16.2,1.035,8,7,0,0,7
23.9,3,isocontour,11.283791670955125,42954.79,90.39,17.3,11.3,0.994,0.3,-2.9,2.9,11.7,-16.2,1.035,8,7,0,0,7
23.9,4,isocontour,11.283791670955125,44372.22,93.38,16.9,10.6,1.035,-0.1,-1.4,1.4,11.7,-16.2,1.035,8,7,0,0,7
23.9,5,isocontour,11.283791670955125,42313.92,89.04,10.1,18.1,0.992,-3.7,2.3,4.4,16.9,10.7,1.031,4,6,0,0,6
23.9,6,isocontour,11.283791670955125,43418.53,91.37,10.3,-17.6,1.012,2.7,1.1,2.9,11.7,-16.2,1.035,8,6,0,0,6
23.9,7,isocontour,11.283791670955125,43047.65,90.59,-20.8,0.7,0.986,-0.0,-1.2,1.2,-19.9,-1.4,1.035,23,6,0,0,6
23.9,8,isocontour,11.283791670955125,44131.12,92.87,12.0,-16.4,1.014,-0.1,-2.2,2.2,11.7,-16.2,1.035,8,6,0,0,6
23.9,9,isocontour,11.283791670955125,43315.33,91.15,20.3,3.6,0.997,0.8,-4.6,4.7,11.7,-16.2,1.035,8,6,0,0,6
23.9,10,isocontour,11.283791670955125,43991.78,92.58,16.8,-12.2,0.988,-1.2,-0.4,1.3,11.7,-16.2,1.035,8,6,0,0,6
23.9,11,isocontour,11.283791670955125,43699.77,91.96,-20.4,-4.0,0.988,0.0,1.2,1.2,-19.9,-1.4,1.035,23,6,0,0,6
23.9,12,isocontour,11.283791670955125,43717.99,92.0,-19.6,-6.9,0.988,0.1,-0.7,0.7,-19.9,-1.4,1.035,23,5,0,0,5
23.9,13,isocontour,11.283791670955125,42481.28,89.4,20.5,-3.4,0.988,-0.3,-4.7,4.7,11.7,-16.2,1.035,8,3,0,0,3
23.9,14,isocontour,11.283791670955125,42460.12,89.35,14.8,-14.6,0.989,2.0,1.6,2.6,11.7,-16.2,1.035,8,6,0,0,6
23.9,15,isocontour,11.283791670955125,41998.24,88.38,15.0,14.4,0.991,-1.8,2.5,3.1,11.7,-16.2,1.035,8,6,0,0,6
23.9,16,isocontour,11.283791670955125,47257.15,99.45,-22.8,22.6,0.534,-0.9,0.3,0.9,-22.8,22.6,0.55,16,0,0,0,0
23.9,17,isocontour,11.283791670955125,42993.73,90.48,18.2,10.0,0.989,-2.2,0.4,2.2,11.7,-16.2,1.035,8,7,0,0,7
23.9,18,isocontour,11.283791670955125,47113.82,99.15,4.0,24.0,0.811,2.4,-1.5,2.8,11.5,-16.5,1.029,8,1,0,0,1
23.9,19,isocontour,11.283791670955125,43512.02,91.57,-20.7,-0.9,0.991,0.1,0.8,0.8,-19.9,-1.4,1.035,23,6,0,0,6
23.9,20,isocontour,11.283791670955125,43443.1,91.42,13.3,-16.1,0.981,-0.2,-1.9,1.9,11.7,-16.2,1.035,8,6,0,0,6
23.9,21,isocontour,11.283791670955125,42501.79,89.44,5.2,-20.2,0.983,0.2,-0.8,0.8,11.7,-16.2,1.035,8,5,0,0,5
23.9,22,isocontour,11.283791670955125,45342.78,95.42,-20.6,-2.4,0.992,0.2,1.2,1.2,-19.9,-1.4,1.035,23,6,0,0,6
23.9,23,isocontour,11.283791670955125,44867.55,94.42,-20.3,-1.7,1.011,-1.2,-2.3,2.6,-20.3,-1.7,1.035,23,6,0,0,6
23.9,24,isocontour,11.283791670955125,43672.47,91.9,10.8,-17.8,0.99,0.5,0.6,0.8,11.7,-16.2,1.035,8,6,0,0,6
23.9,25,isocontour,11.283791670955125,43151.93,90.81,-20.2,5.2,0.984,-0.1,0.7,0.7,-19.9,-1.4,1.035,23,5,0,0,5
23.9,Target,,,,,0.0,0.0,4.023,0.0,0.0,,,,,,,,,
24.0,1,isocontour,11.283791670955125,43183.32,90.87,20.2,5.4,0.982,2.7,-1.7,3.2,20.2,5.4,0.992,1,7,0,0,7
24.0,2,isocontour,11.283791670955125,41923.56,88.22,17.1,12.0,0.984,0.9,-2.9,3.0,17.1,12.0,0.979,2,7,0,0,7
24.0,3,isocontour,11.283791670955125,42936.4,90.35,17.5,11.4,0.983,2.2,1.0,2.4,17.5,11.4,0.994,3,7,0,0,7
24.0,4,isocontour,11.283791670955125,44370.06,93.37,17.0,10.5,1.035,0.8,-0.9,1.2,17.0,10.5,1.035,4,7,0,0,7
24.0,5,isocontour,11.283791670955125,42233.79,88.88,9.8,18.3,0.993,-3.6,1.7,4.0,9.8,18.3,0.992,5,5,0,0,5
24.0,6,isocontour,11.283791670955125,43407.77,91.35,10.4,-17.4,1.017,0.9,1.8,2.0,10.4,-17.4,1.012,6,6,0,0,6
24.0,7,isocontour,11.283791670955125,43010.01,90.51,-20.8,0.4,0.988,0.3,-3.1,3.1,-20.8,0.4,0.986,7,6,0,0,6
24.0,8,isocontour,11.283791670955125,44127.0,92.86,12.1,-16.4,1.011,1.4,0.5,1.5,12.1,-16.4,1.014,8,6,0,0,6
24.0,9,isocontour,11.283791670955125,43284.82,91.09,20.4,3.3,0.995,0.8,-2.8,2.9,20.4,3.3,0.997,9,6,0,0,6
24.0,10,isocontour,11.283791670955125,43953.77,92.5,16.6,-12.4,0.991,-2.2,-2.2,3.1,16.6,-12.4,0.988,10,6,0,0,6
24.0,11,isocontour,11.283791670955125,43692.24,91.94,-20.5,-3.8,0.986,-0.7,1.7,1.8,-20.5,-3.8,0.988,11,6,0,0,6
24.0,12,isocontour,11.283791670955125,43681.43,91.92,-19.6,-6.7,0.992,-0.2,3.1,3.1,-19.6,-6.7,0.988,12,5,0,0,5
24.0,13,isocontour,11.283791670955125,42479.48,89.39,20.5,-3.5,0.988,-0.4,-1.0,1.1,20.5,-3.5,0.988,13,3,0,0,3
24.0,14,isocontour,11.283791670955125,42458.59,89.35,14.8,-14.5,0.994,-0.8,0.6,1.0,14.8,-14.5,0.989,14,6,0,0,6
24.0,15,isocontour,11.283791670955125,41894.45,88.16,14.7,14.7,0.986,-2.3,3.7,4.4,14.7,14.7,0.991,15,6,0,0,6
24.0,16,isocontour,11.283791670955125,47256.05,99.44,-22.9,22.7,0.531,-0.9,0.3,0.9,-22.9,22.7,0.534,16,0,0,0,0
24.0,17,isocontour,11.283791670955125,42961.93,90.41,18.2,9.7,0.997,-0.0,-2.9,2.9,18.2,9.7,0.989,17,6,0,0,6
24.0,18,isocontour,11.283791670955125,47084.24,99.08,4.2,23.9,0.815,2.5,-1.4,2.9,4.2,23.9,0.811,18,1,0,0,1
24.0,19,isocontour,11.283791670955125,43402.4,91.34,-20.8,-0.5,0.989,-0.8,4.4,4.5,-20.8,-0.5,0.991,19,6,0,0,6
24.0,20,isocontour,11.283791670955125,43439.14,91.41,13.2,-16.2,0.981,-1.3,-0.7,1.5,13.2,-16.2,0.981,20,6,0,0,6
24.0,21,isocontour,11.283791670955125,42499.36,89.43,5.3,-20.2,0.984,1.0,0.7,1.2,5.3,-20.2,0.983,21,5,0,0,5
24.0,22,isocontour,11.283791670955125,45342.04,95.42,-20.6,-2.5,0.994,0.4,-0.7,0.8,-20.6,-2.5,0.992,22,6,0,0,6
24.0,23,isocontour,11.283791670955125,44844.54,94.37,-20.5,-1.9,1.002,-1.5,-2.1,2.6,-20.5,-1.9,1.011,23,6,0,0,6
24.0,24,isocontour,11.283791670955125,43656.65,91.87,10.9,-17.6,0.991,1.8,1.5,2.3,10.9,-17.6,0.99,24,6,0,0,6
24.0,25,isocontour,11.283791670955125,43148.87,90.8,-20.2,5.1,0.984,-0.4,-1.3,1.4,-20.2,5.1,0.984,25,5,0,0,5
24.0,Target,,,,,0.0,0.0,4.023,0.0,0.0,,,,,,,,,
24.1,1,isocontour,11.283791670955125,43181.27,90.87,20.3,5.4,0.975,1.1,0.4,1.2,17.0,10.5,1.035,4,7,0,0,7
24.1,2,isocontour,11.283791670955125,41890.11,88.15,17.1,11.7,0.992,0.3,-3.0,3.0,17.0,10.5,1.035,4,7,0,0,7
24.1,3,isocontour,11.283791670955125,42934.4,90.35,17.5,11.3,0.987,-0.9,-0.8,1.2,17.0,10.5,1.035,4,7,0,0,7
24.1,4,isocontour,11.283791670955125,44367.26,93.37,17.1,10.4,1.034,0.8,-1.0,1.3,17.1,10.4,1.035,4,7,0,0,7
24.1,5,isocontour,11.283791670955125,42232.35,88.87,9.7,18.2,0.998,-0.4,-1.0,1.1,17.0,10.5,1.035,4,5,0,0,5
24.1,6,isocontour,11.283791670955125,43399.47,91.33,10.5,-17.2,1.023,0.7,1.7,1.8,10.5,-17.2,1.017,6,6,0,0,6
24.1,7,isocontour,11.283791670955125,42971.64,90.43,-20.8,0.1,0.99,0.3,-3.1,3.1,-20.5,-1.9,1.011,23,6,0,0,6
24.1,8,isocontour,11.283791670955125,44124.06,92.85,12.1,-16.3,1.015,0.2,1.3,1.3,10.4,-17.4,1.017,6,6,0,0,6
24.1,9,isocontour,11.283791670955125,43175.2,90.86,20.5,2.9,0.993,1.0,-4.3,4.4,17.0,10.5,1.035,4,6,0,0,6
24.1,10,isocontour,11.283791670955125,43952.77,92.49,16.7,-12.4,0.988,0.9,0.2,0.9,10.4,-17.4,1.017,6,6,0,0,6
24.1,11,isocontour,11.283791670955125,43689.69,91.94,-20.5,-3.7,0.986,-0.1,1.2,1.2,-20.5,-1.9,1.011,23,6,0,0,6
24.1,12,isocontour,11.283791670955125,43660.2,91.88,-19.6,-6.9,0.991,0.6,-2.5,2.6,-20.5,-1.9,1.011,23,5,0,0,5
24.1,13,isocontour,11.283791670955125,42447.69,89.33,20.3,-3.3,0.998,-1.7,2.4,2.9,20.4,3.3,0.997,9,3,0,0,3
24.1,14,isocontour,11.283791670955125,42458.11,89.35,14.8,-14.5,0.994,0.5,0.5,0.7,10.4,-17.4,1.017,6,6,0,0,6
24.1,15,isocontour,11.283791670955125,41893.86,88.16,14.8,14.8,0.982,0.8,-0.0,0.8,17.0,10.5,1.035,4,6,0,0,6
24.1,16,isocontour,11.283791670955125,47254.95,99.44,-22.9,22.8,0.529,-0.3,0.9,0.9,-22.9,22.8,0.534,16,0,0,0,0
24.1,17,isocontour,11.283791670955125,42959.83,90.4,18.2,9.8,0.998,-0.5,1.1,1.2,17.0,10.5,1.035,4,6,0,0,6
24.1,18,isocontour,11.283791670955125,47045.87,99.0,4.4,23.7,0.823,2.1,-2.3,3.1,9.8,18.3,0.993,5,1,0,0,1
24.1,19,isocontour,11.283791670955125,43399.54,91.33,-20.8,-0.6,0.987,-0.2,-1.3,1.3,-20.5,-1.9,1.011,23,6,0,0,6
24.1,20,isocontour,11.283791670955125,43430.84,91.39,13.1,-16.1,0.99,-1.2,1.4,1.8,10.4,-17.4,1.017,6,6,0,0,6
24.1,21,isocontour,11.283791670955125,42495.71,89.43,5.4,-20.1,0.988,1.0,1.0,1.4,10.4,-17.4,1.017,6,5,0,0,5
24.1,22,isocontour,11.283791670955125,45339.37,95.41,-20.6,-2.4,0.992,-0.5,1.2,1.3,-20.5,-1.9,1.011,23,6,0,0,6
24.1,23,isocontour,11.283791670955125,44819.09,94.32,-20.5,-1.7,1.001,-0.1,2.7,2.7,-20.5,-1.7,1.011,23,6,0,0,6
24.1,24,isocontour,11.283791670955125,43651.04,91.86,10.9,-17.7,0.988,-0.8,-1.4,1.6,10.4,-17.4,1.017,6,6,0,0,6
24.1,25,isocontour,11.283791670955125,43144.98,90.79,-20.2,4.9,0.987,0.4,-1.4,1.5,-20.5,-1.9,1.011,23,5,0,0,5
24.1,Target,,,,,0.0,0.0,4.023,0.0,0.0,,,,,,,,,
24.2,1,isocontour,11.283791670955125,43170.82,90.85,20.2,5.4,0.981,-1.9,0.7,2.0,17.0,10.5,1.035,4,7,0,0,7
24.2,2,isocontour,11.283791670955125,41889.57,88.15,17.1,11.7,0.989,0.6,0.5,0.8,17.0,10.5,1.035,4,7,0,0,7
24.2,3,isocontour,11.283791670955125,42928.05,90.34,17.4,11.2,0.993,-0.2,-1.7,1.7,17.0,10.5,1.035,4,7,0,0,7
24.2,4,isocontour,11.283791670955125,44364.77,93.36,17.0,10.4,1.038,-1.2,0.4,1.3,17.0,10.4,1.035,4,7,0,0,7
24.2,5,isocontour,11.283791670955125,42182.28,88.77,9.4,18.2,1.008,-3.4,-0.4,3.4,17.0,10.5,1.035,4,5,0,0,5
24.2,6,isocontour,11.283791670955125,43393.65,91.32,10.6,-17.1,1.028,0.7,1.5,1.7,10.6,-17.1,1.023,6,6,0,0,6
24.2,7,isocontour,11.283791670955125,42933.26,90.35,-20.7,-0.2,0.991,0.3,-3.1,3.1,-20.5,-1.9,1.011,23,6,0,0,6
24.2,8,isocontour,11.283791670955125,44116.28,92.84,12.2,-16.1,1.021,0.6,1.7,1.8,10.5,-17.2,1.023,6,6,0,0,6
24.2,9,isocontour,11.283791670955125,43154.7,90.81,20.6,2.6,0.989,1.1,-2.3,2.5,17.0,10.5,1.035,4,6,0,0,6
24.2,10,isocontour,11.283791670955125,43892.89,92.37,16.7,-12.1,0.995,0.7,3.5,3.6,10.5,-17.2,1.023,6,6,0,0,6
24.2,11,isocontour,11.283791670955125,43651.32,91.86,-20.5,-3.4,0.99,0.1,3.1,3.1,-20.5,-1.9,1.011,23,6,0,0,6
24.2,12,isocontour,11.283791670955125,43572.63,91.69,-19.6,-7.2,0.985,0.1,-4.1,4.1,-20.5,-1.9,1.011,23,5,0,0,5
24.2,13,isocontour,11.283791670955125,42446.9,89.32,20.3,-3.4,0.999,0.0,-0.8,0.8,17.0,10.5,1.035,4,3,0,0,3
24.2,14,isocontour,11.283791670955125,42451.3,89.33,14.8,-14.3,0.998,0.6,1.6,1.7,10.5,-17.2,1.023,6,6,0,0,6
24.2,15,isocontour,11.283791670955125,41877.21,88.13,14.9,14.6,0.987,0.8,-2.2,2.3,17.0,10.5,1.035,4,6,0,0,6
24.2,16,isocontour,11.283791670955125,47253.85,99.44,-23.0,22.8,0.526,-0.5,0.8,0.9,-23.0,22.8,0.534,16,0,0,0,0
24.2,17,isocontour,11.283791670955125,42949.53,90.38,18.3,9.9,0.989,1.3,1.5,2.0,17.0,10.5,1.035,4,6,0,0,6
24.2,18,isocontour,11.283791670955125,47040.66,98.99,4.5,23.5,0.83,0.6,-1.5,1.6,17.0,10.5,1.035,4,1,0,0,1
24.2,19,isocontour,11.283791670955125,43396.67,91.32,-20.8,-0.7,0.99,0.7,-1.1,1.3,-20.5,-1.9,1.011,23,6,0,0,6
24.2,20,isocontour,11.283791670955125,43394.63,91.32,12.9,-16.2,0.993,-2.5,-1.7,3.0,10.5,-17.2,1.023,6,6,0,0,6
24.2,21,isocontour,11.283791670955125,42457.34,89.35,5.7,-19.9,0.991,2.8,1.5,3.2,10.5,-17.2,1.023,6,5,0,0,5
24.2,22,isocontour,11.283791670955125,45335.87,95.4,-20.7,-2.2,0.989,-0.8,1.2,1.4,-20.5,-1.9,1.011,23,6,0,0,6
24.2,23,isocontour,11.283791670955125,44814.07,94.31,-20.4,-1.5,1.007,1.1,1.1,1.6,-20.4,-1.5,1.011,23,6,0,0,6
24.2,24,isocontour,11.283791670955125,43650.67,91.86,10.8,-17.7,0.989,-0.6,-0.0,0.6,10.5,-17.2,1.023,6,6,0,0,6
24.2,25,isocontour,11.283791670955125,43106.61,90.71,-20.2,4.6,0.991,-0.0,-3.1,3.1,-20.5,-1.9,1.011,23,5,0,0,5
24.2,Target,,,,,0.0,0.0,4.023,0.0,0.0,,,,,,,,,
24.3,1,isocontour,11.283791670955125,43169.54,90.84,20.1,5.4,0.987,-0.7,-0.7,1.0,17.0,10.4,1.038,4,7,0,0,7
24.3,2,isocontour,11.283791670955125,41874.36,88.12,17.1,11.9,0.988,-1.2,1.9,2.2,17.0,10.4,1.038,4,7,0,0,7
24.3,3,isocontour,11.283791670955125,42926.11,90.33,17.5,11.1,0.995,0.4,-1.0,1.1,17.0,10.4,1.038,4,7,0,0,7
24.3,4,isocontour,11.283791670955125,44363.89,93.36,16.9,10.5,1.039,-0.5,0.7,0.9,16.9,10.5,1.038,4,7,0,0,7
24.3,5,isocontour,11.283791670955125,42162.03,88.72,9.2,18.0,1.02,-2.1,-1.3,2.5,17.0,10.4,1.038,4,5,0,0,5
24.3,6,isocontour,11.283791670955125,43392.83,91.31,10.6,-17.0,1.029,0.7,0.5,0.9,10.6,-17.0,1.028,6,6,0,0,6
24.3,7,isocontour,11.283791670955125,42932.74,90.35,-20.7,-0.2,0.991,-0.2,0.7,0.7,-20.5,-1.9,1.011,23,6,0,0,6
24.3,8,isocontour,11.283791670955125,44112.24,92.83,12.2,-16.0,1.026,0.4,1.4,1.5,10.6,-17.1,1.028,6,6,0,0,6
24.3,9,isocontour,11.283791670955125,43055.83,90.61,20.6,2.2,0.993,-0.6,-4.2,4.2,17.0,10.4,1.038,4,6,0,0,6
24.3,10,isocontour,11.283791670955125,43875.61,92.33,16.9,-12.2,0.985,2.1,-1.1,2.4,17.0,10.5,1.035,4,6,0,0,6
24.3,11,isocontour,11.283791670955125,43612.94,91.78,-20.5,-3.1,0.992,-0.1,3.1,3.1,-20.5,-1.9,1.011,23,6,0,0,6
24.3,12,isocontour,11.283791670955125,43570.19,91.69,-19.6,-7.2,0.984,-0.2,1.2,1.2,-20.5,-1.9,1.011,23,5,0,0,5
24.3,13,isocontour,11.283791670955125,42446.56,89.32,20.3,-3.3,1.0,-0.0,0.6,0.6,17.0,10.5,1.035,4,3,0,0,3
24.3,14,isocontour,11.283791670955125,42342.42,89.1,15.2,-14.1,0.994,3.6,2.6,4.4,10.6,-17.1,1.028,6,6,0,0,6
24.3,15,isocontour,11.283791670955125,41868.37,88.11,15.0,14.4,0.987,1.3,-1.4,1.9,17.0,10.4,1.038,4,6,0,0,6
24.3,16,isocontour,11.283791670955125,47252.75,99.44,-23.0,22.9,0.524,-0.3,0.9,0.9,-23.0,22.9,0.534,16,0,0,0,0
24.3,17,isocontour,11.283791670955125,42937.11,90.36,18.4,9.8,0.986,1.3,-1.7,2.1,17.0,10.4,1.038,4,6,0,0,6
24.3,18,isocontour,11.283791670955125,47004.45,98.92,4.7,23.3,0.836,2.3,-2.0,3.0,17.0,10.5,1.035,4,1,0,0,1
24.3,19,isocontour,11.283791670955125,43395.67,91.32,-20.7,-0.7,0.994,0.8,0.4,0.9,-20.5,-1.9,1.011,23,6,0,0,6
24.3,20,isocontour,11.283791670955125,43334.25,91.19,13.1,-16.4,0.978,3.4,-1.4,3.7,10.6,-17.1,1.028,6,6,0,0,6
24.3,21,isocontour,11.283791670955125,42456.49,89.34,5.7,-20.0,0.989,-0.4,-0.7,0.8,10.6,-17.1,1.028,6,5,0,0,5
24.3,22,isocontour,11.283791670955125,45333.01,95.4,-20.7,-2.1,0.988,-0.2,1.3,1.3,-20.5,-1.9,1.011,23,6,0,0,6
24.3,23,isocontour,11.283791670955125,44764.0,94.2,-20.2,-1.8,1.016,1.8,-2.9,3.4,-20.2,-1.8,1.011,23,6,0,0,6
24.3,24,isocontour,11.283791670955125,43649.02,91.85,10.9,-17.7,0.991,0.6,0.9,1.1,10.6,-17.1,1.028,6,6,0,0,6
24.3,25,isocontour,11.283791670955125,43085.87,90.67,-20.2,4.8,0.989,-0.0,2.5,2.5,-20.5,-1.9,1.011,23,5,0,0,5
24.3,Target,,,,,0.0,0.0,4.023,0.0,0.0,,,,,,,,,
24.4,1,isocontour,11.283791670955125,43155.11,90.81,20.2,5.2,0.987,0.7,-2.1,2.2,16.9,10.5,1.039,4,7,0,0,7
24.4,2,isocontour,11.283791670955125,41850.55,88.07,17.1,11.7,0.99,1.2,-2.4,2.7,16.9,10.5,1.039,4,7,0,0,7
24.4,3,isocontour,11.283791670955125,42910.89,90.3,17.5,11.2,0.99,-0.2,2.3,2.3,16.9,10.5,1.039,4,7,0,0,7
24.4,4,isocontour,11.283791670955125,44354.34,93.34,16.9,10.3,1.042,0.3,-1.9,1.9,16.9,10.3,1.039,4,7,0,0,7
24.4,5,isocontour,11.283791670955125,42105.07,88.6,9.1,17.7,1.037,-0.1,-3.5,3.5,16.9,10.5,1.039,4,5,0,0,5
24.4,6,isocontour,11.283791670955125,43371.6,91.27,10.9,-17.0,1.026,2.5,0.7,2.6,17.0,10.5,1.035,4,6,0,0,6
24.4,7,isocontour,11.283791670955125,42911.26,90.3,-20.8,0.1,0.989,-0.4,2.5,2.5,-20.2,-1.8,1.016,23,6,0,0,6
24.4,8,isocontour,11.283791670955125,44106.32,92.82,12.3,-15.9,1.026,1.4,0.9,1.7,17.0,10.5,1.035,4,6,0,0,6
24.4,9,isocontour,11.283791670955125,43038.55,90.57,20.7,2.0,0.989,1.3,-2.0,2.4,16.9,10.5,1.039,4,6,0,0,6
24.4,10,isocontour,11.283791670955125,43746.4,92.06,17.2,-11.8,0.985,2.3,4.0,4.6,17.0,10.5,1.035,4,6,0,0,6
24.4,11,isocontour,11.283791670955125,43592.69,91.74,-20.5,-3.2,0.99,-0.1,-2.5,2.5,-20.2,-1.8,1.016,23,6,0,0,6
24.4,12,isocontour,11.283791670955125,43532.55,91.61,-19.6,-6.9,0.988,-0.3,3.1,3.1,-20.2,-1.8,1.016,23,5,0,0,5
24.4,13,isocontour,11.283791670955125,42420.54,89.27,20.3,-3.5,0.998,-0.1,-2.7,2.7,17.0,10.4,1.038,4,3,0,0,3
24.4,14,isocontour,11.283791670955125,42259.86,88.93,15.4,-13.8,0.996,2.3,3.3,4.0,17.0,10.5,1.035,4,6,0,0,6
24.4,15,isocontour,11.283791670955125,41851.73,88.07,15.0,14.2,0.994,0.2,-2.3,2.3,16.9,10.5,1.039,4,6,0,0,6
24.4,16,isocontour,11.283791670955125,47251.65,99.44,-23.0,22.9,0.525,-0.2,-0.9,0.9,-23.0,22.9,0.534,16,0,0,0,0
24.4,17,isocontour,11.283791670955125,42936.11,90.35,18.4,9.7,0.989,-0.4,-0.8,0.9,16.9,10.5,1.039,4,6,0,0,6
24.4,18,isocontour,11.283791670955125,46997.05,98.9,4.8,23.2,0.844,0.5,-1.7,1.8,17.0,10.4,1.038,4,1,0,0,1
24.4,19,isocontour,11.283791670955125,43395.24,91.32,-20.7,-0.6,0.995,0.0,0.7,0.7,-20.2,-1.8,1.016,23,6,0,0,6
24.4,20,isocontour,11.283791670955125,43333.62,91.19,13.1,-16.4,0.976,-0.7,-0.3,0.8,17.0,10.5,1.035,4,6,0,0,6
24.4,21,isocontour,11.283791670955125,42455.9,89.34,5.6,-20.0,0.991,-0.7,0.2,0.7,10.6,-17.0,1.029,6,5,0,0,5
24.4,22,isocontour,11.283791670955125,45298.54,95.33,-20.7,-1.9,0.991,0.4,3.0,3.0,-20.2,-1.8,1.016,23,6,0,0,6
24.4,23,isocontour,11.283791670955125,44744.69,94.16,-20.1,-1.6,1.023,1.1,2.2,2.5,-20.1,-1.6,1.016,23,6,0,0,6
24.4,24,isocontour,11.283791670955125,43631.07,91.82,10.7,-17.7,0.995,-2.3,-0.6,2.4,17.0,10.5,1.035,4,6,0,0,6
24.4,25,isocontour,11.283791670955125,43085.47,90.67,-20.2,4.9,0.987,-0.2,0.6,0.6,-20.2,-1.8,1.016,23,5,0,0,5
24.4,Target,,,,,0.0,0.0,4.023,0.0,0.0,,,,,,,,,
24.5,1,isocontour,11.283791670955125,43152.49,90.81,20.1,5.2,0.992,-1.3,-0.1,1.3,16.9,10.3,1.042,4,7,0,0,7
24.5,2,isocontour,11.283791670955125,41841.29,88.05,17.0,11.7,0.997,-1.9,0.2,1.9,16.9,10.3,1.042,4,7,0,0,7
24.5,3,isocontour,11.283791670955125,42902.86,90.28,17.5,11.4,0.984,0.0,1.8,1.8,16.9,10.3,1.042,4,7,0,0,7
24.5,4,isocontour,11.283791670955125,44345.36,93.32,17.0,10.2,1.042,1.1,-1.6,1.9,17.0,10.2,1.042,4,7,0,0,7
24.5,5,isocontour,11.283791670955125,42101.72,88.6,9.2,17.6,1.039,1.3,-0.5,1.4,16.9,10.3,1.042,4,5,0,0,5
24.5,6,isocontour,11.283791670955125,43364.8,91.26,11.0,-16.8,1.029,0.8,1.5,1.7,17.0,10.5,1.035,4,6,0,0,6
24.5,7,isocontour,11.283791670955125,42908.71,90.3,-20.8,-0.0,0.988,-0.1,-1.2,1.2,-20.1,-1.6,1.023,23,6,0,0,6
24.5,8,isocontour,11.283791670955125,44084.59,92.77,12.4,-16.1,1.016,-0.0,-2.6,2.6,17.0,10.5,1.035,4,6,0,0,6
24.5,9,isocontour,11.283791670955125,43022.73,90.54,20.6,1.8,0.993,-0.9,-2.1,2.3,16.9,10.3,1.042,4,6,0,0,6
24.5,10,isocontour,11.283791670955125,43743.79,92.05,17.1,-11.7,0.991,-0.7,1.0,1.2,17.0,10.4,1.038,4,6,0,0,6
24.5,11,isocontour,11.283791670955125,43503.84,91.55,-20.4,-3.6,0.991,0.9,-4.0,4.1,-20.1,-1.6,1.023,23,6,0,0,6
24.5,12,isocontour,11.283791670955125,43494.18,91.53,-19.7,-6.6,0.991,-0.5,3.1,3.1,-20.1,-1.6,1.023,23,5,0,0,5
24.5,13,isocontour,11.283791670955125,42394.81,89.21,20.3,-3.8,0.995,-0.0,-2.7,2.7,16.9,10.5,1.039,4,3,0,0,3
24.5,14,isocontour,11.283791670955125,42194.89,88.79,15.7,-13.6,0.99,3.3,1.6,3.7,17.0,10.5,1.035,4,5,0,0,5
24.5,15,isocontour,11.283791670955125,41851.12,88.07,15.0,14.2,0.998,-0.8,0.1,0.8,16.9,10.3,1.042,4,6,0,0,6
24.5,16,isocontour,11.283791670955125,47250.55,99.43,-23.1,22.9,0.523,-0.3,0.9,0.9,-23.1,22.9,0.534,16,0,0,0,0
24.5,17,isocontour,11.283791670955125,42933.24,90.35,18.3,9.7,0.993,-1.2,0.4,1.3,16.9,10.3,1.042,4,6,0,0,6
24.5,18,isocontour,11.283791670955125,46993.55,98.89,4.8,23.0,0.849,0.5,-1.3,1.4,16.9,10.5,1.039,4,1,0,0,1
24.5,19,isocontour,11.283791670955125,43373.51,91.27,-20.7,-0.4,0.993,-0.5,2.5,2.5,-20.1,-1.6,1.023,23,6,0,0,6
24.5,20,isocontour,11.283791670955125,43331.96,91.19,13.0,-16.4,0.981,-0.9,0.6,1.1,17.0,10.5,1.035,4,6,0,0,6
24.5,21,isocontour,11.283791670955125,42453.47,89.34,5.5,-19.9,0.994,-1.2,0.3,1.2,17.0,10.5,1.035,4,4,0,0,4
24.5,22,isocontour,11.283791670955125,45297.66,95.32,-20.6,-1.9,0.992,0.2,-0.8,0.8,-20.1,-1.6,1.023,23,6,0,0,6
24.5,23,isocontour,11.283791670955125,44741.2,94.15,-20.2,-1.6,1.018,-1.4,0.3,1.4,-20.2,-1.6,1.023,23,6,0,0,6
24.5,24,isocontour,11.283791670955125,43571.69,91.69,10.5,-18.0,0.986,-1.6,-3.2,3.6,17.0,10.5,1.035,4,6,0,0,6
24.5,25,isocontour,11.283791670955125,43047.46,90.59,-20.2,4.7,0.99,0.0,-3.1,3.1,-20.1,-1.6,1.023,23,5,0,0,5
24.5,Target,,,,,0.0,0.0,4.023,0.0,0.0,,,,,,,,,
24.6,1,isocontour,11.283791670955125,43150.39,90.8,20.2,5.1,0.988,1.2,-0.0,1.2,16.9,10.3,1.042,4,7,0,0,7
24.6,2,isocontour,11.283791670955125,41829.55,88.03,17.0,11.9,0.993,0.0,2.1,2.1,16.9,10.3,1.042,4,7,0,0,7
24.6,3,isocontour,11.283791670955125,42896.61,90.27,17.5,11.3,0.987,0.2,-1.7,1.7,16.9,10.3,1.042,4,7,0,0,7
24.6,4,isocontour,11.283791670955125,44321.82,93.27,17.1,10.4,1.034,0.4,2.6,2.6,17.1,10.4,1.042,4,7,0,0,7
24.6,5,isocontour,11.283791670955125,42064.8,88.52,9.5,17.5,1.039,2.7,-1.5,3.1,16.9,10.3,1.042,4,5,0,0,5
24.6,6,isocontour,11.283791670955125,43355.1,91.24,11.0,-16.6,1.036,0.6,1.9,2.0,17.0,10.4,1.038,4,6,0,0,6
24.6,7,isocontour,11.283791670955125,42908.23,90.3,-20.8,0.0,0.988,0.1,0.7,0.7,-20.1,-1.6,1.023,23,6,0,0,6
24.6,8,isocontour,11.283791670955125,44082.1,92.77,12.3,-16.2,1.016,-1.1,-0.6,1.3,17.0,10.4,1.038,4,6,0,0,6
24.6,9,isocontour,11.283791670955125,43002.72,90.49,20.7,1.5,0.992,0.7,-2.4,2.5,16.9,10.3,1.042,4,6,0,0,6
24.6,10,isocontour,11.283791670955125,43742.22,92.05,17.1,-11.8,0.989,-0.0,-1.1,1.1,16.9,10.5,1.039,4,6,0,0,6
24.6,11,isocontour,11.283791670955125,43416.27,91.36,-20.5,-4.0,0.983,-1.1,-4.0,4.1,-20.1,-1.6,1.023,23,6,0,0,6
24.6,12,isocontour,11.283791670955125,43475.33,91.49,-19.7,-6.8,0.988,0.0,-2.5,2.5,-20.1,-1.6,1.023,23,5,0,0,5
24.6,13,isocontour,11.283791670955125,42289.58,88.99,20.4,-4.2,0.988,0.6,-4.3,4.3,16.9,10.3,1.042,4,4,0,0,4
24.6,14,isocontour,11.283791670955125,42171.88,88.75,15.9,-13.4,0.988,1.7,2.0,2.6,16.9,10.5,1.039,4,6,0,0,6
24.6,15,isocontour,11.283791670955125,41824.81,88.02,14.8,14.4,0.998,-1.8,2.0,2.7,16.9,10.3,1.042,4,6,0,0,6
24.6,16,isocontour,11.283791670955125,47249.45,99.43,-23.0,22.9,0.525,0.8,-0.6,1.0,-23.0,22.9,0.534,16,0,0,0,0
24.6,17,isocontour,11.283791670955125,42930.98,90.34,18.3,9.8,0.99,0.3,1.2,1.2,16.9,10.3,1.042,4,6,0,0,6
24.6,18,isocontour,11.283791670955125,46991.06,98.89,4.9,22.9,0.854,0.7,-1.0,1.2,16.9,10.3,1.042,4,1,0,0,1
24.6,19,isocontour,11.283791670955125,43263.9,91.04,-20.8,0.0,0.989,-0.7,4.4,4.5,-20.1,-1.6,1.023,23,6,0,0,6
24.6,20,isocontour,11.283791670955125,43329.53,91.18,12.9,-16.4,0.985,-1.2,-0.2,1.2,17.0,10.4,1.038,4,6,0,0,6
24.6,21,isocontour,11.283791670955125,42430.97,89.29,5.3,-20.0,0.994,-2.5,-0.8,2.6,17.0,10.5,1.035,4,4,0,0,4
24.6,22,isocontour,11.283791670955125,45294.6,95.32,-20.7,-1.9,0.987,-1.2,-0.5,1.3,-20.1,-1.6,1.023,23,6,0,0,6
24.6,23,isocontour,11.283791670955125,44698.63,94.06,-20.2,-1.3,1.018,0.0,3.2,3.2,-20.2,-1.3,1.023,23,6,0,0,6
24.6,24,isocontour,11.283791670955125,43571.5,91.69,10.5,-18.1,0.982,0.3,-0.4,0.5,17.0,10.4,1.038,4,6,0,0,6
24.6,25,isocontour,11.283791670955125,43027.92,90.55,-20.3,4.8,0.986,-0.4,2.5,2.5,-20.1,-1.6,1.023,23,6,0,0,6
24.6,Target,,,,,0.0,0.0,4.023,0.0,0.0,,,,,,,,,
24.7,1,isocontour,11.283791670955125,43138.82,90.78,20.2,5.3,0.981,0.9,1.9,2.1,16.9,10.3,1.042,4,7,0,0,7
24.7,2,isocontour,11.283791670955125,41797.75,87.96,16.9,12.2,0.985,-0.2,2.9,2.9,16.9,10.3,1.042,4,7,0,0,7
24.7,3,isocontour,11.283791670955125,42875.63,90.23,17.3,11.3,0.996,-2.5,0.4,2.5,16.9,10.3,1.042,4,7,0,0,7
24.7,4,isocontour,11.283791670955125,44290.02,93.2,17.0,10.6,1.03,-1.1,2.7,2.9,17.0,10.6,1.042,4,7,0,0,7
24.7,5,isocontour,11.283791670955125,42045.26,88.48,9.7,17.4,1.036,2.4,-0.6,2.5,16.9,10.3,1.042,4,5,0,0,5
24.7,6,isocontour,11.283791670955125,43325.52,91.17,11.2,-16.4,1.039,2.2,1.8,2.8,16.9,10.5,1.039,4,6,0,0,6
24.7,7,isocontour,11.283791670955125,42903.76,90.29,-20.7,0.1,0.994,1.3,0.8,1.5,-20.1,-1.6,1.023,23,6,0,0,6
24.7,8,isocontour,11.283791670955125,44058.55,92.72,12.0,-16.2,1.025,-2.6,0.3,2.6,16.9,10.5,1.039,4,6,0,0,6
24.7,9,isocontour,11.283791670955125,42893.1,90.26,20.8,1.1,0.987,1.2,-4.3,4.5,16.9,10.3,1.042,4,6,0,0,6
24.7,10,isocontour,11.283791670955125,43741.48,92.05,17.1,-11.8,0.986,0.0,-0.8,0.8,16.9,10.3,1.042,4,6,0,0,6
24.7,11,isocontour,11.283791670955125,43415.84,91.36,-20.5,-4.1,0.979,-0.3,-0.6,0.7,-20.1,-1.6,1.023,23,6,0,0,6
24.7,12,isocontour,11.283791670955125,43473.85,91.49,-19.6,-6.8,0.992,1.0,0.4,1.1,-20.1,-1.6,1.023,23,5,0,0,5
24.7,13,isocontour,11.283791670955125,42287.92,88.99,20.3,-4.2,0.99,-0.5,1.0,1.1,16.9,10.3,1.042,4,4,0,0,4
24.7,14,isocontour,11.283791670955125,42148.6,88.7,15.8,-13.5,0.991,-2.1,-1.6,2.6,16.9,10.3,1.042,4,6,0,0,6
24.7,15,isocontour,11.283791670955125,41798.8,87.96,14.6,14.6,0.997,-1.8,2.1,2.8,16.9,10.3,1.042,4,6,0,0,6
24.7,16,isocontour,11.283791670955125,47248.35,99.43,-22.9,22.9,0.526,0.8,0.4,0.9,-22.9,22.9,0.534,16,0,0,0,0
24.7,17,isocontour,11.283791670955125,42902.02,90.28,18.5,9.8,0.981,2.7,-0.9,2.8,16.9,10.3,1.042,4,6,0,0,6
24.7,18,isocontour,11.283791670955125,46980.45,98.86,5.0,22.7,0.861,0.5,-2.0,2.1,16.9,10.3,1.042,4,1,0,0,1
24.7,19,isocontour,11.283791670955125,43261.34,91.04,-20.7,0.0,0.992,0.7,-1.1,1.3,-20.1,-1.6,1.023,23,6,0,0,6
24.7,20,isocontour,11.283791670955125,43326.91,91.18,12.8,-16.3,0.991,-1.1,0.7,1.3,16.9,10.5,1.039,4,6,0,0,6
24.7,21,isocontour,11.283791670955125,42430.36,89.29,5.2,-20.1,0.992,-0.6,-0.5,0.8,17.0,10.4,1.038,4,4,0,0,4
24.7,22,isocontour,11.283791670955125,45251.63,95.23,-20.7,-2.2,0.989,1.1,-3.0,3.2,-20.1,-1.6,1.023,23,6,0,0,6
24.7,23,isocontour,11.283791670955125,44688.93,94.04,-20.4,-1.2,1.01,-1.7,0.9,1.9,-20.4,-1.2,1.023,23,6,0,0,6
24.7,24,isocontour,11.283791670955125,43568.64,91.68,10.6,-18.0,0.984,0.8,1.0,1.3,16.9,10.5,1.039,4,6,0,0,6
24.7,25,isocontour,11.283791670955125,43027.38,90.55,-20.2,4.9,0.988,0.6,0.5,0.8,-20.1,-1.6,1.023,23,5,0,0,5
24.7,Target,,,,,0.0,0.0,4.023,0.0,0.0,,,,,,,,,
24.8,1,isocontour,11.283791670955125,43134.17,90.77,20.1,5.4,0.985,-1.3,0.8,1.5,16.9,10.3,1.042,4,7,0,0,7
24.8,2,isocontour,11.283791670955125,41739.34,87.84,16.7,12.4,0.987,-2.7,2.3,3.5,16.9,10.3,1.042,4,6,0,0,6
24.8,3,isocontour,11.283791670955125,42851.28,90.18,17.3,11.1,1.001,0.9,-2.5,2.7,16.9,10.3,1.042,4,7,0,0,7
24.8,4,isocontour,11.283791670955125,44288.13,93.2,16.9,10.8,1.03,-0.7,0.9,1.1,16.9,10.8,1.042,4,7,0,0,7
24.8,5,isocontour,11.283791670955125,42041.76,88.47,9.8,17.3,1.039,0.6,-1.2,1.3,16.9,10.3,1.042,4,5,0,0,5
24.8,6,isocontour,11.283791670955125,43296.25,91.11,11.5,-16.3,1.037,2.5,1.3,2.8,16.9,10.3,1.042,4,6,0,0,6
24.8,7,isocontour,11.283791670955125,42883.51,90.24,-20.7,0.3,0.996,0.1,2.5,2.5,-20.1,-1.6,1.023,23,6,0,0,6
24.8,8,isocontour,11.283791670955125,44028.35,92.65,11.7,-16.2,1.034,-2.9,-0.1,2.9,16.9,10.3,1.042,4,6,0,0,6
24.8,9,isocontour,11.283791670955125,42890.1,90.26,20.8,1.2,0.985,0.0,1.3,1.3,16.9,10.3,1.042,4,5,0,0,5
24.8,10,isocontour,11.283791670955125,43724.41,92.01,16.9,-11.8,0.996,-2.3,0.4,2.3,16.9,10.3,1.042,4,6,0,0,6
24.8,11,isocontour,11.283791670955125,43377.47,91.28,-20.5,-3.9,0.983,0.1,3.1,3.1,-20.1,-1.6,1.023,23,6,0,0,6
24.8,12,isocontour,11.283791670955125,43454.07,91.44,-19.6,-7.0,0.989,0.0,-2.5,2.5,-20.1,-1.6,1.023,23,5,0,0,5
24.8,13,isocontour,11.283791670955125,42258.04,88.93,20.4,-4.0,0.989,0.9,2.7,2.8,16.9,10.3,1.042,4,4,0,0,4
24.8,14,isocontour,11.283791670955125,42131.53,88.66,15.9,-13.4,0.987,2.1,1.0,2.3,16.9,10.3,1.042,4,6,0,0,6
24.8,15,isocontour,11.283791670955125,41679.26,87.71,14.3,14.9,0.995,-3.0,3.4,4.5,16.9,10.3,1.042,4,6,0,0,6
24.8,16,isocontour,11.283791670955125,47247.25,99.43,-23.0,22.9,0.526,-0.6,-0.8,1.0,-23.0,22.9,0.534,16,0,0,0,0
24.8,17,isocontour,11.283791670955125,42901.58,90.28,18.6,9.7,0.979,0.3,-0.6,0.7,16.9,10.3,1.042,4,6,0,0,6
24.8,18,isocontour,11.283791670955125,46976.32,98.86,5.0,22.6,0.868,0.5,-1.4,1.5,16.9,10.3,1.042,4,1,0,0,1
24.8,19,isocontour,11.283791670955125,43257.38,91.03,-20.8,-0.1,0.988,-1.0,-1.1,1.5,-20.1,-1.6,1.023,23,6,0,0,6
24.8,20,isocontour,11.283791670955125,43299.16,91.12,13.0,-16.3,0.986,2.7,0.6,2.8,16.9,10.3,1.042,4,6,0,0,6
24.8,21,isocontour,11.283791670955125,42406.82,89.24,5.0,-20.2,0.987,-2.2,-1.5,2.7,11.2,-16.4,1.039,6,4,0,0,4
24.8,22,isocontour,11.283791670955125,45246.33,95.22,-20.5,-2.2,0.997,1.4,0.8,1.6,-20.1,-1.6,1.023,23,6,0,0,6
24.8,23,isocontour,11.283791670955125,44657.46,93.98,-20.4,-0.9,1.008,-0.3,2.9,2.9,-20.4,-0.9,1.023,23,6,0,0,6
24.8,24,isocontour,11.283791670955125,43547.65,91.64,10.8,-17.8,0.985,2.0,1.5,2.5,16.9,10.3,1.042,4,6,0,0,6
24.8,25,isocontour,11.283791670955125,42990.1,90.47,-20.2,4.6,0.992,0.1,-3.1,3.1,-20.1,-1.6,1.023,23,5,0,0,5
24.8,Target,,,,,0.0,0.0,4.023,0.0,0.0,,,,,,,,,
24.9,1,isocontour,11.283791670955125,43119.74,90.74,20.1,5.6,0.984,-0.3,2.2,2.2,16.9,10.3,1.042,4,7,0,0,7
24.9,2,isocontour,11.283791670955125,41715.0,87.78,16.6,12.2,0.999,-1.1,-2.5,2.7,16.9,10.3,1.042,4,6,0,0,6
24.9,3,isocontour,11.283791670955125,42814.0,90.1,17.6,11.1,0.988,3.1,0.3,3.1,16.9,10.3,1.042,4,7,0,0,7
24.9,4,isocontour,11.283791670955125,44287.39,93.2,16.9,10.8,1.027,0.4,0.7,0.8,16.9,10.8,1.042,4,7,0,0,7
24.9,5,isocontour,11.283791670955125,42040.28,88.47,9.9,17.2,1.041,0.8,-0.7,1.1,16.9,10.3,1.042,4,5,0,0,5
24.9,6,isocontour,11.283791670955125,43295.59,91.11,11.4,-16.3,1.037,-0.7,-0.4,0.8,16.9,10.3,1.042,4,6,0,0,6
24.9,7,isocontour,11.283791670955125,42867.49,90.21,-20.8,0.5,0.988,-1.7,1.6,2.3,-20.1,-1.6,1.023,23,6,0,0,6
24.9,8,isocontour,11.283791670955125,43943.93,92.47,12.0,-16.0,1.031,3.8,1.5,4.1,16.9,10.3,1.042,4,6,0,0,6
24.9,9,isocontour,11.283791670955125,42887.36,90.25,20.8,1.3,0.988,-0.7,1.1,1.3,16.9,10.3,1.042,4,5,0,0,5
24.9,10,isocontour,11.283791670955125,43722.71,92.01,16.9,-11.7,1.002,-0.3,1.0,1.0,16.9,10.3,1.042,4,6,0,0,6
24.9,11,isocontour,11.283791670955125,43374.85,91.28,-20.5,-3.7,0.984,-0.1,1.3,1.3,-20.1,-1.6,1.023,23,6,0,0,6
24.9,12,isocontour,11.283791670955125,43451.87,91.44,-19.5,-6.9,0.993,0.6,1.0,1.2,-20.1,-1.6,1.023,23,5,0,0,5
24.9,13,isocontour,11.283791670955125,42139.28,88.68,20.3,-4.3,0.989,-0.9,-4.4,4.5,16.9,10.3,1.042,4,4,0,0,4
24.9,14,isocontour,11.283791670955125,42048.96,88.49,16.1,-13.1,0.989,2.1,3.4,4.0,16.9,10.3,1.042,4,6,0,0,6
24.9,15,isocontour,11.283791670955125,41652.67,87.65,14.2,15.2,0.991,-1.4,2.3,2.7,16.9,10.3,1.042,4,6,0,0,6
24.9,16,isocontour,11.283791670955125,47246.15,99.42,-23.1,22.9,0.525,-0.9,0.3,0.9,-23.1,22.9,0.534,16,0,0,0,0
24.9,17,isocontour,11.283791670955125,42881.8,90.24,18.5,9.9,0.979,-1.2,2.2,2.5,16.9,10.3,1.042,4,6,0,0,6
24.9,18,isocontour,11.283791670955125,46961.5,98.82,5.1,22.4,0.876,0.7,-2.1,2.2,16.9,10.3,1.042,4,1,0,0,1
24.9,19,isocontour,11.283791670955125,43257.12,91.03,-20.8,-0.1,0.987,-0.1,0.6,0.6,-20.1,-1.6,1.023,23,6,0,0,6
24.9,20,isocontour,11.283791670955125,43280.54,91.08,13.3,-16.3,0.978,2.4,-0.1,2.4,16.9,10.3,1.042,4,6,0,0,6
24.9,21,isocontour,11.283791670955125,42405.92,89.24,4.9,-20.2,0.989,-0.8,0.3,0.9,16.9,10.3,1.042,4,4,0,0,4
24.9,22,isocontour,11.283791670955125,45224.34,95.17,-20.5,-2.4,0.998,0.1,-2.6,2.6,-20.1,-1.6,1.023,23,6,0,0,6
24.9,23,isocontour,11.283791670955125,44651.75,93.96,-20.3,-0.9,1.015,1.5,-0.6,1.6,-20.3,-0.9,1.023,23,6,0,0,6
24.9,24,isocontour,11.283791670955125,43514.87,91.57,10.9,-17.6,0.993,1.4,2.6,3.0,16.9,10.3,1.042,4,6,0,0,6
24.9,25,isocontour,11.283791670955125,42989.69,90.47,-20.2,4.7,0.991,-0.0,0.7,0.7,-20.1,-1.6,1.023,23,5,0,0,5
24.9,Target,,,,,0.0,0.0,4.023,0.0,0.0,,,,,,,,,
25.0,1,isocontour,11.283791670955125,43088.91,90.68,19.9,5.8,0.991,-2.1,2.0,2.9,16.9,10.3,1.042,4,7,0,0,7
25.0,2,isocontour,11.283791670955125,41708.42,87.77,16.7,12.1,0.997,1.6,-0.8,1.8,16.9,10.3,1.042,4,6,0,0,6
25.0,3,isocontour,11.283791670955125,42807.54,90.08,17.7,11.2,0.979,0.9,1.5,1.7,16.9,10.3,1.042,4,7,0,0,7
25.0,4,isocontour,11.283791670955125,44258.43,93.14,16.9,11.1,1.021,-0.5,2.8,2.8,16.9,11.1,1.042,4,7,0,0,7
25.0,5,isocontour,11.283791670955125,42036.15,88.46,10.0,17.1,1.045,0.6,-1.3,1.4,16.9,10.3,1.042,4,5,0,0,5
25.0,6,isocontour,11.283791670955125,43281.35,91.08,11.6,-16.3,1.034,2.1,0.7,2.2,16.9,10.3,1.042,4,6,0,0,6
25.0,7,isocontour,11.283791670955125,42867.06,90.21,-20.8,0.6,0.987,0.1,0.7,0.7,-20.1,-1.6,1.023,23,6,0,0,6
25.0,8,isocontour,11.283791670955125,43918.2,92.42,12.2,-15.8,1.035,1.4,2.3,2.7,16.9,10.3,1.042,4,6,0,0,6
25.0,9,isocontour,11.283791670955125,42882.62,90.24,20.6,1.3,0.996,-1.5,-0.0,1.5,16.9,10.3,1.042,4,5,0,0,5
25.0,10,isocontour,11.283791670955125,43631.26,91.82,17.0,-11.4,1.004,2.2,3.6,4.2,16.9,10.3,1.042,4,6,0,0,6
25.0,11,isocontour,11.283791670955125,43372.18,91.27,-20.5,-3.6,0.986,0.3,1.2,1.2,-20.1,-1.6,1.023,23,6,0,0,6
25.0,12,isocontour,11.283791670955125,43451.46,91.44,-19.5,-7.0,0.993,0.1,-0.7,0.7,-20.1,-1.6,1.023,23,5,0,0,5
25.0,13,isocontour,11.283791670955125,42114.11,88.62,20.2,-4.6,0.99,-0.9,-2.6,2.8,16.9,10.3,1.042,4,4,0,0,4
25.0,14,isocontour,11.283791670955125,42018.45,88.42,15.9,-13.1,0.999,-2.8,-0.4,2.8,16.9,10.3,1.042,4,6,0,0,6
25.0,15,isocontour,11.283791670955125,41534.7,87.4,13.9,15.5,0.985,-2.3,3.9,4.5,16.9,10.3,1.042,4,6,0,0,6
25.0,16,isocontour,11.283791670955125,47245.05,99.42,-23.1,22.9,0.522,-0.8,0.5,0.9,-23.1,22.9,0.534,16,0,0,0,0
25.0,17,isocontour,11.283791670955125,42866.98,90.21,18.3,10.0,0.987,-2.2,0.6,2.3,16.9,10.3,1.042,4,6,0,0,6
25.0,18,isocontour,11.283791670955125,46958.89,98.82,5.2,22.3,0.881,0.7,-1.0,1.2,16.9,10.3,1.042,4,1,0,0,1
25.0,19,isocontour,11.283791670955125,43220.55,90.95,-20.8,-0.3,0.989,0.6,-3.0,3.1,-20.1,-1.6,1.023,23,6,0,0,6
25.0,20,isocontour,11.283791670955125,43252.18,91.02,13.4,-16.1,0.98,1.5,2.4,2.8,16.9,10.3,1.042,4,6,0,0,6
25.0,21,isocontour,11.283791670955125,42402.03,89.23,5.0,-20.1,0.993,0.9,1.1,1.4,16.9,10.3,1.042,4,4,0,0,4
25.0,22,isocontour,11.283791670955125,45121.26,94.95,-20.6,-2.8,0.991,-0.8,-4.3,4.4,-20.1,-1.6,1.023,23,6,0,0,6
25.0,23,isocontour,11.283791670955125,44643.45,93.95,-20.1,-1.0,1.025,1.8,-0.5,1.9,-20.1,-1.0,1.023,23,6,0,0,6
25.0,24,isocontour,11.283791670955125,43514.37,91.57,10.9,-17.6,0.993,-0.5,-0.5,0.7,16.9,10.3,1.042,4,6,0,0,6
25.0,25,isocontour,11.283791670955125,42923.67,90.33,-20.3,5.0,0.984,-0.7,3.7,3.8,-20.1,-1.6,1.023,23,5,0,0,5
25.0,Target,,,,,0.0,0.0,4.023,0.0,0.0,,,,,,,,,
25.1,1,isocontour,11.283791670955125,43084.26,90.67,20.0,5.8,0.985,1.5,0.1,1.5,16.9,10.3,1.042,4,6,0,0,6
25.1,2,isocontour,11.283791670955125,41670.04,87.69,16.6,12.4,0.994,-1.5,2.7,3.1,10.0,17.1,1.045,5,6,0,0,6
25.1,3,isocontour,11.283791670955125,42783.73,90.03,17.7,11.0,0.984,-0.0,-2.7,2.7,10.0,17.1,1.045,5,7,0,0,7
25.1,4,isocontour,11.283791670955125,44257.61,93.13,16.9,11.1,1.019,0.6,-0.6,0.8,10.0,17.1,1.045,5,7,0,0,7
25.1,5,isocontour,11.283791670955125,42034.05,88.46,10.1,17.1,1.044,1.2,-0.2,1.2,10.1,17.1,1.045,5,6,0,0,6
25.1,6,isocontour,11.283791670955125,43278.92,91.08,11.7,-16.2,1.035,0.8,1.0,1.3,16.9,10.3,1.042,4,6,0,0,6
25.1,7,isocontour,11.283791670955125,42864.57,90.2,-20.8,0.5,0.989,0.4,-1.2,1.3,-20.1,-1.0,1.025,23,6,0,0,6
25.1,8,isocontour,11.283791670955125,43899.59,92.38,12.4,-15.7,1.032,2.3,0.9,2.5,16.9,10.3,1.042,4,6,0,0,6
25.1,9,isocontour,11.283791670955125,42882.22,90.24,20.6,1.3,0.997,0.1,-0.7,0.7,16.9,10.3,1.042,4,5,0,0,5
25.1,10,isocontour,11.283791670955125,43598.81,91.75,17.2,-11.2,1.003,1.7,2.4,2.9,16.9,10.3,1.042,4,6,0,0,6
25.1,11,isocontour,11.283791670955125,43334.17,91.19,-20.4,-3.3,0.994,1.0,2.9,3.1,-20.1,-1.0,1.025,23,6,0,0,6
25.1,12,isocontour,11.283791670955125,43343.32,91.21,-19.4,-7.4,0.989,0.8,-4.3,4.4,-20.1,-1.0,1.025,23,5,0,0,5
25.1,13,isocontour,11.283791670955125,42099.29,88.59,20.4,-4.5,0.982,2.1,0.8,2.2,16.9,10.3,1.042,4,4,0,0,4
25.1,14,isocontour,11.283791670955125,42004.96,88.39,16.1,-13.0,0.994,2.1,0.6,2.2,16.9,10.3,1.042,4,6,0,0,6
25.1,15,isocontour,11.283791670955125,41534.22,87.4,13.9,15.5,0.984,0.4,-0.6,0.7,10.0,17.1,1.045,5,6,0,0,6
25.1,16,isocontour,11.283791670955125,47243.95,99.42,-23.1,23.0,0.522,0.9,0.3,0.9,-23.1,23.0,0.534,16,0,0,0,0
25.1,17,isocontour,11.283791670955125,42850.34,90.17,18.3,9.8,0.991,0.5,-2.3,2.4,10.0,17.1,1.045,5,7,0,0,7
25.1,18,isocontour,11.283791670955125,46922.33,98.74,5.4,22.1,0.886,2.6,-1.7,3.1,10.0,17.1,1.045,5,2,0,0,2
25.1,19,isocontour,11.283791670955125,43184.35,90.88,-20.7,-0.6,0.992,0.5,-3.0,3.0,-20.1,-1.0,1.025,23,6,0,0,6
25.1,20,isocontour,11.283791670955125,43243.48,91.0,13.6,-15.9,0.981,1.4,1.2,1.8,16.9,10.3,1.042,4,6,0,0,6
25.1,21,isocontour,11.283791670955125,42379.54,89.18,4.8,-20.1,0.994,-2.5,-0.6,2.6,16.9,10.3,1.042,4,4,0,0,4
25.1,22,isocontour,11.283791670955125,45117.05,94.94,-20.6,-2.7,0.987,-0.9,1.2,1.5,-20.1,-1.0,1.025,23,6,0,0,6
25.1,23,isocontour,11.283791670955125,44617.43,93.89,-20.1,-1.2,1.025,-0.2,-2.7,2.7,-20.1,-1.2,1.025,23,6,0,0,6
25.1,24,isocontour,11.283791670955125,43483.86,91.51,10.7,-17.8,0.99,-2.1,-1.9,2.8,16.9,10.3,1.042,4,6,0,0,6
25.1,25,isocontour,11.283791670955125,42921.23,90.32,-20.3,4.9,0.985,0.2,-1.2,1.2,-20.1,-1.0,1.025,23,5,0,0,5
25.1,Target,,,,,0.0,0.0,4.023,0.0,0.0,,,,,,,,,
25.2,1,isocontour,11.283791670955125,43083.36,90.66,20.0,5.9,0.986,-0.7,0.5,0.9,10.0,17.1,1.045,5,6,0,0,6
25.2,2,isocontour,11.283791670955125,41579.24,87.5,16.5,12.7,0.985,-0.8,4.1,4.2,10.0,17.1,1.045,5,6,0,0,6
25.2,3,isocontour,11.283791670955125,42769.49,90.0,17.7,10.8,0.993,-0.6,-2.1,2.2,10.0,17.1,1.045,5,7,0,0,7
25.2,4,isocontour,11.283791670955125,44243.75,93.11,16.9,10.9,1.026,-0.2,-2.2,2.2,10.0,17.1,1.045,5,7,0,0,7
25.2,5,isocontour,11.283791670955125,42015.44,88.42,10.3,17.0,1.041,2.3,-0.8,2.4,10.3,17.0,1.045,5,6,0,0,6
25.2,6,isocontour,11.283791670955125,43277.52,91.07,11.8,-16.1,1.037,0.6,0.8,1.0,16.9,10.3,1.042,4,6,0,0,6
25.2,7,isocontour,11.283791670955125,42826.93,90.12,-20.7,0.2,0.991,0.4,-3.1,3.1,-20.1,-1.0,1.025,23,6,0,0,6
25.2,8,isocontour,11.283791670955125,43877.86,92.34,12.5,-15.5,1.039,0.8,2.4,2.5,16.9,10.3,1.042,4,6,0,0,6
25.2,9,isocontour,11.283791670955125,42858.94,90.19,20.7,1.1,0.992,1.2,-2.3,2.6,10.0,17.1,1.045,5,5,0,0,5
25.2,10,isocontour,11.283791670955125,43502.67,91.55,17.4,-10.8,1.006,1.7,3.9,4.3,16.9,10.3,1.042,4,6,0,0,6
25.2,11,isocontour,11.283791670955125,43312.69,91.15,-20.4,-3.5,0.995,0.4,-2.5,2.5,-20.1,-1.0,1.025,23,6,0,0,6
25.2,12,isocontour,11.283791670955125,43342.84,91.21,-19.4,-7.5,0.99,0.5,-0.5,0.7,-20.1,-1.0,1.025,23,5,0,0,5
25.2,13,isocontour,11.283791670955125,42099.01,88.59,20.5,-4.5,0.978,0.5,0.2,0.5,16.9,10.3,1.042,4,4,0,0,4
25.2,14,isocontour,11.283791670955125,41997.05,88.38,16.2,-13.2,0.985,0.9,-1.6,1.8,16.9,10.3,1.042,4,6,0,0,6
25.2,15,isocontour,11.283791670955125,41522.14,87.38,14.0,15.3,0.991,0.2,-2.1,2.1,10.0,17.1,1.045,5,6,0,0,6
25.2,16,isocontour,11.283791670955125,47242.85,99.42,-23.1,23.0,0.521,-0.1,0.9,0.9,-23.1,23.0,0.534,16,0,0,0,0
25.2,17,isocontour,11.283791670955125,42848.13,90.17,18.3,9.8,0.99,-0.1,1.2,1.2,10.0,17.1,1.045,5,7,0,0,7
25.2,18,isocontour,11.283791670955125,46890.85,98.68,5.6,22.0,0.89,2.6,-1.3,2.9,10.0,17.1,1.045,5,2,0,0,2
25.2,19,isocontour,11.283791670955125,43183.76,90.87,-20.7,-0.6,0.992,0.0,0.8,0.8,-20.1,-1.0,1.025,23,6,0,0,6
25.2,20,isocontour,11.283791670955125,43239.76,90.99,13.6,-15.8,0.985,0.3,1.4,1.4,16.9,10.3,1.042,4,6,0,0,6
25.2,21,isocontour,11.283791670955125,42379.06,89.18,4.7,-20.2,0.993,-0.6,-0.3,0.7,16.9,10.3,1.042,4,4,0,0,4
25.2,22,isocontour,11.283791670955125,45116.37,94.94,-20.6,-2.7,0.989,0.6,0.6,0.8,-20.1,-1.0,1.025,23,6,0,0,6
25.2,23,isocontour,11.283791670955125,44597.42,93.85,-20.2,-1.4,1.021,-0.6,-2.4,2.5,-20.1,-1.0,1.025,23,6,0,0,6
25.2,24,isocontour,11.283791670955125,43374.24,91.28,10.4,-18.1,0.983,-2.8,-3.4,4.4,16.9,10.3,1.042,4,6,0,0,6
25.2,25,isocontour,11.283791670955125,42882.86,90.24,-20.3,4.6,0.989,-0.0,-3.1,3.1,-20.1,-1.0,1.025,23,5,0,0,5
25.2,Target,,,,,0.0,0.0,4.023,0.0,0.0,,,,,,,,,
25.3,1,isocontour,11.283791670955125,43053.47,90.6,19.9,6.1,0.987,-1.0,2.7,2.9,10.0,17.1,1.045,5,7,0,0,7
25.3,2,isocontour,11.283791670955125,41578.7,87.5,16.4,12.8,0.987,-0.5,-0.5,0.7,10.0,17.1,1.045,5,6,0,0,6
25.3,3,isocontour,11.283791670955125,42742.61,89.95,17.7,11.0,0.985,0.7,2.7,2.8,10.0,17.1,1.045,5,7,0,0,7
25.3,4,isocontour,11.283791670955125,44242.05,93.1,17.0,10.8,1.024,0.9,-0.6,1.1,10.0,17.1,1.045,5,7,0,0,7
25.3,5,isocontour,11.283791670955125,42014.62,88.41,10.4,16.9,1.041,0.7,-0.5,0.9,10.4,16.9,1.045,5,6,0,0,6
25.3,6,isocontour,11.283791670955125,43257.27,91.03,11.8,-15.9,1.046,0.5,2.5,2.5,16.9,10.3,1.042,4,6,0,0,6
25.3,7,isocontour,11.283791670955125,42826.5,90.12,-20.7,0.2,0.991,-0.1,0.7,0.7,-20.1,-1.0,1.025,23,6,0,0,6
25.3,8,isocontour,11.283791670955125,43858.32,92.29,12.3,-15.4,1.05,-2.3,0.8,2.4,16.9,10.3,1.042,4,6,0,0,6
25.3,9,isocontour,11.283791670955125,42835.66,90.14,20.8,0.8,0.985,1.3,-2.3,2.6,10.0,17.1,1.045,5,5,0,0,5
25.3,10,isocontour,11.283791670955125,43479.4,91.5,17.5,-10.5,1.009,1.0,2.4,2.6,16.9,10.3,1.042,4,6,0,0,6
25.3,11,isocontour,11.283791670955125,43291.21,91.1,-20.4,-3.8,0.993,0.1,-2.6,2.6,-20.1,-1.0,1.025,23,6,0,0,6
25.3,12,isocontour,11.283791670955125,43304.46,91.13,-19.4,-7.2,0.993,-0.5,3.1,3.1,-20.1,-1.0,1.025,23,5,0,0,5
25.3,13,isocontour,11.283791670955125,42086.42,88.57,20.3,-4.5,0.987,-2.0,0.6,2.1,10.0,17.1,1.045,5,4,0,0,4
25.3,14,isocontour,11.283791670955125,41913.87,88.2,16.4,-12.9,0.986,2.1,3.4,4.0,16.9,10.3,1.042,4,6,0,0,6
25.3,15,isocontour,11.283791670955125,41508.83,87.35,13.9,15.5,0.987,-0.7,2.1,2.2,10.0,17.1,1.045,5,7,0,0,7
25.3,16,isocontour,11.283791670955125,47241.75,99.41,-23.1,23.0,0.519,-0.9,-0.2,0.9,-23.1,23.0,0.534,16,0,0,0,0
25.3,17,isocontour,11.283791670955125,42847.52,90.17,18.3,9.8,0.992,-0.4,-0.6,0.7,10.0,17.1,1.045,5,7,0,0,7
25.3,18,isocontour,11.283791670955125,46886.3,98.67,5.7,21.8,0.895,0.7,-1.3,1.5,10.0,17.1,1.045,5,2,0,0,2
25.3,19,isocontour,11.283791670955125,43075.62,90.65,-20.8,-0.2,0.988,-1.0,4.3,4.4,-20.1,-1.0,1.025,23,6,0,0,6
25.3,20,isocontour,11.283791670955125,43235.63,90.98,13.5,-15.7,0.991,-1.4,0.3,1.4,16.9,10.3,1.042,4,6,0,0,6
25.3,21,isocontour,11.283791670955125,42359.28,89.14,4.4,-20.2,0.994,-2.5,-0.5,2.5,16.9,10.3,1.042,4,4,0,0,4
25.3,22,isocontour,11.283791670955125,45101.94,94.91,-20.4,-2.7,0.999,2.1,-0.7,2.2,-20.1,-1.0,1.025,23,6,0,0,6
25.3,23,isocontour,11.283791670955125,44595.72,93.85,-20.3,-1.5,1.015,-1.0,-0.5,1.1,-20.1,-1.0,1.025,23,6,0,0,6
25.3,24,isocontour,11.283791670955125,43373.74,91.27,10.3,-18.2,0.981,-0.6,-0.4,0.7,16.9,10.3,1.042,4,6,0,0,6
25.3,25,isocontour,11.283791670955125,42880.31,90.24,-20.3,4.5,0.991,0.1,-1.2,1.2,-20.1,-1.0,1.025,23,5,0,0,5
25.3,Target,,,,,0.0,0.0,4.023,0.0,0.0,,,,,,,,,
25.4,1,isocontour,11.283791670955125,43023.27,90.54,19.8,6.4,0.987,-0.7,2.8,2.9,10.0,17.1,1.045,5,7,0,0,7
25.4,2,isocontour,11.283791670955125,41556.2,87.45,16.5,12.5,0.995,0.1,-2.6,2.6,10.0,17.1,1.045,5,6,0,0,6
25.4,3,isocontour,11.283791670955125,42725.97,89.91,17.8,10.9,0.983,1.3,-2.0,2.4,10.0,17.1,1.045,5,7,0,0,7
25.4,4,isocontour,11.283791670955125,44241.2,93.1,17.0,10.7,1.026,0.0,-0.9,0.9,10.0,17.1,1.045,5,7,0,0,7
25.4,5,isocontour,11.283791670955125,42013.59,88.41,10.4,16.9,1.043,0.5,-0.7,0.9,10.4,16.9,1.045,5,6,0,0,6
25.4,6,isocontour,11.283791670955125,43249.74,91.01,11.7,-15.9,1.048,-1.6,-0.9,1.8,12.3,-15.4,1.05,8,6,0,0,6
25.4,7,isocontour,11.283791670955125,42804.77,90.08,-20.8,0.4,0.988,-0.6,2.5,2.6,-20.1,-1.0,1.025,23,6,0,0,6
25.4,8,isocontour,11.283791670955125,43832.01,92.24,12.1,-15.5,1.053,-2.2,-1.6,2.7,12.1,-15.5,1.05,8,6,0,0,6
25.4,9,isocontour,11.283791670955125,42831.45,90.13,20.9,0.9,0.982,0.3,1.4,1.4,10.0,17.1,1.045,5,5,0,0,5
25.4,10,isocontour,11.283791670955125,43369.04,91.26,17.8,-10.2,1.006,2.8,3.4,4.4,12.3,-15.4,1.05,8,6,0,0,6
25.4,11,isocontour,11.283791670955125,43180.85,90.87,-20.4,-4.2,0.988,-0.1,-4.4,4.4,-20.1,-1.0,1.025,23,6,0,0,6
25.4,12,isocontour,11.283791670955125,43302.71,91.13,-19.4,-7.2,0.996,0.8,-0.7,1.1,-20.1,-1.0,1.025,23,5,0,0,5
25.4,13,isocontour,11.283791670955125,42073.47,88.54,20.1,-4.6,0.996,-1.8,-1.2,2.2,10.0,17.1,1.045,5,4,0,0,4
25.4,14,isocontour,11.283791670955125,41911.31,88.2,16.4,-12.8,0.989,0.3,1.2,1.2,12.3,-15.4,1.05,8,6,0,0,6
25.4,15,isocontour,11.283791670955125,41507.8,87.35,13.8,15.5,0.991,-0.6,-0.7,0.9,10.0,17.1,1.045,5,7,0,0,7
25.4,16,isocontour,11.283791670955125,47240.65,99.41,-23.1,23.0,0.521,0.8,-0.6,1.0,-23.1,23.0,0.534,16,0,0,0,0
25.4,17,isocontour,11.283791670955125,42846.31,90.16,18.3,9.9,0.989,0.5,0.8,0.9,10.0,17.1,1.045,5,7,0,0,7
25.4,18,isocontour,11.283791670955125,46883.5,98.66,5.8,21.7,0.899,0.8,-1.0,1.3,10.0,17.1,1.045,5,2,0,0,2
25.4,19,isocontour,11.283791670955125,43071.49,90.64,-20.9,-0.3,0.985,-0.4,-1.4,1.5,-20.1,-1.0,1.025,23,6,0,0,6
25.4,20,isocontour,11.283791670955125,43227.85,90.97,13.6,-15.7,0.99,1.7,0.7,1.8,12.3,-15.4,1.05,8,6,0,0,6
25.4,21,isocontour,11.283791670955125,42253.33,88.92,4.1,-20.3,0.992,-4.2,-1.3,4.4,12.3,-15.4,1.05,8,4,0,0,4
25.4,22,isocontour,11.283791670955125,45081.92,94.87,-20.5,-2.9,0.995,-0.8,-2.3,2.4,-20.1,-1.0,1.025,23,6,0,0,6
25.4,23,isocontour,11.283791670955125,44572.44,93.8,-20.3,-1.8,1.013,-0.1,-2.6,2.6,-20.1,-1.0,1.025,23,6,0,0,6
25.4,24,isocontour,11.283791670955125,43371.0,91.27,10.4,-18.1,0.985,0.4,1.2,1.3,12.3,-15.4,1.05,8,6,0,0,6
25.4,25,isocontour,11.283791670955125,42859.81,90.19,-20.2,4.7,0.991,0.4,2.5,2.5,-20.1,-1.0,1.025,23,5,0,0,5
25.4,Target,,,,,0.0,0.0,4.023,0.0,0.0,,,,,,,,,
25.5,1,isocontour,11.283791670955125,42989.82,90.47,19.6,6.5,0.999,-2.9,0.6,3.0,10.0,17.1,1.045,5,7,0,0,7
25.5,2,isocontour,11.283791670955125,41555.33,87.45,16.5,12.4,0.998,0.2,-0.9,0.9,10.0,17.1,1.045,5,6,0,0,6
25.5,3,isocontour,11.283791670955125,42706.66,89.87,17.7,11.0,0.983,-1.3,2.1,2.5,10.0,17.1,1.045,5,7,0,0,7
25.5,4,isocontour,11.283791670955125,44234.74,93.09,17.1,10.6,1.026,1.0,-1.4,1.7,10.0,17.1,1.045,5,7,0,0,7
25.5,5,isocontour,11.283791670955125,42012.56,88.41,10.5,16.8,1.042,0.9,-0.3,0.9,10.5,16.8,1.045,5,6,0,0,6
25.5,6,isocontour,11.283791670955125,43247.0,91.01,11.7,-15.8,1.05,0.7,1.0,1.2,12.1,-15.5,1.053,8,6,0,0,6
25.5,7,isocontour,11.283791670955125,42802.51,90.07,-20.8,0.4,0.988,0.2,-1.2,1.2,-20.1,-1.0,1.025,23,6,0,0,6
25.5,8,isocontour,11.283791670955125,43718.65,92.0,12.4,-15.3,1.052,3.6,2.6,4.4,12.4,-15.3,1.053,8,6,0,0,6
25.5,9,isocontour,11.283791670955125,42826.05,90.12,20.8,1.0,0.989,-1.5,0.6,1.6,10.0,17.1,1.045,5,5,0,0,5
25.5,10,isocontour,11.283791670955125,43369.0,91.26,17.8,-10.1,1.007,-0.2,0.2,0.3,12.1,-15.5,1.053,8,6,0,0,6
25.5,11,isocontour,11.283791670955125,43179.92,90.87,-20.3,-4.3,0.989,0.5,-0.8,0.9,-20.1,-1.0,1.025,23,6,0,0,6
25.5,12,isocontour,11.283791670955125,43191.61,90.89,-19.2,-7.6,0.994,1.1,-4.3,4.4,-20.1,-1.0,1.025,23,5,0,0,5
25.5,13,isocontour,11.283791670955125,42052.24,88.49,20.2,-4.4,0.996,0.9,2.4,2.6,12.3,-15.4,1.05,8,4,0,0,4
25.5,14,isocontour,11.283791670955125,41892.01,88.16,16.5,-12.6,0.991,1.1,2.2,2.5,12.1,-15.5,1.053,8,6,0,0,6
25.5,15,isocontour,11.283791670955125,41485.04,87.3,13.6,15.5,0.995,-2.4,1.1,2.6,10.0,17.1,1.045,5,7,0,0,7
25.5,16,isocontour,11.283791670955125,47239.55,99.41,-23.1,22.9,0.523,-0.1,-0.9,0.9,-23.1,22.9,0.534,16,0,0,0,0
25.5,17,isocontour,11.283791670955125,42846.1,90.16,18.3,9.8,0.989,0.1,-0.5,0.5,10.0,17.1,1.045,5,7,0,0,7
25.5,18,isocontour,11.283791670955125,46849.03,98.59,6.1,21.6,0.903,2.6,-1.5,3.0,10.0,17.1,1.045,5,2,0,0,2
25.5,19,isocontour,11.283791670955125,43034.93,90.56,-20.8,-0.5,0.988,0.7,-3.0,3.1,-20.1,-1.0,1.025,23,6,0,0,6
25.5,20,isocontour,11.283791670955125,43227.78,90.97,13.6,-15.7,0.989,-0.2,-0.3,0.4,12.1,-15.5,1.053,8,6,0,0,6
25.5,21,isocontour,11.283791670955125,42251.89,88.91,3.9,-20.4,0.988,-0.7,-0.8,1.1,12.1,-15.5,1.053,8,4,0,0,4
25.5,22,isocontour,11.283791670955125,44985.11,94.67,-20.5,-3.3,0.989,-0.4,-4.2,4.2,-20.1,-1.0,1.025,23,6,0,0,6
25.5,23,isocontour,11.283791670955125,44571.53,93.8,-20.3,-1.9,1.013,0.3,-0.8,0.9,-20.1,-1.0,1.025,23,6,0,0,6
25.5,24,isocontour,11.283791670955125,43353.71,91.23,10.6,-18.0,0.986,2.1,1.2,2.4,12.1,-15.5,1.053,8,6,0,0,6
25.5,25,isocontour,11.283791670955125,42836.54,90.14,-20.2,4.9,0.99,0.5,2.6,2.6,-20.1,-1.0,1.025,23,5,0,0,5
25.5,Target,,,,,0.0,0.0,4.023,0.0,0.0,,,,,,,,,
25.6,1,isocontour,11.283791670955125,42986.82,90.46,19.6,6.5,0.995,1.3,-0.0,1.3,12.3,-15.4,1.05,8,7,0,0,7
25.6,2,isocontour,11.283791670955125,41515.84,87.36,16.4,12.7,0.99,-0.3,3.1,3.1,10.0,17.1,1.045,5,6,0,0,6
25.6,3,isocontour,11.283791670955125,42689.59,89.83,17.8,10.9,0.985,0.8,-2.2,2.3,10.0,17.1,1.045,5,7,0,0,7
25.6,4,isocontour,11.283791670955125,44227.08,93.07,17.3,10.5,1.021,1.6,-0.9,1.8,10.0,17.1,1.045,5,7,0,0,7
25.6,5,isocontour,11.283791670955125,41995.7,88.37,10.7,16.8,1.038,2.3,-0.6,2.4,10.7,16.8,1.045,5,6,0,0,6
25.6,6,isocontour,11.283791670955125,43244.2,91.0,11.8,-15.7,1.052,0.8,1.0,1.3,12.1,-15.5,1.053,8,6,0,0,6
25.6,7,isocontour,11.283791670955125,42799.64,90.07,-20.7,0.3,0.991,0.6,-1.2,1.3,-20.1,-1.0,1.025,23,6,0,0,6
25.6,8,isocontour,11.283791670955125,43697.42,91.96,12.5,-15.1,1.055,1.5,2.1,2.6,12.1,-15.5,1.053,8,6,0,0,6
25.6,9,isocontour,11.283791670955125,42824.48,90.12,20.7,1.1,0.993,-0.7,0.8,1.1,12.3,-15.4,1.05,8,5,0,0,5
25.6,10,isocontour,11.283791670955125,43368.97,91.26,17.8,-10.1,1.008,-0.3,0.0,0.3,12.1,-15.5,1.053,8,6,0,0,6
25.6,11,isocontour,11.283791670955125,43142.27,90.79,-20.3,-4.1,0.995,0.5,3.0,3.0,-20.1,-1.0,1.025,23,6,0,0,6
25.6,12,isocontour,11.283791670955125,43190.64,90.89,-19.2,-7.7,0.995,0.6,-0.6,0.8,-20.1,-1.0,1.025,23,5,0,0,5
25.6,13,isocontour,11.283791670955125,42019.79,88.43,20.4,-4.2,0.984,2.7,1.1,2.9,12.1,-15.5,1.053,8,4,0,0,4
25.6,14,isocontour,11.283791670955125,41889.27,88.15,16.5,-12.6,0.989,-0.3,-1.2,1.2,12.1,-15.5,1.053,8,6,0,0,6
25.6,15,isocontour,11.283791670955125,41333.12,86.98,13.3,15.9,0.992,-3.1,3.8,4.9,10.0,17.1,1.045,5,7,0,0,7
25.6,16,isocontour,11.283791670955125,47238.45,99.41,-23.2,22.9,0.521,-0.8,0.5,0.9,-23.2,22.9,0.534,16,0,0,0,0
25.6,17,isocontour,11.283791670955125,42823.6,90.12,18.2,9.6,1.001,-1.6,-2.0,2.6,10.0,17.1,1.045,5,7,0,0,7
25.6,18,isocontour,11.283791670955125,46841.99,98.57,6.2,21.4,0.909,0.7,-1.6,1.7,10.0,17.1,1.045,5,2,0,0,2
25.6,19,isocontour,11.283791670955125,43032.06,90.56,-20.7,-0.7,0.992,0.8,-1.0,1.3,-20.1,-1.0,1.025,23,6,0,0,6
25.6,20,isocontour,11.283791670955125,43209.61,90.93,13.7,-15.5,0.996,0.4,2.4,2.4,12.1,-15.5,1.053,8,6,0,0,6
25.6,21,isocontour,11.283791670955125,42250.85,88.91,3.9,-20.4,0.99,-0.8,0.5,0.9,12.1,-15.5,1.053,8,4,0,0,4
25.6,22,isocontour,11.283791670955125,44983.41,94.66,-20.4,-3.3,0.993,0.9,0.6,1.1,-20.1,-1.0,1.025,23,6,0,0,6
25.6,23,isocontour,11.283791670955125,44570.53,93.79,-20.2,-2.0,1.015,0.4,-0.8,0.9,-20.1,-1.0,1.025,23,6,0,0,6
25.6,24,isocontour,11.283791670955125,43351.22,91.23,10.6,-17.9,0.989,0.7,1.0,1.2,12.1,-15.5,1.053,8,6,0,0,6
25.6,25,isocontour,11.283791670955125,42836.01,90.14,-20.1,5.0,0.991,0.4,0.6,0.7,-20.1,-1.0,1.025,23,5,0,0,5
25.6,Target,,,,,0.0,0.0,4.023,0.0,0.0,,,,,,,,,
25.7,1,isocontour,11.283791670955125,42979.29,90.44,19.8,6.5,0.987,1.7,-0.6,1.8,12.1,-15.5,1.053,8,6,0,0,6
25.7,2,isocontour,11.283791670955125,41392.33,87.11,16.3,13.1,0.981,-1.4,4.4,4.6,12.3,-15.4,1.05,8,6,0,0,6
25.7,3,isocontour,11.283791670955125,42686.02,89.83,17.9,10.7,0.986,0.6,-1.2,1.3,12.3,-15.4,1.05,8,7,0,0,7
25.7,4,isocontour,11.283791670955125,44200.78,93.02,17.4,10.3,1.024,0.7,-2.6,2.7,12.3,-15.4,1.05,8,7,0,0,7
25.7,5,isocontour,11.283791670955125,41994.88,88.37,10.8,16.7,1.038,0.7,-0.5,0.9,10.8,16.7,1.045,5,6,0,0,6
25.7,6,isocontour,11.283791670955125,43221.18,90.95,12.0,-15.6,1.055,1.7,2.0,2.6,12.5,-15.1,1.055,8,6,0,0,6
25.7,7,isocontour,11.283791670955125,42799.14,90.07,-20.8,0.3,0.99,-0.3,0.6,0.7,-20.1,-1.0,1.025,23,6,0,0,6
25.7,8,isocontour,11.283791670955125,43692.4,91.95,12.7,-15.0,1.053,1.5,0.6,1.6,12.7,-15.0,1.055,8,6,0,0,6
25.7,9,isocontour,11.283791670955125,42793.96,90.05,20.7,0.8,0.992,0.4,-2.8,2.8,12.1,-15.5,1.053,8,5,0,0,5
25.7,10,isocontour,11.283791670955125,43260.83,91.04,18.0,-9.8,1.006,2.6,3.6,4.4,12.5,-15.1,1.055,8,6,0,0,6
25.7,11,isocontour,11.283791670955125,43141.66,90.79,-20.2,-4.1,0.996,0.3,-0.7,0.8,-20.1,-1.0,1.025,23,6,0,0,6
25.7,12,isocontour,11.283791670955125,43086.13,90.67,-19.0,-8.1,0.994,1.4,-4.1,4.3,-20.1,-1.0,1.025,23,5,0,0,5
25.7,13,isocontour,11.283791670955125,42010.94,88.41,20.5,-4.1,0.982,0.4,1.9,1.9,12.1,-15.5,1.053,8,4,0,0,4
25.7,14,isocontour,11.283791670955125,41886.34,88.14,16.4,-12.7,0.989,-0.9,-1.0,1.3,12.5,-15.1,1.055,8,6,0,0,6
25.7,15,isocontour,11.283791670955125,41208.0,86.72,13.1,16.3,0.984,-2.6,3.8,4.6,12.3,-15.4,1.05,8,7,0,0,7
25.7,16,isocontour,11.283791670955125,47237.35,99.41,-23.2,23.0,0.519,-0.9,0.2,0.9,-23.2,23.0,0.534,16,0,0,0,0
25.7,17,isocontour,11.283791670955125,42801.11,90.07,18.1,9.8,0.998,-0.2,2.6,2.6,12.3,-15.4,1.05,8,7,0,0,7
25.7,18,isocontour,11.283791670955125,46825.97,98.54,6.4,21.3,0.91,2.2,-0.6,2.3,10.0,17.1,1.045,5,2,0,0,2
25.7,19,isocontour,11.283791670955125,43011.08,90.51,-20.8,-0.5,0.99,-0.5,2.5,2.5,-20.1,-1.0,1.025,23,6,0,0,6
25.7,20,isocontour,11.283791670955125,43192.32,90.89,13.6,-15.6,0.993,-0.9,-2.2,2.4,12.5,-15.1,1.055,8,6,0,0,6
25.7,21,isocontour,11.283791670955125,42237.9,88.88,3.7,-20.4,0.992,-2.2,-0.1,2.2,12.5,-15.1,1.055,8,4,0,0,4
25.7,22,isocontour,11.283791670955125,44982.59,94.66,-20.5,-3.4,0.991,-0.5,-0.7,0.9,-20.1,-1.0,1.025,23,6,0,0,6
25.7,23,isocontour,11.283791670955125,44544.8,93.74,-20.2,-2.2,1.015,0.1,-2.7,2.7,-20.1,-1.0,1.025,23,6,0,0,6
25.7,24,isocontour,11.283791670955125,43347.65,91.22,10.8,-17.8,0.989,1.2,0.8,1.4,12.5,-15.1,1.055,8,6,0,0,6
25.7,25,isocontour,11.283791670955125,42835.45,90.14,-20.1,5.1,0.989,-0.2,0.7,0.7,-20.1,-1.0,1.025,23,5,0,0,5
25.7,Target,,,,,0.0,0.0,4.023,0.0,0.0,,,,,,,,,
25.8,1,isocontour,11.283791670955125,42978.48,90.44,19.8,6.4,0.988,-0.2,-0.8,0.8,12.1,-15.5,1.053,8,6,0,0,6
25.8,2,isocontour,11.283791670955125,41391.95,87.1,16.3,13.2,0.979,-0.3,0.6,0.7,12.1,-15.5,1.053,8,6,0,0,6
25.8,3,isocontour,11.283791670955125,42676.17,89.81,17.8,10.6,0.993,-0.6,-1.9,2.0,12.1,-15.5,1.053,8,7,0,0,7
25.8,4,isocontour,11.283791670955125,44181.94,92.98,17.4,10.0,1.03,0.2,-2.4,2.4,12.1,-15.5,1.053,8,7,0,0,7
25.8,5,isocontour,11.283791670955125,41993.13,88.37,10.9,16.6,1.041,0.5,-1.0,1.1,12.3,-15.4,1.05,8,6,0,0,6
25.8,6,isocontour,11.283791670955125,43213.4,90.94,12.2,-15.5,1.051,1.8,0.3,1.8,12.2,-15.5,1.055,6,6,0,0,6
25.8,7,isocontour,11.283791670955125,42777.16,90.02,-20.8,0.5,0.987,-0.5,2.5,2.5,-20.1,-1.0,1.025,23,6,0,0,6
25.8,8,isocontour,11.283791670955125,43675.12,91.91,12.8,-14.8,1.059,0.7,2.3,2.4,12.8,-14.8,1.055,8,6,0,0,6
25.8,9,isocontour,11.283791670955125,42777.32,90.02,20.9,0.8,0.981,2.3,-0.3,2.3,12.5,-15.1,1.055,8,6,0,0,6
25.8,10,isocontour,11.283791670955125,43241.76,91.0,18.2,-9.9,0.994,1.9,-1.5,2.4,12.5,-15.1,1.055,8,7,0,0,7
25.8,11,isocontour,11.283791670955125,43141.07,90.79,-20.2,-4.0,0.999,0.5,0.6,0.8,-20.1,-1.0,1.025,23,6,0,0,6
25.8,12,isocontour,11.283791670955125,43024.25,90.54,-18.9,-8.4,0.996,1.9,-3.1,3.6,-20.1,-1.0,1.025,23,5,0,0,5
25.8,13,isocontour,11.283791670955125,41995.93,88.38,20.4,-4.2,0.987,-1.5,-1.7,2.3,12.5,-15.1,1.055,8,4,0,0,4
25.8,14,isocontour,11.283791670955125,41880.63,88.13,16.3,-12.8,0.992,-1.4,-0.9,1.7,12.5,-15.1,1.055,8,6,0,0,6
25.8,15,isocontour,11.283791670955125,41207.79,86.72,13.0,16.3,0.984,-0.5,0.2,0.5,12.3,-15.4,1.05,8,6,0,0,6
25.8,16,isocontour,11.283791670955125,47236.25,99.4,-23.2,23.0,0.518,0.3,0.9,0.9,-23.2,23.0,0.534,16,0,0,0,0
25.8,17,isocontour,11.283791670955125,42796.28,90.06,18.2,10.0,0.99,0.8,1.3,1.5,12.1,-15.5,1.053,8,7,0,0,7
25.8,18,isocontour,11.283791670955125,46796.39,98.48,6.6,21.2,0.913,2.5,-1.4,2.9,12.3,-15.4,1.05,8,2,0,0,2
25.8,19,isocontour,11.283791670955125,42901.46,90.28,-20.8,-0.1,0.986,-0.9,4.3,4.4,-20.1,-1.0,1.025,23,6,0,0,6
25.8,20,isocontour,11.283791670955125,43170.09,90.85,13.7,-15.9,0.98,1.2,-2.3,2.6,12.5,-15.1,1.055,8,6,0,0,6
25.8,21,isocontour,11.283791670955125,42206.43,88.82,3.4,-20.5,0.987,-2.4,-1.7,2.9,12.5,-15.1,1.055,8,4,0,0,4
25.8,22,isocontour,11.283791670955125,44972.44,94.64,-20.6,-3.3,0.984,-1.5,1.2,1.9,-20.1,-1.0,1.025,23,6,0,0,6
25.8,23,isocontour,11.283791670955125,44540.67,93.73,-20.1,-2.3,1.018,0.9,-1.1,1.4,-20.1,-1.0,1.025,23,6,0,0,6
25.8,24,isocontour,11.283791670955125,43327.16,91.18,10.8,-17.6,0.998,0.4,2.5,2.5,12.5,-15.1,1.055,8,6,0,0,6
25.8,25,isocontour,11.283791670955125,42835.11,90.14,-20.2,5.2,0.987,-0.2,0.6,0.6,-20.1,-1.0,1.025,23,5,0,0,5
25.8,Target,,,,,0.0,0.0,4.023,0.0,0.0,,,,,,,,,
25.9,1,isocontour,11.283791670955125,42954.4,90.39,19.7,6.6,0.988,-0.8,2.5,2.6,12.5,-15.1,1.055,8,6,0,0,6
25.9,2,isocontour,11.283791670955125,41360.47,87.04,16.3,13.0,0.985,0.6,-2.8,2.9,12.1,-15.5,1.053,8,6,0,0,6
25.9,3,isocontour,11.283791670955125,42674.37,89.8,17.7,10.5,0.999,-0.8,-0.8,1.1,12.5,-15.1,1.055,8,7,0,0,7
25.9,4,isocontour,11.283791670955125,44180.5,92.97,17.5,9.9,1.028,0.9,-0.5,1.0,12.5,-15.1,1.055,8,7,0,0,7
25.9,5,isocontour,11.283791670955125,41988.92,88.36,10.9,16.5,1.046,0.5,-1.4,1.5,12.1,-15.5,1.053,8,6,0,0,6
25.9,6,isocontour,11.283791670955125,43210.13,90.93,12.3,-15.5,1.046,1.4,-0.0,1.4,12.8,-14.8,1.059,8,6,0,0,6
25.9,7,isocontour,11.283791670955125,42774.84,90.01,-20.8,0.5,0.987,0.0,-1.2,1.2,-20.1,-1.0,1.025,23,6,0,0,6
25.9,8,isocontour,11.283791670955125,43666.55,91.89,12.8,-14.9,1.052,0.3,-1.9,1.9,12.8,-14.9,1.059,8,6,0,0,6
25.9,9,isocontour,11.283791670955125,42769.28,90.0,20.9,0.6,0.983,-0.8,-1.7,1.9,12.5,-15.1,1.055,8,6,0,0,6
25.9,10,isocontour,11.283791670955125,43210.29,90.93,18.4,-9.8,0.985,2.4,1.6,2.9,12.8,-14.8,1.059,8,7,0,0,7
25.9,11,isocontour,11.283791670955125,43140.86,90.78,-20.2,-4.1,1.001,0.4,-0.4,0.6,-20.1,-1.0,1.025,23,6,0,0,6
25.9,12,isocontour,11.283791670955125,42913.89,90.31,-18.7,-8.8,0.995,1.4,-4.2,4.4,-20.1,-1.0,1.025,23,5,0,0,5
25.9,13,isocontour,11.283791670955125,41992.79,88.37,20.3,-4.3,0.992,-1.1,-0.8,1.4,12.5,-15.1,1.055,8,4,0,0,4
25.9,14,isocontour,11.283791670955125,41864.4,88.1,16.4,-12.7,0.991,1.6,1.7,2.3,12.8,-14.8,1.059,8,6,0,0,6
25.9,15,isocontour,11.283791670955125,41204.22,86.71,13.0,16.2,0.989,0.2,-1.4,1.4,12.1,-15.5,1.053,8,6,0,0,6
25.9,16,isocontour,11.283791670955125,47235.15,99.4,-23.3,23.0,0.518,-0.5,-0.8,0.9,-23.3,23.0,0.534,16,0,0,0,0
25.9,17,isocontour,11.283791670955125,42692.48,89.84,18.4,9.7,0.985,2.8,-3.3,4.3,12.5,-15.1,1.055,8,7,0,0,7
25.9,18,isocontour,11.283791670955125,46764.27,98.41,6.8,21.1,0.916,2.5,-1.6,3.0,12.3,-15.4,1.05,8,2,0,0,2
25.9,19,isocontour,11.283791670955125,42901.13,90.28,-20.9,0.0,0.984,-0.3,0.6,0.7,-20.1,-1.0,1.025,23,6,0,0,6
25.9,20,isocontour,11.283791670955125,43150.07,90.8,13.5,-16.0,0.982,-2.4,-0.7,2.5,12.8,-14.8,1.059,8,6,0,0,6
25.9,21,isocontour,11.283791670955125,42204.06,88.81,3.5,-20.5,0.987,1.1,0.5,1.2,12.8,-14.8,1.059,8,4,0,0,4
25.9,22,isocontour,11.283791670955125,44965.04,94.62,-20.6,-3.4,0.986,0.8,-1.6,1.8,-20.1,-1.0,1.025,23,6,0,0,6
25.9,23,isocontour,11.283791670955125,44539.86,93.73,-20.1,-2.4,1.019,0.0,-0.8,0.8,-20.1,-1.0,1.025,23,6,0,0,6
25.9,24,isocontour,11.283791670955125,43307.14,91.13,10.6,-17.6,1.0,-2.1,-1.4,2.5,12.8,-14.8,1.059,8,6,0,0,6
25.9,25,isocontour,11.283791670955125,42796.73,90.06,-20.2,4.9,0.991,0.1,-3.1,3.1,-20.1,-1.0,1.025,23,5,0,0,5
25.9,Target,,,,,0.0,0.0,4.023,0.0,0.0,,,,,,,,,
26.0,1,isocontour,11.283791670955125,42931.65,90.34,19.6,6.8,0.99,-1.1,2.3,2.5,19.6,6.8,0.988,1,6,0,0,6
26.0,2,isocontour,11.283791670955125,41355.55,87.03,16.3,12.8,0.992,-0.2,-1.6,1.6,16.3,12.8,0.985,2,6,0,0,6
26.0,3,isocontour,11.283791670955125,42652.64,89.76,17.8,10.7,0.992,0.4,2.5,2.5,17.8,10.7,0.999,3,7,0,0,7
26.0,4,isocontour,11.283791670955125,44160.96,92.93,17.5,10.1,1.021,0.1,2.5,2.5,17.5,10.1,1.028,4,7,0,0,7
26.0,5,isocontour,11.283791670955125,41971.42,88.32,11.1,16.4,1.045,2.2,-0.9,2.4,11.1,16.4,1.046,5,6,0,0,6
26.0,6,isocontour,11.283791670955125,43209.72,90.93,12.3,-15.5,1.044,-0.3,-0.6,0.7,12.3,-15.5,1.046,6,6,0,0,6
26.0,7,isocontour,11.283791670955125,42770.96,90.01,-20.7,0.5,0.994,1.3,0.5,1.4,-20.7,0.5,0.987,7,6,0,0,6
26.0,8,isocontour,11.283791670955125,43665.7,91.89,12.8,-15.0,1.05,-0.5,-0.7,0.9,12.8,-15.0,1.052,8,6,0,0,6
26.0,9,isocontour,11.283791670955125,42767.62,90.0,20.8,0.7,0.988,-0.8,0.7,1.1,20.8,0.7,0.983,9,6,0,0,6
26.0,10,isocontour,11.283791670955125,43209.25,90.93,18.5,-9.8,0.98,0.7,-0.6,0.9,18.5,-9.8,0.985,10,7,0,0,7
26.0,11,isocontour,11.283791670955125,43117.84,90.74,-20.2,-4.3,0.995,-0.7,-2.5,2.6,-20.2,-4.3,1.001,11,6,0,0,6
26.0,12,isocontour,11.283791670955125,42884.31,90.24,-18.7,-9.1,0.989,0.3,-2.8,2.8,-18.7,-9.1,0.995,12,5,0,0,5
26.0,13,isocontour,11.283791670955125,41992.0,88.37,20.3,-4.2,0.99,0.6,0.6,0.8,20.3,-4.2,0.992,13,4,0,0,4
26.0,14,isocontour,11.283791670955125,41811.19,87.99,16.7,-12.7,0.976,3.3,-0.9,3.4,16.7,-12.7,0.991,14,6,0,0,6
26.0,15,isocontour,11.283791670955125,41201.66,86.7,13.1,16.1,0.989,1.0,-0.7,1.2,13.1,16.1,0.989,15,6,0,0,6
26.0,16,isocontour,11.283791670955125,47234.05,99.4,-23.2,23.0,0.519,0.7,0.6,0.9,-23.2,23.0,0.518,16,0,0,0,0
26.0,17,isocontour,11.283791670955125,42688.27,89.83,18.6,9.8,0.978,0.7,1.3,1.5,18.6,9.8,0.985,17,7,0,0,7
26.0,18,isocontour,11.283791670955125,46744.96,98.37,7.0,20.9,0.925,1.0,-2.3,2.5,7.0,20.9,0.916,18,2,0,0,2
26.0,19,isocontour,11.283791670955125,42866.33,90.21,-20.9,-0.2,0.985,0.2,-3.0,3.0,-20.9,-0.2,0.984,19,6,0,0,6
26.0,20,isocontour,11.283791670955125,43147.07,90.8,13.4,-16.1,0.982,-0.9,-1.0,1.3,13.4,-16.1,0.982,20,6,0,0,6
26.0,21,isocontour,11.283791670955125,42168.2,88.74,3.8,-20.5,0.988,2.9,0.8,3.0,3.8,-20.5,0.987,21,4,0,0,4
26.0,22,isocontour,11.283791670955125,44948.18,94.59,-20.4,-3.6,0.992,1.7,-1.7,2.4,-20.4,-3.6,0.986,22,6,0,0,6
26.0,23,isocontour,11.283791670955125,44513.84,93.67,-20.1,-2.7,1.018,0.1,-2.7,2.7,-20.1,-2.7,1.019,23,6,0,0,6
26.0,24,isocontour,11.283791670955125,43283.6,91.09,10.5,-17.8,0.995,-1.6,-2.1,2.6,10.5,-17.8,1.0,24,6,0,0,6
26.0,25,isocontour,11.283791670955125,42796.02,90.06,-20.1,4.9,0.993,0.4,0.7,0.8,-20.1,4.9,0.991,25,5,0,0,5
26.0,Target,,,,,0.0,0.0,4.023,0.0,0.0,,,,,,,,,
26.1,1,isocontour,11.283791670955125,42899.2,90.28,19.4,7.0,0.997,-2.3,1.8,2.9,17.5,10.1,1.028,4,6,0,0,6
26.1,2,isocontour,11.283791670955125,41340.93,87.0,16.3,13.0,0.988,-0.5,2.2,2.3,11.1,16.4,1.046,5,6,0,0,6
26.1,3,isocontour,11.283791670955125,42639.15,89.73,17.9,10.8,0.981,1.8,1.3,2.2,11.1,16.4,1.046,5,7,0,0,7
26.1,4,isocontour,11.283791670955125,44155.75,92.92,17.6,10.1,1.019,0.9,-1.3,1.6,11.1,16.4,1.046,5,7,0,0,7
26.1,5,isocontour,11.283791670955125,41968.74,88.32,11.2,16.3,1.048,0.5,-1.2,1.3,11.2,16.3,1.046,5,6,0,0,6
26.1,6,isocontour,11.283791670955125,43208.36,90.93,12.3,-15.6,1.041,-0.2,-1.0,1.0,12.8,-15.0,1.052,8,6,0,0,6
26.1,7,isocontour,11.283791670955125,42750.46,89.96,-20.7,0.7,0.992,-0.5,2.5,2.5,-20.1,-2.7,1.019,23,6,0,0,6
26.1,8,isocontour,11.283791670955125,43664.86,91.89,12.7,-15.1,1.049,-0.6,-0.7,0.9,12.7,-15.1,1.052,8,6,0,0,6
26.1,9,isocontour,11.283791670955125,42730.34,89.92,20.7,0.9,0.992,-0.8,3.0,3.1,17.5,10.1,1.028,4,6,0,0,6
26.1,10,isocontour,11.283791670955125,43184.36,90.88,18.4,-9.6,0.989,-1.1,2.5,2.7,12.8,-15.0,1.052,8,6,0,0,6
26.1,11,isocontour,11.283791670955125,43007.48,90.5,-20.2,-4.7,0.99,0.0,-4.4,4.4,-20.1,-2.7,1.019,23,6,0,0,6
26.1,12,isocontour,11.283791670955125,42882.37,90.24,-18.6,-9.1,0.993,0.7,0.9,1.1,-20.1,-2.7,1.019,23,5,0,0,5
26.1,13,isocontour,11.283791670955125,41971.51,88.32,20.4,-4.0,0.99,0.6,2.4,2.5,20.4,-4.0,0.992,13,4,0,0,4
26.1,14,isocontour,11.283791670955125,41810.53,87.99,16.8,-12.7,0.975,0.2,0.8,0.8,12.8,-15.0,1.052,8,6,0,0,6
26.1,15,isocontour,11.283791670955125,41187.23,86.67,13.3,16.0,0.988,1.9,-1.2,2.2,11.1,16.4,1.046,5,6,0,0,6
26.1,16,isocontour,11.283791670955125,47232.95,99.4,-23.1,23.0,0.52,0.9,0.0,0.9,-23.1,23.0,0.519,16,0,0,0,0
26.1,17,isocontour,11.283791670955125,42652.42,89.76,18.3,9.9,0.986,-2.8,1.1,3.0,11.1,16.4,1.046,5,7,0,0,7
26.1,18,isocontour,11.283791670955125,46738.27,98.35,7.0,20.7,0.932,0.7,-1.6,1.7,11.1,16.4,1.046,5,2,0,0,2
26.1,19,isocontour,11.283791670955125,42863.26,90.2,-20.8,-0.3,0.989,0.8,-1.1,1.4,-20.1,-2.7,1.019,23,6,0,0,6
26.1,20,isocontour,11.283791670955125,43143.72,90.79,13.3,-16.2,0.982,-1.0,-1.0,1.4,12.8,-15.0,1.052,8,6,0,0,6
26.1,21,isocontour,11.283791670955125,42132.7,88.66,4.0,-20.3,0.994,2.5,1.7,3.0,12.8,-15.0,1.052,8,4,0,0,4
26.1,22,isocontour,11.283791670955125,44926.95,94.54,-20.4,-3.8,0.991,-0.1,-2.5,2.5,-20.1,-2.7,1.019,23,6,0,0,6
26.1,23,isocontour,11.283791670955125,44487.82,93.62,-20.1,-2.5,1.018,-0.2,2.7,2.7,-20.1,-2.5,1.019,23,6,0,0,6
26.1,24,isocontour,11.283791670955125,43281.55,91.08,10.3,-17.9,0.996,-1.1,-0.3,1.1,12.8,-15.0,1.052,8,5,0,0,5
26.1,25,isocontour,11.283791670955125,42687.15,89.83,-20.1,5.3,0.988,0.2,4.4,4.4,-20.1,-2.7,1.019,23,5,0,0,5
26.1,Target,,,,,0.0,0.0,4.023,0.0,0.0,,,,,,,,,
26.2,1,isocontour,11.283791670955125,42863.34,90.2,19.3,7.3,0.999,-1.1,2.8,3.0,11.1,16.4,1.046,5,7,0,0,7
26.2,2,isocontour,11.283791670955125,41340.59,87.0,16.2,13.0,0.99,-0.5,-0.4,0.6,11.2,16.3,1.048,5,6,0,0,6
26.2,3,isocontour,11.283791670955125,42638.75,89.73,18.0,10.8,0.98,0.2,-0.7,0.7,11.2,16.3,1.048,5,7,0,0,7
26.2,4,isocontour,11.283791670955125,44134.76,92.88,17.6,9.8,1.022,0.6,-2.5,2.6,11.2,16.3,1.048,5,7,0,0,7
26.2,5,isocontour,11.283791670955125,41966.65,88.31,11.2,16.2,1.052,0.5,-1.1,1.2,11.2,16.2,1.048,5,6,0,0,6
26.2,6,isocontour,11.283791670955125,43207.86,90.93,12.2,-15.7,1.042,-0.7,-0.2,0.7,12.8,-15.0,1.052,8,6,0,0,6
26.2,7,isocontour,11.283791670955125,42728.73,89.92,-20.8,1.0,0.988,-0.5,2.5,2.5,-20.1,-2.7,1.019,23,6,0,0,6
26.2,8,isocontour,11.283791670955125,43653.61,91.86,12.5,-15.1,1.054,-2.0,-0.3,2.0,12.5,-15.1,1.052,8,6,0,0,6
26.2,9,isocontour,11.283791670955125,42699.51,89.86,20.7,0.7,0.991,0.4,-2.9,2.9,12.8,-15.0,1.052,8,6,0,0,6
26.2,10,isocontour,11.283791670955125,43183.04,90.87,18.5,-9.5,0.99,0.5,0.9,1.0,12.8,-15.0,1.052,8,6,0,0,6
26.2,11,isocontour,11.283791670955125,43005.96,90.5,-20.2,-4.7,0.993,0.6,0.9,1.1,-20.1,-2.7,1.019,23,6,0,0,6
26.2,12,isocontour,11.283791670955125,42881.86,90.24,-18.6,-9.1,0.995,0.4,-0.6,0.7,-20.1,-2.7,1.019,23,5,0,0,5
26.2,13,isocontour,11.283791670955125,41861.89,88.09,20.5,-3.6,0.989,1.0,4.3,4.4,12.8,-15.0,1.052,8,4,0,0,4
26.2,14,isocontour,11.283791670955125,41775.03,87.91,16.6,-12.8,0.981,-2.7,-1.4,3.0,12.8,-15.0,1.052,8,6,0,0,6
26.2,15,isocontour,11.283791670955125,41166.74,86.63,13.4,15.8,0.99,1.6,-1.9,2.5,11.2,16.3,1.048,5,7,0,0,7
26.2,16,isocontour,11.283791670955125,47231.85,99.39,-23.1,23.1,0.519,0.1,0.9,0.9,-23.1,23.1,0.52,16,0,0,0,0
26.2,17,isocontour,11.283791670955125,42636.81,89.72,18.3,9.7,0.992,0.3,-2.3,2.3,11.2,16.3,1.048,5,7,0,0,7
26.2,18,isocontour,11.283791670955125,46699.9,98.27,7.3,20.5,0.937,2.4,-1.9,3.1,11.2,16.3,1.048,5,2,0,0,2
26.2,19,isocontour,11.283791670955125,42825.25,90.12,-20.7,-0.6,0.991,0.5,-3.1,3.1,-20.1,-2.7,1.019,23,6,0,0,6
26.2,20,isocontour,11.283791670955125,43120.45,90.74,13.1,-16.3,0.985,-2.4,-1.0,2.6,12.8,-15.0,1.052,8,6,0,0,6
26.2,21,isocontour,11.283791670955125,42111.96,88.62,3.8,-20.3,0.995,-2.5,-0.6,2.6,12.8,-15.0,1.052,8,4,0,0,4
26.2,22,isocontour,11.283791670955125,44893.84,94.47,-20.6,-4.0,0.977,-2.5,-1.6,3.0,-20.1,-2.7,1.019,23,6,0,0,6
26.2,23,isocontour,11.283791670955125,44482.11,93.61,-20.0,-2.5,1.024,1.2,-1.1,1.6,-20.1,-2.7,1.019,23,6,0,0,6
26.2,24,isocontour,11.283791670955125,43277.34,91.07,10.4,-17.9,0.992,1.5,0.0,1.5,12.8,-15.0,1.052,8,5,0,0,5
26.2,25,isocontour,11.283791670955125,42686.74,89.83,-20.1,5.4,0.987,0.1,0.7,0.7,-20.1,-2.7,1.019,23,5,0,0,5
26.2,Target,,,,,0.0,0.0,4.023,0.0,0.0,,,,,,,,,
26.3,1,isocontour,11.283791670955125,42853.79,90.18,19.3,7.5,0.992,1.0,1.7,2.0,12.8,-15.0,1.052,8,7,0,0,7
26.3,2,isocontour,11.283791670955125,41337.45,86.99,16.2,13.1,0.988,-0.4,1.3,1.4,11.2,16.2,1.052,5,6,0,0,6
26.3,3,isocontour,11.283791670955125,42636.75,89.72,17.9,10.7,0.984,-0.5,-1.0,1.1,11.2,16.2,1.052,5,7,0,0,7
26.3,4,isocontour,11.283791670955125,44134.22,92.88,17.7,9.7,1.022,0.5,-0.5,0.7,11.2,16.2,1.052,5,7,0,0,7
26.3,5,isocontour,11.283791670955125,41945.17,88.27,11.4,16.0,1.056,1.6,-2.0,2.6,11.4,16.0,1.052,5,6,0,0,6
26.3,6,isocontour,11.283791670955125,43192.84,90.89,12.0,-15.7,1.049,-2.3,0.1,2.3,12.5,-15.1,1.054,8,6,0,0,6
26.3,7,isocontour,11.283791670955125,42726.36,89.91,-20.8,0.9,0.989,0.1,-1.2,1.2,-20.0,-2.5,1.024,23,6,0,0,6
26.3,8,isocontour,11.283791670955125,43630.33,91.81,12.3,-15.2,1.059,-2.5,-0.9,2.7,12.3,-15.2,1.054,8,6,0,0,6
26.3,9,isocontour,11.283791670955125,42667.39,89.79,20.8,0.5,0.985,1.2,-2.7,3.0,12.8,-15.0,1.052,8,6,0,0,6
26.3,10,isocontour,11.283791670955125,43160.02,90.82,18.5,-9.7,0.984,0.1,-2.6,2.6,12.5,-15.1,1.054,8,6,0,0,6
26.3,11,isocontour,11.283791670955125,43004.35,90.5,-20.3,-4.7,0.989,-1.0,0.3,1.0,-20.0,-2.5,1.024,23,6,0,0,6
26.3,12,isocontour,11.283791670955125,42801.73,90.07,-18.4,-9.4,0.996,2.0,-3.4,3.9,-20.0,-2.5,1.024,23,5,0,0,5
26.3,13,isocontour,11.283791670955125,41834.43,88.04,20.5,-3.3,0.992,-0.4,2.8,2.8,12.8,-15.0,1.052,8,4,0,0,4
26.3,14,isocontour,11.283791670955125,41768.1,87.9,16.4,-12.9,0.987,-1.7,-0.5,1.8,12.5,-15.1,1.054,8,6,0,0,6
26.3,15,isocontour,11.283791670955125,41145.51,86.59,13.5,15.6,0.997,0.7,-2.4,2.5,11.2,16.2,1.052,5,7,0,0,7
26.3,16,isocontour,11.283791670955125,47230.75,99.39,-23.0,23.2,0.519,0.7,0.6,0.9,-23.0,23.2,0.52,16,0,0,0,0
26.3,17,isocontour,11.283791670955125,42634.43,89.72,18.3,9.8,0.992,-0.6,1.1,1.3,11.2,16.2,1.052,5,7,0,0,7
26.3,18,isocontour,11.283791670955125,46661.89,98.19,7.5,20.3,0.942,2.5,-1.9,3.1,11.2,16.2,1.052,5,2,0,0,2
26.3,19,isocontour,11.283791670955125,42824.77,90.12,-20.7,-0.6,0.99,-0.3,0.6,0.7,-20.0,-2.5,1.024,23,6,0,0,6
26.3,20,isocontour,11.283791670955125,43117.95,90.74,12.9,-16.3,0.987,-1.1,-0.5,1.2,12.5,-15.1,1.054,8,6,0,0,6
26.3,21,isocontour,11.283791670955125,42090.48,88.57,3.6,-20.4,0.992,-2.4,-0.9,2.6,12.5,-15.1,1.054,8,4,0,0,4
26.3,22,isocontour,11.283791670955125,44892.6,94.47,-20.6,-4.1,0.976,0.4,-0.9,1.0,-20.0,-2.5,1.024,23,6,0,0,6
26.3,23,isocontour,11.283791670955125,44480.59,93.6,-20.0,-2.6,1.025,0.2,-1.0,1.0,-20.0,-2.6,1.024,23,6,0,0,6
26.3,24,isocontour,11.283791670955125,43277.3,91.07,10.5,-17.9,0.991,-0.1,-0.3,0.3,12.5,-15.1,1.054,8,5,0,0,5
26.3,25,isocontour,11.283791670955125,42648.37,89.75,-20.1,5.2,0.99,-0.2,-3.1,3.1,-20.0,-2.5,1.024,23,5,0,0,5
26.3,Target,,,,,0.0,0.0,4.023,0.0,0.0,,,,,,,,,
26.4,1,isocontour,11.283791670955125,42808.4,90.09,19.6,7.5,0.976,3.3,0.1,3.3,12.8,-15.0,1.052,8,7,0,0,7
26.4,2,isocontour,11.283791670955125,41315.21,86.94,16.0,13.2,0.993,-2.3,1.1,2.5,11.4,16.0,1.056,5,6,0,0,6
26.4,3,isocontour,11.283791670955125,42632.79,89.72,17.8,10.7,0.99,-1.4,0.2,1.4,11.4,16.0,1.056,5,7,0,0,7
26.4,4,isocontour,11.283791670955125,44116.5,92.84,17.6,9.9,1.019,-0.6,2.3,2.4,11.4,16.0,1.056,5,7,0,0,7
26.4,5,isocontour,11.283791670955125,41938.0,88.25,11.5,15.8,1.061,0.8,-1.6,1.8,11.5,15.8,1.056,5,6,0,0,6
26.4,6,isocontour,11.283791670955125,43169.57,90.85,11.8,-15.8,1.05,-2.1,-1.6,2.6,12.3,-15.2,1.059,8,6,0,0,6
26.4,7,isocontour,11.283791670955125,42723.62,89.91,-20.7,0.8,0.992,0.5,-1.2,1.3,-20.0,-2.6,1.025,23,6,0,0,6
26.4,8,isocontour,11.283791670955125,43625.32,91.8,12.1,-15.3,1.064,-1.5,-0.3,1.5,12.1,-15.3,1.059,8,6,0,0,6
26.4,9,isocontour,11.283791670955125,42666.03,89.79,20.9,0.5,0.983,0.2,1.0,1.0,12.5,-15.1,1.054,8,6,0,0,6
26.4,10,isocontour,11.283791670955125,43153.78,90.81,18.4,-9.6,0.988,-0.3,1.7,1.7,12.3,-15.2,1.059,8,6,0,0,6
26.4,11,isocontour,11.283791670955125,43001.07,90.49,-20.2,-4.6,0.993,0.9,1.0,1.3,-20.0,-2.6,1.025,23,6,0,0,6
26.4,12,isocontour,11.283791670955125,42790.32,90.05,-18.4,-9.6,0.991,-0.2,-2.1,2.1,-20.0,-2.6,1.025,23,5,0,0,5
26.4,13,isocontour,11.283791670955125,41801.65,87.97,20.5,-3.5,0.99,0.1,-3.0,3.0,12.5,-15.1,1.054,8,4,0,0,4
26.4,14,isocontour,11.283791670955125,41740.64,87.84,16.2,-12.7,1.0,-1.3,2.4,2.7,12.3,-15.2,1.059,8,6,0,0,6
26.4,15,isocontour,11.283791670955125,41120.61,86.53,13.4,15.8,0.993,-1.1,2.4,2.6,11.4,16.0,1.056,5,7,0,0,7
26.4,16,isocontour,11.283791670955125,47229.65,99.39,-23.0,23.2,0.52,0.9,0.4,1.0,-23.0,23.2,0.52,16,0,0,0,0
26.4,17,isocontour,11.283791670955125,42567.88,89.58,18.6,9.7,0.979,3.6,-0.9,3.7,11.4,16.0,1.056,5,7,0,0,7
26.4,18,isocontour,11.283791670955125,46656.97,98.18,7.6,20.2,0.947,0.7,-1.4,1.6,11.4,16.0,1.056,5,2,0,0,2
26.4,19,isocontour,11.283791670955125,42800.69,90.07,-20.9,-0.4,0.985,-1.2,2.4,2.7,-20.0,-2.6,1.025,23,6,0,0,6
26.4,20,isocontour,11.283791670955125,43115.46,90.73,12.8,-16.3,0.992,-1.2,0.3,1.2,12.3,-15.2,1.059,8,6,0,0,6
26.4,21,isocontour,11.283791670955125,42064.47,88.52,3.4,-20.5,0.987,-2.4,-1.3,2.7,12.3,-15.2,1.059,8,4,0,0,4
26.4,22,isocontour,11.283791670955125,44858.13,94.4,-20.4,-3.9,0.988,2.1,2.1,3.0,-20.0,-2.6,1.025,23,6,0,0,6
26.4,23,isocontour,11.283791670955125,44449.44,93.54,-19.9,-2.9,1.029,1.0,-2.7,2.9,-19.9,-2.9,1.025,23,6,0,0,6
26.4,24,isocontour,11.283791670955125,43277.23,91.07,10.5,-18.0,0.989,-0.1,-0.4,0.4,12.3,-15.2,1.059,8,5,0,0,5
26.4,25,isocontour,11.283791670955125,42647.84,89.75,-20.1,5.2,0.992,0.5,0.5,0.7,-20.0,-2.6,1.025,23,5,0,0,5
26.4,Target,,,,,0.0,0.0,4.023,0.0,0.0,,,,,,,,,
26.5,1,isocontour,11.283791670955125,42802.89,90.07,19.6,7.6,0.973,-0.4,1.6,1.6,11.4,16.0,1.056,5,7,0,0,7
26.5,2,isocontour,11.283791670955125,41300.4,86.91,16.0,13.0,0.997,0.8,-2.1,2.2,11.5,15.8,1.061,5,7,0,0,7
26.5,3,isocontour,11.283791670955125,42619.48,89.69,17.9,10.6,0.986,1.9,-1.1,2.2,11.5,15.8,1.061,5,7,0,0,7
26.5,4,isocontour,11.283791670955125,44108.72,92.82,17.5,10.0,1.023,-1.6,0.8,1.8,11.5,15.8,1.061,5,7,0,0,7
26.5,5,isocontour,11.283791670955125,41912.55,88.2,11.7,15.7,1.062,2.1,-1.7,2.7,11.7,15.7,1.061,5,6,0,0,6
26.5,6,isocontour,11.283791670955125,43148.34,90.8,11.9,-15.6,1.055,1.3,2.2,2.6,12.1,-15.3,1.064,8,6,0,0,6
26.5,7,isocontour,11.283791670955125,42702.64,89.86,-20.8,1.0,0.989,-0.6,2.5,2.6,-19.9,-2.9,1.029,23,6,0,0,6
26.5,8,isocontour,11.283791670955125,43603.33,91.76,12.2,-15.1,1.068,1.6,2.0,2.6,12.2,-15.1,1.064,8,6,0,0,6
26.5,9,isocontour,11.283791670955125,42656.91,89.77,20.7,0.5,0.992,-1.9,-0.4,1.9,12.3,-15.2,1.059,8,6,0,0,6
26.5,10,isocontour,11.283791670955125,43116.14,90.73,18.3,-9.8,0.99,-1.7,-2.6,3.1,12.1,-15.3,1.064,8,6,0,0,6
26.5,11,isocontour,11.283791670955125,42981.76,90.45,-20.2,-4.8,0.992,0.2,-2.5,2.5,-19.9,-2.9,1.029,23,6,0,0,6
26.5,12,isocontour,11.283791670955125,42700.82,89.86,-18.2,-10.0,0.99,1.9,-3.7,4.2,-19.9,-2.9,1.029,23,5,0,0,5
26.5,13,isocontour,11.283791670955125,41774.19,87.91,20.6,-3.4,0.983,1.8,2.2,2.8,12.3,-15.2,1.059,8,4,0,0,4
26.5,14,isocontour,11.283791670955125,41726.02,87.81,16.3,-12.4,1.005,0.8,2.1,2.2,12.1,-15.3,1.064,8,6,0,0,6
26.5,15,isocontour,11.283791670955125,41035.57,86.35,13.2,16.0,0.991,-3.0,2.7,4.0,11.5,15.8,1.061,5,7,0,0,7
26.5,16,isocontour,11.283791670955125,47228.55,99.39,-23.0,23.3,0.518,-0.2,0.9,0.9,-23.0,23.3,0.52,16,0,0,0,0
26.5,17,isocontour,11.283791670955125,42567.2,89.58,18.6,9.7,0.98,-0.8,0.2,0.8,11.5,15.8,1.061,5,7,0,0,7
26.5,18,isocontour,11.283791670955125,46652.23,98.17,7.7,20.0,0.953,0.7,-1.4,1.6,11.5,15.8,1.061,5,3,0,0,3
26.5,19,isocontour,11.283791670955125,42798.08,90.06,-20.9,-0.5,0.984,-0.0,-1.3,1.3,-19.9,-2.9,1.029,23,6,0,0,6
26.5,20,isocontour,11.283791670955125,43099.65,90.7,12.6,-16.3,0.997,-2.2,-0.6,2.3,12.1,-15.3,1.064,8,6,0,0,6
26.5,21,isocontour,11.283791670955125,42063.92,88.52,3.3,-20.5,0.988,-0.7,0.1,0.7,12.1,-15.3,1.064,8,4,0,0,4
26.5,22,isocontour,11.283791670955125,44820.12,94.32,-20.3,-3.6,0.996,0.8,3.0,3.1,-19.9,-2.9,1.029,23,6,0,0,6
26.5,23,isocontour,11.283791670955125,44447.91,93.54,-19.9,-2.8,1.027,-0.6,0.8,1.0,-19.9,-2.8,1.029,23,6,0,0,6
26.5,24,isocontour,11.283791670955125,43274.49,91.07,10.5,-18.0,0.983,0.8,-1.0,1.3,12.1,-15.3,1.064,8,5,0,0,5
26.5,25,isocontour,11.283791670955125,42545.47,89.53,-20.1,5.5,0.987,-0.1,4.3,4.3,-19.9,-2.9,1.029,23,5,0,0,5
26.5,Target,,,,,0.0,0.0,4.023,0.0,0.0,,,,,,,,,
26.6,1,isocontour,11.283791670955125,42791.48,90.05,19.5,7.7,0.98,-2.0,0.5,2.1,11.5,15.8,1.061,5,7,0,0,7
26.6,2,isocontour,11.283791670955125,41296.35,86.9,16.0,13.1,0.993,0.3,1.4,1.4,11.7,15.7,1.062,5,7,0,0,7
26.6,3,isocontour,11.283791670955125,42619.12,89.69,18.0,10.5,0.987,-0.1,-0.6,0.6,11.7,15.7,1.062,5,7,0,0,7
26.6,4,isocontour,11.283791670955125,44099.74,92.8,17.3,10.1,1.03,-1.8,0.6,1.9,11.7,15.7,1.062,5,7,0,0,7
26.6,5,isocontour,11.283791670955125,41907.44,88.19,11.7,15.5,1.066,0.7,-1.4,1.6,11.7,15.5,1.062,5,6,0,0,6
26.6,6,isocontour,11.283791670955125,43141.76,90.79,12.0,-15.5,1.059,1.0,1.4,1.7,12.2,-15.1,1.068,8,6,0,0,6
26.6,7,isocontour,11.283791670955125,42700.26,89.86,-20.8,0.9,0.989,0.0,-1.2,1.2,-19.9,-2.9,1.029,23,6,0,0,6
26.6,8,isocontour,11.283791670955125,43584.03,91.72,12.4,-15.0,1.065,2.2,1.1,2.5,12.4,-15.0,1.068,8,6,0,0,6
26.6,9,isocontour,11.283791670955125,42656.0,89.76,20.7,0.6,0.994,-0.1,0.9,0.9,12.1,-15.3,1.064,8,6,0,0,6
26.6,10,isocontour,11.283791670955125,43110.32,90.72,18.4,-9.8,0.985,1.6,0.3,1.6,12.2,-15.1,1.068,8,6,0,0,6
26.6,11,isocontour,11.283791670955125,42872.15,90.22,-20.2,-5.2,0.987,0.1,-4.4,4.4,-19.9,-2.9,1.029,23,6,0,0,6
26.6,12,isocontour,11.283791670955125,42698.77,89.85,-18.1,-10.0,0.994,0.4,1.1,1.2,-19.9,-2.9,1.029,23,4,0,0,4
26.6,13,isocontour,11.283791670955125,41773.92,87.91,20.6,-3.3,0.982,0.1,0.6,0.6,12.1,-15.3,1.064,8,4,0,0,4
26.6,14,isocontour,11.283791670955125,41704.03,87.76,16.5,-12.3,1.001,2.2,1.3,2.6,12.2,-15.1,1.068,8,6,0,0,6
26.6,15,isocontour,11.283791670955125,40968.48,86.21,13.0,16.4,0.982,-1.2,3.5,3.7,11.7,15.7,1.062,5,7,0,0,7
26.6,16,isocontour,11.283791670955125,47227.45,99.38,-23.0,23.3,0.516,-0.9,0.2,0.9,-23.0,23.3,0.52,16,0,0,0,0
26.6,17,isocontour,11.283791670955125,42537.62,89.52,18.4,9.9,0.984,-2.0,2.1,2.9,11.7,15.7,1.062,5,7,0,0,7
26.6,18,isocontour,11.283791670955125,46631.0,98.13,7.9,19.9,0.953,2.4,-0.8,2.5,11.7,15.7,1.062,5,3,0,0,3
26.6,19,isocontour,11.283791670955125,42795.21,90.06,-20.8,-0.6,0.987,0.7,-1.1,1.3,-19.9,-2.9,1.029,23,6,0,0,6
26.6,20,isocontour,11.283791670955125,43045.98,90.58,12.6,-16.7,0.985,-0.2,-3.5,3.5,12.2,-15.1,1.068,8,6,0,0,6
26.6,21,isocontour,11.283791670955125,42029.46,88.45,3.5,-20.5,0.989,2.9,0.8,3.0,12.2,-15.1,1.068,8,4,0,0,4
26.6,22,isocontour,11.283791670955125,44816.55,94.31,-20.4,-3.5,0.996,-0.5,1.3,1.4,-19.9,-2.9,1.029,23,6,0,0,6
26.6,23,isocontour,11.283791670955125,44430.19,93.5,-20.1,-2.9,1.016,-2.0,-1.4,2.4,-19.9,-2.9,1.029,23,6,0,0,6
26.6,24,isocontour,11.283791670955125,43268.25,91.05,10.6,-17.9,0.988,0.4,1.6,1.6,12.2,-15.1,1.068,8,5,0,0,5
26.6,25,isocontour,11.283791670955125,42542.86,89.53,-20.0,5.5,0.989,0.3,-1.2,1.2,-19.9,-2.9,1.029,23,5,0,0,5
26.6,Target,,,,,0.0,0.0,4.023,0.0,0.0,,,,,,,,,
26.7,1,isocontour,11.283791670955125,42779.74,90.02,19.3,7.6,0.992,-2.0,-0.7,2.1,11.7,15.5,1.066,5,8,0,0,8
26.7,2,isocontour,11.283791670955125,41288.44,86.89,16.0,13.3,0.986,0.0,1.8,1.8,11.7,15.5,1.066,5,7,0,0,7
26.7,3,isocontour,11.283791670955125,42595.31,89.64,17.9,10.3,0.994,-0.1,-2.7,2.7,11.7,15.5,1.066,5,7,0,0,7
26.7,4,isocontour,11.283791670955125,44093.82,92.79,17.4,10.0,1.028,1.3,-1.0,1.6,11.7,15.5,1.066,5,7,0,0,7
26.7,5,isocontour,11.283791670955125,41899.53,88.17,11.9,15.5,1.062,1.8,-0.2,1.8,11.9,15.5,1.066,5,7,0,0,7
26.7,6,isocontour,11.283791670955125,43135.4,90.77,12.1,-15.3,1.063,0.8,1.5,1.7,12.2,-15.1,1.068,8,6,0,0,6
26.7,7,isocontour,11.283791670955125,42663.34,89.78,-20.7,0.6,0.991,0.4,-3.0,3.0,-19.9,-2.9,1.029,23,6,0,0,6
26.7,8,isocontour,11.283791670955125,43558.29,91.66,12.7,-14.8,1.063,2.2,1.5,2.7,12.2,-15.1,1.068,8,6,0,0,6
26.7,9,isocontour,11.283791670955125,42626.43,89.7,20.7,0.3,0.992,0.6,-2.8,2.9,12.2,-15.1,1.068,8,6,0,0,6
26.7,10,isocontour,11.283791670955125,43110.01,90.72,18.5,-9.8,0.981,0.6,0.1,0.6,12.2,-15.1,1.068,8,7,0,0,7
26.7,11,isocontour,11.283791670955125,42869.71,90.21,-20.1,-5.1,0.989,0.3,1.2,1.2,-19.9,-2.9,1.029,23,6,0,0,6
26.7,12,isocontour,11.283791670955125,42678.04,89.81,-18.0,-10.1,0.994,1.1,-2.3,2.5,-19.9,-2.9,1.029,23,5,0,0,5
26.7,13,isocontour,11.283791670955125,41736.28,87.83,20.5,-3.5,0.985,-1.2,-2.9,3.1,12.2,-15.1,1.068,8,4,0,0,4
26.7,14,isocontour,11.283791670955125,41696.75,87.75,16.7,-12.3,0.993,1.8,-0.1,1.8,12.2,-15.1,1.068,8,6,0,0,6
26.7,15,isocontour,11.283791670955125,40968.29,86.21,12.9,16.5,0.981,-0.5,0.2,0.5,11.7,15.5,1.066,5,7,0,0,7
26.7,16,isocontour,11.283791670955125,47226.35,99.38,-23.0,23.4,0.516,0.9,0.3,0.9,-23.0,23.4,0.52,16,0,0,0,0
26.7,17,isocontour,11.283791670955125,42532.51,89.5,18.4,9.8,0.986,0.5,-1.5,1.6,11.7,15.5,1.066,5,7,0,0,7
26.7,18,isocontour,11.283791670955125,46622.7,98.11,8.0,19.8,0.959,0.7,-1.7,1.8,11.7,15.5,1.066,5,3,0,0,3
26.7,19,isocontour,11.283791670955125,42757.93,89.98,-20.7,-0.8,0.99,0.7,-3.0,3.1,-19.9,-2.9,1.029,23,6,0,0,6
26.7,20,isocontour,11.283791670955125,43045.81,90.58,12.6,-16.7,0.983,0.3,0.4,0.5,12.2,-15.1,1.068,8,6,0,0,6
26.7,21,isocontour,11.283791670955125,42021.16,88.43,3.6,-20.3,0.996,1.0,1.6,1.9,12.2,-15.1,1.068,8,4,0,0,4
26.7,22,isocontour,11.283791670955125,44800.94,94.28,-20.6,-3.4,0.986,-2.1,0.9,2.3,-19.9,-2.9,1.029,23,6,0,0,6
26.7,23,isocontour,11.283791670955125,44405.57,93.45,-19.9,-3.1,1.023,2.2,-1.5,2.7,-19.9,-2.9,1.029,23,6,0,0,6
26.7,24,isocontour,11.283791670955125,43255.12,91.03,10.7,-17.8,0.987,2.0,0.8,2.2,12.2,-15.1,1.068,8,6,0,0,6
26.7,25,isocontour,11.283791670955125,42504.48,89.45,-20.0,5.2,0.993,-0.0,-3.1,3.1,-19.9,-2.9,1.029,23,5,0,0,5
26.7,Target,,,,,0.0,0.0,4.023,0.0,0.0,,,,,,,,,
26.8,1,isocontour,11.283791670955125,42754.01,89.97,19.2,7.9,0.99,-0.3,2.7,2.7,12.2,-15.1,1.068,8,8,0,0,8
26.8,2,isocontour,11.283791670955125,41288.07,86.89,16.0,13.3,0.988,-0.2,-0.6,0.6,11.7,15.5,1.066,5,7,0,0,7
26.8,3,isocontour,11.283791670955125,42569.3,89.58,17.8,10.5,0.995,-1.3,2.4,2.7,12.2,-15.1,1.068,8,7,0,0,7
26.8,4,isocontour,11.283791670955125,44080.87,92.76,17.4,9.8,1.034,-0.1,-2.2,2.2,12.2,-15.1,1.068,8,7,0,0,7
26.8,5,isocontour,11.283791670955125,41883.3,88.14,12.0,15.3,1.066,1.1,-2.1,2.4,11.7,15.5,1.066,5,7,0,0,7
26.8,6,isocontour,11.283791670955125,43113.93,90.73,11.9,-15.4,1.066,-2.3,-1.1,2.5,12.2,-15.1,1.068,8,6,0,0,6
26.8,7,isocontour,11.283791670955125,42662.17,89.78,-20.8,0.6,0.987,-0.9,0.4,1.0,-19.9,-2.9,1.029,23,6,0,0,6
26.8,8,isocontour,11.283791670955125,43530.24,91.6,12.5,-14.9,1.067,-2.6,-1.0,2.8,12.2,-15.1,1.068,8,6,0,0,6
26.8,9,isocontour,11.283791670955125,42594.31,89.63,20.8,0.1,0.986,1.2,-2.7,3.0,12.2,-15.1,1.068,8,6,0,0,6
26.8,10,isocontour,11.283791670955125,43107.4,90.71,18.4,-9.8,0.987,-1.2,0.4,1.3,12.2,-15.1,1.068,8,7,0,0,7
26.8,11,isocontour,11.283791670955125,42831.34,90.13,-20.1,-4.9,0.995,0.4,3.1,3.1,-19.9,-2.9,1.029,23,6,0,0,6
26.8,12,isocontour,11.283791670955125,42574.24,89.59,-18.0,-10.5,0.987,0.9,-4.3,4.4,-19.9,-2.9,1.029,23,5,0,0,5
26.8,13,isocontour,11.283791670955125,41708.22,87.77,20.3,-3.5,0.998,-2.3,1.5,2.7,12.2,-15.1,1.068,8,4,0,0,4
26.8,14,isocontour,11.283791670955125,41696.34,87.74,16.7,-12.3,0.99,0.6,0.2,0.6,12.2,-15.1,1.068,8,6,0,0,6
26.8,15,isocontour,11.283791670955125,40952.68,86.18,13.1,16.3,0.981,1.8,-1.4,2.3,11.7,15.5,1.066,5,7,0,0,7
26.8,16,isocontour,11.283791670955125,47225.25,99.38,-22.9,23.3,0.519,0.4,-0.9,1.0,-22.9,23.3,0.52,16,0,0,0,0
26.8,17,isocontour,11.283791670955125,42529.09,89.5,18.3,9.7,0.991,-0.6,-1.2,1.3,12.2,-15.1,1.068,8,7,0,0,7
26.8,18,isocontour,11.283791670955125,46610.45,98.09,8.1,19.6,0.967,0.9,-1.9,2.1,11.7,15.5,1.066,5,3,0,0,3
26.8,19,isocontour,11.283791670955125,42751.69,89.97,-20.9,-0.9,0.983,-1.7,-0.4,1.7,-19.9,-2.9,1.029,23,6,0,0,6
26.8,20,isocontour,11.283791670955125,43015.93,90.52,12.3,-16.7,0.992,-2.9,0.1,2.9,12.2,-15.1,1.068,8,6,0,0,6
26.8,21,isocontour,11.283791670955125,42018.95,88.42,3.7,-20.3,0.997,1.2,0.1,1.2,12.2,-15.1,1.068,8,4,0,0,4
26.8,22,isocontour,11.283791670955125,44791.82,94.26,-20.7,-3.2,0.982,-0.9,1.7,1.9,-19.9,-2.9,1.029,23,6,0,0,6
26.8,23,isocontour,11.283791670955125,44376.61,93.39,-19.8,-2.9,1.032,1.0,2.6,2.8,-19.9,-2.9,1.029,23,6,0,0,6
26.8,24,isocontour,11.283791670955125,43254.12,91.02,10.7,-17.8,0.991,-0.8,0.3,0.9,12.2,-15.1,1.068,8,6,0,0,6
26.8,25,isocontour,11.283791670955125,42501.93,89.44,-20.0,5.3,0.997,0.9,0.9,1.3,-19.9,-2.9,1.029,23,5,0,0,5
26.8,Target,,,,,0.0,0.0,4.023,0.0,0.0,,,,,,,,,
26.9,1,isocontour,11.283791670955125,42753.14,89.97,19.3,7.9,0.988,0.6,-0.7,0.9,12.2,-15.1,1.068,8,7,0,0,7
26.9,2,isocontour,11.283791670955125,41258.18,86.82,16.2,13.0,0.99,1.5,-2.4,2.8,12.2,-15.1,1.068,8,7,0,0,7
26.9,3,isocontour,11.283791670955125,42566.02,89.57,17.9,10.5,0.989,1.3,0.4,1.4,12.2,-15.1,1.068,8,7,0,0,7
26.9,4,isocontour,11.283791670955125,44074.17,92.75,17.6,9.8,1.027,1.7,-0.1,1.7,12.2,-15.1,1.068,8,7,0,0,7
26.9,5,isocontour,11.283791670955125,41875.77,88.12,12.1,15.1,1.072,0.5,-1.7,1.8,12.2,-15.1,1.068,8,7,0,0,7
26.9,6,isocontour,11.283791670955125,43092.94,90.68,11.7,-15.6,1.066,-2.0,-1.6,2.6,12.2,-15.1,1.068,8,6,0,0,6
26.9,7,isocontour,11.283791670955125,42648.86,89.75,-20.7,0.8,0.992,1.2,1.8,2.2,-19.8,-2.9,1.032,23,5,0,0,5
26.9,8,isocontour,11.283791670955125,43522.2,91.59,12.4,-15.0,1.064,-0.8,-1.6,1.8,12.2,-15.1,1.068,8,6,0,0,6
26.9,9,isocontour,11.283791670955125,42593.7,89.63,20.8,0.1,0.987,-0.5,0.6,0.8,12.2,-15.1,1.068,8,6,0,0,6
26.9,10,isocontour,11.283791670955125,43105.19,90.71,18.3,-9.7,0.993,-1.2,0.3,1.2,12.2,-15.1,1.068,8,7,0,0,7
26.9,11,isocontour,11.283791670955125,42810.6,90.09,-20.1,-5.0,0.992,-0.2,-2.5,2.5,-19.8,-2.9,1.032,23,6,0,0,6
26.9,12,isocontour,11.283791670955125,42572.03,89.59,-18.0,-10.5,0.985,-0.8,0.9,1.2,-19.8,-2.9,1.032,23,4,0,0,4
26.9,13,isocontour,11.283791670955125,41706.74,87.77,20.2,-3.5,1.003,-0.7,-0.8,1.1,12.2,-15.1,1.068,8,3,0,0,3
26.9,14,isocontour,11.283791670955125,41610.67,87.56,17.1,-12.3,0.975,4.1,0.2,4.1,12.2,-15.1,1.068,8,6,0,0,6
26.9,15,isocontour,11.283791670955125,40942.07,86.16,13.1,16.1,0.987,0.2,-2.0,2.0,12.2,-15.1,1.068,8,7,0,0,7
26.9,16,isocontour,11.283791670955125,47224.15,99.38,-22.9,23.2,0.521,0.3,-0.9,0.9,-22.9,23.2,0.52,16,0,0,0,0
26.9,17,isocontour,11.283791670955125,42501.03,89.44,18.5,9.5,0.99,1.7,-2.2,2.8,12.2,-15.1,1.068,8,7,0,0,7
26.9,18,isocontour,11.283791670955125,46606.49,98.08,8.2,19.5,0.972,0.7,-1.2,1.4,11.7,15.5,1.066,5,3,0,0,3
26.9,19,isocontour,11.283791670955125,42699.39,89.86,-20.9,-0.6,0.983,0.2,3.4,3.4,-19.8,-2.9,1.032,23,6,0,0,6
26.9,20,isocontour,11.283791670955125,42996.62,90.48,12.4,-16.5,0.997,1.5,2.0,2.5,12.2,-15.1,1.068,8,6,0,0,6
26.9,21,isocontour,11.283791670955125,41909.33,88.19,3.4,-20.4,0.994,-4.2,-1.3,4.4,12.2,-15.1,1.068,8,4,0,0,4
26.9,22,isocontour,11.283791670955125,44789.27,94.25,-20.6,-3.1,0.986,0.7,1.0,1.2,-19.8,-2.9,1.032,23,6,0,0,6
26.9,23,isocontour,11.283791670955125,44351.71,93.33,-19.8,-2.6,1.036,0.2,2.7,2.7,-19.8,-2.6,1.032,23,6,0,0,6
26.9,24,isocontour,11.283791670955125,43218.62,90.95,10.9,-17.7,0.988,2.9,0.9,3.0,12.2,-15.1,1.068,8,6,0,0,6
26.9,25,isocontour,11.283791670955125,42470.78,89.37,-20.0,5.5,0.992,-0.4,2.9,2.9,-19.8,-2.9,1.032,23,5,0,0,5
26.9,Target,,,,,0.0,0.0,4.023,0.0,0.0,,,,,,,,,
27.0,1,isocontour,11.283791670955125,42741.73,89.94,19.2,8.0,0.985,-0.3,2.1,2.1,12.1,15.1,1.072,5,7,0,0,7
27.0,2,isocontour,11.283791670955125,41257.68,86.82,16.2,13.0,0.991,0.2,-0.7,0.7,12.1,15.1,1.072,5,7,0,0,7
27.0,3,isocontour,11.283791670955125,42564.18,89.57,18.0,10.6,0.982,0.9,0.6,1.1,12.1,15.1,1.072,5,7,0,0,7
27.0,4,isocontour,11.283791670955125,44052.94,92.7,17.7,9.6,1.026,1.3,-2.2,2.6,12.1,15.1,1.072,5,7,0,0,7
27.0,5,isocontour,11.283791670955125,41861.72,88.09,12.3,15.0,1.068,2.2,-0.5,2.3,12.3,15.0,1.072,5,7,0,0,7
27.0,6,isocontour,11.283791670955125,43080.17,90.66,11.7,-15.8,1.055,0.9,-2.0,2.2,12.2,-15.1,1.068,8,6,0,0,6
27.0,7,isocontour,11.283791670955125,42633.45,89.72,-20.8,1.0,0.986,-1.4,1.8,2.3,-19.8,-2.6,1.036,23,5,0,0,5
27.0,8,isocontour,11.283791670955125,43484.92,91.51,12.2,-15.3,1.061,-2.1,-2.3,3.1,12.2,-15.1,1.068,8,6,0,0,6
27.0,9,isocontour,11.283791670955125,42576.84,89.6,20.6,0.2,0.997,-2.0,1.3,2.4,12.2,-15.1,1.068,8,6,0,0,6
27.0,10,isocontour,11.283791670955125,43097.28,90.69,18.4,-9.8,0.985,1.6,-0.9,1.8,12.2,-15.1,1.068,8,7,0,0,7
27.0,11,isocontour,11.283791670955125,42788.87,90.04,-20.1,-5.3,0.989,0.2,-2.6,2.6,-19.8,-2.6,1.036,23,6,0,0,6
27.0,12,isocontour,11.283791670955125,42559.26,89.56,-18.1,-10.4,0.982,-1.5,1.6,2.2,-19.8,-2.6,1.036,23,4,0,0,4
27.0,13,isocontour,11.283791670955125,41680.44,87.71,20.3,-3.3,1.0,1.1,2.5,2.7,12.2,-15.1,1.068,8,3,0,0,3
27.0,14,isocontour,11.283791670955125,41586.86,87.51,17.3,-12.0,0.974,1.1,2.4,2.6,12.2,-15.1,1.068,8,6,0,0,6
27.0,15,isocontour,11.283791670955125,40940.18,86.15,13.2,16.0,0.992,0.2,-1.1,1.1,12.1,15.1,1.072,5,7,0,0,7
27.0,16,isocontour,11.283791670955125,47223.05,99.38,-22.9,23.1,0.523,0.2,-0.9,0.9,-22.9,23.1,0.521,16,0,0,0,0
27.0,17,isocontour,11.283791670955125,42496.11,89.43,18.6,9.5,0.983,1.5,0.3,1.5,12.1,15.1,1.072,5,7,0,0,7
27.0,18,isocontour,11.283791670955125,46601.28,98.07,8.2,19.3,0.977,0.7,-1.4,1.6,12.1,15.1,1.072,5,3,0,0,3
27.0,19,isocontour,11.283791670955125,42668.24,89.79,-20.8,-0.8,0.989,1.4,-2.5,2.9,-19.8,-2.6,1.036,23,6,0,0,6
27.0,20,isocontour,11.283791670955125,42979.12,90.44,12.5,-16.7,0.987,0.5,-2.3,2.4,12.2,-15.1,1.068,8,6,0,0,6
27.0,21,isocontour,11.283791670955125,41799.71,87.96,3.0,-20.6,0.99,-4.2,-1.4,4.4,12.2,-15.1,1.068,8,4,0,0,4
27.0,22,isocontour,11.283791670955125,44786.59,94.25,-20.5,-3.0,0.99,0.6,1.1,1.3,-19.8,-2.6,1.036,23,6,0,0,6
27.0,23,isocontour,11.283791670955125,44325.7,93.28,-19.8,-2.4,1.036,-0.6,2.7,2.8,-19.8,-2.4,1.036,23,6,0,0,6
27.0,24,isocontour,11.283791670955125,43215.27,90.94,10.9,-17.6,0.993,-1.1,0.8,1.4,12.2,-15.1,1.068,8,6,0,0,6
27.0,25,isocontour,11.283791670955125,42449.05,89.33,-20.0,5.8,0.989,0.4,2.5,2.5,-19.8,-2.6,1.036,23,5,0,0,5
27.0,Target,,,,,0.0,0.0,4.023,0.0,0.0,,,,,,,,,
27.1,1,isocontour,11.283791670955125,42715.71,89.89,19.1,7.9,0.996,-1.7,-2.1,2.7,12.1,15.1,1.072,5,7,0,0,7
27.1,2,isocontour,11.283791670955125,41236.45,86.78,16.3,12.8,0.992,1.5,-2.0,2.5,12.1,15.1,1.072,5,7,0,0,7
27.1,3,isocontour,11.283791670955125,42563.01,89.57,18.0,10.5,0.985,-0.5,-0.8,0.9,12.1,15.1,1.072,5,7,0,0,7
27.1,4,isocontour,11.283791670955125,44035.0,92.67,17.8,9.4,1.027,0.9,-2.2,2.4,12.1,15.1,1.072,5,7,0,0,7
27.1,5,isocontour,11.283791670955125,41860.2,88.09,12.3,15.0,1.07,0.4,-1.0,1.1,12.1,15.1,1.072,5,7,0,0,7
27.1,6,isocontour,11.283791670955125,43058.94,90.61,11.6,-15.9,1.051,-1.8,-1.8,2.5,12.2,-15.1,1.068,8,6,0,0,6
27.1,7,isocontour,11.283791670955125,42631.13,89.71,-20.8,0.9,0.986,0.2,-1.2,1.2,-19.8,-2.6,1.036,23,5,0,0,5
27.1,8,isocontour,11.283791670955125,43477.88,91.49,12.1,-15.4,1.056,-0.6,-1.7,1.8,12.2,-15.1,1.068,8,6,0,0,6
27.1,9,isocontour,11.283791670955125,42574.63,89.59,20.6,0.3,0.998,0.1,1.2,1.2,12.1,15.1,1.072,5,6,0,0,6
27.1,10,isocontour,11.283791670955125,43075.3,90.65,18.5,-9.6,0.983,1.4,2.1,2.5,12.2,-15.1,1.068,8,7,0,0,7
27.1,11,isocontour,11.283791670955125,42788.11,90.04,-20.1,-5.4,0.985,-0.6,-0.6,0.8,-19.8,-2.6,1.036,23,6,0,0,6
27.1,12,isocontour,11.283791670955125,42556.33,89.55,-18.2,-10.3,0.982,-0.6,1.1,1.3,-19.8,-2.6,1.036,23,4,0,0,4
27.1,13,isocontour,11.283791670955125,41677.02,87.7,20.4,-3.4,0.996,0.6,-1.2,1.3,12.2,-15.1,1.068,8,3,0,0,3
27.1,14,isocontour,11.283791670955125,41570.64,87.48,17.4,-11.8,0.975,1.3,2.0,2.4,12.2,-15.1,1.068,8,6,0,0,6
27.1,15,isocontour,11.283791670955125,40933.48,86.14,13.1,16.1,0.989,-0.7,1.6,1.7,12.1,15.1,1.072,5,7,0,0,7
27.1,16,isocontour,11.283791670955125,47221.95,99.37,-22.9,23.2,0.522,-0.3,0.9,0.9,-22.9,23.2,0.523,16,0,0,0,0
27.1,17,isocontour,11.283791670955125,42446.48,89.32,18.8,9.2,0.98,1.9,-2.8,3.4,12.1,15.1,1.072,5,7,0,0,7
27.1,18,isocontour,11.283791670955125,46587.42,98.04,8.4,19.2,0.976,2.1,-0.5,2.2,12.1,15.1,1.072,5,3,0,0,3
27.1,19,isocontour,11.283791670955125,42665.56,89.78,-20.7,-0.9,0.993,0.5,-1.2,1.3,-19.8,-2.6,1.036,23,6,0,0,6
27.1,20,isocontour,11.283791670955125,42970.14,90.43,12.4,-16.8,0.981,-0.8,-1.7,1.9,12.2,-15.1,1.068,8,6,0,0,6
27.1,21,isocontour,11.283791670955125,41799.17,87.96,2.9,-20.6,0.99,-0.7,0.2,0.7,12.2,-15.1,1.068,8,4,0,0,4
27.1,22,isocontour,11.283791670955125,44785.83,94.25,-20.5,-3.1,0.991,0.2,-0.8,0.8,-19.8,-2.6,1.036,23,6,0,0,6
27.1,23,isocontour,11.283791670955125,44324.53,93.28,-19.9,-2.3,1.032,-0.7,0.7,1.0,-19.9,-2.3,1.036,23,6,0,0,6
27.1,24,isocontour,11.283791670955125,43214.06,90.94,10.8,-17.5,0.999,-0.7,0.7,1.0,12.2,-15.1,1.068,8,6,0,0,6
27.1,25,isocontour,11.283791670955125,42448.71,89.33,-20.0,5.9,0.988,-0.1,0.6,0.6,-19.8,-2.6,1.036,23,5,0,0,5
27.1,Target,,,,,0.0,0.0,4.023,0.0,0.0,,,,,,,,,
27.2,1,isocontour,11.283791670955125,42691.36,89.84,19.1,8.1,0.993,0.1,2.7,2.7,12.1,15.1,1.072,5,7,0,0,7
27.2,2,isocontour,11.283791670955125,41084.53,86.46,16.2,13.1,0.987,-2.1,4.4,4.9,12.1,15.1,1.072,5,7,0,0,7
27.2,3,isocontour,11.283791670955125,42541.28,89.52,18.0,10.3,0.993,-0.3,-2.5,2.5,12.1,15.1,1.072,5,7,0,0,7
27.2,4,isocontour,11.283791670955125,44034.46,92.67,17.8,9.3,1.029,-0.0,-0.7,0.7,12.1,15.1,1.072,5,7,0,0,7
27.2,5,isocontour,11.283791670955125,41848.63,88.07,12.4,14.8,1.075,0.8,-1.9,2.1,12.1,15.1,1.072,5,7,0,0,7
27.2,6,isocontour,11.283791670955125,43056.89,90.61,11.6,-16.1,1.046,0.1,-1.2,1.2,12.2,-15.1,1.068,8,6,0,0,6
27.2,7,isocontour,11.283791670955125,42627.92,89.71,-20.7,0.8,0.99,0.8,-1.1,1.4,-19.8,-2.6,1.036,23,5,0,0,5
27.2,8,isocontour,11.283791670955125,43468.61,91.47,11.9,-15.5,1.058,-1.8,-0.7,1.9,12.2,-15.1,1.068,8,6,0,0,6
27.2,9,isocontour,11.283791670955125,42466.49,89.37,20.8,-0.0,0.991,1.6,-4.1,4.4,12.1,15.1,1.072,5,6,0,0,6
27.2,10,isocontour,11.283791670955125,43056.0,90.61,18.4,-9.6,0.993,-2.4,0.5,2.5,12.1,15.1,1.072,5,7,0,0,7
27.2,11,isocontour,11.283791670955125,42750.47,89.96,-20.2,-5.1,0.987,-0.4,3.1,3.1,-19.8,-2.6,1.036,23,6,0,0,6
27.2,12,isocontour,11.283791670955125,42548.42,89.54,-18.3,-10.1,0.98,-1.2,1.4,1.8,-19.8,-2.6,1.036,23,4,0,0,4
27.2,13,isocontour,11.283791670955125,41675.17,87.7,20.4,-3.5,0.991,0.6,-0.9,1.1,12.1,15.1,1.072,5,3,0,0,3
27.2,14,isocontour,11.283791670955125,41532.26,87.4,17.2,-12.0,0.981,-2.6,-1.7,3.1,12.2,-15.1,1.068,8,6,0,0,6
27.2,15,isocontour,11.283791670955125,40925.18,86.12,13.2,16.1,0.983,1.9,-0.2,1.9,12.1,15.1,1.072,5,7,0,0,7
27.2,16,isocontour,11.283791670955125,47220.85,99.37,-23.0,23.2,0.519,-0.9,0.3,0.9,-23.0,23.2,0.523,16,0,0,0,0
27.2,17,isocontour,11.283791670955125,42424.24,89.28,18.8,9.0,0.987,-0.8,-2.5,2.6,12.1,15.1,1.072,5,7,0,0,7
27.2,18,isocontour,11.283791670955125,46560.54,97.98,8.6,19.0,0.983,1.5,-2.3,2.7,12.1,15.1,1.072,5,3,0,0,3
27.2,19,isocontour,11.283791670955125,42643.58,89.74,-20.7,-0.7,0.993,-0.1,2.6,2.6,-19.8,-2.6,1.036,23,6,0,0,6
27.2,20,isocontour,11.283791670955125,42941.17,90.36,12.2,-16.9,0.987,-2.8,-0.2,2.8,12.2,-15.1,1.068,8,6,0,0,6
27.2,21,isocontour,11.283791670955125,41780.1,87.92,2.6,-20.6,0.991,-2.4,-0.3,2.4,12.2,-15.1,1.068,8,4,0,0,4
27.2,22,isocontour,11.283791670955125,44697.62,94.06,-20.6,-3.4,0.984,-1.0,-4.0,4.1,-19.8,-2.6,1.036,23,6,0,0,6
27.2,23,isocontour,11.283791670955125,44300.72,93.23,-20.0,-2.0,1.03,-0.7,2.6,2.7,-20.0,-2.0,1.036,23,6,0,0,6
27.2,24,isocontour,11.283791670955125,43206.41,90.92,10.7,-17.6,1.002,-1.7,-0.5,1.8,12.2,-15.1,1.068,8,6,0,0,6
27.2,25,isocontour,11.283791670955125,42410.7,89.25,-20.0,5.6,0.992,0.0,-3.1,3.1,-19.8,-2.6,1.036,23,5,0,0,5
27.2,Target,,,,,0.0,0.0,4.023,0.0,0.0,,,,,,,,,
27.3,1,isocontour,11.283791670955125,42689.79,89.84,19.2,8.1,0.988,1.0,-0.2,1.0,12.4,14.8,1.075,5,7,0,0,7
27.3,2,isocontour,11.283791670955125,41081.79,86.45,16.2,13.3,0.98,0.6,1.1,1.3,12.4,14.8,1.075,5,7,0,0,7
27.3,3,isocontour,11.283791670955125,42527.23,89.49,17.8,10.4,0.998,-1.6,1.5,2.2,12.4,14.8,1.075,5,7,0,0,7
27.3,4,isocontour,11.283791670955125,44034.05,92.66,17.8,9.2,1.029,0.3,-0.6,0.7,12.4,14.8,1.075,5,7,0,0,7
27.3,5,isocontour,11.283791670955125,41829.78,88.03,12.5,14.6,1.08,1.3,-2.1,2.5,12.5,14.6,1.075,5,7,0,0,7
27.3,6,isocontour,11.283791670955125,43055.96,90.61,11.6,-16.2,1.041,0.0,-0.9,0.9,12.1,15.1,1.072,5,6,0,0,6
27.3,7,isocontour,11.283791670955125,42625.43,89.7,-20.8,0.7,0.989,-0.4,-1.2,1.3,-19.8,-2.6,1.036,23,6,0,0,6
27.3,8,isocontour,11.283791670955125,43442.88,91.42,11.8,-15.7,1.054,-1.4,-2.3,2.7,12.1,15.1,1.072,5,6,0,0,6
27.3,9,isocontour,11.283791670955125,42439.32,89.31,21.0,-0.2,0.979,2.2,-1.6,2.7,12.1,15.1,1.072,5,6,0,0,6
27.3,10,isocontour,11.283791670955125,43051.95,90.6,18.4,-9.6,0.989,1.2,-0.9,1.5,12.1,15.1,1.072,5,7,0,0,7
27.3,11,isocontour,11.283791670955125,42716.34,89.89,-20.2,-4.8,0.988,-0.6,2.9,3.0,-19.8,-2.6,1.036,23,6,0,0,6
27.3,12,isocontour,11.283791670955125,42521.25,89.48,-18.3,-9.9,0.986,0.1,2.8,2.8,-19.8,-2.6,1.036,23,5,0,0,5
27.3,13,isocontour,11.283791670955125,41544.3,87.42,20.6,-3.1,0.984,2.0,4.2,4.7,12.1,15.1,1.072,5,3,0,0,3
27.3,14,isocontour,11.283791670955125,41524.73,87.38,17.1,-12.1,0.981,-1.0,-1.5,1.8,12.1,15.1,1.072,5,6,0,0,6
27.3,15,isocontour,11.283791670955125,40917.65,86.11,13.3,16.0,0.989,0.1,-1.8,1.8,12.4,14.8,1.075,5,7,0,0,7
27.3,16,isocontour,11.283791670955125,47219.75,99.37,-23.1,23.2,0.519,-0.7,-0.7,1.0,-23.1,23.2,0.523,16,0,0,0,0
27.3,17,isocontour,11.283791670955125,42406.52,89.24,18.7,8.7,0.997,-0.9,-2.2,2.4,12.4,14.8,1.075,5,7,0,0,7
27.3,18,isocontour,11.283791670955125,46549.29,97.96,8.7,18.9,0.99,0.9,-1.9,2.1,12.4,14.8,1.075,5,3,0,0,3
27.3,19,isocontour,11.283791670955125,42638.47,89.73,-20.8,-0.8,0.989,-0.8,-1.3,1.5,-19.8,-2.6,1.036,23,6,0,0,6
27.3,20,isocontour,11.283791670955125,42919.44,90.32,11.9,-16.9,0.996,-2.6,0.3,2.6,12.1,15.1,1.072,5,6,0,0,6
27.3,21,isocontour,11.283791670955125,41759.6,87.88,2.4,-20.6,0.99,-2.5,-0.5,2.5,12.2,-15.1,1.068,8,4,0,0,4
27.3,22,isocontour,11.283791670955125,44696.09,94.06,-20.7,-3.5,0.978,-1.0,-0.4,1.1,-19.8,-2.6,1.036,23,6,0,0,6
27.3,23,isocontour,11.283791670955125,44299.15,93.22,-20.0,-1.9,1.028,-0.4,1.0,1.1,-20.0,-1.9,1.036,23,6,0,0,6
27.3,24,isocontour,11.283791670955125,43188.02,90.88,10.6,-17.8,0.993,-0.4,-2.4,2.4,12.1,15.1,1.072,5,6,0,0,6
27.3,25,isocontour,11.283791670955125,42391.16,89.21,-20.0,5.8,0.989,-0.1,2.5,2.5,-19.8,-2.6,1.036,23,5,0,0,5
27.3,Target,,,,,0.0,0.0,4.023,0.0,0.0,,,,,,,,,
27.4,1,isocontour,11.283791670955125,42686.66,89.83,19.2,8.2,0.983,0.3,1.3,1.3,12.5,14.6,1.08,5,8,0,0,8
27.4,2,isocontour,11.283791670955125,41061.05,86.41,16.2,13.1,0.987,-0.1,-2.5,2.5,12.5,14.6,1.08,5,7,0,0,7
27.4,3,isocontour,11.283791670955125,42514.98,89.47,17.8,10.6,0.993,-0.1,2.1,2.1,12.5,14.6,1.08,5,7,0,0,7
27.4,4,isocontour,11.283791670955125,44030.4,92.66,17.9,9.3,1.024,0.5,1.3,1.4,12.5,14.6,1.08,5,7,0,0,7
27.4,5,isocontour,11.283791670955125,41816.47,88.0,12.6,14.4,1.085,0.9,-2.0,2.2,12.6,14.4,1.08,5,7,0,0,7
27.4,6,isocontour,11.283791670955125,42959.83,90.4,11.4,-16.5,1.031,-2.0,-3.7,4.2,12.1,15.1,1.072,5,6,0,0,6
27.4,7,isocontour,11.283791670955125,42606.59,89.66,-20.7,0.8,0.99,0.4,2.4,2.4,-19.8,-2.6,1.036,23,6,0,0,6
27.4,8,isocontour,11.283791670955125,43440.78,91.42,11.7,-15.8,1.055,-1.1,-0.2,1.1,12.1,15.1,1.072,5,6,0,0,6
27.4,9,isocontour,11.283791670955125,42291.96,89.0,21.0,0.2,0.979,-0.5,4.9,4.9,12.4,14.8,1.075,5,6,0,0,6
27.4,10,isocontour,11.283791670955125,43049.85,90.59,18.4,-9.5,0.991,-0.1,1.2,1.2,12.1,15.1,1.072,5,6,0,0,6
27.4,11,isocontour,11.283791670955125,42682.9,89.82,-20.2,-4.5,0.993,0.5,2.9,2.9,-19.8,-2.6,1.036,23,6,0,0,6
27.4,12,isocontour,11.283791670955125,42507.39,89.45,-18.3,-9.6,0.994,0.4,2.2,2.2,-19.8,-2.6,1.036,23,5,0,0,5
27.4,13,isocontour,11.283791670955125,41543.49,87.42,20.7,-3.0,0.984,0.0,0.8,0.8,12.1,15.1,1.072,5,3,0,0,3
27.4,14,isocontour,11.283791670955125,41511.96,87.36,16.9,-12.3,0.981,-1.3,-1.7,2.1,12.1,15.1,1.072,5,6,0,0,6
27.4,15,isocontour,11.283791670955125,40886.5,86.04,13.4,15.8,0.993,1.7,-2.3,2.9,12.5,14.6,1.08,5,7,0,0,7
27.4,16,isocontour,11.283791670955125,47218.65,99.37,-23.1,23.1,0.518,-0.9,-0.2,0.9,-23.1,23.1,0.523,16,0,0,0,0
27.4,17,isocontour,11.283791670955125,42406.05,89.24,18.7,8.7,0.998,0.4,-0.6,0.7,12.5,14.6,1.08,5,7,0,0,7
27.4,18,isocontour,11.283791670955125,46548.5,97.96,8.7,18.9,0.988,0.5,0.7,0.9,12.5,14.6,1.08,5,3,0,0,3
27.4,19,isocontour,11.283791670955125,42636.52,89.72,-20.7,-0.9,0.99,0.4,-1.1,1.2,-19.8,-2.6,1.036,23,6,0,0,6
27.4,20,isocontour,11.283791670955125,42913.63,90.31,11.9,-16.7,1.002,0.6,1.5,1.6,12.1,15.1,1.072,5,6,0,0,6
27.4,21,isocontour,11.283791670955125,41757.11,87.87,2.4,-20.6,0.993,1.0,0.8,1.3,12.1,15.1,1.072,5,4,0,0,4
27.4,22,isocontour,11.283791670955125,44692.82,94.05,-20.6,-3.4,0.982,0.8,1.1,1.4,-19.8,-2.6,1.036,23,6,0,0,6
27.4,23,isocontour,11.283791670955125,44271.39,93.16,-20.1,-1.7,1.026,-0.6,2.7,2.8,-20.1,-1.7,1.036,23,6,0,0,6
27.4,24,isocontour,11.283791670955125,43165.78,90.84,10.4,-18.0,0.99,-2.1,-1.5,2.6,12.1,15.1,1.072,5,5,0,0,5
27.4,25,isocontour,11.283791670955125,42390.77,89.21,-20.0,5.9,0.988,0.1,0.7,0.7,-19.8,-2.6,1.036,23,5,0,0,5
27.4,Target,,,,,0.0,0.0,4.023,0.0,0.0,,,,,,,,,
27.5,1,isocontour,11.283791670955125,42656.14,89.76,19.1,8.4,0.983,-1.2,2.6,2.9,12.6,14.4,1.085,5,7,0,0,7
27.5,2,isocontour,11.283791670955125,41057.09,86.4,16.3,13.0,0.989,0.9,-1.1,1.4,12.6,14.4,1.085,5,7,0,0,7
27.5,3,isocontour,11.283791670955125,42472.8,89.38,18.0,10.5,0.987,2.5,-2.0,3.2,12.6,14.4,1.085,5,7,0,0,7
27.5,4,isocontour,11.283791670955125,44002.05,92.6,17.9,9.6,1.017,-0.1,2.8,2.8,12.6,14.4,1.085,5,7,0,0,7
27.5,5,isocontour,11.283791670955125,41810.86,87.99,12.8,14.3,1.081,1.6,-0.2,1.6,12.8,14.3,1.085,5,7,0,0,7
27.5,6,isocontour,11.283791670955125,42876.03,90.23,11.2,-16.2,1.05,-1.9,3.6,4.1,12.1,15.1,1.072,5,6,0,0,6
27.5,7,isocontour,11.283791670955125,42587.28,89.62,-20.7,1.1,0.99,0.0,2.5,2.5,-19.8,-2.6,1.036,23,6,0,0,6
27.5,8,isocontour,11.283791670955125,43428.18,91.39,11.6,-16.0,1.048,-0.4,-2.1,2.1,12.1,15.1,1.072,5,6,0,0,6
27.5,9,isocontour,11.283791670955125,42288.96,88.99,20.9,0.3,0.983,-0.8,1.1,1.4,12.5,14.6,1.08,5,6,0,0,6
27.5,10,isocontour,11.283791670955125,43033.0,90.56,18.5,-9.3,0.993,0.6,2.3,2.4,12.4,14.8,1.075,5,6,0,0,6
27.5,11,isocontour,11.283791670955125,42667.08,89.79,-20.2,-4.3,0.998,0.3,2.3,2.3,-19.8,-2.6,1.036,23,6,0,0,6
27.5,12,isocontour,11.283791670955125,42486.41,89.41,-18.2,-9.8,0.993,0.7,-2.4,2.5,-19.8,-2.6,1.036,23,5,0,0,5
27.5,13,isocontour,11.283791670955125,41518.31,87.37,20.6,-3.2,0.985,-0.6,-2.6,2.7,12.5,14.6,1.08,5,4,0,0,4
27.5,14,isocontour,11.283791670955125,41482.39,87.29,16.7,-12.4,0.986,-2.4,-1.5,2.8,12.1,15.1,1.072,5,6,0,0,6
27.5,15,isocontour,11.283791670955125,40885.57,86.04,13.4,15.8,0.994,-0.7,0.5,0.9,12.6,14.4,1.085,5,7,0,0,7
27.5,16,isocontour,11.283791670955125,47217.55,99.36,-23.2,23.2,0.515,-0.4,0.9,1.0,-23.2,23.2,0.523,16,0,0,0,0
27.5,17,isocontour,11.283791670955125,42296.44,89.01,18.9,8.3,0.994,2.5,-3.7,4.5,12.6,14.4,1.085,5,7,0,0,7
27.5,18,isocontour,11.283791670955125,46548.13,97.95,8.7,18.9,0.986,-0.5,0.4,0.6,12.6,14.4,1.085,5,3,0,0,3
27.5,19,isocontour,11.283791670955125,42636.1,89.72,-20.7,-0.9,0.99,-0.1,0.7,0.7,-19.8,-2.6,1.036,23,6,0,0,6
27.5,20,isocontour,11.283791670955125,42829.83,90.13,12.0,-17.0,0.985,1.3,-3.8,4.0,12.1,15.1,1.072,5,6,0,0,6
27.5,21,isocontour,11.283791670955125,41734.36,87.82,2.2,-20.6,0.992,-2.6,-0.5,2.6,12.1,15.1,1.072,5,4,0,0,4
27.5,22,isocontour,11.283791670955125,44664.46,93.99,-20.5,-3.2,0.992,1.7,2.2,2.8,-19.8,-2.6,1.036,23,6,0,0,6
27.5,23,isocontour,11.283791670955125,44270.52,93.16,-20.0,-1.7,1.026,0.2,-0.8,0.8,-20.0,-1.7,1.036,23,6,0,0,6
27.5,24,isocontour,11.283791670955125,43162.21,90.83,10.4,-18.1,0.984,0.2,-1.4,1.4,12.1,15.1,1.072,5,5,0,0,5
27.5,25,isocontour,11.283791670955125,42355.97,89.13,-19.9,5.6,0.993,0.3,-3.0,3.0,-19.8,-2.6,1.036,23,5,0,0,5
27.5,Target,,,,,0.0,0.0,4.023,0.0,0.0,,,,,,,,,
27.6,1,isocontour,11.283791670955125,42650.54,89.75,19.1,8.6,0.979,0.0,1.6,1.6,12.6,14.4,1.085,5,7,0,0,7
27.6,2,isocontour,11.283791670955125,41053.67,86.39,16.3,12.8,0.99,0.6,-1.2,1.3,12.6,14.4,1.085,5,7,0,0,7
27.6,3,isocontour,11.283791670955125,42472.6,89.38,18.0,10.5,0.984,0.1,0.5,0.5,12.6,14.4,1.085,5,7,0,0,7
27.6,4,isocontour,11.283791670955125,43997.58,92.59,17.8,9.7,1.015,-0.5,1.4,1.5,12.6,14.4,1.085,5,7,0,0,7
27.6,5,isocontour,11.283791670955125,41808.71,87.98,12.9,14.3,1.076,1.2,0.0,1.2,12.6,14.4,1.085,5,7,0,0,7
27.6,6,isocontour,11.283791670955125,42872.61,90.22,11.2,-16.1,1.059,0.0,1.4,1.4,12.4,14.8,1.075,5,6,0,0,6
27.6,7,isocontour,11.283791670955125,42559.82,89.56,-20.8,1.3,0.984,-1.1,2.5,2.7,-19.8,-2.6,1.036,23,6,0,0,6
27.6,8,isocontour,11.283791670955125,43401.88,91.33,11.7,-15.8,1.053,1.2,2.4,2.7,12.4,14.8,1.075,5,6,0,0,6
27.6,9,isocontour,11.283791670955125,42286.58,88.99,20.8,0.4,0.988,-0.9,0.8,1.2,12.6,14.4,1.085,5,6,0,0,6
27.6,10,isocontour,11.283791670955125,43009.72,90.51,18.6,-9.1,0.995,0.9,2.5,2.7,12.5,14.6,1.08,5,6,0,0,6
27.6,11,isocontour,11.283791670955125,42561.13,89.56,-20.2,-4.6,0.991,-0.8,-4.3,4.4,-19.8,-2.6,1.036,23,6,0,0,6
27.6,12,isocontour,11.283791670955125,42464.68,89.36,-18.2,-10.1,0.99,0.7,-2.5,2.6,-19.8,-2.6,1.036,23,5,0,0,5
27.6,13,isocontour,11.283791670955125,41517.03,87.37,20.5,-3.3,0.987,-0.6,-0.7,0.9,12.5,14.6,1.08,5,3,0,0,3
27.6,14,isocontour,11.283791670955125,41480.77,87.29,16.7,-12.4,0.99,0.1,1.1,1.1,12.5,14.6,1.08,5,6,0,0,6
27.6,15,isocontour,11.283791670955125,40862.02,85.99,13.3,16.0,0.987,-0.7,2.5,2.6,12.6,14.4,1.085,5,7,0,0,7
27.6,16,isocontour,11.283791670955125,47216.45,99.36,-23.2,23.1,0.516,-0.3,-0.9,0.9,-23.2,23.1,0.523,16,0,0,0,0
27.6,17,isocontour,11.283791670955125,42252.27,88.91,19.2,8.1,0.988,2.3,-2.3,3.3,12.6,14.4,1.085,5,7,0,0,7
27.6,18,isocontour,11.283791670955125,46522.96,97.9,8.9,18.9,0.985,2.5,-0.9,2.7,12.6,14.4,1.085,5,3,0,0,3
27.6,19,isocontour,11.283791670955125,42635.91,89.72,-20.8,-0.8,0.989,-0.2,0.5,0.5,-19.8,-2.6,1.036,23,6,0,0,6
27.6,20,isocontour,11.283791670955125,42826.48,90.12,12.2,-17.1,0.979,1.4,0.2,1.4,12.4,14.8,1.075,5,6,0,0,6
27.6,21,isocontour,11.283791670955125,41733.48,87.82,2.1,-20.6,0.994,-0.8,0.3,0.9,12.1,15.1,1.072,5,4,0,0,4
27.6,22,isocontour,11.283791670955125,44658.22,93.98,-20.5,-3.3,0.988,-1.1,-1.3,1.7,-19.8,-2.6,1.036,23,6,0,0,6
27.6,23,isocontour,11.283791670955125,44269.7,93.16,-20.0,-1.8,1.026,-0.0,-0.9,0.9,-20.0,-1.8,1.036,23,6,0,0,6
27.6,24,isocontour,11.283791670955125,43145.14,90.79,10.2,-18.2,0.984,-2.2,-1.0,2.4,12.1,15.1,1.072,5,5,0,0,5
27.6,25,isocontour,11.283791670955125,42334.98,89.09,-19.9,5.8,0.992,0.3,2.5,2.5,-19.8,-2.6,1.036,23,5,0,0,5
27.6,Target,,,,,0.0,0.0,4.023,0.0,0.0,,,,,,,,,
27.7,1,isocontour,11.283791670955125,42534.88,89.51,18.9,9.0,0.98,-2.1,4.0,4.5,12.6,14.4,1.085,5,7,0,0,7
27.7,2,isocontour,11.283791670955125,41053.28,86.39,16.4,12.8,0.989,0.6,-0.4,0.7,12.6,14.4,1.085,5,7,0,0,7
27.7,3,isocontour,11.283791670955125,42450.36,89.33,17.9,10.3,0.995,-1.3,-2.3,2.6,12.6,14.4,1.085,5,7,0,0,7
27.7,4,isocontour,11.283791670955125,43990.17,92.57,17.8,9.6,1.019,-0.2,-1.8,1.8,12.6,14.4,1.085,5,7,0,0,7
27.7,5,isocontour,11.283791670955125,41807.14,87.98,13.0,14.2,1.078,0.4,-1.0,1.1,12.6,14.4,1.085,5,7,0,0,7
27.7,6,isocontour,11.283791670955125,42842.09,90.16,11.3,-15.8,1.065,1.6,2.4,2.9,12.5,14.6,1.08,5,6,0,0,6
27.7,7,isocontour,11.283791670955125,42557.61,89.56,-20.8,1.3,0.984,0.2,-1.2,1.2,-19.8,-2.6,1.036,23,5,0,0,5
27.7,8,isocontour,11.283791670955125,43394.96,91.32,11.8,-15.6,1.056,1.2,1.3,1.8,12.5,14.6,1.08,5,6,0,0,6
27.7,9,isocontour,11.283791670955125,42265.1,88.94,20.7,0.2,0.994,-1.0,-2.4,2.6,12.6,14.4,1.085,5,6,0,0,6
27.7,10,isocontour,11.283791670955125,43006.44,90.5,18.7,-9.0,0.992,1.2,0.6,1.3,12.6,14.4,1.085,5,6,0,0,6
27.7,11,isocontour,11.283791670955125,42539.65,89.52,-20.3,-4.9,0.986,-0.2,-2.6,2.6,-19.8,-2.6,1.036,23,6,0,0,6
27.7,12,isocontour,11.283791670955125,42462.24,89.36,-18.2,-10.0,0.992,-0.1,1.2,1.2,-19.8,-2.6,1.036,23,4,0,0,4
27.7,13,isocontour,11.283791670955125,41490.15,87.31,20.5,-3.5,0.99,-1.0,-2.6,2.8,12.6,14.4,1.085,5,3,0,0,3
27.7,14,isocontour,11.283791670955125,41477.57,87.28,16.8,-12.3,0.99,0.9,1.0,1.3,12.5,14.6,1.08,5,6,0,0,6
27.7,15,isocontour,11.283791670955125,40855.78,85.98,13.4,16.0,0.981,1.7,0.1,1.7,12.6,14.4,1.085,5,7,0,0,7
27.7,16,isocontour,11.283791670955125,47215.35,99.36,-23.2,23.2,0.514,-0.2,0.9,0.9,-23.2,23.2,0.523,16,0,0,0,0
27.7,17,isocontour,11.283791670955125,42251.73,88.91,19.1,8.0,0.99,-0.5,-0.5,0.7,12.6,14.4,1.085,5,7,0,0,7
27.7,18,isocontour,11.283791670955125,46519.89,97.9,9.0,18.8,0.987,0.8,-1.1,1.4,12.6,14.4,1.085,5,3,0,0,3
27.7,19,isocontour,11.283791670955125,42631.95,89.71,-20.7,-0.9,0.995,1.2,-0.8,1.4,-19.8,-2.6,1.036,23,6,0,0,6
27.7,20,isocontour,11.283791670955125,42824.05,90.12,12.2,-17.0,0.983,0.0,1.2,1.2,12.5,14.6,1.08,5,6,0,0,6
27.7,21,isocontour,11.283791670955125,41732.87,87.82,2.1,-20.6,0.994,-0.7,-0.2,0.7,12.4,14.8,1.075,5,4,0,0,4
27.7,22,isocontour,11.283791670955125,44656.51,93.97,-20.5,-3.3,0.991,1.1,-0.2,1.1,-19.8,-2.6,1.036,23,6,0,0,6
27.7,23,isocontour,11.283791670955125,44267.44,93.16,-20.0,-1.8,1.031,1.1,-0.4,1.2,-20.0,-1.8,1.036,23,6,0,0,6
27.7,24,isocontour,11.283791670955125,43113.99,90.73,10.0,-18.1,0.996,-2.5,1.4,2.9,12.5,14.6,1.08,5,5,0,0,5
27.7,25,isocontour,11.283791670955125,42225.37,88.86,-19.9,6.2,0.988,0.5,4.4,4.4,-19.8,-2.6,1.036,23,5,0,0,5
27.7,Target,,,,,0.0,0.0,4.023,0.0,0.0,,,,,,,,,
27.8,1,isocontour,11.283791670955125,42510.53,89.46,18.7,9.0,0.992,-2.5,-0.8,2.6,12.6,14.4,1.085,5,7,0,0,7
27.8,2,isocontour,11.283791670955125,41051.84,86.39,16.3,12.8,0.989,-0.6,0.8,1.0,12.6,14.4,1.085,5,7,0,0,7
27.8,3,isocontour,11.283791670955125,42420.16,89.27,17.9,10.5,0.991,-0.3,2.9,2.9,12.6,14.4,1.085,5,7,0,0,7
27.8,4,isocontour,11.283791670955125,43988.23,92.57,17.8,9.5,1.024,-0.4,-1.1,1.2,12.6,14.4,1.085,5,7,0,0,7
27.8,5,isocontour,11.283791670955125,41806.64,87.98,13.0,14.2,1.077,0.7,-0.3,0.8,12.6,14.4,1.085,5,7,0,0,7
27.8,6,isocontour,11.283791670955125,42807.28,90.08,11.1,-16.0,1.065,-2.4,-1.8,3.0,12.6,14.4,1.085,5,6,0,0,6
27.8,7,isocontour,11.283791670955125,42519.97,89.48,-20.8,1.0,0.987,0.4,-3.1,3.1,-19.8,-2.6,1.036,23,5,0,0,5
27.8,8,isocontour,11.283791670955125,43366.6,91.26,11.6,-15.7,1.062,-2.7,-0.8,2.8,12.6,14.4,1.085,5,6,0,0,6
27.8,9,isocontour,11.283791670955125,42254.65,88.92,20.8,0.1,0.986,1.7,-1.0,2.0,12.6,14.4,1.085,5,6,0,0,6
27.8,10,isocontour,11.283791670955125,43006.13,90.5,18.7,-9.0,0.991,-0.2,-0.6,0.6,12.6,14.4,1.085,5,6,0,0,6
27.8,11,isocontour,11.283791670955125,42539.04,89.52,-20.2,-5.0,0.986,0.4,-0.7,0.8,-19.8,-2.6,1.036,23,6,0,0,6
27.8,12,isocontour,11.283791670955125,42461.82,89.36,-18.1,-10.0,0.992,0.3,-0.6,0.7,-19.8,-2.6,1.036,23,4,0,0,4
27.8,13,isocontour,11.283791670955125,41485.42,87.3,20.6,-3.5,0.985,1.3,0.8,1.5,12.6,14.4,1.085,5,3,0,0,3
27.8,14,isocontour,11.283791670955125,41475.62,87.28,16.7,-12.3,0.992,-1.0,-0.5,1.1,12.6,14.4,1.085,5,6,0,0,6
27.8,15,isocontour,11.283791670955125,40852.98,85.97,13.5,15.9,0.984,0.2,-1.3,1.3,12.6,14.4,1.085,5,7,0,0,7
27.8,16,isocontour,11.283791670955125,47214.25,99.36,-23.3,23.2,0.512,-0.9,0.3,0.9,-23.3,23.2,0.523,16,0,0,0,0
27.8,17,isocontour,11.283791670955125,42216.57,88.84,19.1,8.3,0.989,-0.7,2.9,3.0,12.6,14.4,1.085,5,7,0,0,7
27.8,18,isocontour,11.283791670955125,46516.89,97.89,9.1,18.6,0.991,0.8,-1.1,1.4,12.6,14.4,1.085,5,3,0,0,3
27.8,19,isocontour,11.283791670955125,42610.47,89.67,-20.7,-0.7,0.994,-0.3,2.5,2.5,-19.8,-2.6,1.036,23,6,0,0,6
27.8,20,isocontour,11.283791670955125,42821.25,90.11,12.1,-16.9,0.989,-0.7,1.1,1.3,12.6,14.4,1.085,5,6,0,0,6
27.8,21,isocontour,11.283791670955125,41707.14,87.77,1.8,-20.7,0.99,-2.5,-1.0,2.7,12.5,14.6,1.08,5,4,0,0,4
27.8,22,isocontour,11.283791670955125,44627.86,93.91,-20.6,-3.1,0.987,-1.5,2.4,2.8,-19.8,-2.6,1.036,23,6,0,0,6
27.8,23,isocontour,11.283791670955125,44266.56,93.15,-19.9,-1.9,1.031,-0.2,-0.9,0.9,-19.9,-1.9,1.036,23,6,0,0,6
27.8,24,isocontour,11.283791670955125,43091.49,90.68,10.1,-18.1,0.993,2.6,0.2,2.6,12.5,14.6,1.08,5,5,0,0,5
27.8,25,isocontour,11.283791670955125,42223.21,88.85,-19.9,6.2,0.987,-0.4,-1.1,1.2,-19.8,-2.6,1.036,23,5,0,0,5
27.8,Target,,,,,0.0,0.0,4.023,0.0,0.0,,,,,,,,,
27.9,1,isocontour,11.283791670955125,42507.47,89.45,18.6,8.8,0.998,-0.3,-1.3,1.3,12.6,14.4,1.085,5,7,0,0,7
27.9,2,isocontour,11.283791670955125,41024.08,86.33,16.2,12.7,1.002,-2.1,-1.9,2.8,12.6,14.4,1.085,5,7,0,0,7
27.9,3,isocontour,11.283791670955125,42396.08,89.22,18.0,10.7,0.978,1.7,2.1,2.7,12.6,14.4,1.085,5,7,0,0,7
27.9,4,isocontour,11.283791670955125,43973.99,92.54,18.0,9.5,1.016,2.2,-0.0,2.2,12.6,14.4,1.085,5,7,0,0,7
27.9,5,isocontour,11.283791670955125,41786.63,87.93,13.2,14.1,1.073,2.2,-1.2,2.5,12.6,14.4,1.085,5,7,0,0,7
27.9,6,isocontour,11.283791670955125,42805.34,90.08,11.1,-15.9,1.069,0.3,1.1,1.1,12.6,14.4,1.085,5,6,0,0,6
27.9,7,isocontour,11.283791670955125,42517.53,89.47,-20.8,0.9,0.989,0.2,-1.2,1.2,-19.8,-2.6,1.036,23,5,0,0,5
27.9,8,isocontour,11.283791670955125,43340.59,91.2,11.7,-15.5,1.067,1.6,2.2,2.7,12.6,14.4,1.085,5,6,0,0,6
27.9,9,isocontour,11.283791670955125,42213.25,88.83,20.9,0.3,0.98,1.0,3.0,3.2,12.6,14.4,1.085,5,6,0,0,6
27.9,10,isocontour,11.283791670955125,42900.18,90.28,18.8,-8.7,0.991,1.8,4.0,4.4,12.6,14.4,1.085,5,6,0,0,6
27.9,11,isocontour,11.283791670955125,42535.31,89.51,-20.2,-4.9,0.991,0.6,1.3,1.4,-19.8,-2.6,1.036,23,6,0,0,6
27.9,12,isocontour,11.283791670955125,42357.31,89.14,-18.0,-10.4,0.99,1.7,-4.0,4.3,-19.8,-2.6,1.036,23,4,0,0,4
27.9,13,isocontour,11.283791670955125,41484.38,87.3,20.6,-3.4,0.984,0.1,0.9,0.9,12.6,14.4,1.085,5,3,0,0,3
27.9,14,isocontour,11.283791670955125,41459.6,87.25,16.9,-12.3,0.985,2.3,0.4,2.3,12.6,14.4,1.085,5,6,0,0,6
27.9,15,isocontour,11.283791670955125,40850.05,85.96,13.5,15.8,0.989,0.1,-1.3,1.3,12.6,14.4,1.085,5,7,0,0,7
27.9,16,isocontour,11.283791670955125,47213.15,99.35,-23.4,23.2,0.511,-0.8,-0.5,0.9,-23.4,23.2,0.523,16,0,0,0,0
27.9,17,isocontour,11.283791670955125,42213.71,88.83,19.0,8.4,0.988,-0.5,1.2,1.3,12.6,14.4,1.085,5,7,0,0,7
27.9,18,isocontour,11.283791670955125,46516.04,97.89,9.0,18.6,0.995,-0.7,-0.4,0.8,12.6,14.4,1.085,5,3,0,0,3
27.9,19,isocontour,11.283791670955125,42587.46,89.62,-20.8,-0.4,0.989,-1.2,2.3,2.6,-19.8,-2.6,1.036,23,6,0,0,6
27.9,20,isocontour,11.283791670955125,42818.11,90.11,12.1,-16.7,0.997,-0.5,1.2,1.3,12.6,14.4,1.085,5,6,0,0,6
27.9,21,isocontour,11.283791670955125,41672.33,87.69,2.0,-20.6,0.992,2.9,0.9,3.0,12.6,14.4,1.085,5,4,0,0,4
27.9,22,isocontour,11.283791670955125,44566.98,93.79,-20.5,-3.4,0.987,0.8,-3.5,3.6,-19.8,-2.6,1.036,23,6,0,0,6
27.9,23,isocontour,11.283791670955125,44265.5,93.15,-19.9,-2.0,1.031,0.1,-0.9,0.9,-19.9,-2.0,1.036,23,6,0,0,6
27.9,24,isocontour,11.283791670955125,42979.64,90.45,9.9,-18.3,0.986,-3.1,-3.2,4.5,12.6,14.4,1.085,5,5,0,0,5
27.9,25,isocontour,11.283791670955125,42218.29,88.84,-20.0,6.0,0.985,-0.7,-1.4,1.6,-19.8,-2.6,1.036,23,5,0,0,5
27.9,Target,,,,,0.0,0.0,4.023,0.0,0.0,,,,,,,,,
28.0,1,isocontour,11.283791670955125,42485.23,89.4,18.7,8.6,0.998,1.3,-2.3,2.6,18.7,8.6,0.998,1,7,0,0,7
28.0,2,isocontour,11.283791670955125,41008.67,86.3,16.3,12.5,1.003,1.7,-1.5,2.3,16.3,12.5,1.002,2,7,0,0,7
28.0,3,isocontour,11.283791670955125,42394.04,89.21,18.0,10.7,0.981,-0.6,-1.0,1.2,18.0,10.7,0.978,3,7,0,0,7
28.0,4,isocontour,11.283791670955125,43970.49,92.53,18.0,9.6,1.012,-0.3,1.4,1.4,18.0,9.6,1.016,4,7,0,0,7
28.0,5,isocontour,11.283791670955125,41783.49,87.93,13.4,14.1,1.068,1.3,-0.0,1.3,13.4,14.1,1.073,5,7,0,0,7
28.0,6,isocontour,11.283791670955125,42799.83,90.07,11.2,-15.8,1.07,1.3,1.0,1.6,11.2,-15.8,1.069,6,6,0,0,6
28.0,7,isocontour,11.283791670955125,42479.53,89.39,-20.7,0.6,0.991,0.3,-3.1,3.1,-20.7,0.6,0.989,7,5,0,0,5
28.0,8,isocontour,11.283791670955125,43316.24,91.15,11.6,-15.7,1.062,-1.3,-2.3,2.6,11.6,-15.7,1.067,8,6,0,0,6
28.0,9,isocontour,11.283791670955125,42176.69,88.76,20.9,0.6,0.983,-0.9,2.9,3.0,20.9,0.6,0.98,9,6,0,0,6
28.0,10,isocontour,11.283791670955125,42862.17,90.2,19.1,-8.5,0.985,2.3,2.1,3.1,19.1,-8.5,0.991,10,6,0,0,6
28.0,11,isocontour,11.283791670955125,42532.94,89.51,-20.1,-4.8,0.994,0.4,1.1,1.2,-20.1,-4.8,0.991,11,6,0,0,6
28.0,12,isocontour,11.283791670955125,42355.87,89.13,-17.9,-10.4,0.994,0.9,0.5,1.0,-17.9,-10.4,0.99,12,4,0,0,4
28.0,13,isocontour,11.283791670955125,41456.63,87.24,20.5,-3.6,0.988,-1.2,-2.5,2.8,20.5,-3.6,0.984,13,3,0,0,3
28.0,14,isocontour,11.283791670955125,41459.23,87.25,16.9,-12.2,0.983,0.5,0.4,0.6,16.9,-12.2,0.985,14,6,0,0,6
28.0,15,isocontour,11.283791670955125,40847.18,85.96,13.6,15.7,0.99,1.0,-0.9,1.3,13.6,15.7,0.989,15,7,0,0,7
28.0,16,isocontour,11.283791670955125,47212.05,99.35,-23.3,23.2,0.512,0.9,0.3,0.9,-23.3,23.2,0.511,16,0,0,0,0
28.0,17,isocontour,11.283791670955125,42183.51,88.77,18.8,8.6,0.994,-2.2,1.8,2.8,18.8,8.6,0.988,17,7,0,0,7
28.0,18,isocontour,11.283791670955125,46418.55,97.68,8.7,18.8,0.994,-3.7,2.1,4.3,8.7,18.8,0.995,18,3,0,0,3
28.0,19,isocontour,11.283791670955125,42583.96,89.61,-20.8,-0.5,0.986,-0.3,-1.3,1.3,-20.8,-0.5,0.989,19,6,0,0,6
28.0,20,isocontour,11.283791670955125,42817.61,90.1,12.1,-16.8,0.994,0.6,-0.5,0.8,12.1,-16.8,0.997,20,6,0,0,6
28.0,21,isocontour,11.283791670955125,41671.78,87.69,2.0,-20.6,0.992,-0.7,-0.2,0.7,2.0,-20.6,0.992,21,4,0,0,4
28.0,22,isocontour,11.283791670955125,44561.67,93.77,-20.4,-3.4,0.995,1.6,0.2,1.6,-20.4,-3.4,0.987,22,6,0,0,6
28.0,23,isocontour,11.283791670955125,44264.5,93.15,-19.9,-2.1,1.03,0.0,-0.9,0.9,-19.9,-2.1,1.031,23,6,0,0,6
28.0,24,isocontour,11.283791670955125,42977.84,90.44,9.8,-18.3,0.989,-0.9,0.6,1.1,9.8,-18.3,0.986,24,5,0,0,5
28.0,25,isocontour,11.283791670955125,42215.49,88.84,-19.9,5.9,0.988,0.2,-1.3,1.3,-19.9,5.9,0.985,25,5,0,0,5
28.0,Target,,,,,0.0,0.0,4.023,0.0,0.0,,,,,,,,,
28.1,1,isocontour,11.283791670955125,42455.96,89.34,18.9,8.4,0.993,2.1,-2.0,2.9,13.4,14.1,1.073,5,7,0,0,7
28.1,2,isocontour,11.283791670955125,40952.67,86.18,16.3,12.8,0.992,-0.1,3.5,3.5,13.4,14.1,1.073,5,7,0,0,7
28.1,3,isocontour,11.283791670955125,42380.73,89.19,18.0,10.5,0.988,-0.3,-2.2,2.2,13.4,14.1,1.073,5,7,0,0,7
28.1,4,isocontour,11.283791670955125,43951.65,92.49,17.9,9.8,1.009,-0.6,2.4,2.5,13.4,14.1,1.073,5,7,0,0,7
28.1,5,isocontour,11.283791670955125,41758.87,87.88,13.6,14.0,1.064,2.3,-1.4,2.7,13.6,14.0,1.073,5,7,0,0,7
28.1,6,isocontour,11.283791670955125,42675.52,89.81,10.9,-16.0,1.07,-3.8,-2.6,4.6,10.9,-16.0,1.07,6,6,0,0,6
28.1,7,isocontour,11.283791670955125,42458.3,89.35,-20.7,0.7,0.99,-0.1,2.5,2.5,-19.9,-2.1,1.031,23,5,0,0,5
28.1,8,isocontour,11.283791670955125,43315.91,91.15,11.7,-15.7,1.06,0.6,0.1,0.6,11.2,-15.8,1.07,6,6,0,0,6
28.1,9,isocontour,11.283791670955125,42139.77,88.68,20.8,0.9,0.986,-0.7,3.0,3.1,18.0,9.6,1.016,4,6,0,0,6
28.1,10,isocontour,11.283791670955125,42861.83,90.2,19.1,-8.4,0.982,0.6,0.2,0.6,11.2,-15.8,1.07,6,6,0,0,6
28.1,11,isocontour,11.283791670955125,42514.99,89.47,-20.2,-4.9,0.986,-1.5,-1.9,2.4,-19.9,-2.1,1.031,23,6,0,0,6
28.1,12,isocontour,11.283791670955125,42355.48,89.13,-17.9,-10.4,0.995,0.2,-0.6,0.6,-19.9,-2.1,1.031,23,4,0,0,4
28.1,13,isocontour,11.283791670955125,41455.14,87.24,20.5,-3.7,0.988,0.0,-1.0,1.0,19.1,-8.5,0.991,10,3,0,0,3
28.1,14,isocontour,11.283791670955125,41424.77,87.17,16.7,-12.4,0.988,-2.5,-1.6,3.0,11.2,-15.8,1.07,6,6,0,0,6
28.1,15,isocontour,11.283791670955125,40844.8,85.95,13.7,15.6,0.991,0.8,-0.9,1.2,13.4,14.1,1.073,5,7,0,0,7
28.1,16,isocontour,11.283791670955125,47210.96,99.35,-23.4,23.2,0.512,-0.8,-0.6,1.0,-23.4,23.2,0.512,16,0,0,0,0
28.1,17,isocontour,11.283791670955125,42141.33,88.68,19.1,8.5,0.984,3.1,-0.9,3.2,13.4,14.1,1.073,5,7,0,0,7
28.1,18,isocontour,11.283791670955125,46390.49,97.62,8.5,18.9,0.993,-2.5,1.3,2.8,13.4,14.1,1.073,5,3,0,0,3
28.1,19,isocontour,11.283791670955125,42580.89,89.61,-20.8,-0.6,0.99,0.8,-1.1,1.4,-19.9,-2.1,1.031,23,6,0,0,6
28.1,20,isocontour,11.283791670955125,42779.97,90.03,12.4,-16.9,0.98,2.5,-1.8,3.1,11.2,-15.8,1.07,6,6,0,0,6
28.1,21,isocontour,11.283791670955125,41638.67,87.62,1.8,-20.8,0.986,-2.5,-1.6,3.0,11.2,-15.8,1.07,6,4,0,0,4
28.1,22,isocontour,11.283791670955125,44529.88,93.71,-20.4,-3.2,0.995,-0.7,2.8,2.9,-19.9,-2.1,1.031,23,6,0,0,6
28.1,23,isocontour,11.283791670955125,44235.84,93.09,-19.9,-2.3,1.03,0.3,-2.8,2.8,-19.9,-2.3,1.031,23,6,0,0,6
28.1,24,isocontour,11.283791670955125,42952.67,90.39,9.6,-18.3,0.997,-2.7,0.3,2.7,11.2,-15.8,1.07,6,5,0,0,5
28.1,25,isocontour,11.283791670955125,42211.44,88.83,-19.9,5.8,0.992,0.5,-1.4,1.5,-19.9,-2.1,1.031,23,5,0,0,5
28.1,Target,,,,,0.0,0.0,4.023,0.0,0.0,,,,,,,,,
28.2,1,isocontour,11.283791670955125,42347.82,89.12,19.1,8.1,0.991,1.8,-4.0,4.4,13.4,14.1,1.073,5,7,0,0,7
28.2,2,isocontour,11.283791670955125,40939.89,86.15,16.3,13.0,0.983,0.3,2.1,2.1,13.4,14.1,1.073,5,7,0,0,7
28.2,3,isocontour,11.283791670955125,42343.08,89.11,17.8,10.6,0.995,-2.5,1.8,3.1,13.4,14.1,1.073,5,7,0,0,7
28.2,4,isocontour,11.283791670955125,43950.12,92.49,17.9,9.8,1.011,-0.0,-1.0,1.0,13.4,14.1,1.073,5,7,0,0,7
28.2,5,isocontour,11.283791670955125,41747.79,87.85,13.8,13.9,1.058,2.0,-0.3,2.0,13.4,14.1,1.073,5,7,0,0,7
28.2,6,isocontour,11.283791670955125,42651.71,89.76,10.9,-16.3,1.059,0.2,-2.6,2.6,10.9,-16.3,1.07,6,6,0,0,6
28.2,7,isocontour,11.283791670955125,42450.64,89.33,-20.9,0.7,0.982,-1.7,-0.7,1.8,-19.9,-2.1,1.031,23,5,0,0,5
28.2,8,isocontour,11.283791670955125,43281.79,91.08,11.5,-15.8,1.059,-2.4,-1.8,3.0,11.2,-15.8,1.07,6,6,0,0,6
28.2,9,isocontour,11.283791670955125,42102.49,88.6,20.7,1.2,0.99,-0.8,3.0,3.1,13.4,14.1,1.073,5,6,0,0,6
28.2,10,isocontour,11.283791670955125,42838.29,90.15,19.0,-8.3,0.993,-1.8,1.9,2.6,11.2,-15.8,1.07,6,6,0,0,6
28.2,11,isocontour,11.283791670955125,42512.79,89.46,-20.3,-4.8,0.986,0.2,1.2,1.2,-19.9,-2.1,1.031,23,6,0,0,6
28.2,12,isocontour,11.283791670955125,42269.81,88.95,-17.8,-10.8,0.987,0.6,-4.0,4.0,-19.9,-2.1,1.031,23,4,0,0,4
28.2,13,isocontour,11.283791670955125,41417.14,87.16,20.4,-4.0,0.99,-1.2,-2.9,3.1,11.2,-15.8,1.07,6,3,0,0,3
28.2,14,isocontour,11.283791670955125,41416.33,87.16,16.5,-12.4,0.995,-1.9,-0.2,1.9,11.2,-15.8,1.07,6,6,0,0,6
28.2,15,isocontour,11.283791670955125,40831.85,85.93,13.5,15.7,0.992,-1.9,1.1,2.2,13.4,14.1,1.073,5,7,0,0,7
28.2,16,isocontour,11.283791670955125,47209.86,99.35,-23.5,23.2,0.51,-0.9,-0.1,0.9,-23.5,23.2,0.512,16,0,0,0,0
28.2,17,isocontour,11.283791670955125,42137.29,88.67,19.1,8.6,0.982,-0.6,1.3,1.4,13.4,14.1,1.073,5,7,0,0,7
28.2,18,isocontour,11.283791670955125,46345.1,97.53,8.2,19.1,0.986,-2.0,2.6,3.3,13.4,14.1,1.073,5,3,0,0,3
28.2,19,isocontour,11.283791670955125,42577.32,89.6,-20.7,-0.7,0.995,1.0,-1.0,1.4,-19.9,-2.1,1.031,23,6,0,0,6
28.2,20,isocontour,11.283791670955125,42759.95,89.98,12.2,-17.0,0.98,-2.3,-1.0,2.5,11.2,-15.8,1.07,6,6,0,0,6
28.2,21,isocontour,11.283791670955125,41638.28,87.62,1.7,-20.8,0.984,-0.6,-0.2,0.6,11.2,-15.8,1.07,6,4,0,0,4
28.2,22,isocontour,11.283791670955125,44433.07,93.5,-20.7,-3.4,0.98,-2.8,-3.1,4.2,-19.9,-2.1,1.031,23,6,0,0,6
28.2,23,isocontour,11.283791670955125,44234.87,93.09,-19.9,-2.5,1.032,0.4,-0.8,0.9,-19.9,-2.1,1.031,23,6,0,0,6
28.2,24,isocontour,11.283791670955125,42950.52,90.38,9.5,-18.2,1.003,0.1,1.2,1.2,11.2,-15.8,1.07,6,5,0,0,5
28.2,25,isocontour,11.283791670955125,42210.96,88.83,-19.9,5.8,0.993,0.2,0.7,0.7,-19.9,-2.1,1.031,23,5,0,0,5
28.2,Target,,,,,0.0,0.0,4.023,0.0,0.0,,,,,,,,,
28.3,1,isocontour,11.283791670955125,42256.36,88.92,19.3,7.7,0.991,1.7,-3.8,4.2,13.4,14.1,1.073,5,7,0,0,7
28.3,2,isocontour,11.283791670955125,40929.59,86.13,16.2,13.2,0.985,-1.7,1.1,2.0,13.4,14.1,1.073,5,7,0,0,7
28.3,3,isocontour,11.283791670955125,42342.52,89.1,17.8,10.6,0.994,0.7,-0.3,0.8,13.4,14.1,1.073,5,7,0,0,7
28.3,4,isocontour,11.283791670955125,43943.2,92.47,17.8,9.7,1.02,-1.6,-0.7,1.7,13.4,14.1,1.073,5,7,0,0,7
28.3,5,isocontour,11.283791670955125,41738.52,87.83,13.9,13.7,1.061,0.7,-1.8,1.9,13.4,14.1,1.073,5,7,0,0,7
28.3,6,isocontour,11.283791670955125,42642.16,89.74,10.9,-16.5,1.047,0.4,-1.9,1.9,10.9,-16.5,1.07,6,5,0,0,5
28.3,7,isocontour,11.283791670955125,42429.91,89.29,-20.8,0.9,0.987,1.4,2.1,2.5,-19.9,-2.5,1.032,23,5,0,0,5
28.3,8,isocontour,11.283791670955125,43280.04,91.08,11.5,-15.8,1.063,0.4,1.0,1.1,11.2,-15.8,1.07,6,6,0,0,6
28.3,9,isocontour,11.283791670955125,42098.11,88.59,20.6,1.3,0.996,-1.3,0.7,1.5,13.4,14.1,1.073,5,6,0,0,6
28.3,10,isocontour,11.283791670955125,42808.09,90.08,19.1,-8.0,0.995,1.2,2.6,2.9,13.4,14.1,1.073,5,5,0,0,5
28.3,11,isocontour,11.283791670955125,42474.41,89.38,-20.2,-4.6,0.991,0.2,3.1,3.1,-19.9,-2.5,1.032,23,6,0,0,6
28.3,12,isocontour,11.283791670955125,42266.94,88.95,-17.7,-10.8,0.991,0.6,1.2,1.3,-19.9,-2.5,1.032,23,4,0,0,4
28.3,13,isocontour,11.283791670955125,41393.86,87.11,20.5,-3.9,0.986,1.5,2.2,2.7,13.4,14.1,1.073,5,3,0,0,3
28.3,14,isocontour,11.283791670955125,41396.56,87.11,16.7,-12.3,0.991,2.2,1.2,2.5,11.2,-15.8,1.07,6,6,0,0,6
28.3,15,isocontour,11.283791670955125,40724.44,85.7,13.3,16.0,0.988,-2.6,3.6,4.4,13.4,14.1,1.073,5,7,0,0,7
28.3,16,isocontour,11.283791670955125,47208.76,99.35,-23.4,23.1,0.512,0.7,-0.7,1.0,-23.4,23.1,0.512,16,0,0,0,0
28.3,17,isocontour,11.283791670955125,42105.17,88.61,18.9,8.8,0.985,-1.8,2.3,2.9,13.4,14.1,1.073,5,7,0,0,7
28.3,18,isocontour,11.283791670955125,46344.34,97.53,8.2,19.1,0.988,-0.5,-0.7,0.9,13.4,14.1,1.073,5,3,0,0,3
28.3,19,isocontour,11.283791670955125,42540.04,89.52,-20.7,-1.0,0.995,-0.1,-3.1,3.1,-19.9,-2.5,1.032,23,6,0,0,6
28.3,20,isocontour,11.283791670955125,42733.07,89.93,12.2,-16.8,0.988,0.8,2.6,2.7,11.2,-15.8,1.07,6,6,0,0,6
28.3,21,isocontour,11.283791670955125,41634.93,87.62,1.8,-20.7,0.987,1.1,0.8,1.4,11.2,-15.8,1.07,6,4,0,0,4
28.3,22,isocontour,11.283791670955125,44424.63,93.49,-20.8,-3.3,0.975,-0.7,1.7,1.8,-19.9,-2.5,1.032,23,6,0,0,6
28.3,23,isocontour,11.283791670955125,44208.85,93.03,-19.9,-2.2,1.033,-0.2,2.7,2.7,-19.9,-2.2,1.032,23,6,0,0,6
28.3,24,isocontour,11.283791670955125,42841.64,90.15,9.3,-18.4,0.998,-3.1,-3.2,4.5,11.2,-15.8,1.07,6,5,0,0,5
28.3,25,isocontour,11.283791670955125,42168.39,88.74,-19.9,6.1,0.987,-0.4,3.2,3.2,-19.9,-2.5,1.032,23,5,0,0,5
28.3,Target,,,,,0.0,0.0,4.023,0.0,0.0,,,,,,,,,
28.4,1,isocontour,11.283791670955125,42253.36,88.92,19.4,7.6,0.985,1.3,-0.2,1.3,13.4,14.1,1.073,5,7,0,0,7
28.4,2,isocontour,11.283791670955125,40919.29,86.11,16.1,13.0,0.992,-0.3,-2.0,2.0,13.4,14.1,1.073,5,7,0,0,7
28.4,3,isocontour,11.283791670955125,42336.7,89.09,17.8,10.7,0.989,0.1,1.7,1.7,13.4,14.1,1.073,5,7,0,0,7
28.4,4,isocontour,11.283791670955125,43922.95,92.43,17.8,9.5,1.026,0.2,-2.5,2.5,13.4,14.1,1.073,5,7,0,0,7
28.4,5,isocontour,11.283791670955125,41717.54,87.79,14.1,13.6,1.059,2.0,-1.5,2.5,13.4,14.1,1.073,5,7,0,0,7
28.4,6,isocontour,11.283791670955125,42634.51,89.72,10.8,-16.5,1.048,-1.7,-0.6,1.8,10.8,-16.5,1.07,6,5,0,0,5
28.4,7,isocontour,11.283791670955125,42427.41,89.28,-20.8,0.8,0.99,0.3,-1.2,1.2,-19.9,-2.2,1.033,23,5,0,0,5
28.4,8,isocontour,11.283791670955125,43268.96,91.05,11.6,-15.8,1.057,2.1,0.0,2.1,13.4,14.1,1.073,5,6,0,0,6
28.4,9,isocontour,11.283791670955125,42096.17,88.59,20.7,1.3,0.992,1.1,-0.2,1.1,13.4,14.1,1.073,5,6,0,0,6
28.4,10,isocontour,11.283791670955125,42799.11,90.07,19.2,-7.9,0.988,1.8,0.6,1.9,13.4,14.1,1.073,5,5,0,0,5
28.4,11,isocontour,11.283791670955125,42451.4,89.33,-20.3,-4.3,0.992,-0.6,2.6,2.7,-19.9,-2.2,1.033,23,6,0,0,6
28.4,12,isocontour,11.283791670955125,42265.8,88.94,-17.7,-10.8,0.994,0.7,-0.6,0.9,-19.9,-2.2,1.033,23,4,0,0,4
28.4,13,isocontour,11.283791670955125,41386.08,87.09,20.4,-3.7,0.99,-0.8,1.7,1.9,13.4,14.1,1.073,5,3,0,0,3
28.4,14,isocontour,11.283791670955125,41317.62,86.95,17.0,-12.1,0.985,3.2,2.4,4.0,13.4,14.1,1.073,5,6,0,0,6
28.4,15,isocontour,11.283791670955125,40722.7,85.7,13.3,16.0,0.99,0.2,-1.1,1.1,13.4,14.1,1.073,5,7,0,0,7
28.4,16,isocontour,11.283791670955125,47207.66,99.34,-23.4,23.0,0.515,0.5,-0.8,0.9,-23.4,23.0,0.512,16,0,0,0,0
28.4,17,isocontour,11.283791670955125,42081.89,88.56,18.8,8.7,0.995,-1.3,-2.3,2.6,13.4,14.1,1.073,5,7,0,0,7
28.4,18,isocontour,11.283791670955125,46339.69,97.52,8.2,19.0,0.994,0.6,-1.4,1.5,13.4,14.1,1.073,5,3,0,0,3
28.4,19,isocontour,11.283791670955125,42517.29,89.47,-20.7,-0.9,0.99,-1.0,2.4,2.6,-19.9,-2.2,1.033,23,6,0,0,6
28.4,20,isocontour,11.283791670955125,42696.15,89.85,12.3,-16.5,0.999,0.7,3.0,3.1,13.4,14.1,1.073,5,6,0,0,6
28.4,21,isocontour,11.283791670955125,41629.82,87.6,1.9,-20.6,0.992,1.2,1.1,1.6,11.2,-15.8,1.07,6,4,0,0,4
28.4,22,isocontour,11.283791670955125,44419.8,93.48,-20.7,-3.2,0.982,1.4,0.7,1.6,-19.9,-2.2,1.033,23,6,0,0,6
28.4,23,isocontour,11.283791670955125,44181.1,92.97,-19.9,-2.4,1.028,-0.7,-2.7,2.8,-19.9,-2.4,1.033,23,6,0,0,6
28.4,24,isocontour,11.283791670955125,42799.86,90.07,9.1,-18.7,0.988,-1.5,-2.8,3.2,11.2,-15.8,1.07,6,5,0,0,5
28.4,25,isocontour,11.283791670955125,42166.08,88.73,-19.9,6.0,0.986,-0.2,-1.2,1.2,-19.9,-2.2,1.033,23,5,0,0,5
28.4,Target,,,,,0.0,0.0,4.023,0.0,0.0,,,,,,,,,
28.5,1,isocontour,11.283791670955125,42252.99,88.92,19.4,7.6,0.986,-0.3,-0.6,0.7,13.4,14.1,1.073,5,7,0,0,7
28.5,2,isocontour,11.283791670955125,40900.22,86.07,16.3,12.9,0.989,2.2,-1.2,2.5,13.4,14.1,1.073,5,7,0,0,7
28.5,3,isocontour,11.283791670955125,42312.36,89.04,17.9,10.5,0.991,0.9,-2.5,2.7,13.4,14.1,1.073,5,7,0,0,7
28.5,4,isocontour,11.283791670955125,43921.85,92.43,17.8,9.4,1.026,0.7,-0.6,0.9,13.4,14.1,1.073,5,7,0,0,7
28.5,5,isocontour,11.283791670955125,41704.77,87.76,14.3,13.5,1.053,2.1,-0.5,2.2,13.4,14.1,1.073,5,7,0,0,7
28.5,6,isocontour,11.283791670955125,42607.63,89.66,11.0,-16.7,1.037,2.5,-1.3,2.8,13.4,14.1,1.073,5,5,0,0,5
28.5,7,isocontour,11.283791670955125,42389.04,89.2,-20.7,0.5,0.992,0.3,-3.1,3.1,-19.9,-2.2,1.033,23,5,0,0,5
28.5,8,isocontour,11.283791670955125,43252.52,91.02,11.7,-16.0,1.047,-0.2,-2.3,2.3,13.4,14.1,1.073,5,6,0,0,6
28.5,9,isocontour,11.283791670955125,42072.36,88.54,20.8,1.1,0.987,1.0,-2.5,2.7,13.4,14.1,1.073,5,6,0,0,6
28.5,10,isocontour,11.283791670955125,42798.54,90.06,19.3,-8.0,0.985,-0.0,-0.7,0.7,13.4,14.1,1.073,5,5,0,0,5
28.5,11,isocontour,11.283791670955125,42449.74,89.33,-20.3,-4.2,0.991,-0.4,1.0,1.1,-19.9,-2.2,1.033,23,6,0,0,6
28.5,12,isocontour,11.283791670955125,42237.45,88.88,-17.6,-11.0,0.989,0.5,-2.8,2.8,-19.9,-2.2,1.033,23,4,0,0,4
28.5,13,isocontour,11.283791670955125,41383.64,87.09,20.4,-3.6,0.992,-0.1,1.2,1.2,13.4,14.1,1.073,5,3,0,0,3
28.5,14,isocontour,11.283791670955125,41314.34,86.94,17.1,-12.2,0.98,0.1,-1.4,1.4,13.4,14.1,1.073,5,6,0,0,6
28.5,15,isocontour,11.283791670955125,40710.79,85.67,13.1,16.1,0.991,-1.7,1.3,2.1,13.4,14.1,1.073,5,7,0,0,7
28.5,16,isocontour,11.283791670955125,47206.56,99.34,-23.4,23.1,0.513,-0.7,0.6,0.9,-23.4,23.1,0.515,16,0,0,0,0
28.5,17,isocontour,11.283791670955125,42047.42,88.48,18.8,8.9,0.99,0.3,3.0,3.0,13.4,14.1,1.073,5,7,0,0,7
28.5,18,isocontour,11.283791670955125,46333.67,97.5,8.1,19.0,0.997,-1.7,0.1,1.7,13.4,14.1,1.073,5,3,0,0,3
28.5,19,isocontour,11.283791670955125,42516.97,89.47,-20.8,-0.8,0.989,-0.1,0.6,0.6,-19.9,-2.2,1.033,23,6,0,0,6
28.5,20,isocontour,11.283791670955125,42687.45,89.83,12.4,-16.3,1.004,1.0,1.6,1.9,13.4,14.1,1.073,5,6,0,0,6
28.5,21,isocontour,11.283791670955125,41608.34,87.56,1.7,-20.6,0.993,-2.5,-0.3,2.5,13.4,14.1,1.073,5,4,0,0,4
28.5,22,isocontour,11.283791670955125,44400.73,93.44,-20.5,-3.3,0.993,2.3,-0.9,2.5,-19.9,-2.2,1.033,23,6,0,0,6
28.5,23,isocontour,11.283791670955125,44173.44,92.96,-20.0,-2.6,1.024,-0.5,-1.7,1.8,-19.9,-2.2,1.033,23,6,0,0,6
28.5,24,isocontour,11.283791670955125,42799.29,90.07,9.1,-18.7,0.989,-0.0,0.8,0.8,13.4,14.1,1.073,5,5,0,0,5
28.5,25,isocontour,11.283791670955125,42146.3,88.69,-20.0,5.8,0.985,-1.1,-2.2,2.5,-19.9,-2.2,1.033,23,5,0,0,5
28.5,Target,,,,,0.0,0.0,4.023,0.0,0.0,,,,,,,,,
28.6,1,isocontour,11.283791670955125,42229.71,88.87,19.2,7.7,0.994,-2.2,1.5,2.7,13.4,14.1,1.073,5,8,0,0,8
28.6,2,isocontour,11.283791670955125,40775.91,85.81,16.1,13.2,0.987,-2.6,3.8,4.6,13.4,14.1,1.073,5,7,0,0,7
28.6,3,isocontour,11.283791670955125,42292.34,89.0,18.0,10.4,0.988,1.9,-1.7,2.5,13.4,14.1,1.073,5,7,0,0,7
28.6,4,isocontour,11.283791670955125,43893.19,92.37,17.8,9.6,1.022,-0.7,2.7,2.8,13.4,14.1,1.073,5,7,0,0,7
28.6,5,isocontour,11.283791670955125,41692.34,87.74,14.2,13.7,1.048,-0.7,2.0,2.1,13.4,14.1,1.073,5,7,0,0,7
28.6,6,isocontour,11.283791670955125,42594.32,89.63,10.9,-16.8,1.032,-1.5,-1.6,2.2,13.4,14.1,1.073,5,5,0,0,5
28.6,7,isocontour,11.283791670955125,42388.63,89.2,-20.7,0.6,0.992,-0.0,0.7,0.7,-19.9,-2.2,1.033,23,5,0,0,5
28.6,8,isocontour,11.283791670955125,43234.13,90.98,11.4,-16.0,1.053,-2.4,0.0,2.4,13.4,14.1,1.073,5,6,0,0,6
28.6,9,isocontour,11.283791670955125,42071.48,88.53,20.8,1.0,0.988,-0.4,-0.8,0.9,13.4,14.1,1.073,5,6,0,0,6
28.6,10,isocontour,11.283791670955125,42794.33,90.06,19.1,-8.0,0.992,-1.5,0.0,1.5,13.4,14.1,1.073,5,5,0,0,5
28.6,11,isocontour,11.283791670955125,42421.08,89.27,-20.3,-4.4,0.991,0.7,-2.7,2.8,-19.9,-2.2,1.033,23,6,0,0,6
28.6,12,isocontour,11.283791670955125,42235.19,88.88,-17.7,-11.0,0.988,-0.7,1.0,1.2,-19.9,-2.2,1.033,23,4,0,0,4
28.6,13,isocontour,11.283791670955125,41382.71,87.08,20.3,-3.6,0.996,-0.9,-0.2,0.9,13.4,14.1,1.073,5,4,0,0,4
28.6,14,isocontour,11.283791670955125,41295.95,86.9,16.9,-12.1,0.989,-2.4,0.4,2.4,13.4,14.1,1.073,5,6,0,0,6
28.6,15,isocontour,11.283791670955125,40667.43,85.58,13.1,16.4,0.978,0.3,3.2,3.2,13.4,14.1,1.073,5,7,0,0,7
28.6,16,isocontour,11.283791670955125,47205.46,99.34,-23.5,23.1,0.51,-0.5,0.8,0.9,-23.5,23.1,0.515,16,0,0,0,0
28.6,17,isocontour,11.283791670955125,42039.77,88.47,18.7,9.1,0.986,-0.4,1.8,1.8,13.4,14.1,1.073,5,7,0,0,7
28.6,18,isocontour,11.283791670955125,46309.05,97.45,7.9,19.1,0.994,-2.0,1.8,2.7,13.4,14.1,1.073,5,3,0,0,3
28.6,19,isocontour,11.283791670955125,42480.05,89.39,-20.7,-1.0,0.991,0.6,-3.0,3.1,-19.9,-2.2,1.033,23,6,0,0,6
28.6,20,isocontour,11.283791670955125,42684.24,89.82,12.5,-16.4,0.998,1.0,-0.9,1.3,13.4,14.1,1.073,5,5,0,0,5
28.6,21,isocontour,11.283791670955125,41585.06,87.51,1.4,-20.7,0.992,-2.6,-0.3,2.6,13.4,14.1,1.073,5,3,0,0,3
28.6,22,isocontour,11.283791670955125,44400.09,93.43,-20.4,-3.4,0.993,-0.2,-0.8,0.8,-19.9,-2.2,1.033,23,6,0,0,6
28.6,23,isocontour,11.283791670955125,44170.77,92.95,-20.1,-2.6,1.018,-1.0,0.8,1.3,-19.9,-2.2,1.033,23,6,0,0,6
28.6,24,isocontour,11.283791670955125,42762.73,89.99,9.0,-18.4,1.004,-0.6,3.0,3.1,13.4,14.1,1.073,5,5,0,0,5
28.6,25,isocontour,11.283791670955125,42108.66,88.61,-20.0,5.5,0.989,0.1,-3.1,3.1,-19.9,-2.2,1.033,23,5,0,0,5
28.6,Target,,,,,0.0,0.0,4.023,0.0,0.0,,,,,,,,,
28.7,1,isocontour,11.283791670955125,42228.92,88.87,19.2,7.7,0.991,0.7,0.4,0.8,13.4,14.1,1.073,5,7,0,0,7
28.7,2,isocontour,11.283791670955125,40770.3,85.8,16.0,13.2,0.994,-1.1,-1.2,1.6,13.4,14.1,1.073,5,7,0,0,7
28.7,3,isocontour,11.283791670955125,42231.97,88.87,18.3,10.1,0.983,2.4,-2.7,3.6,13.4,14.1,1.073,5,7,0,0,7
28.7,4,isocontour,11.283791670955125,43872.69,92.32,17.8,9.4,1.023,0.9,-2.4,2.6,13.4,14.1,1.073,5,7,0,0,7
28.7,5,isocontour,11.283791670955125,41678.48,87.71,14.3,13.5,1.052,0.5,-2.2,2.3,13.4,14.1,1.073,5,7,0,0,7
28.7,6,isocontour,11.283791670955125,42593.75,89.63,10.8,-16.9,1.031,-0.5,-0.5,0.7,13.4,14.1,1.073,5,5,0,0,5
28.7,7,isocontour,11.283791670955125,42367.15,89.16,-20.8,0.8,0.989,-0.4,2.5,2.5,-19.9,-2.2,1.033,23,5,0,0,5
28.7,8,isocontour,11.283791670955125,43223.68,90.96,11.5,-16.1,1.044,1.0,-1.7,2.0,13.4,14.1,1.073,5,6,0,0,6
28.7,9,isocontour,11.283791670955125,42051.47,88.49,20.6,0.8,0.996,-1.4,-2.1,2.5,13.4,14.1,1.073,5,6,0,0,6
28.7,10,isocontour,11.283791670955125,42769.71,90.0,19.2,-7.8,0.99,1.6,2.2,2.7,13.4,14.1,1.073,5,5,0,0,5
28.7,11,isocontour,11.283791670955125,42399.35,89.22,-20.2,-4.7,0.99,0.3,-2.6,2.6,-19.9,-2.2,1.033,23,6,0,0,6
28.7,12,isocontour,11.283791670955125,42199.68,88.8,-17.8,-10.7,0.989,-1.4,2.7,3.0,-19.9,-2.2,1.033,23,4,0,0,4
28.7,13,isocontour,11.283791670955125,41345.07,87.01,20.4,-3.3,0.994,1.2,2.8,3.0,13.4,14.1,1.073,5,3,0,0,3
28.7,14,isocontour,11.283791670955125,41286.54,86.88,16.7,-12.3,0.993,-1.4,-1.4,2.0,13.4,14.1,1.073,5,6,0,0,6
28.7,15,isocontour,11.283791670955125,40666.98,85.58,13.1,16.5,0.976,-0.6,0.4,0.7,13.4,14.1,1.073,5,7,0,0,7
28.7,16,isocontour,11.283791670955125,47204.36,99.34,-23.6,23.1,0.509,-0.9,-0.3,0.9,-23.6,23.1,0.515,16,0,0,0,0
28.7,17,isocontour,11.283791670955125,42018.04,88.42,18.6,9.0,0.998,-1.8,-1.8,2.5,13.4,14.1,1.073,5,7,0,0,7
28.7,18,isocontour,11.283791670955125,46289.74,97.41,7.7,19.2,0.993,-2.3,0.9,2.5,13.4,14.1,1.073,5,3,0,0,3
28.7,19,isocontour,11.283791670955125,42479.5,89.39,-20.7,-1.0,0.992,0.1,0.7,0.7,-19.9,-2.2,1.033,23,6,0,0,6
28.7,20,isocontour,11.283791670955125,42676.46,89.81,12.6,-16.5,0.989,1.5,-1.1,1.9,13.4,14.1,1.073,5,5,0,0,5
28.7,21,isocontour,11.283791670955125,41468.64,87.27,1.0,-20.8,0.988,-4.3,-1.2,4.5,13.4,14.1,1.073,5,3,0,0,3
28.7,22,isocontour,11.283791670955125,44304.64,93.23,-20.5,-3.7,0.987,-0.5,-4.2,4.2,-19.9,-2.2,1.033,23,6,0,0,6
28.7,23,isocontour,11.283791670955125,44169.24,92.95,-20.1,-2.5,1.019,0.2,1.0,1.0,-19.9,-2.2,1.033,23,6,0,0,6
28.7,24,isocontour,11.283791670955125,42758.76,89.98,9.1,-18.3,1.008,1.2,0.9,1.5,13.4,14.1,1.073,5,5,0,0,5
28.7,25,isocontour,11.283791670955125,42075.88,88.54,-20.0,5.2,0.995,0.5,-2.9,2.9,-19.9,-2.2,1.033,23,5,0,0,5
28.7,Target,,,,,0.0,0.0,4.023,0.0,0.0,,,,,,,,,
28.8,1,isocontour,11.283791670955125,42201.75,88.81,19.4,7.9,0.979,1.9,2.0,2.8,13.4,14.1,1.073,5,8,0,0,8
28.8,2,isocontour,11.283791670955125,40746.76,85.75,16.0,13.4,0.985,0.6,2.6,2.7,13.4,14.1,1.073,5,7,0,0,7
28.8,3,isocontour,11.283791670955125,42230.65,88.87,18.3,10.0,0.987,-0.5,-0.9,1.0,13.4,14.1,1.073,5,7,0,0,7
28.8,4,isocontour,11.283791670955125,43865.17,92.31,18.0,9.3,1.02,1.4,-1.1,1.8,13.4,14.1,1.073,5,7,0,0,7
28.8,5,isocontour,11.283791670955125,41677.89,87.71,14.3,13.5,1.052,0.7,-0.3,0.8,13.4,14.1,1.073,5,7,0,0,7
28.8,6,isocontour,11.283791670955125,42590.55,89.63,10.8,-16.8,1.037,-0.5,1.2,1.3,13.4,14.1,1.073,5,5,0,0,5
28.8,7,isocontour,11.283791670955125,42362.32,89.15,-20.6,0.8,0.996,1.5,0.2,1.5,-19.9,-2.2,1.033,23,5,0,0,5
28.8,8,isocontour,11.283791670955125,43222.15,90.96,11.6,-16.1,1.043,0.7,0.8,1.1,13.4,14.1,1.073,5,4,0,0,4
28.8,9,isocontour,11.283791670955125,42050.86,88.49,20.7,0.8,0.995,0.5,-0.6,0.8,13.4,14.1,1.073,5,6,0,0,6
28.8,10,isocontour,11.283791670955125,42644.59,89.74,19.5,-7.4,0.987,2.2,4.1,4.7,13.4,14.1,1.073,5,4,0,0,4
28.8,11,isocontour,11.283791670955125,42396.98,89.22,-20.2,-4.6,0.992,0.3,1.2,1.2,-19.9,-2.2,1.033,23,6,0,0,6
28.8,12,isocontour,11.283791670955125,42161.68,88.72,-17.9,-10.4,0.994,-0.7,3.0,3.1,-19.9,-2.2,1.033,23,4,0,0,4
28.8,13,isocontour,11.283791670955125,41328.42,86.97,20.6,-3.2,0.985,1.9,1.4,2.4,13.4,14.1,1.073,5,4,0,0,4
28.8,14,isocontour,11.283791670955125,41285.67,86.88,16.7,-12.3,0.989,0.5,-0.7,0.9,13.4,14.1,1.073,5,6,0,0,6
28.8,15,isocontour,11.283791670955125,40655.57,85.55,13.1,16.3,0.984,0.2,-2.1,2.1,13.4,14.1,1.073,5,7,0,0,7
28.8,16,isocontour,11.283791670955125,47203.26,99.33,-23.6,23.2,0.508,0.4,0.9,1.0,-23.6,23.2,0.515,16,0,0,0,0
28.8,17,isocontour,11.283791670955125,42006.95,88.4,18.6,9.1,0.993,0.7,1.9,2.0,13.4,14.1,1.073,5,7,0,0,7
28.8,18,isocontour,11.283791670955125,46209.61,97.24,7.3,19.4,0.994,-3.8,1.2,4.0,13.4,14.1,1.073,5,3,0,0,3
28.8,19,isocontour,11.283791670955125,42478.37,89.39,-20.8,-0.9,0.988,-0.8,0.6,1.0,-19.9,-2.2,1.033,23,6,0,0,6
28.8,20,isocontour,11.283791670955125,42664.39,89.78,12.8,-16.4,0.986,1.9,1.0,2.1,13.4,14.1,1.073,5,5,0,0,5
28.8,21,isocontour,11.283791670955125,41466.89,87.26,1.1,-20.8,0.987,1.1,0.2,1.1,13.4,14.1,1.073,5,2,0,0,2
28.8,22,isocontour,11.283791670955125,44300.17,93.22,-20.5,-3.7,0.985,-0.6,1.4,1.5,-19.9,-2.2,1.033,23,6,0,0,6
28.8,23,isocontour,11.283791670955125,44167.8,92.95,-20.1,-2.4,1.021,0.1,1.0,1.0,-19.9,-2.2,1.033,23,6,0,0,6
28.8,24,isocontour,11.283791670955125,42700.84,89.86,8.8,-18.4,1.01,-3.4,-1.2,3.6,13.4,14.1,1.073,5,5,0,0,5
28.8,25,isocontour,11.283791670955125,42054.89,88.5,-20.0,5.4,0.994,0.2,2.5,2.5,-19.9,-2.2,1.033,23,5,0,0,5
28.8,Target,,,,,0.0,0.0,4.023,0.0,0.0,,,,,,,,,
28.9,1,isocontour,11.283791670955125,42170.92,88.74,19.5,7.7,0.981,0.1,-2.9,2.9,13.4,14.1,1.073,5,8,0,0,8
28.9,2,isocontour,11.283791670955125,40732.9,85.72,15.9,13.5,0.986,-1.9,1.2,2.2,13.4,14.1,1.073,5,7,0,0,7
28.9,3,isocontour,11.283791670955125,42208.41,88.82,18.3,9.8,0.993,0.1,-2.6,2.6,13.4,14.1,1.073,5,7,0,0,7
28.9,4,isocontour,11.283791670955125,43862.23,92.3,17.9,9.2,1.024,-0.5,-1.2,1.3,13.4,14.1,1.073,5,7,0,0,7
28.9,5,isocontour,11.283791670955125,41656.66,87.66,14.5,13.3,1.053,1.6,-2.0,2.6,13.4,14.1,1.073,5,7,0,0,7
28.9,6,isocontour,11.283791670955125,42564.82,89.57,10.5,-16.8,1.046,-2.7,0.1,2.7,13.4,14.1,1.073,5,5,0,0,5
28.9,7,isocontour,11.283791670955125,42346.3,89.11,-20.7,1.0,0.99,-1.4,1.9,2.4,-19.9,-2.2,1.033,23,5,0,0,5
28.9,8,isocontour,11.283791670955125,43216.85,90.94,11.7,-16.0,1.046,1.0,1.3,1.6,13.4,14.1,1.073,5,4,0,0,4
28.9,9,isocontour,11.283791670955125,42036.04,88.46,20.9,0.7,0.984,2.2,-0.5,2.3,13.4,14.1,1.073,5,6,0,0,6
28.9,10,isocontour,11.283791670955125,42606.95,89.66,19.5,-7.1,0.991,0.2,3.1,3.1,13.4,14.1,1.073,5,4,0,0,4
28.9,11,isocontour,11.283791670955125,42396.57,89.22,-20.2,-4.6,0.992,-0.1,-0.7,0.7,-19.9,-2.2,1.033,23,6,0,0,6
28.9,12,isocontour,11.283791670955125,42160.86,88.72,-17.8,-10.4,0.996,0.7,-0.5,0.9,-19.9,-2.2,1.033,23,4,0,0,4
28.9,13,isocontour,11.283791670955125,41328.31,86.97,20.7,-3.1,0.983,0.2,0.4,0.4,13.4,14.1,1.073,5,4,0,0,4
28.9,14,isocontour,11.283791670955125,41283.29,86.88,16.8,-12.4,0.983,0.7,-1.0,1.2,13.4,14.1,1.073,5,6,0,0,6
28.9,15,isocontour,11.283791670955125,40649.86,85.54,13.2,16.2,0.985,1.2,-1.1,1.6,13.4,14.1,1.073,5,7,0,0,7
28.9,16,isocontour,11.283791670955125,47202.16,99.33,-23.5,23.2,0.51,0.7,-0.6,0.9,-23.5,23.2,0.515,16,0,0,0,0
28.9,17,isocontour,11.283791670955125,41999.67,88.38,18.7,9.3,0.985,0.7,1.6,1.7,13.4,14.1,1.073,5,7,0,0,7
28.9,18,isocontour,11.283791670955125,46188.38,97.2,7.1,19.5,0.993,-2.3,1.1,2.5,13.4,14.1,1.073,5,3,0,0,3
28.9,19,isocontour,11.283791670955125,42477.37,89.39,-20.7,-1.0,0.99,0.6,-0.7,0.9,-19.9,-2.2,1.033,23,6,0,0,6
28.9,20,isocontour,11.283791670955125,42661.58,89.78,12.9,-16.3,0.987,0.8,1.0,1.3,13.4,14.1,1.073,5,5,0,0,5
28.9,21,isocontour,11.283791670955125,41432.43,87.19,1.3,-20.7,0.991,2.9,0.8,3.0,13.4,14.1,1.073,5,2,0,0,2
28.9,22,isocontour,11.283791670955125,44263.61,93.15,-20.5,-3.4,0.99,0.6,3.0,3.1,-19.9,-2.2,1.033,23,6,0,0,6
28.9,23,isocontour,11.283791670955125,44165.65,92.94,-20.0,-2.3,1.025,0.7,0.9,1.1,-19.9,-2.2,1.033,23,6,0,0,6
28.9,24,isocontour,11.283791670955125,42679.61,89.81,8.6,-18.5,1.009,-2.2,-1.3,2.6,13.4,14.1,1.073,5,5,0,0,5
28.9,25,isocontour,11.283791670955125,42033.66,88.45,-19.9,5.7,0.992,0.3,2.5,2.5,-19.9,-2.2,1.033,23,5,0,0,5
28.9,Target,,,,,0.0,0.0,4.023,0.0,0.0,,,,,,,,,
29.0,1,isocontour,11.283791670955125,42165.62,88.73,19.3,7.7,0.989,-1.6,0.2,1.6,13.4,14.1,1.073,5,8,0,0,8
29.0,2,isocontour,11.283791670955125,40730.28,85.71,15.7,13.5,0.99,-1.2,0.4,1.3,13.4,14.1,1.073,5,7,0,0,7
29.0,3,isocontour,11.283791670955125,42206.03,88.82,18.2,9.8,0.994,-0.7,1.0,1.2,13.4,14.1,1.073,5,7,0,0,7
29.0,4,isocontour,11.283791670955125,43824.59,92.22,17.8,9.4,1.023,-1.1,2.9,3.1,13.4,14.1,1.073,5,7,0,0,7
29.0,5,isocontour,11.283791670955125,41645.9,87.64,14.7,13.2,1.046,2.0,-0.4,2.0,13.4,14.1,1.073,5,7,0,0,7
29.0,6,isocontour,11.283791670955125,42541.01,89.52,10.3,-16.8,1.049,-2.4,-1.1,2.6,13.4,14.1,1.073,5,5,0,0,5
29.0,7,isocontour,11.283791670955125,42263.74,88.94,-20.9,1.3,0.979,-1.9,3.6,4.1,-19.9,-2.2,1.033,23,5,0,0,5
29.0,8,isocontour,11.283791670955125,43215.57,90.94,11.8,-16.0,1.042,0.8,-0.5,0.9,13.4,14.1,1.073,5,4,0,0,4
29.0,9,isocontour,11.283791670955125,41998.76,88.38,21.0,0.9,0.977,1.0,2.9,3.1,13.4,14.1,1.073,5,6,0,0,6
29.0,10,isocontour,11.283791670955125,42606.16,89.66,19.5,-7.1,0.988,0.5,-0.7,0.9,13.4,14.1,1.073,5,3,0,0,3
29.0,11,isocontour,11.283791670955125,42378.18,89.18,-20.3,-4.8,0.986,-0.7,-2.3,2.4,-19.9,-2.2,1.033,23,6,0,0,6
29.0,12,isocontour,11.283791670955125,42139.13,88.68,-17.7,-10.7,0.993,0.8,-2.4,2.5,-19.9,-2.2,1.033,23,4,0,0,4
29.0,13,isocontour,11.283791670955125,41324.89,86.96,20.6,-3.2,0.988,-1.2,-0.6,1.3,13.4,14.1,1.073,5,4,0,0,4
29.0,14,isocontour,11.283791670955125,41277.05,86.86,16.7,-12.5,0.986,-1.5,-0.7,1.7,13.4,14.1,1.073,5,6,0,0,6
29.0,15,isocontour,11.283791670955125,40636.0,85.51,13.3,16.0,0.987,1.4,-1.7,2.2,13.4,14.1,1.073,5,7,0,0,7
29.0,16,isocontour,11.283791670955125,47201.06,99.33,-23.6,23.2,0.509,-0.9,0.1,0.9,-23.6,23.2,0.515,16,0,0,0,0
29.0,17,isocontour,11.283791670955125,41999.51,88.38,18.7,9.3,0.986,-0.5,-0.2,0.5,13.4,14.1,1.073,5,7,0,0,7
29.0,18,isocontour,11.283791670955125,46183.17,97.19,6.9,19.5,0.997,-1.6,-0.2,1.6,13.4,14.1,1.073,5,3,0,0,3
29.0,19,isocontour,11.283791670955125,42458.75,89.35,-20.8,-0.8,0.987,-0.9,2.3,2.5,-19.9,-2.2,1.033,23,6,0,0,6
29.0,20,isocontour,11.283791670955125,42634.41,89.72,12.7,-16.3,0.993,-2.7,-0.4,2.7,13.4,14.1,1.073,5,4,0,0,4
29.0,21,isocontour,11.283791670955125,41410.7,87.14,1.2,-20.7,0.991,-2.6,-0.1,2.6,13.4,14.1,1.073,5,2,0,0,2
29.0,22,isocontour,11.283791670955125,44244.07,93.11,-20.3,-3.3,1.002,2.2,1.1,2.5,-19.9,-2.2,1.033,23,6,0,0,6
29.0,23,isocontour,11.283791670955125,44164.08,92.94,-19.9,-2.3,1.028,0.7,-0.8,1.1,-19.9,-2.2,1.033,23,6,0,0,6
29.0,24,isocontour,11.283791670955125,42678.21,89.81,8.5,-18.6,1.005,-0.3,-1.0,1.0,13.4,14.1,1.073,5,5,0,0,5
29.0,25,isocontour,11.283791670955125,41994.92,88.37,-19.9,6.0,0.992,1.0,2.9,3.1,-19.9,-2.2,1.033,23,5,0,0,5
29.0,Target,,,,,0.0,0.0,4.023,0.0,0.0,,,,,,,,,
29.1,1,isocontour,11.283791670955125,42142.07,88.68,19.2,7.9,0.988,-0.6,2.6,2.7,13.4,14.1,1.073,5,8,0,0,8
29.1,2,isocontour,11.283791670955125,40729.18,85.71,15.8,13.6,0.987,0.9,0.1,0.9,13.4,14.1,1.073,5,7,0,0,7
29.1,3,isocontour,11.283791670955125,42205.51,88.82,18.3,9.8,0.993,0.6,-0.3,0.7,13.4,14.1,1.073,5,7,0,0,7
29.1,4,isocontour,11.283791670955125,43803.85,92.18,17.6,9.4,1.034,-2.5,-0.3,2.5,13.4,14.1,1.073,5,7,0,0,7
29.1,5,isocontour,11.283791670955125,41643.46,87.63,14.6,13.3,1.047,-1.0,0.7,1.2,13.4,14.1,1.073,5,7,0,0,7
29.1,6,isocontour,11.283791670955125,42539.72,89.52,10.2,-16.9,1.047,-0.5,-0.9,1.0,13.4,14.1,1.073,5,5,0,0,5
29.1,7,isocontour,11.283791670955125,42261.3,88.93,-20.9,1.3,0.978,0.1,-1.2,1.2,-19.9,-2.2,1.033,23,5,0,0,5
29.1,8,isocontour,11.283791670955125,43204.16,90.92,11.6,-16.1,1.042,-1.8,-1.1,2.1,13.4,14.1,1.073,5,4,0,0,4
29.1,9,isocontour,11.283791670955125,41963.95,88.31,20.9,1.2,0.979,-0.9,2.9,3.0,13.4,14.1,1.073,5,6,0,0,6
29.1,10,isocontour,11.283791670955125,42605.29,89.66,19.6,-7.2,0.986,0.1,-0.9,0.9,13.4,14.1,1.073,5,3,0,0,3
29.1,11,isocontour,11.283791670955125,42377.79,89.18,-20.3,-4.9,0.984,-0.0,-0.7,0.7,-19.9,-2.2,1.033,23,6,0,0,6
29.1,12,isocontour,11.283791670955125,42030.99,88.45,-17.6,-11.1,0.988,1.3,-4.2,4.4,-19.9,-2.2,1.033,23,4,0,0,4
29.1,13,isocontour,11.283791670955125,41287.61,86.88,20.5,-2.9,0.992,-0.2,3.1,3.1,13.4,14.1,1.073,5,4,0,0,4
29.1,14,isocontour,11.283791670955125,41270.12,86.85,16.5,-12.5,0.994,-1.7,0.4,1.7,13.4,14.1,1.073,5,6,0,0,6
29.1,15,isocontour,11.283791670955125,40606.73,85.45,13.2,15.8,1.001,-1.3,-2.5,2.8,13.4,14.1,1.073,5,7,0,0,7
29.1,16,isocontour,11.283791670955125,47199.96,99.33,-23.7,23.1,0.508,-0.9,-0.2,0.9,-23.7,23.1,0.515,16,0,0,0,0
29.1,17,isocontour,11.283791670955125,41973.21,88.33,18.5,9.5,0.986,-1.1,2.5,2.7,13.4,14.1,1.073,5,7,0,0,7
29.1,18,isocontour,11.283791670955125,46164.32,97.15,6.7,19.5,0.998,-2.4,0.6,2.5,13.4,14.1,1.073,5,3,0,0,3
29.1,19,isocontour,11.283791670955125,42458.43,89.35,-20.8,-0.7,0.986,-0.1,0.6,0.6,-19.9,-2.2,1.033,23,6,0,0,6
29.1,20,isocontour,11.283791670955125,42632.66,89.72,12.7,-16.3,0.996,0.6,0.9,1.1,13.4,14.1,1.073,5,4,0,0,4
29.1,21,isocontour,11.283791670955125,41295.81,86.9,0.7,-20.8,0.989,-4.4,-0.8,4.5,13.4,14.1,1.073,5,2,0,0,2
29.1,22,isocontour,11.283791670955125,44238.26,93.09,-20.4,-3.2,0.996,-1.6,0.2,1.6,-19.9,-2.2,1.033,23,6,0,0,6
29.1,23,isocontour,11.283791670955125,44163.08,92.94,-19.9,-2.4,1.03,0.3,-0.9,0.9,-19.9,-2.2,1.033,23,6,0,0,6
29.1,24,isocontour,11.283791670955125,42675.15,89.8,8.6,-18.7,1.0,1.2,-0.5,1.3,13.4,14.1,1.073,5,5,0,0,5
29.1,25,isocontour,11.283791670955125,41973.19,88.33,-19.8,6.2,0.989,0.1,2.6,2.6,-19.9,-2.2,1.033,23,5,0,0,5
29.1,Target,,,,,0.0,0.0,4.023,0.0,0.0,,,,,,,,,
29.2,1,isocontour,11.283791670955125,42115.49,88.63,19.1,8.1,0.988,-1.1,2.5,2.7,13.4,14.1,1.073,5,8,0,0,8
29.2,2,isocontour,11.283791670955125,40653.19,85.55,15.5,13.8,0.99,-3.1,2.4,3.9,13.4,14.1,1.073,5,7,0,0,7
29.2,3,isocontour,11.283791670955125,42118.57,88.63,18.6,9.6,0.981,3.7,-1.7,4.1,13.4,14.1,1.073,5,7,0,0,7
29.2,4,isocontour,11.283791670955125,43799.97,92.17,17.5,9.6,1.035,-0.4,1.4,1.5,13.4,14.1,1.073,5,7,0,0,7
29.2,5,isocontour,11.283791670955125,41626.61,87.6,14.5,13.5,1.043,-0.8,2.2,2.3,13.4,14.1,1.073,5,7,0,0,7
29.2,6,isocontour,11.283791670955125,42537.78,89.52,10.2,-17.0,1.042,-0.2,-1.1,1.1,13.4,14.1,1.073,5,5,0,0,5
29.2,7,isocontour,11.283791670955125,42258.5,88.93,-20.9,1.2,0.981,0.6,-1.2,1.3,-19.9,-2.2,1.033,23,5,0,0,5
29.2,8,isocontour,11.283791670955125,43176.4,90.86,11.4,-16.3,1.041,-2.1,-1.8,2.8,13.4,14.1,1.073,5,4,0,0,4
29.2,9,isocontour,11.283791670955125,41959.82,88.3,20.8,1.3,0.985,-1.2,0.9,1.5,13.4,14.1,1.073,5,6,0,0,6
29.2,10,isocontour,11.283791670955125,42598.12,89.64,19.4,-7.2,0.993,-1.8,-0.2,1.8,13.4,14.1,1.073,5,3,0,0,3
29.2,11,isocontour,11.283791670955125,42375.18,89.17,-20.2,-4.8,0.987,0.4,1.2,1.3,-19.9,-2.2,1.033,23,6,0,0,6
29.2,12,isocontour,11.283791670955125,42030.54,88.45,-17.6,-11.2,0.984,-0.5,-0.5,0.7,-19.9,-2.2,1.033,23,4,0,0,4
29.2,13,isocontour,11.283791670955125,41285.51,86.88,20.6,-2.8,0.989,0.8,0.9,1.2,13.4,14.1,1.073,5,4,0,0,4
29.2,14,isocontour,11.283791670955125,41252.4,86.81,16.7,-12.4,0.99,2.1,1.1,2.4,13.4,14.1,1.073,5,6,0,0,6
29.2,15,isocontour,11.283791670955125,40606.12,85.45,13.3,15.8,0.999,0.4,0.6,0.7,13.4,14.1,1.073,5,7,0,0,7
29.2,16,isocontour,11.283791670955125,47198.86,99.32,-23.7,23.1,0.508,-0.5,-0.8,0.9,-23.7,23.1,0.515,16,0,0,0,0
29.2,17,isocontour,11.283791670955125,41972.76,88.33,18.6,9.5,0.986,0.3,-0.6,0.7,13.4,14.1,1.073,5,7,0,0,7
29.2,18,isocontour,11.283791670955125,46142.84,97.1,6.4,19.6,0.996,-2.2,1.3,2.6,13.4,14.1,1.073,5,3,0,0,3
29.2,19,isocontour,11.283791670955125,42454.93,89.34,-20.7,-0.8,0.991,1.0,-1.0,1.4,-19.9,-2.2,1.033,23,6,0,0,6
29.2,20,isocontour,11.283791670955125,42621.9,89.69,12.8,-16.4,0.987,1.3,-1.5,2.0,13.4,14.1,1.073,5,4,0,0,4
29.2,21,isocontour,11.283791670955125,41294.01,86.9,0.8,-20.8,0.989,1.1,0.2,1.1,13.4,14.1,1.073,5,2,0,0,2
29.2,22,isocontour,11.283791670955125,44224.39,93.06,-20.5,-3.4,0.991,-0.5,-2.2,2.3,-19.9,-2.2,1.033,23,6,0,0,6
29.2,23,isocontour,11.283791670955125,44152.63,92.91,-20.1,-2.3,1.022,-1.7,1.1,2.0,-19.9,-2.2,1.033,23,6,0,0,6
29.2,24,isocontour,11.283791670955125,42623.3,89.7,8.5,-18.9,0.991,-2.0,-2.8,3.4,13.4,14.1,1.073,5,5,0,0,5
29.2,25,isocontour,11.283791670955125,41972.02,88.32,-19.9,6.2,0.987,-0.6,-0.7,0.9,-19.9,-2.2,1.033,23,5,0,0,5
29.2,Target,,,,,0.0,0.0,4.023,0.0,0.0,,,,,,,,,
29.3,1,isocontour,11.283791670955125,42105.03,88.6,19.0,8.2,0.994,-1.8,0.8,2.0,13.4,14.1,1.073,5,8,0,0,8
29.3,2,isocontour,11.283791670955125,40624.22,85.49,15.3,14.0,0.991,-1.9,2.1,2.8,13.4,14.1,1.073,5,7,0,0,7
29.3,3,isocontour,11.283791670955125,42107.97,88.61,18.7,9.8,0.973,0.4,2.0,2.0,13.4,14.1,1.073,5,7,0,0,7
29.3,4,isocontour,11.283791670955125,43796.01,92.16,17.4,9.6,1.037,-1.2,0.8,1.4,13.4,14.1,1.073,5,7,0,0,7
29.3,5,isocontour,11.283791670955125,41615.36,87.57,14.4,13.6,1.046,-1.9,0.8,2.1,13.4,14.1,1.073,5,7,0,0,7
29.3,6,isocontour,11.283791670955125,42522.37,89.48,10.0,-17.1,1.043,-2.1,-0.9,2.3,13.4,14.1,1.073,5,5,0,0,5
29.3,7,isocontour,11.283791670955125,42255.64,88.92,-20.8,1.0,0.985,0.6,-1.2,1.3,-19.9,-2.2,1.033,23,5,0,0,5
29.3,8,isocontour,11.283791670955125,43150.38,90.8,11.6,-16.3,1.035,2.7,0.5,2.7,13.4,14.1,1.073,5,4,0,0,4
29.3,9,isocontour,11.283791670955125,41950.42,88.28,20.6,1.4,0.995,-1.9,0.6,2.0,13.4,14.1,1.073,5,6,0,0,6
29.3,10,isocontour,11.283791670955125,42596.64,89.64,19.4,-7.1,0.997,-0.4,1.0,1.1,13.4,14.1,1.073,5,3,0,0,3
29.3,11,isocontour,11.283791670955125,42338.26,89.1,-20.3,-4.6,0.988,-0.5,3.0,3.0,-19.9,-2.2,1.033,23,6,0,0,6
29.3,12,isocontour,11.283791670955125,42001.27,88.39,-17.7,-10.9,0.99,-0.1,2.8,2.8,-19.9,-2.2,1.033,23,4,0,0,4
29.3,13,isocontour,11.283791670955125,41284.41,86.88,20.6,-2.7,0.989,0.1,0.9,0.9,13.4,14.1,1.073,5,4,0,0,4
29.3,14,isocontour,11.283791670955125,41209.84,86.72,16.9,-12.2,0.984,2.7,1.8,3.2,13.4,14.1,1.073,5,6,0,0,6
29.3,15,isocontour,11.283791670955125,40604.72,85.45,13.3,15.9,0.995,-0.0,1.0,1.0,13.4,14.1,1.073,5,7,0,0,7
29.3,16,isocontour,11.283791670955125,47197.76,99.32,-23.8,23.0,0.508,-0.8,-0.5,0.9,-23.8,23.0,0.515,16,0,0,0,0
29.3,17,isocontour,11.283791670955125,41968.72,88.32,18.4,9.5,0.991,-1.4,0.5,1.5,13.4,14.1,1.073,5,7,0,0,7
29.3,18,isocontour,11.283791670955125,46055.91,96.92,6.1,19.8,0.995,-3.9,1.2,4.1,13.4,14.1,1.073,5,3,0,0,3
29.3,19,isocontour,11.283791670955125,42454.47,89.34,-20.7,-0.8,0.991,-0.1,0.7,0.7,-19.9,-2.2,1.033,23,6,0,0,6
29.3,20,isocontour,11.283791670955125,42613.47,89.67,12.8,-16.3,0.993,-0.4,1.8,1.8,13.4,14.1,1.073,5,4,0,0,4
29.3,21,isocontour,11.283791670955125,41259.55,86.83,1.0,-20.7,0.992,2.9,0.7,3.0,13.4,14.1,1.073,5,2,0,0,2
29.3,22,isocontour,11.283791670955125,44128.26,92.86,-20.5,-3.8,0.986,-0.3,-4.2,4.2,-19.9,-2.2,1.033,23,6,0,0,6
29.3,23,isocontour,11.283791670955125,44122.74,92.85,-20.1,-2.1,1.022,-0.1,2.9,2.9,-19.9,-2.2,1.033,23,6,0,0,6
29.3,24,isocontour,11.283791670955125,42621.15,89.69,8.4,-19.1,0.984,-0.2,-1.2,1.2,13.4,14.1,1.073,5,5,0,0,5
29.3,25,isocontour,11.283791670955125,41969.53,88.32,-19.9,6.1,0.987,-0.2,-1.2,1.2,-19.9,-2.2,1.033,23,5,0,0,5
29.3,Target,,,,,0.0,0.0,4.023,0.0,0.0,,,,,,,,,
29.4,1,isocontour,11.283791670955125,42084.05,88.56,19.1,8.1,0.991,1.7,-1.8,2.5,13.4,14.1,1.073,5,8,0,0,8
29.4,2,isocontour,11.283791670955125,40611.97,85.46,15.4,14.2,0.981,1.1,1.8,2.1,13.4,14.1,1.073,5,7,0,0,7
29.4,3,isocontour,11.283791670955125,42107.44,88.61,18.6,9.8,0.974,-0.7,0.3,0.8,13.4,14.1,1.073,5,7,0,0,7
29.4,4,isocontour,11.283791670955125,43784.92,92.14,17.5,9.5,1.041,0.5,-2.0,2.1,13.4,14.1,1.073,5,7,0,0,7
29.4,5,isocontour,11.283791670955125,41612.75,87.57,14.2,13.6,1.05,-1.2,0.4,1.3,13.4,14.1,1.073,5,7,0,0,7
29.4,6,isocontour,11.283791670955125,42493.41,89.42,9.7,-17.2,1.047,-2.7,-0.7,2.8,13.4,14.1,1.073,5,5,0,0,5
29.4,7,isocontour,11.283791670955125,42217.99,88.84,-20.8,0.8,0.988,0.5,-3.0,3.0,-19.9,-2.2,1.033,23,5,0,0,5
29.4,8,isocontour,11.283791670955125,43147.83,90.8,11.7,-16.2,1.035,0.9,0.9,1.3,13.4,14.1,1.073,5,4,0,0,4
29.4,9,isocontour,11.283791670955125,41948.37,88.28,20.7,1.4,0.991,1.1,-0.3,1.1,13.4,14.1,1.073,5,6,0,0,6
29.4,10,isocontour,11.283791670955125,42507.79,89.45,19.6,-6.9,0.989,2.9,2.9,4.1,13.4,14.1,1.073,5,4,0,0,4
29.4,11,isocontour,11.283791670955125,42319.64,89.06,-20.1,-4.6,0.996,2.0,-1.4,2.4,-19.9,-2.2,1.033,23,6,0,0,6
29.4,12,isocontour,11.283791670955125,41996.89,88.38,-17.7,-10.8,0.995,0.1,1.5,1.5,-19.9,-2.2,1.033,23,4,0,0,4
29.4,13,isocontour,11.283791670955125,41280.2,86.87,20.5,-2.6,0.995,-1.2,0.8,1.4,13.4,14.1,1.073,5,4,0,0,4
29.4,14,isocontour,11.283791670955125,41184.66,86.67,17.1,-12.0,0.986,1.1,2.5,2.7,13.4,14.1,1.073,5,6,0,0,6
29.4,15,isocontour,11.283791670955125,40576.06,85.39,13.1,16.1,0.992,-1.9,2.1,2.8,13.4,14.1,1.073,5,7,0,0,7
29.4,16,isocontour,11.283791670955125,47196.66,99.32,-23.8,23.1,0.507,0.4,0.8,0.9,-23.8,23.1,0.515,16,0,0,0,0
29.4,17,isocontour,11.283791670955125,41966.67,88.31,18.5,9.4,0.99,0.8,-0.9,1.2,13.4,14.1,1.073,5,7,0,0,7
29.4,18,isocontour,11.283791670955125,46033.92,96.87,5.8,19.9,0.992,-2.2,1.4,2.6,13.4,14.1,1.073,5,3,0,0,3
29.4,19,isocontour,11.283791670955125,42453.88,89.34,-20.8,-0.7,0.989,-0.5,0.5,0.7,-19.9,-2.2,1.033,23,6,0,0,6
29.4,20,isocontour,11.283791670955125,42609.08,89.67,12.8,-16.4,0.989,-0.2,-1.5,1.5,13.4,14.1,1.073,5,5,0,0,5
29.4,21,isocontour,11.283791670955125,41257.75,86.82,1.2,-20.7,0.993,1.1,0.2,1.1,13.4,14.1,1.073,5,2,0,0,2
29.4,22,isocontour,11.283791670955125,44126.37,92.86,-20.4,-4.0,0.987,0.6,-0.9,1.1,-19.9,-2.2,1.033,23,6,0,0,6
29.4,23,isocontour,11.283791670955125,44120.31,92.85,-20.0,-2.1,1.026,0.9,-0.9,1.3,-19.9,-2.2,1.033,23,6,0,0,6
29.4,24,isocontour,11.283791670955125,42585.99,89.62,8.2,-19.0,0.992,-2.9,0.7,3.0,13.4,14.1,1.073,5,5,0,0,5
29.4,25,isocontour,11.283791670955125,41950.68,88.28,-19.8,5.9,0.994,0.8,-2.3,2.4,-19.9,-2.2,1.033,23,5,0,0,5
29.4,Target,,,,,0.0,0.0,4.023,0.0,0.0,,,,,,,,,
29.5,1,isocontour,11.283791670955125,42051.27,88.49,19.3,8.2,0.977,2.3,1.9,3.0,13.4,14.1,1.073,5,8,0,0,8
29.5,2,isocontour,11.283791670955125,40573.23,85.38,15.2,14.4,0.981,-2.4,2.0,3.1,13.4,14.1,1.073,5,7,0,0,7
29.5,3,isocontour,11.283791670955125,42063.68,88.52,18.4,10.0,0.979,-2.4,2.1,3.2,13.4,14.1,1.073,5,7,0,0,7
29.5,4,isocontour,11.283791670955125,43780.88,92.13,17.6,9.5,1.034,1.4,0.3,1.4,13.4,14.1,1.073,5,7,0,0,7
29.5,5,isocontour,11.283791670955125,41602.29,87.55,14.2,13.5,1.058,-0.3,-2.0,2.0,13.4,14.1,1.073,5,7,0,0,7
29.5,6,isocontour,11.283791670955125,42480.64,89.4,9.5,-17.2,1.054,-2.1,0.2,2.1,13.4,14.1,1.073,5,5,0,0,5
29.5,7,isocontour,11.283791670955125,42214.57,88.84,-20.7,0.6,0.993,0.9,-1.0,1.3,-19.9,-2.2,1.033,23,5,0,0,5
29.5,8,isocontour,11.283791670955125,43140.55,90.78,11.9,-16.2,1.027,1.6,-0.8,1.8,13.4,14.1,1.073,5,4,0,0,4
29.5,9,isocontour,11.283791670955125,41924.29,88.22,20.9,1.2,0.982,1.7,-2.0,2.6,13.4,14.1,1.073,5,6,0,0,6
29.5,10,isocontour,11.283791670955125,42505.74,89.45,19.7,-6.7,0.989,0.2,1.1,1.1,13.4,14.1,1.073,5,3,0,0,3
29.5,11,isocontour,11.283791670955125,42301.7,89.02,-20.2,-4.9,0.991,-0.9,-2.3,2.5,-19.9,-2.2,1.033,23,6,0,0,6
29.5,12,isocontour,11.283791670955125,41996.1,88.38,-17.6,-10.8,0.997,0.7,-0.5,0.9,-19.9,-2.2,1.033,23,4,0,0,4
29.5,13,isocontour,11.283791670955125,41255.58,86.82,20.5,-2.8,0.993,0.3,-2.7,2.7,13.4,14.1,1.073,5,4,0,0,4
29.5,14,isocontour,11.283791670955125,41180.54,86.66,17.1,-11.8,0.987,0.7,1.3,1.5,13.4,14.1,1.073,5,5,0,0,5
29.5,15,isocontour,11.283791670955125,40499.48,85.23,13.1,16.4,0.977,0.4,3.9,3.9,13.4,14.1,1.073,5,7,0,0,7
29.5,16,isocontour,11.283791670955125,47195.56,99.32,-23.8,23.0,0.507,-0.5,-0.8,0.9,-23.8,23.0,0.515,16,0,0,0,0
29.5,17,isocontour,11.283791670955125,41894.1,88.16,18.7,9.7,0.973,2.5,2.9,3.8,13.4,14.1,1.073,5,7,0,0,7
29.5,18,isocontour,11.283791670955125,46009.58,96.82,5.6,20.0,0.987,-2.2,1.5,2.7,13.4,14.1,1.073,5,3,0,0,3
29.5,19,isocontour,11.283791670955125,42453.51,89.34,-20.8,-0.6,0.989,0.1,0.6,0.6,-19.9,-2.2,1.033,23,6,0,0,6
29.5,20,isocontour,11.283791670955125,42608.02,89.66,12.7,-16.4,0.989,-0.8,-0.5,0.9,13.4,14.1,1.073,5,4,0,0,4
29.5,21,isocontour,11.283791670955125,41140.55,86.58,0.8,-20.7,0.991,-4.5,-0.7,4.6,13.4,14.1,1.073,5,2,0,0,2
29.5,22,isocontour,11.283791670955125,44116.82,92.84,-20.3,-3.9,0.996,1.7,0.9,1.9,-19.9,-2.2,1.033,23,6,0,0,6
29.5,23,isocontour,11.283791670955125,44117.76,92.84,-19.9,-2.2,1.031,0.9,-0.9,1.3,-19.9,-2.2,1.033,23,6,0,0,6
29.5,24,isocontour,11.283791670955125,42580.78,89.61,8.3,-19.0,0.99,1.6,-0.2,1.6,13.4,14.1,1.073,5,4,0,0,4
29.5,25,isocontour,11.283791670955125,41933.18,88.24,-19.9,6.0,0.99,-0.6,2.3,2.4,-19.9,-2.2,1.033,23,5,0,0,5
29.5,Target,,,,,0.0,0.0,4.023,0.0,0.0,,,,,,,,,
29.6,1,isocontour,11.283791670955125,42017.82,88.42,19.5,8.1,0.97,2.2,-2.0,3.0,13.4,14.1,1.073,5,8,0,0,8
29.6,2,isocontour,11.283791670955125,40558.41,85.35,15.0,14.5,0.982,-1.7,1.5,2.3,13.4,14.1,1.073,5,7,0,0,7
29.6,3,isocontour,11.283791670955125,42015.35,88.42,18.1,10.0,0.995,-3.3,-0.4,3.3,13.4,14.1,1.073,5,7,0,0,7
29.6,4,isocontour,11.283791670955125,43777.08,92.12,17.6,9.6,1.032,-0.4,1.4,1.5,13.4,14.1,1.073,5,7,0,0,7
29.6,5,isocontour,11.283791670955125,41592.0,87.53,14.4,13.5,1.051,1.9,0.6,2.0,13.4,14.1,1.073,5,7,0,0,7
29.6,6,isocontour,11.283791670955125,42479.32,89.39,9.4,-17.2,1.057,-1.0,-0.0,1.0,13.4,14.1,1.073,5,5,0,0,5
29.6,7,isocontour,11.283791670955125,42214.15,88.83,-20.7,0.7,0.993,-0.1,0.7,0.7,-19.9,-2.2,1.033,23,5,0,0,5
29.6,8,isocontour,11.283791670955125,43139.45,90.78,12.0,-16.2,1.025,0.9,0.3,0.9,13.4,14.1,1.073,5,4,0,0,4
29.6,9,isocontour,11.283791670955125,41921.16,88.22,20.9,1.1,0.98,0.4,-1.3,1.4,13.4,14.1,1.073,5,6,0,0,6
29.6,10,isocontour,11.283791670955125,42503.31,89.44,19.7,-6.6,0.989,0.4,1.2,1.3,13.4,14.1,1.073,5,3,0,0,3
29.6,11,isocontour,11.283791670955125,42290.93,89.0,-20.3,-5.0,0.981,-1.7,-1.1,2.0,-19.9,-2.2,1.033,23,6,0,0,6
29.6,12,isocontour,11.283791670955125,41973.87,88.33,-17.5,-11.0,0.994,0.8,-2.5,2.6,-19.9,-2.2,1.033,23,4,0,0,4
29.6,13,isocontour,11.283791670955125,41223.46,86.75,20.6,-2.6,0.992,0.6,2.9,3.0,13.4,14.1,1.073,5,4,0,0,4
29.6,14,isocontour,11.283791670955125,41173.96,86.65,17.2,-11.7,0.989,0.7,1.6,1.7,13.4,14.1,1.073,5,5,0,0,5
29.6,15,isocontour,11.283791670955125,40499.2,85.23,13.1,16.5,0.973,-0.2,0.6,0.6,13.4,14.1,1.073,5,7,0,0,7
29.6,16,isocontour,11.283791670955125,47194.46,99.31,-23.7,23.1,0.508,0.7,0.6,0.9,-23.7,23.1,0.515,16,0,0,0,0
29.6,17,isocontour,11.283791670955125,41893.8,88.16,18.8,9.7,0.969,0.5,-0.3,0.6,13.4,14.1,1.073,5,7,0,0,7
29.6,18,isocontour,11.283791670955125,46005.93,96.81,5.6,20.0,0.992,0.4,-1.3,1.4,13.4,14.1,1.073,5,3,0,0,3
29.6,19,isocontour,11.283791670955125,42450.89,89.33,-20.7,-0.7,0.992,0.6,-1.1,1.3,-19.9,-2.2,1.033,23,6,0,0,6
29.6,20,isocontour,11.283791670955125,42598.32,89.64,12.6,-16.6,0.987,-1.3,-1.5,2.0,13.4,14.1,1.073,5,4,0,0,4
29.6,21,isocontour,11.283791670955125,41139.96,86.57,0.7,-20.8,0.99,-0.7,-0.2,0.7,13.4,14.1,1.073,5,2,0,0,2
29.6,22,isocontour,11.283791670955125,44085.66,92.77,-20.3,-3.6,0.996,-0.9,2.8,2.9,-19.9,-2.2,1.033,23,6,0,0,6
29.6,23,isocontour,11.283791670955125,44090.88,92.78,-19.9,-2.4,1.032,0.4,-2.7,2.7,-19.9,-2.2,1.033,23,6,0,0,6
29.6,24,isocontour,11.283791670955125,42580.22,89.6,8.4,-19.0,0.988,0.7,0.1,0.7,13.4,14.1,1.073,5,4,0,0,4
29.6,25,isocontour,11.283791670955125,41932.25,88.24,-20.0,6.0,0.985,-0.8,-0.3,0.9,-19.9,-2.2,1.033,23,5,0,0,5
29.6,Target,,,,,0.0,0.0,4.023,0.0,0.0,,,,,,,,,
29.7,1,isocontour,11.283791670955125,41999.43,88.38,19.4,8.0,0.979,-2.4,-0.2,2.4,13.4,14.1,1.073,5,8,0,0,8
29.7,2,isocontour,11.283791670955125,40549.71,85.33,14.9,14.5,0.99,-1.9,-0.4,1.9,13.4,14.1,1.073,5,7,0,0,7
29.7,3,isocontour,11.283791670955125,42014.71,88.41,18.0,10.0,1.0,-0.2,-0.8,0.8,13.4,14.1,1.073,5,7,0,0,7
29.7,4,isocontour,11.283791670955125,43767.95,92.1,17.5,9.8,1.028,-0.3,1.9,1.9,13.4,14.1,1.073,5,7,0,0,7
29.7,5,isocontour,11.283791670955125,41588.79,87.52,14.3,13.4,1.055,-0.4,-1.3,1.4,13.4,14.1,1.073,5,7,0,0,7
29.7,6,isocontour,11.283791670955125,42449.12,89.33,9.5,-17.0,1.061,2.1,1.9,2.8,13.4,14.1,1.073,5,5,0,0,5
29.7,7,isocontour,11.283791670955125,42103.79,88.6,-20.7,1.1,0.99,-0.4,4.4,4.4,-19.9,-2.2,1.033,23,5,0,0,5
29.7,8,isocontour,11.283791670955125,43137.29,90.78,12.1,-16.2,1.022,1.1,0.3,1.1,13.4,14.1,1.073,5,4,0,0,4
29.7,9,isocontour,11.283791670955125,41915.95,88.21,20.9,1.2,0.981,-0.5,1.5,1.6,13.4,14.1,1.073,5,6,0,0,6
29.7,10,isocontour,11.283791670955125,42498.0,89.43,19.8,-6.5,0.987,0.9,1.3,1.6,13.4,14.1,1.073,5,3,0,0,3
29.7,11,isocontour,11.283791670955125,42290.0,88.99,-20.3,-5.1,0.981,0.6,-0.6,0.8,-19.9,-2.2,1.033,23,6,0,0,6
29.7,12,isocontour,11.283791670955125,41936.95,88.25,-17.4,-11.2,0.995,1.8,-2.5,3.1,-19.9,-2.2,1.033,23,4,0,0,4
29.7,13,isocontour,11.283791670955125,41190.68,86.68,20.6,-2.3,0.99,0.7,2.9,3.0,13.4,14.1,1.073,5,4,0,0,4
29.7,14,isocontour,11.283791670955125,41147.94,86.59,17.2,-11.4,0.997,-0.3,2.7,2.7,13.4,14.1,1.073,5,5,0,0,5
29.7,15,isocontour,11.283791670955125,40489.21,85.2,13.1,16.4,0.98,-0.4,-1.9,1.9,13.4,14.1,1.073,5,7,0,0,7
29.7,16,isocontour,11.283791670955125,47193.36,99.31,-23.7,23.0,0.51,0.9,-0.3,0.9,-23.7,23.0,0.515,16,0,0,0,0
29.7,17,isocontour,11.283791670955125,41879.17,88.13,18.6,9.7,0.978,-2.2,-0.2,2.2,13.4,14.1,1.073,5,7,0,0,7
29.7,18,isocontour,11.283791670955125,46005.17,96.81,5.6,19.9,0.996,-0.7,-0.5,0.9,13.4,14.1,1.073,5,3,0,0,3
29.7,19,isocontour,11.283791670955125,42450.35,89.33,-20.7,-0.7,0.99,-0.4,0.6,0.7,-19.9,-2.2,1.033,23,6,0,0,6
29.7,20,isocontour,11.283791670955125,42593.4,89.63,12.6,-16.5,0.991,0.5,1.5,1.6,13.4,14.1,1.073,5,4,0,0,4
29.7,21,isocontour,11.283791670955125,41138.12,86.57,0.7,-20.7,0.992,1.0,0.5,1.1,13.4,14.1,1.073,5,2,0,0,2
29.7,22,isocontour,11.283791670955125,44049.81,92.7,-20.5,-3.8,0.984,-2.1,-2.2,3.0,-19.9,-2.2,1.033,23,6,0,0,6
29.7,23,isocontour,11.283791670955125,44090.0,92.78,-19.9,-2.6,1.032,0.2,-0.8,0.8,-19.9,-2.2,1.033,23,6,0,0,6
29.7,24,isocontour,11.283791670955125,42511.52,89.46,8.1,-19.1,0.991,-3.7,-0.9,3.8,13.4,14.1,1.073,5,4,0,0,4
29.7,25,isocontour,11.283791670955125,41895.68,88.16,-20.0,5.8,0.99,0.2,-3.1,3.1,-19.9,-2.2,1.033,23,5,0,0,5
29.7,Target,,,,,0.0,0.0,4.023,0.0,0.0,,,,,,,,,
29.8,1,isocontour,11.283791670955125,41962.51,88.3,19.2,8.3,0.983,-1.5,2.7,3.1,13.4,14.1,1.073,5,8,0,0,8
29.8,2,isocontour,11.283791670955125,40536.58,85.3,15.0,14.4,0.99,1.7,-1.3,2.1,13.4,14.1,1.073,5,7,0,0,7
29.8,3,isocontour,11.283791670955125,42007.31,88.4,18.2,9.9,0.993,1.8,-0.1,1.8,13.4,14.1,1.073,5,7,0,0,7
29.8,4,isocontour,11.283791670955125,43766.16,92.1,17.5,9.9,1.025,0.1,1.1,1.1,13.4,14.1,1.073,5,7,0,0,7
29.8,5,isocontour,11.283791670955125,41582.87,87.51,14.4,13.2,1.06,0.4,-1.6,1.6,13.4,14.1,1.073,5,7,0,0,7
29.8,6,isocontour,11.283791670955125,42430.95,89.29,9.8,-16.9,1.059,2.3,0.8,2.4,13.4,14.1,1.073,5,5,0,0,5
29.8,7,isocontour,11.283791670955125,42103.38,88.6,-20.8,1.2,0.989,-0.2,0.6,0.6,-19.9,-2.2,1.033,23,5,0,0,5
29.8,8,isocontour,11.283791670955125,43106.46,90.71,12.3,-16.0,1.024,2.0,2.1,2.9,13.4,14.1,1.073,5,4,0,0,4
29.8,9,isocontour,11.283791670955125,41879.38,88.13,20.8,1.5,0.984,-0.7,3.0,3.1,13.4,14.1,1.073,5,6,0,0,6
29.8,10,isocontour,11.283791670955125,42477.51,89.39,19.7,-6.7,0.987,-0.8,-2.4,2.5,13.4,14.1,1.073,5,3,0,0,3
29.8,11,isocontour,11.283791670955125,42286.65,88.99,-20.3,-4.9,0.984,0.2,1.4,1.4,-19.9,-2.2,1.033,23,6,0,0,6
29.8,12,isocontour,11.283791670955125,41916.93,88.21,-17.2,-11.5,0.995,1.4,-2.1,2.5,-19.9,-2.2,1.033,23,4,0,0,4
29.8,13,isocontour,11.283791670955125,41054.74,86.39,20.8,-1.9,0.986,1.3,4.6,4.8,13.4,14.1,1.073,5,4,0,0,4
29.8,14,isocontour,11.283791670955125,41146.7,86.59,17.2,-11.3,0.998,0.6,0.8,1.0,13.4,14.1,1.073,5,5,0,0,5
29.8,15,isocontour,11.283791670955125,40486.59,85.2,13.1,16.3,0.982,0.9,-0.9,1.3,13.4,14.1,1.073,5,7,0,0,7
29.8,16,isocontour,11.283791670955125,47192.26,99.31,-23.7,23.0,0.509,-0.9,-0.1,0.9,-23.7,23.0,0.515,16,0,0,0,0
29.8,17,isocontour,11.283791670955125,41863.36,88.1,18.4,9.7,0.989,-2.3,0.2,2.3,13.4,14.1,1.073,5,7,0,0,7
29.8,18,isocontour,11.283791670955125,46004.53,96.81,5.5,19.9,0.995,-0.5,0.6,0.8,13.4,14.1,1.073,5,3,0,0,3
29.8,19,isocontour,11.283791670955125,42426.81,89.28,-20.9,-0.5,0.984,-1.2,2.3,2.6,-19.9,-2.2,1.033,23,6,0,0,6
29.8,20,isocontour,11.283791670955125,42587.89,89.62,12.6,-16.5,0.989,-1.0,-1.3,1.6,13.4,14.1,1.073,5,4,0,0,4
29.8,21,isocontour,11.283791670955125,41137.46,86.57,0.7,-20.7,0.991,-0.7,-0.2,0.7,13.4,14.1,1.073,5,2,0,0,2
29.8,22,isocontour,11.283791670955125,44045.68,92.69,-20.5,-3.9,0.983,0.5,-1.4,1.5,-19.9,-2.2,1.033,23,6,0,0,6
29.8,23,isocontour,11.283791670955125,44088.76,92.78,-19.8,-2.6,1.035,0.7,-0.7,1.0,-19.9,-2.2,1.033,23,6,0,0,6
29.8,24,isocontour,11.283791670955125,42504.11,89.44,8.2,-19.1,0.991,1.7,0.6,1.8,13.4,14.1,1.073,5,4,0,0,4
29.8,25,isocontour,11.283791670955125,41891.8,88.16,-20.0,5.6,0.99,-0.6,-1.3,1.4,-19.9,-2.2,1.033,23,5,0,0,5
29.8,Target,,,,,0.0,0.0,4.023,0.0,0.0,,,,,,,,,
29.9,1,isocontour,11.283791670955125,41939.24,88.26,18.9,8.2,0.996,-2.5,-0.7,2.6,13.4,14.1,1.073,5,8,0,0,8
29.9,2,isocontour,11.283791670955125,40534.26,85.3,14.9,14.4,0.992,-1.1,0.4,1.2,13.4,14.1,1.073,5,7,0,0,7
29.9,3,isocontour,11.283791670955125,42005.1,88.39,18.3,10.0,0.987,1.2,0.2,1.2,13.4,14.1,1.073,5,7,0,0,7
29.9,4,isocontour,11.283791670955125,43731.0,92.03,17.5,10.2,1.022,-1.1,2.8,3.0,13.4,14.1,1.073,5,7,0,0,7
29.9,5,isocontour,11.283791670955125,41545.59,87.43,14.2,13.4,1.065,-2.5,1.7,3.0,13.4,14.1,1.073,5,7,0,0,7
29.9,6,isocontour,11.283791670955125,42422.91,89.27,9.9,-16.8,1.065,0.6,1.7,1.8,13.4,14.1,1.073,5,5,0,0,5
29.9,7,isocontour,11.283791670955125,41998.87,88.38,-20.7,1.6,0.989,0.3,4.3,4.3,-19.8,-2.6,1.035,23,5,0,0,5
29.9,8,isocontour,11.283791670955125,43098.29,90.7,12.4,-15.9,1.022,1.7,0.6,1.8,13.4,14.1,1.073,5,4,0,0,4
29.9,9,isocontour,11.283791670955125,41875.5,88.12,20.7,1.6,0.989,-1.1,0.9,1.4,13.4,14.1,1.073,5,6,0,0,6
29.9,10,isocontour,11.283791670955125,42455.01,89.34,19.6,-6.9,0.986,-0.8,-2.5,2.6,13.4,14.1,1.073,5,3,0,0,3
29.9,11,isocontour,11.283791670955125,42251.84,88.91,-20.1,-4.8,0.997,2.3,2.0,3.0,-19.8,-2.6,1.035,23,6,0,0,6
29.9,12,isocontour,11.283791670955125,41898.99,88.17,-17.1,-11.6,0.996,1.5,-1.9,2.4,-19.8,-2.6,1.035,23,3,0,0,3
29.9,13,isocontour,11.283791670955125,41053.77,86.39,20.8,-1.9,0.985,0.1,-0.9,0.9,13.4,14.1,1.073,5,4,0,0,4
29.9,14,isocontour,11.283791670955125,41145.67,86.59,17.3,-11.3,0.994,0.9,-0.2,0.9,13.4,14.1,1.073,5,5,0,0,5
29.9,15,isocontour,11.283791670955125,40474.34,85.17,13.3,16.1,0.985,1.3,-1.6,2.1,13.4,14.1,1.073,5,7,0,0,7
29.9,16,isocontour,11.283791670955125,47191.16,99.31,-23.7,23.1,0.507,-0.2,0.9,0.9,-23.7,23.1,0.515,16,0,0,0,0
29.9,17,isocontour,11.283791670955125,41861.75,88.09,18.4,9.8,0.987,0.3,1.0,1.0,13.4,14.1,1.073,5,7,0,0,7
29.9,18,isocontour,11.283791670955125,45983.3,96.77,5.3,20.0,0.993,-2.4,0.9,2.6,13.4,14.1,1.073,5,3,0,0,3
29.9,19,isocontour,11.283791670955125,42413.13,89.25,-21.0,-0.3,0.979,-0.9,2.0,2.2,-19.8,-2.6,1.035,23,5,0,0,5
29.9,20,isocontour,11.283791670955125,42578.19,89.6,12.7,-16.5,0.988,1.7,0.9,1.9,13.4,14.1,1.073,5,4,0,0,4
29.9,21,isocontour,11.283791670955125,41020.26,86.32,0.3,-20.8,0.988,-4.5,-0.7,4.6,13.4,14.1,1.073,5,2,0,0,2
29.9,22,isocontour,11.283791670955125,44031.06,92.66,-20.4,-3.8,0.992,1.7,1.4,2.2,-19.8,-2.6,1.035,23,6,0,0,6
29.9,23,isocontour,11.283791670955125,44062.74,92.72,-19.8,-2.9,1.036,0.3,-2.7,2.7,-19.8,-2.9,1.035,23,6,0,0,6
29.9,24,isocontour,11.283791670955125,42496.83,89.43,8.3,-19.1,0.985,1.7,-0.6,1.8,13.4,14.1,1.073,5,4,0,0,4
29.9,25,isocontour,11.283791670955125,41853.43,88.08,-20.0,5.3,0.993,0.0,-3.1,3.1,-19.8,-2.6,1.035,23,5,0,0,5
29.9,Target,,,,,0.0,0.0,4.023,0.0,0.0,,,,,,,,,
30.0,1,isocontour,11.283791670955125,41936.8,88.25,19.0,8.2,0.994,1.1,-0.5,1.2,19.0,8.2,0.996,1,8,0,0,8
30.0,2,isocontour,11.283791670955125,40523.5,85.28,15.0,14.3,0.989,1.9,-0.8,2.1,15.0,14.3,0.992,2,7,0,0,7
30.0,3,isocontour,11.283791670955125,41953.7,88.29,18.5,9.7,0.984,1.9,-2.9,3.5,18.5,9.7,0.987,3,7,0,0,7
30.0,4,isocontour,11.283791670955125,43729.25,92.02,17.5,10.2,1.019,0.9,-0.6,1.1,17.5,10.2,1.022,4,7,0,0,7
30.0,5,isocontour,11.283791670955125,41545.13,87.43,14.2,13.3,1.066,0.4,-0.6,0.7,14.2,13.3,1.065,5,7,0,0,7
30.0,6,isocontour,11.283791670955125,42393.65,89.21,10.1,-16.6,1.067,2.3,1.6,2.8,10.1,-16.6,1.065,6,5,0,0,5
30.0,7,isocontour,11.283791670955125,41961.23,88.3,-20.7,1.4,0.991,0.3,-3.1,3.1,-20.7,1.4,0.989,7,5,0,0,5
30.0,8,isocontour,11.283791670955125,43081.22,90.66,12.6,-15.8,1.019,2.1,1.0,2.3,12.6,-15.8,1.022,8,4,0,0,4
30.0,9,isocontour,11.283791670955125,41872.95,88.12,20.7,1.7,0.992,-0.6,1.1,1.3,20.7,1.7,0.989,9,6,0,0,6
30.0,10,isocontour,11.283791670955125,42438.79,89.31,19.5,-6.9,0.997,-1.9,1.3,2.3,19.5,-6.9,0.986,10,3,0,0,3
30.0,11,isocontour,11.283791670955125,42236.23,88.88,-20.1,-4.9,0.994,-0.7,-2.2,2.3,-20.1,-4.9,0.997,11,6,0,0,6
30.0,12,isocontour,11.283791670955125,41874.09,88.12,-16.9,-11.9,0.996,1.5,-2.2,2.7,-16.9,-11.9,0.996,12,3,0,0,3
30.0,13,isocontour,11.283791670955125,41048.36,86.38,20.6,-1.9,0.992,-1.5,0.5,1.6,20.6,-1.9,0.985,13,4,0,0,4
30.0,14,isocontour,11.283791670955125,41143.57,86.58,17.4,-11.3,0.988,1.2,-0.1,1.2,17.4,-11.3,0.994,14,5,0,0,5
30.0,15,isocontour,11.283791670955125,40447.18,85.12,13.4,15.9,0.987,1.8,-2.1,2.8,13.4,15.9,0.985,15,7,0,0,7
30.0,16,isocontour,11.283791670955125,47190.06,99.31,-23.7,23.1,0.508,0.9,0.0,0.9,-23.7,23.1,0.507,16,0,0,0,0
30.0,17,isocontour,11.283791670955125,41818.78,88.0,18.4,9.5,0.991,0.6,-3.2,3.3,18.4,9.5,0.987,17,7,0,0,7
30.0,18,isocontour,11.283791670955125,45978.19,96.76,5.2,20.1,0.987,-0.7,1.4,1.6,5.2,20.1,0.993,18,3,0,0,3
30.0,19,isocontour,11.283791670955125,42409.56,89.25,-20.9,-0.3,0.983,1.0,-1.0,1.4,-20.9,-0.3,0.979,19,5,0,0,5
30.0,20,isocontour,11.283791670955125,42552.18,89.55,12.9,-16.3,0.988,2.0,1.8,2.7,12.9,-16.3,0.988,20,4,0,0,4
30.0,21,isocontour,11.283791670955125,41018.42,86.32,0.3,-20.8,0.99,1.0,0.5,1.1,0.3,-20.8,0.988,21,2,0,0,2
30.0,22,isocontour,11.283791670955125,44018.46,92.63,-20.5,-3.7,0.986,-1.9,1.0,2.1,-20.5,-3.7,0.992,22,6,0,0,6
30.0,23,isocontour,11.283791670955125,44031.59,92.66,-19.7,-3.1,1.035,0.4,-2.9,2.9,-19.7,-3.1,1.036,23,6,0,0,6
30.0,24,isocontour,11.283791670955125,42480.6,89.4,8.2,-19.0,0.994,-1.9,1.4,2.4,8.2,-19.0,0.985,24,4,0,0,4
30.0,25,isocontour,11.283791670955125,41853.0,88.07,-20.0,5.3,0.994,0.2,0.7,0.7,-20.0,5.3,0.993,25,5,0,0,5
30.0,Target,,,,,0.0,0.0,4.023,0.0,0.0,,,,,,,,,
30.1,1,isocontour,11.283791670955125,41928.1,88.23,19.1,8.3,0.987,0.6,1.8,1.9,14.2,13.3,1.066,5,8,0,0,8
30.1,2,isocontour,11.283791670955125,40522.65,85.27,15.1,14.3,0.991,0.0,-0.9,0.9,14.2,13.3,1.066,5,6,0,0,6
30.1,3,isocontour,11.283791670955125,41948.3,88.28,18.4,9.7,0.991,-1.6,0.1,1.6,14.2,13.3,1.066,5,7,0,0,7
30.1,4,isocontour,11.283791670955125,43715.76,91.99,17.5,10.0,1.025,-0.2,-2.2,2.2,14.2,13.3,1.066,5,7,0,0,7
30.1,5,isocontour,11.283791670955125,41522.89,87.38,14.3,13.2,1.067,1.5,-2.1,2.6,14.3,13.2,1.066,5,7,0,0,7
30.1,6,isocontour,11.283791670955125,42362.81,89.15,9.9,-16.8,1.064,-2.2,-1.9,2.9,9.9,-16.8,1.067,6,5,0,0,5
30.1,7,isocontour,11.283791670955125,41959.91,88.3,-20.8,1.3,0.987,-0.9,0.4,1.0,-19.7,-3.1,1.036,23,5,0,0,5
30.1,8,isocontour,11.283791670955125,43055.21,90.6,12.7,-15.6,1.026,0.7,2.6,2.7,10.1,-16.6,1.067,6,5,0,0,5
30.1,9,isocontour,11.283791670955125,41867.34,88.1,20.8,1.8,0.985,1.6,0.5,1.7,17.5,10.2,1.022,4,6,0,0,6
30.1,10,isocontour,11.283791670955125,42402.93,89.23,19.4,-7.1,0.996,-0.4,-3.0,3.0,12.6,-15.8,1.022,8,4,0,0,4
30.1,11,isocontour,11.283791670955125,42215.49,88.84,-20.2,-5.2,0.988,-0.5,-2.5,2.5,-19.7,-3.1,1.036,23,6,0,0,6
30.1,12,isocontour,11.283791670955125,41842.62,88.05,-16.7,-12.1,0.997,1.8,-2.3,2.9,-19.7,-3.1,1.036,23,3,0,0,3
30.1,13,isocontour,11.283791670955125,41045.63,86.38,20.7,-2.0,0.99,0.6,-1.1,1.3,19.5,-6.9,0.997,10,4,0,0,4
30.1,14,isocontour,11.283791670955125,41128.16,86.55,17.6,-11.2,0.984,1.7,1.5,2.3,10.1,-16.6,1.067,6,5,0,0,5
30.1,15,isocontour,11.283791670955125,40427.87,85.08,13.5,15.7,0.995,0.2,-2.5,2.5,14.2,13.3,1.066,5,7,0,0,7
30.1,16,isocontour,11.283791670955125,47188.96,99.3,-23.7,23.0,0.51,0.0,-0.9,0.9,-23.7,23.0,0.508,16,0,0,0,0
30.1,17,isocontour,11.283791670955125,41815.65,88.0,18.4,9.6,0.993,-0.9,1.0,1.3,14.2,13.3,1.066,5,7,0,0,7
30.1,18,isocontour,11.283791670955125,45976.75,96.75,5.1,20.2,0.987,-1.0,0.2,1.0,5.1,20.2,0.993,18,1,0,0,1
30.1,19,isocontour,11.283791670955125,42396.25,89.22,-20.7,-0.3,0.994,2.0,0.9,2.2,-19.7,-3.1,1.036,23,5,0,0,5
30.1,20,isocontour,11.283791670955125,42549.74,89.54,12.8,-16.3,0.99,-1.2,-0.4,1.3,10.1,-16.6,1.067,6,4,0,0,4
30.1,21,isocontour,11.283791670955125,41017.96,86.32,0.3,-20.8,0.989,-0.6,-0.3,0.7,10.1,-16.6,1.067,6,2,0,0,2
30.1,22,isocontour,11.283791670955125,44005.69,92.6,-20.5,-3.9,0.986,0.7,-2.0,2.1,-19.7,-3.1,1.036,23,6,0,0,6
30.1,23,isocontour,11.283791670955125,44027.63,92.65,-19.6,-3.2,1.041,1.3,-0.6,1.4,-19.6,-3.2,1.036,23,6,0,0,6
30.1,24,isocontour,11.283791670955125,42479.84,89.39,8.1,-19.0,0.998,-0.8,0.3,0.9,10.1,-16.6,1.067,6,4,0,0,4
30.1,25,isocontour,11.283791670955125,41742.64,87.84,-20.0,5.7,0.99,0.4,4.4,4.4,-19.7,-3.1,1.036,23,5,0,0,5
30.1,Target,,,,,0.0,0.0,4.023,0.0,0.0,,,,,,,,,
30.2,1,isocontour,11.283791670955125,41927.97,88.23,19.0,8.3,0.988,-0.4,-0.3,0.5,14.3,13.2,1.067,5,8,0,0,8
30.2,2,isocontour,11.283791670955125,40520.04,85.27,15.0,14.3,0.994,-1.2,0.4,1.3,14.3,13.2,1.067,5,6,0,0,6
30.2,3,isocontour,11.283791670955125,41947.96,88.27,18.4,9.6,0.992,0.3,-0.6,0.7,14.3,13.2,1.067,5,7,0,0,7
30.2,4,isocontour,11.283791670955125,43713.21,91.99,17.5,10.0,1.025,-0.5,1.1,1.2,14.3,13.2,1.067,5,7,0,0,7
30.2,5,isocontour,11.283791670955125,41507.28,87.35,14.5,13.1,1.06,2.3,-0.2,2.3,14.5,13.1,1.067,5,6,0,0,6
30.2,6,isocontour,11.283791670955125,42361.81,89.15,9.8,-16.9,1.061,-0.4,-0.8,0.9,10.1,-16.6,1.067,6,5,0,0,5
30.2,7,isocontour,11.283791670955125,41959.17,88.3,-20.8,1.4,0.988,0.4,0.7,0.8,-19.6,-3.2,1.041,23,5,0,0,5
30.2,8,isocontour,11.283791670955125,43053.36,90.6,12.7,-15.5,1.033,-0.9,0.6,1.1,10.1,-16.6,1.067,6,5,0,0,5
30.2,9,isocontour,11.283791670955125,41848.04,88.06,20.7,1.6,0.991,-1.3,-2.1,2.5,14.2,13.3,1.066,5,6,0,0,6
30.2,10,isocontour,11.283791670955125,42388.11,89.2,19.5,-7.3,0.986,1.4,-1.8,2.3,10.1,-16.6,1.067,6,4,0,0,4
30.2,11,isocontour,11.283791670955125,42164.98,88.73,-20.0,-5.5,0.989,1.4,-3.1,3.4,-19.6,-3.2,1.041,23,6,0,0,6
30.2,12,isocontour,11.283791670955125,41842.05,88.05,-16.7,-12.2,0.998,0.6,-0.5,0.8,-19.6,-3.2,1.041,23,3,0,0,3
30.2,13,isocontour,11.283791670955125,41042.56,86.37,20.7,-2.1,0.988,0.2,-1.3,1.3,10.1,-16.6,1.067,6,4,0,0,4
30.2,14,isocontour,11.283791670955125,41126.54,86.55,17.7,-11.1,0.985,0.3,1.0,1.0,10.1,-16.6,1.067,6,5,0,0,5
30.2,15,isocontour,11.283791670955125,40427.21,85.07,13.4,15.7,0.998,-0.7,0.3,0.8,14.3,13.2,1.067,5,7,0,0,7
30.2,16,isocontour,11.283791670955125,47187.86,99.3,-23.7,22.9,0.511,-0.4,-0.9,1.0,-23.7,22.9,0.51,16,0,0,0,0
30.2,17,isocontour,11.283791670955125,41767.74,87.9,18.5,9.3,0.994,1.3,-3.1,3.4,14.3,13.2,1.067,5,7,0,0,7
30.2,18,isocontour,11.283791670955125,45954.25,96.71,5.3,20.2,0.986,2.6,-0.4,2.6,14.2,13.3,1.066,5,1,0,0,1
30.2,19,isocontour,11.283791670955125,42395.81,89.22,-20.7,-0.2,0.996,0.1,0.7,0.7,-19.6,-3.2,1.041,23,5,0,0,5
30.2,20,isocontour,11.283791670955125,42549.3,89.54,12.9,-16.3,0.99,0.6,0.3,0.7,10.1,-16.6,1.067,6,4,0,0,4
30.2,21,isocontour,11.283791670955125,41017.49,86.32,0.2,-20.8,0.99,-0.7,0.1,0.7,10.1,-16.6,1.067,6,2,0,0,2
30.2,22,isocontour,11.283791670955125,43983.45,92.56,-20.3,-4.1,0.993,1.8,-1.8,2.5,-19.6,-3.2,1.041,23,6,0,0,6
30.2,23,isocontour,11.283791670955125,43997.43,92.59,-19.5,-3.5,1.043,0.6,-2.8,2.9,-19.5,-3.5,1.041,23,6,0,0,6
30.2,24,isocontour,11.283791670955125,42461.9,89.36,7.9,-19.1,0.996,-1.9,-1.4,2.4,10.1,-16.6,1.067,6,4,0,0,4
30.2,25,isocontour,11.283791670955125,41742.2,87.84,-19.9,5.8,0.99,0.3,0.6,0.7,-19.6,-3.2,1.041,23,5,0,0,5
30.2,Target,,,,,0.0,0.0,4.023,0.0,0.0,,,,,,,,,
30.3,1,isocontour,11.283791670955125,41905.22,88.18,19.0,8.6,0.988,-0.9,2.5,2.7,14.3,13.2,1.067,5,8,0,0,8
30.3,2,isocontour,11.283791670955125,40485.91,85.2,14.8,14.5,0.994,-2.0,2.2,3.0,14.3,13.2,1.067,5,6,0,0,6
30.3,3,isocontour,11.283791670955125,41894.29,88.16,18.6,9.5,0.981,3.2,-1.3,3.5,14.3,13.2,1.067,5,7,0,0,7
30.3,4,isocontour,11.283791670955125,43701.8,91.97,17.4,10.2,1.022,-0.4,2.0,2.0,14.3,13.2,1.067,5,7,0,0,7
30.3,5,isocontour,11.283791670955125,41486.78,87.3,14.8,13.2,1.047,2.5,0.6,2.6,14.8,13.2,1.067,5,6,0,0,6
30.3,6,isocontour,11.283791670955125,42350.24,89.12,9.7,-16.9,1.064,-2.0,-0.5,2.1,10.1,-16.6,1.067,6,5,0,0,5
30.3,7,isocontour,11.283791670955125,41956.5,88.29,-20.7,1.3,0.99,0.5,-1.2,1.3,-19.5,-3.5,1.043,23,5,0,0,5
30.3,8,isocontour,11.283791670955125,43018.21,90.53,12.4,-15.6,1.037,-2.7,-1.4,3.0,10.1,-16.6,1.067,6,5,0,0,5
30.3,9,isocontour,11.283791670955125,41847.47,88.06,20.7,1.5,0.99,0.4,-0.6,0.7,14.3,13.2,1.067,5,6,0,0,6
30.3,10,isocontour,11.283791670955125,42351.55,89.12,19.4,-7.1,0.995,-1.4,2.7,3.0,10.1,-16.6,1.067,6,5,0,0,5
30.3,11,isocontour,11.283791670955125,42158.95,88.72,-19.9,-5.5,0.997,1.6,0.4,1.6,-19.5,-3.5,1.043,23,6,0,0,6
30.3,12,isocontour,11.283791670955125,41815.47,88.0,-16.5,-12.4,0.998,1.6,-2.2,2.7,-19.5,-3.5,1.043,23,3,0,0,3
30.3,13,isocontour,11.283791670955125,41040.95,86.37,20.7,-2.0,0.99,-0.6,0.9,1.1,10.1,-16.6,1.067,6,4,0,0,4
30.3,14,isocontour,11.283791670955125,41113.05,86.52,17.5,-11.1,0.994,-2.2,0.1,2.2,10.1,-16.6,1.067,6,5,0,0,5
30.3,15,isocontour,11.283791670955125,40401.19,85.02,13.3,15.9,0.994,-1.4,2.4,2.8,14.3,13.2,1.067,5,7,0,0,7
30.3,16,isocontour,11.283791670955125,47186.76,99.3,-23.7,23.0,0.51,0.3,0.9,0.9,-23.7,23.0,0.511,16,0,0,0,0
30.3,17,isocontour,11.283791670955125,41746.01,87.85,18.7,9.2,0.988,2.2,-1.3,2.6,14.3,13.2,1.067,5,7,0,0,7
30.3,18,isocontour,11.283791670955125,45950.98,96.7,5.4,20.1,0.989,0.9,-1.0,1.3,14.3,13.2,1.067,5,1,0,0,1
30.3,19,isocontour,11.283791670955125,42294.85,89.0,-20.7,0.2,0.991,-1.1,4.2,4.3,-19.5,-3.5,1.043,23,5,0,0,5
30.3,20,isocontour,11.283791670955125,42494.24,89.42,13.2,-16.4,0.977,3.4,-1.0,3.5,10.1,-16.6,1.067,6,5,0,0,5
30.3,21,isocontour,11.283791670955125,40979.85,86.24,0.5,-20.7,0.992,3.0,0.5,3.0,10.1,-16.6,1.067,6,2,0,0,2
30.3,22,isocontour,11.283791670955125,43958.0,92.5,-20.3,-3.9,0.993,-0.7,2.6,2.7,-19.5,-3.5,1.043,23,6,0,0,6
30.3,23,isocontour,11.283791670955125,43991.51,92.57,-19.4,-3.6,1.048,1.2,-1.1,1.6,-19.4,-3.6,1.043,23,6,0,0,6
30.3,24,isocontour,11.283791670955125,42446.08,89.32,7.7,-19.2,0.994,-2.0,-1.2,2.3,10.1,-16.6,1.067,6,4,0,0,4
30.3,25,isocontour,11.283791670955125,41711.68,87.78,-20.0,5.6,0.989,-0.9,-2.7,2.8,-19.5,-3.5,1.043,23,4,0,0,4
30.3,Target,,,,,0.0,0.0,4.023,0.0,0.0,,,,,,,,,
30.4,1,isocontour,11.283791670955125,41901.79,88.18,18.8,8.6,0.993,-1.4,0.2,1.4,14.3,13.2,1.067,5,8,0,0,8
30.4,2,isocontour,11.283791670955125,40485.71,85.2,14.7,14.5,0.997,-0.3,-0.4,0.5,14.3,13.2,1.067,5,7,0,0,7
30.4,3,isocontour,11.283791670955125,41876.78,88.12,18.7,9.7,0.972,0.6,2.3,2.4,14.3,13.2,1.067,5,7,0,0,7
30.4,4,isocontour,11.283791670955125,43667.33,91.89,17.3,10.5,1.022,-1.6,2.5,3.0,14.3,13.2,1.067,5,7,0,0,7
30.4,5,isocontour,11.283791670955125,41485.75,87.3,14.9,13.2,1.042,0.9,-0.1,0.9,14.9,13.2,1.067,5,6,0,0,6
30.4,6,isocontour,11.283791670955125,42342.59,89.1,9.8,-16.8,1.066,1.3,1.2,1.8,10.1,-16.6,1.067,6,5,0,0,5
30.4,7,isocontour,11.283791670955125,41935.27,88.25,-20.7,1.5,0.989,-0.2,2.5,2.5,-19.4,-3.6,1.048,23,5,0,0,5
30.4,8,isocontour,11.283791670955125,42997.96,90.48,12.5,-15.5,1.039,1.8,1.8,2.5,10.1,-16.6,1.067,6,5,0,0,5
30.4,9,isocontour,11.283791670955125,41846.73,88.06,20.8,1.4,0.987,0.6,-0.6,0.8,14.3,13.2,1.067,5,6,0,0,6
30.4,10,isocontour,11.283791670955125,42349.34,89.12,19.5,-7.0,0.993,1.0,0.6,1.2,10.1,-16.6,1.067,6,5,0,0,5
30.4,11,isocontour,11.283791670955125,42157.59,88.72,-19.9,-5.4,0.995,-0.9,0.4,1.0,-19.4,-3.6,1.048,23,6,0,0,6
30.4,12,isocontour,11.283791670955125,41794.24,87.95,-16.4,-12.6,0.996,1.2,-2.3,2.6,-19.4,-3.6,1.048,23,3,0,0,3
30.4,13,isocontour,11.283791670955125,41020.21,86.32,20.7,-1.8,0.99,0.4,2.5,2.5,10.1,-16.6,1.067,6,4,0,0,4
30.4,14,isocontour,11.283791670955125,41103.64,86.5,17.3,-11.2,0.999,-1.6,-1.1,1.9,10.1,-16.6,1.067,6,5,0,0,5
30.4,15,isocontour,11.283791670955125,40312.34,84.83,13.0,16.1,0.994,-3.3,2.5,4.1,14.3,13.2,1.067,5,7,0,0,7
30.4,16,isocontour,11.283791670955125,47185.66,99.3,-23.7,23.1,0.508,-0.8,0.4,0.9,-23.7,23.1,0.511,16,0,0,0,0
30.4,17,isocontour,11.283791670955125,41736.6,87.83,18.8,9.3,0.98,0.7,1.8,1.9,14.3,13.2,1.067,5,7,0,0,7
30.4,18,isocontour,11.283791670955125,45920.15,96.63,5.7,20.0,0.989,2.8,-0.8,2.9,14.3,13.2,1.067,5,2,0,0,2
30.4,19,isocontour,11.283791670955125,42199.39,88.8,-20.9,0.6,0.983,-1.4,4.0,4.2,-19.4,-3.6,1.048,23,5,0,0,5
30.4,20,isocontour,11.283791670955125,42488.53,89.41,13.3,-16.3,0.975,1.2,1.1,1.6,10.1,-16.6,1.067,6,5,0,0,5
30.4,21,isocontour,11.283791670955125,40979.39,86.24,0.5,-20.7,0.991,-0.6,-0.3,0.7,10.1,-16.6,1.067,6,2,0,0,2
30.4,22,isocontour,11.283791670955125,43907.05,92.4,-20.6,-3.7,0.982,-2.7,2.1,3.4,-19.4,-3.6,1.048,23,6,0,0,6
30.4,23,isocontour,11.283791670955125,43989.81,92.57,-19.4,-3.7,1.05,0.5,-1.0,1.1,-19.4,-3.7,1.048,23,6,0,0,6
30.4,24,isocontour,11.283791670955125,42446.03,89.32,7.7,-19.2,0.992,0.0,-0.3,0.3,10.1,-16.6,1.067,6,4,0,0,4
30.4,25,isocontour,11.283791670955125,41673.31,87.7,-20.0,5.3,0.993,0.0,-3.1,3.1,-19.4,-3.6,1.048,23,5,0,0,5
30.4,Target,,,,,0.0,0.0,4.023,0.0,0.0,,,,,,,,,
30.5,1,isocontour,11.283791670955125,41883.63,88.14,18.9,8.4,0.994,0.9,-2.2,2.4,14.3,13.2,1.067,5,8,0,0,8
30.5,2,isocontour,11.283791670955125,40462.69,85.15,14.6,14.7,0.994,-1.3,2.3,2.6,14.3,13.2,1.067,5,7,0,0,7
30.5,3,isocontour,11.283791670955125,41845.95,88.06,18.6,9.9,0.972,-1.6,2.4,2.9,14.3,13.2,1.067,5,7,0,0,7
30.5,4,isocontour,11.283791670955125,43643.53,91.84,17.2,10.7,1.019,-0.9,2.5,2.7,14.3,13.2,1.067,5,7,0,0,7
30.5,5,isocontour,11.283791670955125,41478.1,87.29,15.0,13.2,1.033,1.7,0.6,1.8,15.0,13.2,1.067,5,6,0,0,6
30.5,6,isocontour,11.283791670955125,42340.15,89.1,9.8,-16.7,1.07,0.6,1.0,1.2,10.1,-16.6,1.067,6,5,0,0,5
30.5,7,isocontour,11.283791670955125,41933.11,88.24,-20.7,1.5,0.991,0.3,-1.1,1.1,-19.4,-3.7,1.05,23,5,0,0,5
30.5,8,isocontour,11.283791670955125,42992.94,90.47,12.6,-15.3,1.044,0.2,1.5,1.5,10.1,-16.6,1.067,6,5,0,0,5
30.5,9,isocontour,11.283791670955125,41841.02,88.05,20.7,1.4,0.994,-1.4,-0.9,1.7,14.3,13.2,1.067,5,6,0,0,6
30.5,10,isocontour,11.283791670955125,42263.67,88.94,19.6,-6.7,0.992,1.5,3.8,4.1,10.1,-16.6,1.067,6,5,0,0,5
30.5,11,isocontour,11.283791670955125,42062.81,88.52,-20.1,-5.8,0.982,-1.7,-3.9,4.3,-19.4,-3.7,1.05,23,6,0,0,6
30.5,12,isocontour,11.283791670955125,41772.51,87.91,-16.3,-12.8,0.994,1.3,-2.2,2.6,-19.4,-3.7,1.05,23,3,0,0,3
30.5,13,isocontour,11.283791670955125,40933.91,86.14,20.9,-1.5,0.982,2.1,3.5,4.1,10.1,-16.6,1.067,6,5,0,0,5
30.5,14,isocontour,11.283791670955125,41059.07,86.4,17.4,-11.4,0.987,1.4,-3.0,3.3,10.1,-16.6,1.067,6,5,0,0,5
30.5,15,isocontour,11.283791670955125,40229.77,84.66,12.7,16.4,0.993,-3.1,2.6,4.0,14.3,13.2,1.067,5,7,0,0,7
30.5,16,isocontour,11.283791670955125,47184.56,99.29,-23.7,23.1,0.506,0.1,0.9,0.9,-23.7,23.1,0.511,16,0,0,0,0
30.5,17,isocontour,11.283791670955125,41731.4,87.82,18.7,9.2,0.985,-0.8,-1.4,1.6,14.3,13.2,1.067,5,8,0,0,8
30.5,18,isocontour,11.283791670955125,45884.29,96.56,6.0,19.9,0.991,2.8,-1.2,3.0,14.3,13.2,1.067,5,2,0,0,2
30.5,19,isocontour,11.283791670955125,42195.82,88.8,-20.9,0.5,0.981,-0.1,-1.4,1.4,-19.4,-3.7,1.05,23,5,0,0,5
30.5,20,isocontour,11.283791670955125,42475.03,89.38,13.5,-16.2,0.975,1.7,1.4,2.2,10.1,-16.6,1.067,6,5,0,0,5
30.5,21,isocontour,11.283791670955125,40870.51,86.01,0.1,-20.8,0.989,-4.4,-0.6,4.4,10.1,-16.6,1.067,6,2,0,0,2
30.5,22,isocontour,11.283791670955125,43907.04,92.4,-20.6,-3.6,0.981,0.2,0.1,0.2,-19.4,-3.7,1.05,23,6,0,0,6
30.5,23,isocontour,11.283791670955125,43986.81,92.56,-19.3,-3.8,1.055,1.0,-0.9,1.3,-19.3,-3.8,1.05,23,6,0,0,6
30.5,24,isocontour,11.283791670955125,42437.19,89.3,7.9,-19.3,0.985,1.8,-0.7,1.9,10.1,-16.6,1.067,6,4,0,0,4
30.5,25,isocontour,11.283791670955125,41672.68,87.7,-20.0,5.3,0.992,-0.3,0.7,0.8,-19.4,-3.7,1.05,23,5,0,0,5
30.5,Target,,,,,0.0,0.0,4.023,0.0,0.0,,,,,,,,,
30.6,1,isocontour,11.283791670955125,41786.82,87.94,19.1,8.1,0.989,2.7,-3.3,4.3,14.3,13.2,1.067,5,8,0,0,8
30.6,2,isocontour,11.283791670955125,40461.29,85.15,14.6,14.8,0.99,-0.0,1.0,1.0,14.3,13.2,1.067,5,7,0,0,7
30.6,3,isocontour,11.283791670955125,41843.75,88.06,18.5,10.0,0.977,-1.2,0.3,1.2,14.3,13.2,1.067,5,7,0,0,7
30.6,4,isocontour,11.283791670955125,43621.03,91.8,17.1,10.5,1.029,-0.9,-2.4,2.6,14.3,13.2,1.067,5,7,0,0,7
30.6,5,isocontour,11.283791670955125,41474.05,87.28,14.9,13.2,1.037,-1.5,0.0,1.5,14.9,13.2,1.067,5,7,0,0,7
30.6,6,isocontour,11.283791670955125,42336.51,89.09,9.7,-16.7,1.074,-1.4,0.1,1.4,9.7,-16.7,1.07,6,5,0,0,5
30.6,7,isocontour,11.283791670955125,41930.79,88.24,-20.7,1.3,0.99,-0.2,-1.2,1.2,-19.3,-3.8,1.055,23,5,0,0,5
30.6,8,isocontour,11.283791670955125,42991.37,90.47,12.7,-15.3,1.043,1.0,0.3,1.0,9.8,-16.7,1.07,6,5,0,0,5
30.6,9,isocontour,11.283791670955125,41837.6,88.04,20.8,1.3,0.988,1.4,-0.0,1.4,14.3,13.2,1.067,5,6,0,0,6
30.6,10,isocontour,11.283791670955125,42227.47,88.86,19.7,-6.9,0.987,-0.1,-3.1,3.1,10.1,-16.6,1.067,6,4,0,0,4
30.6,11,isocontour,11.283791670955125,42061.07,88.51,-20.1,-5.7,0.983,0.5,1.0,1.1,-19.3,-3.8,1.055,23,6,0,0,6
30.6,12,isocontour,11.283791670955125,41764.73,87.89,-16.1,-12.9,0.997,1.6,-0.9,1.8,-19.3,-3.8,1.055,23,3,0,0,3
30.6,13,isocontour,11.283791670955125,40917.05,86.1,20.9,-1.2,0.983,-0.3,2.3,2.3,10.1,-16.6,1.067,6,5,0,0,5
30.6,14,isocontour,11.283791670955125,41041.35,86.37,17.6,-11.5,0.976,2.4,0.2,2.4,9.8,-16.7,1.07,6,5,0,0,5
30.6,15,isocontour,11.283791670955125,40137.0,84.46,12.4,16.7,0.987,-2.3,3.5,4.2,14.3,13.2,1.067,5,7,0,0,7
30.6,16,isocontour,11.283791670955125,47183.46,99.29,-23.8,23.1,0.504,-0.9,-0.1,0.9,-23.8,23.1,0.511,16,0,0,0,0
30.6,17,isocontour,11.283791670955125,41712.32,87.78,18.6,9.3,0.989,-1.5,1.9,2.4,14.3,13.2,1.067,5,8,0,0,8
30.6,18,isocontour,11.283791670955125,45883.87,96.56,6.0,19.9,0.99,-0.5,0.4,0.6,14.3,13.2,1.067,5,3,0,0,3
30.6,19,isocontour,11.283791670955125,42175.57,88.75,-20.8,0.7,0.987,1.3,2.2,2.6,-19.3,-3.8,1.055,23,5,0,0,5
30.6,20,isocontour,11.283791670955125,42464.73,89.36,13.6,-16.0,0.975,1.4,1.4,2.0,9.8,-16.7,1.07,6,5,0,0,5
30.6,21,isocontour,11.283791670955125,40868.31,86.0,0.1,-20.8,0.99,1.1,0.5,1.2,9.8,-16.7,1.07,6,2,0,0,2
30.6,22,isocontour,11.283791670955125,43885.05,92.35,-20.4,-3.5,0.993,2.4,0.9,2.6,-19.3,-3.8,1.055,23,6,0,0,6
30.6,23,isocontour,11.283791670955125,43960.79,92.51,-19.2,-3.6,1.059,0.1,2.7,2.7,-19.2,-3.6,1.055,23,6,0,0,6
30.6,24,isocontour,11.283791670955125,42356.45,89.13,7.6,-19.5,0.981,-3.4,-2.1,4.0,9.8,-16.7,1.07,6,4,0,0,4
30.6,25,isocontour,11.283791670955125,41648.05,87.64,-20.0,5.6,0.992,0.9,2.5,2.7,-19.3,-3.8,1.055,23,5,0,0,5
30.6,Target,,,,,0.0,0.0,4.023,0.0,0.0,,,,,,,,,
30.7,1,isocontour,11.283791670955125,41783.54,87.93,19.1,8.2,0.987,-0.4,1.3,1.4,14.3,13.2,1.067,5,8,0,0,8
30.7,2,isocontour,11.283791670955125,40460.66,85.14,14.6,14.9,0.988,-0.2,0.8,0.8,14.3,13.2,1.067,5,7,0,0,7
30.7,3,isocontour,11.283791670955125,41836.34,88.04,18.4,10.1,0.98,-1.4,1.2,1.8,14.3,13.2,1.067,5,7,0,0,7
30.7,4,isocontour,11.283791670955125,43617.61,91.79,17.2,10.4,1.028,1.1,-0.9,1.4,14.3,13.2,1.067,5,7,0,0,7
30.7,5,isocontour,11.283791670955125,41472.16,87.27,14.8,13.3,1.04,-0.9,0.6,1.1,14.8,13.3,1.067,5,7,0,0,7
30.7,6,isocontour,11.283791670955125,42315.52,89.05,9.6,-16.8,1.071,-1.7,-1.9,2.5,9.6,-16.8,1.074,6,5,0,0,5
30.7,7,isocontour,11.283791670955125,41851.86,88.07,-20.9,1.6,0.98,-1.9,3.5,4.0,-19.2,-3.6,1.059,23,5,0,0,5
30.7,8,isocontour,11.283791670955125,42984.45,90.46,12.8,-15.2,1.039,1.7,0.5,1.8,9.7,-16.7,1.074,6,5,0,0,5
30.7,9,isocontour,11.283791670955125,41834.03,88.03,20.8,1.5,0.985,0.3,1.4,1.4,14.3,13.2,1.067,5,6,0,0,6
30.7,10,isocontour,11.283791670955125,42226.37,88.86,19.7,-6.9,0.983,0.9,0.3,0.9,9.8,-16.7,1.07,6,5,0,0,5
30.7,11,isocontour,11.283791670955125,42041.29,88.47,-19.9,-5.9,0.989,1.7,-1.8,2.5,-19.2,-3.6,1.059,23,5,0,0,5
30.7,12,isocontour,11.283791670955125,41743.5,87.84,-16.0,-13.1,0.995,1.2,-2.2,2.5,-19.2,-3.6,1.059,23,3,0,0,3
30.7,13,isocontour,11.283791670955125,40915.65,86.1,20.8,-1.1,0.986,-0.6,0.8,1.0,9.8,-16.7,1.07,6,5,0,0,5
30.7,14,isocontour,11.283791670955125,41032.09,86.35,17.7,-11.3,0.974,1.0,1.6,1.9,9.7,-16.7,1.074,6,5,0,0,5
30.7,15,isocontour,11.283791670955125,40135.0,84.46,12.5,16.7,0.986,0.8,-0.8,1.1,14.3,13.2,1.067,5,7,0,0,7
30.7,16,isocontour,11.283791670955125,47182.36,99.29,-23.8,23.1,0.506,0.7,-0.6,0.9,-23.8,23.1,0.511,16,0,0,0,0
30.7,17,isocontour,11.283791670955125,41705.16,87.76,18.4,9.4,0.994,-1.6,0.7,1.7,14.3,13.2,1.067,5,8,0,0,8
30.7,18,isocontour,11.283791670955125,45883.44,96.56,5.9,19.9,0.989,-0.6,0.4,0.7,14.3,13.2,1.067,5,3,0,0,3
30.7,19,isocontour,11.283791670955125,42163.83,88.73,-20.6,0.8,0.997,2.0,0.7,2.1,-19.2,-3.6,1.059,23,5,0,0,5
30.7,20,isocontour,11.283791670955125,42463.21,89.36,13.6,-15.9,0.98,-0.3,1.0,1.0,9.7,-16.7,1.074,6,5,0,0,5
30.7,21,isocontour,11.283791670955125,40867.86,86.0,0.1,-20.7,0.991,-0.7,0.1,0.7,9.7,-16.7,1.074,6,2,0,0,2
30.7,22,isocontour,11.283791670955125,43873.48,92.33,-20.5,-3.4,0.988,-1.8,1.0,2.1,-19.2,-3.6,1.059,23,6,0,0,6
30.7,23,isocontour,11.283791670955125,43959.18,92.51,-19.2,-3.6,1.061,0.5,-0.9,1.0,-19.2,-3.6,1.059,23,6,0,0,6
30.7,24,isocontour,11.283791670955125,42333.69,89.09,7.3,-19.5,0.985,-2.6,-0.1,2.6,9.7,-16.7,1.074,6,4,0,0,4
30.7,25,isocontour,11.283791670955125,41537.69,87.41,-19.9,6.0,0.989,0.5,4.4,4.4,-19.2,-3.6,1.059,23,5,0,0,5
30.7,Target,,,,,0.0,0.0,4.023,0.0,0.0,,,,,,,,,
30.8,1,isocontour,11.283791670955125,41776.38,87.91,19.0,8.2,0.993,-1.7,0.6,1.8,9.8,-16.7,1.07,6,8,0,0,8
30.8,2,isocontour,11.283791670955125,40450.05,85.12,14.4,14.8,0.997,-1.6,-1.2,2.0,14.3,13.2,1.067,5,7,0,0,7
30.8,3,isocontour,11.283791670955125,41832.77,88.03,18.2,10.2,0.984,-1.2,0.8,1.4,14.3,13.2,1.067,5,7,0,0,7
30.8,4,isocontour,11.283791670955125,43607.15,91.77,17.3,10.3,1.022,1.8,-0.8,2.0,14.3,13.2,1.067,5,7,0,0,7
30.8,5,isocontour,11.283791670955125,41448.35,87.22,14.9,13.1,1.044,1.0,-2.5,2.7,14.9,13.1,1.067,5,7,0,0,7
30.8,6,isocontour,11.283791670955125,42313.87,89.04,9.4,-16.9,1.072,-1.0,-0.3,1.0,9.4,-16.9,1.074,6,5,0,0,5
30.8,7,isocontour,11.283791670955125,41850.76,88.07,-21.0,1.7,0.974,-0.9,-0.2,0.9,-19.2,-3.6,1.061,23,5,0,0,5
30.8,8,isocontour,11.283791670955125,42977.75,90.44,12.9,-15.1,1.045,0.1,1.7,1.7,9.7,-16.7,1.074,6,5,0,0,5
30.8,9,isocontour,11.283791670955125,41832.59,88.03,20.7,1.5,0.988,-0.7,0.8,1.1,9.8,-16.7,1.07,6,6,0,0,6
30.8,10,isocontour,11.283791670955125,42213.06,88.83,19.8,-6.7,0.983,0.6,2.1,2.2,9.7,-16.7,1.074,6,5,0,0,5
30.8,11,isocontour,11.283791670955125,42038.91,88.47,-19.8,-5.8,0.995,0.7,1.0,1.2,-19.2,-3.6,1.061,23,5,0,0,5
30.8,12,isocontour,11.283791670955125,41722.51,87.8,-15.8,-13.3,0.994,1.4,-2.1,2.5,-19.2,-3.6,1.061,23,3,0,0,3
30.8,13,isocontour,11.283791670955125,40887.89,86.04,20.7,-0.9,0.99,-0.6,2.7,2.8,9.7,-16.7,1.074,6,5,0,0,5
30.8,14,isocontour,11.283791670955125,41018.04,86.32,17.8,-11.1,0.979,0.2,2.2,2.2,9.7,-16.7,1.074,6,5,0,0,5
30.8,15,isocontour,11.283791670955125,40105.43,84.4,12.7,16.5,0.987,2.1,-1.9,2.8,14.3,13.2,1.067,5,7,0,0,7
30.8,16,isocontour,11.283791670955125,47181.26,99.29,-23.7,23.1,0.508,0.9,0.2,0.9,-23.7,23.1,0.511,16,0,0,0,0
30.8,17,isocontour,11.283791670955125,41704.5,87.76,18.4,9.5,0.992,0.8,0.2,0.8,9.8,-16.7,1.07,6,8,0,0,8
30.8,18,isocontour,11.283791670955125,45881.24,96.55,5.8,19.9,0.994,-0.8,-0.9,1.2,14.3,13.2,1.067,5,3,0,0,3
30.8,19,isocontour,11.283791670955125,42161.45,88.72,-20.6,0.7,0.999,0.1,-1.2,1.2,-19.2,-3.6,1.061,23,5,0,0,5
30.8,20,isocontour,11.283791670955125,42461.41,89.35,13.5,-15.8,0.986,-0.8,0.7,1.1,9.7,-16.7,1.074,6,5,0,0,5
30.8,21,isocontour,11.283791670955125,40867.42,86.0,-0.0,-20.8,0.99,-0.7,-0.2,0.7,9.7,-16.7,1.074,6,2,0,0,2
30.8,22,isocontour,11.283791670955125,43870.55,92.32,-20.5,-3.3,0.989,0.3,1.3,1.3,-19.2,-3.6,1.061,23,6,0,0,6
30.8,23,isocontour,11.283791670955125,43958.27,92.5,-19.2,-3.6,1.062,-0.1,0.9,0.9,-19.2,-3.6,1.061,23,6,0,0,6
30.8,24,isocontour,11.283791670955125,42309.62,89.04,7.1,-19.5,0.991,-2.6,0.3,2.6,9.7,-16.7,1.074,6,4,0,0,4
30.8,25,isocontour,11.283791670955125,41535.38,87.41,-19.9,5.9,0.989,-0.2,-1.2,1.2,-19.2,-3.6,1.061,23,4,0,0,4
30.8,Target,,,,,0.0,0.0,4.023,0.0,0.0,,,,,,,,,
30.9,1,isocontour,11.283791670955125,41750.36,87.86,19.0,8.0,0.996,0.8,-2.6,2.7,9.7,-16.7,1.074,6,8,0,0,8
30.9,2,isocontour,11.283791670955125,40430.74,85.08,14.4,15.0,0.988,0.5,2.4,2.5,9.8,-16.7,1.07,6,7,0,0,7
30.9,3,isocontour,11.283791670955125,41828.3,88.02,18.1,10.2,0.99,-1.5,0.0,1.5,9.8,-16.7,1.07,6,7,0,0,7
30.9,4,isocontour,11.283791670955125,43601.34,91.75,17.2,10.4,1.027,-1.6,0.5,1.7,9.8,-16.7,1.07,6,7,0,0,7
30.9,5,isocontour,11.283791670955125,41445.48,87.22,15.0,12.9,1.047,0.6,-1.2,1.3,9.8,-16.7,1.07,6,6,0,0,6
30.9,6,isocontour,11.283791670955125,42287.28,88.99,9.3,-17.1,1.068,-1.9,-2.0,2.8,9.3,-17.1,1.074,6,5,0,0,5
30.9,7,isocontour,11.283791670955125,41814.55,87.99,-21.0,1.4,0.977,0.5,-3.0,3.0,-19.2,-3.6,1.062,23,5,0,0,5
30.9,8,isocontour,11.283791670955125,42973.79,90.43,13.0,-14.9,1.046,1.1,1.0,1.5,9.7,-16.7,1.074,6,5,0,0,5
30.9,9,isocontour,11.283791670955125,41831.23,88.03,20.7,1.6,0.991,-0.7,0.8,1.1,9.7,-16.7,1.074,6,6,0,0,6
30.9,10,isocontour,11.283791670955125,42187.88,88.78,19.6,-6.5,0.994,-1.8,2.0,2.7,9.7,-16.7,1.074,6,5,0,0,5
30.9,11,isocontour,11.283791670955125,42028.61,88.44,-20.0,-5.8,0.987,-2.0,-0.1,2.0,-19.2,-3.6,1.062,23,5,0,0,5
30.9,12,isocontour,11.283791670955125,41711.43,87.78,-15.8,-13.5,0.988,0.1,-2.0,2.0,-19.2,-3.6,1.062,23,3,0,0,3
30.9,13,isocontour,11.283791670955125,40858.32,85.98,20.7,-1.1,0.989,0.2,-2.8,2.8,9.7,-16.7,1.074,6,5,0,0,5
30.9,14,isocontour,11.283791670955125,40992.3,86.26,17.7,-10.9,0.989,-0.7,2.6,2.7,9.7,-16.7,1.074,6,5,0,0,5
30.9,15,isocontour,11.283791670955125,40068.15,84.32,12.8,16.2,0.995,1.2,-2.8,3.0,9.8,-16.7,1.07,6,7,0,0,7
30.9,16,isocontour,11.283791670955125,47180.16,99.28,-23.7,23.0,0.509,-0.4,-0.8,0.9,-23.7,23.0,0.511,16,0,0,0,0
30.9,17,isocontour,11.283791670955125,41653.1,87.65,18.7,9.3,0.981,3.1,-1.4,3.4,9.7,-16.7,1.074,6,8,0,0,8
30.9,18,isocontour,11.283791670955125,45865.42,96.52,5.6,19.9,0.996,-2.3,0.4,2.3,14.3,13.2,1.067,5,2,0,0,2
30.9,19,isocontour,11.283791670955125,42139.97,88.68,-20.6,0.9,0.997,-0.5,2.5,2.5,-19.2,-3.6,1.062,23,5,0,0,5
30.9,20,isocontour,11.283791670955125,42454.25,89.34,13.4,-15.9,0.985,-1.1,-1.4,1.8,9.7,-16.7,1.074,6,5,0,0,5
30.9,21,isocontour,11.283791670955125,40757.06,85.77,-0.4,-20.8,0.987,-4.4,-0.5,4.4,9.7,-16.7,1.074,6,2,0,0,2
30.9,22,isocontour,11.283791670955125,43850.29,92.28,-20.4,-3.2,0.999,1.8,1.7,2.5,-19.2,-3.6,1.062,23,6,0,0,6
30.9,23,isocontour,11.283791670955125,43956.75,92.5,-19.3,-3.5,1.059,-0.7,0.7,1.0,-19.3,-3.5,1.062,23,6,0,0,6
30.9,24,isocontour,11.283791670955125,42308.77,89.03,7.0,-19.5,0.995,-0.7,0.5,0.9,9.7,-16.7,1.074,6,4,0,0,4
30.9,25,isocontour,11.283791670955125,41498.81,87.33,-19.9,5.6,0.993,0.1,-3.1,3.1,-19.2,-3.6,1.062,23,4,0,0,4
30.9,Target,,,,,0.0,0.0,4.023,0.0,0.0,,,,,,,,,
31.0,1,isocontour,11.283791670955125,41723.48,87.8,19.3,7.9,0.988,2.4,-1.3,2.7,9.7,-16.7,1.074,6,8,0,0,8
31.0,2,isocontour,11.283791670955125,40399.91,85.02,14.2,15.1,0.993,-2.8,0.8,2.9,9.7,-16.7,1.074,6,7,0,0,7
31.0,3,isocontour,11.283791670955125,41803.68,87.97,18.1,10.4,0.982,0.8,2.6,2.7,9.7,-16.7,1.074,6,7,0,0,7
31.0,4,isocontour,11.283791670955125,43598.91,91.75,17.1,10.4,1.034,-1.2,-0.4,1.3,9.7,-16.7,1.074,6,7,0,0,7
31.0,5,isocontour,11.283791670955125,41434.56,87.19,15.1,12.9,1.042,1.9,-0.6,2.0,9.7,-16.7,1.074,6,6,0,0,6
31.0,6,isocontour,11.283791670955125,42285.18,88.98,9.2,-17.2,1.063,-0.4,-1.1,1.2,9.2,-17.2,1.074,6,5,0,0,5
31.0,7,isocontour,11.283791670955125,41812.11,87.99,-20.9,1.3,0.979,0.3,-1.2,1.2,-19.2,-3.6,1.062,23,5,0,0,5
31.0,8,isocontour,11.283791670955125,42971.69,90.43,13.0,-14.9,1.046,0.9,0.7,1.1,9.7,-16.7,1.074,6,5,0,0,5
31.0,9,isocontour,11.283791670955125,41827.19,88.02,20.8,1.6,0.985,1.5,-0.0,1.5,9.7,-16.7,1.074,6,6,0,0,6
31.0,10,isocontour,11.283791670955125,42185.33,88.77,19.6,-6.6,0.996,-0.5,-1.1,1.2,9.7,-16.7,1.074,6,4,0,0,4
31.0,11,isocontour,11.283791670955125,42028.17,88.44,-20.1,-5.8,0.982,-0.5,-0.5,0.7,-19.2,-3.6,1.062,23,5,0,0,5
31.0,12,isocontour,11.283791670955125,41696.41,87.74,-15.9,-13.4,0.986,-1.6,1.6,2.3,-19.2,-3.6,1.062,23,2,0,0,2
31.0,13,isocontour,11.283791670955125,40747.21,85.75,20.7,-0.7,0.991,-0.2,4.4,4.4,9.7,-16.7,1.074,6,5,0,0,5
31.0,14,isocontour,11.283791670955125,40976.69,86.23,17.7,-10.6,0.998,-0.5,2.2,2.3,9.7,-16.7,1.074,6,5,0,0,5
31.0,15,isocontour,11.283791670955125,40048.84,84.28,12.8,16.4,0.986,0.1,2.5,2.5,9.7,-16.7,1.074,6,7,0,0,7
31.0,16,isocontour,11.283791670955125,47179.06,99.28,-23.6,23.0,0.511,0.9,-0.3,0.9,-23.6,23.0,0.511,16,0,0,0,0
31.0,17,isocontour,11.283791670955125,41652.07,87.65,18.7,9.3,0.983,-0.9,-0.1,0.9,9.7,-16.7,1.074,6,8,0,0,8
31.0,18,isocontour,11.283791670955125,45758.01,96.29,5.2,20.0,0.996,-4.2,1.1,4.3,9.8,-16.7,1.07,6,2,0,0,2
31.0,19,isocontour,11.283791670955125,42136.25,88.67,-20.7,0.9,0.99,-1.4,-0.4,1.5,-19.2,-3.6,1.062,23,5,0,0,5
31.0,20,isocontour,11.283791670955125,42417.69,89.26,13.2,-16.0,0.993,-3.0,-0.4,3.0,9.7,-16.7,1.074,6,4,0,0,4
31.0,21,isocontour,11.283791670955125,40756.6,85.77,-0.5,-20.8,0.988,-0.7,0.1,0.7,9.7,-16.7,1.074,6,2,0,0,2
31.0,22,isocontour,11.283791670955125,43845.91,92.27,-20.3,-3.2,1.004,0.8,-1.3,1.5,-19.2,-3.6,1.062,23,5,0,0,5
31.0,23,isocontour,11.283791670955125,43953.68,92.5,-19.4,-3.5,1.053,-1.3,0.4,1.4,-19.2,-3.6,1.062,23,6,0,0,6
31.0,24,isocontour,11.283791670955125,42308.35,89.03,6.9,-19.5,0.995,-0.5,-0.4,0.6,9.7,-16.7,1.074,6,4,0,0,4
31.0,25,isocontour,11.283791670955125,41498.02,87.33,-19.9,5.7,0.995,0.5,0.7,0.9,-19.2,-3.6,1.062,23,4,0,0,4
31.0,Target,,,,,0.0,0.0,4.023,0.0,0.0,,,,,,,,,
31.1,1,isocontour,11.283791670955125,41722.52,87.8,19.3,7.9,0.985,-0.0,0.9,0.9,9.7,-16.7,1.074,6,8,0,0,8
31.1,2,isocontour,11.283791670955125,40373.03,84.96,14.4,15.0,0.989,2.6,-1.0,2.8,9.7,-16.7,1.074,6,7,0,0,7
31.1,3,isocontour,11.283791670955125,41802.8,87.97,18.2,10.4,0.978,0.8,-0.4,0.9,9.7,-16.7,1.074,6,7,0,0,7
31.1,4,isocontour,11.283791670955125,43584.28,91.72,17.1,10.5,1.031,-0.4,2.2,2.2,9.7,-16.7,1.074,6,7,0,0,7
31.1,5,isocontour,11.283791670955125,41432.56,87.19,15.2,12.8,1.042,0.6,-1.0,1.2,9.7,-16.7,1.074,6,6,0,0,6
31.1,6,isocontour,11.283791670955125,42283.38,88.98,9.2,-17.1,1.066,0.5,1.0,1.1,9.2,-17.1,1.074,6,5,0,0,5
31.1,7,isocontour,11.283791670955125,41811.69,87.99,-20.9,1.3,0.98,0.1,0.7,0.7,-19.2,-3.6,1.062,23,5,0,0,5
31.1,8,isocontour,11.283791670955125,42953.75,90.39,13.2,-14.7,1.045,1.9,1.4,2.4,9.7,-16.7,1.074,6,5,0,0,5
31.1,9,isocontour,11.283791670955125,41718.31,87.79,20.8,1.3,0.984,0.1,-4.4,4.4,9.7,-16.7,1.074,6,6,0,0,6
31.1,10,isocontour,11.283791670955125,42043.32,88.47,19.6,-7.0,0.986,0.7,-4.8,4.9,9.7,-16.7,1.074,6,4,0,0,4
31.1,11,isocontour,11.283791670955125,42024.82,88.44,-20.1,-5.7,0.983,-0.1,1.4,1.4,-19.2,-3.6,1.062,23,5,0,0,5
31.1,12,isocontour,11.283791670955125,41658.41,87.66,-16.1,-13.2,0.99,-1.3,2.8,3.1,-19.2,-3.6,1.062,23,3,0,0,3
31.1,13,isocontour,11.283791670955125,40725.98,85.7,20.8,-0.5,0.99,0.4,2.5,2.5,9.7,-16.7,1.074,6,5,0,0,5
31.1,14,isocontour,11.283791670955125,40941.88,86.16,17.6,-10.8,0.995,-0.7,-2.9,3.0,9.7,-16.7,1.074,6,5,0,0,5
31.1,15,isocontour,11.283791670955125,39976.27,84.13,12.5,16.5,0.991,-3.7,1.1,3.9,9.7,-16.7,1.074,6,7,0,0,7
31.1,16,isocontour,11.283791670955125,47177.96,99.28,-23.7,23.0,0.51,-0.9,0.0,0.9,-23.7,23.0,0.511,16,0,0,0,0
31.1,17,isocontour,11.283791670955125,41649.57,87.65,18.6,9.3,0.989,-0.9,-0.8,1.2,9.7,-16.7,1.074,6,8,0,0,8
31.1,18,isocontour,11.283791670955125,45696.13,96.16,4.9,20.2,0.989,-2.8,2.3,3.6,9.7,-16.7,1.074,6,2,0,0,2
31.1,19,isocontour,11.283791670955125,42133.45,88.66,-20.7,0.9,0.995,1.3,-0.2,1.3,-19.2,-3.6,1.062,23,5,0,0,5
31.1,20,isocontour,11.283791670955125,42407.39,89.24,13.3,-16.1,0.985,1.8,-0.9,2.0,9.7,-16.7,1.074,6,4,0,0,4
31.1,21,isocontour,11.283791670955125,40753.86,85.76,-0.4,-20.8,0.99,1.2,0.5,1.3,9.7,-16.7,1.074,6,2,0,0,2
31.1,22,isocontour,11.283791670955125,43835.77,92.25,-20.3,-3.4,0.999,-0.8,-1.8,2.0,-19.2,-3.6,1.062,23,6,0,0,6
31.1,23,isocontour,11.283791670955125,43953.2,92.49,-19.4,-3.4,1.052,-0.1,0.7,0.7,-19.2,-3.6,1.062,23,6,0,0,6
31.1,24,isocontour,11.283791670955125,42202.39,88.81,6.6,-19.7,0.987,-3.3,-2.8,4.3,9.7,-16.7,1.074,6,4,0,0,4
31.1,25,isocontour,11.283791670955125,41387.66,87.1,-19.8,6.0,0.992,0.7,4.4,4.5,-19.2,-3.6,1.062,23,4,0,0,4
31.1,Target,,,,,0.0,0.0,4.023,0.0,0.0,,,,,,,,,
31.2,1,isocontour,11.283791670955125,41716.6,87.79,19.2,8.0,0.991,-1.7,0.2,1.7,9.7,-16.7,1.074,6,8,0,0,8
31.2,2,isocontour,11.283791670955125,40307.01,84.82,14.1,15.1,0.994,-3.4,1.5,3.7,9.7,-16.7,1.074,6,7,0,0,7
31.2,3,isocontour,11.283791670955125,41772.92,87.91,18.1,10.2,0.989,-1.2,-2.6,2.9,9.7,-16.7,1.074,6,8,0,0,8
31.2,4,isocontour,11.283791670955125,43571.33,91.69,17.0,10.7,1.028,-0.7,2.0,2.1,9.7,-16.7,1.074,6,7,0,0,7
31.2,5,isocontour,11.283791670955125,41420.31,87.16,15.4,12.7,1.034,2.1,-0.2,2.1,9.7,-16.7,1.074,6,6,0,0,6
31.2,6,isocontour,11.283791670955125,42275.08,88.96,9.3,-17.0,1.073,0.5,1.8,1.9,9.3,-17.0,1.074,6,5,0,0,5
31.2,7,isocontour,11.283791670955125,41807.81,87.98,-20.9,1.2,0.979,-0.4,-1.4,1.5,-19.2,-3.6,1.062,23,5,0,0,5
31.2,8,isocontour,11.283791670955125,42953.21,90.39,13.3,-14.7,1.046,0.3,0.7,0.8,9.7,-16.7,1.074,6,5,0,0,5
31.2,9,isocontour,11.283791670955125,41693.41,87.74,20.7,1.4,0.989,-1.2,2.4,2.7,9.7,-16.7,1.074,6,6,0,0,6
31.2,10,isocontour,11.283791670955125,42016.44,88.42,19.7,-7.3,0.978,0.3,-2.7,2.7,9.7,-16.7,1.074,6,5,0,0,5
31.2,11,isocontour,11.283791670955125,41987.54,88.36,-20.0,-5.5,0.989,0.4,3.0,3.0,-19.2,-3.6,1.062,23,5,0,0,5
31.2,12,isocontour,11.283791670955125,41645.99,87.64,-16.1,-12.9,0.997,0.1,2.1,2.1,-19.2,-3.6,1.062,23,3,0,0,3
31.2,13,isocontour,11.283791670955125,40723.77,85.7,20.8,-0.5,0.99,-0.2,-1.2,1.2,9.7,-16.7,1.074,6,6,0,0,6
31.2,14,isocontour,11.283791670955125,40932.48,86.14,17.8,-10.9,0.986,1.9,-0.5,2.0,9.7,-16.7,1.074,6,5,0,0,5
31.2,15,isocontour,11.283791670955125,39975.17,84.12,12.5,16.6,0.99,0.9,0.0,0.9,9.7,-16.7,1.074,6,7,0,0,7
31.2,16,isocontour,11.283791670955125,47176.86,99.28,-23.8,23.0,0.507,-0.8,0.5,0.9,-23.8,23.0,0.511,16,0,0,0,0
31.2,17,isocontour,11.283791670955125,41630.5,87.61,18.4,9.3,0.999,-2.4,0.6,2.5,9.7,-16.7,1.074,6,8,0,0,8
31.2,18,isocontour,11.283791670955125,45694.69,96.16,5.0,20.2,0.987,1.0,-0.1,1.0,9.7,-16.7,1.074,6,2,0,0,2
31.2,19,isocontour,11.283791670955125,42121.02,88.64,-20.7,0.7,0.994,-0.5,-2.1,2.2,-19.2,-3.6,1.062,23,5,0,0,5
31.2,20,isocontour,11.283791670955125,42388.08,89.2,13.5,-16.1,0.978,2.4,0.5,2.5,9.7,-16.7,1.074,6,5,0,0,5
31.2,21,isocontour,11.283791670955125,40753.41,85.76,-0.5,-20.7,0.991,-0.7,0.1,0.7,9.7,-16.7,1.074,6,2,0,0,2
31.2,22,isocontour,11.283791670955125,43786.57,92.14,-20.5,-3.7,0.988,-1.8,-2.9,3.4,-19.2,-3.6,1.062,23,6,0,0,6
31.2,23,isocontour,11.283791670955125,43952.76,92.49,-19.4,-3.3,1.05,-0.4,0.6,0.7,-19.2,-3.6,1.062,23,6,0,0,6
31.2,24,isocontour,11.283791670955125,42130.94,88.66,6.2,-19.8,0.988,-3.8,-0.7,3.9,9.7,-16.7,1.074,6,4,0,0,4
31.2,25,isocontour,11.283791670955125,41359.31,87.04,-19.7,6.3,0.993,1.0,2.6,2.8,-19.2,-3.6,1.062,23,4,0,0,4
31.2,Target,,,,,0.0,0.0,4.023,0.0,0.0,,,,,,,,,
31.3,1,isocontour,11.283791670955125,41688.54,87.73,19.2,7.7,0.993,1.1,-2.6,2.8,9.7,-16.7,1.074,6,8,0,0,8
31.3,2,isocontour,11.283791670955125,40299.23,84.8,14.1,15.3,0.99,-0.3,1.8,1.8,9.7,-16.7,1.074,6,7,0,0,7
31.3,3,isocontour,11.283791670955125,41739.47,87.84,18.0,9.9,1.001,-0.8,-2.9,3.0,9.7,-16.7,1.074,6,8,0,0,8
31.3,4,isocontour,11.283791670955125,43554.69,91.66,17.0,10.6,1.031,0.6,-2.3,2.4,9.7,-16.7,1.074,6,7,0,0,7
31.3,5,isocontour,11.283791670955125,41392.85,87.11,15.6,12.6,1.031,2.0,-1.9,2.8,9.7,-16.7,1.074,6,6,0,0,6
31.3,6,isocontour,11.283791670955125,42271.51,88.96,9.2,-17.0,1.073,-1.0,-1.0,1.4,9.2,-17.0,1.074,6,5,0,0,5
31.3,7,isocontour,11.283791670955125,41805.37,87.97,-20.9,1.1,0.983,0.8,-0.9,1.2,-19.2,-3.6,1.062,23,5,0,0,5
31.3,8,isocontour,11.283791670955125,42939.53,90.36,13.2,-14.5,1.056,-0.5,2.1,2.2,9.7,-16.7,1.074,6,5,0,0,5
31.3,9,isocontour,11.283791670955125,41691.76,87.74,20.6,1.5,0.993,-0.7,0.8,1.1,9.7,-16.7,1.074,6,6,0,0,6
31.3,10,isocontour,11.283791670955125,42015.83,88.42,19.7,-7.3,0.979,-0.2,0.7,0.7,9.7,-16.7,1.074,6,5,0,0,5
31.3,11,isocontour,11.283791670955125,41969.15,88.32,-19.9,-5.6,0.993,1.2,-2.1,2.4,-19.2,-3.6,1.062,23,5,0,0,5
31.3,12,isocontour,11.283791670955125,41645.56,87.64,-16.1,-13.0,0.996,-0.0,-0.7,0.7,-19.2,-3.6,1.062,23,3,0,0,3
31.3,13,isocontour,11.283791670955125,40722.37,85.7,20.8,-0.6,0.989,0.3,-1.0,1.0,9.7,-16.7,1.074,6,6,0,0,6
31.3,14,isocontour,11.283791670955125,40930.86,86.13,17.9,-11.0,0.979,1.0,-0.3,1.0,9.7,-16.7,1.074,6,5,0,0,5
31.3,15,isocontour,11.283791670955125,39973.02,84.12,12.6,16.5,0.99,0.8,-0.9,1.2,9.7,-16.7,1.074,6,7,0,0,7
31.3,16,isocontour,11.283791670955125,47175.76,99.28,-23.8,23.1,0.505,-0.4,0.9,1.0,-23.8,23.1,0.511,16,0,0,0,0
31.3,17,isocontour,11.283791670955125,41606.42,87.56,18.4,9.1,1.003,0.8,-2.5,2.6,9.7,-16.7,1.074,6,8,0,0,8
31.3,18,isocontour,11.283791670955125,45691.82,96.15,5.0,20.1,0.99,0.8,-1.0,1.3,9.7,-16.7,1.074,6,2,0,0,2
31.3,19,isocontour,11.283791670955125,42117.45,88.63,-20.7,0.6,0.991,-0.7,-1.2,1.4,-19.2,-3.6,1.062,23,5,0,0,5
31.3,20,isocontour,11.283791670955125,42380.68,89.18,13.4,-16.0,0.986,-1.5,1.0,1.8,9.7,-16.7,1.074,6,5,0,0,5
31.3,21,isocontour,11.283791670955125,40732.18,85.72,-0.7,-20.7,0.99,-2.5,-0.2,2.5,9.7,-16.7,1.074,6,2,0,0,2
31.3,22,isocontour,11.283791670955125,43786.2,92.14,-20.5,-3.8,0.986,0.1,-0.6,0.6,-19.2,-3.6,1.062,23,6,0,0,6
31.3,23,isocontour,11.283791670955125,43922.87,92.43,-19.4,-3.6,1.051,0.7,-2.8,2.9,-19.2,-3.6,1.062,23,6,0,0,6
31.3,24,isocontour,11.283791670955125,42107.14,88.61,6.0,-19.8,0.995,-2.6,0.6,2.7,9.7,-16.7,1.074,6,4,0,0,4
31.3,25,isocontour,11.283791670955125,41292.76,86.9,-19.7,6.7,0.986,-0.2,3.7,3.7,-19.2,-3.6,1.062,23,4,0,0,4
31.3,Target,,,,,0.0,0.0,4.023,0.0,0.0,,,,,,,,,
31.4,1,isocontour,11.283791670955125,41682.73,87.72,19.3,7.8,0.985,1.2,1.1,1.6,9.7,-16.7,1.074,6,8,0,0,8
31.4,2,isocontour,11.283791670955125,40298.52,84.8,14.0,15.3,0.991,-0.8,0.0,0.8,9.7,-16.7,1.074,6,7,0,0,7
31.4,3,isocontour,11.283791670955125,41738.44,87.83,18.0,9.9,1.001,-0.2,0.9,0.9,9.7,-16.7,1.074,6,8,0,0,8
31.4,4,isocontour,11.283791670955125,43540.26,91.63,17.1,10.4,1.035,0.4,-2.2,2.2,9.7,-16.7,1.074,6,7,0,0,7
31.4,5,isocontour,11.283791670955125,41391.24,87.1,15.7,12.5,1.029,0.9,-0.6,1.1,9.7,-16.7,1.074,6,6,0,0,6
31.4,6,isocontour,11.283791670955125,42269.94,88.95,9.1,-17.1,1.071,-0.8,-0.7,1.1,9.1,-17.1,1.074,6,5,0,0,5
31.4,7,isocontour,11.283791670955125,41802.88,87.97,-20.9,1.0,0.984,0.0,-1.2,1.2,-19.2,-3.6,1.062,23,5,0,0,5
31.4,8,isocontour,11.283791670955125,42905.4,90.29,13.1,-14.6,1.057,-2.1,-2.2,3.0,9.7,-16.7,1.074,6,5,0,0,5
31.4,9,isocontour,11.283791670955125,41690.27,87.73,20.7,1.4,0.992,0.4,-0.9,1.0,9.7,-16.7,1.074,6,6,0,0,6
31.4,10,isocontour,11.283791670955125,42014.62,88.41,19.7,-7.2,0.982,-0.0,1.0,1.0,9.7,-16.7,1.074,6,5,0,0,5
31.4,11,isocontour,11.283791670955125,41945.88,88.27,-20.1,-5.6,0.983,-2.6,0.6,2.7,-19.2,-3.6,1.062,23,5,0,0,5
31.4,12,isocontour,11.283791670955125,41536.68,87.41,-15.9,-13.3,0.993,2.3,-3.8,4.4,-19.2,-3.6,1.062,23,3,0,0,3
31.4,13,isocontour,11.283791670955125,40698.83,85.65,20.8,-0.4,0.989,-0.1,2.6,2.6,9.7,-16.7,1.074,6,6,0,0,6
31.4,14,isocontour,11.283791670955125,40919.29,86.11,17.8,-10.8,0.985,-0.4,2.0,2.0,9.7,-16.7,1.074,6,5,0,0,5
31.4,15,isocontour,11.283791670955125,39950.78,84.07,12.5,16.6,0.989,-1.9,1.8,2.6,9.7,-16.7,1.074,6,7,0,0,7
31.4,16,isocontour,11.283791670955125,47174.66,99.27,-23.8,23.2,0.504,0.3,0.9,0.9,-23.8,23.2,0.511,16,0,0,0,0
31.4,17,isocontour,11.283791670955125,41544.03,87.42,18.6,9.3,0.989,1.6,3.3,3.7,9.7,-16.7,1.074,6,8,0,0,8
31.4,18,isocontour,11.283791670955125,45690.82,96.15,5.1,20.1,0.991,0.9,-0.2,0.9,9.7,-16.7,1.074,6,2,0,0,2
31.4,19,isocontour,11.283791670955125,42095.97,88.59,-20.8,0.7,0.986,-0.8,2.4,2.5,-19.2,-3.6,1.062,23,5,0,0,5
31.4,20,isocontour,11.283791670955125,42343.03,89.11,13.1,-16.1,0.99,-2.7,-1.5,3.1,9.7,-16.7,1.074,6,5,0,0,5
31.4,21,isocontour,11.283791670955125,40710.71,85.67,-0.9,-20.8,0.988,-2.5,-0.4,2.5,9.7,-16.7,1.074,6,2,0,0,2
31.4,22,isocontour,11.283791670955125,43759.61,92.09,-20.4,-4.0,0.991,1.5,-2.3,2.7,-19.2,-3.6,1.062,23,6,0,0,6
31.4,23,isocontour,11.283791670955125,43889.09,92.36,-19.3,-3.8,1.053,0.8,-2.9,3.0,-19.2,-3.6,1.062,23,6,0,0,6
31.4,24,isocontour,11.283791670955125,42106.69,88.61,5.9,-19.8,0.996,-0.7,-0.1,0.7,9.7,-16.7,1.074,6,4,0,0,4
31.4,25,isocontour,11.283791670955125,41290.26,86.89,-19.7,6.6,0.987,0.0,-1.2,1.2,-19.2,-3.6,1.062,23,4,0,0,4
31.4,Target,,,,,0.0,0.0,4.023,0.0,0.0,,,,,,,,,
31.5,1,isocontour,11.283791670955125,41682.57,87.72,19.4,7.8,0.982,0.5,-0.1,0.5,9.7,-16.7,1.074,6,8,0,0,8
31.5,2,isocontour,11.283791670955125,40282.71,84.77,14.2,15.2,0.988,2.1,-1.0,2.3,9.7,-16.7,1.074,6,7,0,0,7
31.5,3,isocontour,11.283791670955125,41715.16,87.78,18.2,9.9,0.991,2.6,-0.4,2.6,9.7,-16.7,1.074,6,8,0,0,8
31.5,4,isocontour,11.283791670955125,43522.32,91.59,17.2,10.1,1.037,1.1,-2.2,2.5,9.7,-16.7,1.074,6,7,0,0,7
31.5,5,isocontour,11.283791670955125,41370.99,87.06,15.9,12.4,1.025,2.2,-1.3,2.6,9.7,-16.7,1.074,6,6,0,0,6
31.5,6,isocontour,11.283791670955125,42243.35,88.9,8.9,-17.2,1.072,-2.5,-1.1,2.7,8.9,-17.2,1.074,6,5,0,0,5
31.5,7,isocontour,11.283791670955125,41799.68,87.96,-20.8,1.0,0.988,0.9,1.0,1.3,-19.2,-3.6,1.062,23,5,0,0,5
31.5,8,isocontour,11.283791670955125,42872.96,90.22,12.8,-14.7,1.061,-2.7,-1.1,2.9,9.7,-16.7,1.074,6,5,0,0,5
31.5,9,isocontour,11.283791670955125,41560.24,87.46,20.7,1.0,0.99,0.7,-4.6,4.7,9.7,-16.7,1.074,6,6,0,0,6
31.5,10,isocontour,11.283791670955125,42001.31,88.39,19.5,-7.2,0.991,-2.2,-0.0,2.2,9.7,-16.7,1.074,6,5,0,0,5
31.5,11,isocontour,11.283791670955125,41917.82,88.21,-20.0,-5.6,0.992,2.6,-1.0,2.8,-19.2,-3.6,1.062,23,5,0,0,5
31.5,12,isocontour,11.283791670955125,41536.02,87.41,-15.8,-13.4,0.99,0.0,-0.8,0.8,-19.2,-3.6,1.062,23,3,0,0,3
31.5,13,isocontour,11.283791670955125,40697.51,85.64,20.7,-0.3,0.992,-0.6,0.8,1.0,9.7,-16.7,1.074,6,6,0,0,6
31.5,14,isocontour,11.283791670955125,40911.12,86.09,17.7,-10.6,0.994,-1.1,1.5,1.9,9.7,-16.7,1.074,6,5,0,0,5
31.5,15,isocontour,11.283791670955125,39949.17,84.07,12.5,16.6,0.988,1.0,-0.5,1.1,9.7,-16.7,1.074,6,7,0,0,7
31.5,16,isocontour,11.283791670955125,47173.56,99.27,-23.8,23.3,0.502,-0.0,0.9,0.9,-23.8,23.3,0.511,16,0,0,0,0
31.5,17,isocontour,11.283791670955125,41523.78,87.38,18.5,9.6,0.985,-0.7,2.4,2.5,9.7,-16.7,1.074,6,8,0,0,8
31.5,18,isocontour,11.283791670955125,45565.7,95.89,4.8,20.2,0.989,-4.4,1.5,4.6,9.7,-16.7,1.074,6,2,0,0,2
31.5,19,isocontour,11.283791670955125,42093.17,88.58,-20.8,0.9,0.988,0.7,1.1,1.3,-19.2,-3.6,1.062,23,5,0,0,5
31.5,20,isocontour,11.283791670955125,42307.53,89.03,12.9,-16.2,0.992,-2.5,-1.6,3.0,9.7,-16.7,1.074,6,5,0,0,5
31.5,21,isocontour,11.283791670955125,40710.24,85.67,-1.0,-20.8,0.988,-0.7,0.1,0.7,9.7,-16.7,1.074,6,2,0,0,2
31.5,22,isocontour,11.283791670955125,43743.59,92.05,-20.5,-3.9,0.986,-1.5,1.8,2.3,-19.2,-3.6,1.062,23,6,0,0,6
31.5,23,isocontour,11.283791670955125,43886.93,92.35,-19.2,-3.9,1.059,1.2,-0.1,1.2,-19.2,-3.6,1.062,23,6,0,0,6
31.5,24,isocontour,11.283791670955125,42102.73,88.6,5.8,-19.9,0.99,-0.1,-1.4,1.4,9.7,-16.7,1.074,6,4,0,0,4
31.5,25,isocontour,11.283791670955125,41287.83,86.89,-19.7,6.5,0.989,-0.1,-1.2,1.2,-19.2,-3.6,1.062,23,4,0,0,4
31.5,Target,,,,,0.0,0.0,4.023,0.0,0.0,,,,,,,,,
31.6,1,isocontour,11.283791670955125,41677.74,87.71,19.3,7.8,0.989,-1.5,-0.5,1.6,9.7,-16.7,1.074,6,8,0,0,8
31.6,2,isocontour,11.283791670955125,40258.63,84.72,14.0,15.1,0.999,-2.4,-1.1,2.6,9.7,-16.7,1.074,6,7,0,0,7
31.6,3,isocontour,11.283791670955125,41715.15,87.78,18.3,9.9,0.989,0.1,0.2,0.2,9.7,-16.7,1.074,6,8,0,0,8
31.6,4,isocontour,11.283791670955125,43491.48,91.52,17.2,9.9,1.042,0.6,-2.8,2.9,9.7,-16.7,1.074,6,8,0,0,8
31.6,5,isocontour,11.283791670955125,41368.94,87.06,16.0,12.3,1.024,0.7,-0.9,1.1,9.7,-16.7,1.074,6,6,0,0,6
31.6,6,isocontour,11.283791670955125,42218.46,88.84,9.0,-17.0,1.076,1.9,1.9,2.7,9.0,-17.0,1.074,6,5,0,0,5
31.6,7,isocontour,11.283791670955125,41795.29,87.95,-20.7,1.1,0.994,1.2,0.9,1.5,-19.2,-3.6,1.062,23,5,0,0,5
31.6,8,isocontour,11.283791670955125,42868.22,90.21,12.9,-14.7,1.058,1.5,0.3,1.5,9.7,-16.7,1.074,6,5,0,0,5
31.6,9,isocontour,11.283791670955125,41555.85,87.45,20.8,1.1,0.989,0.1,1.5,1.5,9.7,-16.7,1.074,6,6,0,0,6
31.6,10,isocontour,11.283791670955125,41996.0,88.38,19.6,-7.2,0.986,1.6,0.1,1.6,9.7,-16.7,1.074,6,5,0,0,5
31.6,11,isocontour,11.283791670955125,41917.34,88.21,-19.9,-5.7,0.994,0.2,-0.7,0.7,-19.2,-3.6,1.062,23,5,0,0,5
31.6,12,isocontour,11.283791670955125,41524.78,87.38,-16.0,-13.3,0.988,-1.6,1.3,2.1,-19.2,-3.6,1.062,23,3,0,0,3
31.6,13,isocontour,11.283791670955125,40695.02,85.64,20.8,-0.3,0.987,1.2,0.3,1.2,9.7,-16.7,1.074,6,7,0,0,7
31.6,14,isocontour,11.283791670955125,40878.01,86.02,17.7,-10.9,0.991,-0.6,-2.9,3.0,9.7,-16.7,1.074,6,5,0,0,5
31.6,15,isocontour,11.283791670955125,39944.87,84.06,12.6,16.5,0.99,0.9,-1.2,1.5,9.7,-16.7,1.074,6,7,0,0,7
31.6,16,isocontour,11.283791670955125,47172.46,99.27,-23.9,23.3,0.501,-0.8,-0.5,0.9,-23.9,23.3,0.511,16,0,0,0,0
31.6,17,isocontour,11.283791670955125,41510.47,87.35,18.5,9.4,0.99,-0.1,-2.2,2.2,9.7,-16.7,1.074,6,8,0,0,8
31.6,18,isocontour,11.283791670955125,45564.86,95.89,4.8,20.2,0.988,0.9,0.1,0.9,9.7,-16.7,1.074,6,2,0,0,2
31.6,19,isocontour,11.283791670955125,41944.9,88.27,-20.7,0.5,0.996,1.3,-4.7,4.9,-19.2,-3.6,1.062,23,5,0,0,5
31.6,20,isocontour,11.283791670955125,42272.38,88.96,12.7,-16.4,0.991,-2.2,-2.0,3.0,9.7,-16.7,1.074,6,5,0,0,5
31.6,21,isocontour,11.283791670955125,40672.24,85.59,-0.8,-20.7,0.99,3.1,0.4,3.1,9.7,-16.7,1.074,6,2,0,0,2
31.6,22,isocontour,11.283791670955125,43743.45,92.05,-20.5,-3.8,0.985,-0.1,0.5,0.5,-19.2,-3.6,1.062,23,6,0,0,6
31.6,23,isocontour,11.283791670955125,43855.46,92.29,-19.2,-3.7,1.059,-0.6,2.8,2.9,-19.2,-3.6,1.062,23,6,0,0,6
31.6,24,isocontour,11.283791670955125,42029.03,88.44,5.6,-20.2,0.978,-2.4,-3.1,3.9,9.7,-16.7,1.074,6,4,0,0,4
31.6,25,isocontour,11.283791670955125,41284.26,86.88,-19.8,6.4,0.989,-0.4,-1.3,1.4,-19.2,-3.6,1.062,23,4,0,0,4
31.6,Target,,,,,0.0,0.0,4.023,0.0,0.0,,,,,,,,,
31.7,1,isocontour,11.283791670955125,41675.19,87.7,19.2,7.9,0.99,-0.3,1.2,1.2,9.7,-16.7,1.074,6,8,0,0,8
31.7,2,isocontour,11.283791670955125,40257.56,84.72,14.0,15.1,0.998,0.9,-0.0,0.9,9.7,-16.7,1.074,6,7,0,0,7
31.7,3,isocontour,11.283791670955125,41714.91,87.78,18.3,9.9,0.99,-0.1,-0.6,0.6,9.7,-16.7,1.074,6,8,0,0,8
31.7,4,isocontour,11.283791670955125,43473.09,91.48,17.2,10.0,1.04,-0.7,2.3,2.4,9.7,-16.7,1.074,6,8,0,0,8
31.7,5,isocontour,11.283791670955125,41367.7,87.05,15.9,12.3,1.026,-0.9,0.4,1.0,9.7,-16.7,1.074,6,6,0,0,6
31.7,6,isocontour,11.283791670955125,42196.22,88.8,9.2,-16.9,1.078,2.2,1.3,2.6,9.2,-16.9,1.076,6,5,0,0,5
31.7,7,isocontour,11.283791670955125,41774.06,87.91,-20.6,1.4,0.994,0.0,2.5,2.5,-19.2,-3.6,1.062,23,5,0,0,5
31.7,8,isocontour,11.283791670955125,42866.82,90.21,12.9,-14.6,1.06,0.3,1.0,1.0,9.0,-17.0,1.076,6,5,0,0,5
31.7,9,isocontour,11.283791670955125,41554.72,87.45,20.7,1.2,0.991,-0.5,0.8,0.9,9.7,-16.7,1.074,6,6,0,0,6
31.7,10,isocontour,11.283791670955125,41994.3,88.37,19.5,-7.1,0.99,-1.0,0.4,1.1,9.7,-16.7,1.074,6,4,0,0,4
31.7,11,isocontour,11.283791670955125,41895.35,88.16,-19.9,-5.9,0.991,0.3,-2.6,2.6,-19.2,-3.6,1.062,23,5,0,0,5
31.7,12,isocontour,11.283791670955125,41521.43,87.38,-16.0,-13.2,0.991,-0.2,1.4,1.4,-19.2,-3.6,1.062,23,3,0,0,3
31.7,13,isocontour,11.283791670955125,40692.28,85.63,20.9,-0.2,0.985,0.3,1.2,1.2,9.7,-16.7,1.074,6,7,0,0,7
31.7,14,isocontour,11.283791670955125,40865.76,86.0,17.8,-10.8,0.985,1.9,0.8,2.1,9.0,-17.0,1.076,6,5,0,0,5
31.7,15,isocontour,11.283791670955125,39938.18,84.04,12.5,16.5,0.995,-1.7,0.2,1.7,9.7,-16.7,1.074,6,7,0,0,7
31.7,16,isocontour,11.283791670955125,47171.36,99.27,-23.8,23.2,0.503,0.8,-0.5,0.9,-23.8,23.2,0.511,16,0,0,0,0
31.7,17,isocontour,11.283791670955125,41509.23,87.35,18.4,9.4,0.993,-0.8,0.5,0.9,9.7,-16.7,1.074,6,8,0,0,8
31.7,18,isocontour,11.283791670955125,45536.5,95.83,5.0,20.2,0.989,2.7,-0.9,2.8,9.7,-16.7,1.074,6,2,0,0,2
31.7,19,isocontour,11.283791670955125,41944.48,88.27,-20.6,0.5,0.996,-0.1,0.7,0.7,-19.2,-3.6,1.062,23,5,0,0,5
31.7,20,isocontour,11.283791670955125,42256.15,88.92,12.6,-16.6,0.985,-0.9,-2.1,2.3,9.0,-17.0,1.076,6,4,0,0,4
31.7,21,isocontour,11.283791670955125,40671.79,85.59,-0.8,-20.7,0.991,-0.7,0.2,0.7,9.0,-17.0,1.076,6,2,0,0,2
31.7,22,isocontour,11.283791670955125,43712.94,91.99,-20.4,-3.6,0.991,0.7,2.8,2.9,-19.2,-3.6,1.062,23,6,0,0,6
31.7,23,isocontour,11.283791670955125,43853.09,92.28,-19.3,-3.5,1.056,-0.8,0.9,1.2,-19.2,-3.6,1.062,23,6,0,0,6
31.7,24,isocontour,11.283791670955125,42027.18,88.44,5.5,-20.2,0.981,-0.7,0.9,1.1,9.0,-17.0,1.076,6,4,0,0,4
31.7,25,isocontour,11.283791670955125,41281.71,86.87,-19.8,6.3,0.991,0.0,-1.2,1.2,-19.2,-3.6,1.062,23,4,0,0,4
31.7,Target,,,,,0.0,0.0,4.023,0.0,0.0,,,,,,,,,
31.8,1,isocontour,11.283791670955125,41653.21,87.65,19.1,8.1,0.99,-1.2,2.3,2.6,9.7,-16.7,1.074,6,8,0,0,8
31.8,2,isocontour,11.283791670955125,40216.56,84.63,13.8,15.3,0.999,-2.4,2.0,3.1,9.7,-16.7,1.074,6,7,0,0,7
31.8,3,isocontour,11.283791670955125,41713.81,87.78,18.3,9.9,0.986,0.9,0.1,0.9,9.7,-16.7,1.074,6,8,0,0,8
31.8,4,isocontour,11.283791670955125,43445.63,91.43,17.0,10.2,1.043,-2.0,1.9,2.8,9.7,-16.7,1.074,6,8,0,0,8
31.8,5,isocontour,11.283791670955125,41358.14,87.03,15.8,12.4,1.031,-1.8,0.8,2.0,9.7,-16.7,1.074,6,6,0,0,6
31.8,6,isocontour,11.283791670955125,42194.33,88.79,9.2,-16.9,1.077,-0.9,-0.6,1.1,9.2,-16.9,1.078,6,5,0,0,5
31.8,7,isocontour,11.283791670955125,41751.83,87.86,-20.7,1.6,0.99,-0.8,2.5,2.6,-19.2,-3.6,1.062,23,5,0,0,5
31.8,8,isocontour,11.283791670955125,42865.25,90.2,13.0,-14.5,1.064,0.1,1.0,1.0,9.2,-16.9,1.078,6,5,0,0,5
31.8,9,isocontour,11.283791670955125,41525.14,87.38,20.7,0.9,0.99,0.3,-2.8,2.8,9.7,-16.7,1.074,6,6,0,0,6
31.8,10,isocontour,11.283791670955125,41991.23,88.37,19.4,-7.2,0.992,-0.7,-1.1,1.3,9.0,-17.0,1.076,6,4,0,0,4
31.8,11,isocontour,11.283791670955125,41796.48,87.96,-19.9,-6.3,0.985,-0.0,-4.3,4.3,-19.2,-3.6,1.062,23,5,0,0,5
31.8,12,isocontour,11.283791670955125,41517.3,87.37,-15.9,-13.2,0.994,1.3,-0.7,1.5,-19.2,-3.6,1.062,23,3,0,0,3
31.8,13,isocontour,11.283791670955125,40689.73,85.63,20.8,-0.1,0.989,-1.1,0.6,1.3,9.0,-17.0,1.076,6,7,0,0,7
31.8,14,isocontour,11.283791670955125,40860.25,85.99,18.0,-10.8,0.978,1.6,0.2,1.6,9.2,-16.9,1.078,6,5,0,0,5
31.8,15,isocontour,11.283791670955125,39824.06,83.8,12.2,16.8,0.991,-3.0,3.3,4.5,9.7,-16.7,1.074,6,7,0,0,7
31.8,16,isocontour,11.283791670955125,47170.26,99.26,-23.9,23.2,0.503,-0.8,-0.6,1.0,-23.9,23.2,0.511,16,0,0,0,0
31.8,17,isocontour,11.283791670955125,41485.42,87.3,18.6,9.3,0.99,1.8,-2.0,2.7,9.7,-16.7,1.074,6,8,0,0,8
31.8,18,isocontour,11.283791670955125,45505.99,95.76,5.3,20.1,0.99,2.7,-1.0,2.9,9.7,-16.7,1.074,6,2,0,0,2
31.8,19,isocontour,11.283791670955125,41918.75,88.21,-20.8,0.6,0.987,-1.8,2.0,2.7,-19.2,-3.6,1.062,23,5,0,0,5
31.8,20,isocontour,11.283791670955125,42254.26,88.92,12.5,-16.8,0.981,-0.2,-1.1,1.1,9.2,-16.9,1.078,6,4,0,0,4
31.8,21,isocontour,11.283791670955125,40650.31,85.54,-1.0,-20.7,0.991,-2.6,-0.0,2.6,9.2,-16.9,1.078,6,2,0,0,2
31.8,22,isocontour,11.283791670955125,43688.59,91.94,-20.5,-3.7,0.983,-1.4,-2.3,2.7,-19.2,-3.6,1.062,23,6,0,0,6
31.8,23,isocontour,11.283791670955125,43851.88,92.28,-19.3,-3.4,1.058,0.3,0.9,0.9,-19.2,-3.6,1.062,23,6,0,0,6
31.8,24,isocontour,11.283791670955125,42016.1,88.42,5.6,-20.0,0.99,0.8,1.9,2.1,9.2,-16.9,1.078,6,4,0,0,4
31.8,25,isocontour,11.283791670955125,41281.3,86.87,-19.8,6.3,0.991,0.1,0.7,0.7,-19.2,-3.6,1.062,23,4,0,0,4
31.8,Target,,,,,0.0,0.0,4.023,0.0,0.0,,,,,,,,,
31.9,1,isocontour,11.283791670955125,41624.25,87.59,19.2,7.9,0.989,1.4,-2.5,2.9,9.0,-17.0,1.076,6,8,0,0,8
31.9,2,isocontour,11.283791670955125,40214.12,84.63,13.9,15.4,0.993,1.1,0.6,1.3,9.7,-16.7,1.074,6,7,0,0,7
31.9,3,isocontour,11.283791670955125,41713.24,87.78,18.3,9.8,0.989,-0.6,-0.5,0.8,9.0,-17.0,1.076,6,8,0,0,8
31.9,4,isocontour,11.283791670955125,43443.88,91.42,16.9,10.3,1.046,-1.0,0.5,1.1,9.0,-17.0,1.076,6,8,0,0,8
31.9,5,isocontour,11.283791670955125,41352.12,87.02,15.6,12.4,1.036,-1.6,0.6,1.7,9.7,-16.7,1.074,6,6,0,0,6
31.9,6,isocontour,11.283791670955125,42168.59,88.74,9.0,-17.0,1.081,-2.7,-0.5,2.7,9.2,-16.9,1.078,6,5,0,0,5
31.9,7,isocontour,11.283791670955125,41648.74,87.64,-20.7,2.0,0.988,0.1,4.3,4.3,-19.2,-3.6,1.062,23,5,0,0,5
31.9,8,isocontour,11.283791670955125,42852.12,90.18,13.0,-14.3,1.073,0.2,2.2,2.2,9.2,-16.9,1.078,6,5,0,0,5
31.9,9,isocontour,11.283791670955125,41511.09,87.35,20.9,1.0,0.98,2.0,1.0,2.2,9.0,-17.0,1.076,6,6,0,0,6
31.9,10,isocontour,11.283791670955125,41961.66,88.3,19.3,-7.5,0.991,-0.8,-2.7,2.8,9.2,-16.9,1.078,6,4,0,0,4
31.9,11,isocontour,11.283791670955125,41778.76,87.92,-19.7,-6.4,0.994,2.4,-0.2,2.4,-19.2,-3.6,1.062,23,5,0,0,5
31.9,12,isocontour,11.283791670955125,41511.9,87.36,-15.9,-13.4,0.989,-0.1,-1.6,1.6,-19.2,-3.6,1.062,23,3,0,0,3
31.9,13,isocontour,11.283791670955125,40687.29,85.62,20.7,-0.0,0.995,-1.0,0.6,1.2,9.2,-16.9,1.078,6,7,0,0,7
31.9,14,isocontour,11.283791670955125,40855.24,85.97,17.9,-10.7,0.984,-1.1,1.1,1.6,9.2,-16.9,1.078,6,5,0,0,5
31.9,15,isocontour,11.283791670955125,39801.3,83.76,12.0,17.0,0.989,-1.9,1.8,2.6,9.7,-16.7,1.074,6,7,0,0,7
31.9,16,isocontour,11.283791670955125,47169.16,99.26,-23.8,23.2,0.503,0.6,0.7,0.9,-23.8,23.2,0.511,16,0,0,0,0
31.9,17,isocontour,11.283791670955125,41390.64,87.1,18.8,8.9,0.989,1.9,-3.8,4.2,9.0,-17.0,1.076,6,8,0,0,8
31.9,18,isocontour,11.283791670955125,45484.76,95.72,5.1,20.1,0.991,-2.5,0.5,2.5,9.7,-16.7,1.074,6,2,0,0,2
31.9,19,isocontour,11.283791670955125,41837.4,88.04,-20.9,1.0,0.982,-0.7,3.9,4.0,-19.2,-3.6,1.062,23,5,0,0,5
31.9,20,isocontour,11.283791670955125,42243.17,88.9,12.4,-16.9,0.979,-1.4,-1.4,2.0,9.2,-16.9,1.078,6,4,0,0,4
31.9,21,isocontour,11.283791670955125,40649.89,85.54,-1.1,-20.7,0.99,-0.7,-0.1,0.7,9.2,-16.9,1.078,6,2,0,0,2
31.9,22,isocontour,11.283791670955125,43687.53,91.94,-20.5,-3.8,0.983,0.4,-0.9,1.0,-19.2,-3.6,1.062,23,6,0,0,6
31.9,23,isocontour,11.283791670955125,43846.86,92.27,-19.1,-3.5,1.066,1.5,-0.3,1.5,-19.2,-3.6,1.062,23,6,0,0,6
31.9,24,isocontour,11.283791670955125,42015.51,88.42,5.5,-20.0,0.993,-0.7,0.2,0.7,9.2,-16.9,1.078,6,4,0,0,4
31.9,25,isocontour,11.283791670955125,41261.52,86.83,-19.8,6.5,0.988,0.1,2.5,2.5,-19.2,-3.6,1.062,23,4,0,0,4
31.9,Target,,,,,0.0,0.0,4.023,0.0,0.0,,,,,,,,,
32.0,1,isocontour,11.283791670955125,41620.28,87.58,19.2,7.8,0.994,-0.6,-1.3,1.4,19.2,7.8,0.989,1,7,0,0,7
32.0,2,isocontour,11.283791670955125,40206.96,84.61,14.0,15.4,0.984,1.6,0.8,1.8,14.0,15.4,0.993,2,7,0,0,7
32.0,3,isocontour,11.283791670955125,41681.44,87.71,18.3,9.6,0.998,-0.3,-2.9,2.9,18.3,9.6,0.989,3,8,0,0,8
32.0,4,isocontour,11.283791670955125,43415.23,91.36,16.9,10.1,1.052,0.4,-2.8,2.8,16.9,10.1,1.046,4,8,0,0,8
32.0,5,isocontour,11.283791670955125,41347.38,87.01,15.7,12.3,1.038,0.8,-1.3,1.5,15.7,12.3,1.036,5,6,0,0,6
32.0,6,isocontour,11.283791670955125,42136.8,88.67,8.7,-17.1,1.081,-2.5,-1.5,2.9,8.7,-17.1,1.081,6,5,0,0,5
32.0,7,isocontour,11.283791670955125,41611.1,87.57,-20.7,1.8,0.991,0.5,-3.0,3.0,-20.7,1.8,0.988,7,5,0,0,5
32.0,8,isocontour,11.283791670955125,42819.67,90.11,12.7,-14.2,1.088,-2.7,1.2,3.0,12.7,-14.2,1.073,8,5,0,0,5
32.0,9,isocontour,11.283791670955125,41509.39,87.35,20.9,0.9,0.979,-0.0,-1.1,1.1,20.9,0.9,0.98,9,6,0,0,6
32.0,10,isocontour,11.283791670955125,41903.74,88.18,19.4,-7.8,0.982,0.9,-3.5,3.6,19.4,-7.8,0.991,10,4,0,0,4
32.0,11,isocontour,11.283791670955125,41778.37,87.92,-19.6,-6.5,0.995,-0.1,-0.7,0.7,-19.6,-6.5,0.994,11,5,0,0,5
32.0,12,isocontour,11.283791670955125,41511.43,87.36,-15.9,-13.4,0.989,0.5,-0.5,0.7,-15.9,-13.4,0.989,12,3,0,0,3
32.0,13,isocontour,11.283791670955125,40660.99,85.57,20.7,0.2,0.995,0.2,2.7,2.7,20.7,0.2,0.995,13,7,0,0,7
32.0,14,isocontour,11.283791670955125,40846.26,85.96,17.8,-10.5,0.992,-0.8,1.8,2.0,17.8,-10.5,0.984,14,5,0,0,5
32.0,15,isocontour,11.283791670955125,39736.86,83.62,11.6,17.1,0.996,-3.6,0.8,3.7,11.6,17.1,0.989,15,6,0,0,6
32.0,16,isocontour,11.283791670955125,47168.06,99.26,-23.8,23.2,0.505,0.6,-0.7,0.9,-23.8,23.2,0.503,16,0,0,0,0
32.0,17,isocontour,11.283791670955125,41382.98,87.09,18.8,8.7,0.99,0.5,-1.7,1.8,18.8,8.7,0.989,17,8,0,0,8
32.0,18,isocontour,11.283791670955125,45443.36,95.63,4.9,20.3,0.985,-2.5,2.0,3.2,4.9,20.3,0.991,18,2,0,0,2
32.0,19,isocontour,11.283791670955125,41800.12,87.96,-20.8,0.8,0.985,0.7,-3.0,3.1,-20.8,0.8,0.982,19,5,0,0,5
32.0,20,isocontour,11.283791670955125,42219.36,88.85,12.2,-16.9,0.988,-2.5,0.8,2.6,12.2,-16.9,0.979,20,4,0,0,4
32.0,21,isocontour,11.283791670955125,40538.78,85.31,-1.5,-20.8,0.987,-4.4,-0.3,4.4,-1.5,-20.8,0.99,21,2,0,0,2
32.0,22,isocontour,11.283791670955125,43677.53,91.91,-20.4,-3.9,0.991,1.9,-0.7,2.0,-20.4,-3.9,0.983,22,6,0,0,6
32.0,23,isocontour,11.283791670955125,43827.09,92.23,-19.3,-3.3,1.061,-1.5,2.0,2.5,-19.3,-3.3,1.066,23,6,0,0,6
32.0,24,isocontour,11.283791670955125,42015.07,88.42,5.5,-20.0,0.993,-0.7,-0.1,0.7,5.5,-20.0,0.993,24,4,0,0,4
32.0,25,isocontour,11.283791670955125,41261.04,86.83,-19.7,6.6,0.988,0.4,0.6,0.7,-19.7,6.6,0.988,25,4,0,0,4
32.0,Target,,,,,0.0,0.0,4.023,0.0,0.0,,,,,,,,,
32.1,1,isocontour,11.283791670955125,41584.78,87.51,19.1,8.0,0.993,-0.9,2.9,3.0,16.9,10.1,1.052,4,7,0,0,7
32.1,2,isocontour,11.283791670955125,40205.89,84.61,14.0,15.4,0.987,-0.7,-0.7,1.0,16.9,10.1,1.052,4,7,0,0,7
32.1,3,isocontour,11.283791670955125,41655.43,87.66,18.4,9.8,0.988,1.3,2.4,2.7,16.9,10.1,1.052,4,8,0,0,8
32.1,4,isocontour,11.283791670955125,43390.33,91.31,17.0,9.8,1.054,1.2,-2.4,2.7,17.0,9.8,1.052,4,8,0,0,8
32.1,5,isocontour,11.283791670955125,41341.67,87.0,15.7,12.2,1.041,0.5,-1.5,1.6,16.9,10.1,1.052,4,6,0,0,6
32.1,6,isocontour,11.283791670955125,42100.94,88.6,8.8,-17.0,1.086,2.1,2.2,3.0,12.7,-14.2,1.088,8,5,0,0,5
32.1,7,isocontour,11.283791670955125,41589.87,87.52,-20.7,2.0,0.99,-0.1,2.5,2.5,-19.3,-3.3,1.066,23,5,0,0,5
32.1,8,isocontour,11.283791670955125,42815.38,90.1,12.7,-14.3,1.084,0.1,-1.5,1.5,12.7,-14.3,1.088,8,5,0,0,5
32.1,9,isocontour,11.283791670955125,41472.47,87.27,20.9,1.1,0.982,-0.7,3.0,3.1,16.9,10.1,1.052,4,6,0,0,6
32.1,10,isocontour,11.283791670955125,41881.5,88.13,19.6,-7.7,0.976,1.7,2.0,2.6,12.7,-14.2,1.088,8,4,0,0,4
32.1,11,isocontour,11.283791670955125,41670.96,87.69,-19.6,-6.9,0.988,0.1,-4.4,4.4,-19.3,-3.3,1.066,23,5,0,0,5
32.1,12,isocontour,11.283791670955125,41479.96,87.29,-15.9,-13.2,0.995,-0.6,2.8,2.9,-19.3,-3.3,1.066,23,3,0,0,3
32.1,13,isocontour,11.283791670955125,40630.16,85.5,20.9,0.1,0.983,2.4,-1.6,2.9,16.9,10.1,1.052,4,7,0,0,7
32.1,14,isocontour,11.283791670955125,40810.05,85.88,17.8,-10.8,0.99,-0.9,-2.9,3.0,12.7,-14.2,1.088,8,5,0,0,5
32.1,15,isocontour,11.283791670955125,39728.42,83.6,11.4,17.1,0.999,-1.8,0.6,1.9,16.9,10.1,1.052,4,6,0,0,6
32.1,16,isocontour,11.283791670955125,47166.96,99.26,-23.7,23.1,0.507,0.3,-0.9,0.9,-23.7,23.1,0.505,16,0,0,0,0
32.1,17,isocontour,11.283791670955125,41371.24,87.06,19.0,8.7,0.984,2.0,-0.6,2.1,16.9,10.1,1.052,4,8,0,0,8
32.1,18,isocontour,11.283791670955125,45441.21,95.63,4.9,20.3,0.982,1.2,0.1,1.2,11.6,17.1,0.996,15,2,0,0,2
32.1,19,isocontour,11.283791670955125,41797.12,87.96,-20.8,0.7,0.989,0.7,-1.1,1.3,-19.3,-3.3,1.066,23,5,0,0,5
32.1,20,isocontour,11.283791670955125,42196.08,88.8,12.0,-16.7,1.002,-2.0,1.7,2.6,12.7,-14.2,1.088,8,4,0,0,4
32.1,21,isocontour,11.283791670955125,40536.41,85.3,-1.5,-20.8,0.988,1.2,0.2,1.2,8.7,-17.1,1.081,6,2,0,0,2
32.1,22,isocontour,11.283791670955125,43676.84,91.91,-20.3,-4.0,0.992,0.1,-0.8,0.8,-19.3,-3.3,1.066,23,6,0,0,6
32.1,23,isocontour,11.283791670955125,43815.35,92.2,-19.4,-3.2,1.052,-1.7,1.2,2.1,-19.4,-3.2,1.066,23,6,0,0,6
32.1,24,isocontour,11.283791670955125,42000.45,88.38,5.3,-20.1,0.991,-2.0,-1.1,2.3,12.7,-14.2,1.088,8,4,0,0,4
32.1,25,isocontour,11.283791670955125,41224.12,86.75,-19.7,6.4,0.993,0.1,-3.1,3.1,-19.3,-3.3,1.066,23,4,0,0,4
32.1,Target,,,,,0.0,0.0,4.023,0.0,0.0,,,,,,,,,
32.2,1,isocontour,11.283791670955125,41568.96,87.48,19.2,7.9,0.992,1.0,-2.1,2.3,17.0,9.8,1.054,4,7,0,0,7
32.2,2,isocontour,11.283791670955125,40188.17,84.57,13.8,15.3,0.999,-2.1,-1.1,2.4,17.0,9.8,1.054,4,7,0,0,7
32.2,3,isocontour,11.283791670955125,41655.31,87.66,18.4,9.8,0.987,0.2,-0.4,0.4,17.0,9.8,1.054,4,8,0,0,8
32.2,4,isocontour,11.283791670955125,43359.18,91.24,16.9,10.0,1.055,-1.5,2.5,2.9,16.9,10.0,1.054,4,8,0,0,8
32.2,5,isocontour,11.283791670955125,41339.29,86.99,15.6,12.2,1.045,-1.2,0.3,1.2,17.0,9.8,1.054,4,6,0,0,6
32.2,6,isocontour,11.283791670955125,42070.11,88.53,9.1,-16.9,1.08,2.9,-0.0,2.9,12.7,-14.2,1.088,8,5,0,0,5
32.2,7,isocontour,11.283791670955125,41495.76,87.32,-20.8,2.4,0.982,-1.4,4.0,4.2,-19.3,-3.3,1.066,23,5,0,0,5
32.2,8,isocontour,11.283791670955125,42808.91,90.09,12.7,-14.5,1.076,0.3,-1.7,1.7,12.7,-14.5,1.088,8,5,0,0,5
32.2,9,isocontour,11.283791670955125,41446.17,87.22,20.8,1.4,0.984,-0.6,2.7,2.8,12.7,-14.2,1.088,8,6,0,0,6
32.2,10,isocontour,11.283791670955125,41880.79,88.13,19.6,-7.6,0.978,-0.2,0.8,0.8,12.7,-14.2,1.088,8,4,0,0,4
32.2,11,isocontour,11.283791670955125,41669.12,87.69,-19.6,-6.9,0.991,0.6,0.9,1.1,-19.3,-3.3,1.066,23,5,0,0,5
32.2,12,isocontour,11.283791670955125,41478.93,87.29,-15.8,-13.2,0.998,0.8,-0.5,0.9,-19.3,-3.3,1.066,23,3,0,0,3
32.2,13,isocontour,11.283791670955125,40629.13,85.5,20.9,0.0,0.98,0.3,-0.9,0.9,12.7,-14.2,1.088,8,6,0,0,6
32.2,14,isocontour,11.283791670955125,40803.58,85.87,17.8,-10.9,0.983,0.5,-1.6,1.7,12.7,-14.2,1.088,8,4,0,0,4
32.2,15,isocontour,11.283791670955125,39727.96,83.6,11.4,17.2,1.0,-0.6,0.3,0.7,17.0,9.8,1.054,4,5,0,0,5
32.2,16,isocontour,11.283791670955125,47165.86,99.25,-23.7,23.0,0.509,0.1,-0.9,0.9,-23.7,23.0,0.507,16,0,0,0,0
32.2,17,isocontour,11.283791670955125,41350.26,87.02,19.1,8.8,0.974,1.0,2.4,2.6,17.0,9.8,1.054,4,7,0,0,7
32.2,18,isocontour,11.283791670955125,45416.59,95.57,5.2,20.3,0.981,2.6,-0.4,2.6,16.9,10.1,1.052,4,2,0,0,2
32.2,19,isocontour,11.283791670955125,41793.98,87.95,-20.6,0.7,0.996,1.3,0.2,1.3,-19.3,-3.3,1.066,23,5,0,0,5
32.2,20,isocontour,11.283791670955125,42167.43,88.74,12.1,-16.6,1.002,2.6,1.1,2.8,12.7,-14.2,1.088,8,4,0,0,4
32.2,21,isocontour,11.283791670955125,40498.4,85.22,-1.2,-20.7,0.991,3.1,0.5,3.1,12.7,-14.2,1.088,8,2,0,0,2
32.2,22,isocontour,11.283791670955125,43590.54,91.73,-20.6,-4.2,0.974,-3.4,-2.2,4.0,-19.3,-3.3,1.066,23,6,0,0,6
32.2,23,isocontour,11.283791670955125,43807.18,92.19,-19.3,-3.2,1.06,1.8,-0.3,1.8,-19.3,-3.3,1.066,23,6,0,0,6
32.2,24,isocontour,11.283791670955125,41980.9,88.34,5.1,-20.2,0.986,-2.0,-1.4,2.4,12.7,-14.2,1.088,8,4,0,0,4
32.2,25,isocontour,11.283791670955125,41202.89,86.71,-19.7,6.5,0.991,0.3,2.5,2.5,-19.3,-3.3,1.066,23,4,0,0,4
32.2,Target,,,,,0.0,0.0,4.023,0.0,0.0,,,,,,,,,
32.3,1,isocontour,11.283791670955125,41447.85,87.22,19.4,7.5,0.989,2.3,-4.0,4.6,12.7,-14.2,1.088,8,7,0,0,7
32.3,2,isocontour,11.283791670955125,40166.94,84.53,13.7,15.5,0.997,-1.2,2.2,2.5,16.9,10.0,1.055,4,7,0,0,7
32.3,3,isocontour,11.283791670955125,41636.0,87.62,18.3,9.9,0.987,-1.2,2.1,2.4,12.7,-14.2,1.088,8,8,0,0,8
32.3,4,isocontour,11.283791670955125,43339.4,91.2,16.8,10.2,1.053,-0.9,2.3,2.5,12.7,-14.2,1.088,8,8,0,0,8
32.3,5,isocontour,11.283791670955125,41318.31,86.95,15.4,12.3,1.047,-1.8,1.8,2.5,16.9,10.0,1.055,4,6,0,0,6
32.3,6,isocontour,11.283791670955125,42038.96,88.47,9.4,-16.9,1.071,2.9,-0.2,2.9,12.7,-14.2,1.088,8,5,0,0,5
32.3,7,isocontour,11.283791670955125,41493.33,87.32,-20.8,2.3,0.981,-0.0,-1.2,1.2,-19.3,-3.3,1.066,23,5,0,0,5
32.3,8,isocontour,11.283791670955125,42787.43,90.04,12.6,-14.7,1.071,-1.5,-2.1,2.6,12.6,-14.7,1.088,8,5,0,0,5
32.3,9,isocontour,11.283791670955125,41445.14,87.22,20.8,1.5,0.986,-0.4,0.8,0.9,12.7,-14.2,1.088,8,6,0,0,6
32.3,10,isocontour,11.283791670955125,41866.55,88.1,19.5,-7.4,0.987,-1.3,1.8,2.2,12.7,-14.2,1.088,8,4,0,0,4
32.3,11,isocontour,11.283791670955125,41658.51,87.67,-19.7,-7.0,0.983,-1.5,-1.4,2.1,-19.3,-3.3,1.066,23,5,0,0,5
32.3,12,isocontour,11.283791670955125,41394.51,87.11,-15.6,-13.5,0.999,2.8,-2.9,4.0,-19.3,-3.3,1.066,23,3,0,0,3
32.3,13,isocontour,11.283791670955125,40627.81,85.5,20.9,0.1,0.983,-0.6,0.8,1.0,12.7,-14.2,1.088,8,6,0,0,6
32.3,14,isocontour,11.283791670955125,40798.66,85.86,17.7,-11.0,0.987,-1.5,-0.5,1.6,12.7,-14.2,1.088,8,4,0,0,4
32.3,15,isocontour,11.283791670955125,39706.48,83.56,11.2,17.3,0.998,-1.9,1.8,2.6,16.9,10.0,1.055,4,5,0,0,5
32.3,16,isocontour,11.283791670955125,47164.76,99.25,-23.8,23.0,0.507,-0.7,0.7,1.0,-23.8,23.0,0.509,16,0,0,0,0
32.3,17,isocontour,11.283791670955125,41346.84,87.01,19.1,9.0,0.972,-0.5,1.3,1.4,12.7,-14.2,1.088,8,7,0,0,7
32.3,18,isocontour,11.283791670955125,45407.18,95.55,5.3,20.1,0.986,1.2,-1.6,2.0,17.0,9.8,1.054,4,2,0,0,2
32.3,19,isocontour,11.283791670955125,41790.92,87.94,-20.7,0.7,0.991,-1.3,0.0,1.3,-19.3,-3.3,1.066,23,5,0,0,5
32.3,20,isocontour,11.283791670955125,42143.62,88.69,12.3,-16.7,0.989,1.9,-1.8,2.6,12.7,-14.2,1.088,8,4,0,0,4
32.3,21,isocontour,11.283791670955125,40496.14,85.22,-1.0,-20.7,0.992,1.2,0.1,1.2,12.7,-14.2,1.088,8,2,0,0,2
32.3,22,isocontour,11.283791670955125,43588.89,91.73,-20.7,-4.3,0.969,-0.3,-1.0,1.0,-19.3,-3.3,1.066,23,6,0,0,6
32.3,23,isocontour,11.283791670955125,43773.73,92.12,-19.2,-3.4,1.061,0.4,-2.9,2.9,-19.3,-3.3,1.066,23,6,0,0,6
32.3,24,isocontour,11.283791670955125,41976.17,88.33,5.2,-20.2,0.982,1.5,-0.2,1.5,12.7,-14.2,1.088,8,4,0,0,4
32.3,25,isocontour,11.283791670955125,41180.65,86.66,-19.6,6.8,0.99,0.7,2.5,2.6,-19.3,-3.3,1.066,23,4,0,0,4
32.3,Target,,,,,0.0,0.0,4.023,0.0,0.0,,,,,,,,,
32.4,1,isocontour,11.283791670955125,41446.37,87.22,19.4,7.5,0.987,0.0,1.0,1.0,12.7,-14.2,1.088,8,7,0,0,7
32.4,2,isocontour,11.283791670955125,40162.38,84.52,13.8,15.6,0.989,1.2,0.9,1.5,12.7,-14.2,1.088,8,7,0,0,7
32.4,3,isocontour,11.283791670955125,41625.24,87.6,18.1,10.0,0.994,-2.0,0.4,2.0,12.7,-14.2,1.088,8,8,0,0,8
32.4,4,isocontour,11.283791670955125,43334.93,91.19,16.8,10.4,1.05,-0.3,1.5,1.5,12.7,-14.2,1.088,8,8,0,0,8
32.4,5,isocontour,11.283791670955125,41297.33,86.91,15.3,12.5,1.046,-1.3,2.2,2.6,12.7,-14.2,1.088,8,6,0,0,6
32.4,6,isocontour,11.283791670955125,42037.93,88.46,9.4,-17.0,1.068,-0.7,-0.6,0.9,12.7,-14.2,1.088,8,5,0,0,5
32.4,7,isocontour,11.283791670955125,41490.05,87.31,-20.7,2.2,0.986,1.0,-1.0,1.4,-19.3,-3.3,1.066,23,5,0,0,5
32.4,8,isocontour,11.283791670955125,42786.59,90.04,12.7,-14.7,1.071,0.7,0.5,0.9,12.7,-14.7,1.088,8,5,0,0,5
32.4,9,isocontour,11.283791670955125,41442.46,87.21,20.7,1.6,0.992,-1.2,0.5,1.3,12.7,-14.2,1.088,8,6,0,0,6
32.4,10,isocontour,11.283791670955125,41835.08,88.04,19.4,-7.6,0.988,-1.0,-2.7,2.9,12.7,-14.2,1.088,8,4,0,0,4
32.4,11,isocontour,11.283791670955125,41576.56,87.49,-19.7,-7.3,0.978,0.5,-4.0,4.0,-19.3,-3.3,1.066,23,5,0,0,5
32.4,12,isocontour,11.283791670955125,41393.92,87.11,-15.5,-13.6,0.998,0.2,-0.7,0.7,-19.3,-3.3,1.066,23,3,0,0,3
32.4,13,isocontour,11.283791670955125,40601.51,85.44,20.8,0.3,0.987,-0.9,2.6,2.8,12.7,-14.2,1.088,8,6,0,0,6
32.4,14,isocontour,11.283791670955125,40796.17,85.85,17.6,-11.1,0.99,-1.1,-0.6,1.3,12.7,-14.2,1.088,8,4,0,0,4
32.4,15,isocontour,11.283791670955125,39600.53,83.33,10.8,17.5,0.998,-3.8,2.2,4.4,12.7,-14.2,1.088,8,5,0,0,5
32.4,16,isocontour,11.283791670955125,47163.66,99.25,-23.7,23.0,0.509,0.7,-0.7,1.0,-23.7,23.0,0.509,16,0,0,0,0
32.4,17,isocontour,11.283791670955125,41332.6,86.98,18.9,9.0,0.981,-2.2,0.1,2.2,12.7,-14.2,1.088,8,7,0,0,7
32.4,18,isocontour,11.283791670955125,45368.81,95.47,5.6,20.0,0.99,2.8,-1.4,3.1,16.9,10.0,1.055,4,2,0,0,2
32.4,19,isocontour,11.283791670955125,41772.53,87.91,-20.8,0.9,0.985,-1.0,2.2,2.4,-19.3,-3.3,1.066,23,5,0,0,5
32.4,20,isocontour,11.283791670955125,42143.4,88.69,12.4,-16.7,0.986,0.5,0.2,0.5,12.7,-14.2,1.088,8,4,0,0,4
32.4,21,isocontour,11.283791670955125,40495.71,85.22,-1.1,-20.7,0.992,-0.7,-0.0,0.7,12.7,-14.2,1.088,8,2,0,0,2
32.4,22,isocontour,11.283791670955125,43560.23,91.67,-20.6,-4.5,0.974,1.7,-2.2,2.8,-19.3,-3.3,1.066,23,6,0,0,6
32.4,23,isocontour,11.283791670955125,43748.56,92.06,-19.2,-3.7,1.061,0.6,-2.6,2.7,-19.3,-3.3,1.066,23,6,0,0,6
32.4,24,isocontour,11.283791670955125,41964.09,88.31,5.3,-20.1,0.988,1.3,1.7,2.1,12.7,-14.2,1.088,8,4,0,0,4
32.4,25,isocontour,11.283791670955125,41156.03,86.61,-19.5,7.0,0.99,0.9,2.5,2.7,-19.3,-3.3,1.066,23,4,0,0,4
32.4,Target,,,,,0.0,0.0,4.023,0.0,0.0,,,,,,,,,
32.5,1,isocontour,11.283791670955125,41413.59,87.15,19.2,7.5,1.0,-2.9,-0.1,2.9,12.7,-14.2,1.088,8,7,0,0,7
32.5,2,isocontour,11.283791670955125,40113.19,84.41,13.5,15.7,0.994,-3.2,1.0,3.4,12.7,-14.2,1.088,8,7,0,0,7
32.5,3,isocontour,11.283791670955125,41624.53,87.59,18.2,10.0,0.992,0.8,-0.0,0.8,12.7,-14.2,1.088,8,8,0,0,8
32.5,4,isocontour,11.283791670955125,43331.87,91.19,16.7,10.4,1.054,-1.3,0.3,1.3,12.7,-14.2,1.088,8,8,0,0,8
32.5,5,isocontour,11.283791670955125,41289.03,86.89,15.1,12.6,1.051,-1.8,0.5,1.9,12.7,-14.2,1.088,8,6,0,0,6
32.5,6,isocontour,11.283791670955125,42017.68,88.42,9.2,-17.1,1.071,-2.4,-0.7,2.5,12.7,-14.2,1.088,8,5,0,0,5
32.5,7,isocontour,11.283791670955125,41470.04,87.27,-20.7,2.4,0.988,0.6,2.4,2.5,-19.3,-3.3,1.066,23,5,0,0,5
32.5,8,isocontour,11.283791670955125,42768.2,90.0,12.9,-14.6,1.066,2.3,0.8,2.4,12.9,-14.6,1.088,8,5,0,0,5
32.5,9,isocontour,11.283791670955125,41413.19,87.15,20.7,1.4,0.992,0.3,-2.8,2.8,12.7,-14.2,1.088,8,6,0,0,6
32.5,10,isocontour,11.283791670955125,41826.51,88.02,19.4,-7.5,0.989,0.5,1.8,1.9,12.7,-14.2,1.088,8,4,0,0,4
32.5,11,isocontour,11.283791670955125,41574.9,87.49,-19.6,-7.4,0.982,1.1,-0.1,1.1,-19.3,-3.3,1.066,23,5,0,0,5
32.5,12,isocontour,11.283791670955125,41373.43,87.07,-15.4,-13.7,0.998,1.7,-1.8,2.5,-19.3,-3.3,1.066,23,3,0,0,3
32.5,13,isocontour,11.283791670955125,40599.36,85.44,20.7,0.4,0.993,-1.0,0.7,1.2,12.7,-14.2,1.088,8,6,0,0,6
32.5,14,isocontour,11.283791670955125,40795.78,85.85,17.6,-11.0,0.99,0.5,0.4,0.6,12.7,-14.2,1.088,8,4,0,0,4
32.5,15,isocontour,11.283791670955125,39563.25,83.26,10.6,17.7,1.0,-2.8,1.4,3.1,12.7,-14.2,1.088,8,5,0,0,5
32.5,16,isocontour,11.283791670955125,47162.56,99.25,-23.8,22.9,0.509,-0.7,-0.6,0.9,-23.8,22.9,0.509,16,0,0,0,0
32.5,17,isocontour,11.283791670955125,41300.8,86.91,18.8,8.8,0.991,-0.7,-2.8,2.9,12.7,-14.2,1.088,8,7,0,0,7
32.5,18,isocontour,11.283791670955125,45347.08,95.43,5.4,20.0,0.992,-2.5,0.5,2.5,12.7,-14.2,1.088,8,2,0,0,2
32.5,19,isocontour,11.283791670955125,41759.93,87.88,-20.9,1.1,0.98,-0.7,2.0,2.1,-19.3,-3.3,1.066,23,5,0,0,5
32.5,20,isocontour,11.283791670955125,42121.42,88.64,12.3,-16.6,0.998,-1.6,2.0,2.6,12.7,-14.2,1.088,8,4,0,0,4
32.5,21,isocontour,11.283791670955125,40495.29,85.22,-1.2,-20.7,0.992,-0.7,0.0,0.7,12.7,-14.2,1.088,8,2,0,0,2
32.5,22,isocontour,11.283791670955125,43549.14,91.64,-20.4,-4.6,0.983,1.9,-0.7,2.0,-19.3,-3.3,1.066,23,5,0,0,5
32.5,23,isocontour,11.283791670955125,43723.38,92.01,-19.1,-4.0,1.063,0.8,-2.6,2.7,-19.3,-3.3,1.066,23,6,0,0,6
32.5,24,isocontour,11.283791670955125,41963.3,88.31,5.3,-20.1,0.99,-0.8,-0.1,0.8,12.7,-14.2,1.088,8,4,0,0,4
32.5,25,isocontour,11.283791670955125,41154.93,86.61,-19.5,7.1,0.992,0.7,0.7,1.0,-19.3,-3.3,1.066,23,3,0,0,3
32.5,Target,,,,,0.0,0.0,4.023,0.0,0.0,,,,,,,,,
32.6,1,isocontour,11.283791670955125,41412.74,87.15,19.2,7.6,0.998,0.7,0.4,0.8,12.7,-14.2,1.088,8,7,0,0,7
32.6,2,isocontour,11.283791670955125,40112.43,84.41,13.5,15.8,0.992,0.1,0.8,0.8,12.7,-14.2,1.088,8,7,0,0,7
32.6,3,isocontour,11.283791670955125,41604.03,87.55,18.4,10.0,0.982,2.5,-0.3,2.5,12.7,-14.2,1.088,8,8,0,0,8
32.6,4,isocontour,11.283791670955125,43330.73,91.18,16.6,10.5,1.057,-0.8,0.6,1.0,12.7,-14.2,1.088,8,8,0,0,8
32.6,5,isocontour,11.283791670955125,41282.78,86.87,15.0,12.5,1.06,-1.3,-1.1,1.7,12.7,-14.2,1.088,8,6,0,0,6
32.6,6,isocontour,11.283791670955125,42010.51,88.41,9.3,-17.0,1.073,1.4,1.1,1.8,12.7,-14.2,1.088,8,5,0,0,5
32.6,7,isocontour,11.283791670955125,41448.56,87.22,-20.6,2.7,0.991,0.8,2.4,2.5,-19.3,-3.3,1.066,23,5,0,0,5
32.6,8,isocontour,11.283791670955125,42766.88,90.0,12.9,-14.7,1.062,-0.0,-1.0,1.0,12.9,-14.7,1.088,8,5,0,0,5
32.6,9,isocontour,11.283791670955125,41382.36,87.08,20.8,1.1,0.989,0.8,-2.8,2.9,12.7,-14.2,1.088,8,6,0,0,6
32.6,10,isocontour,11.283791670955125,41815.74,88.0,19.5,-7.3,0.989,0.8,1.9,2.1,12.7,-14.2,1.088,8,4,0,0,4
32.6,11,isocontour,11.283791670955125,41560.85,87.46,-19.5,-7.6,0.983,1.0,-2.0,2.2,-19.3,-3.3,1.066,23,5,0,0,5
32.6,12,isocontour,11.283791670955125,41370.0,87.06,-15.3,-13.8,1.001,1.3,-0.4,1.4,-19.3,-3.3,1.066,23,3,0,0,3
32.6,13,isocontour,11.283791670955125,40568.84,85.37,20.7,0.2,0.992,0.3,-2.9,2.9,12.7,-14.2,1.088,8,6,0,0,6
32.6,14,isocontour,11.283791670955125,40789.43,85.84,17.7,-11.2,0.983,0.7,-1.5,1.7,12.7,-14.2,1.088,8,4,0,0,4
32.6,15,isocontour,11.283791670955125,39536.95,83.2,10.3,17.8,0.999,-2.2,1.6,2.7,12.7,-14.2,1.088,8,5,0,0,5
32.6,16,isocontour,11.283791670955125,47161.46,99.25,-23.8,22.8,0.511,0.3,-0.9,0.9,-23.8,22.8,0.509,16,0,0,0,0
32.6,17,isocontour,11.283791670955125,41296.06,86.9,18.9,8.8,0.986,1.0,1.2,1.6,12.7,-14.2,1.088,8,7,0,0,7
32.6,18,isocontour,11.283791670955125,45230.66,95.18,5.0,20.2,0.989,-4.2,1.7,4.5,12.7,-14.2,1.088,8,2,0,0,2
32.6,19,isocontour,11.283791670955125,41742.65,87.84,-20.8,1.0,0.989,2.0,-1.3,2.4,-19.3,-3.3,1.066,23,5,0,0,5
32.6,20,isocontour,11.283791670955125,42119.85,88.64,12.2,-16.5,1.005,-1.0,0.5,1.1,12.7,-14.2,1.088,8,4,0,0,4
32.6,21,isocontour,11.283791670955125,40474.55,85.17,-1.4,-20.7,0.993,-2.5,0.2,2.5,12.7,-14.2,1.088,8,2,0,0,2
32.6,22,isocontour,11.283791670955125,43544.13,91.63,-20.2,-4.6,0.991,1.5,-0.5,1.6,-19.3,-3.3,1.066,23,5,0,0,5
32.6,23,isocontour,11.283791670955125,43703.61,91.97,-19.0,-4.2,1.063,0.4,-2.5,2.5,-19.3,-3.3,1.066,23,6,0,0,6
32.6,24,isocontour,11.283791670955125,41927.45,88.23,5.5,-20.0,0.992,2.8,1.3,3.1,12.7,-14.2,1.088,8,4,0,0,4
32.6,25,isocontour,11.283791670955125,41134.92,86.56,-19.4,7.3,0.99,0.3,2.5,2.5,-19.3,-3.3,1.066,23,3,0,0,3
32.6,Target,,,,,0.0,0.0,4.023,0.0,0.0,,,,,,,,,
32.7,1,isocontour,11.283791670955125,41355.79,87.03,19.5,7.5,0.984,3.4,-1.0,3.5,12.7,-14.2,1.088,8,7,0,0,7
32.7,2,isocontour,11.283791670955125,40098.56,84.38,13.6,15.9,0.981,1.1,1.9,2.2,12.7,-14.2,1.088,8,7,0,0,7
32.7,3,isocontour,11.283791670955125,41601.88,87.55,18.4,10.1,0.978,-0.0,1.2,1.2,12.7,-14.2,1.088,8,8,0,0,8
32.7,4,isocontour,11.283791670955125,43318.99,91.16,16.5,10.6,1.055,-0.8,1.9,2.1,12.7,-14.2,1.088,8,8,0,0,8
32.7,5,isocontour,11.283791670955125,41278.9,86.87,15.0,12.6,1.059,-0.4,1.4,1.5,12.7,-14.2,1.088,8,6,0,0,6
32.7,6,isocontour,11.283791670955125,41994.49,88.37,9.5,-17.0,1.065,2.3,-0.5,2.4,12.7,-14.2,1.088,8,4,0,0,4
32.7,7,isocontour,11.283791670955125,41427.33,87.18,-20.6,2.9,0.989,-0.0,2.6,2.6,-19.3,-3.3,1.066,23,5,0,0,5
32.7,8,isocontour,11.283791670955125,42738.22,89.94,12.7,-14.9,1.058,-1.7,-2.2,2.8,12.7,-14.9,1.088,8,5,0,0,5
32.7,9,isocontour,11.283791670955125,41381.43,87.08,20.8,1.1,0.988,-0.0,0.9,0.9,12.7,-14.2,1.088,8,6,0,0,6
32.7,10,isocontour,11.283791670955125,41815.09,87.99,19.5,-7.2,0.989,0.2,0.8,0.8,12.7,-14.2,1.088,8,4,0,0,4
32.7,11,isocontour,11.283791670955125,41559.45,87.46,-19.4,-7.6,0.988,1.0,-0.2,1.0,-19.3,-3.3,1.066,23,5,0,0,5
32.7,12,isocontour,11.283791670955125,41333.08,86.98,-15.0,-14.0,1.003,2.2,-2.1,3.0,-19.3,-3.3,1.066,23,3,0,0,3
32.7,13,isocontour,11.283791670955125,40538.01,85.31,20.8,-0.1,0.987,1.0,-2.7,2.9,12.7,-14.2,1.088,8,6,0,0,6
32.7,14,isocontour,11.283791670955125,40776.48,85.81,17.5,-11.2,0.989,-2.1,-0.4,2.1,12.7,-14.2,1.088,8,4,0,0,4
32.7,15,isocontour,11.283791670955125,39487.32,83.1,10.0,18.0,1.001,-3.2,1.1,3.4,12.7,-14.2,1.088,8,5,0,0,5
32.7,16,isocontour,11.283791670955125,47160.36,99.24,-23.8,22.9,0.509,-0.8,0.5,0.9,-23.8,22.9,0.511,16,0,0,0,0
32.7,17,isocontour,11.283791670955125,41292.49,86.89,18.9,8.7,0.985,0.6,-1.3,1.4,12.7,-14.2,1.088,8,7,0,0,7
32.7,18,isocontour,11.283791670955125,45228.95,95.18,5.0,20.2,0.988,1.1,-0.2,1.1,12.7,-14.2,1.088,8,2,0,0,2
32.7,19,isocontour,11.283791670955125,41727.43,87.81,-20.6,1.1,0.998,1.7,1.5,2.3,-19.3,-3.3,1.066,23,5,0,0,5
32.7,20,isocontour,11.283791670955125,42100.31,88.59,12.4,-16.4,1.0,2.4,0.4,2.4,12.7,-14.2,1.088,8,4,0,0,4
32.7,21,isocontour,11.283791670955125,40349.43,84.91,-1.8,-20.7,0.99,-4.6,-0.2,4.6,12.7,-14.2,1.088,8,1,0,0,1
32.7,22,isocontour,11.283791670955125,43523.39,91.59,-20.3,-4.5,0.986,-1.8,1.8,2.5,-19.3,-3.3,1.066,23,5,0,0,5
32.7,23,isocontour,11.283791670955125,43700.61,91.96,-19.1,-4.3,1.06,-0.2,-1.3,1.3,-19.3,-3.3,1.066,23,5,0,0,5
32.7,24,isocontour,11.283791670955125,41922.14,88.22,5.6,-20.1,0.986,1.1,-1.1,1.6,12.7,-14.2,1.088,8,4,0,0,4
32.7,25,isocontour,11.283791670955125,41132.54,86.56,-19.4,7.3,0.99,-0.3,-1.2,1.2,-19.3,-3.3,1.066,23,2,0,0,2
32.7,Target,,,,,0.0,0.0,4.023,0.0,0.0,,,,,,,,,
32.8,1,isocontour,11.283791670955125,41264.33,86.84,19.6,7.1,0.983,1.1,-4.0,4.1,12.7,-14.2,1.088,8,7,0,0,7
32.8,2,isocontour,11.283791670955125,40097.08,84.38,13.6,16.0,0.975,0.3,1.0,1.0,12.7,-14.2,1.088,8,7,0,0,7
32.8,3,isocontour,11.283791670955125,41600.22,87.54,18.4,10.0,0.979,0.2,-1.1,1.1,12.7,-14.2,1.088,8,7,0,0,7
32.8,4,isocontour,11.283791670955125,43290.94,91.1,16.3,10.9,1.057,-1.9,2.0,2.8,12.7,-14.2,1.088,8,7,0,0,7
32.8,5,isocontour,11.283791670955125,41251.14,86.81,14.8,12.8,1.059,-1.9,2.0,2.8,12.7,-14.2,1.088,8,6,0,0,6
32.8,6,isocontour,11.283791670955125,41970.95,88.32,9.7,-16.9,1.064,2.3,1.3,2.6,12.7,-14.2,1.088,8,4,0,0,4
32.8,7,isocontour,11.283791670955125,41424.9,87.17,-20.6,2.8,0.99,0.0,-1.2,1.2,-19.3,-3.3,1.066,23,5,0,0,5
32.8,8,isocontour,11.283791670955125,42707.7,89.87,12.6,-15.1,1.05,-0.9,-2.7,2.8,12.6,-15.1,1.088,8,5,0,0,5
32.8,9,isocontour,11.283791670955125,41379.11,87.08,20.7,1.0,0.992,-0.8,-0.9,1.2,12.7,-14.2,1.088,8,6,0,0,6
32.8,10,isocontour,11.283791670955125,41777.44,87.92,19.3,-7.4,0.993,-1.8,-2.5,3.1,12.7,-14.2,1.088,8,4,0,0,4
32.8,11,isocontour,11.283791670955125,41522.53,87.38,-19.3,-7.4,0.997,0.9,2.9,3.0,-19.3,-3.3,1.066,23,5,0,0,5
32.8,12,isocontour,11.283791670955125,41327.78,86.97,-15.0,-14.1,0.998,0.1,-1.6,1.6,-19.3,-3.3,1.066,23,3,0,0,3
32.8,13,isocontour,11.283791670955125,40413.7,85.05,20.9,-0.5,0.983,0.6,-4.6,4.6,12.7,-14.2,1.088,8,5,0,0,5
32.8,14,isocontour,11.283791670955125,40771.07,85.8,17.3,-11.3,0.995,-1.5,-0.6,1.6,12.7,-14.2,1.088,8,4,0,0,4
32.8,15,isocontour,11.283791670955125,39484.82,83.09,9.9,18.1,0.998,-0.4,1.2,1.3,12.7,-14.2,1.088,8,4,0,0,4
32.8,16,isocontour,11.283791670955125,47159.26,99.24,-23.9,22.8,0.508,-0.8,-0.4,0.9,-23.9,22.8,0.511,16,0,0,0,0
32.8,17,isocontour,11.283791670955125,41287.19,86.88,19.0,8.6,0.984,0.9,-1.3,1.6,12.7,-14.2,1.088,8,7,0,0,7
32.8,18,isocontour,11.283791670955125,45194.14,95.11,5.3,20.1,0.99,2.8,-1.1,3.0,12.7,-14.2,1.088,8,2,0,0,2
32.8,19,isocontour,11.283791670955125,41726.99,87.81,-20.5,1.2,1.0,0.2,0.7,0.7,-19.3,-3.3,1.066,23,5,0,0,5
32.8,20,isocontour,11.283791670955125,42097.99,88.59,12.4,-16.5,0.994,0.3,-1.2,1.2,12.7,-14.2,1.088,8,4,0,0,4
32.8,21,isocontour,11.283791670955125,40322.85,84.85,-2.1,-20.7,0.988,-2.7,-0.1,2.7,12.7,-14.2,1.088,8,1,0,0,1
32.8,22,isocontour,11.283791670955125,43522.45,91.59,-20.3,-4.4,0.987,0.3,0.9,0.9,-19.3,-3.3,1.066,23,5,0,0,5
32.8,23,isocontour,11.283791670955125,43688.7,91.94,-18.9,-4.5,1.066,1.6,-1.3,2.1,-19.3,-3.3,1.066,23,5,0,0,5
32.8,24,isocontour,11.283791670955125,41921.57,88.22,5.6,-20.1,0.982,-0.2,-0.7,0.7,12.7,-14.2,1.088,8,4,0,0,4
32.8,25,isocontour,11.283791670955125,41125.74,86.54,-19.3,7.4,0.994,1.2,1.2,1.7,-19.3,-3.3,1.066,23,2,0,0,2
32.8,Target,,,,,0.0,0.0,4.023,0.0,0.0,,,,,,,,,
32.9,1,isocontour,11.283791670955125,41261.95,86.83,19.6,7.0,0.988,-0.6,-1.1,1.3,12.7,-14.2,1.088,8,7,0,0,7
32.9,2,isocontour,11.283791670955125,40093.2,84.37,13.5,16.0,0.981,-1.1,-0.9,1.4,12.7,-14.2,1.088,8,7,0,0,7
32.9,3,isocontour,11.283791670955125,41593.65,87.53,18.4,9.8,0.985,-0.6,-1.6,1.7,12.7,-14.2,1.088,8,7,0,0,7
32.9,4,isocontour,11.283791670955125,43286.97,91.09,16.2,11.0,1.056,-0.5,1.4,1.5,12.7,-14.2,1.088,8,7,0,0,7
32.9,5,isocontour,11.283791670955125,41242.58,86.79,14.7,13.0,1.055,-0.5,1.8,1.9,12.7,-14.2,1.088,8,6,0,0,6
32.9,6,isocontour,11.283791670955125,41968.52,88.32,9.8,-16.9,1.062,1.2,0.2,1.2,12.7,-14.2,1.088,8,4,0,0,4
32.9,7,isocontour,11.283791670955125,41387.25,87.09,-20.6,2.6,0.992,0.0,-3.1,3.1,-19.3,-3.3,1.066,23,5,0,0,5
32.9,8,isocontour,11.283791670955125,42685.21,89.83,12.8,-15.1,1.047,2.2,1.3,2.6,12.8,-15.1,1.088,8,5,0,0,5
32.9,9,isocontour,11.283791670955125,41353.09,87.02,20.7,1.3,0.991,0.2,2.7,2.7,12.7,-14.2,1.088,8,6,0,0,6
32.9,10,isocontour,11.283791670955125,41752.55,87.86,19.2,-7.7,0.992,-0.7,-2.6,2.7,12.7,-14.2,1.088,8,4,0,0,4
32.9,11,isocontour,11.283791670955125,41502.52,87.34,-19.4,-7.5,0.988,-2.0,-1.6,2.6,-19.3,-3.3,1.066,23,5,0,0,5
32.9,12,isocontour,11.283791670955125,41219.64,86.74,-14.8,-14.5,0.995,2.7,-3.5,4.4,-19.3,-3.3,1.066,23,3,0,0,3
32.9,13,isocontour,11.283791670955125,40406.54,85.03,20.7,-0.6,0.991,-1.7,-0.3,1.7,12.7,-14.2,1.088,8,5,0,0,5
32.9,14,isocontour,11.283791670955125,40760.62,85.78,17.5,-11.3,0.987,2.0,-0.2,2.0,12.7,-14.2,1.088,8,4,0,0,4
32.9,15,isocontour,11.283791670955125,39481.69,83.08,9.8,18.1,1.0,-1.3,0.0,1.3,12.7,-14.2,1.088,8,4,0,0,4
32.9,16,isocontour,11.283791670955125,47158.16,99.24,-23.9,22.9,0.508,0.7,0.7,1.0,-23.9,22.9,0.511,16,0,0,0,0
32.9,17,isocontour,11.283791670955125,41282.17,86.87,19.1,8.5,0.983,0.8,-1.4,1.6,12.7,-14.2,1.088,8,7,0,0,7
32.9,18,isocontour,11.283791670955125,45192.97,95.1,5.3,20.1,0.988,-0.7,0.7,1.0,12.7,-14.2,1.088,8,2,0,0,2
32.9,19,isocontour,11.283791670955125,41703.98,87.76,-20.7,1.1,0.991,-2.0,-1.6,2.6,-19.3,-3.3,1.066,23,5,0,0,5
32.9,20,isocontour,11.283791670955125,42085.4,88.56,12.5,-16.7,0.984,0.7,-2.0,2.1,12.7,-14.2,1.088,8,4,0,0,4
32.9,21,isocontour,11.283791670955125,40321.97,84.85,-2.2,-20.7,0.987,-0.9,-0.1,0.9,12.7,-14.2,1.088,8,1,0,0,1
32.9,22,isocontour,11.283791670955125,43489.67,91.52,-20.3,-4.1,0.99,0.0,2.9,2.9,-19.3,-3.3,1.066,23,5,0,0,5
32.9,23,isocontour,11.283791670955125,43661.53,91.88,-18.9,-4.3,1.067,-0.6,2.7,2.8,-18.9,-4.3,1.066,23,5,0,0,5
32.9,24,isocontour,11.283791670955125,41918.08,88.21,5.7,-20.0,0.986,0.6,1.2,1.3,12.7,-14.2,1.088,8,4,0,0,4
32.9,25,isocontour,11.283791670955125,41019.78,86.32,-19.3,7.8,0.989,0.6,4.3,4.3,-19.3,-3.3,1.066,23,2,0,0,2
32.9,Target,,,,,0.0,0.0,4.023,0.0,0.0,,,,,,,,,
33.0,1,isocontour,11.283791670955125,41231.44,86.77,19.6,6.7,0.991,0.4,-2.9,2.9,12.7,-14.2,1.088,8,7,0,0,7
33.0,2,isocontour,11.283791670955125,40083.79,84.35,13.4,16.1,0.98,-1.2,1.5,1.9,12.7,-14.2,1.088,8,7,0,0,7
33.0,3,isocontour,11.283791670955125,41571.41,87.48,18.5,9.6,0.987,1.2,-2.3,2.6,12.7,-14.2,1.088,8,7,0,0,7
33.0,4,isocontour,11.283791670955125,43260.96,91.04,16.0,11.1,1.061,-2.3,1.5,2.7,12.7,-14.2,1.088,8,7,0,0,7
33.0,5,isocontour,11.283791670955125,41219.82,86.74,14.5,13.2,1.055,-1.9,1.8,2.6,12.7,-14.2,1.088,8,6,0,0,6
33.0,6,isocontour,11.283791670955125,41939.86,88.26,10.1,-16.8,1.058,2.7,0.8,2.8,12.7,-14.2,1.088,8,4,0,0,4
33.0,7,isocontour,11.283791670955125,41386.83,87.09,-20.6,2.6,0.992,0.1,0.7,0.7,-18.9,-4.3,1.067,23,5,0,0,5
33.0,8,isocontour,11.283791670955125,42669.6,89.79,13.0,-14.9,1.044,2.0,1.1,2.3,13.0,-14.9,1.088,8,5,0,0,5
33.0,9,isocontour,11.283791670955125,41351.57,87.02,20.8,1.4,0.988,0.5,0.9,1.0,12.7,-14.2,1.088,8,6,0,0,6
33.0,10,isocontour,11.283791670955125,41750.5,87.86,19.3,-7.7,0.987,1.1,0.2,1.1,12.7,-14.2,1.088,8,5,0,0,5
33.0,11,isocontour,11.283791670955125,41498.71,87.33,-19.6,-7.4,0.981,-1.3,0.6,1.4,-18.9,-4.3,1.067,23,5,0,0,5
33.0,12,isocontour,11.283791670955125,41210.23,86.72,-14.7,-14.7,0.988,0.2,-1.9,1.9,-18.9,-4.3,1.067,23,2,0,0,2
33.0,13,isocontour,11.283791670955125,40385.8,84.99,20.8,-0.4,0.99,0.4,2.5,2.5,12.7,-14.2,1.088,8,6,0,0,6
33.0,14,isocontour,11.283791670955125,40738.12,85.73,17.7,-11.3,0.976,2.6,0.2,2.6,12.7,-14.2,1.088,8,5,0,0,5
33.0,15,isocontour,11.283791670955125,39481.07,83.08,9.7,18.1,0.999,-0.5,0.6,0.8,12.7,-14.2,1.088,8,4,0,0,4
33.0,16,isocontour,11.283791670955125,47157.06,99.24,-23.9,22.9,0.506,-0.6,0.7,0.9,-23.9,22.9,0.511,16,0,0,0,0
33.0,17,isocontour,11.283791670955125,41278.13,86.86,19.2,8.3,0.982,0.7,-1.3,1.5,12.7,-14.2,1.088,8,7,0,0,7
33.0,18,isocontour,11.283791670955125,45191.97,95.1,5.2,20.1,0.991,-0.8,-0.5,0.9,12.7,-14.2,1.088,8,2,0,0,2
33.0,19,isocontour,11.283791670955125,41670.86,87.69,-20.8,0.8,0.985,-1.2,-2.7,3.0,-18.9,-4.3,1.067,23,5,0,0,5
33.0,20,isocontour,11.283791670955125,42084.61,88.56,12.6,-16.7,0.982,0.6,0.5,0.8,12.7,-14.2,1.088,8,5,0,0,5
33.0,21,isocontour,11.283791670955125,40321.12,84.85,-2.3,-20.7,0.986,-0.9,-0.0,0.9,12.7,-14.2,1.088,8,1,0,0,1
33.0,22,isocontour,11.283791670955125,43460.1,91.46,-20.3,-4.3,0.989,0.2,-2.8,2.8,-18.9,-4.3,1.067,23,4,0,0,4
33.0,23,isocontour,11.283791670955125,43660.13,91.88,-18.9,-4.3,1.07,0.6,-0.8,1.0,-18.9,-4.3,1.067,23,5,0,0,5
33.0,24,isocontour,11.283791670955125,41899.23,88.17,5.5,-19.9,0.997,-1.9,1.6,2.5,12.7,-14.2,1.088,8,4,0,0,4
33.0,25,isocontour,11.283791670955125,41019.15,86.32,-19.2,7.8,0.991,0.7,0.3,0.8,-19.3,-3.3,1.066,23,2,0,0,2
33.0,Target,,,,,0.0,0.0,4.023,0.0,0.0,,,,,,,,,
33.1,1,isocontour,11.283791670955125,41230.37,86.76,19.7,6.6,0.99,0.6,-0.7,0.9,12.7,-14.2,1.088,8,7,0,0,7
33.1,2,isocontour,11.283791670955125,40058.62,84.3,13.1,16.1,0.99,-2.6,-0.6,2.7,12.7,-14.2,1.088,8,7,0,0,7
33.1,3,isocontour,11.283791670955125,41538.96,87.41,18.5,9.3,0.991,0.5,-2.9,2.9,12.7,-14.2,1.088,8,7,0,0,7
33.1,4,isocontour,11.283791670955125,43246.72,91.01,15.8,11.2,1.069,-2.1,0.7,2.2,12.7,-14.2,1.088,8,7,0,0,7
33.1,5,isocontour,11.283791670955125,41212.54,86.73,14.5,13.4,1.052,-0.6,1.7,1.8,12.7,-14.2,1.088,8,6,0,0,6
33.1,6,isocontour,11.283791670955125,41930.31,88.24,10.1,-16.9,1.052,-0.8,-1.8,2.0,12.7,-14.2,1.088,8,4,0,0,4
33.1,7,isocontour,11.283791670955125,41383.48,87.09,-20.6,2.5,0.99,-0.7,-1.2,1.4,-18.9,-4.3,1.07,23,5,0,0,5
33.1,8,isocontour,11.283791670955125,42640.33,89.73,12.8,-15.0,1.049,-2.7,-1.0,2.9,12.8,-15.0,1.088,8,5,0,0,5
33.1,9,isocontour,11.283791670955125,41350.66,87.02,20.7,1.5,0.989,-0.3,0.8,0.9,12.7,-14.2,1.088,8,6,0,0,6
33.1,10,isocontour,11.283791670955125,41730.25,87.82,19.4,-7.5,0.985,1.1,2.2,2.5,12.7,-14.2,1.088,8,5,0,0,5
33.1,11,isocontour,11.283791670955125,41470.66,87.27,-19.6,-7.2,0.982,-0.5,2.8,2.8,-18.9,-4.3,1.07,23,5,0,0,5
33.1,12,isocontour,11.283791670955125,41181.27,86.66,-14.7,-14.5,0.996,-0.3,2.8,2.8,-18.9,-4.3,1.07,23,2,0,0,2
33.1,13,isocontour,11.283791670955125,40356.53,84.93,20.9,-0.6,0.984,1.2,-2.6,2.9,12.7,-14.2,1.088,8,5,0,0,5
33.1,14,isocontour,11.283791670955125,40719.28,85.69,17.6,-11.3,0.984,-2.4,-0.2,2.4,12.7,-14.2,1.088,8,4,0,0,4
33.1,15,isocontour,11.283791670955125,39478.46,83.08,9.8,18.1,0.997,1.3,-0.1,1.3,12.7,-14.2,1.088,8,4,0,0,4
33.1,16,isocontour,11.283791670955125,47155.96,99.23,-23.9,23.0,0.506,0.6,0.7,0.9,-23.9,23.0,0.511,16,0,0,0,0
33.1,17,isocontour,11.283791670955125,41257.63,86.82,19.3,8.1,0.982,1.0,-2.3,2.5,12.7,-14.2,1.088,8,7,0,0,7
33.1,18,isocontour,11.283791670955125,45168.7,95.05,5.0,20.1,0.991,-2.5,0.7,2.6,12.7,-14.2,1.088,8,2,0,0,2
33.1,19,isocontour,11.283791670955125,41662.83,87.67,-20.9,0.9,0.981,-0.5,1.8,1.9,-18.9,-4.3,1.07,23,5,0,0,5
33.1,20,isocontour,11.283791670955125,42079.1,88.55,12.4,-16.6,0.989,-1.5,0.7,1.7,12.7,-14.2,1.088,8,5,0,0,5
33.1,21,isocontour,11.283791670955125,40318.39,84.85,-2.2,-20.7,0.988,1.2,0.4,1.3,12.7,-14.2,1.088,8,1,0,0,1
33.1,22,isocontour,11.283791670955125,43451.12,91.44,-20.4,-4.2,0.985,-1.1,1.5,1.9,-18.9,-4.3,1.07,23,4,0,0,4
33.1,23,isocontour,11.283791670955125,43638.15,91.83,-19.0,-4.1,1.068,-1.0,2.4,2.6,-19.0,-4.1,1.07,23,5,0,0,5
33.1,24,isocontour,11.283791670955125,41896.91,88.17,5.6,-19.8,1.002,0.7,1.0,1.2,12.7,-14.2,1.088,8,4,0,0,4
33.1,25,isocontour,11.283791670955125,40997.67,86.27,-19.1,8.1,0.99,0.7,2.4,2.5,-18.9,-4.3,1.067,23,2,0,0,2
33.1,Target,,,,,0.0,0.0,4.023,0.0,0.0,,,,,,,,,
33.2,1,isocontour,11.283791670955125,41229.97,86.76,19.7,6.5,0.99,0.1,-0.7,0.7,12.7,-14.2,1.088,8,6,0,0,6
33.2,2,isocontour,11.283791670955125,40050.58,84.28,13.0,16.2,0.993,-1.6,1.0,1.9,12.7,-14.2,1.088,8,6,0,0,6
33.2,3,isocontour,11.283791670955125,41537.96,87.41,18.5,9.4,0.993,-0.6,0.7,0.9,12.7,-14.2,1.088,8,7,0,0,7
33.2,4,isocontour,11.283791670955125,43218.66,90.95,15.6,11.4,1.073,-2.1,1.9,2.8,12.7,-14.2,1.088,8,7,0,0,7
33.2,5,isocontour,11.283791670955125,41208.81,86.72,14.3,13.4,1.056,-1.4,0.1,1.4,12.7,-14.2,1.088,8,6,0,0,6
33.2,6,isocontour,11.283791670955125,41915.49,88.21,9.9,-17.1,1.046,-1.2,-1.9,2.2,12.7,-14.2,1.088,8,4,0,0,4
33.2,7,isocontour,11.283791670955125,41281.81,86.87,-20.6,2.8,0.989,0.4,4.3,4.3,-18.9,-4.3,1.07,23,5,0,0,5
33.2,8,isocontour,11.283791670955125,42610.44,89.67,12.6,-15.2,1.049,-2.2,-1.8,2.8,12.6,-15.2,1.088,8,5,0,0,5
33.2,9,isocontour,11.283791670955125,41348.45,87.01,20.7,1.5,0.993,-0.9,0.8,1.2,12.7,-14.2,1.088,8,6,0,0,6
33.2,10,isocontour,11.283791670955125,41729.64,87.81,19.4,-7.4,0.987,-0.2,0.7,0.7,12.7,-14.2,1.088,8,4,0,0,4
33.2,11,isocontour,11.283791670955125,41466.36,87.26,-19.5,-7.1,0.99,1.5,0.3,1.5,-18.9,-4.3,1.07,23,5,0,0,5
33.2,12,isocontour,11.283791670955125,41180.84,86.66,-14.7,-14.5,0.995,-0.0,-0.7,0.7,-18.9,-4.3,1.07,23,2,0,0,2
33.2,13,isocontour,11.283791670955125,40352.96,84.92,21.0,-0.6,0.977,1.2,0.7,1.4,12.7,-14.2,1.088,8,6,0,0,6
33.2,14,isocontour,11.283791670955125,40686.5,85.62,17.3,-11.2,0.999,-2.7,1.2,3.0,12.7,-14.2,1.088,8,5,0,0,5
33.2,15,isocontour,11.283791670955125,39474.25,83.07,10.0,18.2,0.991,1.4,0.5,1.5,12.7,-14.2,1.088,8,4,0,0,4
33.2,16,isocontour,11.283791670955125,47154.87,99.23,-23.8,23.0,0.508,0.5,-0.8,0.9,-23.8,23.0,0.511,16,0,0,0,0
33.2,17,isocontour,11.283791670955125,41238.79,86.78,19.1,7.9,0.992,-1.7,-1.7,2.4,12.7,-14.2,1.088,8,7,0,0,7
33.2,18,isocontour,11.283791670955125,45142.4,95.0,4.7,20.3,0.988,-2.4,1.3,2.7,12.7,-14.2,1.088,8,2,0,0,2
33.2,19,isocontour,11.283791670955125,41651.58,87.65,-20.7,1.0,0.989,1.9,0.8,2.1,-18.9,-4.3,1.07,23,5,0,0,5
33.2,20,isocontour,11.283791670955125,42077.4,88.55,12.4,-16.7,0.99,-0.9,-0.7,1.1,12.7,-14.2,1.088,8,4,0,0,4
33.2,21,isocontour,11.283791670955125,40316.01,84.84,-2.1,-20.6,0.991,1.2,0.2,1.2,12.7,-14.2,1.088,8,1,0,0,1
33.2,22,isocontour,11.283791670955125,43449.87,91.43,-20.4,-4.1,0.985,0.1,1.0,1.0,-18.9,-4.3,1.07,23,4,0,0,4
33.2,23,isocontour,11.283791670955125,43607.95,91.77,-18.9,-4.3,1.068,0.6,-2.8,2.9,-18.9,-4.3,1.07,23,5,0,0,5
33.2,24,isocontour,11.283791670955125,41888.35,88.15,5.5,-19.9,0.995,-0.6,-1.8,1.9,12.7,-14.2,1.088,8,4,0,0,4
33.2,25,isocontour,11.283791670955125,40996.82,86.27,-19.1,8.2,0.989,0.2,0.9,0.9,-18.9,-4.3,1.07,23,2,0,0,2
33.2,Target,,,,,0.0,0.0,4.023,0.0,0.0,,,,,,,,,
33.3,1,isocontour,11.283791670955125,41229.31,86.76,19.8,6.6,0.987,0.6,0.5,0.8,12.7,-14.2,1.088,8,6,0,0,6
33.3,2,isocontour,11.283791670955125,40033.94,84.25,12.8,16.3,0.994,-2.0,1.3,2.4,12.7,-14.2,1.088,8,6,0,0,6
33.3,3,isocontour,11.283791670955125,41518.65,87.37,18.6,9.5,0.983,1.3,2.1,2.5,12.7,-14.2,1.088,8,7,0,0,7
33.3,4,isocontour,11.283791670955125,43197.92,90.9,15.6,11.2,1.078,0.7,-2.4,2.5,12.7,-14.2,1.088,8,7,0,0,7
33.3,5,isocontour,11.283791670955125,41204.69,86.71,14.4,13.3,1.054,1.3,-0.6,1.4,12.7,-14.2,1.088,8,6,0,0,6
33.3,6,isocontour,11.283791670955125,41879.99,88.13,10.1,-17.0,1.045,2.6,1.6,3.1,12.7,-14.2,1.088,8,4,0,0,4
33.3,7,isocontour,11.283791670955125,41243.44,86.79,-20.5,2.6,0.994,0.8,-3.0,3.1,-18.9,-4.3,1.07,23,5,0,0,5
33.3,8,isocontour,11.283791670955125,42604.31,89.66,12.6,-15.1,1.054,0.5,1.6,1.7,12.6,-15.1,1.088,8,5,0,0,5
33.3,9,isocontour,11.283791670955125,41346.93,87.01,20.7,1.5,0.992,0.4,-1.0,1.1,12.7,-14.2,1.088,8,6,0,0,6
33.3,10,isocontour,11.283791670955125,41726.14,87.81,19.3,-7.5,0.992,-1.2,-0.8,1.4,12.7,-14.2,1.088,8,4,0,0,4
33.3,11,isocontour,11.283791670955125,41460.12,87.25,-19.3,-7.2,0.997,1.6,-0.5,1.7,-18.9,-4.3,1.07,23,5,0,0,5
33.3,12,isocontour,11.283791670955125,41180.38,86.66,-14.7,-14.5,0.995,0.6,-0.4,0.7,-18.9,-4.3,1.07,23,2,0,0,2
33.3,13,isocontour,11.283791670955125,40317.46,84.84,20.9,-0.8,0.981,-1.1,-2.8,3.0,12.7,-14.2,1.088,8,6,0,0,6
33.3,14,isocontour,11.283791670955125,40684.65,85.62,17.2,-11.3,0.999,-0.2,-1.1,1.1,12.7,-14.2,1.088,8,5,0,0,5
33.3,15,isocontour,11.283791670955125,39383.45,82.88,9.7,18.4,0.991,-3.7,1.9,4.2,12.7,-14.2,1.088,8,4,0,0,4
33.3,16,isocontour,11.283791670955125,47153.77,99.23,-23.7,23.0,0.509,0.9,0.4,1.0,-23.7,23.0,0.511,16,0,0,0,0
33.3,17,isocontour,11.283791670955125,41213.05,86.73,19.3,7.8,0.986,2.4,-1.3,2.7,12.7,-14.2,1.088,8,7,0,0,7
33.3,18,isocontour,11.283791670955125,45140.78,94.99,4.8,20.3,0.987,1.0,-0.3,1.0,12.7,-14.2,1.088,8,2,0,0,2
33.3,19,isocontour,11.283791670955125,41648.78,87.64,-20.7,0.9,0.994,0.5,-1.2,1.3,-18.9,-4.3,1.07,23,5,0,0,5
33.3,20,isocontour,11.283791670955125,42065.99,88.52,12.5,-16.6,0.989,1.8,1.1,2.1,12.7,-14.2,1.088,8,4,0,0,4
33.3,21,isocontour,11.283791670955125,40294.53,84.79,-2.3,-20.6,0.989,-2.6,-0.1,2.6,12.7,-14.2,1.088,8,1,0,0,1
33.3,22,isocontour,11.283791670955125,43424.42,91.38,-20.4,-3.9,0.988,0.1,2.7,2.7,-18.9,-4.3,1.07,23,4,0,0,4
33.3,23,isocontour,11.283791670955125,43605.51,91.76,-18.8,-4.4,1.071,0.9,-0.8,1.2,-18.9,-4.3,1.07,23,5,0,0,5
33.3,24,isocontour,11.283791670955125,41888.33,88.15,5.5,-20.0,0.993,0.2,-0.1,0.2,12.7,-14.2,1.088,8,4,0,0,4
33.3,25,isocontour,11.283791670955125,40987.98,86.25,-19.1,8.3,0.984,-0.5,1.8,1.9,-18.9,-4.3,1.07,23,2,0,0,2
33.3,Target,,,,,0.0,0.0,4.023,0.0,0.0,,,,,,,,,
33.4,1,isocontour,11.283791670955125,41136.53,86.57,19.8,6.2,0.988,0.9,-4.1,4.2,12.7,-14.2,1.088,8,6,0,0,6
33.4,2,isocontour,11.283791670955125,40004.67,84.18,13.0,16.2,0.991,2.5,-1.3,2.8,12.7,-14.2,1.088,8,6,0,0,6
33.4,3,isocontour,11.283791670955125,41497.17,87.33,18.4,9.6,0.99,-2.5,0.6,2.6,12.7,-14.2,1.088,8,7,0,0,7
33.4,4,isocontour,11.283791670955125,43192.62,90.89,15.7,11.0,1.082,0.3,-1.6,1.6,12.7,-14.2,1.088,8,7,0,0,7
33.4,5,isocontour,11.283791670955125,41178.39,86.65,14.6,13.2,1.053,2.0,-1.9,2.8,12.7,-14.2,1.088,8,6,0,0,6
33.4,6,isocontour,11.283791670955125,41872.82,88.12,10.2,-16.9,1.05,0.8,1.6,1.8,12.7,-14.2,1.088,8,4,0,0,4
33.4,7,isocontour,11.283791670955125,41243.05,86.79,-20.5,2.6,0.995,-0.0,0.7,0.7,-18.8,-4.4,1.071,23,5,0,0,5
33.4,8,isocontour,11.283791670955125,42578.01,89.6,12.8,-14.9,1.054,2.2,1.7,2.8,12.8,-14.9,1.088,8,5,0,0,5
33.4,9,isocontour,11.283791670955125,41344.83,87.01,20.7,1.5,0.988,0.7,0.9,1.1,12.7,-14.2,1.088,8,6,0,0,6
33.4,10,isocontour,11.283791670955125,41694.34,87.74,19.4,-7.7,0.985,0.6,-2.9,3.0,12.7,-14.2,1.088,8,4,0,0,4
33.4,11,isocontour,11.283791670955125,41439.86,87.21,-19.4,-7.4,0.991,-0.8,-2.4,2.5,-18.8,-4.4,1.071,23,5,0,0,5
33.4,12,isocontour,11.283791670955125,41169.3,86.64,-14.7,-14.7,0.989,0.3,-2.0,2.0,-18.8,-4.4,1.071,23,2,0,0,2
33.4,13,isocontour,11.283791670955125,40313.81,84.84,20.8,-0.9,0.986,-1.0,-1.0,1.4,12.7,-14.2,1.088,8,6,0,0,6
33.4,14,isocontour,11.283791670955125,40634.14,85.51,17.3,-11.6,0.986,1.3,-3.2,3.5,12.7,-14.2,1.088,8,5,0,0,5
33.4,15,isocontour,11.283791670955125,39355.99,82.82,9.5,18.6,0.986,-1.9,2.1,2.8,12.7,-14.2,1.088,8,4,0,0,4
33.4,16,isocontour,11.283791670955125,47152.67,99.23,-23.8,22.9,0.51,-0.5,-0.8,0.9,-23.8,22.9,0.511,16,0,0,0,0
33.4,17,isocontour,11.283791670955125,41166.0,86.63,19.3,8.1,0.98,-0.3,3.3,3.3,12.7,-14.2,1.088,8,7,0,0,7
33.4,18,isocontour,11.283791670955125,45135.28,94.98,4.9,20.1,0.992,0.9,-1.3,1.6,12.7,-14.2,1.088,8,2,0,0,2
33.4,19,isocontour,11.283791670955125,41648.23,87.64,-20.7,0.9,0.992,-0.4,0.6,0.7,-18.8,-4.4,1.071,23,5,0,0,5
33.4,20,isocontour,11.283791670955125,42031.18,88.45,12.7,-16.4,0.992,2.0,2.3,3.0,12.7,-14.2,1.088,8,4,0,0,4
33.4,21,isocontour,11.283791670955125,40294.07,84.79,-2.4,-20.6,0.99,-0.7,0.2,0.7,12.7,-14.2,1.088,8,1,0,0,1
33.4,22,isocontour,11.283791670955125,43422.32,91.38,-20.3,-3.8,0.994,0.9,0.7,1.1,-18.8,-4.4,1.071,23,4,0,0,4
33.4,23,isocontour,11.283791670955125,43576.86,91.7,-18.8,-4.7,1.07,0.2,-2.8,2.8,-18.8,-4.7,1.071,23,5,0,0,5
33.4,24,isocontour,11.283791670955125,41871.04,88.11,5.4,-20.0,0.991,-2.1,-1.1,2.4,12.7,-14.2,1.088,8,4,0,0,4
33.4,25,isocontour,11.283791670955125,40984.56,86.25,-19.1,8.2,0.986,0.1,-1.4,1.4,-18.9,-4.3,1.07,23,2,0,0,2
33.4,Target,,,,,0.0,0.0,4.023,0.0,0.0,,,,,,,,,
33.5,1,isocontour,11.283791670955125,41113.78,86.52,19.7,6.3,0.994,-1.9,1.8,2.6,12.7,-14.2,1.088,8,6,0,0,6
33.5,2,isocontour,11.283791670955125,39935.97,84.04,13.3,16.2,0.98,3.8,-0.1,3.8,12.7,-14.2,1.088,8,6,0,0,6
33.5,3,isocontour,11.283791670955125,41468.82,87.27,18.5,9.4,0.992,1.2,-2.5,2.8,12.7,-14.2,1.088,8,7,0,0,7
33.5,4,isocontour,11.283791670955125,43190.72,90.89,15.8,11.0,1.079,1.1,-0.4,1.2,12.7,-14.2,1.088,8,7,0,0,7
33.5,5,isocontour,11.283791670955125,41171.34,86.64,14.8,13.1,1.048,1.6,-0.6,1.7,12.7,-14.2,1.088,8,6,0,0,6
33.5,6,isocontour,11.283791670955125,41869.1,88.11,10.4,-16.8,1.047,1.4,-0.0,1.4,12.7,-14.2,1.088,8,4,0,0,4
33.5,7,isocontour,11.283791670955125,41146.92,86.59,-20.5,3.0,0.993,0.1,4.2,4.2,-18.8,-4.4,1.071,23,5,0,0,5
33.5,8,isocontour,11.283791670955125,42549.04,89.54,12.7,-15.0,1.054,-2.1,-1.9,2.8,12.7,-15.0,1.088,8,5,0,0,5
33.5,9,isocontour,11.283791670955125,41343.47,87.0,20.8,1.5,0.988,-0.0,-1.0,1.0,12.7,-14.2,1.088,8,6,0,0,6
33.5,10,isocontour,11.283791670955125,41693.44,87.74,19.3,-7.8,0.986,-0.8,-0.3,0.9,12.7,-14.2,1.088,8,5,0,0,5
33.5,11,isocontour,11.283791670955125,41418.39,87.16,-19.4,-7.6,0.987,0.4,-2.5,2.5,-18.8,-4.4,1.071,23,5,0,0,5
33.5,12,isocontour,11.283791670955125,41166.62,86.63,-14.7,-14.6,0.991,-0.4,1.2,1.3,-18.8,-4.4,1.071,23,2,0,0,2
33.5,13,isocontour,11.283791670955125,40286.35,84.78,20.7,-0.7,0.99,-0.5,2.7,2.7,12.7,-14.2,1.088,8,6,0,0,6
33.5,14,isocontour,11.283791670955125,40631.82,85.5,17.3,-11.7,0.986,-1.1,-0.5,1.2,12.7,-14.2,1.088,8,5,0,0,5
33.5,15,isocontour,11.283791670955125,39344.08,82.79,9.3,18.6,0.991,-2.1,-0.3,2.1,12.7,-14.2,1.088,8,4,0,0,4
33.5,16,isocontour,11.283791670955125,47151.57,99.22,-23.7,23.0,0.51,0.8,0.5,0.9,-23.7,23.0,0.511,16,0,0,0,0
33.5,17,isocontour,11.283791670955125,41154.26,86.6,19.2,8.2,0.987,-2.1,0.4,2.1,12.7,-14.2,1.088,8,7,0,0,7
33.5,18,isocontour,11.283791670955125,45107.52,94.92,4.7,20.2,0.993,-2.7,0.7,2.8,12.7,-14.2,1.088,8,2,0,0,2
33.5,19,isocontour,11.283791670955125,41627.74,87.6,-20.8,1.1,0.984,-1.5,2.0,2.5,-18.8,-4.4,1.071,23,5,0,0,5
33.5,20,isocontour,11.283791670955125,42020.26,88.43,12.8,-16.2,0.996,1.0,1.8,2.1,12.7,-14.2,1.088,8,5,0,0,5
33.5,21,isocontour,11.283791670955125,40291.58,84.79,-2.3,-20.6,0.992,1.2,0.3,1.2,12.7,-14.2,1.088,8,1,0,0,1
33.5,22,isocontour,11.283791670955125,43420.71,91.37,-20.3,-3.9,0.995,0.2,-1.1,1.1,-18.8,-4.4,1.071,23,4,0,0,4
33.5,23,isocontour,11.283791670955125,43551.68,91.65,-18.9,-4.5,1.068,-0.7,2.6,2.7,-18.9,-4.5,1.071,23,5,0,0,5
33.5,24,isocontour,11.283791670955125,41779.59,87.92,5.0,-20.2,0.987,-3.8,-1.8,4.2,12.7,-14.2,1.088,8,4,0,0,4
33.5,25,isocontour,11.283791670955125,40953.73,86.18,-19.1,8.0,0.992,0.1,-2.9,2.9,-18.8,-4.4,1.071,23,2,0,0,2
33.5,Target,,,,,0.0,0.0,4.023,0.0,0.0,,,,,,,,,
33.6,1,isocontour,11.283791670955125,41112.38,86.52,19.7,6.3,0.995,0.4,-0.9,1.0,12.7,-14.2,1.088,8,6,0,0,6
33.6,2,isocontour,11.283791670955125,39928.69,84.03,13.4,16.0,0.985,-0.1,-1.8,1.8,12.7,-14.2,1.088,8,6,0,0,6
33.6,3,isocontour,11.283791670955125,41443.36,87.21,18.4,9.6,0.989,-0.6,2.6,2.7,12.7,-14.2,1.088,8,7,0,0,7
33.6,4,isocontour,11.283791670955125,43183.44,90.87,15.9,10.9,1.074,1.7,-0.7,1.8,12.7,-14.2,1.088,8,7,0,0,7
33.6,5,isocontour,11.283791670955125,41158.03,86.61,15.0,13.0,1.044,1.9,-1.1,2.2,12.7,-14.2,1.088,8,6,0,0,6
33.6,6,isocontour,11.283791670955125,41863.69,88.1,10.5,-16.7,1.049,1.1,1.2,1.6,12.7,-14.2,1.088,8,4,0,0,4
33.6,7,isocontour,11.283791670955125,41116.41,86.52,-20.7,3.3,0.982,-1.9,2.2,2.9,-18.8,-4.4,1.071,23,5,0,0,5
33.6,8,isocontour,11.283791670955125,42547.15,89.54,12.7,-15.0,1.053,1.0,0.6,1.2,12.7,-15.0,1.088,8,5,0,0,5
33.6,9,isocontour,11.283791670955125,41342.47,87.0,20.7,1.5,0.989,-0.4,0.8,0.9,12.7,-14.2,1.088,8,6,0,0,6
33.6,10,isocontour,11.283791670955125,41667.14,87.68,19.1,-8.0,0.992,-1.9,-2.0,2.8,12.7,-14.2,1.088,8,5,0,0,5
33.6,11,isocontour,11.283791670955125,41406.65,87.14,-19.5,-7.6,0.979,-1.9,0.8,2.1,-18.8,-4.4,1.071,23,5,0,0,5
33.6,12,isocontour,11.283791670955125,41165.1,86.63,-14.7,-14.6,0.996,0.7,0.8,1.1,-18.8,-4.4,1.071,23,2,0,0,2
33.6,13,isocontour,11.283791670955125,40255.83,84.71,20.8,-0.9,0.989,0.3,-2.9,2.9,12.7,-14.2,1.088,8,5,0,0,5
33.6,14,isocontour,11.283791670955125,40597.36,85.43,17.1,-11.9,0.988,-1.8,-2.4,3.0,12.7,-14.2,1.088,8,4,0,0,4
33.6,15,isocontour,11.283791670955125,39341.7,82.79,9.3,18.5,0.993,0.9,-0.8,1.2,12.7,-14.2,1.088,8,4,0,0,4
33.6,16,isocontour,11.283791670955125,47150.47,99.22,-23.7,23.0,0.508,-0.5,0.8,0.9,-23.7,23.0,0.511,16,0,0,0,0
33.6,17,isocontour,11.283791670955125,41152.41,86.6,19.1,8.1,0.991,-0.2,-1.1,1.1,12.7,-14.2,1.088,8,7,0,0,7
33.6,18,isocontour,11.283791670955125,45076.69,94.86,4.4,20.3,0.99,-2.7,1.1,2.9,12.7,-14.2,1.088,8,2,0,0,2
33.6,19,isocontour,11.283791670955125,41599.38,87.54,-20.9,0.9,0.979,-0.9,-2.7,2.8,-18.8,-4.4,1.071,23,5,0,0,5
33.6,20,isocontour,11.283791670955125,42004.03,88.39,12.9,-16.4,0.987,0.5,-2.3,2.4,12.7,-14.2,1.088,8,5,0,0,5
33.6,21,isocontour,11.283791670955125,40290.67,84.79,-2.4,-20.6,0.993,-0.9,0.2,0.9,12.7,-14.2,1.088,8,1,0,0,1
33.6,22,isocontour,11.283791670955125,43329.91,91.18,-20.4,-4.2,0.984,-1.4,-3.9,4.1,-18.8,-4.4,1.071,23,4,0,0,4
33.6,23,isocontour,11.283791670955125,43525.38,91.59,-19.1,-4.3,1.06,-2.2,1.7,2.8,-19.1,-4.3,1.071,23,5,0,0,5
33.6,24,isocontour,11.283791670955125,41779.25,87.92,4.9,-20.3,0.985,-0.5,-0.3,0.6,12.7,-14.2,1.088,8,4,0,0,4
33.6,25,isocontour,11.283791670955125,40935.11,86.14,-19.1,8.1,0.989,0.2,2.4,2.4,-18.8,-4.4,1.071,23,2,0,0,2
33.6,Target,,,,,0.0,0.0,4.023,0.0,0.0,,,,,,,,,
33.7,1,isocontour,11.283791670955125,41073.64,86.43,19.9,6.1,0.988,2.1,-2.3,3.1,12.7,-14.2,1.088,8,6,0,0,6
33.7,2,isocontour,11.283791670955125,39894.22,83.95,13.3,15.8,0.999,-1.3,-2.7,3.0,12.7,-14.2,1.088,8,6,0,0,6
33.7,3,isocontour,11.283791670955125,41442.94,87.21,18.5,9.7,0.985,0.5,0.4,0.6,12.7,-14.2,1.088,8,7,0,0,7
33.7,4,isocontour,11.283791670955125,43179.64,90.87,16.1,10.9,1.069,1.3,-0.6,1.4,12.7,-14.2,1.088,8,7,0,0,7
33.7,5,isocontour,11.283791670955125,41121.11,86.53,15.1,12.7,1.047,1.4,-2.7,3.0,12.7,-14.2,1.088,8,6,0,0,6
33.7,6,isocontour,11.283791670955125,41827.13,88.02,10.7,-16.6,1.05,2.5,1.8,3.1,12.7,-14.2,1.088,8,4,0,0,4
33.7,7,isocontour,11.283791670955125,41105.32,86.5,-20.5,3.3,0.99,2.0,0.2,2.0,-18.8,-4.4,1.071,23,5,0,0,5
33.7,8,isocontour,11.283791670955125,42543.5,89.53,12.8,-15.0,1.049,1.4,0.3,1.4,12.8,-15.0,1.088,8,5,0,0,5
33.7,9,isocontour,11.283791670955125,41312.27,86.94,20.5,1.7,1.0,-2.3,1.7,2.9,12.7,-14.2,1.088,8,6,0,0,6
33.7,10,isocontour,11.283791670955125,41666.38,87.68,19.2,-8.0,0.989,0.7,-0.4,0.8,12.7,-14.2,1.088,8,5,0,0,5
33.7,11,isocontour,11.283791670955125,41390.42,87.1,-19.4,-7.7,0.981,1.4,-1.8,2.3,-18.8,-4.4,1.071,23,5,0,0,5
33.7,12,isocontour,11.283791670955125,41164.67,86.63,-14.6,-14.6,0.997,0.5,-0.4,0.6,-18.8,-4.4,1.071,23,2,0,0,2
33.7,13,isocontour,11.283791670955125,40253.03,84.71,20.8,-0.8,0.986,0.5,1.2,1.3,12.7,-14.2,1.088,8,5,0,0,5
33.7,14,isocontour,11.283791670955125,40590.43,85.42,17.1,-11.8,0.988,0.9,1.5,1.7,12.7,-14.2,1.088,8,4,0,0,4
33.7,15,isocontour,11.283791670955125,39322.16,82.75,9.1,18.6,0.994,-2.2,1.1,2.5,12.7,-14.2,1.088,8,4,0,0,4
33.7,16,isocontour,11.283791670955125,47149.37,99.22,-23.8,23.0,0.508,-0.6,-0.7,0.9,-23.8,23.0,0.511,16,0,0,0,0
33.7,17,isocontour,11.283791670955125,41149.61,86.59,19.0,8.1,0.995,-1.0,0.8,1.3,12.7,-14.2,1.088,8,7,0,0,7
33.7,18,isocontour,11.283791670955125,44967.81,94.63,4.0,20.4,0.99,-4.3,0.9,4.4,12.7,-14.2,1.088,8,2,0,0,2
33.7,19,isocontour,11.283791670955125,41597.44,87.54,-20.9,0.9,0.984,1.1,0.4,1.2,-18.8,-4.4,1.071,23,5,0,0,5
33.7,20,isocontour,11.283791670955125,41994.91,88.37,13.0,-16.4,0.98,1.9,0.2,1.9,12.7,-14.2,1.088,8,5,0,0,5
33.7,21,isocontour,11.283791670955125,40289.8,84.78,-2.4,-20.6,0.993,-0.9,0.1,0.9,12.7,-14.2,1.088,8,1,0,0,1
33.7,22,isocontour,11.283791670955125,43329.25,91.18,-20.4,-4.3,0.985,0.7,-0.4,0.8,-18.8,-4.4,1.071,23,4,0,0,4
33.7,23,isocontour,11.283791670955125,43524.18,91.59,-19.1,-4.3,1.06,0.6,-0.8,1.0,-19.1,-4.3,1.071,23,5,0,0,5
33.7,24,isocontour,11.283791670955125,41767.51,87.89,4.8,-20.1,0.994,-1.4,1.6,2.1,12.7,-14.2,1.088,8,4,0,0,4
33.7,25,isocontour,11.283791670955125,40931.54,86.14,-19.0,8.3,0.992,1.1,0.9,1.4,-18.8,-4.4,1.071,23,2,0,0,2
33.7,Target,,,,,0.0,0.0,4.023,0.0,0.0,,,,,,,,,
33.8,1,isocontour,11.283791670955125,41050.36,86.39,20.0,5.8,0.985,1.2,-2.3,2.6,12.7,-14.2,1.088,8,6,0,0,6
33.8,2,isocontour,11.283791670955125,39882.14,83.93,13.3,15.9,0.994,0.2,2.1,2.1,12.7,-14.2,1.088,8,6,0,0,6
33.8,3,isocontour,11.283791670955125,41440.95,87.21,18.5,9.6,0.985,0.5,-1.0,1.1,12.7,-14.2,1.088,8,7,0,0,7
33.8,4,isocontour,11.283791670955125,43173.82,90.85,16.2,10.8,1.066,1.3,-1.0,1.6,12.7,-14.2,1.088,8,7,0,0,7
33.8,5,isocontour,11.283791670955125,41115.4,86.52,15.0,12.7,1.051,-1.5,0.6,1.6,12.7,-14.2,1.088,8,6,0,0,6
33.8,6,isocontour,11.283791670955125,41818.15,88.0,10.7,-16.7,1.047,-1.1,-1.6,1.9,12.7,-14.2,1.088,8,4,0,0,4
33.8,7,isocontour,11.283791670955125,41089.91,86.47,-20.3,3.4,0.998,1.7,1.5,2.3,-18.8,-4.4,1.071,23,5,0,0,5
33.8,8,isocontour,11.283791670955125,42516.92,89.47,12.6,-15.0,1.054,-2.6,-0.8,2.7,12.6,-15.0,1.088,8,5,0,0,5
33.8,9,isocontour,11.283791670955125,41310.62,86.93,20.5,1.6,1.0,0.4,-1.0,1.1,12.7,-14.2,1.088,8,6,0,0,6
33.8,10,isocontour,11.283791670955125,41570.24,87.48,19.3,-7.7,0.989,1.5,4.0,4.3,12.7,-14.2,1.088,8,5,0,0,5
33.8,11,isocontour,11.283791670955125,41382.25,87.08,-19.3,-7.7,0.99,1.7,0.7,1.8,-18.8,-4.4,1.071,23,5,0,0,5
33.8,12,isocontour,11.283791670955125,41162.24,86.62,-14.6,-14.7,0.993,0.0,-1.2,1.2,-18.8,-4.4,1.071,23,2,0,0,2
33.8,13,isocontour,11.283791670955125,40225.86,84.65,20.8,-0.6,0.988,-0.4,2.7,2.7,12.7,-14.2,1.088,8,5,0,0,5
33.8,14,isocontour,11.283791670955125,40564.13,85.36,17.1,-11.5,0.999,-0.8,2.6,2.7,12.7,-14.2,1.088,8,4,0,0,4
33.8,15,isocontour,11.283791670955125,39282.3,82.66,8.9,18.8,0.987,-1.9,2.5,3.1,12.7,-14.2,1.088,8,4,0,0,4
33.8,16,isocontour,11.283791670955125,47148.27,99.22,-23.9,22.9,0.508,-0.6,-0.7,0.9,-23.9,22.9,0.511,16,0,0,0,0
33.8,17,isocontour,11.283791670955125,41117.16,86.53,19.2,8.3,0.983,2.1,2.1,3.0,12.7,-14.2,1.088,8,7,0,0,7
33.8,18,isocontour,11.283791670955125,44858.19,94.4,3.5,20.5,0.989,-4.3,1.0,4.4,12.7,-14.2,1.088,8,2,0,0,2
33.8,19,isocontour,11.283791670955125,41575.2,87.49,-20.8,1.1,0.989,1.0,2.4,2.6,-18.8,-4.4,1.071,23,5,0,0,5
33.8,20,isocontour,11.283791670955125,41968.32,88.32,12.9,-16.3,0.991,-2.3,1.4,2.7,12.7,-14.2,1.088,8,5,0,0,5
33.8,21,isocontour,11.283791670955125,40179.43,84.55,-2.8,-20.6,0.99,-4.4,-0.0,4.4,12.7,-14.2,1.088,8,1,0,0,1
33.8,22,isocontour,11.283791670955125,43306.24,91.13,-20.4,-4.1,0.987,-0.3,2.6,2.6,-18.8,-4.4,1.071,23,4,0,0,4
33.8,23,isocontour,11.283791670955125,43522.9,91.59,-19.0,-4.4,1.063,0.7,-0.7,1.0,-19.0,-4.4,1.071,23,5,0,0,5
33.8,24,isocontour,11.283791670955125,41733.38,87.82,5.0,-20.1,0.991,3.0,-0.1,3.0,12.7,-14.2,1.088,8,4,0,0,4
33.8,25,isocontour,11.283791670955125,40930.1,86.13,-19.0,8.2,0.993,-0.2,-1.0,1.0,-18.8,-4.4,1.071,23,2,0,0,2
33.8,Target,,,,,0.0,0.0,4.023,0.0,0.0,,,,,,,,,
33.9,1,isocontour,11.283791670955125,41018.56,86.32,20.0,5.5,0.988,0.0,-2.9,2.9,12.7,-14.2,1.088,8,6,0,0,6
33.9,2,isocontour,11.283791670955125,39881.38,83.93,13.3,16.0,0.988,0.6,0.6,0.8,12.7,-14.2,1.088,8,6,0,0,6
33.9,3,isocontour,11.283791670955125,41439.2,87.2,18.6,9.5,0.985,0.4,-1.0,1.1,12.7,-14.2,1.088,8,7,0,0,7
33.9,4,isocontour,11.283791670955125,43172.42,90.85,16.3,10.7,1.066,0.4,-0.9,1.0,12.7,-14.2,1.088,8,7,0,0,7
33.9,5,isocontour,11.283791670955125,41092.65,86.47,15.2,12.9,1.039,2.3,1.3,2.6,12.7,-14.2,1.088,8,6,0,0,6
33.9,6,isocontour,11.283791670955125,41793.8,87.95,10.8,-16.5,1.052,1.4,2.3,2.7,12.7,-14.2,1.088,8,4,0,0,4
33.9,7,isocontour,11.283791670955125,41087.54,86.46,-20.3,3.4,0.998,-0.4,-1.2,1.3,-18.8,-4.4,1.071,23,5,0,0,5
33.9,8,isocontour,11.283791670955125,42493.11,89.42,12.8,-15.0,1.052,2.3,1.2,2.6,12.8,-15.0,1.088,8,5,0,0,5
33.9,9,isocontour,11.283791670955125,41279.78,86.87,20.6,1.4,0.999,0.4,-2.9,2.9,12.7,-14.2,1.088,8,6,0,0,6
33.9,10,isocontour,11.283791670955125,41569.72,87.48,19.3,-7.6,0.99,-0.0,0.7,0.7,12.7,-14.2,1.088,8,5,0,0,5
33.9,11,isocontour,11.283791670955125,41374.6,87.07,-19.3,-7.8,0.987,-0.5,-1.7,1.8,-18.8,-4.4,1.071,23,5,0,0,5
33.9,12,isocontour,11.283791670955125,41161.71,86.62,-14.5,-14.7,0.993,0.6,-0.4,0.7,-18.8,-4.4,1.071,23,2,0,0,2
33.9,13,isocontour,11.283791670955125,40198.69,84.59,20.8,-0.3,0.991,-0.4,2.7,2.7,12.7,-14.2,1.088,8,5,0,0,5
33.9,14,isocontour,11.283791670955125,40559.39,85.35,17.1,-11.4,1.004,0.1,1.5,1.5,12.7,-14.2,1.088,8,4,0,0,4
33.9,15,isocontour,11.283791670955125,39278.95,82.66,8.8,18.7,0.992,-0.9,-1.0,1.3,12.7,-14.2,1.088,8,4,0,0,4
33.9,16,isocontour,11.283791670955125,47147.17,99.22,-23.9,23.0,0.506,-0.1,0.9,0.9,-23.9,23.0,0.511,16,0,0,0,0
33.9,17,isocontour,11.283791670955125,41115.27,86.52,19.2,8.3,0.98,0.5,-1.0,1.1,12.7,-14.2,1.088,8,7,0,0,7
33.9,18,isocontour,11.283791670955125,44856.04,94.39,3.4,20.4,0.993,-0.8,-0.8,1.1,12.7,-14.2,1.088,8,2,0,0,2
33.9,19,isocontour,11.283791670955125,41555.43,87.45,-20.7,1.4,0.993,0.9,2.3,2.5,-18.8,-4.4,1.071,23,5,0,0,5
33.9,20,isocontour,11.283791670955125,41959.88,88.3,13.0,-16.2,0.991,1.7,0.7,1.8,12.7,-14.2,1.088,8,5,0,0,5
33.9,21,isocontour,11.283791670955125,40178.97,84.55,-3.0,-20.6,0.99,-0.7,0.2,0.7,12.7,-14.2,1.088,8,1,0,0,1
33.9,22,isocontour,11.283791670955125,43279.07,91.08,-20.4,-3.8,0.99,0.2,2.8,2.8,-18.8,-4.4,1.071,23,4,0,0,4
33.9,23,isocontour,11.283791670955125,43494.84,91.53,-19.0,-4.2,1.066,-0.1,2.8,2.8,-19.0,-4.2,1.071,23,5,0,0,5
33.9,24,isocontour,11.283791670955125,41648.34,87.64,4.7,-20.3,0.988,-3.7,-1.6,4.0,12.7,-14.2,1.088,8,4,0,0,4
33.9,25,isocontour,11.283791670955125,40830.53,85.92,-19.0,8.5,0.988,0.6,4.2,4.2,-18.8,-4.4,1.071,23,2,0,0,2
33.9,Target,,,,,0.0,0.0,4.023,0.0,0.0,,,,,,,,,
34.0,1,isocontour,11.283791670955125,41017.0,86.32,20.0,5.4,0.991,-0.1,-1.1,1.1,20.0,5.4,0.988,1,6,0,0,6
34.0,2,isocontour,11.283791670955125,39865.15,83.89,13.2,16.2,0.985,-1.3,1.9,2.3,13.2,16.2,0.988,2,6,0,0,6
34.0,3,isocontour,11.283791670955125,41407.72,87.14,18.6,9.2,0.989,0.7,-2.8,2.9,18.6,9.2,0.985,3,7,0,0,7
34.0,4,isocontour,11.283791670955125,43153.81,90.81,16.4,10.5,1.065,1.6,-1.8,2.4,16.4,10.5,1.066,4,7,0,0,7
34.0,5,isocontour,11.283791670955125,41059.54,86.4,15.0,12.7,1.052,-2.2,-1.9,2.9,15.0,12.7,1.039,5,6,0,0,6
34.0,6,isocontour,11.283791670955125,41776.73,87.91,10.9,-16.3,1.058,1.1,2.1,2.4,10.9,-16.3,1.052,6,4,0,0,4
34.0,7,isocontour,11.283791670955125,41065.3,86.42,-20.3,3.6,0.998,0.5,2.6,2.6,-20.3,3.6,0.998,7,5,0,0,5
34.0,8,isocontour,11.283791670955125,42474.03,89.38,13.0,-14.9,1.048,2.2,1.0,2.4,13.0,-14.9,1.052,8,5,0,0,5
34.0,9,isocontour,11.283791670955125,41278.85,86.87,20.6,1.4,0.998,0.1,0.9,0.9,20.6,1.4,0.999,9,6,0,0,6
34.0,10,isocontour,11.283791670955125,41568.66,87.48,19.4,-7.6,0.986,0.6,-0.7,0.9,19.4,-7.6,0.99,10,5,0,0,5
34.0,11,isocontour,11.283791670955125,41372.22,87.06,-19.4,-7.8,0.982,-1.1,0.5,1.2,-19.4,-7.8,0.987,11,4,0,0,4
34.0,12,isocontour,11.283791670955125,41135.7,86.57,-14.4,-14.9,0.99,1.5,-2.3,2.7,-14.4,-14.9,0.993,12,1,0,0,1
34.0,13,isocontour,11.283791670955125,40167.86,84.53,20.8,-0.5,0.99,0.1,-2.9,2.9,20.8,-0.5,0.991,13,5,0,0,5
34.0,14,isocontour,11.283791670955125,40517.22,85.26,17.2,-11.1,1.005,1.7,2.7,3.2,17.2,-11.1,1.004,14,4,0,0,4
34.0,15,isocontour,11.283791670955125,39267.21,82.63,8.9,18.6,0.997,1.4,-1.6,2.1,8.9,18.6,0.992,15,4,0,0,4
34.0,16,isocontour,11.283791670955125,47146.07,99.21,-23.9,22.9,0.507,-0.3,-0.9,0.9,-23.9,22.9,0.506,16,0,0,0,0
34.0,17,isocontour,11.283791670955125,41111.77,86.51,19.2,8.1,0.985,-0.5,-1.3,1.4,19.2,8.1,0.98,17,7,0,0,7
34.0,18,isocontour,11.283791670955125,44828.28,94.34,3.2,20.4,0.995,-2.8,0.3,2.8,3.2,20.4,0.993,18,2,0,0,2
34.0,19,isocontour,11.283791670955125,41518.15,87.37,-20.7,1.1,0.993,-0.4,-3.1,3.1,-20.7,1.1,0.993,19,5,0,0,5
34.0,20,isocontour,11.283791670955125,41905.75,88.19,13.0,-16.5,0.98,-0.5,-3.5,3.5,13.0,-16.5,0.991,20,5,0,0,5
34.0,21,isocontour,11.283791670955125,40177.97,84.55,-3.0,-20.5,0.992,-0.7,0.5,0.9,-3.0,-20.5,0.99,21,1,0,0,1
34.0,22,isocontour,11.283791670955125,43276.13,91.07,-20.3,-3.9,0.993,0.7,-1.1,1.3,-20.3,-3.9,0.99,22,4,0,0,4
34.0,23,isocontour,11.283791670955125,43493.67,91.53,-19.0,-4.1,1.065,-0.5,0.8,0.9,-19.0,-4.1,1.066,23,4,0,0,4
34.0,24,isocontour,11.283791670955125,41646.86,87.64,4.6,-20.3,0.99,-1.0,0.4,1.1,4.6,-20.3,0.988,24,4,0,0,4
34.0,25,isocontour,11.283791670955125,40828.16,85.92,-19.0,8.5,0.989,0.0,-1.2,1.2,-19.0,8.5,0.988,25,2,0,0,2
34.0,Target,,,,,0.0,0.0,4.023,0.0,0.0,,,,,,,,,
34.1,1,isocontour,11.283791670955125,40984.22,86.25,20.0,5.6,0.987,-0.0,2.9,2.9,16.4,10.5,1.066,4,6,0,0,6
34.1,2,isocontour,11.283791670955125,39841.88,83.84,13.0,16.2,0.993,-2.6,-0.3,2.6,16.4,10.5,1.066,4,6,0,0,6
34.1,3,isocontour,11.283791670955125,41405.83,87.13,18.7,9.1,0.988,0.7,-0.9,1.1,16.4,10.5,1.066,4,7,0,0,7
34.1,4,isocontour,11.283791670955125,43130.0,90.76,16.4,10.3,1.073,-0.4,-2.6,2.6,16.4,10.3,1.066,4,7,0,0,7
34.1,5,isocontour,11.283791670955125,41043.72,86.37,14.8,12.7,1.061,-2.2,0.5,2.3,16.4,10.5,1.066,4,6,0,0,6
34.1,6,isocontour,11.283791670955125,41773.38,87.91,11.0,-16.2,1.056,1.4,0.2,1.4,11.0,-16.2,1.058,6,4,0,0,4
34.1,7,isocontour,11.283791670955125,41043.82,86.37,-20.3,3.8,0.995,-0.3,2.5,2.5,-19.0,-4.1,1.066,23,4,0,0,4
34.1,8,isocontour,11.283791670955125,42464.91,89.36,13.1,-14.7,1.055,0.1,1.9,1.9,10.9,-16.3,1.058,6,5,0,0,5
34.1,9,isocontour,11.283791670955125,41169.97,86.64,20.6,1.0,0.997,0.5,-4.4,4.4,16.4,10.5,1.066,4,6,0,0,6
34.1,10,isocontour,11.283791670955125,41486.09,87.3,19.5,-7.3,0.987,1.3,3.8,4.0,13.0,-14.9,1.052,8,5,0,0,5
34.1,11,isocontour,11.283791670955125,41369.29,87.06,-19.4,-7.7,0.985,0.5,1.2,1.3,-19.0,-4.1,1.066,23,4,0,0,4
34.1,12,isocontour,11.283791670955125,41134.42,86.56,-14.4,-15.1,0.985,-0.4,-0.9,1.0,-14.4,-15.1,0.993,12,1,0,0,1
34.1,13,isocontour,11.283791670955125,40118.23,84.42,21.0,-0.6,0.974,3.4,-0.3,3.4,17.2,-11.1,1.005,14,6,0,0,6
34.1,14,isocontour,11.283791670955125,40514.35,85.26,17.3,-11.1,1.0,1.2,-0.4,1.3,10.9,-16.3,1.058,6,5,0,0,5
34.1,15,isocontour,11.283791670955125,39266.27,82.63,8.9,18.6,0.995,-0.3,0.8,0.9,16.4,10.5,1.066,4,4,0,0,4
34.1,16,isocontour,11.283791670955125,47144.97,99.21,-23.9,22.8,0.509,0.5,-0.8,0.9,-23.9,22.8,0.507,16,0,0,0,0
34.1,17,isocontour,11.283791670955125,41091.52,86.47,19.2,7.9,0.988,0.5,-2.5,2.5,16.4,10.5,1.066,4,7,0,0,7
34.1,18,isocontour,11.283791670955125,44806.8,94.29,2.9,20.5,0.992,-2.4,0.9,2.6,8.9,18.6,0.997,15,2,0,0,2
34.1,19,isocontour,11.283791670955125,41505.37,87.34,-20.8,1.2,0.984,-1.9,1.1,2.2,-19.0,-4.1,1.066,23,5,0,0,5
34.1,20,isocontour,11.283791670955125,41904.35,88.18,13.0,-16.6,0.973,0.2,-1.0,1.0,10.9,-16.3,1.058,6,5,0,0,5
34.1,21,isocontour,11.283791670955125,40176.65,84.55,-3.1,-20.6,0.988,-0.7,-0.8,1.1,-3.1,-20.6,0.992,21,1,0,0,1
34.1,22,isocontour,11.283791670955125,43184.02,90.88,-20.4,-4.2,0.984,-1.2,-4.0,4.2,-19.0,-4.1,1.066,23,4,0,0,4
34.1,23,isocontour,11.283791670955125,43492.79,91.53,-19.1,-4.0,1.064,-0.3,0.8,0.9,-19.1,-4.0,1.066,23,4,0,0,4
34.1,24,isocontour,11.283791670955125,41645.33,87.64,4.5,-20.2,0.995,-0.7,0.8,1.1,10.9,-16.3,1.058,6,4,0,0,4
34.1,25,isocontour,11.283791670955125,40822.24,85.91,-19.0,8.4,0.988,-1.0,-1.3,1.6,-20.3,3.6,0.998,7,2,0,0,2
34.1,Target,,,,,0.0,0.0,4.023,0.0,0.0,,,,,,,,,
34.2,1,isocontour,11.283791670955125,40905.87,86.08,20.1,5.4,0.987,0.9,-3.8,3.9,16.4,10.3,1.073,4,6,0,0,6
34.2,2,isocontour,11.283791670955125,39817.53,83.79,13.1,16.1,0.989,2.6,-0.5,2.6,16.4,10.3,1.073,4,6,0,0,6
34.2,3,isocontour,11.283791670955125,41380.93,87.08,18.7,8.9,0.995,-0.4,-2.7,2.7,16.4,10.3,1.073,4,7,0,0,7
34.2,4,isocontour,11.283791670955125,43103.98,90.71,16.4,10.0,1.082,-0.0,-2.7,2.7,16.4,10.0,1.073,4,7,0,0,7
34.2,5,isocontour,11.283791670955125,41028.11,86.34,14.7,12.9,1.059,-0.9,2.1,2.3,16.4,10.3,1.073,4,6,0,0,6
34.2,6,isocontour,11.283791670955125,41753.84,87.87,11.2,-16.1,1.053,2.3,0.9,2.5,11.2,-16.1,1.058,6,4,0,0,4
34.2,7,isocontour,11.283791670955125,41043.32,86.37,-20.3,3.9,0.993,-0.3,0.7,0.8,-19.0,-4.1,1.066,23,4,0,0,4
34.2,8,isocontour,11.283791670955125,42464.39,89.36,13.1,-14.6,1.055,0.7,0.3,0.8,10.9,-16.3,1.058,6,5,0,0,5
34.2,9,isocontour,11.283791670955125,41149.48,86.59,20.7,0.8,0.994,0.6,-2.5,2.6,16.4,10.3,1.073,4,6,0,0,6
34.2,10,isocontour,11.283791670955125,41475.94,87.28,19.5,-7.4,0.984,-0.2,-2.0,2.0,16.4,10.5,1.066,4,4,0,0,4
34.2,11,isocontour,11.283791670955125,41334.13,86.98,-19.4,-7.4,0.99,-0.3,3.0,3.0,-19.0,-4.1,1.066,23,4,0,0,4
34.2,12,isocontour,11.283791670955125,41132.98,86.56,-14.4,-15.0,0.989,0.3,1.0,1.0,-19.0,-4.1,1.066,23,1,0,0,1
34.2,13,isocontour,11.283791670955125,40114.81,84.42,21.2,-0.7,0.966,1.1,-0.8,1.4,16.4,10.5,1.066,4,6,0,0,6
34.2,14,isocontour,11.283791670955125,40511.15,85.25,17.4,-11.0,0.997,0.9,1.0,1.3,10.9,-16.3,1.058,6,5,0,0,5
34.2,15,isocontour,11.283791670955125,39253.68,82.6,9.1,18.8,0.985,1.6,1.4,2.1,16.4,10.3,1.073,4,4,0,0,4
34.2,16,isocontour,11.283791670955125,47143.87,99.21,-23.9,22.8,0.509,-0.9,-0.3,0.9,-23.9,22.8,0.509,16,0,0,0,0
34.2,17,isocontour,11.283791670955125,41090.31,86.47,19.2,7.8,0.992,-0.8,-0.6,1.0,16.4,10.3,1.073,4,7,0,0,7
34.2,18,isocontour,11.283791670955125,44697.19,94.06,2.5,20.6,0.989,-4.3,1.2,4.5,16.4,10.5,1.066,4,2,0,0,2
34.2,19,isocontour,11.283791670955125,41494.13,87.32,-20.8,1.0,0.985,0.6,-2.0,2.1,-19.0,-4.1,1.066,23,5,0,0,5
34.2,20,isocontour,11.283791670955125,41891.58,88.16,13.1,-16.5,0.972,1.8,1.2,2.2,10.9,-16.3,1.058,6,4,0,0,4
34.2,21,isocontour,11.283791670955125,40176.23,84.55,-3.2,-20.6,0.987,-0.7,0.1,0.7,10.9,-16.3,1.058,6,1,0,0,1
34.2,22,isocontour,11.283791670955125,43179.89,90.87,-20.6,-4.3,0.976,-1.5,-0.2,1.5,-19.0,-4.1,1.066,23,4,0,0,4
34.2,23,isocontour,11.283791670955125,43479.12,91.5,-19.2,-3.8,1.058,-1.4,1.7,2.2,-19.2,-3.8,1.066,23,4,0,0,4
34.2,24,isocontour,11.283791670955125,41642.96,87.63,4.6,-20.1,0.996,1.1,0.4,1.2,10.9,-16.3,1.058,6,4,0,0,4
34.2,25,isocontour,11.283791670955125,40793.28,85.84,-19.2,8.1,0.986,-1.4,-2.5,2.9,-19.0,-4.1,1.066,23,2,0,0,2
34.2,Target,,,,,0.0,0.0,4.023,0.0,0.0,,,,,,,,,
34.3,1,isocontour,11.283791670955125,40882.86,86.03,20.0,5.5,0.989,-1.1,2.4,2.6,16.4,10.0,1.082,4,6,0,0,6
34.3,2,isocontour,11.283791670955125,39766.13,83.68,13.5,16.0,0.983,3.2,-1.3,3.5,16.4,10.0,1.082,4,5,0,0,5
34.3,3,isocontour,11.283791670955125,41346.47,87.01,18.5,9.1,0.997,-1.4,2.7,3.0,16.4,10.0,1.082,4,7,0,0,7
34.3,4,isocontour,11.283791670955125,43102.41,90.7,16.4,9.9,1.085,0.3,-1.0,1.0,16.4,9.9,1.082,4,6,0,0,6
34.3,5,isocontour,11.283791670955125,41024.97,86.33,14.8,12.9,1.056,1.1,-0.7,1.3,16.4,10.0,1.082,4,6,0,0,6
34.3,6,isocontour,11.283791670955125,41752.0,87.86,11.3,-16.0,1.056,0.4,1.1,1.2,11.3,-16.0,1.058,6,4,0,0,4
34.3,7,isocontour,11.283791670955125,41022.09,86.33,-20.4,4.1,0.988,-0.3,2.5,2.5,-19.0,-4.1,1.066,23,4,0,0,4
34.3,8,isocontour,11.283791670955125,42459.27,89.35,13.1,-14.5,1.062,-0.7,1.4,1.6,16.4,10.5,1.066,4,5,0,0,5
34.3,9,isocontour,11.283791670955125,41039.86,86.36,20.8,0.4,0.99,0.9,-4.3,4.4,16.4,10.0,1.082,4,6,0,0,6
34.3,10,isocontour,11.283791670955125,41469.14,87.27,19.4,-7.5,0.99,-1.6,-0.6,1.7,16.4,10.3,1.073,4,5,0,0,5
34.3,11,isocontour,11.283791670955125,41330.93,86.98,-19.4,-7.3,0.995,0.4,1.3,1.4,-19.0,-4.1,1.066,23,4,0,0,4
34.3,12,isocontour,11.283791670955125,41114.13,86.52,-14.6,-14.9,0.988,-2.0,1.4,2.4,-19.0,-4.1,1.066,23,1,0,0,1
34.3,13,isocontour,11.283791670955125,40101.86,84.39,21.0,-0.6,0.975,-2.0,0.9,2.2,16.4,10.3,1.073,4,6,0,0,6
34.3,14,isocontour,11.283791670955125,40489.16,85.2,17.7,-11.0,0.987,2.6,0.2,2.6,16.4,10.5,1.066,4,5,0,0,5
34.3,15,isocontour,11.283791670955125,39236.17,82.57,8.9,18.9,0.984,-2.2,0.8,2.3,16.4,10.3,1.073,4,3,0,0,3
34.3,16,isocontour,11.283791670955125,47142.77,99.21,-23.9,22.7,0.511,0.5,-0.8,0.9,-23.9,22.7,0.509,16,0,0,0,0
34.3,17,isocontour,11.283791670955125,41088.27,86.47,19.2,7.9,0.992,-0.2,1.1,1.1,16.4,10.0,1.082,4,7,0,0,7
34.3,18,isocontour,11.283791670955125,44696.02,94.06,2.4,20.7,0.986,-0.8,0.5,0.9,16.4,10.3,1.073,4,1,0,0,1
34.3,19,isocontour,11.283791670955125,41476.84,87.28,-20.6,0.9,0.995,2.0,-1.3,2.4,-19.0,-4.1,1.066,23,5,0,0,5
34.3,20,isocontour,11.283791670955125,41874.51,88.12,13.0,-16.3,0.983,-1.3,2.0,2.4,16.4,10.5,1.066,4,5,0,0,5
34.3,21,isocontour,11.283791670955125,40173.43,84.54,-3.1,-20.5,0.99,1.2,0.4,1.3,10.9,-16.3,1.058,6,1,0,0,1
34.3,22,isocontour,11.283791670955125,43178.14,90.86,-20.6,-4.2,0.978,0.5,1.0,1.1,-19.0,-4.1,1.066,23,4,0,0,4
34.3,23,isocontour,11.283791670955125,43477.98,91.49,-19.3,-3.8,1.055,-0.6,0.8,1.0,-19.3,-3.8,1.066,23,4,0,0,4
34.3,24,isocontour,11.283791670955125,41629.65,87.6,4.5,-20.2,0.994,-2.0,-0.9,2.2,10.9,-16.3,1.058,6,4,0,0,4
34.3,25,isocontour,11.283791670955125,40786.23,85.83,-19.3,8.0,0.984,-1.1,-1.4,1.8,-19.0,-4.1,1.066,23,2,0,0,2
34.3,Target,,,,,0.0,0.0,4.023,0.0,0.0,,,,,,,,,
34.4,1,isocontour,11.283791670955125,40879.92,86.03,19.9,5.6,0.993,-0.9,0.9,1.3,16.4,9.9,1.085,4,6,0,0,6
34.4,2,isocontour,11.283791670955125,39728.12,83.6,13.6,15.7,0.987,1.5,-2.7,3.1,16.4,9.9,1.085,4,5,0,0,5
34.4,3,isocontour,11.283791670955125,41320.17,86.95,18.7,9.3,0.985,1.6,2.2,2.7,16.4,9.9,1.085,4,7,0,0,7
34.4,4,isocontour,11.283791670955125,43092.57,90.68,16.6,9.8,1.078,1.9,-0.4,1.9,16.6,9.8,1.085,4,6,0,0,6
34.4,5,isocontour,11.283791670955125,40988.41,86.26,15.0,12.7,1.054,2.2,-2.1,3.0,16.4,9.9,1.085,4,6,0,0,6
34.4,6,isocontour,11.283791670955125,41731.98,87.82,11.1,-16.1,1.061,-2.4,-0.5,2.5,16.4,10.5,1.066,4,4,0,0,4
34.4,7,isocontour,11.283791670955125,41021.5,86.32,-20.4,4.2,0.985,-0.4,0.6,0.7,-19.0,-4.1,1.066,23,4,0,0,4
34.4,8,isocontour,11.283791670955125,42456.07,89.34,13.0,-14.6,1.064,-1.1,-0.9,1.4,16.4,10.3,1.073,4,5,0,0,5
34.4,9,isocontour,11.283791670955125,41017.88,86.32,20.8,0.1,0.986,0.8,-2.5,2.6,16.4,9.9,1.085,4,6,0,0,6
34.4,10,isocontour,11.283791670955125,41467.61,87.26,19.3,-7.4,0.993,0.1,1.0,1.0,16.4,10.0,1.082,4,5,0,0,5
34.4,11,isocontour,11.283791670955125,41330.52,86.97,-19.3,-7.3,0.995,0.1,-0.7,0.7,-19.0,-4.1,1.066,23,4,0,0,4
34.4,12,isocontour,11.283791670955125,41111.39,86.51,-14.7,-14.8,0.988,-0.9,0.9,1.3,-19.0,-4.1,1.066,23,1,0,0,1
34.4,13,isocontour,11.283791670955125,40098.51,84.38,20.9,-0.5,0.981,-0.9,1.0,1.3,16.4,10.0,1.082,4,6,0,0,6
34.4,14,isocontour,11.283791670955125,40448.92,85.12,17.9,-10.8,0.98,2.5,1.9,3.1,16.4,10.3,1.073,4,5,0,0,5
34.4,15,isocontour,11.283791670955125,39217.1,82.53,8.7,18.8,0.993,-2.3,-0.8,2.4,16.4,10.0,1.082,4,3,0,0,3
34.4,16,isocontour,11.283791670955125,47141.67,99.2,-23.9,22.6,0.512,-0.1,-0.9,0.9,-23.9,22.6,0.511,16,0,0,0,0
34.4,17,isocontour,11.283791670955125,41082.55,86.45,19.3,8.0,0.985,1.2,1.1,1.6,16.4,9.9,1.085,4,7,0,0,7
34.4,18,isocontour,11.283791670955125,44694.66,94.05,2.5,20.7,0.986,1.0,-0.1,1.0,16.4,10.3,1.073,4,1,0,0,1
34.4,19,isocontour,11.283791670955125,41476.36,87.28,-20.6,0.9,0.996,-0.3,0.7,0.8,-19.0,-4.1,1.066,23,5,0,0,5
34.4,20,isocontour,11.283791670955125,41870.47,88.11,12.9,-16.2,0.992,-1.1,0.9,1.4,16.4,10.3,1.073,4,5,0,0,5
34.4,21,isocontour,11.283791670955125,40170.08,84.53,-2.9,-20.5,0.993,1.3,0.5,1.4,10.9,-16.3,1.058,6,1,0,0,1
34.4,22,isocontour,11.283791670955125,43176.39,90.86,-20.5,-4.1,0.982,0.5,1.0,1.1,-19.0,-4.1,1.066,23,4,0,0,4
34.4,23,isocontour,11.283791670955125,43476.81,91.49,-19.3,-3.7,1.052,-0.7,0.7,1.0,-19.3,-3.7,1.066,23,4,0,0,4
34.4,24,isocontour,11.283791670955125,41627.65,87.6,4.4,-20.3,0.989,-0.3,-1.1,1.1,16.4,10.5,1.066,4,4,0,0,4
34.4,25,isocontour,11.283791670955125,40769.16,85.79,-19.3,7.8,0.99,0.5,-2.3,2.4,-19.0,-4.1,1.066,23,2,0,0,2
34.4,Target,,,,,0.0,0.0,4.023,0.0,0.0,,,,,,,,,
34.5,1,isocontour,11.283791670955125,40877.98,86.02,19.9,5.7,0.991,0.0,1.1,1.1,16.4,9.9,1.085,4,6,0,0,6
34.5,2,isocontour,11.283791670955125,39705.11,83.55,13.4,15.8,0.992,-2.5,0.9,2.7,16.4,9.9,1.085,4,5,0,0,5
34.5,3,isocontour,11.283791670955125,41287.06,86.88,18.7,9.1,0.989,0.2,-3.0,3.0,16.4,9.9,1.085,4,7,0,0,7
34.5,4,isocontour,11.283791670955125,43066.27,90.63,16.7,9.6,1.075,1.6,-2.2,2.7,16.7,9.6,1.085,4,7,0,0,7
34.5,5,isocontour,11.283791670955125,40985.86,86.25,15.1,12.6,1.056,0.4,-1.2,1.3,16.4,9.9,1.085,4,6,0,0,6
34.5,6,isocontour,11.283791670955125,41716.37,87.79,10.9,-16.2,1.058,-1.3,-1.9,2.3,16.4,10.3,1.073,4,4,0,0,4
34.5,7,isocontour,11.283791670955125,40984.94,86.25,-20.4,4.0,0.988,0.1,-3.1,3.1,-19.0,-4.1,1.066,23,4,0,0,4
34.5,8,isocontour,11.283791670955125,42454.63,89.34,13.0,-14.5,1.066,0.5,0.9,1.0,16.4,10.0,1.082,4,5,0,0,5
34.5,9,isocontour,11.283791670955125,41015.14,86.31,20.8,-0.0,0.989,-0.8,-1.0,1.3,16.4,9.9,1.085,4,7,0,0,7
34.5,10,isocontour,11.283791670955125,41428.12,87.18,19.5,-7.2,0.985,2.5,1.9,3.1,16.4,9.9,1.085,4,5,0,0,5
34.5,11,isocontour,11.283791670955125,41222.38,86.75,-19.2,-7.7,0.992,1.1,-4.3,4.4,-19.0,-4.1,1.066,23,4,0,0,4
34.5,12,isocontour,11.283791670955125,41073.02,86.43,-14.8,-14.5,0.991,-1.7,2.6,3.1,-19.0,-4.1,1.066,23,1,0,0,1
34.5,13,isocontour,11.283791670955125,40063.01,84.31,20.8,-0.2,0.986,-1.0,2.9,3.1,16.4,9.9,1.085,4,7,0,0,7
34.5,14,isocontour,11.283791670955125,40417.45,85.05,17.8,-10.7,0.993,-2.4,1.7,2.9,16.4,10.0,1.082,4,5,0,0,5
34.5,15,isocontour,11.283791670955125,39215.7,82.52,8.7,18.8,0.991,1.0,0.3,1.0,16.4,9.9,1.085,4,3,0,0,3
34.5,16,isocontour,11.283791670955125,47140.57,99.2,-23.9,22.5,0.514,0.1,-0.9,0.9,-23.9,22.5,0.512,16,0,0,0,0
34.5,17,isocontour,11.283791670955125,41078.75,86.45,19.3,8.1,0.981,-0.1,1.4,1.4,16.4,9.9,1.085,4,7,0,0,7
34.5,18,isocontour,11.283791670955125,44692.22,94.05,2.6,20.7,0.986,1.2,-0.3,1.2,16.4,10.0,1.082,4,1,0,0,1
34.5,19,isocontour,11.283791670955125,41454.63,87.24,-20.8,1.1,0.988,-1.4,2.2,2.6,-19.0,-4.1,1.066,23,5,0,0,5
34.5,20,isocontour,11.283791670955125,41869.97,88.11,12.8,-16.3,0.993,-0.6,-0.5,0.8,16.4,10.0,1.082,4,5,0,0,5
34.5,21,isocontour,11.283791670955125,40168.98,84.53,-3.0,-20.5,0.994,-0.9,0.1,0.9,16.4,10.5,1.066,4,1,0,0,1
34.5,22,isocontour,11.283791670955125,43167.83,90.84,-20.4,-4.0,0.99,1.4,1.3,1.9,-19.0,-4.1,1.066,23,4,0,0,4
34.5,23,isocontour,11.283791670955125,43452.19,91.44,-19.4,-3.5,1.05,-0.8,2.6,2.7,-19.4,-3.5,1.066,23,4,0,0,4
34.5,24,isocontour,11.283791670955125,41623.44,87.59,4.3,-20.3,0.992,-1.4,0.5,1.5,16.4,10.3,1.073,4,4,0,0,4
34.5,25,isocontour,11.283791670955125,40765.12,85.79,-19.3,7.6,0.99,-0.7,-1.3,1.5,-19.0,-4.1,1.066,23,2,0,0,2
34.5,Target,,,,,0.0,0.0,4.023,0.0,0.0,,,,,,,,,
34.6,1,isocontour,11.283791670955125,40859.81,85.98,20.0,5.6,0.988,1.3,-2.0,2.4,16.4,9.9,1.085,4,6,0,0,6
34.6,2,isocontour,11.283791670955125,39675.22,83.49,13.6,15.7,0.989,2.6,-1.1,2.8,16.4,9.9,1.085,4,5,0,0,5
34.6,3,isocontour,11.283791670955125,41270.41,86.85,18.6,8.9,0.999,-1.5,-1.8,2.3,16.4,9.9,1.085,4,7,0,0,7
34.6,4,isocontour,11.283791670955125,43059.8,90.61,16.9,9.5,1.07,1.5,-0.7,1.7,16.9,9.5,1.085,4,7,0,0,7
34.6,5,isocontour,11.283791670955125,40982.51,86.24,15.2,12.5,1.055,1.1,-0.8,1.4,16.4,9.9,1.085,4,6,0,0,6
34.6,6,isocontour,11.283791670955125,41697.07,87.75,11.0,-16.1,1.063,1.3,2.1,2.5,16.4,10.0,1.082,4,4,0,0,4
34.6,7,isocontour,11.283791670955125,40950.13,86.17,-20.4,3.7,0.99,-0.1,-3.0,3.0,-19.0,-4.1,1.066,23,4,0,0,4
34.6,8,isocontour,11.283791670955125,42453.19,89.34,12.9,-14.5,1.07,-1.0,0.3,1.0,16.4,9.9,1.085,4,5,0,0,5
34.6,9,isocontour,11.283791670955125,40993.41,86.27,20.6,0.1,1.0,-2.2,1.4,2.6,16.4,9.9,1.085,4,7,0,0,7
34.6,10,isocontour,11.283791670955125,41426.08,87.18,19.5,-7.3,0.987,-0.9,-0.7,1.1,16.4,9.9,1.085,4,4,0,0,4
34.6,11,isocontour,11.283791670955125,41177.4,86.65,-19.5,-7.7,0.978,-3.3,0.4,3.3,-19.0,-4.1,1.066,23,4,0,0,4
34.6,12,isocontour,11.283791670955125,41063.02,86.41,-14.7,-14.6,0.994,1.8,-0.9,2.0,-19.0,-4.1,1.066,23,1,0,0,1
34.6,13,isocontour,11.283791670955125,40036.99,84.25,20.7,-0.4,0.995,-1.7,-2.2,2.8,16.4,9.9,1.085,4,7,0,0,7
34.6,14,isocontour,11.283791670955125,40387.56,84.99,17.9,-10.4,0.993,1.9,2.1,2.8,16.4,9.9,1.085,4,6,0,0,6
34.6,15,isocontour,11.283791670955125,39185.81,82.46,8.6,19.0,0.984,-1.7,2.3,2.9,16.4,9.9,1.085,4,3,0,0,3
34.6,16,isocontour,11.283791670955125,47139.47,99.2,-23.9,22.6,0.512,-0.4,0.9,1.0,-23.9,22.6,0.514,16,0,0,0,0
34.6,17,isocontour,11.283791670955125,41052.45,86.39,19.0,8.1,0.994,-2.6,-0.8,2.7,16.4,9.9,1.085,4,7,0,0,7
34.6,18,isocontour,11.283791670955125,44688.87,94.04,2.7,20.6,0.99,1.1,-0.8,1.4,16.4,9.9,1.085,4,1,0,0,1
34.6,19,isocontour,11.283791670955125,41342.77,87.0,-20.8,0.8,0.986,-0.4,-4.4,4.4,-19.0,-4.1,1.066,23,5,0,0,5
34.6,20,isocontour,11.283791670955125,41830.48,88.03,12.9,-16.5,0.979,0.9,-3.0,3.1,16.4,9.9,1.085,4,5,0,0,5
34.6,21,isocontour,11.283791670955125,40140.32,84.47,-3.3,-20.5,0.992,-2.8,0.1,2.8,16.4,10.3,1.073,4,1,0,0,1
34.6,22,isocontour,11.283791670955125,43137.63,90.78,-20.3,-4.2,0.994,1.0,-2.7,2.9,-19.0,-4.1,1.066,23,4,0,0,4
34.6,23,isocontour,11.283791670955125,43449.87,91.43,-19.5,-3.3,1.047,-0.8,0.9,1.2,-19.5,-3.3,1.066,23,5,0,0,5
34.6,24,isocontour,11.283791670955125,41613.59,87.57,4.2,-20.4,0.987,-1.4,-1.4,2.0,16.4,10.0,1.082,4,4,0,0,4
34.6,25,isocontour,11.283791670955125,40727.48,85.71,-19.3,7.3,0.996,0.3,-3.1,3.1,-19.0,-4.1,1.066,23,3,0,0,3
34.6,Target,,,,,0.0,0.0,4.023,0.0,0.0,,,,,,,,,
34.7,1,isocontour,11.283791670955125,40774.77,85.81,20.2,5.2,0.985,1.4,-3.8,4.0,16.4,9.9,1.085,4,6,0,0,6
34.7,2,isocontour,11.283791670955125,39657.93,83.46,13.9,15.7,0.98,2.4,0.4,2.4,16.4,9.9,1.085,4,5,0,0,5
34.7,3,isocontour,11.283791670955125,41247.66,86.8,18.4,9.0,1.004,-1.6,2.0,2.6,16.4,9.9,1.085,4,7,0,0,7
34.7,4,isocontour,11.283791670955125,43058.89,90.61,17.0,9.4,1.069,0.5,-0.8,0.9,17.0,9.4,1.085,4,7,0,0,7
34.7,5,isocontour,11.283791670955125,40977.0,86.23,15.3,12.4,1.051,1.5,-0.7,1.7,16.4,9.9,1.085,4,6,0,0,6
34.7,6,isocontour,11.283791670955125,41662.6,87.67,11.3,-15.9,1.064,2.5,1.7,3.0,16.4,9.9,1.085,4,4,0,0,4
34.7,7,isocontour,11.283791670955125,40949.42,86.17,-20.5,3.7,0.988,-0.5,0.6,0.8,-19.0,-4.1,1.066,23,4,0,0,4
34.7,8,isocontour,11.283791670955125,42431.46,89.29,13.0,-14.2,1.077,1.0,2.4,2.6,16.4,9.9,1.085,4,5,0,0,5
34.7,9,isocontour,11.283791670955125,40984.56,86.25,20.6,0.2,0.998,0.8,1.7,1.9,16.4,9.9,1.085,4,7,0,0,7
34.7,10,isocontour,11.283791670955125,41398.02,87.12,19.6,-7.1,0.988,0.8,2.7,2.8,16.4,9.9,1.085,4,4,0,0,4
34.7,11,isocontour,11.283791670955125,41176.33,86.65,-19.5,-7.8,0.978,0.7,-0.6,0.9,-19.0,-4.1,1.066,23,4,0,0,4
34.7,12,isocontour,11.283791670955125,41054.86,86.39,-14.7,-14.7,0.989,0.2,-1.8,1.8,-19.0,-4.1,1.066,23,1,0,0,1
34.7,13,isocontour,11.283791670955125,40017.45,84.21,20.8,-0.6,0.99,1.2,-2.1,2.4,16.4,9.9,1.085,4,7,0,0,7
34.7,14,isocontour,11.283791670955125,40374.79,84.96,18.1,-10.5,0.982,2.0,-0.7,2.1,16.4,9.9,1.085,4,6,0,0,6
34.7,15,isocontour,11.283791670955125,39178.53,82.45,8.4,19.1,0.986,-1.8,0.0,1.8,16.4,9.9,1.085,4,3,0,0,3
34.7,16,isocontour,11.283791670955125,47138.37,99.2,-24.0,22.5,0.513,-0.4,-0.8,0.9,-24.0,22.5,0.514,16,0,0,0,0
34.7,17,isocontour,11.283791670955125,41050.24,86.39,19.0,8.2,0.994,-0.1,1.2,1.2,16.4,9.9,1.085,4,7,0,0,7
34.7,18,isocontour,11.283791670955125,44687.84,94.04,2.6,20.6,0.992,-0.9,-0.3,0.9,16.4,9.9,1.085,4,1,0,0,1
34.7,19,isocontour,11.283791670955125,41321.79,86.96,-20.7,0.9,0.99,1.0,2.3,2.5,-19.0,-4.1,1.066,23,5,0,0,5
34.7,20,isocontour,11.283791670955125,41828.1,88.02,12.9,-16.5,0.981,0.0,1.2,1.2,16.4,9.9,1.085,4,4,0,0,4
34.7,21,isocontour,11.283791670955125,40113.44,84.41,-3.5,-20.5,0.989,-2.8,-0.2,2.8,16.4,10.0,1.082,4,1,0,0,1
34.7,22,isocontour,11.283791670955125,43135.83,90.77,-20.2,-4.2,0.997,0.4,1.0,1.1,-19.0,-4.1,1.066,23,4,0,0,4
34.7,23,isocontour,11.283791670955125,43432.8,91.4,-19.4,-3.1,1.051,0.7,2.3,2.4,-19.4,-3.1,1.066,23,5,0,0,5
34.7,24,isocontour,11.283791670955125,41599.73,87.54,3.9,-20.4,0.987,-2.2,-0.3,2.2,16.4,9.9,1.085,4,4,0,0,4
34.7,25,isocontour,11.283791670955125,40725.16,85.7,-19.3,7.2,1.0,0.4,-1.2,1.3,-19.0,-4.1,1.066,23,3,0,0,3
34.7,Target,,,,,0.0,0.0,4.023,0.0,0.0,,,,,,,,,
34.8,1,isocontour,11.283791670955125,40771.9,85.8,20.1,5.1,0.991,-1.1,-0.7,1.3,16.4,9.9,1.085,4,6,0,0,6
34.8,2,isocontour,11.283791670955125,39653.11,83.45,13.9,15.6,0.983,0.2,-1.5,1.5,16.4,9.9,1.085,4,5,0,0,5
34.8,3,isocontour,11.283791670955125,41235.06,86.77,18.5,9.2,0.995,1.7,1.3,2.1,16.4,9.9,1.085,4,7,0,0,7
34.8,4,isocontour,11.283791670955125,43033.16,90.56,17.0,9.2,1.071,1.0,-2.5,2.7,17.0,9.2,1.085,4,7,0,0,7
34.8,5,isocontour,11.283791670955125,40971.7,86.22,15.4,12.3,1.047,1.4,-0.8,1.6,16.4,9.9,1.085,4,6,0,0,6
34.8,6,isocontour,11.283791670955125,41658.13,87.66,11.2,-15.9,1.068,-1.5,0.0,1.5,16.4,9.9,1.085,4,4,0,0,4
34.8,7,isocontour,11.283791670955125,40847.75,85.96,-20.5,4.1,0.985,0.3,4.3,4.3,-19.0,-4.1,1.066,23,4,0,0,4
34.8,8,isocontour,11.283791670955125,42422.48,89.27,13.1,-14.1,1.077,1.6,1.1,1.9,16.4,9.9,1.085,4,5,0,0,5
34.8,9,isocontour,11.283791670955125,40962.83,86.2,20.7,0.0,0.994,0.6,-2.5,2.6,16.4,9.9,1.085,4,7,0,0,7
34.8,10,isocontour,11.283791670955125,41396.08,87.11,19.6,-6.9,0.988,0.4,1.1,1.2,16.4,9.9,1.085,4,4,0,0,4
34.8,11,isocontour,11.283791670955125,41141.87,86.58,-19.4,-7.5,0.986,0.7,2.9,3.0,-19.0,-4.1,1.066,23,4,0,0,4
34.8,12,isocontour,11.283791670955125,41049.93,86.38,-14.6,-14.9,0.984,0.1,-1.6,1.6,-19.0,-4.1,1.066,23,1,0,0,1
34.8,13,isocontour,11.283791670955125,39993.64,84.16,20.9,-0.8,0.98,1.7,-2.0,2.6,16.4,9.9,1.085,4,7,0,0,7
34.8,14,isocontour,11.283791670955125,40360.55,84.93,18.2,-10.3,0.979,1.3,1.8,2.2,16.4,9.9,1.085,4,6,0,0,6
34.8,15,isocontour,11.283791670955125,39156.03,82.4,8.2,19.1,0.99,-2.6,0.2,2.6,16.4,9.9,1.085,4,3,0,0,3
34.8,16,isocontour,11.283791670955125,47137.27,99.19,-24.0,22.4,0.515,0.2,-0.9,0.9,-24.0,22.4,0.514,16,0,0,0,0
34.8,17,isocontour,11.283791670955125,41020.36,86.32,19.1,8.4,0.986,0.7,2.8,2.9,16.4,9.9,1.085,4,7,0,0,7
34.8,18,isocontour,11.283791670955125,44686.4,94.04,2.7,20.5,0.994,1.0,-0.3,1.0,16.4,9.9,1.085,4,1,0,0,1
34.8,19,isocontour,11.283791670955125,41296.62,86.9,-20.9,0.8,0.984,-1.6,-2.2,2.7,-19.0,-4.1,1.066,23,5,0,0,5
34.8,20,isocontour,11.283791670955125,41802.37,87.97,12.7,-16.3,0.994,-2.4,1.3,2.7,16.4,9.9,1.085,4,4,0,0,4
34.8,21,isocontour,11.283791670955125,40085.09,84.35,-3.8,-20.5,0.986,-2.8,-0.0,2.8,16.4,9.9,1.085,4,1,0,0,1
34.8,22,isocontour,11.283791670955125,43133.22,90.77,-20.2,-4.3,0.998,0.4,-1.2,1.3,-19.0,-4.1,1.066,23,4,0,0,4
34.8,23,isocontour,11.283791670955125,43431.87,91.4,-19.4,-3.0,1.052,-0.2,0.9,0.9,-19.4,-3.0,1.066,23,5,0,0,5
34.8,24,isocontour,11.283791670955125,41592.45,87.53,3.8,-20.3,0.995,-1.0,1.5,1.8,16.4,9.9,1.085,4,4,0,0,4
34.8,25,isocontour,11.283791670955125,40709.75,85.67,-19.3,7.4,0.997,-0.1,2.3,2.3,-19.0,-4.1,1.066,23,3,0,0,3
34.8,Target,,,,,0.0,0.0,4.023,0.0,0.0,,,,,,,,,
34.9,1,isocontour,11.283791670955125,40754.62,85.76,20.1,5.3,0.987,0.6,2.3,2.4,16.4,9.9,1.085,4,6,0,0,6
34.9,2,isocontour,11.283791670955125,39648.98,83.44,14.0,15.5,0.984,1.1,-1.0,1.5,16.4,9.9,1.085,4,5,0,0,5
34.9,3,isocontour,11.283791670955125,41217.34,86.74,18.7,9.3,0.983,1.5,1.9,2.4,16.4,9.9,1.085,4,7,0,0,7
34.9,4,isocontour,11.283791670955125,43011.68,90.51,17.1,9.0,1.073,0.8,-2.4,2.5,17.1,9.0,1.085,4,7,0,0,7
34.9,5,isocontour,11.283791670955125,40948.15,86.17,15.5,12.1,1.052,0.6,-2.6,2.7,16.4,9.9,1.085,4,6,0,0,6
34.9,6,isocontour,11.283791670955125,41656.47,87.66,11.0,-15.9,1.072,-1.1,-0.0,1.1,16.4,9.9,1.085,4,4,0,0,4
34.9,7,isocontour,11.283791670955125,40811.9,85.88,-20.4,3.9,0.988,0.1,-3.0,3.0,-19.0,-4.1,1.066,23,4,0,0,4
34.9,8,isocontour,11.283791670955125,42418.18,89.26,13.0,-14.1,1.081,-1.5,-0.1,1.5,16.4,9.9,1.085,4,5,0,0,5
34.9,9,isocontour,11.283791670955125,40960.57,86.2,20.7,0.1,0.995,-0.2,1.2,1.2,16.4,9.9,1.085,4,7,0,0,7
34.9,10,isocontour,11.283791670955125,41394.55,87.11,19.6,-6.8,0.99,-0.0,1.1,1.1,16.4,9.9,1.085,4,4,0,0,4
34.9,11,isocontour,11.283791670955125,41106.01,86.5,-19.5,-7.2,0.988,-0.9,2.9,3.0,-19.0,-4.1,1.066,23,4,0,0,4
34.9,12,isocontour,11.283791670955125,41013.73,86.31,-14.7,-14.7,0.988,-1.3,2.8,3.1,-19.0,-4.1,1.066,23,1,0,0,1
34.9,13,isocontour,11.283791670955125,39992.76,84.16,21.0,-0.8,0.975,0.9,-0.0,0.9,16.4,9.9,1.085,4,7,0,0,7
34.9,14,isocontour,11.283791670955125,40333.96,84.88,18.1,-10.1,0.99,-1.5,2.3,2.7,16.4,9.9,1.085,4,6,0,0,6
34.9,15,isocontour,11.283791670955125,39123.91,82.33,8.4,19.1,0.987,2.9,-0.4,2.9,16.4,9.9,1.085,4,3,0,0,3
34.9,16,isocontour,11.283791670955125,47136.17,99.19,-24.0,22.5,0.514,0.0,0.9,0.9,-24.0,22.5,0.515,16,0,0,0,0
34.9,17,isocontour,11.283791670955125,40988.24,86.25,19.3,8.3,0.978,2.3,-1.8,2.9,16.4,9.9,1.085,4,7,0,0,7
34.9,18,isocontour,11.283791670955125,44685.49,94.04,2.6,20.5,0.994,-0.9,0.1,0.9,16.4,9.9,1.085,4,1,0,0,1
34.9,19,isocontour,11.283791670955125,41295.01,86.9,-20.9,0.6,0.984,0.2,-1.0,1.0,-19.0,-4.1,1.066,23,5,0,0,5
34.9,20,isocontour,11.283791670955125,41800.57,87.96,12.8,-16.3,0.995,1.0,0.5,1.1,16.4,9.9,1.085,4,4,0,0,4
34.9,21,isocontour,11.283791670955125,40053.61,84.29,-3.6,-20.5,0.987,2.9,-0.3,2.9,16.4,9.9,1.085,4,1,0,0,1
34.9,22,isocontour,11.283791670955125,43132.37,90.77,-20.2,-4.3,0.996,-0.4,-0.8,0.9,-19.0,-4.1,1.066,23,4,0,0,4
34.9,23,isocontour,11.283791670955125,43430.87,91.39,-19.4,-2.9,1.053,0.1,0.9,0.9,-19.4,-2.9,1.066,23,5,0,0,5
34.9,24,isocontour,11.283791670955125,41571.95,87.48,3.6,-20.3,0.996,-2.5,-0.4,2.5,16.4,9.9,1.085,4,4,0,0,4
34.9,25,isocontour,11.283791670955125,40708.5,85.67,-19.2,7.5,0.998,0.8,0.6,1.0,-19.0,-4.1,1.066,23,3,0,0,3
34.9,Target,,,,,0.0,0.0,4.023,0.0,0.0,,,,,,,,,
35.0,1,isocontour,11.283791670955125,40665.12,85.57,20.3,5.0,0.984,1.4,-3.9,4.1,16.4,9.9,1.085,4,6,0,0,6
35.0,2,isocontour,11.283791670955125,39625.44,83.39,13.8,15.5,0.989,-2.5,0.7,2.6,16.4,9.9,1.085,4,5,0,0,5
35.0,3,isocontour,11.283791670955125,41198.72,86.7,18.9,9.3,0.976,2.0,-1.4,2.4,16.4,9.9,1.085,4,7,0,0,7
35.0,4,isocontour,11.283791670955125,42993.96,90.48,17.2,8.7,1.078,0.3,-2.4,2.4,17.2,8.7,1.085,4,7,0,0,7
35.0,5,isocontour,11.283791670955125,40919.5,86.11,15.6,11.8,1.059,0.7,-2.7,2.8,16.4,9.9,1.085,4,6,0,0,6
35.0,6,isocontour,11.283791670955125,41633.98,87.61,10.8,-16.0,1.073,-2.2,-1.5,2.7,16.4,9.9,1.085,4,4,0,0,4
35.0,7,isocontour,11.283791670955125,40809.22,85.88,-20.4,3.7,0.993,0.8,-1.0,1.3,-19.0,-4.1,1.066,23,5,0,0,5
35.0,8,isocontour,11.283791670955125,42391.59,89.21,12.8,-14.2,1.084,-2.3,-1.6,2.8,16.4,9.9,1.085,4,5,0,0,5
35.0,9,isocontour,11.283791670955125,40938.84,86.15,20.7,-0.1,0.995,-0.1,-2.6,2.6,16.4,9.9,1.085,4,7,0,0,7
35.0,10,isocontour,11.283791670955125,41392.66,87.11,19.6,-6.7,0.991,0.2,1.1,1.1,16.4,9.9,1.085,4,4,0,0,4
35.0,11,isocontour,11.283791670955125,41101.89,86.49,-19.6,-7.1,0.987,-0.7,1.3,1.5,-19.0,-4.1,1.066,23,5,0,0,5
35.0,12,isocontour,11.283791670955125,40975.72,86.23,-14.9,-14.4,0.991,-1.7,2.6,3.1,-19.0,-4.1,1.066,23,1,0,0,1
35.0,13,isocontour,11.283791670955125,39968.42,84.11,20.9,-0.7,0.984,-2.0,1.8,2.7,16.4,9.9,1.085,4,7,0,0,7
35.0,14,isocontour,11.283791670955125,40329.13,84.87,18.2,-10.1,0.985,1.4,-0.6,1.5,16.4,9.9,1.085,4,6,0,0,6
35.0,15,isocontour,11.283791670955125,39105.52,82.29,8.2,19.2,0.984,-2.0,1.4,2.4,16.4,9.9,1.085,4,3,0,0,3
35.0,16,isocontour,11.283791670955125,47135.07,99.19,-24.0,22.5,0.513,-0.8,-0.4,0.9,-24.0,22.5,0.515,16,0,0,0,0
35.0,17,isocontour,11.283791670955125,40986.24,86.25,19.2,8.2,0.982,-0.7,-0.9,1.1,16.4,9.9,1.085,4,7,0,0,7
35.0,18,isocontour,11.283791670955125,44684.32,94.03,2.6,20.6,0.992,-0.8,0.5,0.9,16.4,9.9,1.085,4,1,0,0,1
35.0,19,isocontour,11.283791670955125,41274.02,86.86,-20.8,0.8,0.989,1.2,2.2,2.5,-19.0,-4.1,1.066,23,5,0,0,5
35.0,20,isocontour,11.283791670955125,41789.16,87.94,13.0,-16.3,0.988,2.1,-0.1,2.1,16.4,9.9,1.085,4,4,0,0,4
35.0,21,isocontour,11.283791670955125,40018.46,84.21,-3.3,-20.5,0.989,3.0,0.1,3.0,16.4,9.9,1.085,4,1,0,0,1
35.0,22,isocontour,11.283791670955125,43131.24,90.76,-20.3,-4.4,0.992,-0.5,-0.8,0.9,-19.0,-4.1,1.066,23,4,0,0,4
35.0,23,isocontour,11.283791670955125,43429.34,91.39,-19.5,-2.8,1.052,-0.5,0.9,1.0,-19.5,-2.8,1.066,23,5,0,0,5
35.0,24,isocontour,11.283791670955125,41571.53,87.48,3.5,-20.4,0.996,-0.6,-0.3,0.7,16.4,9.9,1.085,4,4,0,0,4
35.0,25,isocontour,11.283791670955125,40690.56,85.63,-19.2,7.7,0.995,0.1,2.4,2.4,-19.0,-4.1,1.066,23,3,0,0,3
35.0,Target,,,,,0.0,0.0,4.023,0.0,0.0,,,,,,,,,
35.1,1,isocontour,11.283791670955125,40642.36,85.53,20.3,4.7,0.987,-0.1,-2.6,2.6,16.4,9.9,1.085,4,6,0,0,6
35.1,2,isocontour,11.283791670955125,39593.64,83.32,13.9,15.3,0.992,1.8,-2.3,2.9,16.4,9.9,1.085,4,5,0,0,5
35.1,3,isocontour,11.283791670955125,41171.85,86.64,18.9,9.0,0.98,0.1,-2.8,2.8,16.4,9.9,1.085,4,7,0,0,7
35.1,4,isocontour,11.283791670955125,42977.73,90.44,17.2,8.5,1.083,0.2,-2.3,2.3,17.2,8.5,1.085,4,7,0,0,7
35.1,5,isocontour,11.283791670955125,40897.26,86.06,15.7,12.0,1.048,1.0,2.4,2.6,16.4,9.9,1.085,4,6,0,0,6
35.1,6,isocontour,11.283791670955125,41633.27,87.61,10.8,-16.1,1.072,-0.6,-0.6,0.8,16.4,9.9,1.085,4,4,0,0,4
35.1,7,isocontour,11.283791670955125,40807.78,85.87,-20.3,3.8,0.994,0.3,1.0,1.0,-19.0,-4.1,1.066,23,5,0,0,5
35.1,8,isocontour,11.283791670955125,42384.67,89.19,12.7,-14.4,1.083,-1.0,-1.4,1.7,16.4,9.9,1.085,4,5,0,0,5
35.1,9,isocontour,11.283791670955125,40938.4,86.15,20.7,-0.2,0.996,-0.1,-0.7,0.7,16.4,9.9,1.085,4,7,0,0,7
35.1,10,isocontour,11.283791670955125,41391.69,87.1,19.6,-6.8,0.992,-0.4,-0.8,0.9,16.4,9.9,1.085,4,4,0,0,4
35.1,11,isocontour,11.283791670955125,41063.51,86.41,-19.6,-6.8,0.993,0.2,3.1,3.1,-19.0,-4.1,1.066,23,5,0,0,5
35.1,12,isocontour,11.283791670955125,40974.81,86.23,-14.9,-14.4,0.993,0.8,-0.4,0.9,-19.0,-4.1,1.066,23,1,0,0,1
35.1,13,isocontour,11.283791670955125,39966.21,84.1,20.7,-0.7,0.991,-1.1,-0.4,1.2,16.4,9.9,1.085,4,7,0,0,7
35.1,14,isocontour,11.283791670955125,40304.78,84.82,18.4,-10.0,0.978,2.3,1.3,2.6,16.4,9.9,1.085,4,6,0,0,6
35.1,15,isocontour,11.283791670955125,39103.48,82.29,8.2,19.1,0.989,-0.4,-1.1,1.2,16.4,9.9,1.085,4,3,0,0,3
35.1,16,isocontour,11.283791670955125,47133.97,99.19,-24.1,22.4,0.512,-0.8,-0.5,0.9,-24.1,22.4,0.515,16,0,0,0,0
35.1,17,isocontour,11.283791670955125,40984.35,86.25,19.2,8.1,0.987,-0.7,-0.9,1.1,16.4,9.9,1.085,4,7,0,0,7
35.1,18,isocontour,11.283791670955125,44683.15,94.03,2.5,20.6,0.99,-0.8,0.5,0.9,16.4,9.9,1.085,4,1,0,0,1
35.1,19,isocontour,11.283791670955125,41273.02,86.85,-20.7,0.9,0.993,0.7,0.5,0.9,-19.0,-4.1,1.066,23,5,0,0,5
35.1,20,isocontour,11.283791670955125,41717.71,87.79,12.8,-16.5,0.981,-2.0,-3.3,3.9,16.4,9.9,1.085,4,4,0,0,4
35.1,21,isocontour,11.283791670955125,40016.31,84.21,-3.2,-20.5,0.99,1.2,-0.1,1.2,16.4,9.9,1.085,4,1,0,0,1
35.1,22,isocontour,11.283791670955125,43014.04,90.52,-20.3,-4.8,0.986,-0.2,-4.5,4.5,-19.0,-4.1,1.066,23,4,0,0,4
35.1,23,isocontour,11.283791670955125,43428.5,91.39,-19.5,-2.8,1.052,-0.0,0.9,0.9,-19.5,-2.8,1.066,23,5,0,0,5
35.1,24,isocontour,11.283791670955125,41569.68,87.48,3.6,-20.4,0.995,1.1,0.1,1.1,16.4,9.9,1.085,4,4,0,0,4
35.1,25,isocontour,11.283791670955125,40586.77,85.41,-19.1,8.1,0.99,0.8,4.3,4.4,-19.0,-4.1,1.066,23,3,0,0,3
35.1,Target,,,,,0.0,0.0,4.023,0.0,0.0,,,,,,,,,
35.2,1,isocontour,11.283791670955125,40641.82,85.53,20.3,4.6,0.988,-0.1,-0.7,0.7,16.4,9.9,1.085,4,6,0,0,6
35.2,2,isocontour,11.283791670955125,39591.54,83.32,14.0,15.2,0.992,1.0,-0.6,1.2,16.4,9.9,1.085,4,5,0,0,5
35.2,3,isocontour,11.283791670955125,41169.8,86.64,18.9,8.9,0.981,0.4,-1.1,1.2,16.4,9.9,1.085,4,7,0,0,7
35.2,4,isocontour,11.283791670955125,42952.28,90.39,17.3,8.2,1.085,0.9,-2.5,2.7,17.3,8.2,1.085,4,7,0,0,7
35.2,5,isocontour,11.283791670955125,40881.44,86.03,15.5,12.2,1.05,-1.9,1.3,2.3,16.4,9.9,1.085,4,6,0,0,6
35.2,6,isocontour,11.283791670955125,41624.43,87.59,10.7,-16.2,1.068,-1.0,-1.6,1.9,16.4,9.9,1.085,4,4,0,0,4
35.2,7,isocontour,11.283791670955125,40786.55,85.83,-20.3,4.0,0.991,-0.1,2.5,2.5,-19.0,-4.1,1.066,23,5,0,0,5
35.2,8,isocontour,11.283791670955125,42380.11,89.18,12.6,-14.5,1.082,-1.1,-1.0,1.5,16.4,9.9,1.085,4,5,0,0,5
35.2,9,isocontour,11.283791670955125,40937.0,86.15,20.7,-0.3,0.992,0.8,-0.6,1.0,16.4,9.9,1.085,4,7,0,0,7
35.2,10,isocontour,11.283791670955125,41363.03,87.04,19.5,-7.0,0.991,-0.7,-2.7,2.8,16.4,9.9,1.085,4,4,0,0,4
35.2,11,isocontour,11.283791670955125,41042.28,86.37,-19.6,-7.0,0.987,-0.6,-2.5,2.6,-19.0,-4.1,1.066,23,5,0,0,5
35.2,12,isocontour,11.283791670955125,40974.35,86.23,-14.8,-14.5,0.992,0.2,-0.7,0.7,-19.0,-4.1,1.066,23,2,0,0,2
35.2,13,isocontour,11.283791670955125,39965.36,84.1,20.8,-0.8,0.989,0.5,-0.7,0.9,16.4,9.9,1.085,4,7,0,0,7
35.2,14,isocontour,11.283791670955125,40276.13,84.76,18.5,-9.8,0.979,0.8,2.7,2.8,16.4,9.9,1.085,4,6,0,0,6
35.2,15,isocontour,11.283791670955125,39095.31,82.27,8.2,18.9,0.997,0.3,-1.8,1.8,16.4,9.9,1.085,4,3,0,0,3
35.2,16,isocontour,11.283791670955125,47132.87,99.19,-24.2,22.5,0.51,-0.6,0.8,1.0,-24.2,22.5,0.515,16,0,0,0,0
35.2,17,isocontour,11.283791670955125,40974.35,86.23,19.0,8.0,0.997,-1.3,-1.5,2.0,16.4,9.9,1.085,4,7,0,0,7
35.2,18,isocontour,11.283791670955125,44679.66,94.02,2.3,20.6,0.993,-1.3,-0.4,1.4,16.4,9.9,1.085,4,1,0,0,1
35.2,19,isocontour,11.283791670955125,41272.02,86.85,-20.7,1.0,0.991,-0.7,0.6,0.9,-19.0,-4.1,1.066,23,5,0,0,5
35.2,20,isocontour,11.283791670955125,41709.81,87.77,12.6,-16.5,0.987,-1.7,0.5,1.8,16.4,9.9,1.085,4,4,0,0,4
35.2,21,isocontour,11.283791670955125,40015.65,84.21,-3.2,-20.5,0.991,-0.8,0.2,0.8,16.4,9.9,1.085,4,1,0,0,1
35.2,22,isocontour,11.283791670955125,42999.99,90.49,-20.3,-4.7,0.985,-0.5,2.2,2.3,-19.0,-4.1,1.066,23,5,0,0,5
35.2,23,isocontour,11.283791670955125,43427.33,91.39,-19.5,-2.7,1.05,-0.5,0.8,0.9,-19.5,-2.7,1.066,23,5,0,0,5
35.2,24,isocontour,11.283791670955125,41564.57,87.47,3.6,-20.5,0.988,-0.4,-1.5,1.6,16.4,9.9,1.085,4,4,0,0,4
35.2,25,isocontour,11.283791670955125,40564.78,85.36,-19.1,8.4,0.987,0.5,2.5,2.5,-19.0,-4.1,1.066,23,3,0,0,3
35.2,Target,,,,,0.0,0.0,4.023,0.0,0.0,,,,,,,,,
35.3,1,isocontour,11.283791670955125,40639.5,85.52,20.2,4.7,0.993,-1.1,0.5,1.2,16.4,9.9,1.085,4,6,0,0,6
35.3,2,isocontour,11.283791670955125,39568.26,83.27,14.1,15.4,0.98,0.8,2.5,2.6,16.4,9.9,1.085,4,5,0,0,5
35.3,3,isocontour,11.283791670955125,41140.53,86.58,18.9,8.6,0.99,-0.7,-2.8,2.9,16.4,9.9,1.085,4,7,0,0,7
35.3,4,isocontour,11.283791670955125,42946.78,90.38,17.3,8.1,1.087,0.3,-1.6,1.6,17.3,8.1,1.085,4,7,0,0,7
35.3,5,isocontour,11.283791670955125,40876.52,86.02,15.4,12.3,1.05,-0.9,1.2,1.5,16.4,9.9,1.085,4,6,0,0,6
35.3,6,isocontour,11.283791670955125,41623.58,87.59,10.6,-16.3,1.065,-0.3,-0.8,0.9,16.4,9.9,1.085,4,4,0,0,4
35.3,7,isocontour,11.283791670955125,40677.67,85.6,-20.3,4.5,0.988,0.3,4.4,4.4,-19.0,-4.1,1.066,23,5,0,0,5
35.3,8,isocontour,11.283791670955125,42348.96,89.12,12.7,-14.3,1.086,1.6,2.4,2.9,16.4,9.9,1.085,4,5,0,0,5
35.3,9,isocontour,11.283791670955125,40912.38,86.1,20.9,-0.4,0.98,2.3,-1.4,2.7,16.4,9.9,1.085,4,7,0,0,7
35.3,10,isocontour,11.283791670955125,41266.22,86.84,19.5,-7.4,0.982,0.3,-4.2,4.2,16.4,9.9,1.085,4,4,0,0,4
35.3,11,isocontour,11.283791670955125,41035.24,86.35,-19.5,-6.9,0.994,1.5,0.9,1.7,-19.0,-4.1,1.066,23,5,0,0,5
35.3,12,isocontour,11.283791670955125,40972.87,86.22,-14.8,-14.4,0.995,0.0,1.0,1.0,-19.0,-4.1,1.066,23,2,0,0,2
35.3,13,isocontour,11.283791670955125,39964.9,84.1,20.8,-0.8,0.986,0.7,-0.2,0.7,16.4,9.9,1.085,4,7,0,0,7
35.3,14,isocontour,11.283791670955125,40274.03,84.75,18.6,-9.6,0.981,0.2,1.1,1.1,16.4,9.9,1.085,4,6,0,0,6
35.3,15,isocontour,11.283791670955125,39079.7,82.24,8.3,19.1,0.988,1.2,2.0,2.3,16.4,9.9,1.085,4,3,0,0,3
35.3,16,isocontour,11.283791670955125,47131.77,99.18,-24.2,22.5,0.509,-0.8,-0.4,0.9,-24.2,22.5,0.515,16,0,0,0,0
35.3,17,isocontour,11.283791670955125,40971.74,86.22,19.1,8.0,0.993,1.2,-0.2,1.2,16.4,9.9,1.085,4,7,0,0,7
35.3,18,isocontour,11.283791670955125,44657.16,93.98,2.1,20.6,0.99,-2.4,0.9,2.6,16.4,9.9,1.085,4,1,0,0,1
35.3,19,isocontour,11.283791670955125,41263.46,86.83,-20.8,0.8,0.986,-1.0,-1.6,1.9,-19.0,-4.1,1.066,23,5,0,0,5
35.3,20,isocontour,11.283791670955125,41705.84,87.76,12.5,-16.5,0.994,-1.4,0.5,1.5,16.4,9.9,1.085,4,4,0,0,4
35.3,21,isocontour,11.283791670955125,40014.44,84.21,-3.3,-20.5,0.992,-0.9,0.3,0.9,16.4,9.9,1.085,4,1,0,0,1
35.3,22,isocontour,11.283791670955125,42984.38,90.46,-20.1,-4.7,0.995,2.3,-0.1,2.3,-19.0,-4.1,1.066,23,5,0,0,5
35.3,23,isocontour,11.283791670955125,43410.25,91.35,-19.6,-2.5,1.046,-1.2,2.1,2.4,-19.6,-2.5,1.066,23,5,0,0,5
35.3,24,isocontour,11.283791670955125,41551.8,87.44,3.4,-20.6,0.986,-2.1,-0.5,2.2,16.4,9.9,1.085,4,4,0,0,4
35.3,25,isocontour,11.283791670955125,40564.38,85.36,-19.1,8.4,0.984,-0.4,0.5,0.6,-19.0,-4.1,1.066,23,3,0,0,3
35.3,Target,,,,,0.0,0.0,4.023,0.0,0.0,,,,,,,,,
35.4,1,isocontour,11.283791670955125,40618.02,85.48,20.2,4.4,0.995,0.4,-2.5,2.5,17.3,8.1,1.087,4,6,0,0,6
35.4,2,isocontour,11.283791670955125,39567.92,83.27,14.2,15.4,0.978,0.4,-0.4,0.6,17.3,8.1,1.087,4,5,0,0,5
35.4,3,isocontour,11.283791670955125,41138.16,86.57,18.9,8.5,0.995,-0.4,-1.2,1.3,17.3,8.1,1.087,4,7,0,0,7
35.4,4,isocontour,11.283791670955125,42920.76,90.32,17.5,7.9,1.083,1.8,-2.0,2.7,17.5,7.9,1.087,4,7,0,0,7
35.4,5,isocontour,11.283791670955125,40838.15,85.94,15.6,12.1,1.051,1.7,-2.6,3.1,17.3,8.1,1.087,4,6,0,0,6
35.4,6,isocontour,11.283791670955125,41617.0,87.58,10.7,-16.2,1.064,1.4,1.0,1.7,12.7,-14.3,1.086,8,4,0,0,4
35.4,7,isocontour,11.283791670955125,40675.3,85.6,-20.3,4.4,0.99,0.2,-1.2,1.2,-19.0,-4.1,1.066,23,4,0,0,4
35.4,8,isocontour,11.283791670955125,42341.68,89.1,12.6,-14.4,1.086,-1.1,-1.4,1.8,12.6,-14.4,1.086,8,5,0,0,5
35.4,9,isocontour,11.283791670955125,40899.61,86.07,21.0,-0.2,0.975,0.8,2.0,2.2,17.3,8.1,1.087,4,7,0,0,7
35.4,10,isocontour,11.283791670955125,41265.63,86.84,19.5,-7.4,0.983,-0.2,0.7,0.7,12.7,-14.3,1.086,8,4,0,0,4
35.4,11,isocontour,11.283791670955125,41030.41,86.34,-19.6,-6.9,0.991,-1.3,0.8,1.5,-19.0,-4.1,1.066,23,4,0,0,4
35.4,12,isocontour,11.283791670955125,40967.16,86.21,-14.7,-14.4,0.998,1.5,-0.7,1.7,-19.0,-4.1,1.066,23,2,0,0,2
35.4,13,isocontour,11.283791670955125,39960.86,84.09,20.8,-0.7,0.989,-0.8,1.2,1.4,17.3,8.1,1.087,4,7,0,0,7
35.4,14,isocontour,11.283791670955125,40242.88,84.69,18.4,-9.8,0.986,-2.1,-2.0,2.9,12.7,-14.3,1.086,8,6,0,0,6
35.4,15,isocontour,11.283791670955125,39064.88,82.21,8.1,19.2,0.986,-2.0,1.0,2.2,16.4,9.9,1.085,4,3,0,0,3
35.4,16,isocontour,11.283791670955125,47130.67,99.18,-24.2,22.5,0.509,0.7,0.6,0.9,-24.2,22.5,0.515,16,0,0,0,0
35.4,17,isocontour,11.283791670955125,40971.43,86.22,19.2,8.0,0.99,0.6,-0.0,0.6,17.3,8.1,1.087,4,7,0,0,7
35.4,18,isocontour,11.283791670955125,44655.76,93.97,2.0,20.7,0.987,-0.8,0.6,1.0,16.4,9.9,1.085,4,1,0,0,1
35.4,19,isocontour,11.283791670955125,41262.46,86.83,-20.9,0.8,0.981,-0.9,0.1,0.9,-19.0,-4.1,1.066,23,5,0,0,5
35.4,20,isocontour,11.283791670955125,41703.64,87.76,12.5,-16.4,0.997,0.6,1.0,1.2,12.7,-14.3,1.086,8,4,0,0,4
35.4,21,isocontour,11.283791670955125,39985.48,84.14,-3.6,-20.4,0.991,-2.8,0.2,2.8,16.4,9.9,1.085,4,1,0,0,1
35.4,22,isocontour,11.283791670955125,42982.76,90.45,-20.1,-4.6,0.996,-0.5,0.9,1.0,-19.0,-4.1,1.066,23,5,0,0,5
35.4,23,isocontour,11.283791670955125,43385.08,91.3,-19.7,-2.2,1.041,-1.1,2.5,2.7,-19.7,-2.2,1.066,23,5,0,0,5
35.4,24,isocontour,11.283791670955125,41515.24,87.36,3.6,-20.4,0.992,2.5,1.7,3.0,12.7,-14.3,1.086,8,4,0,0,4
35.4,25,isocontour,11.283791670955125,40561.64,85.36,-19.1,8.3,0.986,0.0,-1.3,1.3,-19.0,-4.1,1.066,23,3,0,0,3
35.4,Target,,,,,0.0,0.0,4.023,0.0,0.0,,,,,,,,,
35.5,1,isocontour,11.283791670955125,40598.01,85.43,20.3,4.2,0.99,1.5,-2.0,2.5,17.3,8.1,1.087,4,6,0,0,6
35.5,2,isocontour,11.283791670955125,39543.85,83.22,14.2,15.2,0.986,0.4,-2.6,2.6,17.3,8.1,1.087,4,5,0,0,5
35.5,3,isocontour,11.283791670955125,41136.91,86.57,18.8,8.5,0.996,-0.5,0.8,0.9,17.3,8.1,1.087,4,7,0,0,7
35.5,4,isocontour,11.283791670955125,42894.74,90.27,17.7,7.7,1.077,2.0,-1.8,2.7,17.7,7.7,1.087,4,7,0,0,7
35.5,5,isocontour,11.283791670955125,40834.1,85.93,15.7,12.0,1.05,1.2,-0.9,1.5,17.3,8.1,1.087,4,6,0,0,6
35.5,6,isocontour,11.283791670955125,41597.46,87.54,11.0,-16.2,1.058,2.5,0.2,2.5,12.7,-14.3,1.086,8,4,0,0,4
35.5,7,isocontour,11.283791670955125,40672.74,85.59,-20.3,4.3,0.992,0.2,-1.2,1.2,-19.0,-4.1,1.066,23,4,0,0,4
35.5,8,isocontour,11.283791670955125,42322.6,89.06,12.6,-14.6,1.077,-0.3,-2.4,2.4,12.6,-14.6,1.086,8,5,0,0,5
35.5,9,isocontour,11.283791670955125,40776.1,85.81,21.0,0.2,0.974,-0.0,4.6,4.6,17.3,8.1,1.087,4,7,0,0,7
35.5,10,isocontour,11.283791670955125,41232.85,86.77,19.5,-7.2,0.991,-0.7,2.9,3.0,17.3,8.1,1.087,4,4,0,0,4
35.5,11,isocontour,11.283791670955125,41025.58,86.33,-19.7,-6.9,0.984,-1.1,-1.0,1.5,-19.0,-4.1,1.066,23,5,0,0,5
35.5,12,isocontour,11.283791670955125,40965.22,86.21,-14.6,-14.5,1.0,1.0,-0.6,1.2,-19.0,-4.1,1.066,23,2,0,0,2
35.5,13,isocontour,11.283791670955125,39951.73,84.07,20.6,-0.5,0.996,-1.4,1.4,2.0,17.3,8.1,1.087,4,7,0,0,7
35.5,14,isocontour,11.283791670955125,40240.56,84.68,18.3,-9.9,0.987,-0.6,-1.0,1.2,17.3,8.1,1.087,4,6,0,0,6
35.5,15,isocontour,11.283791670955125,39063.13,82.2,8.0,19.1,0.99,-0.8,-0.7,1.1,17.3,8.1,1.087,4,3,0,0,3
35.5,16,isocontour,11.283791670955125,47129.57,99.18,-24.1,22.6,0.509,0.6,0.7,0.9,-24.1,22.6,0.515,16,0,0,0,0
35.5,17,isocontour,11.283791670955125,40968.08,86.21,19.3,7.9,0.988,0.8,-1.1,1.4,17.3,8.1,1.087,4,7,0,0,7
35.5,18,isocontour,11.283791670955125,44629.18,93.92,1.8,20.8,0.986,-2.7,0.5,2.7,16.4,9.9,1.085,4,1,0,0,1
35.5,19,isocontour,11.283791670955125,41257.63,86.82,-20.8,0.7,0.985,1.1,-1.1,1.6,-19.0,-4.1,1.066,23,5,0,0,5
35.5,20,isocontour,11.283791670955125,41694.08,87.74,12.7,-16.5,0.988,1.5,-1.3,2.0,12.7,-14.3,1.086,8,4,0,0,4
35.5,21,isocontour,11.283791670955125,39878.07,83.92,-4.0,-20.4,0.988,-4.4,0.4,4.4,12.7,-14.3,1.086,8,1,0,0,1
35.5,22,isocontour,11.283791670955125,42958.96,90.4,-20.4,-4.5,0.985,-2.5,0.8,2.6,-19.0,-4.1,1.066,23,5,0,0,5
35.5,23,isocontour,11.283791670955125,43362.84,91.25,-19.8,-2.0,1.041,-0.2,2.6,2.6,-19.8,-2.0,1.066,23,5,0,0,5
35.5,24,isocontour,11.283791670955125,41510.41,87.35,3.7,-20.5,0.986,0.4,-1.5,1.6,12.7,-14.3,1.086,8,4,0,0,4
35.5,25,isocontour,11.283791670955125,40523.63,85.28,-19.1,8.1,0.99,-0.4,-3.1,3.1,-19.0,-4.1,1.066,23,3,0,0,3
35.5,Target,,,,,0.0,0.0,4.023,0.0,0.0,,,,,,,,,
35.6,1,isocontour,11.283791670955125,40590.97,85.42,20.3,4.1,0.993,-0.6,-1.7,1.8,17.3,8.1,1.087,4,6,0,0,6
35.6,2,isocontour,11.283791670955125,39532.11,83.19,14.4,15.1,0.987,1.6,-1.3,2.1,17.3,8.1,1.087,4,5,0,0,5
35.6,3,isocontour,11.283791670955125,41135.63,86.56,18.8,8.6,0.994,0.3,0.9,0.9,17.3,8.1,1.087,4,7,0,0,7
35.6,4,isocontour,11.283791670955125,42877.46,90.23,17.7,7.5,1.078,0.5,-2.3,2.4,17.7,7.5,1.087,4,7,0,0,7
35.6,5,isocontour,11.283791670955125,40815.26,85.89,15.9,11.8,1.046,2.0,-1.4,2.4,17.3,8.1,1.087,4,6,0,0,6
35.6,6,isocontour,11.283791670955125,41594.33,87.53,11.1,-16.1,1.06,0.7,1.2,1.4,17.3,8.1,1.087,4,4,0,0,4
35.6,7,isocontour,11.283791670955125,40670.31,85.59,-20.3,4.2,0.994,0.1,-1.2,1.2,-19.0,-4.1,1.066,23,5,0,0,5
35.6,8,isocontour,11.283791670955125,42315.44,89.05,12.6,-14.5,1.081,0.4,1.7,1.7,17.3,8.1,1.087,4,5,0,0,5
35.6,9,isocontour,11.283791670955125,40770.99,85.8,20.9,0.3,0.981,-1.4,0.7,1.6,17.3,8.1,1.087,4,7,0,0,7
35.6,10,isocontour,11.283791670955125,41231.82,86.77,19.4,-7.2,0.993,-0.5,-0.8,0.9,17.3,8.1,1.087,4,4,0,0,4
35.6,11,isocontour,11.283791670955125,40970.99,86.22,-19.7,-7.2,0.979,0.5,-3.5,3.5,-19.0,-4.1,1.066,23,5,0,0,5
35.6,12,isocontour,11.283791670955125,40964.04,86.2,-14.7,-14.5,0.997,-1.0,0.1,1.0,-19.0,-4.1,1.066,23,1,0,0,1
35.6,13,isocontour,11.283791670955125,39935.71,84.04,20.7,-0.7,0.991,1.4,-1.9,2.4,17.3,8.1,1.087,4,7,0,0,7
35.6,14,isocontour,11.283791670955125,40238.9,84.68,18.3,-9.8,0.99,-0.1,1.1,1.1,17.3,8.1,1.087,4,6,0,0,6
35.6,15,isocontour,11.283791670955125,39060.81,82.2,8.1,19.1,0.991,1.1,-0.6,1.3,17.3,8.1,1.087,4,3,0,0,3
35.6,16,isocontour,11.283791670955125,47128.47,99.18,-24.0,22.6,0.511,0.9,-0.3,0.9,-24.0,22.6,0.515,16,0,0,0,0
35.6,17,isocontour,11.283791670955125,40943.73,86.16,19.3,7.6,0.99,0.5,-2.6,2.6,17.3,8.1,1.087,4,7,0,0,7
35.6,18,isocontour,11.283791670955125,44625.83,93.91,1.8,20.7,0.989,1.1,-0.8,1.4,17.3,8.1,1.087,4,1,0,0,1
35.6,19,isocontour,11.283791670955125,41235.9,86.78,-20.8,0.9,0.988,0.5,2.5,2.5,-19.0,-4.1,1.066,23,5,0,0,5
35.6,20,isocontour,11.283791670955125,41694.06,87.74,12.7,-16.5,0.986,0.2,0.1,0.2,17.3,8.1,1.087,4,4,0,0,4
35.6,21,isocontour,11.283791670955125,39851.77,83.86,-4.3,-20.4,0.987,-2.7,0.3,2.7,12.7,-14.3,1.086,8,1,0,0,1
35.6,22,isocontour,11.283791670955125,42955.31,90.39,-20.5,-4.4,0.98,-0.7,1.2,1.4,-19.0,-4.1,1.066,23,4,0,0,4
35.6,23,isocontour,11.283791670955125,43361.84,91.25,-19.8,-1.9,1.04,-0.3,0.9,0.9,-19.8,-1.9,1.066,23,5,0,0,5
35.6,24,isocontour,11.283791670955125,41392.43,87.11,4.0,-20.4,0.989,4.2,1.8,4.6,12.7,-14.3,1.086,8,4,0,0,4
35.6,25,isocontour,11.283791670955125,40523.09,85.28,-19.1,8.1,0.992,0.5,0.6,0.8,-19.0,-4.1,1.066,23,3,0,0,3
35.6,Target,,,,,0.0,0.0,4.023,0.0,0.0,,,,,,,,,
35.7,1,isocontour,11.283791670955125,40583.19,85.4,20.4,4.0,0.986,1.8,-0.3,1.8,17.3,8.1,1.087,4,6,0,0,6
35.7,2,isocontour,11.283791670955125,39493.73,83.11,14.5,14.8,0.993,1.2,-2.9,3.1,17.3,8.1,1.087,4,5,0,0,5
35.7,3,isocontour,11.283791670955125,41118.13,86.53,18.9,8.8,0.985,0.8,2.2,2.3,17.3,8.1,1.087,4,7,0,0,7
35.7,4,isocontour,11.283791670955125,42874.25,90.22,17.8,7.3,1.079,0.3,-1.3,1.3,17.8,7.3,1.087,4,7,0,0,7
35.7,5,isocontour,11.283791670955125,40803.52,85.87,16.0,11.7,1.042,1.6,-1.3,2.1,17.3,8.1,1.087,4,6,0,0,6
35.7,6,isocontour,11.283791670955125,41576.38,87.49,11.1,-15.9,1.068,0.7,2.3,2.4,17.3,8.1,1.087,4,4,0,0,4
35.7,7,isocontour,11.283791670955125,40666.1,85.58,-20.4,4.1,0.99,-1.2,-0.9,1.5,-19.0,-4.1,1.066,23,4,0,0,4
35.7,8,isocontour,11.283791670955125,42303.53,89.02,12.6,-14.3,1.088,0.5,2.0,2.1,17.3,8.1,1.087,4,5,0,0,5
35.7,9,isocontour,11.283791670955125,40763.46,85.78,20.8,0.3,0.99,-1.8,0.1,1.8,17.3,8.1,1.087,4,7,0,0,7
35.7,10,isocontour,11.283791670955125,41113.07,86.52,19.4,-7.6,0.986,-0.2,-4.5,4.5,17.3,8.1,1.087,4,4,0,0,4
35.7,11,isocontour,11.283791670955125,40950.73,86.18,-19.5,-7.5,0.982,1.6,-2.0,2.6,-19.0,-4.1,1.066,23,4,0,0,4
35.7,12,isocontour,11.283791670955125,40962.98,86.2,-14.8,-14.5,0.993,-0.9,-0.2,0.9,-19.0,-4.1,1.066,23,1,0,0,1
35.7,13,isocontour,11.283791670955125,39909.7,83.99,20.9,-0.9,0.983,1.4,-2.4,2.8,17.3,8.1,1.087,4,7,0,0,7
35.7,14,isocontour,11.283791670955125,40213.17,84.62,18.3,-9.6,0.998,-0.3,2.7,2.7,17.3,8.1,1.087,4,6,0,0,6
35.7,15,isocontour,11.283791670955125,39060.4,82.2,8.1,19.1,0.99,-0.5,0.5,0.7,17.3,8.1,1.087,4,3,0,0,3
35.7,16,isocontour,11.283791670955125,47127.37,99.17,-24.1,22.5,0.512,-0.3,-0.9,0.9,-24.1,22.5,0.515,16,0,0,0,0
35.7,17,isocontour,11.283791670955125,40941.89,86.16,19.3,7.7,0.991,-0.6,1.0,1.2,17.3,8.1,1.087,4,7,0,0,7
35.7,18,isocontour,11.283791670955125,44588.55,93.83,2.1,20.6,0.991,3.0,-0.7,3.1,17.3,8.1,1.087,4,1,0,0,1
35.7,19,isocontour,11.283791670955125,41214.42,86.73,-20.7,1.2,0.99,0.5,2.5,2.5,-19.0,-4.1,1.066,23,5,0,0,5
35.7,20,isocontour,11.283791670955125,41671.57,87.69,12.7,-16.3,0.997,-0.5,2.5,2.5,17.3,8.1,1.087,4,4,0,0,4
35.7,21,isocontour,11.283791670955125,39848.97,83.86,-4.2,-20.3,0.989,1.3,0.3,1.3,12.7,-14.3,1.086,8,1,0,0,1
35.7,22,isocontour,11.283791670955125,42923.51,90.33,-20.4,-4.1,0.986,0.7,2.8,2.9,-19.0,-4.1,1.066,23,4,0,0,4
35.7,23,isocontour,11.283791670955125,43361.03,91.25,-19.8,-1.8,1.04,0.0,0.9,0.9,-19.8,-1.8,1.066,23,5,0,0,5
35.7,24,isocontour,11.283791670955125,41387.88,87.1,4.2,-20.3,0.995,0.8,1.3,1.5,17.3,8.1,1.087,4,4,0,0,4
35.7,25,isocontour,11.283791670955125,40412.73,85.04,-19.0,8.4,0.989,1.2,4.3,4.5,-19.0,-4.1,1.066,23,3,0,0,3
35.7,Target,,,,,0.0,0.0,4.023,0.0,0.0,,,,,,,,,
35.8,1,isocontour,11.283791670955125,40580.12,85.4,20.5,4.1,0.984,-0.2,1.3,1.3,17.3,8.1,1.087,4,6,0,0,6
35.8,2,isocontour,11.283791670955125,39478.12,83.08,14.5,14.9,0.989,-0.7,2.2,2.3,17.3,8.1,1.087,4,5,0,0,5
35.8,3,isocontour,11.283791670955125,41115.06,86.52,19.0,8.8,0.982,0.9,-0.9,1.3,17.3,8.1,1.087,4,7,0,0,7
35.8,4,isocontour,11.283791670955125,42860.76,90.2,18.0,7.3,1.068,2.1,0.4,2.1,18.0,7.3,1.087,4,7,0,0,7
35.8,5,isocontour,11.283791670955125,40797.27,85.85,15.9,11.6,1.05,-1.3,-1.1,1.7,17.3,8.1,1.087,4,6,0,0,6
35.8,6,isocontour,11.283791670955125,41560.36,87.46,11.3,-15.8,1.065,2.2,0.6,2.3,12.6,-14.3,1.088,8,4,0,0,4
35.8,7,isocontour,11.283791670955125,40665.49,85.58,-20.4,4.1,0.987,-0.4,0.6,0.7,-19.0,-4.1,1.066,23,4,0,0,4
35.8,8,isocontour,11.283791670955125,42279.72,88.97,12.9,-14.2,1.084,2.5,0.9,2.7,12.9,-14.2,1.088,8,5,0,0,5
35.8,9,isocontour,11.283791670955125,40739.11,85.73,20.9,0.5,0.985,1.5,2.2,2.7,17.3,8.1,1.087,4,7,0,0,7
35.8,10,isocontour,11.283791670955125,41069.31,86.43,19.4,-7.9,0.977,0.6,-3.2,3.3,12.6,-14.3,1.088,8,5,0,0,5
35.8,11,isocontour,11.283791670955125,40924.72,86.12,-19.4,-7.3,0.994,1.8,2.0,2.7,-19.0,-4.1,1.066,23,4,0,0,4
35.8,12,isocontour,11.283791670955125,40961.62,86.2,-14.7,-14.5,0.997,0.6,0.8,1.0,-19.0,-4.1,1.066,23,1,0,0,1
35.8,13,isocontour,11.283791670955125,39903.01,83.97,20.9,-1.1,0.98,0.1,-1.7,1.7,17.3,8.1,1.087,4,7,0,0,7
35.8,14,isocontour,11.283791670955125,40198.93,84.59,18.4,-9.5,0.993,1.9,1.1,2.2,12.6,-14.3,1.088,8,6,0,0,6
35.8,15,isocontour,11.283791670955125,39040.39,82.16,8.0,19.3,0.983,-1.2,2.2,2.5,17.3,8.1,1.087,4,3,0,0,3
35.8,16,isocontour,11.283791670955125,47126.27,99.17,-24.1,22.4,0.512,-0.7,-0.6,0.9,-24.1,22.4,0.515,16,0,0,0,0
35.8,17,isocontour,11.283791670955125,40932.04,86.14,19.4,7.8,0.983,1.6,1.1,1.9,17.3,8.1,1.087,4,7,0,0,7
35.8,18,isocontour,11.283791670955125,44587.38,93.83,2.2,20.7,0.99,0.9,0.3,0.9,17.3,8.1,1.087,4,1,0,0,1
35.8,19,isocontour,11.283791670955125,41193.19,86.69,-20.7,1.4,0.992,0.5,2.5,2.5,-19.0,-4.1,1.066,23,5,0,0,5
35.8,20,isocontour,11.283791670955125,41670.93,87.69,12.7,-16.3,0.995,0.5,-0.6,0.8,12.6,-14.3,1.088,8,5,0,0,5
35.8,21,isocontour,11.283791670955125,39813.11,83.78,-3.9,-20.3,0.994,3.0,0.3,3.0,17.3,8.1,1.087,4,1,0,0,1
35.8,22,isocontour,11.283791670955125,42893.31,90.26,-20.4,-3.9,0.993,0.7,2.8,2.9,-19.0,-4.1,1.066,23,4,0,0,4
35.8,23,isocontour,11.283791670955125,43360.18,91.25,-19.8,-1.7,1.04,-0.2,0.8,0.8,-19.8,-1.7,1.066,23,5,0,0,5
35.8,24,isocontour,11.283791670955125,41368.34,87.05,4.0,-20.3,0.996,-2.4,-0.6,2.5,12.6,-14.3,1.088,8,4,0,0,4
35.8,25,isocontour,11.283791670955125,40410.35,85.04,-18.9,8.4,0.993,0.6,-1.1,1.3,-19.0,-4.1,1.066,23,3,0,0,3
35.8,Target,,,,,0.0,0.0,4.023,0.0,0.0,,,,,,,,,
35.9,1,isocontour,11.283791670955125,40571.28,85.38,20.3,4.2,0.993,-1.9,0.4,1.9,17.3,8.1,1.087,4,6,0,0,6
35.9,2,isocontour,11.283791670955125,39478.04,83.08,14.5,15.0,0.986,0.3,0.2,0.4,17.3,8.1,1.087,4,5,0,0,5
35.9,3,isocontour,11.283791670955125,41079.21,86.45,18.9,8.5,0.993,-1.6,-2.6,3.1,17.3,8.1,1.087,4,7,0,0,7
35.9,4,isocontour,11.283791670955125,42854.29,90.18,18.1,7.3,1.059,1.7,-0.1,1.7,18.1,7.3,1.087,4,7,0,0,7
35.9,5,isocontour,11.283791670955125,40772.1,85.8,16.0,11.3,1.057,0.6,-2.6,2.7,17.3,8.1,1.087,4,6,0,0,6
35.9,6,isocontour,11.283791670955125,41557.81,87.45,11.3,-15.9,1.062,-0.6,-1.1,1.3,12.6,-14.3,1.088,8,4,0,0,4
35.9,7,isocontour,11.283791670955125,40631.36,85.5,-20.4,3.9,0.989,0.0,-3.0,3.0,-19.0,-4.1,1.066,23,4,0,0,4
35.9,8,isocontour,11.283791670955125,42254.27,88.92,12.7,-14.3,1.087,-2.4,-1.2,2.7,12.7,-14.3,1.088,8,5,0,0,5
35.9,9,isocontour,11.283791670955125,40616.41,85.47,20.9,0.2,0.984,0.0,-4.6,4.6,12.6,-14.3,1.088,8,7,0,0,7
35.9,10,isocontour,11.283791670955125,41051.14,86.39,19.4,-8.1,0.977,-1.2,-2.1,2.4,12.6,-14.3,1.088,8,5,0,0,5
35.9,11,isocontour,11.283791670955125,40903.49,86.08,-19.4,-7.5,0.988,-1.0,-2.3,2.5,-19.0,-4.1,1.066,23,4,0,0,4
35.9,12,isocontour,11.283791670955125,40960.38,86.2,-14.6,-14.5,0.999,0.8,-0.6,1.0,-19.0,-4.1,1.066,23,1,0,0,1
35.9,13,isocontour,11.283791670955125,39897.6,83.96,20.8,-1.1,0.988,-1.6,0.1,1.6,12.6,-14.3,1.088,8,7,0,0,7
35.9,14,isocontour,11.283791670955125,40192.12,84.58,18.5,-9.6,0.986,0.8,-1.6,1.8,12.6,-14.3,1.088,8,6,0,0,6
35.9,15,isocontour,11.283791670955125,39036.59,82.15,7.9,19.3,0.988,-1.0,-1.0,1.4,17.3,8.1,1.087,4,3,0,0,3
35.9,16,isocontour,11.283791670955125,47125.17,99.17,-24.2,22.4,0.51,-0.8,0.4,0.9,-24.2,22.4,0.515,16,0,0,0,0
35.9,17,isocontour,11.283791670955125,40889.08,86.05,19.3,8.0,0.985,-1.9,2.6,3.2,17.3,8.1,1.087,4,7,0,0,7
35.9,18,isocontour,11.283791670955125,44584.51,93.82,2.2,20.7,0.986,-1.0,0.8,1.3,17.3,8.1,1.087,4,1,0,0,1
35.9,19,isocontour,11.283791670955125,41191.98,86.68,-20.7,1.5,0.988,-0.8,0.5,0.9,-19.0,-4.1,1.066,23,5,0,0,5
35.9,20,isocontour,11.283791670955125,41633.29,87.61,12.9,-16.5,0.98,2.2,-2.1,3.0,12.6,-14.3,1.088,8,5,0,0,5
35.9,21,isocontour,11.283791670955125,39792.13,83.74,-4.1,-20.3,0.992,-2.5,-0.1,2.5,12.6,-14.3,1.088,8,1,0,0,1
35.9,22,isocontour,11.283791670955125,42879.26,90.23,-20.3,-4.0,0.994,0.5,-2.2,2.3,-19.0,-4.1,1.066,23,4,0,0,4
35.9,23,isocontour,11.283791670955125,43359.36,91.24,-19.8,-1.6,1.04,-0.0,0.8,0.8,-19.8,-1.6,1.066,23,5,0,0,5
35.9,24,isocontour,11.283791670955125,41326.16,86.97,4.1,-20.4,0.985,2.6,-1.8,3.2,12.6,-14.3,1.088,8,4,0,0,4
35.9,25,isocontour,11.283791670955125,40394.12,85.0,-18.9,8.6,0.989,-0.1,2.3,2.3,-19.0,-4.1,1.066,23,3,0,0,3
35.9,Target,,,,,0.0,0.0,4.023,0.0,0.0,,,,,,,,,
36.0,1,isocontour,11.283791670955125,40569.43,85.37,20.3,4.1,0.992,0.6,-1.0,1.2,20.3,4.1,0.993,1,6,0,0,6
36.0,2,isocontour,11.283791670955125,39466.63,83.05,14.4,14.8,0.994,-0.4,-2.0,2.0,14.4,14.8,0.986,2,5,0,0,5
36.0,3,isocontour,11.283791670955125,41078.14,86.44,18.8,8.6,0.997,-0.7,0.6,0.9,18.8,8.6,0.993,3,7,0,0,7
36.0,4,isocontour,11.283791670955125,42829.67,90.13,18.2,7.1,1.058,0.9,-2.5,2.7,18.2,7.1,1.059,4,7,0,0,7
36.0,5,isocontour,11.283791670955125,40735.54,85.72,16.2,11.1,1.055,2.1,-2.2,3.0,16.2,11.1,1.057,5,5,0,0,5
36.0,6,isocontour,11.283791670955125,41547.36,87.43,11.4,-15.8,1.067,0.6,1.9,2.0,11.4,-15.8,1.062,6,5,0,0,5
36.0,7,isocontour,11.283791670955125,40592.99,85.42,-20.4,3.6,0.995,0.6,-3.1,3.2,-20.4,3.6,0.989,7,4,0,0,4
36.0,8,isocontour,11.283791670955125,42228.54,88.86,12.9,-14.2,1.085,2.4,1.4,2.8,12.9,-14.2,1.087,8,5,0,0,5
36.0,9,isocontour,11.283791670955125,40589.82,85.42,20.8,0.3,0.988,-0.9,2.6,2.8,20.8,0.3,0.984,9,7,0,0,7
36.0,10,isocontour,11.283791670955125,41049.09,86.38,19.2,-8.2,0.982,-1.1,0.3,1.1,19.2,-8.2,0.977,10,6,0,0,6
36.0,11,isocontour,11.283791670955125,40884.64,86.04,-19.3,-7.7,0.987,1.1,-2.2,2.5,-19.3,-7.7,0.988,11,4,0,0,4
36.0,12,isocontour,11.283791670955125,40959.47,86.19,-14.6,-14.6,0.999,0.6,-0.6,0.8,-14.6,-14.6,0.999,12,1,0,0,1
36.0,13,isocontour,11.283791670955125,39896.36,83.96,20.7,-1.0,0.992,-0.5,0.8,0.9,20.7,-1.0,0.988,13,7,0,0,7
36.0,14,isocontour,11.283791670955125,40191.09,84.58,18.5,-9.5,0.989,-0.7,0.6,0.9,18.5,-9.5,0.986,14,6,0,0,6
36.0,15,isocontour,11.283791670955125,39035.8,82.15,7.8,19.3,0.988,-0.7,0.5,0.9,7.8,19.3,0.988,15,2,0,0,2
36.0,16,isocontour,11.283791670955125,47124.07,99.17,-24.3,22.4,0.51,-0.6,-0.7,0.9,-24.3,22.4,0.51,16,0,0,0,0
36.0,17,isocontour,11.283791670955125,40876.48,86.02,19.1,7.9,0.995,-1.4,-1.6,2.1,19.1,7.9,0.985,17,7,0,0,7
36.0,18,isocontour,11.283791670955125,44581.96,93.82,2.2,20.7,0.987,1.1,-0.5,1.2,2.2,20.7,0.986,18,1,0,0,1
36.0,19,isocontour,11.283791670955125,41164.52,86.63,-20.7,1.3,0.99,0.3,-2.8,2.8,-20.7,1.3,0.988,19,5,0,0,5
36.0,20,isocontour,11.283791670955125,41633.11,87.61,12.9,-16.5,0.979,0.1,0.5,0.5,12.9,-16.5,0.98,20,5,0,0,5
36.0,21,isocontour,11.283791670955125,39791.28,83.74,-4.2,-20.3,0.991,-0.9,0.1,0.9,-4.2,-20.3,0.992,21,1,0,0,1
36.0,22,isocontour,11.283791670955125,42865.77,90.21,-20.2,-4.2,0.996,0.8,-2.0,2.2,-20.2,-4.2,0.994,22,4,0,0,4
36.0,23,isocontour,11.283791670955125,43333.35,91.19,-19.8,-1.4,1.04,-0.2,2.7,2.7,-19.8,-1.4,1.04,23,5,0,0,5
36.0,24,isocontour,11.283791670955125,41322.89,86.96,4.3,-20.4,0.985,1.2,0.6,1.3,4.3,-20.4,0.985,24,4,0,0,4
36.0,25,isocontour,11.283791670955125,40391.63,85.0,-18.9,8.5,0.99,-0.0,-1.2,1.2,-18.9,8.5,0.989,25,3,0,0,3
36.0,Target,,,,,0.0,0.0,4.023,0.0,0.0,,,,,,,,,
36.1,1,isocontour,11.283791670955125,40477.32,85.18,20.5,3.8,0.985,2.1,-3.6,4.2,18.2,7.1,1.059,4,6,0,0,6
36.1,2,isocontour,11.283791670955125,39449.56,83.02,14.3,14.9,0.996,-1.9,1.4,2.4,18.2,7.1,1.059,4,5,0,0,5
36.1,3,isocontour,11.283791670955125,41040.5,86.36,18.9,8.8,0.985,1.9,2.4,3.1,18.2,7.1,1.059,4,7,0,0,7
36.1,4,isocontour,11.283791670955125,42821.64,90.11,18.4,7.0,1.051,1.7,-0.7,1.8,18.4,7.0,1.059,4,7,0,0,7
36.1,5,isocontour,11.283791670955125,40721.86,85.69,16.4,11.0,1.049,2.0,-0.9,2.2,18.2,7.1,1.059,4,5,0,0,5
36.1,6,isocontour,11.283791670955125,41510.8,87.35,11.6,-15.6,1.068,2.5,1.8,3.1,12.9,-14.2,1.087,8,5,0,0,5
36.1,7,isocontour,11.283791670955125,40592.55,85.42,-20.3,3.6,0.996,0.2,0.7,0.7,-19.8,-1.4,1.04,23,4,0,0,4
36.1,8,isocontour,11.283791670955125,42222.72,88.85,12.9,-14.0,1.088,0.6,1.5,1.6,12.9,-14.0,1.087,8,5,0,0,5
36.1,9,isocontour,11.283791670955125,40586.82,85.41,20.7,0.5,0.992,-0.7,1.1,1.3,18.2,7.1,1.059,4,7,0,0,7
36.1,10,isocontour,11.283791670955125,41048.48,86.38,19.2,-8.1,0.986,-0.2,0.7,0.7,12.9,-14.2,1.087,8,6,0,0,6
36.1,11,isocontour,11.283791670955125,40882.99,86.03,-19.2,-7.7,0.992,1.1,-0.2,1.1,-19.8,-1.4,1.04,23,4,0,0,4
36.1,12,isocontour,11.283791670955125,40928.64,86.13,-14.4,-14.8,0.998,1.9,-2.2,2.9,-14.4,-14.8,0.999,12,1,0,0,1
36.1,13,isocontour,11.283791670955125,39895.93,83.96,20.7,-1.1,0.991,0.2,-0.6,0.6,18.2,7.1,1.059,4,7,0,0,7
36.1,14,isocontour,11.283791670955125,40169.61,84.53,18.5,-9.3,0.993,0.5,2.5,2.5,12.9,-14.2,1.087,8,6,0,0,6
36.1,15,isocontour,11.283791670955125,39032.86,82.14,7.9,19.2,0.99,0.9,-1.0,1.3,14.4,14.8,0.994,2,2,0,0,2
36.1,16,isocontour,11.283791670955125,47122.97,99.16,-24.3,22.5,0.508,0.0,0.9,0.9,-24.3,22.5,0.51,16,0,0,0,0
36.1,17,isocontour,11.283791670955125,40855.25,85.97,19.2,8.1,0.987,1.1,2.3,2.5,18.2,7.1,1.059,4,7,0,0,7
36.1,18,isocontour,11.283791670955125,44578.89,93.81,2.3,20.6,0.99,1.2,-0.6,1.3,7.8,19.3,0.988,15,1,0,0,1
36.1,19,isocontour,11.283791670955125,41157.59,86.61,-20.6,1.2,0.998,1.7,-0.3,1.7,-19.8,-1.4,1.04,23,5,0,0,5
36.1,20,isocontour,11.283791670955125,41609.04,87.56,13.1,-16.3,0.984,1.5,2.2,2.7,12.9,-14.2,1.087,8,5,0,0,5
36.1,21,isocontour,11.283791670955125,39789.8,83.73,-4.3,-20.3,0.989,-1.0,-0.1,1.0,-4.3,-20.3,0.992,21,1,0,0,1
36.1,22,isocontour,11.283791670955125,42756.89,89.98,-20.2,-4.6,0.991,-0.1,-4.4,4.4,-19.8,-1.4,1.04,23,4,0,0,4
36.1,23,isocontour,11.283791670955125,43307.33,91.13,-19.9,-1.1,1.039,-0.3,2.7,2.7,-19.9,-1.1,1.04,23,5,0,0,5
36.1,24,isocontour,11.283791670955125,41321.23,86.96,4.2,-20.3,0.989,-0.7,0.8,1.1,12.9,-14.2,1.087,8,4,0,0,4
36.1,25,isocontour,11.283791670955125,40390.84,85.0,-18.9,8.5,0.992,0.6,0.6,0.8,-19.8,-1.4,1.04,23,3,0,0,3
36.1,Target,,,,,0.0,0.0,4.023,0.0,0.0,,,,,,,,,
36.2,1,isocontour,11.283791670955125,40405.87,85.03,20.6,3.4,0.985,0.5,-3.8,3.8,18.2,7.1,1.059,4,6,0,0,6
36.2,2,isocontour,11.283791670955125,39440.44,83.0,14.2,15.1,0.99,0.0,1.9,1.9,18.2,7.1,1.059,4,5,0,0,5
36.2,3,isocontour,11.283791670955125,41013.62,86.31,19.1,8.6,0.981,1.5,-2.3,2.7,18.2,7.1,1.059,4,7,0,0,7
36.2,4,isocontour,11.283791670955125,42818.06,90.11,18.4,7.1,1.05,-0.6,1.3,1.4,18.2,7.1,1.059,4,7,0,0,7
36.2,5,isocontour,11.283791670955125,40714.94,85.68,16.6,11.0,1.041,1.8,0.0,1.8,18.2,7.1,1.059,4,5,0,0,5
36.2,6,isocontour,11.283791670955125,41503.27,87.34,11.8,-15.5,1.066,1.7,0.6,1.8,12.9,-14.0,1.088,8,5,0,0,5
36.2,7,isocontour,11.283791670955125,40569.79,85.37,-20.4,3.8,0.99,-0.8,2.5,2.6,-19.8,-1.4,1.04,23,4,0,0,4
36.2,8,isocontour,11.283791670955125,42205.22,88.82,13.1,-13.9,1.084,2.2,0.8,2.3,13.1,-13.9,1.088,8,5,0,0,5
36.2,9,isocontour,11.283791670955125,40585.94,85.41,20.7,0.5,0.991,0.3,0.8,0.9,12.9,-14.2,1.087,8,7,0,0,7
36.2,10,isocontour,11.283791670955125,41030.76,86.34,19.1,-7.9,0.994,-0.9,2.2,2.4,12.9,-14.0,1.088,8,6,0,0,6
36.2,11,isocontour,11.283791670955125,40880.18,86.03,-19.3,-7.8,0.986,-1.2,-0.5,1.3,-19.8,-1.4,1.04,23,4,0,0,4
36.2,12,isocontour,11.283791670955125,40904.02,86.08,-14.3,-15.0,0.993,1.2,-2.4,2.7,-19.8,-1.4,1.04,23,1,0,0,1
36.2,13,isocontour,11.283791670955125,39883.16,83.93,20.9,-1.0,0.983,1.7,1.3,2.1,12.9,-14.2,1.087,8,7,0,0,7
36.2,14,isocontour,11.283791670955125,40166.87,84.53,18.4,-9.4,0.994,-0.7,-1.1,1.3,12.9,-14.0,1.088,8,6,0,0,6
36.2,15,isocontour,11.283791670955125,39016.64,82.11,7.8,19.3,0.986,-1.5,1.8,2.3,18.2,7.1,1.059,4,2,0,0,2
36.2,16,isocontour,11.283791670955125,47121.87,99.16,-24.2,22.4,0.51,0.6,-0.7,0.9,-24.2,22.4,0.51,16,0,0,0,0
36.2,17,isocontour,11.283791670955125,40851.04,85.97,19.2,8.2,0.984,-0.3,1.4,1.4,18.2,7.1,1.059,4,7,0,0,7
36.2,18,isocontour,11.283791670955125,44578.04,93.81,2.3,20.6,0.991,-0.9,-0.0,0.9,14.4,14.8,0.994,2,1,0,0,1
36.2,19,isocontour,11.283791670955125,41154.02,86.6,-20.7,1.2,0.993,-1.4,0.4,1.5,-19.8,-1.4,1.04,23,5,0,0,5
36.2,20,isocontour,11.283791670955125,41581.28,87.5,13.1,-16.0,0.995,-0.1,2.8,2.8,12.9,-14.0,1.088,8,5,0,0,5
36.2,21,isocontour,11.283791670955125,39788.95,83.73,-4.4,-20.3,0.988,-0.9,0.1,0.9,12.9,-14.2,1.087,8,1,0,0,1
36.2,22,isocontour,11.283791670955125,42733.61,89.93,-20.3,-4.9,0.984,-0.6,-2.6,2.7,-19.8,-1.4,1.04,23,4,0,0,4
36.2,23,isocontour,11.283791670955125,43286.35,91.09,-19.9,-0.8,1.039,-0.2,2.5,2.5,-19.8,-1.4,1.04,23,5,0,0,5
36.2,24,isocontour,11.283791670955125,41298.21,86.91,4.4,-20.1,0.999,1.5,2.1,2.6,12.9,-14.0,1.088,8,4,0,0,4
36.2,25,isocontour,11.283791670955125,40280.48,84.77,-18.8,8.9,0.989,1.3,4.3,4.5,-19.8,-1.4,1.04,23,3,0,0,3
36.2,Target,,,,,0.0,0.0,4.023,0.0,0.0,,,,,,,,,
36.3,1,isocontour,11.283791670955125,40383.88,84.98,20.4,3.2,0.995,-1.8,-1.9,2.6,12.9,-14.2,1.087,8,6,0,0,6
36.3,2,isocontour,11.283791670955125,39439.73,83.0,14.3,15.2,0.985,0.4,0.7,0.8,18.2,7.1,1.059,4,5,0,0,5
36.3,3,isocontour,11.283791670955125,41005.58,86.29,18.9,8.6,0.989,-1.8,-0.2,1.8,12.9,-14.2,1.087,8,7,0,0,7
36.3,4,isocontour,11.283791670955125,42787.87,90.04,18.4,6.9,1.052,0.7,-2.8,2.9,12.9,-14.2,1.087,8,7,0,0,7
36.3,5,isocontour,11.283791670955125,40680.81,85.61,16.8,10.8,1.036,2.2,-2.0,3.0,18.2,7.1,1.059,4,5,0,0,5
36.3,6,isocontour,11.283791670955125,41502.82,87.34,11.7,-15.5,1.066,-0.6,-0.3,0.7,12.9,-14.0,1.088,8,5,0,0,5
36.3,7,isocontour,11.283791670955125,40546.78,85.33,-20.4,4.1,0.985,-0.3,2.6,2.6,-19.8,-1.4,1.04,23,4,0,0,4
36.3,8,isocontour,11.283791670955125,42197.18,88.8,13.1,-14.1,1.08,-0.8,-1.6,1.8,13.1,-14.1,1.088,8,5,0,0,5
36.3,9,isocontour,11.283791670955125,40583.27,85.4,20.8,0.6,0.987,0.9,0.9,1.3,12.9,-14.0,1.088,8,8,0,0,8
36.3,10,isocontour,11.283791670955125,41027.48,86.34,19.2,-7.8,0.993,1.0,0.9,1.3,12.9,-14.0,1.088,8,6,0,0,6
36.3,11,isocontour,11.283791670955125,40870.92,86.01,-19.2,-7.8,0.994,1.8,0.6,1.9,-19.8,-1.4,1.04,23,4,0,0,4
36.3,12,isocontour,11.283791670955125,40902.77,86.07,-14.2,-15.0,0.997,0.6,0.7,0.9,12.9,-14.2,1.087,8,2,0,0,2
36.3,13,isocontour,11.283791670955125,39874.04,83.91,20.9,-1.1,0.98,0.3,-1.9,1.9,12.9,-14.0,1.088,8,7,0,0,7
36.3,14,isocontour,11.283791670955125,40131.37,84.45,18.5,-9.6,0.983,1.2,-2.8,3.0,12.9,-14.0,1.088,8,6,0,0,6
36.3,15,isocontour,11.283791670955125,39011.13,82.09,7.9,19.4,0.98,1.5,0.5,1.6,18.2,7.1,1.059,4,2,0,0,2
36.3,16,isocontour,11.283791670955125,47120.77,99.16,-24.2,22.5,0.508,-0.3,0.9,0.9,-24.2,22.5,0.51,16,0,0,0,0
36.3,17,isocontour,11.283791670955125,40772.69,85.8,19.0,8.0,0.998,-1.7,-3.6,4.0,12.9,-14.2,1.087,8,7,0,0,7
36.3,18,isocontour,11.283791670955125,44577.17,93.81,2.2,20.6,0.991,-0.9,0.2,0.9,18.2,7.1,1.059,4,1,0,0,1
36.3,19,isocontour,11.283791670955125,41150.82,86.6,-20.8,1.2,0.987,-1.1,-0.8,1.4,-19.8,-1.4,1.04,23,5,0,0,5
36.3,20,isocontour,11.283791670955125,41571.13,87.48,13.1,-16.1,0.988,0.4,-2.0,2.0,12.9,-14.0,1.088,8,5,0,0,5
36.3,21,isocontour,11.283791670955125,39753.45,83.66,-4.2,-20.2,0.995,2.9,0.9,3.0,12.9,-14.0,1.088,8,2,0,0,2
36.3,22,isocontour,11.283791670955125,42733.31,89.93,-20.3,-5.0,0.982,-0.3,-0.5,0.6,-19.8,-1.4,1.04,23,4,0,0,4
36.3,23,isocontour,11.283791670955125,43285.96,91.09,-19.9,-0.8,1.038,-0.0,0.7,0.7,-19.8,-1.4,1.04,23,5,0,0,5
36.3,24,isocontour,11.283791670955125,41297.79,86.91,4.3,-20.1,0.999,-0.6,-0.4,0.7,12.9,-14.0,1.088,8,4,0,0,4
36.3,25,isocontour,11.283791670955125,40280.0,84.76,-18.8,9.0,0.985,-0.5,0.5,0.7,-19.8,-1.4,1.04,23,3,0,0,3
36.3,Target,,,,,0.0,0.0,4.023,0.0,0.0,,,,,,,,,
36.4,1,isocontour,11.283791670955125,40361.65,84.94,20.4,3.4,0.992,0.4,2.6,2.6,12.9,-14.0,1.088,8,7,0,0,7
36.4,2,isocontour,11.283791670955125,39426.24,82.97,14.4,15.1,0.983,1.8,-1.3,2.2,12.9,-14.2,1.087,8,5,0,0,5
36.4,3,isocontour,11.283791670955125,41003.43,86.29,19.0,8.5,0.988,0.8,-0.9,1.2,12.9,-14.0,1.088,8,7,0,0,7
36.4,4,isocontour,11.283791670955125,42777.57,90.02,18.6,6.9,1.043,2.0,0.1,2.0,12.9,-14.0,1.088,8,7,0,0,7
36.4,5,isocontour,11.283791670955125,40669.57,85.58,16.9,10.7,1.031,1.6,-1.2,2.0,12.9,-14.0,1.088,8,6,0,0,6
36.4,6,isocontour,11.283791670955125,41502.28,87.34,11.7,-15.5,1.068,-0.7,-0.1,0.7,12.9,-14.0,1.088,8,5,0,0,5
36.4,7,isocontour,11.283791670955125,40546.49,85.33,-20.4,4.1,0.987,0.5,0.3,0.6,-19.8,-1.4,1.04,23,4,0,0,4
36.4,8,isocontour,11.283791670955125,42195.66,88.8,13.0,-14.1,1.081,-0.9,-0.5,1.0,13.0,-14.1,1.088,8,5,0,0,5
36.4,9,isocontour,11.283791670955125,40581.98,85.4,20.8,0.6,0.986,0.0,-1.0,1.0,12.9,-14.0,1.088,8,8,0,0,8
36.4,10,isocontour,11.283791670955125,41023.52,86.33,19.3,-7.9,0.987,0.5,-1.3,1.4,12.9,-14.0,1.088,8,7,0,0,7
36.4,11,isocontour,11.283791670955125,40863.76,85.99,-19.3,-7.7,0.991,-1.5,0.9,1.7,12.9,-14.2,1.087,8,4,0,0,4
36.4,12,isocontour,11.283791670955125,40900.51,86.07,-14.2,-15.0,0.996,0.6,-1.1,1.3,12.9,-14.2,1.087,8,1,0,0,1
36.4,13,isocontour,11.283791670955125,39872.09,83.91,20.9,-1.1,0.983,-0.8,0.8,1.1,12.9,-14.0,1.088,8,7,0,0,7
36.4,14,isocontour,11.283791670955125,40116.74,84.42,18.6,-9.5,0.981,1.0,2.0,2.2,12.9,-14.0,1.088,8,6,0,0,6
36.4,15,isocontour,11.283791670955125,39005.42,82.08,7.8,19.3,0.987,-0.6,-1.5,1.6,18.2,7.1,1.059,4,2,0,0,2
36.4,16,isocontour,11.283791670955125,47119.67,99.16,-24.3,22.6,0.506,-0.6,0.8,1.0,-24.3,22.6,0.51,16,0,0,0,0
36.4,17,isocontour,11.283791670955125,40771.41,85.8,18.9,8.0,1.003,-0.8,0.6,1.0,12.9,-14.0,1.088,8,7,0,0,7
36.4,18,isocontour,11.283791670955125,44576.2,93.81,2.1,20.7,0.99,-0.8,0.3,0.9,18.2,7.1,1.059,4,1,0,0,1
36.4,19,isocontour,11.283791670955125,41034.39,86.35,-20.9,0.8,0.983,-0.9,-4.4,4.5,-19.8,-1.4,1.04,23,5,0,0,5
36.4,20,isocontour,11.283791670955125,41560.83,87.46,13.1,-16.3,0.981,-0.5,-1.9,2.0,12.9,-14.0,1.088,8,5,0,0,5
36.4,21,isocontour,11.283791670955125,39753.03,83.66,-4.2,-20.2,0.996,-0.7,-0.1,0.7,12.9,-14.0,1.088,8,1,0,0,1
36.4,22,isocontour,11.283791670955125,42694.93,89.85,-20.3,-4.7,0.988,0.7,3.0,3.1,-19.8,-1.4,1.04,23,4,0,0,4
36.4,23,isocontour,11.283791670955125,43283.16,91.08,-19.9,-0.8,1.041,0.5,-1.2,1.3,-19.8,-1.4,1.04,23,5,0,0,5
36.4,24,isocontour,11.283791670955125,41293.99,86.9,4.4,-20.2,0.996,1.4,-0.4,1.5,12.9,-14.0,1.088,8,4,0,0,4
36.4,25,isocontour,11.283791670955125,40268.26,84.74,-18.9,8.9,0.983,-1.3,-1.7,2.1,-19.8,-1.4,1.04,23,3,0,0,3
36.4,Target,,,,,0.0,0.0,4.023,0.0,0.0,,,,,,,,,
36.5,1,isocontour,11.283791670955125,40327.52,84.86,20.6,3.2,0.986,1.7,-2.5,3.0,12.9,-14.0,1.088,8,6,0,0,6
36.5,2,isocontour,11.283791670955125,39392.79,82.9,14.6,14.9,0.985,1.7,-2.4,2.9,12.9,-14.0,1.088,8,5,0,0,5
36.5,3,isocontour,11.283791670955125,41000.01,86.28,19.1,8.4,0.988,0.7,-1.2,1.4,12.9,-14.0,1.088,8,7,0,0,7
36.5,4,isocontour,11.283791670955125,42768.72,90.0,18.8,6.8,1.033,1.9,-0.3,1.9,12.9,-14.0,1.088,8,7,0,0,7
36.5,5,isocontour,11.283791670955125,40647.84,85.54,17.1,10.5,1.027,1.9,-1.8,2.6,12.9,-14.0,1.088,8,6,0,0,6
36.5,6,isocontour,11.283791670955125,41486.46,87.3,11.5,-15.6,1.069,-1.9,-1.4,2.4,12.9,-14.0,1.088,8,5,0,0,5
36.5,7,isocontour,11.283791670955125,40508.11,85.24,-20.4,3.9,0.991,0.2,-3.1,3.1,-19.9,-0.8,1.041,23,4,0,0,4
36.5,8,isocontour,11.283791670955125,42179.22,88.76,12.8,-14.2,1.088,-2.3,-0.4,2.3,12.8,-14.2,1.088,8,5,0,0,5
36.5,9,isocontour,11.283791670955125,40555.11,85.34,20.8,0.8,0.989,-0.8,2.6,2.7,12.9,-14.0,1.088,8,8,0,0,8
36.5,10,isocontour,11.283791670955125,41023.28,86.33,19.3,-7.9,0.985,0.1,-0.5,0.5,12.9,-14.0,1.088,8,6,0,0,6
36.5,11,isocontour,11.283791670955125,40861.32,85.99,-19.3,-7.8,0.986,-0.4,-1.2,1.3,12.9,-14.2,1.087,8,4,0,0,4
36.5,12,isocontour,11.283791670955125,40882.79,86.03,-14.3,-15.2,0.984,-1.7,-1.7,2.4,12.9,-14.0,1.088,8,2,0,0,2
36.5,13,isocontour,11.283791670955125,39870.81,83.9,20.8,-1.0,0.987,-0.6,0.8,1.0,12.9,-14.0,1.088,8,7,0,0,7
36.5,14,isocontour,11.283791670955125,40115.61,84.42,18.6,-9.4,0.985,-0.4,0.9,1.0,12.9,-14.0,1.088,8,6,0,0,6
36.5,15,isocontour,11.283791670955125,39003.67,82.08,7.8,19.3,0.987,-1.0,0.5,1.1,12.9,-14.2,1.087,8,2,0,0,2
36.5,16,isocontour,11.283791670955125,47118.57,99.16,-24.3,22.6,0.504,0.1,0.9,0.9,-24.3,22.6,0.51,16,0,0,0,0
36.5,17,isocontour,11.283791670955125,40685.74,85.62,19.0,8.3,0.993,0.6,4.0,4.0,12.9,-14.0,1.088,8,7,0,0,7
36.5,18,isocontour,11.283791670955125,44575.26,93.8,2.0,20.7,0.99,-0.9,0.0,0.9,18.2,7.1,1.059,4,1,0,0,1
36.5,19,isocontour,11.283791670955125,41031.78,86.35,-20.8,0.6,0.986,0.7,-1.0,1.2,12.9,-14.2,1.087,8,5,0,0,5
36.5,20,isocontour,11.283791670955125,41535.94,87.41,12.8,-16.4,0.986,-2.6,-0.6,2.7,12.9,-14.0,1.088,8,5,0,0,5
36.5,21,isocontour,11.283791670955125,39731.55,83.61,-4.4,-20.2,0.993,-2.6,-0.0,2.6,12.9,-14.0,1.088,8,1,0,0,1
36.5,22,isocontour,11.283791670955125,42693.04,89.84,-20.2,-4.8,0.992,0.9,-0.7,1.1,12.9,-14.2,1.087,8,4,0,0,4
36.5,23,isocontour,11.283791670955125,43281.41,91.08,-19.9,-0.9,1.037,-0.8,-0.8,1.1,12.9,-14.2,1.087,8,5,0,0,5
36.5,24,isocontour,11.283791670955125,41257.78,86.82,4.7,-20.2,0.992,3.0,0.0,3.0,12.9,-14.0,1.088,8,4,0,0,4
36.5,25,isocontour,11.283791670955125,40250.54,84.7,-18.9,8.7,0.989,0.4,-2.4,2.4,-19.9,-0.8,1.041,23,3,0,0,3
36.5,Target,,,,,0.0,0.0,4.023,0.0,0.0,,,,,,,,,
36.6,1,isocontour,11.283791670955125,40319.09,84.85,20.7,3.3,0.977,1.4,1.2,1.8,12.9,-14.0,1.088,8,7,0,0,7
36.6,2,isocontour,11.283791670955125,39355.15,82.82,14.7,14.6,0.991,1.3,-2.8,3.1,12.9,-14.0,1.088,8,5,0,0,5
36.6,3,isocontour,11.283791670955125,40990.74,86.26,19.2,8.4,0.979,1.9,0.0,1.9,12.9,-14.0,1.088,8,7,0,0,7
36.6,4,isocontour,11.283791670955125,42766.35,90.0,18.8,6.7,1.034,-0.0,-1.2,1.2,12.9,-14.0,1.088,8,7,0,0,7
36.6,5,isocontour,11.283791670955125,40611.98,85.46,17.2,10.3,1.03,1.0,-2.9,3.1,12.9,-14.0,1.088,8,6,0,0,6
36.6,6,isocontour,11.283791670955125,41451.65,87.23,11.7,-15.5,1.07,2.2,2.0,3.0,12.9,-14.0,1.088,8,5,0,0,5
36.6,7,isocontour,11.283791670955125,40507.45,85.24,-20.4,3.9,0.991,0.2,0.8,0.8,12.9,-14.2,1.087,8,4,0,0,4
36.6,8,isocontour,11.283791670955125,42164.21,88.73,12.6,-14.2,1.094,-2.2,-0.7,2.3,12.6,-14.2,1.088,8,5,0,0,5
36.6,9,isocontour,11.283791670955125,40527.94,85.29,20.7,1.0,0.992,-0.7,2.7,2.8,12.9,-14.0,1.088,8,8,0,0,8
36.6,10,isocontour,11.283791670955125,41014.98,86.31,19.3,-7.8,0.987,0.3,1.8,1.8,12.9,-14.0,1.088,8,7,0,0,7
36.6,11,isocontour,11.283791670955125,40859.88,85.98,-19.3,-7.7,0.989,0.4,0.9,1.0,12.9,-14.0,1.088,8,4,0,0,4
36.6,12,isocontour,11.283791670955125,40847.98,85.96,-14.1,-15.3,0.988,2.8,-1.0,3.0,12.9,-14.0,1.088,8,2,0,0,2
36.6,13,isocontour,11.283791670955125,39845.92,83.85,20.8,-0.8,0.989,-0.2,2.7,2.7,12.9,-14.0,1.088,8,7,0,0,7
36.6,14,isocontour,11.283791670955125,40114.85,84.42,18.6,-9.3,0.988,-0.3,0.8,0.9,12.9,-14.0,1.088,8,6,0,0,6
36.6,15,isocontour,11.283791670955125,39002.39,82.08,7.7,19.3,0.988,-1.0,0.3,1.0,12.9,-14.0,1.088,8,2,0,0,2
36.6,16,isocontour,11.283791670955125,47117.47,99.15,-24.2,22.6,0.506,0.5,-0.8,0.9,-24.2,22.6,0.51,16,0,0,0,0
36.6,17,isocontour,11.283791670955125,40685.13,85.62,19.0,8.4,0.989,0.1,0.8,0.8,12.9,-14.0,1.088,8,7,0,0,7
36.6,18,isocontour,11.283791670955125,44573.86,93.8,1.9,20.6,0.992,-1.0,-0.3,1.0,12.9,-14.2,1.087,8,1,0,0,1
36.6,19,isocontour,11.283791670955125,41024.5,86.33,-20.7,0.6,0.995,1.8,-0.1,1.8,12.9,-14.2,1.087,8,5,0,0,5
36.6,20,isocontour,11.283791670955125,41520.12,87.37,12.6,-16.4,0.995,-2.3,0.3,2.3,12.9,-14.0,1.088,8,5,0,0,5
36.6,21,isocontour,11.283791670955125,39708.27,83.56,-4.7,-20.2,0.99,-2.6,0.1,2.6,12.9,-14.0,1.088,8,2,0,0,2
36.6,22,isocontour,11.283791670955125,42666.74,89.79,-20.2,-5.0,0.989,-0.0,-2.7,2.7,12.9,-14.2,1.087,8,4,0,0,4
36.6,23,isocontour,11.283791670955125,43257.6,91.03,-19.9,-0.7,1.037,-0.0,2.7,2.7,12.9,-14.2,1.087,8,5,0,0,5
36.6,24,isocontour,11.283791670955125,41257.7,86.82,4.8,-20.2,0.991,0.4,0.0,0.4,12.9,-14.0,1.088,8,4,0,0,4
36.6,25,isocontour,11.283791670955125,40218.74,84.64,-18.9,8.4,0.996,0.0,-2.9,2.9,12.9,-14.2,1.087,8,3,0,0,3
36.6,Target,,,,,0.0,0.0,4.023,0.0,0.0,,,,,,,,,
36.7,1,isocontour,11.283791670955125,40291.03,84.79,20.6,3.1,0.985,-1.6,-2.3,2.8,12.9,-14.0,1.088,8,7,0,0,7
36.7,2,isocontour,11.283791670955125,39353.0,82.81,14.7,14.5,0.997,-0.4,-1.1,1.2,12.9,-14.0,1.088,8,5,0,0,5
36.7,3,isocontour,11.283791670955125,40934.26,86.14,19.4,8.1,0.973,2.2,-2.8,3.6,12.9,-14.0,1.088,8,7,0,0,7
36.7,4,isocontour,11.283791670955125,42738.59,89.94,18.8,6.5,1.041,-0.5,-2.7,2.7,12.9,-14.0,1.088,8,7,0,0,7
36.7,5,isocontour,11.283791670955125,40577.52,85.39,17.3,10.0,1.035,0.7,-2.9,3.0,12.9,-14.0,1.088,8,6,0,0,6
36.7,6,isocontour,11.283791670955125,41447.19,87.22,11.8,-15.4,1.067,1.5,0.4,1.6,12.6,-14.2,1.094,8,5,0,0,5
36.7,7,isocontour,11.283791670955125,40494.32,85.22,-20.5,4.0,0.982,-1.9,1.1,2.2,12.9,-14.2,1.087,8,4,0,0,4
36.7,8,isocontour,11.283791670955125,42141.19,88.68,12.6,-14.5,1.082,0.7,-2.5,2.6,12.6,-14.5,1.094,8,5,0,0,5
36.7,9,isocontour,11.283791670955125,40526.33,85.28,20.6,1.0,0.995,-0.5,-0.9,1.0,12.9,-14.0,1.088,8,8,0,0,8
36.7,10,isocontour,11.283791670955125,41011.18,86.3,19.2,-7.8,0.993,-1.4,0.1,1.4,12.6,-14.2,1.094,8,7,0,0,7
36.7,11,isocontour,11.283791670955125,40829.68,85.92,-19.3,-7.4,0.994,-0.2,2.9,2.9,12.9,-14.0,1.088,8,4,0,0,4
36.7,12,isocontour,11.283791670955125,40841.52,85.95,-13.9,-15.3,0.994,1.7,-0.2,1.7,12.9,-14.0,1.088,8,2,0,0,2
36.7,13,isocontour,11.283791670955125,39841.09,83.84,20.7,-0.6,0.994,-1.1,1.1,1.6,12.9,-14.0,1.088,8,7,0,0,7
36.7,14,isocontour,11.283791670955125,40086.79,84.36,18.4,-9.2,1.002,-2.3,1.6,2.8,12.6,-14.2,1.094,8,6,0,0,6
36.7,15,isocontour,11.283791670955125,38979.38,82.03,7.6,19.1,1.0,-0.5,-2.6,2.6,12.9,-14.0,1.088,8,2,0,0,2
36.7,16,isocontour,11.283791670955125,47116.37,99.15,-24.2,22.6,0.507,0.8,0.5,0.9,-24.2,22.6,0.51,16,0,0,0,0
36.7,17,isocontour,11.283791670955125,40669.52,85.58,18.8,8.6,0.994,-1.8,1.4,2.3,12.9,-14.0,1.088,8,7,0,0,7
36.7,18,isocontour,11.283791670955125,44572.62,93.8,1.8,20.6,0.993,-1.0,-0.1,1.0,12.9,-14.0,1.088,8,1,0,0,1
36.7,19,isocontour,11.283791670955125,41022.84,86.33,-20.7,0.5,0.996,-0.2,-1.1,1.1,12.9,-14.0,1.088,8,5,0,0,5
36.7,20,isocontour,11.283791670955125,41516.84,87.37,12.7,-16.4,0.993,1.3,0.2,1.3,12.6,-14.2,1.094,8,5,0,0,5
36.7,21,isocontour,11.283791670955125,39707.73,83.56,-4.8,-20.2,0.99,-0.7,0.3,0.8,12.9,-14.0,1.088,8,2,0,0,2
36.7,22,isocontour,11.283791670955125,42665.34,89.78,-20.2,-5.1,0.985,-0.6,-0.8,1.0,12.9,-14.0,1.088,8,4,0,0,4
36.7,23,isocontour,11.283791670955125,43256.89,91.03,-19.9,-0.6,1.038,0.2,0.8,0.8,12.9,-14.0,1.088,8,5,0,0,5
36.7,24,isocontour,11.283791670955125,41149.55,86.59,4.5,-20.3,0.986,-4.0,-1.9,4.4,12.6,-14.2,1.094,8,4,0,0,4
36.7,25,isocontour,11.283791670955125,40196.76,84.59,-18.8,8.5,0.999,1.4,2.2,2.6,12.9,-14.2,1.087,8,3,0,0,3
36.7,Target,,,,,0.0,0.0,4.023,0.0,0.0,,,,,,,,,
36.8,1,isocontour,11.283791670955125,40258.91,84.72,20.5,2.8,0.993,-1.0,-2.7,2.9,12.6,-14.2,1.094,8,7,0,0,7
36.8,2,isocontour,11.283791670955125,39337.79,82.78,14.9,14.6,0.987,1.6,1.6,2.3,12.9,-14.0,1.088,8,5,0,0,5
36.8,3,isocontour,11.283791670955125,40922.36,86.12,19.3,8.0,0.982,-2.0,-0.6,2.1,12.9,-14.0,1.088,8,7,0,0,7
36.8,4,isocontour,11.283791670955125,42722.16,89.9,18.7,6.6,1.043,-0.9,2.2,2.4,12.9,-14.0,1.088,8,7,0,0,7
36.8,5,isocontour,11.283791670955125,40540.24,85.31,17.4,9.7,1.038,1.0,-2.9,3.1,12.9,-14.0,1.088,8,7,0,0,7
36.8,6,isocontour,11.283791670955125,41444.81,87.22,11.9,-15.3,1.067,0.9,0.8,1.2,12.6,-14.2,1.094,8,5,0,0,5
36.8,7,isocontour,11.283791670955125,40475.71,85.18,-20.5,4.2,0.981,0.6,2.4,2.5,12.9,-14.0,1.088,8,4,0,0,4
36.8,8,isocontour,11.283791670955125,42114.61,88.63,12.8,-14.4,1.078,2.3,1.6,2.8,12.6,-14.2,1.094,8,5,0,0,5
36.8,9,isocontour,11.283791670955125,40520.92,85.27,20.7,0.9,0.991,1.2,-1.1,1.6,12.6,-14.2,1.094,8,8,0,0,8
36.8,10,isocontour,11.283791670955125,40998.93,86.28,19.3,-7.9,0.985,1.7,-1.2,2.1,12.6,-14.2,1.094,8,7,0,0,7
36.8,11,isocontour,11.283791670955125,40819.23,85.9,-19.5,-7.5,0.985,-1.8,-0.9,2.0,12.9,-14.0,1.088,8,4,0,0,4
36.8,12,isocontour,11.283791670955125,40839.62,85.94,-13.8,-15.4,0.992,0.3,-1.1,1.1,12.9,-14.0,1.088,8,2,0,0,2
36.8,13,isocontour,11.283791670955125,39821.07,83.8,20.8,-0.4,0.989,1.4,2.1,2.5,12.6,-14.2,1.094,8,8,0,0,8
36.8,14,isocontour,11.283791670955125,40052.67,84.29,18.4,-9.4,0.998,0.1,-3.0,3.0,12.6,-14.2,1.094,8,6,0,0,6
36.8,15,isocontour,11.283791670955125,38969.53,82.01,7.5,19.2,1.0,-1.6,1.2,2.0,12.9,-14.0,1.088,8,2,0,0,2
36.8,16,isocontour,11.283791670955125,47115.27,99.15,-24.2,22.7,0.505,-0.8,0.5,0.9,-24.2,22.7,0.51,16,0,0,0,0
36.8,17,isocontour,11.283791670955125,40661.35,85.57,18.7,8.7,0.995,-0.9,1.6,1.8,12.9,-14.0,1.088,8,7,0,0,7
36.8,18,isocontour,11.283791670955125,44544.86,93.74,1.6,20.7,0.989,-2.6,1.0,2.8,12.9,-14.0,1.088,8,1,0,0,1
36.8,19,isocontour,11.283791670955125,40959.94,86.2,-20.9,0.7,0.981,-3.1,1.9,3.6,12.9,-14.0,1.088,8,5,0,0,5
36.8,20,isocontour,11.283791670955125,41457.95,87.24,12.6,-16.6,0.986,-1.8,-3.1,3.6,12.6,-14.2,1.094,8,5,0,0,5
36.8,21,isocontour,11.283791670955125,39706.48,83.56,-4.7,-20.2,0.989,0.9,-0.4,1.0,12.6,-14.2,1.094,8,2,0,0,2
36.8,22,isocontour,11.283791670955125,42663.34,89.78,-20.2,-5.0,0.984,-0.2,1.1,1.1,12.9,-14.0,1.088,8,4,0,0,4
36.8,23,isocontour,11.283791670955125,43232.27,90.98,-19.9,-0.4,1.041,0.4,2.7,2.7,12.9,-14.0,1.088,8,5,0,0,5
36.8,24,isocontour,11.283791670955125,41122.09,86.54,4.6,-20.2,0.991,2.2,1.7,2.8,12.6,-14.2,1.094,8,4,0,0,4
36.8,25,isocontour,11.283791670955125,40150.96,84.49,-18.6,8.8,1.001,1.8,2.8,3.3,12.9,-14.0,1.088,8,3,0,0,3
36.8,Target,,,,,0.0,0.0,4.023,0.0,0.0,,,,,,,,,
36.9,1,isocontour,11.283791670955125,40257.43,84.72,20.5,2.7,0.993,0.5,-0.9,1.0,12.6,-14.2,1.094,8,7,0,0,7
36.9,2,isocontour,11.283791670955125,39288.59,82.68,14.7,14.9,0.981,-1.8,2.9,3.4,12.9,-14.0,1.088,8,5,0,0,5
36.9,3,isocontour,11.283791670955125,40892.78,86.05,19.2,7.8,0.993,-0.9,-2.7,2.8,12.6,-14.2,1.094,8,7,0,0,7
36.9,4,isocontour,11.283791670955125,42720.8,89.9,18.7,6.6,1.043,0.3,-1.0,1.0,12.6,-14.2,1.094,8,7,0,0,7
36.9,5,isocontour,11.283791670955125,40502.96,85.23,17.5,9.4,1.041,1.1,-2.9,3.1,12.6,-14.2,1.094,8,7,0,0,7
36.9,6,isocontour,11.283791670955125,41418.22,87.16,12.0,-15.1,1.073,1.3,2.4,2.7,12.6,-14.2,1.094,8,5,0,0,5
36.9,7,isocontour,11.283791670955125,40453.98,85.13,-20.4,4.4,0.982,0.9,2.4,2.6,12.9,-14.0,1.088,8,4,0,0,4
36.9,8,isocontour,11.283791670955125,42110.05,88.62,13.0,-14.3,1.074,1.5,0.4,1.6,12.6,-14.2,1.094,8,5,0,0,5
36.9,9,isocontour,11.283791670955125,40464.92,85.15,21.0,0.7,0.978,2.5,-2.5,3.5,12.6,-14.2,1.094,8,8,0,0,8
36.9,10,isocontour,11.283791670955125,40931.84,86.14,19.4,-7.6,0.986,0.8,3.7,3.8,12.6,-14.2,1.094,8,7,0,0,7
36.9,11,isocontour,11.283791670955125,40707.37,85.66,-19.4,-7.8,0.983,1.6,-4.2,4.5,12.9,-14.0,1.088,8,4,0,0,4
36.9,12,isocontour,11.283791670955125,40838.3,85.94,-13.8,-15.4,0.996,0.8,0.6,1.0,12.6,-14.2,1.094,8,2,0,0,2
36.9,13,isocontour,11.283791670955125,39748.5,83.65,20.8,-0.7,0.99,-0.5,-3.8,3.8,12.6,-14.2,1.094,8,8,0,0,8
36.9,14,isocontour,11.283791670955125,39920.12,84.01,18.3,-9.8,0.987,-0.3,-4.7,4.7,12.6,-14.2,1.094,8,6,0,0,6
36.9,15,isocontour,11.283791670955125,38963.4,81.99,7.5,19.1,1.003,1.1,-1.2,1.6,12.9,-14.0,1.088,8,2,0,0,2
36.9,16,isocontour,11.283791670955125,47114.17,99.15,-24.2,22.7,0.505,0.6,0.7,0.9,-24.2,22.7,0.51,16,0,0,0,0
36.9,17,isocontour,11.283791670955125,40640.37,85.52,18.7,9.0,0.993,-0.5,2.5,2.5,12.6,-14.2,1.094,8,7,0,0,7
36.9,18,isocontour,11.283791670955125,44543.07,93.74,1.7,20.7,0.989,1.1,-0.2,1.1,12.9,-14.0,1.088,8,1,0,0,1
36.9,19,isocontour,11.283791670955125,40945.7,86.17,-21.0,0.9,0.976,-0.3,2.2,2.2,12.9,-14.0,1.088,8,5,0,0,5
36.9,20,isocontour,11.283791670955125,41456.11,87.24,12.6,-16.6,0.986,0.7,0.9,1.1,12.6,-14.2,1.094,8,5,0,0,5
36.9,21,isocontour,11.283791670955125,39690.05,83.52,-4.8,-20.1,0.997,-1.2,2.0,2.3,12.6,-14.2,1.094,8,2,0,0,2
36.9,22,isocontour,11.283791670955125,42651.43,89.75,-20.2,-5.2,0.987,0.9,-1.9,2.1,12.9,-14.0,1.088,8,4,0,0,4
36.9,23,isocontour,11.283791670955125,43231.39,90.98,-19.8,-0.3,1.043,0.4,0.8,0.9,12.9,-14.0,1.088,8,5,0,0,5
36.9,24,isocontour,11.283791670955125,41120.1,86.53,4.7,-20.1,0.997,0.3,1.1,1.1,12.6,-14.2,1.094,8,4,0,0,4
36.9,25,isocontour,11.283791670955125,40130.7,84.45,-18.5,9.0,0.998,0.4,2.5,2.5,12.9,-14.0,1.088,8,3,0,0,3
36.9,Target,,,,,0.0,0.0,4.023,0.0,0.0,,,,,,,,,
37.0,1,isocontour,11.283791670955125,40214.86,84.63,20.7,2.5,0.983,2.2,-2.4,3.3,12.6,-14.2,1.094,8,7,0,0,7
37.0,2,isocontour,11.283791670955125,39261.13,82.62,14.5,14.8,0.993,-2.4,-1.3,2.7,12.6,-14.2,1.094,8,5,0,0,5
37.0,3,isocontour,11.283791670955125,40892.28,86.05,19.2,7.8,0.995,-0.3,0.7,0.8,12.6,-14.2,1.094,8,7,0,0,7
37.0,4,isocontour,11.283791670955125,42718.64,89.9,18.8,6.5,1.04,1.0,-0.7,1.2,12.6,-14.2,1.094,8,7,0,0,7
37.0,5,isocontour,11.283791670955125,40473.07,85.17,17.6,9.1,1.046,0.5,-2.8,2.8,12.6,-14.2,1.094,8,7,0,0,7
37.0,6,isocontour,11.283791670955125,41396.49,87.11,11.9,-15.2,1.078,-2.4,-1.0,2.6,12.6,-14.2,1.094,8,5,0,0,5
37.0,7,isocontour,11.283791670955125,40428.53,85.08,-20.3,4.7,0.987,1.5,2.3,2.7,12.9,-14.0,1.088,8,4,0,0,4
37.0,8,isocontour,11.283791670955125,42100.64,88.6,12.8,-14.3,1.08,-1.9,-0.1,1.9,12.6,-14.2,1.094,8,5,0,0,5
37.0,9,isocontour,11.283791670955125,40464.3,85.15,21.0,0.7,0.974,0.5,0.6,0.8,12.6,-14.2,1.094,8,8,0,0,8
37.0,10,isocontour,11.283791670955125,40908.3,86.09,19.4,-7.3,0.991,-0.2,2.6,2.6,12.6,-14.2,1.094,8,6,0,0,6
37.0,11,isocontour,11.283791670955125,40703.49,85.66,-19.2,-7.9,0.988,1.4,-0.4,1.5,12.6,-14.2,1.094,8,4,0,0,4
37.0,12,isocontour,11.283791670955125,40837.84,85.94,-13.8,-15.4,0.996,-0.6,0.3,0.7,12.6,-14.2,1.094,8,2,0,0,2
37.0,13,isocontour,11.283791670955125,39741.81,83.63,20.6,-0.7,0.996,-1.2,1.2,1.7,12.6,-14.2,1.094,8,8,0,0,8
37.0,14,isocontour,11.283791670955125,39908.38,83.98,18.5,-9.8,0.983,1.5,1.5,2.1,12.6,-14.2,1.094,8,6,0,0,6
37.0,15,isocontour,11.283791670955125,38948.77,81.96,7.5,19.3,0.993,-0.0,2.2,2.2,12.9,-14.0,1.088,8,2,0,0,2
37.0,16,isocontour,11.283791670955125,47113.07,99.14,-24.1,22.8,0.505,0.8,0.5,0.9,-24.1,22.8,0.51,16,0,0,0,0
37.0,17,isocontour,11.283791670955125,40630.82,85.5,18.8,9.1,0.983,1.5,1.3,2.0,12.6,-14.2,1.094,8,7,0,0,7
37.0,18,isocontour,11.283791670955125,44507.56,93.66,1.9,20.6,0.993,2.8,-1.0,3.0,12.9,-14.0,1.088,8,1,0,0,1
37.0,19,isocontour,11.283791670955125,40923.97,86.12,-20.9,1.1,0.979,0.7,2.5,2.6,12.9,-14.0,1.088,8,5,0,0,5
37.0,20,isocontour,11.283791670955125,41452.14,87.23,12.5,-16.5,0.993,-1.1,0.9,1.4,12.6,-14.2,1.094,8,5,0,0,5
37.0,21,isocontour,11.283791670955125,39677.45,83.5,-4.7,-20.2,0.991,0.9,-1.9,2.1,12.6,-14.2,1.094,8,2,0,0,2
37.0,22,isocontour,11.283791670955125,42648.57,89.75,-20.1,-5.1,0.992,0.7,1.1,1.3,12.9,-14.0,1.088,8,4,0,0,4
37.0,23,isocontour,11.283791670955125,43230.49,90.97,-19.8,-0.2,1.046,0.4,0.8,0.9,12.9,-14.0,1.088,8,5,0,0,5
37.0,24,isocontour,11.283791670955125,41083.89,86.46,4.9,-20.1,0.997,3.0,0.5,3.0,12.6,-14.2,1.094,8,4,0,0,4
37.0,25,isocontour,11.283791670955125,40109.72,84.41,-18.5,9.3,0.995,0.6,2.5,2.6,12.9,-14.0,1.088,8,3,0,0,3
37.0,Target,,,,,0.0,0.0,4.023,0.0,0.0,,,,,,,,,
37.1,1,isocontour,11.283791670955125,40210.74,84.62,20.8,2.3,0.982,0.1,-1.5,1.5,12.6,-14.2,1.094,8,7,0,0,7
37.1,2,isocontour,11.283791670955125,39260.31,82.62,14.5,14.8,0.991,0.5,0.7,0.9,12.6,-14.2,1.094,8,5,0,0,5
37.1,3,isocontour,11.283791670955125,40784.14,85.83,19.4,8.1,0.975,3.2,3.0,4.4,12.6,-14.2,1.094,8,7,0,0,7
37.1,4,isocontour,11.283791670955125,42717.03,89.89,18.8,6.4,1.041,-0.1,-1.1,1.1,12.6,-14.2,1.094,8,7,0,0,7
37.1,5,isocontour,11.283791670955125,40471.63,85.17,17.6,9.0,1.046,0.5,-0.9,1.0,12.6,-14.2,1.094,8,7,0,0,7
37.1,6,isocontour,11.283791670955125,41393.07,87.11,11.8,-15.3,1.075,-0.6,-1.3,1.4,12.6,-14.2,1.094,8,5,0,0,5
37.1,7,isocontour,11.283791670955125,40424.48,85.07,-20.2,4.7,0.994,1.3,-0.6,1.4,12.9,-14.0,1.088,8,4,0,0,4
37.1,8,isocontour,11.283791670955125,42068.52,88.53,12.6,-14.4,1.086,-2.7,-1.1,2.9,12.6,-14.2,1.094,8,5,0,0,5
37.1,9,isocontour,11.283791670955125,40444.76,85.11,20.9,0.8,0.982,-1.8,1.7,2.5,12.6,-14.2,1.094,8,8,0,0,8
37.1,10,isocontour,11.283791670955125,40905.81,86.08,19.4,-7.3,0.993,-0.5,-1.1,1.2,12.6,-14.2,1.094,8,6,0,0,6
37.1,11,isocontour,11.283791670955125,40701.79,85.65,-19.1,-8.0,0.992,1.0,-0.5,1.1,12.6,-14.2,1.094,8,4,0,0,4
37.1,12,isocontour,11.283791670955125,40819.9,85.9,-14.0,-15.3,0.989,-2.4,0.4,2.4,12.6,-14.2,1.094,8,2,0,0,2
37.1,13,isocontour,11.283791670955125,39721.56,83.59,20.7,-0.8,0.99,1.4,-2.1,2.5,12.6,-14.2,1.094,8,8,0,0,8
37.1,14,isocontour,11.283791670955125,39906.06,83.98,18.4,-9.7,0.988,-1.0,0.8,1.3,12.6,-14.2,1.094,8,6,0,0,6
37.1,15,isocontour,11.283791670955125,38897.37,81.85,7.6,19.6,0.976,0.9,3.3,3.4,12.6,-14.2,1.094,8,2,0,0,2
37.1,16,isocontour,11.283791670955125,47111.97,99.14,-24.2,22.9,0.503,-0.6,0.7,0.9,-24.2,22.9,0.51,16,0,0,0,0
37.1,17,isocontour,11.283791670955125,40623.03,85.49,18.9,9.0,0.982,0.7,-1.7,1.8,12.6,-14.2,1.094,8,7,0,0,7
37.1,18,isocontour,11.283791670955125,44484.81,93.61,1.7,20.6,0.994,-2.6,0.1,2.6,12.9,-14.0,1.088,8,1,0,0,1
37.1,19,isocontour,11.283791670955125,40904.66,86.08,-20.8,1.3,0.988,1.9,1.5,2.4,12.6,-14.2,1.094,8,5,0,0,5
37.1,20,isocontour,11.283791670955125,41422.57,87.17,12.7,-16.3,0.995,2.1,2.0,2.9,12.6,-14.2,1.094,8,4,0,0,4
37.1,21,isocontour,11.283791670955125,39668.75,83.48,-4.6,-20.4,0.983,1.0,-1.6,1.9,12.6,-14.2,1.094,8,2,0,0,2
37.1,22,isocontour,11.283791670955125,42647.43,89.75,-20.1,-5.0,0.993,-0.1,1.0,1.0,12.6,-14.2,1.094,8,4,0,0,4
37.1,23,isocontour,11.283791670955125,43205.87,90.92,-19.7,0.0,1.049,0.5,2.6,2.6,12.6,-14.2,1.094,8,5,0,0,5
37.1,24,isocontour,11.283791670955125,41066.17,86.42,5.0,-20.2,0.985,0.4,-2.4,2.4,12.6,-14.2,1.094,8,4,0,0,4
37.1,25,isocontour,11.283791670955125,40108.99,84.4,-18.4,9.4,0.995,0.4,0.7,0.8,12.9,-14.0,1.088,8,3,0,0,3
37.1,Target,,,,,0.0,0.0,4.023,0.0,0.0,,,,,,,,,
37.2,1,isocontour,11.283791670955125,40208.24,84.61,20.7,2.2,0.986,-0.8,-0.9,1.2,12.6,-14.2,1.094,8,7,0,0,7
37.2,2,isocontour,11.283791670955125,39256.66,82.61,14.4,14.9,0.993,-1.3,0.6,1.4,12.6,-14.2,1.094,8,5,0,0,5
37.2,3,isocontour,11.283791670955125,40783.93,85.82,19.4,8.1,0.974,-0.5,-0.3,0.6,12.6,-14.2,1.094,8,7,0,0,7
37.2,4,isocontour,11.283791670955125,42684.58,89.82,18.7,6.2,1.051,-1.0,-2.7,2.9,12.6,-14.2,1.094,8,7,0,0,7
37.2,5,isocontour,11.283791670955125,40440.8,85.1,17.7,8.7,1.048,1.0,-2.7,2.9,12.6,-14.2,1.094,8,7,0,0,7
37.2,6,isocontour,11.283791670955125,41375.78,87.07,12.0,-15.3,1.07,2.3,0.7,2.4,12.6,-14.2,1.094,8,5,0,0,5
37.2,7,isocontour,11.283791670955125,40423.77,85.07,-20.2,4.7,0.993,-0.5,0.6,0.8,12.6,-14.2,1.094,8,4,0,0,4
37.2,8,isocontour,11.283791670955125,42062.17,88.51,12.6,-14.3,1.091,0.7,1.6,1.7,12.6,-14.2,1.094,8,5,0,0,5
37.2,9,isocontour,11.283791670955125,40418.46,85.06,20.8,0.6,0.987,-0.7,-2.7,2.8,12.6,-14.2,1.094,8,8,0,0,8
37.2,10,isocontour,11.283791670955125,40888.31,86.04,19.6,-7.4,0.982,2.4,-0.1,2.4,12.6,-14.2,1.094,8,7,0,0,7
37.2,11,isocontour,11.283791670955125,40672.83,85.59,-19.0,-8.2,0.994,1.3,-2.5,2.8,12.6,-14.2,1.094,8,4,0,0,4
37.2,12,isocontour,11.283791670955125,40816.02,85.89,-14.1,-15.2,0.993,-0.0,1.4,1.4,12.6,-14.2,1.094,8,2,0,0,2
37.2,13,isocontour,11.283791670955125,39718.06,83.58,20.8,-0.8,0.985,0.9,1.0,1.3,12.6,-14.2,1.094,8,8,0,0,8
37.2,14,isocontour,11.283791670955125,39901.51,83.97,18.3,-9.7,0.996,-1.5,0.2,1.5,12.6,-14.2,1.094,8,6,0,0,6
37.2,15,isocontour,11.283791670955125,38897.0,81.85,7.7,19.7,0.97,0.5,0.4,0.6,12.6,-14.2,1.094,8,2,0,0,2
37.2,16,isocontour,11.283791670955125,47110.87,99.14,-24.2,22.9,0.501,-0.5,0.8,0.9,-24.2,22.9,0.51,16,0,0,0,0
37.2,17,isocontour,11.283791670955125,40586.83,85.41,18.7,8.8,0.995,-1.8,-2.5,3.1,12.6,-14.2,1.094,8,7,0,0,7
37.2,18,isocontour,11.283791670955125,44483.56,93.61,1.6,20.6,0.995,-1.0,-0.1,1.0,12.6,-14.2,1.094,8,1,0,0,1
37.2,19,isocontour,11.283791670955125,40889.85,86.05,-20.6,1.2,0.999,2.1,-0.9,2.3,12.6,-14.2,1.094,8,5,0,0,5
37.2,20,isocontour,11.283791670955125,41343.03,87.0,12.6,-16.6,0.987,-1.6,-3.6,3.9,12.6,-14.2,1.094,8,5,0,0,5
37.2,21,isocontour,11.283791670955125,39656.33,83.45,-4.6,-20.2,0.992,0.2,2.1,2.1,12.6,-14.2,1.094,8,2,0,0,2
37.2,22,isocontour,11.283791670955125,42521.5,89.48,-20.2,-5.4,0.985,-0.7,-4.6,4.7,12.6,-14.2,1.094,8,4,0,0,4
37.2,23,isocontour,11.283791670955125,43181.24,90.87,-19.7,0.3,1.051,0.4,2.6,2.6,12.6,-14.2,1.094,8,5,0,0,5
37.2,24,isocontour,11.283791670955125,41065.29,86.42,5.0,-20.4,0.979,-0.1,-0.9,0.9,12.6,-14.2,1.094,8,4,0,0,4
37.2,25,isocontour,11.283791670955125,39988.66,84.15,-18.3,9.8,0.993,1.6,4.3,4.6,12.6,-14.2,1.094,8,3,0,0,3
37.2,Target,,,,,0.0,0.0,4.023,0.0,0.0,,,,,,,,,
37.3,1,isocontour,11.283791670955125,40181.37,84.56,20.6,2.4,0.99,-0.8,2.6,2.7,12.6,-14.2,1.094,8,7,0,0,7
37.3,2,isocontour,11.283791670955125,39214.1,82.52,14.3,15.1,0.986,-1.0,3.1,3.3,12.6,-14.2,1.094,8,5,0,0,5
37.3,3,isocontour,11.283791670955125,40758.48,85.77,19.3,7.9,0.985,-1.4,-2.3,2.7,12.6,-14.2,1.094,8,7,0,0,7
37.3,4,isocontour,11.283791670955125,42671.63,89.8,18.7,6.3,1.048,0.2,2.1,2.1,12.6,-14.2,1.094,8,7,0,0,7
37.3,5,isocontour,11.283791670955125,40430.95,85.08,17.9,8.6,1.044,1.5,-1.3,2.0,12.6,-14.2,1.094,8,7,0,0,7
37.3,6,isocontour,11.283791670955125,41351.44,87.02,12.2,-15.2,1.066,2.4,1.1,2.6,12.6,-14.2,1.094,8,5,0,0,5
37.3,7,isocontour,11.283791670955125,40414.65,85.05,-20.3,4.8,0.984,-1.5,1.2,1.9,12.6,-14.2,1.094,8,4,0,0,4
37.3,8,isocontour,11.283791670955125,42036.99,88.46,12.7,-14.1,1.094,1.6,2.2,2.7,12.6,-14.2,1.094,8,5,0,0,5
37.3,9,isocontour,11.283791670955125,40396.73,85.01,20.7,0.4,0.996,-1.7,-2.0,2.6,12.6,-14.2,1.094,8,8,0,0,8
37.3,10,isocontour,11.283791670955125,40887.76,86.04,19.6,-7.4,0.978,0.4,-0.6,0.7,12.6,-14.2,1.094,8,6,0,0,6
37.3,11,isocontour,11.283791670955125,40622.32,85.48,-19.1,-8.5,0.982,-1.5,-3.1,3.4,12.6,-14.2,1.094,8,4,0,0,4
37.3,12,isocontour,11.283791670955125,40802.71,85.86,-14.2,-15.3,0.984,-1.5,-1.6,2.2,12.6,-14.2,1.094,8,2,0,0,2
37.3,13,isocontour,11.283791670955125,39703.44,83.55,20.8,-1.0,0.988,-0.9,-2.1,2.3,12.6,-14.2,1.094,8,8,0,0,8
37.3,14,isocontour,11.283791670955125,39900.89,83.97,18.2,-9.6,0.999,-0.1,0.8,0.8,12.6,-14.2,1.094,8,6,0,0,6
37.3,15,isocontour,11.283791670955125,38883.51,81.83,7.5,19.6,0.979,-1.7,-1.3,2.1,12.6,-14.2,1.094,8,2,0,0,2
37.3,16,isocontour,11.283791670955125,47109.77,99.14,-24.3,22.9,0.499,-0.9,-0.3,0.9,-24.3,22.9,0.51,16,0,0,0,0
37.3,17,isocontour,11.283791670955125,40577.85,85.39,18.8,8.6,0.993,1.6,-1.1,1.9,12.6,-14.2,1.094,8,7,0,0,7
37.3,18,isocontour,11.283791670955125,44482.39,93.61,1.5,20.6,0.995,-1.0,0.0,1.0,12.6,-14.2,1.094,8,1,0,0,1
37.3,19,isocontour,11.283791670955125,40886.5,86.04,-20.6,1.2,0.995,-1.4,-0.2,1.4,12.6,-14.2,1.094,8,5,0,0,5
37.3,20,isocontour,11.283791670955125,41342.9,87.0,12.6,-16.7,0.984,0.4,0.1,0.4,12.6,-14.2,1.094,8,4,0,0,4
37.3,21,isocontour,11.283791670955125,39629.74,83.4,-4.4,-20.2,0.994,2.7,-0.6,2.8,12.6,-14.2,1.094,8,2,0,0,2
37.3,22,isocontour,11.283791670955125,42520.22,89.48,-20.2,-5.5,0.979,-0.6,-0.8,1.0,12.6,-14.2,1.094,8,4,0,0,4
37.3,23,isocontour,11.283791670955125,43160.99,90.83,-19.8,0.5,1.047,-0.8,2.4,2.5,12.6,-14.2,1.094,8,5,0,0,5
37.3,24,isocontour,11.283791670955125,41039.56,86.36,4.8,-20.2,0.989,-2.0,1.9,2.8,12.6,-14.2,1.094,8,4,0,0,4
37.3,25,isocontour,11.283791670955125,39883.43,83.93,-18.2,10.2,0.987,1.0,4.2,4.3,12.6,-14.2,1.094,8,3,0,0,3
37.3,Target,,,,,0.0,0.0,4.023,0.0,0.0,,,,,,,,,
37.4,1,isocontour,11.283791670955125,40178.16,84.55,20.5,2.5,0.995,-1.2,0.6,1.3,12.6,-14.2,1.094,8,7,0,0,7
37.4,2,isocontour,11.283791670955125,39208.89,82.51,14.4,15.2,0.978,1.5,0.5,1.6,12.6,-14.2,1.094,8,5,0,0,5
37.4,3,isocontour,11.283791670955125,40721.2,85.69,19.3,7.6,0.991,0.2,-3.1,3.1,12.6,-14.2,1.094,8,7,0,0,7
37.4,4,isocontour,11.283791670955125,42640.8,89.73,18.8,6.1,1.047,1.0,-2.7,2.9,12.6,-14.2,1.094,8,7,0,0,7
37.4,5,isocontour,11.283791670955125,40401.68,85.02,17.9,8.3,1.049,0.2,-2.8,2.8,12.6,-14.2,1.094,8,7,0,0,7
37.4,6,isocontour,11.283791670955125,41345.72,87.01,12.3,-15.0,1.069,0.5,1.5,1.6,12.6,-14.2,1.094,8,5,0,0,5
37.4,7,isocontour,11.283791670955125,40412.33,85.04,-20.3,4.7,0.986,0.6,-1.1,1.3,12.6,-14.2,1.094,8,4,0,0,4
37.4,8,isocontour,11.283791670955125,42028.69,88.44,12.8,-13.9,1.099,0.7,1.7,1.8,12.8,-13.9,1.094,8,5,0,0,5
37.4,9,isocontour,11.283791670955125,40381.72,84.98,20.8,0.5,0.989,1.6,1.6,2.3,12.6,-14.2,1.094,8,8,0,0,8
37.4,10,isocontour,11.283791670955125,40866.53,86.0,19.5,-7.3,0.987,-1.5,2.0,2.5,12.6,-14.2,1.094,8,6,0,0,6
37.4,11,isocontour,11.283791670955125,40615.03,85.47,-19.3,-8.5,0.972,-1.8,0.2,1.8,12.6,-14.2,1.094,8,4,0,0,4
37.4,12,isocontour,11.283791670955125,40727.86,85.71,-14.0,-15.6,0.979,2.4,-3.1,3.9,12.6,-14.2,1.094,8,2,0,0,2
37.4,13,isocontour,11.283791670955125,39700.89,83.55,20.7,-1.1,0.993,-0.9,-0.8,1.2,12.6,-14.2,1.094,8,8,0,0,8
37.4,14,isocontour,11.283791670955125,39835.93,83.83,18.2,-9.9,0.992,-0.1,-3.7,3.7,12.6,-14.2,1.094,8,6,0,0,6
37.4,15,isocontour,11.283791670955125,38880.58,81.82,7.4,19.5,0.985,-1.0,-0.8,1.3,12.6,-14.2,1.094,8,2,0,0,2
37.4,16,isocontour,11.283791670955125,47108.67,99.13,-24.4,22.9,0.498,-0.9,-0.2,0.9,-24.4,22.9,0.51,16,0,0,0,0
37.4,17,isocontour,11.283791670955125,40473.33,85.17,18.9,9.0,0.983,-0.0,4.4,4.4,12.6,-14.2,1.094,8,7,0,0,7
37.4,18,isocontour,11.283791670955125,44453.13,93.55,1.3,20.6,0.996,-2.8,0.1,2.8,12.6,-14.2,1.094,8,1,0,0,1
37.4,19,isocontour,11.283791670955125,40874.92,86.02,-20.8,1.1,0.985,-1.9,-0.7,2.0,12.6,-14.2,1.094,8,5,0,0,5
37.4,20,isocontour,11.283791670955125,41336.54,86.99,12.7,-16.6,0.983,1.4,0.9,1.7,12.6,-14.2,1.094,8,4,0,0,4
37.4,21,isocontour,11.283791670955125,39629.17,83.39,-4.4,-20.2,0.993,-0.7,0.0,0.7,12.6,-14.2,1.094,8,2,0,0,2
37.4,22,isocontour,11.283791670955125,42518.28,89.47,-20.3,-5.4,0.979,-0.3,1.1,1.1,12.6,-14.2,1.094,8,4,0,0,4
37.4,23,isocontour,11.283791670955125,43159.89,90.82,-19.8,0.7,1.045,-0.3,0.9,0.9,12.6,-14.2,1.094,8,5,0,0,5
37.4,24,isocontour,11.283791670955125,41020.71,86.32,4.6,-20.2,0.993,-2.4,-0.1,2.4,12.6,-14.2,1.094,8,4,0,0,4
37.4,25,isocontour,11.283791670955125,39882.4,83.93,-18.2,10.2,0.986,-0.4,-0.8,0.9,12.6,-14.2,1.094,8,3,0,0,3
37.4,Target,,,,,0.0,0.0,4.023,0.0,0.0,,,,,,,,,
37.5,1,isocontour,11.283791670955125,40175.61,84.54,20.6,2.5,0.992,1.0,-0.7,1.2,12.6,-14.2,1.094,8,7,0,0,7
37.5,2,isocontour,11.283791670955125,39173.73,82.44,14.6,15.0,0.982,1.4,-2.7,3.0,12.6,-14.2,1.094,8,5,0,0,5
37.5,3,isocontour,11.283791670955125,40719.99,85.69,19.3,7.6,0.99,0.1,1.0,1.0,12.6,-14.2,1.094,8,7,0,0,7
37.5,4,isocontour,11.283791670955125,42613.34,89.67,18.9,5.8,1.049,0.4,-2.7,2.7,12.6,-14.2,1.094,8,7,0,0,7
37.5,5,isocontour,11.283791670955125,40373.93,84.96,18.0,8.1,1.048,1.4,-2.4,2.8,12.6,-14.2,1.094,8,7,0,0,7
37.5,6,isocontour,11.283791670955125,41317.37,86.95,12.5,-14.8,1.071,2.0,2.0,2.8,12.8,-13.9,1.099,8,5,0,0,5
37.5,7,isocontour,11.283791670955125,40409.19,85.04,-20.2,4.6,0.991,0.7,-1.2,1.4,12.6,-14.2,1.094,8,4,0,0,4
37.5,8,isocontour,11.283791670955125,42002.39,88.39,12.8,-14.1,1.092,-0.7,-2.6,2.7,12.8,-14.1,1.099,8,5,0,0,5
37.5,9,isocontour,11.283791670955125,40380.11,84.97,20.8,0.5,0.989,-0.1,-1.1,1.1,12.6,-14.2,1.094,8,8,0,0,8
37.5,10,isocontour,11.283791670955125,40850.92,85.97,19.4,-7.0,0.997,-1.0,2.1,2.3,12.8,-13.9,1.099,8,6,0,0,6
37.5,11,isocontour,11.283791670955125,40583.88,85.4,-19.3,-8.3,0.978,0.4,2.9,2.9,12.6,-14.2,1.094,8,4,0,0,4
37.5,12,isocontour,11.283791670955125,40700.1,85.65,-13.8,-15.8,0.979,2.2,-1.8,2.8,12.6,-14.2,1.094,8,2,0,0,2
37.5,13,isocontour,11.283791670955125,39697.24,83.54,20.8,-1.1,0.987,1.4,-0.3,1.4,12.6,-14.2,1.094,8,8,0,0,8
37.5,14,isocontour,11.283791670955125,39745.78,83.64,18.3,-10.3,0.979,0.5,-4.1,4.1,12.8,-13.9,1.099,8,6,0,0,6
37.5,15,isocontour,11.283791670955125,38850.38,81.76,7.2,19.5,0.99,-2.9,0.3,2.9,12.6,-14.2,1.094,8,2,0,0,2
37.5,16,isocontour,11.283791670955125,47107.57,99.13,-24.4,22.9,0.498,-0.7,-0.7,1.0,-24.4,22.9,0.51,16,0,0,0,0
37.5,17,isocontour,11.283791670955125,40460.38,85.14,19.0,8.9,0.977,1.7,-1.4,2.2,12.6,-14.2,1.094,8,7,0,0,7
37.5,18,isocontour,11.283791670955125,44451.96,93.54,1.1,20.6,0.996,-1.0,0.1,1.0,12.6,-14.2,1.094,8,1,0,0,1
37.5,19,isocontour,11.283791670955125,40872.25,86.01,-21.0,1.2,0.978,-1.1,0.6,1.3,12.6,-14.2,1.094,8,5,0,0,5
37.5,20,isocontour,11.283791670955125,41317.93,86.95,12.5,-16.5,0.993,-2.3,0.9,2.5,12.8,-13.9,1.099,8,4,0,0,4
37.5,21,isocontour,11.283791670955125,39605.63,83.35,-4.6,-20.2,0.991,-2.6,0.0,2.6,12.6,-14.2,1.094,8,2,0,0,2
37.5,22,isocontour,11.283791670955125,42515.21,89.47,-20.3,-5.3,0.978,-0.5,1.2,1.3,12.6,-14.2,1.094,8,4,0,0,4
37.5,23,isocontour,11.283791670955125,43158.68,90.82,-19.8,0.8,1.045,0.2,1.0,1.0,12.6,-14.2,1.094,8,5,0,0,5
37.5,24,isocontour,11.283791670955125,40984.15,86.25,4.8,-20.2,0.991,3.1,0.2,3.1,12.8,-13.9,1.099,8,4,0,0,4
37.5,25,isocontour,11.283791670955125,39880.6,83.92,-18.2,10.1,0.987,-0.2,-1.1,1.1,12.6,-14.2,1.094,8,3,0,0,3
37.5,Target,,,,,0.0,0.0,4.023,0.0,0.0,,,,,,,,,
37.6,1,isocontour,11.283791670955125,40168.08,84.53,20.7,2.5,0.983,1.8,-0.2,1.8,12.8,-13.9,1.099,8,7,0,0,7
37.6,2,isocontour,11.283791670955125,39136.09,82.36,14.5,14.7,0.994,-0.5,-3.1,3.1,12.6,-14.2,1.094,8,5,0,0,5
37.6,3,isocontour,11.283791670955125,40717.79,85.69,19.3,7.5,0.99,0.3,-1.2,1.2,12.6,-14.2,1.094,8,7,0,0,7
37.6,4,isocontour,11.283791670955125,42579.89,89.6,19.0,5.6,1.048,1.1,-2.7,2.9,12.6,-14.2,1.094,8,7,0,0,7
37.6,5,isocontour,11.283791670955125,40371.43,84.96,18.1,8.0,1.047,0.7,-1.1,1.3,12.6,-14.2,1.094,8,7,0,0,7
37.6,6,isocontour,11.283791670955125,41314.88,86.94,12.6,-14.7,1.072,0.9,0.9,1.3,12.8,-13.9,1.099,8,5,0,0,5
37.6,7,isocontour,11.283791670955125,40407.04,85.03,-20.2,4.5,0.995,0.5,-1.1,1.2,12.6,-14.2,1.094,8,4,0,0,4
37.6,8,isocontour,11.283791670955125,41988.53,88.36,12.9,-14.1,1.087,2.1,0.8,2.2,12.9,-14.1,1.099,8,5,0,0,5
37.6,9,isocontour,11.283791670955125,40377.31,84.97,20.7,0.4,0.994,-1.0,-0.8,1.3,12.8,-13.9,1.099,8,8,0,0,8
37.6,10,isocontour,11.283791670955125,40839.84,85.94,19.3,-7.2,1.001,-1.3,-1.6,2.1,12.8,-13.9,1.099,8,6,0,0,6
37.6,11,isocontour,11.283791670955125,40551.1,85.33,-19.0,-8.4,0.988,2.6,-1.3,2.9,12.6,-14.2,1.094,8,4,0,0,4
37.6,12,isocontour,11.283791670955125,40697.73,85.64,-13.6,-15.9,0.981,1.2,-0.4,1.3,12.6,-14.2,1.094,8,2,0,0,2
37.6,13,isocontour,11.283791670955125,39693.59,83.53,20.7,-1.2,0.989,-0.8,-1.1,1.4,12.8,-13.9,1.099,8,8,0,0,8
37.6,14,isocontour,11.283791670955125,39705.91,83.56,18.3,-10.1,0.979,1.0,3.0,3.2,12.8,-13.9,1.099,8,6,0,0,6
37.6,15,isocontour,11.283791670955125,38849.06,81.75,7.0,19.5,0.992,-1.0,-0.0,1.0,12.6,-14.2,1.094,8,2,0,0,2
37.6,16,isocontour,11.283791670955125,47106.47,99.13,-24.5,22.9,0.496,-0.2,0.9,0.9,-24.5,22.9,0.51,16,0,0,0,0
37.6,17,isocontour,11.283791670955125,40458.01,85.14,19.0,8.8,0.979,0.0,-1.2,1.2,12.6,-14.2,1.094,8,7,0,0,7
37.6,18,isocontour,11.283791670955125,44422.69,93.48,0.9,20.6,0.995,-2.8,0.3,2.8,12.6,-14.2,1.094,8,1,0,0,1
37.6,19,isocontour,11.283791670955125,40866.11,86.0,-20.8,1.2,0.985,1.7,0.1,1.7,12.6,-14.2,1.094,8,5,0,0,5
37.6,20,isocontour,11.283791670955125,41305.5,86.92,12.6,-16.3,0.999,1.1,1.8,2.1,12.8,-13.9,1.099,8,4,0,0,4
37.6,21,isocontour,11.283791670955125,39605.09,83.34,-4.7,-20.3,0.988,-0.7,-0.2,0.7,12.8,-13.9,1.099,8,2,0,0,2
37.6,22,isocontour,11.283791670955125,42485.32,89.41,-20.3,-5.1,0.981,0.1,2.9,2.9,12.6,-14.2,1.094,8,4,0,0,4
37.6,23,isocontour,11.283791670955125,43136.19,90.77,-19.8,1.0,1.042,-0.4,2.6,2.6,12.6,-14.2,1.094,8,5,0,0,5
37.6,24,isocontour,11.283791670955125,40958.7,86.19,5.0,-20.3,0.98,1.9,-1.9,2.7,12.8,-13.9,1.099,8,4,0,0,4
37.6,25,isocontour,11.283791670955125,39851.64,83.86,-18.2,9.8,0.994,0.0,-2.8,2.8,12.6,-14.2,1.094,8,3,0,0,3
37.6,Target,,,,,0.0,0.0,4.023,0.0,0.0,,,,,,,,,
37.7,1,isocontour,11.283791670955125,40152.67,84.5,20.9,2.3,0.976,1.4,-1.8,2.3,12.8,-13.9,1.099,8,7,0,0,7
37.7,2,isocontour,11.283791670955125,39120.07,82.32,14.7,14.6,0.991,2.2,-0.6,2.3,12.6,-14.2,1.094,8,5,0,0,5
37.7,3,isocontour,11.283791670955125,40715.63,85.68,19.4,7.5,0.985,1.1,0.4,1.2,12.8,-13.9,1.099,8,7,0,0,7
37.7,4,isocontour,11.283791670955125,42561.27,89.56,18.9,5.7,1.049,-1.0,2.2,2.4,12.8,-13.9,1.099,8,7,0,0,7
37.7,5,isocontour,11.283791670955125,40363.9,84.94,18.2,7.8,1.044,1.2,-1.4,1.8,12.8,-13.9,1.099,8,7,0,0,7
37.7,6,isocontour,11.283791670955125,41299.67,86.91,12.6,-14.5,1.078,0.8,2.1,2.2,12.8,-13.9,1.099,8,5,0,0,5
37.7,7,isocontour,11.283791670955125,40406.64,85.03,-20.2,4.6,0.995,0.0,0.7,0.7,12.6,-14.2,1.094,8,4,0,0,4
37.7,8,isocontour,11.283791670955125,41962.23,88.3,13.1,-13.9,1.085,2.1,1.7,2.7,13.1,-13.9,1.099,8,5,0,0,5
37.7,9,isocontour,11.283791670955125,40351.0,84.91,20.7,0.6,0.993,0.3,2.7,2.7,12.8,-13.9,1.099,8,8,0,0,8
37.7,10,isocontour,11.283791670955125,40696.94,85.64,19.2,-7.6,0.999,-1.4,-4.6,4.8,12.8,-13.9,1.099,8,6,0,0,6
37.7,11,isocontour,11.283791670955125,40520.9,85.27,-19.0,-8.1,0.996,0.3,2.9,2.9,12.6,-14.2,1.094,8,4,0,0,4
37.7,12,isocontour,11.283791670955125,40676.74,85.6,-13.5,-15.7,0.993,1.3,2.2,2.6,12.8,-13.9,1.099,8,2,0,0,2
37.7,13,isocontour,11.283791670955125,39691.65,83.53,20.7,-1.3,0.993,-0.7,-0.9,1.1,12.8,-13.9,1.099,8,8,0,0,8
37.7,14,isocontour,11.283791670955125,39701.08,83.55,18.3,-10.2,0.983,-1.2,-0.9,1.5,12.8,-13.9,1.099,8,6,0,0,6
37.7,15,isocontour,11.283791670955125,38825.78,81.7,6.9,19.7,0.985,-1.4,2.2,2.6,12.6,-14.2,1.094,8,2,0,0,2
37.7,16,isocontour,11.283791670955125,47105.37,99.13,-24.5,23.0,0.494,-0.8,0.4,0.9,-24.5,23.0,0.51,16,0,0,0,0
37.7,17,isocontour,11.283791670955125,40421.09,85.06,19.0,8.5,0.988,-0.7,-3.0,3.1,12.8,-13.9,1.099,8,7,0,0,7
37.7,18,isocontour,11.283791670955125,44290.14,93.2,0.4,20.7,0.994,-4.7,0.5,4.7,12.6,-14.2,1.094,8,1,0,0,1
37.7,19,isocontour,11.283791670955125,40837.76,85.94,-20.7,1.4,0.991,1.3,2.5,2.8,12.6,-14.2,1.094,8,5,0,0,5
37.7,20,isocontour,11.283791670955125,41286.43,86.88,12.6,-16.5,0.992,-0.6,-2.4,2.5,12.8,-13.9,1.099,8,4,0,0,4
37.7,21,isocontour,11.283791670955125,39604.43,83.34,-4.8,-20.3,0.986,-0.8,-0.2,0.8,12.8,-13.9,1.099,8,2,0,0,2
37.7,22,isocontour,11.283791670955125,42483.38,89.4,-20.3,-4.9,0.986,0.5,1.0,1.1,12.6,-14.2,1.094,8,4,0,0,4
37.7,23,isocontour,11.283791670955125,43134.79,90.77,-19.8,1.1,1.044,0.4,0.9,1.0,12.6,-14.2,1.094,8,5,0,0,5
37.7,24,isocontour,11.283791670955125,40950.66,86.18,5.1,-20.2,0.984,1.0,1.6,1.9,12.8,-13.9,1.099,8,4,0,0,4
37.7,25,isocontour,11.283791670955125,39831.15,83.82,-18.1,9.9,0.998,1.7,1.9,2.5,12.6,-14.2,1.094,8,3,0,0,3
37.7,Target,,,,,0.0,0.0,4.023,0.0,0.0,,,,,,,,,
37.8,1,isocontour,11.283791670955125,40150.72,84.49,20.9,2.2,0.978,-0.6,-1.0,1.2,12.8,-13.9,1.099,8,7,0,0,7
37.8,2,isocontour,11.283791670955125,39119.36,82.32,14.7,14.7,0.991,-0.7,0.5,0.9,12.8,-13.9,1.099,8,5,0,0,5
37.8,3,isocontour,11.283791670955125,40713.31,85.68,19.5,7.5,0.984,0.3,-1.2,1.2,12.8,-13.9,1.099,8,7,0,0,7
37.8,4,isocontour,11.283791670955125,42559.53,89.56,18.9,5.6,1.049,0.4,-1.0,1.1,12.8,-13.9,1.099,8,7,0,0,7
37.8,5,isocontour,11.283791670955125,40360.7,84.93,18.2,7.7,1.047,-0.0,-1.3,1.3,12.8,-13.9,1.099,8,7,0,0,7
37.8,6,isocontour,11.283791670955125,41295.54,86.9,12.7,-14.4,1.082,0.5,1.4,1.5,12.8,-13.9,1.099,8,5,0,0,5
37.8,7,isocontour,11.283791670955125,40404.2,85.03,-20.2,4.7,0.991,-0.7,1.0,1.2,12.6,-14.2,1.094,8,4,0,0,4
37.8,8,isocontour,11.283791670955125,41936.78,88.25,13.3,-13.7,1.087,1.6,2.2,2.7,13.3,-13.7,1.099,8,5,0,0,5
37.8,9,isocontour,11.283791670955125,40347.8,84.91,20.8,0.6,0.988,1.1,-0.8,1.4,12.8,-13.9,1.099,8,8,0,0,8
37.8,10,isocontour,11.283791670955125,40674.7,85.59,19.3,-7.8,0.987,2.1,-1.5,2.6,12.8,-13.9,1.099,8,7,0,0,7
37.8,11,isocontour,11.283791670955125,40502.96,85.23,-19.1,-8.2,0.987,-1.7,-1.7,2.4,12.8,-13.9,1.099,8,4,0,0,4
37.8,12,isocontour,11.283791670955125,40672.28,85.59,-13.4,-15.7,0.998,1.4,-0.5,1.5,12.8,-13.9,1.099,8,2,0,0,2
37.8,13,isocontour,11.283791670955125,39666.48,83.47,20.7,-1.1,0.992,0.4,2.7,2.7,12.8,-13.9,1.099,8,8,0,0,8
37.8,14,isocontour,11.283791670955125,39700.47,83.54,18.3,-10.1,0.984,0.2,0.8,0.8,12.8,-13.9,1.099,8,6,0,0,6
37.8,15,isocontour,11.283791670955125,38783.61,81.62,7.0,19.5,0.994,1.5,-2.9,3.3,12.6,-14.2,1.094,8,2,0,0,2
37.8,16,isocontour,11.283791670955125,47104.27,99.13,-24.6,23.0,0.491,-0.4,0.8,0.9,-24.6,23.0,0.51,16,0,0,0,0
37.8,17,isocontour,11.283791670955125,40417.04,85.05,18.9,8.4,0.994,-0.5,-1.4,1.5,12.8,-13.9,1.099,8,7,0,0,7
37.8,18,isocontour,11.283791670955125,44288.97,93.2,0.3,20.7,0.993,-1.0,0.1,1.0,12.6,-14.2,1.094,8,1,0,0,1
37.8,19,isocontour,11.283791670955125,40833.63,85.93,-20.8,1.5,0.985,-1.5,0.1,1.5,12.6,-14.2,1.094,8,5,0,0,5
37.8,20,isocontour,11.283791670955125,41202.01,86.7,12.5,-16.9,0.977,-0.6,-4.0,4.0,12.8,-13.9,1.099,8,5,0,0,5
37.8,21,isocontour,11.283791670955125,39602.58,83.34,-4.9,-20.2,0.99,-0.6,0.9,1.1,12.8,-13.9,1.099,8,2,0,0,2
37.8,22,isocontour,11.283791670955125,42481.98,89.4,-20.2,-4.8,0.988,0.2,1.0,1.0,12.6,-14.2,1.094,8,4,0,0,4
37.8,23,isocontour,11.283791670955125,43105.83,90.71,-19.7,1.4,1.047,0.7,2.7,2.8,12.6,-14.2,1.094,8,5,0,0,5
37.8,24,isocontour,11.283791670955125,40940.05,86.15,5.2,-20.0,0.994,0.4,2.0,2.0,12.8,-13.9,1.099,8,4,0,0,4
37.8,25,isocontour,11.283791670955125,39710.82,83.57,-17.9,10.3,0.996,1.7,4.2,4.5,12.6,-14.2,1.094,8,3,0,0,3
37.8,Target,,,,,0.0,0.0,4.023,0.0,0.0,,,,,,,,,
37.9,1,isocontour,11.283791670955125,40138.3,84.47,20.7,2.3,0.985,-1.6,1.4,2.1,12.8,-13.9,1.099,8,7,0,0,7
37.9,2,isocontour,11.283791670955125,39085.24,82.25,14.7,14.9,0.979,0.5,3.0,3.0,12.8,-13.9,1.099,8,5,0,0,5
37.9,3,isocontour,11.283791670955125,40677.11,85.6,19.4,7.2,0.994,-1.1,-2.8,3.0,12.8,-13.9,1.099,8,7,0,0,7
37.9,4,isocontour,11.283791670955125,42558.89,89.56,18.9,5.7,1.048,-0.2,0.8,0.8,12.8,-13.9,1.099,8,7,0,0,7
37.9,5,isocontour,11.283791670955125,40323.78,84.86,18.3,7.4,1.049,0.9,-2.9,3.0,12.8,-13.9,1.099,8,7,0,0,7
37.9,6,isocontour,11.283791670955125,41280.52,86.87,12.5,-14.4,1.09,-2.2,-0.3,2.2,12.8,-13.9,1.099,8,5,0,0,5
37.9,7,isocontour,11.283791670955125,40398.49,85.01,-20.4,4.7,0.983,-1.6,-0.0,1.6,12.6,-14.2,1.094,8,4,0,0,4
37.9,8,isocontour,11.283791670955125,41933.71,88.24,13.2,-13.7,1.092,-1.3,-0.3,1.3,13.2,-13.7,1.099,8,5,0,0,5
37.9,9,isocontour,11.283791670955125,40346.77,84.9,20.8,0.6,0.986,0.1,0.9,0.9,12.8,-13.9,1.099,8,8,0,0,8
37.9,10,isocontour,11.283791670955125,40644.19,85.53,19.4,-7.5,0.988,0.5,2.8,2.8,12.8,-13.9,1.099,8,6,0,0,6
37.9,11,isocontour,11.283791670955125,40376.22,84.97,-19.0,-8.6,0.987,2.2,-4.1,4.7,12.8,-13.9,1.099,8,4,0,0,4
37.9,12,isocontour,11.283791670955125,40671.57,85.59,-13.4,-15.7,0.997,-0.8,0.2,0.8,12.8,-13.9,1.099,8,2,0,0,2
37.9,13,isocontour,11.283791670955125,39635.64,83.41,20.7,-1.3,0.989,0.5,-2.8,2.8,12.8,-13.9,1.099,8,8,0,0,8
37.9,14,isocontour,11.283791670955125,39694.55,83.53,18.2,-10.0,0.991,-0.7,1.5,1.7,12.8,-13.9,1.099,8,6,0,0,6
37.9,15,isocontour,11.283791670955125,38766.53,81.58,6.9,19.6,0.99,-1.4,1.9,2.4,12.8,-13.9,1.099,8,2,0,0,2
37.9,16,isocontour,11.283791670955125,47103.17,99.12,-24.6,23.0,0.492,-0.2,-0.9,0.9,-24.6,23.0,0.51,16,0,0,0,0
37.9,17,isocontour,11.283791670955125,40415.3,85.05,19.0,8.4,0.99,1.1,0.3,1.1,12.8,-13.9,1.099,8,7,0,0,7
37.9,18,isocontour,11.283791670955125,44195.53,93.0,-0.1,20.7,0.994,-4.2,-0.2,4.2,12.6,-14.2,1.094,8,1,0,0,1
37.9,19,isocontour,11.283791670955125,40833.52,85.93,-20.9,1.4,0.982,-0.4,-0.2,0.4,12.8,-13.9,1.099,8,5,0,0,5
37.9,20,isocontour,11.283791670955125,41189.59,86.68,12.3,-17.0,0.977,-2.0,-0.8,2.2,12.8,-13.9,1.099,8,4,0,0,4
37.9,21,isocontour,11.283791670955125,39595.54,83.32,-4.9,-20.0,0.998,-0.4,1.7,1.7,12.8,-13.9,1.099,8,2,0,0,2
37.9,22,isocontour,11.283791670955125,42475.06,89.38,-20.1,-4.7,0.995,1.0,1.4,1.7,12.8,-13.9,1.099,8,4,0,0,4
37.9,23,isocontour,11.283791670955125,43104.3,90.71,-19.7,1.5,1.05,0.5,0.9,1.0,12.8,-13.9,1.099,8,5,0,0,5
37.9,24,isocontour,11.283791670955125,40937.79,86.15,5.3,-20.0,0.995,1.2,0.3,1.2,12.8,-13.9,1.099,8,4,0,0,4
37.9,25,isocontour,11.283791670955125,39685.93,83.51,-17.8,10.6,0.994,1.2,2.4,2.7,12.6,-14.2,1.094,8,3,0,0,3
37.9,Target,,,,,0.0,0.0,4.023,0.0,0.0,,,,,,,,,
38.0,1,isocontour,11.283791670955125,40119.68,84.43,20.6,2.5,0.993,-1.7,1.8,2.5,20.6,2.5,0.985,1,7,0,0,7
38.0,2,isocontour,11.283791670955125,39081.51,82.24,14.7,14.9,0.984,-1.0,-1.0,1.4,14.7,14.9,0.979,2,5,0,0,5
38.0,3,isocontour,11.283791670955125,40676.47,85.6,19.4,7.2,0.995,-0.1,0.8,0.8,19.4,7.2,0.994,3,7,0,0,7
38.0,4,isocontour,11.283791670955125,42553.38,89.55,19.0,5.7,1.042,1.6,-0.4,1.6,19.0,5.7,1.048,4,7,0,0,7
38.0,5,isocontour,11.283791670955125,40319.9,84.85,18.4,7.3,1.045,1.1,-0.9,1.4,18.4,7.3,1.049,5,7,0,0,7
38.0,6,isocontour,11.283791670955125,41267.93,86.84,12.3,-14.4,1.097,-2.1,-0.3,2.1,12.3,-14.4,1.09,6,5,0,0,5
38.0,7,isocontour,11.283791670955125,40396.0,85.01,-20.3,4.6,0.986,0.8,-0.9,1.2,-20.3,4.6,0.983,7,4,0,0,4
38.0,8,isocontour,11.283791670955125,41907.12,88.19,13.1,-13.9,1.091,-1.8,-2.1,2.8,13.1,-13.9,1.092,8,5,0,0,5
38.0,9,isocontour,11.283791670955125,40333.64,84.88,20.7,0.6,0.996,-2.0,-0.9,2.2,20.7,0.6,0.986,9,8,0,0,8
38.0,10,isocontour,11.283791670955125,40635.21,85.51,19.2,-7.5,0.997,-1.9,0.2,1.9,19.2,-7.5,0.988,10,6,0,0,6
38.0,11,isocontour,11.283791670955125,40372.34,84.96,-18.9,-8.8,0.988,0.7,-1.3,1.5,-18.9,-8.8,0.987,11,4,0,0,4
38.0,12,isocontour,11.283791670955125,40671.0,85.59,-13.5,-15.7,0.995,-0.7,0.2,0.7,-13.5,-15.7,0.997,12,2,0,0,2
38.0,13,isocontour,11.283791670955125,39634.47,83.41,20.8,-1.2,0.988,0.1,1.0,1.0,20.8,-1.2,0.989,13,8,0,0,8
38.0,14,isocontour,11.283791670955125,39692.4,83.53,18.1,-10.0,0.992,-0.5,-1.1,1.2,18.1,-10.0,0.991,14,6,0,0,6
38.0,15,isocontour,11.283791670955125,38764.83,81.58,6.9,19.5,0.993,0.3,-1.1,1.1,6.9,19.5,0.99,15,2,0,0,2
38.0,16,isocontour,11.283791670955125,47102.07,99.12,-24.7,22.9,0.492,-0.7,-0.6,0.9,-24.7,22.9,0.492,16,0,0,0,0
38.0,17,isocontour,11.283791670955125,40305.68,84.82,18.9,8.8,0.985,-1.0,4.3,4.4,18.9,8.8,0.99,17,7,0,0,7
38.0,18,isocontour,11.283791670955125,44194.36,93.0,-0.2,20.7,0.994,-0.9,0.1,0.9,-0.2,20.7,0.994,18,1,0,0,1
38.0,19,isocontour,11.283791670955125,40820.75,85.9,-20.7,1.5,0.992,2.1,0.3,2.1,-20.7,1.5,0.982,19,5,0,0,5
38.0,20,isocontour,11.283791670955125,41159.7,86.62,12.1,-16.9,0.989,-2.7,1.0,2.9,12.1,-16.9,0.977,20,4,0,0,4
38.0,21,isocontour,11.283791670955125,39570.92,83.27,-5.0,-20.2,0.987,-1.3,-2.3,2.6,-5.0,-20.2,0.998,21,2,0,0,2
38.0,22,isocontour,11.283791670955125,42473.96,89.38,-20.1,-4.7,0.996,0.3,-0.9,0.9,-20.1,-4.7,0.995,22,4,0,0,4
38.0,23,isocontour,11.283791670955125,43101.5,90.7,-19.6,1.4,1.056,1.1,-0.7,1.3,-19.6,1.4,1.05,23,5,0,0,5
38.0,24,isocontour,11.283791670955125,40937.62,86.15,5.3,-20.0,0.995,-0.5,-0.1,0.5,5.3,-20.0,0.995,24,4,0,0,4
38.0,25,isocontour,11.283791670955125,39683.49,83.51,-17.8,10.7,0.991,-0.0,1.2,1.2,-17.8,10.7,0.994,25,3,0,0,3
38.0,Target,,,,,0.0,0.0,4.023,0.0,0.0,,,,,,,,,
38.1,1,isocontour,11.283791670955125,40083.48,84.35,20.6,2.8,0.989,0.7,3.0,3.1,18.4,7.3,1.049,5,7,0,0,7
38.1,2,isocontour,11.283791670955125,39078.51,82.24,14.6,14.7,0.99,-0.0,-1.3,1.3,18.4,7.3,1.049,5,5,0,0,5
38.1,3,isocontour,11.283791670955125,40646.27,85.54,19.4,7.5,0.989,0.0,2.9,2.9,18.4,7.3,1.049,5,7,0,0,7
38.1,4,isocontour,11.283791670955125,42552.62,89.55,19.1,5.6,1.038,0.7,-0.5,0.9,18.4,7.3,1.049,5,7,0,0,7
38.1,5,isocontour,11.283791670955125,40301.73,84.81,18.4,7.1,1.048,0.2,-2.4,2.4,18.4,7.1,1.049,5,7,0,0,7
38.1,6,isocontour,11.283791670955125,41261.57,86.83,12.3,-14.3,1.103,0.4,1.6,1.6,12.3,-14.3,1.097,6,5,0,0,5
38.1,7,isocontour,11.283791670955125,40392.93,85.0,-20.3,4.5,0.991,0.5,-1.2,1.3,-19.6,1.4,1.056,23,4,0,0,4
38.1,8,isocontour,11.283791670955125,41899.59,88.17,13.2,-13.9,1.086,1.7,0.5,1.8,12.3,-14.4,1.097,6,5,0,0,5
38.1,9,isocontour,11.283791670955125,40331.08,84.87,20.7,0.7,0.994,0.8,1.0,1.3,18.4,7.3,1.049,5,8,0,0,8
38.1,10,isocontour,11.283791670955125,40632.14,85.51,19.1,-7.6,0.999,-0.6,-1.2,1.3,12.3,-14.4,1.097,6,6,0,0,6
38.1,11,isocontour,11.283791670955125,40364.3,84.94,-18.7,-8.7,0.996,1.4,1.2,1.8,-19.6,1.4,1.056,23,4,0,0,4
38.1,12,isocontour,11.283791670955125,40669.3,85.58,-13.5,-15.8,0.991,0.1,-1.1,1.1,-5.0,-20.2,0.998,21,2,0,0,2
38.1,13,isocontour,11.283791670955125,39622.57,83.38,20.6,-1.1,0.997,-1.8,1.0,2.1,18.4,7.3,1.049,5,8,0,0,8
38.1,14,isocontour,11.283791670955125,39676.38,83.49,18.2,-10.2,0.985,0.4,-2.3,2.3,12.3,-14.4,1.097,6,6,0,0,6
38.1,15,isocontour,11.283791670955125,38764.44,81.58,7.0,19.5,0.993,0.6,-0.1,0.6,-0.2,20.7,0.994,18,2,0,0,2
38.1,16,isocontour,11.283791670955125,47100.97,99.12,-24.8,23.0,0.49,-0.8,0.6,1.0,-24.8,23.0,0.492,16,0,0,0,0
38.1,17,isocontour,11.283791670955125,40304.68,84.82,19.0,8.9,0.98,0.6,0.7,0.9,18.4,7.3,1.049,5,7,0,0,7
38.1,18,isocontour,11.283791670955125,44054.1,92.71,-0.6,20.8,0.99,-4.8,0.7,4.9,-0.6,20.8,0.994,18,1,0,0,1
38.1,19,isocontour,11.283791670955125,40800.97,85.86,-20.7,1.3,0.989,-1.1,-2.2,2.5,-19.6,1.4,1.056,23,5,0,0,5
38.1,20,isocontour,11.283791670955125,41137.21,86.57,11.8,-16.8,1.001,-2.5,0.7,2.6,12.3,-14.4,1.097,6,4,0,0,4
38.1,21,isocontour,11.283791670955125,39558.67,83.25,-5.1,-20.1,0.994,-0.3,2.1,2.1,-5.1,-20.1,0.998,21,2,0,0,2
38.1,22,isocontour,11.283791670955125,42368.73,89.16,-20.1,-5.1,0.991,-0.1,-4.4,4.4,-19.6,1.4,1.056,23,4,0,0,4
38.1,23,isocontour,11.283791670955125,43075.77,90.65,-19.6,1.2,1.058,-0.0,-2.7,2.7,-19.6,1.2,1.056,23,5,0,0,5
38.1,24,isocontour,11.283791670955125,40918.54,86.11,5.0,-20.0,0.996,-2.4,-0.4,2.4,12.3,-14.4,1.097,6,4,0,0,4
38.1,25,isocontour,11.283791670955125,39573.13,83.28,-17.6,11.1,0.986,1.5,4.2,4.5,-19.6,1.4,1.056,23,3,0,0,3
38.1,Target,,,,,0.0,0.0,4.023,0.0,0.0,,,,,,,,,
38.2,1,isocontour,11.283791670955125,39997.18,84.17,20.7,2.5,0.983,1.6,-3.8,4.1,12.3,-14.4,1.097,6,7,0,0,7
38.2,2,isocontour,11.283791670955125,39057.53,82.19,14.4,14.8,0.995,-2.4,1.0,2.6,18.4,7.3,1.049,5,5,0,0,5
38.2,3,isocontour,11.283791670955125,40644.91,85.53,19.4,7.4,0.989,0.3,-1.0,1.0,18.4,7.3,1.049,5,7,0,0,7
38.2,4,isocontour,11.283791670955125,42551.99,89.55,19.1,5.6,1.039,-0.2,-0.8,0.8,18.4,7.3,1.049,5,7,0,0,7
38.2,5,isocontour,11.283791670955125,40281.24,84.77,18.5,6.8,1.051,0.5,-2.5,2.5,18.4,7.3,1.049,5,7,0,0,7
38.2,6,isocontour,11.283791670955125,41247.14,86.8,12.5,-14.2,1.097,2.2,0.3,2.2,12.5,-14.2,1.103,6,5,0,0,5
38.2,7,isocontour,11.283791670955125,40388.1,84.99,-20.2,4.6,0.994,0.9,1.3,1.6,-19.6,1.2,1.058,23,4,0,0,4
38.2,8,isocontour,11.283791670955125,41893.56,88.16,13.2,-13.7,1.089,0.6,1.6,1.7,12.3,-14.3,1.103,6,5,0,0,5
38.2,9,isocontour,11.283791670955125,40327.04,84.86,20.8,0.6,0.987,1.3,-0.7,1.5,12.3,-14.4,1.097,6,8,0,0,8
38.2,10,isocontour,11.283791670955125,40595.58,85.43,19.1,-7.9,0.996,-0.4,-3.0,3.0,12.3,-14.3,1.103,6,6,0,0,6
38.2,11,isocontour,11.283791670955125,40357.37,84.93,-18.9,-8.6,0.991,-1.6,0.6,1.7,-19.6,1.2,1.058,23,4,0,0,4
38.2,12,isocontour,11.283791670955125,40642.71,85.53,-13.7,-15.9,0.977,-2.2,-1.7,2.8,-19.6,1.4,1.056,23,2,0,0,2
38.2,13,isocontour,11.283791670955125,39596.83,83.33,20.6,-0.9,0.997,0.4,2.7,2.7,12.3,-14.4,1.097,6,8,0,0,8
38.2,14,isocontour,11.283791670955125,39674.48,83.49,18.1,-10.3,0.988,-1.1,-0.1,1.1,12.3,-14.3,1.103,6,6,0,0,6
38.2,15,isocontour,11.283791670955125,38731.33,81.51,7.2,19.4,0.991,2.9,-0.6,3.0,18.4,7.3,1.049,5,2,0,0,2
38.2,16,isocontour,11.283791670955125,47099.87,99.12,-24.7,22.9,0.491,0.9,-0.3,0.9,-24.7,22.9,0.492,16,0,0,0,0
38.2,17,isocontour,11.283791670955125,40283.45,84.77,18.9,8.7,0.988,-0.8,-2.4,2.5,18.4,7.3,1.049,5,7,0,0,7
38.2,18,isocontour,11.283791670955125,44053.29,92.7,-0.8,20.8,0.989,-0.8,0.1,0.8,-0.8,20.8,0.994,18,1,0,0,1
38.2,19,isocontour,11.283791670955125,40739.09,85.73,-20.9,1.0,0.983,-1.3,-3.4,3.6,-19.6,1.2,1.058,23,5,0,0,5
38.2,20,isocontour,11.283791670955125,41133.32,86.56,11.9,-16.8,0.999,1.4,0.2,1.4,12.3,-14.3,1.103,6,4,0,0,4
38.2,21,isocontour,11.283791670955125,39551.38,83.23,-5.0,-20.2,0.988,0.5,-1.7,1.8,12.3,-14.4,1.097,6,2,0,0,2
38.2,22,isocontour,11.283791670955125,42259.11,88.93,-20.2,-5.6,0.98,-1.0,-4.3,4.4,-19.6,1.2,1.058,23,4,0,0,4
38.2,23,isocontour,11.283791670955125,43074.95,90.65,-19.5,1.1,1.058,0.0,-0.8,0.8,-19.5,1.1,1.058,23,5,0,0,5
38.2,24,isocontour,11.283791670955125,40908.09,86.09,4.9,-20.2,0.99,-1.0,-1.7,2.0,12.3,-14.3,1.103,6,4,0,0,4
38.2,25,isocontour,11.283791670955125,39571.38,83.27,-17.7,11.1,0.985,-0.8,-0.8,1.1,-19.6,1.2,1.058,23,3,0,0,3
38.2,Target,,,,,0.0,0.0,4.023,0.0,0.0,,,,,,,,,
38.3,1,isocontour,11.283791670955125,39965.05,84.1,20.7,2.2,0.988,-0.8,-2.8,2.9,12.3,-14.3,1.103,6,7,0,0,7
38.3,2,isocontour,11.283791670955125,39045.28,82.17,14.6,14.8,0.99,2.1,-0.4,2.1,18.5,6.8,1.051,5,5,0,0,5
38.3,3,isocontour,11.283791670955125,40607.27,85.45,19.3,7.2,1.0,-1.4,-2.7,3.0,12.3,-14.4,1.097,6,7,0,0,7
38.3,4,isocontour,11.283791670955125,42549.94,89.54,19.1,5.4,1.042,-0.3,-1.1,1.1,12.3,-14.4,1.097,6,7,0,0,7
38.3,5,isocontour,11.283791670955125,40249.76,84.7,18.5,6.6,1.054,0.4,-2.9,2.9,12.3,-14.4,1.097,6,7,0,0,7
38.3,6,isocontour,11.283791670955125,41225.91,86.75,12.7,-14.4,1.083,1.8,-1.8,2.5,12.7,-14.4,1.103,6,5,0,0,5
38.3,7,isocontour,11.283791670955125,40386.66,84.99,-20.1,4.7,0.996,0.5,0.9,1.0,-19.6,1.2,1.058,23,4,0,0,4
38.3,8,isocontour,11.283791670955125,41889.44,88.15,13.2,-13.8,1.089,-0.9,-1.2,1.5,12.3,-14.3,1.103,6,5,0,0,5
38.3,9,isocontour,11.283791670955125,40220.36,84.64,20.8,0.2,0.987,-0.2,-4.4,4.4,12.3,-14.3,1.103,6,8,0,0,8
38.3,10,isocontour,11.283791670955125,40587.41,85.41,19.2,-8.0,0.989,0.6,-1.7,1.8,12.3,-14.3,1.103,6,6,0,0,6
38.3,11,isocontour,11.283791670955125,40356.85,84.93,-18.8,-8.7,0.992,0.5,-0.5,0.7,-19.6,1.2,1.058,23,4,0,0,4
38.3,12,isocontour,11.283791670955125,40630.29,85.5,-13.6,-15.8,0.985,1.5,1.5,2.1,12.3,-14.4,1.097,6,2,0,0,2
38.3,13,isocontour,11.283791670955125,39592.45,83.32,20.7,-0.9,0.991,1.3,-0.8,1.5,12.3,-14.3,1.103,6,8,0,0,8
38.3,14,isocontour,11.283791670955125,39671.42,83.48,17.9,-10.3,0.993,-1.3,-0.3,1.3,12.3,-14.3,1.103,6,6,0,0,6
38.3,15,isocontour,11.283791670955125,38727.53,81.5,7.4,19.5,0.987,1.4,0.3,1.4,18.4,7.3,1.049,5,2,0,0,2
38.3,16,isocontour,11.283791670955125,47098.78,99.11,-24.7,23.0,0.49,-0.7,0.6,0.9,-24.7,23.0,0.492,16,0,0,0,0
38.3,17,isocontour,11.283791670955125,40245.44,84.69,18.8,8.4,0.998,-0.7,-3.0,3.1,12.3,-14.4,1.097,6,7,0,0,7
38.3,18,isocontour,11.283791670955125,44015.64,92.63,-0.5,20.7,0.991,3.0,-0.5,3.0,18.4,7.3,1.049,5,1,0,0,1
38.3,19,isocontour,11.283791670955125,40714.74,85.68,-20.7,1.0,0.992,2.1,1.7,2.7,-19.6,1.2,1.058,23,5,0,0,5
38.3,20,isocontour,11.283791670955125,41128.85,86.55,11.8,-16.9,0.996,-0.9,-1.2,1.5,12.3,-14.3,1.103,6,4,0,0,4
38.3,21,isocontour,11.283791670955125,39513.74,83.15,-4.8,-20.2,0.992,3.1,0.3,3.1,12.3,-14.3,1.103,6,2,0,0,2
38.3,22,isocontour,11.283791670955125,42254.19,88.92,-20.3,-5.5,0.975,-1.0,1.2,1.6,-19.6,1.2,1.058,23,4,0,0,4
38.3,23,isocontour,11.283791670955125,43074.08,90.64,-19.6,1.0,1.057,-0.3,-0.8,0.9,-19.6,1.0,1.058,23,5,0,0,5
38.3,24,isocontour,11.283791670955125,40907.24,86.08,4.9,-20.2,0.992,-0.6,0.6,0.8,12.3,-14.3,1.103,6,4,0,0,4
38.3,25,isocontour,11.283791670955125,39569.01,83.27,-17.7,11.0,0.986,-0.4,-1.2,1.3,-19.6,1.2,1.058,23,3,0,0,3
38.3,Target,,,,,0.0,0.0,4.023,0.0,0.0,,,,,,,,,
38.4,1,isocontour,11.283791670955125,39939.04,84.05,20.6,2.4,0.99,-0.6,2.7,2.8,12.3,-14.3,1.103,6,7,0,0,7
38.4,2,isocontour,11.283791670955125,38946.41,81.96,14.4,15.0,0.989,-3.0,3.1,4.3,12.3,-14.4,1.097,6,5,0,0,5
38.4,3,isocontour,11.283791670955125,40599.87,85.44,19.2,7.3,1.005,-1.3,1.3,1.8,12.3,-14.3,1.103,6,7,0,0,7
38.4,4,isocontour,11.283791670955125,42525.32,89.49,19.1,5.7,1.04,-0.2,2.7,2.7,12.3,-14.3,1.103,6,7,0,0,7
38.4,5,isocontour,11.283791670955125,40230.22,84.66,18.6,6.7,1.045,1.4,2.0,2.4,12.3,-14.3,1.103,6,7,0,0,7
38.4,6,isocontour,11.283791670955125,41217.75,86.74,12.7,-14.5,1.073,0.2,-1.8,1.8,12.7,-14.5,1.103,6,5,0,0,5
38.4,7,isocontour,11.283791670955125,40364.93,84.94,-20.1,4.9,0.995,0.4,2.5,2.5,-19.6,1.2,1.058,23,4,0,0,4
38.4,8,isocontour,11.283791670955125,41876.66,88.12,13.0,-13.9,1.089,-1.6,-1.4,2.1,12.3,-14.3,1.103,6,5,0,0,5
38.4,9,isocontour,11.283791670955125,40219.08,84.64,20.8,0.2,0.99,-0.5,0.8,0.9,12.3,-14.3,1.103,6,8,0,0,8
38.4,10,isocontour,11.283791670955125,40586.89,85.41,19.2,-8.1,0.985,0.7,-0.2,0.7,12.3,-14.3,1.103,6,6,0,0,6
38.4,11,isocontour,11.283791670955125,40229.29,84.66,-18.7,-9.0,0.991,1.9,-4.2,4.6,12.3,-14.4,1.097,6,4,0,0,4
38.4,12,isocontour,11.283791670955125,40620.14,85.48,-13.4,-15.8,0.994,2.0,0.4,2.0,12.3,-14.3,1.103,6,2,0,0,2
38.4,13,isocontour,11.283791670955125,39559.34,83.25,20.9,-1.1,0.98,2.0,-2.2,3.0,12.3,-14.3,1.103,6,8,0,0,8
38.4,14,isocontour,11.283791670955125,39664.01,83.47,18.1,-10.4,0.986,1.7,-0.6,1.8,12.3,-14.3,1.103,6,6,0,0,6
38.4,15,isocontour,11.283791670955125,38680.89,81.4,7.5,19.2,0.997,1.4,-3.0,3.3,18.5,6.8,1.051,5,2,0,0,2
38.4,16,isocontour,11.283791670955125,47097.68,99.11,-24.8,23.0,0.488,-0.9,-0.3,0.9,-24.8,23.0,0.492,16,0,0,0,0
38.4,17,isocontour,11.283791670955125,40223.71,84.65,18.8,8.6,0.997,-0.6,2.5,2.6,12.3,-14.3,1.103,6,7,0,0,7
38.4,18,isocontour,11.283791670955125,44014.71,92.62,-0.6,20.7,0.992,-0.9,-0.1,0.9,18.4,7.3,1.049,5,1,0,0,1
38.4,19,isocontour,11.283791670955125,40689.01,85.63,-20.7,1.3,0.991,-0.3,2.7,2.7,-19.6,1.2,1.058,23,5,0,0,5
38.4,20,isocontour,11.283791670955125,41081.38,86.45,11.9,-17.2,0.981,1.3,-3.1,3.4,12.3,-14.3,1.103,6,4,0,0,4
38.4,21,isocontour,11.283791670955125,39496.89,83.12,-4.9,-20.1,0.994,-2.2,0.8,2.3,12.3,-14.3,1.103,6,2,0,0,2
38.4,22,isocontour,11.283791670955125,42222.71,88.85,-20.2,-5.3,0.982,0.9,2.8,2.9,-19.6,1.2,1.058,23,4,0,0,4
38.4,23,isocontour,11.283791670955125,43071.01,90.64,-19.7,1.1,1.052,-1.0,0.9,1.3,-19.7,1.1,1.058,23,5,0,0,5
38.4,24,isocontour,11.283791670955125,40885.26,86.04,5.0,-20.2,0.985,2.4,-1.0,2.6,12.3,-14.3,1.103,6,4,0,0,4
38.4,25,isocontour,11.283791670955125,39565.28,83.26,-17.8,10.9,0.985,-0.8,-1.1,1.4,-19.6,1.2,1.058,23,3,0,0,3
38.4,Target,,,,,0.0,0.0,4.023,0.0,0.0,,,,,,,,,
38.5,1,isocontour,11.283791670955125,39937.43,84.04,20.6,2.5,0.993,-0.7,0.8,1.1,12.3,-14.3,1.103,6,7,0,0,7
38.5,2,isocontour,11.283791670955125,38922.33,81.91,14.5,15.0,0.983,2.5,-0.8,2.6,12.3,-14.3,1.103,6,5,0,0,5
38.5,3,isocontour,11.283791670955125,40598.51,85.43,19.1,7.2,1.008,-0.1,-1.0,1.0,12.3,-14.3,1.103,6,7,0,0,7
38.5,4,isocontour,11.283791670955125,42498.73,89.43,19.0,5.9,1.037,-0.3,2.7,2.7,12.3,-14.3,1.103,6,7,0,0,7
38.5,5,isocontour,11.283791670955125,40223.42,84.65,18.8,6.6,1.037,1.5,-0.9,1.7,12.3,-14.3,1.103,6,7,0,0,7
38.5,6,isocontour,11.283791670955125,41193.67,86.69,13.0,-14.5,1.067,2.4,1.1,2.6,13.0,-14.5,1.103,6,5,0,0,5
38.5,7,isocontour,11.283791670955125,40285.99,84.78,-20.1,5.3,0.988,-0.6,3.9,3.9,-19.6,1.2,1.058,23,4,0,0,4
38.5,8,isocontour,11.283791670955125,41871.36,88.11,13.1,-13.8,1.09,1.1,1.2,1.6,12.3,-14.3,1.103,6,5,0,0,5
38.5,9,isocontour,11.283791670955125,40188.88,84.57,20.8,0.0,0.989,0.3,-2.9,2.9,12.3,-14.3,1.103,6,8,0,0,8
38.5,10,isocontour,11.283791670955125,40578.04,85.39,19.3,-8.0,0.984,0.8,1.7,1.9,12.3,-14.3,1.103,6,6,0,0,6
38.5,11,isocontour,11.283791670955125,40153.29,84.5,-18.7,-9.4,0.979,-1.0,-3.8,3.9,12.3,-14.3,1.103,6,4,0,0,4
38.5,12,isocontour,11.283791670955125,40594.97,85.43,-13.6,-15.9,0.983,-2.3,-1.4,2.7,12.3,-14.3,1.103,6,2,0,0,2
38.5,13,isocontour,11.283791670955125,39557.19,83.24,21.0,-1.1,0.978,0.3,1.1,1.1,12.3,-14.3,1.103,6,8,0,0,8
38.5,14,isocontour,11.283791670955125,39658.51,83.46,18.2,-10.3,0.983,1.0,1.3,1.6,12.3,-14.3,1.103,6,6,0,0,6
38.5,15,isocontour,11.283791670955125,38679.41,81.4,7.6,19.2,0.998,1.0,-0.1,1.0,12.3,-14.4,1.097,6,2,0,0,2
38.5,16,isocontour,11.283791670955125,47096.58,99.11,-24.8,22.9,0.49,0.9,-0.1,0.9,-24.8,22.9,0.492,16,0,0,0,0
38.5,17,isocontour,11.283791670955125,40139.29,84.47,18.8,8.9,0.988,0.1,4.0,4.0,12.3,-14.3,1.103,6,7,0,0,7
38.5,18,isocontour,11.283791670955125,43902.85,92.39,-1.0,20.8,0.989,-4.4,0.6,4.4,18.5,6.8,1.051,5,1,0,0,1
38.5,19,isocontour,11.283791670955125,40673.8,85.59,-20.9,1.4,0.98,-2.3,0.3,2.3,12.3,-14.4,1.097,6,5,0,0,5
38.5,20,isocontour,11.283791670955125,41080.47,86.45,11.9,-17.2,0.981,-0.9,0.2,0.9,12.3,-14.3,1.103,6,4,0,0,4
38.5,21,isocontour,11.283791670955125,39495.57,83.11,-4.9,-20.1,0.994,1.0,-0.3,1.0,12.3,-14.3,1.103,6,2,0,0,2
38.5,22,isocontour,11.283791670955125,42191.88,88.79,-20.2,-5.0,0.988,0.4,2.9,2.9,12.3,-14.4,1.097,6,4,0,0,4
38.5,23,isocontour,11.283791670955125,43043.55,90.58,-19.7,0.8,1.05,-0.4,-2.8,2.8,12.3,-14.4,1.097,6,5,0,0,5
38.5,24,isocontour,11.283791670955125,40817.1,85.89,4.8,-20.4,0.982,-3.5,-1.3,3.7,12.3,-14.3,1.103,6,4,0,0,4
38.5,25,isocontour,11.283791670955125,39562.79,83.26,-17.8,10.8,0.986,-0.5,-1.1,1.2,-19.6,1.2,1.058,23,3,0,0,3
38.5,Target,,,,,0.0,0.0,4.023,0.0,0.0,,,,,,,,,
38.6,1,isocontour,11.283791670955125,39906.91,83.98,20.6,2.2,0.992,0.6,-2.8,2.9,12.3,-14.3,1.103,6,7,0,0,7
38.6,2,isocontour,11.283791670955125,38921.3,81.91,14.5,15.0,0.985,-0.9,-0.1,0.9,12.3,-14.3,1.103,6,5,0,0,5
38.6,3,isocontour,11.283791670955125,40491.1,85.21,19.1,7.5,1.004,-0.6,4.3,4.3,12.3,-14.3,1.103,6,7,0,0,7
38.6,4,isocontour,11.283791670955125,42496.68,89.43,19.1,5.9,1.034,0.8,-0.8,1.1,12.3,-14.3,1.103,6,7,0,0,7
38.6,5,isocontour,11.283791670955125,40192.9,84.58,18.9,6.4,1.037,0.8,-2.8,2.9,12.3,-14.3,1.103,6,7,0,0,7
38.6,6,isocontour,11.283791670955125,41163.15,86.62,13.1,-14.3,1.068,1.9,2.2,2.9,13.1,-14.3,1.103,6,5,0,0,5
38.6,7,isocontour,11.283791670955125,40284.71,84.77,-20.1,5.3,0.991,1.0,0.1,1.0,12.3,-14.4,1.097,6,4,0,0,4
38.6,8,isocontour,11.283791670955125,41866.53,88.1,13.2,-13.7,1.09,1.1,1.0,1.5,12.3,-14.3,1.103,6,5,0,0,5
38.6,9,isocontour,11.283791670955125,40182.74,84.56,20.9,0.0,0.983,1.4,1.0,1.7,12.3,-14.3,1.103,6,8,0,0,8
38.6,10,isocontour,11.283791670955125,40577.14,85.39,19.3,-7.9,0.987,-0.4,0.8,0.9,12.3,-14.3,1.103,6,6,0,0,6
38.6,11,isocontour,11.283791670955125,40143.44,84.48,-18.8,-9.3,0.978,-0.8,1.8,2.0,12.3,-14.3,1.103,6,4,0,0,4
38.6,12,isocontour,11.283791670955125,40458.17,85.14,-13.3,-16.2,0.98,3.5,-3.2,4.7,12.3,-14.3,1.103,6,2,0,0,2
38.6,13,isocontour,11.283791670955125,39555.14,83.24,20.9,-1.0,0.982,-0.9,0.7,1.1,12.3,-14.3,1.103,6,8,0,0,8
38.6,14,isocontour,11.283791670955125,39657.92,83.46,18.2,-10.2,0.984,0.1,0.8,0.8,12.3,-14.3,1.103,6,6,0,0,6
38.6,15,isocontour,11.283791670955125,38656.92,81.35,7.4,19.2,0.999,-2.5,0.8,2.6,12.3,-14.3,1.103,6,2,0,0,2
38.6,16,isocontour,11.283791670955125,47095.48,99.11,-24.7,23.0,0.491,0.9,0.2,0.9,-24.7,23.0,0.492,16,0,0,0,0
38.6,17,isocontour,11.283791670955125,40136.36,84.46,18.8,8.9,0.986,0.7,-1.1,1.3,12.3,-14.3,1.103,6,7,0,0,7
38.6,18,isocontour,11.283791670955125,43900.53,92.38,-0.9,20.7,0.991,1.1,-0.6,1.3,12.3,-14.4,1.097,6,1,0,0,1
38.6,19,isocontour,11.283791670955125,40673.64,85.59,-21.0,1.4,0.976,-0.4,0.3,0.5,12.3,-14.3,1.103,6,5,0,0,5
38.6,20,isocontour,11.283791670955125,41048.02,86.38,11.8,-17.0,0.994,-0.5,2.9,2.9,12.3,-14.3,1.103,6,4,0,0,4
38.6,21,isocontour,11.283791670955125,39493.82,83.11,-4.7,-20.1,0.994,1.1,-0.1,1.1,12.3,-14.3,1.103,6,2,0,0,2
38.6,22,isocontour,11.283791670955125,42164.71,88.73,-20.2,-4.7,0.992,-0.1,2.8,2.8,12.3,-14.3,1.103,6,4,0,0,4
38.6,23,isocontour,11.283791670955125,43042.15,90.58,-19.7,0.9,1.052,0.6,0.8,1.0,12.3,-14.3,1.103,6,5,0,0,5
38.6,24,isocontour,11.283791670955125,40816.14,85.89,4.7,-20.3,0.984,-0.7,0.6,0.9,12.3,-14.3,1.103,6,4,0,0,4
38.6,25,isocontour,11.283791670955125,39528.67,83.18,-17.9,10.5,0.989,-0.9,-2.9,3.0,12.3,-14.4,1.097,6,3,0,0,3
38.6,Target,,,,,0.0,0.0,4.023,0.0,0.0,,,,,,,,,
38.7,1,isocontour,11.283791670955125,39793.55,83.74,20.8,1.9,0.985,1.9,-4.1,4.5,12.3,-14.3,1.103,6,7,0,0,7
38.7,2,isocontour,11.283791670955125,38896.68,81.85,14.2,15.1,0.992,-2.6,0.7,2.7,12.3,-14.3,1.103,6,5,0,0,5
38.7,3,isocontour,11.283791670955125,40469.11,85.16,19.0,7.8,1.001,-0.5,2.5,2.5,12.3,-14.3,1.103,6,7,0,0,7
38.7,4,isocontour,11.283791670955125,42451.3,89.33,19.3,5.7,1.024,2.6,-2.0,3.3,12.3,-14.3,1.103,6,7,0,0,7
38.7,5,isocontour,11.283791670955125,40191.1,84.58,18.9,6.4,1.033,0.5,1.0,1.1,12.3,-14.3,1.103,6,7,0,0,7
38.7,6,isocontour,11.283791670955125,41139.61,86.57,13.3,-14.4,1.055,1.6,-2.1,2.6,13.3,-14.4,1.103,6,5,0,0,5
38.7,7,isocontour,11.283791670955125,40261.17,84.72,-20.0,5.6,0.989,0.1,2.6,2.6,12.3,-14.3,1.103,6,4,0,0,4
38.7,8,isocontour,11.283791670955125,41851.71,88.07,13.3,-13.9,1.079,0.8,-2.1,2.2,12.3,-14.3,1.103,6,5,0,0,5
38.7,9,isocontour,11.283791670955125,40180.37,84.55,20.8,0.1,0.986,-1.0,0.6,1.2,12.3,-14.3,1.103,6,8,0,0,8
38.7,10,isocontour,11.283791670955125,40576.55,85.39,19.3,-7.8,0.989,-0.1,0.8,0.8,12.3,-14.3,1.103,6,6,0,0,6
38.7,11,isocontour,11.283791670955125,40141.83,84.47,-18.8,-9.2,0.98,0.1,1.1,1.1,12.3,-14.3,1.103,6,4,0,0,4
38.7,12,isocontour,11.283791670955125,40432.72,85.09,-13.0,-16.2,0.987,2.7,-0.2,2.7,12.3,-14.3,1.103,6,2,0,0,2
38.7,13,isocontour,11.283791670955125,39553.34,83.24,20.8,-0.9,0.987,-0.8,0.7,1.1,12.3,-14.3,1.103,6,8,0,0,8
38.7,14,isocontour,11.283791670955125,39648.22,83.43,18.1,-10.3,0.983,-0.7,-1.8,1.9,12.3,-14.3,1.103,6,6,0,0,6
38.7,15,isocontour,11.283791670955125,38655.98,81.35,7.4,19.3,0.997,-0.6,0.6,0.8,12.3,-14.3,1.103,6,2,0,0,2
38.7,16,isocontour,11.283791670955125,47094.38,99.1,-24.6,23.0,0.491,0.4,0.9,1.0,-24.6,23.0,0.492,16,0,0,0,0
38.7,17,isocontour,11.283791670955125,40132.4,84.45,18.9,8.8,0.985,0.7,-1.3,1.5,12.3,-14.3,1.103,6,7,0,0,7
38.7,18,isocontour,11.283791670955125,43899.9,92.38,-1.0,20.7,0.991,-0.8,0.2,0.8,12.3,-14.3,1.103,6,1,0,0,1
38.7,19,isocontour,11.283791670955125,40658.23,85.56,-20.8,1.5,0.986,2.1,0.8,2.2,12.3,-14.3,1.103,6,5,0,0,5
38.7,20,isocontour,11.283791670955125,41047.45,86.38,11.8,-17.0,0.997,-0.7,-0.3,0.8,12.3,-14.3,1.103,6,4,0,0,4
38.7,21,isocontour,11.283791670955125,39492.07,83.11,-4.6,-20.1,0.995,1.1,-0.1,1.1,12.3,-14.3,1.103,6,2,0,0,2
38.7,22,isocontour,11.283791670955125,42136.96,88.67,-20.2,-4.9,0.99,0.1,-2.8,2.8,12.3,-14.3,1.103,6,4,0,0,4
38.7,23,isocontour,11.283791670955125,43012.26,90.51,-19.6,1.1,1.054,0.4,2.8,2.8,12.3,-14.3,1.103,6,5,0,0,5
38.7,24,isocontour,11.283791670955125,40805.68,85.87,4.7,-20.2,0.993,0.8,1.8,2.0,12.3,-14.3,1.103,6,4,0,0,4
38.7,25,isocontour,11.283791670955125,39526.57,83.18,-18.0,10.4,0.99,-0.5,-1.0,1.1,12.3,-14.3,1.103,6,3,0,0,3
38.7,Target,,,,,0.0,0.0,4.023,0.0,0.0,,,,,,,,,
38.8,1,isocontour,11.283791670955125,39793.0,83.74,20.9,1.8,0.981,0.7,-0.3,0.8,12.3,-14.3,1.103,6,7,0,0,7
38.8,2,isocontour,11.283791670955125,38884.94,81.83,14.3,15.2,0.984,0.5,2.0,2.1,12.3,-14.3,1.103,6,5,0,0,5
38.8,3,isocontour,11.283791670955125,40467.87,85.16,19.0,7.9,0.997,0.4,0.9,1.0,12.3,-14.3,1.103,6,7,0,0,7
38.8,4,isocontour,11.283791670955125,42424.99,89.28,19.3,5.9,1.022,-0.7,2.7,2.8,12.3,-14.3,1.103,6,7,0,0,7
38.8,5,isocontour,11.283791670955125,40165.09,84.52,18.9,6.7,1.029,-0.2,2.7,2.7,12.3,-14.3,1.103,6,7,0,0,7
38.8,6,isocontour,11.283791670955125,41100.5,86.49,13.2,-14.7,1.051,-2.0,-2.4,3.1,13.2,-14.7,1.103,6,5,0,0,5
38.8,7,isocontour,11.283791670955125,40258.37,84.72,-20.0,5.5,0.993,0.7,-1.1,1.3,12.3,-14.3,1.103,6,4,0,0,4
38.8,8,isocontour,11.283791670955125,41849.66,88.07,13.2,-13.9,1.083,-0.7,0.9,1.1,12.3,-14.3,1.103,6,5,0,0,5
38.8,9,isocontour,11.283791670955125,40178.93,84.55,20.8,0.2,0.99,-0.6,0.8,1.0,12.3,-14.3,1.103,6,8,0,0,8
38.8,10,isocontour,11.283791670955125,40562.87,85.36,19.1,-7.8,0.997,-2.0,-0.8,2.2,12.3,-14.3,1.103,6,6,0,0,6
38.8,11,isocontour,11.283791670955125,40139.62,84.47,-18.7,-9.1,0.986,0.7,1.0,1.2,12.3,-14.3,1.103,6,4,0,0,4
38.8,12,isocontour,11.283791670955125,40430.23,85.08,-12.9,-16.3,0.989,1.1,-0.6,1.3,12.3,-14.3,1.103,6,2,0,0,2
38.8,13,isocontour,11.283791670955125,39526.17,83.18,20.7,-0.7,0.991,-0.6,2.7,2.8,12.3,-14.3,1.103,6,8,0,0,8
38.8,14,isocontour,11.283791670955125,39636.48,83.41,18.0,-10.4,0.992,-2.1,0.1,2.1,12.3,-14.3,1.103,6,6,0,0,6
38.8,15,isocontour,11.283791670955125,38604.58,81.24,7.3,19.6,0.982,-0.3,3.4,3.4,12.3,-14.3,1.103,6,2,0,0,2
38.8,16,isocontour,11.283791670955125,47093.28,99.1,-24.7,23.0,0.491,-0.6,-0.7,0.9,-24.7,23.0,0.492,16,0,0,0,0
38.8,17,isocontour,11.283791670955125,40114.23,84.42,18.8,8.6,0.995,-1.2,-2.1,2.4,12.3,-14.3,1.103,6,7,0,0,7
38.8,18,isocontour,11.283791670955125,43899.26,92.38,-1.1,20.8,0.989,-0.8,0.2,0.8,12.3,-14.3,1.103,6,1,0,0,1
38.8,19,isocontour,11.283791670955125,40653.58,85.55,-20.6,1.5,0.994,1.4,0.5,1.5,12.3,-14.3,1.103,6,5,0,0,5
38.8,20,isocontour,11.283791670955125,41026.96,86.34,11.9,-17.1,0.986,2.1,-1.4,2.5,12.3,-14.3,1.103,6,4,0,0,4
38.8,21,isocontour,11.283791670955125,39467.99,83.06,-4.8,-20.1,0.993,-2.7,0.2,2.7,12.3,-14.3,1.103,6,2,0,0,2
38.8,22,isocontour,11.283791670955125,42135.67,88.67,-20.2,-5.0,0.985,-0.8,-0.6,1.0,12.3,-14.3,1.103,6,4,0,0,4
38.8,23,isocontour,11.283791670955125,42992.48,90.47,-19.5,1.3,1.06,1.2,2.2,2.5,12.3,-14.3,1.103,6,5,0,0,5
38.8,24,isocontour,11.283791670955125,40802.94,85.86,4.8,-20.2,0.988,0.4,-1.2,1.3,12.3,-14.3,1.103,6,4,0,0,4
38.8,25,isocontour,11.283791670955125,39526.07,83.18,-18.0,10.4,0.989,-0.0,0.7,0.7,12.3,-14.3,1.103,6,3,0,0,3
38.8,Target,,,,,0.0,0.0,4.023,0.0,0.0,,,,,,,,,
38.9,1,isocontour,11.283791670955125,39781.09,83.71,20.7,1.7,0.989,-1.9,-0.9,2.1,12.3,-14.3,1.103,6,7,0,0,7
38.9,2,isocontour,11.283791670955125,38879.43,81.82,14.4,15.3,0.977,1.6,0.1,1.6,12.3,-14.3,1.103,6,5,0,0,5
38.9,3,isocontour,11.283791670955125,40444.06,85.11,19.0,8.2,0.996,-0.8,2.5,2.6,12.3,-14.3,1.103,6,7,0,0,7
38.9,4,isocontour,11.283791670955125,42420.26,89.27,19.2,6.0,1.027,-1.4,0.7,1.6,12.3,-14.3,1.103,6,7,0,0,7
38.9,5,isocontour,11.283791670955125,40135.51,84.46,19.0,6.5,1.029,0.8,-2.7,2.8,12.3,-14.3,1.103,6,7,0,0,7
38.9,6,isocontour,11.283791670955125,41093.33,86.48,13.2,-14.6,1.056,0.3,1.7,1.7,13.2,-14.6,1.103,6,5,0,0,5
38.9,7,isocontour,11.283791670955125,40255.56,84.71,-19.9,5.6,0.997,1.0,0.9,1.3,12.3,-14.3,1.103,6,4,0,0,4
38.9,8,isocontour,11.283791670955125,41846.39,88.06,13.2,-13.7,1.088,0.2,1.3,1.3,12.3,-14.3,1.103,6,5,0,0,5
38.9,9,isocontour,11.283791670955125,40163.92,84.52,20.9,0.3,0.983,1.6,1.6,2.3,12.3,-14.3,1.103,6,8,0,0,8
38.9,10,isocontour,11.283791670955125,40560.72,85.36,19.0,-8.0,0.997,-0.1,-1.2,1.2,12.3,-14.3,1.103,6,6,0,0,6
38.9,11,isocontour,11.283791670955125,40136.56,84.46,-18.7,-9.0,0.992,0.8,1.0,1.3,12.3,-14.3,1.103,6,4,0,0,4
38.9,12,isocontour,11.283791670955125,40405.61,85.03,-12.6,-16.3,0.997,2.7,-0.2,2.7,12.3,-14.3,1.103,6,2,0,0,2
38.9,13,isocontour,11.283791670955125,39517.33,83.16,20.9,-0.6,0.983,1.8,0.6,1.9,12.3,-14.3,1.103,6,8,0,0,8
38.9,14,isocontour,11.283791670955125,39601.32,83.34,17.8,-10.6,0.993,-1.4,-2.7,3.0,12.3,-14.3,1.103,6,6,0,0,6
38.9,15,isocontour,11.283791670955125,38580.5,81.19,7.1,19.7,0.981,-2.6,0.6,2.7,12.3,-14.3,1.103,6,2,0,0,2
38.9,16,isocontour,11.283791670955125,47092.18,99.1,-24.7,22.9,0.492,-0.2,-0.9,0.9,-24.7,22.9,0.492,16,0,0,0,0
38.9,17,isocontour,11.283791670955125,40112.48,84.41,18.8,8.6,0.993,0.4,1.0,1.1,12.3,-14.3,1.103,6,7,0,0,7
38.9,18,isocontour,11.283791670955125,43898.13,92.38,-1.1,20.8,0.989,-1.0,0.1,1.0,12.3,-14.3,1.103,6,1,0,0,1
38.9,19,isocontour,11.283791670955125,40652.14,85.55,-20.6,1.4,0.995,-0.1,-1.0,1.0,12.3,-14.3,1.103,6,5,0,0,5
38.9,20,isocontour,11.283791670955125,41024.86,86.33,12.0,-17.0,0.988,0.3,1.1,1.1,12.3,-14.3,1.103,6,4,0,0,4
38.9,21,isocontour,11.283791670955125,39466.38,83.05,-4.8,-20.1,0.995,1.0,0.3,1.0,12.3,-14.3,1.103,6,2,0,0,2
38.9,22,isocontour,11.283791670955125,42106.1,88.61,-20.2,-4.8,0.99,0.7,2.8,2.9,12.3,-14.3,1.103,6,4,0,0,4
38.9,23,isocontour,11.283791670955125,42991.38,90.47,-19.5,1.4,1.058,-0.4,0.8,0.9,12.3,-14.3,1.103,6,5,0,0,5
38.9,24,isocontour,11.283791670955125,40784.33,85.83,4.6,-20.3,0.988,-2.4,-0.3,2.4,12.3,-14.3,1.103,6,4,0,0,4
38.9,25,isocontour,11.283791670955125,39523.45,83.17,-17.9,10.4,0.994,1.2,-0.3,1.2,12.3,-14.3,1.103,6,3,0,0,3
38.9,Target,,,,,0.0,0.0,4.023,0.0,0.0,,,,,,,,,
39.0,1,isocontour,11.283791670955125,39771.83,83.69,20.5,1.7,1.0,-1.9,0.5,2.0,12.3,-14.3,1.103,6,7,0,0,7
39.0,2,isocontour,11.283791670955125,38845.98,81.75,14.5,15.0,0.983,0.8,-2.9,3.0,12.3,-14.3,1.103,6,5,0,0,5
39.0,3,isocontour,11.283791670955125,40442.07,85.11,19.0,8.1,0.996,0.4,-1.1,1.2,12.3,-14.3,1.103,6,7,0,0,7
39.0,4,isocontour,11.283791670955125,42417.94,89.26,19.2,5.9,1.026,0.8,-0.9,1.2,12.3,-14.3,1.103,6,7,0,0,7
39.0,5,isocontour,11.283791670955125,40135.17,84.46,19.1,6.4,1.027,0.5,-0.4,0.6,12.3,-14.3,1.103,6,7,0,0,7
39.0,6,isocontour,11.283791670955125,41091.59,86.47,13.2,-14.4,1.059,0.5,1.0,1.1,13.2,-14.4,1.103,6,5,0,0,5
39.0,7,isocontour,11.283791670955125,40240.55,84.68,-20.0,5.7,0.989,-1.5,1.7,2.3,12.3,-14.3,1.103,6,4,0,0,4
39.0,8,isocontour,11.283791670955125,41830.57,88.03,13.4,-13.6,1.085,2.1,0.9,2.3,12.3,-14.3,1.103,6,5,0,0,5
39.0,9,isocontour,11.283791670955125,40151.84,84.49,20.8,0.2,0.987,-1.0,-1.8,2.1,12.3,-14.3,1.103,6,7,0,0,7
39.0,10,isocontour,11.283791670955125,40554.91,85.34,19.2,-7.9,0.992,1.4,0.9,1.7,12.3,-14.3,1.103,6,6,0,0,6
39.0,11,isocontour,11.283791670955125,40128.78,84.45,-18.8,-9.0,0.985,-1.8,-0.3,1.8,12.3,-14.3,1.103,6,4,0,0,4
39.0,12,isocontour,11.283791670955125,40403.81,85.02,-12.6,-16.4,0.994,-0.0,-1.1,1.1,12.3,-14.3,1.103,6,2,0,0,2
39.0,13,isocontour,11.283791670955125,39498.94,83.12,20.8,-0.8,0.986,-0.9,-2.2,2.4,12.3,-14.3,1.103,6,8,0,0,8
39.0,14,isocontour,11.283791670955125,39472.11,83.06,17.7,-11.0,0.986,-1.1,-4.5,4.6,12.3,-14.3,1.103,6,5,0,0,5
39.0,15,isocontour,11.283791670955125,38562.56,81.15,6.9,19.8,0.981,-2.2,1.0,2.4,12.3,-14.3,1.103,6,2,0,0,2
39.0,16,isocontour,11.283791670955125,47091.08,99.1,-24.6,22.8,0.494,0.8,-0.5,0.9,-24.6,22.8,0.492,16,0,0,0,0
39.0,17,isocontour,11.283791670955125,40088.13,84.36,18.7,8.9,0.992,-1.1,2.4,2.6,12.3,-14.3,1.103,6,7,0,0,7
39.0,18,isocontour,11.283791670955125,43896.81,92.38,-1.2,20.7,0.989,-1.0,-0.2,1.0,12.3,-14.3,1.103,6,1,0,0,1
39.0,19,isocontour,11.283791670955125,40572.01,85.38,-20.9,1.2,0.981,-3.1,-2.5,4.0,12.3,-14.3,1.103,6,5,0,0,5
39.0,20,isocontour,11.283791670955125,41009.65,86.3,12.0,-16.8,0.998,-0.2,2.3,2.3,12.3,-14.3,1.103,6,4,0,0,4
39.0,21,isocontour,11.283791670955125,39437.11,82.99,-4.6,-20.2,0.995,2.7,-0.8,2.8,12.3,-14.3,1.103,6,2,0,0,2
39.0,22,isocontour,11.283791670955125,42105.16,88.61,-20.2,-4.8,0.991,0.0,-0.9,0.9,12.3,-14.3,1.103,6,4,0,0,4
39.0,23,isocontour,11.283791670955125,42990.25,90.47,-19.5,1.5,1.058,0.0,1.0,1.0,12.3,-14.3,1.103,6,5,0,0,5
39.0,24,isocontour,11.283791670955125,40758.88,85.77,4.3,-20.2,0.997,-2.3,1.4,2.7,12.3,-14.3,1.103,6,4,0,0,4
39.0,25,isocontour,11.283791670955125,39506.38,83.14,-17.9,10.6,0.99,0.2,2.4,2.4,12.3,-14.3,1.103,6,3,0,0,3
39.0,Target,,,,,0.0,0.0,4.023,0.0,0.0,,,,,,,,,
39.1,1,isocontour,11.283791670955125,39750.1,83.65,20.6,1.5,0.996,1.3,-2.2,2.6,12.3,-14.3,1.103,6,7,0,0,7
39.1,2,isocontour,11.283791670955125,38822.17,81.7,14.5,14.8,0.992,0.5,-2.6,2.6,12.3,-14.3,1.103,6,5,0,0,5
39.1,3,isocontour,11.283791670955125,40420.34,85.06,19.0,8.3,0.993,-0.5,2.5,2.5,12.3,-14.3,1.103,6,7,0,0,7
39.1,4,isocontour,11.283791670955125,42283.7,88.98,19.3,5.5,1.027,0.9,-4.6,4.7,12.3,-14.3,1.103,6,7,0,0,7
39.1,5,isocontour,11.283791670955125,40133.81,84.46,19.1,6.3,1.028,0.2,-1.0,1.0,12.3,-14.3,1.103,6,7,0,0,7
39.1,6,isocontour,11.283791670955125,41090.49,86.47,13.1,-14.5,1.061,-0.9,-0.3,0.9,13.1,-14.5,1.103,6,5,0,0,5
39.1,7,isocontour,11.283791670955125,40239.48,84.68,-20.0,5.8,0.989,0.5,0.8,0.9,12.3,-14.3,1.103,6,4,0,0,4
39.1,8,isocontour,11.283791670955125,41800.69,87.96,13.3,-13.8,1.086,-2.3,-1.7,2.9,12.3,-14.3,1.103,6,5,0,0,5
39.1,9,isocontour,11.283791670955125,40150.59,84.49,20.8,0.2,0.99,-0.5,0.8,0.9,12.3,-14.3,1.103,6,7,0,0,7
39.1,10,isocontour,11.283791670955125,40528.6,85.29,19.2,-8.1,0.985,0.3,-2.7,2.7,12.3,-14.3,1.103,6,6,0,0,6
39.1,11,isocontour,11.283791670955125,40016.92,84.21,-18.6,-9.3,0.986,2.4,-3.7,4.4,12.3,-14.3,1.103,6,4,0,0,4
39.1,12,isocontour,11.283791670955125,40397.0,85.01,-12.7,-16.4,0.987,-1.7,-0.1,1.7,12.3,-14.3,1.103,6,2,0,0,2
39.1,13,isocontour,11.283791670955125,39471.48,83.06,20.8,-0.6,0.989,-0.6,2.7,2.8,12.3,-14.3,1.103,6,8,0,0,8
39.1,14,isocontour,11.283791670955125,39456.3,83.03,17.7,-11.3,0.979,0.1,-2.3,2.3,12.3,-14.3,1.103,6,5,0,0,5
39.1,15,isocontour,11.283791670955125,38545.7,81.11,6.6,19.7,0.986,-2.3,-0.6,2.4,12.3,-14.3,1.103,6,2,0,0,2
39.1,16,isocontour,11.283791670955125,47089.98,99.1,-24.7,22.8,0.495,-0.5,-0.8,0.9,-24.7,22.8,0.494,16,0,0,0,0
39.1,17,isocontour,11.283791670955125,40062.68,84.31,18.7,9.1,0.987,-0.1,2.7,2.7,12.3,-14.3,1.103,6,7,0,0,7
39.1,18,isocontour,11.283791670955125,43895.71,92.37,-1.2,20.7,0.991,0.9,-0.2,0.9,12.3,-14.3,1.103,6,1,0,0,1
39.1,19,isocontour,11.283791670955125,40571.88,85.38,-20.9,1.2,0.981,0.5,-0.0,0.5,12.3,-14.3,1.103,6,5,0,0,5
39.1,20,isocontour,11.283791670955125,40995.79,86.27,12.1,-16.6,1.003,1.3,1.8,2.2,12.3,-14.3,1.103,6,4,0,0,4
39.1,21,isocontour,11.283791670955125,39427.26,82.97,-4.6,-20.3,0.986,-1.1,-1.7,2.0,12.3,-14.3,1.103,6,2,0,0,2
39.1,22,isocontour,11.283791670955125,42103.36,88.6,-20.2,-4.9,0.987,-0.7,-0.9,1.1,12.3,-14.3,1.103,6,4,0,0,4
39.1,23,isocontour,11.283791670955125,42961.59,90.41,-19.5,1.3,1.061,0.4,-2.8,2.8,12.3,-14.3,1.103,6,5,0,0,5
39.1,24,isocontour,11.283791670955125,40751.59,85.76,4.3,-20.3,0.99,-0.0,-1.8,1.8,12.3,-14.3,1.103,6,4,0,0,4
39.1,25,isocontour,11.283791670955125,39482.03,83.09,-17.7,10.8,0.991,1.6,2.2,2.7,12.3,-14.3,1.103,6,3,0,0,3
39.1,Target,,,,,0.0,0.0,4.023,0.0,0.0,,,,,,,,,
39.2,1,isocontour,11.283791670955125,39627.4,83.39,20.7,1.1,0.989,1.5,-4.3,4.6,12.3,-14.3,1.103,6,7,0,0,7
39.2,2,isocontour,11.283791670955125,38818.82,81.69,14.5,14.8,0.989,-0.1,1.4,1.4,12.3,-14.3,1.103,6,5,0,0,5
39.2,3,isocontour,11.283791670955125,40380.09,84.97,19.1,8.6,0.981,1.6,2.7,3.1,12.3,-14.3,1.103,6,7,0,0,7
39.2,4,isocontour,11.283791670955125,42280.9,88.97,19.3,5.4,1.033,-0.9,-0.9,1.3,12.3,-14.3,1.103,6,7,0,0,7
39.2,5,isocontour,11.283791670955125,40103.93,84.39,19.1,6.1,1.033,-0.1,-2.9,2.9,12.3,-14.3,1.103,6,7,0,0,7
39.2,6,isocontour,11.283791670955125,41066.14,86.42,12.9,-14.6,1.062,-2.1,-1.7,2.7,12.9,-14.6,1.103,6,5,0,0,5
39.2,7,isocontour,11.283791670955125,40212.61,84.62,-19.8,6.0,0.993,1.6,2.3,2.8,12.3,-14.3,1.103,6,4,0,0,4
39.2,8,isocontour,11.283791670955125,41774.38,87.91,13.1,-14.0,1.081,-1.0,-2.5,2.7,12.3,-14.3,1.103,6,5,0,0,5
39.2,9,isocontour,11.283791670955125,40123.42,84.43,20.7,0.5,0.993,-0.5,2.7,2.7,12.3,-14.3,1.103,6,7,0,0,7
39.2,10,isocontour,11.283791670955125,40528.44,85.29,19.2,-8.1,0.985,-0.1,0.5,0.5,12.3,-14.3,1.103,6,7,0,0,7
39.2,11,isocontour,11.283791670955125,39994.43,84.16,-18.4,-9.3,0.999,2.5,0.7,2.6,12.3,-14.3,1.103,6,4,0,0,4
39.2,12,isocontour,11.283791670955125,40396.32,85.01,-12.8,-16.4,0.986,-0.7,0.4,0.8,12.3,-14.3,1.103,6,2,0,0,2
39.2,13,isocontour,11.283791670955125,39470.24,83.06,20.7,-0.4,0.992,-0.5,0.8,0.9,12.3,-14.3,1.103,6,8,0,0,8
39.2,14,isocontour,11.283791670955125,39448.52,83.01,17.5,-11.3,0.985,-1.8,0.1,1.8,12.3,-14.3,1.103,6,5,0,0,5
39.2,15,isocontour,11.283791670955125,38542.84,81.11,6.7,19.6,0.992,0.6,-1.1,1.3,12.3,-14.3,1.103,6,2,0,0,2
39.2,16,isocontour,11.283791670955125,47088.88,99.09,-24.6,22.7,0.497,0.7,-0.6,0.9,-24.6,22.7,0.495,16,0,0,0,0
39.2,17,isocontour,11.283791670955125,40062.26,84.31,18.7,9.2,0.984,0.1,0.7,0.7,12.3,-14.3,1.103,6,7,0,0,7
39.2,18,isocontour,11.283791670955125,43894.64,92.37,-1.1,20.7,0.992,0.9,-0.2,0.9,12.3,-14.3,1.103,6,1,0,0,1
39.2,19,isocontour,11.283791670955125,40550.65,85.33,-20.7,1.3,0.99,2.0,1.6,2.6,12.3,-14.3,1.103,6,5,0,0,5
39.2,20,isocontour,11.283791670955125,40974.8,86.23,11.9,-16.7,1.001,-1.8,-1.8,2.5,12.3,-14.3,1.103,6,5,0,0,5
39.2,21,isocontour,11.283791670955125,39421.45,82.96,-4.6,-20.2,0.992,0.6,1.5,1.6,12.3,-14.3,1.103,6,2,0,0,2
39.2,22,isocontour,11.283791670955125,42100.56,88.6,-20.4,-4.9,0.98,-1.3,0.0,1.3,12.3,-14.3,1.103,6,4,0,0,4
39.2,23,isocontour,11.283791670955125,42932.32,90.35,-19.4,1.5,1.065,0.9,2.7,2.8,12.3,-14.3,1.103,6,5,0,0,5
39.2,24,isocontour,11.283791670955125,40732.75,85.72,4.1,-20.4,0.989,-2.4,-0.5,2.5,12.3,-14.3,1.103,6,4,0,0,4
39.2,25,isocontour,11.283791670955125,39479.36,83.08,-17.6,10.9,0.994,1.1,0.6,1.3,12.3,-14.3,1.103,6,3,0,0,3
39.2,Target,,,,,0.0,0.0,4.023,0.0,0.0,,,,,,,,,
39.3,1,isocontour,11.283791670955125,39614.27,83.36,20.7,0.9,0.991,-0.5,-2.1,2.2,12.3,-14.3,1.103,6,7,0,0,7
39.3,2,isocontour,11.283791670955125,38788.63,81.63,14.4,15.0,0.989,-2.2,1.9,2.9,12.3,-14.3,1.103,6,5,0,0,5
39.3,3,isocontour,11.283791670955125,40379.88,84.97,19.1,8.7,0.978,-0.2,0.5,0.5,12.3,-14.3,1.103,6,7,0,0,7
39.3,4,isocontour,11.283791670955125,42276.26,88.97,19.2,5.3,1.039,-0.5,-1.4,1.5,12.3,-14.3,1.103,6,7,0,0,7
39.3,5,isocontour,11.283791670955125,40067.01,84.32,19.1,5.8,1.035,0.6,-3.0,3.1,12.3,-14.3,1.103,6,7,0,0,7
39.3,6,isocontour,11.283791670955125,41055.53,86.4,12.9,-14.8,1.055,-0.1,-2.0,2.0,12.9,-14.8,1.103,6,5,0,0,5
39.3,7,isocontour,11.283791670955125,40209.47,84.62,-19.9,6.0,0.991,-0.9,-1.0,1.3,12.3,-14.3,1.103,6,4,0,0,4
39.3,8,isocontour,11.283791670955125,41772.98,87.91,13.1,-14.1,1.079,-0.7,-0.8,1.1,12.3,-14.3,1.103,6,5,0,0,5
39.3,9,isocontour,11.283791670955125,40096.55,84.38,20.7,0.8,0.993,-0.1,2.8,2.8,12.3,-14.3,1.103,6,7,0,0,7
39.3,10,isocontour,11.283791670955125,40514.01,85.26,19.0,-8.2,0.994,-2.2,-0.6,2.3,12.3,-14.3,1.103,6,7,0,0,7
39.3,11,isocontour,11.283791670955125,39992.86,84.16,-18.3,-9.2,1.005,0.4,1.0,1.1,12.3,-14.3,1.103,6,4,0,0,4
39.3,12,isocontour,11.283791670955125,40375.09,84.96,-13.0,-16.3,0.987,-1.9,1.7,2.5,12.3,-14.3,1.103,6,2,0,0,2
39.3,13,isocontour,11.283791670955125,39468.88,83.06,20.7,-0.5,0.993,-0.1,-1.0,1.0,12.3,-14.3,1.103,6,7,0,0,7
39.3,14,isocontour,11.283791670955125,39410.51,82.93,17.3,-11.5,0.991,-2.4,-1.9,3.1,12.3,-14.3,1.103,6,4,0,0,4
39.3,15,isocontour,11.283791670955125,38540.4,81.1,6.7,19.5,0.995,0.9,-0.8,1.2,12.3,-14.3,1.103,6,2,0,0,2
39.3,16,isocontour,11.283791670955125,47087.78,99.09,-24.6,22.6,0.498,-0.5,-0.8,0.9,-24.6,22.6,0.497,16,0,0,0,0
39.3,17,isocontour,11.283791670955125,40024.25,84.23,18.7,9.0,0.989,0.2,-3.1,3.1,12.3,-14.3,1.103,6,7,0,0,7
39.3,18,isocontour,11.283791670955125,43762.1,92.09,-1.5,20.7,0.99,-4.7,0.3,4.7,12.3,-14.3,1.103,6,1,0,0,1
39.3,19,isocontour,11.283791670955125,40546.77,85.33,-20.8,1.3,0.985,-1.4,-0.1,1.4,12.3,-14.3,1.103,6,5,0,0,5
39.3,20,isocontour,11.283791670955125,40971.8,86.22,11.9,-16.9,0.996,0.0,-1.3,1.3,12.3,-14.3,1.103,6,5,0,0,5
39.3,21,isocontour,11.283791670955125,39420.81,82.96,-4.6,-20.2,0.993,-0.8,-0.1,0.8,12.3,-14.3,1.103,6,2,0,0,2
39.3,22,isocontour,11.283791670955125,42098.19,88.59,-20.3,-4.9,0.984,1.1,-0.5,1.2,12.3,-14.3,1.103,6,4,0,0,4
39.3,23,isocontour,11.283791670955125,42931.0,90.34,-19.4,1.5,1.068,0.4,-0.9,1.0,12.3,-14.3,1.103,6,5,0,0,5
39.3,24,isocontour,11.283791670955125,40730.13,85.71,4.1,-20.3,0.992,1.0,0.8,1.3,12.3,-14.3,1.103,6,4,0,0,4
39.3,25,isocontour,11.283791670955125,39436.4,82.99,-17.5,11.2,0.989,0.7,3.1,3.2,12.3,-14.3,1.103,6,3,0,0,3
39.3,Target,,,,,0.0,0.0,4.023,0.0,0.0,,,,,,,,,
39.4,1,isocontour,11.283791670955125,39490.76,83.1,20.8,1.2,0.987,0.7,4.5,4.6,12.3,-14.3,1.103,6,7,0,0,7
39.4,2,isocontour,11.283791670955125,38767.89,81.58,14.1,15.1,0.997,-2.5,0.0,2.5,12.3,-14.3,1.103,6,5,0,0,5
39.4,3,isocontour,11.283791670955125,40261.12,84.72,19.2,8.3,0.98,1.4,-4.3,4.5,12.3,-14.3,1.103,6,7,0,0,7
39.4,4,isocontour,11.283791670955125,42120.62,88.64,19.3,4.8,1.041,1.0,-4.9,5.0,12.3,-14.3,1.103,6,7,0,0,7
39.4,5,isocontour,11.283791670955125,40066.24,84.31,19.1,5.8,1.039,-0.7,0.4,0.8,12.3,-14.3,1.103,6,7,0,0,7
39.4,6,isocontour,11.283791670955125,41024.06,86.33,13.0,-14.6,1.057,1.6,2.4,2.9,13.0,-14.6,1.103,6,5,0,0,5
39.4,7,isocontour,11.283791670955125,40205.75,84.61,-19.8,6.0,0.993,0.8,1.2,1.4,12.3,-14.3,1.103,6,4,0,0,4
39.4,8,isocontour,11.283791670955125,41769.49,87.9,13.1,-14.2,1.072,0.8,-1.1,1.4,12.3,-14.3,1.103,6,5,0,0,5
39.4,9,isocontour,11.283791670955125,40093.61,84.37,20.8,0.9,0.989,0.9,1.0,1.3,12.3,-14.3,1.103,6,7,0,0,7
39.4,10,isocontour,11.283791670955125,40480.23,85.19,19.0,-8.4,0.988,0.5,-2.9,2.9,12.3,-14.3,1.103,6,7,0,0,7
39.4,11,isocontour,11.283791670955125,39974.01,84.12,-18.1,-9.3,1.01,1.9,-1.5,2.4,12.3,-14.3,1.103,6,4,0,0,4
39.4,12,isocontour,11.283791670955125,40370.26,84.95,-12.9,-16.1,0.994,1.0,1.2,1.6,12.3,-14.3,1.103,6,2,0,0,2
39.4,13,isocontour,11.283791670955125,39464.05,83.05,20.8,-0.6,0.987,1.2,-1.0,1.6,12.3,-14.3,1.103,6,7,0,0,7
39.4,14,isocontour,11.283791670955125,39409.38,82.93,17.3,-11.5,0.988,1.0,-0.0,1.0,12.3,-14.3,1.103,6,4,0,0,4
39.4,15,isocontour,11.283791670955125,38536.02,81.09,6.9,19.6,0.991,1.4,0.5,1.5,12.3,-14.3,1.103,6,2,0,0,2
39.4,16,isocontour,11.283791670955125,47086.68,99.09,-24.6,22.6,0.5,0.8,-0.5,0.9,-24.6,22.6,0.498,16,0,0,0,0
39.4,17,isocontour,11.283791670955125,40003.02,84.18,18.6,8.8,1.001,-1.8,-1.8,2.5,12.3,-14.3,1.103,6,7,0,0,7
39.4,18,isocontour,11.283791670955125,43760.21,92.09,-1.4,20.7,0.991,1.1,-0.3,1.1,12.3,-14.3,1.103,6,1,0,0,1
39.4,19,isocontour,11.283791670955125,40545.02,85.32,-20.8,1.2,0.985,0.1,-1.1,1.1,12.3,-14.3,1.103,6,5,0,0,5
39.4,20,isocontour,11.283791670955125,40870.84,86.01,11.7,-17.2,0.988,-2.5,-3.5,4.3,12.3,-14.3,1.103,6,5,0,0,5
39.4,21,isocontour,11.283791670955125,39420.18,82.95,-4.7,-20.2,0.992,-0.8,0.0,0.8,12.3,-14.3,1.103,6,2,0,0,2
39.4,22,isocontour,11.283791670955125,42081.96,88.56,-20.1,-4.8,0.995,1.9,1.4,2.4,12.3,-14.3,1.103,6,4,0,0,4
39.4,23,isocontour,11.283791670955125,42929.72,90.34,-19.3,1.4,1.07,0.4,-0.9,1.0,12.3,-14.3,1.103,6,5,0,0,5
39.4,24,isocontour,11.283791670955125,40717.18,85.68,4.1,-20.5,0.982,-0.1,-2.2,2.2,12.3,-14.3,1.103,6,4,0,0,4
39.4,25,isocontour,11.283791670955125,39435.3,82.99,-17.6,11.2,0.988,-0.6,-0.7,0.9,12.3,-14.3,1.103,6,3,0,0,3
39.4,Target,,,,,0.0,0.0,4.023,0.0,0.0,,,,,,,,,
39.5,1,isocontour,11.283791670955125,39483.35,83.09,20.9,1.4,0.981,0.9,1.5,1.7,12.3,-14.3,1.103,6,7,0,0,7
39.5,2,isocontour,11.283791670955125,38760.96,81.57,14.2,15.2,0.99,1.0,1.4,1.7,12.3,-14.3,1.103,6,4,0,0,4
39.5,3,isocontour,11.283791670955125,40258.12,84.72,19.1,8.2,0.987,-1.3,-0.4,1.4,12.3,-14.3,1.103,6,7,0,0,7
39.5,4,isocontour,11.283791670955125,42119.65,88.64,19.3,4.8,1.042,-0.4,0.8,0.9,12.3,-14.3,1.103,6,6,0,0,6
39.5,5,isocontour,11.283791670955125,40045.51,84.27,19.0,6.0,1.038,-0.6,2.5,2.6,12.3,-14.3,1.103,6,7,0,0,7
39.5,6,isocontour,11.283791670955125,41022.66,86.33,13.1,-14.7,1.053,0.3,-1.0,1.0,13.1,-14.7,1.103,6,5,0,0,5
39.5,7,isocontour,11.283791670955125,40090.09,84.36,-19.8,6.4,0.988,0.4,4.5,4.5,12.3,-14.3,1.103,6,4,0,0,4
39.5,8,isocontour,11.283791670955125,41667.82,87.68,13.4,-14.0,1.071,3.0,3.1,4.3,12.3,-14.3,1.103,6,5,0,0,5
39.5,9,isocontour,11.283791670955125,40092.21,84.37,20.8,0.8,0.989,-0.1,-1.0,1.0,12.3,-14.3,1.103,6,7,0,0,7
39.5,10,isocontour,11.283791670955125,40416.81,85.05,19.1,-8.1,0.99,0.7,3.6,3.7,12.3,-14.3,1.103,6,6,0,0,6
39.5,11,isocontour,11.283791670955125,39952.28,84.07,-17.9,-9.3,1.023,2.5,0.7,2.6,12.3,-14.3,1.103,6,4,0,0,4
39.5,12,isocontour,11.283791670955125,40356.95,84.93,-13.1,-16.1,0.99,-2.2,0.2,2.2,12.3,-14.3,1.103,6,2,0,0,2
39.5,13,isocontour,11.283791670955125,39463.05,83.05,20.8,-0.6,0.986,-0.0,0.9,0.9,12.3,-14.3,1.103,6,7,0,0,7
39.5,14,isocontour,11.283791670955125,39409.07,82.93,17.3,-11.4,0.99,-0.1,0.6,0.6,12.3,-14.3,1.103,6,4,0,0,4
39.5,15,isocontour,11.283791670955125,38526.61,81.07,7.0,19.7,0.983,1.7,1.0,2.0,12.3,-14.3,1.103,6,2,0,0,2
39.5,16,isocontour,11.283791670955125,47085.58,99.09,-24.6,22.5,0.502,0.1,-0.9,0.9,-24.6,22.5,0.5,16,0,0,0,0
39.5,17,isocontour,11.283791670955125,39969.91,84.11,18.7,8.5,1.004,1.1,-2.8,3.0,12.3,-14.3,1.103,6,7,0,0,7
39.5,18,isocontour,11.283791670955125,43736.4,92.04,-1.7,20.7,0.99,-2.7,0.1,2.7,12.3,-14.3,1.103,6,1,0,0,1
39.5,19,isocontour,11.283791670955125,40538.99,85.31,-20.7,1.2,0.993,1.6,-0.4,1.6,12.3,-14.3,1.103,6,5,0,0,5
39.5,20,isocontour,11.283791670955125,40869.14,86.0,11.7,-17.3,0.982,0.9,-0.6,1.1,12.3,-14.3,1.103,6,4,0,0,4
39.5,21,isocontour,11.283791670955125,39418.08,82.95,-4.6,-20.3,0.989,0.8,-0.8,1.1,12.3,-14.3,1.103,6,2,0,0,2
39.5,22,isocontour,11.283791670955125,42080.89,88.55,-20.1,-4.9,0.995,-0.1,-0.9,0.9,12.3,-14.3,1.103,6,4,0,0,4
39.5,23,isocontour,11.283791670955125,42928.62,90.34,-19.3,1.3,1.072,0.1,-0.9,0.9,12.3,-14.3,1.103,6,5,0,0,5
39.5,24,isocontour,11.283791670955125,40678.44,85.6,3.9,-20.5,0.987,-3.0,0.7,3.1,12.3,-14.3,1.103,6,4,0,0,4
39.5,25,isocontour,11.283791670955125,39433.35,82.98,-17.6,11.0,0.99,-0.1,-1.1,1.1,12.3,-14.3,1.103,6,3,0,0,3
39.5,Target,,,,,0.0,0.0,4.023,0.0,0.0,,,,,,,,,
39.6,1,isocontour,11.283791670955125,39480.49,83.08,20.8,1.5,0.986,-1.2,0.5,1.3,12.3,-14.3,1.103,6,7,0,0,7
39.6,2,isocontour,11.283791670955125,38735.51,81.51,14.1,15.4,0.985,-1.3,2.4,2.7,12.3,-14.3,1.103,6,4,0,0,4
39.6,3,isocontour,11.283791670955125,40238.58,84.68,19.1,8.0,0.995,-0.5,-2.4,2.5,12.3,-14.3,1.103,6,7,0,0,7
39.6,4,isocontour,11.283791670955125,42097.41,88.59,19.3,5.0,1.035,0.9,2.4,2.6,12.3,-14.3,1.103,6,6,0,0,6
39.6,5,isocontour,11.283791670955125,40024.28,84.23,18.9,6.2,1.037,-0.5,2.5,2.5,12.3,-14.3,1.103,6,7,0,0,7
39.6,6,isocontour,11.283791670955125,40998.31,86.28,13.2,-14.5,1.06,0.7,2.6,2.7,13.2,-14.5,1.103,6,5,0,0,5
39.6,7,isocontour,11.283791670955125,40087.99,84.36,-19.8,6.4,0.989,-0.0,-1.2,1.2,12.3,-14.3,1.103,6,3,0,0,3
39.6,8,isocontour,11.283791670955125,41646.84,87.64,13.6,-13.8,1.069,2.1,1.4,2.5,12.3,-14.3,1.103,6,4,0,0,4
39.6,9,isocontour,11.283791670955125,40089.66,84.36,20.7,0.9,0.994,-1.1,0.6,1.3,12.3,-14.3,1.103,6,7,0,0,7
39.6,10,isocontour,11.283791670955125,40405.07,85.03,19.0,-8.2,0.997,-1.8,-1.0,2.1,12.3,-14.3,1.103,6,6,0,0,6
39.6,11,isocontour,11.283791670955125,39922.4,84.01,-17.9,-9.1,1.031,-0.2,2.9,2.9,12.3,-14.3,1.103,6,4,0,0,4
39.6,12,isocontour,11.283791670955125,40355.2,84.92,-13.1,-16.1,0.993,1.0,0.4,1.1,12.3,-14.3,1.103,6,2,0,0,2
39.6,13,isocontour,11.283791670955125,39436.17,82.99,20.8,-0.3,0.99,-0.8,2.7,2.8,12.3,-14.3,1.103,6,7,0,0,7
39.6,14,isocontour,11.283791670955125,39399.22,82.91,17.3,-11.3,0.998,-0.9,1.8,2.0,12.3,-14.3,1.103,6,4,0,0,4
39.6,15,isocontour,11.283791670955125,38476.1,80.97,6.8,19.6,0.993,-3.1,-1.4,3.4,12.3,-14.3,1.103,6,2,0,0,2
39.6,16,isocontour,11.283791670955125,47084.48,99.08,-24.5,22.5,0.502,0.6,0.8,1.0,-24.5,22.5,0.502,16,0,0,0,0
39.6,17,isocontour,11.283791670955125,39953.26,84.08,18.7,8.7,1.0,-0.1,2.3,2.3,12.3,-14.3,1.103,6,7,0,0,7
39.6,18,isocontour,11.283791670955125,43735.11,92.04,-1.8,20.7,0.99,-1.0,-0.2,1.0,12.3,-14.3,1.103,6,1,0,0,1
39.6,19,isocontour,11.283791670955125,40512.41,85.25,-20.6,1.4,0.994,0.1,2.7,2.7,12.3,-14.3,1.103,6,5,0,0,5
39.6,20,isocontour,11.283791670955125,40866.76,86.0,11.8,-17.2,0.986,-0.0,1.2,1.2,12.3,-14.3,1.103,6,4,0,0,4
39.6,21,isocontour,11.283791670955125,39415.53,82.95,-4.7,-20.2,0.992,-0.7,1.1,1.3,12.3,-14.3,1.103,6,2,0,0,2
39.6,22,isocontour,11.283791670955125,42055.72,88.5,-20.1,-5.1,0.989,-0.5,-2.6,2.6,12.3,-14.3,1.103,6,3,0,0,3
39.6,23,isocontour,11.283791670955125,42912.19,90.3,-19.5,1.1,1.064,-1.7,-1.6,2.3,12.3,-14.3,1.103,6,5,0,0,5
39.6,24,isocontour,11.283791670955125,40677.83,85.6,3.8,-20.4,0.99,-0.7,0.3,0.8,12.3,-14.3,1.103,6,3,0,0,3
39.6,25,isocontour,11.283791670955125,39432.59,82.98,-17.6,11.1,0.989,0.1,0.8,0.8,12.3,-14.3,1.103,6,3,0,0,3
39.6,Target,,,,,0.0,0.0,4.023,0.0,0.0,,,,,,,,,
39.7,1,isocontour,11.283791670955125,39453.9,83.03,20.7,1.7,0.989,-0.6,2.7,2.8,12.3,-14.3,1.103,6,7,0,0,7
39.7,2,isocontour,11.283791670955125,38728.82,81.5,14.2,15.5,0.978,1.7,0.2,1.7,12.3,-14.3,1.103,6,4,0,0,4
39.7,3,isocontour,11.283791670955125,40238.06,84.68,19.0,8.0,0.996,-0.4,0.6,0.7,12.3,-14.3,1.103,6,7,0,0,7
39.7,4,isocontour,11.283791670955125,42095.84,88.59,19.3,5.1,1.036,-0.6,0.9,1.1,12.3,-14.3,1.103,6,6,0,0,6
39.7,5,isocontour,11.283791670955125,39997.98,84.17,18.9,6.5,1.033,-0.2,2.7,2.7,12.3,-14.3,1.103,6,7,0,0,7
39.7,6,isocontour,11.283791670955125,40988.61,86.26,13.3,-14.4,1.057,1.9,0.6,2.0,13.3,-14.4,1.103,6,5,0,0,5
39.7,7,isocontour,11.283791670955125,40072.58,84.33,-19.9,6.2,0.988,-1.1,-2.0,2.3,12.3,-14.3,1.103,6,3,0,0,3
39.7,8,isocontour,11.283791670955125,41628.67,87.6,13.8,-13.7,1.065,2.1,1.1,2.4,12.3,-14.3,1.103,6,4,0,0,4
39.7,9,isocontour,11.283791670955125,40087.05,84.36,20.8,0.8,0.989,1.1,-0.5,1.2,12.3,-14.3,1.103,6,7,0,0,7
39.7,10,isocontour,11.283791670955125,40394.93,85.01,19.0,-8.4,0.991,0.7,-1.9,2.0,12.3,-14.3,1.103,6,6,0,0,6
39.7,11,isocontour,11.283791670955125,39920.3,84.01,-17.8,-8.9,1.037,0.5,1.0,1.1,12.3,-14.3,1.103,6,4,0,0,4
39.7,12,isocontour,11.283791670955125,40353.96,84.92,-13.1,-16.0,0.992,-1.0,0.2,1.0,12.3,-14.3,1.103,6,2,0,0,2
39.7,13,isocontour,11.283791670955125,39408.41,82.93,20.8,-0.5,0.987,0.8,-2.7,2.8,12.3,-14.3,1.103,6,7,0,0,7
39.7,14,isocontour,11.283791670955125,39365.44,82.84,17.1,-11.4,1.002,-2.0,-2.2,3.0,12.3,-14.3,1.103,6,4,0,0,4
39.7,15,isocontour,11.283791670955125,38475.2,80.97,6.7,19.5,0.997,-0.9,-0.1,0.9,12.3,-14.3,1.103,6,2,0,0,2
39.7,16,isocontour,11.283791670955125,47083.38,99.08,-24.6,22.6,0.5,-0.7,0.6,0.9,-24.6,22.6,0.502,16,0,0,0,0
39.7,17,isocontour,11.283791670955125,39850.89,83.86,18.6,9.1,0.993,-0.7,4.3,4.4,12.3,-14.3,1.103,6,7,0,0,7
39.7,18,isocontour,11.283791670955125,43734.5,92.03,-1.9,20.7,0.99,-0.8,0.1,0.8,12.3,-14.3,1.103,6,1,0,0,1
39.7,19,isocontour,11.283791670955125,40499.1,85.23,-20.8,1.3,0.986,-1.7,-1.4,2.2,12.3,-14.3,1.103,6,5,0,0,5
39.7,20,isocontour,11.283791670955125,40845.53,85.95,11.8,-17.0,0.995,0.6,2.5,2.6,12.3,-14.3,1.103,6,4,0,0,4
39.7,21,isocontour,11.283791670955125,39390.63,82.89,-4.5,-20.2,0.994,2.7,-0.4,2.7,12.3,-14.3,1.103,6,2,0,0,2
39.7,22,isocontour,11.283791670955125,42053.51,88.5,-20.2,-5.2,0.983,-1.0,-0.6,1.2,12.3,-14.3,1.103,6,3,0,0,3
39.7,23,isocontour,11.283791670955125,42884.43,90.25,-19.5,1.3,1.061,-0.1,2.8,2.8,12.3,-14.3,1.103,6,5,0,0,5
39.7,24,isocontour,11.283791670955125,40677.26,85.6,3.7,-20.4,0.992,-0.7,0.2,0.7,12.3,-14.3,1.103,6,3,0,0,3
39.7,25,isocontour,11.283791670955125,39430.74,82.98,-17.5,11.1,0.992,1.1,0.3,1.1,12.3,-14.3,1.103,6,3,0,0,3
39.7,Target,,,,,0.0,0.0,4.023,0.0,0.0,,,,,,,,,
39.8,1,isocontour,11.283791670955125,39429.0,82.97,20.6,2.0,0.993,-1.1,2.5,2.7,12.3,-14.3,1.103,6,7,0,0,7
39.8,2,isocontour,11.283791670955125,38714.96,81.47,14.1,15.3,0.987,-1.4,-1.7,2.2,12.3,-14.3,1.103,6,4,0,0,4
39.8,3,isocontour,11.283791670955125,40237.84,84.68,19.0,8.1,0.997,-0.3,0.4,0.5,12.3,-14.3,1.103,6,7,0,0,7
39.8,4,isocontour,11.283791670955125,42074.86,88.54,19.4,5.3,1.026,1.4,2.1,2.5,12.3,-14.3,1.103,6,6,0,0,6
39.8,5,isocontour,11.283791670955125,39995.77,84.17,19.0,6.4,1.033,0.4,-1.1,1.2,12.3,-14.3,1.103,6,7,0,0,7
39.8,6,isocontour,11.283791670955125,40979.77,86.24,13.4,-14.2,1.06,0.8,1.7,1.9,13.4,-14.2,1.103,6,4,0,0,4
39.8,7,isocontour,11.283791670955125,40070.03,84.32,-19.8,6.2,0.992,1.1,0.5,1.2,12.3,-14.3,1.103,6,3,0,0,3
39.8,8,isocontour,11.283791670955125,41615.9,87.58,14.0,-13.5,1.066,1.2,1.8,2.2,12.3,-14.3,1.103,6,4,0,0,4
39.8,9,isocontour,11.283791670955125,40086.2,84.36,20.8,0.9,0.989,-0.2,0.8,0.8,12.3,-14.3,1.103,6,7,0,0,7
39.8,10,isocontour,11.283791670955125,40302.81,84.81,19.2,-8.1,0.987,2.2,3.6,4.2,12.3,-14.3,1.103,6,7,0,0,7
39.8,11,isocontour,11.283791670955125,39906.43,83.98,-17.6,-8.9,1.046,2.2,-0.4,2.2,12.3,-14.3,1.103,6,4,0,0,4
39.8,12,isocontour,11.283791670955125,40335.79,84.88,-13.3,-16.0,0.986,-2.4,0.4,2.4,12.3,-14.3,1.103,6,2,0,0,2
39.8,13,isocontour,11.283791670955125,39407.48,82.93,20.8,-0.5,0.987,-0.0,0.9,0.9,12.3,-14.3,1.103,6,7,0,0,7
39.8,14,isocontour,11.283791670955125,39341.09,82.79,17.3,-11.4,0.995,2.4,1.1,2.6,12.3,-14.3,1.103,6,4,0,0,4
39.8,15,isocontour,11.283791670955125,38473.71,80.96,6.8,19.5,0.997,1.0,-0.4,1.1,12.3,-14.3,1.103,6,2,0,0,2
39.8,16,isocontour,11.283791670955125,47082.28,99.08,-24.7,22.6,0.498,-0.9,-0.2,0.9,-24.7,22.6,0.502,16,0,0,0,0
39.8,17,isocontour,11.283791670955125,39829.91,83.82,18.5,9.3,0.99,-0.7,2.5,2.6,12.3,-14.3,1.103,6,7,0,0,7
39.8,18,isocontour,11.283791670955125,43699.0,91.96,-1.6,20.6,0.994,3.0,-0.7,3.1,12.3,-14.3,1.103,6,1,0,0,1
39.8,19,isocontour,11.283791670955125,40498.57,85.22,-20.9,1.3,0.982,-0.7,0.0,0.7,12.3,-14.3,1.103,6,5,0,0,5
39.8,20,isocontour,11.283791670955125,40844.13,85.95,11.7,-17.0,0.997,-0.9,-0.6,1.1,12.3,-14.3,1.103,6,5,0,0,5
39.8,21,isocontour,11.283791670955125,39348.46,82.8,-4.6,-20.4,0.982,-2.4,-2.2,3.3,12.3,-14.3,1.103,6,2,0,0,2
39.8,22,isocontour,11.283791670955125,42022.68,88.43,-20.2,-5.0,0.987,0.4,2.9,2.9,12.3,-14.3,1.103,6,3,0,0,3
39.8,23,isocontour,11.283791670955125,42855.16,90.18,-19.4,1.6,1.062,0.4,2.8,2.8,12.3,-14.3,1.103,6,5,0,0,5
39.8,24,isocontour,11.283791670955125,40657.49,85.56,3.7,-20.6,0.981,-0.3,-2.5,2.5,12.3,-14.3,1.103,6,2,0,0,2
39.8,25,isocontour,11.283791670955125,39430.24,82.98,-17.5,11.2,0.989,-0.6,0.4,0.7,12.3,-14.3,1.103,6,3,0,0,3
39.8,Target,,,,,0.0,0.0,4.023,0.0,0.0,,,,,,,,,
39.9,1,isocontour,11.283791670955125,39427.68,82.97,20.6,1.9,0.993,0.3,-1.0,1.0,12.3,-14.3,1.103,6,7,0,0,7
39.9,2,isocontour,11.283791670955125,38709.04,81.46,14.1,15.2,0.992,0.6,-1.6,1.7,12.3,-14.3,1.103,6,4,0,0,4
39.9,3,isocontour,11.283791670955125,40216.11,84.63,18.9,8.3,0.995,-0.6,2.5,2.6,12.3,-14.3,1.103,6,7,0,0,7
39.9,4,isocontour,11.283791670955125,42057.79,88.51,19.6,5.3,1.016,2.1,-1.1,2.4,12.3,-14.3,1.103,6,6,0,0,6
39.9,5,isocontour,11.283791670955125,39971.15,84.11,19.0,6.2,1.031,1.1,-2.5,2.7,12.3,-14.3,1.103,6,7,0,0,7
39.9,6,isocontour,11.283791670955125,40973.63,86.22,13.5,-14.1,1.06,1.3,1.1,1.7,13.5,-14.1,1.103,6,4,0,0,4
39.9,7,isocontour,11.283791670955125,40069.57,84.32,-19.8,6.3,0.989,-0.6,0.3,0.7,12.3,-14.3,1.103,6,4,0,0,4
39.9,8,isocontour,11.283791670955125,41608.12,87.56,14.0,-13.7,1.059,0.1,-1.8,1.8,12.3,-14.3,1.103,6,4,0,0,4
39.9,9,isocontour,11.283791670955125,40085.03,84.35,20.7,1.0,0.991,-0.5,0.8,0.9,12.3,-14.3,1.103,6,7,0,0,7
39.9,10,isocontour,11.283791670955125,40233.57,84.67,19.3,-7.7,0.991,0.5,3.8,3.8,12.3,-14.3,1.103,6,6,0,0,6
39.9,11,isocontour,11.283791670955125,39904.59,83.97,-17.7,-8.9,1.048,-0.5,1.0,1.1,12.3,-14.3,1.103,6,4,0,0,4
39.9,12,isocontour,11.283791670955125,40335.05,84.88,-13.4,-16.0,0.983,-0.8,0.2,0.8,12.3,-14.3,1.103,6,2,0,0,2
39.9,13,isocontour,11.283791670955125,39405.99,82.93,20.8,-0.4,0.99,-0.6,0.8,1.0,12.3,-14.3,1.103,6,7,0,0,7
39.9,14,isocontour,11.283791670955125,39286.03,82.67,17.5,-11.1,0.993,2.1,2.8,3.5,12.3,-14.3,1.103,6,4,0,0,4
39.9,15,isocontour,11.283791670955125,38429.55,80.87,7.0,19.6,0.989,3.2,0.7,3.3,12.3,-14.3,1.103,6,2,0,0,2
39.9,16,isocontour,11.283791670955125,47081.18,99.08,-24.7,22.5,0.498,-0.7,-0.7,1.0,-24.7,22.5,0.502,16,0,0,0,0
39.9,17,isocontour,11.283791670955125,39806.1,83.77,18.5,9.6,0.988,-1.0,2.5,2.7,12.3,-14.3,1.103,6,7,0,0,7
39.9,18,isocontour,11.283791670955125,43675.46,91.91,-1.8,20.6,0.992,-2.6,0.2,2.6,12.3,-14.3,1.103,6,1,0,0,1
39.9,19,isocontour,11.283791670955125,40471.11,85.17,-20.8,1.5,0.987,1.4,2.4,2.8,12.3,-14.3,1.103,6,5,0,0,5
39.9,20,isocontour,11.283791670955125,40805.76,85.87,11.6,-17.2,0.99,-1.5,-2.7,3.1,12.3,-14.3,1.103,6,4,0,0,4
39.9,21,isocontour,11.283791670955125,39228.13,82.55,-5.0,-20.3,0.981,-4.4,1.3,4.6,12.3,-14.3,1.103,6,2,0,0,2
39.9,22,isocontour,11.283791670955125,41991.53,88.37,-20.2,-4.7,0.994,0.6,2.8,2.9,12.3,-14.3,1.103,6,4,0,0,4
39.9,23,isocontour,11.283791670955125,42849.85,90.17,-19.5,1.8,1.058,-0.6,1.5,1.6,12.3,-14.3,1.103,6,5,0,0,5
39.9,24,isocontour,11.283791670955125,40621.28,85.48,3.9,-20.6,0.981,2.8,1.1,3.0,12.3,-14.3,1.103,6,2,0,0,2
39.9,25,isocontour,11.283791670955125,39429.89,82.98,-17.5,11.2,0.986,-0.2,0.6,0.6,12.3,-14.3,1.103,6,3,0,0,3
39.9,Target,,,,,0.0,0.0,4.023,0.0,0.0,,,,,,,,,
40.0,1,isocontour,11.283791670955125,39400.81,82.91,20.8,2.0,0.98,2.5,1.2,2.8,20.8,2.0,0.993,1,7,0,0,7
40.0,2,isocontour,11.283791670955125,38701.25,81.44,14.1,15.3,0.988,-0.3,1.8,1.8,14.1,15.3,0.992,2,5,0,0,5
40.0,3,isocontour,11.283791670955125,40111.6,84.41,19.0,8.7,0.983,0.7,4.3,4.4,19.0,8.7,0.995,3,7,0,0,7
40.0,4,isocontour,11.283791670955125,42056.18,88.5,19.7,5.2,1.014,0.4,-1.0,1.1,19.7,5.2,1.016,4,6,0,0,6
40.0,5,isocontour,11.283791670955125,39948.91,84.07,19.0,6.0,1.039,-1.0,-2.4,2.6,19.0,6.0,1.031,5,7,0,0,7
40.0,6,isocontour,11.283791670955125,40961.38,86.2,13.7,-14.0,1.054,2.1,0.5,2.2,13.7,-14.0,1.06,6,4,0,0,4
40.0,7,isocontour,11.283791670955125,40068.78,84.32,-19.8,6.3,0.991,0.7,0.5,0.9,-19.8,6.3,0.989,7,4,0,0,4
40.0,8,isocontour,11.283791670955125,41603.83,87.55,14.1,-13.7,1.053,1.5,0.1,1.5,14.1,-13.7,1.059,8,4,0,0,4
40.0,9,isocontour,11.283791670955125,40075.91,84.33,20.9,0.9,0.984,1.7,-0.8,1.9,20.9,0.9,0.991,9,7,0,0,7
40.0,10,isocontour,11.283791670955125,40198.07,84.59,19.2,-7.9,0.988,-0.2,-3.0,3.0,19.2,-7.9,0.991,10,6,0,0,6
40.0,11,isocontour,11.283791670955125,39900.63,83.97,-17.7,-8.8,1.046,-1.0,1.0,1.4,-17.7,-8.8,1.048,11,4,0,0,4
40.0,12,isocontour,11.283791670955125,40333.88,84.88,-13.5,-15.9,0.985,-0.4,0.9,1.0,-13.5,-15.9,0.983,12,2,0,0,2
40.0,13,isocontour,11.283791670955125,39397.15,82.91,20.6,-0.4,0.999,-1.9,-0.3,1.9,20.6,-0.4,0.99,13,8,0,0,8
40.0,14,isocontour,11.283791670955125,39261.68,82.62,17.6,-11.3,0.981,1.4,-2.3,2.7,17.6,-11.3,0.993,14,5,0,0,5
40.0,15,isocontour,11.283791670955125,38379.48,80.76,6.8,19.5,0.996,-3.3,-0.7,3.4,6.8,19.5,0.989,15,2,0,0,2
40.0,16,isocontour,11.283791670955125,47080.08,99.07,-24.7,22.5,0.5,0.3,-0.9,0.9,-24.7,22.5,0.498,16,0,0,0,0
40.0,17,isocontour,11.283791670955125,39805.49,83.77,18.5,9.6,0.984,0.7,0.3,0.8,18.5,9.6,0.988,17,7,0,0,7
40.0,18,isocontour,11.283791670955125,43674.8,91.91,-1.9,20.7,0.988,-0.2,0.8,0.8,-1.9,20.7,0.992,18,1,0,0,1
40.0,19,isocontour,11.283791670955125,40438.66,85.1,-20.7,1.3,0.993,0.9,-2.8,2.9,-20.7,1.3,0.987,19,5,0,0,5
40.0,20,isocontour,11.283791670955125,40786.45,85.83,11.5,-17.4,0.984,-1.3,-2.1,2.5,11.5,-17.4,0.99,20,4,0,0,4
40.0,21,isocontour,11.283791670955125,39217.99,82.53,-5.2,-20.1,0.988,-1.0,1.7,2.0,-5.2,-20.1,0.981,21,2,0,0,2
40.0,22,isocontour,11.283791670955125,41989.96,88.36,-20.1,-4.6,0.998,0.5,0.9,1.0,-20.1,-4.6,0.994,22,4,0,0,4
40.0,23,isocontour,11.283791670955125,42822.39,90.11,-19.5,1.6,1.057,-0.3,-2.8,2.8,-19.5,1.6,1.058,23,5,0,0,5
40.0,24,isocontour,11.283791670955125,40618.73,85.48,4.1,-20.5,0.982,1.2,0.3,1.2,4.1,-20.5,0.981,24,2,0,0,2
40.0,25,isocontour,11.283791670955125,39396.1,82.9,-17.6,11.0,0.991,-0.5,-2.9,2.9,-17.6,11.0,0.986,25,3,0,0,3
40.0,Target,,,,,0.0,0.0,4.023,0.0,0.0,,,,,,,,,
40.1,1,isocontour,11.283791670955125,39385.19,82.88,21.0,1.9,0.972,1.5,-1.8,2.3,19.0,6.0,1.039,5,7,0,0,7
40.1,2,isocontour,11.283791670955125,38626.98,81.29,13.9,15.6,0.983,-2.2,3.2,3.9,19.0,6.0,1.039,5,4,0,0,4
40.1,3,isocontour,11.283791670955125,40108.74,84.4,19.1,8.7,0.976,1.3,-0.2,1.3,19.0,6.0,1.039,5,7,0,0,7
40.1,4,isocontour,11.283791670955125,42033.94,88.46,19.7,4.9,1.015,0.3,-2.6,2.6,19.0,6.0,1.039,5,6,0,0,6
40.1,5,isocontour,11.283791670955125,39927.93,84.02,18.9,5.7,1.046,-0.2,-2.5,2.5,18.9,5.7,1.039,5,7,0,0,7
40.1,6,isocontour,11.283791670955125,40960.35,86.2,13.8,-14.0,1.05,0.9,0.0,0.9,13.8,-14.0,1.06,6,4,0,0,4
40.1,7,isocontour,11.283791670955125,40067.93,84.32,-19.8,6.4,0.988,-0.5,0.7,0.9,-19.5,1.6,1.058,23,4,0,0,4
40.1,8,isocontour,11.283791670955125,41511.71,87.36,14.5,-13.5,1.046,3.6,2.0,4.1,13.7,-14.0,1.06,6,4,0,0,4
40.1,9,isocontour,11.283791670955125,39999.33,84.17,20.9,0.6,0.984,-0.2,-3.9,3.9,19.0,6.0,1.039,5,7,0,0,7
40.1,10,isocontour,11.283791670955125,40160.06,84.51,19.3,-7.7,0.99,0.5,3.1,3.1,13.7,-14.0,1.06,6,6,0,0,6
40.1,11,isocontour,11.283791670955125,39865.12,83.89,-17.8,-8.5,1.049,-0.7,2.9,3.0,-19.5,1.6,1.058,23,4,0,0,4
40.1,12,isocontour,11.283791670955125,40314.34,84.84,-13.3,-15.9,0.993,2.5,0.1,2.5,-17.7,-8.8,1.048,11,2,0,0,2
40.1,13,isocontour,11.283791670955125,39394.78,82.9,20.6,-0.3,1.001,-0.1,1.2,1.2,19.0,6.0,1.039,5,7,0,0,7
40.1,14,isocontour,11.283791670955125,39261.09,82.62,17.7,-11.3,0.98,0.3,0.7,0.8,13.7,-14.0,1.06,6,5,0,0,5
40.1,15,isocontour,11.283791670955125,38378.08,80.76,6.8,19.5,0.994,0.8,0.6,1.0,6.8,19.5,0.996,15,2,0,0,2
40.1,16,isocontour,11.283791670955125,47078.98,99.07,-24.8,22.5,0.498,-0.9,0.3,0.9,-24.8,22.5,0.5,16,0,0,0,0
40.1,17,isocontour,11.283791670955125,39802.42,83.76,18.5,9.5,0.987,-0.1,-1.3,1.3,19.0,6.0,1.039,5,7,0,0,7
40.1,18,isocontour,11.283791670955125,43636.42,91.83,-1.6,20.7,0.99,3.1,-0.3,3.1,6.8,19.5,0.996,15,1,0,0,1
40.1,19,isocontour,11.283791670955125,40415.38,85.05,-20.7,1.1,0.992,-0.6,-2.6,2.7,-19.5,1.6,1.058,23,5,0,0,5
40.1,20,isocontour,11.283791670955125,40786.34,85.83,11.4,-17.5,0.983,-0.3,-0.3,0.4,13.7,-14.0,1.06,6,4,0,0,4
40.1,21,isocontour,11.283791670955125,39216.7,82.53,-5.3,-20.1,0.986,-0.9,-0.3,0.9,-5.3,-20.1,0.988,21,2,0,0,2
40.1,22,isocontour,11.283791670955125,41886.17,88.14,-20.2,-4.9,0.991,-0.8,-4.3,4.4,-19.5,1.6,1.058,23,4,0,0,4
40.1,23,isocontour,11.283791670955125,42821.49,90.11,-19.6,1.5,1.057,-0.2,-0.9,0.9,-19.6,1.5,1.058,23,5,0,0,5
40.1,24,isocontour,11.283791670955125,40592.43,85.42,3.9,-20.4,0.991,-2.4,1.4,2.8,11.5,-17.4,0.99,20,2,0,0,2
40.1,25,isocontour,11.283791670955125,39395.17,82.9,-17.5,11.0,0.994,0.7,0.6,0.9,-19.5,1.6,1.058,23,3,0,0,3
40.1,Target,,,,,0.0,0.0,4.023,0.0,0.0,,,,,,,,,
40.2,1,isocontour,11.283791670955125,39354.99,82.82,21.0,1.6,0.976,-0.9,-2.7,2.8,13.7,-14.0,1.06,6,7,0,0,7
40.2,2,isocontour,11.283791670955125,38626.17,81.28,13.8,15.6,0.985,-0.8,-0.1,0.8,18.9,5.7,1.046,5,4,0,0,4
40.2,3,isocontour,11.283791670955125,40072.53,84.33,19.1,8.5,0.981,-0.0,-3.1,3.1,18.9,5.7,1.046,5,7,0,0,7
40.2,4,isocontour,11.283791670955125,42012.46,88.41,19.8,4.7,1.016,0.6,-2.5,2.6,18.9,5.7,1.046,5,6,0,0,6
40.2,5,isocontour,11.283791670955125,39899.27,83.96,19.0,5.5,1.045,1.0,-2.6,2.8,19.0,5.5,1.046,5,7,0,0,7
40.2,6,isocontour,11.283791670955125,40951.37,86.18,14.0,-14.0,1.045,1.8,0.6,1.9,13.7,-14.0,1.06,6,4,0,0,4
40.2,7,isocontour,11.283791670955125,40063.55,84.31,-19.8,6.5,0.988,0.5,1.4,1.5,-19.5,1.6,1.058,23,3,0,0,3
40.2,8,isocontour,11.283791670955125,41506.41,87.35,14.7,-13.4,1.04,1.6,0.3,1.6,13.7,-14.0,1.06,6,4,0,0,4
40.2,9,isocontour,11.283791670955125,39994.12,84.16,20.7,0.5,0.992,-1.6,-0.3,1.6,13.7,-14.0,1.06,6,7,0,0,7
40.2,10,isocontour,11.283791670955125,40131.7,84.45,19.3,-7.9,0.985,0.1,-2.8,2.8,13.7,-14.0,1.06,6,6,0,0,6
40.2,11,isocontour,11.283791670955125,39862.57,83.89,-17.8,-8.3,1.053,0.2,1.2,1.2,-19.5,1.6,1.058,23,4,0,0,4
40.2,12,isocontour,11.283791670955125,40313.53,84.83,-13.3,-15.9,0.991,-0.7,-0.5,0.9,-19.5,1.6,1.058,23,2,0,0,2
40.2,13,isocontour,11.283791670955125,39393.34,82.9,20.6,-0.4,1.002,-0.1,-1.0,1.0,13.7,-14.0,1.06,6,7,0,0,7
40.2,14,isocontour,11.283791670955125,39224.53,82.54,17.4,-11.4,0.987,-2.7,-1.4,3.0,13.7,-14.0,1.06,6,4,0,0,4
40.2,15,isocontour,11.283791670955125,38376.19,80.76,6.8,19.6,0.989,-0.5,1.0,1.1,19.0,6.0,1.039,5,2,0,0,2
40.2,16,isocontour,11.283791670955125,47077.88,99.07,-24.8,22.4,0.498,-0.5,-0.8,0.9,-24.8,22.4,0.5,16,0,0,0,0
40.2,17,isocontour,11.283791670955125,39796.71,83.75,18.6,9.4,0.987,0.9,-1.3,1.6,18.9,5.7,1.046,5,7,0,0,7
40.2,18,isocontour,11.283791670955125,43615.44,91.78,-1.8,20.7,0.989,-2.5,0.2,2.5,6.8,19.5,0.996,15,1,0,0,1
40.2,19,isocontour,11.283791670955125,40323.93,84.86,-20.9,0.7,0.98,-2.5,-3.3,4.1,-19.5,1.6,1.058,23,5,0,0,5
40.2,20,isocontour,11.283791670955125,40781.51,85.82,11.3,-17.4,0.99,-1.4,0.7,1.6,13.7,-14.0,1.06,6,4,0,0,4
40.2,21,isocontour,11.283791670955125,39181.9,82.45,-5.3,-19.9,0.999,-0.6,3.0,3.1,-17.7,-8.8,1.048,11,2,0,0,2
40.2,22,isocontour,11.283791670955125,41867.55,88.11,-20.2,-5.2,0.984,-0.6,-2.4,2.5,-19.5,1.6,1.058,23,3,0,0,3
40.2,23,isocontour,11.283791670955125,42790.66,90.05,-19.5,1.7,1.056,0.2,2.9,2.9,-19.5,1.7,1.058,23,5,0,0,5
40.2,24,isocontour,11.283791670955125,40590.48,85.42,3.9,-20.4,0.991,1.1,-0.1,1.1,13.7,-14.0,1.06,6,2,0,0,2
40.2,25,isocontour,11.283791670955125,39356.42,82.82,-17.4,11.2,0.995,1.9,2.5,3.1,-19.5,1.6,1.058,23,3,0,0,3
40.2,Target,,,,,0.0,0.0,4.023,0.0,0.0,,,,,,,,,
40.3,1,isocontour,11.283791670955125,39348.42,82.8,20.8,1.6,0.985,-1.7,-0.3,1.7,13.7,-14.0,1.06,6,7,0,0,7
40.3,2,isocontour,11.283791670955125,38597.81,81.22,13.6,15.5,0.998,-2.3,-1.6,2.8,18.9,5.7,1.046,5,3,0,0,3
40.3,3,isocontour,11.283791670955125,40035.61,84.25,19.1,8.2,0.988,-0.1,-3.1,3.1,13.7,-14.0,1.06,6,7,0,0,7
40.3,4,isocontour,11.283791670955125,42010.98,88.41,19.8,4.6,1.016,0.2,-1.0,1.0,13.7,-14.0,1.06,6,6,0,0,6
40.3,5,isocontour,11.283791670955125,39897.79,83.96,19.1,5.3,1.044,0.4,-1.0,1.1,13.7,-14.0,1.06,6,6,0,0,6
40.3,6,isocontour,11.283791670955125,40946.9,86.17,14.1,-13.9,1.048,0.4,1.5,1.6,13.7,-14.0,1.06,6,4,0,0,4
40.3,7,isocontour,11.283791670955125,40044.24,84.27,-19.7,6.7,0.988,0.9,2.3,2.5,-19.5,1.6,1.058,23,3,0,0,3
40.3,8,isocontour,11.283791670955125,41501.94,87.34,14.8,-13.4,1.034,1.5,-0.0,1.5,13.7,-14.0,1.06,6,4,0,0,4
40.3,9,isocontour,11.283791670955125,39967.82,84.11,20.7,0.7,0.992,0.2,2.7,2.7,13.7,-14.0,1.06,6,7,0,0,7
40.3,10,isocontour,11.283791670955125,40104.53,84.4,19.4,-7.7,0.981,1.8,2.1,2.8,13.7,-14.0,1.06,6,6,0,0,6
40.3,11,isocontour,11.283791670955125,39840.08,83.84,-17.7,-8.5,1.058,1.9,-1.8,2.6,-19.5,1.6,1.058,23,4,0,0,4
40.3,12,isocontour,11.283791670955125,40302.6,84.81,-13.5,-15.9,0.985,-2.0,0.2,2.0,-19.5,1.6,1.058,23,2,0,0,2
40.3,13,isocontour,11.283791670955125,39254.82,82.61,20.5,-0.8,1.003,-0.4,-4.8,4.8,13.7,-14.0,1.06,6,7,0,0,7
40.3,14,isocontour,11.283791670955125,39211.4,82.52,17.3,-11.5,0.987,-0.8,-2.0,2.2,13.7,-14.0,1.06,6,4,0,0,4
40.3,15,isocontour,11.283791670955125,38352.38,80.71,6.6,19.8,0.986,-2.3,1.3,2.6,18.9,5.7,1.046,5,2,0,0,2
40.3,16,isocontour,11.283791670955125,47076.78,99.07,-24.9,22.3,0.499,-0.4,-0.9,1.0,-24.9,22.3,0.5,16,0,0,0,0
40.3,17,isocontour,11.283791670955125,39763.93,83.68,18.6,9.1,0.993,-0.1,-3.0,3.0,13.7,-14.0,1.06,6,7,0,0,7
40.3,18,isocontour,11.283791670955125,43578.52,91.71,-1.5,20.7,0.991,3.1,-0.3,3.1,19.0,6.0,1.039,5,1,0,0,1
40.3,19,isocontour,11.283791670955125,40323.78,84.86,-21.0,0.7,0.977,-0.3,-0.4,0.5,-19.5,1.6,1.058,23,5,0,0,5
40.3,20,isocontour,11.283791670955125,40778.23,85.81,11.2,-17.4,0.996,-1.2,0.6,1.3,13.7,-14.0,1.06,6,4,0,0,4
40.3,21,isocontour,11.283791670955125,39174.11,82.44,-5.3,-20.0,0.993,0.4,-1.8,1.8,13.7,-14.0,1.06,6,2,0,0,2
40.3,22,isocontour,11.283791670955125,41865.71,88.1,-20.2,-5.2,0.986,0.6,0.9,1.1,-19.5,1.6,1.058,23,3,0,0,3
40.3,23,isocontour,11.283791670955125,42759.82,89.98,-19.5,2.0,1.056,0.3,2.9,2.9,-19.5,2.0,1.058,23,5,0,0,5
40.3,24,isocontour,11.283791670955125,40589.87,85.42,3.9,-20.4,0.989,-0.7,-0.4,0.8,13.7,-14.0,1.06,6,2,0,0,2
40.3,25,isocontour,11.283791670955125,39350.18,82.81,-17.2,11.3,1.0,1.5,0.8,1.7,-19.5,1.6,1.058,23,3,0,0,3
40.3,Target,,,,,0.0,0.0,4.023,0.0,0.0,,,,,,,,,
40.4,1,isocontour,11.283791670955125,39322.68,82.75,20.7,1.8,0.991,-1.2,2.4,2.7,13.7,-14.0,1.06,6,7,0,0,7
40.4,2,isocontour,11.283791670955125,38571.51,81.17,13.4,15.6,1.0,-2.0,1.9,2.8,13.7,-14.0,1.06,6,3,0,0,3
40.4,3,isocontour,11.283791670955125,40031.65,84.24,19.0,8.1,0.995,-1.4,0.2,1.4,13.7,-14.0,1.06,6,7,0,0,7
40.4,4,isocontour,11.283791670955125,42009.5,88.4,19.8,4.5,1.017,0.1,-1.0,1.0,13.7,-14.0,1.06,6,6,0,0,6
40.4,5,isocontour,11.283791670955125,39895.63,83.96,19.1,5.2,1.042,0.7,-0.9,1.1,13.7,-14.0,1.06,6,6,0,0,6
40.4,6,isocontour,11.283791670955125,40916.39,86.1,14.0,-14.1,1.042,-0.8,-2.8,2.9,13.7,-14.0,1.06,6,4,0,0,4
40.4,7,isocontour,11.283791670955125,40043.76,84.27,-19.6,6.8,0.989,0.3,0.6,0.7,-19.5,1.6,1.058,23,3,0,0,3
40.4,8,isocontour,11.283791670955125,41476.76,87.28,14.7,-13.6,1.029,-1.1,-2.4,2.6,13.7,-14.0,1.06,6,4,0,0,4
40.4,9,isocontour,11.283791670955125,39834.43,83.83,20.8,0.4,0.986,1.4,-4.5,4.7,13.7,-14.0,1.06,6,7,0,0,7
40.4,10,isocontour,11.283791670955125,40103.92,84.39,19.5,-7.6,0.981,0.1,0.8,0.8,13.7,-14.0,1.06,6,6,0,0,6
40.4,11,isocontour,11.283791670955125,39839.26,83.84,-17.6,-8.4,1.06,-0.3,0.8,0.9,-17.6,-8.4,1.058,11,4,0,0,4
40.4,12,isocontour,11.283791670955125,40271.45,84.75,-13.3,-16.0,0.987,2.7,-1.2,3.0,13.7,-14.0,1.06,6,2,0,0,2
40.4,13,isocontour,11.283791670955125,39223.34,82.54,20.6,-1.1,0.999,0.7,-2.8,2.9,13.7,-14.0,1.06,6,8,0,0,8
40.4,14,isocontour,11.283791670955125,39195.99,82.48,17.3,-11.4,0.993,-0.1,2.3,2.3,13.7,-14.0,1.06,6,5,0,0,5
40.4,15,isocontour,11.283791670955125,38345.91,80.69,6.6,19.7,0.992,0.8,-1.5,1.7,18.9,5.7,1.046,5,2,0,0,2
40.4,16,isocontour,11.283791670955125,47075.68,99.06,-24.9,22.4,0.497,-0.4,0.9,1.0,-24.9,22.4,0.5,16,0,0,0,0
40.4,17,isocontour,11.283791670955125,39744.62,83.64,18.6,9.3,0.986,0.7,2.4,2.5,13.7,-14.0,1.06,6,7,0,0,7
40.4,18,isocontour,11.283791670955125,43577.12,91.7,-1.4,20.7,0.992,1.0,-0.2,1.0,18.9,5.7,1.046,5,1,0,0,1
40.4,19,isocontour,11.283791670955125,40305.62,84.82,-20.8,0.5,0.986,2.0,-1.3,2.4,-19.5,1.6,1.058,23,4,0,0,4
40.4,20,isocontour,11.283791670955125,40777.84,85.81,11.1,-17.4,0.997,-0.5,-0.4,0.6,13.7,-14.0,1.06,6,4,0,0,4
40.4,21,isocontour,11.283791670955125,39172.37,82.43,-5.2,-20.0,0.993,1.1,-0.2,1.1,13.7,-14.0,1.06,6,2,0,0,2
40.4,22,isocontour,11.283791670955125,41832.6,88.03,-20.0,-4.9,0.998,1.8,2.3,2.9,-19.5,1.6,1.058,23,3,0,0,3
40.4,23,isocontour,11.283791670955125,42734.93,89.93,-19.5,2.3,1.056,0.3,2.7,2.7,-19.5,2.3,1.058,23,5,0,0,5
40.4,24,isocontour,11.283791670955125,40587.38,85.41,3.9,-20.3,0.994,0.4,1.2,1.3,13.7,-14.0,1.06,6,2,0,0,2
40.4,25,isocontour,11.283791670955125,39349.47,82.81,-17.2,11.4,0.998,0.1,0.8,0.8,-19.5,1.6,1.058,23,3,0,0,3
40.4,Target,,,,,0.0,0.0,4.023,0.0,0.0,,,,,,,,,
40.5,1,isocontour,11.283791670955125,39320.98,82.75,20.7,1.7,0.989,0.7,-0.8,1.1,13.7,-14.0,1.06,6,7,0,0,7
40.5,2,isocontour,11.283791670955125,38547.43,81.12,13.5,15.8,0.988,1.4,2.3,2.7,13.7,-14.0,1.06,6,3,0,0,3
40.5,3,isocontour,11.283791670955125,40011.63,84.2,19.0,8.3,0.99,0.4,2.5,2.5,13.7,-14.0,1.06,6,7,0,0,7
40.5,4,isocontour,11.283791670955125,41978.03,88.34,19.8,4.2,1.02,0.0,-2.9,2.9,13.7,-14.0,1.06,6,6,0,0,6
40.5,5,isocontour,11.283791670955125,39893.69,83.95,19.2,5.1,1.04,0.6,-1.0,1.2,13.7,-14.0,1.06,6,6,0,0,6
40.5,6,isocontour,11.283791670955125,40910.78,86.09,14.0,-14.2,1.036,-0.2,-1.6,1.6,13.7,-14.0,1.06,6,4,0,0,4
40.5,7,isocontour,11.283791670955125,40024.46,84.23,-19.6,7.0,0.989,0.9,2.3,2.5,-19.5,1.6,1.058,23,3,0,0,3
40.5,8,isocontour,11.283791670955125,41439.12,87.2,14.5,-13.9,1.029,-2.3,-2.1,3.1,13.7,-14.0,1.06,6,4,0,0,4
40.5,9,isocontour,11.283791670955125,39830.78,83.82,20.9,0.4,0.983,0.4,1.4,1.5,13.7,-14.0,1.06,6,7,0,0,7
40.5,10,isocontour,11.283791670955125,40099.18,84.38,19.4,-7.5,0.987,-0.9,1.3,1.6,13.7,-14.0,1.06,6,6,0,0,6
40.5,11,isocontour,11.283791670955125,39835.53,83.83,-17.8,-8.4,1.056,-1.2,0.7,1.4,13.7,-14.0,1.06,6,4,0,0,4
40.5,12,isocontour,11.283791670955125,40240.62,84.68,-13.0,-16.1,0.994,2.8,-0.6,2.9,13.7,-14.0,1.06,6,2,0,0,2
40.5,13,isocontour,11.283791670955125,39173.71,82.44,20.8,-1.3,0.985,2.8,-1.9,3.4,13.7,-14.0,1.06,6,8,0,0,8
40.5,14,isocontour,11.283791670955125,39188.58,82.47,17.3,-11.5,0.99,-0.1,-1.8,1.8,13.7,-14.0,1.06,6,5,0,0,5
40.5,15,isocontour,11.283791670955125,38344.88,80.69,6.6,19.7,0.988,0.1,0.9,0.9,13.7,-14.0,1.06,6,2,0,0,2
40.5,16,isocontour,11.283791670955125,47074.58,99.06,-24.9,22.5,0.496,0.3,0.9,0.9,-24.9,22.5,0.5,16,0,0,0,0
40.5,17,isocontour,11.283791670955125,39650.52,83.44,18.5,9.7,0.982,-1.3,4.0,4.2,13.7,-14.0,1.06,6,7,0,0,7
40.5,18,isocontour,11.283791670955125,43549.95,91.65,-1.6,20.7,0.99,-2.7,0.3,2.7,18.9,5.7,1.046,5,1,0,0,1
40.5,19,isocontour,11.283791670955125,40269.05,84.74,-20.7,0.3,0.994,1.2,-2.8,3.0,-17.6,-8.4,1.06,11,4,0,0,4
40.5,20,isocontour,11.283791670955125,40694.04,85.64,11.1,-17.7,0.98,0.2,-4.0,4.0,13.7,-14.0,1.06,6,4,0,0,4
40.5,21,isocontour,11.283791670955125,39151.14,82.39,-5.4,-20.0,0.99,-2.6,0.0,2.6,13.7,-14.0,1.06,6,2,0,0,2
40.5,22,isocontour,11.283791670955125,41830.28,88.03,-20.0,-5.0,1.001,0.4,-1.1,1.2,-17.6,-8.4,1.06,11,3,0,0,3
40.5,23,isocontour,11.283791670955125,42715.39,89.89,-19.4,2.5,1.06,1.0,2.3,2.5,-17.6,-8.4,1.06,11,5,0,0,5
40.5,24,isocontour,11.283791670955125,40574.43,85.38,4.1,-20.4,0.989,2.0,-0.9,2.2,13.7,-14.0,1.06,6,2,0,0,2
40.5,25,isocontour,11.283791670955125,39330.16,82.77,-17.1,11.6,0.995,0.8,2.3,2.4,-19.5,1.6,1.058,23,2,0,0,2
40.5,Target,,,,,0.0,0.0,4.023,0.0,0.0,,,,,,,,,
40.6,1,isocontour,11.283791670955125,39319.85,82.74,20.8,1.7,0.985,0.8,-0.4,0.9,13.7,-14.0,1.06,6,7,0,0,7
40.6,2,isocontour,11.283791670955125,38541.82,81.11,13.6,15.7,0.989,0.7,-1.5,1.7,13.7,-14.0,1.06,6,3,0,0,3
40.6,3,isocontour,11.283791670955125,40011.24,84.2,19.0,8.4,0.988,-0.1,0.7,0.7,13.7,-14.0,1.06,6,7,0,0,7
40.6,4,isocontour,11.283791670955125,41976.67,88.33,19.8,4.1,1.018,0.6,-0.8,1.0,13.7,-14.0,1.06,6,6,0,0,6
40.6,5,isocontour,11.283791670955125,39892.25,83.95,19.3,5.1,1.038,0.7,-0.8,1.1,13.7,-14.0,1.06,6,6,0,0,6
40.6,6,isocontour,11.283791670955125,40885.33,86.04,14.1,-14.1,1.035,1.9,2.0,2.8,13.7,-14.0,1.06,6,4,0,0,4
40.6,7,isocontour,11.283791670955125,40017.65,84.21,-19.4,7.0,0.997,1.6,-0.7,1.7,-19.4,2.5,1.06,23,3,0,0,3
40.6,8,isocontour,11.283791670955125,41419.58,87.16,14.6,-13.7,1.034,1.0,2.3,2.5,13.7,-14.0,1.06,6,4,0,0,4
40.6,9,isocontour,11.283791670955125,39827.21,83.81,20.8,0.5,0.989,-1.3,0.4,1.4,13.7,-14.0,1.06,6,7,0,0,7
40.6,10,isocontour,11.283791670955125,40084.17,84.35,19.2,-7.6,0.995,-2.0,-1.0,2.2,13.7,-14.0,1.06,6,6,0,0,6
40.6,11,isocontour,11.283791670955125,39831.49,83.82,-17.9,-8.3,1.052,-1.2,0.9,1.5,13.7,-14.0,1.06,6,4,0,0,4
40.6,12,isocontour,11.283791670955125,40239.68,84.68,-12.9,-16.2,0.993,0.3,-0.8,0.9,13.7,-14.0,1.06,6,2,0,0,2
40.6,13,isocontour,11.283791670955125,39172.1,82.43,20.8,-1.4,0.987,-1.0,-0.3,1.0,13.7,-14.0,1.06,6,8,0,0,8
40.6,14,isocontour,11.283791670955125,39165.04,82.42,17.2,-11.7,0.987,-1.2,-2.4,2.7,13.7,-14.0,1.06,6,5,0,0,5
40.6,15,isocontour,11.283791670955125,38309.73,80.62,6.4,19.9,0.982,-2.3,2.0,3.0,13.7,-14.0,1.06,6,2,0,0,2
40.6,16,isocontour,11.283791670955125,47073.48,99.06,-25.0,22.4,0.495,-0.8,-0.5,0.9,-25.0,22.4,0.5,16,0,0,0,0
40.6,17,isocontour,11.283791670955125,39619.04,83.37,18.5,9.5,0.989,-0.5,-2.9,2.9,13.7,-14.0,1.06,6,7,0,0,7
40.6,18,isocontour,11.283791670955125,43520.99,91.58,-1.9,20.7,0.988,-2.8,0.2,2.8,13.7,-14.0,1.06,6,1,0,0,1
40.6,19,isocontour,11.283791670955125,40268.26,84.74,-20.7,0.3,0.994,-0.1,0.8,0.8,-17.6,-8.4,1.06,11,4,0,0,4
40.6,20,isocontour,11.283791670955125,40692.64,85.63,11.0,-17.8,0.979,-1.0,-0.1,1.0,13.7,-14.0,1.06,6,4,0,0,4
40.6,21,isocontour,11.283791670955125,39130.4,82.35,-5.7,-20.0,0.989,-2.5,0.6,2.6,13.7,-14.0,1.06,6,2,0,0,2
40.6,22,isocontour,11.283791670955125,41705.16,87.76,-20.0,-5.4,0.992,-0.6,-4.6,4.6,-17.6,-8.4,1.06,11,3,0,0,3
40.6,23,isocontour,11.283791670955125,42713.91,89.89,-19.4,2.4,1.061,-0.1,-1.0,1.0,-17.6,-8.4,1.06,11,5,0,0,5
40.6,24,isocontour,11.283791670955125,40549.81,85.33,3.9,-20.4,0.989,-2.7,-0.4,2.7,13.7,-14.0,1.06,6,2,0,0,2
40.6,25,isocontour,11.283791670955125,39329.43,82.76,-17.0,11.7,0.996,0.7,0.5,0.9,-19.4,2.5,1.06,23,2,0,0,2
40.6,Target,,,,,0.0,0.0,4.023,0.0,0.0,,,,,,,,,
40.7,1,isocontour,11.283791670955125,39291.79,82.68,20.7,1.5,0.992,-1.6,-2.3,2.8,13.7,-14.0,1.06,6,7,0,0,7
40.7,2,isocontour,11.283791670955125,38533.26,81.09,13.6,15.6,0.995,0.3,-1.9,1.9,13.7,-14.0,1.06,6,3,0,0,3
40.7,3,isocontour,11.283791670955125,39984.07,84.14,18.9,8.2,0.998,-1.3,-2.5,2.8,13.7,-14.0,1.06,6,7,0,0,7
40.7,4,isocontour,11.283791670955125,41975.01,88.33,19.9,4.0,1.015,0.7,-0.8,1.1,13.7,-14.0,1.06,6,6,0,0,6
40.7,5,isocontour,11.283791670955125,39863.59,83.89,19.4,4.8,1.036,0.9,-2.7,2.8,13.7,-14.0,1.06,6,6,0,0,6
40.7,6,isocontour,11.283791670955125,40871.28,86.01,14.3,-14.0,1.033,1.9,1.2,2.2,13.7,-14.0,1.06,6,4,0,0,4
40.7,7,isocontour,11.283791670955125,40017.08,84.21,-19.4,7.0,0.995,-0.6,0.5,0.8,-19.4,2.4,1.061,23,3,0,0,3
40.7,8,isocontour,11.283791670955125,41397.6,87.12,14.7,-13.5,1.036,1.5,2.1,2.6,13.7,-14.0,1.06,6,4,0,0,4
40.7,9,isocontour,11.283791670955125,39821.4,83.8,20.6,0.4,0.998,-1.6,-0.3,1.6,13.7,-14.0,1.06,6,7,0,0,7
40.7,10,isocontour,11.283791670955125,40083.14,84.35,19.3,-7.7,0.992,0.7,-0.6,0.9,13.7,-14.0,1.06,6,6,0,0,6
40.7,11,isocontour,11.283791670955125,39815.47,83.79,-17.8,-8.1,1.059,0.8,2.2,2.3,-19.4,2.4,1.061,23,4,0,0,4
40.7,12,isocontour,11.283791670955125,40238.68,84.68,-13.0,-16.1,0.992,-0.9,0.3,0.9,13.7,-14.0,1.06,6,2,0,0,2
40.7,13,isocontour,11.283791670955125,39152.56,82.39,20.6,-1.2,0.997,-1.9,1.6,2.5,13.7,-14.0,1.06,6,8,0,0,8
40.7,14,isocontour,11.283791670955125,39143.31,82.37,17.2,-11.5,0.993,0.2,2.6,2.6,13.7,-14.0,1.06,6,5,0,0,5
40.7,15,isocontour,11.283791670955125,38306.23,80.61,6.4,19.8,0.986,0.4,-1.3,1.4,13.7,-14.0,1.06,6,2,0,0,2
40.7,16,isocontour,11.283791670955125,47072.38,99.06,-25.0,22.4,0.495,-0.7,-0.6,0.9,-25.0,22.4,0.5,16,0,0,0,0
40.7,17,isocontour,11.283791670955125,39616.55,83.37,18.5,9.3,0.992,0.4,-1.2,1.3,13.7,-14.0,1.06,6,7,0,0,7
40.7,18,isocontour,11.283791670955125,43519.75,91.58,-2.0,20.7,0.988,-1.0,-0.1,1.0,13.7,-14.0,1.06,6,1,0,0,1
40.7,19,isocontour,11.283791670955125,40181.33,84.56,-20.9,0.1,0.982,-2.6,-3.2,4.1,-19.4,2.4,1.061,23,4,0,0,4
40.7,20,isocontour,11.283791670955125,40670.15,85.59,11.1,-17.6,0.986,1.2,2.3,2.6,13.7,-14.0,1.06,6,4,0,0,4
40.7,21,isocontour,11.283791670955125,39122.36,82.33,-5.7,-19.8,0.998,0.5,1.8,1.9,13.7,-14.0,1.06,6,2,0,0,2
40.7,22,isocontour,11.283791670955125,41616.31,87.58,-20.0,-5.8,0.985,-0.1,-4.1,4.1,-19.4,2.4,1.061,23,3,0,0,3
40.7,23,isocontour,11.283791670955125,42682.43,89.82,-19.4,2.7,1.06,0.2,2.9,2.9,-19.4,2.7,1.061,23,5,0,0,5
40.7,24,isocontour,11.283791670955125,40548.45,85.33,3.8,-20.4,0.992,-0.9,0.4,1.0,13.7,-14.0,1.06,6,2,0,0,2
40.7,25,isocontour,11.283791670955125,39306.68,82.72,-16.9,11.9,0.994,1.0,2.4,2.6,-19.4,2.4,1.061,23,2,0,0,2
40.7,Target,,,,,0.0,0.0,4.023,0.0,0.0,,,,,,,,,
40.8,1,isocontour,11.283791670955125,39274.72,82.65,20.8,1.3,0.986,1.8,-1.5,2.3,13.7,-14.0,1.06,6,7,0,0,7
40.8,2,isocontour,11.283791670955125,38511.02,81.04,13.5,15.7,0.995,-1.7,2.0,2.6,13.7,-14.0,1.06,6,3,0,0,3
40.8,3,isocontour,11.283791670955125,39983.41,84.14,18.9,8.3,1.0,-0.3,0.7,0.8,13.7,-14.0,1.06,6,7,0,0,7
40.8,4,isocontour,11.283791670955125,41945.12,88.27,19.9,3.8,1.02,-0.7,-2.8,2.9,13.7,-14.0,1.06,6,6,0,0,6
40.8,5,isocontour,11.283791670955125,39862.23,83.89,19.4,4.7,1.036,0.3,-1.0,1.0,13.7,-14.0,1.06,6,6,0,0,6
40.8,6,isocontour,11.283791670955125,40869.57,86.0,14.4,-13.9,1.035,0.3,1.1,1.1,13.7,-14.0,1.06,6,4,0,0,4
40.8,7,isocontour,11.283791670955125,40009.92,84.2,-19.6,7.1,0.986,-1.6,0.8,1.8,-19.4,2.4,1.061,23,3,0,0,3
40.8,8,isocontour,11.283791670955125,41391.13,87.1,14.9,-13.4,1.032,1.6,0.5,1.7,13.7,-14.0,1.06,6,4,0,0,4
40.8,9,isocontour,11.283791670955125,39819.3,83.79,20.7,0.4,0.995,0.9,-0.7,1.1,13.7,-14.0,1.06,6,7,0,0,7
40.8,10,isocontour,11.283791670955125,40050.36,84.28,19.4,-7.9,0.979,2.0,-2.1,2.9,13.7,-14.0,1.06,6,6,0,0,6
40.8,11,isocontour,11.283791670955125,39814.99,83.79,-17.8,-8.1,1.062,0.5,-0.5,0.7,-19.4,2.4,1.061,23,4,0,0,4
40.8,12,isocontour,11.283791670955125,40124.56,84.44,-13.3,-15.9,0.992,-3.4,2.9,4.5,-19.4,2.4,1.061,23,2,0,0,2
40.8,13,isocontour,11.283791670955125,39139.96,82.37,20.7,-1.3,0.989,2.0,-0.7,2.1,13.7,-14.0,1.06,6,8,0,0,8
40.8,14,isocontour,11.283791670955125,39106.39,82.29,17.1,-11.7,0.991,-1.2,-2.8,3.0,13.7,-14.0,1.06,6,5,0,0,5
40.8,15,isocontour,11.283791670955125,38302.95,80.6,6.5,19.7,0.992,0.5,-1.2,1.3,13.7,-14.0,1.06,6,2,0,0,2
40.8,16,isocontour,11.283791670955125,47055.31,99.02,-24.9,22.3,0.5,2.2,-0.9,2.4,-24.9,22.3,0.5,16,0,0,0,0
40.8,17,isocontour,11.283791670955125,39608.12,83.35,18.4,9.5,0.993,-1.1,1.5,1.9,13.7,-14.0,1.06,6,7,0,0,7
40.8,18,isocontour,11.283791670955125,43518.65,91.58,-2.0,20.7,0.989,0.9,-0.1,0.9,13.7,-14.0,1.06,6,1,0,0,1
40.8,19,isocontour,11.283791670955125,40180.97,84.56,-20.9,-0.0,0.98,0.0,-0.6,0.6,-19.4,2.4,1.061,23,4,0,0,4
40.8,20,isocontour,11.283791670955125,40642.68,85.53,11.3,-17.4,0.993,1.4,2.4,2.8,13.7,-14.0,1.06,6,4,0,0,4
40.8,21,isocontour,11.283791670955125,39107.54,82.3,-5.8,-19.9,0.991,-1.8,-1.3,2.2,13.7,-14.0,1.06,6,2,0,0,2
40.8,22,isocontour,11.283791670955125,41614.26,87.57,-20.0,-5.8,0.987,0.2,1.1,1.1,-19.4,2.4,1.061,23,3,0,0,3
40.8,23,isocontour,11.283791670955125,42681.59,89.82,-19.3,2.8,1.06,0.3,0.8,0.9,-19.4,2.4,1.061,23,5,0,0,5
40.8,24,isocontour,11.283791670955125,40547.05,85.33,3.8,-20.4,0.991,1.0,-0.1,1.0,13.7,-14.0,1.06,6,2,0,0,2
40.8,25,isocontour,11.283791670955125,39213.9,82.52,-16.8,12.3,0.987,1.3,4.0,4.2,-19.4,2.4,1.061,23,2,0,0,2
40.8,Target,,,,,0.0,0.0,4.023,0.0,0.0,,,,,,,,,
40.9,1,isocontour,11.283791670955125,39192.77,82.48,20.9,1.6,0.977,1.3,3.8,4.0,13.7,-14.0,1.06,6,7,0,0,7
40.9,2,isocontour,11.283791670955125,38495.2,81.01,13.4,15.9,0.986,-0.0,2.3,2.3,13.7,-14.0,1.06,6,3,0,0,3
40.9,3,isocontour,11.283791670955125,39980.74,84.13,19.0,8.3,0.994,1.2,0.3,1.2,13.7,-14.0,1.06,6,7,0,0,7
40.9,4,isocontour,11.283791670955125,41919.39,88.21,19.8,3.9,1.024,-1.1,2.5,2.7,13.7,-14.0,1.06,6,6,0,0,6
40.9,5,isocontour,11.283791670955125,39860.87,83.88,19.4,4.8,1.038,-0.5,0.9,1.0,13.7,-14.0,1.06,6,6,0,0,6
40.9,6,isocontour,11.283791670955125,40856.26,85.98,14.6,-13.9,1.027,2.2,-0.3,2.2,13.7,-14.0,1.06,6,4,0,0,4
40.9,7,isocontour,11.283791670955125,39939.03,84.05,-19.6,7.5,0.978,-0.1,3.8,3.8,-19.4,2.4,1.061,23,3,0,0,3
40.9,8,isocontour,11.283791670955125,41357.01,87.03,14.8,-13.6,1.025,-0.9,-2.8,2.9,13.7,-14.0,1.06,6,4,0,0,4
40.9,9,isocontour,11.283791670955125,39788.79,83.73,20.8,0.2,0.987,1.5,-2.5,2.9,13.7,-14.0,1.06,6,7,0,0,7
40.9,10,isocontour,11.283791670955125,40042.58,84.26,19.6,-7.8,0.973,1.3,1.3,1.8,13.7,-14.0,1.06,6,6,0,0,6
40.9,11,isocontour,11.283791670955125,39788.69,83.73,-17.6,-8.3,1.063,1.3,-2.4,2.7,-17.6,-8.3,1.062,11,4,0,0,4
40.9,12,isocontour,11.283791670955125,40111.25,84.41,-13.6,-15.8,0.986,-2.2,0.3,2.2,-17.8,-8.1,1.062,11,2,0,0,2
40.9,13,isocontour,11.283791670955125,39138.48,82.36,20.8,-1.2,0.987,0.2,1.0,1.0,13.7,-14.0,1.06,6,8,0,0,8
40.9,14,isocontour,11.283791670955125,39052.26,82.18,17.3,-11.6,0.987,2.6,2.3,3.5,13.7,-14.0,1.06,6,5,0,0,5
40.9,15,isocontour,11.283791670955125,38301.67,80.6,6.5,19.7,0.99,-0.6,0.8,1.0,13.7,-14.0,1.06,6,2,0,0,2
40.9,16,isocontour,11.283791670955125,47054.21,99.02,-24.9,22.3,0.499,-0.8,0.4,0.9,-24.9,22.3,0.5,16,0,0,0,0
40.9,17,isocontour,11.283791670955125,39511.31,83.15,18.5,9.8,0.981,0.7,4.2,4.3,13.7,-14.0,1.06,6,7,0,0,7
40.9,18,isocontour,11.283791670955125,43483.84,91.51,-1.7,20.7,0.992,3.0,-0.4,3.0,13.7,-14.0,1.06,6,1,0,0,1
40.9,19,isocontour,11.283791670955125,40163.69,84.52,-20.8,-0.2,0.989,2.0,-1.3,2.4,-17.8,-8.1,1.062,11,4,0,0,4
40.9,20,isocontour,11.283791670955125,40635.88,85.51,11.4,-17.4,0.987,1.6,-0.6,1.7,13.7,-14.0,1.06,6,4,0,0,4
40.9,21,isocontour,11.283791670955125,39094.05,82.27,-6.0,-20.0,0.982,-2.0,-1.0,2.2,-19.4,2.4,1.061,23,2,0,0,2
40.9,22,isocontour,11.283791670955125,41609.88,87.56,-20.0,-5.6,0.989,0.0,1.5,1.5,-17.8,-8.1,1.062,11,3,0,0,3
40.9,23,isocontour,11.283791670955125,42666.38,89.79,-19.2,2.9,1.066,1.3,1.9,2.3,-17.8,-8.1,1.062,11,5,0,0,5
40.9,24,isocontour,11.283791670955125,40529.33,85.29,3.7,-20.6,0.983,-1.4,-1.9,2.4,13.7,-14.0,1.06,6,2,0,0,2
40.9,25,isocontour,11.283791670955125,39209.52,82.51,-16.7,12.2,0.993,1.0,-1.2,1.6,-19.4,2.4,1.061,23,2,0,0,2
40.9,Target,,,,,0.0,0.0,4.023,0.0,0.0,,,,,,,,,
41.0,1,isocontour,11.283791670955125,39191.24,82.47,20.9,1.7,0.979,-0.8,0.7,1.1,13.7,-14.0,1.06,6,7,0,0,7
41.0,2,isocontour,11.283791670955125,38494.24,81.01,13.5,15.9,0.983,0.8,-0.3,0.9,13.7,-14.0,1.06,6,3,0,0,3
41.0,3,isocontour,11.283791670955125,39960.73,84.09,19.0,8.5,0.989,-0.2,2.5,2.5,13.7,-14.0,1.06,6,7,0,0,7
41.0,4,isocontour,11.283791670955125,41918.25,88.21,19.7,4.0,1.025,-0.3,0.9,0.9,13.7,-14.0,1.06,6,6,0,0,6
41.0,5,isocontour,11.283791670955125,39843.59,83.85,19.5,4.6,1.034,1.3,-2.0,2.4,13.7,-14.0,1.06,6,6,0,0,6
41.0,6,isocontour,11.283791670955125,40855.72,85.98,14.7,-13.9,1.024,0.7,0.3,0.8,13.7,-14.0,1.06,6,4,0,0,4
41.0,7,isocontour,11.283791670955125,39922.59,84.01,-19.5,7.4,0.987,1.6,-1.7,2.3,-19.2,2.9,1.066,23,3,0,0,3
41.0,8,isocontour,11.283791670955125,41335.28,86.99,15.0,-13.5,1.024,1.7,1.9,2.5,13.7,-14.0,1.06,6,4,0,0,4
41.0,9,isocontour,11.283791670955125,39784.05,83.72,20.9,0.2,0.982,0.8,1.3,1.5,13.7,-14.0,1.06,6,7,0,0,7
41.0,10,isocontour,11.283791670955125,40017.13,84.21,19.5,-7.5,0.982,-1.2,2.4,2.7,13.7,-14.0,1.06,6,6,0,0,6
41.0,11,isocontour,11.283791670955125,39776.44,83.7,-17.8,-8.2,1.059,-1.7,1.3,2.1,-17.8,-8.2,1.063,11,3,0,0,3
41.0,12,isocontour,11.283791670955125,40093.96,84.37,-13.6,-15.6,0.993,-0.2,2.4,2.4,-17.6,-8.3,1.063,11,2,0,0,2
41.0,13,isocontour,11.283791670955125,39113.31,82.31,20.7,-1.0,0.991,-0.9,2.5,2.7,13.7,-14.0,1.06,6,8,0,0,8
41.0,14,isocontour,11.283791670955125,39051.74,82.18,17.4,-11.5,0.985,0.6,0.4,0.7,13.7,-14.0,1.06,6,5,0,0,5
41.0,15,isocontour,11.283791670955125,38237.22,80.47,6.7,19.9,0.977,3.3,1.7,3.7,13.7,-14.0,1.06,6,2,0,0,2
41.0,16,isocontour,11.283791670955125,47053.11,99.02,-24.8,22.3,0.5,0.8,-0.5,0.9,-24.8,22.3,0.5,16,0,0,0,0
41.0,17,isocontour,11.283791670955125,39510.02,83.14,18.6,9.9,0.977,0.9,-0.5,1.0,13.7,-14.0,1.06,6,7,0,0,7
41.0,18,isocontour,11.283791670955125,43482.77,91.5,-1.6,20.6,0.994,0.9,-0.1,0.9,13.7,-14.0,1.06,6,1,0,0,1
41.0,19,isocontour,11.283791670955125,40159.89,84.51,-20.6,-0.2,0.998,1.4,-0.2,1.4,-19.2,2.9,1.066,23,4,0,0,4
41.0,20,isocontour,11.283791670955125,40633.61,85.51,11.5,-17.3,0.988,0.8,0.9,1.2,13.7,-14.0,1.06,6,4,0,0,4
41.0,21,isocontour,11.283791670955125,39072.32,82.22,-6.0,-19.8,0.993,0.9,2.4,2.6,-17.8,-8.1,1.062,11,2,0,0,2
41.0,22,isocontour,11.283791670955125,41572.96,87.49,-19.9,-5.4,0.999,1.2,2.8,3.0,-19.2,2.9,1.066,23,3,0,0,3
41.0,23,isocontour,11.283791670955125,42665.53,89.78,-19.2,3.0,1.067,0.2,0.8,0.8,-19.2,3.0,1.066,23,4,0,0,4
41.0,24,isocontour,11.283791670955125,40527.48,85.29,3.7,-20.5,0.987,-0.4,1.0,1.1,-19.4,2.4,1.061,23,2,0,0,2
41.0,25,isocontour,11.283791670955125,39207.2,82.51,-16.7,12.1,0.997,0.0,-1.2,1.2,-19.2,2.9,1.066,23,2,0,0,2
41.0,Target,,,,,0.0,0.0,4.023,0.0,0.0,,,,,,,,,
41.1,1,isocontour,11.283791670955125,39185.43,82.46,20.7,1.8,0.987,-1.6,0.2,1.6,13.7,-14.0,1.06,6,7,0,0,7
41.1,2,isocontour,11.283791670955125,38475.16,80.97,13.7,15.8,0.982,2.0,-1.4,2.4,13.7,-14.0,1.06,6,3,0,0,3
41.1,3,isocontour,11.283791670955125,39958.35,84.09,19.0,8.4,0.99,-0.0,-1.2,1.2,13.7,-14.0,1.06,6,7,0,0,7
41.1,4,isocontour,11.283791670955125,41913.7,88.2,19.8,4.0,1.021,1.2,-0.9,1.5,13.7,-14.0,1.06,6,6,0,0,6
41.1,5,isocontour,11.283791670955125,39837.23,83.83,19.6,4.5,1.028,1.3,-1.1,1.7,13.7,-14.0,1.06,6,6,0,0,6
41.1,6,isocontour,11.283791670955125,40853.51,85.97,14.6,-13.8,1.029,-0.8,0.8,1.1,13.7,-14.0,1.06,6,4,0,0,4
41.1,7,isocontour,11.283791670955125,39920.04,84.01,-19.4,7.2,0.992,0.4,-1.2,1.3,-19.2,3.0,1.067,23,3,0,0,3
41.1,8,isocontour,11.283791670955125,41303.16,86.92,15.2,-13.3,1.023,2.2,1.9,2.9,13.7,-14.0,1.06,6,4,0,0,4
41.1,9,isocontour,11.283791670955125,39782.61,83.72,20.9,0.3,0.985,-0.7,0.8,1.1,13.7,-14.0,1.06,6,7,0,0,7
41.1,10,isocontour,11.283791670955125,40001.51,84.18,19.3,-7.5,0.995,-2.2,0.5,2.3,13.7,-14.0,1.06,6,6,0,0,6
41.1,11,isocontour,11.283791670955125,39754.96,83.66,-17.8,-8.0,1.062,-0.3,2.5,2.5,-19.2,2.9,1.066,23,3,0,0,3
41.1,12,isocontour,11.283791670955125,40088.76,84.36,-13.7,-15.6,0.99,-1.6,0.2,1.6,-17.6,-8.3,1.063,11,2,0,0,2
41.1,13,isocontour,11.283791670955125,39111.91,82.31,20.7,-1.0,0.993,-0.1,-1.0,1.0,13.7,-14.0,1.06,6,8,0,0,8
41.1,14,isocontour,11.283791670955125,39050.6,82.18,17.3,-11.5,0.989,-0.6,0.7,0.9,13.7,-14.0,1.06,6,5,0,0,5
41.1,15,isocontour,11.283791670955125,38235.28,80.46,6.7,20.0,0.972,-0.5,1.0,1.1,13.7,-14.0,1.06,6,2,0,0,2
41.1,16,isocontour,11.283791670955125,47052.01,99.02,-24.8,22.2,0.502,0.1,-0.9,0.9,-24.8,22.2,0.5,16,0,0,0,0
41.1,17,isocontour,11.283791670955125,39497.95,83.12,18.5,9.7,0.983,-0.7,-2.0,2.1,13.7,-14.0,1.06,6,7,0,0,7
41.1,18,isocontour,11.283791670955125,43453.51,91.44,-1.8,20.6,0.992,-2.8,0.1,2.8,13.7,-14.0,1.06,6,1,0,0,1
41.1,19,isocontour,11.283791670955125,40122.97,84.43,-20.6,0.1,0.998,-0.1,3.1,3.1,-19.2,3.0,1.067,23,4,0,0,4
41.1,20,isocontour,11.283791670955125,40631.06,85.5,11.5,-17.2,0.992,0.3,1.2,1.2,-19.4,2.4,1.061,23,4,0,0,4
41.1,21,isocontour,11.283791670955125,39069.18,82.22,-5.9,-19.9,0.991,0.6,-1.2,1.3,-17.6,-8.3,1.063,11,2,0,0,2
41.1,22,isocontour,11.283791670955125,41551.73,87.44,-19.8,-5.6,0.999,0.4,-2.5,2.5,-19.2,3.0,1.067,23,3,0,0,3
41.1,23,isocontour,11.283791670955125,42664.05,89.78,-19.2,3.0,1.068,-0.1,-1.0,1.0,-19.2,3.0,1.067,23,4,0,0,4
41.1,24,isocontour,11.283791670955125,40491.98,85.21,3.4,-20.4,0.994,-2.9,0.9,3.0,-17.8,-8.1,1.062,11,2,0,0,2
41.1,25,isocontour,11.283791670955125,39185.72,82.46,-16.6,12.3,0.998,1.5,2.1,2.6,-19.2,3.0,1.067,23,2,0,0,2
41.1,Target,,,,,0.0,0.0,4.023,0.0,0.0,,,,,,,,,
41.2,1,isocontour,11.283791670955125,39182.99,82.46,20.6,1.7,0.993,-0.9,-0.9,1.3,13.7,-14.0,1.06,6,7,0,0,7
41.2,2,isocontour,11.283791670955125,38455.15,80.92,13.9,15.7,0.98,2.1,-1.4,2.5,13.7,-14.0,1.06,6,3,0,0,3
41.2,3,isocontour,11.283791670955125,39936.87,84.04,18.9,8.6,0.988,-0.5,2.5,2.5,13.7,-14.0,1.06,6,7,0,0,7
41.2,4,isocontour,11.283791670955125,41885.04,88.14,19.9,3.7,1.021,0.2,-2.8,2.8,13.7,-14.0,1.06,6,6,0,0,6
41.2,5,isocontour,11.283791670955125,39835.67,83.83,19.6,4.4,1.028,0.0,-1.1,1.1,13.7,-14.0,1.06,6,6,0,0,6
41.2,6,isocontour,11.283791670955125,40844.25,85.95,14.6,-13.6,1.037,0.1,1.9,1.9,-19.4,2.4,1.061,23,4,0,0,4
41.2,7,isocontour,11.283791670955125,39898.56,83.96,-19.5,7.4,0.983,-1.5,2.1,2.6,-19.2,3.0,1.068,23,3,0,0,3
41.2,8,isocontour,11.283791670955125,41280.4,86.87,15.3,-13.1,1.028,0.7,2.5,2.6,-19.4,2.4,1.061,23,4,0,0,4
41.2,9,isocontour,11.283791670955125,39777.3,83.71,20.7,0.3,0.993,-1.6,-0.3,1.6,13.7,-14.0,1.06,6,7,0,0,7
41.2,10,isocontour,11.283791670955125,39967.73,84.11,19.2,-7.7,0.993,-0.3,-3.0,3.0,13.7,-14.0,1.06,6,6,0,0,6
41.2,11,isocontour,11.283791670955125,39721.51,83.59,-17.9,-7.7,1.065,-0.7,2.9,3.0,-19.2,3.0,1.068,23,4,0,0,4
41.2,12,isocontour,11.283791670955125,40084.11,84.35,-13.9,-15.5,0.986,-1.5,0.3,1.5,-19.2,2.9,1.066,23,2,0,0,2
41.2,13,isocontour,11.283791670955125,39108.18,82.3,20.8,-1.0,0.988,1.0,1.0,1.4,13.7,-14.0,1.06,6,8,0,0,8
41.2,14,isocontour,11.283791670955125,39048.39,82.17,17.3,-11.4,0.994,-0.6,1.0,1.2,-19.4,2.4,1.061,23,5,0,0,5
41.2,15,isocontour,11.283791670955125,38229.67,80.45,6.6,19.9,0.978,-1.1,-1.2,1.6,13.7,-14.0,1.06,6,2,0,0,2
41.2,16,isocontour,11.283791670955125,47050.91,99.01,-24.8,22.3,0.501,-0.0,0.9,0.9,-24.8,22.3,0.502,16,0,0,0,0
41.2,17,isocontour,11.283791670955125,39483.9,83.09,18.6,9.5,0.983,1.3,-1.8,2.2,13.7,-14.0,1.06,6,7,0,0,7
41.2,18,isocontour,11.283791670955125,43452.41,91.44,-1.8,20.6,0.993,0.9,-0.1,0.9,13.7,-14.0,1.06,6,1,0,0,1
41.2,19,isocontour,11.283791670955125,40032.17,84.24,-20.8,-0.2,0.988,-2.2,-3.5,4.1,-19.2,3.0,1.068,23,4,0,0,4
41.2,20,isocontour,11.283791670955125,40627.85,85.5,11.6,-17.1,0.995,0.7,1.1,1.3,-17.8,-8.1,1.062,11,4,0,0,4
41.2,21,isocontour,11.283791670955125,39038.67,82.15,-6.1,-19.9,0.987,-2.9,0.2,2.9,-17.6,-8.3,1.063,11,2,0,0,2
41.2,22,isocontour,11.283791670955125,41532.65,87.4,-19.9,-5.8,0.995,-0.2,-2.5,2.5,-19.2,3.0,1.068,23,3,0,0,3
41.2,23,isocontour,11.283791670955125,42663.23,89.78,-19.2,2.9,1.068,-0.0,-0.9,0.9,-19.2,2.9,1.068,23,5,0,0,5
41.2,24,isocontour,11.283791670955125,40477.55,85.18,3.5,-20.5,0.986,1.4,-1.7,2.2,-17.6,-8.3,1.063,11,2,0,0,2
41.2,25,isocontour,11.283791670955125,39087.54,82.25,-16.4,12.6,0.993,1.6,4.0,4.3,-19.2,3.0,1.068,23,2,0,0,2
41.2,Target,,,,,0.0,0.0,4.023,0.0,0.0,,,,,,,,,
41.3,1,isocontour,11.283791670955125,39158.92,82.41,20.6,1.9,0.994,-0.2,2.7,2.7,13.7,-14.0,1.06,6,7,0,0,7
41.3,2,isocontour,11.283791670955125,38451.73,80.92,14.0,15.6,0.979,1.1,-0.8,1.4,13.7,-14.0,1.06,6,3,0,0,3
41.3,3,isocontour,11.283791670955125,39934.66,84.04,18.9,8.6,0.99,-0.1,-1.2,1.2,13.7,-14.0,1.06,6,7,0,0,7
41.3,4,isocontour,11.283791670955125,41859.02,88.09,19.9,3.4,1.023,0.1,-2.7,2.7,13.7,-14.0,1.06,6,6,0,0,6
41.3,5,isocontour,11.283791670955125,39807.31,83.77,19.6,4.1,1.03,0.4,-2.8,2.8,13.7,-14.0,1.06,6,6,0,0,6
41.3,6,isocontour,11.283791670955125,40826.08,85.91,14.7,-13.4,1.042,1.0,2.2,2.4,-17.8,-8.1,1.062,11,4,0,0,4
41.3,7,isocontour,11.283791670955125,39870.2,83.9,-19.5,7.6,0.981,1.0,2.6,2.8,-19.2,3.0,1.068,23,3,0,0,3
41.3,8,isocontour,11.283791670955125,41275.48,86.86,15.4,-13.0,1.026,1.4,0.7,1.6,-17.8,-8.1,1.062,11,4,0,0,4
41.3,9,isocontour,11.283791670955125,39751.57,83.65,20.7,0.5,0.992,0.4,2.7,2.7,13.7,-14.0,1.06,6,7,0,0,7
41.3,10,isocontour,11.283791670955125,39942.28,84.05,19.4,-7.9,0.98,1.8,-2.0,2.7,-19.4,2.4,1.061,23,6,0,0,6
41.3,11,isocontour,11.283791670955125,39718.09,83.58,-18.0,-7.6,1.062,-1.1,0.8,1.4,-19.2,3.0,1.068,23,4,0,0,4
41.3,12,isocontour,11.283791670955125,40073.34,84.33,-13.8,-15.7,0.985,1.5,-1.4,2.1,-19.2,3.0,1.068,23,2,0,0,2
41.3,13,isocontour,11.283791670955125,39042.16,82.16,20.7,-1.2,0.99,-0.8,-3.7,3.8,-19.4,2.4,1.061,23,8,0,0,8
41.3,14,isocontour,11.283791670955125,39036.32,82.15,17.5,-11.3,0.988,2.1,0.2,2.1,-17.8,-8.1,1.062,11,5,0,0,5
41.3,15,isocontour,11.283791670955125,38225.2,80.44,6.5,19.8,0.985,-1.2,-1.0,1.6,13.7,-14.0,1.06,6,2,0,0,2
41.3,16,isocontour,11.283791670955125,47049.81,99.01,-24.9,22.2,0.501,-0.6,-0.7,0.9,-24.9,22.2,0.502,16,0,0,0,0
41.3,17,isocontour,11.283791670955125,39471.82,83.06,18.7,9.3,0.981,1.3,-1.7,2.1,13.7,-14.0,1.06,6,7,0,0,7
41.3,18,isocontour,11.283791670955125,43424.35,91.38,-2.0,20.6,0.994,-2.8,-0.3,2.8,13.7,-14.0,1.06,6,1,0,0,1
41.3,19,isocontour,11.283791670955125,40027.95,84.23,-21.0,-0.3,0.979,-1.4,-0.6,1.5,-19.2,3.0,1.068,23,4,0,0,4
41.3,20,isocontour,11.283791670955125,40584.89,85.41,11.5,-17.3,0.99,-1.8,-2.7,3.2,-17.6,-8.3,1.063,11,4,0,0,4
41.3,21,isocontour,11.283791670955125,39037.93,82.15,-6.1,-19.9,0.988,0.8,0.2,0.8,-19.2,2.9,1.066,23,2,0,0,2
41.3,22,isocontour,11.283791670955125,41512.88,87.36,-19.9,-6.0,0.989,-0.4,-2.5,2.5,-19.2,3.0,1.068,23,3,0,0,3
41.3,23,isocontour,11.283791670955125,42639.69,89.73,-19.2,2.6,1.071,0.2,-2.6,2.6,-19.2,2.6,1.068,23,5,0,0,5
41.3,24,isocontour,11.283791670955125,40468.14,85.16,3.6,-20.4,0.993,0.6,1.9,2.0,-17.6,-8.3,1.063,11,2,0,0,2
41.3,25,isocontour,11.283791670955125,39067.52,82.21,-16.3,12.8,0.992,1.7,1.9,2.5,-19.2,3.0,1.068,23,2,0,0,2
41.3,Target,,,,,0.0,0.0,4.023,0.0,0.0,,,,,,,,,
41.4,1,isocontour,11.283791670955125,39156.92,82.4,20.7,2.0,0.988,1.1,0.0,1.1,-19.4,2.4,1.061,23,7,0,0,7
41.4,2,isocontour,11.283791670955125,38446.9,80.91,14.1,15.5,0.98,1.0,-1.2,1.6,13.7,-14.0,1.06,6,3,0,0,3
41.4,3,isocontour,11.283791670955125,39933.76,84.04,18.9,8.6,0.991,-0.4,0.8,0.9,-19.4,2.4,1.061,23,7,0,0,7
41.4,4,isocontour,11.283791670955125,41835.48,88.04,19.9,3.2,1.022,0.8,-2.5,2.6,-19.4,2.4,1.061,23,6,0,0,6
41.4,5,isocontour,11.283791670955125,39782.69,83.72,19.7,3.9,1.029,0.7,-2.6,2.7,-19.4,2.4,1.061,23,6,0,0,6
41.4,6,isocontour,11.283791670955125,40810.67,85.88,14.9,-13.3,1.034,2.3,0.1,2.3,-17.6,-8.3,1.063,11,4,0,0,4
41.4,7,isocontour,11.283791670955125,39868.92,83.9,-19.4,7.7,0.984,0.9,0.3,0.9,-19.2,2.6,1.071,23,3,0,0,3
41.4,8,isocontour,11.283791670955125,41244.33,86.79,15.3,-13.2,1.023,-1.4,-2.5,2.9,-17.6,-8.3,1.063,11,4,0,0,4
41.4,9,isocontour,11.283791670955125,39635.14,83.41,20.8,0.2,0.989,0.7,-4.5,4.6,-19.4,2.4,1.061,23,7,0,0,7
41.4,10,isocontour,11.283791670955125,39889.52,83.94,19.4,-7.7,0.983,0.2,3.5,3.5,-17.8,-8.1,1.062,11,6,0,0,6
41.4,11,isocontour,11.283791670955125,39699.92,83.54,-18.1,-7.8,1.052,-1.1,-2.2,2.5,-19.2,2.6,1.071,23,4,0,0,4
41.4,12,isocontour,11.283791670955125,40062.26,84.31,-13.6,-15.6,0.993,2.0,0.5,2.1,-19.2,3.0,1.068,23,2,0,0,2
41.4,13,isocontour,11.283791670955125,39040.27,82.16,20.7,-1.2,0.993,-0.5,1.0,1.1,-17.8,-8.1,1.062,11,8,0,0,8
41.4,14,isocontour,11.283791670955125,39035.73,82.15,17.4,-11.3,0.99,-0.5,0.6,0.8,-17.6,-8.3,1.063,11,5,0,0,5
41.4,15,isocontour,11.283791670955125,38195.0,80.38,6.3,19.8,0.989,-2.9,0.1,2.9,13.7,-14.0,1.06,6,2,0,0,2
41.4,16,isocontour,11.283791670955125,47048.71,99.01,-24.8,22.3,0.5,0.4,0.8,0.9,-24.8,22.3,0.502,16,0,0,0,0
41.4,17,isocontour,11.283791670955125,39469.44,83.06,18.8,9.2,0.981,0.6,-1.1,1.3,-19.4,2.4,1.061,23,7,0,0,7
41.4,18,isocontour,11.283791670955125,43423.32,91.38,-2.0,20.6,0.994,0.9,-0.1,0.9,13.7,-14.0,1.06,6,1,0,0,1
41.4,19,isocontour,11.283791670955125,40008.88,84.19,-20.8,-0.5,0.986,1.7,-1.8,2.5,-19.2,2.6,1.071,23,4,0,0,4
41.4,20,isocontour,11.283791670955125,40508.31,85.24,11.1,-17.5,0.993,-3.7,-1.4,4.0,-17.6,-8.3,1.063,11,4,0,0,4
41.4,21,isocontour,11.283791670955125,39036.83,82.15,-6.0,-19.9,0.99,0.9,0.1,0.9,-19.2,3.0,1.068,23,2,0,0,2
41.4,22,isocontour,11.283791670955125,41512.49,87.36,-19.9,-6.1,0.986,-0.2,-0.6,0.6,-19.2,2.6,1.071,23,3,0,0,3
41.4,23,isocontour,11.283791670955125,42638.29,89.73,-19.2,2.7,1.073,0.4,0.9,1.0,-19.2,2.7,1.071,23,5,0,0,5
41.4,24,isocontour,11.283791670955125,40466.7,85.16,3.5,-20.4,0.994,-1.0,-0.1,1.0,-19.2,2.9,1.066,23,2,0,0,2
41.4,25,isocontour,11.283791670955125,39047.27,82.17,-16.1,13.0,0.993,1.7,1.8,2.5,-19.2,2.6,1.071,23,2,0,0,2
41.4,Target,,,,,0.0,0.0,4.023,0.0,0.0,,,,,,,,,
41.5,1,isocontour,11.283791670955125,39152.63,82.39,20.7,2.1,0.985,0.3,1.5,1.5,-17.8,-8.1,1.062,11,7,0,0,7
41.5,2,isocontour,11.283791670955125,38442.51,80.9,14.2,15.3,0.983,0.7,-1.3,1.5,-19.4,2.4,1.061,23,3,0,0,3
41.5,3,isocontour,11.283791670955125,39815.79,83.79,18.8,9.0,0.987,-1.1,4.4,4.5,-17.8,-8.1,1.062,11,7,0,0,7
41.5,4,isocontour,11.283791670955125,41834.48,88.04,20.0,3.1,1.022,-0.1,-0.9,0.9,-17.8,-8.1,1.062,11,7,0,0,7
41.5,5,isocontour,11.283791670955125,39756.96,83.66,19.8,3.6,1.028,0.6,-2.7,2.8,-17.8,-8.1,1.062,11,6,0,0,6
41.5,6,isocontour,11.283791670955125,40755.61,85.77,14.8,-13.6,1.028,-1.5,-3.2,3.5,-17.6,-8.3,1.063,11,4,0,0,4
41.5,7,isocontour,11.283791670955125,39857.51,83.88,-19.2,7.8,0.991,1.7,1.1,2.0,-19.2,2.7,1.073,23,3,0,0,3
41.5,8,isocontour,11.283791670955125,41243.96,86.79,15.2,-13.2,1.025,-0.6,0.1,0.6,-17.6,-8.3,1.063,11,4,0,0,4
41.5,9,isocontour,11.283791670955125,39629.94,83.4,20.8,0.3,0.985,0.6,1.5,1.6,-17.8,-8.1,1.062,11,7,0,0,7
41.5,10,isocontour,11.283791670955125,39862.06,83.88,19.4,-7.4,0.991,-0.6,2.7,2.8,-17.6,-8.3,1.063,11,7,0,0,7
41.5,11,isocontour,11.283791670955125,39678.69,83.5,-18.0,-7.9,1.055,1.8,-1.8,2.5,-19.2,2.7,1.073,23,4,0,0,4
41.5,12,isocontour,11.283791670955125,40061.16,84.3,-13.6,-15.6,0.99,-0.9,-0.2,0.9,-19.2,2.6,1.071,23,2,0,0,2
41.5,13,isocontour,11.283791670955125,39014.25,82.1,20.7,-1.4,0.993,0.0,-2.7,2.7,-17.6,-8.3,1.063,11,8,0,0,8
41.5,14,isocontour,11.283791670955125,39028.92,82.13,17.4,-11.1,0.998,-1.0,1.4,1.7,-17.6,-8.3,1.063,11,5,0,0,5
41.5,15,isocontour,11.283791670955125,38166.04,80.32,6.0,19.8,0.992,-2.8,0.4,2.8,13.7,-14.0,1.06,6,2,0,0,2
41.5,16,isocontour,11.283791670955125,47047.61,99.01,-24.9,22.2,0.5,-0.5,-0.8,0.9,-24.9,22.2,0.502,16,0,0,0,0
41.5,17,isocontour,11.283791670955125,39463.31,83.05,18.8,9.1,0.987,-0.6,-1.6,1.7,-17.8,-8.1,1.062,11,7,0,0,7
41.5,18,isocontour,11.283791670955125,43422.11,91.38,-2.0,20.6,0.993,-1.0,0.1,1.0,13.7,-14.0,1.06,6,1,0,0,1
41.5,19,isocontour,11.283791670955125,39986.64,84.15,-20.8,-0.7,0.99,0.7,-2.5,2.6,-19.2,2.7,1.073,23,4,0,0,4
41.5,20,isocontour,11.283791670955125,40505.7,85.24,11.1,-17.4,0.996,0.7,1.0,1.2,-19.2,2.9,1.066,23,4,0,0,4
41.5,21,isocontour,11.283791670955125,39035.55,82.15,-6.1,-19.9,0.987,-0.8,-0.6,1.0,-19.2,3.0,1.068,23,2,0,0,2
41.5,22,isocontour,11.283791670955125,41496.67,87.32,-19.8,-6.0,0.996,1.7,1.5,2.3,-19.2,2.7,1.073,23,3,0,0,3
41.5,23,isocontour,11.283791670955125,42636.54,89.72,-19.1,2.8,1.075,0.6,0.9,1.1,-19.1,2.8,1.073,23,5,0,0,5
41.5,24,isocontour,11.283791670955125,40330.76,84.87,3.1,-20.5,0.992,-4.6,-1.3,4.8,-19.2,3.0,1.068,23,2,0,0,2
41.5,25,isocontour,11.283791670955125,39025.79,82.12,-15.9,13.2,0.993,1.5,2.1,2.6,-19.2,2.7,1.073,23,2,0,0,2
41.5,Target,,,,,0.0,0.0,4.023,0.0,0.0,,,,,,,,,
41.6,1,isocontour,11.283791670955125,39128.0,82.34,20.6,1.9,0.994,-1.8,-2.0,2.7,-17.6,-8.3,1.063,11,7,0,0,7
41.6,2,isocontour,11.283791670955125,38440.47,80.89,14.1,15.2,0.989,-0.7,-1.0,1.2,-17.8,-8.1,1.062,11,3,0,0,3
41.6,3,isocontour,11.283791670955125,39814.69,83.79,18.7,9.1,0.988,-0.7,0.7,1.0,-17.6,-8.3,1.063,11,7,0,0,7
41.6,4,isocontour,11.283791670955125,41807.31,87.98,19.9,2.8,1.025,-0.0,-2.8,2.8,-17.6,-8.3,1.063,11,7,0,0,7
41.6,5,isocontour,11.283791670955125,39752.49,83.65,19.7,3.5,1.034,-1.1,-1.1,1.6,-17.6,-8.3,1.063,11,7,0,0,7
41.6,6,isocontour,11.283791670955125,40730.72,85.71,14.9,-13.5,1.028,1.6,2.1,2.6,-19.2,2.9,1.066,23,4,0,0,4
41.6,7,isocontour,11.283791670955125,39820.95,83.8,-19.3,7.6,0.989,-1.6,-2.6,3.1,-19.1,2.8,1.075,23,3,0,0,3
41.6,8,isocontour,11.283791670955125,41199.39,86.7,15.3,-13.0,1.03,1.4,3.0,3.3,-19.2,2.9,1.066,23,4,0,0,4
41.6,9,isocontour,11.283791670955125,39624.12,83.38,20.7,0.3,0.992,-1.6,0.4,1.6,-17.6,-8.3,1.063,11,7,0,0,7
41.6,10,isocontour,11.283791670955125,39836.89,83.83,19.4,-7.6,0.986,0.6,-2.6,2.7,-17.6,-8.3,1.063,11,8,0,0,8
41.6,11,isocontour,11.283791670955125,39641.41,83.42,-18.1,-7.7,1.054,-1.6,2.7,3.1,-19.1,2.8,1.075,23,4,0,0,4
41.6,12,isocontour,11.283791670955125,40058.78,84.3,-13.7,-15.5,0.993,-0.4,1.2,1.3,-19.2,2.7,1.073,23,2,0,0,2
41.6,13,isocontour,11.283791670955125,39009.78,82.09,20.8,-1.5,0.986,1.3,-0.8,1.5,-17.6,-8.3,1.063,11,8,0,0,8
41.6,14,isocontour,11.283791670955125,39020.22,82.11,17.4,-11.3,0.991,0.9,-1.7,1.9,-19.2,2.9,1.066,23,5,0,0,5
41.6,15,isocontour,11.283791670955125,38165.56,80.31,6.0,19.8,0.993,0.7,-0.2,0.7,-19.4,2.4,1.061,23,2,0,0,2
41.6,16,isocontour,11.283791670955125,47046.51,99.0,-24.9,22.3,0.5,0.3,0.9,0.9,-24.9,22.3,0.502,16,0,0,0,0
41.6,17,isocontour,11.283791670955125,39463.0,83.05,18.7,9.1,0.99,-0.6,0.2,0.6,-17.6,-8.3,1.063,11,7,0,0,7
41.6,18,isocontour,11.283791670955125,43393.15,91.32,-2.3,20.6,0.991,-2.8,0.2,2.8,13.7,-14.0,1.06,6,1,0,0,1
41.6,19,isocontour,11.283791670955125,39966.87,84.11,-20.6,-0.9,0.997,1.5,-2.0,2.5,-19.1,2.8,1.075,23,4,0,0,4
41.6,20,isocontour,11.283791670955125,40435.91,85.09,11.1,-17.7,0.983,-0.8,-3.7,3.8,-19.2,3.0,1.068,23,4,0,0,4
41.6,21,isocontour,11.283791670955125,39010.66,82.09,-5.9,-19.8,0.995,2.3,1.3,2.6,-19.2,2.6,1.071,23,2,0,0,2
41.6,22,isocontour,11.283791670955125,41494.63,87.32,-19.8,-5.9,0.996,-0.6,1.0,1.2,-19.1,2.8,1.075,23,3,0,0,3
41.6,23,isocontour,11.283791670955125,42635.54,89.72,-19.1,2.7,1.078,0.4,-0.8,0.9,-19.1,2.7,1.075,23,5,0,0,5
41.6,24,isocontour,11.283791670955125,40302.41,84.81,2.8,-20.6,0.99,-2.7,-0.6,2.8,-19.2,3.0,1.068,23,2,0,0,2
41.6,25,isocontour,11.283791670955125,39003.81,82.08,-15.8,13.5,0.99,1.2,2.3,2.6,-19.1,2.8,1.075,23,2,0,0,2
41.6,Target,,,,,0.0,0.0,4.023,0.0,0.0,,,,,,,,,
41.7,1,isocontour,11.283791670955125,39097.17,82.28,20.5,2.1,0.996,-0.4,2.9,2.9,-17.6,-8.3,1.063,11,7,0,0,7
41.7,2,isocontour,11.283791670955125,38434.0,80.88,14.0,15.3,0.992,-1.5,0.8,1.7,-17.6,-8.3,1.063,11,3,0,0,3
41.7,3,isocontour,11.283791670955125,39811.62,83.78,18.6,9.0,0.993,-0.7,-1.1,1.3,-17.6,-8.3,1.063,11,7,0,0,7
41.7,4,isocontour,11.283791670955125,41806.25,87.98,19.9,2.7,1.027,-0.2,-0.9,0.9,-17.6,-8.3,1.063,11,7,0,0,7
41.7,5,isocontour,11.283791670955125,39749.07,83.65,19.7,3.4,1.032,0.8,-1.1,1.4,-17.6,-8.3,1.063,11,7,0,0,7
41.7,6,isocontour,11.283791670955125,40717.22,85.68,15.0,-13.3,1.034,0.4,2.1,2.1,-19.2,3.0,1.068,23,4,0,0,4
41.7,7,isocontour,11.283791670955125,39786.49,83.73,-19.5,7.4,0.987,-1.5,-2.6,3.0,-19.1,2.7,1.078,23,3,0,0,3
41.7,8,isocontour,11.283791670955125,41197.86,86.7,15.4,-12.9,1.028,1.0,0.4,1.1,-19.2,3.0,1.068,23,4,0,0,4
41.7,9,isocontour,11.283791670955125,39623.18,83.38,20.7,0.2,0.994,-0.1,-0.9,0.9,-17.6,-8.3,1.063,11,7,0,0,7
41.7,10,isocontour,11.283791670955125,39821.28,83.8,19.6,-7.5,0.981,1.5,1.8,2.3,-19.2,2.9,1.066,23,8,0,0,8
41.7,11,isocontour,11.283791670955125,39618.66,83.37,-18.1,-7.5,1.059,0.0,2.6,2.6,-19.1,2.7,1.078,23,4,0,0,4
41.7,12,isocontour,11.283791670955125,40046.87,84.27,-13.8,-15.4,0.996,-1.1,1.8,2.1,-19.1,2.8,1.075,23,2,0,0,2
41.7,13,isocontour,11.283791670955125,39009.28,82.09,20.8,-1.6,0.985,-0.0,-0.7,0.7,-19.2,2.9,1.066,23,8,0,0,8
41.7,14,isocontour,11.283791670955125,38995.04,82.06,17.5,-11.5,0.982,0.4,-2.7,2.7,-19.2,3.0,1.068,23,5,0,0,5
41.7,15,isocontour,11.283791670955125,38133.11,80.25,6.2,19.8,0.992,2.8,-0.9,2.9,-17.8,-8.1,1.062,11,2,0,0,2
41.7,16,isocontour,11.283791670955125,47045.41,99.0,-24.8,22.2,0.501,0.6,-0.7,0.9,-24.8,22.2,0.502,16,0,0,0,0
41.7,17,isocontour,11.283791670955125,39428.19,82.97,18.7,8.8,0.997,-0.1,-3.0,3.0,-17.6,-8.3,1.063,11,7,0,0,7
41.7,18,isocontour,11.283791670955125,43362.64,91.25,-2.6,20.6,0.989,-2.9,-0.0,2.9,-19.4,2.4,1.061,23,1,0,0,1
41.7,19,isocontour,11.283791670955125,39964.6,84.1,-20.6,-0.8,0.998,-0.2,1.2,1.2,-19.1,2.7,1.078,23,4,0,0,4
41.7,20,isocontour,11.283791670955125,40435.25,85.09,11.1,-17.7,0.984,-0.0,0.8,0.8,-19.2,3.0,1.068,23,4,0,0,4
41.7,21,isocontour,11.283791670955125,39004.74,82.08,-5.7,-19.8,1.0,1.7,0.1,1.7,-19.2,2.7,1.073,23,2,0,0,2
41.7,22,isocontour,11.283791670955125,41475.78,87.28,-19.8,-6.1,0.992,-0.2,-2.4,2.4,-19.1,2.7,1.078,23,3,0,0,3
41.7,23,isocontour,11.283791670955125,42629.93,89.71,-19.0,2.6,1.083,0.5,-1.5,1.6,-19.0,2.6,1.078,23,5,0,0,5
41.7,24,isocontour,11.283791670955125,40265.49,84.73,2.5,-20.5,0.994,-3.0,0.5,3.0,-19.2,2.6,1.071,23,2,0,0,2
41.7,25,isocontour,11.283791670955125,38989.57,82.05,-15.6,13.6,0.992,1.8,1.3,2.2,-19.1,2.7,1.078,23,2,0,0,2
41.7,Target,,,,,0.0,0.0,4.023,0.0,0.0,,,,,,,,,
41.8,1,isocontour,11.283791670955125,39029.02,82.13,20.7,1.9,0.988,2.1,-3.2,3.8,-19.2,2.9,1.066,23,7,0,0,7
41.8,2,isocontour,11.283791670955125,38431.57,80.87,13.9,15.4,0.992,-0.9,0.8,1.2,-17.6,-8.3,1.063,11,3,0,0,3
41.8,3,isocontour,11.283791670955125,39784.45,83.72,18.5,9.3,0.992,-0.8,2.6,2.7,-19.2,2.9,1.066,23,7,0,0,7
41.8,4,isocontour,11.283791670955125,41804.35,87.97,19.9,2.8,1.029,-0.5,1.0,1.1,-19.2,2.9,1.066,23,7,0,0,7
41.8,5,isocontour,11.283791670955125,39747.27,83.64,19.7,3.4,1.033,-0.4,1.0,1.1,-19.2,2.9,1.066,23,7,0,0,7
41.8,6,isocontour,11.283791670955125,40716.35,85.68,15.0,-13.2,1.033,0.8,0.4,0.9,-19.2,3.0,1.068,23,4,0,0,4
41.8,7,isocontour,11.283791670955125,39754.69,83.66,-19.6,7.1,0.988,-0.7,-2.8,2.9,-19.0,2.6,1.083,23,3,0,0,3
41.8,8,isocontour,11.283791670955125,41174.32,86.65,15.6,-12.7,1.028,1.6,2.1,2.6,-19.2,3.0,1.068,23,4,0,0,4
41.8,9,isocontour,11.283791670955125,39600.17,83.33,20.8,0.0,0.988,1.4,-2.2,2.6,-19.2,2.9,1.066,23,7,0,0,7
41.8,10,isocontour,11.283791670955125,39802.2,83.76,19.6,-7.2,0.982,0.6,2.4,2.5,-19.2,3.0,1.068,23,8,0,0,8
41.8,11,isocontour,11.283791670955125,39616.23,83.37,-18.1,-7.3,1.061,-0.2,1.2,1.2,-19.0,2.6,1.083,23,4,0,0,4
41.8,12,isocontour,11.283791670955125,40043.53,84.27,-13.9,-15.4,0.991,-1.2,-0.6,1.3,-19.1,2.7,1.078,23,3,0,0,3
41.8,13,isocontour,11.283791670955125,38975.84,82.02,20.7,-1.4,0.989,-0.6,2.9,3.0,-19.2,3.0,1.068,23,8,0,0,8
41.8,14,isocontour,11.283791670955125,38990.83,82.05,17.4,-11.7,0.98,-0.7,-1.3,1.5,-19.2,3.0,1.068,23,5,0,0,5
41.8,15,isocontour,11.283791670955125,38131.75,80.24,6.2,19.8,0.991,-0.9,0.5,1.0,-17.6,-8.3,1.063,11,2,0,0,2
41.8,16,isocontour,11.283791670955125,47044.31,99.0,-24.8,22.2,0.504,0.3,-0.9,0.9,-24.8,22.2,0.502,16,0,0,0,0
41.8,17,isocontour,11.283791670955125,39425.45,82.97,18.7,8.7,0.996,0.9,-0.9,1.3,-19.2,2.9,1.066,23,7,0,0,7
41.8,18,isocontour,11.283791670955125,43340.4,91.2,-2.4,20.6,0.989,2.6,0.3,2.6,-17.8,-8.1,1.062,11,1,0,0,1
41.8,19,isocontour,11.283791670955125,39946.44,84.06,-20.8,-0.7,0.988,-2.1,1.2,2.4,-19.0,2.6,1.083,23,4,0,0,4
41.8,20,isocontour,11.283791670955125,40404.1,85.03,10.8,-17.7,0.991,-2.9,-0.3,2.9,-19.2,2.6,1.071,23,4,0,0,4
41.8,21,isocontour,11.283791670955125,38990.87,82.05,-5.8,-19.9,0.99,-1.1,-1.9,2.2,-19.1,2.8,1.075,23,2,0,0,2
41.8,22,isocontour,11.283791670955125,41451.43,87.23,-20.0,-6.0,0.982,-2.4,1.1,2.6,-19.0,2.6,1.083,23,4,0,0,4
41.8,23,isocontour,11.283791670955125,42605.58,89.66,-19.0,2.3,1.082,-0.5,-2.6,2.6,-19.0,2.3,1.083,23,4,0,0,4
41.8,24,isocontour,11.283791670955125,40264.9,84.73,2.5,-20.6,0.993,0.7,-0.2,0.7,-19.2,2.7,1.073,23,2,0,0,2
41.8,25,isocontour,11.283791670955125,38963.27,81.99,-15.5,13.8,0.99,1.4,2.3,2.7,-19.1,2.7,1.078,23,1,0,0,1
41.8,Target,,,,,0.0,0.0,4.023,0.0,0.0,,,,,,,,,
41.9,1,isocontour,11.283791670955125,39027.45,82.13,20.8,1.9,0.982,1.0,0.4,1.1,-19.2,3.0,1.068,23,7,0,0,7
41.9,2,isocontour,11.283791670955125,38407.22,80.82,13.8,15.6,0.987,-1.1,2.4,2.6,-19.2,2.9,1.066,23,3,0,0,3
41.9,3,isocontour,11.283791670955125,39784.18,83.72,18.6,9.3,0.992,0.2,-0.5,0.5,-19.2,3.0,1.068,23,7,0,0,7
41.9,4,isocontour,11.283791670955125,41774.47,87.91,19.8,3.0,1.035,-1.4,2.5,2.9,-19.2,3.0,1.068,23,7,0,0,7
41.9,5,isocontour,11.283791670955125,39744.89,83.64,19.6,3.5,1.036,-0.7,1.0,1.2,-19.2,3.0,1.068,23,7,0,0,7
41.9,6,isocontour,11.283791670955125,40686.77,85.62,14.9,-13.4,1.032,-1.8,-2.2,2.8,-19.2,2.6,1.071,23,4,0,0,4
41.9,7,isocontour,11.283791670955125,39746.65,83.64,-19.5,6.9,0.996,1.4,-1.2,1.8,-19.0,2.6,1.083,23,3,0,0,3
41.9,8,isocontour,11.283791670955125,41156.82,86.61,15.4,-12.7,1.035,-2.3,-0.6,2.4,-19.2,2.6,1.071,23,4,0,0,4
41.9,9,isocontour,11.283791670955125,39599.53,83.33,20.9,-0.0,0.983,0.7,-0.3,0.8,-19.2,3.0,1.068,23,7,0,0,7
41.9,10,isocontour,11.283791670955125,39798.71,83.75,19.7,-7.1,0.982,0.4,1.3,1.4,-19.2,3.0,1.068,23,8,0,0,8
41.9,11,isocontour,11.283791670955125,39594.5,83.32,-18.0,-7.5,1.063,1.3,-2.2,2.6,-19.0,2.6,1.083,23,4,0,0,4
41.9,12,isocontour,11.283791670955125,40042.79,84.27,-13.9,-15.4,0.992,0.8,0.0,0.8,-19.0,2.6,1.083,23,3,0,0,3
41.9,13,isocontour,11.283791670955125,38942.72,81.95,20.6,-1.1,0.995,-1.1,2.7,2.9,-19.2,3.0,1.068,23,8,0,0,8
41.9,14,isocontour,11.283791670955125,38988.68,82.05,17.3,-11.6,0.985,-0.8,0.9,1.2,-19.2,2.6,1.071,23,5,0,0,5
41.9,15,isocontour,11.283791670955125,38129.32,80.24,6.1,19.9,0.988,-0.8,1.0,1.3,-17.6,-8.3,1.063,11,2,0,0,2
41.9,16,isocontour,11.283791670955125,47043.21,99.0,-24.7,22.2,0.504,0.7,0.6,0.9,-24.7,22.2,0.504,16,0,0,0,0
41.9,17,isocontour,11.283791670955125,39423.61,82.96,18.8,8.7,0.992,0.4,1.0,1.1,-19.2,3.0,1.068,23,7,0,0,7
41.9,18,isocontour,11.283791670955125,43339.12,91.2,-2.3,20.6,0.991,0.9,-0.3,0.9,-17.6,-8.3,1.063,11,1,0,0,1
41.9,19,isocontour,11.283791670955125,39939.28,84.05,-20.9,-0.6,0.98,-1.3,1.2,1.8,-19.0,2.6,1.083,23,4,0,0,4
41.9,20,isocontour,11.283791670955125,40391.68,85.0,11.0,-17.7,0.987,2.1,-0.0,2.1,-19.2,2.7,1.073,23,4,0,0,4
41.9,21,isocontour,11.283791670955125,38966.25,82.0,-5.9,-19.8,0.995,-1.7,2.0,2.6,-19.1,2.7,1.078,23,2,0,0,2
41.9,22,isocontour,11.283791670955125,41427.36,87.18,-20.0,-6.2,0.977,0.2,-2.7,2.7,-19.0,2.6,1.083,23,4,0,0,4
41.9,23,isocontour,11.283791670955125,42604.06,89.66,-19.1,2.3,1.078,-0.9,-0.5,1.0,-19.0,2.6,1.083,23,4,0,0,4
41.9,24,isocontour,11.283791670955125,40263.8,84.73,2.5,-20.6,0.992,-0.9,-0.3,0.9,-19.1,2.8,1.075,23,2,0,0,2
41.9,25,isocontour,11.283791670955125,38958.53,81.98,-15.5,14.0,0.985,0.0,1.5,1.5,-19.0,2.6,1.083,23,1,0,0,1
41.9,Target,,,,,0.0,0.0,4.023,0.0,0.0,,,,,,,,,
42.0,1,isocontour,11.283791670955125,38994.67,82.06,20.7,2.1,0.986,-1.3,2.7,3.0,20.7,2.1,0.982,1,7,0,0,7
42.0,2,isocontour,11.283791670955125,38402.57,80.81,13.7,15.5,0.993,-1.0,-1.1,1.5,13.7,15.5,0.987,2,3,0,0,3
42.0,3,isocontour,11.283791670955125,39755.52,83.66,18.5,9.5,0.99,-1.0,2.6,2.8,18.5,9.5,0.992,3,7,0,0,7
42.0,4,isocontour,11.283791670955125,41671.38,87.69,19.8,2.7,1.037,0.2,-4.3,4.3,19.8,2.7,1.035,4,7,0,0,7
42.0,5,isocontour,11.283791670955125,39743.69,83.64,19.6,3.6,1.036,-0.1,1.0,1.0,19.6,3.6,1.036,5,7,0,0,7
42.0,6,isocontour,11.283791670955125,40656.57,85.56,15.0,-13.2,1.032,1.9,2.2,2.9,15.0,-13.2,1.032,6,4,0,0,4
42.0,7,isocontour,11.283791670955125,39744.5,83.64,-19.4,6.8,1.002,0.7,-1.0,1.2,-19.4,6.8,0.996,7,3,0,0,3
42.0,8,isocontour,11.283791670955125,41144.05,86.58,15.4,-12.9,1.029,0.1,-2.1,2.1,15.4,-12.9,1.035,8,4,0,0,4
42.0,9,isocontour,11.283791670955125,39597.1,83.33,20.8,0.1,0.986,-0.8,1.0,1.3,20.8,0.1,0.983,9,7,0,0,7
42.0,10,isocontour,11.283791670955125,39796.61,83.75,19.6,-7.0,0.986,-0.5,1.1,1.2,19.6,-7.0,0.982,10,8,0,0,8
42.0,11,isocontour,11.283791670955125,39573.51,83.28,-17.9,-7.7,1.066,1.5,-2.1,2.6,-17.9,-7.7,1.063,11,4,0,0,4
42.0,12,isocontour,11.283791670955125,40040.47,84.26,-13.9,-15.3,0.993,-0.9,0.8,1.2,-13.9,-15.3,0.992,12,3,0,0,3
42.0,13,isocontour,11.283791670955125,38925.0,81.91,20.7,-1.2,0.991,1.0,-2.2,2.4,20.7,-1.2,0.995,13,8,0,0,8
42.0,14,isocontour,11.283791670955125,38961.22,81.99,17.2,-11.4,0.996,-0.8,2.7,2.8,17.2,-11.4,0.985,14,5,0,0,5
42.0,15,isocontour,11.283791670955125,38095.53,80.17,5.9,19.9,0.989,-2.9,0.6,3.0,5.9,19.9,0.988,15,2,0,0,2
42.0,16,isocontour,11.283791670955125,47042.11,98.99,-24.7,22.3,0.502,-0.3,0.9,0.9,-24.7,22.3,0.504,16,0,0,0,0
42.0,17,isocontour,11.283791670955125,39304.85,82.71,18.8,9.1,0.984,-0.6,4.5,4.5,18.8,9.1,0.992,17,7,0,0,7
42.0,18,isocontour,11.283791670955125,43337.12,91.2,-2.3,20.6,0.992,-1.1,-0.2,1.1,-2.3,20.6,0.991,18,1,0,0,1
42.0,19,isocontour,11.283791670955125,39902.36,83.97,-20.9,-0.3,0.982,0.6,3.0,3.1,-20.9,-0.3,0.98,19,4,0,0,4
42.0,20,isocontour,11.283791670955125,40282.06,84.77,10.6,-17.8,0.99,-4.2,-1.5,4.5,10.6,-17.8,0.987,20,4,0,0,4
42.0,21,isocontour,11.283791670955125,38946.71,81.96,-6.1,-20.0,0.985,-1.2,-2.1,2.4,-6.1,-20.0,0.995,21,2,0,0,2
42.0,22,isocontour,11.283791670955125,41422.43,87.17,-19.9,-6.3,0.984,1.6,-0.1,1.6,-19.9,-6.3,0.977,22,4,0,0,4
42.0,23,isocontour,11.283791670955125,42601.8,89.65,-19.2,2.3,1.074,-0.5,1.1,1.2,-19.2,2.3,1.078,23,4,0,0,4
42.0,24,isocontour,11.283791670955125,40241.05,84.68,2.7,-20.6,0.989,2.6,-0.3,2.6,2.7,-20.6,0.992,24,2,0,0,2
42.0,25,isocontour,11.283791670955125,38957.63,81.98,-15.4,14.0,0.988,0.8,-0.3,0.9,-15.4,14.0,0.985,25,1,0,0,1
42.0,Target,,,,,0.0,0.0,4.023,0.0,0.0,,,,,,,,,
42.1,1,isocontour,11.283791670955125,38989.65,82.05,20.6,2.2,0.994,-1.5,-0.3,1.5,19.8,2.7,1.037,4,7,0,0,7
42.1,2,isocontour,11.283791670955125,38401.09,80.81,13.7,15.6,0.992,-0.3,1.0,1.0,13.7,15.6,0.993,2,3,0,0,3
42.1,3,isocontour,11.283791670955125,39702.77,83.55,18.6,9.8,0.977,1.5,3.1,3.4,19.8,2.7,1.037,4,7,0,0,7
42.1,4,isocontour,11.283791670955125,41645.37,87.64,19.8,2.4,1.037,0.4,-2.7,2.7,19.8,2.4,1.037,4,7,0,0,7
42.1,5,isocontour,11.283791670955125,39741.07,83.63,19.6,3.5,1.037,-0.0,-1.3,1.3,19.8,2.7,1.037,4,7,0,0,7
42.1,6,isocontour,11.283791670955125,40654.82,85.55,15.1,-13.1,1.035,0.1,1.1,1.1,15.4,-12.9,1.035,8,4,0,0,4
42.1,7,isocontour,11.283791670955125,39724.49,83.6,-19.4,7.0,0.997,-0.4,2.5,2.5,-19.2,2.3,1.078,23,3,0,0,3
42.1,8,isocontour,11.283791670955125,41080.12,86.45,15.5,-12.7,1.031,2.0,3.1,3.7,15.5,-12.7,1.035,8,4,0,0,4
42.1,9,isocontour,11.283791670955125,39593.06,83.32,20.7,0.1,0.992,-1.2,0.9,1.5,19.8,2.7,1.037,4,7,0,0,7
42.1,10,isocontour,11.283791670955125,39763.16,83.68,19.5,-6.7,0.996,-1.1,2.7,2.9,19.8,2.7,1.037,4,8,0,0,8
42.1,11,isocontour,11.283791670955125,39556.23,83.24,-17.7,-7.9,1.07,1.7,-1.7,2.4,-19.2,2.3,1.078,23,4,0,0,4
42.1,12,isocontour,11.283791670955125,40038.58,84.26,-14.0,-15.3,0.991,-1.1,0.4,1.2,-17.9,-7.7,1.066,11,3,0,0,3
42.1,13,isocontour,11.283791670955125,38916.16,81.89,20.8,-1.2,0.984,1.4,1.3,1.9,19.8,2.7,1.037,4,8,0,0,8
42.1,14,isocontour,11.283791670955125,38955.3,81.98,17.1,-11.4,1.0,-1.2,-1.1,1.6,15.4,-12.9,1.035,8,5,0,0,5
42.1,15,isocontour,11.283791670955125,38090.79,80.16,5.8,19.8,0.996,-0.2,-1.5,1.5,13.7,15.5,0.993,2,2,0,0,2
42.1,16,isocontour,11.283791670955125,47041.01,98.99,-24.8,22.3,0.501,-0.9,-0.4,1.0,-24.8,22.3,0.504,16,0,0,0,0
42.1,17,isocontour,11.283791670955125,39302.53,82.71,18.8,9.1,0.984,0.3,-1.2,1.2,19.8,2.7,1.037,4,7,0,0,7
42.1,18,isocontour,11.283791670955125,43305.33,91.13,-2.6,20.6,0.989,-2.9,0.2,2.9,-2.6,20.6,0.992,18,1,0,0,1
42.1,19,isocontour,11.283791670955125,39898.93,83.96,-20.8,-0.2,0.987,0.8,1.1,1.4,-19.2,2.3,1.078,23,4,0,0,4
42.1,20,isocontour,11.283791670955125,40243.68,84.69,10.8,-17.7,0.994,2.2,2.2,3.1,15.4,-12.9,1.035,8,4,0,0,4
42.1,21,isocontour,11.283791670955125,38944.39,81.95,-6.1,-19.9,0.988,-0.2,1.2,1.2,-6.1,-19.9,0.995,21,2,0,0,2
42.1,22,isocontour,11.283791670955125,41421.43,87.17,-19.8,-6.3,0.988,0.8,-0.3,0.9,-19.2,2.3,1.078,23,4,0,0,4
42.1,23,isocontour,11.283791670955125,42570.32,89.58,-19.2,2.6,1.07,-0.3,2.9,2.9,-19.2,2.6,1.078,23,4,0,0,4
42.1,24,isocontour,11.283791670955125,40239.56,84.68,2.6,-20.6,0.989,-1.0,0.0,1.0,-6.1,-20.0,0.995,21,2,0,0,2
42.1,25,isocontour,11.283791670955125,38947.33,81.96,-15.5,13.9,0.987,-1.6,-1.1,1.9,-19.4,6.8,1.002,7,1,0,0,1
42.1,Target,,,,,0.0,0.0,4.023,0.0,0.0,,,,,,,,,
42.2,1,isocontour,11.283791670955125,38956.54,81.98,20.5,2.4,0.995,-0.2,3.0,3.0,19.8,2.7,1.037,4,7,0,0,7
42.2,2,isocontour,11.283791670955125,38398.02,80.8,13.8,15.6,0.987,1.3,0.1,1.3,19.8,2.7,1.037,4,3,0,0,3
42.2,3,isocontour,11.283791670955125,39702.14,83.55,18.7,9.8,0.971,0.7,0.3,0.8,19.8,2.7,1.037,4,7,0,0,7
42.2,4,isocontour,11.283791670955125,41643.32,87.63,19.8,2.3,1.036,0.4,-1.1,1.2,19.8,2.3,1.037,4,7,0,0,7
42.2,5,isocontour,11.283791670955125,39736.86,83.62,19.6,3.4,1.04,-0.4,-1.4,1.5,19.8,2.7,1.037,4,7,0,0,7
42.2,6,isocontour,11.283791670955125,40641.87,85.53,15.1,-12.9,1.039,0.8,2.0,2.2,19.8,2.7,1.037,4,4,0,0,4
42.2,7,isocontour,11.283791670955125,39703.01,83.55,-19.5,7.3,0.988,-0.9,2.4,2.6,-19.2,2.3,1.078,23,3,0,0,3
42.2,8,isocontour,11.283791670955125,41060.1,86.41,15.7,-12.4,1.033,1.2,2.2,2.5,19.8,2.7,1.037,4,4,0,0,4
42.2,9,isocontour,11.283791670955125,39556.85,83.24,20.7,0.4,0.991,0.4,3.0,3.0,19.8,2.7,1.037,4,7,0,0,7
42.2,10,isocontour,11.283791670955125,39742.42,83.63,19.5,-6.9,0.992,0.3,-2.5,2.5,19.8,2.7,1.037,4,8,0,0,8
42.2,11,isocontour,11.283791670955125,39554.28,83.24,-17.7,-7.9,1.069,-0.7,0.9,1.1,-19.2,2.3,1.078,23,4,0,0,4
42.2,12,isocontour,11.283791670955125,40017.59,84.21,-13.9,-15.5,0.986,1.0,-2.3,2.5,-19.2,2.3,1.078,23,3,0,0,3
42.2,13,isocontour,11.283791670955125,38904.08,81.87,20.9,-1.3,0.98,0.4,-2.1,2.1,19.8,2.7,1.037,4,8,0,0,8
42.2,14,isocontour,11.283791670955125,38915.05,81.89,17.3,-11.6,0.985,2.6,-1.7,3.1,19.8,2.7,1.037,4,5,0,0,5
42.2,15,isocontour,11.283791670955125,38064.21,80.1,5.6,19.9,0.997,-2.6,0.9,2.8,5.6,19.9,0.996,15,2,0,0,2
42.2,16,isocontour,11.283791670955125,47039.91,98.99,-24.9,22.3,0.499,-0.9,0.0,0.9,-24.9,22.3,0.504,16,0,0,0,0
42.2,17,isocontour,11.283791670955125,39272.96,82.65,18.7,8.9,0.993,-0.7,-2.8,2.9,19.8,2.7,1.037,4,7,0,0,7
42.2,18,isocontour,11.283791670955125,43303.01,91.13,-2.6,20.6,0.988,1.2,0.3,1.2,5.8,19.8,0.996,15,1,0,0,1
42.2,19,isocontour,11.283791670955125,39867.78,83.9,-20.7,0.1,0.991,0.8,2.8,2.9,-19.2,2.3,1.078,23,4,0,0,4
42.2,20,isocontour,11.283791670955125,40224.38,84.65,10.7,-17.8,0.99,-1.4,-2.0,2.4,15.4,-12.9,1.035,8,4,0,0,4
42.2,21,isocontour,11.283791670955125,38931.97,81.93,-6.1,-19.7,0.999,0.4,2.1,2.1,-17.9,-7.7,1.066,11,2,0,0,2
42.2,22,isocontour,11.283791670955125,41419.82,87.16,-19.7,-6.4,0.992,1.0,-0.5,1.1,-19.2,2.3,1.078,23,4,0,0,4
42.2,23,isocontour,11.283791670955125,42569.04,89.58,-19.2,2.7,1.069,0.1,1.0,1.0,-19.2,2.3,1.078,23,4,0,0,4
42.2,24,isocontour,11.283791670955125,40201.19,84.6,2.8,-20.5,0.993,2.9,1.1,3.1,15.4,-12.9,1.035,8,2,0,0,2
42.2,25,isocontour,11.283791670955125,38908.95,81.88,-15.7,13.6,0.989,-1.6,-2.7,3.1,-19.2,2.3,1.078,23,1,0,0,1
42.2,Target,,,,,0.0,0.0,4.023,0.0,0.0,,,,,,,,,
42.3,1,isocontour,11.283791670955125,38889.45,81.84,20.7,2.7,0.983,2.1,3.1,3.7,19.6,3.4,1.04,5,7,0,0,7
42.3,2,isocontour,11.283791670955125,38338.14,80.68,13.5,15.7,0.994,-3.5,0.9,3.6,19.8,2.7,1.037,4,3,0,0,3
42.3,3,isocontour,11.283791670955125,39698.17,83.54,18.7,9.7,0.971,0.6,-1.3,1.4,19.6,3.4,1.04,5,6,0,0,6
42.3,4,isocontour,11.283791670955125,41631.58,87.61,19.8,2.1,1.04,-0.6,-2.0,2.1,19.6,3.4,1.04,5,7,0,0,7
42.3,5,isocontour,11.283791670955125,39736.05,83.62,19.6,3.3,1.041,0.2,-0.8,0.8,19.6,3.3,1.04,5,7,0,0,7
42.3,6,isocontour,11.283791670955125,40640.35,85.52,15.2,-12.8,1.043,0.2,1.0,1.0,15.2,-12.8,1.039,6,4,0,0,4
42.3,7,isocontour,11.283791670955125,39699.66,83.54,-19.4,7.2,0.993,1.2,-0.6,1.3,-19.2,2.3,1.078,23,3,0,0,3
42.3,8,isocontour,11.283791670955125,41051.94,86.39,15.8,-12.3,1.032,1.4,1.2,1.8,15.1,-12.9,1.039,6,4,0,0,4
42.3,9,isocontour,11.283791670955125,39520.29,83.17,21.0,0.4,0.977,2.8,-1.2,3.0,19.6,3.4,1.04,5,7,0,0,7
42.3,10,isocontour,11.283791670955125,39741.9,83.63,19.6,-7.0,0.988,0.6,-0.4,0.7,19.6,3.4,1.04,5,8,0,0,8
42.3,11,isocontour,11.283791670955125,39547.12,83.22,-17.9,-7.7,1.064,-1.4,1.1,1.8,-19.2,2.3,1.078,23,4,0,0,4
42.3,12,isocontour,11.283791670955125,40003.36,84.18,-13.7,-15.5,0.993,2.2,0.3,2.2,-19.2,2.3,1.078,23,3,0,0,3
42.3,13,isocontour,11.283791670955125,38883.1,81.82,20.9,-1.1,0.983,-0.5,2.5,2.5,19.6,3.4,1.04,5,7,0,0,7
42.3,14,isocontour,11.283791670955125,38899.03,81.86,17.2,-11.7,0.986,-1.8,-1.4,2.3,15.1,-12.9,1.039,6,5,0,0,5
42.3,15,isocontour,11.283791670955125,38059.56,80.09,5.7,19.9,0.992,1.4,0.5,1.5,19.8,2.7,1.037,4,2,0,0,2
42.3,16,isocontour,11.283791670955125,47038.81,98.99,-24.9,22.2,0.501,0.5,-0.8,0.9,-24.9,22.2,0.504,16,0,0,0,0
42.3,17,isocontour,11.283791670955125,39253.65,82.6,18.7,9.0,0.99,-0.2,2.5,2.5,19.6,3.4,1.04,5,7,0,0,7
42.3,18,isocontour,11.283791670955125,43264.63,91.05,-2.3,20.6,0.991,3.1,-0.3,3.1,5.6,19.9,0.997,15,1,0,0,1
42.3,19,isocontour,11.283791670955125,39866.46,83.89,-20.7,0.2,0.991,-0.2,1.0,1.0,-19.2,2.3,1.078,23,4,0,0,4
42.3,20,isocontour,11.283791670955125,40143.64,84.48,10.4,-18.0,0.99,-3.6,-1.8,4.0,15.1,-12.9,1.039,6,4,0,0,4
42.3,21,isocontour,11.283791670955125,38929.42,81.92,-6.2,-19.6,1.002,-1.1,0.6,1.3,-19.2,2.3,1.078,23,2,0,0,2
42.3,22,isocontour,11.283791670955125,41394.09,87.11,-19.7,-6.6,0.991,0.5,-2.7,2.7,-19.2,2.3,1.078,23,4,0,0,4
42.3,23,isocontour,11.283791670955125,42531.04,89.5,-19.3,2.5,1.068,-0.6,-3.0,3.1,-19.2,2.3,1.078,23,4,0,0,4
42.3,24,isocontour,11.283791670955125,40200.75,84.6,2.9,-20.5,0.993,0.7,0.0,0.7,-17.9,-7.7,1.066,11,2,0,0,2
42.3,25,isocontour,11.283791670955125,38907.98,81.88,-15.8,13.6,0.986,-0.8,0.4,0.9,-19.2,2.3,1.078,23,1,0,0,1
42.3,Target,,,,,0.0,0.0,4.023,0.0,0.0,,,,,,,,,
42.4,1,isocontour,11.283791670955125,38889.23,81.84,20.8,2.8,0.98,0.0,0.6,0.6,19.6,3.3,1.041,5,7,0,0,7
42.4,2,isocontour,11.283791670955125,38313.25,80.63,13.6,15.5,0.996,1.9,-1.9,2.7,19.6,3.4,1.04,5,3,0,0,3
42.4,3,isocontour,11.283791670955125,39669.21,83.48,18.7,9.5,0.979,-0.5,-2.8,2.8,19.6,3.3,1.041,5,7,0,0,7
42.4,4,isocontour,11.283791670955125,41629.59,87.6,19.9,2.0,1.035,1.1,-0.4,1.2,19.6,3.3,1.041,5,7,0,0,7
42.4,5,isocontour,11.283791670955125,39710.59,83.57,19.6,3.1,1.042,0.2,-2.7,2.7,19.6,3.1,1.041,5,7,0,0,7
42.4,6,isocontour,11.283791670955125,40638.6,85.52,15.3,-12.7,1.04,1.0,0.3,1.0,15.3,-12.7,1.043,6,4,0,0,4
42.4,7,isocontour,11.283791670955125,39692.61,83.53,-19.3,7.3,0.998,1.2,1.3,1.8,-19.2,2.3,1.078,23,3,0,0,3
42.4,8,isocontour,11.283791670955125,41025.92,86.33,15.7,-12.5,1.031,-1.6,-2.2,2.7,15.2,-12.8,1.043,6,4,0,0,4
42.4,9,isocontour,11.283791670955125,39513.71,83.15,21.1,0.5,0.974,0.2,1.7,1.7,19.6,3.3,1.041,5,7,0,0,7
42.4,10,isocontour,11.283791670955125,39718.09,83.58,19.6,-6.7,0.99,0.3,2.6,2.6,15.2,-12.8,1.043,6,8,0,0,8
42.4,11,isocontour,11.283791670955125,39546.41,83.22,-17.8,-7.8,1.066,0.7,-0.3,0.8,-19.2,2.3,1.078,23,4,0,0,4
42.4,12,isocontour,11.283791670955125,40002.11,84.18,-13.8,-15.5,0.99,-0.8,-0.6,1.0,-19.2,2.3,1.078,23,3,0,0,3
42.4,13,isocontour,11.283791670955125,38873.1,81.8,20.7,-1.2,0.992,-1.8,-0.8,2.0,19.6,3.3,1.041,5,8,0,0,8
42.4,14,isocontour,11.283791670955125,38886.26,81.83,17.1,-11.9,0.987,-1.3,-1.7,2.1,15.2,-12.8,1.043,6,5,0,0,5
42.4,15,isocontour,11.283791670955125,38040.25,80.05,5.8,20.1,0.98,1.4,2.1,2.5,19.8,2.7,1.037,4,2,0,0,2
42.4,16,isocontour,11.283791670955125,47037.71,98.99,-24.9,22.2,0.499,-0.8,0.5,0.9,-24.9,22.2,0.504,16,0,0,0,0
42.4,17,isocontour,11.283791670955125,39249.53,82.6,18.8,9.0,0.986,1.2,-0.8,1.4,19.6,3.3,1.041,5,7,0,0,7
42.4,18,isocontour,11.283791670955125,43264.17,91.04,-2.3,20.6,0.991,-0.7,-0.1,0.7,19.8,2.7,1.037,4,1,0,0,1
42.4,19,isocontour,11.283791670955125,39796.67,83.75,-21.1,0.3,0.974,-3.6,1.2,3.8,-19.2,2.3,1.078,23,4,0,0,4
42.4,20,isocontour,11.283791670955125,40140.84,84.47,10.4,-17.9,0.993,0.8,1.0,1.3,-17.9,-7.7,1.066,11,4,0,0,4
42.4,21,isocontour,11.283791670955125,38919.57,81.9,-6.3,-19.7,0.995,-1.7,-1.0,2.0,-19.2,2.3,1.078,23,2,0,0,2
42.4,22,isocontour,11.283791670955125,41331.19,86.98,-20.0,-6.7,0.974,-3.5,-0.9,3.6,-19.2,2.3,1.078,23,4,0,0,4
42.4,23,isocontour,11.283791670955125,42509.05,89.46,-19.3,2.2,1.07,0.2,-2.6,2.6,-19.2,2.3,1.078,23,4,0,0,4
42.4,24,isocontour,11.283791670955125,40199.58,84.6,3.0,-20.5,0.99,0.8,-0.5,0.9,-19.2,2.3,1.078,23,2,0,0,2
42.4,25,isocontour,11.283791670955125,38905.55,81.87,-15.8,13.5,0.986,-0.5,-1.1,1.2,-19.2,2.3,1.078,23,1,0,0,1
42.4,Target,,,,,0.0,0.0,4.023,0.0,0.0,,,,,,,,,
42.5,1,isocontour,11.283791670955125,38886.96,81.83,20.7,2.7,0.984,-0.6,-1.0,1.2,15.2,-12.8,1.043,6,7,0,0,7
42.5,2,isocontour,11.283791670955125,38312.22,80.62,13.6,15.6,0.994,-0.4,0.8,0.9,19.6,3.3,1.041,5,3,0,0,3
42.5,3,isocontour,11.283791670955125,39649.44,83.44,18.5,9.6,0.985,-2.0,1.5,2.5,19.6,3.1,1.042,5,7,0,0,7
42.5,4,isocontour,11.283791670955125,41628.11,87.6,19.9,1.9,1.035,-0.1,-1.0,1.0,15.2,-12.8,1.043,6,7,0,0,7
42.5,5,isocontour,11.283791670955125,39679.12,83.5,19.7,2.8,1.043,0.4,-2.9,2.9,15.2,-12.8,1.043,6,7,0,0,7
42.5,6,isocontour,11.283791670955125,40574.67,85.38,15.0,-12.8,1.05,-3.6,-0.9,3.7,-17.9,-7.7,1.066,11,4,0,0,4
42.5,7,isocontour,11.283791670955125,39671.38,83.48,-19.3,7.6,0.991,-0.7,2.5,2.6,-19.2,2.3,1.078,23,3,0,0,3
42.5,8,isocontour,11.283791670955125,41024.39,86.33,15.6,-12.4,1.036,-0.7,0.8,1.1,-17.9,-7.7,1.066,11,4,0,0,4
42.5,9,isocontour,11.283791670955125,39494.4,83.11,20.9,0.7,0.981,-1.7,1.8,2.5,15.2,-12.8,1.043,6,7,0,0,7
42.5,10,isocontour,11.283791670955125,39716.65,83.58,19.6,-6.6,0.994,-0.5,0.9,1.0,15.2,-12.8,1.043,6,8,0,0,8
42.5,11,isocontour,11.283791670955125,39543.98,83.22,-17.7,-7.8,1.071,1.1,-0.6,1.3,-19.2,2.3,1.078,23,4,0,0,4
42.5,12,isocontour,11.283791670955125,40001.27,84.18,-13.7,-15.5,0.992,0.9,0.0,0.9,-19.2,2.3,1.078,23,3,0,0,3
42.5,13,isocontour,11.283791670955125,38871.66,81.8,20.7,-1.3,0.994,-0.1,-1.0,1.0,15.2,-12.8,1.043,6,7,0,0,7
42.5,14,isocontour,11.283791670955125,38880.23,81.82,17.0,-12.0,0.988,-1.1,-1.2,1.6,-17.9,-7.7,1.066,11,4,0,0,4
42.5,15,isocontour,11.283791670955125,38010.68,79.99,6.0,20.0,0.981,2.5,-1.4,2.9,19.6,3.4,1.04,5,2,0,0,2
42.5,16,isocontour,11.283791670955125,47036.61,98.98,-24.9,22.2,0.501,0.9,-0.1,0.9,-24.9,22.2,0.504,16,0,0,0,0
42.5,17,isocontour,11.283791670955125,39228.05,82.55,18.7,9.2,0.986,-1.2,2.3,2.6,19.6,3.1,1.042,5,7,0,0,7
42.5,18,isocontour,11.283791670955125,43263.2,91.04,-2.4,20.6,0.99,-0.9,0.1,0.9,19.8,2.7,1.037,4,1,0,0,1
42.5,19,isocontour,11.283791670955125,39792.12,83.74,-21.1,0.5,0.969,-0.4,1.5,1.6,-19.2,2.3,1.078,23,4,0,0,4
42.5,20,isocontour,11.283791670955125,40117.29,84.42,10.2,-18.1,0.991,-2.0,-1.7,2.6,-19.2,2.3,1.078,23,4,0,0,4
42.5,21,isocontour,11.283791670955125,38917.87,81.9,-6.5,-19.7,0.993,-1.1,0.2,1.1,-19.2,2.3,1.078,23,2,0,0,2
42.5,22,isocontour,11.283791670955125,41328.93,86.97,-20.0,-6.8,0.968,-0.4,-1.1,1.2,-19.2,2.3,1.078,23,4,0,0,4
42.5,23,isocontour,11.283791670955125,42472.13,89.38,-19.2,2.4,1.07,0.2,3.1,3.1,-19.2,2.3,1.078,23,4,0,0,4
42.5,24,isocontour,11.283791670955125,40175.23,84.54,2.8,-20.5,0.993,-2.6,0.4,2.6,-19.2,2.3,1.078,23,2,0,0,2
42.5,25,isocontour,11.283791670955125,38893.81,81.85,-16.0,13.4,0.985,-1.7,-1.2,2.1,-19.2,2.3,1.078,23,1,0,0,1
42.5,Target,,,,,0.0,0.0,4.023,0.0,0.0,,,,,,,,,
42.6,1,isocontour,11.283791670955125,38884.23,81.83,20.6,2.6,0.989,-0.8,-1.0,1.3,15.2,-12.8,1.043,6,7,0,0,7
42.6,2,isocontour,11.283791670955125,38306.3,80.61,13.6,15.7,0.989,-0.2,1.6,1.6,19.6,3.1,1.042,5,3,0,0,3
42.6,3,isocontour,11.283791670955125,39644.7,83.43,18.4,9.6,0.991,-1.4,0.6,1.5,19.7,2.8,1.043,5,7,0,0,7
42.6,4,isocontour,11.283791670955125,41626.62,87.6,19.9,1.8,1.037,-0.1,-1.0,1.0,15.2,-12.8,1.043,6,7,0,0,7
42.6,5,isocontour,11.283791670955125,39677.64,83.5,19.7,2.6,1.043,-0.0,-1.0,1.0,15.2,-12.8,1.043,6,7,0,0,7
42.6,6,isocontour,11.283791670955125,40570.71,85.38,15.0,-12.8,1.049,1.3,0.6,1.4,-19.2,2.3,1.078,23,4,0,0,4
42.6,7,isocontour,11.283791670955125,39668.71,83.48,-19.4,7.7,0.984,-1.0,0.8,1.3,-19.2,2.3,1.078,23,3,0,0,3
42.6,8,isocontour,11.283791670955125,40997.81,86.27,15.6,-12.2,1.043,0.7,2.7,2.8,-19.2,2.3,1.078,23,4,0,0,4
42.6,9,isocontour,11.283791670955125,39482.99,83.09,20.7,0.7,0.992,-2.0,0.5,2.1,15.2,-12.8,1.043,6,7,0,0,7
42.6,10,isocontour,11.283791670955125,39684.2,83.51,19.5,-6.8,0.996,-1.2,-2.7,3.0,-17.9,-7.7,1.066,11,8,0,0,8
42.6,11,isocontour,11.283791670955125,39540.02,83.21,-17.6,-7.9,1.076,1.3,-0.7,1.5,-19.2,2.3,1.078,23,4,0,0,4
42.6,12,isocontour,11.283791670955125,39995.13,84.16,-13.8,-15.4,0.995,-0.8,1.5,1.7,-19.2,2.3,1.078,23,3,0,0,3
42.6,13,isocontour,11.283791670955125,38870.3,81.8,20.7,-1.2,0.991,0.5,0.9,1.0,15.2,-12.8,1.043,6,7,0,0,7
42.6,14,isocontour,11.283791670955125,38874.1,81.81,16.8,-12.0,0.995,-1.7,-0.0,1.7,-19.2,2.3,1.078,23,4,0,0,4
42.6,15,isocontour,11.283791670955125,37988.95,79.94,6.3,19.9,0.986,2.1,-1.5,2.6,19.6,3.3,1.041,5,2,0,0,2
42.6,16,isocontour,11.283791670955125,47035.51,98.98,-24.9,22.2,0.501,-0.7,-0.7,1.0,-24.9,22.2,0.504,16,0,0,0,0
42.6,17,isocontour,11.283791670955125,39200.88,82.49,18.7,9.0,0.991,0.2,-2.8,2.8,19.7,2.8,1.043,5,7,0,0,7
42.6,18,isocontour,11.283791670955125,43236.9,90.99,-2.6,20.7,0.987,-2.7,0.4,2.7,19.6,3.4,1.04,5,1,0,0,1
42.6,19,isocontour,11.283791670955125,39761.28,83.67,-21.1,0.7,0.972,0.9,2.7,2.8,-19.2,2.3,1.078,23,4,0,0,4
42.6,20,isocontour,11.283791670955125,40115.25,84.42,10.2,-18.2,0.986,-0.2,-1.1,1.1,-19.2,2.3,1.078,23,4,0,0,4
42.6,21,isocontour,11.283791670955125,38907.87,81.88,-6.4,-19.8,0.987,1.2,-1.6,2.0,-19.2,2.3,1.078,23,2,0,0,2
42.6,22,isocontour,11.283791670955125,41325.86,86.97,-19.9,-6.9,0.972,1.3,-0.2,1.3,-19.2,2.3,1.078,23,4,0,0,4
42.6,23,isocontour,11.283791670955125,42471.23,89.38,-19.3,2.5,1.066,-0.7,0.5,0.9,-19.2,2.3,1.078,23,4,0,0,4
42.6,24,isocontour,11.283791670955125,40172.02,84.54,2.8,-20.6,0.987,-0.2,-1.3,1.3,-19.2,2.3,1.078,23,2,0,0,2
42.6,25,isocontour,11.283791670955125,38890.81,81.84,-16.1,13.3,0.984,-0.9,-1.0,1.3,-19.2,2.3,1.078,23,1,0,0,1
42.6,Target,,,,,0.0,0.0,4.023,0.0,0.0,,,,,,,,,
42.7,1,isocontour,11.283791670955125,38879.84,81.82,20.5,2.5,0.996,-1.3,-0.8,1.5,-17.9,-7.7,1.066,11,7,0,0,7
42.7,2,isocontour,11.283791670955125,38277.33,80.55,13.8,15.6,0.986,2.4,-1.5,2.8,19.7,2.8,1.043,5,3,0,0,3
42.7,3,isocontour,11.283791670955125,39623.71,83.38,18.3,9.9,0.989,-0.5,2.5,2.5,19.7,2.8,1.043,5,7,0,0,7
42.7,4,isocontour,11.283791670955125,41597.97,87.54,19.8,1.6,1.042,-0.8,-2.7,2.8,-17.9,-7.7,1.066,11,7,0,0,7
42.7,5,isocontour,11.283791670955125,39676.61,83.49,19.6,2.5,1.045,-0.2,-0.9,0.9,-17.9,-7.7,1.066,11,7,0,0,7
42.7,6,isocontour,11.283791670955125,40562.14,85.36,15.2,-12.7,1.045,1.7,0.8,1.9,-19.2,2.3,1.078,23,4,0,0,4
42.7,7,isocontour,11.283791670955125,39664.66,83.47,-19.5,7.6,0.981,-0.8,-1.2,1.4,-19.2,2.3,1.078,23,3,0,0,3
42.7,8,isocontour,11.283791670955125,40989.24,86.26,15.7,-12.0,1.049,0.1,1.9,1.9,-19.2,2.3,1.078,23,4,0,0,4
42.7,9,isocontour,11.283791670955125,39481.47,83.08,20.8,0.7,0.989,0.9,-0.5,1.0,-17.9,-7.7,1.066,11,7,0,0,7
42.7,10,isocontour,11.283791670955125,39655.24,83.45,19.6,-7.1,0.984,1.9,-2.1,2.8,-19.2,2.3,1.078,23,8,0,0,8
42.7,11,isocontour,11.283791670955125,39538.92,83.2,-17.5,-7.9,1.079,0.7,-0.7,1.0,-19.2,2.3,1.078,23,4,0,0,4
42.7,12,isocontour,11.283791670955125,39994.65,84.16,-13.7,-15.4,0.995,0.5,-0.5,0.7,-19.2,2.3,1.078,23,3,0,0,3
42.7,13,isocontour,11.283791670955125,38747.6,81.54,20.8,-1.6,0.985,1.0,-4.5,4.6,-17.9,-7.7,1.066,11,7,0,0,7
42.7,14,isocontour,11.283791670955125,38870.3,81.8,16.7,-12.1,0.999,-1.2,-0.7,1.4,-19.2,2.3,1.078,23,4,0,0,4
42.7,15,isocontour,11.283791670955125,37973.33,79.91,6.4,19.7,0.994,1.1,-2.0,2.3,19.6,3.1,1.042,5,2,0,0,2
42.7,16,isocontour,11.283791670955125,47034.41,98.98,-24.9,22.1,0.502,-0.1,-0.9,0.9,-24.9,22.1,0.504,16,0,0,0,0
42.7,17,isocontour,11.283791670955125,39200.19,82.49,18.7,9.0,0.989,0.2,0.8,0.8,19.7,2.8,1.043,5,7,0,0,7
42.7,18,isocontour,11.283791670955125,43236.0,90.98,-2.7,20.7,0.986,-0.9,-0.0,0.9,19.6,3.3,1.041,5,1,0,0,1
42.7,19,isocontour,11.283791670955125,39731.71,83.61,-21.0,1.0,0.977,1.0,2.7,2.9,-19.2,2.3,1.078,23,4,0,0,4
42.7,20,isocontour,11.283791670955125,40114.51,84.42,10.1,-18.2,0.988,-0.8,0.2,0.8,-19.2,2.3,1.078,23,4,0,0,4
42.7,21,isocontour,11.283791670955125,38896.3,81.85,-6.5,-19.8,0.984,-2.1,0.3,2.1,-19.2,2.3,1.078,23,2,0,0,2
42.7,22,isocontour,11.283791670955125,41307.69,86.93,-19.8,-7.1,0.974,1.0,-2.2,2.4,-19.2,2.3,1.078,23,4,0,0,4
42.7,23,isocontour,11.283791670955125,42470.29,89.37,-19.2,2.6,1.068,0.6,0.7,0.9,-19.2,2.3,1.078,23,5,0,0,5
42.7,24,isocontour,11.283791670955125,40170.13,84.53,2.7,-20.7,0.984,-0.9,-0.6,1.1,-19.2,2.3,1.078,23,2,0,0,2
42.7,25,isocontour,11.283791670955125,38852.8,81.76,-16.2,13.1,0.985,-1.7,-2.6,3.1,-19.2,2.3,1.078,23,1,0,0,1
42.7,Target,,,,,0.0,0.0,4.023,0.0,0.0,,,,,,,,,
42.8,1,isocontour,11.283791670955125,38878.74,81.82,20.5,2.6,0.997,-0.1,0.9,0.9,-19.2,2.3,1.078,23,7,0,0,7
42.8,2,isocontour,11.283791670955125,38275.81,80.55,13.8,15.5,0.991,-0.6,-0.9,1.1,19.7,2.8,1.043,5,3,0,0,3
42.8,3,isocontour,11.283791670955125,39623.01,83.38,18.3,10.0,0.987,-0.1,0.8,0.8,-17.9,-7.7,1.066,11,6,0,0,6
42.8,4,isocontour,11.283791670955125,41566.17,87.47,19.8,1.8,1.042,-0.0,2.9,2.9,-19.2,2.3,1.078,23,7,0,0,7
42.8,5,isocontour,11.283791670955125,39674.29,83.49,19.7,2.6,1.039,1.1,0.4,1.2,-19.2,2.3,1.078,23,7,0,0,7
42.8,6,isocontour,11.283791670955125,40541.16,85.31,15.4,-12.7,1.035,2.5,0.4,2.5,-19.2,2.3,1.078,23,4,0,0,4
42.8,7,isocontour,11.283791670955125,39661.32,83.46,-19.4,7.6,0.987,1.3,0.3,1.3,-19.2,2.3,1.078,23,3,0,0,3
42.8,8,isocontour,11.283791670955125,40981.71,86.24,15.8,-11.9,1.044,1.8,0.4,1.8,-19.2,2.3,1.078,23,4,0,0,4
42.8,9,isocontour,11.283791670955125,39479.09,83.08,20.9,0.7,0.983,1.1,0.4,1.2,-19.2,2.3,1.078,23,7,0,0,7
42.8,10,isocontour,11.283791670955125,39652.62,83.44,19.6,-7.2,0.983,-0.7,-1.1,1.3,-19.2,2.3,1.078,23,8,0,0,8
42.8,11,isocontour,11.283791670955125,39510.86,83.15,-17.4,-8.2,1.077,0.8,-2.7,2.8,-17.4,-8.2,1.079,11,4,0,0,4
42.8,12,isocontour,11.283791670955125,39971.9,84.12,-13.9,-15.3,0.993,-2.2,1.4,2.6,-17.5,-7.9,1.079,11,3,0,0,3
42.8,13,isocontour,11.283791670955125,38744.39,81.53,20.9,-1.5,0.982,0.5,1.3,1.4,-19.2,2.3,1.078,23,6,0,0,6
42.8,14,isocontour,11.283791670955125,38849.8,81.75,16.7,-12.3,0.99,0.8,-2.4,2.5,-19.2,2.3,1.078,23,5,0,0,5
42.8,15,isocontour,11.283791670955125,37972.72,79.91,6.3,19.7,0.996,-0.8,0.1,0.8,19.7,2.8,1.043,5,2,0,0,2
42.8,16,isocontour,11.283791670955125,47033.31,98.98,-24.9,22.1,0.501,0.3,0.9,0.9,-24.9,22.1,0.504,16,0,0,0,0
42.8,17,isocontour,11.283791670955125,39199.26,82.49,18.8,9.1,0.986,0.3,0.8,0.9,-17.9,-7.7,1.066,11,7,0,0,7
42.8,18,isocontour,11.283791670955125,43198.35,90.91,-2.5,20.6,0.99,3.0,-0.5,3.0,19.6,3.1,1.042,5,1,0,0,1
42.8,19,isocontour,11.283791670955125,39729.91,83.61,-20.9,1.1,0.983,1.0,0.4,1.1,-17.5,-7.9,1.079,11,4,0,0,4
42.8,20,isocontour,11.283791670955125,40112.9,84.41,10.2,-18.1,0.989,0.9,0.6,1.1,-19.2,2.3,1.078,23,4,0,0,4
42.8,21,isocontour,11.283791670955125,38892.73,81.84,-6.6,-19.7,0.988,-0.8,1.1,1.4,-19.2,2.3,1.078,23,2,0,0,2
42.8,22,isocontour,11.283791670955125,41281.39,86.87,-19.7,-7.3,0.977,1.4,-2.3,2.7,-17.5,-7.9,1.079,11,4,0,0,4
42.8,23,isocontour,11.283791670955125,42469.83,89.37,-19.2,2.7,1.069,0.3,0.6,0.7,-17.5,-7.9,1.079,11,5,0,0,5
42.8,24,isocontour,11.283791670955125,40157.18,84.51,2.6,-20.5,0.993,-0.7,2.1,2.2,-19.2,2.3,1.078,23,2,0,0,2
42.8,25,isocontour,11.283791670955125,38818.68,81.69,-16.4,12.8,0.989,-1.3,-2.7,3.0,-19.2,2.3,1.078,23,2,0,0,2
42.8,Target,,,,,0.0,0.0,4.023,0.0,0.0,,,,,,,,,
42.9,1,isocontour,11.283791670955125,38858.97,81.77,20.6,2.8,0.991,1.0,2.3,2.5,-19.2,2.3,1.078,23,7,0,0,7
42.9,2,isocontour,11.283791670955125,38267.24,80.53,13.9,15.5,0.986,1.9,-0.2,1.9,-17.9,-7.7,1.066,11,3,0,0,3
42.9,3,isocontour,11.283791670955125,39592.81,83.32,18.3,9.7,0.994,-0.3,-2.9,2.9,-19.2,2.3,1.078,23,6,0,0,6
42.9,4,isocontour,11.283791670955125,41565.43,87.47,19.8,1.9,1.041,0.1,0.8,0.8,-19.2,2.3,1.078,23,7,0,0,7
42.9,5,isocontour,11.283791670955125,39651.79,83.44,19.9,2.7,1.028,1.9,1.7,2.5,-19.2,2.3,1.078,23,7,0,0,7
42.9,6,isocontour,11.283791670955125,40513.99,85.26,15.3,-12.8,1.036,-2.1,-1.8,2.8,-19.2,2.3,1.078,23,4,0,0,4
42.9,7,isocontour,11.283791670955125,39660.5,83.46,-19.4,7.7,0.987,0.3,0.8,0.9,-17.5,-7.9,1.079,11,3,0,0,3
42.9,8,isocontour,11.283791670955125,40980.77,86.24,15.8,-12.0,1.043,-0.6,-0.7,0.9,-19.2,2.3,1.078,23,4,0,0,4
42.9,9,isocontour,11.283791670955125,39446.31,83.01,20.8,1.0,0.985,-0.8,2.8,2.9,-19.2,2.3,1.078,23,7,0,0,7
42.9,10,isocontour,11.283791670955125,39651.01,83.44,19.6,-7.1,0.987,-0.5,0.9,1.0,-19.2,2.3,1.078,23,8,0,0,8
42.9,11,isocontour,11.283791670955125,39509.11,83.14,-17.4,-8.3,1.076,0.4,-1.0,1.1,-17.4,-8.3,1.079,11,4,0,0,4
42.9,12,isocontour,11.283791670955125,39950.91,84.07,-13.9,-15.5,0.988,1.2,-2.2,2.5,-17.5,-7.9,1.079,11,3,0,0,3
42.9,13,isocontour,11.283791670955125,38740.51,81.52,20.8,-1.4,0.986,-0.9,1.1,1.4,-19.2,2.3,1.078,23,6,0,0,6
42.9,14,isocontour,11.283791670955125,38813.95,81.68,16.6,-12.5,0.99,-2.1,-2.2,3.0,-19.2,2.3,1.078,23,4,0,0,4
42.9,15,isocontour,11.283791670955125,37948.65,79.86,6.1,19.8,0.994,-2.4,1.2,2.7,19.7,2.8,1.043,5,2,0,0,2
42.9,16,isocontour,11.283791670955125,47032.21,98.97,-25.0,22.1,0.5,-0.9,-0.1,0.9,-25.0,22.1,0.504,16,0,0,0,0
42.9,17,isocontour,11.283791670955125,39170.6,82.43,18.8,8.9,0.989,0.4,-2.8,2.8,-19.2,2.3,1.078,23,7,0,0,7
42.9,18,isocontour,11.283791670955125,43176.37,90.86,-2.7,20.6,0.989,-2.6,0.0,2.6,19.7,2.8,1.043,5,1,0,0,1
42.9,19,isocontour,11.283791670955125,39728.63,83.6,-20.8,1.1,0.987,0.8,0.5,0.9,-17.5,-7.9,1.079,11,4,0,0,4
42.9,20,isocontour,11.283791670955125,40103.78,84.39,10.2,-18.0,0.996,0.3,1.9,1.9,-19.2,2.3,1.078,23,4,0,0,4
42.9,21,isocontour,11.283791670955125,38887.52,81.83,-6.7,-19.6,0.995,-0.2,1.6,1.6,-17.5,-7.9,1.079,11,2,0,0,2
42.9,22,isocontour,11.283791670955125,41259.91,86.83,-19.5,-7.5,0.981,1.6,-2.0,2.6,-17.5,-7.9,1.079,11,4,0,0,4
42.9,23,isocontour,11.283791670955125,42448.6,89.33,-19.2,2.9,1.069,0.4,2.5,2.5,-17.5,-7.9,1.079,11,5,0,0,5
42.9,24,isocontour,11.283791670955125,40155.74,84.5,2.5,-20.5,0.996,-1.0,-0.0,1.0,-19.2,2.3,1.078,23,2,0,0,2
42.9,25,isocontour,11.283791670955125,38780.31,81.61,-16.4,12.5,0.995,-0.7,-3.0,3.1,-17.5,-7.9,1.079,11,2,0,0,2
42.9,Target,,,,,0.0,0.0,4.023,0.0,0.0,,,,,,,,,
43.0,1,isocontour,11.283791670955125,38844.15,81.74,20.7,2.7,0.983,1.8,-1.4,2.3,-19.2,2.3,1.078,23,7,0,0,7
43.0,2,isocontour,11.283791670955125,38266.7,80.53,13.9,15.5,0.987,-0.7,0.0,0.7,-19.2,2.3,1.078,23,3,0,0,3
43.0,3,isocontour,11.283791670955125,39565.64,83.26,18.2,9.9,0.994,-1.1,2.6,2.8,-19.2,2.3,1.078,23,6,0,0,6
43.0,4,isocontour,11.283791670955125,41538.85,87.41,19.8,2.1,1.041,-0.4,2.7,2.7,-19.2,2.3,1.078,23,7,0,0,7
43.0,5,isocontour,11.283791670955125,39626.06,83.39,19.9,3.0,1.028,-0.7,2.6,2.7,-19.2,2.3,1.078,23,7,0,0,7
43.0,6,isocontour,11.283791670955125,40489.64,85.21,15.1,-13.0,1.036,-1.6,-2.1,2.6,-19.2,2.3,1.078,23,4,0,0,4
43.0,7,isocontour,11.283791670955125,39655.94,83.45,-19.2,7.7,0.993,1.5,0.4,1.6,-17.5,-7.9,1.079,11,3,0,0,3
43.0,8,isocontour,11.283791670955125,40977.91,86.23,15.7,-12.0,1.047,-1.3,-0.3,1.3,-19.2,2.3,1.078,23,4,0,0,4
43.0,9,isocontour,11.283791670955125,39443.31,83.0,20.7,1.1,0.991,-1.0,0.8,1.3,-19.2,2.3,1.078,23,7,0,0,7
43.0,10,isocontour,11.283791670955125,39621.74,83.38,19.5,-6.9,0.997,-1.0,2.6,2.8,-19.2,2.3,1.078,23,8,0,0,8
43.0,11,isocontour,11.283791670955125,39506.96,83.14,-17.5,-8.3,1.073,-1.0,0.7,1.2,-17.5,-8.3,1.079,11,3,0,0,3
43.0,12,isocontour,11.283791670955125,39949.67,84.07,-13.8,-15.6,0.987,0.5,-0.8,0.9,-17.5,-7.9,1.079,11,3,0,0,3
43.0,13,isocontour,11.283791670955125,38708.39,81.46,20.7,-1.2,0.991,-0.6,2.9,3.0,-19.2,2.3,1.078,23,6,0,0,6
43.0,14,isocontour,11.283791670955125,38787.65,81.62,16.7,-12.4,0.99,1.7,2.1,2.7,-19.2,2.3,1.078,23,4,0,0,4
43.0,15,isocontour,11.283791670955125,37947.4,79.86,6.1,19.7,0.998,0.1,-1.0,1.0,-17.9,-7.7,1.066,11,2,0,0,2
43.0,16,isocontour,11.283791670955125,47031.11,98.97,-25.1,22.1,0.499,-0.9,-0.4,1.0,-25.1,22.1,0.504,16,0,0,0,0
43.0,17,isocontour,11.283791670955125,39169.07,82.43,18.8,8.7,0.991,0.2,-1.0,1.0,-19.2,2.3,1.078,23,7,0,0,7
43.0,18,isocontour,11.283791670955125,43174.11,90.85,-2.6,20.6,0.991,1.2,-0.2,1.2,19.7,2.8,1.043,5,1,0,0,1
43.0,19,isocontour,11.283791670955125,39724.16,83.59,-20.7,1.0,0.994,1.2,-0.9,1.5,-17.5,-7.9,1.079,11,4,0,0,4
43.0,20,isocontour,11.283791670955125,40092.37,84.37,10.3,-17.8,1.001,1.3,1.6,2.1,-19.2,2.3,1.078,23,4,0,0,4
43.0,21,isocontour,11.283791670955125,38886.16,81.83,-6.7,-19.5,0.995,-1.0,0.1,1.0,-17.5,-7.9,1.079,11,2,0,0,2
43.0,22,isocontour,11.283791670955125,41248.34,86.8,-19.4,-7.4,0.991,1.6,1.3,2.1,-17.5,-7.9,1.079,11,4,0,0,4
43.0,23,isocontour,11.283791670955125,42429.98,89.29,-19.2,3.1,1.068,0.1,2.4,2.4,-17.5,-7.9,1.079,11,4,0,0,4
43.0,24,isocontour,11.283791670955125,40122.96,84.43,2.3,-20.7,0.987,-2.0,-2.1,2.9,-17.5,-7.9,1.079,11,2,0,0,2
43.0,25,isocontour,11.283791670955125,38779.37,81.61,-16.4,12.5,1.0,0.9,-0.1,0.9,-17.5,-7.9,1.079,11,2,0,0,2
43.0,Target,,,,,0.0,0.0,4.023,0.0,0.0,,,,,,,,,
43.1,1,isocontour,11.283791670955125,38836.5,81.73,20.8,2.6,0.98,0.5,-1.7,1.8,-19.2,2.3,1.078,23,7,0,0,7
43.1,2,isocontour,11.283791670955125,38236.81,80.46,13.6,15.5,0.998,-2.8,-0.4,2.8,-19.2,2.3,1.078,23,3,0,0,3
43.1,3,isocontour,11.283791670955125,39529.78,83.19,18.1,10.2,0.988,-0.3,3.0,3.0,-19.2,2.3,1.078,23,6,0,0,6
43.1,4,isocontour,11.283791670955125,41537.0,87.41,19.7,2.1,1.044,-0.5,-1.0,1.1,-19.2,2.3,1.078,23,7,0,0,7
43.1,5,isocontour,11.283791670955125,39592.95,83.32,19.8,2.8,1.033,-0.5,-2.9,2.9,-19.2,2.3,1.078,23,7,0,0,7
43.1,6,isocontour,11.283791670955125,40483.93,85.19,15.0,-13.2,1.034,-0.7,-1.5,1.7,-19.2,2.3,1.078,23,4,0,0,4
43.1,7,isocontour,11.283791670955125,39655.06,83.45,-19.2,7.8,0.991,-0.2,0.8,0.8,-17.5,-7.9,1.079,11,3,0,0,3
43.1,8,isocontour,11.283791670955125,40963.85,86.2,15.5,-12.1,1.055,-2.1,-0.6,2.2,-19.2,2.3,1.078,23,4,0,0,4
43.1,9,isocontour,11.283791670955125,39424.01,82.96,20.8,0.9,0.987,1.0,-2.3,2.5,-19.2,2.3,1.078,23,7,0,0,7
43.1,10,isocontour,11.283791670955125,39597.94,83.33,19.4,-7.1,0.994,-0.0,-2.6,2.6,-19.2,2.3,1.078,23,8,0,0,8
43.1,11,isocontour,11.283791670955125,39506.14,83.14,-17.5,-8.2,1.073,-0.4,0.8,0.9,-17.5,-8.2,1.079,11,3,0,0,3
43.1,12,isocontour,11.283791670955125,39948.35,84.07,-13.7,-15.6,0.99,1.0,0.2,1.0,-17.5,-7.9,1.079,11,3,0,0,3
43.1,13,isocontour,11.283791670955125,38707.32,81.45,20.8,-1.2,0.988,0.7,-0.6,0.9,-19.2,2.3,1.078,23,6,0,0,6
43.1,14,isocontour,11.283791670955125,38787.62,81.62,16.7,-12.4,0.989,0.2,-0.2,0.3,-19.2,2.3,1.078,23,4,0,0,4
43.1,15,isocontour,11.283791670955125,37946.0,79.85,6.2,19.7,0.996,1.0,0.3,1.0,-19.2,2.3,1.078,23,2,0,0,2
43.1,16,isocontour,11.283791670955125,47028.68,98.97,-25.0,22.1,0.501,1.1,-0.5,1.2,-25.0,22.1,0.504,16,0,0,0,0
43.1,17,isocontour,11.283791670955125,39148.34,82.38,18.8,8.9,0.986,-0.0,2.5,2.5,-19.2,2.3,1.078,23,7,0,0,7
43.1,18,isocontour,11.283791670955125,43172.94,90.85,-2.7,20.6,0.991,-0.9,-0.2,0.9,-17.9,-7.7,1.066,11,1,0,0,1
43.1,19,isocontour,11.283791670955125,39714.9,83.58,-20.8,1.0,0.986,-1.9,-0.1,1.9,-17.5,-7.9,1.079,11,4,0,0,4
43.1,20,isocontour,11.283791670955125,40089.09,84.36,10.3,-17.9,0.998,-0.6,-1.2,1.3,-17.5,-7.9,1.079,11,4,0,0,4
43.1,21,isocontour,11.283791670955125,38885.55,81.83,-6.7,-19.6,0.993,0.6,-0.5,0.8,-17.5,-7.9,1.079,11,2,0,0,2
43.1,22,isocontour,11.283791670955125,41218.14,86.74,-19.2,-7.6,0.994,1.3,-2.6,2.9,-17.5,-7.9,1.079,11,4,0,0,4
43.1,23,isocontour,11.283791670955125,42429.22,89.29,-19.1,3.2,1.07,0.6,0.6,0.8,-17.5,-7.9,1.079,11,4,0,0,4
43.1,24,isocontour,11.283791670955125,40115.79,84.42,2.4,-20.7,0.985,1.8,0.1,1.8,-17.5,-7.9,1.079,11,2,0,0,2
43.1,25,isocontour,11.283791670955125,38676.29,81.39,-16.2,12.8,0.996,1.8,3.9,4.3,-17.5,-7.9,1.079,11,2,0,0,2
43.1,Target,,,,,0.0,0.0,4.023,0.0,0.0,,,,,,,,,
43.2,1,isocontour,11.283791670955125,38805.35,81.66,20.7,2.3,0.988,-1.4,-2.5,2.9,-19.2,2.3,1.078,23,7,0,0,7
43.2,2,isocontour,11.283791670955125,38234.66,80.46,13.6,15.4,1.002,0.5,-1.1,1.2,-19.2,2.3,1.078,23,3,0,0,3
43.2,3,isocontour,11.283791670955125,39412.59,82.94,17.9,10.6,0.988,-2.4,3.8,4.5,-19.2,2.3,1.078,23,6,0,0,6
43.2,4,isocontour,11.283791670955125,41507.73,87.35,19.7,1.8,1.045,0.1,-2.8,2.8,-19.2,2.3,1.078,23,7,0,0,7
43.2,5,isocontour,11.283791670955125,39560.17,83.25,19.8,2.5,1.038,-0.6,-2.9,3.0,-19.2,2.3,1.078,23,7,0,0,7
43.2,6,isocontour,11.283791670955125,40472.02,85.17,14.9,-13.2,1.04,-2.1,-0.3,2.1,-17.5,-7.9,1.079,11,4,0,0,4
43.2,7,isocontour,11.283791670955125,39651.1,83.44,-19.3,7.9,0.984,-1.2,0.8,1.4,-17.5,-7.9,1.079,11,3,0,0,3
43.2,8,isocontour,11.283791670955125,40934.28,86.14,15.3,-12.2,1.059,-2.2,-1.8,2.8,-17.5,-7.9,1.079,11,4,0,0,4
43.2,9,isocontour,11.283791670955125,39342.66,82.79,20.8,0.5,0.989,-0.5,-4.0,4.0,-19.2,2.3,1.078,23,7,0,0,7
43.2,10,isocontour,11.283791670955125,39595.62,83.32,19.5,-7.1,0.988,1.2,-0.2,1.2,-19.2,2.3,1.078,23,8,0,0,8
43.2,11,isocontour,11.283791670955125,39494.73,83.11,-17.7,-8.2,1.062,-1.9,-0.8,2.1,-17.7,-8.2,1.079,11,3,0,0,3
43.2,12,isocontour,11.283791670955125,39946.99,84.06,-13.7,-15.7,0.987,0.0,-1.0,1.0,-17.5,-7.9,1.079,11,3,0,0,3
43.2,13,isocontour,11.283791670955125,38657.69,81.35,20.8,-1.5,0.983,0.9,-3.3,3.4,-19.2,2.3,1.078,23,6,0,0,6
43.2,14,isocontour,11.283791670955125,38778.92,81.61,16.5,-12.4,0.996,-1.9,-0.1,1.9,-17.5,-7.9,1.079,11,4,0,0,4
43.2,15,isocontour,11.283791670955125,37935.24,79.83,6.3,19.8,0.988,1.6,1.3,2.1,-19.2,2.3,1.078,23,2,0,0,2
43.2,16,isocontour,11.283791670955125,47027.58,98.96,-24.9,22.1,0.502,0.9,0.4,1.0,-24.9,22.1,0.504,16,0,0,0,0
43.2,17,isocontour,11.283791670955125,39086.45,82.25,18.7,9.3,0.982,-1.0,3.5,3.6,-19.2,2.3,1.078,23,7,0,0,7
43.2,18,isocontour,11.283791670955125,43143.67,90.79,-2.9,20.6,0.988,-2.8,0.2,2.8,-19.2,2.3,1.078,23,1,0,0,1
43.2,19,isocontour,11.283791670955125,39689.44,83.52,-20.8,0.8,0.987,0.4,-2.7,2.7,-17.5,-7.9,1.079,11,4,0,0,4
43.2,20,isocontour,11.283791670955125,40087.61,84.36,10.3,-18.0,0.994,-0.3,-1.0,1.0,-17.5,-7.9,1.079,11,4,0,0,4
43.2,21,isocontour,11.283791670955125,38869.73,81.8,-6.5,-19.6,0.995,2.3,-0.4,2.3,-17.5,-7.9,1.079,11,2,0,0,2
43.2,22,isocontour,11.283791670955125,41205.01,86.71,-19.4,-7.5,0.989,-1.6,1.5,2.2,-17.5,-7.9,1.079,11,4,0,0,4
43.2,23,isocontour,11.283791670955125,42409.44,89.25,-19.0,3.4,1.073,1.0,2.3,2.5,-17.5,-7.9,1.079,11,4,0,0,4
43.2,24,isocontour,11.283791670955125,40113.53,84.41,2.5,-20.6,0.989,0.6,1.0,1.2,-17.5,-7.9,1.079,11,2,0,0,2
43.2,25,isocontour,11.283791670955125,38597.94,81.22,-16.1,13.2,0.989,1.3,3.7,3.9,-17.5,-7.9,1.079,11,2,0,0,2
43.2,Target,,,,,0.0,0.0,4.023,0.0,0.0,,,,,,,,,
43.3,1,isocontour,11.283791670955125,38797.04,81.64,20.5,2.3,0.998,-1.8,-0.2,1.8,-19.2,2.3,1.078,23,7,0,0,7
43.3,2,isocontour,11.283791670955125,38210.04,80.41,13.5,15.6,0.998,-1.3,2.4,2.7,-19.2,2.3,1.078,23,3,0,0,3
43.3,3,isocontour,11.283791670955125,39404.29,82.92,17.7,10.6,0.996,-1.9,-0.1,1.9,-19.2,2.3,1.078,23,6,0,0,6
43.3,4,isocontour,11.283791670955125,41482.0,87.29,19.7,2.0,1.043,0.1,2.7,2.7,-19.2,2.3,1.078,23,7,0,0,7
43.3,5,isocontour,11.283791670955125,39528.05,83.18,19.7,2.2,1.041,-0.2,-2.9,2.9,-19.2,2.3,1.078,23,7,0,0,7
43.3,6,isocontour,11.283791670955125,40466.21,85.16,14.9,-13.3,1.033,1.4,-0.9,1.7,-17.5,-7.9,1.079,11,4,0,0,4
43.3,7,isocontour,11.283791670955125,39646.81,83.43,-19.3,8.0,0.984,0.6,1.3,1.4,-17.5,-7.9,1.079,11,3,0,0,3
43.3,8,isocontour,11.283791670955125,40928.67,86.13,15.2,-12.4,1.053,0.2,-1.6,1.6,-17.5,-7.9,1.079,11,4,0,0,4
43.3,9,isocontour,11.283791670955125,39338.86,82.78,20.7,0.5,0.995,-1.2,0.7,1.4,-19.2,2.3,1.078,23,7,0,0,7
43.3,10,isocontour,11.283791670955125,39595.23,83.32,19.5,-7.1,0.99,-0.4,0.5,0.6,-17.5,-7.9,1.079,11,8,0,0,8
43.3,11,isocontour,11.283791670955125,39471.45,83.06,-17.8,-8.0,1.063,-0.6,2.6,2.7,-17.8,-8.0,1.079,11,3,0,0,3
43.3,12,isocontour,11.283791670955125,39946.89,84.06,-13.7,-15.7,0.988,0.1,0.4,0.4,-17.5,-7.9,1.079,11,3,0,0,3
43.3,13,isocontour,11.283791670955125,38628.11,81.29,20.7,-1.3,0.989,-1.5,2.5,2.9,-19.2,2.3,1.078,23,6,0,0,6
43.3,14,isocontour,11.283791670955125,38772.11,81.59,16.7,-12.3,0.992,1.7,0.5,1.8,-17.5,-7.9,1.079,11,4,0,0,4
43.3,15,isocontour,11.283791670955125,37914.74,79.79,6.5,19.8,0.987,2.3,-1.0,2.5,-19.2,2.3,1.078,23,2,0,0,2
43.3,16,isocontour,11.283791670955125,47026.48,98.96,-24.8,22.1,0.504,0.9,-0.0,0.9,-24.8,22.1,0.504,16,0,0,0,0
43.3,17,isocontour,11.283791670955125,39063.44,82.2,18.5,9.4,0.988,-2.2,1.5,2.7,-19.2,2.3,1.078,23,7,0,0,7
43.3,18,isocontour,11.283791670955125,43143.1,90.79,-2.9,20.6,0.989,0.7,-0.2,0.7,-19.2,2.3,1.078,23,1,0,0,1
43.3,19,isocontour,11.283791670955125,39687.35,83.52,-20.7,0.7,0.99,0.6,-1.0,1.2,-17.5,-7.9,1.079,11,4,0,0,4
43.3,20,isocontour,11.283791670955125,39972.72,84.12,10.0,-18.2,0.989,-3.5,-2.9,4.5,-17.5,-7.9,1.079,11,4,0,0,4
43.3,21,isocontour,11.283791670955125,38867.53,81.79,-6.4,-19.7,0.991,0.6,-1.1,1.3,-17.5,-7.9,1.079,11,2,0,0,2
43.3,22,isocontour,11.283791670955125,41204.8,86.71,-19.4,-7.5,0.986,-0.5,-0.2,0.5,-17.5,-7.9,1.079,11,4,0,0,4
43.3,23,isocontour,11.283791670955125,42381.98,89.19,-18.8,3.3,1.087,2.2,-1.7,2.8,-17.5,-7.9,1.079,11,4,0,0,4
43.3,24,isocontour,11.283791670955125,40082.7,84.35,2.3,-20.5,0.999,-2.4,1.7,2.9,-17.5,-7.9,1.079,11,2,0,0,2
43.3,25,isocontour,11.283791670955125,38597.89,81.22,-16.1,13.3,0.986,-0.1,0.3,0.3,-17.5,-7.9,1.079,11,2,0,0,2
43.3,Target,,,,,0.0,0.0,4.023,0.0,0.0,,,,,,,,,
43.4,1,isocontour,11.283791670955125,38768.99,81.58,20.5,2.0,0.999,0.4,-2.8,2.8,-17.5,-7.9,1.079,11,7,0,0,7
43.4,2,isocontour,11.283791670955125,38177.26,80.34,13.4,15.8,0.992,-1.4,2.6,3.0,-19.2,2.3,1.078,23,3,0,0,3
43.4,3,isocontour,11.283791670955125,39386.56,82.88,17.6,10.8,0.998,-1.3,2.0,2.4,-19.2,2.3,1.078,23,6,0,0,6
43.4,4,isocontour,11.283791670955125,41481.09,87.29,19.8,2.1,1.041,0.3,0.8,0.9,-17.5,-7.9,1.079,11,7,0,0,7
43.4,5,isocontour,11.283791670955125,39410.07,82.93,19.8,2.5,1.038,0.3,4.5,4.5,-17.5,-7.9,1.079,11,7,0,0,7
43.4,6,isocontour,11.283791670955125,40457.22,85.14,15.0,-13.2,1.038,0.1,1.9,1.9,-17.5,-7.9,1.079,11,4,0,0,4
43.4,7,isocontour,11.283791670955125,39609.16,83.35,-19.2,7.8,0.991,0.4,-3.1,3.1,-18.8,3.3,1.087,23,3,0,0,3
43.4,8,isocontour,11.283791670955125,40928.08,86.13,15.3,-12.4,1.049,0.7,-0.1,0.7,-17.5,-7.9,1.079,11,4,0,0,4
43.4,9,isocontour,11.283791670955125,39337.86,82.78,20.7,0.5,0.995,0.3,-0.8,0.9,-17.5,-7.9,1.079,11,7,0,0,7
43.4,10,isocontour,11.283791670955125,39593.53,83.32,19.5,-7.0,0.994,-0.6,0.9,1.1,-17.5,-7.9,1.079,11,8,0,0,8
43.4,11,isocontour,11.283791670955125,39470.55,83.06,-17.8,-7.9,1.065,-0.1,0.9,0.9,-17.8,-7.9,1.079,11,3,0,0,3
43.4,12,isocontour,11.283791670955125,39929.82,84.03,-13.5,-15.7,0.996,2.4,0.0,2.4,-17.5,-7.9,1.079,11,3,0,0,3
43.4,13,isocontour,11.283791670955125,38596.96,81.22,20.7,-1.0,0.993,-0.5,2.9,2.9,-17.5,-7.9,1.079,11,6,0,0,6
43.4,14,isocontour,11.283791670955125,38748.57,81.54,16.8,-12.5,0.979,1.5,-2.2,2.7,-17.5,-7.9,1.079,11,4,0,0,4
43.4,15,isocontour,11.283791670955125,37894.25,79.74,6.8,19.7,0.988,2.3,-1.0,2.5,-19.2,2.3,1.078,23,2,0,0,2
43.4,16,isocontour,11.283791670955125,47025.38,98.96,-24.9,22.1,0.503,-0.9,0.2,0.9,-24.9,22.1,0.504,16,0,0,0,0
43.4,17,isocontour,11.283791670955125,39047.83,82.17,18.4,9.3,0.999,-1.6,-1.6,2.3,-19.2,2.3,1.078,23,7,0,0,7
43.4,18,isocontour,11.283791670955125,43141.01,90.78,-3.0,20.6,0.989,-1.2,-0.1,1.2,-19.2,2.3,1.078,23,1,0,0,1
43.4,19,isocontour,11.283791670955125,39686.82,83.52,-20.7,0.6,0.992,0.2,-0.7,0.7,-18.8,3.3,1.087,23,4,0,0,4
43.4,20,isocontour,11.283791670955125,39888.3,83.94,9.6,-18.4,0.991,-3.8,-1.5,4.1,-17.5,-7.9,1.079,11,4,0,0,4
43.4,21,isocontour,11.283791670955125,38862.12,81.78,-6.5,-19.9,0.983,-0.7,-1.5,1.7,-17.5,-7.9,1.079,11,2,0,0,2
43.4,22,isocontour,11.283791670955125,41177.92,86.65,-19.3,-7.3,0.996,1.6,2.3,2.8,-18.8,3.3,1.087,23,4,0,0,4
43.4,23,isocontour,11.283791670955125,42372.28,89.17,-19.0,3.3,1.079,-2.0,0.1,2.0,-19.0,3.3,1.087,23,4,0,0,4
43.4,24,isocontour,11.283791670955125,40057.53,84.3,2.5,-20.5,0.998,2.7,-0.2,2.7,-17.5,-7.9,1.079,11,2,0,0,2
43.4,25,isocontour,11.283791670955125,38575.91,81.18,-16.0,13.0,0.995,0.2,-2.6,2.6,-18.8,3.3,1.087,23,2,0,0,2
43.4,Target,,,,,0.0,0.0,4.023,0.0,0.0,,,,,,,,,
43.5,1,isocontour,11.283791670955125,38730.62,81.5,20.7,2.1,0.985,2.8,1.3,3.1,-17.5,-7.9,1.079,11,7,0,0,7
43.5,2,isocontour,11.283791670955125,38139.98,80.26,13.3,16.1,0.984,-1.0,2.9,3.1,-19.2,2.3,1.078,23,3,0,0,3
43.5,3,isocontour,11.283791670955125,39386.55,82.88,17.6,10.8,0.998,0.1,-0.2,0.2,-17.5,-7.9,1.079,11,6,0,0,6
43.5,4,isocontour,11.283791670955125,41479.61,87.29,19.7,2.2,1.043,-0.7,0.8,1.1,-17.5,-7.9,1.079,11,7,0,0,7
43.5,5,isocontour,11.283791670955125,39384.62,82.88,19.7,2.8,1.038,-0.5,2.7,2.7,-17.5,-7.9,1.079,11,7,0,0,7
43.5,6,isocontour,11.283791670955125,40427.96,85.08,15.0,-12.9,1.045,0.8,2.7,2.8,-17.5,-7.9,1.079,11,4,0,0,4
43.5,7,isocontour,11.283791670955125,39602.24,83.34,-19.3,7.9,0.987,-0.5,1.7,1.8,-18.8,3.3,1.087,23,3,0,0,3
43.5,8,isocontour,11.283791670955125,40923.25,86.12,15.4,-12.4,1.047,1.2,0.9,1.5,-17.5,-7.9,1.079,11,4,0,0,4
43.5,9,isocontour,11.283791670955125,39307.66,82.72,20.9,0.3,0.984,2.3,-1.7,2.9,-17.5,-7.9,1.079,11,7,0,0,7
43.5,10,isocontour,11.283791670955125,39591.26,83.31,19.4,-7.1,0.996,-0.6,-1.0,1.2,-17.5,-7.9,1.079,11,8,0,0,8
43.5,11,isocontour,11.283791670955125,39448.82,83.02,-17.7,-8.1,1.062,0.5,-2.5,2.5,-18.8,3.3,1.087,23,3,0,0,3
43.5,12,isocontour,11.283791670955125,39909.57,83.98,-13.3,-15.8,0.997,1.8,-1.7,2.5,-18.8,3.3,1.087,23,3,0,0,3
43.5,13,isocontour,11.283791670955125,38595.86,81.22,20.7,-1.1,0.991,0.6,-0.8,1.0,-17.5,-7.9,1.079,11,6,0,0,6
43.5,14,isocontour,11.283791670955125,38740.0,81.52,16.7,-12.7,0.978,-1.2,-1.4,1.8,-17.5,-7.9,1.079,11,4,0,0,4
43.5,15,isocontour,11.283791670955125,37869.63,79.69,6.7,19.4,1.001,-1.2,-2.4,2.7,-19.2,2.3,1.078,23,2,0,0,2
43.5,16,isocontour,11.283791670955125,47024.28,98.96,-24.8,22.2,0.503,0.8,0.5,0.9,-24.8,22.2,0.504,16,0,0,0,0
43.5,17,isocontour,11.283791670955125,39024.02,82.12,18.3,9.5,0.998,-0.6,2.6,2.7,-17.5,-7.9,1.079,11,7,0,0,7
43.5,18,isocontour,11.283791670955125,43140.56,90.78,-3.0,20.6,0.988,0.6,0.2,0.6,-19.2,2.3,1.078,23,1,0,0,1
43.5,19,isocontour,11.283791670955125,39645.81,83.43,-20.9,0.4,0.98,-2.6,-1.9,3.2,-18.8,3.3,1.087,23,4,0,0,4
43.5,20,isocontour,11.283791670955125,39875.17,83.91,9.6,-18.3,0.994,1.5,1.6,2.2,-17.5,-7.9,1.079,11,4,0,0,4
43.5,21,isocontour,11.283791670955125,38801.25,81.65,-6.2,-20.0,0.981,3.4,-1.3,3.6,-17.5,-7.9,1.079,11,2,0,0,2
43.5,22,isocontour,11.283791670955125,41174.35,86.65,-19.4,-7.3,0.992,-1.4,-0.3,1.4,-18.8,3.3,1.087,23,4,0,0,4
43.5,23,isocontour,11.283791670955125,42370.67,89.16,-18.9,3.2,1.082,0.8,-0.7,1.1,-18.8,3.3,1.087,23,5,0,0,5
43.5,24,isocontour,11.283791670955125,39928.32,84.02,2.2,-20.5,0.997,-4.6,-0.7,4.7,-17.5,-7.9,1.079,11,2,0,0,2
43.5,25,isocontour,11.283791670955125,38554.68,81.13,-15.9,13.2,0.994,1.3,2.2,2.6,-18.8,3.3,1.087,23,2,0,0,2
43.5,Target,,,,,0.0,0.0,4.023,0.0,0.0,,,,,,,,,
43.6,1,isocontour,11.283791670955125,38670.74,81.38,20.8,2.4,0.98,0.2,3.6,3.6,-17.5,-7.9,1.079,11,7,0,0,7
43.6,2,isocontour,11.283791670955125,38138.03,80.26,13.2,16.2,0.984,-1.0,0.5,1.1,-17.5,-7.9,1.079,11,3,0,0,3
43.6,3,isocontour,11.283791670955125,39359.96,82.83,17.6,11.0,0.991,0.1,2.8,2.8,-17.5,-7.9,1.079,11,6,0,0,6
43.6,4,isocontour,11.283791670955125,41453.6,87.23,19.6,2.4,1.046,-0.8,2.6,2.7,-17.5,-7.9,1.079,11,7,0,0,7
43.6,5,isocontour,11.283791670955125,39381.62,82.87,19.6,2.9,1.043,-1.1,0.7,1.3,-17.5,-7.9,1.079,11,7,0,0,7
43.6,6,isocontour,11.283791670955125,40421.82,85.06,15.0,-12.7,1.052,-0.3,1.7,1.7,-17.5,-7.9,1.079,11,4,0,0,4
43.6,7,isocontour,11.283791670955125,39575.65,83.28,-19.3,8.1,0.979,-0.4,2.7,2.7,-18.8,3.3,1.087,23,3,0,0,3
43.6,8,isocontour,11.283791670955125,40918.78,86.11,15.5,-12.2,1.047,0.9,1.2,1.5,-17.5,-7.9,1.079,11,4,0,0,4
43.6,9,isocontour,11.283791670955125,39307.16,82.72,21.0,0.3,0.979,0.7,0.0,0.7,-17.5,-7.9,1.079,11,7,0,0,7
43.6,10,isocontour,11.283791670955125,39589.42,83.31,19.4,-7.2,0.994,0.1,-1.1,1.1,-17.5,-7.9,1.079,11,8,0,0,8
43.6,11,isocontour,11.283791670955125,39447.97,83.01,-17.7,-8.2,1.062,0.4,-0.8,0.9,-18.8,3.3,1.087,23,3,0,0,3
43.6,12,isocontour,11.283791670955125,39909.54,83.98,-13.2,-15.8,0.997,0.3,-0.0,0.3,-18.8,3.3,1.087,23,3,0,0,3
43.6,13,isocontour,11.283791670955125,38487.72,80.99,20.9,-1.4,0.982,1.7,-4.1,4.4,-17.5,-7.9,1.079,11,6,0,0,6
43.6,14,isocontour,11.283791670955125,38703.44,81.45,16.5,-12.6,0.992,-2.7,1.5,3.1,-17.5,-7.9,1.079,11,4,0,0,4
43.6,15,isocontour,11.283791670955125,37868.14,79.69,6.6,19.3,1.008,-0.7,-0.7,1.0,-19.2,2.3,1.078,23,2,0,0,2
43.6,16,isocontour,11.283791670955125,47023.18,98.95,-24.7,22.2,0.504,0.8,0.5,0.9,-24.7,22.2,0.504,16,0,0,0,0
43.6,17,isocontour,11.283791670955125,38996.85,82.06,18.2,9.8,0.995,-0.8,2.7,2.8,-17.5,-7.9,1.079,11,7,0,0,7
43.6,18,isocontour,11.283791670955125,43139.46,90.78,-2.9,20.6,0.99,0.9,-0.2,0.9,-19.2,2.3,1.078,23,1,0,0,1
43.6,19,isocontour,11.283791670955125,39637.25,83.41,-21.0,0.2,0.98,0.3,-1.9,1.9,-18.8,3.3,1.087,23,4,0,0,4
43.6,20,isocontour,11.283791670955125,39874.88,83.91,9.7,-18.3,0.993,-0.2,-0.6,0.6,-17.5,-7.9,1.079,11,4,0,0,4
43.6,21,isocontour,11.283791670955125,38781.23,81.61,-6.0,-19.8,0.992,1.4,2.1,2.5,-18.8,3.3,1.087,23,2,0,0,2
43.6,22,isocontour,11.283791670955125,41143.51,86.58,-19.6,-7.2,0.982,-2.4,1.6,2.9,-18.8,3.3,1.087,23,4,0,0,4
43.6,23,isocontour,11.283791670955125,42368.83,89.16,-18.8,3.3,1.086,0.9,0.7,1.1,-18.8,3.3,1.087,23,4,0,0,4
43.6,24,isocontour,11.283791670955125,39904.78,83.97,2.0,-20.8,0.985,-0.8,-2.5,2.6,-17.5,-7.9,1.079,11,2,0,0,2
43.6,25,isocontour,11.283791670955125,38539.27,81.1,-15.9,13.4,0.99,0.6,2.2,2.3,-18.8,3.3,1.087,23,2,0,0,2
43.6,Target,,,,,0.0,0.0,4.023,0.0,0.0,,,,,,,,,
43.7,1,isocontour,11.283791670955125,38660.89,81.36,20.6,2.5,0.988,-2.0,-0.1,2.0,-17.5,-7.9,1.079,11,7,0,0,7
43.7,2,isocontour,11.283791670955125,38130.5,80.24,13.3,16.1,0.984,1.3,-1.2,1.8,-17.5,-7.9,1.079,11,3,0,0,3
43.7,3,isocontour,11.283791670955125,39326.85,82.76,17.5,11.3,0.988,-1.2,2.7,3.0,-17.5,-7.9,1.079,11,6,0,0,6
43.7,4,isocontour,11.283791670955125,41450.92,87.23,19.5,2.5,1.052,-1.2,0.5,1.3,-17.5,-7.9,1.079,11,7,0,0,7
43.7,5,isocontour,11.283791670955125,39366.8,82.84,19.5,3.1,1.049,-1.3,1.8,2.2,-17.5,-7.9,1.079,11,7,0,0,7
43.7,6,isocontour,11.283791670955125,40420.92,85.06,15.1,-12.7,1.051,0.8,0.4,0.9,-17.5,-7.9,1.079,11,4,0,0,4
43.7,7,isocontour,11.283791670955125,39558.79,83.25,-19.1,8.1,0.989,2.3,-0.6,2.4,-18.8,3.3,1.087,23,3,0,0,3
43.7,8,isocontour,11.283791670955125,40882.93,86.03,15.3,-12.4,1.049,-2.2,-2.1,3.0,-17.5,-7.9,1.079,11,4,0,0,4
43.7,9,isocontour,11.283791670955125,39277.27,82.65,20.9,0.5,0.984,-1.2,2.6,2.9,-17.5,-7.9,1.079,11,7,0,0,7
43.7,10,isocontour,11.283791670955125,39562.54,83.25,19.6,-7.1,0.985,2.4,1.3,2.7,-17.5,-7.9,1.079,11,8,0,0,8
43.7,11,isocontour,11.283791670955125,39427.96,82.97,-17.6,-8.5,1.06,0.7,-2.4,2.5,-18.8,3.3,1.087,23,3,0,0,3
43.7,12,isocontour,11.283791670955125,39870.42,83.9,-13.4,-15.7,0.997,-2.5,1.9,3.1,-18.8,3.3,1.087,23,3,0,0,3
43.7,13,isocontour,11.283791670955125,38373.6,80.75,20.9,-1.9,0.98,-0.4,-4.5,4.5,-17.5,-7.9,1.079,11,5,0,0,5
43.7,14,isocontour,11.283791670955125,38685.27,81.41,16.6,-12.5,0.989,2.3,0.9,2.5,-17.5,-7.9,1.079,11,4,0,0,4
43.7,15,isocontour,11.283791670955125,37865.71,79.68,6.5,19.4,1.006,-0.8,0.9,1.2,-17.5,-7.9,1.079,11,2,0,0,2
43.7,16,isocontour,11.283791670955125,47022.08,98.95,-24.7,22.3,0.502,-0.1,0.9,0.9,-24.7,22.3,0.504,16,0,0,0,0
43.7,17,isocontour,11.283791670955125,38995.72,82.06,18.2,9.8,0.995,0.4,-0.8,0.9,-17.5,-7.9,1.079,11,6,0,0,6
43.7,18,isocontour,11.283791670955125,43138.33,90.78,-2.8,20.5,0.992,0.9,-0.3,0.9,-19.2,2.3,1.078,23,1,0,0,1
43.7,19,isocontour,11.283791670955125,39614.23,83.36,-20.9,-0.0,0.983,0.7,-2.5,2.6,-18.8,3.3,1.087,23,4,0,0,4
43.7,20,isocontour,11.283791670955125,39786.67,83.73,9.4,-18.5,0.99,-3.4,-2.3,4.1,-17.5,-7.9,1.079,11,4,0,0,4
43.7,21,isocontour,11.283791670955125,38764.38,81.57,-5.8,-19.8,0.995,2.3,-0.3,2.3,-18.8,3.3,1.087,23,2,0,0,2
43.7,22,isocontour,11.283791670955125,41108.01,86.51,-19.8,-7.4,0.972,-1.1,-2.8,3.0,-18.8,3.3,1.087,23,4,0,0,4
43.7,23,isocontour,11.283791670955125,42366.51,89.16,-18.8,3.4,1.09,0.8,0.9,1.2,-18.8,3.3,1.087,23,4,0,0,4
43.7,24,isocontour,11.283791670955125,39904.6,83.97,2.0,-20.8,0.985,-0.4,0.2,0.4,-18.8,3.3,1.087,23,2,0,0,2
43.7,25,isocontour,11.283791670955125,38534.16,81.09,-15.8,13.3,0.996,0.8,-1.4,1.6,-18.8,3.3,1.087,23,2,0,0,2
43.7,Target,,,,,0.0,0.0,4.023,0.0,0.0,,,,,,,,,
43.8,1,isocontour,11.283791670955125,38659.0,81.35,20.5,2.5,0.993,-0.8,0.8,1.1,-17.5,-7.9,1.079,11,7,0,0,7
43.8,2,isocontour,11.283791670955125,38127.7,80.24,13.2,16.0,0.99,-0.5,-1.2,1.3,-17.5,-7.9,1.079,11,3,0,0,3
43.8,3,isocontour,11.283791670955125,39303.04,82.71,17.7,11.3,0.978,2.6,-0.2,2.6,-17.5,-7.9,1.079,11,5,0,0,5
43.8,4,isocontour,11.283791670955125,41424.62,87.17,19.5,2.7,1.054,-0.5,2.7,2.7,-17.5,-7.9,1.079,11,7,0,0,7
43.8,5,isocontour,11.283791670955125,39340.79,82.79,19.4,3.3,1.052,-0.9,2.6,2.8,-17.5,-7.9,1.079,11,7,0,0,7
43.8,6,isocontour,11.283791670955125,40359.54,84.93,15.0,-12.9,1.046,-1.6,-3.3,3.7,-17.5,-7.9,1.079,11,4,0,0,4
43.8,7,isocontour,11.283791670955125,39537.06,83.2,-19.0,8.3,0.993,1.4,2.2,2.6,-18.8,3.4,1.09,23,3,0,0,3
43.8,8,isocontour,11.283791670955125,40881.69,86.03,15.3,-12.5,1.045,0.3,-0.9,0.9,-17.5,-7.9,1.079,11,4,0,0,4
43.8,9,isocontour,11.283791670955125,39274.34,82.65,20.8,0.6,0.989,-1.0,0.8,1.3,-17.5,-7.9,1.079,11,6,0,0,6
43.8,10,isocontour,11.283791670955125,39559.47,83.25,19.7,-6.9,0.985,0.1,1.3,1.3,-17.5,-7.9,1.079,11,8,0,0,8
43.8,11,isocontour,11.283791670955125,39415.54,82.95,-17.6,-8.7,1.056,0.3,-2.1,2.1,-18.8,3.3,1.087,23,3,0,0,3
43.8,12,isocontour,11.283791670955125,39864.71,83.89,-13.5,-15.8,0.989,-0.8,-1.4,1.6,-18.8,3.3,1.087,23,3,0,0,3
43.8,13,isocontour,11.283791670955125,38343.4,80.69,20.8,-1.7,0.985,-0.9,2.7,2.8,-17.5,-7.9,1.079,11,5,0,0,5
43.8,14,isocontour,11.283791670955125,38641.11,81.32,16.5,-12.7,0.986,-1.7,-2.8,3.3,-17.5,-7.9,1.079,11,4,0,0,4
43.8,15,isocontour,11.283791670955125,37863.82,79.68,6.5,19.5,1.003,-0.8,0.8,1.1,-17.5,-7.9,1.079,11,2,0,0,2
43.8,16,isocontour,11.283791670955125,47020.98,98.95,-24.7,22.2,0.504,0.4,-0.9,1.0,-24.7,22.2,0.504,16,0,0,0,0
43.8,17,isocontour,11.283791670955125,38972.17,82.01,18.3,10.0,0.988,0.1,2.6,2.6,-17.5,-7.9,1.079,11,6,0,0,6
43.8,18,isocontour,11.283791670955125,43137.23,90.78,-2.8,20.5,0.991,-0.9,0.1,0.9,-17.5,-7.9,1.079,11,1,0,0,1
43.8,19,isocontour,11.283791670955125,39577.67,83.29,-20.8,0.2,0.988,0.8,2.9,3.0,-18.8,3.4,1.09,23,4,0,0,4
43.8,20,isocontour,11.283791670955125,39770.85,83.69,9.1,-18.7,0.989,-2.0,-1.2,2.3,-18.8,3.3,1.087,23,4,0,0,4
43.8,21,isocontour,11.283791670955125,38761.44,81.57,-5.9,-19.9,0.993,-1.3,-0.2,1.3,-18.8,3.3,1.087,23,2,0,0,2
43.8,22,isocontour,11.283791670955125,41090.07,86.47,-19.7,-7.6,0.972,1.3,-2.0,2.4,-18.8,3.4,1.09,23,4,0,0,4
43.8,23,isocontour,11.283791670955125,42338.75,89.1,-18.7,3.6,1.092,0.7,2.7,2.8,-18.7,3.6,1.09,23,4,0,0,4
43.8,24,isocontour,11.283791670955125,39901.26,83.97,1.9,-20.7,0.99,-1.0,1.0,1.4,-18.8,3.3,1.087,23,2,0,0,2
43.8,25,isocontour,11.283791670955125,38533.52,81.09,-15.8,13.4,0.993,-0.5,0.6,0.8,-18.8,3.4,1.09,23,2,0,0,2
43.8,Target,,,,,0.0,0.0,4.023,0.0,0.0,,,,,,,,,
43.9,1,isocontour,11.283791670955125,38658.06,81.35,20.5,2.5,0.994,0.2,-0.9,0.9,-17.5,-7.9,1.079,11,7,0,0,7
43.9,2,isocontour,11.283791670955125,38108.86,80.2,13.4,15.8,0.993,1.6,-1.9,2.5,-17.5,-7.9,1.079,11,3,0,0,3
43.9,3,isocontour,11.283791670955125,39300.6,82.7,17.7,11.2,0.98,-0.3,-1.2,1.2,-17.5,-7.9,1.079,11,6,0,0,6
43.9,4,isocontour,11.283791670955125,41328.49,86.97,19.5,2.4,1.051,1.2,-4.1,4.3,-17.5,-7.9,1.079,11,7,0,0,7
43.9,5,isocontour,11.283791670955125,39338.64,82.78,19.4,3.3,1.05,0.8,-0.9,1.2,-17.5,-7.9,1.079,11,7,0,0,7
43.9,6,isocontour,11.283791670955125,40305.87,84.82,14.8,-13.2,1.043,-1.8,-3.0,3.5,-18.8,3.3,1.087,23,4,0,0,4
43.9,7,isocontour,11.283791670955125,39533.49,83.19,-19.1,8.2,0.99,-1.0,-0.9,1.3,-18.7,3.6,1.092,23,3,0,0,3
43.9,8,isocontour,11.283791670955125,40879.53,86.03,15.3,-12.5,1.05,-0.8,0.8,1.1,-18.8,3.3,1.087,23,4,0,0,4
43.9,9,isocontour,11.283791670955125,39272.45,82.64,20.7,0.7,0.993,-0.6,0.9,1.1,-17.5,-7.9,1.079,11,7,0,0,7
43.9,10,isocontour,11.283791670955125,39556.47,83.24,19.6,-6.8,0.991,-0.8,1.1,1.4,-17.5,-7.9,1.079,11,8,0,0,8
43.9,11,isocontour,11.283791670955125,39388.66,82.89,-17.5,-8.5,1.066,1.2,2.5,2.8,-18.8,3.4,1.09,23,3,0,0,3
43.9,12,isocontour,11.283791670955125,39774.56,83.7,-13.3,-16.0,0.99,3.5,-2.2,4.1,-18.8,3.4,1.09,23,3,0,0,3
43.9,13,isocontour,11.283791670955125,38341.96,80.69,20.7,-1.6,0.988,-0.2,1.0,1.0,-17.5,-7.9,1.079,11,5,0,0,5
43.9,14,isocontour,11.283791670955125,38627.24,81.29,16.4,-12.9,0.985,-1.2,-1.8,2.2,-18.8,3.3,1.087,23,4,0,0,4
43.9,15,isocontour,11.283791670955125,37859.93,79.67,6.5,19.6,0.996,0.9,1.1,1.4,-17.5,-7.9,1.079,11,2,0,0,2
43.9,16,isocontour,11.283791670955125,47019.88,98.95,-24.8,22.3,0.502,-0.9,0.4,1.0,-24.8,22.3,0.504,16,0,0,0,0
43.9,17,isocontour,11.283791670955125,38970.69,82.01,18.2,9.9,0.991,-0.4,-1.0,1.1,-17.5,-7.9,1.079,11,6,0,0,6
43.9,18,isocontour,11.283791670955125,43109.17,90.72,-3.1,20.5,0.99,-2.8,-0.1,2.8,-17.5,-7.9,1.079,11,1,0,0,1
43.9,19,isocontour,11.283791670955125,39574.6,83.28,-20.7,0.3,0.992,0.8,1.1,1.4,-18.7,3.6,1.092,23,4,0,0,4
43.9,20,isocontour,11.283791670955125,39682.64,83.51,8.8,-18.8,0.991,-3.9,-1.3,4.1,-18.8,3.3,1.087,23,4,0,0,4
43.9,21,isocontour,11.283791670955125,38728.99,81.5,-6.2,-19.8,0.99,-2.9,0.4,2.9,-18.8,3.3,1.087,23,2,0,0,2
43.9,22,isocontour,11.283791670955125,41084.66,86.46,-19.5,-7.6,0.98,1.3,1.0,1.6,-18.7,3.6,1.092,23,4,0,0,4
43.9,23,isocontour,11.283791670955125,42318.97,89.06,-18.7,3.9,1.087,-0.5,2.4,2.5,-18.7,3.9,1.092,23,4,0,0,4
43.9,24,isocontour,11.283791670955125,39864.34,83.89,1.6,-20.6,0.994,-3.0,0.5,3.0,-18.8,3.3,1.087,23,2,0,0,2
43.9,25,isocontour,11.283791670955125,38502.69,81.02,-15.6,13.5,0.994,2.1,2.0,2.9,-18.7,3.6,1.092,23,2,0,0,2
43.9,Target,,,,,0.0,0.0,4.023,0.0,0.0,,,,,,,,,
44.0,1,isocontour,11.283791670955125,38622.56,81.28,20.8,2.6,0.981,2.6,1.6,3.1,20.8,2.6,0.994,1,7,0,0,7
44.0,2,isocontour,11.283791670955125,38089.32,80.15,13.4,16.0,0.986,-0.4,2.4,2.4,13.4,16.0,0.993,2,3,0,0,3
44.0,3,isocontour,11.283791670955125,39267.82,82.63,17.7,10.9,0.989,-0.2,-2.9,2.9,17.7,10.9,0.98,3,6,0,0,6
44.0,4,isocontour,11.283791670955125,41327.17,86.97,19.6,2.3,1.049,0.5,-0.9,1.0,19.6,2.3,1.051,4,7,0,0,7
44.0,5,isocontour,11.283791670955125,39337.11,82.78,19.5,3.2,1.049,0.2,-1.0,1.0,19.5,3.2,1.05,5,7,0,0,7
44.0,6,isocontour,11.283791670955125,40275.04,84.75,14.7,-13.1,1.055,-1.2,2.6,2.9,14.7,-13.1,1.043,6,4,0,0,4
44.0,7,isocontour,11.283791670955125,39508.04,83.14,-19.1,8.4,0.981,-0.9,2.6,2.8,-19.1,8.4,0.99,7,3,0,0,3
44.0,8,isocontour,11.283791670955125,40860.23,85.99,15.1,-12.5,1.06,-2.4,-0.4,2.4,15.1,-12.5,1.05,8,4,0,0,4
44.0,9,isocontour,11.283791670955125,39270.74,82.64,20.7,0.6,0.993,0.2,-1.1,1.1,20.7,0.6,0.993,9,7,0,0,7
44.0,10,isocontour,11.283791670955125,39532.93,83.19,19.6,-7.0,0.988,-0.1,-2.6,2.6,19.6,-7.0,0.991,10,8,0,0,8
44.0,11,isocontour,11.283791670955125,39357.83,82.82,-17.5,-8.2,1.074,-0.2,2.9,2.9,-17.5,-8.2,1.066,11,3,0,0,3
44.0,12,isocontour,11.283791670955125,39773.69,83.7,-13.3,-16.0,0.987,-0.8,-0.4,0.9,-13.3,-16.0,0.99,12,3,0,0,3
44.0,13,isocontour,11.283791670955125,38311.13,80.62,20.7,-1.3,0.993,-0.8,2.8,2.9,20.7,-1.3,0.988,13,5,0,0,5
44.0,14,isocontour,11.283791670955125,38594.46,81.22,16.1,-12.8,0.998,-2.8,0.8,2.9,16.1,-12.8,0.985,14,4,0,0,4
44.0,15,isocontour,11.283791670955125,37802.98,79.55,6.3,19.7,0.996,-3.5,0.8,3.6,6.3,19.7,0.996,15,2,0,0,2
44.0,16,isocontour,11.283791670955125,47018.78,98.95,-24.8,22.2,0.502,-0.5,-0.8,0.9,-24.8,22.2,0.502,16,0,0,0,0
44.0,17,isocontour,11.283791670955125,38948.96,81.96,18.2,10.1,0.985,0.3,2.6,2.6,18.2,10.1,0.991,17,6,0,0,6
44.0,18,isocontour,11.283791670955125,43079.29,90.66,-2.9,20.5,0.994,2.8,-0.5,2.8,-2.9,20.5,0.99,18,1,0,0,1
44.0,19,isocontour,11.283791670955125,39572.34,83.28,-20.7,0.5,0.993,0.2,1.2,1.2,-20.7,0.5,0.992,19,4,0,0,4
44.0,20,isocontour,11.283791670955125,39663.1,83.47,8.9,-18.7,0.995,1.9,1.6,2.5,8.9,-18.7,0.991,20,4,0,0,4
44.0,21,isocontour,11.283791670955125,38716.57,81.47,-6.3,-19.9,0.981,-1.5,-1.5,2.1,-6.3,-19.9,0.99,21,2,0,0,2
44.0,22,isocontour,11.283791670955125,41074.05,86.44,-19.3,-7.6,0.989,2.0,-0.3,2.0,-19.3,-7.6,0.98,22,3,0,0,3
44.0,23,isocontour,11.283791670955125,42298.24,89.01,-18.7,4.1,1.084,0.2,2.5,2.5,-18.7,4.1,1.087,23,3,0,0,3
44.0,24,isocontour,11.283791670955125,39832.86,83.82,1.3,-20.7,0.993,-2.9,-0.5,2.9,1.3,-20.7,0.994,24,2,0,0,2
44.0,25,isocontour,11.283791670955125,38502.21,81.02,-15.6,13.6,0.995,0.5,0.5,0.7,-15.6,13.6,0.994,25,2,0,0,2
44.0,Target,,,,,0.0,0.0,4.023,0.0,0.0,,,,,,,,,
44.1,1,isocontour,11.283791670955125,38620.61,81.27,20.8,2.7,0.979,-0.3,1.1,1.1,19.6,2.3,1.051,4,7,0,0,7
44.1,2,isocontour,11.283791670955125,38059.74,80.09,13.2,16.2,0.982,-1.8,2.2,2.8,6.3,19.7,0.996,15,3,0,0,3
44.1,3,isocontour,11.283791670955125,39265.27,82.63,17.7,10.8,0.991,0.5,-1.2,1.3,19.6,2.3,1.051,4,6,0,0,6
44.1,4,isocontour,11.283791670955125,41303.89,86.92,19.7,2.1,1.046,0.7,-2.5,2.6,19.7,2.1,1.051,4,7,0,0,7
44.1,5,isocontour,11.283791670955125,39299.47,82.7,19.5,2.9,1.049,0.5,-3.1,3.1,19.6,2.3,1.051,4,7,0,0,7
44.1,6,isocontour,11.283791670955125,40264.27,84.73,14.6,-13.2,1.054,-0.8,-1.9,2.1,15.1,-12.5,1.06,8,4,0,0,4
44.1,7,isocontour,11.283791670955125,39499.2,83.12,-19.1,8.6,0.979,0.7,1.8,1.9,-18.7,4.1,1.087,23,3,0,0,3
44.1,8,isocontour,11.283791670955125,40843.58,85.95,15.0,-12.7,1.053,0.1,-2.4,2.4,15.0,-12.7,1.06,8,4,0,0,4
44.1,9,isocontour,11.283791670955125,39267.61,82.63,20.8,0.6,0.986,1.3,0.1,1.3,19.6,2.3,1.051,4,7,0,0,7
44.1,10,isocontour,11.283791670955125,39532.78,83.19,19.6,-7.0,0.986,0.3,0.4,0.5,15.1,-12.5,1.06,8,8,0,0,8
44.1,11,isocontour,11.283791670955125,39337.09,82.78,-17.5,-8.0,1.079,-0.3,2.5,2.5,-17.5,-8.0,1.074,11,3,0,0,3
44.1,12,isocontour,11.283791670955125,39669.18,83.48,-13.6,-15.9,0.983,-3.7,2.3,4.4,-17.5,-8.2,1.074,11,3,0,0,3
44.1,13,isocontour,11.283791670955125,38289.65,80.58,20.6,-1.5,0.994,-0.1,-2.6,2.6,19.6,2.3,1.051,4,5,0,0,5
44.1,14,isocontour,11.283791670955125,38581.51,81.19,16.2,-12.7,1.004,0.7,2.1,2.2,15.1,-12.5,1.06,8,4,0,0,4
44.1,15,isocontour,11.283791670955125,37796.29,79.54,6.2,19.8,0.988,0.2,1.7,1.7,6.2,19.8,0.996,15,2,0,0,2
44.1,16,isocontour,11.283791670955125,47017.68,98.94,-24.8,22.1,0.504,0.1,-0.9,0.9,-24.8,22.1,0.502,16,0,0,0,0
44.1,17,isocontour,11.283791670955125,38948.3,81.96,18.3,10.2,0.98,0.5,0.6,0.8,19.6,2.3,1.051,4,6,0,0,6
44.1,18,isocontour,11.283791670955125,43058.79,90.61,-3.1,20.5,0.993,-2.5,-0.0,2.5,6.3,19.7,0.996,15,1,0,0,1
44.1,19,isocontour,11.283791670955125,39571.43,83.27,-20.8,0.4,0.99,-0.8,-0.5,0.9,-18.7,4.1,1.087,23,4,0,0,4
44.1,20,isocontour,11.283791670955125,39598.66,83.33,8.8,-18.9,0.984,-1.6,-3.3,3.7,15.1,-12.5,1.06,8,4,0,0,4
44.1,21,isocontour,11.283791670955125,38714.2,81.47,-6.3,-20.1,0.976,0.6,-1.1,1.3,1.3,-20.7,0.994,24,2,0,0,2
44.1,22,isocontour,11.283791670955125,41050.51,86.39,-19.4,-7.4,0.993,-0.5,2.6,2.6,-17.5,-8.2,1.074,11,3,0,0,3
44.1,23,isocontour,11.283791670955125,42274.43,88.96,-18.7,4.4,1.081,0.1,2.7,2.7,-18.7,4.4,1.087,23,3,0,0,3
44.1,24,isocontour,11.283791670955125,39789.1,83.73,1.1,-20.9,0.983,-2.3,-2.2,3.2,8.9,-18.7,0.995,20,2,0,0,2
44.1,25,isocontour,11.283791670955125,38501.14,81.02,-15.5,13.6,0.997,0.9,0.4,1.0,-18.7,4.1,1.087,23,2,0,0,2
44.1,Target,,,,,0.0,0.0,4.023,0.0,0.0,,,,,,,,,
44.2,1,isocontour,11.283791670955125,38611.06,81.25,20.6,2.7,0.989,-2.0,0.0,2.0,15.1,-12.5,1.06,8,7,0,0,7
44.2,2,isocontour,11.283791670955125,38057.42,80.09,13.1,16.2,0.987,-0.4,-1.1,1.2,19.6,2.3,1.051,4,3,0,0,3
44.2,3,isocontour,11.283791670955125,39264.66,82.63,17.7,10.8,0.994,-0.7,0.2,0.7,19.6,2.3,1.051,4,6,0,0,6
44.2,4,isocontour,11.283791670955125,41277.3,86.86,19.7,2.3,1.046,-0.3,2.7,2.7,15.1,-12.5,1.06,8,7,0,0,7
44.2,5,isocontour,11.283791670955125,39270.81,82.64,19.5,2.6,1.051,-0.0,-2.8,2.8,15.1,-12.5,1.06,8,7,0,0,7
44.2,6,isocontour,11.283791670955125,40251.14,84.7,14.7,-13.0,1.055,1.3,1.8,2.2,15.1,-12.5,1.06,8,4,0,0,4
44.2,7,isocontour,11.283791670955125,39497.67,83.12,-19.0,8.6,0.984,1.0,0.0,1.0,-18.7,4.1,1.087,23,3,0,0,3
44.2,8,isocontour,11.283791670955125,40838.57,85.94,15.1,-12.6,1.05,1.3,0.9,1.6,15.1,-12.5,1.06,8,4,0,0,4
44.2,9,isocontour,11.283791670955125,39264.18,82.63,20.8,0.7,0.985,-0.0,1.4,1.4,15.1,-12.5,1.06,8,7,0,0,7
44.2,10,isocontour,11.283791670955125,39520.53,83.17,19.4,-7.0,0.996,-2.1,0.1,2.1,15.1,-12.5,1.06,8,8,0,0,8
44.2,11,isocontour,11.283791670955125,39330.28,82.77,-17.7,-7.9,1.074,-1.6,0.7,1.7,-18.7,4.1,1.087,23,3,0,0,3
44.2,12,isocontour,11.283791670955125,39652.95,83.44,-13.8,-15.7,0.981,-2.0,1.3,2.4,-17.5,-8.0,1.079,11,3,0,0,3
44.2,13,isocontour,11.283791670955125,38259.13,80.51,20.7,-1.8,0.992,0.2,-2.9,2.9,15.1,-12.5,1.06,8,5,0,0,5
44.2,14,isocontour,11.283791670955125,38567.65,81.16,16.2,-12.8,0.998,0.1,-2.2,2.2,15.1,-12.5,1.06,8,4,0,0,4
44.2,15,isocontour,11.283791670955125,37704.83,79.35,5.9,20.0,0.983,-3.7,2.0,4.2,5.9,20.0,0.996,15,2,0,0,2
44.2,16,isocontour,11.283791670955125,47016.58,98.94,-24.9,22.1,0.502,-0.6,0.7,0.9,-24.9,22.1,0.504,16,0,0,0,0
44.2,17,isocontour,11.283791670955125,38921.71,81.91,18.2,10.0,0.99,-1.2,-2.5,2.8,19.6,2.3,1.051,4,6,0,0,6
44.2,18,isocontour,11.283791670955125,43057.97,90.61,-3.2,20.5,0.99,-0.8,0.3,0.9,6.3,19.7,0.996,15,1,0,0,1
44.2,19,isocontour,11.283791670955125,39477.33,83.08,-20.8,0.1,0.988,-0.4,-4.2,4.2,-18.7,4.1,1.087,23,4,0,0,4
44.2,20,isocontour,11.283791670955125,39593.45,83.32,8.9,-19.0,0.977,1.5,-0.5,1.6,15.1,-12.5,1.06,8,4,0,0,4
44.2,21,isocontour,11.283791670955125,38704.93,81.45,-6.4,-19.9,0.981,-1.0,1.6,1.9,-17.5,-8.2,1.074,11,2,0,0,2
44.2,22,isocontour,11.283791670955125,41049.72,86.38,-19.4,-7.3,0.99,-0.8,0.1,0.8,-18.7,4.1,1.087,23,3,0,0,3
44.2,23,isocontour,11.283791670955125,42252.95,88.92,-18.6,4.6,1.081,0.7,2.4,2.5,-18.7,4.1,1.087,23,3,0,0,3
44.2,24,isocontour,11.283791670955125,39782.18,83.72,1.2,-21.0,0.976,1.3,-1.2,1.8,15.1,-12.5,1.06,8,2,0,0,2
44.2,25,isocontour,11.283791670955125,38480.16,80.98,-15.3,13.8,0.998,1.8,1.8,2.5,-18.7,4.1,1.087,23,2,0,0,2
44.2,Target,,,,,0.0,0.0,4.023,0.0,0.0,,,,,,,,,
44.3,1,isocontour,11.283791670955125,38606.14,81.24,20.5,2.7,0.998,-1.5,-0.5,1.6,15.1,-12.5,1.06,8,7,0,0,7
44.3,2,isocontour,11.283791670955125,38048.99,80.07,13.3,16.1,0.986,1.7,-0.8,1.9,19.6,2.3,1.051,4,3,0,0,3
44.3,3,isocontour,11.283791670955125,39264.25,82.63,17.7,10.9,0.992,0.2,0.6,0.6,15.1,-12.5,1.06,8,6,0,0,6
44.3,4,isocontour,11.283791670955125,41180.49,86.66,19.6,2.0,1.051,-0.6,-4.2,4.2,15.1,-12.5,1.06,8,7,0,0,7
44.3,5,isocontour,11.283791670955125,39263.28,82.62,19.4,2.5,1.059,-1.3,-1.3,1.8,15.1,-12.5,1.06,8,7,0,0,7
44.3,6,isocontour,11.283791670955125,40231.13,84.66,14.8,-12.8,1.058,1.2,2.2,2.5,15.1,-12.5,1.06,8,4,0,0,4
44.3,7,isocontour,11.283791670955125,39484.72,83.09,-18.9,8.8,0.984,0.9,2.0,2.2,-18.7,4.1,1.087,23,3,0,0,3
44.3,8,isocontour,11.283791670955125,40835.43,85.93,15.3,-12.6,1.046,1.3,0.4,1.4,15.1,-12.5,1.06,8,4,0,0,4
44.3,9,isocontour,11.283791670955125,39256.28,82.61,20.7,0.7,0.994,-1.8,-0.2,1.8,15.1,-12.5,1.06,8,7,0,0,7
44.3,10,isocontour,11.283791670955125,39515.02,83.15,19.5,-6.9,0.994,1.2,1.1,1.6,15.1,-12.5,1.06,8,8,0,0,8
44.3,11,isocontour,11.283791670955125,39299.45,82.7,-17.8,-7.6,1.071,-1.5,2.5,2.9,-18.7,4.1,1.087,23,3,0,0,3
44.3,12,isocontour,11.283791670955125,39617.1,83.37,-13.9,-15.5,0.987,-1.2,2.8,3.0,-18.7,4.1,1.087,23,3,0,0,3
44.3,13,isocontour,11.283791670955125,38256.81,80.51,20.7,-1.7,0.988,0.9,0.9,1.3,15.1,-12.5,1.06,8,5,0,0,5
44.3,14,isocontour,11.283791670955125,38525.48,81.07,16.1,-13.1,0.992,-1.2,-3.0,3.2,15.1,-12.5,1.06,8,4,0,0,4
44.3,15,isocontour,11.283791670955125,37679.66,79.29,5.6,20.0,0.991,-2.5,-1.1,2.7,19.6,2.3,1.051,4,2,0,0,2
44.3,16,isocontour,11.283791670955125,47015.48,98.94,-24.9,22.1,0.502,-0.6,-0.7,0.9,-24.9,22.1,0.504,16,0,0,0,0
44.3,17,isocontour,11.283791670955125,38884.43,81.83,18.1,9.7,1.001,-0.6,-3.0,3.1,15.1,-12.5,1.06,8,6,0,0,6
44.3,18,isocontour,11.283791670955125,43056.53,90.61,-3.1,20.5,0.993,0.9,-0.5,1.0,6.3,19.7,0.996,15,1,0,0,1
44.3,19,isocontour,11.283791670955125,39455.09,83.03,-20.8,-0.2,0.99,0.6,-2.5,2.6,-18.7,4.1,1.087,23,4,0,0,4
44.3,20,isocontour,11.283791670955125,39590.17,83.31,9.0,-19.0,0.976,1.2,0.6,1.3,15.1,-12.5,1.06,8,4,0,0,4
44.3,21,isocontour,11.283791670955125,38698.47,81.44,-6.5,-19.8,0.987,-1.0,1.4,1.7,-17.5,-8.0,1.079,11,2,0,0,2
44.3,22,isocontour,11.283791670955125,41049.72,86.38,-19.4,-7.3,0.99,0.1,0.1,0.1,-18.7,4.1,1.087,23,3,0,0,3
44.3,23,isocontour,11.283791670955125,42247.74,88.91,-18.7,4.8,1.077,-0.4,1.5,1.6,-18.7,4.1,1.087,23,3,0,0,3
44.3,24,isocontour,11.283791670955125,39774.65,83.7,1.2,-20.9,0.983,-0.1,1.8,1.8,-17.5,-8.2,1.074,11,2,0,0,2
44.3,25,isocontour,11.283791670955125,38479.61,80.98,-15.2,13.9,0.999,0.6,0.4,0.7,-18.7,4.1,1.087,23,2,0,0,2
44.3,Target,,,,,0.0,0.0,4.023,0.0,0.0,,,,,,,,,
44.4,1,isocontour,11.283791670955125,38581.24,81.19,20.6,2.5,0.992,1.6,-2.1,2.6,15.1,-12.5,1.06,8,7,0,0,7
44.4,2,isocontour,11.283791670955125,38033.38,80.04,13.3,15.9,0.993,0.3,-2.3,2.3,15.1,-12.5,1.06,8,3,0,0,3
44.4,3,isocontour,11.283791670955125,39260.68,82.62,17.8,10.8,0.988,1.3,-0.6,1.4,15.1,-12.5,1.06,8,6,0,0,6
44.4,4,isocontour,11.283791670955125,41154.76,86.61,19.6,2.1,1.052,-0.2,2.7,2.7,15.1,-12.5,1.06,8,7,0,0,7
44.4,5,isocontour,11.283791670955125,39179.48,82.45,19.2,2.8,1.068,-2.0,3.5,4.0,15.1,-12.5,1.06,8,7,0,0,7
44.4,6,isocontour,11.283791670955125,40230.19,84.66,14.7,-12.8,1.061,-0.9,-0.1,0.9,15.1,-12.5,1.06,8,4,0,0,4
44.4,7,isocontour,11.283791670955125,39479.8,83.08,-18.9,9.0,0.983,0.4,1.5,1.6,-18.7,4.1,1.087,23,3,0,0,3
44.4,8,isocontour,11.283791670955125,40791.26,85.84,15.5,-12.5,1.037,3.0,1.3,3.3,15.1,-12.5,1.06,8,4,0,0,4
44.4,9,isocontour,11.283791670955125,39227.62,82.55,20.7,0.5,0.992,0.8,-2.7,2.8,15.1,-12.5,1.06,8,7,0,0,7
44.4,10,isocontour,11.283791670955125,39501.71,83.13,19.7,-7.0,0.983,2.2,-0.4,2.2,15.1,-12.5,1.06,8,8,0,0,8
44.4,11,isocontour,11.283791670955125,39294.62,82.69,-17.9,-7.5,1.065,-1.4,0.7,1.6,-18.7,4.1,1.087,23,3,0,0,3
44.4,12,isocontour,11.283791670955125,39603.6,83.34,-14.1,-15.2,0.991,-1.1,1.9,2.2,-18.7,4.1,1.087,23,3,0,0,3
44.4,13,isocontour,11.283791670955125,38255.81,80.5,20.7,-1.6,0.987,-0.0,0.9,0.9,15.1,-12.5,1.06,8,5,0,0,5
44.4,14,isocontour,11.283791670955125,38429.35,80.87,16.0,-13.5,0.983,-1.1,-4.1,4.2,15.1,-12.5,1.06,8,4,0,0,4
44.4,15,isocontour,11.283791670955125,37672.96,79.28,5.7,20.0,0.987,1.6,0.6,1.7,19.6,2.3,1.051,4,2,0,0,2
44.4,16,isocontour,11.283791670955125,47014.38,98.94,-24.9,22.0,0.504,0.5,-0.8,0.9,-24.9,22.0,0.504,16,0,0,0,0
44.4,17,isocontour,11.283791670955125,38882.12,81.82,18.1,9.8,0.999,0.3,1.2,1.2,15.1,-12.5,1.06,8,6,0,0,6
44.4,18,isocontour,11.283791670955125,43055.5,90.61,-3.2,20.4,0.994,-0.9,-0.2,0.9,19.6,2.3,1.051,4,1,0,0,1
44.4,19,isocontour,11.283791670955125,39454.63,83.03,-20.7,-0.3,0.991,0.1,-0.7,0.7,-18.7,4.1,1.087,23,4,0,0,4
44.4,20,isocontour,11.283791670955125,39583.24,83.3,9.0,-18.8,0.983,0.1,1.8,1.8,-17.5,-8.2,1.074,11,4,0,0,4
44.4,21,isocontour,11.283791670955125,38696.2,81.43,-6.6,-19.7,0.989,-1.0,0.6,1.2,-18.7,4.1,1.087,23,2,0,0,2
44.4,22,isocontour,11.283791670955125,41018.57,86.32,-19.4,-7.1,0.995,0.2,2.9,2.9,-18.7,4.1,1.087,23,3,0,0,3
44.4,23,isocontour,11.283791670955125,42238.33,88.89,-18.7,5.0,1.073,-0.2,1.9,1.9,-18.7,4.1,1.087,23,3,0,0,3
44.4,24,isocontour,11.283791670955125,39772.33,83.7,1.1,-20.8,0.985,-1.2,0.1,1.2,-17.5,-8.0,1.079,11,2,0,0,2
44.4,25,isocontour,11.283791670955125,38459.6,80.93,-15.1,14.1,0.996,1.2,2.2,2.5,-18.7,4.1,1.087,23,2,0,0,2
44.4,Target,,,,,0.0,0.0,4.023,0.0,0.0,,,,,,,,,
44.5,1,isocontour,11.283791670955125,38565.43,81.16,20.8,2.4,0.983,2.0,-1.2,2.3,19.2,2.8,1.068,5,7,0,0,7
44.5,2,isocontour,11.283791670955125,38025.97,80.02,13.3,16.0,0.989,-0.3,1.8,1.8,15.1,-12.5,1.06,8,3,0,0,3
44.5,3,isocontour,11.283791670955125,39251.98,82.6,17.9,10.8,0.979,1.9,0.2,1.9,19.2,2.8,1.068,5,6,0,0,6
44.5,4,isocontour,11.283791670955125,41152.21,86.6,19.5,2.3,1.053,-0.4,1.2,1.3,19.2,2.8,1.068,5,7,0,0,7
44.5,5,isocontour,11.283791670955125,39178.04,82.45,19.2,2.9,1.07,-0.3,1.0,1.0,19.2,2.9,1.068,5,7,0,0,7
44.5,6,isocontour,11.283791670955125,40215.38,84.63,14.8,-13.0,1.052,0.9,-2.1,2.3,-17.5,-8.2,1.074,11,4,0,0,4
44.5,7,isocontour,11.283791670955125,39463.16,83.05,-18.7,9.1,0.989,2.1,1.1,2.4,-18.7,4.1,1.087,23,3,0,0,3
44.5,8,isocontour,11.283791670955125,40789.22,85.84,15.5,-12.5,1.038,-1.0,-0.7,1.2,-17.5,-8.2,1.074,11,4,0,0,4
44.5,9,isocontour,11.283791670955125,39153.35,82.39,20.9,0.2,0.982,2.0,-3.3,3.9,19.2,2.8,1.068,5,7,0,0,7
44.5,10,isocontour,11.283791670955125,39404.22,82.92,19.9,-6.7,0.977,2.3,3.6,4.3,19.2,2.8,1.068,5,8,0,0,8
44.5,11,isocontour,11.283791670955125,39284.32,82.67,-18.1,-7.5,1.054,-2.0,-0.3,2.0,-18.7,4.1,1.087,23,3,0,0,3
44.5,12,isocontour,11.283791670955125,39602.16,83.34,-14.1,-15.3,0.988,0.0,-1.0,1.0,-18.7,4.1,1.087,23,3,0,0,3
44.5,13,isocontour,11.283791670955125,38253.32,80.5,20.7,-1.5,0.989,-0.3,1.2,1.2,19.2,2.8,1.068,5,5,0,0,5
44.5,14,isocontour,11.283791670955125,38415.48,80.84,15.8,-13.7,0.981,-1.3,-1.8,2.2,-17.5,-8.2,1.074,11,4,0,0,4
44.5,15,isocontour,11.283791670955125,37643.7,79.22,5.6,19.9,0.998,-2.1,-1.9,2.8,15.1,-12.5,1.06,8,2,0,0,2
44.5,16,isocontour,11.283791670955125,47013.28,98.93,-25.0,22.0,0.503,-0.8,-0.4,0.9,-25.0,22.0,0.504,16,0,0,0,0
44.5,17,isocontour,11.283791670955125,38773.24,81.59,18.1,10.2,0.989,-0.1,4.4,4.4,19.2,2.8,1.068,5,6,0,0,6
44.5,18,isocontour,11.283791670955125,43054.53,90.6,-3.3,20.4,0.994,-0.9,-0.1,0.9,19.6,2.3,1.051,4,1,0,0,1
44.5,19,isocontour,11.283791670955125,39323.76,82.75,-20.9,0.1,0.984,-1.5,4.4,4.6,-18.7,4.1,1.087,23,4,0,0,4
44.5,20,isocontour,11.283791670955125,39557.51,83.24,8.8,-18.7,0.993,-2.6,0.6,2.7,-17.5,-8.0,1.079,11,4,0,0,4
44.5,21,isocontour,11.283791670955125,38666.63,81.37,-6.8,-19.6,0.989,-2.7,0.9,2.8,-18.7,4.1,1.087,23,2,0,0,2
44.5,22,isocontour,11.283791670955125,41004.14,86.29,-19.5,-6.9,0.992,-1.5,1.7,2.3,-18.7,4.1,1.087,23,3,0,0,3
44.5,23,isocontour,11.283791670955125,42237.72,88.88,-18.6,5.1,1.074,0.5,0.6,0.8,-18.7,4.1,1.087,23,3,0,0,3
44.5,24,isocontour,11.283791670955125,39735.77,83.62,0.8,-20.8,0.988,-3.0,0.5,3.0,-18.7,4.1,1.087,23,2,0,0,2
44.5,25,isocontour,11.283791670955125,38451.03,80.92,-15.0,14.1,1.0,1.8,0.7,1.9,-18.7,4.1,1.087,23,2,0,0,2
44.5,Target,,,,,0.0,0.0,4.023,0.0,0.0,,,,,,,,,
44.6,1,isocontour,11.283791670955125,38500.46,81.02,20.8,2.6,0.979,0.0,3.7,3.7,19.2,2.9,1.07,5,7,0,0,7
44.6,2,isocontour,11.283791670955125,37908.0,79.77,13.0,16.2,0.991,-3.9,2.4,4.6,19.2,2.8,1.068,5,3,0,0,3
44.6,3,isocontour,11.283791670955125,39215.41,82.52,18.0,10.6,0.984,0.3,-3.0,3.0,19.2,2.9,1.07,5,6,0,0,6
44.6,4,isocontour,11.283791670955125,41150.11,86.6,19.5,2.4,1.052,0.2,1.2,1.2,19.2,2.9,1.07,5,7,0,0,7
44.6,5,isocontour,11.283791670955125,39175.24,82.44,19.3,2.9,1.064,1.2,-0.4,1.3,19.3,2.9,1.07,5,7,0,0,7
44.6,6,isocontour,11.283791670955125,40212.88,84.62,14.8,-13.1,1.049,-0.7,-1.0,1.2,-17.5,-8.0,1.079,11,4,0,0,4
44.6,7,isocontour,11.283791670955125,39441.43,83.0,-18.5,9.3,0.992,1.5,2.1,2.6,-18.7,4.1,1.087,23,3,0,0,3
44.6,8,isocontour,11.283791670955125,40770.83,85.8,15.3,-12.6,1.045,-2.3,-0.7,2.4,-17.5,-8.0,1.079,11,4,0,0,4
44.6,9,isocontour,11.283791670955125,39135.84,82.36,21.0,0.3,0.976,1.0,2.2,2.4,19.2,2.9,1.07,5,7,0,0,7
44.6,10,isocontour,11.283791670955125,39376.16,82.86,19.9,-6.4,0.981,-0.3,2.8,2.8,-17.5,-8.2,1.074,11,8,0,0,8
44.6,11,isocontour,11.283791670955125,39282.88,82.67,-18.2,-7.6,1.049,-0.5,-0.9,1.0,-18.7,4.1,1.087,23,3,0,0,3
44.6,12,isocontour,11.283791670955125,39493.29,83.11,-14.2,-15.0,0.996,-1.8,4.0,4.4,-18.7,4.1,1.087,23,3,0,0,3
44.6,13,isocontour,11.283791670955125,38215.31,80.42,20.6,-1.3,0.994,-0.8,3.0,3.1,19.2,2.9,1.07,5,5,0,0,5
44.6,14,isocontour,11.283791670955125,38395.47,80.8,15.6,-13.8,0.988,-2.5,-0.2,2.5,-17.5,-8.0,1.079,11,4,0,0,4
44.6,15,isocontour,11.283791670955125,37617.96,79.16,5.8,19.9,0.994,2.7,0.4,2.7,15.1,-12.5,1.06,8,2,0,0,2
44.6,16,isocontour,11.283791670955125,47012.18,98.93,-24.9,21.9,0.505,0.6,-0.7,0.9,-24.9,21.9,0.504,16,0,0,0,0
44.6,17,isocontour,11.283791670955125,38761.5,81.57,18.0,10.4,0.987,-1.1,1.8,2.1,19.2,2.9,1.07,5,6,0,0,6
44.6,18,isocontour,11.283791670955125,43053.13,90.6,-3.4,20.5,0.991,-0.9,0.5,1.0,15.1,-12.5,1.06,8,1,0,0,1
44.6,19,isocontour,11.283791670955125,39310.45,82.72,-20.8,0.3,0.986,0.7,2.1,2.2,-18.7,4.1,1.087,23,4,0,0,4
44.6,20,isocontour,11.283791670955125,39556.34,83.24,8.8,-18.7,0.995,0.8,0.5,0.9,-18.7,4.1,1.087,23,4,0,0,4
44.6,21,isocontour,11.283791670955125,38665.15,81.37,-6.9,-19.6,0.988,-1.0,0.1,1.0,-18.7,4.1,1.087,23,2,0,0,2
44.6,22,isocontour,11.283791670955125,40992.89,86.26,-19.7,-6.8,0.985,-1.9,0.9,2.1,-18.7,4.1,1.087,23,3,0,0,3
44.6,23,isocontour,11.283791670955125,42237.3,88.88,-18.6,5.1,1.075,0.2,0.7,0.7,-18.7,4.1,1.087,23,3,0,0,3
44.6,24,isocontour,11.283791670955125,39731.3,83.61,0.8,-20.6,0.996,0.4,1.4,1.5,-18.7,4.1,1.087,23,2,0,0,2
44.6,25,isocontour,11.283791670955125,38433.96,80.88,-14.9,14.3,0.996,0.9,2.2,2.4,-18.7,4.1,1.087,23,2,0,0,2
44.6,Target,,,,,0.0,0.0,4.023,0.0,0.0,,,,,,,,,
44.7,1,isocontour,11.283791670955125,38486.41,80.99,20.6,2.8,0.988,-2.1,0.8,2.2,-17.5,-8.2,1.074,11,7,0,0,7
44.7,2,isocontour,11.283791670955125,37898.59,79.75,13.0,16.1,0.994,1.0,-1.7,2.0,19.2,2.9,1.07,5,3,0,0,3
44.7,3,isocontour,11.283791670955125,39198.77,82.49,18.0,10.7,0.982,-0.6,2.3,2.4,19.2,2.9,1.07,5,6,0,0,6
44.7,4,isocontour,11.283791670955125,41132.82,86.56,19.7,2.4,1.039,2.4,0.2,2.4,-17.5,-8.2,1.074,11,7,0,0,7
44.7,5,isocontour,11.283791670955125,39172.81,82.43,19.3,3.0,1.062,0.1,1.2,1.2,-17.5,-8.2,1.074,11,7,0,0,7
44.7,6,isocontour,11.283791670955125,40204.32,84.61,14.7,-13.3,1.046,-0.7,-1.7,1.8,-18.7,4.1,1.087,23,4,0,0,4
44.7,7,isocontour,11.283791670955125,39414.26,82.94,-18.6,9.1,0.995,-0.7,-2.7,2.8,-18.7,4.1,1.087,23,3,0,0,3
44.7,8,isocontour,11.283791670955125,40752.21,85.76,15.1,-12.7,1.053,-2.3,-0.7,2.4,-18.7,4.1,1.087,23,4,0,0,4
44.7,9,isocontour,11.283791670955125,39105.65,82.29,20.9,0.6,0.981,-1.2,2.6,2.9,-17.5,-8.2,1.074,11,7,0,0,7
44.7,10,isocontour,11.283791670955125,39347.5,82.8,19.7,-6.2,0.994,-2.1,1.9,2.8,-17.5,-8.0,1.079,11,8,0,0,8
44.7,11,isocontour,11.283791670955125,39264.27,82.63,-18.2,-7.8,1.046,0.5,-2.4,2.5,-18.7,4.1,1.087,23,3,0,0,3
44.7,12,isocontour,11.283791670955125,39492.55,83.11,-14.2,-14.9,1.0,0.8,0.0,0.8,-18.7,4.1,1.087,23,3,0,0,3
44.7,13,isocontour,11.283791670955125,38214.31,80.42,20.6,-1.3,0.996,-0.2,-0.9,0.9,-17.5,-8.2,1.074,11,5,0,0,5
44.7,14,isocontour,11.283791670955125,38372.19,80.75,15.3,-13.8,0.998,-2.6,-0.4,2.6,-18.7,4.1,1.087,23,4,0,0,4
44.7,15,isocontour,11.283791670955125,37574.2,79.07,5.7,20.1,0.981,-1.1,3.0,3.2,19.2,2.8,1.068,5,2,0,0,2
44.7,16,isocontour,11.283791670955125,47011.08,98.93,-24.8,21.9,0.507,0.8,0.4,0.9,-24.8,21.9,0.505,16,0,0,0,0
44.7,17,isocontour,11.283791670955125,38761.02,81.57,18.0,10.4,0.991,-0.7,-0.2,0.7,19.2,2.9,1.07,5,6,0,0,6
44.7,18,isocontour,11.283791670955125,43052.17,90.6,-3.4,20.4,0.992,-0.8,-0.4,0.9,15.1,-12.5,1.06,8,1,0,0,1
44.7,19,isocontour,11.283791670955125,39307.31,82.72,-20.8,0.4,0.99,0.8,1.1,1.4,-18.7,4.1,1.087,23,4,0,0,4
44.7,20,isocontour,11.283791670955125,39556.21,83.24,8.8,-18.7,0.994,-0.2,-0.4,0.4,-18.7,4.1,1.087,23,4,0,0,4
44.7,21,isocontour,11.283791670955125,38654.85,81.34,-6.9,-19.5,0.997,1.0,1.7,2.0,-18.7,4.1,1.087,23,2,0,0,2
44.7,22,isocontour,11.283791670955125,40992.71,86.26,-19.8,-6.8,0.982,-0.3,-0.4,0.5,-18.7,4.1,1.087,23,3,0,0,3
44.7,23,isocontour,11.283791670955125,42216.56,88.84,-18.6,5.3,1.074,0.6,2.5,2.6,-18.7,4.1,1.087,23,3,0,0,3
44.7,24,isocontour,11.283791670955125,39698.85,83.54,0.6,-20.7,0.995,-2.9,-0.5,2.9,-18.7,4.1,1.087,23,2,0,0,2
44.7,25,isocontour,11.283791670955125,38411.72,80.83,-14.7,14.6,0.993,1.4,2.2,2.6,-18.7,4.1,1.087,23,2,0,0,2
44.7,Target,,,,,0.0,0.0,4.023,0.0,0.0,,,,,,,,,
44.8,1,isocontour,11.283791670955125,38455.26,80.92,20.5,2.5,0.995,-0.8,-2.8,2.9,-17.5,-8.0,1.079,11,7,0,0,7
44.8,2,isocontour,11.283791670955125,37782.17,79.51,12.8,16.4,0.986,-2.1,4.0,4.5,19.2,2.9,1.07,5,3,0,0,3
44.8,3,isocontour,11.283791670955125,39187.69,82.47,17.8,10.8,0.989,-2.0,0.3,2.0,-17.5,-8.2,1.074,11,6,0,0,6
44.8,4,isocontour,11.283791670955125,41131.76,86.56,19.8,2.3,1.038,-0.0,-0.9,0.9,-17.5,-8.0,1.079,11,7,0,0,7
44.8,5,isocontour,11.283791670955125,39145.05,82.38,19.3,2.8,1.062,0.4,-2.8,2.8,-17.5,-8.0,1.079,11,7,0,0,7
44.8,6,isocontour,11.283791670955125,40188.7,84.57,14.8,-13.2,1.042,2.0,1.1,2.3,-18.7,4.1,1.087,23,4,0,0,4
44.8,7,isocontour,11.283791670955125,39391.5,82.89,-18.8,9.0,0.985,-2.6,-0.4,2.6,-18.7,4.1,1.087,23,3,0,0,3
44.8,8,isocontour,11.283791670955125,40727.59,85.71,14.9,-12.9,1.051,-1.3,-2.4,2.7,-18.7,4.1,1.087,23,4,0,0,4
44.8,9,isocontour,11.283791670955125,39082.89,82.25,20.7,0.8,0.991,-2.0,1.6,2.6,-17.5,-8.0,1.079,11,7,0,0,7
44.8,10,isocontour,11.283791670955125,39328.2,82.76,19.8,-5.9,0.995,1.1,2.2,2.5,-18.7,4.1,1.087,23,8,0,0,8
44.8,11,isocontour,11.283791670955125,39237.68,82.57,-18.0,-8.1,1.047,1.4,-2.4,2.8,-18.7,4.1,1.087,23,3,0,0,3
44.8,12,isocontour,11.283791670955125,39491.98,83.11,-14.2,-15.0,0.998,0.1,-0.7,0.7,-18.7,4.1,1.087,23,3,0,0,3
44.8,13,isocontour,11.283791670955125,38212.61,80.41,20.6,-1.2,0.994,0.4,1.0,1.1,-17.5,-8.0,1.079,11,5,0,0,5
44.8,14,isocontour,11.283791670955125,38366.89,80.74,15.4,-13.8,0.992,1.5,-0.5,1.6,-18.7,4.1,1.087,23,4,0,0,4
44.8,15,isocontour,11.283791670955125,37573.03,79.07,5.6,20.2,0.981,-0.9,-0.3,0.9,19.2,2.9,1.07,5,2,0,0,2
44.8,16,isocontour,11.283791670955125,47009.98,98.93,-24.9,22.0,0.505,-0.7,0.7,1.0,-24.9,22.0,0.507,16,0,0,0,0
44.8,17,isocontour,11.283791670955125,38654.34,81.34,18.1,10.0,0.994,1.6,-4.1,4.4,-17.5,-8.2,1.074,11,6,0,0,6
44.8,18,isocontour,11.283791670955125,43051.23,90.6,-3.5,20.4,0.991,-0.9,-0.1,0.9,19.2,2.8,1.068,5,1,0,0,1
44.8,19,isocontour,11.283791670955125,39270.39,82.64,-20.7,0.7,0.993,0.7,3.0,3.1,-18.7,4.1,1.087,23,4,0,0,4
44.8,20,isocontour,11.283791670955125,39549.17,83.23,8.8,-18.9,0.987,-0.3,-1.7,1.7,-18.7,4.1,1.087,23,4,0,0,4
44.8,21,isocontour,11.283791670955125,38636.9,81.31,-7.0,-19.6,0.987,-1.1,-2.2,2.5,-18.7,4.1,1.087,23,2,0,0,2
44.8,22,isocontour,11.283791670955125,40965.24,86.21,-19.6,-7.0,0.986,1.8,-2.1,2.8,-18.7,4.1,1.087,23,3,0,0,3
44.8,23,isocontour,11.283791670955125,42215.56,88.84,-18.5,5.4,1.076,0.6,0.7,0.9,-18.7,4.1,1.087,23,3,0,0,3
44.8,24,isocontour,11.283791670955125,39666.73,83.47,0.7,-20.8,0.985,2.1,-2.0,2.9,-18.7,4.1,1.087,23,2,0,0,2
44.8,25,isocontour,11.283791670955125,38355.72,80.71,-14.5,14.8,0.994,2.8,2.2,3.6,-18.7,4.1,1.087,23,2,0,0,2
44.8,Target,,,,,0.0,0.0,4.023,0.0,0.0,,,,,,,,,
44.9,1,isocontour,11.283791670955125,38453.31,80.92,20.6,2.6,0.992,0.8,0.8,1.1,-18.7,4.1,1.087,23,7,0,0,7
44.9,2,isocontour,11.283791670955125,37781.93,79.51,12.8,16.5,0.985,-0.5,0.3,0.6,-17.5,-8.2,1.074,11,3,0,0,3
44.9,3,isocontour,11.283791670955125,39154.91,82.4,17.8,10.5,0.994,0.8,-2.8,2.9,-17.5,-8.0,1.079,11,6,0,0,6
44.9,4,isocontour,11.283791670955125,41128.95,86.55,19.7,2.3,1.043,-1.0,-0.9,1.3,-18.7,4.1,1.087,23,7,0,0,7
44.9,5,isocontour,11.283791670955125,39143.65,82.37,19.4,2.7,1.059,0.7,-0.7,1.0,-18.7,4.1,1.087,23,7,0,0,7
44.9,6,isocontour,11.283791670955125,40187.83,84.57,14.9,-13.3,1.038,-0.0,-0.9,0.9,-18.7,4.1,1.087,23,4,0,0,4
44.9,7,isocontour,11.283791670955125,39391.49,82.89,-18.8,9.0,0.984,0.2,0.1,0.2,-18.7,4.1,1.087,23,3,0,0,3
44.9,8,isocontour,11.283791670955125,40596.72,85.43,15.0,-12.5,1.059,1.6,4.4,4.7,-18.7,4.1,1.087,23,4,0,0,4
44.9,9,isocontour,11.283791670955125,39068.07,82.21,20.8,0.6,0.987,1.3,-1.8,2.2,-18.7,4.1,1.087,23,7,0,0,7
44.9,10,isocontour,11.283791670955125,39211.0,82.51,19.8,-6.3,0.989,-0.3,-4.5,4.5,-18.7,4.1,1.087,23,8,0,0,8
44.9,11,isocontour,11.283791670955125,39216.94,82.53,-17.9,-8.3,1.053,2.0,-1.6,2.6,-18.7,4.1,1.087,23,3,0,0,3
44.9,12,isocontour,11.283791670955125,39478.67,83.08,-14.1,-15.2,0.991,0.3,-2.2,2.2,-18.7,4.1,1.087,23,3,0,0,3
44.9,13,isocontour,11.283791670955125,38108.82,80.2,20.8,-1.5,0.986,1.5,-4.1,4.4,-18.7,4.1,1.087,23,5,0,0,5
44.9,14,isocontour,11.283791670955125,38320.67,80.64,15.6,-14.1,0.977,1.2,-3.1,3.3,-18.7,4.1,1.087,23,4,0,0,4
44.9,15,isocontour,11.283791670955125,37567.53,79.06,5.5,20.1,0.984,-1.6,-0.0,1.6,19.2,2.9,1.07,5,2,0,0,2
44.9,16,isocontour,11.283791670955125,47008.88,98.92,-24.8,22.0,0.506,0.9,0.1,0.9,-24.8,22.0,0.507,16,0,0,0,0
44.9,17,isocontour,11.283791670955125,38543.98,81.11,18.1,10.4,0.986,-0.3,4.4,4.4,-17.5,-8.0,1.079,11,6,0,0,6
44.9,18,isocontour,11.283791670955125,43050.26,90.59,-3.6,20.4,0.991,-0.9,-0.1,0.9,19.2,2.9,1.07,5,1,0,0,1
44.9,19,isocontour,11.283791670955125,39269.98,82.64,-20.7,0.7,0.994,-0.1,-0.7,0.7,-18.7,4.1,1.087,23,4,0,0,4
44.9,20,isocontour,11.283791670955125,39548.8,83.23,8.8,-18.9,0.987,-0.6,0.1,0.6,-18.7,4.1,1.087,23,4,0,0,4
44.9,21,isocontour,11.283791670955125,38491.34,81.0,-7.3,-19.5,0.987,-4.4,2.0,4.8,-18.7,4.1,1.087,23,2,0,0,2
44.9,22,isocontour,11.283791670955125,40958.89,86.19,-19.5,-7.0,0.994,1.7,-0.4,1.7,-18.7,4.1,1.087,23,3,0,0,3
44.9,23,isocontour,11.283791670955125,42196.94,88.8,-18.5,5.7,1.074,0.2,2.4,2.4,-18.7,4.1,1.087,23,3,0,0,3
44.9,24,isocontour,11.283791670955125,39666.3,83.47,0.7,-20.9,0.984,-0.7,0.2,0.7,-18.7,4.1,1.087,23,2,0,0,2
44.9,25,isocontour,11.283791670955125,38334.24,80.67,-14.3,15.0,0.993,1.6,2.0,2.6,-18.7,4.1,1.087,23,2,0,0,2
44.9,Target,,,,,0.0,0.0,4.023,0.0,0.0,,,,,,,,,
45.0,1,isocontour,11.283791670955125,38430.3,80.87,20.7,2.4,0.983,1.9,-1.8,2.6,-18.7,4.1,1.087,23,7,0,0,7
45.0,2,isocontour,11.283791670955125,37752.96,79.45,12.9,16.3,0.987,2.0,-2.0,2.8,-17.5,-8.0,1.079,11,3,0,0,3
45.0,3,isocontour,11.283791670955125,39122.13,82.33,17.6,10.6,1.001,-2.5,1.5,2.9,-18.7,4.1,1.087,23,6,0,0,6
45.0,4,isocontour,11.283791670955125,41124.22,86.54,19.8,2.3,1.039,1.0,1.2,1.6,-18.7,4.1,1.087,23,7,0,0,7
45.0,5,isocontour,11.283791670955125,39119.3,82.32,19.3,2.8,1.063,-1.2,2.4,2.7,-18.7,4.1,1.087,23,7,0,0,7
45.0,6,isocontour,11.283791670955125,40160.95,84.51,14.8,-13.0,1.049,-0.7,2.7,2.8,-18.7,4.1,1.087,23,4,0,0,4
45.0,7,isocontour,11.283791670955125,39387.61,82.89,-18.7,8.9,0.99,1.1,-1.0,1.5,-18.7,4.1,1.087,23,3,0,0,3
45.0,8,isocontour,11.283791670955125,40566.52,85.37,14.8,-12.5,1.068,-2.7,-0.9,2.8,-18.7,4.1,1.087,23,4,0,0,4
45.0,9,isocontour,11.283791670955125,39056.17,82.19,20.9,0.8,0.982,0.8,2.0,2.2,-18.7,4.1,1.087,23,7,0,0,7
45.0,10,isocontour,11.283791670955125,39209.3,82.51,19.7,-6.4,0.991,-0.9,-0.6,1.1,-18.7,4.1,1.087,23,8,0,0,8
45.0,11,isocontour,11.283791670955125,39213.44,82.52,-17.9,-8.2,1.052,-1.0,1.0,1.4,-18.7,4.1,1.087,23,3,0,0,3
45.0,12,isocontour,11.283791670955125,39470.37,83.06,-14.3,-15.3,0.983,-1.8,-0.6,1.9,-18.7,4.1,1.087,23,3,0,0,3
45.0,13,isocontour,11.283791670955125,38107.11,80.19,20.8,-1.5,0.986,-0.4,1.0,1.1,-18.7,4.1,1.087,23,5,0,0,5
45.0,14,isocontour,11.283791670955125,38315.84,80.63,15.7,-14.1,0.972,1.3,0.8,1.5,-18.7,4.1,1.087,23,4,0,0,4
45.0,15,isocontour,11.283791670955125,37563.64,79.05,5.4,20.1,0.99,-1.0,-1.0,1.4,-17.5,-8.2,1.074,11,2,0,0,2
45.0,16,isocontour,11.283791670955125,47007.78,98.92,-24.8,22.1,0.505,0.3,0.9,0.9,-24.8,22.1,0.507,16,0,0,0,0
45.0,17,isocontour,11.283791670955125,38543.91,81.11,18.1,10.4,0.986,-0.1,-0.3,0.3,-18.7,4.1,1.087,23,6,0,0,6
45.0,18,isocontour,11.283791670955125,43049.2,90.59,-3.6,20.5,0.99,0.8,0.4,0.9,19.2,2.9,1.07,5,1,0,0,1
45.0,19,isocontour,11.283791670955125,39249.25,82.6,-20.9,0.8,0.983,-2.1,1.4,2.5,-18.7,4.1,1.087,23,4,0,0,4
45.0,20,isocontour,11.283791670955125,39547.19,83.22,8.8,-18.8,0.99,0.5,0.9,1.0,-18.7,4.1,1.087,23,4,0,0,4
45.0,21,isocontour,11.283791670955125,38454.42,80.92,-7.6,-19.3,0.99,-2.6,1.6,3.1,-18.7,4.1,1.087,23,2,0,0,2
45.0,22,isocontour,11.283791670955125,40954.76,86.18,-19.5,-7.0,0.992,-1.1,1.0,1.5,-18.7,4.1,1.087,23,3,0,0,3
45.0,23,isocontour,11.283791670955125,42196.5,88.8,-18.4,5.7,1.074,0.3,0.6,0.7,-18.7,4.1,1.087,23,3,0,0,3
45.0,24,isocontour,11.283791670955125,39652.62,83.44,0.6,-20.7,0.994,-0.9,2.0,2.2,-18.7,4.1,1.087,23,2,0,0,2
45.0,25,isocontour,11.283791670955125,38331.44,80.66,-14.2,15.0,0.996,1.2,0.3,1.2,-18.7,4.1,1.087,23,2,0,0,2
45.0,Target,,,,,0.0,0.0,4.023,0.0,0.0,,,,,,,,,
45.1,1,isocontour,11.283791670955125,38349.56,80.7,20.8,2.7,0.978,0.4,4.0,4.0,-18.7,4.1,1.087,23,7,0,0,7
45.1,2,isocontour,11.283791670955125,37724.91,79.39,13.1,16.1,0.99,1.8,-2.1,2.8,-18.7,4.1,1.087,23,3,0,0,3
45.1,3,isocontour,11.283791670955125,39107.5,82.3,17.6,10.8,0.994,0.6,2.2,2.3,-18.7,4.1,1.087,23,6,0,0,6
45.1,4,isocontour,11.283791670955125,41092.09,86.47,19.7,2.6,1.04,-0.8,2.8,2.9,-18.7,4.1,1.087,23,7,0,0,7
45.1,5,isocontour,11.283791670955125,39087.18,82.25,19.2,3.1,1.068,-1.2,2.7,3.0,-18.7,4.1,1.087,23,7,0,0,7
45.1,6,isocontour,11.283791670955125,40160.24,84.51,14.8,-13.1,1.05,-0.3,-0.8,0.9,-18.7,4.1,1.087,23,4,0,0,4
45.1,7,isocontour,11.283791670955125,39381.25,82.87,-18.8,8.9,0.987,-1.4,-0.9,1.7,-18.7,4.1,1.087,23,3,0,0,3
45.1,8,isocontour,11.283791670955125,40551.11,85.33,14.7,-12.4,1.08,-1.1,2.0,2.3,-18.7,4.1,1.087,23,4,0,0,4
45.1,9,isocontour,11.283791670955125,39053.3,82.18,20.8,0.9,0.985,-0.9,0.9,1.3,-18.7,4.1,1.087,23,7,0,0,7
45.1,10,isocontour,11.283791670955125,39208.48,82.51,19.7,-6.5,0.989,0.3,-0.8,0.9,-18.7,4.1,1.087,23,8,0,0,8
45.1,11,isocontour,11.283791670955125,39181.97,82.45,-18.0,-8.0,1.05,-1.4,2.5,2.9,-18.7,4.1,1.087,23,3,0,0,3
45.1,12,isocontour,11.283791670955125,39438.9,82.99,-14.5,-15.1,0.978,-2.5,1.5,2.9,-18.7,4.1,1.087,23,3,0,0,3
45.1,13,isocontour,11.283791670955125,38104.74,80.19,20.7,-1.6,0.991,-1.0,-0.7,1.2,-18.7,4.1,1.087,23,5,0,0,5
45.1,14,isocontour,11.283791670955125,38292.3,80.58,15.6,-13.9,0.982,-0.7,2.5,2.6,-18.7,4.1,1.087,23,4,0,0,4
45.1,15,isocontour,11.283791670955125,37548.83,79.02,5.2,20.1,0.989,-2.1,0.9,2.3,-17.5,-8.0,1.079,11,2,0,0,2
45.1,16,isocontour,11.283791670955125,47006.68,98.92,-24.8,22.0,0.506,-0.0,-0.9,0.9,-24.8,22.0,0.507,16,0,0,0,0
45.1,17,isocontour,11.283791670955125,38541.76,81.11,18.0,10.3,0.991,-0.7,-0.9,1.1,-18.7,4.1,1.087,23,6,0,0,6
45.1,18,isocontour,11.283791670955125,43045.85,90.58,-3.4,20.4,0.994,1.1,-0.8,1.4,-17.5,-8.2,1.074,11,1,0,0,1
45.1,19,isocontour,11.283791670955125,39244.42,82.59,-20.8,0.7,0.985,0.8,-1.4,1.6,-18.7,4.1,1.087,23,4,0,0,4
45.1,20,isocontour,11.283791670955125,39545.83,83.22,8.9,-18.7,0.991,0.8,0.6,1.0,-18.7,4.1,1.087,23,4,0,0,4
45.1,21,isocontour,11.283791670955125,38452.72,80.92,-7.6,-19.3,0.993,1.0,0.3,1.0,-18.7,4.1,1.087,23,2,0,0,2
45.1,22,isocontour,11.283791670955125,40928.46,86.13,-19.8,-6.9,0.981,-2.6,0.9,2.8,-18.7,4.1,1.087,23,3,0,0,3
45.1,23,isocontour,11.283791670955125,42178.33,88.76,-18.3,5.9,1.079,1.4,1.9,2.4,-18.7,4.1,1.087,23,3,0,0,3
45.1,24,isocontour,11.283791670955125,39651.1,83.44,0.5,-20.7,0.995,-1.0,-0.1,1.0,-18.7,4.1,1.087,23,2,0,0,2
45.1,25,isocontour,11.283791670955125,38310.7,80.62,-14.0,15.2,0.996,1.8,1.8,2.5,-18.7,4.1,1.087,23,2,0,0,2
45.1,Target,,,,,0.0,0.0,4.023,0.0,0.0,,,,,,,,,
45.2,1,isocontour,11.283791670955125,38315.09,80.63,20.6,3.0,0.986,-2.3,2.0,3.0,-18.7,4.1,1.087,23,7,0,0,7
45.2,2,isocontour,11.283791670955125,37715.79,79.37,13.2,15.9,0.996,0.2,-1.9,1.9,-18.7,4.1,1.087,23,3,0,0,3
45.2,3,isocontour,11.283791670955125,39010.01,82.09,17.5,11.2,0.987,-1.2,4.1,4.3,-18.7,4.1,1.087,23,6,0,0,6
45.2,4,isocontour,11.283791670955125,41090.2,86.47,19.7,2.7,1.041,-0.4,1.0,1.1,-18.7,4.1,1.087,23,7,0,0,7
45.2,5,isocontour,11.283791670955125,39082.62,82.24,19.2,3.3,1.064,0.6,1.4,1.5,-18.7,4.1,1.087,23,7,0,0,7
45.2,6,isocontour,11.283791670955125,40147.82,84.49,14.6,-13.1,1.059,-2.1,0.3,2.1,-18.7,4.1,1.087,23,4,0,0,4
45.2,7,isocontour,11.283791670955125,39312.01,82.73,-18.9,9.2,0.979,0.0,3.8,3.8,-18.7,4.1,1.087,23,3,0,0,3
45.2,8,isocontour,11.283791670955125,40550.21,85.33,14.6,-12.4,1.082,-0.5,-0.7,0.9,-18.7,4.1,1.087,23,4,0,0,4
45.2,9,isocontour,11.283791670955125,39049.09,82.17,20.7,1.0,0.992,-1.2,0.8,1.4,-18.7,4.1,1.087,23,7,0,0,7
45.2,10,isocontour,11.283791670955125,39206.43,82.51,19.8,-6.4,0.989,0.3,1.1,1.1,-18.7,4.1,1.087,23,8,0,0,8
45.2,11,isocontour,11.283791670955125,39179.23,82.45,-18.1,-7.8,1.048,-0.9,0.9,1.3,-18.7,4.1,1.087,23,3,0,0,3
45.2,12,isocontour,11.283791670955125,39436.47,82.99,-14.5,-15.1,0.983,1.0,0.7,1.2,-18.7,4.1,1.087,23,3,0,0,3
45.2,13,isocontour,11.283791670955125,38104.0,80.19,20.7,-1.6,0.992,-0.1,-0.8,0.8,-18.7,4.1,1.087,23,5,0,0,5
45.2,14,isocontour,11.283791670955125,38267.95,80.53,15.5,-13.7,0.997,-2.0,1.8,2.7,-18.7,4.1,1.087,23,4,0,0,4
45.2,15,isocontour,11.283791670955125,37544.62,79.01,5.1,20.0,0.995,-1.0,-1.1,1.5,-18.7,4.1,1.087,23,2,0,0,2
45.2,16,isocontour,11.283791670955125,47005.58,98.92,-24.8,22.1,0.505,-0.3,0.9,0.9,-24.8,22.1,0.507,16,0,0,0,0
45.2,17,isocontour,11.283791670955125,38520.78,81.06,18.0,10.1,0.995,0.7,-2.5,2.6,-18.7,4.1,1.087,23,6,0,0,6
45.2,18,isocontour,11.283791670955125,43043.95,90.58,-3.5,20.4,0.995,-1.1,-0.1,1.1,-17.5,-8.0,1.079,11,1,0,0,1
45.2,19,isocontour,11.283791670955125,39207.85,82.51,-20.7,0.9,0.99,1.0,2.9,3.1,-18.7,4.1,1.087,23,4,0,0,4
45.2,20,isocontour,11.283791670955125,39545.04,83.22,8.8,-18.8,0.991,-0.6,-0.5,0.8,-18.7,4.1,1.087,23,4,0,0,4
45.2,21,isocontour,11.283791670955125,38450.1,80.91,-7.7,-19.2,0.996,-1.0,0.8,1.3,-18.7,4.1,1.087,23,2,0,0,2
45.2,22,isocontour,11.283791670955125,40863.49,85.99,-20.0,-6.7,0.97,-2.8,2.4,3.7,-18.7,4.1,1.087,23,3,0,0,3
45.2,23,isocontour,11.283791670955125,42171.17,88.74,-18.3,6.1,1.075,-0.3,1.8,1.8,-18.7,4.1,1.087,23,3,0,0,3
45.2,24,isocontour,11.283791670955125,39637.79,83.41,0.5,-20.8,0.985,0.6,-2.1,2.2,-18.7,4.1,1.087,23,2,0,0,2
45.2,25,isocontour,11.283791670955125,38308.44,80.62,-13.9,15.2,0.999,1.2,0.3,1.2,-18.7,4.1,1.087,23,2,0,0,2
45.2,Target,,,,,0.0,0.0,4.023,0.0,0.0,,,,,,,,,
45.3,1,isocontour,11.283791670955125,38300.28,80.6,20.4,3.0,0.999,-2.3,-0.1,2.3,-18.7,4.1,1.087,23,7,0,0,7
45.3,2,isocontour,11.283791670955125,37711.98,79.36,13.2,16.0,0.991,0.6,1.3,1.4,-18.7,4.1,1.087,23,3,0,0,3
45.3,3,isocontour,11.283791670955125,39007.63,82.09,17.5,11.4,0.986,-0.6,1.1,1.3,-18.7,4.1,1.087,23,6,0,0,6
45.3,4,isocontour,11.283791670955125,41085.37,86.46,19.6,2.8,1.047,-1.2,1.0,1.6,-18.7,4.1,1.087,23,7,0,0,7
45.3,5,isocontour,11.283791670955125,39081.56,82.24,19.3,3.3,1.059,0.8,0.5,0.9,-18.7,4.1,1.087,23,7,0,0,7
45.3,6,isocontour,11.283791670955125,40128.04,84.44,14.7,-13.2,1.048,1.5,-2.0,2.5,-18.7,4.1,1.087,23,4,0,0,4
45.3,7,isocontour,11.283791670955125,39290.03,82.68,-18.7,9.4,0.981,1.7,2.0,2.6,-18.7,4.1,1.087,23,3,0,0,3
45.3,8,isocontour,11.283791670955125,40549.0,85.33,14.6,-12.5,1.08,-0.4,-0.9,1.0,-18.7,4.1,1.087,23,4,0,0,4
45.3,9,isocontour,11.283791670955125,39048.18,82.17,20.7,0.9,0.99,0.5,-0.7,0.9,-18.7,4.1,1.087,23,7,0,0,7
45.3,10,isocontour,11.283791670955125,39201.32,82.49,19.6,-6.4,0.996,-1.6,-0.0,1.6,-18.7,4.1,1.087,23,8,0,0,8
45.3,11,isocontour,11.283791670955125,39147.44,82.38,-18.2,-7.6,1.05,-0.6,2.9,3.0,-18.7,4.1,1.087,23,3,0,0,3
45.3,12,isocontour,11.283791670955125,39414.48,82.94,-14.2,-15.1,0.991,2.5,-0.6,2.6,-18.7,4.1,1.087,23,3,0,0,3
45.3,13,isocontour,11.283791670955125,37983.68,79.93,20.7,-2.0,0.989,0.2,-4.6,4.6,-18.7,4.1,1.087,23,5,0,0,5
45.3,14,isocontour,11.283791670955125,38240.78,80.47,15.6,-13.5,0.998,2.0,2.0,2.8,-18.7,4.1,1.087,23,4,0,0,4
45.3,15,isocontour,11.283791670955125,37536.45,78.99,5.1,20.2,0.988,1.1,1.5,1.9,-18.7,4.1,1.087,23,2,0,0,2
45.3,16,isocontour,11.283791670955125,47004.48,98.92,-24.8,22.0,0.506,-0.1,-0.9,0.9,-24.8,22.0,0.507,16,0,0,0,0
45.3,17,isocontour,11.283791670955125,38426.67,80.86,18.1,10.4,0.983,0.6,4.2,4.2,-18.7,4.1,1.087,23,6,0,0,6
45.3,18,isocontour,11.283791670955125,43042.6,90.58,-3.6,20.4,0.995,-1.0,-0.2,1.0,-18.7,4.1,1.087,23,1,0,0,1
45.3,19,isocontour,11.283791670955125,39205.59,82.5,-20.7,1.1,0.991,0.2,1.2,1.2,-18.7,4.1,1.087,23,4,0,0,4
45.3,20,isocontour,11.283791670955125,39516.08,83.16,8.6,-18.9,0.989,-2.4,-1.4,2.8,-18.7,4.1,1.087,23,4,0,0,4
45.3,21,isocontour,11.283791670955125,38446.97,80.91,-7.7,-19.3,0.99,0.1,-1.3,1.3,-18.7,4.1,1.087,23,2,0,0,2
45.3,22,isocontour,11.283791670955125,40859.53,85.98,-20.0,-6.6,0.975,1.4,0.4,1.5,-18.7,4.1,1.087,23,3,0,0,3
45.3,23,isocontour,11.283791670955125,42149.69,88.7,-18.2,6.3,1.077,1.2,2.3,2.6,-18.7,4.1,1.087,23,3,0,0,3
45.3,24,isocontour,11.283791670955125,39635.53,83.41,0.4,-20.8,0.987,-0.9,0.7,1.1,-18.7,4.1,1.087,23,2,0,0,2
45.3,25,isocontour,11.283791670955125,38286.96,80.57,-13.7,15.4,0.998,1.7,1.9,2.5,-18.7,4.1,1.087,23,2,0,0,2
45.3,Target,,,,,0.0,0.0,4.023,0.0,0.0,,,,,,,,,
45.4,1,isocontour,11.283791670955125,38270.39,80.54,20.3,3.2,0.999,-0.1,2.9,2.9,-18.7,4.1,1.087,23,7,0,0,7
45.4,2,isocontour,11.283791670955125,37683.93,79.3,13.0,16.1,0.992,-2.4,1.4,2.8,-18.7,4.1,1.087,23,3,0,0,3
45.4,3,isocontour,11.283791670955125,39006.02,82.08,17.5,11.3,0.987,0.4,-1.0,1.1,-18.7,4.1,1.087,23,6,0,0,6
45.4,4,isocontour,11.283791670955125,40975.01,86.23,19.7,2.5,1.043,1.4,-4.2,4.4,-18.7,4.1,1.087,23,7,0,0,7
45.4,5,isocontour,11.283791670955125,39062.94,82.2,19.3,3.1,1.059,0.2,-2.4,2.4,-18.7,4.1,1.087,23,7,0,0,7
45.4,6,isocontour,11.283791670955125,40126.87,84.44,14.8,-13.2,1.046,0.6,0.8,1.0,-18.7,4.1,1.087,23,4,0,0,4
45.4,7,isocontour,11.283791670955125,39275.4,82.65,-18.6,9.6,0.982,1.2,1.9,2.2,-18.7,4.1,1.087,23,3,0,0,3
45.4,8,isocontour,11.283791670955125,40539.0,85.31,14.7,-12.4,1.081,1.1,1.6,1.9,-18.7,4.1,1.087,23,4,0,0,4
45.4,9,isocontour,11.283791670955125,39038.04,82.15,20.9,0.9,0.981,2.0,0.2,2.0,-18.7,4.1,1.087,23,7,0,0,7
45.4,10,isocontour,11.283791670955125,39198.39,82.49,19.7,-6.4,0.991,1.3,-0.2,1.3,-18.7,4.1,1.087,23,8,0,0,8
45.4,11,isocontour,11.283791670955125,39122.54,82.33,-18.2,-7.3,1.058,0.6,2.6,2.7,-18.7,4.1,1.087,23,3,0,0,3
45.4,12,isocontour,11.283791670955125,39413.69,82.94,-14.1,-15.1,0.995,0.8,0.1,0.8,-18.7,4.1,1.087,23,3,0,0,3
45.4,13,isocontour,11.283791670955125,37983.02,79.93,20.7,-2.2,0.988,0.2,-0.8,0.8,-18.7,4.1,1.087,23,5,0,0,5
45.4,14,isocontour,11.283791670955125,38162.43,80.31,15.6,-13.8,0.986,0.0,-3.9,3.9,-18.7,4.1,1.087,23,4,0,0,4
45.4,15,isocontour,11.283791670955125,37502.32,78.92,4.9,20.1,0.994,-2.9,-0.8,3.0,-18.7,4.1,1.087,23,2,0,0,2
45.4,16,isocontour,11.283791670955125,47003.38,98.91,-24.7,22.0,0.507,0.9,0.1,0.9,-24.7,22.0,0.507,16,0,0,0,0
45.4,17,isocontour,11.283791670955125,38426.6,80.86,18.1,10.5,0.983,-0.4,-0.0,0.4,-18.7,4.1,1.087,23,6,0,0,6
45.4,18,isocontour,11.283791670955125,43022.1,90.53,-3.4,20.4,0.994,2.4,0.7,2.5,-18.7,4.1,1.087,23,2,0,0,2
45.4,19,isocontour,11.283791670955125,39190.18,82.47,-20.9,1.2,0.983,-1.7,1.5,2.3,-18.7,4.1,1.087,23,4,0,0,4
45.4,20,isocontour,11.283791670955125,39515.57,83.16,8.5,-19.0,0.988,-0.5,-0.5,0.7,-18.7,4.1,1.087,23,4,0,0,4
45.4,21,isocontour,11.283791670955125,38439.56,80.89,-7.6,-19.5,0.984,0.8,-1.6,1.8,-18.7,4.1,1.087,23,2,0,0,2
45.4,22,isocontour,11.283791670955125,40836.25,85.93,-19.7,-6.7,0.986,2.4,-1.0,2.6,-18.7,4.1,1.087,23,3,0,0,3
45.4,23,isocontour,11.283791670955125,42147.65,88.69,-18.1,6.4,1.081,1.0,0.5,1.1,-18.7,4.1,1.087,23,3,0,0,3
45.4,24,isocontour,11.283791670955125,39624.44,83.38,0.5,-20.6,0.997,0.3,2.0,2.0,-18.7,4.1,1.087,23,2,0,0,2
45.4,25,isocontour,11.283791670955125,38284.91,80.57,-13.7,15.5,0.994,-0.1,1.2,1.2,-18.7,4.1,1.087,23,3,0,0,3
45.4,Target,,,,,0.0,0.0,4.023,0.0,0.0,,,,,,,,,
45.5,1,isocontour,11.283791670955125,38170.82,80.33,20.4,3.6,0.995,0.1,4.3,4.3,-18.7,4.1,1.087,23,7,0,0,7
45.5,2,isocontour,11.283791670955125,37682.76,79.3,12.9,16.2,0.992,-0.8,0.6,1.0,-18.7,4.1,1.087,23,3,0,0,3
45.5,3,isocontour,11.283791670955125,38978.26,82.02,17.5,11.1,0.994,-0.0,-2.8,2.8,-18.7,4.1,1.087,23,6,0,0,6
45.5,4,isocontour,11.283791670955125,40955.94,86.19,19.8,2.6,1.035,1.2,2.2,2.5,-18.7,4.1,1.087,23,7,0,0,7
45.5,5,isocontour,11.283791670955125,39060.2,82.2,19.4,3.1,1.053,1.3,0.2,1.3,-18.7,4.1,1.087,23,7,0,0,7
45.5,6,isocontour,11.283791670955125,40095.4,84.38,14.9,-12.9,1.051,1.1,2.7,2.9,-18.7,4.1,1.087,23,4,0,0,4
45.5,7,isocontour,11.283791670955125,39271.83,82.64,-18.4,9.6,0.988,1.4,-0.2,1.4,-18.7,4.1,1.087,23,3,0,0,3
45.5,8,isocontour,11.283791670955125,40534.62,85.3,14.8,-12.3,1.079,1.2,0.8,1.4,-18.7,4.1,1.087,23,4,0,0,4
45.5,9,isocontour,11.283791670955125,39021.18,82.12,21.0,1.1,0.975,0.7,2.2,2.3,-18.7,4.1,1.087,23,7,0,0,7
45.5,10,isocontour,11.283791670955125,39078.07,82.23,19.8,-6.8,0.98,0.8,-4.5,4.6,-18.7,4.1,1.087,23,8,0,0,8
45.5,11,isocontour,11.283791670955125,39109.05,82.3,-18.0,-7.4,1.066,1.8,-1.3,2.2,-18.7,4.1,1.087,23,3,0,0,3
45.5,12,isocontour,11.283791670955125,39378.54,82.87,-14.3,-14.9,0.996,-2.1,2.1,3.0,-18.7,4.1,1.087,23,3,0,0,3
45.5,13,isocontour,11.283791670955125,37981.13,79.93,20.7,-2.1,0.99,-0.4,1.1,1.2,-18.7,4.1,1.087,23,5,0,0,5
45.5,14,isocontour,11.283791670955125,38158.05,80.3,15.5,-13.9,0.986,-1.3,-0.6,1.4,-18.7,4.1,1.087,23,4,0,0,4
45.5,15,isocontour,11.283791670955125,37481.83,78.88,4.9,20.3,0.983,0.5,2.5,2.5,-18.7,4.1,1.087,23,2,0,0,2
45.5,16,isocontour,11.283791670955125,47002.28,98.91,-24.8,22.0,0.507,-0.8,-0.5,0.9,-24.8,22.0,0.507,16,0,0,0,0
45.5,17,isocontour,11.283791670955125,38395.45,80.8,18.1,10.2,0.989,0.1,-2.9,2.9,-18.7,4.1,1.087,23,6,0,0,6
45.5,18,isocontour,11.283791670955125,42887.87,90.25,-3.8,20.4,0.989,-4.7,0.2,4.7,-18.7,4.1,1.087,23,1,0,0,1
45.5,19,isocontour,11.283791670955125,39169.69,82.43,-21.0,1.1,0.977,-1.2,-2.2,2.5,-18.7,4.1,1.087,23,4,0,0,4
45.5,20,isocontour,11.283791670955125,39489.84,83.1,8.3,-19.0,0.99,-2.6,-0.7,2.7,-18.7,4.1,1.087,23,4,0,0,4
45.5,21,isocontour,11.283791670955125,38421.62,80.85,-7.4,-19.6,0.98,2.0,-1.4,2.4,-18.7,4.1,1.087,23,2,0,0,2
45.5,22,isocontour,11.283791670955125,40809.08,85.88,-19.6,-6.9,0.992,1.7,-2.2,2.8,-18.7,4.1,1.087,23,3,0,0,3
45.5,23,isocontour,11.283791670955125,42127.15,88.65,-18.0,6.6,1.081,0.7,2.4,2.5,-18.7,4.1,1.087,23,3,0,0,3
45.5,24,isocontour,11.283791670955125,39623.68,83.38,0.5,-20.6,0.999,0.8,-0.0,0.8,-18.7,4.1,1.087,23,2,0,0,2
45.5,25,isocontour,11.283791670955125,38273.83,80.54,-13.5,15.6,0.996,1.9,0.7,2.0,-18.7,4.1,1.087,23,2,0,0,2
45.5,Target,,,,,0.0,0.0,4.023,0.0,0.0,,,,,,,,,
45.6,1,isocontour,11.283791670955125,38165.99,80.32,20.5,3.8,0.987,1.4,0.8,1.6,-18.7,4.1,1.087,23,7,0,0,7
45.6,2,isocontour,11.283791670955125,37551.89,79.02,12.6,16.5,0.99,-3.4,3.3,4.7,-18.7,4.1,1.087,23,3,0,0,3
45.6,3,isocontour,11.283791670955125,38977.53,82.02,17.5,11.1,0.992,0.6,0.5,0.8,-18.7,4.1,1.087,23,6,0,0,6
45.6,4,isocontour,11.283791670955125,40923.16,86.12,19.8,2.9,1.036,-0.7,2.9,3.0,-18.7,4.1,1.087,23,7,0,0,7
45.6,5,isocontour,11.283791670955125,39028.08,82.13,19.4,3.4,1.052,-0.4,2.9,2.9,-18.7,4.1,1.087,23,7,0,0,7
45.6,6,isocontour,11.283791670955125,40090.48,84.37,14.8,-13.0,1.049,-0.6,-1.4,1.5,-18.7,4.1,1.087,23,4,0,0,4
45.6,7,isocontour,11.283791670955125,39267.45,82.63,-18.4,9.7,0.988,0.3,1.5,1.5,-18.7,4.1,1.087,23,3,0,0,3
45.6,8,isocontour,11.283791670955125,40517.34,85.26,14.6,-12.4,1.083,-2.1,-1.1,2.4,-18.7,4.1,1.087,23,4,0,0,4
45.6,9,isocontour,11.283791670955125,38990.35,82.05,20.9,1.4,0.978,-1.0,2.7,2.9,-18.7,4.1,1.087,23,7,0,0,7
45.6,10,isocontour,11.283791670955125,39036.67,82.15,19.9,-6.6,0.98,0.8,3.1,3.2,-18.7,4.1,1.087,23,8,0,0,8
45.6,11,isocontour,11.283791670955125,39101.27,82.28,-17.8,-7.5,1.072,1.5,-1.0,1.8,-18.7,4.1,1.087,23,3,0,0,3
45.6,12,isocontour,11.283791670955125,39371.96,82.85,-14.5,-14.9,0.989,-1.7,-0.4,1.7,-18.7,4.1,1.087,23,3,0,0,3
45.6,13,isocontour,11.283791670955125,37980.36,79.93,20.6,-2.2,0.991,-0.1,-0.8,0.8,-18.7,4.1,1.087,23,5,0,0,5
45.6,14,isocontour,11.283791670955125,38137.8,80.26,15.3,-13.9,0.995,-2.5,-0.2,2.5,-18.7,4.1,1.087,23,4,0,0,4
45.6,15,isocontour,11.283791670955125,37467.97,78.85,4.9,20.2,0.991,-0.2,-2.2,2.2,-18.7,4.1,1.087,23,2,0,0,2
45.6,16,isocontour,11.283791670955125,47001.19,98.91,-24.7,22.0,0.507,0.6,0.7,0.9,-24.7,22.0,0.507,16,0,0,0,0
45.6,17,isocontour,11.283791670955125,38361.67,80.73,18.0,9.9,1.001,-1.2,-2.7,3.0,-18.7,4.1,1.087,23,6,0,0,6
45.6,18,isocontour,11.283791670955125,42852.71,90.18,-4.1,20.4,0.99,-2.8,-1.0,3.0,-18.7,4.1,1.087,23,2,0,0,2
45.6,19,isocontour,11.283791670955125,39162.52,82.41,-20.8,1.0,0.984,1.8,0.1,1.8,-18.7,4.1,1.087,23,4,0,0,4
45.6,20,isocontour,11.283791670955125,39459.33,83.04,8.0,-19.1,0.994,-2.9,-0.3,2.9,-18.7,4.1,1.087,23,4,0,0,4
45.6,21,isocontour,11.283791670955125,38420.37,80.85,-7.3,-19.6,0.981,1.0,-0.0,1.0,-18.7,4.1,1.087,23,2,0,0,2
45.6,22,isocontour,11.283791670955125,40807.56,85.87,-19.6,-6.8,0.992,-0.4,1.0,1.1,-18.7,4.1,1.087,23,3,0,0,3
45.6,23,isocontour,11.283791670955125,42124.94,88.65,-17.9,6.7,1.085,1.0,0.6,1.2,-18.7,4.1,1.087,23,3,0,0,3
45.6,24,isocontour,11.283791670955125,39612.43,83.36,0.5,-20.8,0.99,-1.0,-1.8,2.1,-18.7,4.1,1.087,23,2,0,0,2
45.6,25,isocontour,11.283791670955125,38271.78,80.54,-13.4,15.6,0.999,1.1,0.3,1.1,-18.7,4.1,1.087,23,3,0,0,3
45.6,Target,,,,,0.0,0.0,4.023,0.0,0.0,,,,,,,,,
45.7,1,isocontour,11.283791670955125,38090.57,80.16,20.5,4.1,0.984,-0.4,3.9,3.9,-18.7,4.1,1.087,23,7,0,0,7
45.7,2,isocontour,11.283791670955125,37550.75,79.02,12.5,16.6,0.99,-0.8,0.5,0.9,-18.7,4.1,1.087,23,3,0,0,3
45.7,3,isocontour,11.283791670955125,38950.36,81.97,17.5,11.3,0.987,-0.8,2.7,2.8,-18.7,4.1,1.087,23,6,0,0,6
45.7,4,isocontour,11.283791670955125,40920.6,86.11,19.7,3.0,1.039,-0.8,1.0,1.3,-18.7,4.1,1.087,23,7,0,0,7
45.7,5,isocontour,11.283791670955125,39026.28,82.13,19.4,3.5,1.052,-0.2,1.1,1.1,-18.7,4.1,1.087,23,7,0,0,7
45.7,6,isocontour,11.283791670955125,40069.25,84.32,14.7,-13.2,1.047,-1.4,-2.2,2.6,-18.7,4.1,1.087,23,4,0,0,4
45.7,7,isocontour,11.283791670955125,39258.61,82.61,-18.2,9.8,0.994,1.9,0.4,1.9,-18.7,4.1,1.087,23,3,0,0,3
45.7,8,isocontour,11.283791670955125,40498.72,85.22,14.4,-12.5,1.088,-2.1,-1.3,2.5,-18.7,4.1,1.087,23,4,0,0,4
45.7,9,isocontour,11.283791670955125,38958.88,81.98,20.8,1.7,0.982,-0.8,2.8,2.9,-18.7,4.1,1.087,23,7,0,0,7
45.7,10,isocontour,11.283791670955125,39020.65,82.11,19.7,-6.5,0.991,-2.1,1.1,2.4,-18.7,4.1,1.087,23,8,0,0,8
45.7,11,isocontour,11.283791670955125,39095.96,82.27,-18.0,-7.5,1.065,-1.6,0.1,1.6,-18.7,4.1,1.087,23,3,0,0,3
45.7,12,isocontour,11.283791670955125,39370.72,82.85,-14.6,-15.0,0.983,-0.7,-0.7,1.0,-18.7,4.1,1.087,23,3,0,0,3
45.7,13,isocontour,11.283791670955125,37955.74,79.87,20.6,-2.4,0.989,0.0,-2.7,2.7,-18.7,4.1,1.087,23,5,0,0,5
45.7,14,isocontour,11.283791670955125,38112.07,80.2,15.4,-13.7,0.997,1.7,2.1,2.7,-18.7,4.1,1.087,23,4,0,0,4
45.7,15,isocontour,11.283791670955125,37467.12,78.84,4.9,20.2,0.989,0.5,0.7,0.9,-18.7,4.1,1.087,23,2,0,0,2
45.7,16,isocontour,11.283791670955125,47000.09,98.91,-24.7,22.0,0.509,0.8,-0.5,0.9,-24.7,22.0,0.507,16,0,0,0,0
45.7,17,isocontour,11.283791670955125,38339.69,80.68,18.0,9.7,1.009,-0.0,-2.6,2.6,-18.7,4.1,1.087,23,6,0,0,6
45.7,18,isocontour,11.283791670955125,42838.47,90.15,-4.2,20.5,0.98,-1.0,2.0,2.2,-18.7,4.1,1.087,23,2,0,0,2
45.7,19,isocontour,11.283791670955125,39143.45,82.37,-20.7,0.9,0.994,1.7,-1.8,2.5,-18.7,4.1,1.087,23,4,0,0,4
45.7,20,isocontour,11.283791670955125,39436.83,82.99,7.8,-19.1,0.996,-2.5,-0.6,2.6,-18.7,4.1,1.087,23,4,0,0,4
45.7,21,isocontour,11.283791670955125,38402.43,80.81,-7.1,-19.5,0.992,1.6,1.8,2.4,-18.7,4.1,1.087,23,2,0,0,2
45.7,22,isocontour,11.283791670955125,40804.56,85.87,-19.7,-6.9,0.986,-1.1,-0.8,1.4,-18.7,4.1,1.087,23,3,0,0,3
45.7,23,isocontour,11.283791670955125,42123.24,88.64,-17.8,6.7,1.089,1.0,0.5,1.1,-18.7,4.1,1.087,23,3,0,0,3
45.7,24,isocontour,11.283791670955125,39558.77,83.25,0.2,-21.0,0.979,-2.7,-2.1,3.4,-18.7,4.1,1.087,23,2,0,0,2
45.7,25,isocontour,11.283791670955125,38261.33,80.52,-13.2,15.7,1.003,1.9,0.7,2.0,-18.7,4.1,1.087,23,3,0,0,3
45.7,Target,,,,,0.0,0.0,4.023,0.0,0.0,,,,,,,,,
45.8,1,isocontour,11.283791670955125,38058.78,80.09,20.3,4.0,0.994,-1.8,-2.3,2.9,-18.7,4.1,1.087,23,7,0,0,7
45.8,2,isocontour,11.283791670955125,37521.79,78.96,12.6,16.4,0.996,1.2,-2.5,2.8,-18.7,4.1,1.087,23,3,0,0,3
45.8,3,isocontour,11.283791670955125,38917.58,81.9,17.4,11.5,0.986,-1.5,2.6,3.0,-18.7,4.1,1.087,23,6,0,0,6
45.8,4,isocontour,11.283791670955125,40845.76,85.95,19.6,2.7,1.044,-0.3,-3.9,3.9,-18.7,4.1,1.087,23,7,0,0,7
45.8,5,isocontour,11.283791670955125,39025.41,82.12,19.4,3.4,1.052,-0.0,-0.9,0.9,-18.7,4.1,1.087,23,7,0,0,7
45.8,6,isocontour,11.283791670955125,40053.84,84.29,14.5,-13.3,1.053,-2.2,-0.5,2.3,14.4,-12.5,1.088,8,4,0,0,4
45.8,7,isocontour,11.283791670955125,39255.19,82.61,-18.2,9.9,0.991,-0.3,1.4,1.4,-17.8,6.7,1.089,23,3,0,0,3
45.8,8,isocontour,11.283791670955125,40497.87,85.22,14.4,-12.6,1.088,-0.4,-0.7,0.8,14.4,-12.6,1.088,8,4,0,0,4
45.8,9,isocontour,11.283791670955125,38951.71,81.97,20.7,1.7,0.99,-1.8,0.3,1.8,-18.7,4.1,1.087,23,7,0,0,7
45.8,10,isocontour,11.283791670955125,39020.24,82.11,19.7,-6.4,0.992,0.3,0.6,0.7,14.4,-12.5,1.088,8,8,0,0,8
45.8,11,isocontour,11.283791670955125,39094.21,82.27,-18.0,-7.4,1.063,-0.6,0.9,1.1,-18.7,4.1,1.087,23,3,0,0,3
45.8,12,isocontour,11.283791670955125,39352.33,82.81,-14.4,-15.0,0.99,2.4,0.1,2.4,-18.7,4.1,1.087,23,3,0,0,3
45.8,13,isocontour,11.283791670955125,37856.87,79.67,20.6,-2.8,0.99,-0.9,-4.2,4.3,-18.7,4.1,1.087,23,5,0,0,5
45.8,14,isocontour,11.283791670955125,38057.94,80.09,15.5,-14.0,0.983,1.1,-3.3,3.5,14.4,-12.5,1.088,8,4,0,0,4
45.8,15,isocontour,11.283791670955125,37466.48,78.84,5.0,20.3,0.985,0.2,0.7,0.7,-18.7,4.1,1.087,23,2,0,0,2
45.8,16,isocontour,11.283791670955125,46998.99,98.9,-24.7,22.1,0.507,-0.4,0.9,1.0,-24.7,22.1,0.509,16,0,0,0,0
45.8,17,isocontour,11.283791670955125,38338.75,80.68,17.9,9.7,1.01,-0.3,0.8,0.9,-18.7,4.1,1.087,23,6,0,0,6
45.8,18,isocontour,11.283791670955125,42807.32,90.08,-4.5,20.4,0.981,-2.6,-1.2,2.9,-18.7,4.1,1.087,23,2,0,0,2
45.8,19,isocontour,11.283791670955125,39122.71,82.33,-20.7,0.6,0.994,-0.3,-2.5,2.5,-17.8,6.7,1.089,23,4,0,0,4
45.8,20,isocontour,11.283791670955125,39436.62,82.99,7.7,-19.2,0.996,-0.4,-0.3,0.5,14.4,-12.5,1.088,8,4,0,0,4
45.8,21,isocontour,11.283791670955125,38401.53,80.81,-7.0,-19.4,0.996,0.9,0.2,0.9,-18.7,4.1,1.087,23,2,0,0,2
45.8,22,isocontour,11.283791670955125,40749.5,85.75,-19.9,-6.7,0.979,-2.4,2.6,3.5,-18.7,4.1,1.087,23,3,0,0,3
45.8,23,isocontour,11.283791670955125,42121.84,88.64,-17.8,6.8,1.092,0.7,0.7,1.0,-17.8,6.8,1.089,23,3,0,0,3
45.8,24,isocontour,11.283791670955125,39557.63,83.24,0.2,-21.1,0.974,0.7,-0.7,1.0,-18.7,4.1,1.087,23,2,0,0,2
45.8,25,isocontour,11.283791670955125,38206.73,80.4,-12.9,15.9,1.005,2.9,1.9,3.5,-17.8,6.7,1.089,23,3,0,0,3
45.8,Target,,,,,0.0,0.0,4.023,0.0,0.0,,,,,,,,,
45.9,1,isocontour,11.283791670955125,38058.3,80.09,20.3,4.0,0.996,-0.0,0.7,0.7,14.4,-12.5,1.088,8,7,0,0,7
45.9,2,isocontour,11.283791670955125,37520.09,78.96,12.6,16.2,1.002,-0.1,-1.1,1.1,-18.7,4.1,1.087,23,3,0,0,3
45.9,3,isocontour,11.283791670955125,38884.8,81.83,17.3,11.3,0.996,-0.9,-2.8,2.9,-18.7,4.1,1.087,23,6,0,0,6
45.9,4,isocontour,11.283791670955125,40844.15,85.95,19.6,2.6,1.047,-0.3,-1.0,1.0,14.4,-12.5,1.088,8,7,0,0,7
45.9,5,isocontour,11.283791670955125,39024.01,82.12,19.4,3.3,1.052,0.3,-1.0,1.0,14.4,-12.5,1.088,8,7,0,0,7
45.9,6,isocontour,11.283791670955125,40053.02,84.29,14.4,-13.3,1.055,-0.7,-0.5,0.9,14.4,-12.5,1.088,8,4,0,0,4
45.9,7,isocontour,11.283791670955125,39200.59,82.49,-18.5,10.0,0.974,-3.4,0.8,3.5,-17.8,6.8,1.092,23,3,0,0,3
45.9,8,isocontour,11.283791670955125,40471.57,85.17,14.2,-12.7,1.09,-2.1,-1.7,2.7,14.2,-12.7,1.088,8,4,0,0,4
45.9,9,isocontour,11.283791670955125,38946.6,81.96,20.8,1.8,0.986,1.1,1.2,1.6,14.4,-12.5,1.088,8,7,0,0,7
45.9,10,isocontour,11.283791670955125,38968.84,82.01,19.8,-6.7,0.985,0.5,-3.4,3.4,14.4,-12.5,1.088,8,8,0,0,8
45.9,11,isocontour,11.283791670955125,39073.47,82.23,-18.2,-7.2,1.06,-1.4,2.1,2.5,-17.8,6.7,1.089,23,3,0,0,3
45.9,12,isocontour,11.283791670955125,39322.13,82.75,-14.5,-14.9,0.987,-2.6,1.1,2.8,-18.7,4.1,1.087,23,3,0,0,3
45.9,13,isocontour,11.283791670955125,37828.21,79.6,20.6,-3.1,0.987,0.4,-2.8,2.8,14.4,-12.5,1.088,8,5,0,0,5
45.9,14,isocontour,11.283791670955125,38036.46,80.04,15.4,-14.2,0.979,-1.6,-2.0,2.6,14.4,-12.5,1.088,8,4,0,0,4
45.9,15,isocontour,11.283791670955125,37464.78,78.84,5.0,20.2,0.987,0.7,-0.8,1.1,-18.7,4.1,1.087,23,2,0,0,2
45.9,16,isocontour,11.283791670955125,46997.89,98.9,-24.7,22.0,0.507,-0.7,-0.7,1.0,-24.7,22.0,0.509,16,0,0,0,0
45.9,17,isocontour,11.283791670955125,38320.13,80.64,18.1,9.8,0.998,2.0,1.4,2.4,-18.7,4.1,1.087,23,6,0,0,6
45.9,18,isocontour,11.283791670955125,42800.28,90.07,-4.6,20.3,0.989,-0.7,-1.6,1.7,-17.8,6.7,1.089,23,2,0,0,2
45.9,19,isocontour,11.283791670955125,39084.34,82.25,-20.9,0.4,0.984,-2.2,-2.2,3.1,-17.8,6.8,1.092,23,4,0,0,4
45.9,20,isocontour,11.283791670955125,39400.05,82.91,7.9,-19.1,0.996,2.8,1.2,3.0,14.4,-12.5,1.088,8,4,0,0,4
45.9,21,isocontour,11.283791670955125,38373.17,80.75,-7.2,-19.3,0.998,-2.5,1.2,2.8,-18.7,4.1,1.087,23,2,0,0,2
45.9,22,isocontour,11.283791670955125,40729.96,85.71,-19.7,-6.6,0.989,2.3,0.8,2.4,-17.8,6.7,1.089,23,3,0,0,3
45.9,23,isocontour,11.283791670955125,42096.95,88.59,-17.6,7.0,1.094,1.3,2.3,2.6,-17.6,7.0,1.092,23,3,0,0,3
45.9,24,isocontour,11.283791670955125,39539.47,83.21,0.4,-20.9,0.983,1.3,2.0,2.4,14.4,-12.5,1.088,8,2,0,0,2
45.9,25,isocontour,11.283791670955125,38155.33,80.29,-12.8,16.2,0.999,1.5,3.1,3.4,-17.8,6.8,1.092,23,3,0,0,3
45.9,Target,,,,,0.0,0.0,4.023,0.0,0.0,,,,,,,,,
46.0,1,isocontour,11.283791670955125,38052.48,80.08,20.4,4.1,0.988,1.5,0.6,1.6,20.4,4.1,0.996,1,7,0,0,7
46.0,2,isocontour,11.283791670955125,37467.34,78.85,12.4,16.5,0.997,-1.8,2.9,3.4,12.4,16.5,1.002,2,3,0,0,3
46.0,3,isocontour,11.283791670955125,38864.06,81.78,17.3,11.5,0.991,0.3,2.5,2.5,17.3,11.5,0.996,3,6,0,0,6
46.0,4,isocontour,11.283791670955125,40817.27,85.89,19.6,2.8,1.048,-0.6,2.7,2.8,19.6,2.8,1.047,4,7,0,0,7
46.0,5,isocontour,11.283791670955125,38997.13,82.06,19.4,3.6,1.052,-0.6,2.7,2.8,19.4,3.6,1.052,5,7,0,0,7
46.0,6,isocontour,11.283791670955125,40033.24,84.25,14.2,-13.4,1.062,-2.4,-0.6,2.5,14.2,-13.4,1.055,6,4,0,0,4
46.0,7,isocontour,11.283791670955125,39183.52,82.46,-18.6,10.2,0.966,-0.1,2.4,2.4,-18.6,10.2,0.974,7,3,0,0,3
46.0,8,isocontour,11.283791670955125,40446.68,85.12,14.0,-12.9,1.088,-1.5,-2.2,2.7,14.0,-12.9,1.09,8,4,0,0,4
46.0,9,isocontour,11.283791670955125,38944.71,81.95,20.8,1.9,0.984,0.3,1.1,1.1,20.8,1.9,0.986,9,7,0,0,7
46.0,10,isocontour,11.283791670955125,38960.94,81.99,19.9,-6.7,0.975,1.8,-0.1,1.8,19.9,-6.7,0.985,10,8,0,0,8
46.0,11,isocontour,11.283791670955125,39049.93,82.18,-18.3,-7.4,1.049,-1.5,-2.2,2.7,-18.3,-7.4,1.06,11,3,0,0,3
46.0,12,isocontour,11.283791670955125,39298.59,82.7,-14.4,-14.9,0.993,2.6,-0.4,2.6,-14.4,-14.9,0.987,12,3,0,0,3
46.0,13,isocontour,11.283791670955125,37827.11,79.6,20.6,-3.1,0.985,0.3,0.9,0.9,20.6,-3.1,0.987,13,5,0,0,5
46.0,14,isocontour,11.283791670955125,38018.74,80.01,15.2,-14.4,0.981,-1.9,-1.5,2.4,15.2,-14.4,0.979,14,4,0,0,4
46.0,15,isocontour,11.283791670955125,37438.77,78.79,5.2,20.1,0.991,2.4,-1.3,2.7,5.2,20.1,0.987,15,2,0,0,2
46.0,16,isocontour,11.283791670955125,46996.79,98.9,-24.8,22.0,0.505,-0.9,-0.0,0.9,-24.8,22.0,0.507,16,0,0,0,0
46.0,17,isocontour,11.283791670955125,38300.12,80.6,18.3,10.0,0.985,1.8,1.7,2.5,18.3,10.0,0.998,17,6,0,0,6
46.0,18,isocontour,11.283791670955125,42797.41,90.06,-4.7,20.2,0.993,-1.0,-0.9,1.3,-4.7,20.2,0.989,18,2,0,0,2
46.0,19,isocontour,11.283791670955125,39082.94,82.25,-21.0,0.4,0.979,-0.7,0.8,1.1,-21.0,0.4,0.984,19,4,0,0,4
46.0,20,isocontour,11.283791670955125,39390.93,82.89,8.1,-19.0,0.999,1.4,1.3,1.9,8.1,-19.0,0.996,20,4,0,0,4
46.0,21,isocontour,11.283791670955125,38366.24,80.74,-7.4,-19.2,1.001,-1.3,1.2,1.8,-7.4,-19.2,0.998,21,2,0,0,2
46.0,22,isocontour,11.283791670955125,40713.52,85.68,-19.5,-6.7,0.997,1.8,-1.5,2.3,-19.5,-6.7,0.989,22,3,0,0,3
46.0,23,isocontour,11.283791670955125,42070.93,88.53,-17.5,7.3,1.095,1.1,2.5,2.7,-17.5,7.3,1.094,23,3,0,0,3
46.0,24,isocontour,11.283791670955125,39514.29,83.15,0.2,-20.8,0.99,-2.5,1.1,2.7,0.2,-20.8,0.983,24,2,0,0,2
46.0,25,isocontour,11.283791670955125,38148.98,80.28,-12.7,16.4,0.993,0.4,1.7,1.7,-12.7,16.4,0.999,25,3,0,0,3
46.0,Target,,,,,0.0,0.0,4.023,0.0,0.0,,,,,,,,,
46.1,1,isocontour,11.283791670955125,37969.3,79.9,20.4,4.4,0.982,0.1,4.0,4.0,19.4,3.6,1.052,5,7,0,0,7
46.1,2,isocontour,11.283791670955125,37444.06,78.8,12.6,16.6,0.987,2.6,0.3,2.6,12.6,16.6,1.002,2,3,0,0,3
46.1,3,isocontour,11.283791670955125,38850.01,81.76,17.5,11.5,0.981,2.2,-0.1,2.2,19.4,3.6,1.052,5,6,0,0,6
46.1,4,isocontour,11.283791670955125,40814.2,85.89,19.5,2.9,1.05,-0.5,1.2,1.3,19.4,3.6,1.052,5,7,0,0,7
46.1,5,isocontour,11.283791670955125,38967.55,82.0,19.4,3.8,1.048,0.3,2.8,2.8,19.4,3.8,1.052,5,7,0,0,7
46.1,6,isocontour,11.283791670955125,39961.24,84.09,14.0,-13.7,1.056,-1.4,-3.6,3.9,14.0,-12.9,1.09,8,4,0,0,4
46.1,7,isocontour,11.283791670955125,39166.45,82.42,-18.4,10.2,0.975,2.4,-0.1,2.4,-17.5,7.3,1.095,23,3,0,0,3
46.1,8,isocontour,11.283791670955125,40438.38,85.1,13.9,-12.9,1.097,-1.4,1.2,1.8,13.9,-12.9,1.09,8,4,0,0,4
46.1,9,isocontour,11.283791670955125,38942.15,81.95,20.7,2.0,0.986,-0.7,1.0,1.2,19.4,3.6,1.052,5,7,0,0,7
46.1,10,isocontour,11.283791670955125,38938.7,81.94,19.9,-6.5,0.979,-0.3,2.6,2.6,14.0,-12.9,1.09,8,8,0,0,8
46.1,11,isocontour,11.283791670955125,39047.89,82.17,-18.3,-7.5,1.047,0.4,-1.1,1.2,-18.3,-7.5,1.06,11,3,0,0,3
46.1,12,isocontour,11.283791670955125,39297.68,82.7,-14.3,-15.0,0.991,-0.2,-0.9,0.9,-18.3,-7.4,1.06,11,3,0,0,3
46.1,13,isocontour,11.283791670955125,37822.47,79.59,20.7,-2.9,0.984,0.4,1.5,1.6,19.4,3.6,1.052,5,5,0,0,5
46.1,14,isocontour,11.283791670955125,38005.43,79.98,15.0,-14.4,0.989,-2.2,0.0,2.2,14.0,-12.9,1.09,8,4,0,0,4
46.1,15,isocontour,11.283791670955125,37436.45,78.78,5.3,20.2,0.986,0.5,1.1,1.2,12.4,16.5,1.002,2,2,0,0,2
46.1,16,isocontour,11.283791670955125,46995.69,98.9,-24.8,22.1,0.505,0.5,0.8,0.9,-24.8,22.1,0.507,16,0,0,0,0
46.1,17,isocontour,11.283791670955125,38211.27,80.41,18.2,10.4,0.981,-1.7,3.7,4.1,19.4,3.6,1.052,5,6,0,0,6
46.1,18,isocontour,11.283791670955125,42788.57,90.04,-4.7,20.3,0.984,-0.2,1.9,1.9,-12.7,16.4,0.999,25,2,0,0,2
46.1,19,isocontour,11.283791670955125,39060.95,82.2,-20.9,0.2,0.981,0.5,-2.5,2.5,-17.5,7.3,1.095,23,4,0,0,4
46.1,20,isocontour,11.283791670955125,39371.62,82.85,7.9,-19.1,0.996,-1.9,-1.6,2.5,14.0,-12.9,1.09,8,4,0,0,4
46.1,21,isocontour,11.283791670955125,38354.5,80.71,-7.3,-19.3,0.995,0.9,-1.9,2.1,-7.3,-19.3,1.001,21,2,0,0,2
46.1,22,isocontour,11.283791670955125,40712.68,85.67,-19.6,-6.7,0.995,-0.7,0.5,0.9,-18.3,-7.4,1.06,11,3,0,0,3
46.1,23,isocontour,11.283791670955125,42047.12,88.48,-17.4,7.5,1.094,0.7,2.6,2.7,-17.4,7.5,1.095,23,3,0,0,3
46.1,24,isocontour,11.283791670955125,39498.48,83.12,0.0,-20.9,0.983,-1.4,-1.8,2.3,-7.4,-19.2,1.001,21,2,0,0,2
46.1,25,isocontour,11.283791670955125,38113.13,80.2,-12.9,16.2,0.991,-2.5,-1.7,3.0,-17.5,7.3,1.095,23,3,0,0,3
46.1,Target,,,,,0.0,0.0,4.023,0.0,0.0,,,,,,,,,
46.2,1,isocontour,11.283791670955125,37967.04,79.9,20.4,4.4,0.983,-0.1,-1.2,1.2,14.0,-12.9,1.09,8,7,0,0,7
46.2,2,isocontour,11.283791670955125,37426.56,78.76,12.5,16.7,0.984,-1.7,1.7,2.4,19.4,3.6,1.052,5,3,0,0,3
46.2,3,isocontour,11.283791670955125,38848.21,81.75,17.5,11.5,0.983,-0.1,-1.1,1.1,19.4,3.6,1.052,5,6,0,0,6
46.2,4,isocontour,11.283791670955125,40813.7,85.89,19.5,3.0,1.047,0.6,0.4,0.7,14.0,-12.9,1.09,8,7,0,0,7
46.2,5,isocontour,11.283791670955125,38931.7,81.93,19.4,3.6,1.047,0.6,-3.0,3.1,14.0,-12.9,1.09,8,7,0,0,7
46.2,6,isocontour,11.283791670955125,39960.53,84.09,14.0,-13.8,1.055,-0.6,-0.5,0.8,13.9,-12.9,1.097,8,4,0,0,4
46.2,7,isocontour,11.283791670955125,39160.53,82.41,-18.2,10.3,0.98,1.4,0.9,1.7,-17.5,7.3,1.095,23,3,0,0,3
46.2,8,isocontour,11.283791670955125,40435.64,85.09,13.8,-12.9,1.102,-1.2,-0.5,1.3,13.8,-12.9,1.097,8,4,0,0,4
46.2,9,isocontour,11.283791670955125,38933.72,81.93,20.6,2.1,0.995,-1.8,0.4,1.8,14.0,-12.9,1.09,8,7,0,0,7
46.2,10,isocontour,11.283791670955125,38916.46,81.89,19.7,-6.3,0.991,-2.0,1.6,2.6,13.9,-12.9,1.097,8,8,0,0,8
46.2,11,isocontour,11.283791670955125,39046.57,82.17,-18.2,-7.6,1.048,0.5,-0.8,0.9,-17.5,7.3,1.095,23,3,0,0,3
46.2,12,isocontour,11.283791670955125,39276.7,82.65,-14.5,-15.1,0.979,-2.1,-1.4,2.5,-18.3,-7.4,1.06,11,3,0,0,3
46.2,13,isocontour,11.283791670955125,37795.3,79.54,20.6,-2.7,0.987,-0.3,2.8,2.8,14.0,-12.9,1.09,8,5,0,0,5
46.2,14,isocontour,11.283791670955125,37975.23,79.91,14.7,-14.5,0.995,-2.6,-1.2,2.9,13.9,-12.9,1.097,8,4,0,0,4
46.2,15,isocontour,11.283791670955125,37434.55,78.78,5.4,20.2,0.982,1.1,0.3,1.1,12.4,16.5,1.002,2,2,0,0,2
46.2,16,isocontour,11.283791670955125,46994.59,98.89,-24.8,22.1,0.504,0.6,0.7,0.9,-24.8,22.1,0.507,16,0,0,0,0
46.2,17,isocontour,11.283791670955125,38174.7,80.33,18.1,10.2,0.99,-0.5,-3.0,3.0,19.4,3.6,1.052,5,6,0,0,6
46.2,18,isocontour,11.283791670955125,42761.98,89.99,-4.9,20.2,0.99,-1.9,-2.0,2.8,-17.5,7.3,1.095,23,2,0,0,2
46.2,19,isocontour,11.283791670955125,39038.97,82.15,-20.9,-0.0,0.984,0.6,-2.5,2.6,-17.5,7.3,1.095,23,4,0,0,4
46.2,20,isocontour,11.283791670955125,39353.46,82.81,7.8,-19.2,0.991,-1.8,-1.6,2.4,13.9,-12.9,1.097,8,4,0,0,4
46.2,21,isocontour,11.283791670955125,38337.65,80.68,-7.3,-19.6,0.983,-0.1,-2.4,2.4,-18.3,-7.4,1.06,11,2,0,0,2
46.2,22,isocontour,11.283791670955125,40632.54,85.51,-19.8,-6.4,0.987,-2.8,2.8,4.0,-17.5,7.3,1.095,23,3,0,0,3
46.2,23,isocontour,11.283791670955125,42043.77,88.48,-17.3,7.6,1.097,1.1,0.8,1.4,-17.3,7.6,1.095,23,3,0,0,3
46.2,24,isocontour,11.283791670955125,39498.37,83.12,0.0,-20.9,0.98,0.4,-0.2,0.4,14.0,-12.9,1.09,8,2,0,0,2
46.2,25,isocontour,11.283791670955125,38106.08,80.19,-12.9,16.4,0.986,0.4,1.7,1.7,-17.5,7.3,1.095,23,3,0,0,3
46.2,Target,,,,,0.0,0.0,4.023,0.0,0.0,,,,,,,,,
46.3,1,isocontour,11.283791670955125,37942.69,79.85,20.4,4.1,0.986,-0.1,-2.7,2.7,13.9,-12.9,1.097,8,7,0,0,7
46.3,2,isocontour,11.283791670955125,37408.61,78.72,12.6,16.5,0.99,0.7,-2.3,2.4,19.4,3.6,1.052,5,3,0,0,3
46.3,3,isocontour,11.283791670955125,38821.33,81.69,17.5,11.2,0.991,-0.2,-2.8,2.8,14.0,-12.9,1.09,8,6,0,0,6
46.3,4,isocontour,11.283791670955125,40812.09,85.88,19.6,2.9,1.044,0.5,-1.0,1.1,13.9,-12.9,1.097,8,7,0,0,7
46.3,5,isocontour,11.283791670955125,38900.55,81.86,19.5,3.3,1.047,0.6,-2.8,2.9,13.9,-12.9,1.097,8,7,0,0,7
46.3,6,isocontour,11.283791670955125,39955.88,84.08,14.0,-13.7,1.059,0.4,1.5,1.6,13.8,-12.9,1.102,8,4,0,0,4
46.3,7,isocontour,11.283791670955125,39123.25,82.33,-18.0,10.1,0.995,2.1,-2.3,3.1,-17.3,7.6,1.097,23,3,0,0,3
46.3,8,isocontour,11.283791670955125,40414.41,85.05,13.9,-13.0,1.089,1.9,-1.7,2.5,13.9,-13.0,1.102,8,4,0,0,4
46.3,9,isocontour,11.283791670955125,38908.27,81.88,20.5,2.3,0.995,0.0,2.7,2.7,13.9,-12.9,1.097,8,7,0,0,7
46.3,10,isocontour,11.283791670955125,38904.55,81.87,19.9,-6.3,0.985,2.0,0.6,2.1,13.8,-12.9,1.102,8,8,0,0,8
46.3,11,isocontour,11.283791670955125,39021.11,82.12,-18.3,-7.4,1.05,-0.5,2.7,2.7,-17.5,7.3,1.095,23,3,0,0,3
46.3,12,isocontour,11.283791670955125,39276.57,82.65,-14.5,-15.2,0.976,0.2,-0.4,0.4,-17.5,7.3,1.095,23,3,0,0,3
46.3,13,isocontour,11.283791670955125,37794.2,79.53,20.6,-2.5,0.99,-0.4,0.8,0.9,13.9,-12.9,1.097,8,5,0,0,5
46.3,14,isocontour,11.283791670955125,37960.41,79.88,14.7,-14.7,0.987,0.4,-2.2,2.2,13.8,-12.9,1.102,8,4,0,0,4
46.3,15,isocontour,11.283791670955125,37432.0,78.77,5.3,20.1,0.986,-1.1,-0.6,1.3,-17.5,7.3,1.095,23,2,0,0,2
46.3,16,isocontour,11.283791670955125,46993.49,98.89,-24.7,22.1,0.506,0.9,-0.1,0.9,-24.7,22.1,0.507,16,0,0,0,0
46.3,17,isocontour,11.283791670955125,38154.69,80.29,18.1,10.3,0.988,-0.4,2.5,2.5,14.0,-12.9,1.09,8,6,0,0,6
46.3,18,isocontour,11.283791670955125,42760.14,89.98,-5.0,20.2,0.99,-1.1,-0.0,1.1,-17.5,7.3,1.095,23,2,0,0,2
46.3,19,isocontour,11.283791670955125,39016.99,82.11,-20.8,-0.3,0.987,0.7,-2.5,2.6,-17.3,7.6,1.097,23,4,0,0,4
46.3,20,isocontour,11.283791670955125,39250.38,82.6,7.4,-19.5,0.985,-3.4,-2.6,4.3,13.8,-12.9,1.102,8,4,0,0,4
46.3,21,isocontour,11.283791670955125,38330.36,80.66,-7.3,-19.7,0.974,0.4,-1.7,1.7,14.0,-12.9,1.09,8,2,0,0,2
46.3,22,isocontour,11.283791670955125,40626.08,85.49,-19.9,-6.5,0.981,-0.5,-1.6,1.7,-17.5,7.3,1.095,23,3,0,0,3
46.3,23,isocontour,11.283791670955125,42041.62,88.47,-17.3,7.7,1.099,0.8,0.9,1.2,-17.3,7.7,1.097,23,3,0,0,3
46.3,24,isocontour,11.283791670955125,39494.49,83.11,0.1,-20.9,0.985,0.9,1.1,1.4,13.9,-12.9,1.097,8,2,0,0,2
46.3,25,isocontour,11.283791670955125,38043.18,80.06,-12.6,16.5,0.991,3.5,1.1,3.7,-17.3,7.6,1.097,23,3,0,0,3
46.3,Target,,,,,0.0,0.0,4.023,0.0,0.0,,,,,,,,,
46.4,1,isocontour,11.283791670955125,37925.83,79.81,20.3,4.2,0.994,-1.9,1.5,2.4,13.8,-12.9,1.102,8,7,0,0,7
46.4,2,isocontour,11.283791670955125,37405.12,78.71,12.5,16.6,0.988,-0.5,1.3,1.4,-17.5,7.3,1.095,23,3,0,0,3
46.4,3,isocontour,11.283791670955125,38799.6,81.65,17.4,11.4,0.99,-0.9,2.4,2.6,13.9,-12.9,1.097,8,6,0,0,6
46.4,4,isocontour,11.283791670955125,40810.52,85.88,19.7,3.0,1.041,0.6,0.9,1.1,13.8,-12.9,1.102,8,7,0,0,7
46.4,5,isocontour,11.283791670955125,38873.09,81.8,19.6,3.5,1.037,1.6,2.3,2.8,13.8,-12.9,1.102,8,7,0,0,7
46.4,6,isocontour,11.283791670955125,39951.58,84.07,14.1,-13.6,1.06,1.0,1.1,1.5,13.8,-12.9,1.102,8,4,0,0,4
46.4,7,isocontour,11.283791670955125,39090.47,82.26,-18.1,9.9,0.998,-1.3,-2.6,2.9,-17.3,7.7,1.099,23,3,0,0,3
46.4,8,isocontour,11.283791670955125,40391.39,85.0,14.0,-13.3,1.074,1.1,-2.4,2.6,14.0,-13.3,1.102,8,4,0,0,4
46.4,9,isocontour,11.283791670955125,38784.76,81.62,20.7,2.0,0.99,1.4,-4.4,4.6,13.8,-12.9,1.102,8,7,0,0,7
46.4,10,isocontour,11.283791670955125,38902.12,81.86,19.8,-6.2,0.989,-1.0,0.7,1.2,13.8,-12.9,1.102,8,8,0,0,8
46.4,11,isocontour,11.283791670955125,39017.39,82.11,-18.4,-7.3,1.048,-1.0,1.0,1.4,-17.3,7.6,1.097,23,3,0,0,3
46.4,12,isocontour,11.283791670955125,39260.76,82.62,-14.7,-15.1,0.975,-1.8,1.4,2.3,-17.5,7.3,1.095,23,3,0,0,3
46.4,13,isocontour,11.283791670955125,37767.32,79.48,20.6,-2.3,0.992,-0.1,2.8,2.8,13.8,-12.9,1.102,8,5,0,0,5
46.4,14,isocontour,11.283791670955125,37959.38,79.88,14.8,-14.7,0.986,0.6,0.7,0.9,13.8,-12.9,1.102,8,4,0,0,4
46.4,15,isocontour,11.283791670955125,37403.95,78.71,5.1,20.0,0.997,-2.2,-1.7,2.8,-17.5,7.3,1.095,23,2,0,0,2
46.4,16,isocontour,11.283791670955125,46992.39,98.89,-24.7,22.1,0.508,-0.2,-0.9,0.9,-24.7,22.1,0.507,16,0,0,0,0
46.4,17,isocontour,11.283791670955125,38153.41,80.29,18.0,10.3,0.992,-0.9,-0.4,1.0,13.9,-12.9,1.097,8,6,0,0,6
46.4,18,isocontour,11.283791670955125,42757.58,89.98,-5.1,20.1,0.992,-1.0,-0.7,1.2,-17.3,7.6,1.097,23,2,0,0,2
46.4,19,isocontour,11.283791670955125,39014.19,82.1,-20.7,-0.2,0.991,0.7,1.1,1.3,-17.3,7.7,1.099,23,4,0,0,4
46.4,20,isocontour,11.283791670955125,39103.01,82.29,7.8,-19.4,0.985,4.5,1.9,4.9,13.8,-12.9,1.102,8,4,0,0,4
46.4,21,isocontour,11.283791670955125,38304.63,80.61,-7.1,-19.6,0.984,1.9,1.9,2.7,13.9,-12.9,1.097,8,2,0,0,2
46.4,22,isocontour,11.283791670955125,40623.4,85.49,-19.9,-6.4,0.983,0.4,1.2,1.3,-17.3,7.6,1.097,23,3,0,0,3
46.4,23,isocontour,11.283791670955125,42017.54,88.42,-17.3,8.0,1.093,-0.2,2.7,2.7,-17.3,8.0,1.099,23,3,0,0,3
46.4,24,isocontour,11.283791670955125,39493.86,83.11,0.0,-20.8,0.986,-0.8,0.0,0.8,13.8,-12.9,1.102,8,2,0,0,2
46.4,25,isocontour,11.283791670955125,38034.75,80.04,-12.4,16.5,0.995,1.8,0.6,1.9,-17.3,7.7,1.099,23,3,0,0,3
46.4,Target,,,,,0.0,0.0,4.023,0.0,0.0,,,,,,,,,
46.5,1,isocontour,11.283791670955125,37915.69,79.79,20.4,4.2,0.987,1.8,-0.8,2.0,13.8,-12.9,1.102,8,7,0,0,7
46.5,2,isocontour,11.283791670955125,37375.54,78.65,12.3,16.7,0.994,-2.8,0.4,2.8,13.9,-12.9,1.097,8,3,0,0,3
46.5,3,isocontour,11.283791670955125,38796.18,81.64,17.5,11.4,0.983,1.3,0.5,1.4,13.8,-12.9,1.102,8,6,0,0,6
46.5,4,isocontour,11.283791670955125,40808.72,85.88,19.6,3.0,1.045,-1.1,0.1,1.1,13.8,-12.9,1.102,8,7,0,0,7
46.5,5,isocontour,11.283791670955125,38826.03,81.7,19.4,3.6,1.049,-3.1,1.3,3.4,13.8,-12.9,1.102,8,7,0,0,7
46.5,6,isocontour,11.283791670955125,39938.09,84.04,14.3,-13.5,1.054,2.1,0.6,2.2,13.8,-12.9,1.102,8,4,0,0,4
46.5,7,isocontour,11.283791670955125,39059.96,82.2,-18.3,10.0,0.985,-2.1,1.9,2.8,-17.3,7.7,1.099,23,3,0,0,3
46.5,8,isocontour,11.283791670955125,40319.39,84.85,14.1,-13.0,1.084,0.5,3.8,3.8,14.1,-13.0,1.102,8,4,0,0,4
46.5,9,isocontour,11.283791670955125,38757.3,81.56,20.9,1.8,0.979,2.4,-1.4,2.8,13.8,-12.9,1.102,8,7,0,0,7
46.5,10,isocontour,11.283791670955125,38901.05,81.86,19.8,-6.1,0.994,-0.5,0.8,0.9,13.8,-12.9,1.102,8,8,0,0,8
46.5,11,isocontour,11.283791670955125,39013.66,82.1,-18.5,-7.1,1.045,-1.0,1.1,1.5,-17.3,7.7,1.099,23,3,0,0,3
46.5,12,isocontour,11.283791670955125,39257.76,82.61,-14.7,-14.9,0.98,0.6,1.2,1.3,-17.3,7.6,1.097,23,3,0,0,3
46.5,13,isocontour,11.283791670955125,37765.17,79.47,20.6,-2.4,0.994,-0.4,-1.1,1.2,13.8,-12.9,1.102,8,5,0,0,5
46.5,14,isocontour,11.283791670955125,37949.08,79.86,14.8,-14.5,0.993,-0.2,2.0,2.0,13.8,-12.9,1.102,8,4,0,0,4
46.5,15,isocontour,11.283791670955125,37403.16,78.71,5.2,20.0,0.998,0.8,-0.0,0.8,-17.3,7.6,1.097,23,2,0,0,2
46.5,16,isocontour,11.283791670955125,46991.29,98.89,-24.6,22.0,0.51,0.5,-0.8,0.9,-24.6,22.0,0.508,16,0,0,0,0
46.5,17,isocontour,11.283791670955125,38134.1,80.25,17.8,10.5,0.994,-1.5,2.0,2.5,13.8,-12.9,1.102,8,6,0,0,6
46.5,18,isocontour,11.283791670955125,42732.96,89.93,-5.3,20.2,0.982,-2.1,1.7,2.7,-17.3,7.7,1.099,23,2,0,0,2
46.5,19,isocontour,11.283791670955125,39012.29,82.1,-20.8,-0.2,0.988,-0.8,-0.8,1.1,-17.3,7.7,1.099,23,4,0,0,4
46.5,20,isocontour,11.283791670955125,39087.4,82.25,7.8,-19.1,0.995,-0.1,2.3,2.3,13.8,-12.9,1.102,8,4,0,0,4
46.5,21,isocontour,11.283791670955125,38300.42,80.6,-7.0,-19.6,0.985,1.3,-0.7,1.5,13.8,-12.9,1.102,8,2,0,0,2
46.5,22,isocontour,11.283791670955125,40621.7,85.48,-19.9,-6.3,0.985,-0.2,1.1,1.1,-17.3,7.7,1.099,23,3,0,0,3
46.5,23,isocontour,11.283791670955125,42011.62,88.41,-17.3,8.1,1.085,-0.7,1.5,1.7,-17.3,8.1,1.099,23,3,0,0,3
46.5,24,isocontour,11.283791670955125,39493.17,83.11,-0.0,-20.8,0.986,-0.8,0.0,0.8,13.8,-12.9,1.102,8,2,0,0,2
46.5,25,isocontour,11.283791670955125,37980.62,79.93,-12.7,16.6,0.985,-3.5,0.1,3.5,-17.3,7.7,1.099,23,3,0,0,3
46.5,Target,,,,,0.0,0.0,4.023,0.0,0.0,,,,,,,,,
46.6,1,isocontour,11.283791670955125,37915.58,79.79,20.4,4.2,0.985,0.1,0.4,0.4,13.8,-12.9,1.102,8,7,0,0,7
46.6,2,isocontour,11.283791670955125,37362.05,78.62,12.4,16.8,0.985,1.8,1.3,2.2,13.8,-12.9,1.102,8,3,0,0,3
46.6,3,isocontour,11.283791670955125,38784.27,81.62,17.4,11.3,0.991,-1.2,-1.7,2.1,13.8,-12.9,1.102,8,6,0,0,6
46.6,4,isocontour,11.283791670955125,40785.18,85.83,19.5,2.8,1.054,-1.2,-2.4,2.7,13.8,-12.9,1.102,8,7,0,0,7
46.6,5,isocontour,11.283791670955125,38794.88,81.64,19.3,3.4,1.055,-0.2,-2.9,2.9,13.8,-12.9,1.102,8,7,0,0,7
46.6,6,isocontour,11.283791670955125,39935.09,84.04,14.2,-13.6,1.053,-0.9,-1.0,1.3,13.8,-12.9,1.102,8,4,0,0,4
46.6,7,isocontour,11.283791670955125,39059.65,82.2,-18.3,10.1,0.982,0.2,0.6,0.6,-17.3,7.7,1.099,23,3,0,0,3
46.6,8,isocontour,11.283791670955125,40300.77,84.81,13.9,-13.0,1.093,-2.4,-0.5,2.5,13.9,-13.0,1.102,8,4,0,0,4
46.6,9,isocontour,11.283791670955125,38756.06,81.56,20.9,1.7,0.977,0.0,-1.0,1.0,13.8,-12.9,1.102,8,7,0,0,7
46.6,10,isocontour,11.283791670955125,38892.48,81.84,19.9,-6.0,0.987,1.8,0.6,1.9,13.8,-12.9,1.102,8,8,0,0,8
46.6,11,isocontour,11.283791670955125,38982.19,82.03,-18.6,-6.9,1.045,-0.9,2.8,2.9,-17.3,7.7,1.099,23,3,0,0,3
46.6,12,isocontour,11.283791670955125,39255.26,82.61,-14.6,-14.8,0.987,0.7,1.0,1.2,13.8,-12.9,1.102,8,3,0,0,3
46.6,13,isocontour,11.283791670955125,37762.73,79.47,20.6,-2.5,0.991,0.7,-1.0,1.2,13.8,-12.9,1.102,8,5,0,0,5
46.6,14,isocontour,11.283791670955125,37928.09,79.82,14.9,-14.7,0.983,1.3,-2.2,2.6,13.8,-12.9,1.102,8,4,0,0,4
46.6,15,isocontour,11.283791670955125,37264.64,78.42,4.8,20.1,0.995,-4.4,1.8,4.8,-17.3,7.7,1.099,23,2,0,0,2
46.6,16,isocontour,11.283791670955125,46990.19,98.89,-24.6,21.9,0.512,0.6,-0.8,1.0,-24.6,21.9,0.51,16,0,0,0,0
46.6,17,isocontour,11.283791670955125,38131.23,80.24,17.9,10.6,0.989,0.8,1.0,1.3,13.8,-12.9,1.102,8,6,0,0,6
46.6,18,isocontour,11.283791670955125,42619.6,89.69,-4.9,20.3,0.981,4.3,1.0,4.4,-17.3,7.7,1.099,23,2,0,0,2
46.6,19,isocontour,11.283791670955125,39009.02,82.09,-20.7,-0.2,0.993,1.3,0.2,1.3,-17.3,7.7,1.099,23,4,0,0,4
46.6,20,isocontour,11.283791670955125,39079.1,82.24,7.8,-19.2,0.991,-0.9,-1.6,1.8,13.8,-12.9,1.102,8,4,0,0,4
46.6,21,isocontour,11.283791670955125,38262.78,80.52,-6.7,-19.7,0.988,3.1,-0.5,3.1,13.8,-12.9,1.102,8,2,0,0,2
46.6,22,isocontour,11.283791670955125,40591.5,85.42,-19.8,-6.1,0.991,0.4,2.8,2.8,-17.3,7.7,1.099,23,3,0,0,3
46.6,23,isocontour,11.283791670955125,41998.49,88.38,-17.5,8.0,1.078,-1.8,-1.1,2.1,-17.5,8.0,1.099,23,3,0,0,3
46.6,24,isocontour,11.283791670955125,39490.5,83.1,0.1,-20.8,0.989,1.2,0.5,1.3,13.8,-12.9,1.102,8,2,0,0,2
46.6,25,isocontour,11.283791670955125,37945.46,79.85,-12.9,16.4,0.985,-2.2,-2.1,3.0,-17.3,7.7,1.099,23,3,0,0,3
46.6,Target,,,,,0.0,0.0,4.023,0.0,0.0,,,,,,,,,
46.7,1,isocontour,11.283791670955125,37894.1,79.74,20.3,4.0,0.995,-1.9,-1.7,2.5,13.8,-12.9,1.102,8,7,0,0,7
46.7,2,isocontour,11.283791670955125,37354.64,78.61,12.3,16.7,0.99,-1.7,-0.7,1.8,13.8,-12.9,1.102,8,3,0,0,3
46.7,3,isocontour,11.283791670955125,38783.71,81.62,17.3,11.3,0.994,-0.6,0.5,0.8,13.8,-12.9,1.102,8,6,0,0,6
46.7,4,isocontour,11.283791670955125,40758.59,85.77,19.4,3.0,1.055,-0.4,2.7,2.7,13.8,-12.9,1.102,8,7,0,0,7
46.7,5,isocontour,11.283791670955125,38774.14,81.6,19.3,3.6,1.053,0.2,2.5,2.5,13.8,-12.9,1.102,8,7,0,0,7
46.7,6,isocontour,11.283791670955125,39912.85,83.99,14.0,-13.7,1.056,-2.2,-1.4,2.6,13.8,-12.9,1.102,8,4,0,0,4
46.7,7,isocontour,11.283791670955125,39022.73,82.12,-18.3,9.8,0.989,-0.0,-3.1,3.1,-17.3,7.7,1.099,23,3,0,0,3
46.7,8,isocontour,11.283791670955125,40273.01,84.75,13.7,-13.2,1.091,-1.4,-2.4,2.8,13.7,-13.2,1.102,8,4,0,0,4
46.7,9,isocontour,11.283791670955125,38731.43,81.51,20.8,1.9,0.983,-1.4,2.3,2.7,13.8,-12.9,1.102,8,7,0,0,7
46.7,10,isocontour,11.283791670955125,38883.78,81.83,19.8,-6.1,0.993,-1.8,-0.5,1.9,13.8,-12.9,1.102,8,8,0,0,8
46.7,11,isocontour,11.283791670955125,38955.02,81.98,-18.6,-6.6,1.048,-0.3,2.8,2.8,13.8,-12.9,1.102,8,3,0,0,3
46.7,12,isocontour,11.283791670955125,39253.42,82.6,-14.6,-14.7,0.991,-0.2,1.1,1.1,13.8,-12.9,1.102,8,3,0,0,3
46.7,13,isocontour,11.283791670955125,37733.47,79.41,20.6,-2.7,0.988,0.0,-2.8,2.8,13.8,-12.9,1.102,8,5,0,0,5
46.7,14,isocontour,11.283791670955125,37925.99,79.81,14.8,-14.6,0.986,-1.0,0.5,1.1,13.8,-12.9,1.102,8,4,0,0,4
46.7,15,isocontour,11.283791670955125,37239.74,78.37,4.5,20.2,0.993,-2.5,0.9,2.7,13.8,-12.9,1.102,8,2,0,0,2
46.7,16,isocontour,11.283791670955125,46989.09,98.88,-24.6,21.8,0.514,-0.1,-0.9,0.9,-24.6,21.8,0.512,16,0,0,0,0
46.7,17,isocontour,11.283791670955125,38128.3,80.24,17.9,10.5,0.988,0.6,-1.2,1.3,13.8,-12.9,1.102,8,6,0,0,6
46.7,18,isocontour,11.283791670955125,42590.94,89.63,-4.6,20.3,0.987,2.7,-0.7,2.8,-17.3,7.7,1.099,23,2,0,0,2
46.7,19,isocontour,11.283791670955125,38971.74,82.01,-20.7,0.0,0.994,-0.2,3.1,3.1,-17.3,7.7,1.099,23,4,0,0,4
46.7,20,isocontour,11.283791670955125,39075.82,82.23,7.8,-19.2,0.992,1.1,0.8,1.4,13.8,-12.9,1.102,8,4,0,0,4
46.7,21,isocontour,11.283791670955125,38260.29,80.51,-6.6,-19.7,0.99,1.2,0.0,1.2,13.8,-12.9,1.102,8,2,0,0,2
46.7,22,isocontour,11.283791670955125,40562.84,85.36,-19.7,-6.2,0.994,1.3,-2.5,2.8,13.8,-12.9,1.102,8,3,0,0,3
46.7,23,isocontour,11.283791670955125,41997.01,88.38,-17.6,7.9,1.077,-0.4,-1.0,1.1,-17.6,7.9,1.099,23,3,0,0,3
46.7,24,isocontour,11.283791670955125,39452.85,83.02,0.3,-20.7,0.991,3.0,0.5,3.0,13.8,-12.9,1.102,8,2,0,0,2
46.7,25,isocontour,11.283791670955125,37912.02,79.78,-13.1,16.2,0.988,-1.9,-2.3,3.0,-17.3,7.7,1.099,23,3,0,0,3
46.7,Target,,,,,0.0,0.0,4.023,0.0,0.0,,,,,,,,,
46.8,1,isocontour,11.283791670955125,37881.32,79.72,20.3,4.2,0.99,1.1,1.9,2.2,13.8,-12.9,1.102,8,7,0,0,7
46.8,2,isocontour,11.283791670955125,37328.05,78.55,12.5,16.8,0.98,2.5,1.2,2.8,13.8,-12.9,1.102,8,3,0,0,3
46.8,3,isocontour,11.283791670955125,38708.86,81.46,17.3,11.7,0.984,-0.0,3.9,3.9,13.8,-12.9,1.102,8,6,0,0,6
46.8,4,isocontour,11.283791670955125,40736.86,85.73,19.3,3.2,1.057,-0.7,2.5,2.6,13.8,-12.9,1.102,8,7,0,0,7
46.8,5,isocontour,11.283791670955125,38768.93,81.58,19.3,3.5,1.058,-0.9,-1.3,1.6,13.8,-12.9,1.102,8,7,0,0,7
46.8,6,isocontour,11.283791670955125,39885.98,83.94,14.0,-13.5,1.067,-0.2,2.8,2.8,13.8,-12.9,1.102,8,4,0,0,4
46.8,7,isocontour,11.283791670955125,39017.12,82.11,-18.4,9.7,0.989,-0.9,-1.4,1.7,-17.3,7.7,1.099,23,3,0,0,3
46.8,8,isocontour,11.283791670955125,40256.37,84.71,13.8,-13.0,1.094,1.2,2.0,2.3,13.8,-13.0,1.102,8,4,0,0,4
46.8,9,isocontour,11.283791670955125,38703.97,81.45,20.6,2.1,0.991,-1.7,2.2,2.8,13.8,-12.9,1.102,8,7,0,0,7
46.8,10,isocontour,11.283791670955125,38881.29,81.82,19.7,-6.2,0.995,-0.4,-1.2,1.3,13.8,-12.9,1.102,8,8,0,0,8
46.8,11,isocontour,11.283791670955125,38953.89,81.97,-18.6,-6.5,1.049,-0.2,0.9,0.9,13.8,-12.9,1.102,8,3,0,0,3
46.8,12,isocontour,11.283791670955125,39224.76,82.54,-14.5,-14.9,0.989,1.5,-2.4,2.8,13.8,-12.9,1.102,8,3,0,0,3
46.8,13,isocontour,11.283791670955125,37732.07,79.4,20.6,-2.8,0.988,-0.2,-1.0,1.0,13.8,-12.9,1.102,8,5,0,0,5
46.8,14,isocontour,11.283791670955125,37901.37,79.76,14.7,-14.4,1.0,-1.6,2.1,2.6,13.8,-12.9,1.102,8,4,0,0,4
46.8,15,isocontour,11.283791670955125,37238.34,78.36,4.6,20.2,0.991,1.0,0.1,1.0,13.8,-12.9,1.102,8,2,0,0,2
46.8,16,isocontour,11.283791670955125,46987.99,98.88,-24.5,21.9,0.514,0.5,0.8,0.9,-24.5,21.9,0.514,16,0,0,0,0
46.8,17,isocontour,11.283791670955125,38124.58,80.23,17.9,10.4,0.994,-0.7,-1.3,1.5,13.8,-12.9,1.102,8,6,0,0,6
46.8,18,isocontour,11.283791670955125,42585.02,89.61,-4.5,20.2,0.995,0.9,-1.4,1.7,13.8,-12.9,1.102,8,2,0,0,2
46.8,19,isocontour,11.283791670955125,38840.03,81.73,-20.7,0.5,0.991,-0.5,4.7,4.7,13.8,-12.9,1.102,8,4,0,0,4
46.8,20,isocontour,11.283791670955125,39073.02,82.22,7.9,-19.3,0.986,0.0,-1.3,1.3,13.8,-12.9,1.102,8,4,0,0,4
46.8,21,isocontour,11.283791670955125,38250.44,80.49,-6.4,-19.8,0.987,1.5,-1.3,2.0,13.8,-12.9,1.102,8,2,0,0,2
46.8,22,isocontour,11.283791670955125,40489.14,85.2,-20.0,-6.2,0.98,-3.6,1.3,3.8,13.8,-12.9,1.102,8,3,0,0,3
46.8,23,isocontour,11.283791670955125,41976.52,88.33,-17.7,7.8,1.072,-1.8,-1.8,2.5,-17.7,7.8,1.099,23,3,0,0,3
46.8,24,isocontour,11.283791670955125,39431.62,82.98,0.2,-20.8,0.991,-2.5,-0.2,2.5,13.8,-12.9,1.102,8,2,0,0,2
46.8,25,isocontour,11.283791670955125,37886.84,79.73,-13.2,15.9,0.995,-0.8,-2.6,2.7,-17.3,7.7,1.099,23,3,0,0,3
46.8,Target,,,,,0.0,0.0,4.023,0.0,0.0,,,,,,,,,
46.9,1,isocontour,11.283791670955125,37849.85,79.65,20.5,4.4,0.978,2.1,2.0,2.9,13.8,-12.9,1.102,8,7,0,0,7
46.9,2,isocontour,11.283791670955125,37320.02,78.54,12.4,16.7,0.987,-1.3,-1.3,1.8,13.8,-12.9,1.102,8,3,0,0,3
46.9,3,isocontour,11.283791670955125,38708.46,81.46,17.3,11.8,0.98,0.2,0.6,0.6,13.8,-12.9,1.102,8,6,0,0,6
46.9,4,isocontour,11.283791670955125,40703.75,85.66,19.4,3.0,1.057,0.5,-2.9,2.9,13.8,-12.9,1.102,8,7,0,0,7
46.9,5,isocontour,11.283791670955125,38767.57,81.58,19.3,3.4,1.059,0.2,-1.0,1.0,13.8,-12.9,1.102,8,7,0,0,7
46.9,6,isocontour,11.283791670955125,39859.1,83.88,14.1,-13.6,1.055,1.9,-2.0,2.8,13.8,-12.9,1.102,8,4,0,0,4
46.9,7,isocontour,11.283791670955125,38998.28,82.07,-18.2,9.7,0.995,2.1,1.2,2.4,13.8,-12.9,1.102,8,3,0,0,3
46.9,8,isocontour,11.283791670955125,40253.87,84.71,13.9,-13.0,1.091,1.2,0.4,1.3,13.9,-13.0,1.102,8,4,0,0,4
46.9,9,isocontour,11.283791670955125,38695.4,81.43,20.8,2.2,0.984,1.7,0.8,1.9,13.8,-12.9,1.102,8,7,0,0,7
46.9,10,isocontour,11.283791670955125,38874.82,81.81,19.8,-6.3,0.987,1.3,-1.2,1.8,13.8,-12.9,1.102,8,8,0,0,8
46.9,11,isocontour,11.283791670955125,38952.04,81.97,-18.5,-6.5,1.055,1.1,0.2,1.1,13.8,-12.9,1.102,8,3,0,0,3
46.9,12,isocontour,11.283791670955125,39207.9,82.51,-14.5,-14.7,0.996,0.1,2.4,2.4,13.8,-12.9,1.102,8,3,0,0,3
46.9,13,isocontour,11.283791670955125,37730.82,79.4,20.6,-2.8,0.991,-0.6,0.8,1.0,13.8,-12.9,1.102,8,5,0,0,5
46.9,14,isocontour,11.283791670955125,37880.39,79.71,14.5,-14.5,1.004,-2.1,-1.5,2.6,13.8,-12.9,1.102,8,4,0,0,4
46.9,15,isocontour,11.283791670955125,37211.46,78.31,4.8,20.2,0.988,2.8,0.0,2.8,13.8,-12.9,1.102,8,2,0,0,2
46.9,16,isocontour,11.283791670955125,46986.89,98.88,-24.6,21.8,0.513,-0.7,-0.6,0.9,-24.6,21.8,0.514,16,0,0,0,0
46.9,17,isocontour,11.283791670955125,38105.5,80.19,17.8,10.6,0.991,-0.4,2.4,2.4,13.8,-12.9,1.102,8,6,0,0,6
46.9,18,isocontour,11.283791670955125,42570.97,89.59,-4.6,20.3,0.986,-1.1,1.9,2.2,13.8,-12.9,1.102,8,2,0,0,2
46.9,19,isocontour,11.283791670955125,38838.19,81.73,-20.8,0.6,0.986,-1.0,0.6,1.2,13.8,-12.9,1.102,8,4,0,0,4
46.9,20,isocontour,11.283791670955125,39072.92,82.22,7.8,-19.3,0.985,-0.3,-0.2,0.4,13.8,-12.9,1.102,8,4,0,0,4
46.9,21,isocontour,11.283791670955125,38196.31,80.38,-6.6,-19.6,0.993,-2.5,2.4,3.5,13.8,-12.9,1.102,8,2,0,0,2
46.9,22,isocontour,11.283791670955125,40483.43,85.19,-20.0,-6.2,0.982,1.2,-1.1,1.6,13.8,-12.9,1.102,8,3,0,0,3
46.9,23,isocontour,11.283791670955125,41957.21,88.29,-17.7,8.0,1.07,0.7,2.4,2.5,13.8,-12.9,1.102,8,3,0,0,3
46.9,24,isocontour,11.283791670955125,39418.85,82.95,0.2,-20.9,0.982,1.1,-1.8,2.1,13.8,-12.9,1.102,8,2,0,0,2
46.9,25,isocontour,11.283791670955125,37878.27,79.71,-13.3,15.7,0.999,-0.9,-1.7,1.9,13.8,-12.9,1.102,8,3,0,0,3
46.9,Target,,,,,0.0,0.0,4.023,0.0,0.0,,,,,,,,,
47.0,1,isocontour,11.283791670955125,37847.48,79.65,20.5,4.3,0.979,-0.6,-1.1,1.3,13.8,-12.9,1.102,8,7,0,0,7
47.0,2,isocontour,11.283791670955125,37302.73,78.5,12.4,16.5,0.994,0.9,-2.2,2.4,13.8,-12.9,1.102,8,3,0,0,3
47.0,3,isocontour,11.283791670955125,38679.8,81.4,17.4,11.5,0.984,0.6,-2.7,2.8,13.8,-12.9,1.102,8,6,0,0,6
47.0,4,isocontour,11.283791670955125,40671.3,85.59,19.5,2.7,1.053,1.2,-2.7,3.0,13.8,-12.9,1.102,8,7,0,0,7
47.0,5,isocontour,11.283791670955125,38766.05,81.58,19.3,3.3,1.059,0.0,-1.1,1.1,13.8,-12.9,1.102,8,7,0,0,7
47.0,6,isocontour,11.283791670955125,39838.6,83.84,14.4,-13.6,1.045,2.5,0.4,2.5,13.8,-12.9,1.102,8,4,0,0,4
47.0,7,isocontour,11.283791670955125,38992.36,82.05,-18.3,9.7,0.992,-1.5,-0.8,1.7,13.8,-12.9,1.102,8,3,0,0,3
47.0,8,isocontour,11.283791670955125,40231.38,84.66,14.0,-13.2,1.079,0.9,-2.4,2.6,14.0,-13.2,1.102,8,4,0,0,4
47.0,9,isocontour,11.283791670955125,38693.14,81.42,20.8,2.1,0.982,0.2,-1.2,1.2,13.8,-12.9,1.102,8,7,0,0,7
47.0,10,isocontour,11.283791670955125,38826.49,81.71,19.7,-6.5,0.992,-2.2,-2.5,3.3,13.8,-12.9,1.102,8,8,0,0,8
47.0,11,isocontour,11.283791670955125,38950.68,81.97,-18.5,-6.5,1.058,0.7,-0.7,1.0,13.8,-12.9,1.102,8,3,0,0,3
47.0,12,isocontour,11.283791670955125,39196.98,82.49,-14.5,-14.6,1.001,-0.9,1.8,2.0,13.8,-12.9,1.102,8,3,0,0,3
47.0,13,isocontour,11.283791670955125,37729.86,79.4,20.5,-2.7,0.993,-0.2,0.9,0.9,13.8,-12.9,1.102,8,5,0,0,5
47.0,14,isocontour,11.283791670955125,37878.78,79.71,14.5,-14.7,1.0,0.2,-1.1,1.1,13.8,-12.9,1.102,8,4,0,0,4
47.0,15,isocontour,11.283791670955125,37210.7,78.31,4.8,20.3,0.987,-0.8,0.2,0.8,13.8,-12.9,1.102,8,2,0,0,2
47.0,16,isocontour,11.283791670955125,46985.79,98.88,-24.6,21.8,0.514,-0.5,-0.8,0.9,-24.6,21.8,0.514,16,0,0,0,0
47.0,17,isocontour,11.283791670955125,38104.71,80.19,17.9,10.7,0.986,0.4,0.7,0.8,13.8,-12.9,1.102,8,6,0,0,6
47.0,18,isocontour,11.283791670955125,42543.8,89.53,-4.8,20.3,0.987,-2.6,-1.1,2.8,13.8,-12.9,1.102,8,2,0,0,2
47.0,19,isocontour,11.283791670955125,38821.33,81.69,-20.9,0.8,0.983,-0.4,2.3,2.3,13.8,-12.9,1.102,8,4,0,0,4
47.0,20,isocontour,11.283791670955125,39070.43,82.22,7.9,-19.3,0.986,1.1,0.6,1.3,13.8,-12.9,1.102,8,4,0,0,4
47.0,21,isocontour,11.283791670955125,38166.73,80.32,-6.4,-19.7,0.993,2.6,-1.2,2.9,13.8,-12.9,1.102,8,2,0,0,2
47.0,22,isocontour,11.283791670955125,40454.16,85.13,-19.7,-6.4,0.991,2.4,-1.5,2.8,13.8,-12.9,1.102,8,3,0,0,3
47.0,23,isocontour,11.283791670955125,41934.97,88.25,-17.6,8.2,1.069,1.0,2.4,2.6,13.8,-12.9,1.102,8,3,0,0,3
47.0,24,isocontour,11.283791670955125,39397.12,82.91,0.0,-21.0,0.977,-2.5,-0.8,2.6,13.8,-12.9,1.102,8,2,0,0,2
47.0,25,isocontour,11.283791670955125,37799.34,79.54,-13.2,16.0,0.993,1.9,3.5,4.0,13.8,-12.9,1.102,8,3,0,0,3
47.0,Target,,,,,0.0,0.0,4.023,0.0,0.0,,,,,,,,,
47.1,1,isocontour,11.283791670955125,37844.74,79.64,20.4,4.2,0.984,-0.7,-1.1,1.3,13.8,-12.9,1.102,8,7,0,0,7
47.1,2,isocontour,11.283791670955125,37301.21,78.5,12.4,16.4,0.999,-0.2,-1.0,1.0,13.8,-12.9,1.102,8,3,0,0,3
47.1,3,isocontour,11.283791670955125,38667.55,81.37,17.2,11.5,0.993,-2.1,-0.1,2.1,13.8,-12.9,1.102,8,6,0,0,6
47.1,4,isocontour,11.283791670955125,40640.79,85.52,19.5,2.5,1.052,0.3,-2.9,2.9,13.8,-12.9,1.102,8,7,0,0,7
47.1,5,isocontour,11.283791670955125,38764.53,81.58,19.3,3.2,1.06,0.1,-1.0,1.0,13.8,-12.9,1.102,8,7,0,0,7
47.1,6,isocontour,11.283791670955125,39838.02,83.83,14.4,-13.7,1.04,0.3,-0.7,0.8,13.8,-12.9,1.102,8,4,0,0,4
47.1,7,isocontour,11.283791670955125,38950.96,81.97,-18.6,9.6,0.979,-3.1,-0.5,3.1,13.8,-12.9,1.102,8,3,0,0,3
47.1,8,isocontour,11.283791670955125,40205.65,84.61,14.1,-13.4,1.064,1.0,-2.5,2.7,14.1,-13.4,1.102,8,4,0,0,4
47.1,9,isocontour,11.283791670955125,38664.18,81.36,20.7,1.9,0.991,-1.7,-2.2,2.8,13.8,-12.9,1.102,8,7,0,0,7
47.1,10,isocontour,11.283791670955125,38826.06,81.7,19.7,-6.5,0.992,0.4,0.5,0.6,13.8,-12.9,1.102,8,8,0,0,8
47.1,11,isocontour,11.283791670955125,38921.42,81.91,-18.3,-6.8,1.06,1.3,-2.5,2.8,13.8,-12.9,1.102,8,3,0,0,3
47.1,12,isocontour,11.283791670955125,39191.37,82.47,-14.6,-14.7,0.995,-0.3,-1.6,1.6,13.8,-12.9,1.102,8,3,0,0,3
47.1,13,isocontour,11.283791670955125,37729.27,79.4,20.5,-2.6,0.993,0.2,0.7,0.7,13.8,-12.9,1.102,8,5,0,0,5
47.1,14,isocontour,11.283791670955125,37863.76,79.68,14.4,-14.9,0.994,-0.7,-2.2,2.3,13.8,-12.9,1.102,8,4,0,0,4
47.1,15,isocontour,11.283791670955125,37207.42,78.3,4.9,20.2,0.991,0.9,-1.0,1.3,13.8,-12.9,1.102,8,2,0,0,2
47.1,16,isocontour,11.283791670955125,46984.69,98.87,-24.6,21.7,0.516,0.3,-0.9,0.9,-24.6,21.7,0.514,16,0,0,0,0
47.1,17,isocontour,11.283791670955125,38023.37,80.02,17.8,11.0,0.983,-1.6,3.7,4.0,13.8,-12.9,1.102,8,6,0,0,6
47.1,18,isocontour,11.283791670955125,42516.92,89.47,-5.0,20.0,0.998,-0.9,-2.6,2.8,13.8,-12.9,1.102,8,2,0,0,2
47.1,19,isocontour,11.283791670955125,38813.8,81.68,-20.7,0.8,0.991,1.8,-0.0,1.8,13.8,-12.9,1.102,8,4,0,0,4
47.1,20,isocontour,11.283791670955125,39067.56,82.21,8.0,-19.2,0.989,0.9,1.0,1.3,13.8,-12.9,1.102,8,4,0,0,4
47.1,21,isocontour,11.283791670955125,38165.45,80.31,-6.5,-19.7,0.991,-1.0,-0.1,1.0,13.8,-12.9,1.102,8,2,0,0,2
47.1,22,isocontour,11.283791670955125,40453.53,85.13,-19.7,-6.3,0.992,-0.4,0.7,0.8,13.8,-12.9,1.102,8,3,0,0,3
47.1,23,isocontour,11.283791670955125,41932.6,88.24,-17.5,8.3,1.072,1.0,0.6,1.2,13.8,-12.9,1.102,8,3,0,0,3
47.1,24,isocontour,11.283791670955125,39372.77,82.86,-0.2,-20.9,0.982,-2.3,1.4,2.7,13.8,-12.9,1.102,8,2,0,0,2
47.1,25,isocontour,11.283791670955125,37681.36,79.3,-12.9,16.3,0.987,2.8,3.6,4.6,13.8,-12.9,1.102,8,3,0,0,3
47.1,Target,,,,,0.0,0.0,4.023,0.0,0.0,,,,,,,,,
47.2,1,isocontour,11.283791670955125,37833.49,79.62,20.3,4.1,0.993,-1.5,-1.4,2.1,13.8,-12.9,1.102,8,7,0,0,7
47.2,2,isocontour,11.283791670955125,37280.22,78.45,12.6,16.6,0.988,1.7,1.9,2.5,13.8,-12.9,1.102,8,3,0,0,3
47.2,3,isocontour,11.283791670955125,38646.07,81.33,17.3,11.7,0.985,0.8,2.4,2.5,13.8,-12.9,1.102,8,6,0,0,6
47.2,4,isocontour,11.283791670955125,40634.32,85.51,19.4,2.5,1.06,-1.5,0.8,1.7,13.8,-12.9,1.102,8,7,0,0,7
47.2,5,isocontour,11.283791670955125,38732.08,81.51,19.3,2.9,1.06,0.4,-2.9,2.9,13.8,-12.9,1.102,8,7,0,0,7
47.2,6,isocontour,11.283791670955125,39823.2,83.8,14.6,-13.7,1.031,2.3,-0.2,2.3,13.8,-12.9,1.102,8,4,0,0,4
47.2,7,isocontour,11.283791670955125,38950.83,81.97,-18.6,9.7,0.977,0.2,0.4,0.4,13.8,-12.9,1.102,8,3,0,0,3
47.2,8,isocontour,11.283791670955125,40170.49,84.53,14.2,-13.2,1.068,1.0,2.8,3.0,14.2,-13.2,1.102,8,4,0,0,4
47.2,9,isocontour,11.283791670955125,38660.3,81.36,20.8,1.9,0.986,1.4,0.1,1.4,13.8,-12.9,1.102,8,7,0,0,7
47.2,10,isocontour,11.283791670955125,38800.89,81.65,19.7,-6.7,0.985,0.8,-2.6,2.7,13.8,-12.9,1.102,8,8,0,0,8
47.2,11,isocontour,11.283791670955125,38887.29,81.83,-18.2,-7.0,1.063,1.5,-2.6,3.0,13.8,-12.9,1.102,8,3,0,0,3
47.2,12,isocontour,11.283791670955125,39168.88,82.43,-14.7,-14.9,0.982,-1.3,-2.2,2.6,13.8,-12.9,1.102,8,3,0,0,3
47.2,13,isocontour,11.283791670955125,37699.38,79.33,20.7,-2.8,0.984,1.7,-2.3,2.9,13.8,-12.9,1.102,8,5,0,0,5
47.2,14,isocontour,11.283791670955125,37844.92,79.64,14.4,-15.1,0.983,0.5,-2.4,2.5,13.8,-12.9,1.102,8,4,0,0,4
47.2,15,isocontour,11.283791670955125,37186.44,78.25,5.0,20.3,0.982,2.0,1.5,2.5,13.8,-12.9,1.102,8,2,0,0,2
47.2,16,isocontour,11.283791670955125,46983.59,98.87,-24.6,21.7,0.516,0.7,0.7,1.0,-24.6,21.7,0.516,16,0,0,0,0
47.2,17,isocontour,11.283791670955125,38011.79,79.99,17.6,11.2,0.983,-1.1,1.7,2.0,13.8,-12.9,1.102,8,6,0,0,6
47.2,18,isocontour,11.283791670955125,42489.46,89.41,-5.2,20.0,0.998,-2.8,-0.2,2.8,13.8,-12.9,1.102,8,2,0,0,2
47.2,19,isocontour,11.283791670955125,38784.84,81.62,-20.7,1.1,0.991,-0.1,2.8,2.8,13.8,-12.9,1.102,8,4,0,0,4
47.2,20,isocontour,11.283791670955125,39064.89,82.21,8.1,-19.1,0.992,0.9,0.9,1.3,13.8,-12.9,1.102,8,4,0,0,4
47.2,21,isocontour,11.283791670955125,38162.24,80.31,-6.5,-19.8,0.986,0.4,-1.3,1.4,13.8,-12.9,1.102,8,2,0,0,2
47.2,22,isocontour,11.283791670955125,40412.9,85.04,-20.0,-6.4,0.977,-3.1,-0.8,3.2,13.8,-12.9,1.102,8,3,0,0,3
47.2,23,isocontour,11.283791670955125,41930.75,88.24,-17.5,8.2,1.074,-0.1,-1.1,1.1,13.8,-12.9,1.102,8,3,0,0,3
47.2,24,isocontour,11.283791670955125,39361.85,82.83,-0.3,-20.7,0.993,-0.6,2.0,2.1,13.8,-12.9,1.102,8,2,0,0,2
47.2,25,isocontour,11.283791670955125,37653.01,79.24,-12.6,16.5,0.99,2.6,1.0,2.8,13.8,-12.9,1.102,8,3,0,0,3
47.2,Target,,,,,0.0,0.0,4.023,0.0,0.0,,,,,,,,,
47.3,1,isocontour,11.283791670955125,37831.23,79.61,20.3,3.9,0.996,-0.1,-1.2,1.2,13.8,-12.9,1.102,8,7,0,0,7
47.3,2,isocontour,11.283791670955125,37273.87,78.44,12.6,16.7,0.98,0.1,1.7,1.7,13.8,-12.9,1.102,8,3,0,0,3
47.3,3,isocontour,11.283791670955125,38617.11,81.26,17.4,11.6,0.982,1.8,-2.2,2.8,13.8,-12.9,1.102,8,6,0,0,6
47.3,4,isocontour,11.283791670955125,40632.96,85.51,19.4,2.6,1.057,0.6,0.8,1.0,13.8,-12.9,1.102,8,7,0,0,7
47.3,5,isocontour,11.283791670955125,38715.85,81.47,19.4,3.1,1.054,0.9,2.1,2.3,13.8,-12.9,1.102,8,7,0,0,7
47.3,6,isocontour,11.283791670955125,39815.79,83.79,14.6,-13.8,1.028,-1.1,-1.4,1.8,13.8,-12.9,1.102,8,4,0,0,4
47.3,7,isocontour,11.283791670955125,38947.63,81.96,-18.5,9.6,0.983,1.3,-0.5,1.4,13.8,-12.9,1.102,8,3,0,0,3
47.3,8,isocontour,11.283791670955125,40169.61,84.53,14.2,-13.2,1.069,-0.6,-0.6,0.8,14.2,-13.2,1.102,8,4,0,0,4
47.3,9,isocontour,11.283791670955125,38660.23,81.36,20.8,1.9,0.984,0.1,0.3,0.3,13.8,-12.9,1.102,8,7,0,0,7
47.3,10,isocontour,11.283791670955125,38796.06,81.64,19.6,-6.7,0.991,-1.5,0.4,1.6,13.8,-12.9,1.102,8,8,0,0,8
47.3,11,isocontour,11.283791670955125,38885.85,81.83,-18.2,-7.0,1.062,-0.7,0.8,1.1,13.8,-12.9,1.102,8,3,0,0,3
47.3,12,isocontour,11.283791670955125,39136.76,82.36,-14.5,-15.0,0.987,2.8,-0.8,2.9,13.8,-12.9,1.102,8,3,0,0,3
47.3,13,isocontour,11.283791670955125,37698.14,79.33,20.8,-2.8,0.98,0.6,0.8,1.0,13.8,-12.9,1.102,8,5,0,0,5
47.3,14,isocontour,11.283791670955125,37839.61,79.63,14.4,-15.3,0.978,-0.4,-1.5,1.6,13.8,-12.9,1.102,8,4,0,0,4
47.3,15,isocontour,11.283791670955125,37068.47,78.01,4.7,20.3,0.985,-4.5,0.2,4.5,13.8,-12.9,1.102,8,2,0,0,2
47.3,16,isocontour,11.283791670955125,46982.49,98.87,-24.5,21.7,0.518,0.9,-0.1,0.9,-24.5,21.7,0.516,16,0,0,0,0
47.3,17,isocontour,11.283791670955125,37997.36,79.96,17.6,11.1,0.991,-0.7,-2.1,2.2,13.8,-12.9,1.102,8,6,0,0,6
47.3,18,isocontour,11.283791670955125,42463.44,89.36,-5.0,20.0,0.998,2.7,0.6,2.8,13.8,-12.9,1.102,8,2,0,0,2
47.3,19,isocontour,11.283791670955125,38782.52,81.61,-20.8,1.2,0.986,-1.1,0.6,1.3,13.8,-12.9,1.102,8,4,0,0,4
47.3,20,isocontour,11.283791670955125,39028.33,82.13,8.4,-19.0,0.989,3.0,0.7,3.1,13.8,-12.9,1.102,8,4,0,0,4
47.3,21,isocontour,11.283791670955125,38159.98,80.3,-6.3,-19.9,0.986,1.2,-0.2,1.2,13.8,-12.9,1.102,8,2,0,0,2
47.3,22,isocontour,11.283791670955125,40412.31,85.04,-20.1,-6.4,0.971,-0.7,0.2,0.7,13.8,-12.9,1.102,8,3,0,0,3
47.3,23,isocontour,11.283791670955125,41923.35,88.22,-17.4,8.3,1.073,0.5,1.7,1.8,13.8,-12.9,1.102,8,3,0,0,3
47.3,24,isocontour,11.283791670955125,39360.94,82.83,-0.4,-20.7,0.993,-0.8,-0.3,0.9,13.8,-12.9,1.102,8,2,0,0,2
47.3,25,isocontour,11.283791670955125,37626.71,79.18,-12.4,16.5,0.997,2.7,0.3,2.7,13.8,-12.9,1.102,8,3,0,0,3
47.3,Target,,,,,0.0,0.0,4.023,0.0,0.0,,,,,,,,,
47.4,1,isocontour,11.283791670955125,37746.19,79.43,20.4,4.2,0.985,1.8,3.7,4.1,13.8,-12.9,1.102,8,7,0,0,7
47.4,2,isocontour,11.283791670955125,37244.91,78.38,12.6,16.5,0.988,0.3,-2.8,2.8,13.8,-12.9,1.102,8,3,0,0,3
47.4,3,isocontour,11.283791670955125,38614.56,81.26,17.4,11.4,0.987,-0.4,-1.2,1.3,13.8,-12.9,1.102,8,6,0,0,6
47.4,4,isocontour,11.283791670955125,40630.35,85.5,19.5,2.5,1.056,0.3,-1.2,1.2,13.8,-12.9,1.102,8,7,0,0,7
47.4,5,isocontour,11.283791670955125,38619.72,81.27,19.5,3.4,1.044,1.2,4.0,4.2,13.8,-12.9,1.102,8,7,0,0,7
47.4,6,isocontour,11.283791670955125,39788.03,83.73,14.4,-13.6,1.041,-1.0,2.6,2.8,13.8,-12.9,1.102,8,4,0,0,4
47.4,7,isocontour,11.283791670955125,38935.38,81.93,-18.3,9.6,0.993,2.1,0.3,2.1,13.8,-12.9,1.102,8,3,0,0,3
47.4,8,isocontour,11.283791670955125,40161.96,84.52,14.3,-13.2,1.064,1.8,0.5,1.9,14.3,-13.2,1.102,8,4,0,0,4
47.4,9,isocontour,11.283791670955125,38655.21,81.35,20.7,1.9,0.991,-1.6,0.2,1.6,13.8,-12.9,1.102,8,7,0,0,7
47.4,10,isocontour,11.283791670955125,38760.21,81.57,19.5,-7.0,0.99,-0.7,-3.0,3.1,13.8,-12.9,1.102,8,8,0,0,8
47.4,11,isocontour,11.283791670955125,38866.55,81.79,-18.0,-7.0,1.074,2.5,0.2,2.5,13.8,-12.9,1.102,8,3,0,0,3
47.4,12,isocontour,11.283791670955125,39122.13,82.33,-14.4,-14.8,0.996,0.2,2.2,2.2,13.8,-12.9,1.102,8,3,0,0,3
47.4,13,isocontour,11.283791670955125,37697.14,79.33,20.8,-2.7,0.981,-0.3,0.9,0.9,13.8,-12.9,1.102,8,5,0,0,5
47.4,14,isocontour,11.283791670955125,37824.8,79.6,14.3,-15.1,0.987,-0.9,2.1,2.3,13.8,-12.9,1.102,8,4,0,0,4
47.4,15,isocontour,11.283791670955125,37043.85,77.95,4.4,20.4,0.986,-2.7,0.4,2.7,13.8,-12.9,1.102,8,2,0,0,2
47.4,16,isocontour,11.283791670955125,46981.39,98.87,-24.5,21.7,0.517,-0.9,-0.3,0.9,-24.5,21.7,0.518,16,0,0,0,0
47.4,17,isocontour,11.283791670955125,37995.42,79.96,17.6,10.9,0.993,0.5,-1.0,1.1,13.8,-12.9,1.102,8,6,0,0,6
47.4,18,isocontour,11.283791670955125,42434.18,89.3,-4.8,20.1,0.995,2.5,1.3,2.8,13.8,-12.9,1.102,8,2,0,0,2
47.4,19,isocontour,11.283791670955125,38782.18,81.61,-20.8,1.2,0.985,0.1,0.6,0.6,13.8,-12.9,1.102,8,4,0,0,4
47.4,20,isocontour,11.283791670955125,39008.55,82.09,8.2,-19.0,0.992,-2.5,-0.3,2.5,13.8,-12.9,1.102,8,4,0,0,4
47.4,21,isocontour,11.283791670955125,38146.12,80.27,-6.1,-19.8,0.992,2.1,0.7,2.2,13.8,-12.9,1.102,8,2,0,0,2
47.4,22,isocontour,11.283791670955125,40405.03,85.03,-20.0,-6.4,0.979,1.8,0.3,1.8,13.8,-12.9,1.102,8,3,0,0,3
47.4,23,isocontour,11.283791670955125,41903.33,88.18,-17.4,8.6,1.071,0.9,2.3,2.5,13.8,-12.9,1.102,8,3,0,0,3
47.4,24,isocontour,11.283791670955125,39359.42,82.83,-0.3,-20.7,0.991,1.0,-0.2,1.0,13.8,-12.9,1.102,8,2,0,0,2
47.4,25,isocontour,11.283791670955125,37624.21,79.18,-12.4,16.5,0.995,-1.2,-0.2,1.2,13.8,-12.9,1.102,8,3,0,0,3
47.4,Target,,,,,0.0,0.0,4.023,0.0,0.0,,,,,,,,,
47.5,1,isocontour,11.283791670955125,37723.17,79.38,20.4,4.5,0.985,-0.9,2.5,2.7,13.8,-12.9,1.102,8,7,0,0,7
47.5,2,isocontour,11.283791670955125,37207.99,78.3,12.8,16.3,0.993,2.0,-2.3,3.0,13.8,-12.9,1.102,8,3,0,0,3
47.5,3,isocontour,11.283791670955125,38609.73,81.25,17.3,11.3,0.995,-1.0,-1.2,1.6,13.8,-12.9,1.102,8,6,0,0,6
47.5,4,isocontour,11.283791670955125,40629.83,85.5,19.4,2.5,1.058,-0.4,0.6,0.7,13.8,-12.9,1.102,8,7,0,0,7
47.5,5,isocontour,11.283791670955125,38596.18,81.22,19.4,3.7,1.049,-1.8,1.9,2.6,13.8,-12.9,1.102,8,7,0,0,7
47.5,6,isocontour,11.283791670955125,39760.57,83.67,14.4,-13.8,1.035,-0.5,-2.7,2.7,13.8,-12.9,1.102,8,4,0,0,4
47.5,7,isocontour,11.283791670955125,38921.14,81.9,-18.5,9.5,0.989,-1.9,-1.2,2.2,13.8,-12.9,1.102,8,3,0,0,3
47.5,8,isocontour,11.283791670955125,40161.11,84.51,14.3,-13.2,1.067,-0.7,0.5,0.9,14.3,-13.2,1.102,8,4,0,0,4
47.5,9,isocontour,11.283791670955125,38653.77,81.34,20.7,1.8,0.992,0.3,-1.0,1.0,13.8,-12.9,1.102,8,7,0,0,7
47.5,10,isocontour,11.283791670955125,38757.53,81.56,19.6,-7.1,0.984,1.1,-0.6,1.3,13.8,-12.9,1.102,8,8,0,0,8
47.5,11,isocontour,11.283791670955125,38831.04,81.72,-17.9,-7.2,1.078,1.5,-2.6,3.0,13.8,-12.9,1.102,8,3,0,0,3
47.5,12,isocontour,11.283791670955125,39121.07,82.33,-14.5,-14.7,0.996,-0.9,0.4,1.0,13.8,-12.9,1.102,8,3,0,0,3
47.5,13,isocontour,11.283791670955125,37669.67,79.27,20.7,-2.4,0.986,-0.6,2.7,2.8,13.8,-12.9,1.102,8,5,0,0,5
47.5,14,isocontour,11.283791670955125,37805.72,79.56,14.1,-14.9,1.001,-1.9,1.5,2.4,13.8,-12.9,1.102,8,4,0,0,4
47.5,15,isocontour,11.283791670955125,37013.01,77.89,4.1,20.3,0.993,-2.8,-0.8,2.9,13.8,-12.9,1.102,8,2,0,0,2
47.5,16,isocontour,11.283791670955125,46980.29,98.86,-24.6,21.6,0.517,-0.6,-0.8,1.0,-24.6,21.6,0.518,16,0,0,0,0
47.5,17,isocontour,11.283791670955125,37973.44,79.91,17.7,11.1,0.981,1.9,1.8,2.6,13.8,-12.9,1.102,8,6,0,0,6
47.5,18,isocontour,11.283791670955125,42307.43,89.03,-4.4,20.3,0.988,4.0,2.3,4.6,13.8,-12.9,1.102,8,2,0,0,2
47.5,19,isocontour,11.283791670955125,38757.56,81.56,-20.7,1.4,0.989,0.8,2.5,2.6,13.8,-12.9,1.102,8,4,0,0,4
47.5,20,isocontour,11.283791670955125,38982.82,82.03,8.4,-19.0,0.987,2.7,-0.1,2.7,13.8,-12.9,1.102,8,4,0,0,4
47.5,21,isocontour,11.283791670955125,38132.07,80.24,-6.0,-19.9,0.991,1.9,-1.1,2.2,13.8,-12.9,1.102,8,2,0,0,2
47.5,22,isocontour,11.283791670955125,40391.72,85.0,-19.9,-6.5,0.98,0.7,-2.1,2.2,13.8,-12.9,1.102,8,3,0,0,3
47.5,23,isocontour,11.283791670955125,41902.49,88.18,-17.3,8.7,1.071,0.3,0.8,0.9,13.8,-12.9,1.102,8,3,0,0,3
47.5,24,isocontour,11.283791670955125,39343.4,82.79,-0.1,-20.9,0.984,1.7,-1.5,2.3,13.8,-12.9,1.102,8,2,0,0,2
47.5,25,isocontour,11.283791670955125,37610.72,79.15,-12.6,16.5,0.989,-2.2,-0.2,2.2,13.8,-12.9,1.102,8,3,0,0,3
47.5,Target,,,,,0.0,0.0,4.023,0.0,0.0,,,,,,,,,
47.6,1,isocontour,11.283791670955125,37703.63,79.34,20.2,4.7,0.99,-1.6,1.9,2.5,13.8,-12.9,1.102,8,6,0,0,6
47.6,2,isocontour,11.283791670955125,37206.74,78.3,12.9,16.3,0.99,1.0,0.1,1.0,13.8,-12.9,1.102,8,3,0,0,3
47.6,3,isocontour,11.283791670955125,38547.34,81.12,17.2,11.6,0.994,-1.8,3.2,3.7,13.8,-12.9,1.102,8,6,0,0,6
47.6,4,isocontour,11.283791670955125,40608.35,85.46,19.4,2.7,1.058,-0.3,2.5,2.5,13.8,-12.9,1.102,8,7,0,0,7
47.6,5,isocontour,11.283791670955125,38573.94,81.17,19.3,3.9,1.052,-0.9,2.4,2.6,13.8,-12.9,1.102,8,7,0,0,7
47.6,6,isocontour,11.283791670955125,39736.76,83.62,14.3,-14.1,1.031,-1.3,-2.3,2.6,13.8,-12.9,1.102,8,4,0,0,4
47.6,7,isocontour,11.283791670955125,38910.21,81.88,-18.3,9.6,0.995,1.9,0.7,2.0,13.8,-12.9,1.102,8,3,0,0,3
47.6,8,isocontour,11.283791670955125,40157.77,84.51,14.3,-13.3,1.062,0.5,-1.3,1.4,14.3,-13.3,1.102,8,4,0,0,4
47.6,9,isocontour,11.283791670955125,38538.89,81.1,20.8,1.5,0.985,1.7,-4.2,4.5,13.8,-12.9,1.102,8,7,0,0,7
47.6,10,isocontour,11.283791670955125,38752.52,81.55,19.6,-7.2,0.981,-0.1,-1.6,1.6,13.8,-12.9,1.102,8,7,0,0,7
47.6,11,isocontour,11.283791670955125,38816.8,81.69,-17.7,-7.3,1.085,1.8,-1.3,2.2,13.8,-12.9,1.102,8,3,0,0,3
47.6,12,isocontour,11.283791670955125,39120.25,82.32,-14.5,-14.8,0.994,0.2,-0.8,0.8,13.8,-12.9,1.102,8,3,0,0,3
47.6,13,isocontour,11.283791670955125,37651.06,79.23,20.6,-2.2,0.993,-1.1,2.2,2.5,13.8,-12.9,1.102,8,5,0,0,5
47.6,14,isocontour,11.283791670955125,37805.2,79.56,14.2,-15.0,0.999,0.6,-0.4,0.7,13.8,-12.9,1.102,8,4,0,0,4
47.6,15,isocontour,11.283791670955125,36990.52,77.84,3.9,20.3,0.993,-2.5,0.7,2.6,13.8,-12.9,1.102,8,2,0,0,2
47.6,16,isocontour,11.283791670955125,46979.19,98.86,-24.7,21.6,0.516,-0.9,-0.2,0.9,-24.7,21.6,0.518,16,0,0,0,0
47.6,17,isocontour,11.283791670955125,37973.1,79.91,17.8,11.1,0.978,0.6,-0.3,0.7,13.8,-12.9,1.102,8,6,0,0,6
47.6,18,isocontour,11.283791670955125,42302.96,89.02,-4.3,20.3,0.994,0.7,-1.3,1.5,13.8,-12.9,1.102,8,2,0,0,2
47.6,19,isocontour,11.283791670955125,38754.82,81.55,-20.6,1.5,0.994,1.1,0.7,1.3,13.8,-12.9,1.102,8,4,0,0,4
47.6,20,isocontour,11.283791670955125,38980.38,82.03,8.5,-19.0,0.987,1.1,0.5,1.2,13.8,-12.9,1.102,8,4,0,0,4
47.6,21,isocontour,11.283791670955125,38130.63,80.24,-5.9,-20.0,0.988,0.8,-0.7,1.1,13.8,-12.9,1.102,8,2,0,0,2
47.6,22,isocontour,11.283791670955125,40388.07,84.99,-19.8,-6.6,0.985,1.3,-0.5,1.4,13.8,-12.9,1.102,8,3,0,0,3
47.6,23,isocontour,11.283791670955125,41901.64,88.18,-17.3,8.7,1.069,-0.1,0.9,0.9,13.8,-12.9,1.102,8,3,0,0,3
47.6,24,isocontour,11.283791670955125,39333.4,82.77,-0.0,-20.8,0.991,1.0,1.7,2.0,13.8,-12.9,1.102,8,2,0,0,2
47.6,25,isocontour,11.283791670955125,37596.48,79.12,-12.7,16.3,0.997,-0.0,-2.2,2.2,13.8,-12.9,1.102,8,3,0,0,3
47.6,Target,,,,,0.0,0.0,4.023,0.0,0.0,,,,,,,,,
47.7,1,isocontour,11.283791670955125,37692.39,79.32,20.3,4.6,0.985,1.7,-1.2,2.1,13.8,-12.9,1.102,8,6,0,0,6
47.7,2,isocontour,11.283791670955125,37190.31,78.26,12.7,16.2,0.996,-2.3,-0.1,2.3,13.8,-12.9,1.102,8,3,0,0,3
47.7,3,isocontour,11.283791670955125,38528.49,81.08,17.1,11.8,0.988,-0.1,2.4,2.4,13.8,-12.9,1.102,8,6,0,0,6
47.7,4,isocontour,11.283791670955125,40586.62,85.41,19.4,3.0,1.058,-0.3,2.5,2.5,13.8,-12.9,1.102,8,7,0,0,7
47.7,5,isocontour,11.283791670955125,38573.35,81.17,19.3,4.0,1.052,-0.0,0.8,0.8,13.8,-12.9,1.102,8,7,0,0,7
47.7,6,isocontour,11.283791670955125,39729.23,83.61,14.3,-14.3,1.022,0.4,-1.8,1.8,13.8,-12.9,1.102,8,4,0,0,4
47.7,7,isocontour,11.283791670955125,38896.54,81.85,-18.4,9.7,0.986,-1.6,1.5,2.2,13.8,-12.9,1.102,8,3,0,0,3
47.7,8,isocontour,11.283791670955125,40143.14,84.48,14.4,-13.5,1.051,0.6,-2.2,2.3,14.4,-13.5,1.102,8,4,0,0,4
47.7,9,isocontour,11.283791670955125,38538.15,81.1,20.9,1.4,0.982,0.4,-0.7,0.8,13.8,-12.9,1.102,8,7,0,0,7
47.7,10,isocontour,11.283791670955125,38744.73,81.53,19.5,-7.3,0.986,-1.7,-0.7,1.8,13.8,-12.9,1.102,8,7,0,0,7
47.7,11,isocontour,11.283791670955125,38793.53,81.64,-17.7,-7.1,1.087,-0.9,2.5,2.7,13.8,-12.9,1.102,8,3,0,0,3
47.7,12,isocontour,11.283791670955125,39108.84,82.3,-14.5,-15.0,0.987,0.1,-2.1,2.1,13.8,-12.9,1.102,8,3,0,0,3
47.7,13,isocontour,11.283791670955125,37649.66,79.23,20.6,-2.3,0.994,-0.1,-1.0,1.0,13.8,-12.9,1.102,8,5,0,0,5
47.7,14,isocontour,11.283791670955125,37797.16,79.54,14.3,-15.1,0.99,1.3,-1.3,1.8,13.8,-12.9,1.102,8,4,0,0,4
47.7,15,isocontour,11.283791670955125,36960.32,77.78,4.1,20.4,0.99,2.9,0.2,2.9,13.8,-12.9,1.102,8,2,0,0,2
47.7,16,isocontour,11.283791670955125,46978.09,98.86,-24.7,21.7,0.515,0.5,0.8,0.9,-24.7,21.7,0.518,16,0,0,0,0
47.7,17,isocontour,11.283791670955125,37969.29,79.9,17.8,11.0,0.983,-0.6,-1.3,1.4,13.8,-12.9,1.102,8,6,0,0,6
47.7,18,isocontour,11.283791670955125,42292.36,89.0,-4.3,20.4,0.986,-0.8,1.9,2.1,13.8,-12.9,1.102,8,2,0,0,2
47.7,19,isocontour,11.283791670955125,38753.25,81.55,-20.6,1.5,0.994,-0.2,-1.0,1.0,13.8,-12.9,1.102,8,4,0,0,4
47.7,20,isocontour,11.283791670955125,38944.53,81.95,8.8,-18.9,0.989,2.6,1.6,3.1,13.8,-12.9,1.102,8,4,0,0,4
47.7,21,isocontour,11.283791670955125,38014.97,80.0,-6.2,-19.8,0.992,-4.0,2.1,4.5,13.8,-12.9,1.102,8,2,0,0,2
47.7,22,isocontour,11.283791670955125,40369.0,84.95,-19.5,-6.6,0.998,2.3,0.8,2.4,13.8,-12.9,1.102,8,3,0,0,3
47.7,23,isocontour,11.283791670955125,41895.51,88.16,-17.3,8.9,1.065,0.1,1.7,1.7,13.8,-12.9,1.102,8,3,0,0,3
47.7,24,isocontour,11.283791670955125,39332.59,82.77,-0.1,-20.7,0.992,-0.8,0.0,0.8,13.8,-12.9,1.102,8,2,0,0,2
47.7,25,isocontour,11.283791670955125,37574.75,79.07,-12.8,16.4,0.986,-1.6,2.0,2.6,13.8,-12.9,1.102,8,3,0,0,3
47.7,Target,,,,,0.0,0.0,4.023,0.0,0.0,,,,,,,,,
47.8,1,isocontour,11.283791670955125,37685.46,79.3,20.4,4.5,0.984,0.3,-1.7,1.7,13.8,-12.9,1.102,8,6,0,0,6
47.8,2,isocontour,11.283791670955125,37188.95,78.26,12.7,16.2,1.003,-0.7,-0.7,1.0,13.8,-12.9,1.102,8,3,0,0,3
47.8,3,isocontour,11.283791670955125,38438.99,80.89,17.0,12.2,0.984,-1.9,3.7,4.2,13.8,-12.9,1.102,8,6,0,0,6
47.8,4,isocontour,11.283791670955125,40584.0,85.4,19.4,2.9,1.059,-0.0,-1.3,1.3,13.8,-12.9,1.102,8,7,0,0,7
47.8,5,isocontour,11.283791670955125,38571.46,81.17,19.3,4.0,1.048,0.9,-0.7,1.1,13.8,-12.9,1.102,8,6,0,0,6
47.8,6,isocontour,11.283791670955125,39718.62,83.58,14.1,-14.4,1.025,-1.9,-0.8,2.1,13.8,-12.9,1.102,8,4,0,0,4
47.8,7,isocontour,11.283791670955125,38894.49,81.85,-18.6,9.7,0.979,-1.2,-0.0,1.2,13.8,-12.9,1.102,8,3,0,0,3
47.8,8,isocontour,11.283791670955125,40126.92,84.44,14.2,-13.6,1.051,-1.9,-1.4,2.4,14.2,-13.6,1.102,8,4,0,0,4
47.8,9,isocontour,11.283791670955125,38515.66,81.05,20.7,1.5,0.989,-1.8,1.9,2.6,13.8,-12.9,1.102,8,7,0,0,7
47.8,10,isocontour,11.283791670955125,38742.99,81.53,19.4,-7.4,0.991,-1.0,-0.4,1.1,13.8,-12.9,1.102,8,6,0,0,6
47.8,11,isocontour,11.283791670955125,38777.71,81.6,-17.8,-6.9,1.087,-0.9,2.1,2.3,13.8,-12.9,1.102,8,3,0,0,3
47.8,12,isocontour,11.283791670955125,39104.46,82.29,-14.4,-14.9,0.991,0.3,1.5,1.5,13.8,-12.9,1.102,8,3,0,0,3
47.8,13,isocontour,11.283791670955125,37648.0,79.23,20.6,-2.4,0.992,0.4,-1.0,1.1,13.8,-12.9,1.102,8,5,0,0,5
47.8,14,isocontour,11.283791670955125,37793.03,79.53,14.4,-15.1,0.984,1.5,0.1,1.5,13.8,-12.9,1.102,8,4,0,0,4
47.8,15,isocontour,11.283791670955125,36921.95,77.7,4.4,20.3,0.988,3.1,-0.4,3.1,13.8,-12.9,1.102,8,2,0,0,2
47.8,16,isocontour,11.283791670955125,46976.99,98.86,-24.6,21.6,0.517,0.6,-0.7,0.9,-24.6,21.6,0.518,16,0,0,0,0
47.8,17,isocontour,11.283791670955125,37951.13,79.86,17.6,11.0,0.993,-2.4,0.2,2.4,13.8,-12.9,1.102,8,6,0,0,6
47.8,18,isocontour,11.283791670955125,42276.94,88.97,-4.4,20.3,0.991,-1.4,-1.8,2.3,13.8,-12.9,1.102,8,2,0,0,2
47.8,19,isocontour,11.283791670955125,38739.01,81.52,-20.8,1.5,0.984,-2.0,1.0,2.2,13.8,-12.9,1.102,8,4,0,0,4
47.8,20,isocontour,11.283791670955125,38918.51,81.9,8.7,-18.6,1.002,-1.4,2.4,2.8,13.8,-12.9,1.102,8,4,0,0,4
47.8,21,isocontour,11.283791670955125,37993.24,79.95,-6.5,-19.7,0.992,-2.5,0.6,2.6,13.8,-12.9,1.102,8,2,0,0,2
47.8,22,isocontour,11.283791670955125,40365.43,84.94,-19.4,-6.6,1.002,0.9,-1.1,1.4,13.8,-12.9,1.102,8,3,0,0,3
47.8,23,isocontour,11.283791670955125,41892.77,88.16,-17.4,8.8,1.063,-0.8,-1.0,1.3,13.8,-12.9,1.102,8,3,0,0,3
47.8,24,isocontour,11.283791670955125,39300.46,82.7,0.2,-20.8,0.99,2.9,-0.5,2.9,13.8,-12.9,1.102,8,2,0,0,2
47.8,25,isocontour,11.283791670955125,37566.97,79.06,-12.7,16.4,0.992,1.4,-1.2,1.8,13.8,-12.9,1.102,8,3,0,0,3
47.8,Target,,,,,0.0,0.0,4.023,0.0,0.0,,,,,,,,,
47.9,1,isocontour,11.283791670955125,37674.69,79.28,20.2,4.4,0.994,-2.0,-0.3,2.0,13.8,-12.9,1.102,8,6,0,0,6
47.9,2,isocontour,11.283791670955125,37134.36,78.14,12.5,16.4,0.997,-1.8,3.0,3.5,13.8,-12.9,1.102,8,3,0,0,3
47.9,3,isocontour,11.283791670955125,38431.83,80.88,16.8,12.2,0.991,-1.8,-0.1,1.8,13.8,-12.9,1.102,8,5,0,0,5
47.9,4,isocontour,11.283791670955125,40580.12,85.4,19.3,2.8,1.065,-1.1,-0.9,1.4,13.8,-12.9,1.102,8,7,0,0,7
47.9,5,isocontour,11.283791670955125,38550.47,81.12,19.4,4.2,1.045,-0.1,2.5,2.5,13.8,-12.9,1.102,8,6,0,0,6
47.9,6,isocontour,11.283791670955125,39696.64,83.54,13.9,-14.4,1.032,-2.5,-0.5,2.5,13.8,-12.9,1.102,8,4,0,0,4
47.9,7,isocontour,11.283791670955125,38878.88,81.82,-18.4,9.9,0.982,1.7,1.6,2.3,13.8,-12.9,1.102,8,3,0,0,3
47.9,8,isocontour,11.283791670955125,40126.04,84.44,14.1,-13.7,1.053,-0.7,-0.5,0.9,14.1,-13.7,1.102,8,4,0,0,4
47.9,9,isocontour,11.283791670955125,38501.98,81.02,20.5,1.6,1.0,-2.1,0.7,2.2,13.8,-12.9,1.102,8,6,0,0,6
47.9,10,isocontour,11.283791670955125,38741.59,81.53,19.3,-7.5,0.991,-0.3,-1.0,1.0,13.8,-12.9,1.102,8,6,0,0,6
47.9,11,isocontour,11.283791670955125,38770.55,81.59,-17.9,-7.0,1.079,-1.0,-1.5,1.8,13.8,-12.9,1.102,8,3,0,0,3
47.9,12,isocontour,11.283791670955125,39080.92,82.24,-14.6,-15.0,0.98,-1.8,-1.9,2.6,13.8,-12.9,1.102,8,3,0,0,3
47.9,13,isocontour,11.283791670955125,37646.34,79.22,20.7,-2.3,0.989,0.6,0.9,1.1,13.8,-12.9,1.102,8,5,0,0,5
47.9,14,isocontour,11.283791670955125,37771.05,79.48,14.2,-15.1,0.992,-2.6,0.2,2.6,13.8,-12.9,1.102,8,4,0,0,4
47.9,15,isocontour,11.283791670955125,36892.37,77.64,4.6,20.2,0.99,2.6,-1.2,2.9,13.8,-12.9,1.102,8,2,0,0,2
47.9,16,isocontour,11.283791670955125,46975.89,98.85,-24.5,21.5,0.52,0.5,-0.8,0.9,-24.5,21.5,0.518,16,0,0,0,0
47.9,17,isocontour,11.283791670955125,37948.98,79.86,17.6,10.9,0.995,0.6,-1.0,1.2,13.8,-12.9,1.102,8,6,0,0,6
47.9,18,isocontour,11.283791670955125,42271.74,88.96,-4.4,20.3,0.988,1.0,1.2,1.6,13.8,-12.9,1.102,8,2,0,0,2
47.9,19,isocontour,11.283791670955125,38638.05,81.31,-20.8,1.2,0.985,0.3,-4.3,4.3,13.8,-12.9,1.102,8,4,0,0,4
47.9,20,isocontour,11.283791670955125,38917.48,81.9,8.7,-18.6,1.0,0.7,-0.6,0.9,13.8,-12.9,1.102,8,4,0,0,4
47.9,21,isocontour,11.283791670955125,37987.94,79.94,-6.5,-19.8,0.985,0.3,-1.6,1.6,13.8,-12.9,1.102,8,2,0,0,2
47.9,22,isocontour,11.283791670955125,40328.86,84.87,-19.6,-6.5,0.995,-2.4,1.8,3.0,13.8,-12.9,1.102,8,3,0,0,3
47.9,23,isocontour,11.283791670955125,41869.75,88.11,-17.3,9.0,1.062,1.1,2.4,2.6,13.8,-12.9,1.102,8,3,0,0,3
47.9,24,isocontour,11.283791670955125,39154.9,82.4,0.6,-20.7,0.991,4.8,0.5,4.8,13.8,-12.9,1.102,8,2,0,0,2
47.9,25,isocontour,11.283791670955125,37565.4,79.05,-12.8,16.3,0.992,-1.0,-0.3,1.0,13.8,-12.9,1.102,8,3,0,0,3
47.9,Target,,,,,0.0,0.0,4.023,0.0,0.0,,,,,,,,,
48.0,1,isocontour,11.283791670955125,37672.75,79.28,20.2,4.3,0.994,0.4,-1.1,1.2,20.2,4.3,0.994,1,6,0,0,6
48.0,2,isocontour,11.283791670955125,37103.52,78.08,12.3,16.7,0.993,-1.8,2.3,2.9,12.3,16.7,0.997,2,3,0,0,3
48.0,3,isocontour,11.283791670955125,38429.34,80.87,16.8,12.3,0.987,0.4,1.2,1.3,16.8,12.3,0.991,3,6,0,0,6
48.0,4,isocontour,11.283791670955125,40569.97,85.37,19.4,2.7,1.058,1.8,-0.8,2.0,19.4,2.7,1.065,4,7,0,0,7
48.0,5,isocontour,11.283791670955125,38547.86,81.12,19.4,4.1,1.043,0.7,-1.1,1.3,19.4,4.1,1.045,5,6,0,0,6
48.0,6,isocontour,11.283791670955125,39684.73,83.51,13.7,-14.4,1.04,-2.1,-0.2,2.1,13.7,-14.4,1.032,6,4,0,0,4
48.0,7,isocontour,11.283791670955125,38872.74,81.8,-18.3,9.9,0.99,1.6,-0.4,1.6,-18.3,9.9,0.982,7,3,0,0,3
48.0,8,isocontour,11.283791670955125,40113.79,84.41,14.0,-13.7,1.058,-2.0,-0.5,2.1,14.0,-13.7,1.053,8,4,0,0,4
48.0,9,isocontour,11.283791670955125,38473.92,80.96,20.6,1.4,0.999,0.9,-2.7,2.8,20.6,1.4,1.0,9,7,0,0,7
48.0,10,isocontour,11.283791670955125,38665.01,81.37,19.7,-7.5,0.973,3.8,-0.8,3.9,19.7,-7.5,0.991,10,6,0,0,6
48.0,11,isocontour,11.283791670955125,38761.84,81.57,-18.0,-6.9,1.077,-0.7,1.7,1.8,-18.0,-6.9,1.079,11,3,0,0,3
48.0,12,isocontour,11.283791670955125,39065.51,82.21,-14.6,-14.9,0.987,0.4,2.3,2.3,-14.6,-14.9,0.98,12,3,0,0,3
48.0,13,isocontour,11.283791670955125,37645.17,79.22,20.7,-2.2,0.988,0.2,0.9,0.9,20.7,-2.2,0.989,13,5,0,0,5
48.0,14,isocontour,11.283791670955125,37762.35,79.47,14.1,-15.2,0.991,-0.8,-1.7,1.9,14.1,-15.2,0.992,14,4,0,0,4
48.0,15,isocontour,11.283791670955125,36891.71,77.63,4.6,20.3,0.989,-0.6,0.5,0.8,4.6,20.3,0.99,15,2,0,0,2
48.0,16,isocontour,11.283791670955125,46974.79,98.85,-24.5,21.4,0.522,0.1,-0.9,0.9,-24.5,21.4,0.52,16,0,0,0,0
48.0,17,isocontour,11.283791670955125,37898.47,79.75,17.7,11.1,0.983,1.0,3.3,3.4,17.7,11.1,0.995,17,6,0,0,6
48.0,18,isocontour,11.283791670955125,42246.84,88.9,-4.5,20.2,0.996,-1.4,-2.3,2.7,-4.5,20.2,0.988,18,2,0,0,2
48.0,19,isocontour,11.283791670955125,38605.93,81.24,-20.8,0.9,0.988,0.3,-2.9,2.9,-20.8,0.9,0.985,19,4,0,0,4
48.0,20,isocontour,11.283791670955125,38895.75,81.85,8.7,-18.9,0.989,-0.2,-2.6,2.6,8.7,-18.9,1.0,20,4,0,0,4
48.0,21,isocontour,11.283791670955125,37985.99,79.94,-6.4,-19.8,0.989,0.7,0.9,1.1,-6.4,-19.8,0.985,21,2,0,0,2
48.0,22,isocontour,11.283791670955125,40312.64,84.83,-19.8,-6.6,0.983,-1.9,-1.4,2.4,-19.8,-6.6,0.995,22,3,0,0,3
48.0,23,isocontour,11.283791670955125,41863.62,88.1,-17.3,9.2,1.059,0.3,1.7,1.7,-17.3,9.2,1.062,23,3,0,0,3
48.0,24,isocontour,11.283791670955125,39133.92,82.35,0.5,-20.8,0.99,-2.5,-0.4,2.5,0.5,-20.8,0.991,24,2,0,0,2
48.0,25,isocontour,11.283791670955125,37564.16,79.05,-12.7,16.3,0.994,1.0,0.1,1.0,-12.7,16.3,0.992,25,3,0,0,3
48.0,Target,,,,,0.0,0.0,4.023,0.0,0.0,,,,,,,,,
48.1,1,isocontour,11.283791670955125,37583.9,79.09,20.3,4.6,0.987,0.6,4.1,4.1,19.4,2.7,1.065,4,6,0,0,6
48.1,2,isocontour,11.283791670955125,37097.17,78.07,12.1,16.7,0.995,-1.6,0.5,1.7,12.1,16.7,0.997,2,3,0,0,3
48.1,3,isocontour,11.283791670955125,38305.03,80.61,16.9,12.0,0.992,1.6,-4.3,4.6,19.4,2.7,1.065,4,5,0,0,5
48.1,4,isocontour,11.283791670955125,40557.38,85.35,19.5,2.6,1.051,1.2,-1.8,2.2,19.5,2.6,1.065,4,7,0,0,7
48.1,5,isocontour,11.283791670955125,38513.39,81.05,19.5,3.9,1.041,0.8,-2.9,3.0,19.4,2.7,1.065,4,6,0,0,6
48.1,6,isocontour,11.283791670955125,39675.75,83.49,13.6,-14.6,1.035,-0.4,-1.9,1.9,14.0,-13.7,1.058,8,4,0,0,4
48.1,7,isocontour,11.283791670955125,38845.28,81.75,-18.4,9.7,0.989,-1.7,-2.2,2.8,-17.3,9.2,1.062,23,3,0,0,3
48.1,8,isocontour,11.283791670955125,40112.79,84.41,13.9,-13.8,1.059,-0.6,-0.7,0.9,13.9,-13.8,1.058,8,4,0,0,4
48.1,9,isocontour,11.283791670955125,38456.85,80.93,20.6,1.2,0.995,0.9,-2.2,2.4,19.4,2.7,1.065,4,6,0,0,6
48.1,10,isocontour,11.283791670955125,38638.42,81.31,19.9,-7.4,0.967,1.6,2.3,2.8,19.4,2.7,1.065,4,6,0,0,6
48.1,11,isocontour,11.283791670955125,38749.25,81.54,-18.1,-6.7,1.075,-1.1,1.8,2.1,-18.1,-6.7,1.079,11,3,0,0,3
48.1,12,isocontour,11.283791670955125,39043.52,82.16,-14.4,-14.9,0.992,2.3,-1.2,2.6,-18.0,-6.9,1.079,11,3,0,0,3
48.1,13,isocontour,11.283791670955125,37607.17,79.14,20.7,-1.9,0.99,-0.1,3.1,3.1,19.4,2.7,1.065,4,5,0,0,5
48.1,14,isocontour,11.283791670955125,37761.38,79.46,14.1,-15.3,0.986,0.1,-0.9,0.9,14.0,-13.7,1.058,8,4,0,0,4
48.1,15,isocontour,11.283791670955125,36865.69,77.58,4.4,20.2,0.996,-2.6,-0.9,2.8,12.3,16.7,0.997,2,2,0,0,2
48.1,16,isocontour,11.283791670955125,46973.69,98.85,-24.5,21.5,0.523,0.8,0.5,0.9,-24.5,21.5,0.522,16,0,0,0,0
48.1,17,isocontour,11.283791670955125,37873.57,79.7,17.8,11.0,0.979,1.7,-2.1,2.7,19.4,2.7,1.065,4,6,0,0,6
48.1,18,isocontour,11.283791670955125,42244.16,88.9,-4.4,20.2,0.993,0.8,1.0,1.3,-4.4,20.2,0.996,18,2,0,0,2
48.1,19,isocontour,11.283791670955125,38585.43,81.2,-20.7,1.0,0.991,0.6,2.4,2.5,-18.0,-6.9,1.079,11,4,0,0,4
48.1,20,isocontour,11.283791670955125,38893.08,81.85,8.7,-18.8,0.993,-0.3,1.2,1.2,14.0,-13.7,1.058,8,4,0,0,4
48.1,21,isocontour,11.283791670955125,37983.06,79.93,-6.3,-19.8,0.989,1.2,-0.5,1.3,0.5,-20.8,0.991,24,2,0,0,2
48.1,22,isocontour,11.283791670955125,40312.42,84.83,-19.8,-6.6,0.984,0.5,0.1,0.5,-18.0,-6.9,1.079,11,3,0,0,3
48.1,23,isocontour,11.283791670955125,41855.58,88.08,-17.1,9.3,1.063,1.6,0.9,1.8,-17.1,9.3,1.062,23,3,0,0,3
48.1,24,isocontour,11.283791670955125,39122.51,82.33,0.4,-20.9,0.98,-0.7,-1.9,2.0,8.7,-18.9,1.0,20,2,0,0,2
48.1,25,isocontour,11.283791670955125,37558.13,79.04,-12.8,16.2,0.997,-1.0,-1.4,1.7,-17.3,9.2,1.062,23,3,0,0,3
48.1,Target,,,,,0.0,0.0,4.023,0.0,0.0,,,,,,,,,
48.2,1,isocontour,11.283791670955125,37582.41,79.09,20.2,4.7,0.991,-0.8,-0.6,1.0,19.4,2.7,1.065,4,6,0,0,6
48.2,2,isocontour,11.283791670955125,37068.21,78.01,12.1,17.0,0.984,0.1,2.8,2.8,19.4,2.7,1.065,4,3,0,0,3
48.2,3,isocontour,11.283791670955125,38294.26,80.59,17.1,11.8,0.988,1.9,-0.8,2.1,19.4,2.7,1.065,4,5,0,0,5
48.2,4,isocontour,11.283791670955125,40556.53,85.35,19.6,2.6,1.049,0.1,0.9,0.9,19.6,2.6,1.065,4,7,0,0,7
48.2,5,isocontour,11.283791670955125,38508.28,81.04,19.5,3.7,1.043,0.0,-1.6,1.6,19.4,2.7,1.065,4,7,0,0,7
48.2,6,isocontour,11.283791670955125,39669.94,83.48,13.6,-14.8,1.031,-0.5,-1.6,1.7,19.4,2.7,1.065,4,4,0,0,4
48.2,7,isocontour,11.283791670955125,38828.21,81.71,-18.5,9.8,0.981,-0.5,2.3,2.4,-18.0,-6.9,1.079,11,3,0,0,3
48.2,8,isocontour,11.283791670955125,40111.39,84.41,13.8,-13.9,1.057,-0.3,-1.0,1.0,19.4,2.7,1.065,4,4,0,0,4
48.2,9,isocontour,11.283791670955125,38438.91,80.89,20.8,0.9,0.989,1.1,-2.1,2.4,19.4,2.7,1.065,4,6,0,0,6
48.2,10,isocontour,11.283791670955125,38605.64,81.24,19.8,-7.1,0.975,-1.0,2.8,3.0,19.4,2.7,1.065,4,7,0,0,7
48.2,11,isocontour,11.283791670955125,38725.44,81.49,-18.1,-6.9,1.073,0.5,-2.6,2.6,-18.1,-6.9,1.079,11,3,0,0,3
48.2,12,isocontour,11.283791670955125,39043.02,82.16,-14.3,-15.0,0.993,0.7,-0.3,0.8,-18.0,-6.9,1.079,11,3,0,0,3
48.2,13,isocontour,11.283791670955125,37604.79,79.13,20.7,-1.8,0.991,-0.1,1.2,1.2,19.4,2.7,1.065,4,5,0,0,5
48.2,14,isocontour,11.283791670955125,37730.55,79.4,14.1,-15.6,0.975,0.1,-2.9,2.9,19.4,2.7,1.065,4,4,0,0,4
48.2,15,isocontour,11.283791670955125,36834.54,77.51,4.5,20.4,0.984,1.3,2.6,2.9,12.3,16.7,0.997,2,2,0,0,2
48.2,16,isocontour,11.283791670955125,46972.59,98.85,-24.4,21.4,0.525,0.5,-0.8,0.9,-24.4,21.4,0.523,16,0,0,0,0
48.2,17,isocontour,11.283791670955125,37838.07,79.63,17.8,10.7,0.99,-1.0,-2.8,3.0,19.4,2.7,1.065,4,6,0,0,6
48.2,18,isocontour,11.283791670955125,42238.76,88.89,-4.4,20.4,0.986,0.5,1.5,1.6,-17.3,9.2,1.062,23,2,0,0,2
48.2,19,isocontour,11.283791670955125,38583.06,81.19,-20.7,1.0,0.992,0.1,-1.2,1.2,-18.0,-6.9,1.079,11,4,0,0,4
48.2,20,isocontour,11.283791670955125,38891.08,81.84,8.8,-18.8,0.992,1.1,0.1,1.1,13.9,-13.8,1.059,8,4,0,0,4
48.2,21,isocontour,11.283791670955125,37976.82,79.92,-6.3,-19.7,0.994,-0.9,1.4,1.7,-18.0,-6.9,1.079,11,2,0,0,2
48.2,22,isocontour,11.283791670955125,40300.68,84.81,-19.6,-6.6,0.994,2.1,0.3,2.1,-18.0,-6.9,1.079,11,3,0,0,3
48.2,23,isocontour,11.283791670955125,41854.06,88.08,-17.0,9.4,1.067,0.9,0.5,1.0,-18.0,-6.9,1.079,11,3,0,0,3
48.2,24,isocontour,11.283791670955125,39118.46,82.32,0.4,-20.9,0.984,0.9,1.2,1.5,14.0,-13.7,1.058,8,2,0,0,2
48.2,25,isocontour,11.283791670955125,37552.52,79.02,-12.9,16.2,0.993,-1.6,0.0,1.6,-17.1,9.3,1.063,23,3,0,0,3
48.2,Target,,,,,0.0,0.0,4.023,0.0,0.0,,,,,,,,,
48.3,1,isocontour,11.283791670955125,37581.65,79.09,20.2,4.7,0.99,0.2,0.8,0.8,19.4,2.7,1.065,4,6,0,0,6
48.3,2,isocontour,11.283791670955125,36940.65,77.74,12.5,16.8,0.981,3.9,-2.5,4.6,19.4,2.7,1.065,4,3,0,0,3
48.3,3,isocontour,11.283791670955125,38173.15,80.33,17.4,11.5,0.984,3.0,-3.4,4.5,19.4,2.7,1.065,4,5,0,0,5
48.3,4,isocontour,11.283791670955125,40530.52,85.29,19.5,2.9,1.049,-0.3,2.7,2.7,19.5,2.9,1.065,4,7,0,0,7
48.3,5,isocontour,11.283791670955125,38507.86,81.04,19.5,3.7,1.043,-0.2,0.6,0.6,19.4,2.7,1.065,4,7,0,0,7
48.3,6,isocontour,11.283791670955125,39650.63,83.44,13.4,-14.9,1.03,-1.8,-1.7,2.5,19.4,2.7,1.065,4,4,0,0,4
48.3,7,isocontour,11.283791670955125,38808.2,81.67,-18.3,9.7,0.991,1.7,-1.8,2.5,-18.0,-6.9,1.079,11,3,0,0,3
48.3,8,isocontour,11.283791670955125,40099.65,84.38,13.7,-14.0,1.061,-2.0,-0.6,2.1,19.4,2.7,1.065,4,4,0,0,4
48.3,9,isocontour,11.283791670955125,38431.5,80.87,20.9,1.0,0.983,1.1,1.5,1.9,19.4,2.7,1.065,4,6,0,0,6
48.3,10,isocontour,11.283791670955125,38573.19,81.17,19.7,-6.8,0.984,-0.5,2.9,2.9,19.4,2.7,1.065,4,7,0,0,7
48.3,11,isocontour,11.283791670955125,38697.38,81.43,-18.1,-7.2,1.062,-1.0,-2.6,2.8,-18.1,-7.2,1.079,11,3,0,0,3
48.3,12,isocontour,11.283791670955125,39032.72,82.14,-14.4,-15.0,0.985,-1.9,-0.6,2.0,-18.0,-6.9,1.079,11,3,0,0,3
48.3,13,isocontour,11.283791670955125,37604.31,79.13,20.7,-1.8,0.992,-0.2,-0.7,0.7,19.4,2.7,1.065,4,5,0,0,5
48.3,14,isocontour,11.283791670955125,37729.64,79.4,14.1,-15.7,0.974,-0.7,-0.5,0.9,19.4,2.7,1.065,4,4,0,0,4
48.3,15,isocontour,11.283791670955125,36770.61,77.38,4.2,20.4,0.987,-3.7,-0.5,3.7,19.4,2.7,1.065,4,2,0,0,2
48.3,16,isocontour,11.283791670955125,46971.49,98.85,-24.5,21.4,0.523,-0.8,0.6,1.0,-24.5,21.4,0.525,16,0,0,0,0
48.3,17,isocontour,11.283791670955125,37818.76,79.58,17.7,10.5,0.998,-0.2,-2.5,2.5,19.4,2.7,1.065,4,6,0,0,6
48.3,18,isocontour,11.283791670955125,42202.55,88.81,-4.6,20.3,0.987,-2.9,-1.1,3.1,-17.1,9.3,1.063,23,2,0,0,2
48.3,19,isocontour,11.283791670955125,38561.33,81.15,-20.8,1.2,0.989,-0.6,2.5,2.6,-18.0,-6.9,1.079,11,4,0,0,4
48.3,20,isocontour,11.283791670955125,38873.8,81.81,8.6,-18.8,0.994,-2.3,-0.7,2.4,19.4,2.7,1.065,4,4,0,0,4
48.3,21,isocontour,11.283791670955125,37969.89,79.9,-6.3,-19.8,0.989,0.8,-1.5,1.7,-18.0,-6.9,1.079,11,2,0,0,2
48.3,22,isocontour,11.283791670955125,40292.25,84.79,-19.7,-6.6,0.987,-1.8,-0.6,1.9,-18.0,-6.9,1.079,11,3,0,0,3
48.3,23,isocontour,11.283791670955125,41844.51,88.06,-16.9,9.3,1.077,1.9,-0.5,2.0,-18.0,-6.9,1.079,11,3,0,0,3
48.3,24,isocontour,11.283791670955125,39108.16,82.3,0.5,-20.7,0.994,0.4,2.0,2.0,-18.0,-6.9,1.079,11,2,0,0,2
48.3,25,isocontour,11.283791670955125,37531.05,78.98,-12.8,16.4,0.988,1.4,2.2,2.6,-18.0,-6.9,1.079,11,3,0,0,3
48.3,Target,,,,,0.0,0.0,4.023,0.0,0.0,,,,,,,,,
48.4,1,isocontour,11.283791670955125,37514.03,78.94,20.3,5.0,0.984,0.3,3.7,3.7,19.4,2.7,1.065,4,6,0,0,6
48.4,2,isocontour,11.283791670955125,36907.2,77.67,12.7,16.6,0.982,2.1,-2.1,3.0,19.4,2.7,1.065,4,3,0,0,3
48.4,3,isocontour,11.283791670955125,38145.69,80.27,17.5,11.2,0.991,0.1,-2.8,2.8,19.4,2.7,1.065,4,6,0,0,6
48.4,4,isocontour,11.283791670955125,40505.06,85.24,19.5,3.1,1.048,-0.3,2.7,2.7,19.5,3.1,1.065,4,7,0,0,7
48.4,5,isocontour,11.283791670955125,38507.17,81.03,19.4,3.8,1.045,-0.5,0.6,0.8,19.4,2.7,1.065,4,7,0,0,7
48.4,6,isocontour,11.283791670955125,39626.82,83.39,13.2,-15.0,1.036,-2.6,-0.6,2.7,19.4,2.7,1.065,4,4,0,0,4
48.4,7,isocontour,11.283791670955125,38807.51,81.67,-18.3,9.7,0.994,0.4,0.7,0.8,-18.0,-6.9,1.079,11,3,0,0,3
48.4,8,isocontour,11.283791670955125,40088.57,84.36,13.5,-14.0,1.068,-2.0,-0.4,2.0,19.4,2.7,1.065,4,4,0,0,4
48.4,9,isocontour,11.283791670955125,38428.37,80.87,20.8,1.1,0.986,-0.9,1.0,1.3,19.4,2.7,1.065,4,7,0,0,7
48.4,10,isocontour,11.283791670955125,38571.58,81.17,19.7,-6.7,0.988,-0.3,1.0,1.0,19.4,2.7,1.065,4,7,0,0,7
48.4,11,isocontour,11.283791670955125,38673.84,81.38,-18.2,-7.0,1.063,-0.5,2.6,2.6,-18.2,-7.0,1.079,11,3,0,0,3
48.4,12,isocontour,11.283791670955125,39007.27,82.09,-14.3,-14.9,0.997,2.0,1.8,2.7,-18.0,-6.9,1.079,11,3,0,0,3
48.4,13,isocontour,11.283791670955125,37583.33,79.09,20.7,-2.1,0.989,0.4,-2.5,2.5,19.4,2.7,1.065,4,5,0,0,5
48.4,14,isocontour,11.283791670955125,37724.34,79.39,14.0,-15.6,0.981,-1.1,1.1,1.6,19.4,2.7,1.065,4,4,0,0,4
48.4,15,isocontour,11.283791670955125,36742.56,77.32,3.9,20.4,0.992,-2.8,-0.4,2.8,19.4,2.7,1.065,4,2,0,0,2
48.4,16,isocontour,11.283791670955125,46970.39,98.84,-24.4,21.4,0.525,0.9,-0.3,0.9,-24.4,21.4,0.525,16,0,0,0,0
48.4,17,isocontour,11.283791670955125,37818.34,79.58,17.7,10.5,1.0,-0.4,0.6,0.7,19.4,2.7,1.065,4,6,0,0,6
48.4,18,isocontour,11.283791670955125,42181.57,88.77,-4.8,20.1,0.997,-1.1,-2.3,2.5,-18.0,-6.9,1.079,11,2,0,0,2
48.4,19,isocontour,11.283791670955125,38461.07,80.94,-20.8,1.6,0.987,-0.0,4.3,4.3,-18.0,-6.9,1.079,11,4,0,0,4
48.4,20,isocontour,11.283791670955125,38873.59,81.8,8.5,-18.9,0.993,-0.3,-0.4,0.5,-18.0,-6.9,1.079,11,4,0,0,4
48.4,21,isocontour,11.283791670955125,37968.89,79.9,-6.2,-19.8,0.99,0.9,0.0,0.9,-18.0,-6.9,1.079,11,2,0,0,2
48.4,22,isocontour,11.283791670955125,40266.8,84.74,-20.0,-6.5,0.975,-2.5,0.9,2.7,-18.0,-6.9,1.079,11,3,0,0,3
48.4,23,isocontour,11.283791670955125,41824.96,88.02,-16.9,9.1,1.078,-1.4,-2.0,2.4,-18.0,-6.9,1.079,11,3,0,0,3
48.4,24,isocontour,11.283791670955125,39073.7,82.23,0.2,-20.7,0.994,-3.0,-0.4,3.0,-18.0,-6.9,1.079,11,2,0,0,2
48.4,25,isocontour,11.283791670955125,37528.95,78.98,-12.9,16.4,0.982,-1.1,0.5,1.2,-18.0,-6.9,1.079,11,3,0,0,3
48.4,Target,,,,,0.0,0.0,4.023,0.0,0.0,,,,,,,,,
48.5,1,isocontour,11.283791670955125,37492.05,78.9,20.2,5.3,0.985,-1.0,2.4,2.6,19.4,2.7,1.065,4,6,0,0,6
48.5,2,isocontour,11.283791670955125,36897.05,77.65,12.9,16.5,0.981,1.8,-0.9,2.0,19.4,2.7,1.065,4,3,0,0,3
48.5,3,isocontour,11.283791670955125,38143.37,80.27,17.4,11.2,0.994,-1.0,0.7,1.2,19.4,2.7,1.065,4,6,0,0,6
48.5,4,isocontour,11.283791670955125,40504.25,85.24,19.5,3.2,1.049,-0.2,0.8,0.8,19.5,3.2,1.065,4,7,0,0,7
48.5,5,isocontour,11.283791670955125,38485.69,80.99,19.4,4.0,1.047,-0.8,2.4,2.5,19.4,2.7,1.065,4,7,0,0,7
48.5,6,isocontour,11.283791670955125,39591.67,83.32,13.0,-14.8,1.052,-2.0,2.3,3.0,-18.0,-6.9,1.079,11,4,0,0,4
48.5,7,isocontour,11.283791670955125,38799.08,81.65,-18.4,9.7,0.987,-1.8,-0.3,1.8,-18.0,-6.9,1.079,11,3,0,0,3
48.5,8,isocontour,11.283791670955125,40069.26,84.32,13.2,-14.1,1.073,-2.3,-0.9,2.5,-18.0,-6.9,1.079,11,4,0,0,4
48.5,9,isocontour,11.283791670955125,38425.99,80.86,20.8,1.3,0.988,-0.4,1.2,1.3,19.4,2.7,1.065,4,7,0,0,7
48.5,10,isocontour,11.283791670955125,38547.77,81.12,19.6,-6.4,0.996,-0.9,2.5,2.7,13.5,-14.0,1.068,8,7,0,0,7
48.5,11,isocontour,11.283791670955125,38644.57,81.32,-18.1,-7.2,1.063,0.9,-2.7,2.8,-18.1,-7.2,1.079,11,3,0,0,3
48.5,12,isocontour,11.283791670955125,39006.81,82.09,-14.2,-14.9,1.0,0.6,-0.3,0.7,-18.0,-6.9,1.079,11,3,0,0,3
48.5,13,isocontour,11.283791670955125,37580.95,79.08,20.7,-2.0,0.989,-0.1,1.2,1.2,19.4,2.7,1.065,4,5,0,0,5
48.5,14,isocontour,11.283791670955125,37697.17,79.33,13.8,-15.4,0.996,-1.5,2.3,2.7,-18.0,-6.9,1.079,11,4,0,0,4
48.5,15,isocontour,11.283791670955125,36741.16,77.32,3.9,20.4,0.99,0.9,0.5,1.0,-18.0,-6.9,1.079,11,2,0,0,2
48.5,16,isocontour,11.283791670955125,46969.29,98.84,-24.4,21.3,0.526,-0.3,-0.9,0.9,-24.4,21.3,0.525,16,0,0,0,0
48.5,17,isocontour,11.283791670955125,37818.14,79.58,17.7,10.5,1.0,-0.3,0.4,0.5,19.4,2.7,1.065,4,6,0,0,6
48.5,18,isocontour,11.283791670955125,42160.09,88.72,-5.0,20.1,0.992,-2.5,0.7,2.6,-18.0,-6.9,1.079,11,2,0,0,2
48.5,19,isocontour,11.283791670955125,38459.58,80.93,-20.7,1.7,0.99,0.7,0.7,1.0,-18.0,-6.9,1.079,11,4,0,0,4
48.5,20,isocontour,11.283791670955125,38872.62,81.8,8.5,-18.9,0.992,-0.7,-0.5,0.9,-18.0,-6.9,1.079,11,4,0,0,4
48.5,21,isocontour,11.283791670955125,37964.42,79.89,-6.2,-19.7,0.995,-0.7,1.4,1.6,-18.0,-6.9,1.079,11,2,0,0,2
48.5,22,isocontour,11.283791670955125,40239.92,84.68,-19.9,-6.7,0.976,1.3,-2.4,2.7,-18.0,-6.9,1.079,11,3,0,0,3
48.5,23,isocontour,11.283791670955125,41800.07,87.96,-17.2,9.0,1.071,-2.2,-1.5,2.7,-18.0,-6.9,1.079,11,3,0,0,3
48.5,24,isocontour,11.283791670955125,39009.77,82.09,-0.1,-20.9,0.983,-2.9,-2.3,3.7,-18.0,-6.9,1.079,11,2,0,0,2
48.5,25,isocontour,11.283791670955125,37527.67,78.97,-12.8,16.4,0.986,0.9,-0.5,1.0,-18.0,-6.9,1.079,11,3,0,0,3
48.5,Target,,,,,0.0,0.0,4.023,0.0,0.0,,,,,,,,,
48.6,1,isocontour,11.283791670955125,37491.37,78.9,20.1,5.4,0.987,-0.6,0.5,0.8,19.4,2.7,1.065,4,6,0,0,6
48.6,2,isocontour,11.283791670955125,36866.22,77.58,13.1,16.3,0.983,1.8,-2.2,2.8,-18.0,-6.9,1.079,11,3,0,0,3
48.6,3,isocontour,11.283791670955125,38122.39,80.22,17.3,11.5,0.992,-0.9,2.4,2.6,19.4,2.7,1.065,4,6,0,0,6
48.6,4,isocontour,11.283791670955125,40503.34,85.23,19.4,3.3,1.051,-0.6,0.6,0.8,13.5,-14.0,1.068,8,7,0,0,7
48.6,5,isocontour,11.283791670955125,38464.22,80.94,19.3,4.2,1.048,-0.6,2.5,2.6,13.5,-14.0,1.068,8,7,0,0,7
48.6,6,isocontour,11.283791670955125,39562.4,83.25,13.1,-14.6,1.058,1.6,2.4,2.9,-18.0,-6.9,1.079,11,4,0,0,4
48.6,7,isocontour,11.283791670955125,38786.31,81.62,-18.6,9.6,0.982,-1.6,-1.5,2.2,-18.0,-6.9,1.079,11,3,0,0,3
48.6,8,isocontour,11.283791670955125,40066.39,84.31,13.2,-14.0,1.078,0.2,1.3,1.3,-18.0,-6.9,1.079,11,4,0,0,4
48.6,9,isocontour,11.283791670955125,38401.64,80.81,20.7,1.5,0.99,-0.5,2.6,2.6,13.5,-14.0,1.068,8,7,0,0,7
48.6,10,isocontour,11.283791670955125,38545.82,81.11,19.7,-6.4,0.994,1.0,0.6,1.2,-18.0,-6.9,1.079,11,7,0,0,7
48.6,11,isocontour,11.283791670955125,38618.56,81.27,-18.1,-7.4,1.06,0.6,-2.7,2.8,-18.1,-7.4,1.079,11,3,0,0,3
48.6,12,isocontour,11.283791670955125,39004.6,82.08,-14.3,-14.8,0.999,-0.9,0.7,1.1,-18.0,-6.9,1.079,11,3,0,0,3
48.6,13,isocontour,11.283791670955125,37578.8,79.08,20.6,-2.1,0.992,-0.8,-0.9,1.2,13.5,-14.0,1.068,8,5,0,0,5
48.6,14,isocontour,11.283791670955125,37679.22,79.29,13.7,-15.5,0.995,-1.3,-2.0,2.4,-18.0,-6.9,1.079,11,4,0,0,4
48.6,15,isocontour,11.283791670955125,36718.14,77.27,4.1,20.4,0.988,2.6,-0.2,2.6,-18.0,-6.9,1.079,11,2,0,0,2
48.6,16,isocontour,11.283791670955125,46968.19,98.84,-24.5,21.3,0.524,-0.9,0.0,0.9,-24.5,21.3,0.526,16,0,0,0,0
48.6,17,isocontour,11.283791670955125,37815.65,79.58,17.7,10.5,1.0,0.6,-1.1,1.3,19.4,2.7,1.065,4,6,0,0,6
48.6,18,isocontour,11.283791670955125,42158.95,88.72,-5.0,20.0,0.996,0.5,-0.8,0.9,-18.0,-6.9,1.079,11,2,0,0,2
48.6,19,isocontour,11.283791670955125,38450.46,80.91,-20.5,1.7,0.999,1.9,0.1,1.9,-18.0,-6.9,1.079,11,4,0,0,4
48.6,20,isocontour,11.283791670955125,38770.96,81.59,8.1,-19.1,0.992,-4.0,-1.6,4.3,-18.0,-6.9,1.079,11,4,0,0,4
48.6,21,isocontour,11.283791670955125,37963.9,79.89,-6.2,-19.7,0.997,0.7,-0.1,0.7,-18.0,-6.9,1.079,11,2,0,0,2
48.6,22,isocontour,11.283791670955125,40204.41,84.61,-19.7,-7.0,0.982,2.0,-2.3,3.0,-18.0,-6.9,1.079,11,3,0,0,3
48.6,23,isocontour,11.283791670955125,41797.97,87.96,-17.2,8.9,1.07,-0.5,-1.0,1.1,-18.0,-6.9,1.079,11,3,0,0,3
48.6,24,isocontour,11.283791670955125,39004.75,82.08,-0.1,-20.8,0.989,0.1,1.6,1.6,-18.0,-6.9,1.079,11,2,0,0,2
48.6,25,isocontour,11.283791670955125,37514.89,78.95,-12.6,16.4,0.993,2.2,-0.0,2.2,-18.0,-6.9,1.079,11,3,0,0,3
48.6,Target,,,,,0.0,0.0,4.023,0.0,0.0,,,,,,,,,
48.7,1,isocontour,11.283791670955125,37473.2,78.86,20.1,5.6,0.987,-0.6,2.3,2.4,13.5,-14.0,1.068,8,6,0,0,6
48.7,2,isocontour,11.283791670955125,36848.5,77.54,13.1,16.1,0.991,0.4,-2.4,2.4,-18.0,-6.9,1.079,11,3,0,0,3
48.7,3,isocontour,11.283791670955125,38092.5,80.16,17.1,11.7,0.991,-1.5,2.4,2.8,-18.0,-6.9,1.079,11,6,0,0,6
48.7,4,isocontour,11.283791670955125,40477.32,85.18,19.3,3.5,1.053,-0.7,2.6,2.7,-18.0,-6.9,1.079,11,7,0,0,7
48.7,5,isocontour,11.283791670955125,38438.76,80.89,19.2,4.5,1.048,-0.7,2.6,2.7,-18.0,-6.9,1.079,11,7,0,0,7
48.7,6,isocontour,11.283791670955125,39533.74,83.19,13.2,-14.4,1.061,1.8,2.2,2.8,-18.0,-6.9,1.079,11,4,0,0,4
48.7,7,isocontour,11.283791670955125,38751.15,81.55,-18.6,9.3,0.988,0.0,-3.0,3.0,-18.0,-6.9,1.079,11,3,0,0,3
48.7,8,isocontour,11.283791670955125,40065.66,84.31,13.3,-13.9,1.08,0.5,0.7,0.9,-18.0,-6.9,1.079,11,4,0,0,4
48.7,9,isocontour,11.283791670955125,38398.15,80.8,20.6,1.6,0.995,-1.1,0.9,1.4,-18.0,-6.9,1.079,11,7,0,0,7
48.7,10,isocontour,11.283791670955125,38538.66,81.1,19.8,-6.5,0.987,0.8,-1.6,1.8,-18.0,-6.9,1.079,11,7,0,0,7
48.7,11,isocontour,11.283791670955125,38617.49,81.27,-18.0,-7.4,1.064,0.7,0.6,0.9,-18.0,-7.4,1.079,11,3,0,0,3
48.7,12,isocontour,11.283791670955125,38997.56,82.07,-14.5,-14.8,0.993,-1.8,-0.1,1.8,-18.0,-6.9,1.079,11,3,0,0,3
48.7,13,isocontour,11.283791670955125,37548.91,79.02,20.6,-1.8,0.994,0.1,2.9,2.9,-18.0,-6.9,1.079,11,5,0,0,5
48.7,14,isocontour,11.283791670955125,37646.44,79.22,13.8,-15.7,0.98,1.6,-2.5,3.0,-18.0,-6.9,1.079,11,4,0,0,4
48.7,15,isocontour,11.283791670955125,36715.83,77.26,4.1,20.3,0.99,-1.2,-0.3,1.2,-18.0,-6.9,1.079,11,2,0,0,2
48.7,16,isocontour,11.283791670955125,46967.09,98.84,-24.6,21.4,0.522,-0.9,0.3,0.9,-24.6,21.4,0.526,16,0,0,0,0
48.7,17,isocontour,11.283791670955125,37814.08,79.58,17.8,10.4,1.001,0.4,-1.0,1.1,-18.0,-6.9,1.079,11,6,0,0,6
48.7,18,isocontour,11.283791670955125,42125.51,88.65,-4.8,20.2,0.991,2.4,1.8,3.0,-18.0,-6.9,1.079,11,2,0,0,2
48.7,19,isocontour,11.283791670955125,38448.85,80.91,-20.4,1.7,1.005,0.9,-0.5,1.0,-18.0,-6.9,1.079,11,4,0,0,4
48.7,20,isocontour,11.283791670955125,38657.59,81.35,7.7,-19.3,0.988,-3.8,-2.4,4.5,-18.0,-6.9,1.079,11,4,0,0,4
48.7,21,isocontour,11.283791670955125,37961.96,79.89,-6.2,-19.8,0.992,0.2,-1.1,1.1,-18.0,-6.9,1.079,11,2,0,0,2
48.7,22,isocontour,11.283791670955125,40174.53,84.54,-19.5,-7.0,0.995,2.8,-0.3,2.8,-18.0,-6.9,1.079,11,3,0,0,3
48.7,23,isocontour,11.283791670955125,41789.4,87.94,-17.4,8.7,1.067,-1.4,-1.3,1.9,-18.0,-6.9,1.079,11,3,0,0,3
48.7,24,isocontour,11.283791670955125,38970.63,82.01,-0.3,-20.7,0.995,-2.8,1.0,3.0,-18.0,-6.9,1.079,11,2,0,0,2
48.7,25,isocontour,11.283791670955125,37503.97,78.92,-12.7,16.3,0.997,-1.1,-1.7,2.0,-18.0,-6.9,1.079,11,3,0,0,3
48.7,Target,,,,,0.0,0.0,4.023,0.0,0.0,,,,,,,,,
48.8,1,isocontour,11.283791670955125,37467.28,78.85,19.9,5.7,0.994,-1.6,0.5,1.7,-18.0,-6.9,1.079,11,6,0,0,6
48.8,2,isocontour,11.283791670955125,36839.52,77.52,13.1,16.2,0.987,-0.6,1.8,1.9,-18.0,-6.9,1.079,11,3,0,0,3
48.8,3,isocontour,11.283791670955125,38049.93,80.07,17.2,12.0,0.98,0.6,3.2,3.3,-18.0,-6.9,1.079,11,6,0,0,6
48.8,4,isocontour,11.283791670955125,40475.92,85.18,19.3,3.6,1.056,-0.7,0.8,1.1,-18.0,-6.9,1.079,11,7,0,0,7
48.8,5,isocontour,11.283791670955125,38437.83,80.89,19.2,4.6,1.05,-0.5,0.8,0.9,-18.0,-6.9,1.079,11,7,0,0,7
48.8,6,isocontour,11.283791670955125,39529.78,83.19,13.4,-14.3,1.06,1.1,0.9,1.4,13.3,-13.9,1.08,8,4,0,0,4
48.8,7,isocontour,11.283791670955125,38722.5,81.49,-18.4,9.4,0.998,2.6,1.0,2.8,-18.0,-6.9,1.079,11,3,0,0,3
48.8,8,isocontour,11.283791670955125,40037.6,84.25,13.5,-13.8,1.078,2.3,1.6,2.8,13.5,-13.8,1.08,8,4,0,0,4
48.8,9,isocontour,11.283791670955125,38372.98,80.75,20.6,1.4,0.994,0.5,-2.7,2.7,-18.0,-6.9,1.079,11,7,0,0,7
48.8,10,isocontour,11.283791670955125,38537.22,81.1,19.8,-6.6,0.985,0.0,-1.0,1.0,13.3,-13.9,1.08,8,7,0,0,7
48.8,11,isocontour,11.283791670955125,38596.26,81.22,-18.0,-7.2,1.07,-0.1,2.5,2.5,-18.0,-7.2,1.079,11,3,0,0,3
48.8,12,isocontour,11.283791670955125,38938.17,81.94,-14.6,-15.1,0.976,-1.4,-3.3,3.6,-18.0,-6.9,1.079,11,3,0,0,3
48.8,13,isocontour,11.283791670955125,37523.18,78.96,20.6,-2.0,0.992,0.2,-2.7,2.7,-18.0,-6.9,1.079,11,5,0,0,5
48.8,14,isocontour,11.283791670955125,37644.12,79.22,13.8,-15.7,0.982,0.1,1.2,1.2,13.3,-13.9,1.08,8,4,0,0,4
48.8,15,isocontour,11.283791670955125,36705.22,77.24,4.0,20.5,0.984,-1.0,1.7,2.0,-18.0,-6.9,1.079,11,2,0,0,2
48.8,16,isocontour,11.283791670955125,46965.99,98.83,-24.5,21.4,0.522,0.7,0.6,0.9,-24.5,21.4,0.526,16,0,0,0,0
48.8,17,isocontour,11.283791670955125,37801.13,79.55,17.9,10.5,0.992,0.8,2.0,2.2,-18.0,-6.9,1.079,11,6,0,0,6
48.8,18,isocontour,11.283791670955125,42106.2,88.61,-4.5,20.2,0.991,2.4,0.4,2.4,-18.0,-6.9,1.079,11,2,0,0,2
48.8,19,isocontour,11.283791670955125,38446.47,80.91,-20.5,1.7,1.002,-0.8,0.9,1.2,-18.0,-6.9,1.079,11,4,0,0,4
48.8,20,isocontour,11.283791670955125,38641.78,81.32,7.5,-19.4,0.985,-1.9,-1.3,2.3,13.3,-13.9,1.08,8,4,0,0,4
48.8,21,isocontour,11.283791670955125,37947.14,79.86,-6.3,-19.9,0.983,-1.9,-1.3,2.3,-18.0,-6.9,1.079,11,2,0,0,2
48.8,22,isocontour,11.283791670955125,40165.69,84.52,-19.6,-7.0,0.989,-1.8,0.5,1.9,-18.0,-6.9,1.079,11,3,0,0,3
48.8,23,isocontour,11.283791670955125,41778.95,87.92,-17.3,8.9,1.064,0.5,2.0,2.1,-18.0,-6.9,1.079,11,3,0,0,3
48.8,24,isocontour,11.283791670955125,38970.06,82.01,-0.3,-20.7,0.994,0.7,-0.2,0.7,-18.0,-6.9,1.079,11,2,0,0,2
48.8,25,isocontour,11.283791670955125,37501.65,78.92,-12.8,16.2,0.996,-1.1,-0.4,1.2,-18.0,-6.9,1.079,11,3,0,0,3
48.8,Target,,,,,0.0,0.0,4.023,0.0,0.0,,,,,,,,,
48.9,1,isocontour,11.283791670955125,37444.27,78.8,19.9,5.9,0.99,0.3,2.6,2.6,-18.0,-6.9,1.079,11,6,0,0,6
48.9,2,isocontour,11.283791670955125,36839.13,77.52,13.1,16.2,0.983,0.5,0.4,0.6,-18.0,-6.9,1.079,11,3,0,0,3
48.9,3,isocontour,11.283791670955125,38048.93,80.07,17.2,12.1,0.975,0.3,0.8,0.9,-18.0,-6.9,1.079,11,6,0,0,6
48.9,4,isocontour,11.283791670955125,40452.65,85.13,19.4,3.5,1.05,1.7,-2.0,2.6,13.3,-13.9,1.08,8,7,0,0,7
48.9,5,isocontour,11.283791670955125,38435.62,80.88,19.2,4.5,1.049,0.4,-1.1,1.2,13.3,-13.9,1.08,8,7,0,0,7
48.9,6,isocontour,11.283791670955125,39527.1,83.18,13.5,-14.3,1.054,0.9,-0.9,1.3,13.3,-13.9,1.08,8,4,0,0,4
48.9,7,isocontour,11.283791670955125,38712.04,81.46,-18.5,9.5,0.99,-1.7,1.1,2.0,-18.0,-6.9,1.079,11,3,0,0,3
48.9,8,isocontour,11.283791670955125,40015.62,84.21,13.7,-13.7,1.07,2.5,0.6,2.6,13.3,-13.9,1.08,8,4,0,0,4
48.9,9,isocontour,11.283791670955125,38269.18,80.53,20.9,1.0,0.984,2.3,-3.7,4.4,13.3,-13.9,1.08,8,7,0,0,7
48.9,10,isocontour,11.283791670955125,38535.78,81.09,19.7,-6.5,0.988,-0.6,0.8,1.0,13.3,-13.9,1.08,8,7,0,0,7
48.9,11,isocontour,11.283791670955125,38595.36,81.22,-18.0,-7.1,1.071,-0.1,0.9,0.9,-18.0,-7.1,1.079,11,3,0,0,3
48.9,12,isocontour,11.283791670955125,38922.76,81.91,-14.7,-15.0,0.977,-1.1,2.0,2.3,-18.0,-6.9,1.079,11,3,0,0,3
48.9,13,isocontour,11.283791670955125,37492.98,78.9,20.7,-2.3,0.989,0.3,-2.8,2.8,13.3,-13.9,1.08,8,5,0,0,5
48.9,14,isocontour,11.283791670955125,37629.5,79.19,13.8,-15.5,0.993,-1.2,1.9,2.2,13.3,-13.9,1.08,8,4,0,0,4
48.9,15,isocontour,11.283791670955125,36700.11,77.23,3.9,20.4,0.99,-0.3,-1.5,1.5,-18.0,-6.9,1.079,11,2,0,0,2
48.9,16,isocontour,11.283791670955125,46964.89,98.83,-24.5,21.5,0.522,0.7,0.6,0.9,-24.5,21.5,0.526,16,0,0,0,0
48.9,17,isocontour,11.283791670955125,37777.05,79.5,17.8,10.8,0.986,-0.4,2.6,2.6,-18.0,-6.9,1.079,11,6,0,0,6
48.9,18,isocontour,11.283791670955125,42086.66,88.57,-4.3,20.3,0.991,2.4,0.4,2.4,-18.0,-6.9,1.079,11,2,0,0,2
48.9,19,isocontour,11.283791670955125,38407.36,80.82,-20.6,1.5,0.997,-1.0,-3.0,3.2,-18.0,-6.9,1.079,11,4,0,0,4
48.9,20,isocontour,11.283791670955125,38619.02,81.27,7.3,-19.4,0.991,-2.6,0.4,2.6,13.3,-13.9,1.08,8,4,0,0,4
48.9,21,isocontour,11.283791670955125,37946.04,79.85,-6.3,-19.9,0.984,0.9,0.3,0.9,-18.0,-6.9,1.079,11,2,0,0,2
48.9,22,isocontour,11.283791670955125,40144.95,84.48,-19.8,-6.9,0.98,-2.2,1.3,2.6,-18.0,-6.9,1.079,11,3,0,0,3
48.9,23,isocontour,11.283791670955125,41741.67,87.84,-17.5,8.7,1.062,-1.7,-2.6,3.1,-18.0,-6.9,1.079,11,3,0,0,3
48.9,24,isocontour,11.283791670955125,38957.29,81.98,-0.2,-20.8,0.986,1.1,-1.9,2.2,13.3,-13.9,1.08,8,2,0,0,2
48.9,25,isocontour,11.283791670955125,37500.86,78.92,-12.9,16.2,0.991,-0.6,0.6,0.8,-18.0,-6.9,1.079,11,3,0,0,3
48.9,Target,,,,,0.0,0.0,4.023,0.0,0.0,,,,,,,,,
49.0,1,isocontour,11.283791670955125,37440.3,78.79,20.0,5.8,0.988,0.5,-1.3,1.4,13.3,-13.9,1.08,8,6,0,0,6
49.0,2,isocontour,11.283791670955125,36834.57,77.51,13.0,16.3,0.985,-1.4,0.6,1.5,-18.0,-6.9,1.079,11,3,0,0,3
49.0,3,isocontour,11.283791670955125,38046.38,80.06,17.2,12.0,0.977,0.0,-1.3,1.3,13.3,-13.9,1.08,8,5,0,0,5
49.0,4,isocontour,11.283791670955125,40415.01,85.05,19.5,3.2,1.049,0.5,-3.1,3.1,13.3,-13.9,1.08,8,7,0,0,7
49.0,5,isocontour,11.283791670955125,38397.98,80.8,19.3,4.2,1.05,0.5,-3.1,3.1,13.3,-13.9,1.08,8,7,0,0,7
49.0,6,isocontour,11.283791670955125,39514.33,83.15,13.4,-14.5,1.051,-1.3,-1.7,2.1,13.3,-13.9,1.08,8,4,0,0,4
49.0,7,isocontour,11.283791670955125,38653.64,81.34,-18.7,9.7,0.973,-2.2,2.8,3.6,-18.0,-6.9,1.079,11,3,0,0,3
49.0,8,isocontour,11.283791670955125,40001.57,84.18,13.7,-13.9,1.063,-0.4,-2.2,2.2,13.3,-13.9,1.08,8,4,0,0,4
49.0,9,isocontour,11.283791670955125,38269.04,80.53,20.9,1.0,0.981,0.2,0.4,0.4,13.3,-13.9,1.08,8,6,0,0,6
49.0,10,isocontour,11.283791670955125,38522.47,81.07,19.6,-6.6,0.998,-2.1,-0.5,2.2,13.3,-13.9,1.08,8,7,0,0,7
49.0,11,isocontour,11.283791670955125,38569.9,81.17,-18.1,-6.9,1.071,-1.1,2.5,2.7,-18.1,-6.9,1.079,11,3,0,0,3
49.0,12,isocontour,11.283791670955125,38920.02,81.9,-14.7,-14.9,0.982,0.4,1.2,1.3,-18.0,-6.9,1.079,11,3,0,0,3
49.0,13,isocontour,11.283791670955125,37492.01,78.9,20.7,-2.3,0.989,-0.1,0.9,0.9,13.3,-13.9,1.08,8,5,0,0,5
49.0,14,isocontour,11.283791670955125,37626.15,79.18,13.8,-15.4,0.992,1.3,0.3,1.3,13.3,-13.9,1.08,8,4,0,0,4
49.0,15,isocontour,11.283791670955125,36663.9,77.15,3.7,20.3,0.995,-3.0,-0.3,3.0,-18.0,-6.9,1.079,11,2,0,0,2
49.0,16,isocontour,11.283791670955125,46963.79,98.83,-24.5,21.6,0.52,-0.6,0.7,0.9,-24.5,21.6,0.526,16,0,0,0,0
49.0,17,isocontour,11.283791670955125,37776.61,79.5,17.8,10.8,0.987,-0.1,-0.7,0.7,13.3,-13.9,1.08,8,6,0,0,6
49.0,18,isocontour,11.283791670955125,42083.01,88.56,-4.4,20.4,0.987,-1.2,0.7,1.4,-18.0,-6.9,1.079,11,2,0,0,2
49.0,19,isocontour,11.283791670955125,38373.58,80.75,-20.7,1.2,0.994,-0.8,-2.9,3.0,-18.0,-6.9,1.079,11,4,0,0,4
49.0,20,isocontour,11.283791670955125,38597.79,81.22,7.0,-19.5,0.99,-2.2,-1.3,2.6,13.3,-13.9,1.08,8,4,0,0,4
49.0,21,isocontour,11.283791670955125,37922.76,79.8,-6.1,-20.0,0.982,2.4,-1.1,2.6,13.3,-13.9,1.08,8,2,0,0,2
49.0,22,isocontour,11.283791670955125,40119.78,84.43,-19.8,-6.6,0.986,0.7,2.6,2.7,-18.0,-6.9,1.079,11,3,0,0,3
49.0,23,isocontour,11.283791670955125,41733.5,87.82,-17.6,8.6,1.058,-1.4,-1.3,1.9,-18.0,-6.9,1.079,11,3,0,0,3
49.0,24,isocontour,11.283791670955125,38907.22,81.88,0.1,-21.0,0.977,3.1,-1.4,3.4,13.3,-13.9,1.08,8,2,0,0,2
49.0,25,isocontour,11.283791670955125,37478.37,78.87,-13.0,16.1,0.993,-1.7,-2.0,2.6,-18.0,-6.9,1.079,11,3,0,0,3
49.0,Target,,,,,0.0,0.0,4.023,0.0,0.0,,,,,,,,,
49.1,1,isocontour,11.283791670955125,37437.93,78.78,20.0,5.7,0.989,0.1,-1.2,1.2,13.3,-13.9,1.08,8,6,0,0,6
49.1,2,isocontour,11.283791670955125,36826.14,77.5,12.9,16.4,0.985,-1.5,1.1,1.9,13.3,-13.9,1.08,8,3,0,0,3
49.1,3,isocontour,11.283791670955125,38011.57,79.99,17.3,11.8,0.982,0.8,-2.9,3.0,13.3,-13.9,1.08,8,5,0,0,5
49.1,4,isocontour,11.283791670955125,40383.53,84.98,19.5,2.9,1.051,-0.0,-2.9,2.9,13.3,-13.9,1.08,8,7,0,0,7
49.1,5,isocontour,11.283791670955125,38375.74,80.76,19.2,4.0,1.057,-0.8,-2.5,2.6,13.3,-13.9,1.08,8,7,0,0,7
49.1,6,isocontour,11.283791670955125,39479.87,83.08,13.5,-14.3,1.052,2.0,2.3,3.0,13.3,-13.9,1.08,8,4,0,0,4
49.1,7,isocontour,11.283791670955125,38652.57,81.34,-18.8,9.7,0.968,-0.9,-0.3,0.9,-18.0,-6.9,1.079,11,3,0,0,3
49.1,8,isocontour,11.283791670955125,39983.63,84.14,13.9,-13.8,1.059,2.0,1.3,2.4,13.3,-13.9,1.08,8,4,0,0,4
49.1,9,isocontour,11.283791670955125,38237.89,80.47,20.8,0.8,0.985,-0.7,-2.8,2.9,13.3,-13.9,1.08,8,6,0,0,6
49.1,10,isocontour,11.283791670955125,38521.71,81.06,19.5,-6.5,1.0,0.1,0.8,0.8,13.3,-13.9,1.08,8,7,0,0,7
49.1,11,isocontour,11.283791670955125,38567.75,81.16,-18.2,-6.8,1.068,-0.9,0.8,1.2,-18.2,-6.8,1.079,11,3,0,0,3
49.1,12,isocontour,11.283791670955125,38892.26,81.84,-14.8,-14.6,0.986,-1.5,2.3,2.7,13.3,-13.9,1.08,8,3,0,0,3
49.1,13,isocontour,11.283791670955125,37484.48,78.88,20.5,-2.4,0.995,-1.3,-1.2,1.8,13.3,-13.9,1.08,8,5,0,0,5
49.1,14,isocontour,11.283791670955125,37612.29,79.15,13.9,-15.6,0.982,0.5,-2.2,2.3,13.3,-13.9,1.08,8,4,0,0,4
49.1,15,isocontour,11.283791670955125,36663.21,77.15,3.7,20.3,0.996,0.8,-0.1,0.8,-18.0,-6.9,1.079,11,2,0,0,2
49.1,16,isocontour,11.283791670955125,46962.69,98.83,-24.4,21.6,0.521,0.9,0.1,0.9,-24.4,21.6,0.526,16,0,0,0,0
49.1,17,isocontour,11.283791670955125,37774.35,79.49,17.8,10.6,0.989,0.4,-1.1,1.2,13.3,-13.9,1.08,8,6,0,0,6
49.1,18,isocontour,11.283791670955125,42077.61,88.55,-4.4,20.2,0.994,0.0,-1.6,1.6,-18.0,-6.9,1.079,11,2,0,0,2
49.1,19,isocontour,11.283791670955125,38364.17,80.73,-20.8,1.2,0.985,-1.7,0.9,1.9,-18.0,-6.9,1.079,11,4,0,0,4
49.1,20,isocontour,11.283791670955125,38597.55,81.22,7.0,-19.5,0.992,-0.1,0.6,0.6,13.3,-13.9,1.08,8,4,0,0,4
49.1,21,isocontour,11.283791670955125,37922.28,79.8,-6.1,-20.0,0.982,-0.7,0.2,0.7,13.3,-13.9,1.08,8,2,0,0,2
49.1,22,isocontour,11.283791670955125,40103.34,84.39,-19.8,-6.4,0.987,-0.8,2.2,2.3,-18.0,-6.9,1.079,11,3,0,0,3
49.1,23,isocontour,11.283791670955125,41706.91,87.77,-17.5,8.3,1.068,1.0,-2.5,2.7,-18.0,-6.9,1.079,11,3,0,0,3
49.1,24,isocontour,11.283791670955125,38904.08,81.87,0.2,-20.9,0.981,1.0,0.9,1.3,13.3,-13.9,1.08,8,2,0,0,2
49.1,25,isocontour,11.283791670955125,37476.42,78.86,-13.2,16.0,0.993,-1.0,-0.6,1.2,-18.0,-6.9,1.079,11,3,0,0,3
49.1,Target,,,,,0.0,0.0,4.023,0.0,0.0,,,,,,,,,
49.2,1,isocontour,11.283791670955125,37400.29,78.7,20.0,5.4,0.993,-0.0,-3.1,3.1,13.3,-13.9,1.08,8,6,0,0,6
49.2,2,isocontour,11.283791670955125,36821.84,77.49,12.7,16.5,0.985,-1.2,0.9,1.5,13.3,-13.9,1.08,8,3,0,0,3
49.2,3,isocontour,11.283791670955125,37981.37,79.93,17.3,11.5,0.992,-0.4,-2.8,2.8,13.3,-13.9,1.08,8,5,0,0,5
49.2,4,isocontour,11.283791670955125,40352.38,84.92,19.5,2.6,1.055,-0.3,-2.9,2.9,13.3,-13.9,1.08,8,7,0,0,7
49.2,5,isocontour,11.283791670955125,38374.3,80.75,19.2,3.9,1.059,0.1,-1.0,1.0,13.3,-13.9,1.08,8,7,0,0,7
49.2,6,isocontour,11.283791670955125,39445.4,83.01,13.7,-14.1,1.057,1.5,2.6,3.0,13.3,-13.9,1.08,8,4,0,0,4
49.2,7,isocontour,11.283791670955125,38645.29,81.32,-18.7,9.8,0.97,1.2,1.3,1.8,-18.0,-6.9,1.079,11,3,0,0,3
49.2,8,isocontour,11.283791670955125,39956.75,84.08,14.1,-13.6,1.06,1.7,2.1,2.7,13.3,-13.9,1.08,8,4,0,0,4
49.2,9,isocontour,11.283791670955125,38236.14,80.46,20.8,0.7,0.988,-0.5,-1.0,1.1,13.3,-13.9,1.08,8,6,0,0,6
49.2,10,isocontour,11.283791670955125,38366.07,80.74,19.4,-6.9,0.998,-1.3,-4.8,5.0,13.3,-13.9,1.08,8,7,0,0,7
49.2,11,isocontour,11.283791670955125,38558.91,81.14,-18.4,-6.7,1.061,-1.8,0.7,1.9,13.3,-13.9,1.08,8,3,0,0,3
49.2,12,isocontour,11.283791670955125,38878.59,81.82,-15.0,-14.5,0.985,-1.7,1.4,2.2,13.3,-13.9,1.08,8,3,0,0,3
49.2,13,isocontour,11.283791670955125,37483.58,78.88,20.6,-2.3,0.995,0.3,0.8,0.9,13.3,-13.9,1.08,8,5,0,0,5
49.2,14,isocontour,11.283791670955125,37611.35,79.15,14.0,-15.6,0.98,0.8,0.4,0.9,13.3,-13.9,1.08,8,4,0,0,4
49.2,15,isocontour,11.283791670955125,36632.7,77.09,4.0,20.3,0.992,2.9,0.2,2.9,13.3,-13.9,1.08,8,2,0,0,2
49.2,16,isocontour,11.283791670955125,46961.59,98.82,-24.4,21.5,0.523,0.1,-0.9,0.9,-24.4,21.5,0.526,16,0,0,0,0
49.2,17,isocontour,11.283791670955125,37769.7,79.48,17.9,10.5,0.989,0.8,-1.3,1.5,13.3,-13.9,1.08,8,6,0,0,6
49.2,18,isocontour,11.283791670955125,42070.44,88.53,-4.4,20.4,0.987,-0.6,1.7,1.8,-18.0,-6.9,1.079,11,2,0,0,2
49.2,19,isocontour,11.283791670955125,38358.76,80.72,-20.9,1.1,0.982,-0.4,-1.6,1.6,-18.0,-6.9,1.079,11,4,0,0,4
49.2,20,isocontour,11.283791670955125,38597.15,81.22,7.0,-19.6,0.991,-0.4,-0.6,0.7,13.3,-13.9,1.08,8,4,0,0,4
49.2,21,isocontour,11.283791670955125,37893.93,79.74,-6.3,-19.9,0.986,-2.3,1.6,2.8,13.3,-13.9,1.08,8,2,0,0,2
49.2,22,isocontour,11.283791670955125,40078.99,84.34,-19.6,-6.5,0.995,2.2,-1.4,2.6,13.3,-13.9,1.08,8,3,0,0,3
49.2,23,isocontour,11.283791670955125,41706.12,87.77,-17.5,8.3,1.072,0.7,0.4,0.8,-18.0,-6.9,1.079,11,3,0,0,3
49.2,24,isocontour,11.283791670955125,38867.52,81.79,0.5,-20.8,0.986,2.9,0.9,3.0,13.3,-13.9,1.08,8,2,0,0,2
49.2,25,isocontour,11.283791670955125,37471.68,78.85,-13.3,16.0,0.987,-1.5,0.5,1.6,-18.0,-6.9,1.079,11,3,0,0,3
49.2,Target,,,,,0.0,0.0,4.023,0.0,0.0,,,,,,,,,
49.3,1,isocontour,11.283791670955125,37394.88,78.69,20.1,5.4,0.987,1.6,-0.0,1.6,13.3,-13.9,1.08,8,6,0,0,6
49.3,2,isocontour,11.283791670955125,36791.96,77.42,12.8,16.3,0.994,0.6,-2.8,2.9,13.3,-13.9,1.08,8,3,0,0,3
49.3,3,isocontour,11.283791670955125,37980.91,79.93,17.2,11.5,0.994,-0.4,0.6,0.7,13.3,-13.9,1.08,8,5,0,0,5
49.3,4,isocontour,11.283791670955125,40320.59,84.85,19.4,2.3,1.059,-0.2,-2.9,2.9,13.3,-13.9,1.08,8,7,0,0,7
49.3,5,isocontour,11.283791670955125,38372.55,80.75,19.2,3.7,1.061,-0.3,-1.1,1.1,13.3,-13.9,1.08,8,7,0,0,7
49.3,6,isocontour,11.283791670955125,39434.48,82.99,13.7,-13.8,1.064,0.2,2.0,2.0,13.3,-13.9,1.08,8,4,0,0,4
49.3,7,isocontour,11.283791670955125,38643.29,81.32,-18.6,9.9,0.975,1.2,0.0,1.2,-18.0,-6.9,1.079,11,3,0,0,3
49.3,8,isocontour,11.283791670955125,39931.58,84.03,14.2,-13.4,1.061,1.8,2.0,2.7,13.3,-13.9,1.08,8,4,0,0,4
49.3,9,isocontour,11.283791670955125,38231.75,80.45,20.7,0.6,0.994,-1.2,-0.9,1.5,13.3,-13.9,1.08,8,6,0,0,6
49.3,10,isocontour,11.283791670955125,38313.31,80.63,19.3,-7.2,1.0,-1.6,-3.1,3.5,13.3,-13.9,1.08,8,7,0,0,7
49.3,11,isocontour,11.283791670955125,38554.7,81.13,-18.5,-6.6,1.053,-1.5,0.3,1.5,13.3,-13.9,1.08,8,3,0,0,3
49.3,12,isocontour,11.283791670955125,38876.49,81.81,-15.1,-14.4,0.987,-0.6,1.0,1.2,13.3,-13.9,1.08,8,3,0,0,3
49.3,13,isocontour,11.283791670955125,37441.4,78.79,20.7,-2.5,0.985,1.7,-2.7,3.2,13.3,-13.9,1.08,8,5,0,0,5
49.3,14,isocontour,11.283791670955125,37575.15,79.07,14.1,-15.4,0.986,1.0,2.9,3.1,13.3,-13.9,1.08,8,4,0,0,4
49.3,15,isocontour,11.283791670955125,36631.42,77.09,4.1,20.3,0.991,1.0,-0.1,1.0,13.3,-13.9,1.08,8,2,0,0,2
49.3,16,isocontour,11.283791670955125,46960.49,98.82,-24.4,21.4,0.525,0.2,-0.9,0.9,-24.4,21.4,0.526,16,0,0,0,0
49.3,17,isocontour,11.283791670955125,37756.57,79.45,17.9,10.3,0.996,-0.4,-2.1,2.1,13.3,-13.9,1.08,8,6,0,0,6
49.3,18,isocontour,11.283791670955125,42061.32,88.51,-4.5,20.3,0.99,-1.3,-1.4,1.9,13.3,-13.9,1.08,8,2,0,0,2
49.3,19,isocontour,11.283791670955125,38356.97,80.72,-20.8,1.0,0.985,0.7,-0.9,1.1,13.3,-13.9,1.08,8,4,0,0,4
49.3,20,isocontour,11.283791670955125,38583.65,81.19,7.1,-19.7,0.982,1.8,-1.3,2.2,13.3,-13.9,1.08,8,4,0,0,4
49.3,21,isocontour,11.283791670955125,37859.8,79.67,-6.1,-19.9,0.987,2.9,-0.8,3.0,13.3,-13.9,1.08,8,2,0,0,2
49.3,22,isocontour,11.283791670955125,40077.42,84.34,-19.6,-6.6,0.996,0.4,-1.0,1.1,13.3,-13.9,1.08,8,3,0,0,3
49.3,23,isocontour,11.283791670955125,41704.72,87.76,-17.4,8.4,1.075,0.8,0.6,1.0,-18.0,-6.9,1.079,11,3,0,0,3
49.3,24,isocontour,11.283791670955125,38834.74,81.72,0.7,-20.7,0.992,2.6,1.3,2.9,13.3,-13.9,1.08,8,2,0,0,2
49.3,25,isocontour,11.283791670955125,37419.38,78.74,-13.1,16.3,0.983,2.3,2.5,3.4,-18.0,-6.9,1.079,11,3,0,0,3
49.3,Target,,,,,0.0,0.0,4.023,0.0,0.0,,,,,,,,,
49.4,1,isocontour,11.283791670955125,37326.18,78.55,20.1,5.7,0.981,0.0,3.8,3.8,13.3,-13.9,1.08,8,6,0,0,6
49.4,2,isocontour,11.283791670955125,36789.09,77.42,12.8,16.3,0.989,0.6,1.1,1.3,13.3,-13.9,1.08,8,3,0,0,3
49.4,3,isocontour,11.283791670955125,37980.12,79.92,17.3,11.5,0.991,0.8,-0.2,0.8,13.3,-13.9,1.08,8,5,0,0,5
49.4,4,isocontour,11.283791670955125,40314.98,84.84,19.4,2.2,1.064,-0.9,-1.4,1.7,13.3,-13.9,1.08,8,7,0,0,7
49.4,5,isocontour,11.283791670955125,38340.76,80.68,19.2,3.5,1.065,-0.0,-2.9,2.9,13.3,-13.9,1.08,8,7,0,0,7
49.4,6,isocontour,11.283791670955125,39422.57,82.96,13.9,-13.7,1.062,1.9,1.0,2.1,13.3,-13.9,1.08,8,4,0,0,4
49.4,7,isocontour,11.283791670955125,38640.86,81.31,-18.5,9.8,0.981,0.8,-0.9,1.2,13.3,-13.9,1.08,8,3,0,0,3
49.4,8,isocontour,11.283791670955125,39922.45,84.01,14.4,-13.3,1.057,1.7,0.8,1.9,13.3,-13.9,1.08,8,4,0,0,4
49.4,9,isocontour,11.283791670955125,38225.94,80.44,20.8,0.6,0.987,1.6,0.1,1.6,13.3,-13.9,1.08,8,6,0,0,6
49.4,10,isocontour,11.283791670955125,38259.65,80.51,19.1,-7.6,1.0,-1.3,-3.2,3.5,13.3,-13.9,1.08,8,7,0,0,7
49.4,11,isocontour,11.283791670955125,38552.8,81.13,-18.6,-6.6,1.047,-1.1,0.1,1.1,13.3,-13.9,1.08,8,3,0,0,3
49.4,12,isocontour,11.283791670955125,38871.08,81.8,-15.2,-14.3,0.987,-1.1,1.2,1.6,13.3,-13.9,1.08,8,3,0,0,3
49.4,13,isocontour,11.283791670955125,37414.53,78.73,20.7,-2.8,0.983,-0.2,-2.7,2.7,13.3,-13.9,1.08,8,5,0,0,5
49.4,14,isocontour,11.283791670955125,37544.63,79.01,14.2,-15.1,0.99,1.7,2.3,2.9,13.3,-13.9,1.08,8,4,0,0,4
49.4,15,isocontour,11.283791670955125,36608.4,77.04,3.9,20.4,0.989,-2.4,1.0,2.6,13.3,-13.9,1.08,8,2,0,0,2
49.4,16,isocontour,11.283791670955125,46959.39,98.82,-24.4,21.4,0.524,-0.6,0.7,0.9,-24.4,21.4,0.526,16,0,0,0,0
49.4,17,isocontour,11.283791670955125,37742.71,79.42,18.0,10.4,0.988,1.2,1.9,2.2,13.3,-13.9,1.08,8,6,0,0,6
49.4,18,isocontour,11.283791670955125,42037.51,88.46,-4.8,20.2,0.989,-2.6,-0.1,2.6,13.3,-13.9,1.08,8,2,0,0,2
49.4,19,isocontour,11.283791670955125,38355.48,80.71,-20.8,0.9,0.988,0.5,-0.9,1.0,13.3,-13.9,1.08,8,4,0,0,4
49.4,20,isocontour,11.283791670955125,38579.69,81.19,7.2,-19.6,0.98,1.4,0.5,1.5,13.3,-13.9,1.08,8,4,0,0,4
49.4,21,isocontour,11.283791670955125,37843.78,79.64,-5.8,-19.9,0.994,2.2,0.8,2.3,13.3,-13.9,1.08,8,2,0,0,2
49.4,22,isocontour,11.283791670955125,40076.46,84.34,-19.6,-6.7,0.993,-0.5,-0.8,0.9,13.3,-13.9,1.08,8,3,0,0,3
49.4,23,isocontour,11.283791670955125,41687.44,87.73,-17.5,8.5,1.064,-1.8,1.5,2.3,13.3,-13.9,1.08,8,3,0,0,3
49.4,24,isocontour,11.283791670955125,38833.64,81.72,0.8,-20.6,0.997,0.1,0.9,0.9,13.3,-13.9,1.08,8,2,0,0,2
49.4,25,isocontour,11.283791670955125,37417.54,78.74,-13.0,16.3,0.987,1.1,-0.2,1.1,13.3,-13.9,1.08,8,3,0,0,3
49.4,Target,,,,,0.0,0.0,4.023,0.0,0.0,,,,,,,,,
49.5,1,isocontour,11.283791670955125,37308.46,78.51,20.0,5.8,0.989,-2.2,0.9,2.4,13.3,-13.9,1.08,8,6,0,0,6
49.5,2,isocontour,11.283791670955125,36787.56,77.41,12.9,16.3,0.986,1.0,-0.2,1.0,13.3,-13.9,1.08,8,3,0,0,3
49.5,3,isocontour,11.283791670955125,37974.61,79.91,17.2,11.6,0.99,-0.7,1.4,1.6,13.3,-13.9,1.08,8,5,0,0,5
49.5,4,isocontour,11.283791670955125,40283.18,84.77,19.3,1.9,1.068,-0.2,-2.9,2.9,13.3,-13.9,1.08,8,7,0,0,7
49.5,5,isocontour,11.283791670955125,38309.6,80.62,19.1,3.2,1.07,-0.4,-2.9,2.9,13.3,-13.9,1.08,8,7,0,0,7
49.5,6,isocontour,11.283791670955125,39399.55,82.91,14.1,-13.6,1.06,2.0,1.7,2.6,13.3,-13.9,1.08,8,4,0,0,4
49.5,7,isocontour,11.283791670955125,38638.37,81.31,-18.4,9.7,0.987,0.8,-1.0,1.3,13.3,-13.9,1.08,8,3,0,0,3
49.5,8,isocontour,11.283791670955125,39900.97,83.97,14.6,-13.1,1.058,1.5,2.1,2.6,13.3,-13.9,1.08,8,4,0,0,4
49.5,9,isocontour,11.283791670955125,38198.48,80.38,20.9,0.4,0.98,1.3,-2.5,2.8,13.3,-13.9,1.08,8,6,0,0,6
49.5,10,isocontour,11.283791670955125,38257.44,80.51,19.1,-7.7,0.999,-0.2,-1.2,1.2,13.3,-13.9,1.08,8,7,0,0,7
49.5,11,isocontour,11.283791670955125,38534.19,81.09,-18.8,-6.5,1.041,-1.7,1.8,2.5,13.3,-13.9,1.08,8,3,0,0,3
49.5,12,isocontour,11.283791670955125,38847.54,81.75,-15.0,-14.2,0.996,2.6,0.1,2.6,13.3,-13.9,1.08,8,3,0,0,3
49.5,13,isocontour,11.283791670955125,37382.4,78.67,20.6,-3.1,0.985,-0.9,-2.8,2.9,13.3,-13.9,1.08,8,5,0,0,5
49.5,14,isocontour,11.283791670955125,37536.59,78.99,14.3,-14.9,0.997,-0.1,1.8,1.8,13.3,-13.9,1.08,8,4,0,0,4
49.5,15,isocontour,11.283791670955125,36607.04,77.04,3.9,20.4,0.989,1.0,-0.3,1.0,13.3,-13.9,1.08,8,2,0,0,2
49.5,16,isocontour,11.283791670955125,46958.29,98.82,-24.4,21.5,0.522,0.1,0.9,0.9,-24.4,21.5,0.526,16,0,0,0,0
49.5,17,isocontour,11.283791670955125,37718.09,79.37,17.9,10.6,0.988,-1.8,2.0,2.7,13.3,-13.9,1.08,8,6,0,0,6
49.5,18,isocontour,11.283791670955125,42036.15,88.46,-4.7,20.2,0.989,1.0,0.1,1.0,13.3,-13.9,1.08,8,2,0,0,2
49.5,19,isocontour,11.283791670955125,38326.22,80.65,-20.7,0.7,0.992,0.6,-2.8,2.9,13.3,-13.9,1.08,8,4,0,0,4
49.5,20,isocontour,11.283791670955125,38554.79,81.13,7.1,-19.6,0.988,-2.5,0.9,2.7,13.3,-13.9,1.08,8,4,0,0,4
49.5,21,isocontour,11.283791670955125,37824.24,79.6,-6.0,-19.8,0.995,-2.3,0.9,2.5,13.3,-13.9,1.08,8,2,0,0,2
49.5,22,isocontour,11.283791670955125,40059.39,84.3,-19.7,-6.9,0.984,-1.3,-2.0,2.4,13.3,-13.9,1.08,8,3,0,0,3
49.5,23,isocontour,11.283791670955125,41661.7,87.67,-17.4,8.7,1.064,1.7,2.1,2.7,13.3,-13.9,1.08,8,3,0,0,3
49.5,24,isocontour,11.283791670955125,38769.71,81.59,1.0,-20.8,0.988,3.0,-2.1,3.7,13.3,-13.9,1.08,8,2,0,0,2
49.5,25,isocontour,11.283791670955125,37395.3,78.69,-12.7,16.3,0.996,2.6,-0.2,2.6,13.3,-13.9,1.08,8,3,0,0,3
49.5,Target,,,,,0.0,0.0,4.023,0.0,0.0,,,,,,,,,
49.6,1,isocontour,11.283791670955125,37305.18,78.5,19.8,5.9,0.996,-1.3,0.4,1.4,13.3,-13.9,1.08,8,6,0,0,6
49.6,2,isocontour,11.283791670955125,36771.95,77.38,12.9,16.1,0.996,-0.8,-2.1,2.2,13.3,-13.9,1.08,8,3,0,0,3
49.6,3,isocontour,11.283791670955125,37938.41,79.84,17.3,11.4,0.992,1.2,-2.8,3.0,13.3,-13.9,1.08,8,5,0,0,5
49.6,4,isocontour,11.283791670955125,40251.39,84.7,19.3,1.6,1.071,-0.3,-2.9,2.9,13.3,-13.9,1.08,8,7,0,0,7
49.6,5,isocontour,11.283791670955125,38302.07,80.6,19.2,3.0,1.068,0.8,-1.6,1.8,13.3,-13.9,1.08,8,7,0,0,7
49.6,6,isocontour,11.283791670955125,39390.57,82.89,14.2,-13.5,1.056,1.8,0.7,1.9,13.3,-13.9,1.08,8,4,0,0,4
49.6,7,isocontour,11.283791670955125,38616.13,81.26,-18.2,9.8,0.993,2.1,1.5,2.6,13.3,-13.9,1.08,8,3,0,0,3
49.6,8,isocontour,11.283791670955125,39900.55,83.97,14.6,-13.0,1.058,0.5,0.5,0.7,13.3,-13.9,1.08,8,4,0,0,4
49.6,9,isocontour,11.283791670955125,38166.68,80.32,20.9,0.1,0.983,-0.7,-2.8,2.9,13.3,-13.9,1.08,8,6,0,0,6
49.6,10,isocontour,11.283791670955125,38257.01,80.51,19.2,-7.7,0.996,0.7,0.1,0.7,13.3,-13.9,1.08,8,7,0,0,7
49.6,11,isocontour,11.283791670955125,38509.57,81.04,-18.7,-6.7,1.04,0.9,-2.5,2.7,13.3,-13.9,1.08,8,3,0,0,3
49.6,12,isocontour,11.283791670955125,38840.26,81.73,-15.0,-14.1,1.001,-0.7,1.6,1.7,13.3,-13.9,1.08,8,3,0,0,3
49.6,13,isocontour,11.283791670955125,37354.05,78.61,20.5,-3.3,0.987,-0.7,-2.7,2.8,13.3,-13.9,1.08,8,5,0,0,5
49.6,14,isocontour,11.283791670955125,37511.7,78.94,14.1,-15.0,0.998,-2.0,-1.8,2.7,13.3,-13.9,1.08,8,4,0,0,4
49.6,15,isocontour,11.283791670955125,36606.08,77.03,3.9,20.4,0.99,-0.9,-0.1,0.9,13.3,-13.9,1.08,8,2,0,0,2
49.6,16,isocontour,11.283791670955125,46957.19,98.82,-24.5,21.6,0.52,-0.4,0.9,1.0,-24.5,21.6,0.526,16,0,0,0,0
49.6,17,isocontour,11.283791670955125,37715.16,79.37,17.9,10.6,0.989,0.6,-1.2,1.3,13.3,-13.9,1.08,8,6,0,0,6
49.6,18,isocontour,11.283791670955125,42034.0,88.46,-4.8,20.2,0.993,-0.8,-0.9,1.2,13.3,-13.9,1.08,8,2,0,0,2
49.6,19,isocontour,11.283791670955125,38325.05,80.65,-20.7,0.6,0.994,0.2,-0.9,0.9,13.3,-13.9,1.08,8,4,0,0,4
49.6,20,isocontour,11.283791670955125,38552.06,81.13,7.1,-19.5,0.992,0.9,0.9,1.3,13.3,-13.9,1.08,8,4,0,0,4
49.6,21,isocontour,11.283791670955125,37819.23,79.59,-6.1,-19.9,0.988,-0.2,-1.6,1.6,13.3,-13.9,1.08,8,2,0,0,2
49.6,22,isocontour,11.283791670955125,40005.72,84.19,-19.7,-7.2,0.981,0.8,-3.4,3.5,13.3,-13.9,1.08,8,3,0,0,3
49.6,23,isocontour,11.283791670955125,41659.55,87.67,-17.4,8.9,1.063,0.3,1.1,1.1,13.3,-13.9,1.08,8,3,0,0,3
49.6,24,isocontour,11.283791670955125,38739.82,81.52,0.9,-20.9,0.981,-2.6,-1.2,2.9,13.3,-13.9,1.08,8,2,0,0,2
49.6,25,isocontour,11.283791670955125,37394.67,78.69,-12.7,16.3,0.996,0.4,0.7,0.8,13.3,-13.9,1.08,8,3,0,0,3
49.6,Target,,,,,0.0,0.0,4.023,0.0,0.0,,,,,,,,,
49.7,1,isocontour,11.283791670955125,37270.03,78.43,19.9,5.6,0.994,1.3,-2.7,3.0,13.3,-13.9,1.08,8,6,0,0,6
49.7,2,isocontour,11.283791670955125,36746.5,77.33,12.7,16.2,0.998,-2.2,1.6,2.7,13.3,-13.9,1.08,8,3,0,0,3
49.7,3,isocontour,11.283791670955125,37933.29,79.83,17.4,11.4,0.985,1.1,1.1,1.6,13.3,-13.9,1.08,8,5,0,0,5
49.7,4,isocontour,11.283791670955125,40229.66,84.66,19.2,1.8,1.074,-0.6,2.5,2.6,13.3,-13.9,1.08,8,7,0,0,7
49.7,5,isocontour,11.283791670955125,38264.07,80.52,19.2,2.7,1.07,-0.1,-3.1,3.1,13.3,-13.9,1.08,8,7,0,0,7
49.7,6,isocontour,11.283791670955125,39374.14,82.86,14.5,-13.5,1.048,2.3,0.3,2.3,13.3,-13.9,1.08,8,4,0,0,4
49.7,7,isocontour,11.283791670955125,38612.85,81.26,-18.3,9.8,0.988,-1.4,0.1,1.4,13.3,-13.9,1.08,8,3,0,0,3
49.7,8,isocontour,11.283791670955125,39874.25,83.91,14.6,-13.2,1.049,0.1,-2.7,2.7,13.3,-13.9,1.08,8,4,0,0,4
49.7,9,isocontour,11.283791670955125,38159.03,80.3,20.7,-0.0,0.991,-1.7,-0.5,1.8,13.3,-13.9,1.08,8,6,0,0,6
49.7,10,isocontour,11.283791670955125,38236.52,80.46,19.4,-7.8,0.984,2.4,-0.7,2.5,13.3,-13.9,1.08,8,7,0,0,7
49.7,11,isocontour,11.283791670955125,38506.07,81.03,-18.7,-6.8,1.038,0.1,-1.4,1.4,13.3,-13.9,1.08,8,3,0,0,3
49.7,12,isocontour,11.283791670955125,38838.97,81.73,-14.9,-14.1,1.002,0.7,-0.7,1.0,13.3,-13.9,1.08,8,3,0,0,3
49.7,13,isocontour,11.283791670955125,37328.03,78.55,20.5,-3.2,0.993,-0.7,2.6,2.7,13.3,-13.9,1.08,8,5,0,0,5
49.7,14,isocontour,11.283791670955125,37467.53,78.85,14.1,-15.3,0.987,0.2,-3.3,3.3,13.3,-13.9,1.08,8,4,0,0,4
49.7,15,isocontour,11.283791670955125,36601.78,77.02,3.8,20.5,0.985,-0.8,1.2,1.4,13.3,-13.9,1.08,8,2,0,0,2
49.7,16,isocontour,11.283791670955125,46956.09,98.81,-24.5,21.6,0.518,-0.9,-0.2,0.9,-24.5,21.6,0.526,16,0,0,0,0
49.7,17,isocontour,11.283791670955125,37705.31,79.35,17.7,10.6,0.994,-1.8,0.8,2.0,13.3,-13.9,1.08,8,6,0,0,6
49.7,18,isocontour,11.283791670955125,42032.43,88.45,-4.7,20.1,0.995,1.1,-0.1,1.1,13.3,-13.9,1.08,8,2,0,0,2
49.7,19,isocontour,11.283791670955125,38323.15,80.65,-20.7,0.6,0.992,-0.5,1.0,1.1,13.3,-13.9,1.08,8,4,0,0,4
49.7,20,isocontour,11.283791670955125,38530.83,81.08,6.9,-19.6,0.991,-2.2,-1.2,2.5,13.3,-13.9,1.08,8,4,0,0,4
49.7,21,isocontour,11.283791670955125,37707.37,79.35,-6.4,-19.8,0.986,-4.3,1.2,4.5,13.3,-13.9,1.08,8,2,0,0,2
49.7,22,isocontour,11.283791670955125,39977.06,84.13,-19.5,-7.4,0.983,1.5,-2.4,2.8,13.3,-13.9,1.08,8,3,0,0,3
49.7,23,isocontour,11.283791670955125,41632.96,87.61,-17.2,9.1,1.066,1.7,2.2,2.8,13.3,-13.9,1.08,8,3,0,0,3
49.7,24,isocontour,11.283791670955125,38709.63,81.46,1.0,-20.8,0.987,2.4,1.6,2.9,13.3,-13.9,1.08,8,2,0,0,2
49.7,25,isocontour,11.283791670955125,37394.14,78.69,-12.7,16.4,0.992,-0.5,0.5,0.7,13.3,-13.9,1.08,8,3,0,0,3
49.7,Target,,,,,0.0,0.0,4.023,0.0,0.0,,,,,,,,,
49.8,1,isocontour,11.283791670955125,37250.01,78.39,20.0,5.8,0.988,0.7,2.4,2.5,13.3,-13.9,1.08,8,6,0,0,6
49.8,2,isocontour,11.283791670955125,36700.28,77.23,12.5,16.5,0.992,-1.6,2.9,3.3,13.3,-13.9,1.08,8,3,0,0,3
49.8,3,isocontour,11.283791670955125,37930.74,79.82,17.5,11.6,0.98,0.2,1.2,1.2,13.3,-13.9,1.08,8,5,0,0,5
49.8,4,isocontour,11.283791670955125,40229.25,84.66,19.2,1.9,1.073,0.1,0.7,0.7,13.3,-13.9,1.08,8,7,0,0,7
49.8,5,isocontour,11.283791670955125,38244.99,80.48,19.2,2.9,1.069,0.0,2.5,2.5,13.3,-13.9,1.08,8,7,0,0,7
49.8,6,isocontour,11.283791670955125,39302.13,82.71,14.2,-13.6,1.05,-3.1,-2.2,3.8,13.3,-13.9,1.08,8,4,0,0,4
49.8,7,isocontour,11.283791670955125,38612.54,81.26,-18.3,9.9,0.986,-0.1,0.6,0.6,13.3,-13.9,1.08,8,3,0,0,3
49.8,8,isocontour,11.283791670955125,39874.23,83.91,14.7,-13.3,1.046,0.2,-0.0,0.2,13.3,-13.9,1.08,8,4,0,0,4
49.8,9,isocontour,11.283791670955125,38157.54,80.3,20.8,-0.1,0.991,0.4,-0.9,1.0,13.3,-13.9,1.08,8,6,0,0,6
49.8,10,isocontour,11.283791670955125,38235.55,80.46,19.4,-7.7,0.986,-0.6,0.7,0.9,13.3,-13.9,1.08,8,7,0,0,7
49.8,11,isocontour,11.283791670955125,38503.97,81.03,-18.6,-6.9,1.041,0.9,-0.7,1.1,13.3,-13.9,1.08,8,3,0,0,3
49.8,12,isocontour,11.283791670955125,38810.32,81.67,-14.8,-14.3,0.999,1.4,-2.4,2.8,13.3,-13.9,1.08,8,3,0,0,3
49.8,13,isocontour,11.283791670955125,37326.63,78.55,20.5,-3.2,0.993,0.0,-1.0,1.0,13.3,-13.9,1.08,8,5,0,0,5
49.8,14,isocontour,11.283791670955125,37420.48,78.75,13.9,-15.6,0.985,-2.5,-2.2,3.3,13.3,-13.9,1.08,8,4,0,0,4
49.8,15,isocontour,11.283791670955125,36594.38,77.01,3.9,20.5,0.985,1.7,-0.5,1.8,13.3,-13.9,1.08,8,2,0,0,2
49.8,16,isocontour,11.283791670955125,46954.99,98.81,-24.6,21.6,0.517,-0.9,-0.3,0.9,-24.6,21.6,0.526,16,0,0,0,0
49.8,17,isocontour,11.283791670955125,37694.22,79.32,17.6,10.8,0.995,-1.0,1.8,2.1,13.3,-13.9,1.08,8,6,0,0,6
49.8,18,isocontour,11.283791670955125,42030.23,88.45,-4.6,20.2,0.992,0.8,0.8,1.1,13.3,-13.9,1.08,8,2,0,0,2
49.8,19,isocontour,11.283791670955125,38322.09,80.64,-20.7,0.7,0.99,-0.1,0.9,0.9,13.3,-13.9,1.08,8,4,0,0,4
49.8,20,isocontour,11.283791670955125,38518.58,81.06,6.9,-19.8,0.981,0.1,-2.1,2.1,13.3,-13.9,1.08,8,4,0,0,4
49.8,21,isocontour,11.283791670955125,37679.01,79.29,-6.7,-19.6,0.992,-2.0,2.0,2.8,13.3,-13.9,1.08,8,2,0,0,2
49.8,22,isocontour,11.283791670955125,39970.59,84.11,-19.4,-7.5,0.99,1.7,-0.4,1.7,13.3,-13.9,1.08,8,3,0,0,3
49.8,23,isocontour,11.283791670955125,41629.61,87.6,-17.2,9.0,1.07,0.1,-1.4,1.4,13.3,-13.9,1.08,8,3,0,0,3
49.8,24,isocontour,11.283791670955125,38707.07,81.45,1.1,-20.7,0.99,1.2,0.5,1.3,13.3,-13.9,1.08,8,2,0,0,2
49.8,25,isocontour,11.283791670955125,37392.78,78.69,-12.8,16.3,0.99,-0.9,-0.4,1.0,13.3,-13.9,1.08,8,3,0,0,3
49.8,Target,,,,,0.0,0.0,4.023,0.0,0.0,,,,,,,,,
49.9,1,isocontour,11.283791670955125,37247.08,78.38,20.0,5.7,0.988,0.1,-1.3,1.3,13.3,-13.9,1.08,8,6,0,0,6
49.9,2,isocontour,11.283791670955125,36590.67,77.0,12.3,16.8,0.986,-2.8,3.4,4.4,13.3,-13.9,1.08,8,3,0,0,3
49.9,3,isocontour,11.283791670955125,37914.93,79.79,17.4,11.4,0.988,-0.8,-2.2,2.3,13.3,-13.9,1.08,8,5,0,0,5
49.9,4,isocontour,11.283791670955125,40228.79,84.66,19.2,1.9,1.072,0.1,0.7,0.7,13.3,-13.9,1.08,8,7,0,0,7
49.9,5,isocontour,11.283791670955125,38244.55,80.48,19.2,3.0,1.067,0.2,0.6,0.6,13.3,-13.9,1.08,8,7,0,0,7
49.9,6,isocontour,11.283791670955125,39300.73,82.7,14.1,-13.7,1.052,-0.8,-0.6,1.0,13.3,-13.9,1.08,8,4,0,0,4
49.9,7,isocontour,11.283791670955125,38610.11,81.25,-18.3,9.8,0.991,0.9,-0.9,1.3,13.3,-13.9,1.08,8,3,0,0,3
49.9,8,isocontour,11.283791670955125,39873.86,83.91,14.7,-13.2,1.047,0.2,0.6,0.6,13.3,-13.9,1.08,8,4,0,0,4
49.9,9,isocontour,11.283791670955125,38151.19,80.28,20.9,-0.1,0.982,1.7,0.0,1.7,13.3,-13.9,1.08,8,5,0,0,5
49.9,10,isocontour,11.283791670955125,38208.67,80.41,19.3,-7.5,0.992,-0.2,2.8,2.8,13.3,-13.9,1.08,8,7,0,0,7
49.9,11,isocontour,11.283791670955125,38498.05,81.01,-18.5,-7.0,1.047,1.4,-0.8,1.6,13.3,-13.9,1.08,8,3,0,0,3
49.9,12,isocontour,11.283791670955125,38810.3,81.67,-14.8,-14.4,0.999,0.1,0.2,0.2,13.3,-13.9,1.08,8,3,0,0,3
49.9,13,isocontour,11.283791670955125,37194.93,78.27,20.5,-3.6,0.987,0.4,-4.7,4.7,13.3,-13.9,1.08,8,5,0,0,5
49.9,14,isocontour,11.283791670955125,37402.98,78.71,13.8,-15.4,0.993,0.2,2.4,2.4,13.3,-13.9,1.08,8,4,0,0,4
49.9,15,isocontour,11.283791670955125,36585.39,76.99,3.9,20.3,0.994,-0.7,-1.8,1.9,13.3,-13.9,1.08,8,2,0,0,2
49.9,16,isocontour,11.283791670955125,46953.89,98.81,-24.7,21.5,0.517,-0.2,-0.9,0.9,-24.7,21.5,0.526,16,0,0,0,0
49.9,17,isocontour,11.283791670955125,37545.96,79.01,17.8,10.5,0.995,2.4,-4.3,4.9,13.3,-13.9,1.08,8,5,0,0,5
49.9,18,isocontour,11.283791670955125,42028.87,88.44,-4.5,20.2,0.992,1.0,0.1,1.0,13.3,-13.9,1.08,8,2,0,0,2
49.9,19,isocontour,11.283791670955125,38321.02,80.64,-20.8,0.8,0.989,-0.2,0.9,0.9,13.3,-13.9,1.08,8,4,0,0,4
49.9,20,isocontour,11.283791670955125,38518.1,81.06,7.0,-19.8,0.979,0.7,0.1,0.7,13.3,-13.9,1.08,8,4,0,0,4
49.9,21,isocontour,11.283791670955125,37649.44,79.23,-6.5,-19.7,0.992,2.6,-1.2,2.9,13.3,-13.9,1.08,8,2,0,0,2
49.9,22,isocontour,11.283791670955125,39949.12,84.07,-19.2,-7.7,0.991,1.0,-2.4,2.6,13.3,-13.9,1.08,8,3,0,0,3
49.9,23,isocontour,11.283791670955125,41613.39,87.57,-17.0,8.8,1.082,1.5,-1.7,2.3,13.3,-13.9,1.08,8,3,0,0,3
49.9,24,isocontour,11.283791670955125,38705.75,81.45,1.2,-20.7,0.99,1.0,-0.1,1.0,13.3,-13.9,1.08,8,2,0,0,2
49.9,25,isocontour,11.283791670955125,37391.3,78.69,-12.9,16.3,0.989,-1.0,-0.3,1.0,13.3,-13.9,1.08,8,3,0,0,3
49.9,Target,,,,,0.0,0.0,4.023,0.0,0.0,,,,,,,,,
50.0,1,isocontour,11.283791670955125,37246.45,78.38,19.9,5.8,0.99,-0.6,0.5,0.8,19.9,5.8,0.988,1,6,0,0,6
50.0,2,isocontour,11.283791670955125,36585.93,76.99,12.1,16.9,0.99,-1.5,0.0,1.5,12.1,16.9,0.986,2,3,0,0,3
50.0,3,isocontour,11.283791670955125,37896.31,79.75,17.4,11.2,0.997,-0.3,-2.4,2.4,17.4,11.2,0.988,3,5,0,0,5
50.0,4,isocontour,11.283791670955125,40228.08,84.66,19.2,2.0,1.074,-0.5,0.7,0.9,19.2,2.0,1.072,4,7,0,0,7
50.0,5,isocontour,11.283791670955125,38238.52,80.47,19.1,3.1,1.073,-1.4,0.9,1.7,19.1,3.1,1.067,5,7,0,0,7
50.0,6,isocontour,11.283791670955125,39297.52,82.7,14.2,-13.7,1.048,1.3,0.4,1.4,14.2,-13.7,1.052,6,4,0,0,4
50.0,7,isocontour,11.283791670955125,38609.4,81.25,-18.2,9.9,0.991,0.3,0.8,0.9,-18.2,9.9,0.991,7,3,0,0,3
50.0,8,isocontour,11.283791670955125,39852.38,83.86,14.8,-13.0,1.052,1.0,2.4,2.6,14.8,-13.0,1.047,8,5,0,0,5
50.0,9,isocontour,11.283791670955125,38149.35,80.28,21.0,-0.0,0.978,0.7,0.9,1.1,21.0,-0.0,0.982,9,6,0,0,6
50.0,10,isocontour,11.283791670955125,38206.68,80.4,19.4,-7.4,0.99,1.0,0.6,1.2,19.4,-7.4,0.992,10,7,0,0,7
50.0,11,isocontour,11.283791670955125,38482.44,80.98,-18.3,-7.1,1.054,1.8,-1.4,2.3,-18.3,-7.1,1.047,11,3,0,0,3
50.0,12,isocontour,11.283791670955125,38768.52,81.58,-14.9,-14.6,0.985,-1.3,-2.9,3.2,-14.9,-14.6,0.999,12,3,0,0,3
50.0,13,isocontour,11.283791670955125,37179.52,78.24,20.4,-3.8,0.993,-1.7,-1.5,2.3,20.4,-3.8,0.987,13,6,0,0,6
50.0,14,isocontour,11.283791670955125,37401.58,78.71,13.8,-15.5,0.991,-0.2,-1.0,1.0,13.8,-15.5,0.993,14,4,0,0,4
50.0,15,isocontour,11.283791670955125,36554.88,76.93,4.1,20.3,0.994,2.9,-0.1,2.9,4.1,20.3,0.994,15,2,0,0,2
50.0,16,isocontour,11.283791670955125,46952.79,98.81,-24.7,21.6,0.516,-0.6,0.7,0.9,-24.7,21.6,0.517,16,0,0,0,0
50.0,17,isocontour,11.283791670955125,37527.57,78.97,18.0,10.5,0.984,2.0,1.4,2.4,18.0,10.5,0.995,17,6,0,0,6
50.0,18,isocontour,11.283791670955125,41913.21,88.2,-4.9,20.2,0.99,-4.5,-0.5,4.5,-4.9,20.2,0.992,18,2,0,0,2
50.0,19,isocontour,11.283791670955125,38313.61,80.63,-20.6,0.9,0.996,1.4,1.1,1.8,-20.6,0.9,0.989,19,4,0,0,4
50.0,20,isocontour,11.283791670955125,38515.16,81.05,7.0,-19.7,0.983,0.6,1.1,1.3,7.0,-19.7,0.979,20,4,0,0,4
50.0,21,isocontour,11.283791670955125,37645.47,79.22,-6.5,-19.8,0.986,-1.1,-1.0,1.5,-6.5,-19.8,0.992,21,2,0,0,2
50.0,22,isocontour,11.283791670955125,39948.21,84.07,-19.3,-7.7,0.99,-0.5,0.7,0.9,-19.3,-7.7,0.991,22,3,0,0,3
50.0,23,isocontour,11.283791670955125,41606.69,87.56,-17.2,8.8,1.076,-1.7,0.0,1.7,-17.2,8.8,1.082,23,3,0,0,3
50.0,24,isocontour,11.283791670955125,38665.51,81.37,1.0,-20.9,0.983,-2.7,-1.6,3.1,1.0,-20.9,0.99,24,2,0,0,2
50.0,25,isocontour,11.283791670955125,37381.6,78.66,-12.7,16.4,0.991,1.8,0.7,1.9,-12.7,16.4,0.989,25,3,0,0,3
50.0,Target,,,,,0.0,0.0,4.023,0.0,0.0,,,,,,,,,
50.1,1,isocontour,11.283791670955125,37224.21,78.33,19.8,5.9,0.999,-2.2,1.3,2.6,19.2,2.0,1.074,4,6,0,0,6
50.1,2,isocontour,11.283791670955125,36580.72,76.98,12.0,16.8,0.997,-0.1,-1.6,1.6,17.4,11.2,0.997,3,3,0,0,3
50.1,3,isocontour,11.283791670955125,37894.21,79.74,17.3,11.0,1.003,-0.4,-1.1,1.2,19.2,2.0,1.074,4,5,0,0,5
50.1,4,isocontour,11.283791670955125,40202.35,84.6,19.2,2.2,1.074,-0.2,2.7,2.7,19.2,2.2,1.074,4,7,0,0,7
50.1,5,isocontour,11.283791670955125,38238.12,80.47,19.1,3.1,1.075,-0.2,0.6,0.6,19.2,2.0,1.074,4,7,0,0,7
50.1,6,isocontour,11.283791670955125,39290.36,82.68,14.4,-13.6,1.046,1.5,0.9,1.7,14.8,-13.0,1.052,8,4,0,0,4
50.1,7,isocontour,11.283791670955125,38575.28,81.18,-18.5,10.0,0.977,-2.7,1.4,3.0,-17.2,8.8,1.082,23,3,0,0,3
50.1,8,isocontour,11.283791670955125,39835.09,83.83,14.9,-12.8,1.051,1.7,1.6,2.3,14.2,-13.7,1.052,6,5,0,0,5
50.1,9,isocontour,11.283791670955125,38136.4,80.25,20.8,-0.1,0.987,-2.1,-0.6,2.2,19.2,2.0,1.074,4,6,0,0,6
50.1,10,isocontour,11.283791670955125,38200.87,80.39,19.4,-7.5,0.99,-0.8,-1.4,1.6,19.2,2.0,1.074,4,7,0,0,7
50.1,11,isocontour,11.283791670955125,38454.98,80.92,-18.3,-6.9,1.058,-0.4,2.8,2.8,-18.3,-6.9,1.054,11,3,0,0,3
50.1,12,isocontour,11.283791670955125,38761.24,81.57,-14.7,-14.7,0.988,1.8,-0.3,1.8,-18.3,-7.1,1.054,11,3,0,0,3
50.1,13,isocontour,11.283791670955125,37177.14,78.23,20.3,-3.7,0.995,0.0,1.2,1.2,19.2,2.0,1.074,4,6,0,0,6
50.1,14,isocontour,11.283791670955125,37379.85,78.66,13.8,-15.7,0.982,0.0,-2.6,2.6,14.8,-13.0,1.052,8,4,0,0,4
50.1,15,isocontour,11.283791670955125,36553.71,76.92,4.1,20.3,0.992,-0.8,0.5,0.9,4.1,20.3,0.994,15,2,0,0,2
50.1,16,isocontour,11.283791670955125,46951.69,98.8,-24.7,21.5,0.517,0.1,-0.9,0.9,-24.7,21.5,0.517,16,0,0,0,0
50.1,17,isocontour,11.283791670955125,37521.32,78.96,18.0,10.6,0.983,-1.1,1.3,1.7,19.2,2.0,1.074,4,6,0,0,6
50.1,18,isocontour,11.283791670955125,41889.41,88.15,-4.8,20.0,1.0,1.8,-1.9,2.6,4.1,20.3,0.994,15,2,0,0,2
50.1,19,isocontour,11.283791670955125,38313.13,80.63,-20.6,0.9,0.996,-0.3,-0.6,0.7,-17.2,8.8,1.082,23,4,0,0,4
50.1,20,isocontour,11.283791670955125,38512.55,81.04,7.1,-19.6,0.987,0.8,1.0,1.3,14.8,-13.0,1.052,8,4,0,0,4
50.1,21,isocontour,11.283791670955125,37643.77,79.22,-6.6,-19.8,0.984,-1.1,0.2,1.1,-14.9,-14.6,0.999,12,2,0,0,2
50.1,22,isocontour,11.283791670955125,39948.06,84.07,-19.3,-7.7,0.989,-0.2,-0.4,0.4,-18.3,-7.1,1.054,11,3,0,0,3
50.1,23,isocontour,11.283791670955125,41602.65,87.55,-17.3,8.7,1.072,-1.1,-0.9,1.4,-17.3,8.7,1.082,23,3,0,0,3
50.1,24,isocontour,11.283791670955125,38661.21,81.36,0.9,-20.8,0.988,-0.8,1.2,1.4,-6.5,-19.8,0.992,21,2,0,0,2
50.1,25,isocontour,11.283791670955125,37366.59,78.63,-12.6,16.5,0.994,2.0,1.1,2.3,-17.2,8.8,1.082,23,3,0,0,3
50.1,Target,,,,,0.0,0.0,4.023,0.0,0.0,,,,,,,,,
50.2,1,isocontour,11.283791670955125,37204.9,78.29,19.8,6.1,0.994,0.6,2.4,2.5,19.1,3.1,1.075,5,6,0,0,6
50.2,2,isocontour,11.283791670955125,36552.66,76.92,12.2,16.9,0.985,2.3,1.6,2.8,19.2,2.0,1.074,4,3,0,0,3
50.2,3,isocontour,11.283791670955125,37889.1,79.73,17.4,11.0,0.997,1.6,0.2,1.6,19.1,3.1,1.075,5,5,0,0,5
50.2,4,isocontour,11.283791670955125,40163.97,84.52,19.2,2.5,1.072,0.0,3.1,3.1,19.1,3.1,1.075,5,7,0,0,7
50.2,5,isocontour,11.283791670955125,38227.03,80.44,19.0,3.3,1.076,-0.7,1.9,2.0,19.0,3.3,1.075,5,7,0,0,7
50.2,6,isocontour,11.283791670955125,39260.79,82.62,14.2,-13.5,1.059,-2.5,1.4,2.9,19.2,2.0,1.074,4,4,0,0,4
50.2,7,isocontour,11.283791670955125,38575.2,81.18,-18.5,10.1,0.973,-0.1,0.4,0.4,-17.2,8.8,1.082,23,3,0,0,3
50.2,8,isocontour,11.283791670955125,39805.21,83.77,15.0,-12.6,1.057,0.9,2.7,2.8,19.2,2.0,1.074,4,5,0,0,5
50.2,9,isocontour,11.283791670955125,38099.12,80.17,20.7,0.2,0.992,-0.7,3.0,3.1,19.1,3.1,1.075,5,6,0,0,6
50.2,10,isocontour,11.283791670955125,38183.14,80.35,19.3,-7.7,0.987,-0.1,-2.4,2.4,19.1,3.1,1.075,5,7,0,0,7
50.2,11,isocontour,11.283791670955125,38452.54,80.92,-18.3,-6.8,1.06,-0.2,1.2,1.2,-17.2,8.8,1.082,23,3,0,0,3
50.2,12,isocontour,11.283791670955125,38748.46,81.54,-14.7,-14.5,0.995,-0.2,2.1,2.1,-18.3,-6.9,1.058,11,3,0,0,3
50.2,13,isocontour,11.283791670955125,37067.52,78.0,20.4,-4.1,0.988,0.7,-4.4,4.5,19.1,3.1,1.075,5,6,0,0,6
50.2,14,isocontour,11.283791670955125,37379.51,78.66,13.8,-15.8,0.978,-0.1,-0.6,0.6,19.2,2.0,1.074,4,4,0,0,4
50.2,15,isocontour,11.283791670955125,36542.78,76.9,4.2,20.5,0.983,1.1,1.7,2.0,-4.8,20.0,1.0,18,2,0,0,2
50.2,16,isocontour,11.283791670955125,46950.59,98.8,-24.7,21.5,0.517,0.5,0.8,0.9,-24.7,21.5,0.517,16,0,0,0,0
50.2,17,isocontour,11.283791670955125,37491.75,78.9,17.9,10.4,0.993,-0.8,-2.7,2.8,19.1,3.1,1.075,5,6,0,0,6
50.2,18,isocontour,11.283791670955125,41884.94,88.14,-4.8,20.1,0.996,0.1,1.5,1.5,-17.2,8.8,1.082,23,2,0,0,2
50.2,19,isocontour,11.283791670955125,38276.93,80.55,-20.7,1.1,0.992,-0.5,3.0,3.0,-17.2,8.8,1.082,23,4,0,0,4
50.2,20,isocontour,11.283791670955125,38510.6,81.04,7.0,-19.5,0.991,-1.1,0.4,1.2,14.8,-13.0,1.052,8,4,0,0,4
50.2,21,isocontour,11.283791670955125,37627.75,79.18,-6.6,-19.6,0.995,0.5,2.3,2.4,-18.3,-7.1,1.054,11,2,0,0,2
50.2,22,isocontour,11.283791670955125,39870.89,83.9,-19.4,-7.4,0.989,-1.2,3.7,3.9,-17.2,8.8,1.082,23,3,0,0,3
50.2,23,isocontour,11.283791670955125,41571.82,87.48,-17.4,8.4,1.074,-0.8,-2.8,2.9,-17.4,8.4,1.082,23,3,0,0,3
50.2,24,isocontour,11.283791670955125,38659.22,81.35,1.0,-20.8,0.987,1.1,-0.2,1.1,14.8,-13.0,1.052,8,2,0,0,2
50.2,25,isocontour,11.283791670955125,37330.38,78.56,-12.7,16.3,0.993,-2.5,-1.7,3.0,-17.2,8.8,1.082,23,3,0,0,3
50.2,Target,,,,,0.0,0.0,4.023,0.0,0.0,,,,,,,,,
50.3,1,isocontour,11.283791670955125,37186.51,78.25,20.0,6.1,0.984,2.3,-0.8,2.4,19.0,3.3,1.076,5,6,0,0,6
50.3,2,isocontour,11.283791670955125,36550.56,76.92,12.4,16.9,0.982,1.0,-0.5,1.1,19.1,3.1,1.075,5,3,0,0,3
50.3,3,isocontour,11.283791670955125,37819.85,79.59,17.5,11.4,0.986,0.2,3.8,3.8,19.0,3.3,1.076,5,5,0,0,5
50.3,4,isocontour,11.283791670955125,40125.6,84.44,19.1,2.9,1.072,-0.4,3.1,3.1,19.0,3.3,1.076,5,7,0,0,7
50.3,5,isocontour,11.283791670955125,38225.38,80.44,19.0,3.4,1.078,-0.3,1.0,1.0,19.0,3.4,1.076,5,7,0,0,7
50.3,6,isocontour,11.283791670955125,39233.62,82.56,14.2,-13.2,1.066,1.2,2.5,2.8,19.1,3.1,1.075,5,5,0,0,5
50.3,7,isocontour,11.283791670955125,38550.3,81.12,-18.3,10.0,0.985,2.7,-0.4,2.7,-17.2,8.8,1.082,23,3,0,0,3
50.3,8,isocontour,11.283791670955125,39786.13,83.73,15.0,-12.4,1.069,-0.9,2.3,2.5,19.1,3.1,1.075,5,5,0,0,5
50.3,9,isocontour,11.283791670955125,38077.89,80.13,20.7,0.0,0.991,0.3,-2.5,2.5,19.0,3.3,1.076,5,6,0,0,6
50.3,10,isocontour,11.283791670955125,38176.9,80.34,19.4,-7.7,0.984,1.0,1.4,1.7,19.0,3.3,1.076,5,7,0,0,7
50.3,11,isocontour,11.283791670955125,38451.51,80.92,-18.3,-6.8,1.063,0.8,-0.4,0.9,-17.2,8.8,1.082,23,3,0,0,3
50.3,12,isocontour,11.283791670955125,38723.29,81.49,-14.9,-14.3,0.998,-1.6,2.2,2.7,-17.2,8.8,1.082,23,3,0,0,3
50.3,13,isocontour,11.283791670955125,37064.79,78.0,20.4,-4.1,0.986,0.4,1.2,1.3,19.0,3.3,1.076,5,7,0,0,7
50.3,14,isocontour,11.283791670955125,37375.04,78.65,13.8,-15.7,0.984,-0.3,1.5,1.5,19.1,3.1,1.075,5,4,0,0,4
50.3,15,isocontour,11.283791670955125,36536.43,76.89,4.1,20.4,0.987,-1.4,-1.0,1.7,-17.2,8.8,1.082,23,2,0,0,2
50.3,16,isocontour,11.283791670955125,46949.49,98.8,-24.6,21.5,0.519,0.7,-0.6,0.9,-24.6,21.5,0.517,16,0,0,0,0
50.3,17,isocontour,11.283791670955125,37472.21,78.86,17.8,10.6,0.99,-0.3,2.5,2.5,19.0,3.3,1.076,5,6,0,0,6
50.3,18,isocontour,11.283791670955125,41883.65,88.14,-4.7,20.2,0.991,0.6,0.8,1.0,-17.2,8.8,1.082,23,2,0,0,2
50.3,19,isocontour,11.283791670955125,38249.46,80.49,-20.8,1.4,0.986,-1.1,2.5,2.7,-17.2,8.8,1.082,23,4,0,0,4
50.3,20,isocontour,11.283791670955125,38509.67,81.04,6.9,-19.5,0.995,-0.7,0.5,0.9,19.2,2.0,1.074,4,4,0,0,4
50.3,21,isocontour,11.283791670955125,37625.65,79.18,-6.6,-19.7,0.992,0.5,-1.1,1.2,-18.3,-6.9,1.058,11,2,0,0,2
50.3,22,isocontour,11.283791670955125,39864.65,83.89,-19.3,-7.3,0.998,1.6,0.4,1.6,-17.2,8.8,1.082,23,3,0,0,3
50.3,23,isocontour,11.283791670955125,41557.39,87.45,-17.3,8.6,1.072,0.6,2.2,2.3,-17.3,8.6,1.082,23,3,0,0,3
50.3,24,isocontour,11.283791670955125,38655.8,81.35,0.9,-20.7,0.992,-1.0,0.9,1.3,-18.3,-7.1,1.054,11,2,0,0,2
50.3,25,isocontour,11.283791670955125,37320.98,78.54,-12.9,16.2,0.995,-1.1,-1.6,1.9,-17.2,8.8,1.082,23,3,0,0,3
50.3,Target,,,,,0.0,0.0,4.023,0.0,0.0,,,,,,,,,
50.4,1,isocontour,11.283791670955125,37186.16,78.25,20.0,6.1,0.98,0.3,0.6,0.7,19.0,3.4,1.078,5,6,0,0,6
50.4,2,isocontour,11.283791670955125,36544.32,76.9,12.4,16.7,0.989,-0.4,-1.6,1.6,-17.2,8.8,1.082,23,3,0,0,3
50.4,3,isocontour,11.283791670955125,37810.87,79.57,17.6,11.3,0.98,1.7,-0.9,1.9,19.0,3.4,1.078,5,5,0,0,5
50.4,4,isocontour,11.283791670955125,40093.8,84.37,19.3,3.1,1.06,1.8,2.3,2.9,19.0,3.4,1.078,5,7,0,0,7
50.4,5,isocontour,11.283791670955125,38219.02,80.43,19.0,3.6,1.073,0.7,1.5,1.7,19.0,3.6,1.078,5,7,0,0,7
50.4,6,isocontour,11.283791670955125,39211.89,82.52,14.1,-13.3,1.07,-2.2,-1.3,2.6,19.0,3.3,1.076,5,5,0,0,5
50.4,7,isocontour,11.283791670955125,38546.88,81.12,-18.1,10.0,0.993,1.4,-0.1,1.4,-17.2,8.8,1.082,23,3,0,0,3
50.4,8,isocontour,11.283791670955125,39783.87,83.72,14.9,-12.4,1.069,-0.5,-1.1,1.2,19.0,3.3,1.076,5,5,0,0,5
50.4,9,isocontour,11.283791670955125,38070.6,80.11,20.9,-0.1,0.983,1.7,-0.4,1.7,19.0,3.4,1.078,5,6,0,0,6
50.4,10,isocontour,11.283791670955125,38174.22,80.33,19.4,-7.5,0.987,-0.2,1.3,1.3,19.0,3.4,1.078,5,7,0,0,7
50.4,11,isocontour,11.283791670955125,38449.46,80.91,-18.2,-6.8,1.067,0.9,-0.8,1.2,-17.2,8.8,1.082,23,3,0,0,3
50.4,12,isocontour,11.283791670955125,38681.12,81.4,-15.0,-14.5,0.985,-0.9,-3.1,3.2,-17.2,8.8,1.082,23,3,0,0,3
50.4,13,isocontour,11.283791670955125,37027.51,77.92,20.4,-3.8,0.993,-1.0,2.9,3.1,19.0,3.4,1.078,5,7,0,0,7
50.4,14,isocontour,11.283791670955125,37371.39,78.64,13.7,-15.7,0.984,-0.8,-1.1,1.4,19.0,3.3,1.076,5,4,0,0,4
50.4,15,isocontour,11.283791670955125,36534.0,76.88,4.0,20.4,0.99,-1.2,-0.2,1.2,-17.2,8.8,1.082,23,2,0,0,2
50.4,16,isocontour,11.283791670955125,46948.39,98.8,-24.6,21.4,0.521,0.3,-0.9,0.9,-24.6,21.4,0.519,16,0,0,0,0
50.4,17,isocontour,11.283791670955125,37367.69,78.64,17.8,11.0,0.982,-0.7,4.3,4.4,19.0,3.4,1.078,5,6,0,0,6
50.4,18,isocontour,11.283791670955125,41882.66,88.14,-4.7,20.3,0.988,0.5,0.7,0.9,-17.2,8.8,1.082,23,2,0,0,2
50.4,19,isocontour,11.283791670955125,38151.28,80.28,-20.8,1.1,0.984,-0.4,-4.2,4.2,-17.2,8.8,1.082,23,4,0,0,4
50.4,20,isocontour,11.283791670955125,38497.93,81.01,7.1,-19.5,0.99,2.0,-0.5,2.1,19.1,3.1,1.075,5,4,0,0,4
50.4,21,isocontour,11.283791670955125,37618.61,79.16,-6.6,-19.8,0.983,-0.7,-1.6,1.7,-17.2,8.8,1.082,23,2,0,0,2
50.4,22,isocontour,11.283791670955125,39862.44,83.89,-19.3,-7.2,1.0,-0.2,1.2,1.2,-17.2,8.8,1.082,23,3,0,0,3
50.4,23,isocontour,11.283791670955125,41537.38,87.41,-17.3,8.8,1.069,0.5,2.5,2.5,-17.3,8.8,1.082,23,3,0,0,3
50.4,24,isocontour,11.283791670955125,38631.99,81.3,1.1,-20.8,0.985,2.2,-1.4,2.6,19.2,2.0,1.074,4,2,0,0,2
50.4,25,isocontour,11.283791670955125,37315.47,78.53,-13.0,16.2,0.989,-1.4,0.8,1.6,-17.2,8.8,1.082,23,3,0,0,3
50.4,Target,,,,,0.0,0.0,4.023,0.0,0.0,,,,,,,,,
50.5,1,isocontour,11.283791670955125,37149.95,78.18,20.0,5.9,0.983,0.1,-3.1,3.1,19.0,3.4,1.078,5,6,0,0,6
50.5,2,isocontour,11.283791670955125,36507.4,76.83,12.1,16.8,0.995,-2.9,1.0,3.1,-17.2,8.8,1.082,23,3,0,0,3
50.5,3,isocontour,11.283791670955125,37792.03,79.53,17.5,11.4,0.983,-2.0,1.4,2.4,-17.2,8.8,1.082,23,5,0,0,5
50.5,4,isocontour,11.283791670955125,40093.32,84.37,19.3,3.1,1.059,0.0,-0.7,0.7,19.0,3.4,1.078,5,7,0,0,7
50.5,5,isocontour,11.283791670955125,38217.46,80.42,18.9,3.6,1.076,-0.9,0.6,1.1,19.0,3.4,1.078,5,7,0,0,7
50.5,6,isocontour,11.283791670955125,39211.3,82.52,14.0,-13.4,1.07,-0.4,-0.7,0.8,19.0,3.4,1.078,5,4,0,0,4
50.5,7,isocontour,11.283791670955125,38544.56,81.11,-18.1,9.9,0.998,0.3,-1.2,1.2,-17.2,8.8,1.082,23,3,0,0,3
50.5,8,isocontour,11.283791670955125,39777.84,83.71,15.0,-12.3,1.067,1.2,1.1,1.6,19.0,3.4,1.078,5,5,0,0,5
50.5,9,isocontour,11.283791670955125,38061.62,80.1,21.0,-0.2,0.976,1.1,-1.6,1.9,19.0,3.4,1.078,5,5,0,0,5
50.5,10,isocontour,11.283791670955125,38171.79,80.33,19.4,-7.4,0.989,-0.0,1.2,1.2,19.0,3.4,1.078,5,7,0,0,7
50.5,11,isocontour,11.283791670955125,38438.05,80.89,-18.3,-7.0,1.057,-1.6,-1.3,2.1,-17.2,8.8,1.082,23,3,0,0,3
50.5,12,isocontour,11.283791670955125,38680.79,81.4,-14.9,-14.6,0.984,0.5,-0.4,0.6,-17.2,8.8,1.082,23,3,0,0,3
50.5,13,isocontour,11.283791670955125,37026.98,77.92,20.4,-3.8,0.991,0.6,-0.4,0.7,19.0,3.4,1.078,5,6,0,0,6
50.5,14,isocontour,11.283791670955125,37350.65,78.6,13.7,-15.5,0.993,-0.2,2.5,2.5,19.0,3.4,1.078,5,4,0,0,4
50.5,15,isocontour,11.283791670955125,36532.25,76.88,3.8,20.4,0.991,-1.1,0.1,1.1,-17.2,8.8,1.082,23,2,0,0,2
50.5,16,isocontour,11.283791670955125,46947.29,98.79,-24.5,21.3,0.523,0.4,-0.8,0.9,-24.5,21.3,0.521,16,0,0,0,0
50.5,17,isocontour,11.283791670955125,37312.16,78.52,17.7,11.4,0.974,-0.6,3.5,3.6,-17.2,8.8,1.082,23,5,0,0,5
50.5,18,isocontour,11.283791670955125,41852.46,88.07,-4.6,20.0,1.001,0.3,-2.9,2.9,-17.2,8.8,1.082,23,2,0,0,2
50.5,19,isocontour,11.283791670955125,38150.57,80.28,-20.8,1.0,0.986,0.5,-0.7,0.9,-17.2,8.8,1.082,23,4,0,0,4
50.5,20,isocontour,11.283791670955125,38492.72,81.0,7.1,-19.7,0.982,-0.1,-1.6,1.6,19.0,3.3,1.076,5,4,0,0,4
50.5,21,isocontour,11.283791670955125,37529.11,78.98,-6.9,-19.6,0.989,-3.2,2.6,4.1,-17.2,8.8,1.082,23,2,0,0,2
50.5,22,isocontour,11.283791670955125,39850.19,83.86,-19.4,-7.3,0.991,-1.6,-1.4,2.1,-17.2,8.8,1.082,23,3,0,0,3
50.5,23,isocontour,11.283791670955125,41512.2,87.36,-17.3,9.1,1.062,0.1,2.7,2.7,-17.3,9.1,1.082,23,3,0,0,3
50.5,24,isocontour,11.283791670955125,38626.58,81.28,1.2,-21.0,0.978,1.0,-1.3,1.6,-17.2,8.8,1.082,23,2,0,0,2
50.5,25,isocontour,11.283791670955125,37313.15,78.52,-13.0,16.1,0.992,-0.0,-1.2,1.2,-17.2,8.8,1.082,23,3,0,0,3
50.5,Target,,,,,0.0,0.0,4.023,0.0,0.0,,,,,,,,,
50.6,1,isocontour,11.283791670955125,37121.89,78.12,20.1,5.6,0.986,0.2,-2.8,2.8,-17.2,8.8,1.082,23,6,0,0,6
50.6,2,isocontour,11.283791670955125,36499.87,76.81,12.2,16.8,0.99,1.8,0.2,1.8,-17.2,8.8,1.082,23,3,0,0,3
50.6,3,isocontour,11.283791670955125,37745.39,79.43,17.2,11.5,0.996,-3.3,0.3,3.3,-17.2,8.8,1.082,23,5,0,0,5
50.6,4,isocontour,11.283791670955125,40067.59,84.32,19.3,2.8,1.061,-0.0,-2.7,2.7,-17.2,8.8,1.082,23,7,0,0,7
50.6,5,isocontour,11.283791670955125,38216.75,80.42,18.9,3.6,1.077,-0.0,-0.8,0.8,-17.2,8.8,1.082,23,7,0,0,7
50.6,6,isocontour,11.283791670955125,39207.25,82.51,14.0,-13.5,1.063,0.4,-1.4,1.5,19.0,3.4,1.078,5,4,0,0,4
50.6,7,isocontour,11.283791670955125,38467.98,80.95,-18.3,9.7,0.993,-2.9,-2.7,4.0,-17.2,8.8,1.082,23,3,0,0,3
50.6,8,isocontour,11.283791670955125,39772.73,83.7,15.1,-12.3,1.064,1.4,0.8,1.6,19.0,3.4,1.078,5,5,0,0,5
50.6,9,isocontour,11.283791670955125,38059.73,80.09,20.9,-0.3,0.98,-1.0,-0.5,1.1,19.0,3.4,1.078,5,5,0,0,5
50.6,10,isocontour,11.283791670955125,38158.66,80.3,19.3,-7.5,0.993,-1.3,-1.7,2.1,19.0,3.4,1.078,5,7,0,0,7
50.6,11,isocontour,11.283791670955125,38428.06,80.87,-18.5,-7.0,1.047,-1.9,0.4,1.9,-17.2,8.8,1.082,23,3,0,0,3
50.6,12,isocontour,11.283791670955125,38667.66,81.37,-14.8,-14.5,0.994,1.4,1.6,2.1,-17.2,8.8,1.082,23,3,0,0,3
50.6,13,isocontour,11.283791670955125,37026.5,77.92,20.4,-3.8,0.988,0.3,-0.6,0.7,19.0,3.4,1.078,5,6,0,0,6
50.6,14,isocontour,11.283791670955125,37349.13,78.6,13.6,-15.4,1.0,-0.8,0.7,1.1,19.0,3.4,1.078,5,4,0,0,4
50.6,15,isocontour,11.283791670955125,36523.41,76.86,3.9,20.5,0.982,0.8,1.7,1.9,-17.2,8.8,1.082,23,2,0,0,2
50.6,16,isocontour,11.283791670955125,46946.19,98.79,-24.6,21.4,0.522,-0.7,0.7,1.0,-24.6,21.4,0.523,16,0,0,0,0
50.6,17,isocontour,11.283791670955125,37311.48,78.52,17.6,11.4,0.976,-0.8,0.0,0.8,-17.2,8.8,1.082,23,5,0,0,5
50.6,18,isocontour,11.283791670955125,41848.33,88.06,-4.7,20.1,0.997,-0.8,1.2,1.4,-17.2,8.8,1.082,23,2,0,0,2
50.6,19,isocontour,11.283791670955125,38114.36,80.21,-20.7,1.2,0.99,0.9,2.9,3.0,-17.2,8.8,1.082,23,4,0,0,4
50.6,20,isocontour,11.283791670955125,38460.27,80.93,7.4,-19.7,0.977,2.9,0.2,2.9,-17.2,8.8,1.082,23,4,0,0,4
50.6,21,isocontour,11.283791670955125,37527.79,78.97,-7.0,-19.6,0.988,-1.0,-0.1,1.0,-17.2,8.8,1.082,23,2,0,0,2
50.6,22,isocontour,11.283791670955125,39834.58,83.83,-19.6,-7.4,0.978,-2.2,-0.7,2.3,-17.2,8.8,1.082,23,3,0,0,3
50.6,23,isocontour,11.283791670955125,41480.73,87.29,-17.3,9.4,1.052,-0.5,2.9,2.9,-17.3,9.4,1.082,23,3,0,0,3
50.6,24,isocontour,11.283791670955125,38623.3,81.28,1.2,-20.9,0.981,-1.0,1.0,1.4,-17.2,8.8,1.082,23,2,0,0,2
50.6,25,isocontour,11.283791670955125,37306.57,78.51,-13.1,16.2,0.985,-1.0,1.4,1.7,-17.2,8.8,1.082,23,3,0,0,3
50.6,Target,,,,,0.0,0.0,4.023,0.0,0.0,,,,,,,,,
50.7,1,isocontour,11.283791670955125,37117.93,78.11,20.0,5.6,0.988,-0.7,1.3,1.5,-17.2,8.8,1.082,23,6,0,0,6
50.7,2,isocontour,11.283791670955125,36498.81,76.81,12.3,16.7,0.99,0.6,-0.7,0.9,-17.2,8.8,1.082,23,3,0,0,3
50.7,3,isocontour,11.283791670955125,37741.75,79.42,17.0,11.5,1.004,-1.4,-0.4,1.5,-17.2,8.8,1.082,23,5,0,0,5
50.7,4,isocontour,11.283791670955125,40063.63,84.31,19.2,2.8,1.067,-1.3,0.7,1.5,-17.2,8.8,1.082,23,7,0,0,7
50.7,5,isocontour,11.283791670955125,38196.49,80.38,18.8,3.7,1.085,-1.9,1.7,2.5,-17.2,8.8,1.082,23,7,0,0,7
50.7,6,isocontour,11.283791670955125,39191.64,82.47,13.9,-13.7,1.061,-1.5,-1.8,2.3,-17.2,8.8,1.082,23,4,0,0,4
50.7,7,isocontour,11.283791670955125,38463.6,80.94,-18.5,9.7,0.985,-1.5,0.2,1.5,-17.2,8.8,1.082,23,3,0,0,3
50.7,8,isocontour,11.283791670955125,39770.06,83.69,15.1,-12.3,1.066,-1.0,-0.7,1.2,-17.2,8.8,1.082,23,5,0,0,5
50.7,9,isocontour,11.283791670955125,38057.29,80.09,20.8,-0.3,0.986,-1.1,-0.6,1.3,-17.2,8.8,1.082,23,5,0,0,5
50.7,10,isocontour,11.283791670955125,38151.13,80.28,19.4,-7.5,0.988,1.5,1.0,1.8,-17.2,8.8,1.082,23,7,0,0,7
50.7,11,isocontour,11.283791670955125,38424.64,80.86,-18.4,-7.0,1.051,1.3,-0.4,1.4,-17.2,8.8,1.082,23,3,0,0,3
50.7,12,isocontour,11.283791670955125,38665.87,81.37,-14.9,-14.4,0.994,-1.0,0.6,1.2,-17.2,8.8,1.082,23,3,0,0,3
50.7,13,isocontour,11.283791670955125,36925.54,77.71,20.4,-4.2,0.988,-0.9,-4.2,4.3,-17.2,8.8,1.082,23,6,0,0,6
50.7,14,isocontour,11.283791670955125,37249.56,78.39,13.5,-15.8,0.989,-1.1,-4.1,4.2,-17.2,8.8,1.082,23,4,0,0,4
50.7,15,isocontour,11.283791670955125,36486.49,76.78,3.6,20.5,0.986,-3.0,-0.5,3.0,-17.2,8.8,1.082,23,2,0,0,2
50.7,16,isocontour,11.283791670955125,46945.1,98.79,-24.7,21.4,0.52,-0.9,-0.1,0.9,-24.7,21.4,0.523,16,0,0,0,0
50.7,17,isocontour,11.283791670955125,37303.57,78.5,17.6,11.3,0.983,-0.6,-1.7,1.8,-17.2,8.8,1.082,23,5,0,0,5
50.7,18,isocontour,11.283791670955125,41847.64,88.06,-4.6,20.1,0.996,0.8,0.1,0.8,-17.2,8.8,1.082,23,2,0,0,2
50.7,19,isocontour,11.283791670955125,38110.94,80.2,-20.6,1.3,0.994,0.9,1.1,1.4,-17.2,8.8,1.082,23,4,0,0,4
50.7,20,isocontour,11.283791670955125,38455.62,80.93,7.5,-19.5,0.982,0.6,1.4,1.5,-17.2,8.8,1.082,23,4,0,0,4
50.7,21,isocontour,11.283791670955125,37520.51,78.96,-7.1,-19.5,0.993,-0.8,1.6,1.8,-17.2,8.8,1.082,23,2,0,0,2
50.7,22,isocontour,11.283791670955125,39823.49,83.8,-19.6,-7.6,0.975,0.5,-2.0,2.1,-17.2,8.8,1.082,23,3,0,0,3
50.7,23,isocontour,11.283791670955125,41470.12,87.27,-17.5,9.3,1.045,-1.8,-1.0,2.1,-17.5,9.3,1.082,23,3,0,0,3
50.7,24,isocontour,11.283791670955125,38621.04,81.27,1.0,-20.8,0.985,-1.1,0.4,1.2,-17.2,8.8,1.082,23,2,0,0,2
50.7,25,isocontour,11.283791670955125,37234.0,78.35,-12.8,16.3,0.99,3.7,1.1,3.9,-17.2,8.8,1.082,23,3,0,0,3
50.7,Target,,,,,0.0,0.0,4.023,0.0,0.0,,,,,,,,,
50.8,1,isocontour,11.283791670955125,37117.19,78.11,20.0,5.7,0.99,-0.5,0.7,0.9,18.8,3.7,1.085,5,6,0,0,6
50.8,2,isocontour,11.283791670955125,36470.75,76.75,12.4,16.5,0.995,1.4,-2.4,2.8,-17.2,8.8,1.082,23,3,0,0,3
50.8,3,isocontour,11.283791670955125,37726.54,79.39,17.0,11.7,1.001,-0.3,2.3,2.3,18.8,3.7,1.085,5,5,0,0,5
50.8,4,isocontour,11.283791670955125,40026.71,84.23,19.1,3.1,1.073,-1.2,2.8,3.0,18.8,3.7,1.085,5,7,0,0,7
50.8,5,isocontour,11.283791670955125,38194.17,80.37,18.7,3.8,1.088,-0.6,1.1,1.3,18.7,3.8,1.085,5,7,0,0,7
50.8,6,isocontour,11.283791670955125,39188.9,82.47,14.0,-13.8,1.055,1.2,-0.5,1.3,-17.2,8.8,1.082,23,4,0,0,4
50.8,7,isocontour,11.283791670955125,38462.07,80.94,-18.6,9.6,0.98,-1.0,-0.3,1.0,-17.2,8.8,1.082,23,3,0,0,3
50.8,8,isocontour,11.283791670955125,39755.04,83.66,15.2,-12.2,1.063,1.8,1.3,2.2,-17.2,8.8,1.082,23,5,0,0,5
50.8,9,isocontour,11.283791670955125,38036.8,80.04,20.7,-0.5,0.993,-1.3,-2.1,2.5,18.8,3.7,1.085,5,5,0,0,5
50.8,10,isocontour,11.283791670955125,38140.99,80.26,19.4,-7.6,0.988,-0.8,-1.8,2.0,18.8,3.7,1.085,5,7,0,0,7
50.8,11,isocontour,11.283791670955125,38399.46,80.81,-18.3,-6.8,1.064,1.7,2.1,2.7,-17.2,8.8,1.082,23,3,0,0,3
50.8,12,isocontour,11.283791670955125,38664.62,81.36,-14.9,-14.5,0.991,-0.0,-1.0,1.0,-17.2,8.8,1.082,23,3,0,0,3
50.8,13,isocontour,11.283791670955125,36917.5,77.69,20.2,-4.2,0.997,-1.8,0.4,1.8,18.8,3.7,1.085,5,6,0,0,6
50.8,14,isocontour,11.283791670955125,37246.49,78.38,13.6,-15.8,0.984,1.3,0.2,1.3,-17.2,8.8,1.082,23,4,0,0,4
50.8,15,isocontour,11.283791670955125,36451.33,76.71,3.3,20.5,0.992,-2.9,-0.7,3.0,-17.2,8.8,1.082,23,2,0,0,2
50.8,16,isocontour,11.283791670955125,46944.0,98.79,-24.6,21.4,0.52,0.9,0.4,1.0,-24.6,21.4,0.523,16,0,0,0,0
50.8,17,isocontour,11.283791670955125,37301.14,78.5,17.5,11.2,0.989,-1.2,0.1,1.2,18.8,3.7,1.085,5,5,0,0,5
50.8,18,isocontour,11.283791670955125,41817.76,88.0,-4.9,20.1,0.996,-2.8,-0.7,2.9,-17.2,8.8,1.082,23,2,0,0,2
50.8,19,isocontour,11.283791670955125,38110.07,80.2,-20.6,1.3,0.996,0.1,-0.9,0.9,-17.2,8.8,1.082,23,4,0,0,4
50.8,20,isocontour,11.283791670955125,38436.55,80.88,7.6,-19.4,0.986,2.0,1.5,2.5,-17.2,8.8,1.082,23,4,0,0,4
50.8,21,isocontour,11.283791670955125,37498.27,78.91,-6.9,-19.5,0.992,2.3,-1.2,2.6,-17.2,8.8,1.082,23,2,0,0,2
50.8,22,isocontour,11.283791670955125,39798.32,83.75,-19.4,-7.5,0.988,2.6,0.7,2.7,-17.2,8.8,1.082,23,3,0,0,3
50.8,23,isocontour,11.283791670955125,41460.57,87.25,-17.6,9.2,1.041,-1.3,-1.4,1.9,-17.6,9.2,1.082,23,3,0,0,3
50.8,24,isocontour,11.283791670955125,38585.19,81.2,0.8,-20.8,0.988,-3.0,0.5,3.0,-17.2,8.8,1.082,23,2,0,0,2
50.8,25,isocontour,11.283791670955125,37231.74,78.35,-12.7,16.4,0.99,0.8,0.9,1.2,-17.2,8.8,1.082,23,3,0,0,3
50.8,Target,,,,,0.0,0.0,4.023,0.0,0.0,,,,,,,,,
50.9,1,isocontour,11.283791670955125,37100.34,78.07,19.9,5.9,0.989,-0.4,2.3,2.3,18.7,3.8,1.088,5,6,0,0,6
50.9,2,isocontour,11.283791670955125,36468.76,76.74,12.5,16.5,0.994,1.1,-0.2,1.1,18.8,3.7,1.085,5,3,0,0,3
50.9,3,isocontour,11.283791670955125,37726.48,79.39,17.0,11.7,0.998,0.3,0.2,0.4,18.7,3.8,1.088,5,5,0,0,5
50.9,4,isocontour,11.283791670955125,40023.71,84.22,19.0,3.2,1.076,-0.7,1.1,1.3,18.7,3.8,1.088,5,7,0,0,7
50.9,5,isocontour,11.283791670955125,38193.27,80.37,18.7,3.9,1.089,-0.2,0.8,0.8,18.7,3.9,1.088,5,6,0,0,6
50.9,6,isocontour,11.283791670955125,39187.58,82.47,14.0,-13.8,1.054,-0.6,-0.8,1.0,18.8,3.7,1.085,5,4,0,0,4
50.9,7,isocontour,11.283791670955125,38449.65,80.91,-18.7,9.5,0.982,-0.5,-2.1,2.2,-17.2,8.8,1.082,23,3,0,0,3
50.9,8,isocontour,11.283791670955125,39735.97,83.62,15.3,-12.0,1.068,0.4,2.4,2.4,18.8,3.7,1.085,5,5,0,0,5
50.9,9,isocontour,11.283791670955125,37999.88,79.97,20.7,-0.3,0.993,0.2,3.1,3.1,18.7,3.8,1.088,5,5,0,0,5
50.9,10,isocontour,11.283791670955125,38102.98,80.18,19.4,-7.4,0.992,0.2,3.1,3.1,18.8,3.7,1.085,5,6,0,0,6
50.9,11,isocontour,11.283791670955125,38396.6,80.8,-18.3,-6.7,1.065,-0.6,1.2,1.3,-17.2,8.8,1.082,23,3,0,0,3
50.9,12,isocontour,11.283791670955125,38659.22,81.35,-15.0,-14.6,0.983,-0.9,-1.3,1.6,-17.2,8.8,1.082,23,3,0,0,3
50.9,13,isocontour,11.283791670955125,36896.02,77.64,20.1,-4.4,0.998,-0.5,-2.5,2.5,18.7,3.8,1.088,5,6,0,0,6
50.9,14,isocontour,11.283791670955125,37214.04,78.31,13.7,-15.6,0.99,1.1,2.7,2.9,18.8,3.7,1.085,5,4,0,0,4
50.9,15,isocontour,11.283791670955125,36442.35,76.69,3.3,20.6,0.984,0.3,1.9,1.9,-17.2,8.8,1.082,23,2,0,0,2
50.9,16,isocontour,11.283791670955125,46942.9,98.79,-24.5,21.4,0.522,0.9,0.3,0.9,-24.5,21.4,0.523,16,0,0,0,0
50.9,17,isocontour,11.283791670955125,37299.39,78.49,17.4,11.3,0.99,-0.6,0.9,1.1,18.7,3.8,1.088,5,5,0,0,5
50.9,18,isocontour,11.283791670955125,41783.63,87.93,-5.2,20.0,0.994,-3.0,-0.3,3.0,-17.2,8.8,1.082,23,2,0,0,2
50.9,19,isocontour,11.283791670955125,38079.87,80.13,-20.7,1.5,0.993,-0.4,2.8,2.8,-17.2,8.8,1.082,23,4,0,0,4
50.9,20,isocontour,11.283791670955125,38404.43,80.82,7.4,-19.3,0.995,-2.8,0.8,2.9,-17.2,8.8,1.082,23,4,0,0,4
50.9,21,isocontour,11.283791670955125,37494.47,78.9,-7.0,-19.6,0.987,-1.3,-0.7,1.5,-17.2,8.8,1.082,23,2,0,0,2
50.9,22,isocontour,11.283791670955125,39785.37,83.72,-19.4,-7.4,0.991,-0.6,2.1,2.2,-17.2,8.8,1.082,23,3,0,0,3
50.9,23,isocontour,11.283791670955125,41435.4,87.2,-17.6,9.0,1.046,-0.2,-2.7,2.7,-17.6,9.0,1.082,23,3,0,0,3
50.9,24,isocontour,11.283791670955125,38549.33,81.12,0.5,-20.7,0.991,-3.0,0.5,3.0,-17.2,8.8,1.082,23,2,0,0,2
50.9,25,isocontour,11.283791670955125,37213.58,78.31,-12.5,16.4,0.997,2.4,-0.0,2.4,-17.2,8.8,1.082,23,3,0,0,3
50.9,Target,,,,,0.0,0.0,4.023,0.0,0.0,,,,,,,,,
51.0,1,isocontour,11.283791670955125,37099.98,78.07,19.9,6.0,0.99,-0.4,0.5,0.6,18.7,3.9,1.089,5,6,0,0,6
51.0,2,isocontour,11.283791670955125,36357.65,76.51,12.3,16.7,0.99,-3.0,3.3,4.5,18.7,3.8,1.088,5,3,0,0,3
51.0,3,isocontour,11.283791670955125,37724.73,79.39,17.1,11.6,0.996,0.9,-0.6,1.1,18.7,3.9,1.089,5,5,0,0,5
51.0,4,isocontour,11.283791670955125,40004.17,84.18,18.9,3.1,1.084,-1.1,-2.2,2.5,18.7,3.9,1.089,5,7,0,0,7
51.0,5,isocontour,11.283791670955125,38177.45,80.34,18.9,3.9,1.078,2.3,-0.4,2.3,18.9,3.9,1.089,5,6,0,0,6
51.0,6,isocontour,11.283791670955125,39164.57,82.42,14.0,-13.6,1.061,0.4,2.6,2.6,18.7,3.8,1.088,5,5,0,0,5
51.0,7,isocontour,11.283791670955125,38447.66,80.91,-18.6,9.5,0.986,1.1,0.3,1.1,-17.2,8.8,1.082,23,3,0,0,3
51.0,8,isocontour,11.283791670955125,39733.71,83.61,15.3,-11.8,1.071,0.4,1.1,1.2,18.7,3.8,1.088,5,5,0,0,5
51.0,9,isocontour,11.283791670955125,37974.43,79.91,20.9,-0.1,0.985,1.8,2.1,2.8,18.7,3.9,1.089,5,5,0,0,5
51.0,10,isocontour,11.283791670955125,38102.43,80.18,19.3,-7.4,0.994,-0.4,-0.6,0.7,18.7,3.8,1.088,5,6,0,0,6
51.0,11,isocontour,11.283791670955125,38393.17,80.79,-18.4,-6.6,1.062,-0.9,1.1,1.4,-17.2,8.8,1.082,23,3,0,0,3
51.0,12,isocontour,11.283791670955125,38652.86,81.34,-14.9,-14.5,0.989,0.9,1.4,1.7,-17.2,8.8,1.082,23,3,0,0,3
51.0,13,isocontour,11.283791670955125,36797.15,77.44,20.1,-4.8,0.993,0.1,-4.3,4.3,18.7,3.9,1.089,5,7,0,0,7
51.0,14,isocontour,11.283791670955125,37190.5,78.26,13.5,-15.5,1.002,-2.4,1.2,2.7,18.8,3.7,1.085,5,4,0,0,4
51.0,15,isocontour,11.283791670955125,36421.12,76.64,3.5,20.4,0.991,1.4,-2.1,2.5,18.8,3.7,1.085,5,2,0,0,2
51.0,16,isocontour,11.283791670955125,46941.8,98.78,-24.6,21.4,0.521,-0.9,-0.3,0.9,-24.6,21.4,0.523,16,0,0,0,0
51.0,17,isocontour,11.283791670955125,37261.75,78.41,17.6,11.2,0.987,2.2,-2.1,3.0,18.7,3.9,1.089,5,5,0,0,5
51.0,18,isocontour,11.283791670955125,41690.86,87.73,-4.9,20.1,0.993,4.0,1.1,4.1,-17.2,8.8,1.082,23,2,0,0,2
51.0,19,isocontour,11.283791670955125,38078.16,80.13,-20.7,1.5,0.989,-0.7,-0.8,1.1,-17.2,8.8,1.082,23,4,0,0,4
51.0,20,isocontour,11.283791670955125,38369.62,80.74,7.6,-19.2,0.996,2.8,1.1,3.0,18.8,3.7,1.085,5,4,0,0,4
51.0,21,isocontour,11.283791670955125,37493.78,78.9,-7.1,-19.7,0.983,-0.5,-0.6,0.8,-17.2,8.8,1.082,23,2,0,0,2
51.0,22,isocontour,11.283791670955125,39768.09,83.69,-19.4,-7.5,0.986,-0.2,-2.4,2.4,-17.2,8.8,1.082,23,3,0,0,3
51.0,23,isocontour,11.283791670955125,41431.18,87.19,-17.5,9.0,1.052,1.4,0.5,1.5,-17.5,9.0,1.082,23,3,0,0,3
51.0,24,isocontour,11.283791670955125,38521.28,81.06,0.2,-20.7,0.991,-2.8,-0.2,2.8,-17.2,8.8,1.082,23,2,0,0,2
51.0,25,isocontour,11.283791670955125,37178.07,78.24,-12.7,16.3,0.994,-2.8,-1.2,3.0,-17.2,8.8,1.082,23,3,0,0,3
51.0,Target,,,,,0.0,0.0,4.023,0.0,0.0,,,,,,,,,
51.1,1,isocontour,11.283791670955125,37095.94,78.06,19.8,6.1,0.99,-0.2,1.4,1.4,18.7,3.9,1.089,5,6,0,0,6
51.1,2,isocontour,11.283791670955125,36349.35,76.49,12.2,16.7,0.998,-0.9,-1.6,1.8,18.7,3.9,1.089,5,3,0,0,3
51.1,3,isocontour,11.283791670955125,37705.19,79.35,17.1,11.8,0.988,0.3,2.5,2.5,18.7,3.9,1.089,5,5,0,0,5
51.1,4,isocontour,11.283791670955125,39989.93,84.15,18.7,3.1,1.095,-2.0,0.9,2.2,18.7,3.9,1.089,5,7,0,0,7
51.1,5,isocontour,11.283791670955125,38172.44,80.33,18.8,4.0,1.08,-1.1,1.2,1.6,18.7,3.9,1.089,5,6,0,0,6
51.1,6,isocontour,11.283791670955125,39142.33,82.37,13.8,-13.6,1.071,-2.6,-0.3,2.6,18.7,3.9,1.089,5,5,0,0,5
51.1,7,isocontour,11.283791670955125,38434.53,80.88,-18.4,9.4,0.996,2.2,-0.2,2.2,-17.2,8.8,1.082,23,3,0,0,3
51.1,8,isocontour,11.283791670955125,39722.78,83.59,15.3,-12.0,1.067,-0.4,-2.0,2.0,18.7,3.9,1.089,5,5,0,0,5
51.1,9,isocontour,11.283791670955125,37924.36,79.81,21.0,-0.3,0.98,0.8,-3.3,3.4,18.7,3.9,1.089,5,5,0,0,5
51.1,10,isocontour,11.283791670955125,38095.51,80.17,19.5,-7.3,0.988,1.6,0.8,1.8,18.7,3.9,1.089,5,6,0,0,6
51.1,11,isocontour,11.283791670955125,38370.94,80.75,-18.3,-6.7,1.066,1.5,-2.1,2.6,-17.2,8.8,1.082,23,3,0,0,3
51.1,12,isocontour,11.283791670955125,38650.0,81.33,-14.9,-14.4,0.994,-0.2,1.3,1.3,-17.2,8.8,1.082,23,3,0,0,3
51.1,13,isocontour,11.283791670955125,36797.01,77.43,20.2,-4.9,0.991,0.2,-0.4,0.4,18.7,3.9,1.089,5,7,0,0,7
51.1,14,isocontour,11.283791670955125,37169.52,78.22,13.5,-15.7,0.994,0.5,-2.5,2.5,18.7,3.8,1.088,5,4,0,0,4
51.1,15,isocontour,11.283791670955125,36417.4,76.64,3.6,20.4,0.995,1.2,-0.7,1.4,18.7,3.8,1.088,5,2,0,0,2
51.1,16,isocontour,11.283791670955125,46940.7,98.78,-24.6,21.5,0.519,-0.6,0.7,0.9,-24.6,21.5,0.523,16,0,0,0,0
51.1,17,isocontour,11.283791670955125,37259.9,78.41,17.5,11.2,0.99,-1.1,0.3,1.1,18.7,3.9,1.089,5,5,0,0,5
51.1,18,isocontour,11.283791670955125,41635.33,87.62,-5.1,20.3,0.981,-3.0,1.8,3.5,18.8,3.7,1.085,5,2,0,0,2
51.1,19,isocontour,11.283791670955125,38074.96,80.12,-20.7,1.6,0.989,0.1,1.4,1.4,-17.2,8.8,1.082,23,4,0,0,4
51.1,20,isocontour,11.283791670955125,38341.56,80.69,7.8,-19.4,0.983,1.1,-2.6,2.8,18.7,3.8,1.088,5,4,0,0,4
51.1,21,isocontour,11.283791670955125,37491.29,78.9,-7.1,-19.6,0.987,-0.1,1.2,1.2,-17.2,8.8,1.082,23,2,0,0,2
51.1,22,isocontour,11.283791670955125,39763.96,83.68,-19.5,-7.4,0.986,-0.5,1.4,1.5,-17.2,8.8,1.082,23,3,0,0,3
51.1,23,isocontour,11.283791670955125,41407.64,87.14,-17.4,9.2,1.052,1.1,2.4,2.6,-17.4,9.2,1.082,23,3,0,0,3
51.1,24,isocontour,11.283791670955125,38505.87,81.03,0.1,-20.9,0.981,-0.6,-2.2,2.3,18.8,3.7,1.085,5,2,0,0,2
51.1,25,isocontour,11.283791670955125,37174.03,78.23,-12.8,16.3,0.99,-1.4,-0.2,1.4,-17.2,8.8,1.082,23,3,0,0,3
51.1,Target,,,,,0.0,0.0,4.023,0.0,0.0,,,,,,,,,
51.2,1,isocontour,11.283791670955125,37091.38,78.05,19.9,6.0,0.989,0.5,-1.4,1.5,18.7,3.1,1.095,4,6,0,0,6
51.2,2,isocontour,11.283791670955125,36340.08,76.47,12.3,16.6,0.993,1.9,0.1,1.9,18.7,3.9,1.089,5,3,0,0,3
51.2,3,isocontour,11.283791670955125,37686.58,79.31,17.0,12.0,0.987,-1.5,1.9,2.4,18.7,3.1,1.095,4,5,0,0,5
51.2,4,isocontour,11.283791670955125,39971.54,84.12,18.8,3.0,1.089,1.8,-1.6,2.4,18.8,3.0,1.095,4,7,0,0,7
51.2,5,isocontour,11.283791670955125,38167.7,80.32,18.7,4.1,1.082,-0.5,1.4,1.5,18.7,3.1,1.095,4,6,0,0,6
51.2,6,isocontour,11.283791670955125,39138.61,82.36,13.8,-13.5,1.076,0.4,1.4,1.5,18.7,3.9,1.089,5,5,0,0,5
51.2,7,isocontour,11.283791670955125,38433.09,80.88,-18.3,9.5,1.0,0.8,0.7,1.1,-17.2,8.8,1.082,23,3,0,0,3
51.2,8,isocontour,11.283791670955125,39703.24,83.55,15.5,-12.0,1.06,2.3,0.9,2.5,18.7,3.9,1.089,5,5,0,0,5
51.2,9,isocontour,11.283791670955125,37904.34,79.77,20.8,-0.5,0.985,-1.5,-2.0,2.5,18.7,3.1,1.095,4,5,0,0,5
51.2,10,isocontour,11.283791670955125,38039.51,80.05,19.5,-7.6,0.981,0.1,-3.5,3.5,18.7,3.1,1.095,4,6,0,0,6
51.2,11,isocontour,11.283791670955125,38354.71,80.71,-18.1,-6.9,1.072,1.8,-1.5,2.3,-17.2,8.8,1.082,23,3,0,0,3
51.2,12,isocontour,11.283791670955125,38648.83,81.33,-15.0,-14.3,0.991,-1.0,-0.0,1.0,-17.2,8.8,1.082,23,3,0,0,3
51.2,13,isocontour,11.283791670955125,36777.47,77.39,20.2,-5.2,0.987,0.1,-2.5,2.5,18.7,3.1,1.095,4,7,0,0,7
51.2,14,isocontour,11.283791670955125,37169.08,78.22,13.5,-15.7,0.99,-0.2,-0.7,0.7,18.7,3.9,1.089,5,4,0,0,4
51.2,15,isocontour,11.283791670955125,36396.9,76.59,3.4,20.4,0.995,-2.5,0.5,2.5,18.7,3.9,1.089,5,2,0,0,2
51.2,16,isocontour,11.283791670955125,46939.6,98.78,-24.6,21.5,0.52,0.9,0.1,0.9,-24.6,21.5,0.523,16,0,0,0,0
51.2,17,isocontour,11.283791670955125,37259.0,78.41,17.4,11.2,0.993,-0.9,0.2,0.9,18.7,3.1,1.095,4,5,0,0,5
51.2,18,isocontour,11.283791670955125,41630.31,87.61,-5.0,20.2,0.986,1.1,-1.1,1.6,18.7,3.8,1.088,5,2,0,0,2
51.2,19,isocontour,11.283791670955125,38073.01,80.12,-20.7,1.7,0.991,0.7,0.9,1.1,-17.2,8.8,1.082,23,4,0,0,4
51.2,20,isocontour,11.283791670955125,38341.19,80.68,7.8,-19.5,0.979,-0.3,-0.6,0.7,18.7,3.9,1.089,5,4,0,0,4
51.2,21,isocontour,11.283791670955125,37469.31,78.85,-7.3,-19.5,0.988,-2.4,0.9,2.6,18.8,3.7,1.085,5,2,0,0,2
51.2,22,isocontour,11.283791670955125,39757.38,83.66,-19.3,-7.4,0.994,1.7,0.3,1.7,-17.2,8.8,1.082,23,3,0,0,3
51.2,23,isocontour,11.283791670955125,41387.63,87.1,-17.5,9.4,1.042,-1.1,2.3,2.5,-17.5,9.4,1.082,23,3,0,0,3
51.2,24,isocontour,11.283791670955125,38505.86,81.03,0.1,-21.0,0.979,0.1,-0.0,0.1,18.7,3.8,1.088,5,2,0,0,2
51.2,25,isocontour,11.283791670955125,37048.1,77.96,-12.6,16.6,0.983,2.7,3.8,4.7,18.8,3.7,1.085,5,3,0,0,3
51.2,Target,,,,,0.0,0.0,4.023,0.0,0.0,,,,,,,,,
51.3,1,isocontour,11.283791670955125,37067.3,78.0,19.8,6.2,0.993,-1.5,2.2,2.7,18.7,3.1,1.095,4,6,0,0,6
51.3,2,isocontour,11.283791670955125,36324.87,76.44,12.5,16.8,0.982,1.3,1.8,2.2,18.7,3.1,1.095,4,3,0,0,3
51.3,3,isocontour,11.283791670955125,37663.82,79.26,16.8,11.9,0.999,-1.2,-2.3,2.6,18.7,3.1,1.095,4,5,0,0,5
51.3,4,isocontour,11.283791670955125,39969.64,84.11,18.9,3.1,1.087,-0.2,1.1,1.1,18.7,3.1,1.095,4,7,0,0,7
51.3,5,isocontour,11.283791670955125,38158.29,80.3,18.8,4.3,1.075,1.0,1.7,2.0,18.7,3.1,1.095,4,6,0,0,6
51.3,6,isocontour,11.283791670955125,39133.3,82.35,13.8,-13.3,1.081,0.5,1.5,1.6,18.7,3.1,1.095,4,5,0,0,5
51.3,7,isocontour,11.283791670955125,38362.75,80.73,-18.3,9.8,0.99,-0.5,3.8,3.8,18.8,3.7,1.085,5,3,0,0,3
51.3,8,isocontour,11.283791670955125,39673.97,83.49,15.6,-11.7,1.06,1.4,2.4,2.8,18.7,3.1,1.095,4,5,0,0,5
51.3,9,isocontour,11.283791670955125,37868.49,79.69,20.7,-0.3,0.992,-1.1,2.8,3.0,18.7,3.1,1.095,4,5,0,0,5
51.3,10,isocontour,11.283791670955125,38033.48,80.04,19.4,-7.6,0.988,-1.5,0.6,1.6,18.7,3.1,1.095,4,6,0,0,6
51.3,11,isocontour,11.283791670955125,38341.58,80.69,-18.2,-6.9,1.063,-2.2,-0.1,2.2,-17.2,8.8,1.082,23,3,0,0,3
51.3,12,isocontour,11.283791670955125,38526.92,81.08,-14.8,-14.7,0.985,2.2,-4.0,4.6,18.8,3.7,1.085,5,3,0,0,3
51.3,13,isocontour,11.283791670955125,36776.57,77.39,20.2,-5.2,0.983,0.8,-0.4,0.9,18.7,3.1,1.095,4,7,0,0,7
51.3,14,isocontour,11.283791670955125,37168.74,78.22,13.5,-15.7,0.992,-0.3,0.6,0.7,18.7,3.1,1.095,4,4,0,0,4
51.3,15,isocontour,11.283791670955125,36393.83,76.59,3.5,20.4,0.991,1.2,0.6,1.3,18.7,3.9,1.089,5,2,0,0,2
51.3,16,isocontour,11.283791670955125,46938.5,98.78,-24.5,21.4,0.522,0.7,-0.6,0.9,-24.5,21.4,0.523,16,0,0,0,0
51.3,17,isocontour,11.283791670955125,37256.5,78.4,17.5,11.1,0.992,0.9,-0.8,1.2,18.7,3.1,1.095,4,5,0,0,5
51.3,18,isocontour,11.283791670955125,41595.15,87.53,-4.7,20.2,0.989,3.0,0.3,3.0,18.7,3.9,1.089,5,2,0,0,2
51.3,19,isocontour,11.283791670955125,38066.88,80.11,-20.8,1.7,0.984,-1.7,-0.3,1.7,-17.2,8.8,1.082,23,4,0,0,4
51.3,20,isocontour,11.283791670955125,38338.51,80.68,7.8,-19.4,0.982,0.6,1.1,1.3,18.7,3.9,1.089,5,4,0,0,4
51.3,21,isocontour,11.283791670955125,37466.69,78.84,-7.4,-19.4,0.993,-0.6,1.1,1.3,18.7,3.8,1.088,5,2,0,0,2
51.3,22,isocontour,11.283791670955125,39736.64,83.62,-19.5,-7.5,0.984,-1.8,-1.7,2.5,-17.2,8.8,1.082,23,3,0,0,3
51.3,23,isocontour,11.283791670955125,41374.32,87.07,-17.7,9.5,1.03,-1.8,1.2,2.2,18.8,3.7,1.085,5,3,0,0,3
51.3,24,isocontour,11.283791670955125,38478.99,80.97,-0.1,-20.9,0.985,-2.4,1.3,2.7,18.7,3.9,1.089,5,2,0,0,2
51.3,25,isocontour,11.283791670955125,36972.1,77.8,-12.9,16.5,0.979,-3.5,-1.8,3.9,18.7,3.8,1.088,5,3,0,0,3
51.3,Target,,,,,0.0,0.0,4.023,0.0,0.0,,,,,,,,,
51.4,1,isocontour,11.283791670955125,37038.65,77.94,19.8,6.0,0.991,1.3,-2.5,2.8,18.7,3.1,1.095,4,5,0,0,5
51.4,2,isocontour,11.283791670955125,36324.5,76.44,12.4,16.9,0.979,-0.4,0.5,0.6,18.7,3.1,1.095,4,3,0,0,3
51.4,3,isocontour,11.283791670955125,37654.98,79.24,16.7,11.9,1.005,-1.7,0.9,1.9,18.7,3.1,1.095,4,5,0,0,5
51.4,4,isocontour,11.283791670955125,39967.32,84.11,18.8,3.2,1.087,-0.1,1.2,1.2,18.7,3.1,1.095,4,7,0,0,7
51.4,5,isocontour,11.283791670955125,38137.06,80.25,18.8,4.5,1.073,-0.5,2.5,2.5,18.7,3.1,1.095,4,6,0,0,6
51.4,6,isocontour,11.283791670955125,39131.04,82.35,13.9,-13.3,1.078,1.1,0.3,1.1,18.7,3.1,1.095,4,5,0,0,5
51.4,7,isocontour,11.283791670955125,38360.43,80.72,-18.2,9.8,0.994,1.0,-0.7,1.2,18.7,3.8,1.088,5,3,0,0,3
51.4,8,isocontour,11.283791670955125,39647.67,83.43,15.5,-11.9,1.06,-1.6,-2.2,2.7,18.7,3.1,1.095,4,5,0,0,5
51.4,9,isocontour,11.283791670955125,37846.76,79.64,20.7,-0.5,0.992,0.2,-2.6,2.6,18.7,3.1,1.095,4,5,0,0,5
51.4,10,isocontour,11.283791670955125,38009.94,79.99,19.1,-7.5,1.002,-2.6,0.6,2.7,18.7,3.1,1.095,4,6,0,0,6
51.4,11,isocontour,11.283791670955125,38317.23,80.63,-18.4,-7.1,1.049,-1.5,-2.2,2.7,18.8,3.7,1.085,5,3,0,0,3
51.4,12,isocontour,11.283791670955125,38520.57,81.06,-14.7,-14.9,0.983,1.1,-1.3,1.7,18.7,3.8,1.088,5,3,0,0,3
51.4,13,isocontour,11.283791670955125,36773.15,77.38,20.2,-5.2,0.987,-0.9,1.1,1.4,18.7,3.1,1.095,4,6,0,0,6
51.4,14,isocontour,11.283791670955125,37168.33,78.22,13.5,-15.8,0.991,-0.0,-0.7,0.7,18.7,3.1,1.095,4,4,0,0,4
51.4,15,isocontour,11.283791670955125,36366.37,76.53,3.7,20.5,0.986,2.7,0.6,2.8,18.7,3.1,1.095,4,2,0,0,2
51.4,16,isocontour,11.283791670955125,46937.4,98.77,-24.6,21.4,0.521,-0.9,-0.3,0.9,-24.6,21.4,0.523,16,0,0,0,0
51.4,17,isocontour,11.283791670955125,37167.65,78.21,17.5,11.4,0.982,-0.3,4.1,4.1,18.7,3.1,1.095,4,5,0,0,5
51.4,18,isocontour,11.283791670955125,41559.3,87.46,-4.4,20.3,0.991,3.0,0.2,3.0,18.7,3.9,1.089,5,2,0,0,2
51.4,19,isocontour,11.283791670955125,38065.67,80.1,-20.8,1.7,0.985,0.6,0.8,1.0,18.8,3.7,1.085,5,4,0,0,4
51.4,20,isocontour,11.283791670955125,38326.26,80.65,8.0,-19.3,0.984,1.8,1.1,2.1,18.7,3.1,1.095,4,4,0,0,4
51.4,21,isocontour,11.283791670955125,37465.41,78.84,-7.4,-19.3,0.998,0.2,1.0,1.0,18.7,3.9,1.089,5,2,0,0,2
51.4,22,isocontour,11.283791670955125,39696.78,83.54,-19.6,-7.8,0.973,-1.0,-3.0,3.2,18.8,3.7,1.085,5,3,0,0,3
51.4,23,isocontour,11.283791670955125,41372.22,87.06,-17.7,9.5,1.027,-0.7,-0.9,1.1,18.7,3.8,1.088,5,3,0,0,3
51.4,24,isocontour,11.283791670955125,38477.55,80.97,-0.2,-20.8,0.988,-0.9,0.5,1.0,18.7,3.9,1.089,5,2,0,0,2
51.4,25,isocontour,11.283791670955125,36965.97,77.79,-12.9,16.4,0.986,0.9,-1.4,1.7,18.7,3.9,1.089,5,3,0,0,3
51.4,Target,,,,,0.0,0.0,4.023,0.0,0.0,,,,,,,,,
51.5,1,isocontour,11.283791670955125,36937.68,77.73,20.2,6.2,0.971,3.7,2.2,4.3,18.7,3.1,1.095,4,6,0,0,6
51.5,2,isocontour,11.283791670955125,36286.13,76.36,12.6,16.6,0.986,1.3,-2.8,3.1,18.7,3.1,1.095,4,3,0,0,3
51.5,3,isocontour,11.283791670955125,37565.48,79.05,16.6,12.3,0.998,-0.9,4.0,4.1,18.7,3.1,1.095,4,5,0,0,5
51.5,4,isocontour,11.283791670955125,39938.97,84.05,18.8,2.9,1.089,0.0,-2.8,2.8,18.7,3.1,1.095,4,7,0,0,7
51.5,5,isocontour,11.283791670955125,38136.65,80.25,18.8,4.6,1.072,0.0,0.7,0.7,18.7,3.1,1.095,4,6,0,0,6
51.5,6,isocontour,11.283791670955125,39121.48,82.33,14.1,-13.2,1.074,1.8,0.7,1.9,18.7,3.1,1.095,4,5,0,0,5
51.5,7,isocontour,11.283791670955125,38359.93,80.72,-18.2,9.9,0.992,-0.4,0.6,0.7,18.7,3.9,1.089,5,3,0,0,3
51.5,8,isocontour,11.283791670955125,39629.73,83.4,15.5,-11.7,1.065,0.6,2.3,2.4,18.7,3.1,1.095,4,5,0,0,5
51.5,9,isocontour,11.283791670955125,37798.86,79.54,21.0,-0.5,0.977,3.3,0.5,3.3,18.7,3.1,1.095,4,5,0,0,5
51.5,10,isocontour,11.283791670955125,37990.4,79.95,19.2,-7.4,0.999,1.7,1.8,2.5,18.7,3.1,1.095,4,6,0,0,6
51.5,11,isocontour,11.283791670955125,38315.91,80.63,-18.4,-7.1,1.051,0.4,0.9,1.0,18.7,3.8,1.088,5,3,0,0,3
51.5,12,isocontour,11.283791670955125,38491.6,81.0,-14.5,-15.0,0.986,2.5,-1.4,2.9,18.7,3.9,1.089,5,3,0,0,3
51.5,13,isocontour,11.283791670955125,36769.5,77.38,20.0,-5.1,0.995,-1.2,0.6,1.3,18.7,3.1,1.095,4,7,0,0,7
51.5,14,isocontour,11.283791670955125,37147.59,78.17,13.5,-16.0,0.983,-0.6,-2.5,2.6,18.7,3.1,1.095,4,4,0,0,4
51.5,15,isocontour,11.283791670955125,36364.76,76.53,3.7,20.4,0.99,-0.4,-1.0,1.1,18.7,3.1,1.095,4,2,0,0,2
51.5,16,isocontour,11.283791670955125,46936.3,98.77,-24.5,21.4,0.522,0.8,0.5,0.9,-24.5,21.4,0.523,16,0,0,0,0
51.5,17,isocontour,11.283791670955125,37162.24,78.2,17.6,11.5,0.973,1.5,0.4,1.6,18.7,3.1,1.095,4,5,0,0,5
51.5,18,isocontour,11.283791670955125,41558.67,87.46,-4.5,20.3,0.99,-0.8,0.2,0.8,18.7,3.1,1.095,4,2,0,0,2
51.5,19,isocontour,11.283791670955125,38064.27,80.1,-20.7,1.8,0.988,0.7,0.8,1.1,18.7,3.8,1.088,5,4,0,0,4
51.5,20,isocontour,11.283791670955125,38308.1,80.61,8.1,-19.1,0.989,1.6,1.8,2.4,18.7,3.1,1.095,4,4,0,0,4
51.5,21,isocontour,11.283791670955125,37464.54,78.84,-7.4,-19.2,0.999,-0.8,0.4,0.9,18.7,3.9,1.089,5,2,0,0,2
51.5,22,isocontour,11.283791670955125,39660.92,83.46,-19.4,-7.7,0.984,2.0,2.3,3.0,18.7,3.8,1.088,5,3,0,0,3
51.5,23,isocontour,11.283791670955125,41349.47,87.01,-17.5,9.5,1.037,2.6,0.3,2.6,18.7,3.9,1.089,5,3,0,0,3
51.5,24,isocontour,11.283791670955125,38448.89,80.91,-0.5,-20.7,0.991,-2.8,0.5,2.8,18.7,3.1,1.095,4,2,0,0,2
51.5,25,isocontour,11.283791670955125,36956.85,77.77,-12.9,16.2,0.991,-1.0,-1.6,1.9,18.7,3.9,1.089,5,3,0,0,3
51.5,Target,,,,,0.0,0.0,4.023,0.0,0.0,,,,,,,,,
51.6,1,isocontour,11.283791670955125,36935.31,77.73,20.2,6.3,0.971,-0.9,0.8,1.2,18.7,3.1,1.095,4,6,0,0,6
51.6,2,isocontour,11.283791670955125,36283.63,76.35,12.6,16.5,0.989,0.6,-1.1,1.3,18.7,3.1,1.095,4,3,0,0,3
51.6,3,isocontour,11.283791670955125,37563.73,79.05,16.5,12.4,0.997,-0.8,0.7,1.1,18.7,3.1,1.095,4,5,0,0,5
51.6,4,isocontour,11.283791670955125,39912.09,83.99,18.8,2.7,1.093,-0.3,-2.7,2.7,18.7,3.1,1.095,4,7,0,0,7
51.6,5,isocontour,11.283791670955125,38135.97,80.25,18.7,4.7,1.074,-0.6,0.5,0.8,18.7,3.1,1.095,4,6,0,0,6
51.6,6,isocontour,11.283791670955125,39120.09,82.32,14.2,-13.1,1.073,0.6,0.8,1.0,18.7,3.1,1.095,4,5,0,0,5
51.6,7,isocontour,11.283791670955125,38352.4,80.71,-18.4,9.8,0.986,-1.7,-0.7,1.8,18.7,3.9,1.089,5,3,0,0,3
51.6,8,isocontour,11.283791670955125,39602.56,83.34,15.6,-11.5,1.069,1.1,2.5,2.7,18.7,3.1,1.095,4,5,0,0,5
51.6,9,isocontour,11.283791670955125,37790.82,79.53,21.1,-0.6,0.969,1.0,-1.5,1.8,18.7,3.1,1.095,4,5,0,0,5
51.6,10,isocontour,11.283791670955125,37904.73,79.77,19.2,-7.7,0.994,-0.7,-4.0,4.1,18.7,3.1,1.095,4,6,0,0,6
51.6,11,isocontour,11.283791670955125,38314.71,80.63,-18.4,-7.0,1.054,0.2,0.9,0.9,18.7,3.9,1.089,5,3,0,0,3
51.6,12,isocontour,11.283791670955125,38462.03,80.94,-14.2,-15.1,0.991,2.6,-1.2,2.9,18.7,3.9,1.089,5,3,0,0,3
51.6,13,isocontour,11.283791670955125,36759.35,77.36,20.1,-4.9,0.991,1.3,1.5,2.0,18.7,3.1,1.095,4,7,0,0,7
51.6,14,isocontour,11.283791670955125,37146.19,78.17,13.5,-15.9,0.983,0.5,0.9,1.0,18.7,3.1,1.095,4,4,0,0,4
51.6,15,isocontour,11.283791670955125,36336.7,76.47,3.5,20.4,0.993,-2.8,-0.1,2.8,18.7,3.1,1.095,4,2,0,0,2
51.6,16,isocontour,11.283791670955125,46935.2,98.77,-24.5,21.4,0.522,-0.6,-0.7,0.9,-24.5,21.4,0.523,16,0,0,0,0
51.6,17,isocontour,11.283791670955125,37161.28,78.2,17.6,11.6,0.976,-0.9,0.1,0.9,18.7,3.1,1.095,4,5,0,0,5
51.6,18,isocontour,11.283791670955125,41481.5,87.29,-4.7,20.1,0.996,-3.2,-2.2,3.9,18.7,3.1,1.095,4,2,0,0,2
51.6,19,isocontour,11.283791670955125,38060.06,80.09,-20.6,1.9,0.995,1.3,0.8,1.5,18.7,3.9,1.089,5,4,0,0,4
51.6,20,isocontour,11.283791670955125,38283.75,80.56,7.9,-19.0,0.998,-2.6,0.7,2.7,18.7,3.1,1.095,4,4,0,0,4
51.6,21,isocontour,11.283791670955125,37401.64,78.71,-7.7,-19.4,0.986,-3.2,-1.7,3.6,18.7,3.1,1.095,4,2,0,0,2
51.6,22,isocontour,11.283791670955125,39640.19,83.42,-19.3,-7.4,0.995,1.1,2.3,2.5,18.7,3.9,1.089,5,3,0,0,3
51.6,23,isocontour,11.283791670955125,41335.79,86.99,-17.4,9.7,1.038,0.9,2.0,2.2,18.7,3.9,1.089,5,3,0,0,3
51.6,24,isocontour,11.283791670955125,38420.23,80.85,-0.3,-20.8,0.991,2.8,-0.3,2.8,18.7,3.1,1.095,4,2,0,0,2
51.6,25,isocontour,11.283791670955125,36948.55,77.75,-12.9,16.4,0.986,0.5,1.8,1.9,18.7,3.1,1.095,4,3,0,0,3
51.6,Target,,,,,0.0,0.0,4.023,0.0,0.0,,,,,,,,,
51.7,1,isocontour,11.283791670955125,36919.49,77.69,20.0,6.4,0.975,-1.5,1.8,2.3,18.7,3.1,1.095,4,6,0,0,6
51.7,2,isocontour,11.283791670955125,36272.55,76.33,12.6,16.3,0.999,-0.8,-1.9,2.1,18.7,3.1,1.095,4,3,0,0,3
51.7,3,isocontour,11.283791670955125,37543.0,79.0,16.4,12.6,0.994,-0.8,2.4,2.5,18.7,3.1,1.095,4,5,0,0,5
51.7,4,isocontour,11.283791670955125,39905.96,83.98,18.8,2.8,1.092,0.1,1.7,1.7,18.7,3.1,1.095,4,7,0,0,7
51.7,5,isocontour,11.283791670955125,38135.07,80.25,18.7,4.7,1.077,-0.7,0.6,0.9,18.7,3.1,1.095,4,6,0,0,6
51.7,6,isocontour,11.283791670955125,39104.47,82.29,14.1,-13.3,1.071,-1.3,-1.9,2.3,18.7,3.1,1.095,4,5,0,0,5
51.7,7,isocontour,11.283791670955125,38351.08,80.71,-18.5,9.8,0.98,-1.0,0.0,1.0,18.7,3.1,1.095,4,3,0,0,3
51.7,8,isocontour,11.283791670955125,39600.51,83.33,15.6,-11.5,1.068,-0.5,-1.1,1.2,18.7,3.1,1.095,4,5,0,0,5
51.7,9,isocontour,11.283791670955125,37768.06,79.48,21.1,-0.8,0.972,-0.9,-2.5,2.7,18.7,3.1,1.095,4,5,0,0,5
51.7,10,isocontour,11.283791670955125,37809.95,79.57,19.2,-8.1,0.987,-0.2,-4.2,4.2,18.7,3.1,1.095,4,6,0,0,6
51.7,11,isocontour,11.283791670955125,38313.57,80.63,-18.4,-6.9,1.056,-0.1,1.0,1.0,18.7,3.9,1.089,5,3,0,0,3
51.7,12,isocontour,11.283791670955125,38446.21,80.91,-14.1,-15.3,0.986,0.7,-2.2,2.3,18.7,3.1,1.095,4,3,0,0,3
51.7,13,isocontour,11.283791670955125,36755.78,77.35,20.3,-5.0,0.984,1.3,-0.5,1.4,18.7,3.1,1.095,4,7,0,0,7
51.7,14,isocontour,11.283791670955125,37145.26,78.17,13.4,-15.9,0.987,-0.9,0.2,0.9,18.7,3.1,1.095,4,4,0,0,4
51.7,15,isocontour,11.283791670955125,36335.46,76.46,3.5,20.4,0.993,1.0,0.1,1.0,18.7,3.1,1.095,4,2,0,0,2
51.7,16,isocontour,11.283791670955125,46934.1,98.77,-24.5,21.4,0.524,0.9,-0.1,0.9,-24.5,21.4,0.523,16,0,0,0,0
51.7,17,isocontour,11.283791670955125,37141.26,78.16,17.4,11.7,0.979,-1.9,1.7,2.5,18.7,3.1,1.095,4,5,0,0,5
51.7,18,isocontour,11.283791670955125,41457.15,87.24,-5.0,20.1,0.994,-2.7,0.0,2.7,18.7,3.1,1.095,4,2,0,0,2
51.7,19,isocontour,11.283791670955125,38034.05,80.04,-20.6,2.1,0.994,-0.1,2.7,2.7,18.7,3.9,1.089,5,4,0,0,4
51.7,20,isocontour,11.283791670955125,38250.3,80.49,8.1,-19.0,0.996,2.9,0.5,2.9,18.7,3.1,1.095,4,4,0,0,4
51.7,21,isocontour,11.283791670955125,37400.24,78.7,-7.8,-19.4,0.983,-1.0,0.2,1.0,18.7,3.1,1.095,4,2,0,0,2
51.7,22,isocontour,11.283791670955125,39629.42,83.4,-19.5,-7.4,0.987,-2.0,0.1,2.0,18.7,3.9,1.089,5,3,0,0,3
51.7,23,isocontour,11.283791670955125,41334.13,86.98,-17.5,9.6,1.037,-0.7,-0.8,1.1,18.7,3.1,1.095,4,3,0,0,3
51.7,24,isocontour,11.283791670955125,38375.25,80.76,-0.4,-20.9,0.98,-2.5,-2.1,3.3,18.7,3.1,1.095,4,2,0,0,2
51.7,25,isocontour,11.283791670955125,36872.55,77.59,-12.7,16.6,0.982,2.5,3.0,3.9,18.7,3.1,1.095,4,3,0,0,3
51.7,Target,,,,,0.0,0.0,4.023,0.0,0.0,,,,,,,,,
51.8,1,isocontour,11.283791670955125,36918.21,77.69,19.9,6.5,0.98,-0.9,0.4,1.0,18.7,3.1,1.095,4,5,0,0,5
51.8,2,isocontour,11.283791670955125,36242.04,76.27,12.8,16.3,0.992,2.9,0.0,2.9,18.7,3.1,1.095,4,3,0,0,3
51.8,3,isocontour,11.283791670955125,37528.37,78.97,16.6,12.7,0.984,2.2,0.3,2.2,18.7,3.1,1.095,4,5,0,0,5
51.8,4,isocontour,11.283791670955125,39896.83,83.96,18.7,2.9,1.098,-1.4,1.3,1.9,18.7,3.1,1.095,4,7,0,0,7
51.8,5,isocontour,11.283791670955125,38115.05,80.21,18.6,5.0,1.075,-0.2,2.5,2.5,18.7,3.1,1.095,4,6,0,0,6
51.8,6,isocontour,11.283791670955125,39100.0,82.28,14.0,-13.4,1.068,-0.5,-1.4,1.5,18.7,3.1,1.095,4,5,0,0,5
51.8,7,isocontour,11.283791670955125,38344.72,80.69,-18.4,9.7,0.987,1.0,-1.4,1.7,18.7,3.1,1.095,4,3,0,0,3
51.8,8,isocontour,11.283791670955125,39597.09,83.33,15.5,-11.6,1.073,-1.3,-0.3,1.3,18.7,3.1,1.095,4,5,0,0,5
51.8,9,isocontour,11.283791670955125,37746.59,79.43,21.0,-1.1,0.977,-1.2,-2.2,2.5,18.7,3.1,1.095,4,5,0,0,5
51.8,10,isocontour,11.283791670955125,37741.25,79.42,19.1,-8.5,0.98,-0.4,-3.8,3.8,18.7,3.1,1.095,4,6,0,0,6
51.8,11,isocontour,11.283791670955125,38312.05,80.62,-18.4,-6.8,1.059,0.1,1.0,1.0,18.7,3.1,1.095,4,3,0,0,3
51.8,12,isocontour,11.283791670955125,38410.71,80.83,-14.3,-15.2,0.984,-2.4,1.8,3.0,18.7,3.1,1.095,4,3,0,0,3
51.8,13,isocontour,11.283791670955125,36698.34,77.23,20.3,-5.3,0.981,-0.4,-3.5,3.5,18.7,3.1,1.095,4,6,0,0,6
51.8,14,isocontour,11.283791670955125,37119.81,78.11,13.2,-15.9,0.997,-2.7,0.5,2.7,18.7,3.1,1.095,4,4,0,0,4
51.8,15,isocontour,11.283791670955125,36328.05,76.45,3.6,20.5,0.985,0.9,1.5,1.7,18.7,3.1,1.095,4,2,0,0,2
51.8,16,isocontour,11.283791670955125,46933.0,98.76,-24.5,21.5,0.523,0.1,0.9,0.9,-24.5,21.5,0.524,16,0,0,0,0
51.8,17,isocontour,11.283791670955125,37125.45,78.13,17.3,11.9,0.979,-1.2,1.9,2.2,18.7,3.1,1.095,4,5,0,0,5
51.8,18,isocontour,11.283791670955125,41455.1,87.24,-5.1,20.1,0.99,-1.0,0.6,1.2,18.7,3.1,1.095,4,2,0,0,2
51.8,19,isocontour,11.283791670955125,38005.09,79.98,-20.6,1.9,0.994,-0.2,-2.8,2.8,18.7,3.1,1.095,4,4,0,0,4
51.8,20,isocontour,11.283791670955125,38249.86,80.49,8.1,-19.0,0.995,-0.6,-0.3,0.7,18.7,3.1,1.095,4,4,0,0,4
51.8,21,isocontour,11.283791670955125,37369.72,78.64,-8.1,-19.2,0.987,-2.2,1.8,2.8,18.7,3.1,1.095,4,2,0,0,2
51.8,22,isocontour,11.283791670955125,39602.25,83.34,-19.6,-7.2,0.981,-1.8,2.1,2.8,18.7,3.1,1.095,4,3,0,0,3
51.8,23,isocontour,11.283791670955125,41329.58,86.97,-17.6,9.5,1.034,-1.1,-1.0,1.5,18.7,3.1,1.095,4,3,0,0,3
51.8,24,isocontour,11.283791670955125,38343.13,80.69,-0.2,-20.9,0.981,2.9,0.4,2.9,18.7,3.1,1.095,4,2,0,0,2
51.8,25,isocontour,11.283791670955125,36842.35,77.53,-12.4,16.7,0.988,2.8,0.4,2.8,18.7,3.1,1.095,4,3,0,0,3
51.8,Target,,,,,0.0,0.0,4.023,0.0,0.0,,,,,,,,,
51.9,1,isocontour,11.283791670955125,36908.06,77.67,19.7,6.6,0.988,-1.9,0.6,2.0,18.7,2.9,1.098,4,5,0,0,5
51.9,2,isocontour,11.283791670955125,36217.41,76.22,12.7,16.4,0.991,-2.1,1.7,2.7,18.7,3.1,1.095,4,3,0,0,3
51.9,3,isocontour,11.283791670955125,37498.8,78.91,16.6,12.9,0.977,-0.6,2.8,2.9,18.7,2.9,1.098,4,5,0,0,5
51.9,4,isocontour,11.283791670955125,39870.82,83.9,18.7,3.2,1.097,0.0,2.7,2.7,18.7,3.2,1.098,4,6,0,0,6
51.9,5,isocontour,11.283791670955125,38114.37,80.21,18.7,5.0,1.071,0.7,0.4,0.8,18.7,2.9,1.098,4,6,0,0,6
51.9,6,isocontour,11.283791670955125,39099.44,82.28,14.0,-13.5,1.065,-0.2,-0.7,0.7,18.7,3.1,1.095,4,5,0,0,5
51.9,7,isocontour,11.283791670955125,38341.3,80.68,-18.3,9.6,0.994,1.0,-1.0,1.4,18.7,3.1,1.095,4,3,0,0,3
51.9,8,isocontour,11.283791670955125,39596.65,83.33,15.4,-11.6,1.074,-0.5,-0.5,0.7,18.7,3.1,1.095,4,5,0,0,5
51.9,9,isocontour,11.283791670955125,37735.98,79.41,20.8,-1.1,0.988,-2.0,0.5,2.1,18.7,2.9,1.098,4,5,0,0,5
51.9,10,isocontour,11.283791670955125,37737.83,79.41,19.0,-8.6,0.984,-1.3,-0.4,1.4,18.7,3.1,1.095,4,5,0,0,5
51.9,11,isocontour,11.283791670955125,38283.09,80.56,-18.4,-6.5,1.064,-0.0,2.8,2.8,18.7,3.1,1.095,4,3,0,0,3
51.9,12,isocontour,11.283791670955125,38382.95,80.77,-14.1,-15.2,0.991,2.8,-0.3,2.8,18.7,3.1,1.095,4,3,0,0,3
51.9,13,isocontour,11.283791670955125,36694.38,77.22,20.1,-5.4,0.986,-1.4,-0.4,1.5,18.7,2.9,1.098,4,6,0,0,6
51.9,14,isocontour,11.283791670955125,37088.97,78.05,13.3,-15.7,1.001,1.9,2.2,2.9,18.7,3.1,1.095,4,4,0,0,4
51.9,15,isocontour,11.283791670955125,36302.6,76.39,3.8,20.4,0.99,2.0,-1.9,2.8,18.7,3.1,1.095,4,2,0,0,2
51.9,16,isocontour,11.283791670955125,46931.9,98.76,-24.5,21.5,0.521,-0.9,0.0,0.9,-24.5,21.5,0.524,16,0,0,0,0
51.9,17,isocontour,11.283791670955125,37119.94,78.11,17.1,11.9,0.986,-1.5,-0.6,1.6,18.7,2.9,1.098,4,5,0,0,5
51.9,18,isocontour,11.283791670955125,41452.84,87.23,-5.1,20.2,0.986,0.9,0.8,1.2,18.7,3.1,1.095,4,2,0,0,2
51.9,19,isocontour,11.283791670955125,37975.2,79.91,-20.6,1.6,0.993,-0.4,-2.8,2.8,18.7,3.1,1.095,4,4,0,0,4
51.9,20,isocontour,11.283791670955125,38146.07,80.27,7.8,-19.2,0.994,-3.9,-1.9,4.3,18.7,3.1,1.095,4,4,0,0,4
51.9,21,isocontour,11.283791670955125,37368.24,78.64,-8.0,-19.1,0.991,1.0,0.4,1.1,18.7,3.1,1.095,4,2,0,0,2
51.9,22,isocontour,11.283791670955125,39572.98,83.28,-19.6,-6.9,0.986,0.3,2.8,2.8,18.7,3.1,1.095,4,3,0,0,3
51.9,23,isocontour,11.283791670955125,41326.71,86.97,-17.6,9.4,1.038,0.4,-1.2,1.3,18.7,3.1,1.095,4,3,0,0,3
51.9,24,isocontour,11.283791670955125,38339.64,80.68,-0.1,-20.8,0.986,1.0,1.0,1.4,18.7,3.1,1.095,4,2,0,0,2
51.9,25,isocontour,11.283791670955125,36824.4,77.49,-12.2,16.8,0.99,2.1,1.2,2.4,18.7,3.1,1.095,4,3,0,0,3
51.9,Target,,,,,0.0,0.0,4.023,0.0,0.0,,,,,,,,,
52.0,1,isocontour,11.283791670955125,36905.57,77.66,19.7,6.5,0.99,0.2,-1.2,1.2,19.7,6.5,0.988,1,5,0,0,5
52.0,2,isocontour,11.283791670955125,36214.98,76.21,12.6,16.6,0.987,-0.3,1.2,1.2,12.6,16.6,0.991,2,3,0,0,3
52.0,3,isocontour,11.283791670955125,37490.76,78.89,16.5,12.8,0.984,-1.0,-1.5,1.8,16.5,12.8,0.977,3,5,0,0,5
52.0,4,isocontour,11.283791670955125,39869.46,83.9,18.8,3.3,1.091,0.9,0.5,1.0,18.8,3.3,1.097,4,6,0,0,6
52.0,5,isocontour,11.283791670955125,38083.22,80.14,18.8,4.8,1.071,0.6,-2.8,2.9,18.8,4.8,1.071,5,6,0,0,6
52.0,6,isocontour,11.283791670955125,39084.42,82.25,14.0,-13.7,1.057,-0.1,-2.3,2.3,14.0,-13.7,1.065,6,5,0,0,5
52.0,7,isocontour,11.283791670955125,38316.68,80.63,-18.3,9.8,0.991,0.5,2.6,2.6,-18.3,9.8,0.994,7,3,0,0,3
52.0,8,isocontour,11.283791670955125,39586.5,83.3,15.4,-11.8,1.069,-0.2,-2.0,2.0,15.4,-11.8,1.074,8,5,0,0,5
52.0,9,isocontour,11.283791670955125,37698.7,79.33,20.7,-0.8,0.994,-0.9,2.9,3.0,20.7,-0.8,0.988,9,5,0,0,5
52.0,10,isocontour,11.283791670955125,37732.42,79.4,18.9,-8.6,0.991,-1.6,-0.4,1.6,18.9,-8.6,0.984,10,5,0,0,5
52.0,11,isocontour,11.283791670955125,38281.29,80.56,-18.3,-6.4,1.068,0.3,1.1,1.1,-18.3,-6.4,1.064,11,3,0,0,3
52.0,12,isocontour,11.283791670955125,38381.67,80.77,-14.1,-15.2,0.992,-0.9,0.5,1.0,-14.1,-15.2,0.991,12,3,0,0,3
52.0,13,isocontour,11.283791670955125,36691.95,77.21,20.1,-5.3,0.991,-0.5,1.1,1.2,20.1,-5.3,0.986,13,6,0,0,6
52.0,14,isocontour,11.283791670955125,37070.81,78.01,13.5,-15.7,0.992,2.3,-0.8,2.4,13.5,-15.7,1.001,14,4,0,0,4
52.0,15,isocontour,11.283791670955125,36302.16,76.39,3.8,20.4,0.991,-0.6,0.3,0.7,3.8,20.4,0.99,15,2,0,0,2
52.0,16,isocontour,11.283791670955125,46930.8,98.76,-24.5,21.4,0.522,0.1,-0.9,0.9,-24.5,21.4,0.521,16,0,0,0,0
52.0,17,isocontour,11.283791670955125,37113.81,78.1,17.0,11.8,0.995,-1.7,-0.2,1.7,17.0,11.8,0.986,17,5,0,0,5
52.0,18,isocontour,11.283791670955125,41445.68,87.22,-5.0,20.1,0.994,0.2,-1.8,1.8,-5.0,20.1,0.986,18,2,0,0,2
52.0,19,isocontour,11.283791670955125,37915.81,79.79,-20.8,1.4,0.984,-2.3,-2.8,3.6,-20.8,1.4,0.993,19,4,0,0,4
52.0,20,isocontour,11.283791670955125,38106.58,80.19,7.6,-19.4,0.985,-1.8,-2.6,3.2,7.6,-19.4,0.994,20,4,0,0,4
52.0,21,isocontour,11.283791670955125,37337.73,78.57,-7.8,-19.3,0.99,2.5,-1.5,2.9,-7.8,-19.3,0.991,21,2,0,0,2
52.0,22,isocontour,11.283791670955125,39564.55,83.26,-19.5,-6.9,0.996,1.9,0.1,1.9,-19.5,-6.9,0.986,22,3,0,0,3
52.0,23,isocontour,11.283791670955125,41324.5,86.96,-17.6,9.3,1.039,-0.5,-1.1,1.2,-17.6,9.3,1.038,23,3,0,0,3
52.0,24,isocontour,11.283791670955125,38333.93,80.67,-0.0,-20.7,0.994,0.6,1.5,1.6,-0.0,-20.7,0.986,24,2,0,0,2
52.0,25,isocontour,11.283791670955125,36823.37,77.49,-12.1,16.9,0.989,0.6,0.7,0.9,-12.1,16.9,0.99,25,3,0,0,3
52.0,Target,,,,,0.0,0.0,4.023,0.0,0.0,,,,,,,,,
52.1,1,isocontour,11.283791670955125,36898.41,77.65,19.6,6.4,0.998,-1.8,-0.2,1.8,18.8,3.3,1.097,4,5,0,0,5
52.1,2,isocontour,11.283791670955125,36208.4,76.2,12.5,16.5,0.995,-0.9,-1.5,1.7,17.0,11.8,0.995,17,3,0,0,3
52.1,3,isocontour,11.283791670955125,37458.96,78.83,16.6,12.6,0.988,1.3,-2.6,2.9,18.8,3.3,1.097,4,5,0,0,5
52.1,4,isocontour,11.283791670955125,39867.93,83.9,18.8,3.3,1.087,0.5,0.9,1.0,18.8,3.3,1.097,4,6,0,0,6
52.1,5,isocontour,11.283791670955125,38073.22,80.12,18.9,4.7,1.063,1.9,-0.7,2.0,18.8,3.3,1.097,4,6,0,0,6
52.1,6,isocontour,11.283791670955125,39046.05,82.17,14.1,-13.6,1.057,2.1,2.3,3.1,15.4,-11.8,1.074,8,5,0,0,5
52.1,7,isocontour,11.283791670955125,38304.94,80.61,-18.3,10.0,0.983,-1.0,1.9,2.1,-17.6,9.3,1.039,23,3,0,0,3
52.1,8,isocontour,11.283791670955125,39562.42,83.25,15.6,-11.7,1.064,2.2,1.6,2.7,15.6,-11.7,1.074,8,5,0,0,5
52.1,9,isocontour,11.283791670955125,37661.78,79.25,20.7,-0.5,0.994,0.3,3.1,3.1,18.8,3.3,1.097,4,5,0,0,5
52.1,10,isocontour,11.283791670955125,37730.04,79.4,18.9,-8.7,0.987,0.8,-0.9,1.2,15.4,-11.8,1.074,8,5,0,0,5
52.1,11,isocontour,11.283791670955125,38280.05,80.56,-18.3,-6.5,1.07,0.4,-0.9,1.0,-18.3,-6.5,1.068,11,3,0,0,3
52.1,12,isocontour,11.283791670955125,38376.26,80.76,-14.3,-15.2,0.986,-1.6,-0.1,1.6,-18.3,-6.4,1.068,11,3,0,0,3
52.1,13,isocontour,11.283791670955125,36688.3,77.21,20.2,-5.3,0.985,1.3,-0.6,1.4,18.8,3.3,1.097,4,6,0,0,6
52.1,14,isocontour,11.283791670955125,37043.05,77.95,13.4,-15.9,0.987,-1.6,-2.3,2.8,15.4,-11.8,1.074,8,4,0,0,4
52.1,15,isocontour,11.283791670955125,36281.18,76.35,4.0,20.4,0.987,2.5,0.2,2.5,-5.0,20.1,0.994,18,2,0,0,2
52.1,16,isocontour,11.283791670955125,46929.7,98.76,-24.6,21.4,0.52,-0.5,0.8,0.9,-24.6,21.4,0.522,16,0,0,0,0
52.1,17,isocontour,11.283791670955125,37113.02,78.1,16.9,11.8,0.999,-0.8,0.0,0.8,18.8,3.3,1.097,4,5,0,0,5
52.1,18,isocontour,11.283791670955125,41433.26,87.19,-5.2,20.1,0.989,-1.9,1.0,2.1,-5.2,20.1,0.994,18,2,0,0,2
52.1,19,isocontour,11.283791670955125,37913.26,79.78,-20.8,1.4,0.985,0.8,1.0,1.3,-18.3,-6.4,1.068,11,4,0,0,4
52.1,20,isocontour,11.283791670955125,38105.92,80.19,7.6,-19.5,0.982,0.8,-0.2,0.8,15.4,-11.8,1.074,8,4,0,0,4
52.1,21,isocontour,11.283791670955125,37318.42,78.53,-7.6,-19.4,0.988,2.1,-1.2,2.4,-0.0,-20.7,0.994,24,2,0,0,2
52.1,22,isocontour,11.283791670955125,39536.49,83.2,-19.5,-6.7,0.996,-1.2,2.5,2.8,-18.3,-6.4,1.068,11,3,0,0,3
52.1,23,isocontour,11.283791670955125,41316.07,86.94,-17.5,9.3,1.045,1.7,0.7,1.8,-17.5,9.3,1.039,23,3,0,0,3
52.1,24,isocontour,11.283791670955125,38332.79,80.67,0.0,-20.7,0.995,0.9,-0.1,0.9,0.0,-20.7,0.994,24,2,0,0,2
52.1,25,isocontour,11.283791670955125,36806.52,77.45,-12.1,16.7,0.999,0.2,-2.4,2.4,-17.6,9.3,1.039,23,3,0,0,3
52.1,Target,,,,,0.0,0.0,4.023,0.0,0.0,,,,,,,,,
52.2,1,isocontour,11.283791670955125,36894.68,77.64,19.6,6.5,0.996,0.4,1.4,1.5,18.8,3.3,1.097,4,5,0,0,5
52.2,2,isocontour,11.283791670955125,36207.88,76.2,12.5,16.5,0.995,-0.3,0.6,0.7,18.8,3.3,1.097,4,3,0,0,3
52.2,3,isocontour,11.283791670955125,37421.32,78.75,16.7,12.3,0.994,0.7,-3.0,3.1,18.8,3.3,1.097,4,5,0,0,5
52.2,4,isocontour,11.283791670955125,39867.09,83.9,18.8,3.4,1.088,-0.5,0.7,0.9,18.8,3.3,1.097,4,6,0,0,6
52.2,5,isocontour,11.283791670955125,38052.24,80.08,18.9,4.9,1.061,-0.4,2.5,2.5,18.8,3.3,1.097,4,6,0,0,6
52.2,6,isocontour,11.283791670955125,39026.04,82.13,14.4,-13.4,1.053,2.2,1.3,2.6,18.8,3.3,1.097,4,5,0,0,5
52.2,7,isocontour,11.283791670955125,38262.37,80.52,-18.3,10.3,0.975,0.2,3.2,3.2,-18.3,-6.4,1.068,11,3,0,0,3
52.2,8,isocontour,11.283791670955125,39561.25,83.25,15.6,-11.7,1.06,0.0,-1.0,1.0,18.8,3.3,1.097,4,5,0,0,5
52.2,9,isocontour,11.283791670955125,37644.49,79.22,20.8,-0.6,0.986,1.6,-1.7,2.3,18.8,3.3,1.097,4,5,0,0,5
52.2,10,isocontour,11.283791670955125,37728.3,79.39,18.9,-8.7,0.991,-0.8,0.8,1.1,18.8,3.3,1.097,4,5,0,0,5
52.2,11,isocontour,11.283791670955125,38277.55,80.55,-18.4,-6.5,1.063,-1.2,-0.2,1.2,-18.4,-6.5,1.07,11,3,0,0,3
52.2,12,isocontour,11.283791670955125,38242.03,80.48,-14.6,-14.9,0.985,-3.3,3.4,4.7,-18.3,-6.5,1.07,11,3,0,0,3
52.2,13,isocontour,11.283791670955125,36598.15,77.02,20.2,-5.0,0.988,0.2,4.1,4.1,18.8,3.3,1.097,4,6,0,0,6
52.2,14,isocontour,11.283791670955125,37042.97,77.95,13.4,-16.0,0.985,0.0,-0.4,0.4,15.4,-11.8,1.074,8,4,0,0,4
52.2,15,isocontour,11.283791670955125,36251.6,76.29,4.2,20.3,0.99,2.6,-1.2,2.9,12.5,16.5,0.995,2,2,0,0,2
52.2,16,isocontour,11.283791670955125,46928.6,98.76,-24.5,21.5,0.521,0.9,0.4,1.0,-24.5,21.5,0.522,16,0,0,0,0
52.2,17,isocontour,11.283791670955125,37089.21,78.05,17.1,11.8,0.99,2.6,-0.0,2.6,18.8,3.3,1.097,4,5,0,0,5
52.2,18,isocontour,11.283791670955125,41431.0,87.19,-5.3,20.1,0.988,-1.2,-0.4,1.3,-17.6,9.3,1.039,23,2,0,0,2
52.2,19,isocontour,11.283791670955125,37909.61,79.78,-20.7,1.3,0.989,0.7,-1.2,1.4,-18.3,-6.5,1.07,11,4,0,0,4
52.2,20,isocontour,11.283791670955125,38080.47,80.14,7.4,-19.4,0.991,-2.5,1.1,2.7,15.4,-11.8,1.074,8,4,0,0,4
52.2,21,isocontour,11.283791670955125,37317.35,78.53,-7.5,-19.4,0.988,0.9,-0.3,0.9,-18.3,-6.4,1.068,11,2,0,0,2
52.2,22,isocontour,11.283791670955125,39532.03,83.19,-19.7,-6.6,0.989,-1.5,-0.1,1.5,-18.3,-6.5,1.07,11,3,0,0,3
52.2,23,isocontour,11.283791670955125,41293.31,86.9,-17.3,9.5,1.049,1.6,2.1,2.6,-18.3,-6.4,1.068,11,3,0,0,3
52.2,24,isocontour,11.283791670955125,38319.48,80.64,0.1,-20.8,0.986,1.1,-1.9,2.2,15.4,-11.8,1.074,8,2,0,0,2
52.2,25,isocontour,11.283791670955125,36804.52,77.45,-12.2,16.6,0.999,-1.1,-0.3,1.1,-17.5,9.3,1.045,23,3,0,0,3
52.2,Target,,,,,0.0,0.0,4.023,0.0,0.0,,,,,,,,,
52.3,1,isocontour,11.283791670955125,36881.55,77.61,19.7,6.4,0.99,1.6,-1.5,2.2,18.8,3.3,1.097,4,5,0,0,5
52.3,2,isocontour,11.283791670955125,36104.09,75.98,12.2,16.7,0.995,-3.5,2.5,4.3,18.8,3.3,1.097,4,3,0,0,3
52.3,3,isocontour,11.283791670955125,37401.31,78.71,16.8,12.3,0.983,2.2,1.3,2.6,18.8,3.3,1.097,4,5,0,0,5
52.3,4,isocontour,11.283791670955125,39866.68,83.89,18.8,3.5,1.088,-0.0,0.7,0.7,18.8,3.3,1.097,4,6,0,0,6
52.3,5,isocontour,11.283791670955125,38031.98,80.03,18.8,5.1,1.061,-0.8,2.4,2.5,18.8,3.3,1.097,4,6,0,0,6
52.3,6,isocontour,11.283791670955125,39017.6,82.11,14.5,-13.3,1.052,1.4,1.3,1.9,18.8,3.3,1.097,4,5,0,0,5
52.3,7,isocontour,11.283791670955125,38257.82,80.51,-18.2,10.4,0.979,1.5,0.1,1.5,-18.3,-6.5,1.07,11,3,0,0,3
52.3,8,isocontour,11.283791670955125,39560.41,83.25,15.6,-11.8,1.063,-0.8,-0.1,0.8,18.8,3.3,1.097,4,5,0,0,5
52.3,9,isocontour,11.283791670955125,37644.41,79.22,20.9,-0.7,0.984,0.1,-0.4,0.4,18.8,3.3,1.097,4,5,0,0,5
52.3,10,isocontour,11.283791670955125,37727.61,79.39,18.9,-8.7,0.989,0.3,-0.7,0.8,18.8,3.3,1.097,4,5,0,0,5
52.3,11,isocontour,11.283791670955125,38272.63,80.54,-18.4,-6.4,1.066,0.2,1.6,1.6,-18.3,-6.5,1.07,11,3,0,0,3
52.3,12,isocontour,11.283791670955125,38230.12,80.45,-14.6,-14.7,0.995,1.0,1.8,2.1,-18.3,-6.5,1.07,11,3,0,0,3
52.3,13,isocontour,11.283791670955125,36596.91,77.01,20.1,-4.9,0.992,-0.9,-0.3,0.9,18.8,3.3,1.097,4,6,0,0,6
52.3,14,isocontour,11.283791670955125,37017.8,77.9,13.3,-15.8,0.996,-0.7,2.6,2.7,18.8,3.3,1.097,4,4,0,0,4
52.3,15,isocontour,11.283791670955125,36251.12,76.29,4.2,20.3,0.989,-0.6,0.4,0.7,18.8,3.3,1.097,4,2,0,0,2
52.3,16,isocontour,11.283791670955125,46927.5,98.75,-24.5,21.5,0.521,0.7,0.7,1.0,-24.5,21.5,0.522,16,0,0,0,0
52.3,17,isocontour,11.283791670955125,37043.82,77.95,17.3,11.6,0.988,1.9,-2.7,3.3,18.8,3.3,1.097,4,5,0,0,5
52.3,18,isocontour,11.283791670955125,41397.88,87.12,-5.6,20.0,0.989,-2.8,-1.0,3.0,-17.5,9.3,1.045,23,2,0,0,2
52.3,19,isocontour,11.283791670955125,37893.18,79.74,-20.6,1.4,0.999,1.9,1.4,2.4,-18.3,-6.5,1.07,11,4,0,0,4
52.3,20,isocontour,11.283791670955125,38078.52,80.13,7.5,-19.3,0.992,1.1,0.3,1.1,18.8,3.3,1.097,4,4,0,0,4
52.3,21,isocontour,11.283791670955125,37316.62,78.53,-7.5,-19.5,0.984,-0.7,-0.5,0.9,15.4,-11.8,1.074,8,2,0,0,2
52.3,22,isocontour,11.283791670955125,39523.32,83.17,-19.6,-6.8,0.989,0.8,-1.7,1.9,-18.3,-6.5,1.07,11,3,0,0,3
52.3,23,isocontour,11.283791670955125,41273.3,86.85,-17.2,9.7,1.047,1.0,2.3,2.5,-18.3,-6.5,1.07,11,3,0,0,3
52.3,24,isocontour,11.283791670955125,38305.99,80.61,0.4,-20.9,0.984,2.2,-0.2,2.2,15.4,-11.8,1.074,8,2,0,0,2
52.3,25,isocontour,11.283791670955125,36785.9,77.41,-12.4,16.6,0.993,-2.4,-0.4,2.4,-18.3,-6.4,1.068,11,3,0,0,3
52.3,Target,,,,,0.0,0.0,4.023,0.0,0.0,,,,,,,,,
52.4,1,isocontour,11.283791670955125,36867.32,77.58,19.9,6.6,0.98,1.5,1.6,2.2,18.8,3.3,1.097,4,5,0,0,5
52.4,2,isocontour,11.283791670955125,36078.63,75.92,12.0,16.9,0.992,-1.8,2.0,2.7,18.8,3.3,1.097,4,3,0,0,3
52.4,3,isocontour,11.283791670955125,37397.66,78.7,16.8,12.4,0.984,-1.2,0.7,1.4,18.8,3.3,1.097,4,5,0,0,5
52.4,4,isocontour,11.283791670955125,39849.4,83.86,18.8,3.7,1.081,1.0,2.2,2.4,18.8,3.3,1.097,4,6,0,0,6
52.4,5,isocontour,11.283791670955125,37995.06,79.96,18.9,4.9,1.064,0.3,-3.1,3.1,18.8,3.3,1.097,4,6,0,0,6
52.4,6,isocontour,11.283791670955125,39012.39,82.1,14.5,-13.1,1.058,-0.2,1.6,1.6,18.8,3.3,1.097,4,5,0,0,5
52.4,7,isocontour,11.283791670955125,38244.69,80.48,-18.3,10.2,0.98,-1.2,-1.8,2.2,-18.3,-6.5,1.07,11,3,0,0,3
52.4,8,isocontour,11.283791670955125,39559.62,83.25,15.5,-11.8,1.066,-0.8,-0.3,0.9,18.8,3.3,1.097,4,5,0,0,5
52.4,9,isocontour,11.283791670955125,37625.1,79.18,20.7,-0.8,0.991,-1.5,-2.0,2.5,18.8,3.3,1.097,4,5,0,0,5
52.4,10,isocontour,11.283791670955125,37714.48,79.37,18.8,-8.9,0.987,-0.7,-2.1,2.2,18.8,3.3,1.097,4,5,0,0,5
52.4,11,isocontour,11.283791670955125,38251.4,80.5,-18.4,-6.1,1.071,0.1,2.5,2.5,-18.3,-6.5,1.07,11,3,0,0,3
52.4,12,isocontour,11.283791670955125,38228.42,80.45,-14.5,-14.6,1.002,0.4,1.0,1.1,15.4,-11.8,1.074,8,3,0,0,3
52.4,13,isocontour,11.283791670955125,36594.53,77.01,20.1,-4.8,0.995,-0.1,1.2,1.2,18.8,3.3,1.097,4,6,0,0,6
52.4,14,isocontour,11.283791670955125,37015.54,77.89,13.4,-15.7,0.998,0.9,0.8,1.2,18.8,3.3,1.097,4,4,0,0,4
52.4,15,isocontour,11.283791670955125,36226.77,76.23,4.4,20.3,0.988,2.6,-0.4,2.6,18.8,3.3,1.097,4,2,0,0,2
52.4,16,isocontour,11.283791670955125,46926.4,98.75,-24.4,21.6,0.523,0.9,0.1,0.9,-24.4,21.6,0.522,16,0,0,0,0
52.4,17,isocontour,11.283791670955125,37024.04,77.91,17.1,11.7,0.993,-2.1,1.3,2.5,18.8,3.3,1.097,4,5,0,0,5
52.4,18,isocontour,11.283791670955125,41392.17,87.1,-5.7,19.9,0.995,-0.8,-1.4,1.6,18.8,3.3,1.097,4,2,0,0,2
52.4,19,isocontour,11.283791670955125,37892.72,79.74,-20.5,1.5,1.001,0.2,0.7,0.7,-18.3,-6.5,1.07,11,4,0,0,4
52.4,20,isocontour,11.283791670955125,38063.9,80.1,7.5,-19.5,0.982,0.2,-2.2,2.2,18.8,3.3,1.097,4,4,0,0,4
52.4,21,isocontour,11.283791670955125,37293.08,78.48,-7.7,-19.4,0.985,-2.4,1.1,2.6,15.4,-11.8,1.074,8,2,0,0,2
52.4,22,isocontour,11.283791670955125,39521.84,83.17,-19.6,-6.7,0.991,0.1,1.0,1.0,-18.3,-6.5,1.07,11,3,0,0,3
52.4,23,isocontour,11.283791670955125,41247.85,86.8,-17.2,9.6,1.053,-0.3,-2.7,2.7,-18.3,-6.5,1.07,11,3,0,0,3
52.4,24,isocontour,11.283791670955125,38272.54,80.54,0.6,-20.8,0.989,2.7,1.3,3.0,18.8,3.3,1.097,4,2,0,0,2
52.4,25,isocontour,11.283791670955125,36764.92,77.37,-12.6,16.7,0.981,-2.3,1.1,2.5,-18.3,-6.5,1.07,11,3,0,0,3
52.4,Target,,,,,0.0,0.0,4.023,0.0,0.0,,,,,,,,,
52.5,1,isocontour,11.283791670955125,36866.55,77.58,19.9,6.6,0.98,-0.6,0.6,0.8,18.8,3.3,1.097,4,5,0,0,5
52.5,2,isocontour,11.283791670955125,35971.22,75.7,11.7,17.3,0.985,-2.7,3.5,4.4,18.8,3.3,1.097,4,3,0,0,3
52.5,3,isocontour,11.283791670955125,37390.38,78.68,16.7,12.5,0.985,-1.2,1.3,1.8,18.8,3.3,1.097,4,5,0,0,5
52.5,4,isocontour,11.283791670955125,39845.1,83.85,18.9,3.6,1.076,1.0,-1.1,1.5,18.8,3.3,1.097,4,6,0,0,6
52.5,5,isocontour,11.283791670955125,37992.63,79.95,18.9,4.8,1.065,0.2,-1.2,1.2,18.8,3.3,1.097,4,6,0,0,6
52.5,6,isocontour,11.283791670955125,38999.8,82.07,14.7,-13.1,1.053,2.1,0.5,2.2,18.8,3.3,1.097,4,5,0,0,5
52.5,7,isocontour,11.283791670955125,38215.11,80.42,-18.3,9.9,0.987,0.2,-2.8,2.8,-18.3,-6.5,1.07,11,3,0,0,3
52.5,8,isocontour,11.283791670955125,39559.03,83.25,15.4,-11.8,1.066,-0.5,-0.6,0.8,18.8,3.3,1.097,4,5,0,0,5
52.5,9,isocontour,11.283791670955125,37588.18,79.1,20.7,-0.6,0.991,0.2,3.1,3.1,18.8,3.3,1.097,4,5,0,0,5
52.5,10,isocontour,11.283791670955125,37712.54,79.36,18.7,-8.9,0.991,-1.1,-0.2,1.1,18.8,3.3,1.097,4,5,0,0,5
52.5,11,isocontour,11.283791670955125,38246.75,80.49,-18.3,-6.0,1.078,0.7,1.4,1.6,15.4,-11.8,1.074,8,3,0,0,3
52.5,12,isocontour,11.283791670955125,38228.31,80.45,-14.5,-14.5,1.004,0.2,0.4,0.4,15.4,-11.8,1.074,8,3,0,0,3
52.5,13,isocontour,11.283791670955125,36588.18,77.0,20.2,-4.9,0.988,1.4,-1.0,1.7,18.8,3.3,1.097,4,6,0,0,6
52.5,14,isocontour,11.283791670955125,36994.31,77.85,13.4,-15.9,0.991,-0.5,-2.5,2.5,18.8,3.3,1.097,4,4,0,0,4
52.5,15,isocontour,11.283791670955125,36224.09,76.23,4.4,20.2,0.993,-0.7,-1.0,1.2,18.8,3.3,1.097,4,2,0,0,2
52.5,16,isocontour,11.283791670955125,46925.3,98.75,-24.4,21.5,0.522,-0.8,-0.5,0.9,-24.4,21.5,0.523,16,0,0,0,0
52.5,17,isocontour,11.283791670955125,37021.84,77.91,17.1,11.6,0.993,0.8,-0.9,1.2,18.8,3.3,1.097,4,5,0,0,5
52.5,18,isocontour,11.283791670955125,41390.69,87.1,-5.6,19.8,1.0,0.8,-0.7,1.1,18.8,3.3,1.097,4,2,0,0,2
52.5,19,isocontour,11.283791670955125,37864.66,79.68,-20.5,1.7,1.001,0.2,2.8,2.8,-18.4,-6.1,1.071,11,4,0,0,4
52.5,20,isocontour,11.283791670955125,38037.88,80.05,7.7,-19.7,0.97,2.4,-1.3,2.7,18.8,3.3,1.097,4,4,0,0,4
52.5,21,isocontour,11.283791670955125,37263.19,78.42,-7.9,-19.2,0.989,-2.2,1.8,2.8,18.8,3.3,1.097,4,2,0,0,2
52.5,22,isocontour,11.283791670955125,39507.79,83.14,-19.8,-6.7,0.983,-2.1,0.7,2.2,15.4,-11.8,1.074,8,3,0,0,3
52.5,23,isocontour,11.283791670955125,41217.33,86.74,-17.3,9.3,1.057,-0.7,-2.8,2.9,-18.3,-6.5,1.07,11,3,0,0,3
52.5,24,isocontour,11.283791670955125,38271.88,80.54,0.6,-20.7,0.99,-0.8,0.1,0.8,18.8,3.3,1.097,4,2,0,0,2
52.5,25,isocontour,11.283791670955125,36745.15,77.33,-12.7,16.9,0.97,-0.1,2.5,2.5,18.8,3.3,1.097,4,3,0,0,3
52.5,Target,,,,,0.0,0.0,4.023,0.0,0.0,,,,,,,,,
52.6,1,isocontour,11.283791670955125,36837.9,77.52,19.6,6.7,0.992,-2.7,0.7,2.8,18.8,3.3,1.097,4,5,0,0,5
52.6,2,isocontour,11.283791670955125,35945.49,75.64,11.4,17.3,0.993,-2.7,-0.5,2.7,18.8,3.3,1.097,4,3,0,0,3
52.6,3,isocontour,11.283791670955125,37385.64,78.67,16.7,12.5,0.985,1.0,-1.2,1.6,18.8,3.3,1.097,4,5,0,0,5
52.6,4,isocontour,11.283791670955125,39824.12,83.8,19.0,3.8,1.073,-0.0,2.5,2.5,18.8,3.3,1.097,4,6,0,0,6
52.6,5,isocontour,11.283791670955125,37990.53,79.95,18.8,4.8,1.068,-0.9,0.8,1.2,18.8,3.3,1.097,4,6,0,0,6
52.6,6,isocontour,11.283791670955125,38985.18,82.04,14.8,-12.9,1.057,0.5,2.2,2.3,18.8,3.3,1.097,4,5,0,0,5
52.6,7,isocontour,11.283791670955125,38213.06,80.41,-18.3,9.8,0.992,0.3,-1.1,1.1,18.8,3.3,1.097,4,3,0,0,3
52.6,8,isocontour,11.283791670955125,39556.93,83.24,15.5,-11.8,1.065,0.9,0.7,1.1,18.8,3.3,1.097,4,5,0,0,5
52.6,9,isocontour,11.283791670955125,37585.38,79.09,20.8,-0.6,0.986,1.2,-0.6,1.3,18.8,3.3,1.097,4,5,0,0,5
52.6,10,isocontour,11.283791670955125,37699.94,79.33,18.8,-9.1,0.983,1.5,-1.5,2.1,18.8,3.3,1.097,4,5,0,0,5
52.6,11,isocontour,11.283791670955125,38241.25,80.47,-18.4,-5.8,1.075,-1.1,1.2,1.6,-18.4,-5.8,1.078,11,3,0,0,3
52.6,12,isocontour,11.283791670955125,38200.85,80.39,-14.6,-14.3,1.006,-1.8,2.1,2.8,18.8,3.3,1.097,4,3,0,0,3
52.6,13,isocontour,11.283791670955125,36586.33,76.99,20.2,-4.8,0.991,-0.8,0.8,1.1,18.8,3.3,1.097,4,6,0,0,6
52.6,14,isocontour,11.283791670955125,36896.12,77.64,13.2,-16.2,0.98,-1.4,-4.0,4.2,18.8,3.3,1.097,4,4,0,0,4
52.6,15,isocontour,11.283791670955125,36195.44,76.17,4.6,20.2,0.991,2.8,0.2,2.8,18.8,3.3,1.097,4,2,0,0,2
52.6,16,isocontour,11.283791670955125,46924.2,98.75,-24.4,21.6,0.521,0.1,0.9,0.9,-24.4,21.6,0.523,16,0,0,0,0
52.6,17,isocontour,11.283791670955125,37001.34,77.86,17.2,11.8,0.983,0.9,2.3,2.5,18.8,3.3,1.097,4,5,0,0,5
52.6,18,isocontour,11.283791670955125,41387.04,87.09,-5.7,19.9,0.995,-0.8,1.1,1.4,18.8,3.3,1.097,4,2,0,0,2
52.6,19,isocontour,11.283791670955125,37856.75,79.66,-20.6,1.8,0.993,-1.7,0.7,1.8,-18.3,-6.0,1.078,11,4,0,0,4
52.6,20,isocontour,11.283791670955125,38034.39,80.04,7.8,-19.6,0.975,0.0,1.4,1.4,18.8,3.3,1.097,4,4,0,0,4
52.6,21,isocontour,11.283791670955125,37253.04,78.39,-8.0,-19.0,0.998,-0.2,2.0,2.0,18.8,3.3,1.097,4,2,0,0,2
52.6,22,isocontour,11.283791670955125,39506.76,83.14,-19.9,-6.7,0.977,-0.9,-0.3,0.9,-18.3,-6.0,1.078,11,3,0,0,3
52.6,23,isocontour,11.283791670955125,41193.79,86.69,-17.3,9.0,1.064,-0.1,-2.6,2.6,18.8,3.3,1.097,4,3,0,0,3
52.6,24,isocontour,11.283791670955125,38271.22,80.54,0.5,-20.7,0.991,-0.8,0.0,0.8,18.8,3.3,1.097,4,2,0,0,2
52.6,25,isocontour,11.283791670955125,36732.37,77.3,-12.5,16.9,0.975,2.1,-0.4,2.1,18.8,3.3,1.097,4,3,0,0,3
52.6,Target,,,,,0.0,0.0,4.023,0.0,0.0,,,,,,,,,
52.7,1,isocontour,11.283791670955125,36835.52,77.52,19.6,6.6,0.996,-0.1,-1.2,1.2,18.8,3.3,1.097,4,5,0,0,5
52.7,2,isocontour,11.283791670955125,35916.83,75.58,11.6,17.2,0.99,2.7,-0.8,2.8,18.8,3.3,1.097,4,3,0,0,3
52.7,3,isocontour,11.283791670955125,37376.09,78.65,16.6,12.4,0.994,-1.9,-0.6,2.0,18.8,3.3,1.097,4,5,0,0,5
52.7,4,isocontour,11.283791670955125,39804.34,83.76,19.0,4.0,1.065,1.0,2.3,2.5,18.8,3.3,1.097,4,6,0,0,6
52.7,5,isocontour,11.283791670955125,37988.1,79.94,18.9,4.7,1.067,0.7,-1.0,1.2,18.8,3.3,1.097,4,6,0,0,6
52.7,6,isocontour,11.283791670955125,38967.89,82.0,14.8,-12.7,1.064,0.4,2.3,2.3,18.8,3.3,1.097,4,5,0,0,5
52.7,7,isocontour,11.283791670955125,38204.22,80.4,-18.1,9.9,0.997,1.5,1.1,1.9,18.8,3.3,1.097,4,3,0,0,3
52.7,8,isocontour,11.283791670955125,39542.11,83.21,15.7,-11.7,1.061,1.9,1.2,2.2,18.8,3.3,1.097,4,5,0,0,5
52.7,9,isocontour,11.283791670955125,37583.0,79.09,20.8,-0.5,0.985,-0.1,1.2,1.2,18.8,3.3,1.097,4,5,0,0,5
52.7,10,isocontour,11.283791670955125,37657.77,79.25,19.0,-8.9,0.98,1.6,2.8,3.2,18.8,3.3,1.097,4,5,0,0,5
52.7,11,isocontour,11.283791670955125,38238.44,80.47,-18.3,-5.9,1.08,1.2,-0.5,1.3,18.8,3.3,1.097,4,3,0,0,3
52.7,12,isocontour,11.283791670955125,38101.97,80.18,-14.9,-14.0,1.007,-2.7,3.3,4.3,18.8,3.3,1.097,4,3,0,0,3
52.7,13,isocontour,11.283791670955125,36585.91,76.99,20.2,-4.9,0.992,-0.2,-0.6,0.6,18.8,3.3,1.097,4,6,0,0,6
52.7,14,isocontour,11.283791670955125,36889.55,77.63,13.4,-16.3,0.972,1.7,-0.2,1.7,18.8,3.3,1.097,4,4,0,0,4
52.7,15,isocontour,11.283791670955125,36179.42,76.14,4.6,20.4,0.982,-1.3,2.0,2.4,18.8,3.3,1.097,4,2,0,0,2
52.7,16,isocontour,11.283791670955125,46923.1,98.74,-24.5,21.7,0.519,-0.5,0.8,0.9,-24.5,21.7,0.523,16,0,0,0,0
52.7,17,isocontour,11.283791670955125,36990.73,77.84,17.1,11.9,0.987,-1.9,0.8,2.1,18.8,3.3,1.097,4,5,0,0,5
52.7,18,isocontour,11.283791670955125,41384.37,87.09,-5.8,20.0,0.989,-1.0,0.8,1.3,18.8,3.3,1.097,4,2,0,0,2
52.7,19,isocontour,11.283791670955125,37845.18,79.64,-20.8,1.7,0.986,-1.3,-1.6,2.1,18.8,3.3,1.097,4,4,0,0,4
52.7,20,isocontour,11.283791670955125,38003.24,79.97,7.6,-19.3,0.989,-1.8,2.2,2.8,18.8,3.3,1.097,4,4,0,0,4
52.7,21,isocontour,11.283791670955125,37252.38,78.39,-8.0,-19.1,0.995,-0.3,-0.7,0.8,18.8,3.3,1.097,4,2,0,0,2
52.7,22,isocontour,11.283791670955125,39494.51,83.11,-19.8,-6.6,0.986,1.9,0.9,2.1,18.8,3.3,1.097,4,3,0,0,3
52.7,23,isocontour,11.283791670955125,41164.52,86.63,-17.4,8.7,1.066,-1.2,-2.6,2.9,18.8,3.3,1.097,4,3,0,0,3
52.7,24,isocontour,11.283791670955125,38269.61,80.53,0.4,-20.8,0.988,-0.9,-0.5,1.0,18.8,3.3,1.097,4,2,0,0,2
52.7,25,isocontour,11.283791670955125,36725.45,77.28,-12.3,16.9,0.983,1.7,-0.4,1.7,18.8,3.3,1.097,4,3,0,0,3
52.7,Target,,,,,0.0,0.0,4.023,0.0,0.0,,,,,,,,,
52.8,1,isocontour,11.283791670955125,36808.06,77.46,19.8,6.5,0.989,2.2,-1.6,2.7,18.8,3.3,1.097,4,5,0,0,5
52.8,2,isocontour,11.283791670955125,35894.08,75.53,11.6,17.4,0.984,-1.3,2.3,2.6,18.8,3.3,1.097,4,3,0,0,3
52.8,3,isocontour,11.283791670955125,37375.68,78.65,16.5,12.4,0.995,-0.3,0.6,0.7,18.8,3.3,1.097,4,5,0,0,5
52.8,4,isocontour,11.283791670955125,39778.04,83.71,19.0,4.3,1.062,-0.3,2.7,2.7,18.8,3.3,1.097,4,6,0,0,6
52.8,5,isocontour,11.283791670955125,37968.08,79.9,18.8,4.9,1.066,-0.5,2.5,2.5,18.8,3.3,1.097,4,6,0,0,6
52.8,6,isocontour,11.283791670955125,38944.35,81.95,14.8,-12.4,1.073,0.2,2.6,2.6,18.8,3.3,1.097,4,5,0,0,5
52.8,7,isocontour,11.283791670955125,38184.45,80.35,-18.2,10.1,0.986,-1.6,1.9,2.5,18.8,3.3,1.097,4,3,0,0,3
52.8,8,isocontour,11.283791670955125,39518.03,83.16,15.5,-11.5,1.073,-2.0,1.8,2.7,18.8,3.3,1.097,4,5,0,0,5
52.8,9,isocontour,11.283791670955125,37545.72,79.01,20.8,-0.2,0.989,-0.7,3.0,3.1,18.8,3.3,1.097,4,5,0,0,5
52.8,10,isocontour,11.283791670955125,37655.67,79.24,19.0,-8.7,0.98,0.5,1.1,1.2,18.8,3.3,1.097,4,5,0,0,5
52.8,11,isocontour,11.283791670955125,38213.27,80.42,-18.2,-6.1,1.08,0.7,-2.6,2.7,18.8,3.3,1.097,4,3,0,0,3
52.8,12,isocontour,11.283791670955125,38089.02,80.15,-15.1,-13.9,1.002,-2.1,0.6,2.2,18.8,3.3,1.097,4,3,0,0,3
52.8,13,isocontour,11.283791670955125,36559.61,76.94,20.2,-4.7,0.991,0.8,2.6,2.7,18.8,3.3,1.097,4,6,0,0,6
52.8,14,isocontour,11.283791670955125,36872.9,77.59,13.2,-16.2,0.981,-1.9,1.3,2.3,18.8,3.3,1.097,4,4,0,0,4
52.8,15,isocontour,11.283791670955125,36171.76,76.12,4.4,20.4,0.986,-1.6,-0.8,1.8,18.8,3.3,1.097,4,2,0,0,2
52.8,16,isocontour,11.283791670955125,46922.0,98.74,-24.5,21.6,0.519,-0.2,-0.9,0.9,-24.5,21.6,0.523,16,0,0,0,0
52.8,17,isocontour,11.283791670955125,36985.81,77.83,17.0,11.8,0.994,-0.5,-1.5,1.6,18.8,3.3,1.097,4,5,0,0,5
52.8,18,isocontour,11.283791670955125,41381.57,87.08,-5.7,20.1,0.985,0.9,1.0,1.3,18.8,3.3,1.097,4,2,0,0,2
52.8,19,isocontour,11.283791670955125,37830.94,79.61,-20.8,1.9,0.983,-0.2,2.2,2.2,18.8,3.3,1.097,4,4,0,0,4
52.8,20,isocontour,11.283791670955125,37997.1,79.96,7.6,-19.2,0.997,0.6,1.6,1.7,18.8,3.3,1.097,4,4,0,0,4
52.8,21,isocontour,11.283791670955125,37250.39,78.39,-8.0,-19.1,0.992,0.6,-0.9,1.1,18.8,3.3,1.097,4,2,0,0,2
52.8,22,isocontour,11.283791670955125,39492.98,83.11,-19.7,-6.7,0.99,0.6,-0.8,1.0,18.8,3.3,1.097,4,3,0,0,3
52.8,23,isocontour,11.283791670955125,41148.3,86.59,-17.4,8.9,1.06,-0.2,2.3,2.3,18.8,3.3,1.097,4,3,0,0,3
52.8,24,isocontour,11.283791670955125,38156.25,80.3,0.0,-20.8,0.99,-4.5,0.4,4.5,18.8,3.3,1.097,4,2,0,0,2
52.8,25,isocontour,11.283791670955125,36720.34,77.27,-12.4,16.8,0.984,-1.3,-0.9,1.6,18.8,3.3,1.097,4,3,0,0,3
52.8,Target,,,,,0.0,0.0,4.023,0.0,0.0,,,,,,,,,
52.9,1,isocontour,11.283791670955125,36805.79,77.45,19.7,6.5,0.991,-1.0,0.7,1.2,18.8,3.3,1.097,4,6,0,0,6
52.9,2,isocontour,11.283791670955125,35893.95,75.53,11.5,17.4,0.985,-0.4,-0.3,0.5,18.8,3.3,1.097,4,3,0,0,3
52.9,3,isocontour,11.283791670955125,37357.96,78.62,16.5,12.6,0.99,-0.4,2.4,2.4,18.8,3.3,1.097,4,5,0,0,5
52.9,4,isocontour,11.283791670955125,39761.18,83.67,18.9,4.5,1.068,-1.5,1.8,2.3,18.8,3.3,1.097,4,6,0,0,6
52.9,5,isocontour,11.283791670955125,37948.54,79.86,18.8,5.2,1.064,-0.3,2.5,2.5,18.8,3.3,1.097,4,6,0,0,6
52.9,6,isocontour,11.283791670955125,38933.1,81.93,14.8,-12.5,1.072,-0.9,-1.9,2.1,18.8,3.3,1.097,4,5,0,0,5
52.9,7,isocontour,11.283791670955125,38183.41,80.35,-18.2,10.2,0.984,0.4,0.8,0.9,18.8,3.3,1.097,4,3,0,0,3
52.9,8,isocontour,11.283791670955125,39515.04,83.15,15.4,-11.5,1.081,-1.3,-0.1,1.3,18.8,3.3,1.097,4,5,0,0,5
52.9,9,isocontour,11.283791670955125,37544.4,79.01,20.7,-0.2,0.994,-0.8,-0.6,1.0,18.8,3.3,1.097,4,5,0,0,5
52.9,10,isocontour,11.283791670955125,37622.22,79.17,19.0,-8.5,0.988,-0.5,2.9,2.9,18.8,3.3,1.097,4,5,0,0,5
52.9,11,isocontour,11.283791670955125,38187.82,80.36,-18.2,-6.4,1.079,0.7,-2.6,2.7,18.8,3.3,1.097,4,3,0,0,3
52.9,12,isocontour,11.283791670955125,38088.18,80.15,-15.2,-13.9,1.0,-0.7,0.5,0.9,18.8,3.3,1.097,4,3,0,0,3
52.9,13,isocontour,11.283791670955125,36536.33,76.89,20.3,-4.4,0.988,1.0,2.4,2.6,18.8,3.3,1.097,4,7,0,0,7
52.9,14,isocontour,11.283791670955125,36849.09,77.54,13.0,-16.2,0.988,-2.5,-0.8,2.6,18.8,3.3,1.097,4,4,0,0,4
52.9,15,isocontour,11.283791670955125,36171.22,76.12,4.3,20.4,0.986,-0.7,0.2,0.7,18.8,3.3,1.097,4,2,0,0,2
52.9,16,isocontour,11.283791670955125,46920.9,98.74,-24.5,21.5,0.521,-0.1,-0.9,0.9,-24.5,21.5,0.523,16,0,0,0,0
52.9,17,isocontour,11.283791670955125,36975.04,77.81,17.2,11.7,0.99,1.8,-0.9,2.0,18.8,3.3,1.097,4,5,0,0,5
52.9,18,isocontour,11.283791670955125,41347.78,87.01,-5.5,20.1,0.986,2.9,0.4,2.9,18.8,3.3,1.097,4,2,0,0,2
52.9,19,isocontour,11.283791670955125,37822.37,79.59,-20.6,1.9,0.992,1.9,-0.2,1.9,18.8,3.3,1.097,4,4,0,0,4
52.9,20,isocontour,11.283791670955125,37995.0,79.96,7.7,-19.1,0.998,1.1,0.5,1.2,18.8,3.3,1.097,4,4,0,0,4
52.9,21,isocontour,11.283791670955125,37250.19,78.39,-8.0,-19.1,0.992,-0.3,0.4,0.5,18.8,3.3,1.097,4,2,0,0,2
52.9,22,isocontour,11.283791670955125,39484.28,83.09,-19.6,-6.8,0.989,0.4,-1.8,1.8,18.8,3.3,1.097,4,3,0,0,3
52.9,23,isocontour,11.283791670955125,41130.58,86.55,-17.4,9.1,1.054,0.2,2.4,2.4,18.8,3.3,1.097,4,3,0,0,3
52.9,24,isocontour,11.283791670955125,38152.82,80.29,0.0,-20.7,0.995,1.0,1.0,1.4,18.8,3.3,1.097,4,2,0,0,2
52.9,25,isocontour,11.283791670955125,36718.63,77.27,-12.4,16.7,0.987,-0.2,-1.1,1.1,18.8,3.3,1.097,4,3,0,0,3
52.9,Target,,,,,0.0,0.0,4.023,0.0,0.0,,,,,,,,,
53.0,1,isocontour,11.283791670955125,36785.06,77.41,19.6,6.7,0.992,-0.9,2.3,2.5,18.8,3.3,1.097,4,6,0,0,6
53.0,2,isocontour,11.283791670955125,35891.52,75.53,11.6,17.3,0.987,0.8,-1.0,1.3,18.8,3.3,1.097,4,3,0,0,3
53.0,3,isocontour,11.283791670955125,37355.09,78.61,16.6,12.8,0.983,1.0,0.9,1.3,18.8,3.3,1.097,4,5,0,0,5
53.0,4,isocontour,11.283791670955125,39760.7,83.67,18.9,4.6,1.067,0.1,0.7,0.7,18.8,3.3,1.097,4,6,0,0,6
53.0,5,isocontour,11.283791670955125,37919.89,79.8,18.9,5.0,1.06,1.3,-2.5,2.8,18.8,3.3,1.097,4,6,0,0,6
53.0,6,isocontour,11.283791670955125,38911.12,81.88,14.6,-12.7,1.074,-2.0,-1.7,2.6,18.8,3.3,1.097,4,5,0,0,5
53.0,7,isocontour,11.283791670955125,38148.6,80.28,-18.1,9.9,0.996,1.3,-2.7,3.0,18.8,3.3,1.097,4,3,0,0,3
53.0,8,isocontour,11.283791670955125,39502.26,83.13,15.3,-11.7,1.079,-0.9,-2.0,2.2,18.8,3.3,1.097,4,5,0,0,5
53.0,9,isocontour,11.283791670955125,37522.92,78.96,20.7,-0.5,0.993,0.2,-2.6,2.6,18.8,3.3,1.097,4,5,0,0,5
53.0,10,isocontour,11.283791670955125,37591.07,79.11,19.0,-8.2,0.996,-0.3,2.9,2.9,18.8,3.3,1.097,4,5,0,0,5
53.0,11,isocontour,11.283791670955125,38182.61,80.35,-18.0,-6.5,1.084,1.3,-0.9,1.6,18.8,3.3,1.097,4,3,0,0,3
53.0,12,isocontour,11.283791670955125,38088.09,80.15,-15.2,-13.9,1.001,0.3,-0.2,0.4,18.8,3.3,1.097,4,3,0,0,3
53.0,13,isocontour,11.283791670955125,36522.28,76.86,20.5,-4.3,0.979,2.1,0.8,2.2,18.8,3.3,1.097,4,7,0,0,7
53.0,14,isocontour,11.283791670955125,36829.32,77.5,12.7,-16.2,0.997,-2.5,0.2,2.5,18.8,3.3,1.097,4,4,0,0,4
53.0,15,isocontour,11.283791670955125,36169.27,76.11,4.4,20.4,0.987,1.1,-0.3,1.1,18.8,3.3,1.097,4,2,0,0,2
53.0,16,isocontour,11.283791670955125,46919.8,98.74,-24.6,21.5,0.521,-0.7,-0.6,0.9,-24.6,21.5,0.523,16,0,0,0,0
53.0,17,isocontour,11.283791670955125,36890.0,77.63,17.1,12.0,0.982,-0.9,4.0,4.1,18.8,3.3,1.097,4,5,0,0,5
53.0,18,isocontour,11.283791670955125,41335.87,86.99,-5.4,19.9,0.996,0.3,-2.1,2.1,18.8,3.3,1.097,4,2,0,0,2
53.0,19,isocontour,11.283791670955125,37821.49,79.59,-20.6,2.0,0.994,0.2,0.9,0.9,18.8,3.3,1.097,4,4,0,0,4
53.0,20,isocontour,11.283791670955125,37933.63,79.83,8.0,-19.3,0.984,3.0,-2.0,3.6,18.8,3.3,1.097,4,4,0,0,4
53.0,21,isocontour,11.283791670955125,37240.5,78.37,-8.1,-19.2,0.984,-1.2,-1.5,1.9,18.8,3.3,1.097,4,2,0,0,2
53.0,22,isocontour,11.283791670955125,39480.71,83.08,-19.5,-6.9,0.994,1.3,-0.6,1.4,18.8,3.3,1.097,4,3,0,0,3
53.0,23,isocontour,11.283791670955125,41125.46,86.54,-17.5,9.1,1.051,-1.0,-1.2,1.6,18.8,3.3,1.097,4,3,0,0,3
53.0,24,isocontour,11.283791670955125,38145.54,80.27,0.0,-20.8,0.987,-0.5,-1.7,1.8,18.8,3.3,1.097,4,2,0,0,2
53.0,25,isocontour,11.283791670955125,36688.75,77.21,-12.6,16.5,0.992,-1.6,-2.3,2.8,18.8,3.3,1.097,4,3,0,0,3
53.0,Target,,,,,0.0,0.0,4.023,0.0,0.0,,,,,,,,,
53.1,1,isocontour,11.283791670955125,36769.24,77.38,19.6,6.9,0.987,0.5,2.3,2.4,18.8,3.3,1.097,4,6,0,0,6
53.1,2,isocontour,11.283791670955125,35890.45,75.53,11.5,17.3,0.991,-0.8,-0.4,0.9,18.8,3.3,1.097,4,3,0,0,3
53.1,3,isocontour,11.283791670955125,37317.08,78.53,16.6,12.5,0.988,0.6,-3.0,3.1,18.8,3.3,1.097,4,5,0,0,5
53.1,4,isocontour,11.283791670955125,39700.82,83.55,19.1,4.4,1.057,2.5,-2.6,3.6,18.8,3.3,1.097,4,6,0,0,6
53.1,5,isocontour,11.283791670955125,37919.34,79.8,19.0,5.0,1.057,0.5,0.6,0.8,18.8,3.3,1.097,4,6,0,0,6
53.1,6,isocontour,11.283791670955125,38907.77,81.88,14.7,-12.7,1.071,1.3,0.5,1.4,18.8,3.3,1.097,4,5,0,0,5
53.1,7,isocontour,11.283791670955125,38127.13,80.23,-18.3,10.0,0.986,-2.4,0.9,2.6,18.8,3.3,1.097,4,3,0,0,3
53.1,8,isocontour,11.283791670955125,39490.01,83.1,15.3,-11.9,1.07,0.6,-2.0,2.1,18.8,3.3,1.097,4,5,0,0,5
53.1,9,isocontour,11.283791670955125,37468.79,78.85,21.0,-0.6,0.978,3.1,-1.5,3.4,18.8,3.3,1.097,4,5,0,0,5
53.1,10,isocontour,11.283791670955125,37589.32,79.1,19.1,-8.1,0.992,1.1,-0.3,1.1,18.8,3.3,1.097,4,5,0,0,5
53.1,11,isocontour,11.283791670955125,38154.55,80.29,-18.0,-6.7,1.083,0.7,-2.7,2.8,18.8,3.3,1.097,4,3,0,0,3
53.1,12,isocontour,11.283791670955125,37983.58,79.93,-15.1,-14.2,0.993,1.6,-4.0,4.3,18.8,3.3,1.097,4,3,0,0,3
53.1,13,isocontour,11.283791670955125,36490.48,76.79,20.4,-4.1,0.986,-1.3,2.6,2.9,18.8,3.3,1.097,4,7,0,0,7
53.1,14,isocontour,11.283791670955125,36820.34,77.48,12.6,-16.3,1.001,-1.8,-0.6,1.9,18.8,3.3,1.097,4,4,0,0,4
53.1,15,isocontour,11.283791670955125,36142.69,76.06,4.2,20.3,0.99,-2.7,-0.2,2.7,18.8,3.3,1.097,4,2,0,0,2
53.1,16,isocontour,11.283791670955125,46918.7,98.73,-24.6,21.5,0.519,0.0,0.9,0.9,-24.6,21.5,0.523,16,0,0,0,0
53.1,17,isocontour,11.283791670955125,36888.16,77.63,17.1,12.0,0.985,-0.4,-1.0,1.1,18.8,3.3,1.097,4,5,0,0,5
53.1,18,isocontour,11.283791670955125,41334.43,86.98,-5.3,20.0,0.996,0.9,0.5,1.0,18.8,3.3,1.097,4,2,0,0,2
53.1,19,isocontour,11.283791670955125,37802.88,79.55,-20.8,1.9,0.983,-2.4,-0.5,2.5,18.8,3.3,1.097,4,4,0,0,4
53.1,20,isocontour,11.283791670955125,37930.89,79.82,8.2,-19.3,0.979,1.3,-0.0,1.3,18.8,3.3,1.097,4,4,0,0,4
53.1,21,isocontour,11.283791670955125,37117.79,78.11,-8.5,-19.1,0.983,-4.2,1.9,4.6,18.8,3.3,1.097,4,2,0,0,2
53.1,22,isocontour,11.283791670955125,39461.17,83.04,-19.6,-7.1,0.984,-1.8,-1.7,2.5,18.8,3.3,1.097,4,3,0,0,3
53.1,23,isocontour,11.283791670955125,41121.66,86.54,-17.6,9.0,1.045,-1.4,-0.2,1.4,18.8,3.3,1.097,4,3,0,0,3
53.1,24,isocontour,11.283791670955125,38135.09,80.25,-0.1,-21.0,0.978,-0.8,-1.8,2.0,18.8,3.3,1.097,4,2,0,0,2
53.1,25,isocontour,11.283791670955125,36668.49,77.16,-12.7,16.6,0.981,-1.6,2.0,2.6,18.8,3.3,1.097,4,3,0,0,3
53.1,Target,,,,,0.0,0.0,4.023,0.0,0.0,,,,,,,,,
53.2,1,isocontour,11.283791670955125,36758.32,77.35,19.6,7.1,0.984,-0.4,2.0,2.0,18.8,3.3,1.097,4,6,0,0,6
53.2,2,isocontour,11.283791670955125,35889.05,75.52,11.5,17.2,0.996,-0.1,-1.0,1.0,18.8,3.3,1.097,4,3,0,0,3
53.2,3,isocontour,11.283791670955125,37304.49,78.5,16.5,12.4,0.997,-2.1,-0.2,2.1,18.8,3.3,1.097,4,5,0,0,5
53.2,4,isocontour,11.283791670955125,39696.08,83.54,19.0,4.4,1.06,-1.2,1.0,1.6,18.8,3.3,1.097,4,6,0,0,6
53.2,5,isocontour,11.283791670955125,37902.7,79.76,18.9,5.2,1.06,-1.2,2.0,2.3,18.8,3.3,1.097,4,6,0,0,6
53.2,6,isocontour,11.283791670955125,38901.96,81.86,14.6,-12.7,1.073,-1.4,-0.8,1.6,18.8,3.3,1.097,4,5,0,0,5
53.2,7,isocontour,11.283791670955125,38123.55,80.23,-18.3,10.1,0.985,0.9,1.1,1.4,18.8,3.3,1.097,4,3,0,0,3
53.2,8,isocontour,11.283791670955125,39481.58,83.08,15.2,-12.0,1.073,-1.7,-0.9,1.9,18.8,3.3,1.097,4,5,0,0,5
53.2,9,isocontour,11.283791670955125,37431.87,78.77,21.0,-0.9,0.975,0.0,-3.1,3.1,18.8,3.3,1.097,4,5,0,0,5
53.2,10,isocontour,11.283791670955125,37588.29,79.1,19.2,-8.1,0.987,0.9,0.2,0.9,18.8,3.3,1.097,4,5,0,0,5
53.2,11,isocontour,11.283791670955125,38143.63,80.27,-18.0,-6.9,1.078,-0.2,-2.0,2.0,18.8,3.3,1.097,4,3,0,0,3
53.2,12,isocontour,11.283791670955125,37971.67,79.91,-14.9,-14.4,0.991,1.2,-1.7,2.1,18.8,3.3,1.097,4,3,0,0,3
53.2,13,isocontour,11.283791670955125,36465.31,76.74,20.3,-3.8,0.996,-1.3,2.4,2.7,18.8,3.3,1.097,4,7,0,0,7
53.2,14,isocontour,11.283791670955125,36715.11,77.26,12.4,-16.6,0.992,-2.0,-3.9,4.4,18.8,3.3,1.097,4,4,0,0,4
53.2,15,isocontour,11.283791670955125,36124.52,76.02,4.3,20.4,0.983,2.0,1.4,2.4,18.8,3.3,1.097,4,2,0,0,2
53.2,16,isocontour,11.283791670955125,46917.6,98.73,-24.5,21.5,0.521,0.8,-0.4,0.9,-24.5,21.5,0.523,16,0,0,0,0
53.2,17,isocontour,11.283791670955125,36865.92,77.58,16.9,11.9,0.998,-2.3,-1.1,2.5,18.8,3.3,1.097,4,5,0,0,5
53.2,18,isocontour,11.283791670955125,41332.64,86.98,-5.2,20.0,0.994,0.9,0.7,1.1,18.8,3.3,1.097,4,2,0,0,2
53.2,19,isocontour,11.283791670955125,37799.6,79.54,-20.7,1.9,0.987,1.2,-0.6,1.3,18.8,3.3,1.097,4,4,0,0,4
53.2,20,isocontour,11.283791670955125,37928.21,79.82,8.3,-19.3,0.979,1.1,0.6,1.3,18.8,3.3,1.097,4,4,0,0,4
53.2,21,isocontour,11.283791670955125,37116.43,78.11,-8.6,-19.0,0.984,-0.7,0.7,1.0,18.8,3.3,1.097,4,2,0,0,2
53.2,22,isocontour,11.283791670955125,39430.02,82.98,-19.7,-7.3,0.975,-0.5,-2.9,2.9,18.8,3.3,1.097,4,3,0,0,3
53.2,23,isocontour,11.283791670955125,41095.36,86.48,-17.5,9.3,1.043,1.0,2.5,2.7,18.8,3.3,1.097,4,3,0,0,3
53.2,24,isocontour,11.283791670955125,38127.05,80.23,-0.1,-20.9,0.985,0.1,1.8,1.8,18.8,3.3,1.097,4,2,0,0,2
53.2,25,isocontour,11.283791670955125,36665.36,77.16,-12.6,16.6,0.984,1.2,-0.6,1.3,18.8,3.3,1.097,4,3,0,0,3
53.2,Target,,,,,0.0,0.0,4.023,0.0,0.0,,,,,,,,,
53.3,1,isocontour,11.283791670955125,36744.27,77.32,19.5,7.3,0.988,-1.5,1.6,2.2,18.8,3.3,1.097,4,6,0,0,6
53.3,2,isocontour,11.283791670955125,35860.09,75.46,11.4,17.4,0.99,-1.2,2.6,2.9,18.8,3.3,1.097,4,3,0,0,3
53.3,3,isocontour,11.283791670955125,37267.21,78.42,16.6,12.3,0.998,2.1,-2.3,3.1,18.8,3.3,1.097,4,5,0,0,5
53.3,4,isocontour,11.283791670955125,39676.78,83.49,19.0,4.6,1.06,-0.4,2.4,2.4,18.8,3.3,1.097,4,6,0,0,6
53.3,5,isocontour,11.283791670955125,37884.31,79.72,18.8,5.4,1.059,-0.4,2.4,2.4,18.8,3.3,1.097,4,6,0,0,6
53.3,6,isocontour,11.283791670955125,38888.09,81.84,14.6,-12.6,1.08,0.3,2.2,2.2,18.8,3.3,1.097,4,5,0,0,5
53.3,7,isocontour,11.283791670955125,38118.34,80.22,-18.3,10.0,0.984,-0.9,-1.3,1.6,18.8,3.3,1.097,4,3,0,0,3
53.3,8,isocontour,11.283791670955125,39454.99,83.03,15.3,-11.8,1.072,1.9,2.0,2.8,18.8,3.3,1.097,4,5,0,0,5
53.3,9,isocontour,11.283791670955125,37411.86,78.73,20.9,-1.2,0.98,-1.3,-2.1,2.5,18.8,3.3,1.097,4,5,0,0,5
53.3,10,isocontour,11.283791670955125,37557.78,79.04,19.1,-8.4,0.985,-0.9,-2.7,2.8,18.8,3.3,1.097,4,5,0,0,5
53.3,11,isocontour,11.283791670955125,38118.73,80.22,-17.9,-7.2,1.075,0.5,-2.6,2.6,18.8,3.3,1.097,4,3,0,0,3
53.3,12,isocontour,11.283791670955125,37949.44,79.86,-15.1,-14.4,0.982,-2.6,0.2,2.6,18.8,3.3,1.097,4,3,0,0,3
53.3,13,isocontour,11.283791670955125,36463.79,76.73,20.3,-3.7,0.998,-0.0,1.0,1.0,18.8,3.3,1.097,4,7,0,0,7
53.3,14,isocontour,11.283791670955125,36713.45,77.26,12.4,-16.8,0.986,0.3,-1.0,1.0,18.8,3.3,1.097,4,4,0,0,4
53.3,15,isocontour,11.283791670955125,36119.11,76.01,4.3,20.3,0.989,-0.2,-1.6,1.6,18.8,3.3,1.097,4,2,0,0,2
53.3,16,isocontour,11.283791670955125,46916.5,98.73,-24.5,21.4,0.522,-0.3,-0.9,0.9,-24.5,21.4,0.523,16,0,0,0,0
53.3,17,isocontour,11.283791670955125,36857.08,77.56,16.9,11.7,1.003,0.5,-1.8,1.9,18.8,3.3,1.097,4,5,0,0,5
53.3,18,isocontour,11.283791670955125,41301.49,86.91,-5.0,20.1,0.991,2.6,1.3,2.9,18.8,3.3,1.097,4,2,0,0,2
53.3,19,isocontour,11.283791670955125,37790.34,79.53,-20.6,1.9,0.997,1.9,-0.1,1.9,18.8,3.3,1.097,4,4,0,0,4
53.3,20,isocontour,11.283791670955125,37915.96,79.79,8.3,-19.1,0.988,-0.2,2.1,2.1,18.8,3.3,1.097,4,4,0,0,4
53.3,21,isocontour,11.283791670955125,37108.26,78.09,-8.6,-18.8,0.993,0.4,1.8,1.8,18.8,3.3,1.097,4,2,0,0,2
53.3,22,isocontour,11.283791670955125,39426.59,82.97,-19.6,-7.4,0.978,1.3,-0.6,1.4,18.8,3.3,1.097,4,3,0,0,3
53.3,23,isocontour,11.283791670955125,41063.24,86.41,-17.5,9.0,1.053,0.8,-2.8,2.9,18.8,3.3,1.097,4,3,0,0,3
53.3,24,isocontour,11.283791670955125,38126.31,80.23,-0.1,-20.8,0.986,-0.8,0.1,0.8,18.8,3.3,1.097,4,2,0,0,2
53.3,25,isocontour,11.283791670955125,36663.7,77.15,-12.5,16.6,0.989,1.1,-0.1,1.1,18.8,3.3,1.097,4,3,0,0,3
53.3,Target,,,,,0.0,0.0,4.023,0.0,0.0,,,,,,,,,
53.4,1,isocontour,11.283791670955125,36741.83,77.32,19.4,7.3,0.994,-1.0,-0.7,1.2,18.8,3.3,1.097,4,6,0,0,6
53.4,2,isocontour,11.283791670955125,35765.98,75.27,11.1,17.7,0.984,-2.9,3.0,4.2,18.8,3.3,1.097,4,3,0,0,3
53.4,3,isocontour,11.283791670955125,37221.41,78.33,16.6,12.5,0.99,-0.4,3.3,3.3,18.8,3.3,1.097,4,5,0,0,5
53.4,4,isocontour,11.283791670955125,39655.3,83.45,18.9,4.9,1.063,-1.2,2.3,2.6,18.8,3.3,1.097,4,6,0,0,6
53.4,5,isocontour,11.283791670955125,37863.81,79.68,18.7,5.6,1.064,-1.6,1.9,2.5,18.8,3.3,1.097,4,6,0,0,6
53.4,6,isocontour,11.283791670955125,38861.5,81.78,14.6,-12.3,1.087,0.8,2.6,2.7,18.8,3.3,1.097,4,5,0,0,5
53.4,7,isocontour,11.283791670955125,38098.57,80.17,-18.4,9.8,0.986,-0.8,-2.3,2.4,18.8,3.3,1.097,4,3,0,0,3
53.4,8,isocontour,11.283791670955125,39443.91,83.0,15.5,-11.7,1.068,1.7,1.2,2.1,18.8,3.3,1.097,4,5,0,0,5
53.4,9,isocontour,11.283791670955125,37390.38,78.68,20.8,-1.4,0.987,-1.3,-2.2,2.6,18.8,3.3,1.097,4,5,0,0,5
53.4,10,isocontour,11.283791670955125,37555.4,79.03,19.0,-8.3,0.989,-0.4,1.1,1.2,18.8,3.3,1.097,4,5,0,0,5
53.4,11,isocontour,11.283791670955125,38117.12,80.21,-18.0,-7.1,1.073,-0.6,0.9,1.1,18.8,3.3,1.097,4,3,0,0,3
53.4,12,isocontour,11.283791670955125,37927.45,79.81,-15.0,-14.6,0.981,1.9,-1.7,2.5,18.8,3.3,1.097,4,3,0,0,3
53.4,13,isocontour,11.283791670955125,36463.02,76.73,20.3,-3.8,0.997,0.1,-0.8,0.8,18.8,3.3,1.097,4,7,0,0,7
53.4,14,isocontour,11.283791670955125,36633.31,77.09,12.1,-17.0,0.983,-2.9,-2.7,4.0,18.8,3.3,1.097,4,4,0,0,4
53.4,15,isocontour,11.283791670955125,36093.1,75.95,4.1,20.2,0.999,-2.3,-1.5,2.7,18.8,3.3,1.097,4,2,0,0,2
53.4,16,isocontour,11.283791670955125,46915.4,98.73,-24.5,21.5,0.522,0.6,0.7,0.9,-24.5,21.5,0.523,16,0,0,0,0
53.4,17,isocontour,11.283791670955125,36851.57,77.55,17.0,11.7,0.996,1.5,0.5,1.6,18.8,3.3,1.097,4,5,0,0,5
53.4,18,isocontour,11.283791670955125,41273.73,86.86,-4.7,20.2,0.991,2.7,0.6,2.8,18.8,3.3,1.097,4,2,0,0,2
53.4,19,isocontour,11.283791670955125,37788.9,79.52,-20.5,1.8,0.999,0.1,-1.0,1.0,18.8,3.3,1.097,4,4,0,0,4
53.4,20,isocontour,11.283791670955125,37909.5,79.78,8.3,-18.9,0.996,0.5,1.6,1.7,18.8,3.3,1.097,4,4,0,0,4
53.4,21,isocontour,11.283791670955125,37107.45,78.09,-8.6,-18.8,0.993,-0.8,-0.1,0.8,18.8,3.3,1.097,4,2,0,0,2
53.4,22,isocontour,11.283791670955125,39425.19,82.97,-19.6,-7.3,0.981,0.1,1.0,1.0,18.8,3.3,1.097,4,3,0,0,3
53.4,23,isocontour,11.283791670955125,41061.44,86.41,-17.5,8.9,1.054,-0.6,-0.9,1.1,18.8,3.3,1.097,4,3,0,0,3
53.4,24,isocontour,11.283791670955125,38122.1,80.22,-0.2,-20.7,0.993,-0.5,1.4,1.5,18.8,3.3,1.097,4,2,0,0,2
53.4,25,isocontour,11.283791670955125,36632.23,77.09,-12.3,16.6,0.995,2.8,0.7,2.9,18.8,3.3,1.097,4,3,0,0,3
53.4,Target,,,,,0.0,0.0,4.023,0.0,0.0,,,,,,,,,
53.5,1,isocontour,11.283791670955125,36720.6,77.27,19.4,7.5,0.989,0.5,2.5,2.5,18.8,3.3,1.097,4,6,0,0,6
53.5,2,isocontour,11.283791670955125,35703.59,75.13,10.8,17.8,0.987,-3.4,1.2,3.6,18.8,3.3,1.097,4,3,0,0,3
53.5,3,isocontour,11.283791670955125,37218.91,78.32,16.6,12.5,0.989,0.7,-1.1,1.3,18.8,3.3,1.097,4,5,0,0,5
53.5,4,isocontour,11.283791670955125,39627.54,83.39,18.8,4.7,1.07,-0.6,-2.7,2.8,18.8,3.3,1.097,4,6,0,0,6
53.5,5,isocontour,11.283791670955125,37846.53,79.64,18.7,5.5,1.061,1.3,-2.0,2.4,18.8,3.3,1.097,4,6,0,0,6
53.5,6,isocontour,11.283791670955125,38859.98,81.78,14.7,-12.2,1.09,0.3,1.0,1.0,18.8,3.3,1.097,4,5,0,0,5
53.5,7,isocontour,11.283791670955125,38094.52,80.17,-18.5,9.6,0.986,-0.7,-1.3,1.5,18.8,3.3,1.097,4,3,0,0,3
53.5,8,isocontour,11.283791670955125,39414.95,82.94,15.6,-11.4,1.075,0.3,2.8,2.8,18.8,3.3,1.097,4,5,0,0,5
53.5,9,isocontour,11.283791670955125,37382.34,78.67,20.6,-1.4,0.996,-1.8,-0.0,1.8,18.8,3.3,1.097,4,5,0,0,5
53.5,10,isocontour,11.283791670955125,37527.34,78.97,19.0,-8.1,0.995,-0.1,2.8,2.8,18.8,3.3,1.097,4,5,0,0,5
53.5,11,isocontour,11.283791670955125,38090.53,80.16,-18.0,-6.9,1.077,-0.3,2.7,2.7,18.8,3.3,1.097,4,3,0,0,3
53.5,12,isocontour,11.283791670955125,37915.03,79.79,-14.8,-14.6,0.989,2.1,0.1,2.1,18.8,3.3,1.097,4,3,0,0,3
53.5,13,isocontour,11.283791670955125,36395.94,76.59,20.5,-4.1,0.985,2.0,-3.2,3.8,18.8,3.3,1.097,4,7,0,0,7
53.5,14,isocontour,11.283791670955125,36621.4,77.07,11.9,-17.0,0.992,-1.6,1.4,2.1,18.8,3.3,1.097,4,4,0,0,4
53.5,15,isocontour,11.283791670955125,36058.63,75.88,4.4,20.2,0.998,3.0,0.1,3.0,18.8,3.3,1.097,4,2,0,0,2
53.5,16,isocontour,11.283791670955125,46914.3,98.73,-24.4,21.4,0.525,0.6,-0.7,0.9,-24.4,21.4,0.523,16,0,0,0,0
53.5,17,isocontour,11.283791670955125,36788.16,77.42,17.0,12.0,0.984,0.2,3.7,3.7,18.8,3.3,1.097,4,5,0,0,5
53.5,18,isocontour,11.283791670955125,41254.88,86.82,-4.5,20.4,0.985,1.8,1.7,2.5,18.8,3.3,1.097,4,2,0,0,2
53.5,19,isocontour,11.283791670955125,37787.5,79.52,-20.5,1.7,0.998,-0.4,-0.9,1.0,18.8,3.3,1.097,4,4,0,0,4
53.5,20,isocontour,11.283791670955125,37907.5,79.77,8.4,-18.9,0.997,1.1,0.4,1.2,18.8,3.3,1.097,4,4,0,0,4
53.5,21,isocontour,11.283791670955125,37106.38,78.09,-8.7,-18.8,0.99,-0.9,-0.2,0.9,18.8,3.3,1.097,4,2,0,0,2
53.5,22,isocontour,11.283791670955125,39414.74,82.94,-19.5,-7.2,0.989,1.0,1.7,2.0,18.8,3.3,1.097,4,3,0,0,3
53.5,23,isocontour,11.283791670955125,41060.12,86.41,-17.5,8.8,1.055,-0.3,-1.0,1.0,18.8,3.3,1.097,4,3,0,0,3
53.5,24,isocontour,11.283791670955125,38113.4,80.2,-0.3,-20.8,0.986,-0.8,-1.7,1.9,18.8,3.3,1.097,4,2,0,0,2
53.5,25,isocontour,11.283791670955125,36630.02,77.08,-12.3,16.6,0.993,-1.2,-0.1,1.2,18.8,3.3,1.097,4,3,0,0,3
53.5,Target,,,,,0.0,0.0,4.023,0.0,0.0,,,,,,,,,
53.6,1,isocontour,11.283791670955125,36686.14,77.2,19.6,7.3,0.982,2.2,-2.0,3.0,18.8,3.3,1.097,4,5,0,0,5
53.6,2,isocontour,11.283791670955125,35701.94,75.13,10.6,17.8,0.991,-1.1,-0.2,1.1,18.8,3.3,1.097,4,3,0,0,3
53.6,3,isocontour,11.283791670955125,37188.71,78.26,16.8,12.2,0.989,1.8,-2.3,2.9,18.8,3.3,1.097,4,5,0,0,5
53.6,4,isocontour,11.283791670955125,39619.24,83.37,18.9,4.5,1.066,1.4,-1.3,1.9,18.8,3.3,1.097,4,6,0,0,6
53.6,5,isocontour,11.283791670955125,37843.98,79.64,18.8,5.3,1.062,0.1,-1.2,1.2,18.8,3.3,1.097,4,6,0,0,6
53.6,6,isocontour,11.283791670955125,38859.13,81.77,14.6,-12.2,1.09,-0.6,-0.6,0.8,18.8,3.3,1.097,4,5,0,0,5
53.6,7,isocontour,11.283791670955125,38090.23,80.16,-18.5,9.5,0.987,-0.5,-1.4,1.5,18.8,3.3,1.097,4,3,0,0,3
53.6,8,isocontour,11.283791670955125,39412.79,82.94,15.5,-11.3,1.082,-0.6,1.0,1.2,18.8,3.3,1.097,4,6,0,0,6
53.6,9,isocontour,11.283791670955125,37351.19,78.6,20.6,-1.2,0.996,0.5,2.8,2.8,18.8,3.3,1.097,4,6,0,0,6
53.6,10,isocontour,11.283791670955125,37501.33,78.92,19.0,-8.2,0.995,-0.7,-2.6,2.7,18.8,3.3,1.097,4,4,0,0,4
53.6,11,isocontour,11.283791670955125,38089.36,80.15,-18.0,-6.8,1.077,-0.4,0.9,1.0,18.8,3.3,1.097,4,3,0,0,3
53.6,12,isocontour,11.283791670955125,37886.37,79.73,-14.6,-14.7,0.994,2.4,-1.4,2.8,18.8,3.3,1.097,4,3,0,0,3
53.6,13,isocontour,11.283791670955125,36395.82,76.59,20.5,-4.1,0.983,0.1,0.4,0.4,18.8,3.3,1.097,4,6,0,0,6
53.6,14,isocontour,11.283791670955125,36585.55,76.99,12.1,-16.8,0.992,2.6,1.5,3.0,18.8,3.3,1.097,4,3,0,0,3
53.6,15,isocontour,11.283791670955125,36037.9,75.84,4.2,20.2,0.998,-2.5,0.4,2.5,18.8,3.3,1.097,4,2,0,0,2
53.6,16,isocontour,11.283791670955125,46913.2,98.72,-24.4,21.3,0.527,0.4,-0.9,1.0,-24.4,21.3,0.525,16,0,0,0,0
53.6,17,isocontour,11.283791670955125,36768.85,77.38,16.8,12.1,0.992,-2.5,-0.2,2.5,18.8,3.3,1.097,4,5,0,0,5
53.6,18,isocontour,11.283791670955125,41217.24,86.74,-4.3,20.3,0.99,3.0,-0.7,3.1,18.8,3.3,1.097,4,2,0,0,2
53.6,19,isocontour,11.283791670955125,37759.74,79.46,-20.6,1.4,0.995,-0.9,-2.6,2.8,18.8,3.3,1.097,4,4,0,0,4
53.6,20,isocontour,11.283791670955125,37800.09,79.55,8.1,-19.0,0.998,-4.1,-1.5,4.4,18.8,3.3,1.097,4,4,0,0,4
53.6,21,isocontour,11.283791670955125,37080.36,78.03,-8.5,-18.9,0.99,2.6,-0.9,2.8,18.8,3.3,1.097,4,2,0,0,2
53.6,22,isocontour,11.283791670955125,39413.26,82.94,-19.5,-7.1,0.993,0.2,1.0,1.0,18.8,3.3,1.097,4,3,0,0,3
53.6,23,isocontour,11.283791670955125,41055.83,86.4,-17.6,8.7,1.053,-1.0,-1.1,1.5,18.8,3.3,1.097,4,3,0,0,3
53.6,24,isocontour,11.283791670955125,38077.54,80.13,-0.0,-20.8,0.989,2.9,0.9,3.0,18.8,3.3,1.097,4,2,0,0,2
53.6,25,isocontour,11.283791670955125,36628.08,77.08,-12.3,16.6,0.998,0.8,-0.8,1.1,18.8,3.3,1.097,4,3,0,0,3
53.6,Target,,,,,0.0,0.0,4.023,0.0,0.0,,,,,,,,,
53.7,1,isocontour,11.283791670955125,36682.26,77.19,19.5,7.2,0.986,-0.9,-1.2,1.5,18.8,3.3,1.097,4,5,0,0,5
53.7,2,isocontour,11.283791670955125,35695.91,75.12,10.6,17.9,0.987,-0.7,1.5,1.7,18.8,3.3,1.097,4,3,0,0,3
53.7,3,isocontour,11.283791670955125,37135.96,78.15,16.6,12.4,0.991,-2.5,2.4,3.5,18.8,3.3,1.097,4,5,0,0,5
53.7,4,isocontour,11.283791670955125,39583.39,83.3,19.1,4.3,1.061,1.4,-2.7,3.0,18.8,3.3,1.097,4,6,0,0,6
53.7,5,isocontour,11.283791670955125,37809.85,79.57,18.8,5.1,1.065,0.2,-3.0,3.0,18.8,3.3,1.097,4,6,0,0,6
53.7,6,isocontour,11.283791670955125,38858.23,81.77,14.6,-12.3,1.09,-0.5,-0.7,0.9,18.8,3.3,1.097,4,5,0,0,5
53.7,7,isocontour,11.283791670955125,38083.42,80.14,-18.4,9.5,0.994,1.7,0.1,1.7,18.8,3.3,1.097,4,3,0,0,3
53.7,8,isocontour,11.283791670955125,39395.29,82.9,15.4,-11.5,1.081,-1.0,-2.2,2.4,18.8,3.3,1.097,4,5,0,0,5
53.7,9,isocontour,11.283791670955125,37331.65,78.56,20.8,-1.0,0.986,2.1,1.3,2.5,18.8,3.3,1.097,4,5,0,0,5
53.7,10,isocontour,11.283791670955125,37490.72,78.89,19.1,-8.4,0.985,1.5,-1.4,2.1,18.8,3.3,1.097,4,5,0,0,5
53.7,11,isocontour,11.283791670955125,38088.43,80.15,-18.1,-6.7,1.077,-0.2,0.9,0.9,18.8,3.3,1.097,4,3,0,0,3
53.7,12,isocontour,11.283791670955125,37876.23,79.71,-14.4,-14.8,0.998,1.8,-0.8,2.0,18.8,3.3,1.097,4,3,0,0,3
53.7,13,isocontour,11.283791670955125,36369.23,76.53,20.3,-4.1,0.995,-2.7,-0.5,2.7,18.8,3.3,1.097,4,6,0,0,6
53.7,14,isocontour,11.283791670955125,36554.72,76.92,12.1,-17.0,0.982,-0.4,-2.9,2.9,18.8,3.3,1.097,4,4,0,0,4
53.7,15,isocontour,11.283791670955125,35923.77,75.6,3.8,20.3,0.996,-4.3,1.3,4.5,18.8,3.3,1.097,4,2,0,0,2
53.7,16,isocontour,11.283791670955125,46912.1,98.72,-24.3,21.4,0.526,0.3,0.9,0.9,-24.3,21.4,0.527,16,0,0,0,0
53.7,17,isocontour,11.283791670955125,36634.62,77.09,17.0,11.7,0.998,2.0,-4.3,4.7,18.8,3.3,1.097,4,5,0,0,5
53.7,18,isocontour,11.283791670955125,41209.71,86.72,-4.3,20.4,0.983,-0.9,1.6,1.8,18.8,3.3,1.097,4,2,0,0,2
53.7,19,isocontour,11.283791670955125,37758.17,79.46,-20.7,1.3,0.992,-0.5,-1.0,1.1,18.8,3.3,1.097,4,4,0,0,4
53.7,20,isocontour,11.283791670955125,37784.48,79.51,8.0,-19.2,0.988,0.1,-2.3,2.3,18.8,3.3,1.097,4,4,0,0,4
53.7,21,isocontour,11.283791670955125,37052.61,77.97,-8.3,-19.0,0.99,2.5,-1.2,2.8,18.8,3.3,1.097,4,2,0,0,2
53.7,22,isocontour,11.283791670955125,39409.84,82.93,-19.6,-7.0,0.989,-1.3,0.6,1.4,18.8,3.3,1.097,4,3,0,0,3
53.7,23,isocontour,11.283791670955125,41049.02,86.38,-17.5,8.8,1.059,1.7,0.5,1.8,18.8,3.3,1.097,4,3,0,0,3
53.7,24,isocontour,11.283791670955125,38041.69,80.05,0.3,-20.7,0.993,2.9,0.8,3.0,18.8,3.3,1.097,4,2,0,0,2
53.7,25,isocontour,11.283791670955125,36626.23,77.08,-12.2,16.5,1.003,1.0,-0.6,1.2,18.8,3.3,1.097,4,3,0,0,3
53.7,Target,,,,,0.0,0.0,4.023,0.0,0.0,,,,,,,,,
53.8,1,isocontour,11.283791670955125,36680.97,77.19,19.5,7.2,0.99,-0.9,0.4,1.0,18.8,3.3,1.097,4,5,0,0,5
53.8,2,isocontour,11.283791670955125,35662.46,75.05,10.7,17.8,0.989,2.2,-2.0,3.0,18.8,3.3,1.097,4,3,0,0,3
53.8,3,isocontour,11.283791670955125,37114.48,78.1,16.5,12.6,0.991,-1.4,2.2,2.6,18.8,3.3,1.097,4,5,0,0,5
53.8,4,isocontour,11.283791670955125,39582.35,83.3,19.0,4.3,1.062,-0.5,0.8,0.9,18.8,3.3,1.097,4,6,0,0,6
53.8,5,isocontour,11.283791670955125,37785.77,79.52,18.7,5.2,1.066,-0.9,2.5,2.7,18.8,3.3,1.097,4,6,0,0,6
53.8,6,isocontour,11.283791670955125,38849.25,81.75,14.6,-12.1,1.096,0.2,1.9,1.9,18.8,3.3,1.097,4,5,0,0,5
53.8,7,isocontour,11.283791670955125,38065.7,80.1,-18.5,9.6,0.984,-2.1,1.2,2.4,18.8,3.3,1.097,4,3,0,0,3
53.8,8,isocontour,11.283791670955125,39388.13,82.89,15.5,-11.4,1.077,1.5,1.0,1.8,18.8,3.3,1.097,4,5,0,0,5
53.8,9,isocontour,11.283791670955125,37323.35,78.54,20.9,-1.1,0.981,0.6,-1.7,1.8,18.8,3.3,1.097,4,5,0,0,5
53.8,10,isocontour,11.283791670955125,37490.65,78.89,19.1,-8.4,0.984,0.2,0.3,0.4,18.8,3.3,1.097,4,5,0,0,5
53.8,11,isocontour,11.283791670955125,38065.41,80.1,-18.0,-6.9,1.076,0.7,-2.5,2.6,18.8,3.3,1.097,4,3,0,0,3
53.8,12,isocontour,11.283791670955125,37850.21,79.65,-14.5,-14.7,0.995,-2.4,1.4,2.8,18.8,3.3,1.097,4,3,0,0,3
53.8,13,isocontour,11.283791670955125,36367.95,76.53,20.3,-4.0,0.996,0.5,0.9,1.0,18.8,3.3,1.097,4,6,0,0,6
53.8,14,isocontour,11.283791670955125,36552.04,76.92,12.2,-17.0,0.981,0.9,0.9,1.3,18.8,3.3,1.097,4,4,0,0,4
53.8,15,isocontour,11.283791670955125,35906.05,75.56,3.8,20.5,0.986,1.4,1.9,2.4,18.8,3.3,1.097,4,2,0,0,2
53.8,16,isocontour,11.283791670955125,46911.0,98.72,-24.4,21.3,0.526,-0.6,-0.7,0.9,-24.4,21.3,0.527,16,0,0,0,0
53.8,17,isocontour,11.283791670955125,36634.15,77.09,17.0,11.7,0.997,-0.1,0.7,0.7,18.8,3.3,1.097,4,5,0,0,5
53.8,18,isocontour,11.283791670955125,41128.97,86.55,-4.5,20.2,0.991,-2.9,-2.7,4.0,18.8,3.3,1.097,4,2,0,0,2
53.8,19,isocontour,11.283791670955125,37743.55,79.43,-20.8,1.2,0.984,-1.8,-1.3,2.2,18.8,3.3,1.097,4,4,0,0,4
53.8,20,isocontour,11.283791670955125,37781.99,79.51,8.0,-19.3,0.981,-0.3,-1.2,1.2,18.8,3.3,1.097,4,4,0,0,4
53.8,21,isocontour,11.283791670955125,37051.17,77.97,-8.3,-19.0,0.993,-0.5,0.9,1.0,18.8,3.3,1.097,4,2,0,0,2
53.8,22,isocontour,11.283791670955125,39404.53,82.92,-19.6,-7.1,0.986,0.2,-1.6,1.6,18.8,3.3,1.097,4,3,0,0,3
53.8,23,isocontour,11.283791670955125,41020.06,86.32,-17.3,8.9,1.063,1.8,2.2,2.8,18.8,3.3,1.097,4,3,0,0,3
53.8,24,isocontour,11.283791670955125,38040.03,80.05,0.4,-20.7,0.994,1.1,0.1,1.1,18.8,3.3,1.097,4,2,0,0,2
53.8,25,isocontour,11.283791670955125,36623.3,77.07,-12.1,16.5,1.007,1.3,0.3,1.3,18.8,3.3,1.097,4,3,0,0,3
53.8,Target,,,,,0.0,0.0,4.023,0.0,0.0,,,,,,,,,
53.9,1,isocontour,11.283791670955125,36663.47,77.15,19.6,7.2,0.981,2.3,-0.5,2.4,18.8,3.3,1.097,4,6,0,0,6
53.9,2,isocontour,11.283791670955125,35628.0,74.97,11.0,17.6,0.99,2.4,-1.7,2.9,18.8,3.3,1.097,4,3,0,0,3
53.9,3,isocontour,11.283791670955125,37041.91,77.95,16.3,13.0,0.986,-1.5,3.6,3.9,18.8,3.3,1.097,4,5,0,0,5
53.9,4,isocontour,11.283791670955125,39581.15,83.29,19.0,4.4,1.065,-0.6,0.7,0.9,18.8,3.3,1.097,4,6,0,0,6
53.9,5,isocontour,11.283791670955125,37784.81,79.51,18.7,5.3,1.069,-0.6,0.7,0.9,18.8,3.3,1.097,4,6,0,0,6
53.9,6,isocontour,11.283791670955125,38842.2,81.74,14.7,-12.0,1.093,1.6,0.8,1.8,18.8,3.3,1.097,4,5,0,0,5
53.9,7,isocontour,11.283791670955125,38061.9,80.1,-18.5,9.7,0.981,0.4,1.4,1.5,18.8,3.3,1.097,4,3,0,0,3
53.9,8,isocontour,11.283791670955125,39362.95,82.83,15.6,-11.2,1.082,0.7,2.6,2.7,18.8,3.3,1.097,4,5,0,0,5
53.9,9,isocontour,11.283791670955125,37307.12,78.51,20.7,-1.3,0.989,-2.0,-1.3,2.4,18.8,3.3,1.097,4,5,0,0,5
53.9,10,isocontour,11.283791670955125,37461.38,78.83,19.1,-8.1,0.989,-0.1,2.8,2.8,18.8,3.3,1.097,4,5,0,0,5
53.9,11,isocontour,11.283791670955125,38063.57,80.1,-17.9,-7.0,1.079,0.8,-0.8,1.1,18.8,3.3,1.097,4,3,0,0,3
53.9,12,isocontour,11.283791670955125,37730.67,79.4,-14.9,-14.5,0.989,-3.9,2.3,4.5,18.8,3.3,1.097,4,3,0,0,3
53.9,13,isocontour,11.283791670955125,36342.5,76.48,20.3,-4.3,0.991,0.3,-2.7,2.7,18.8,3.3,1.097,4,7,0,0,7
53.9,14,isocontour,11.283791670955125,36526.59,76.87,12.3,-16.8,0.99,0.4,2.7,2.7,18.8,3.3,1.097,4,4,0,0,4
53.9,15,isocontour,11.283791670955125,35896.5,75.54,3.7,20.5,0.985,-1.9,0.1,1.9,18.8,3.3,1.097,4,2,0,0,2
53.9,16,isocontour,11.283791670955125,46909.9,98.72,-24.3,21.3,0.528,0.9,-0.2,0.9,-24.3,21.3,0.527,16,0,0,0,0
53.9,17,isocontour,11.283791670955125,36633.83,77.09,17.0,11.8,0.996,-0.3,0.6,0.7,18.8,3.3,1.097,4,5,0,0,5
53.9,18,isocontour,11.283791670955125,41126.82,86.55,-4.5,20.3,0.99,0.8,0.8,1.1,18.8,3.3,1.097,4,2,0,0,2
53.9,19,isocontour,11.283791670955125,37709.08,79.35,-20.7,1.4,0.99,1.8,2.4,3.0,18.8,3.3,1.097,4,4,0,0,4
53.9,20,isocontour,11.283791670955125,37757.37,79.46,7.8,-19.3,0.987,-2.7,0.4,2.7,18.8,3.3,1.097,4,4,0,0,4
53.9,21,isocontour,11.283791670955125,37050.23,77.97,-8.3,-19.0,0.989,-0.4,-0.8,0.9,18.8,3.3,1.097,4,2,0,0,2
53.9,22,isocontour,11.283791670955125,39383.05,82.88,-19.5,-7.4,0.987,1.0,-2.4,2.6,18.8,3.3,1.097,4,3,0,0,3
53.9,23,isocontour,11.283791670955125,40992.3,86.26,-17.2,9.2,1.065,1.5,2.3,2.7,18.8,3.3,1.097,4,3,0,0,3
53.9,24,isocontour,11.283791670955125,38037.48,80.05,0.5,-20.7,0.991,1.1,-0.6,1.3,18.8,3.3,1.097,4,2,0,0,2
53.9,25,isocontour,11.283791670955125,36533.8,76.88,-12.3,16.3,1.009,-3.1,-2.7,4.1,18.8,3.3,1.097,4,3,0,0,3
53.9,Target,,,,,0.0,0.0,4.023,0.0,0.0,,,,,,,,,
54.0,1,isocontour,11.283791670955125,36636.88,77.1,19.7,7.4,0.974,0.3,2.7,2.7,19.7,7.4,0.981,1,5,0,0,5
54.0,2,isocontour,11.283791670955125,35608.69,74.93,10.9,17.8,0.986,-1.5,2.0,2.5,10.9,17.8,0.99,2,3,0,0,3
54.0,3,isocontour,11.283791670955125,37033.21,77.93,16.1,13.0,0.991,-1.9,0.3,1.9,16.1,13.0,0.986,3,5,0,0,5
54.0,4,isocontour,11.283791670955125,39578.53,83.29,18.9,4.5,1.069,-0.9,0.8,1.2,18.9,4.5,1.065,4,6,0,0,6
54.0,5,isocontour,11.283791670955125,37783.9,79.51,18.6,5.4,1.068,-0.1,0.9,0.9,18.6,5.4,1.069,5,6,0,0,6
54.0,6,isocontour,11.283791670955125,38827.58,81.71,14.8,-11.8,1.096,0.9,2.0,2.2,14.8,-11.8,1.093,6,5,0,0,5
54.0,7,isocontour,11.283791670955125,38056.88,80.09,-18.4,9.8,0.987,1.5,0.3,1.5,-18.4,9.8,0.981,7,3,0,0,3
54.0,8,isocontour,11.283791670955125,39361.34,82.83,15.6,-11.0,1.084,0.3,1.0,1.0,15.6,-11.0,1.082,8,6,0,0,6
54.0,9,isocontour,11.283791670955125,37279.96,78.45,20.6,-1.5,0.996,-1.3,-2.4,2.7,20.6,-1.5,0.989,9,6,0,0,6
54.0,10,isocontour,11.283791670955125,37441.13,78.79,19.0,-8.3,0.993,-1.5,-2.0,2.5,19.0,-8.3,0.989,10,5,0,0,5
54.0,11,isocontour,11.283791670955125,38040.29,80.05,-18.0,-6.8,1.077,-1.3,2.3,2.6,-18.0,-6.8,1.079,11,3,0,0,3
54.0,12,isocontour,11.283791670955125,37728.52,79.4,-15.0,-14.5,0.983,-0.9,-0.8,1.2,-15.0,-14.5,0.989,12,3,0,0,3
54.0,13,isocontour,11.283791670955125,36340.8,76.47,20.4,-4.2,0.987,0.9,0.6,1.1,20.4,-4.2,0.991,13,6,0,0,6
54.0,14,isocontour,11.283791670955125,36524.79,76.86,12.4,-16.7,0.99,1.0,0.4,1.1,12.4,-16.7,0.99,14,4,0,0,4
54.0,15,isocontour,11.283791670955125,35872.15,75.49,3.7,20.3,0.997,0.4,-2.6,2.6,3.7,20.3,0.985,15,2,0,0,2
54.0,16,isocontour,11.283791670955125,46908.8,98.71,-24.3,21.4,0.529,0.6,0.7,0.9,-24.3,21.4,0.528,16,0,0,0,0
54.0,17,isocontour,11.283791670955125,36614.99,77.05,17.0,12.0,0.99,-0.1,2.4,2.4,17.0,12.0,0.996,17,5,0,0,5
54.0,18,isocontour,11.283791670955125,41049.65,86.38,-4.8,20.3,0.986,-3.9,-0.2,3.9,-4.8,20.3,0.99,18,2,0,0,2
54.0,19,isocontour,11.283791670955125,37696.49,79.33,-20.5,1.4,1.001,2.0,-0.7,2.1,-20.5,1.4,0.99,19,4,0,0,4
54.0,20,isocontour,11.283791670955125,37740.08,79.42,7.6,-19.2,0.998,-1.8,1.5,2.3,7.6,-19.2,0.987,20,4,0,0,4
54.0,21,isocontour,11.283791670955125,36945.72,77.75,-8.0,-19.1,0.996,4.3,-0.1,4.3,-8.0,-19.1,0.989,21,2,0,0,2
54.0,22,isocontour,11.283791670955125,39375.89,82.86,-19.3,-7.4,0.995,1.8,0.2,1.8,-19.3,-7.4,0.987,22,3,0,0,3
54.0,23,isocontour,11.283791670955125,40988.95,86.26,-17.0,9.3,1.068,1.0,0.9,1.3,-17.0,9.3,1.065,23,3,0,0,3
54.0,24,isocontour,11.283791670955125,38013.4,79.99,0.3,-20.8,0.989,-2.6,-0.3,2.6,0.3,-20.8,0.991,24,2,0,0,2
54.0,25,isocontour,11.283791670955125,36533.17,76.88,-12.4,16.3,1.006,-0.8,0.2,0.8,-12.4,16.3,1.009,25,3,0,0,3
54.0,Target,,,,,0.0,0.0,4.023,0.0,0.0,,,,,,,,,
54.1,1,isocontour,11.283791670955125,36607.0,77.03,19.7,7.2,0.979,-0.3,-2.8,2.8,18.9,4.5,1.069,4,5,0,0,5
54.1,2,isocontour,11.283791670955125,35551.25,74.81,10.6,17.8,0.992,-3.5,0.6,3.6,3.7,20.3,0.997,15,3,0,0,3
54.1,3,isocontour,11.283791670955125,37031.77,77.93,16.0,13.0,0.997,-0.8,-0.7,1.1,18.9,4.5,1.069,4,5,0,0,5
54.1,4,isocontour,11.283791670955125,39577.4,83.29,18.9,4.4,1.068,0.5,-0.8,0.9,18.6,5.4,1.069,5,6,0,0,6
54.1,5,isocontour,11.283791670955125,37774.49,79.49,18.6,5.3,1.073,-0.4,-1.9,1.9,18.9,4.5,1.069,4,6,0,0,6
54.1,6,isocontour,11.283791670955125,38797.38,81.64,14.7,-12.0,1.097,-1.9,-2.1,2.8,14.7,-12.0,1.096,6,5,0,0,5
54.1,7,isocontour,11.283791670955125,38055.08,80.08,-18.3,9.7,0.991,0.3,-1.1,1.1,-17.0,9.3,1.068,23,3,0,0,3
54.1,8,isocontour,11.283791670955125,39358.54,82.83,15.6,-10.9,1.089,-0.1,1.3,1.3,14.8,-11.8,1.096,6,5,0,0,5
54.1,9,isocontour,11.283791670955125,37279.45,78.45,20.6,-1.5,0.996,0.3,0.6,0.7,15.6,-11.0,1.084,8,6,0,0,6
54.1,10,isocontour,11.283791670955125,37438.7,78.79,19.0,-8.4,0.992,-0.1,-1.2,1.2,14.8,-11.8,1.096,6,5,0,0,5
54.1,11,isocontour,11.283791670955125,38039.23,80.05,-18.1,-6.7,1.077,-0.2,0.9,0.9,-18.1,-6.7,1.079,11,3,0,0,3
54.1,12,isocontour,11.283791670955125,37702.22,79.34,-14.9,-14.4,0.995,2.0,1.9,2.8,-18.0,-6.8,1.079,11,3,0,0,3
54.1,13,isocontour,11.283791670955125,36302.05,76.39,20.3,-4.0,0.992,-0.6,3.1,3.2,14.8,-11.8,1.096,6,6,0,0,6
54.1,14,isocontour,11.283791670955125,36448.21,76.7,12.4,-17.0,0.976,-0.1,-3.9,3.9,14.8,-11.8,1.096,6,4,0,0,4
54.1,15,isocontour,11.283791670955125,35870.9,75.49,3.8,20.3,0.999,1.0,-0.1,1.0,3.8,20.3,0.997,15,2,0,0,2
54.1,16,isocontour,11.283791670955125,46907.7,98.71,-24.3,21.3,0.529,-0.5,-0.8,0.9,-24.3,21.3,0.529,16,0,0,0,0
54.1,17,isocontour,11.283791670955125,36613.74,77.05,17.0,11.9,0.991,0.2,-0.9,0.9,18.9,4.5,1.069,4,5,0,0,5
54.1,18,isocontour,11.283791670955125,41032.8,86.35,-4.7,20.2,0.99,2.3,-0.4,2.3,-12.4,16.3,1.009,25,2,0,0,2
54.1,19,isocontour,11.283791670955125,37675.26,79.28,-20.5,1.6,1.0,-0.4,2.5,2.5,-18.0,-6.8,1.079,11,4,0,0,4
54.1,20,isocontour,11.283791670955125,37737.98,79.41,7.6,-19.1,0.999,1.1,0.3,1.1,14.8,-11.8,1.096,6,3,0,0,3
54.1,21,isocontour,11.283791670955125,36944.32,77.74,-8.0,-19.1,0.993,-0.8,-0.6,1.0,-8.0,-19.1,0.996,21,2,0,0,2
54.1,22,isocontour,11.283791670955125,39350.16,82.81,-19.3,-7.6,0.993,0.4,-2.7,2.7,-18.0,-6.8,1.079,11,3,0,0,3
54.1,23,isocontour,11.283791670955125,40976.7,86.23,-17.0,9.1,1.074,0.1,-2.1,2.1,-17.0,9.1,1.068,23,3,0,0,3
54.1,24,isocontour,11.283791670955125,38011.25,79.99,0.3,-20.7,0.993,0.9,0.8,1.2,7.6,-19.2,0.998,20,2,0,0,2
54.1,25,isocontour,11.283791670955125,36527.86,76.87,-12.3,16.3,1.008,1.5,0.6,1.6,-17.0,9.3,1.068,23,3,0,0,3
54.1,Target,,,,,0.0,0.0,4.023,0.0,0.0,,,,,,,,,
54.2,1,isocontour,11.283791670955125,36603.72,77.03,19.6,7.1,0.986,-1.2,-0.7,1.4,14.8,-11.8,1.096,6,6,0,0,6
54.2,2,isocontour,11.283791670955125,35545.75,74.8,10.4,17.9,0.993,-1.5,0.7,1.7,18.9,4.5,1.069,4,3,0,0,3
54.2,3,isocontour,11.283791670955125,37031.43,77.93,16.1,13.0,0.995,0.6,0.2,0.6,18.6,5.3,1.073,5,5,0,0,5
54.2,4,isocontour,11.283791670955125,39567.25,83.26,18.8,4.5,1.074,-1.6,1.2,2.0,14.8,-11.8,1.096,6,6,0,0,6
54.2,5,isocontour,11.283791670955125,37770.02,79.48,18.5,5.3,1.079,-1.4,0.7,1.6,14.8,-11.8,1.096,6,6,0,0,6
54.2,6,isocontour,11.283791670955125,38766.55,81.58,14.5,-12.2,1.097,-1.9,-2.2,2.9,14.5,-12.2,1.097,6,5,0,0,5
54.2,7,isocontour,11.283791670955125,38048.95,80.07,-18.5,9.6,0.986,-1.6,-0.5,1.7,-18.0,-6.8,1.079,11,3,0,0,3
54.2,8,isocontour,11.283791670955125,39351.96,82.81,15.8,-10.8,1.086,1.5,0.7,1.7,14.7,-12.0,1.097,6,5,0,0,5
54.2,9,isocontour,11.283791670955125,37275.07,78.44,20.7,-1.4,0.991,1.0,1.1,1.5,14.8,-11.8,1.096,6,6,0,0,6
54.2,10,isocontour,11.283791670955125,37345.26,78.59,18.9,-8.8,0.987,-0.8,-4.1,4.2,14.7,-12.0,1.097,6,5,0,0,5
54.2,11,isocontour,11.283791670955125,38038.57,80.05,-18.1,-6.6,1.078,-0.1,0.8,0.8,-18.0,-6.8,1.079,11,3,0,0,3
54.2,12,isocontour,11.283791670955125,37700.37,79.34,-14.9,-14.4,0.992,-0.6,-0.9,1.1,-18.0,-6.8,1.079,11,3,0,0,3
54.2,13,isocontour,11.283791670955125,36299.96,76.39,20.4,-3.9,0.989,1.1,0.5,1.2,14.7,-12.0,1.097,6,7,0,0,7
54.2,14,isocontour,11.283791670955125,36415.76,76.63,12.2,-17.3,0.967,-1.3,-2.6,2.9,14.7,-12.0,1.097,6,4,0,0,4
54.2,15,isocontour,11.283791670955125,35836.78,75.41,3.6,20.4,0.995,-2.7,1.2,3.0,-12.4,16.3,1.009,25,2,0,0,2
54.2,16,isocontour,11.283791670955125,46906.6,98.71,-24.3,21.4,0.528,0.3,0.9,0.9,-24.3,21.4,0.529,16,0,0,0,0
54.2,17,isocontour,11.283791670955125,36576.82,76.97,17.2,11.7,0.989,2.0,-2.3,3.0,18.6,5.3,1.073,5,5,0,0,5
54.2,18,isocontour,11.283791670955125,41012.06,86.3,-4.7,20.4,0.979,-0.2,2.5,2.5,-17.0,9.3,1.068,23,2,0,0,2
54.2,19,isocontour,11.283791670955125,37644.43,79.22,-20.7,1.4,0.992,-1.7,-2.3,2.9,-18.0,-6.8,1.079,11,4,0,0,4
54.2,20,isocontour,11.283791670955125,37667.09,79.27,8.0,-19.2,0.986,3.5,-1.4,3.8,14.7,-12.0,1.097,6,3,0,0,3
54.2,21,isocontour,11.283791670955125,36900.15,77.65,-8.1,-19.3,0.978,-2.1,-2.5,3.3,-18.0,-6.8,1.079,11,2,0,0,2
54.2,22,isocontour,11.283791670955125,39307.19,82.72,-19.5,-7.6,0.981,-3.1,0.9,3.2,-18.0,-6.8,1.079,11,3,0,0,3
54.2,23,isocontour,11.283791670955125,40973.49,86.22,-17.1,9.0,1.074,-0.8,-1.1,1.4,-18.0,-6.8,1.079,11,3,0,0,3
54.2,24,isocontour,11.283791670955125,37992.86,79.95,0.5,-20.8,0.986,1.8,-1.7,2.5,14.8,-11.8,1.096,6,2,0,0,2
54.2,25,isocontour,11.283791670955125,36506.63,76.82,-12.1,16.5,1.005,1.7,1.9,2.5,-17.0,9.1,1.074,23,3,0,0,3
54.2,Target,,,,,0.0,0.0,4.023,0.0,0.0,,,,,,,,,
54.3,1,isocontour,11.283791670955125,36571.92,76.96,19.4,6.9,1.0,-2.1,-2.1,3.0,14.7,-12.0,1.097,6,6,0,0,6
54.3,2,isocontour,11.283791670955125,35458.81,74.62,10.7,18.1,0.977,3.5,2.1,4.1,18.6,5.3,1.073,5,3,0,0,3
54.3,3,isocontour,11.283791670955125,37031.04,77.93,16.1,13.0,0.991,0.6,0.3,0.7,14.8,-11.8,1.096,6,5,0,0,5
54.3,4,isocontour,11.283791670955125,39556.01,83.24,18.6,4.6,1.081,-1.4,1.5,2.1,14.7,-12.0,1.097,6,6,0,0,6
54.3,5,isocontour,11.283791670955125,37744.85,79.43,18.4,5.5,1.08,-0.7,2.6,2.7,14.7,-12.0,1.097,6,6,0,0,6
54.3,6,isocontour,11.283791670955125,38750.53,81.55,14.5,-12.1,1.102,0.8,2.2,2.3,14.5,-12.1,1.097,6,5,0,0,5
54.3,7,isocontour,11.283791670955125,38048.43,80.07,-18.6,9.6,0.982,-0.5,0.5,0.7,-18.0,-6.8,1.079,11,3,0,0,3
54.3,8,isocontour,11.283791670955125,39341.51,82.79,15.8,-10.7,1.09,0.2,2.0,2.0,14.7,-12.0,1.097,6,5,0,0,5
54.3,9,isocontour,11.283791670955125,37270.51,78.43,20.8,-1.4,0.983,1.5,-0.4,1.6,14.7,-12.0,1.097,6,6,0,0,6
54.3,10,isocontour,11.283791670955125,37340.79,78.58,19.0,-8.9,0.979,1.2,-1.0,1.6,14.7,-12.0,1.097,6,5,0,0,5
54.3,11,isocontour,11.283791670955125,38036.52,80.04,-18.1,-6.7,1.073,-0.7,-0.9,1.1,-18.0,-6.8,1.079,11,3,0,0,3
54.3,12,isocontour,11.283791670955125,37679.64,79.29,-14.9,-14.6,0.982,-0.1,-2.5,2.5,-18.0,-6.8,1.079,11,3,0,0,3
54.3,13,isocontour,11.283791670955125,36289.03,76.37,20.4,-3.7,0.989,0.1,2.0,2.0,14.7,-12.0,1.097,6,7,0,0,7
54.3,14,isocontour,11.283791670955125,36411.72,76.62,12.2,-17.2,0.971,0.1,1.5,1.5,14.7,-12.0,1.097,6,4,0,0,4
54.3,15,isocontour,11.283791670955125,35828.87,75.4,3.5,20.5,0.987,-0.7,1.7,1.8,18.9,4.5,1.069,4,2,0,0,2
54.3,16,isocontour,11.283791670955125,46905.5,98.71,-24.2,21.4,0.528,0.7,0.6,0.9,-24.2,21.4,0.529,16,0,0,0,0
54.3,17,isocontour,11.283791670955125,36535.43,76.88,17.0,11.9,0.993,-2.5,2.0,3.2,14.8,-11.8,1.096,6,5,0,0,5
54.3,18,isocontour,11.283791670955125,41009.68,86.3,-4.8,20.5,0.977,-1.2,-0.2,1.2,-17.0,9.1,1.074,23,2,0,0,2
54.3,19,isocontour,11.283791670955125,37624.89,79.18,-20.9,1.5,0.98,-2.2,1.1,2.5,-18.0,-6.8,1.079,11,4,0,0,4
54.3,20,isocontour,11.283791670955125,37664.35,79.26,8.1,-19.3,0.98,1.2,-0.5,1.3,14.7,-12.0,1.097,6,3,0,0,3
54.3,21,isocontour,11.283791670955125,36898.45,77.65,-8.2,-19.3,0.98,-0.0,1.1,1.1,14.8,-11.8,1.096,6,2,0,0,2
54.3,22,isocontour,11.283791670955125,39305.35,82.71,-19.6,-7.5,0.981,0.1,1.1,1.1,-18.0,-6.8,1.079,11,3,0,0,3
54.3,23,isocontour,11.283791670955125,40952.01,86.18,-17.0,9.2,1.075,1.4,2.1,2.5,-18.0,-6.8,1.079,11,3,0,0,3
54.3,24,isocontour,11.283791670955125,37990.48,79.95,0.6,-20.8,0.986,1.2,0.4,1.3,14.7,-12.0,1.097,6,2,0,0,2
54.3,25,isocontour,11.283791670955125,36471.82,76.75,-12.3,16.4,1.005,-2.4,-1.9,3.1,-18.0,-6.8,1.079,11,3,0,0,3
54.3,Target,,,,,0.0,0.0,4.023,0.0,0.0,,,,,,,,,
54.4,1,isocontour,11.283791670955125,36540.45,76.89,19.4,6.6,1.004,0.5,-2.9,2.9,14.7,-12.0,1.097,6,6,0,0,6
54.4,2,isocontour,11.283791670955125,35360.63,74.41,11.0,17.9,0.976,3.4,-2.6,4.3,14.8,-11.8,1.096,6,3,0,0,3
54.4,3,isocontour,11.283791670955125,36965.55,77.79,16.1,13.3,0.98,0.0,3.7,3.7,14.7,-12.0,1.097,6,5,0,0,5
54.4,4,isocontour,11.283791670955125,39535.99,83.2,18.7,4.9,1.076,0.5,2.5,2.5,14.7,-12.0,1.097,6,6,0,0,6
54.4,5,isocontour,11.283791670955125,37742.11,79.42,18.5,5.6,1.073,1.2,0.3,1.2,14.7,-12.0,1.097,6,6,0,0,6
54.4,6,isocontour,11.283791670955125,38723.65,81.49,14.7,-11.8,1.102,1.8,2.1,2.8,14.7,-11.8,1.102,6,5,0,0,5
54.4,7,isocontour,11.283791670955125,38026.95,80.02,-18.4,9.8,0.983,1.5,2.1,2.6,-18.0,-6.8,1.079,11,3,0,0,3
54.4,8,isocontour,11.283791670955125,39340.51,82.79,15.9,-10.6,1.088,0.8,0.4,0.9,14.5,-12.1,1.102,6,5,0,0,5
54.4,9,isocontour,11.283791670955125,37267.31,78.42,20.9,-1.3,0.979,0.7,1.1,1.3,14.7,-12.0,1.097,6,6,0,0,6
54.4,10,isocontour,11.283791670955125,37326.36,78.55,18.9,-8.7,0.985,-0.7,2.1,2.2,14.5,-12.1,1.102,6,5,0,0,5
54.4,11,isocontour,11.283791670955125,38034.58,80.04,-18.2,-6.8,1.067,-0.8,-0.8,1.1,-18.0,-6.8,1.079,11,3,0,0,3
54.4,12,isocontour,11.283791670955125,37651.28,79.23,-15.1,-14.5,0.98,-2.0,2.0,2.8,14.8,-11.8,1.096,6,3,0,0,3
54.4,13,isocontour,11.283791670955125,36288.49,76.36,20.4,-3.6,0.99,-0.1,0.7,0.7,14.5,-12.1,1.102,6,7,0,0,7
54.4,14,isocontour,11.283791670955125,36377.94,76.55,12.4,-17.0,0.977,1.7,2.5,3.0,14.5,-12.1,1.102,6,4,0,0,4
54.4,15,isocontour,11.283791670955125,35812.23,75.36,3.4,20.7,0.976,-0.7,2.2,2.3,-17.0,9.1,1.074,23,2,0,0,2
54.4,16,isocontour,11.283791670955125,46904.4,98.7,-24.1,21.4,0.531,0.5,-0.8,0.9,-24.1,21.4,0.529,16,0,0,0,0
54.4,17,isocontour,11.283791670955125,36531.55,76.88,16.8,11.9,0.997,-1.3,0.7,1.5,14.7,-12.0,1.097,6,5,0,0,5
54.4,18,isocontour,11.283791670955125,41006.88,86.29,-4.9,20.4,0.981,-0.7,-1.1,1.3,-18.0,-6.8,1.079,11,2,0,0,2
54.4,19,isocontour,11.283791670955125,37615.62,79.16,-20.8,1.4,0.986,1.6,-1.2,2.0,-18.0,-6.8,1.079,11,4,0,0,4
54.4,20,isocontour,11.283791670955125,37641.6,79.21,7.9,-19.3,0.985,-2.6,0.4,2.6,14.5,-12.1,1.102,6,3,0,0,3
54.4,21,isocontour,11.283791670955125,36863.3,77.57,-7.9,-19.2,0.99,2.8,1.1,3.0,14.7,-12.0,1.097,6,2,0,0,2
54.4,22,isocontour,11.283791670955125,39279.05,82.66,-19.4,-7.6,0.989,2.3,-1.5,2.7,-18.0,-6.8,1.079,11,3,0,0,3
54.4,23,isocontour,11.283791670955125,40927.39,86.13,-16.8,9.4,1.076,1.3,2.3,2.6,-18.0,-6.8,1.079,11,3,0,0,3
54.4,24,isocontour,11.283791670955125,37988.54,79.94,0.7,-20.8,0.986,1.1,0.1,1.1,14.7,-12.0,1.097,6,2,0,0,2
54.4,25,isocontour,11.283791670955125,36470.38,76.75,-12.3,16.3,1.01,0.7,-0.7,1.0,-18.0,-6.8,1.079,11,3,0,0,3
54.4,Target,,,,,0.0,0.0,4.023,0.0,0.0,,,,,,,,,
54.5,1,isocontour,11.283791670955125,36536.8,76.89,19.5,6.6,0.998,1.4,0.2,1.4,14.5,-12.1,1.102,6,6,0,0,6
54.5,2,isocontour,11.283791670955125,35349.22,74.39,11.1,17.7,0.983,0.5,-2.0,2.1,14.7,-12.0,1.097,6,3,0,0,3
54.5,3,isocontour,11.283791670955125,36965.44,77.79,16.2,13.4,0.977,0.3,-0.3,0.4,14.7,-12.0,1.097,6,5,0,0,5
54.5,4,isocontour,11.283791670955125,39514.51,83.15,18.6,5.1,1.074,-0.5,2.5,2.5,14.5,-12.1,1.102,6,6,0,0,6
54.5,5,isocontour,11.283791670955125,37741.69,79.42,18.5,5.7,1.071,-0.0,0.7,0.7,14.5,-12.1,1.102,6,6,0,0,6
54.5,6,isocontour,11.283791670955125,38712.57,81.47,14.7,-11.6,1.106,0.5,2.0,2.1,14.7,-11.6,1.102,6,5,0,0,5
54.5,7,isocontour,11.283791670955125,38019.9,80.01,-18.3,9.9,0.988,1.6,0.8,1.8,-18.0,-6.8,1.079,11,3,0,0,3
54.5,8,isocontour,11.283791670955125,39339.41,82.78,16.0,-10.6,1.085,0.9,0.4,1.0,14.5,-12.1,1.102,6,5,0,0,5
54.5,9,isocontour,11.283791670955125,37264.87,78.42,20.8,-1.3,0.984,-1.1,0.5,1.2,14.5,-12.1,1.102,6,6,0,0,6
54.5,10,isocontour,11.283791670955125,37308.41,78.51,19.0,-8.5,0.988,0.8,2.3,2.4,14.5,-12.1,1.102,6,5,0,0,5
54.5,11,isocontour,11.283791670955125,38017.93,80.0,-18.3,-6.6,1.066,-0.9,2.2,2.4,14.8,-11.8,1.096,6,3,0,0,3
54.5,12,isocontour,11.283791670955125,37647.48,79.22,-15.1,-14.4,0.986,0.6,1.3,1.4,14.7,-12.0,1.097,6,3,0,0,3
54.5,13,isocontour,11.283791670955125,36285.75,76.36,20.4,-3.7,0.991,-0.3,-1.2,1.2,14.5,-12.1,1.102,6,7,0,0,7
54.5,14,isocontour,11.283791670955125,36374.73,76.55,12.4,-16.8,0.982,0.1,1.3,1.3,14.5,-12.1,1.102,6,4,0,0,4
54.5,15,isocontour,11.283791670955125,35796.82,75.33,3.2,20.8,0.973,-2.2,0.6,2.3,14.8,-11.8,1.096,6,2,0,0,2
54.5,16,isocontour,11.283791670955125,46903.3,98.7,-24.1,21.4,0.53,0.5,0.8,0.9,-24.1,21.4,0.531,16,0,0,0,0
54.5,17,isocontour,11.283791670955125,36513.16,76.84,16.8,12.2,0.991,-0.0,2.4,2.4,14.7,-12.0,1.097,6,5,0,0,5
54.5,18,isocontour,11.283791670955125,41003.39,86.29,-5.0,20.2,0.985,-0.9,-1.1,1.4,-18.0,-6.8,1.079,11,2,0,0,2
54.5,19,isocontour,11.283791670955125,37613.41,79.15,-20.8,1.3,0.987,-0.0,-1.2,1.2,-18.0,-6.8,1.079,11,4,0,0,4
54.5,20,isocontour,11.283791670955125,37619.1,79.16,7.7,-19.2,0.993,-2.6,0.4,2.6,14.5,-12.1,1.102,6,3,0,0,3
54.5,21,isocontour,11.283791670955125,36862.48,77.57,-8.0,-19.2,0.988,-0.7,-0.5,0.9,14.7,-12.0,1.097,6,2,0,0,2
54.5,22,isocontour,11.283791670955125,39270.75,82.64,-19.2,-7.6,0.999,1.9,0.1,1.9,14.8,-11.8,1.096,6,3,0,0,3
54.5,23,isocontour,11.283791670955125,40900.81,86.07,-16.7,9.6,1.077,1.5,2.3,2.7,-18.0,-6.8,1.079,11,3,0,0,3
54.5,24,isocontour,11.283791670955125,37961.37,79.89,0.5,-20.8,0.989,-2.7,0.5,2.7,14.5,-12.1,1.102,6,2,0,0,2
54.5,25,isocontour,11.283791670955125,36469.95,76.75,-12.3,16.2,1.013,-0.1,-0.7,0.7,-18.0,-6.8,1.079,11,3,0,0,3
54.5,Target,,,,,0.0,0.0,4.023,0.0,0.0,,,,,,,,,
54.6,1,isocontour,11.283791670955125,36507.54,76.83,19.7,6.8,0.984,2.2,1.9,2.9,14.5,-12.1,1.102,6,6,0,0,6
54.6,2,isocontour,11.283791670955125,35312.3,74.31,11.3,17.5,0.987,2.2,-2.2,3.1,14.7,-12.0,1.097,6,3,0,0,3
54.6,3,isocontour,11.283791670955125,36960.7,77.78,16.3,13.3,0.977,1.1,-1.1,1.6,14.5,-12.1,1.102,6,5,0,0,5
54.6,4,isocontour,11.283791670955125,39513.31,83.15,18.7,5.2,1.069,0.9,0.2,0.9,14.5,-12.1,1.102,6,6,0,0,6
54.6,5,isocontour,11.283791670955125,37727.26,79.39,18.7,5.6,1.062,2.0,-1.0,2.2,14.5,-12.1,1.102,6,6,0,0,6
54.6,6,isocontour,11.283791670955125,38705.28,81.45,14.6,-11.7,1.112,-1.6,-0.7,1.7,14.6,-11.7,1.106,6,5,0,0,5
54.6,7,isocontour,11.283791670955125,37995.28,79.96,-18.1,10.1,0.992,1.8,2.0,2.7,-18.0,-6.8,1.079,11,3,0,0,3
54.6,8,isocontour,11.283791670955125,39318.18,82.74,16.1,-10.4,1.085,1.3,2.2,2.6,14.7,-11.6,1.106,6,5,0,0,5
54.6,9,isocontour,11.283791670955125,37263.81,78.42,20.8,-1.2,0.988,-0.7,0.6,0.9,14.5,-12.1,1.102,6,6,0,0,6
54.6,10,isocontour,11.283791670955125,37307.35,78.51,19.0,-8.4,0.991,-0.3,0.9,0.9,14.7,-11.6,1.106,6,5,0,0,5
54.6,11,isocontour,11.283791670955125,38014.86,80.0,-18.4,-6.6,1.059,-1.3,-0.4,1.4,14.7,-12.0,1.097,6,3,0,0,3
54.6,12,isocontour,11.283791670955125,37646.27,79.22,-15.1,-14.3,0.989,-0.3,0.9,0.9,14.7,-12.0,1.097,6,3,0,0,3
54.6,13,isocontour,11.283791670955125,36284.0,76.36,20.5,-3.7,0.987,1.1,0.3,1.1,14.7,-11.6,1.106,6,7,0,0,7
54.6,14,isocontour,11.283791670955125,36360.87,76.52,12.3,-16.6,0.994,-1.0,1.9,2.1,14.7,-11.6,1.106,6,4,0,0,4
54.6,15,isocontour,11.283791670955125,35768.16,75.27,3.0,20.6,0.985,-1.5,-2.4,2.8,14.7,-12.0,1.097,6,2,0,0,2
54.6,16,isocontour,11.283791670955125,46902.2,98.7,-24.1,21.4,0.531,-0.5,-0.8,0.9,-24.1,21.4,0.531,16,0,0,0,0
54.6,17,isocontour,11.283791670955125,36490.4,76.79,16.8,12.4,0.982,0.2,2.6,2.6,14.5,-12.1,1.102,6,5,0,0,5
54.6,18,isocontour,11.283791670955125,40992.14,86.26,-5.1,20.2,0.985,-2.0,-0.3,2.0,14.8,-11.8,1.096,6,2,0,0,2
54.6,19,isocontour,11.283791670955125,37584.45,79.09,-20.7,1.0,0.991,0.6,-2.8,2.9,14.8,-11.8,1.096,6,4,0,0,4
54.6,20,isocontour,11.283791670955125,37617.06,79.16,7.7,-19.2,0.993,1.1,0.2,1.1,14.7,-11.6,1.106,6,3,0,0,3
54.6,21,isocontour,11.283791670955125,36859.61,77.57,-7.9,-19.2,0.991,1.3,0.1,1.3,14.5,-12.1,1.102,6,2,0,0,2
54.6,22,isocontour,11.283791670955125,39269.68,82.64,-19.1,-7.6,0.999,0.2,-0.9,0.9,14.7,-12.0,1.097,6,3,0,0,3
54.6,23,isocontour,11.283791670955125,40894.45,86.06,-16.8,9.6,1.071,-1.6,-0.6,1.7,-18.0,-6.8,1.079,11,3,0,0,3
54.6,24,isocontour,11.283791670955125,37958.63,79.88,0.6,-20.7,0.992,1.2,0.6,1.3,14.5,-12.1,1.102,6,2,0,0,2
54.6,25,isocontour,11.283791670955125,36438.16,76.68,-12.3,16.0,1.026,0.4,-2.9,2.9,-18.0,-6.8,1.079,11,3,0,0,3
54.6,Target,,,,,0.0,0.0,4.023,0.0,0.0,,,,,,,,,
54.7,1,isocontour,11.283791670955125,36504.8,76.82,19.9,6.8,0.976,1.3,0.1,1.3,14.7,-11.6,1.106,6,6,0,0,6
54.7,2,isocontour,11.283791670955125,35310.9,74.31,11.3,17.4,0.992,-0.7,-0.8,1.1,14.5,-12.1,1.102,6,3,0,0,3
54.7,3,isocontour,11.283791670955125,36957.21,77.77,16.2,13.2,0.983,-0.6,-1.2,1.3,14.5,-12.1,1.102,6,5,0,0,5
54.7,4,isocontour,11.283791670955125,39377.37,82.86,18.7,4.8,1.072,0.4,-4.7,4.7,14.7,-11.6,1.106,6,6,0,0,6
54.7,5,isocontour,11.283791670955125,37725.73,79.39,18.7,5.5,1.062,0.2,-1.0,1.0,14.7,-11.6,1.106,6,6,0,0,6
54.7,6,isocontour,11.283791670955125,38700.27,81.44,14.6,-11.8,1.107,0.0,-1.6,1.6,14.6,-11.8,1.112,6,5,0,0,5
54.7,7,isocontour,11.283791670955125,37968.11,79.9,-18.0,10.4,0.99,1.0,2.6,2.8,14.8,-11.8,1.096,6,3,0,0,3
54.7,8,isocontour,11.283791670955125,39313.16,82.73,16.2,-10.3,1.08,1.5,0.4,1.6,14.6,-11.7,1.112,6,5,0,0,5
54.7,9,isocontour,11.283791670955125,37227.6,78.34,20.7,-1.4,0.992,-0.9,-2.9,3.0,14.7,-11.6,1.106,6,6,0,0,6
54.7,10,isocontour,11.283791670955125,37306.94,78.51,19.0,-8.4,0.991,0.4,0.5,0.6,14.6,-11.7,1.112,6,5,0,0,5
54.7,11,isocontour,11.283791670955125,38014.18,80.0,-18.5,-6.7,1.055,-0.5,-0.7,0.9,14.7,-12.0,1.097,6,3,0,0,3
54.7,12,isocontour,11.283791670955125,37622.46,79.17,-15.1,-14.0,0.997,-0.3,2.6,2.6,14.5,-12.1,1.102,6,3,0,0,3
54.7,13,isocontour,11.283791670955125,36282.83,76.35,20.5,-3.8,0.988,-0.6,-0.8,1.0,14.6,-11.7,1.112,6,7,0,0,7
54.7,14,isocontour,11.283791670955125,36346.44,76.49,12.3,-16.8,0.987,0.1,-2.2,2.2,14.6,-11.7,1.112,6,4,0,0,4
54.7,15,isocontour,11.283791670955125,35747.18,75.23,3.2,20.4,0.994,1.7,-1.9,2.5,14.7,-12.0,1.097,6,2,0,0,2
54.7,16,isocontour,11.283791670955125,46901.1,98.7,-24.1,21.3,0.533,0.5,-0.8,0.9,-24.1,21.3,0.531,16,0,0,0,0
54.7,17,isocontour,11.283791670955125,36484.27,76.78,16.7,12.4,0.987,-1.6,-0.4,1.6,14.5,-12.1,1.102,6,5,0,0,5
54.7,18,isocontour,11.283791670955125,40962.56,86.2,-5.4,20.1,0.988,-2.5,-1.3,2.8,14.7,-12.0,1.097,6,2,0,0,2
54.7,19,isocontour,11.283791670955125,37577.53,79.08,-20.9,1.0,0.984,-1.6,0.8,1.8,14.7,-12.0,1.097,6,4,0,0,4
54.7,20,isocontour,11.283791670955125,37534.49,78.99,7.9,-19.5,0.975,2.4,-3.2,4.0,14.6,-11.7,1.112,6,3,0,0,3
54.7,21,isocontour,11.283791670955125,36837.88,77.52,-8.0,-19.2,0.989,-2.5,0.6,2.6,14.5,-12.1,1.102,6,2,0,0,2
54.7,22,isocontour,11.283791670955125,39267.88,82.63,-19.1,-7.8,0.997,-0.2,-1.1,1.1,14.7,-12.0,1.097,6,3,0,0,3
54.7,23,isocontour,11.283791670955125,40892.08,86.05,-16.9,9.5,1.067,-1.0,-0.7,1.2,14.8,-11.8,1.096,6,3,0,0,3
54.7,24,isocontour,11.283791670955125,37938.14,79.84,0.8,-20.8,0.985,2.0,-1.6,2.6,14.7,-11.6,1.106,6,2,0,0,2
54.7,25,isocontour,11.283791670955125,36420.66,76.64,-12.3,15.7,1.037,-0.1,-2.4,2.4,14.8,-11.8,1.096,6,3,0,0,3
54.7,Target,,,,,0.0,0.0,4.023,0.0,0.0,,,,,,,,,
54.8,1,isocontour,11.283791670955125,36502.12,76.81,19.9,6.7,0.978,-0.2,-1.3,1.3,14.6,-11.7,1.112,6,6,0,0,6
54.8,2,isocontour,11.283791670955125,35309.8,74.31,11.3,17.3,0.993,0.9,-0.4,1.0,14.5,-12.1,1.102,6,3,0,0,3
54.8,3,isocontour,11.283791670955125,36933.13,77.72,16.0,13.2,0.992,-2.6,0.4,2.6,14.7,-11.6,1.106,6,5,0,0,5
54.8,4,isocontour,11.283791670955125,39355.89,82.82,18.7,4.5,1.077,-0.1,-2.6,2.6,14.6,-11.7,1.112,6,6,0,0,6
54.8,5,isocontour,11.283791670955125,37718.45,79.37,18.7,5.3,1.067,-0.5,-1.7,1.8,14.6,-11.7,1.112,6,6,0,0,6
54.8,6,isocontour,11.283791670955125,38695.34,81.43,14.7,-11.8,1.101,1.5,0.3,1.5,14.6,-11.7,1.112,6,5,0,0,5
54.8,7,isocontour,11.283791670955125,37968.07,79.9,-18.0,10.4,0.991,0.3,0.1,0.3,14.7,-12.0,1.097,6,3,0,0,3
54.8,8,isocontour,11.283791670955125,39300.91,82.7,16.3,-10.1,1.084,0.2,2.1,2.1,14.6,-11.7,1.112,6,5,0,0,5
54.8,9,isocontour,11.283791670955125,37227.18,78.34,20.7,-1.4,0.992,0.2,0.6,0.6,14.6,-11.7,1.112,6,6,0,0,6
54.8,10,isocontour,11.283791670955125,37274.16,78.44,19.0,-8.6,0.983,0.5,-2.9,2.9,14.6,-11.7,1.112,6,5,0,0,5
54.8,11,isocontour,11.283791670955125,38011.86,79.99,-18.4,-6.7,1.057,0.9,-0.8,1.2,14.5,-12.1,1.102,6,3,0,0,3
54.8,12,isocontour,11.283791670955125,37604.07,79.13,-15.0,-14.1,1.002,2.1,-1.3,2.5,14.5,-12.1,1.102,6,3,0,0,3
54.8,13,isocontour,11.283791670955125,36246.97,76.28,20.2,-3.9,1.001,-2.9,-1.0,3.1,14.6,-11.7,1.112,6,7,0,0,7
54.8,14,isocontour,11.283791670955125,36346.35,76.49,12.3,-16.8,0.987,-0.1,0.4,0.4,14.6,-11.7,1.112,6,4,0,0,4
54.8,15,isocontour,11.283791670955125,35723.63,75.18,3.0,20.4,0.996,-2.6,0.4,2.6,14.5,-12.1,1.102,6,2,0,0,2
54.8,16,isocontour,11.283791670955125,46900.0,98.7,-24.1,21.4,0.531,-0.4,0.8,0.9,-24.1,21.4,0.533,16,0,0,0,0
54.8,17,isocontour,11.283791670955125,36475.43,76.76,16.5,12.4,0.996,-1.9,-0.1,1.9,14.7,-11.6,1.106,6,5,0,0,5
54.8,18,isocontour,11.283791670955125,40932.68,86.14,-5.2,20.1,0.993,2.8,-0.3,2.8,14.7,-12.0,1.097,6,2,0,0,2
54.8,19,isocontour,11.283791670955125,37575.27,79.07,-20.8,1.1,0.985,0.5,1.1,1.2,14.7,-12.0,1.097,6,4,0,0,4
54.8,20,isocontour,11.283791670955125,37534.03,78.99,7.9,-19.6,0.971,-0.6,-0.4,0.7,14.6,-11.7,1.112,6,3,0,0,3
54.8,21,isocontour,11.283791670955125,36809.53,77.46,-8.3,-19.0,0.992,-2.2,1.7,2.8,14.7,-11.6,1.106,6,2,0,0,2
54.8,22,isocontour,11.283791670955125,39241.87,82.58,-19.3,-7.6,0.989,-2.2,1.6,2.7,14.5,-12.1,1.102,6,3,0,0,3
54.8,23,isocontour,11.283791670955125,40870.35,86.01,-17.0,9.3,1.069,-0.9,-2.4,2.6,14.7,-12.0,1.097,6,3,0,0,3
54.8,24,isocontour,11.283791670955125,37815.43,79.58,0.4,-20.9,0.985,-4.6,0.1,4.6,14.6,-11.7,1.112,6,2,0,0,2
54.8,25,isocontour,11.283791670955125,36405.25,76.61,-12.3,15.5,1.044,-0.9,-2.1,2.3,14.7,-12.0,1.097,6,3,0,0,3
54.8,Target,,,,,0.0,0.0,4.023,0.0,0.0,,,,,,,,,
54.9,1,isocontour,11.283791670955125,36464.12,76.73,19.8,6.4,0.985,-0.5,-3.1,3.1,14.6,-11.7,1.112,6,6,0,0,6
54.9,2,isocontour,11.283791670955125,35205.29,74.09,11.1,17.6,0.986,-2.8,3.4,4.4,14.7,-11.6,1.106,6,3,0,0,3
54.9,3,isocontour,11.283791670955125,36898.32,77.65,16.1,13.0,0.993,2.0,-2.3,3.0,14.6,-11.7,1.112,6,5,0,0,5
54.9,4,isocontour,11.283791670955125,39353.51,82.81,18.8,4.3,1.078,0.1,-1.2,1.2,14.6,-11.7,1.112,6,6,0,0,6
54.9,5,isocontour,11.283791670955125,37716.07,79.37,18.7,5.2,1.069,0.1,-1.2,1.2,14.6,-11.7,1.112,6,6,0,0,6
54.9,6,isocontour,11.283791670955125,38673.86,81.38,14.9,-11.7,1.098,1.8,1.8,2.5,14.6,-11.7,1.112,6,5,0,0,5
54.9,7,isocontour,11.283791670955125,37967.59,79.9,-18.0,10.5,0.989,-0.1,0.7,0.7,14.7,-12.0,1.097,6,3,0,0,3
54.9,8,isocontour,11.283791670955125,39279.43,82.66,16.4,-9.9,1.085,1.3,2.2,2.6,14.6,-11.7,1.112,6,5,0,0,5
54.9,9,isocontour,11.283791670955125,37212.55,78.31,20.9,-1.4,0.981,2.2,-0.2,2.2,14.6,-11.7,1.112,6,6,0,0,6
54.9,10,isocontour,11.283791670955125,37265.46,78.42,19.2,-8.6,0.973,1.9,-0.1,1.9,14.6,-11.7,1.112,6,5,0,0,5
54.9,11,isocontour,11.283791670955125,38010.65,79.99,-18.4,-6.8,1.058,0.4,-0.9,1.0,14.5,-12.1,1.102,6,3,0,0,3
54.9,12,isocontour,11.283791670955125,37601.14,79.13,-15.0,-14.2,0.997,-0.4,-1.3,1.4,14.7,-11.6,1.106,6,3,0,0,3
54.9,13,isocontour,11.283791670955125,36244.66,76.27,20.1,-4.0,1.003,-0.3,-1.2,1.2,14.6,-11.7,1.112,6,7,0,0,7
54.9,14,isocontour,11.283791670955125,36335.58,76.46,12.4,-16.7,0.987,1.6,1.2,2.0,14.6,-11.7,1.112,6,4,0,0,4
54.9,15,isocontour,11.283791670955125,35692.48,75.11,3.2,20.6,0.988,2.6,1.3,2.9,14.5,-12.1,1.102,6,2,0,0,2
54.9,16,isocontour,11.283791670955125,46898.9,98.69,-24.1,21.4,0.533,0.9,-0.3,0.9,-24.1,21.4,0.533,16,0,0,0,0
54.9,17,isocontour,11.283791670955125,36452.41,76.71,16.6,12.2,1.001,0.9,-2.5,2.7,14.6,-11.7,1.112,6,5,0,0,5
54.9,18,isocontour,11.283791670955125,40920.77,86.11,-5.3,20.1,0.988,-2.0,0.6,2.1,14.5,-12.1,1.102,6,2,0,0,2
54.9,19,isocontour,11.283791670955125,37563.69,79.05,-20.6,1.1,0.995,2.1,-0.2,2.1,14.5,-12.1,1.102,6,4,0,0,4
54.9,20,isocontour,11.283791670955125,37501.91,78.92,7.9,-19.3,0.984,-0.6,2.9,3.0,14.6,-11.7,1.112,6,3,0,0,3
54.9,21,isocontour,11.283791670955125,36803.17,77.45,-8.2,-19.1,0.988,0.8,-1.5,1.7,14.6,-11.7,1.112,6,2,0,0,2
54.9,22,isocontour,11.283791670955125,39236.85,82.57,-19.4,-7.7,0.985,-0.2,-1.6,1.6,14.5,-12.1,1.102,6,3,0,0,3
54.9,23,isocontour,11.283791670955125,40868.3,86.0,-17.0,9.2,1.071,-0.2,-1.1,1.1,14.7,-12.0,1.097,6,3,0,0,3
54.9,24,isocontour,11.283791670955125,37788.26,79.52,0.1,-20.8,0.987,-2.7,0.5,2.7,14.6,-11.7,1.112,6,2,0,0,2
54.9,25,isocontour,11.283791670955125,36397.46,76.59,-12.2,15.4,1.053,1.7,-0.7,1.8,14.7,-12.0,1.097,6,3,0,0,3
54.9,Target,,,,,0.0,0.0,4.023,0.0,0.0,,,,,,,,,
55.0,1,isocontour,11.283791670955125,36441.88,76.69,19.7,6.6,0.991,-1.8,1.9,2.6,14.6,-11.7,1.112,6,6,0,0,6
55.0,2,isocontour,11.283791670955125,35200.91,74.08,11.2,17.7,0.98,1.5,0.3,1.5,14.6,-11.7,1.112,6,3,0,0,3
55.0,3,isocontour,11.283791670955125,36834.91,77.51,16.0,13.2,0.989,-1.7,3.3,3.7,14.6,-11.7,1.112,6,5,0,0,5
55.0,4,isocontour,11.283791670955125,39341.61,82.79,18.8,4.5,1.075,0.2,2.1,2.1,14.6,-11.7,1.112,6,6,0,0,6
55.0,5,isocontour,11.283791670955125,37694.09,79.32,18.6,5.4,1.07,-1.0,2.4,2.6,14.6,-11.7,1.112,6,6,0,0,6
55.0,6,isocontour,11.283791670955125,38650.06,81.33,15.0,-11.4,1.102,1.0,2.5,2.7,14.6,-11.7,1.112,6,5,0,0,5
55.0,7,isocontour,11.283791670955125,37959.68,79.88,-18.1,10.4,0.986,-1.3,-1.3,1.8,14.5,-12.1,1.102,6,3,0,0,3
55.0,8,isocontour,11.283791670955125,39273.08,82.65,16.4,-9.7,1.089,-0.0,1.7,1.7,14.6,-11.7,1.112,6,5,0,0,5
55.0,9,isocontour,11.283791670955125,37151.18,78.18,20.9,-1.7,0.981,-0.5,-3.6,3.6,14.6,-11.7,1.112,6,6,0,0,6
55.0,10,isocontour,11.283791670955125,37260.63,78.41,19.1,-8.6,0.979,-1.2,1.0,1.6,14.6,-11.7,1.112,6,5,0,0,5
55.0,11,isocontour,11.283791670955125,37981.39,79.93,-18.2,-7.1,1.061,1.5,-2.4,2.8,14.7,-11.6,1.106,6,3,0,0,3
55.0,12,isocontour,11.283791670955125,37599.34,79.12,-14.9,-14.3,0.995,0.7,-0.9,1.1,14.6,-11.7,1.112,6,3,0,0,3
55.0,13,isocontour,11.283791670955125,36242.81,76.27,20.2,-4.1,1.0,0.5,-1.0,1.1,14.6,-11.7,1.112,6,7,0,0,7
55.0,14,isocontour,11.283791670955125,36330.75,76.45,12.5,-16.5,0.992,0.2,1.5,1.5,14.6,-11.7,1.112,6,4,0,0,4
55.0,15,isocontour,11.283791670955125,35691.69,75.11,3.1,20.6,0.986,-0.8,0.3,0.9,14.7,-11.6,1.106,6,2,0,0,2
55.0,16,isocontour,11.283791670955125,46897.8,98.69,-24.1,21.3,0.533,-0.8,-0.5,0.9,-24.1,21.3,0.533,16,0,0,0,0
55.0,17,isocontour,11.283791670955125,36446.7,76.7,16.7,12.1,0.999,1.3,-1.0,1.6,14.6,-11.7,1.112,6,5,0,0,5
55.0,18,isocontour,11.283791670955125,40920.08,86.11,-5.4,20.1,0.985,-0.7,0.4,0.8,14.5,-12.1,1.102,6,2,0,0,2
55.0,19,isocontour,11.283791670955125,37562.66,79.05,-20.6,1.1,0.997,0.1,-0.9,0.9,14.5,-12.1,1.102,6,4,0,0,4
55.0,20,isocontour,11.283791670955125,37481.65,78.88,7.7,-19.2,0.996,-2.1,1.4,2.5,14.6,-11.7,1.112,6,3,0,0,3
55.0,21,isocontour,11.283791670955125,36801.47,77.44,-8.1,-19.1,0.991,0.9,0.6,1.1,14.6,-11.7,1.112,6,2,0,0,2
55.0,22,isocontour,11.283791670955125,39207.28,82.51,-19.2,-7.9,0.993,2.5,-1.3,2.8,14.7,-11.6,1.106,6,3,0,0,3
55.0,23,isocontour,11.283791670955125,40862.27,85.99,-17.2,9.1,1.068,-1.4,-1.0,1.7,14.5,-12.1,1.102,6,3,0,0,3
55.0,24,isocontour,11.283791670955125,37761.39,79.46,-0.2,-20.8,0.99,-2.7,0.5,2.7,14.6,-11.7,1.112,6,2,0,0,2
55.0,25,isocontour,11.283791670955125,36388.9,76.58,-12.1,15.2,1.063,0.4,-1.8,1.8,14.5,-12.1,1.102,6,3,0,0,3
55.0,Target,,,,,0.0,0.0,4.023,0.0,0.0,,,,,,,,,
55.1,1,isocontour,11.283791670955125,36440.44,76.68,19.7,6.6,0.988,0.9,0.5,1.0,14.6,-11.7,1.112,6,6,0,0,6
55.1,2,isocontour,11.283791670955125,35198.42,74.07,11.3,17.6,0.982,0.6,-1.1,1.3,14.6,-11.7,1.112,6,3,0,0,3
55.1,3,isocontour,11.283791670955125,36825.93,77.5,16.1,13.3,0.98,1.8,0.6,1.9,14.6,-11.7,1.112,6,5,0,0,5
55.1,4,isocontour,11.283791670955125,39325.99,82.76,18.7,4.3,1.081,-0.7,-2.2,2.3,14.6,-11.7,1.112,6,6,0,0,6
55.1,5,isocontour,11.283791670955125,37689.88,79.31,18.6,5.3,1.075,-0.3,-1.4,1.4,14.6,-11.7,1.112,6,6,0,0,6
55.1,6,isocontour,11.283791670955125,38630.28,81.29,15.1,-11.2,1.107,0.6,2.4,2.5,14.6,-11.7,1.112,6,5,0,0,5
55.1,7,isocontour,11.283791670955125,37930.1,79.82,-18.1,10.1,0.993,0.2,-2.8,2.8,14.5,-12.1,1.102,6,3,0,0,3
55.1,8,isocontour,11.283791670955125,39252.59,82.6,16.5,-9.5,1.091,1.1,2.3,2.5,14.6,-11.7,1.112,6,5,0,0,5
55.1,9,isocontour,11.283791670955125,37113.9,78.1,20.8,-2.0,0.983,-0.7,-3.0,3.1,14.6,-11.7,1.112,6,6,0,0,6
55.1,10,isocontour,11.283791670955125,37256.16,78.4,19.2,-8.4,0.978,1.0,1.1,1.5,14.6,-11.7,1.112,6,5,0,0,5
55.1,11,isocontour,11.283791670955125,37980.11,79.92,-18.2,-7.0,1.064,0.3,0.9,0.9,14.6,-11.7,1.112,6,3,0,0,3
55.1,12,isocontour,11.283791670955125,37530.1,78.98,-15.0,-14.6,0.98,-0.9,-3.7,3.8,14.6,-11.7,1.112,6,3,0,0,3
55.1,13,isocontour,11.283791670955125,36235.16,76.25,20.3,-4.2,0.993,1.2,-1.4,1.8,14.6,-11.7,1.112,6,7,0,0,7
55.1,14,isocontour,11.283791670955125,36328.49,76.45,12.6,-16.4,0.994,0.9,0.8,1.2,14.6,-11.7,1.112,6,4,0,0,4
55.1,15,isocontour,11.283791670955125,35690.76,75.11,3.0,20.6,0.987,-0.9,-0.3,0.9,14.6,-11.7,1.112,6,2,0,0,2
55.1,16,isocontour,11.283791670955125,46896.7,98.69,-24.2,21.4,0.53,-0.6,0.8,1.0,-24.2,21.4,0.533,16,0,0,0,0
55.1,17,isocontour,11.283791670955125,36414.58,76.63,16.7,12.3,0.99,0.3,2.9,2.9,14.6,-11.7,1.112,6,5,0,0,5
55.1,18,isocontour,11.283791670955125,40906.03,86.08,-5.2,20.2,0.984,2.2,0.5,2.3,14.7,-11.6,1.106,6,2,0,0,2
55.1,19,isocontour,11.283791670955125,37561.42,79.04,-20.6,1.1,0.996,-0.2,1.0,1.0,14.7,-11.6,1.106,6,4,0,0,4
55.1,20,isocontour,11.283791670955125,37460.18,78.83,7.4,-19.2,0.997,-2.3,-1.1,2.5,14.6,-11.7,1.112,6,3,0,0,3
55.1,21,isocontour,11.283791670955125,36799.95,77.44,-8.1,-19.1,0.99,0.7,-0.8,1.1,14.6,-11.7,1.112,6,2,0,0,2
55.1,22,isocontour,11.283791670955125,39206.57,82.51,-19.2,-7.9,0.991,-0.7,-0.4,0.8,14.6,-11.7,1.112,6,3,0,0,3
55.1,23,isocontour,11.283791670955125,40835.97,85.93,-17.2,8.8,1.071,-0.5,-2.7,2.7,14.5,-12.1,1.102,6,3,0,0,3
55.1,24,isocontour,11.283791670955125,37757.89,79.46,-0.1,-20.7,0.995,1.0,1.0,1.4,14.6,-11.7,1.112,6,2,0,0,2
55.1,25,isocontour,11.283791670955125,36386.85,76.57,-12.1,15.2,1.071,0.9,-0.7,1.1,14.5,-12.1,1.102,6,3,0,0,3
55.1,Target,,,,,0.0,0.0,4.023,0.0,0.0,,,,,,,,,
55.2,1,isocontour,11.283791670955125,36437.02,76.68,19.9,6.6,0.981,1.3,-0.4,1.4,14.6,-11.7,1.112,6,6,0,0,6
55.2,2,isocontour,11.283791670955125,35178.64,74.03,11.3,17.4,0.991,0.4,-2.5,2.5,14.6,-11.7,1.112,6,3,0,0,3
55.2,3,isocontour,11.283791670955125,36823.43,77.49,16.2,13.2,0.982,0.1,-1.2,1.2,14.6,-11.7,1.112,6,5,0,0,5
55.2,4,isocontour,11.283791670955125,39320.88,82.75,18.8,4.2,1.076,1.3,-0.9,1.6,14.6,-11.7,1.112,6,6,0,0,6
55.2,5,isocontour,11.283791670955125,37652.6,79.24,18.6,5.0,1.077,0.5,-3.0,3.0,14.6,-11.7,1.112,6,6,0,0,6
55.2,6,isocontour,11.283791670955125,38607.0,81.24,14.9,-11.2,1.114,-2.3,-1.2,2.6,14.6,-11.7,1.112,6,6,0,0,6
55.2,7,isocontour,11.283791670955125,37925.09,79.81,-18.0,10.1,0.997,1.3,0.9,1.6,14.7,-11.6,1.106,6,3,0,0,3
55.2,8,isocontour,11.283791670955125,39246.34,82.59,16.6,-9.4,1.089,1.1,1.3,1.7,14.6,-11.7,1.112,6,5,0,0,5
55.2,9,isocontour,11.283791670955125,37091.66,78.05,20.7,-1.9,0.99,-1.4,2.2,2.6,14.6,-11.7,1.112,6,7,0,0,7
55.2,10,isocontour,11.283791670955125,37240.34,78.37,19.0,-8.4,0.987,-2.3,0.0,2.3,14.6,-11.7,1.112,6,5,0,0,5
55.2,11,isocontour,11.283791670955125,37978.45,79.92,-18.2,-6.9,1.064,-0.6,0.9,1.1,14.6,-11.7,1.112,6,3,0,0,3
55.2,12,isocontour,11.283791670955125,37524.49,78.97,-14.9,-14.8,0.979,1.4,-0.9,1.7,14.6,-11.7,1.112,6,3,0,0,3
55.2,13,isocontour,11.283791670955125,36214.66,76.21,20.4,-4.0,0.988,1.3,2.2,2.6,14.6,-11.7,1.112,6,7,0,0,7
55.2,14,isocontour,11.283791670955125,36322.24,76.44,12.7,-16.4,0.99,1.7,0.2,1.7,14.6,-11.7,1.112,6,4,0,0,4
55.2,15,isocontour,11.283791670955125,35689.82,75.1,3.0,20.6,0.989,-0.9,-0.2,0.9,14.6,-11.7,1.112,6,2,0,0,2
55.2,16,isocontour,11.283791670955125,46895.6,98.69,-24.1,21.4,0.53,0.8,0.5,0.9,-24.1,21.4,0.533,16,0,0,0,0
55.2,17,isocontour,11.283791670955125,36413.41,76.63,16.8,12.4,0.984,0.7,0.7,1.0,14.6,-11.7,1.112,6,5,0,0,5
55.2,18,isocontour,11.283791670955125,40876.15,86.02,-5.0,20.2,0.989,2.8,-0.3,2.8,14.6,-11.7,1.112,6,2,0,0,2
55.2,19,isocontour,11.283791670955125,37500.04,78.91,-20.8,0.9,0.985,-2.5,-2.6,3.6,14.6,-11.7,1.112,6,4,0,0,4
55.2,20,isocontour,11.283791670955125,37420.69,78.75,7.5,-19.5,0.982,1.5,-2.7,3.1,14.6,-11.7,1.112,6,3,0,0,3
55.2,21,isocontour,11.283791670955125,36749.88,77.34,-8.3,-19.3,0.975,-2.5,-2.3,3.4,14.6,-11.7,1.112,6,2,0,0,2
55.2,22,isocontour,11.283791670955125,39206.12,82.5,-19.2,-8.0,0.988,-0.2,-0.7,0.7,14.6,-11.7,1.112,6,3,0,0,3
55.2,23,isocontour,11.283791670955125,40834.03,85.93,-17.3,8.7,1.07,-0.8,-0.8,1.1,14.7,-11.6,1.106,6,3,0,0,3
55.2,24,isocontour,11.283791670955125,37757.43,79.46,-0.2,-20.7,0.995,-0.7,-0.2,0.7,14.6,-11.7,1.112,6,2,0,0,2
55.2,25,isocontour,11.283791670955125,36375.44,76.55,-12.2,15.1,1.069,-1.9,-0.8,2.1,14.7,-11.6,1.106,6,3,0,0,3
55.2,Target,,,,,0.0,0.0,4.023,0.0,0.0,,,,,,,,,
55.3,1,isocontour,11.283791670955125,36399.01,76.6,19.8,6.3,0.988,-0.8,-3.0,3.1,14.6,-11.7,1.112,6,6,0,0,6
55.3,2,isocontour,11.283791670955125,35177.28,74.03,11.3,17.3,0.997,-0.8,-0.6,1.0,14.6,-11.7,1.112,6,3,0,0,3
55.3,3,isocontour,11.283791670955125,36817.51,77.48,16.0,13.2,0.99,-1.6,-0.5,1.7,14.6,-11.7,1.112,6,5,0,0,5
55.3,4,isocontour,11.283791670955125,39319.09,82.74,18.9,4.2,1.072,0.8,-0.7,1.1,14.6,-11.7,1.112,6,6,0,0,6
55.3,5,isocontour,11.283791670955125,37649.18,79.23,18.7,4.9,1.074,0.9,-1.1,1.4,14.6,-11.7,1.112,6,6,0,0,6
55.3,6,isocontour,11.283791670955125,38599.09,81.23,15.0,-11.2,1.11,1.7,0.5,1.8,15.0,-11.2,1.114,6,6,0,0,6
55.3,7,isocontour,11.283791670955125,37914.79,79.79,-18.1,10.3,0.989,-1.6,1.2,2.0,14.6,-11.7,1.112,6,3,0,0,3
55.3,8,isocontour,11.283791670955125,39245.88,82.59,16.7,-9.3,1.087,0.6,0.4,0.7,14.9,-11.2,1.114,6,5,0,0,5
55.3,9,isocontour,11.283791670955125,37089.56,78.05,20.7,-2.0,0.991,0.0,-1.2,1.2,14.9,-11.2,1.114,6,7,0,0,7
55.3,10,isocontour,11.283791670955125,37225.13,78.34,18.8,-8.5,0.999,-2.3,-0.3,2.3,14.9,-11.2,1.114,6,5,0,0,5
55.3,11,isocontour,11.283791670955125,37970.92,79.91,-18.3,-6.8,1.063,-0.7,1.6,1.7,14.6,-11.7,1.112,6,3,0,0,3
55.3,12,isocontour,11.283791670955125,37519.76,78.96,-14.9,-14.7,0.978,-1.3,0.9,1.6,14.6,-11.7,1.112,6,3,0,0,3
55.3,13,isocontour,11.283791670955125,36213.26,76.21,20.5,-4.1,0.985,0.3,-1.0,1.0,14.9,-11.2,1.114,6,7,0,0,7
55.3,14,isocontour,11.283791670955125,36321.56,76.43,12.7,-16.3,0.992,-0.1,0.8,0.8,14.9,-11.2,1.114,6,4,0,0,4
55.3,15,isocontour,11.283791670955125,35685.86,75.1,3.0,20.5,0.994,1.0,-1.1,1.5,14.6,-11.7,1.112,6,2,0,0,2
55.3,16,isocontour,11.283791670955125,46894.5,98.68,-24.0,21.5,0.532,0.9,0.2,0.9,-24.0,21.5,0.533,16,0,0,0,0
55.3,17,isocontour,11.283791670955125,36411.8,76.62,16.7,12.4,0.987,-1.1,-0.1,1.1,14.6,-11.7,1.112,6,5,0,0,5
55.3,18,isocontour,11.283791670955125,40874.71,86.02,-4.8,20.2,0.991,1.0,0.0,1.0,14.6,-11.7,1.112,6,2,0,0,2
55.3,19,isocontour,11.283791670955125,37387.43,78.68,-20.8,1.2,0.984,0.5,4.4,4.4,14.6,-11.7,1.112,6,4,0,0,4
55.3,20,isocontour,11.283791670955125,37405.87,78.72,7.4,-19.6,0.978,-2.0,-1.1,2.3,14.9,-11.2,1.114,6,3,0,0,3
55.3,21,isocontour,11.283791670955125,36733.23,77.3,-8.3,-19.6,0.964,0.6,-2.3,2.4,14.6,-11.7,1.112,6,2,0,0,2
55.3,22,isocontour,11.283791670955125,39201.83,82.5,-19.2,-7.9,0.989,-0.4,1.4,1.5,14.6,-11.7,1.112,6,3,0,0,3
55.3,23,isocontour,11.283791670955125,40807.15,85.87,-17.5,8.7,1.057,-2.8,-0.0,2.8,14.6,-11.7,1.112,6,3,0,0,3
55.3,24,isocontour,11.283791670955125,37746.5,79.43,-0.2,-20.8,0.986,-0.8,-1.9,2.1,14.6,-11.7,1.112,6,2,0,0,2
55.3,25,isocontour,11.283791670955125,36354.95,76.5,-12.4,15.0,1.066,-2.2,-1.2,2.5,14.6,-11.7,1.112,6,3,0,0,3
55.3,Target,,,,,0.0,0.0,4.023,0.0,0.0,,,,,,,,,
55.4,1,isocontour,11.283791670955125,36366.56,76.53,19.6,6.1,1.003,-2.4,-1.7,2.9,14.9,-11.2,1.114,6,6,0,0,6
55.4,2,isocontour,11.283791670955125,35176.82,74.03,11.2,17.3,0.998,-0.6,0.3,0.7,14.6,-11.7,1.112,6,3,0,0,3
55.4,3,isocontour,11.283791670955125,36816.78,77.48,16.0,13.2,0.993,-0.8,0.2,0.8,14.6,-11.7,1.112,6,5,0,0,5
55.4,4,isocontour,11.283791670955125,39316.77,82.74,18.8,4.2,1.074,-0.8,0.9,1.2,14.9,-11.2,1.114,6,6,0,0,6
55.4,5,isocontour,11.283791670955125,37628.68,79.18,18.7,5.1,1.071,-0.2,2.5,2.5,14.9,-11.2,1.114,6,6,0,0,6
55.4,6,isocontour,11.283791670955125,38598.13,81.23,15.1,-11.2,1.108,0.6,0.7,0.9,15.1,-11.2,1.114,6,5,0,0,5
55.4,7,isocontour,11.283791670955125,37913.62,79.78,-18.0,10.3,0.989,0.8,0.6,1.0,14.6,-11.7,1.112,6,3,0,0,3
55.4,8,isocontour,11.283791670955125,39239.75,82.58,16.8,-9.3,1.079,1.6,-0.3,1.6,14.9,-11.2,1.114,6,5,0,0,5
55.4,9,isocontour,11.283791670955125,37054.75,77.98,20.9,-1.9,0.978,2.8,1.0,3.0,14.9,-11.2,1.114,6,7,0,0,7
55.4,10,isocontour,11.283791670955125,37216.43,78.32,18.9,-8.3,0.997,1.3,1.3,1.8,14.9,-11.2,1.114,6,5,0,0,5
55.4,11,isocontour,11.283791670955125,37970.23,79.9,-18.4,-6.7,1.06,-0.8,0.3,0.9,14.6,-11.7,1.112,6,3,0,0,3
55.4,12,isocontour,11.283791670955125,37518.19,78.95,-15.0,-14.6,0.981,-0.2,1.1,1.1,14.6,-11.7,1.112,6,3,0,0,3
55.4,13,isocontour,11.283791670955125,36208.97,76.2,20.4,-4.2,0.989,-1.2,-0.9,1.5,14.9,-11.2,1.114,6,7,0,0,7
55.4,14,isocontour,11.283791670955125,36302.72,76.39,12.6,-16.5,0.993,-1.9,-1.5,2.4,14.9,-11.2,1.114,6,4,0,0,4
55.4,15,isocontour,11.283791670955125,35677.95,75.08,3.0,20.6,0.988,-1.0,1.5,1.8,14.6,-11.7,1.112,6,2,0,0,2
55.4,16,isocontour,11.283791670955125,46893.4,98.68,-24.0,21.4,0.534,0.5,-0.8,0.9,-24.0,21.4,0.533,16,0,0,0,0
55.4,17,isocontour,11.283791670955125,36394.73,76.59,16.5,12.6,0.989,-1.7,1.7,2.4,14.6,-11.7,1.112,6,5,0,0,5
55.4,18,isocontour,11.283791670955125,40853.72,85.97,-5.0,20.2,0.986,-2.5,0.4,2.5,14.6,-11.7,1.112,6,2,0,0,2
55.4,19,isocontour,11.283791670955125,37374.48,78.65,-20.7,1.4,0.993,2.0,0.8,2.2,14.6,-11.7,1.112,6,4,0,0,4
55.4,20,isocontour,11.283791670955125,37390.86,78.68,7.4,-19.5,0.988,-0.0,2.3,2.3,14.9,-11.2,1.114,6,2,0,0,2
55.4,21,isocontour,11.283791670955125,36730.86,77.3,-8.2,-19.5,0.967,1.1,0.6,1.3,14.6,-11.7,1.112,6,2,0,0,2
55.4,22,isocontour,11.283791670955125,39171.0,82.43,-19.0,-7.7,1.002,2.4,1.6,2.9,14.6,-11.7,1.112,6,3,0,0,3
55.4,23,isocontour,11.283791670955125,40806.33,85.87,-17.6,8.7,1.054,-0.5,-0.7,0.9,14.6,-11.7,1.112,6,3,0,0,3
55.4,24,isocontour,11.283791670955125,37735.58,79.41,-0.3,-21.0,0.975,-0.8,-1.9,2.1,14.9,-11.2,1.114,6,2,0,0,2
55.4,25,isocontour,11.283791670955125,36321.16,76.43,-12.2,15.0,1.072,2.9,0.7,3.0,14.6,-11.7,1.112,6,3,0,0,3
55.4,Target,,,,,0.0,0.0,4.023,0.0,0.0,,,,,,,,,
55.5,1,isocontour,11.283791670955125,36339.68,76.47,19.6,5.9,1.008,0.3,-2.7,2.7,14.9,-11.2,1.114,6,6,0,0,6
55.5,2,isocontour,11.283791670955125,35058.07,73.78,10.9,17.5,0.998,-3.8,2.5,4.5,14.6,-11.7,1.112,6,3,0,0,3
55.5,3,isocontour,11.283791670955125,36815.64,77.47,16.0,13.2,0.989,0.8,0.5,0.9,14.9,-11.2,1.114,6,5,0,0,5
55.5,4,isocontour,11.283791670955125,39295.29,82.69,18.8,4.5,1.073,-0.3,2.5,2.5,14.9,-11.2,1.114,6,6,0,0,6
55.5,5,isocontour,11.283791670955125,37607.7,79.14,18.7,5.3,1.067,0.1,2.5,2.5,14.9,-11.2,1.114,6,6,0,0,6
55.5,6,isocontour,11.283791670955125,38576.65,81.18,15.2,-11.0,1.108,1.6,2.0,2.6,15.2,-11.0,1.114,6,5,0,0,5
55.5,7,isocontour,11.283791670955125,37888.16,79.73,-18.0,10.1,0.997,0.3,-2.7,2.7,14.6,-11.7,1.112,6,3,0,0,3
55.5,8,isocontour,11.283791670955125,39220.67,82.54,17.0,-9.3,1.069,2.3,0.9,2.5,14.9,-11.2,1.114,6,5,0,0,5
55.5,9,isocontour,11.283791670955125,37054.55,77.98,20.9,-1.9,0.978,-0.4,0.3,0.5,14.9,-11.2,1.114,6,7,0,0,7
55.5,10,isocontour,11.283791670955125,37213.22,78.31,19.0,-8.3,0.992,1.3,0.5,1.4,14.9,-11.2,1.114,6,5,0,0,5
55.5,11,isocontour,11.283791670955125,37957.99,79.88,-18.6,-6.7,1.05,-2.1,0.2,2.1,14.6,-11.7,1.112,6,3,0,0,3
55.5,12,isocontour,11.283791670955125,37506.45,78.93,-15.0,-14.4,0.989,0.1,2.1,2.1,14.6,-11.7,1.112,6,3,0,0,3
55.5,13,isocontour,11.283791670955125,36185.69,76.15,20.3,-4.0,0.996,-0.9,2.5,2.7,14.9,-11.2,1.114,6,7,0,0,7
55.5,14,isocontour,11.283791670955125,36224.96,76.23,12.3,-16.7,0.988,-2.5,-3.1,4.0,14.9,-11.2,1.114,6,4,0,0,4
55.5,15,isocontour,11.283791670955125,35555.25,74.82,3.3,20.5,0.991,4.3,-1.6,4.6,14.6,-11.7,1.112,6,2,0,0,2
55.5,16,isocontour,11.283791670955125,46892.3,98.68,-24.0,21.3,0.534,-0.7,-0.7,1.0,-24.0,21.3,0.534,16,0,0,0,0
55.5,17,isocontour,11.283791670955125,36371.45,76.54,16.3,12.6,0.998,-2.6,0.4,2.6,14.9,-11.2,1.114,6,5,0,0,5
55.5,18,isocontour,11.283791670955125,40853.38,85.97,-5.0,20.3,0.984,0.5,0.4,0.6,14.6,-11.7,1.112,6,2,0,0,2
55.5,19,isocontour,11.283791670955125,37350.94,78.6,-20.6,1.6,0.994,-0.0,2.6,2.6,14.6,-11.7,1.112,6,4,0,0,4
55.5,20,isocontour,11.283791670955125,37388.42,78.68,7.5,-19.4,0.99,1.1,0.6,1.3,14.9,-11.2,1.114,6,2,0,0,2
55.5,21,isocontour,11.283791670955125,36725.84,77.29,-8.2,-19.4,0.972,-0.9,1.3,1.6,14.9,-11.2,1.114,6,2,0,0,2
55.5,22,isocontour,11.283791670955125,39144.41,82.37,-18.9,-7.9,1.006,1.3,-2.4,2.7,14.6,-11.7,1.112,6,3,0,0,3
55.5,23,isocontour,11.283791670955125,40792.09,85.84,-17.8,8.5,1.05,-1.6,-1.6,2.3,14.6,-11.7,1.112,6,3,0,0,3
55.5,24,isocontour,11.283791670955125,37698.3,79.33,-0.1,-21.0,0.976,3.0,0.5,3.0,14.9,-11.2,1.114,6,2,0,0,2
55.5,25,isocontour,11.283791670955125,36302.09,76.39,-12.2,14.8,1.082,-0.3,-2.4,2.4,14.6,-11.7,1.112,6,3,0,0,3
55.5,Target,,,,,0.0,0.0,4.023,0.0,0.0,,,,,,,,,
55.6,1,isocontour,11.283791670955125,36254.64,76.29,19.8,6.1,0.994,2.3,3.4,4.1,14.9,-11.2,1.114,6,6,0,0,6
55.6,2,isocontour,11.283791670955125,35036.08,73.73,10.9,17.8,0.986,1.2,2.3,2.6,14.9,-11.2,1.114,6,3,0,0,3
55.6,3,isocontour,11.283791670955125,36809.93,77.46,15.9,13.4,0.988,-1.0,1.3,1.6,14.9,-11.2,1.114,6,5,0,0,5
55.6,4,isocontour,11.283791670955125,39294.12,82.69,18.7,4.5,1.076,-0.8,0.6,1.0,14.9,-11.2,1.114,6,6,0,0,6
55.6,5,isocontour,11.283791670955125,37607.07,79.14,18.6,5.4,1.068,-0.6,0.5,0.8,14.9,-11.2,1.114,6,6,0,0,6
55.6,6,isocontour,11.283791670955125,38572.77,81.17,15.4,-10.9,1.103,1.4,0.4,1.5,15.4,-10.9,1.114,6,5,0,0,5
55.6,7,isocontour,11.283791670955125,37885.36,79.73,-17.9,10.1,1.0,1.0,0.8,1.3,14.6,-11.7,1.112,6,3,0,0,3
55.6,8,isocontour,11.283791670955125,39201.13,82.49,17.2,-9.1,1.068,1.0,2.3,2.5,14.9,-11.2,1.114,6,5,0,0,5
55.6,9,isocontour,11.283791670955125,37040.68,77.95,20.7,-1.9,0.988,-2.2,-0.2,2.2,14.9,-11.2,1.114,6,7,0,0,7
55.6,10,isocontour,11.283791670955125,37176.3,78.23,19.0,-8.5,0.988,-0.6,-3.0,3.1,14.9,-11.2,1.114,6,5,0,0,5
55.6,11,isocontour,11.283791670955125,37956.85,79.88,-18.6,-6.6,1.049,-0.2,0.9,0.9,14.6,-11.7,1.112,6,3,0,0,3
55.6,12,isocontour,11.283791670955125,37503.51,78.92,-15.1,-14.3,0.989,-1.0,0.8,1.3,14.9,-11.2,1.114,6,3,0,0,3
55.6,13,isocontour,11.283791670955125,36151.22,76.08,20.3,-4.2,0.992,0.7,-2.9,3.0,14.9,-11.2,1.114,6,7,0,0,7
55.6,14,isocontour,11.283791670955125,36223.96,76.23,12.3,-16.9,0.983,0.4,-0.8,0.9,14.9,-11.2,1.114,6,4,0,0,4
55.6,15,isocontour,11.283791670955125,35554.72,74.82,3.3,20.5,0.992,-0.7,0.2,0.7,14.6,-11.7,1.112,6,2,0,0,2
55.6,16,isocontour,11.283791670955125,46891.2,98.68,-24.0,21.4,0.533,0.2,0.9,0.9,-24.0,21.4,0.534,16,0,0,0,0
55.6,17,isocontour,11.283791670955125,36370.57,76.54,16.3,12.6,0.996,0.8,0.2,0.8,14.9,-11.2,1.114,6,5,0,0,5
55.6,18,isocontour,11.283791670955125,40851.98,85.97,-4.9,20.2,0.987,1.0,-0.3,1.0,14.6,-11.7,1.112,6,2,0,0,2
55.6,19,isocontour,11.283791670955125,37299.98,78.49,-20.8,1.4,0.983,-2.4,-2.4,3.4,14.6,-11.7,1.112,6,4,0,0,4
55.6,20,isocontour,11.283791670955125,37387.71,78.68,7.4,-19.3,0.994,-0.6,0.5,0.8,14.9,-11.2,1.114,6,2,0,0,2
55.6,21,isocontour,11.283791670955125,36723.89,77.28,-8.3,-19.3,0.977,-0.2,1.1,1.1,14.9,-11.2,1.114,6,2,0,0,2
55.6,22,isocontour,11.283791670955125,39133.8,82.35,-19.0,-8.1,0.998,-1.0,-1.8,2.1,14.6,-11.7,1.112,6,3,0,0,3
55.6,23,isocontour,11.283791670955125,40791.06,85.84,-17.8,8.4,1.05,-0.3,-0.9,0.9,14.6,-11.7,1.112,6,3,0,0,3
55.6,24,isocontour,11.283791670955125,37661.02,79.25,0.2,-21.0,0.979,3.0,0.5,3.0,14.9,-11.2,1.114,6,2,0,0,2
55.6,25,isocontour,11.283791670955125,36276.35,76.34,-12.4,14.6,1.086,-1.8,-2.1,2.8,14.6,-11.7,1.112,6,3,0,0,3
55.6,Target,,,,,0.0,0.0,4.023,0.0,0.0,,,,,,,,,
55.7,1,isocontour,11.283791670955125,36233.41,76.25,20.0,6.3,0.98,1.9,1.7,2.5,14.9,-11.2,1.114,6,6,0,0,6
55.7,2,isocontour,11.283791670955125,35033.93,73.72,11.0,17.7,0.987,0.4,-1.1,1.2,14.9,-11.2,1.114,6,3,0,0,3
55.7,3,isocontour,11.283791670955125,36805.72,77.45,15.9,13.2,0.993,0.1,-1.5,1.5,14.9,-11.2,1.114,6,5,0,0,5
55.7,4,isocontour,11.283791670955125,39293.6,82.69,18.7,4.6,1.078,-0.4,0.6,0.7,14.9,-11.2,1.114,6,6,0,0,6
55.7,5,isocontour,11.283791670955125,37585.08,79.09,18.6,5.6,1.069,-0.9,2.4,2.6,14.9,-11.2,1.114,6,6,0,0,6
55.7,6,isocontour,11.283791670955125,38546.46,81.12,15.5,-10.7,1.101,1.7,2.1,2.7,15.5,-10.7,1.114,6,5,0,0,5
55.7,7,isocontour,11.283791670955125,37878.2,79.71,-18.1,10.1,0.994,-1.8,-0.2,1.8,14.6,-11.7,1.112,6,3,0,0,3
55.7,8,isocontour,11.283791670955125,39180.15,82.45,17.3,-8.8,1.068,1.2,2.2,2.5,14.9,-11.2,1.114,6,5,0,0,5
55.7,9,isocontour,11.283791670955125,37018.19,77.9,20.6,-1.7,0.995,-0.8,2.5,2.6,14.9,-11.2,1.114,6,7,0,0,7
55.7,10,isocontour,11.283791670955125,37175.1,78.23,19.0,-8.5,0.987,0.5,0.8,0.9,14.9,-11.2,1.114,6,5,0,0,5
55.7,11,isocontour,11.283791670955125,37955.79,79.87,-18.6,-6.7,1.048,0.2,-0.9,0.9,14.9,-11.2,1.114,6,3,0,0,3
55.7,12,isocontour,11.283791670955125,37475.46,78.86,-15.2,-14.1,0.994,-0.9,2.6,2.8,14.9,-11.2,1.114,6,3,0,0,3
55.7,13,isocontour,11.283791670955125,36149.07,76.07,20.4,-4.2,0.986,1.1,0.3,1.1,14.9,-11.2,1.114,6,7,0,0,7
55.7,14,isocontour,11.283791670955125,36210.47,76.2,12.4,-16.7,0.989,0.4,2.1,2.1,14.9,-11.2,1.114,6,4,0,0,4
55.7,15,isocontour,11.283791670955125,35546.29,74.8,3.2,20.6,0.984,-0.6,1.8,1.9,14.9,-11.2,1.114,6,2,0,0,2
55.7,16,isocontour,11.283791670955125,46890.1,98.67,-24.0,21.5,0.533,0.7,0.7,1.0,-24.0,21.5,0.534,16,0,0,0,0
55.7,17,isocontour,11.283791670955125,36368.26,76.53,16.4,12.8,0.991,0.2,1.2,1.2,14.9,-11.2,1.114,6,5,0,0,5
55.7,18,isocontour,11.283791670955125,40850.24,85.96,-4.8,20.2,0.991,1.0,-0.5,1.1,14.6,-11.7,1.112,6,2,0,0,2
55.7,19,isocontour,11.283791670955125,37284.57,78.46,-20.9,1.6,0.979,-0.4,2.2,2.2,14.6,-11.7,1.112,6,4,0,0,4
55.7,20,isocontour,11.283791670955125,37364.17,78.63,7.6,-19.5,0.983,1.7,-2.0,2.6,14.9,-11.2,1.114,6,2,0,0,2
55.7,21,isocontour,11.283791670955125,36719.93,77.27,-8.3,-19.2,0.984,0.0,1.4,1.4,14.9,-11.2,1.114,6,2,0,0,2
55.7,22,isocontour,11.283791670955125,39123.5,82.33,-19.1,-8.1,0.989,-2.0,0.2,2.0,14.9,-11.2,1.114,6,3,0,0,3
55.7,23,isocontour,11.283791670955125,40788.69,85.83,-17.8,8.5,1.051,0.6,1.0,1.2,14.6,-11.7,1.112,6,3,0,0,3
55.7,24,isocontour,11.283791670955125,37658.28,79.25,0.4,-20.9,0.982,1.1,0.6,1.3,14.9,-11.2,1.114,6,2,0,0,2
55.7,25,isocontour,11.283791670955125,36263.22,76.31,-12.6,14.5,1.082,-2.1,-0.7,2.2,14.6,-11.7,1.112,6,3,0,0,3
55.7,Target,,,,,0.0,0.0,4.023,0.0,0.0,,,,,,,,,
55.8,1,isocontour,11.283791670955125,36233.13,76.25,20.0,6.4,0.979,-0.3,0.5,0.6,14.9,-11.2,1.114,6,6,0,0,6
55.8,2,isocontour,11.283791670955125,34997.01,73.65,11.1,17.5,0.991,2.2,-2.1,3.0,14.9,-11.2,1.114,6,3,0,0,3
55.8,3,isocontour,11.283791670955125,36782.71,77.4,15.8,13.4,0.995,-2.0,1.7,2.6,14.9,-11.2,1.114,6,5,0,0,5
55.8,4,isocontour,11.283791670955125,39292.03,82.69,18.6,4.7,1.081,-0.8,0.7,1.1,14.9,-11.2,1.114,6,6,0,0,6
55.8,5,isocontour,11.283791670955125,37546.71,79.01,18.5,5.4,1.075,-0.2,-3.1,3.1,14.9,-11.2,1.114,6,6,0,0,6
55.8,6,isocontour,11.283791670955125,38521.57,81.06,15.7,-10.5,1.099,1.8,2.0,2.7,15.7,-10.5,1.114,6,5,0,0,5
55.8,7,isocontour,11.283791670955125,37860.26,79.67,-18.2,10.2,0.981,-1.9,1.5,2.4,14.6,-11.7,1.112,6,3,0,0,3
55.8,8,isocontour,11.283791670955125,39159.66,82.41,17.4,-8.6,1.07,0.8,2.4,2.5,14.9,-11.2,1.114,6,5,0,0,5
55.8,9,isocontour,11.283791670955125,37017.71,77.9,20.6,-1.6,0.996,-0.1,0.7,0.7,14.9,-11.2,1.114,6,7,0,0,7
55.8,10,isocontour,11.283791670955125,37162.15,78.2,19.0,-8.3,0.993,-0.5,2.1,2.2,14.9,-11.2,1.114,6,5,0,0,5
55.8,11,isocontour,11.283791670955125,37929.2,79.82,-18.5,-6.9,1.047,0.8,-2.6,2.7,14.9,-11.2,1.114,6,3,0,0,3
55.8,12,isocontour,11.283791670955125,37474.87,78.86,-15.2,-14.1,0.992,-0.7,-0.4,0.8,14.9,-11.2,1.114,6,3,0,0,3
55.8,13,isocontour,11.283791670955125,36086.17,75.94,20.4,-3.9,0.988,-0.0,3.7,3.7,14.9,-11.2,1.114,6,7,0,0,7
55.8,14,isocontour,11.283791670955125,36195.26,76.17,12.5,-16.5,0.99,1.8,1.3,2.2,14.9,-11.2,1.114,6,4,0,0,4
55.8,15,isocontour,11.283791670955125,35546.12,74.8,3.2,20.7,0.981,-0.2,0.5,0.5,14.9,-11.2,1.114,6,2,0,0,2
55.8,16,isocontour,11.283791670955125,46889.01,98.67,-24.0,21.5,0.532,-0.9,0.1,0.9,-24.0,21.5,0.534,16,0,0,0,0
55.8,17,isocontour,11.283791670955125,36300.64,76.39,16.7,12.7,0.98,3.6,-1.1,3.8,14.9,-11.2,1.114,6,5,0,0,5
55.8,18,isocontour,11.283791670955125,40848.88,85.96,-4.9,20.1,0.993,-0.9,-0.5,1.0,14.9,-11.2,1.114,6,2,0,0,2
55.8,19,isocontour,11.283791670955125,37258.84,78.41,-20.8,1.8,0.986,1.8,2.0,2.7,14.9,-11.2,1.114,6,4,0,0,4
55.8,20,isocontour,11.283791670955125,37310.96,78.52,7.9,-19.6,0.972,3.4,-0.5,3.4,14.9,-11.2,1.114,6,2,0,0,2
55.8,21,isocontour,11.283791670955125,36713.01,77.26,-8.3,-19.0,0.991,-0.6,1.6,1.7,14.9,-11.2,1.114,6,2,0,0,2
55.8,22,isocontour,11.283791670955125,39123.02,82.33,-19.2,-8.1,0.985,-0.7,0.3,0.8,14.9,-11.2,1.114,6,3,0,0,3
55.8,23,isocontour,11.283791670955125,40773.07,85.8,-18.0,8.5,1.04,-2.3,0.0,2.3,14.6,-11.7,1.112,6,3,0,0,3
55.8,24,isocontour,11.283791670955125,37637.54,79.2,0.2,-20.8,0.99,-1.9,1.7,2.5,14.9,-11.2,1.114,6,2,0,0,2
55.8,25,isocontour,11.283791670955125,36257.62,76.3,-12.6,14.4,1.088,-0.0,-1.6,1.6,14.6,-11.7,1.112,6,3,0,0,3
55.8,Target,,,,,0.0,0.0,4.023,0.0,0.0,,,,,,,,,
55.9,1,isocontour,11.283791670955125,36203.55,76.19,19.9,6.2,0.987,-0.9,-2.7,2.8,14.9,-11.2,1.114,6,6,0,0,6
55.9,2,isocontour,11.283791670955125,34990.55,73.63,11.1,17.6,0.986,-0.6,1.6,1.7,14.9,-11.2,1.114,6,3,0,0,3
55.9,3,isocontour,11.283791670955125,36781.1,77.4,15.8,13.4,0.994,0.9,-0.6,1.1,14.9,-11.2,1.114,6,5,0,0,5
55.9,4,isocontour,11.283791670955125,39264.27,82.63,18.7,4.5,1.078,1.4,-2.4,2.8,14.9,-11.2,1.114,6,6,0,0,6
55.9,5,isocontour,11.283791670955125,37524.73,78.97,18.6,5.2,1.073,1.3,-2.2,2.6,14.9,-11.2,1.114,6,6,0,0,6
55.9,6,isocontour,11.283791670955125,38496.67,81.01,15.9,-10.3,1.1,1.2,2.4,2.7,15.9,-10.3,1.114,6,5,0,0,5
55.9,7,isocontour,11.283791670955125,37851.69,79.65,-18.4,10.1,0.979,-1.0,-1.6,1.9,14.9,-11.2,1.114,6,3,0,0,3
55.9,8,isocontour,11.283791670955125,39147.75,82.38,17.4,-8.4,1.075,0.1,2.1,2.1,14.9,-11.2,1.114,6,5,0,0,5
55.9,9,isocontour,11.283791670955125,36998.86,77.86,20.7,-1.4,0.988,1.9,1.6,2.5,14.9,-11.2,1.114,6,7,0,0,7
55.9,10,isocontour,11.283791670955125,37158.94,78.2,18.9,-8.4,0.995,-0.8,-1.1,1.4,14.9,-11.2,1.114,6,5,0,0,5
55.9,11,isocontour,11.283791670955125,37898.68,79.75,-18.4,-7.2,1.047,1.1,-2.7,2.9,14.9,-11.2,1.114,6,3,0,0,3
55.9,12,isocontour,11.283791670955125,37472.82,78.86,-15.2,-14.2,0.988,0.1,-1.1,1.1,14.9,-11.2,1.114,6,3,0,0,3
55.9,13,isocontour,11.283791670955125,36069.53,75.9,20.2,-3.8,1.0,-2.1,1.0,2.3,14.9,-11.2,1.114,6,7,0,0,7
55.9,14,isocontour,11.283791670955125,36183.01,76.14,12.5,-16.7,0.984,-0.6,-2.0,2.1,14.9,-11.2,1.114,6,4,0,0,4
55.9,15,isocontour,11.283791670955125,35542.15,74.79,3.2,20.6,0.987,-0.2,-1.4,1.4,14.9,-11.2,1.114,6,2,0,0,2
55.9,16,isocontour,11.283791670955125,46887.91,98.67,-24.0,21.6,0.53,0.0,0.9,0.9,-24.0,21.6,0.534,16,0,0,0,0
55.9,17,isocontour,11.283791670955125,36258.07,76.3,16.7,12.9,0.97,-0.3,3.2,3.2,14.9,-11.2,1.114,6,5,0,0,5
55.9,18,isocontour,11.283791670955125,40847.74,85.96,-5.0,20.1,0.992,-0.9,-0.1,0.9,14.9,-11.2,1.114,6,2,0,0,2
55.9,19,isocontour,11.283791670955125,37246.42,78.38,-20.6,1.7,0.996,1.7,-1.3,2.1,14.9,-11.2,1.114,6,4,0,0,4
55.9,20,isocontour,11.283791670955125,37309.6,78.51,7.9,-19.5,0.976,-0.5,0.9,1.0,14.9,-11.2,1.114,6,2,0,0,2
55.9,21,isocontour,11.283791670955125,36693.93,77.22,-8.1,-19.0,0.995,2.4,-0.5,2.5,14.9,-11.2,1.114,6,2,0,0,2
55.9,22,isocontour,11.283791670955125,39086.45,82.25,-19.0,-8.1,0.998,3.1,0.1,3.1,14.9,-11.2,1.114,6,3,0,0,3
55.9,23,isocontour,11.283791670955125,40752.09,85.76,-18.0,8.3,1.043,-0.3,-2.5,2.5,14.9,-11.2,1.114,6,3,0,0,3
55.9,24,isocontour,11.283791670955125,37607.34,79.14,0.4,-20.8,0.99,2.9,-0.3,2.9,14.9,-11.2,1.114,6,2,0,0,2
55.9,25,isocontour,11.283791670955125,36224.17,76.23,-12.4,14.5,1.092,2.6,1.4,3.0,14.9,-11.2,1.114,6,3,0,0,3
55.9,Target,,,,,0.0,0.0,4.023,0.0,0.0,,,,,,,,,
56.0,1,isocontour,11.283791670955125,36196.27,76.17,19.8,6.0,0.994,-0.8,-1.6,1.8,19.8,6.0,0.987,1,6,0,0,6
56.0,2,isocontour,11.283791670955125,34987.61,73.63,11.0,17.6,0.989,-1.3,-0.1,1.3,11.0,17.6,0.986,2,3,0,0,3
56.0,3,isocontour,11.283791670955125,36755.08,77.35,15.9,13.1,0.997,1.3,-2.4,2.7,15.9,13.1,0.994,3,5,0,0,5
56.0,4,isocontour,11.283791670955125,39227.35,82.55,18.8,4.2,1.08,0.1,-3.1,3.1,18.8,4.2,1.078,4,6,0,0,6
56.0,5,isocontour,11.283791670955125,37509.32,78.93,18.6,4.9,1.078,-0.6,-2.2,2.3,18.6,4.9,1.073,5,6,0,0,6
56.0,6,isocontour,11.283791670955125,38480.24,80.98,16.0,-10.1,1.095,1.9,1.3,2.3,16.0,-10.1,1.1,6,5,0,0,5
56.0,7,isocontour,11.283791670955125,37850.48,79.65,-18.4,10.0,0.981,0.0,-1.0,1.0,-18.4,10.0,0.979,7,3,0,0,3
56.0,8,isocontour,11.283791670955125,39126.76,82.34,17.5,-8.2,1.076,1.1,2.3,2.5,17.5,-8.2,1.075,8,5,0,0,5
56.0,9,isocontour,11.283791670955125,36915.06,77.68,20.9,-1.7,0.98,1.1,-3.9,4.1,20.9,-1.7,0.988,9,7,0,0,7
56.0,10,isocontour,11.283791670955125,37033.01,77.93,18.9,-8.8,0.987,-0.1,-4.6,4.6,18.9,-8.8,0.995,10,5,0,0,5
56.0,11,isocontour,11.283791670955125,37896.13,79.75,-18.5,-7.2,1.044,-1.0,0.7,1.2,-18.5,-7.2,1.047,11,3,0,0,3
56.0,12,isocontour,11.283791670955125,37472.62,78.86,-15.3,-14.2,0.987,-0.4,0.4,0.6,-15.3,-14.2,0.988,12,3,0,0,3
56.0,13,isocontour,11.283791670955125,36069.03,75.9,20.2,-3.7,1.0,0.3,0.6,0.7,20.2,-3.7,1.0,13,7,0,0,7
56.0,14,isocontour,11.283791670955125,36181.87,76.14,12.5,-16.7,0.985,0.5,0.8,0.9,12.5,-16.7,0.984,14,4,0,0,4
56.0,15,isocontour,11.283791670955125,35511.64,74.73,3.0,20.5,0.992,-2.9,-0.4,2.9,3.0,20.5,0.987,15,2,0,0,2
56.0,16,isocontour,11.283791670955125,46886.81,98.67,-24.0,21.5,0.532,0.7,-0.6,0.9,-24.0,21.5,0.53,16,0,0,0,0
56.0,17,isocontour,11.283791670955125,36243.64,76.27,16.7,12.8,0.976,-0.3,-2.2,2.2,16.7,12.8,0.97,17,5,0,0,5
56.0,18,isocontour,11.283791670955125,40820.57,85.9,-5.2,20.1,0.989,-2.8,-0.1,2.8,-5.2,20.1,0.992,18,2,0,0,2
56.0,19,isocontour,11.283791670955125,37222.61,78.33,-20.6,1.9,0.996,-0.1,2.6,2.6,-20.6,1.9,0.996,19,4,0,0,4
56.0,20,isocontour,11.283791670955125,37281.25,78.45,7.6,-19.5,0.983,-2.8,0.3,2.8,7.6,-19.5,0.976,20,2,0,0,2
56.0,21,isocontour,11.283791670955125,36692.87,77.22,-8.1,-19.0,0.999,0.1,0.9,0.9,-8.1,-19.0,0.995,21,2,0,0,2
56.0,22,isocontour,11.283791670955125,39083.59,82.25,-18.9,-8.1,1.003,0.9,-0.9,1.3,-18.9,-8.1,0.998,22,3,0,0,3
56.0,23,isocontour,11.283791670955125,40742.24,85.74,-18.1,8.2,1.04,-1.4,-1.4,2.0,-18.1,8.2,1.043,23,3,0,0,3
56.0,24,isocontour,11.283791670955125,37605.82,79.14,0.4,-20.8,0.988,-0.9,-0.5,1.0,0.4,-20.8,0.99,24,2,0,0,2
56.0,25,isocontour,11.283791670955125,36221.91,76.22,-12.3,14.5,1.092,0.8,0.9,1.2,-12.3,14.5,1.092,25,3,0,0,3
56.0,Target,,,,,0.0,0.0,4.023,0.0,0.0,,,,,,,,,
56.1,1,isocontour,11.283791670955125,36194.52,76.17,19.8,6.1,0.992,0.4,1.0,1.1,18.8,4.2,1.08,4,6,0,0,6
56.1,2,isocontour,11.283791670955125,34951.05,73.55,11.1,17.4,0.995,1.8,-2.4,3.0,15.9,13.1,0.997,3,3,0,0,3
56.1,3,isocontour,11.283791670955125,36753.64,77.34,16.0,13.2,0.993,0.2,1.0,1.0,18.8,4.2,1.08,4,5,0,0,5
56.1,4,isocontour,11.283791670955125,39197.15,82.49,18.8,3.9,1.083,0.1,-2.9,2.9,18.8,3.9,1.08,4,6,0,0,6
56.1,5,isocontour,11.283791670955125,37488.58,78.89,18.6,4.7,1.085,-0.5,-2.5,2.5,18.8,4.2,1.08,4,6,0,0,6
56.1,6,isocontour,11.283791670955125,38478.24,80.97,16.1,-10.1,1.092,1.0,0.6,1.2,16.1,-10.1,1.1,6,5,0,0,5
56.1,7,isocontour,11.283791670955125,37827.73,79.6,-18.4,9.8,0.985,-0.5,-2.6,2.6,-12.3,14.5,1.092,25,3,0,0,3
56.1,8,isocontour,11.283791670955125,39126.36,82.34,17.5,-8.1,1.075,0.4,0.5,0.6,16.0,-10.1,1.1,6,5,0,0,5
56.1,9,isocontour,11.283791670955125,36912.0,77.68,20.8,-1.9,0.982,-0.8,-1.1,1.4,16.0,-10.1,1.1,6,7,0,0,7
56.1,10,isocontour,11.283791670955125,37028.27,77.92,19.0,-8.9,0.979,1.2,-0.9,1.5,16.0,-10.1,1.1,6,5,0,0,5
56.1,11,isocontour,11.283791670955125,37875.39,79.7,-18.5,-6.9,1.047,-0.1,2.5,2.5,-18.5,-6.9,1.047,11,3,0,0,3
56.1,12,isocontour,11.283791670955125,37457.41,78.82,-15.1,-14.1,0.996,2.3,0.1,2.3,-18.5,-7.2,1.047,11,3,0,0,3
56.1,13,isocontour,11.283791670955125,36052.38,75.87,20.4,-3.8,0.991,1.8,-1.5,2.3,16.0,-10.1,1.1,6,7,0,0,7
56.1,14,isocontour,11.283791670955125,36178.07,76.13,12.6,-16.5,0.989,0.4,1.4,1.5,16.0,-10.1,1.1,6,4,0,0,4
56.1,15,isocontour,11.283791670955125,35510.36,74.73,3.0,20.5,0.99,0.9,0.4,1.0,3.0,20.5,0.992,15,2,0,0,2
56.1,16,isocontour,11.283791670955125,46885.71,98.67,-24.0,21.4,0.533,-0.5,-0.8,0.9,-24.0,21.4,0.532,16,0,0,0,0
56.1,17,isocontour,11.283791670955125,36209.85,76.2,16.6,12.5,0.989,-1.0,-2.8,3.0,18.8,4.2,1.08,4,5,0,0,5
56.1,18,isocontour,11.283791670955125,40818.08,85.9,-5.4,20.1,0.99,-1.1,-0.5,1.2,-12.3,14.5,1.092,25,2,0,0,2
56.1,19,isocontour,11.283791670955125,37218.73,78.32,-20.6,1.9,0.992,-0.8,-1.2,1.4,-18.5,-7.2,1.047,11,4,0,0,4
56.1,20,isocontour,11.283791670955125,37270.48,78.43,7.4,-19.5,0.985,-2.0,-0.5,2.1,0.4,-20.8,0.99,24,2,0,0,2
56.1,21,isocontour,11.283791670955125,36691.9,77.21,-8.0,-18.9,1.002,0.9,0.0,0.9,-8.0,-18.9,0.999,21,2,0,0,2
56.1,22,isocontour,11.283791670955125,39073.74,82.23,-19.0,-8.2,0.994,-2.0,-0.1,2.0,-18.5,-7.2,1.047,11,3,0,0,3
56.1,23,isocontour,11.283791670955125,40738.12,85.73,-18.1,8.0,1.044,0.4,-1.4,1.5,-12.3,14.5,1.092,25,3,0,0,3
56.1,24,isocontour,11.283791670955125,37569.97,79.06,0.1,-20.8,0.988,-3.0,0.1,3.0,-8.1,-19.0,0.999,21,2,0,0,2
56.1,25,isocontour,11.283791670955125,36212.36,76.2,-12.2,14.7,1.088,1.0,1.7,2.0,-12.2,14.7,1.092,25,3,0,0,3
56.1,Target,,,,,0.0,0.0,4.023,0.0,0.0,,,,,,,,,
56.2,1,isocontour,11.283791670955125,36104.37,75.98,20.1,6.3,0.975,2.6,3.3,4.2,16.0,-10.1,1.1,6,6,0,0,6
56.2,2,isocontour,11.283791670955125,34944.01,73.54,11.1,17.5,0.99,-0.6,1.7,1.8,18.8,4.2,1.08,4,3,0,0,3
56.2,3,isocontour,11.283791670955125,36739.4,77.31,16.1,13.3,0.982,1.7,1.4,2.2,18.6,4.7,1.085,5,5,0,0,5
56.2,4,isocontour,11.283791670955125,39174.14,82.44,18.8,4.1,1.08,0.1,2.6,2.6,16.0,-10.1,1.1,6,6,0,0,6
56.2,5,isocontour,11.283791670955125,37467.1,78.84,18.5,4.9,1.085,-0.5,2.5,2.5,16.0,-10.1,1.1,6,6,0,0,6
56.2,6,isocontour,11.283791670955125,38458.47,80.93,16.3,-9.9,1.093,1.1,2.3,2.5,16.0,-10.1,1.1,6,5,0,0,5
56.2,7,isocontour,11.283791670955125,37806.0,79.56,-18.4,9.5,0.992,0.2,-2.6,2.6,-12.3,14.5,1.092,25,3,0,0,3
56.2,8,isocontour,11.283791670955125,39118.83,82.32,17.7,-8.1,1.066,1.5,-0.9,1.7,16.0,-10.1,1.1,6,5,0,0,5
56.2,9,isocontour,11.283791670955125,36899.75,77.65,20.7,-1.8,0.991,-1.8,1.2,2.2,16.0,-10.1,1.1,6,7,0,0,7
56.2,10,isocontour,11.283791670955125,37023.72,77.91,18.9,-8.9,0.984,-1.5,0.1,1.5,16.0,-10.1,1.1,6,5,0,0,5
56.2,11,isocontour,11.283791670955125,37849.38,79.65,-18.4,-7.1,1.047,0.8,-2.6,2.7,-18.4,-7.1,1.047,11,3,0,0,3
56.2,12,isocontour,11.283791670955125,37428.14,78.76,-15.3,-14.2,0.985,-2.7,-0.9,2.8,-18.5,-7.2,1.047,11,3,0,0,3
56.2,13,isocontour,11.283791670955125,35983.14,75.72,20.6,-4.1,0.978,1.6,-3.4,3.8,16.0,-10.1,1.1,6,7,0,0,7
56.2,14,isocontour,11.283791670955125,36168.23,76.11,12.6,-16.3,0.997,0.1,2.0,2.0,16.0,-10.1,1.1,6,4,0,0,4
56.2,15,isocontour,11.283791670955125,35480.78,74.66,3.2,20.5,0.989,2.8,-0.4,2.8,-12.3,14.5,1.092,25,2,0,0,2
56.2,16,isocontour,11.283791670955125,46884.61,98.66,-24.0,21.5,0.533,0.6,0.7,0.9,-24.0,21.5,0.533,16,0,0,0,0
56.2,17,isocontour,11.283791670955125,36190.55,76.16,16.4,12.4,1.002,-2.3,-0.9,2.5,18.6,4.7,1.085,5,5,0,0,5
56.2,18,isocontour,11.283791670955125,40817.47,85.9,-5.3,20.1,0.99,0.8,0.1,0.8,-12.3,14.5,1.092,25,2,0,0,2
56.2,19,isocontour,11.283791670955125,37217.73,78.32,-20.7,1.9,0.99,-0.2,0.9,0.9,-12.3,14.5,1.092,25,4,0,0,4
56.2,20,isocontour,11.283791670955125,37263.2,78.42,7.4,-19.4,0.993,-0.1,1.8,1.8,16.0,-10.1,1.1,6,2,0,0,2
56.2,21,isocontour,11.283791670955125,36687.25,77.2,-8.1,-19.0,0.997,-1.4,-0.7,1.6,-18.5,-7.2,1.047,11,2,0,0,2
56.2,22,isocontour,11.283791670955125,39053.0,82.18,-19.2,-8.3,0.981,-2.1,-1.4,2.5,-18.5,-7.2,1.047,11,3,0,0,3
56.2,23,isocontour,11.283791670955125,40717.38,85.68,-18.2,7.8,1.043,-1.3,-2.2,2.6,-12.3,14.5,1.092,25,3,0,0,3
56.2,24,isocontour,11.283791670955125,37531.96,78.98,-0.2,-20.8,0.99,-3.1,0.5,3.1,-8.0,-18.9,1.002,21,2,0,0,2
56.2,25,isocontour,11.283791670955125,36181.84,76.14,-11.9,14.9,1.089,2.4,1.6,2.9,-11.9,14.9,1.092,25,3,0,0,3
56.2,Target,,,,,0.0,0.0,4.023,0.0,0.0,,,,,,,,,
56.3,1,isocontour,11.283791670955125,36061.41,75.89,20.1,6.7,0.966,0.3,3.2,3.2,16.0,-10.1,1.1,6,6,0,0,6
56.3,2,isocontour,11.283791670955125,34904.52,73.45,11.0,17.8,0.984,-1.9,2.5,3.1,-12.3,14.5,1.092,25,3,0,0,3
56.3,3,isocontour,11.283791670955125,36738.58,77.31,16.1,13.3,0.983,-0.0,-0.8,0.8,16.0,-10.1,1.1,6,5,0,0,5
56.3,4,isocontour,11.283791670955125,39173.26,82.44,18.8,4.2,1.08,-0.3,0.8,0.9,16.0,-10.1,1.1,6,6,0,0,6
56.3,5,isocontour,11.283791670955125,37444.86,78.8,18.5,5.1,1.084,-0.5,2.5,2.5,16.0,-10.1,1.1,6,6,0,0,6
56.3,6,isocontour,11.283791670955125,38455.66,80.93,16.2,-9.9,1.094,-0.8,-1.0,1.3,16.0,-10.1,1.1,6,5,0,0,5
56.3,7,isocontour,11.283791670955125,37804.86,79.56,-18.3,9.4,0.997,0.7,-0.6,0.9,-12.3,14.5,1.092,25,3,0,0,3
56.3,8,isocontour,11.283791670955125,39106.58,82.29,17.5,-8.3,1.07,-1.8,-1.1,2.1,16.0,-10.1,1.1,6,5,0,0,5
56.3,9,isocontour,11.283791670955125,36897.43,77.65,20.6,-1.9,0.993,-0.2,-1.2,1.2,16.0,-10.1,1.1,6,7,0,0,7
56.3,10,isocontour,11.283791670955125,37020.98,77.91,18.8,-9.0,0.987,-0.8,-1.0,1.3,16.0,-10.1,1.1,6,5,0,0,5
56.3,11,isocontour,11.283791670955125,37847.89,79.65,-18.4,-7.1,1.048,-0.0,1.0,1.0,-12.3,14.5,1.092,25,3,0,0,3
56.3,12,isocontour,11.283791670955125,37409.75,78.72,-15.2,-14.4,0.983,1.6,-1.8,2.4,-18.5,-7.2,1.047,11,3,0,0,3
56.3,13,isocontour,11.283791670955125,35980.99,75.72,20.5,-4.2,0.981,-1.1,-0.5,1.2,16.0,-10.1,1.1,6,7,0,0,7
56.3,14,isocontour,11.283791670955125,36141.35,76.06,12.8,-16.1,1.001,1.7,2.1,2.7,16.0,-10.1,1.1,6,4,0,0,4
56.3,15,isocontour,11.283791670955125,35472.61,74.65,3.2,20.4,0.997,-1.2,-1.4,1.8,-12.3,14.5,1.092,25,2,0,0,2
56.3,16,isocontour,11.283791670955125,46883.51,98.66,-23.9,21.6,0.532,0.6,0.7,0.9,-23.9,21.6,0.533,16,0,0,0,0
56.3,17,isocontour,11.283791670955125,36189.94,76.16,16.4,12.4,1.001,0.6,0.4,0.7,16.0,-10.1,1.1,6,5,0,0,5
56.3,18,isocontour,11.283791670955125,40816.95,85.89,-5.3,20.1,0.992,0.7,-0.1,0.7,-12.3,14.5,1.092,25,2,0,0,2
56.3,19,isocontour,11.283791670955125,37191.43,78.26,-20.7,1.7,0.987,-0.9,-2.6,2.8,-12.3,14.5,1.092,25,4,0,0,4
56.3,20,isocontour,11.283791670955125,37243.66,78.37,7.2,-19.4,0.995,-2.4,-0.8,2.5,16.0,-10.1,1.1,6,2,0,0,2
56.3,21,isocontour,11.283791670955125,36685.5,77.2,-8.2,-19.0,0.995,-1.1,0.2,1.1,-18.5,-7.2,1.047,11,2,0,0,2
56.3,22,isocontour,11.283791670955125,39029.46,82.13,-19.4,-8.1,0.976,-1.6,2.1,2.6,-12.3,14.5,1.092,25,3,0,0,3
56.3,23,isocontour,11.283791670955125,40716.44,85.68,-18.3,7.7,1.04,-0.8,-0.4,0.9,-12.3,14.5,1.092,25,3,0,0,3
56.3,24,isocontour,11.283791670955125,37508.94,78.93,-0.1,-21.0,0.979,0.9,-2.5,2.7,16.0,-10.1,1.1,6,2,0,0,2
56.3,25,isocontour,11.283791670955125,36178.56,76.13,-12.0,14.9,1.087,-1.3,-0.4,1.4,-12.0,14.9,1.092,25,3,0,0,3
56.3,Target,,,,,0.0,0.0,4.023,0.0,0.0,,,,,,,,,
56.4,1,isocontour,11.283791670955125,36057.68,75.88,20.0,6.7,0.971,-1.4,0.2,1.4,16.0,-10.1,1.1,6,6,0,0,6
56.4,2,isocontour,11.283791670955125,34904.16,73.45,10.9,17.8,0.983,-0.5,0.5,0.7,16.0,-10.1,1.1,6,3,0,0,3
56.4,3,isocontour,11.283791670955125,36715.57,77.26,16.1,13.0,0.994,-0.9,-2.5,2.7,16.0,-10.1,1.1,6,5,0,0,5
56.4,4,isocontour,11.283791670955125,39165.35,82.42,18.6,4.3,1.086,-1.4,1.2,1.8,16.0,-10.1,1.1,6,6,0,0,6
56.4,5,isocontour,11.283791670955125,37419.69,78.75,18.4,5.4,1.085,-0.9,2.6,2.8,16.0,-10.1,1.1,6,6,0,0,6
56.4,6,isocontour,11.283791670955125,38451.54,80.92,16.1,-10.0,1.096,-1.1,-0.9,1.4,16.0,-10.1,1.1,6,5,0,0,5
56.4,7,isocontour,11.283791670955125,37803.25,79.55,-18.3,9.5,0.995,-0.1,1.1,1.1,-12.3,14.5,1.092,25,3,0,0,3
56.4,8,isocontour,11.283791670955125,39069.3,82.22,17.4,-8.5,1.071,-1.4,-2.8,3.1,16.0,-10.1,1.1,6,5,0,0,5
56.4,9,isocontour,11.283791670955125,36886.18,77.62,20.8,-2.0,0.985,1.7,-1.2,2.1,16.0,-10.1,1.1,6,7,0,0,7
56.4,10,isocontour,11.283791670955125,36993.22,77.85,18.6,-9.2,0.988,-1.4,-2.4,2.8,16.0,-10.1,1.1,6,5,0,0,5
56.4,11,isocontour,11.283791670955125,37845.63,79.64,-18.5,-7.0,1.048,-0.5,1.1,1.2,-12.3,14.5,1.092,25,3,0,0,3
56.4,12,isocontour,11.283791670955125,37396.98,78.7,-15.0,-14.4,0.99,2.2,0.1,2.2,-12.3,14.5,1.092,25,3,0,0,3
56.4,13,isocontour,11.283791670955125,35950.47,75.65,20.2,-4.2,0.995,-2.8,0.8,2.9,16.0,-10.1,1.1,6,7,0,0,7
56.4,14,isocontour,11.283791670955125,36125.12,76.02,13.0,-16.2,0.992,2.1,-0.9,2.3,16.0,-10.1,1.1,6,4,0,0,4
56.4,15,isocontour,11.283791670955125,35456.39,74.61,3.4,20.3,1.0,2.2,-0.7,2.3,-12.3,14.5,1.092,25,2,0,0,2
56.4,16,isocontour,11.283791670955125,46882.41,98.66,-24.0,21.5,0.531,-0.9,-0.4,1.0,-24.0,21.5,0.533,16,0,0,0,0
56.4,17,isocontour,11.283791670955125,36165.04,76.1,16.6,12.3,0.998,2.0,-1.8,2.7,16.0,-10.1,1.1,6,5,0,0,5
56.4,18,isocontour,11.283791670955125,40780.03,85.82,-5.5,20.0,0.989,-3.1,-0.2,3.1,-12.3,14.5,1.092,25,2,0,0,2
56.4,19,isocontour,11.283791670955125,37190.36,78.26,-20.7,1.6,0.988,0.3,-0.9,0.9,-12.3,14.5,1.092,25,4,0,0,4
56.4,20,isocontour,11.283791670955125,37220.38,78.33,7.2,-19.6,0.983,0.2,-2.6,2.6,16.0,-10.1,1.1,6,2,0,0,2
56.4,21,isocontour,11.283791670955125,36667.34,77.16,-8.3,-19.1,0.984,-1.6,-1.9,2.5,16.0,-10.1,1.1,6,2,0,0,2
56.4,22,isocontour,11.283791670955125,39002.87,82.08,-19.4,-7.9,0.981,0.2,2.7,2.7,-12.3,14.5,1.092,25,3,0,0,3
56.4,23,isocontour,11.283791670955125,40708.66,85.67,-18.5,7.7,1.031,-1.8,0.2,1.8,-12.3,14.5,1.092,25,3,0,0,3
56.4,24,isocontour,11.283791670955125,37508.31,78.93,-0.1,-21.0,0.978,0.8,0.1,0.8,16.0,-10.1,1.1,6,2,0,0,2
56.4,25,isocontour,11.283791670955125,36171.64,76.12,-12.1,14.7,1.091,-0.5,-1.7,1.8,-12.1,14.7,1.092,25,3,0,0,3
56.4,Target,,,,,0.0,0.0,4.023,0.0,0.0,,,,,,,,,
56.5,1,isocontour,11.283791670955125,36047.98,75.86,19.8,6.7,0.981,-1.9,-0.4,1.9,16.0,-10.1,1.1,6,6,0,0,6
56.5,2,isocontour,11.283791670955125,34902.99,73.45,10.8,17.9,0.984,-0.9,0.2,0.9,16.0,-10.1,1.1,6,3,0,0,3
56.5,3,isocontour,11.283791670955125,36713.41,77.26,16.0,13.1,0.993,-0.1,1.2,1.2,16.0,-10.1,1.1,6,5,0,0,5
56.5,4,isocontour,11.283791670955125,39147.85,82.38,18.6,4.5,1.085,-0.1,2.4,2.4,16.0,-10.1,1.1,6,6,0,0,6
56.5,5,isocontour,11.283791670955125,37400.61,78.7,18.3,5.6,1.082,-0.3,2.4,2.4,16.0,-10.1,1.1,6,6,0,0,6
56.5,6,isocontour,11.283791670955125,38435.31,80.88,16.2,-9.9,1.098,1.0,2.1,2.3,16.0,-10.1,1.1,6,5,0,0,5
56.5,7,isocontour,11.283791670955125,37801.05,79.55,-18.4,9.6,0.99,-0.5,1.1,1.2,-12.3,14.5,1.092,25,3,0,0,3
56.5,8,isocontour,11.283791670955125,39063.27,82.2,17.4,-8.4,1.072,0.5,1.6,1.7,16.0,-10.1,1.1,6,5,0,0,5
56.5,9,isocontour,11.283791670955125,36882.91,77.62,20.9,-2.1,0.979,0.8,-1.1,1.4,16.0,-10.1,1.1,6,7,0,0,7
56.5,10,isocontour,11.283791670955125,36976.78,77.81,18.5,-9.2,0.999,-1.9,1.4,2.4,16.0,-10.1,1.1,6,5,0,0,5
56.5,11,isocontour,11.283791670955125,37819.9,79.59,-18.3,-7.1,1.056,2.2,-1.6,2.7,-12.3,14.5,1.092,25,3,0,0,3
56.5,12,isocontour,11.283791670955125,37395.18,78.69,-14.8,-14.4,0.996,1.1,0.3,1.1,16.0,-10.1,1.1,6,3,0,0,3
56.5,13,isocontour,11.283791670955125,35948.21,75.65,20.2,-4.3,0.998,-0.3,-1.2,1.2,16.0,-10.1,1.1,6,7,0,0,7
56.5,14,isocontour,11.283791670955125,36108.69,75.99,12.9,-16.4,0.986,-1.1,-2.1,2.4,16.0,-10.1,1.1,6,4,0,0,4
56.5,15,isocontour,11.283791670955125,35455.57,74.61,3.3,20.3,0.999,-0.7,0.4,0.8,16.0,-10.1,1.1,6,2,0,0,2
56.5,16,isocontour,11.283791670955125,46881.31,98.66,-23.9,21.6,0.531,0.6,0.7,0.9,-23.9,21.6,0.533,16,0,0,0,0
56.5,17,isocontour,11.283791670955125,36148.61,76.07,16.8,12.3,0.988,2.3,0.1,2.3,16.0,-10.1,1.1,6,5,0,0,5
56.5,18,isocontour,11.283791670955125,40779.06,85.81,-5.5,20.0,0.991,0.8,-0.5,0.9,-12.3,14.5,1.092,25,2,0,0,2
56.5,19,isocontour,11.283791670955125,37159.85,78.2,-20.7,1.8,0.991,0.8,2.8,2.9,-12.3,14.5,1.092,25,4,0,0,4
56.5,20,isocontour,11.283791670955125,37170.75,78.22,7.5,-19.7,0.974,3.4,-0.3,3.4,16.0,-10.1,1.1,6,2,0,0,2
56.5,21,isocontour,11.283791670955125,36625.16,77.07,-8.6,-19.2,0.973,-3.1,-0.7,3.2,16.0,-10.1,1.1,6,2,0,0,2
56.5,22,isocontour,11.283791670955125,38999.8,82.07,-19.3,-7.8,0.988,1.3,0.2,1.3,-12.3,14.5,1.092,25,3,0,0,3
56.5,23,isocontour,11.283791670955125,40708.12,85.67,-18.6,7.7,1.027,-0.7,-0.3,0.8,-12.3,14.5,1.092,25,3,0,0,3
56.5,24,isocontour,11.283791670955125,37488.77,78.89,-0.2,-20.8,0.986,-1.6,1.9,2.5,16.0,-10.1,1.1,6,2,0,0,2
56.5,25,isocontour,11.283791670955125,36169.54,76.11,-12.2,14.7,1.09,-1.1,-0.3,1.1,-12.2,14.7,1.092,25,3,0,0,3
56.5,Target,,,,,0.0,0.0,4.023,0.0,0.0,,,,,,,,,
56.6,1,isocontour,11.283791670955125,36045.05,75.85,19.8,6.6,0.984,0.1,-1.3,1.3,16.0,-10.1,1.1,6,6,0,0,6
56.6,2,isocontour,11.283791670955125,34901.47,73.45,10.7,17.9,0.985,-1.0,0.4,1.1,16.0,-10.1,1.1,6,3,0,0,3
56.6,3,isocontour,11.283791670955125,36710.07,77.25,16.0,13.2,0.992,-0.8,1.1,1.4,16.0,-10.1,1.1,6,5,0,0,5
56.6,4,isocontour,11.283791670955125,39144.85,82.38,18.6,4.4,1.083,0.5,-1.2,1.3,16.0,-10.1,1.1,6,6,0,0,6
56.6,5,isocontour,11.283791670955125,37397.81,78.7,18.4,5.6,1.081,0.5,-1.2,1.3,16.0,-10.1,1.1,6,6,0,0,6
56.6,6,isocontour,11.283791670955125,38415.3,80.84,16.3,-9.7,1.095,1.8,1.7,2.5,16.0,-10.1,1.1,6,5,0,0,5
56.6,7,isocontour,11.283791670955125,37696.53,79.33,-18.3,10.0,0.985,1.1,4.2,4.3,-12.3,14.5,1.092,25,3,0,0,3
56.6,8,isocontour,11.283791670955125,39058.89,82.19,17.5,-8.3,1.071,0.9,1.2,1.5,16.0,-10.1,1.1,6,5,0,0,5
56.6,9,isocontour,11.283791670955125,36874.47,77.6,20.7,-2.2,0.984,-1.4,-1.3,1.9,16.0,-10.1,1.1,6,7,0,0,7
56.6,10,isocontour,11.283791670955125,36951.61,77.76,18.3,-9.3,1.004,-1.8,-2.0,2.7,16.0,-10.1,1.1,6,5,0,0,5
56.6,11,isocontour,11.283791670955125,37817.8,79.58,-18.2,-7.2,1.059,0.8,-0.9,1.2,16.0,-10.1,1.1,6,3,0,0,3
56.6,12,isocontour,11.283791670955125,37393.82,78.69,-14.8,-14.5,0.993,-0.1,-1.0,1.0,16.0,-10.1,1.1,6,3,0,0,3
56.6,13,isocontour,11.283791670955125,35927.71,75.61,20.3,-4.1,0.995,1.2,2.2,2.5,16.0,-10.1,1.1,6,7,0,0,7
56.6,14,isocontour,11.283791670955125,36108.3,75.99,12.9,-16.3,0.987,0.2,0.6,0.6,16.0,-10.1,1.1,6,4,0,0,4
56.6,15,isocontour,11.283791670955125,35453.91,74.61,3.3,20.4,0.995,-0.7,0.8,1.1,16.0,-10.1,1.1,6,2,0,0,2
56.6,16,isocontour,11.283791670955125,46880.21,98.65,-23.9,21.7,0.53,0.0,0.9,0.9,-23.9,21.7,0.533,16,0,0,0,0
56.6,17,isocontour,11.283791670955125,36146.76,76.07,16.8,12.4,0.985,-0.3,1.1,1.1,16.0,-10.1,1.1,6,5,0,0,5
56.6,18,isocontour,11.283791670955125,40750.7,85.75,-5.7,20.0,0.991,-2.8,-0.5,2.8,16.0,-10.1,1.1,6,2,0,0,2
56.6,19,isocontour,11.283791670955125,37158.49,78.2,-20.6,2.0,0.991,0.1,1.0,1.0,-12.3,14.5,1.092,25,4,0,0,4
56.6,20,isocontour,11.283791670955125,37168.8,78.22,7.5,-19.6,0.978,-0.3,1.1,1.1,16.0,-10.1,1.1,6,2,0,0,2
56.6,21,isocontour,11.283791670955125,36610.73,77.04,-8.7,-19.1,0.98,-0.4,2.2,2.2,16.0,-10.1,1.1,6,2,0,0,2
56.6,22,isocontour,11.283791670955125,38980.96,82.03,-19.0,-7.8,1.0,2.4,-0.1,2.4,16.0,-10.1,1.1,6,3,0,0,3
56.6,23,isocontour,11.283791670955125,40690.83,85.63,-18.6,7.5,1.03,-0.2,-2.4,2.4,-12.3,14.5,1.092,25,3,0,0,3
56.6,24,isocontour,11.283791670955125,37486.92,78.89,-0.1,-20.8,0.987,1.1,-0.2,1.1,16.0,-10.1,1.1,6,2,0,0,2
56.6,25,isocontour,11.283791670955125,36147.81,76.07,-12.4,14.5,1.09,-1.9,-1.7,2.5,-12.4,14.5,1.092,25,3,0,0,3
56.6,Target,,,,,0.0,0.0,4.023,0.0,0.0,,,,,,,,,
56.7,1,isocontour,11.283791670955125,36008.49,75.78,19.6,6.4,0.997,-1.8,-2.5,3.1,16.0,-10.1,1.1,6,6,0,0,6
56.7,2,isocontour,11.283791670955125,34882.39,73.41,10.5,17.8,0.996,-2.1,-1.3,2.5,16.0,-10.1,1.1,6,3,0,0,3
56.7,3,isocontour,11.283791670955125,36706.72,77.24,16.0,13.3,0.985,0.8,1.1,1.4,16.0,-10.1,1.1,6,5,0,0,5
56.7,4,isocontour,11.283791670955125,39142.23,82.37,18.7,4.3,1.082,0.4,-1.2,1.3,16.0,-10.1,1.1,6,6,0,0,6
56.7,5,isocontour,11.283791670955125,37395.49,78.69,18.4,5.4,1.082,0.3,-1.2,1.2,16.0,-10.1,1.1,6,6,0,0,6
56.7,6,isocontour,11.283791670955125,38413.9,80.84,16.4,-9.6,1.09,1.0,0.1,1.0,16.0,-10.1,1.1,6,5,0,0,5
56.7,7,isocontour,11.283791670955125,37696.41,79.33,-18.3,10.0,0.985,0.0,-0.4,0.4,-12.3,14.5,1.092,25,3,0,0,3
56.7,8,isocontour,11.283791670955125,39040.5,82.16,17.7,-8.2,1.061,2.4,0.5,2.5,16.0,-10.1,1.1,6,5,0,0,5
56.7,9,isocontour,11.283791670955125,36838.97,77.52,20.7,-2.5,0.987,-0.7,-2.9,3.0,16.0,-10.1,1.1,6,7,0,0,7
56.7,10,isocontour,11.283791670955125,36860.16,77.57,18.3,-9.7,0.995,0.2,-4.2,4.2,16.0,-10.1,1.1,6,5,0,0,5
56.7,11,isocontour,11.283791670955125,37800.51,79.55,-18.4,-7.3,1.047,-2.2,-0.9,2.4,16.0,-10.1,1.1,6,3,0,0,3
56.7,12,isocontour,11.283791670955125,37294.95,78.48,-14.7,-14.8,0.982,0.9,-4.2,4.3,16.0,-10.1,1.1,6,3,0,0,3
56.7,13,isocontour,11.283791670955125,35906.73,75.56,20.4,-3.9,0.989,1.4,2.1,2.5,16.0,-10.1,1.1,6,7,0,0,7
56.7,14,isocontour,11.283791670955125,36070.66,75.91,13.1,-16.1,0.99,2.0,2.4,3.1,16.0,-10.1,1.1,6,4,0,0,4
56.7,15,isocontour,11.283791670955125,35452.43,74.61,3.2,20.5,0.991,-0.7,0.7,1.0,16.0,-10.1,1.1,6,2,0,0,2
56.7,16,isocontour,11.283791670955125,46879.11,98.65,-23.9,21.7,0.53,0.8,0.6,1.0,-23.9,21.7,0.533,16,0,0,0,0
56.7,17,isocontour,11.283791670955125,36125.78,76.02,16.6,12.5,0.987,-2.0,1.6,2.6,16.0,-10.1,1.1,6,5,0,0,5
56.7,18,isocontour,11.283791670955125,40722.65,85.7,-6.0,19.9,0.99,-2.7,-0.6,2.8,16.0,-10.1,1.1,6,2,0,0,2
56.7,19,isocontour,11.283791670955125,37157.8,78.19,-20.7,2.0,0.99,-0.3,0.8,0.9,16.0,-10.1,1.1,6,4,0,0,4
56.7,20,isocontour,11.283791670955125,37147.82,78.17,7.4,-19.4,0.991,-0.8,2.4,2.5,16.0,-10.1,1.1,6,2,0,0,2
56.7,21,isocontour,11.283791670955125,36592.34,77.0,-8.9,-18.9,0.986,-1.5,1.9,2.4,16.0,-10.1,1.1,6,2,0,0,2
56.7,22,isocontour,11.283791670955125,38980.05,82.03,-19.1,-7.9,0.998,-0.7,-0.5,0.9,16.0,-10.1,1.1,6,3,0,0,3
56.7,23,isocontour,11.283791670955125,40690.31,85.63,-18.6,7.4,1.032,-0.1,-0.7,0.7,-12.3,14.5,1.092,25,3,0,0,3
56.7,24,isocontour,11.283791670955125,37485.03,78.88,0.0,-20.8,0.987,1.1,0.0,1.1,16.0,-10.1,1.1,6,2,0,0,2
56.7,25,isocontour,11.283791670955125,36138.69,76.05,-12.3,14.6,1.088,1.2,1.5,1.9,16.0,-10.1,1.1,6,3,0,0,3
56.7,Target,,,,,0.0,0.0,4.023,0.0,0.0,,,,,,,,,
56.8,1,isocontour,11.283791670955125,36006.11,75.77,19.6,6.2,1.001,-0.1,-1.2,1.2,16.0,-10.1,1.1,6,6,0,0,6
56.8,2,isocontour,11.283791670955125,34879.26,73.4,10.6,17.8,0.994,1.3,0.1,1.3,16.0,-10.1,1.1,6,3,0,0,3
56.8,3,isocontour,11.283791670955125,36706.41,77.24,16.0,13.4,0.982,0.0,0.6,0.6,16.0,-10.1,1.1,6,5,0,0,5
56.8,4,isocontour,11.283791670955125,39140.91,82.37,18.8,4.3,1.077,0.8,0.5,0.9,16.0,-10.1,1.1,6,6,0,0,6
56.8,5,isocontour,11.283791670955125,37376.88,78.66,18.6,5.3,1.075,1.9,-1.5,2.4,16.0,-10.1,1.1,6,6,0,0,6
56.8,6,isocontour,11.283791670955125,38392.67,80.79,16.7,-9.5,1.081,2.3,1.0,2.5,16.0,-10.1,1.1,6,5,0,0,5
56.8,7,isocontour,11.283791670955125,37667.45,79.27,-18.3,9.8,0.99,-0.3,-2.8,2.8,16.0,-10.1,1.1,6,3,0,0,3
56.8,8,isocontour,11.283791670955125,39037.89,82.15,17.8,-8.3,1.053,0.8,-0.9,1.2,16.0,-10.1,1.1,6,5,0,0,5
56.8,9,isocontour,11.283791670955125,36836.48,77.52,20.5,-2.5,0.993,-1.2,0.4,1.3,16.0,-10.1,1.1,6,7,0,0,7
56.8,10,isocontour,11.283791670955125,36850.6,77.55,18.4,-9.8,0.984,1.6,-1.2,2.0,16.0,-10.1,1.1,6,5,0,0,5
56.8,11,isocontour,11.283791670955125,37782.35,79.51,-18.6,-7.1,1.04,-1.8,1.7,2.5,16.0,-10.1,1.1,6,3,0,0,3
56.8,12,isocontour,11.283791670955125,37291.38,78.48,-14.8,-15.0,0.974,-1.1,-0.8,1.4,16.0,-10.1,1.1,6,3,0,0,3
56.8,13,isocontour,11.283791670955125,35895.32,75.54,20.5,-3.7,0.987,0.6,2.0,2.1,16.0,-10.1,1.1,6,7,0,0,7
56.8,14,isocontour,11.283791670955125,36066.01,75.9,13.2,-16.2,0.984,1.1,-1.0,1.5,16.0,-10.1,1.1,6,4,0,0,4
56.8,15,isocontour,11.283791670955125,35429.42,74.56,3.0,20.6,0.989,-2.5,0.7,2.6,16.0,-10.1,1.1,6,2,0,0,2
56.8,16,isocontour,11.283791670955125,46878.01,98.65,-23.8,21.8,0.53,0.7,0.7,1.0,-23.8,21.8,0.533,16,0,0,0,0
56.8,17,isocontour,11.283791670955125,36089.57,75.95,16.5,12.3,1.0,-1.1,-2.9,3.1,16.0,-10.1,1.1,6,5,0,0,5
56.8,18,isocontour,11.283791670955125,40696.91,85.64,-5.8,20.0,0.988,2.4,1.2,2.7,16.0,-10.1,1.1,6,2,0,0,2
56.8,19,isocontour,11.283791670955125,37127.6,78.13,-20.7,1.8,0.991,0.1,-2.9,2.9,16.0,-10.1,1.1,6,4,0,0,4
56.8,20,isocontour,11.283791670955125,37147.21,78.17,7.3,-19.3,0.995,-0.7,0.2,0.7,16.0,-10.1,1.1,6,2,0,0,2
56.8,21,isocontour,11.283791670955125,36555.78,76.93,-8.6,-18.9,0.989,3.0,-0.8,3.1,16.0,-10.1,1.1,6,2,0,0,2
56.8,22,isocontour,11.283791670955125,38975.32,82.02,-19.2,-7.9,0.99,-1.5,0.1,1.5,16.0,-10.1,1.1,6,3,0,0,3
56.8,23,isocontour,11.283791670955125,40664.29,85.57,-18.7,7.2,1.033,-0.7,-2.6,2.7,16.0,-10.1,1.1,6,3,0,0,3
56.8,24,isocontour,11.283791670955125,37482.48,78.88,0.1,-20.8,0.989,1.2,0.5,1.3,16.0,-10.1,1.1,6,2,0,0,2
56.8,25,isocontour,11.283791670955125,36132.33,76.04,-12.2,14.6,1.096,1.4,-0.9,1.7,16.0,-10.1,1.1,6,3,0,0,3
56.8,Target,,,,,0.0,0.0,4.023,0.0,0.0,,,,,,,,,
56.9,1,isocontour,11.283791670955125,35942.7,75.64,19.8,6.4,0.986,2.6,2.6,3.7,16.0,-10.1,1.1,6,6,0,0,6
56.9,2,isocontour,11.283791670955125,34774.75,73.18,10.3,18.0,0.988,-3.1,3.1,4.4,16.0,-10.1,1.1,6,3,0,0,3
56.9,3,isocontour,11.283791670955125,36678.95,77.19,16.1,13.2,0.99,0.2,-2.8,2.8,16.0,-10.1,1.1,6,5,0,0,5
56.9,4,isocontour,11.283791670955125,39121.61,82.33,18.8,4.6,1.075,-0.3,2.5,2.5,16.0,-10.1,1.1,6,6,0,0,6
56.9,5,isocontour,11.283791670955125,37375.08,78.65,18.5,5.3,1.077,-0.9,0.7,1.1,16.0,-10.1,1.1,6,6,0,0,6
56.9,6,isocontour,11.283791670955125,38391.19,80.79,16.8,-9.5,1.077,1.0,0.4,1.1,16.0,-10.1,1.1,6,5,0,0,5
56.9,7,isocontour,11.283791670955125,37637.57,79.2,-18.2,10.0,0.989,0.9,2.7,2.8,16.0,-10.1,1.1,6,3,0,0,3
56.9,8,isocontour,11.283791670955125,39037.18,82.15,17.9,-8.3,1.05,0.6,0.5,0.8,16.0,-10.1,1.1,6,5,0,0,5
56.9,9,isocontour,11.283791670955125,36834.32,77.51,20.5,-2.6,0.993,0.1,-1.2,1.2,16.0,-10.1,1.1,6,7,0,0,7
56.9,10,isocontour,11.283791670955125,36850.52,77.55,18.4,-9.8,0.982,0.3,0.3,0.4,16.0,-10.1,1.1,6,5,0,0,5
56.9,11,isocontour,11.283791670955125,37779.92,79.5,-18.6,-7.0,1.043,0.4,1.2,1.3,16.0,-10.1,1.1,6,3,0,0,3
56.9,12,isocontour,11.283791670955125,37267.84,78.43,-14.9,-14.8,0.979,-0.5,2.6,2.6,16.0,-10.1,1.1,6,3,0,0,3
56.9,13,isocontour,11.283791670955125,35872.57,75.49,20.5,-3.4,0.991,-0.3,2.6,2.6,16.0,-10.1,1.1,6,7,0,0,7
56.9,14,isocontour,11.283791670955125,36048.07,75.86,13.1,-16.4,0.98,-1.5,-1.9,2.4,16.0,-10.1,1.1,6,4,0,0,4
56.9,15,isocontour,11.283791670955125,35428.71,74.56,2.9,20.6,0.991,-0.8,-0.2,0.8,16.0,-10.1,1.1,6,2,0,0,2
56.9,16,isocontour,11.283791670955125,46876.91,98.65,-23.7,21.8,0.532,0.9,-0.4,1.0,-23.7,21.8,0.533,16,0,0,0,0
56.9,17,isocontour,11.283791670955125,36087.77,75.94,16.6,12.3,0.997,1.0,0.5,1.1,16.0,-10.1,1.1,6,5,0,0,5
56.9,18,isocontour,11.283791670955125,40667.03,85.58,-5.5,20.0,0.991,2.9,-0.1,2.9,16.0,-10.1,1.1,6,2,0,0,2
56.9,19,isocontour,11.283791670955125,37125.76,78.13,-20.6,1.7,0.993,0.2,-1.1,1.1,16.0,-10.1,1.1,6,4,0,0,4
56.9,20,isocontour,11.283791670955125,37144.28,78.17,7.3,-19.4,0.99,-0.0,-1.3,1.3,16.0,-10.1,1.1,6,2,0,0,2
56.9,21,isocontour,11.283791670955125,36554.99,76.93,-8.7,-18.9,0.987,-0.8,-0.2,0.8,16.0,-10.1,1.1,6,2,0,0,2
56.9,22,isocontour,11.283791670955125,38965.17,82.0,-19.3,-8.0,0.982,-0.9,-1.8,2.0,16.0,-10.1,1.1,6,3,0,0,3
56.9,23,isocontour,11.283791670955125,40660.87,85.57,-18.8,7.1,1.03,-1.1,-0.8,1.4,16.0,-10.1,1.1,6,3,0,0,3
56.9,24,isocontour,11.283791670955125,37444.84,78.8,0.4,-20.7,0.992,3.0,0.6,3.1,16.0,-10.1,1.1,6,2,0,0,2
56.9,25,isocontour,11.283791670955125,36130.34,76.03,-12.2,14.5,1.095,-1.1,-0.4,1.2,16.0,-10.1,1.1,6,3,0,0,3
56.9,Target,,,,,0.0,0.0,4.023,0.0,0.0,,,,,,,,,
57.0,1,isocontour,11.283791670955125,35942.43,75.64,19.8,6.4,0.986,-0.5,-0.3,0.6,16.0,-10.1,1.1,6,6,0,0,6
57.0,2,isocontour,11.283791670955125,34681.31,72.98,10.6,17.9,0.99,3.3,-2.6,4.2,16.0,-10.1,1.1,6,3,0,0,3
57.0,3,isocontour,11.283791670955125,36647.79,77.12,16.1,12.9,0.997,0.5,-2.9,2.9,16.0,-10.1,1.1,6,5,0,0,5
57.0,4,isocontour,11.283791670955125,39109.7,82.3,18.8,4.8,1.071,0.3,2.1,2.1,16.0,-10.1,1.1,6,6,0,0,6
57.0,5,isocontour,11.283791670955125,37373.98,78.65,18.5,5.4,1.079,-0.5,0.8,0.9,16.0,-10.1,1.1,6,6,0,0,6
57.0,6,isocontour,11.283791670955125,38390.78,80.79,16.8,-9.4,1.076,0.4,0.6,0.7,16.0,-10.1,1.1,6,5,0,0,5
57.0,7,isocontour,11.283791670955125,37614.81,79.16,-18.4,10.0,0.979,-2.6,-0.4,2.6,16.0,-10.1,1.1,6,3,0,0,3
57.0,8,isocontour,11.283791670955125,39036.59,82.15,17.9,-8.2,1.049,0.5,0.5,0.7,16.0,-10.1,1.1,6,5,0,0,5
57.0,9,isocontour,11.283791670955125,36812.84,77.47,20.6,-2.4,0.989,1.2,2.2,2.5,16.0,-10.1,1.1,6,7,0,0,7
57.0,10,isocontour,11.283791670955125,36849.52,77.55,18.5,-9.8,0.983,0.2,0.9,0.9,16.0,-10.1,1.1,6,5,0,0,5
57.0,11,isocontour,11.283791670955125,37752.75,79.45,-18.6,-6.8,1.048,-0.1,2.8,2.8,16.0,-10.1,1.1,6,3,0,0,3
57.0,12,isocontour,11.283791670955125,37258.57,78.41,-14.9,-14.6,0.988,0.2,1.9,1.9,16.0,-10.1,1.1,6,3,0,0,3
57.0,13,isocontour,11.283791670955125,35870.91,75.49,20.4,-3.5,0.992,-0.4,-1.0,1.1,16.0,-10.1,1.1,6,7,0,0,7
57.0,14,isocontour,11.283791670955125,36046.12,75.85,13.0,-16.3,0.984,-0.3,1.1,1.1,16.0,-10.1,1.1,6,4,0,0,4
57.0,15,isocontour,11.283791670955125,35427.61,74.55,2.9,20.6,0.99,0.9,0.1,0.9,16.0,-10.1,1.1,6,2,0,0,2
57.0,16,isocontour,11.283791670955125,46875.81,98.64,-23.7,21.7,0.534,-0.0,-0.9,0.9,-23.7,21.7,0.533,16,0,0,0,0
57.0,17,isocontour,11.283791670955125,36071.55,75.91,16.6,12.5,0.99,-0.2,2.3,2.3,16.0,-10.1,1.1,6,5,0,0,5
57.0,18,isocontour,11.283791670955125,40665.28,85.58,-5.6,19.9,0.993,-0.9,-0.6,1.1,16.0,-10.1,1.1,6,2,0,0,2
57.0,19,isocontour,11.283791670955125,37124.01,78.12,-20.7,1.6,0.992,-0.5,-1.0,1.1,16.0,-10.1,1.1,6,4,0,0,4
57.0,20,isocontour,11.283791670955125,37134.72,78.15,7.5,-19.5,0.981,1.6,-1.2,2.0,16.0,-10.1,1.1,6,2,0,0,2
57.0,21,isocontour,11.283791670955125,36552.67,76.92,-8.6,-18.9,0.989,1.2,-0.1,1.2,16.0,-10.1,1.1,6,2,0,0,2
57.0,22,isocontour,11.283791670955125,38871.73,81.8,-19.5,-7.7,0.979,-2.0,3.7,4.2,16.0,-10.1,1.1,6,3,0,0,3
57.0,23,isocontour,11.283791670955125,40633.99,85.51,-18.8,6.8,1.031,-0.7,-2.7,2.8,16.0,-10.1,1.1,6,3,0,0,3
57.0,24,isocontour,11.283791670955125,37444.31,78.8,0.4,-20.7,0.993,-0.7,0.0,0.7,16.0,-10.1,1.1,6,2,0,0,2
57.0,25,isocontour,11.283791670955125,36107.59,75.98,-12.2,14.3,1.106,0.2,-2.6,2.6,16.0,-10.1,1.1,6,3,0,0,3
57.0,Target,,,,,0.0,0.0,4.023,0.0,0.0,,,,,,,,,
57.1,1,isocontour,11.283791670955125,35931.02,75.61,19.7,6.6,0.991,-1.5,1.4,2.1,16.0,-10.1,1.1,6,6,0,0,6
57.1,2,isocontour,11.283791670955125,34679.51,72.98,10.6,17.9,0.987,-0.4,1.1,1.2,16.0,-10.1,1.1,6,3,0,0,3
57.1,3,isocontour,11.283791670955125,36645.64,77.12,16.2,12.8,0.999,0.7,-1.0,1.2,16.0,-10.1,1.1,6,5,0,0,5
57.1,4,isocontour,11.283791670955125,39107.49,82.3,18.7,4.9,1.073,-0.9,0.8,1.2,16.0,-10.1,1.1,6,6,0,0,6
57.1,5,isocontour,11.283791670955125,37348.81,78.6,18.4,5.6,1.078,-0.6,2.6,2.7,16.0,-10.1,1.1,6,6,0,0,6
57.1,6,isocontour,11.283791670955125,38375.17,80.76,16.9,-9.2,1.079,0.5,2.2,2.3,16.0,-10.1,1.1,6,5,0,0,5
57.1,7,isocontour,11.283791670955125,37591.54,79.11,-18.5,9.8,0.982,-0.2,-2.6,2.6,-12.2,14.3,1.106,25,3,0,0,3
57.1,8,isocontour,11.283791670955125,39015.36,82.1,18.1,-8.0,1.048,1.2,2.3,2.6,16.0,-10.1,1.1,6,5,0,0,5
57.1,9,isocontour,11.283791670955125,36811.91,77.47,20.6,-2.5,0.988,-0.3,-0.9,0.9,16.0,-10.1,1.1,6,7,0,0,7
57.1,10,isocontour,11.283791670955125,36845.05,77.54,18.4,-9.6,0.99,-0.9,1.2,1.5,16.0,-10.1,1.1,6,5,0,0,5
57.1,11,isocontour,11.283791670955125,37749.32,79.44,-18.6,-6.6,1.048,-0.6,1.2,1.3,16.0,-10.1,1.1,6,3,0,0,3
57.1,12,isocontour,11.283791670955125,37234.22,78.35,-14.7,-14.7,0.991,2.1,-1.6,2.6,16.0,-10.1,1.1,6,3,0,0,3
57.1,13,isocontour,11.283791670955125,35865.51,75.47,20.6,-3.4,0.986,1.5,0.5,1.6,16.0,-10.1,1.1,6,7,0,0,7
57.1,14,isocontour,11.283791670955125,36038.21,75.84,13.0,-16.1,0.991,0.1,1.8,1.8,16.0,-10.1,1.1,6,4,0,0,4
57.1,15,isocontour,11.283791670955125,35326.64,74.34,2.6,20.5,0.997,-4.2,-1.0,4.3,16.0,-10.1,1.1,6,2,0,0,2
57.1,16,isocontour,11.283791670955125,46874.71,98.64,-23.6,21.7,0.535,0.8,0.4,0.9,-23.6,21.7,0.534,16,0,0,0,0
57.1,17,isocontour,11.283791670955125,36068.99,75.9,16.7,12.6,0.983,1.1,0.5,1.2,16.0,-10.1,1.1,6,5,0,0,5
57.1,18,isocontour,11.283791670955125,40663.62,85.57,-5.7,20.0,0.991,-1.0,0.3,1.0,-12.2,14.3,1.106,25,2,0,0,2
57.1,19,isocontour,11.283791670955125,37093.5,78.06,-20.7,1.3,0.991,-0.3,-2.9,2.9,16.0,-10.1,1.1,6,4,0,0,4
57.1,20,isocontour,11.283791670955125,37106.97,78.09,7.3,-19.7,0.976,-2.1,-1.8,2.8,16.0,-10.1,1.1,6,2,0,0,2
57.1,21,isocontour,11.283791670955125,36541.26,76.9,-8.4,-19.0,0.987,1.7,-1.2,2.1,16.0,-10.1,1.1,6,2,0,0,2
57.1,22,isocontour,11.283791670955125,38847.65,81.75,-19.5,-7.4,0.985,0.5,2.6,2.6,16.0,-10.1,1.1,6,3,0,0,3
57.1,23,isocontour,11.283791670955125,40632.99,85.51,-18.9,6.7,1.029,-0.7,-0.6,0.9,-12.2,14.3,1.106,25,3,0,0,3
57.1,24,isocontour,11.283791670955125,37443.72,78.8,0.3,-20.7,0.991,-0.7,-0.3,0.8,16.0,-10.1,1.1,6,2,0,0,2
57.1,25,isocontour,11.283791670955125,36106.1,75.98,-12.2,14.3,1.108,0.8,0.6,1.0,-12.2,14.3,1.106,25,3,0,0,3
57.1,Target,,,,,0.0,0.0,4.023,0.0,0.0,,,,,,,,,
57.2,1,isocontour,11.283791670955125,35899.87,75.55,19.7,6.3,0.993,0.7,-2.8,2.9,16.0,-10.1,1.1,6,6,0,0,6
57.2,2,isocontour,11.283791670955125,34677.41,72.97,10.6,17.8,0.99,0.5,-1.0,1.1,16.0,-10.1,1.1,6,3,0,0,3
57.2,3,isocontour,11.283791670955125,36583.25,76.98,16.0,13.0,1.001,-2.6,2.5,3.6,16.0,-10.1,1.1,6,5,0,0,5
57.2,4,isocontour,11.283791670955125,39081.76,82.24,18.6,5.1,1.074,-0.6,2.7,2.8,16.0,-10.1,1.1,6,6,0,0,6
57.2,5,isocontour,11.283791670955125,37322.22,78.54,18.3,5.9,1.079,-1.0,2.6,2.8,16.0,-10.1,1.1,6,6,0,0,6
57.2,6,isocontour,11.283791670955125,38355.86,80.72,17.0,-9.1,1.075,1.8,1.6,2.4,16.0,-10.1,1.1,6,5,0,0,5
57.2,7,isocontour,11.283791670955125,37589.54,79.1,-18.6,9.6,0.982,-0.7,-0.9,1.1,-12.2,14.3,1.108,25,3,0,0,3
57.2,8,isocontour,11.283791670955125,39008.08,82.09,18.1,-8.1,1.044,-0.1,-1.8,1.8,16.0,-10.1,1.1,6,5,0,0,5
57.2,9,isocontour,11.283791670955125,36793.96,77.43,20.5,-2.3,0.998,-1.7,1.7,2.4,16.0,-10.1,1.1,6,7,0,0,7
57.2,10,isocontour,11.283791670955125,36837.52,77.52,18.2,-9.7,0.997,-1.7,-0.5,1.8,16.0,-10.1,1.1,6,5,0,0,5
57.2,11,isocontour,11.283791670955125,37733.71,79.41,-18.4,-6.6,1.059,2.3,0.0,2.3,16.0,-10.1,1.1,6,3,0,0,3
57.2,12,isocontour,11.283791670955125,37232.38,78.35,-14.6,-14.6,0.996,1.0,0.5,1.1,16.0,-10.1,1.1,6,3,0,0,3
57.2,13,isocontour,11.283791670955125,35801.58,75.34,20.5,-3.1,0.99,-0.5,3.7,3.7,16.0,-10.1,1.1,6,7,0,0,7
57.2,14,isocontour,11.283791670955125,36037.82,75.84,13.0,-16.1,0.991,-0.3,-0.6,0.7,16.0,-10.1,1.1,6,4,0,0,4
57.2,15,isocontour,11.283791670955125,35302.3,74.29,2.7,20.5,0.996,2.7,0.2,2.7,-12.2,14.3,1.106,25,2,0,0,2
57.2,16,isocontour,11.283791670955125,46873.61,98.64,-23.7,21.7,0.534,-0.9,-0.4,1.0,-23.7,21.7,0.535,16,0,0,0,0
57.2,17,isocontour,11.283791670955125,36068.79,75.9,16.7,12.6,0.981,-0.1,0.5,0.5,16.0,-10.1,1.1,6,5,0,0,5
57.2,18,isocontour,11.283791670955125,40618.23,85.48,-6.0,20.0,0.985,-3.3,0.2,3.3,-12.2,14.3,1.108,25,2,0,0,2
57.2,19,isocontour,11.283791670955125,37068.32,78.01,-20.8,1.5,0.984,-1.1,2.4,2.6,-12.2,14.3,1.106,25,4,0,0,4
57.2,20,isocontour,11.283791670955125,37095.56,78.06,7.3,-19.6,0.983,0.3,2.0,2.0,16.0,-10.1,1.1,6,2,0,0,2
57.2,21,isocontour,11.283791670955125,36515.53,76.84,-8.2,-18.9,0.998,2.3,1.5,2.7,16.0,-10.1,1.1,6,2,0,0,2
57.2,22,isocontour,11.283791670955125,38843.01,81.74,-19.3,-7.4,0.993,1.5,-0.0,1.5,16.0,-10.1,1.1,6,3,0,0,3
57.2,23,isocontour,11.283791670955125,40615.05,85.47,-18.9,6.5,1.032,-0.1,-2.4,2.4,-12.2,14.3,1.108,25,3,0,0,3
57.2,24,isocontour,11.283791670955125,37443.09,78.79,0.2,-20.8,0.99,-0.7,-0.3,0.8,16.0,-10.1,1.1,6,2,0,0,2
57.2,25,isocontour,11.283791670955125,36089.88,75.95,-12.1,14.5,1.103,0.9,2.1,2.3,-12.1,14.5,1.108,25,3,0,0,3
57.2,Target,,,,,0.0,0.0,4.023,0.0,0.0,,,,,,,,,
57.3,1,isocontour,11.283791670955125,35853.66,75.45,20.0,6.3,0.979,3.3,-0.2,3.3,16.0,-10.1,1.1,6,6,0,0,6
57.3,2,isocontour,11.283791670955125,34662.0,72.94,10.8,17.7,0.99,1.9,-1.2,2.2,-12.2,14.3,1.106,25,3,0,0,3
57.3,3,isocontour,11.283791670955125,36503.72,76.82,15.8,13.3,0.995,-1.2,3.8,4.0,16.0,-10.1,1.1,6,5,0,0,5
57.3,4,isocontour,11.283791670955125,39056.86,82.19,18.6,5.4,1.073,-0.7,2.6,2.7,16.0,-10.1,1.1,6,6,0,0,6
57.3,5,isocontour,11.283791670955125,37319.73,78.53,18.2,6.0,1.083,-1.0,0.8,1.3,16.0,-10.1,1.1,6,6,0,0,6
57.3,6,isocontour,11.283791670955125,38339.22,80.68,17.1,-8.9,1.077,0.6,2.3,2.4,16.0,-10.1,1.1,6,5,0,0,5
57.3,7,isocontour,11.283791670955125,37567.3,79.06,-18.6,9.4,0.985,-0.5,-2.5,2.5,-12.2,14.3,1.108,25,3,0,0,3
57.3,8,isocontour,11.283791670955125,38989.46,82.05,18.1,-8.0,1.047,0.3,2.4,2.4,16.0,-10.1,1.1,6,5,0,0,5
57.3,9,isocontour,11.283791670955125,36778.35,77.4,20.7,-2.3,0.988,2.3,-0.1,2.3,16.0,-10.1,1.1,6,7,0,0,7
57.3,10,isocontour,11.283791670955125,36822.51,77.49,18.4,-9.7,0.989,2.3,0.0,2.3,16.0,-10.1,1.1,6,5,0,0,5
57.3,11,isocontour,11.283791670955125,37724.45,79.39,-18.2,-6.7,1.067,1.6,-1.1,1.9,-12.2,14.3,1.106,25,3,0,0,3
57.3,12,isocontour,11.283791670955125,37186.58,78.25,-14.8,-14.7,0.983,-3.2,-0.9,3.3,16.0,-10.1,1.1,6,3,0,0,3
57.3,13,isocontour,11.283791670955125,35793.67,75.32,20.4,-3.0,0.999,-1.8,0.2,1.8,16.0,-10.1,1.1,6,7,0,0,7
57.3,14,isocontour,11.283791670955125,36011.52,75.78,12.9,-16.4,0.984,-0.9,-2.6,2.8,16.0,-10.1,1.1,6,4,0,0,4
57.3,15,isocontour,11.283791670955125,35269.18,74.22,2.5,20.5,0.994,-2.9,0.7,3.0,-12.2,14.3,1.108,25,2,0,0,2
57.3,16,isocontour,11.283791670955125,46872.51,98.64,-23.6,21.8,0.534,0.6,0.7,0.9,-23.6,21.8,0.535,16,0,0,0,0
57.3,17,isocontour,11.283791670955125,36037.64,75.84,16.5,12.5,0.994,-2.7,-1.0,2.9,16.0,-10.1,1.1,6,5,0,0,5
57.3,18,isocontour,11.283791670955125,40601.59,85.44,-5.8,20.1,0.983,2.2,0.9,2.4,-12.2,14.3,1.108,25,2,0,0,2
57.3,19,isocontour,11.283791670955125,37036.2,77.94,-20.9,1.3,0.979,-1.2,-2.7,3.0,-12.2,14.3,1.108,25,4,0,0,4
57.3,20,isocontour,11.283791670955125,37078.27,78.03,7.2,-19.4,0.996,-1.3,2.0,2.4,16.0,-10.1,1.1,6,2,0,0,2
57.3,21,isocontour,11.283791670955125,36483.73,76.78,-7.9,-19.0,0.998,2.6,-1.4,3.0,16.0,-10.1,1.1,6,2,0,0,2
57.3,22,isocontour,11.283791670955125,38840.57,81.74,-19.4,-7.3,0.992,-0.9,0.9,1.3,-12.2,14.3,1.106,25,3,0,0,3
57.3,23,isocontour,11.283791670955125,40612.56,85.46,-19.0,6.5,1.028,-1.2,-0.4,1.3,-12.2,14.3,1.108,25,3,0,0,3
57.3,24,isocontour,11.283791670955125,37417.64,78.74,-0.0,-20.8,0.991,-2.7,0.2,2.7,16.0,-10.1,1.1,6,2,0,0,2
57.3,25,isocontour,11.283791670955125,36063.86,75.89,-12.2,14.4,1.103,-2.0,-1.9,2.8,-12.2,14.4,1.108,25,3,0,0,3
57.3,Target,,,,,0.0,0.0,4.023,0.0,0.0,,,,,,,,,
57.4,1,isocontour,11.283791670955125,35830.38,75.4,20.1,6.1,0.977,0.6,-2.6,2.7,16.0,-10.1,1.1,6,6,0,0,6
57.4,2,isocontour,11.283791670955125,34644.28,72.9,10.7,17.8,0.988,-1.7,1.7,2.4,-12.2,14.3,1.108,25,3,0,0,3
57.4,3,isocontour,11.283791670955125,36374.51,76.55,15.6,13.7,0.99,-2.5,4.0,4.7,-12.2,14.3,1.106,25,5,0,0,5
57.4,4,isocontour,11.283791670955125,39054.66,82.19,18.6,5.3,1.072,0.5,-1.1,1.2,16.0,-10.1,1.1,6,6,0,0,6
57.4,5,isocontour,11.283791670955125,37290.15,78.47,18.2,5.8,1.087,0.1,-2.8,2.8,16.0,-10.1,1.1,6,6,0,0,6
57.4,6,isocontour,11.283791670955125,38323.6,80.65,17.2,-8.6,1.081,0.4,2.3,2.3,16.0,-10.1,1.1,6,5,0,0,5
57.4,7,isocontour,11.283791670955125,37537.42,78.99,-18.4,9.2,0.999,2.1,-1.9,2.8,-12.2,14.3,1.108,25,3,0,0,3
57.4,8,isocontour,11.283791670955125,38969.21,82.01,18.1,-7.7,1.05,0.5,2.4,2.5,16.0,-10.1,1.1,6,5,0,0,5
57.4,9,isocontour,11.283791670955125,36778.14,77.4,20.7,-2.3,0.985,0.4,0.4,0.6,16.0,-10.1,1.1,6,7,0,0,7
57.4,10,isocontour,11.283791670955125,36821.8,77.49,18.4,-9.6,0.989,-0.0,0.8,0.8,16.0,-10.1,1.1,6,5,0,0,5
57.4,11,isocontour,11.283791670955125,37707.38,79.35,-18.2,-6.9,1.062,-0.2,-2.4,2.4,-12.2,14.3,1.108,25,3,0,0,3
57.4,12,isocontour,11.283791670955125,37186.52,78.25,-14.9,-14.8,0.979,-0.2,-0.3,0.4,-12.2,14.3,1.106,25,3,0,0,3
57.4,13,isocontour,11.283791670955125,35792.27,75.32,20.3,-3.1,1.0,-0.1,-1.0,1.0,16.0,-10.1,1.1,6,7,0,0,7
57.4,14,isocontour,11.283791670955125,36002.4,75.76,13.0,-16.3,0.987,0.8,1.7,1.9,16.0,-10.1,1.1,6,4,0,0,4
57.4,15,isocontour,11.283791670955125,35267.66,74.22,2.6,20.6,0.99,0.9,0.6,1.1,-12.2,14.3,1.108,25,2,0,0,2
57.4,16,isocontour,11.283791670955125,46871.41,98.64,-23.7,21.7,0.534,-0.5,-0.8,0.9,-23.7,21.7,0.535,16,0,0,0,0
57.4,17,isocontour,11.283791670955125,36022.82,75.81,16.4,12.3,1.001,0.4,-2.2,2.2,-12.2,14.3,1.106,25,5,0,0,5
57.4,18,isocontour,11.283791670955125,40578.31,85.39,-5.6,20.0,0.988,2.6,-0.2,2.6,-12.2,14.3,1.108,25,2,0,0,2
57.4,19,isocontour,11.283791670955125,37009.61,77.88,-20.8,1.1,0.986,1.6,-2.2,2.7,-12.2,14.3,1.108,25,4,0,0,4
57.4,20,isocontour,11.283791670955125,37042.77,77.95,7.4,-19.3,0.995,3.0,0.5,3.0,16.0,-10.1,1.1,6,2,0,0,2
57.4,21,isocontour,11.283791670955125,36423.36,76.65,-8.2,-19.2,0.986,-3.4,-1.3,3.6,16.0,-10.1,1.1,6,2,0,0,2
57.4,22,isocontour,11.283791670955125,38836.44,81.73,-19.5,-7.3,0.985,-1.4,0.3,1.4,-12.2,14.3,1.108,25,3,0,0,3
57.4,23,isocontour,11.283791670955125,40607.25,85.45,-19.2,6.4,1.019,-1.6,-0.1,1.6,-12.2,14.3,1.108,25,3,0,0,3
57.4,24,isocontour,11.283791670955125,37410.35,78.73,-0.1,-20.9,0.983,-0.5,-1.7,1.8,16.0,-10.1,1.1,6,2,0,0,2
57.4,25,isocontour,11.283791670955125,36057.51,75.88,-12.3,14.2,1.108,-0.5,-1.6,1.7,-12.3,14.2,1.108,25,3,0,0,3
57.4,Target,,,,,0.0,0.0,4.023,0.0,0.0,,,,,,,,,
57.5,1,isocontour,11.283791670955125,35828.33,75.4,20.1,5.9,0.977,0.3,-1.1,1.1,-12.2,14.3,1.106,25,6,0,0,6
57.5,2,isocontour,11.283791670955125,34641.66,72.9,10.6,17.8,0.993,-1.0,-0.8,1.3,-12.2,14.3,1.108,25,3,0,0,3
57.5,3,isocontour,11.283791670955125,36329.94,76.45,15.8,13.7,0.982,3.1,-1.1,3.3,-12.2,14.3,1.108,25,5,0,0,5
57.5,4,isocontour,11.283791670955125,39030.31,82.13,18.6,5.1,1.074,0.3,-2.7,2.7,-12.2,14.3,1.106,25,6,0,0,6
57.5,5,isocontour,11.283791670955125,37289.47,78.47,18.2,5.7,1.088,0.2,-0.8,0.8,-12.2,14.3,1.106,25,6,0,0,6
57.5,6,isocontour,11.283791670955125,38306.75,80.61,17.2,-8.4,1.085,0.4,2.3,2.3,16.0,-10.1,1.1,6,5,0,0,5
57.5,7,isocontour,11.283791670955125,37536.57,78.99,-18.4,9.1,1.005,0.4,-0.7,0.8,-12.2,14.3,1.108,25,3,0,0,3
57.5,8,isocontour,11.283791670955125,38967.92,82.0,18.2,-7.6,1.048,0.8,0.6,1.0,16.0,-10.1,1.1,6,5,0,0,5
57.5,9,isocontour,11.283791670955125,36748.87,77.33,20.7,-2.5,0.988,-1.0,-2.7,2.9,16.0,-10.1,1.1,6,7,0,0,7
57.5,10,isocontour,11.283791670955125,36816.69,77.48,18.5,-9.5,0.988,1.0,1.2,1.6,16.0,-10.1,1.1,6,5,0,0,5
57.5,11,isocontour,11.283791670955125,37704.38,79.34,-18.3,-6.9,1.058,-1.0,0.9,1.3,-12.2,14.3,1.108,25,3,0,0,3
57.5,12,isocontour,11.283791670955125,37149.6,78.18,-14.8,-14.5,0.992,0.8,3.0,3.1,-12.2,14.3,1.108,25,3,0,0,3
57.5,13,isocontour,11.283791670955125,35778.59,75.29,20.3,-3.0,1.002,-0.1,2.2,2.2,16.0,-10.1,1.1,6,7,0,0,7
57.5,14,isocontour,11.283791670955125,35998.19,75.75,13.0,-16.1,0.994,-0.6,1.4,1.5,16.0,-10.1,1.1,6,4,0,0,4
57.5,15,isocontour,11.283791670955125,35243.58,74.17,2.8,20.6,0.987,2.6,0.3,2.6,-12.2,14.3,1.108,25,2,0,0,2
57.5,16,isocontour,11.283791670955125,46870.31,98.63,-23.6,21.8,0.534,0.6,0.7,0.9,-23.6,21.8,0.535,16,0,0,0,0
57.5,17,isocontour,11.283791670955125,36006.8,75.77,16.4,12.5,0.999,-0.7,2.2,2.3,-12.2,14.3,1.108,25,5,0,0,5
57.5,18,isocontour,11.283791670955125,40577.37,85.39,-5.5,20.0,0.991,0.8,-0.4,0.9,-12.2,14.3,1.108,25,2,0,0,2
57.5,19,isocontour,11.283791670955125,37008.0,77.88,-20.8,1.1,0.988,0.2,1.0,1.0,-12.2,14.3,1.108,25,4,0,0,4
57.5,20,isocontour,11.283791670955125,37037.26,77.94,7.6,-19.4,0.988,1.4,-0.9,1.7,16.0,-10.1,1.1,6,2,0,0,2
57.5,21,isocontour,11.283791670955125,36408.54,76.62,-8.4,-19.3,0.974,-1.7,-1.5,2.3,-12.2,14.3,1.106,25,2,0,0,2
57.5,22,isocontour,11.283791670955125,38799.16,81.65,-19.7,-7.1,0.98,-1.8,2.5,3.1,-12.2,14.3,1.108,25,3,0,0,3
57.5,23,isocontour,11.283791670955125,40604.7,85.45,-19.2,6.5,1.017,0.2,1.2,1.2,-12.2,14.3,1.108,25,3,0,0,3
57.5,24,isocontour,11.283791670955125,37374.15,78.65,0.2,-21.0,0.977,2.9,-0.9,3.0,16.0,-10.1,1.1,6,2,0,0,2
57.5,25,isocontour,11.283791670955125,36033.43,75.83,-12.5,14.1,1.106,-2.3,-1.3,2.6,-12.5,14.1,1.108,25,3,0,0,3
57.5,Target,,,,,0.0,0.0,4.023,0.0,0.0,,,,,,,,,
57.6,1,isocontour,11.283791670955125,35814.84,75.37,20.0,6.0,0.982,-1.5,1.6,2.2,-12.2,14.3,1.108,25,6,0,0,6
57.6,2,isocontour,11.283791670955125,34631.06,72.88,10.5,17.9,0.988,-0.8,1.8,2.0,-12.2,14.3,1.108,25,3,0,0,3
57.6,3,isocontour,11.283791670955125,36305.32,76.4,15.9,13.4,0.988,0.3,-2.7,2.7,-12.2,14.3,1.108,25,5,0,0,5
57.6,4,isocontour,11.283791670955125,39027.38,82.13,18.6,5.1,1.078,-0.9,0.9,1.3,-12.2,14.3,1.108,25,6,0,0,6
57.6,5,isocontour,11.283791670955125,37287.15,78.47,18.2,5.7,1.09,-0.7,1.0,1.2,-12.2,14.3,1.108,25,6,0,0,6
57.6,6,isocontour,11.283791670955125,38306.34,80.61,17.2,-8.3,1.085,0.3,0.6,0.7,16.0,-10.1,1.1,6,5,0,0,5
57.6,7,isocontour,11.283791670955125,37534.02,78.99,-18.3,9.2,1.004,0.4,1.2,1.3,-12.2,14.3,1.108,25,3,0,0,3
57.6,8,isocontour,11.283791670955125,38967.08,82.0,18.3,-7.6,1.046,0.6,0.7,0.9,16.0,-10.1,1.1,6,5,0,0,5
57.6,9,isocontour,11.283791670955125,36724.52,77.28,20.5,-2.8,0.992,-1.3,-2.4,2.7,-12.2,14.3,1.106,25,7,0,0,7
57.6,10,isocontour,11.283791670955125,36812.96,77.47,18.5,-9.4,0.993,-0.8,1.2,1.4,16.0,-10.1,1.1,6,5,0,0,5
57.6,11,isocontour,11.283791670955125,37677.21,79.29,-18.2,-7.1,1.06,1.5,-2.4,2.8,-12.2,14.3,1.108,25,3,0,0,3
57.6,12,isocontour,11.283791670955125,37147.98,78.17,-14.9,-14.4,0.992,-0.9,0.5,1.0,-12.2,14.3,1.108,25,3,0,0,3
57.6,13,isocontour,11.283791670955125,35771.19,75.28,20.5,-3.0,0.994,1.6,-0.7,1.7,-12.2,14.3,1.106,25,7,0,0,7
57.6,14,isocontour,11.283791670955125,35995.76,75.75,13.0,-16.0,0.998,0.6,1.0,1.2,16.0,-10.1,1.1,6,4,0,0,4
57.6,15,isocontour,11.283791670955125,35235.93,74.15,3.0,20.6,0.985,1.8,-0.1,1.8,-12.2,14.3,1.108,25,2,0,0,2
57.6,16,isocontour,11.283791670955125,46869.21,98.63,-23.7,21.7,0.534,-0.6,-0.7,0.9,-23.7,21.7,0.535,16,0,0,0,0
57.6,17,isocontour,11.283791670955125,35987.73,75.73,16.6,12.6,0.987,2.4,0.6,2.5,-12.2,14.3,1.108,25,5,0,0,5
57.6,18,isocontour,11.283791670955125,40576.89,85.39,-5.4,20.0,0.993,0.7,0.0,0.7,-12.2,14.3,1.108,25,2,0,0,2
57.6,19,isocontour,11.283791670955125,37005.95,77.87,-20.7,1.2,0.992,0.7,0.9,1.1,-12.2,14.3,1.108,25,4,0,0,4
57.6,20,isocontour,11.283791670955125,37002.8,77.87,7.9,-19.4,0.983,3.0,0.2,3.0,16.0,-10.1,1.1,6,2,0,0,2
57.6,21,isocontour,11.283791670955125,36388.05,76.57,-8.5,-19.1,0.982,-0.7,2.4,2.5,-12.2,14.3,1.108,25,2,0,0,2
57.6,22,isocontour,11.283791670955125,38790.86,81.63,-19.6,-7.0,0.988,1.8,0.4,1.8,-12.2,14.3,1.108,25,3,0,0,3
57.6,23,isocontour,11.283791670955125,40601.9,85.44,-19.1,6.6,1.019,0.8,1.0,1.3,-12.2,14.3,1.108,25,3,0,0,3
57.6,24,isocontour,11.283791670955125,37343.63,78.59,0.4,-21.0,0.979,2.8,0.6,2.9,-12.2,14.3,1.106,25,2,0,0,2
57.6,25,isocontour,11.283791670955125,36009.08,75.78,-12.7,13.9,1.103,-2.2,-1.5,2.7,-12.7,13.9,1.108,25,3,0,0,3
57.6,Target,,,,,0.0,0.0,4.023,0.0,0.0,,,,,,,,,
57.7,1,isocontour,11.283791670955125,35812.9,75.36,19.9,6.0,0.987,-0.8,-0.8,1.1,-12.2,14.3,1.108,25,6,0,0,6
57.7,2,isocontour,11.283791670955125,34613.11,72.84,10.4,18.2,0.979,-0.5,2.3,2.4,-12.2,14.3,1.108,25,3,0,0,3
57.7,3,isocontour,11.283791670955125,36297.66,76.38,15.8,13.5,0.989,-1.2,1.4,1.8,-12.2,14.3,1.108,25,5,0,0,5
57.7,4,isocontour,11.283791670955125,39026.72,82.13,18.6,5.1,1.078,0.3,-0.7,0.8,-12.2,14.3,1.108,25,6,0,0,6
57.7,5,isocontour,11.283791670955125,37283.26,78.46,18.2,5.7,1.087,1.0,-1.0,1.4,-12.2,14.3,1.108,25,6,0,0,6
57.7,6,isocontour,11.283791670955125,38301.42,80.6,17.1,-8.4,1.09,-1.3,-0.8,1.5,-12.2,14.3,1.106,25,5,0,0,5
57.7,7,isocontour,11.283791670955125,37397.22,78.7,-18.3,9.6,0.995,0.2,4.8,4.8,-12.2,14.3,1.108,25,3,0,0,3
57.7,8,isocontour,11.283791670955125,38963.66,81.99,18.3,-7.7,1.045,-0.3,-1.3,1.3,-12.2,14.3,1.106,25,5,0,0,5
57.7,9,isocontour,11.283791670955125,36584.26,76.99,20.6,-2.4,0.991,1.1,4.7,4.8,-12.2,14.3,1.108,25,7,0,0,7
57.7,10,isocontour,11.283791670955125,36792.47,77.43,18.4,-9.6,0.99,-0.2,-2.5,2.5,-12.2,14.3,1.106,25,5,0,0,5
57.7,11,isocontour,11.283791670955125,37675.68,79.28,-18.2,-7.0,1.063,0.1,1.0,1.0,-12.2,14.3,1.108,25,3,0,0,3
57.7,12,isocontour,11.283791670955125,37127.97,78.13,-15.1,-14.4,0.983,-2.5,-0.0,2.5,-12.2,14.3,1.108,25,3,0,0,3
57.7,13,isocontour,11.283791670955125,35717.52,75.16,20.8,-2.9,0.979,3.1,1.5,3.4,-12.2,14.3,1.108,25,7,0,0,7
57.7,14,isocontour,11.283791670955125,35993.55,75.74,13.1,-16.1,0.992,0.5,-1.1,1.2,16.0,-10.1,1.1,6,4,0,0,4
57.7,15,isocontour,11.283791670955125,35231.54,74.14,2.9,20.5,0.991,-1.0,-1.1,1.5,-12.2,14.3,1.108,25,2,0,0,2
57.7,16,isocontour,11.283791670955125,46868.11,98.63,-23.8,21.7,0.533,-0.9,-0.2,0.9,-23.8,21.7,0.535,16,0,0,0,0
57.7,17,isocontour,11.283791670955125,35976.64,75.71,16.6,12.7,0.983,-0.8,1.9,2.1,-12.2,14.3,1.108,25,5,0,0,5
57.7,18,isocontour,11.283791670955125,40574.15,85.38,-5.5,20.0,0.994,-1.2,-0.5,1.3,-12.2,14.3,1.108,25,2,0,0,2
57.7,19,isocontour,11.283791670955125,36980.22,77.82,-20.7,1.0,0.991,-0.4,-2.7,2.7,-12.2,14.3,1.108,25,4,0,0,4
57.7,20,isocontour,11.283791670955125,36995.14,77.85,8.0,-19.2,0.988,0.7,1.7,1.8,-12.2,14.3,1.106,25,2,0,0,2
57.7,21,isocontour,11.283791670955125,36375.8,76.55,-8.5,-18.9,0.99,-0.9,1.9,2.1,-12.2,14.3,1.108,25,2,0,0,2
57.7,22,isocontour,11.283791670955125,38760.66,81.57,-19.3,-6.9,1.003,2.5,1.4,2.9,-12.2,14.3,1.108,25,3,0,0,3
57.7,23,isocontour,11.283791670955125,40601.21,85.44,-19.1,6.6,1.022,0.3,-0.7,0.8,-12.2,14.3,1.108,25,3,0,0,3
57.7,24,isocontour,11.283791670955125,37332.55,78.56,0.5,-20.8,0.988,0.4,2.0,2.0,-12.2,14.3,1.108,25,2,0,0,2
57.7,25,isocontour,11.283791670955125,35987.6,75.73,-12.9,13.8,1.1,-2.2,-1.3,2.6,-12.9,13.8,1.108,25,3,0,0,3
57.7,Target,,,,,0.0,0.0,4.023,0.0,0.0,,,,,,,,,
57.8,1,isocontour,11.283791670955125,35810.46,75.36,19.8,6.0,0.994,-1.2,-0.4,1.3,-12.2,14.3,1.108,25,6,0,0,6
57.8,2,isocontour,11.283791670955125,34583.54,72.78,10.4,18.0,0.99,-0.4,-2.8,2.8,-12.2,14.3,1.108,25,3,0,0,3
57.8,3,isocontour,11.283791670955125,36290.5,76.37,15.9,13.4,0.989,1.2,-1.3,1.8,-12.2,14.3,1.108,25,5,0,0,5
57.8,4,isocontour,11.283791670955125,39002.37,82.08,18.7,5.3,1.07,0.9,2.5,2.7,-12.2,14.3,1.108,25,6,0,0,6
57.8,5,isocontour,11.283791670955125,37274.28,78.44,18.4,5.6,1.078,1.9,-0.4,1.9,-12.2,14.3,1.108,25,6,0,0,6
57.8,6,isocontour,11.283791670955125,38289.17,80.57,17.2,-8.5,1.082,1.0,-1.9,2.1,-12.2,14.3,1.108,25,5,0,0,5
57.8,7,isocontour,11.283791670955125,37310.92,78.52,-18.4,10.0,0.98,-0.9,4.0,4.1,-12.2,14.3,1.108,25,3,0,0,3
57.8,8,isocontour,11.283791670955125,38961.95,81.99,18.2,-7.7,1.047,-0.8,-0.7,1.1,-12.2,14.3,1.108,25,5,0,0,5
57.8,9,isocontour,11.283791670955125,36580.61,76.98,20.7,-2.3,0.984,1.4,-0.1,1.4,-12.2,14.3,1.108,25,7,0,0,7
57.8,10,isocontour,11.283791670955125,36735.99,77.31,18.7,-9.7,0.973,3.1,-1.7,3.5,-12.2,14.3,1.108,25,5,0,0,5
57.8,11,isocontour,11.283791670955125,37652.93,79.24,-18.3,-6.8,1.063,-1.0,2.4,2.6,-12.2,14.3,1.108,25,3,0,0,3
57.8,12,isocontour,11.283791670955125,37093.16,78.06,-15.4,-14.3,0.977,-2.7,1.4,3.0,-12.2,14.3,1.108,25,3,0,0,3
57.8,13,isocontour,11.283791670955125,35716.81,75.16,20.8,-2.9,0.978,-0.3,-0.7,0.8,-12.2,14.3,1.108,25,7,0,0,7
57.8,14,isocontour,11.283791670955125,35985.9,75.73,13.2,-16.1,0.985,1.7,-0.5,1.8,-12.2,14.3,1.106,25,4,0,0,4
57.8,15,isocontour,11.283791670955125,35231.12,74.14,3.0,20.5,0.991,0.7,0.1,0.7,-12.2,14.3,1.108,25,2,0,0,2
57.8,16,isocontour,11.283791670955125,46867.01,98.63,-23.9,21.7,0.531,-0.9,-0.0,0.9,-23.9,21.7,0.535,16,0,0,0,0
57.8,17,isocontour,11.283791670955125,35946.76,75.65,16.6,12.5,0.988,0.7,-2.8,2.9,-12.2,14.3,1.108,25,5,0,0,5
57.8,18,isocontour,11.283791670955125,40508.66,85.25,-5.8,20.0,0.987,-3.7,0.5,3.7,-12.2,14.3,1.108,25,2,0,0,2
57.8,19,isocontour,11.283791670955125,36919.35,77.69,-21.0,1.1,0.976,-2.9,2.2,3.6,-12.2,14.3,1.108,25,4,0,0,4
57.8,20,isocontour,11.283791670955125,36985.73,77.83,8.1,-19.2,0.987,1.9,0.3,1.9,-12.2,14.3,1.108,25,2,0,0,2
57.8,21,isocontour,11.283791670955125,36375.01,76.55,-8.5,-18.9,0.992,0.8,-0.1,0.8,-12.2,14.3,1.108,25,2,0,0,2
57.8,22,isocontour,11.283791670955125,38757.99,81.56,-19.2,-6.9,1.008,0.9,-0.9,1.3,-12.2,14.3,1.108,25,3,0,0,3
57.8,23,isocontour,11.283791670955125,40599.32,85.44,-19.2,6.6,1.018,-1.1,-0.2,1.1,-12.2,14.3,1.108,25,3,0,0,3
57.8,24,isocontour,11.283791670955125,37297.74,78.49,0.3,-20.7,0.993,-2.9,0.6,3.0,-12.2,14.3,1.108,25,2,0,0,2
57.8,25,isocontour,11.283791670955125,35979.03,75.71,-13.1,13.7,1.095,-1.8,-0.6,1.9,-13.1,13.7,1.108,25,3,0,0,3
57.8,Target,,,,,0.0,0.0,4.023,0.0,0.0,,,,,,,,,
57.9,1,isocontour,11.283791670955125,35808.2,75.35,19.7,6.0,0.999,-1.1,0.5,1.2,-12.2,14.3,1.108,25,6,0,0,6
57.9,2,isocontour,11.283791670955125,34579.41,72.77,10.3,18.0,0.991,-1.2,0.9,1.5,-12.2,14.3,1.108,25,3,0,0,3
57.9,3,isocontour,11.283791670955125,36260.3,76.31,15.9,13.2,0.998,-0.0,-2.9,2.9,-12.2,14.3,1.108,25,5,0,0,5
57.9,4,isocontour,11.283791670955125,39001.4,82.07,18.7,5.3,1.065,0.8,-0.4,0.9,-12.2,14.3,1.108,25,6,0,0,6
57.9,5,isocontour,11.283791670955125,37160.92,78.2,18.3,6.0,1.075,-1.2,4.3,4.5,-12.2,14.3,1.108,25,6,0,0,6
57.9,6,isocontour,11.283791670955125,38264.82,80.52,17.4,-8.4,1.073,2.2,1.5,2.7,-12.2,14.3,1.108,25,5,0,0,5
57.9,7,isocontour,11.283791670955125,37304.68,78.5,-18.5,10.0,0.978,-0.8,-1.5,1.7,-12.2,14.3,1.108,25,3,0,0,3
57.9,8,isocontour,11.283791670955125,38932.38,81.93,18.1,-8.0,1.049,-1.3,-2.5,2.8,-12.2,14.3,1.108,25,5,0,0,5
57.9,9,isocontour,11.283791670955125,36570.91,76.96,20.8,-2.2,0.979,1.0,1.7,2.0,-12.2,14.3,1.108,25,7,0,0,7
57.9,10,isocontour,11.283791670955125,36734.67,77.3,18.8,-9.7,0.971,0.2,1.0,1.0,-12.2,14.3,1.108,25,5,0,0,5
57.9,11,isocontour,11.283791670955125,37637.32,79.2,-18.5,-6.8,1.051,-2.1,-1.0,2.3,-12.2,14.3,1.108,25,3,0,0,3
57.9,12,isocontour,11.283791670955125,37063.89,78.0,-15.2,-14.1,0.99,2.0,2.0,2.8,-12.2,14.3,1.108,25,3,0,0,3
57.9,13,isocontour,11.283791670955125,35689.64,75.1,20.7,-2.7,0.981,-0.3,2.8,2.8,-12.2,14.3,1.108,25,7,0,0,7
57.9,14,isocontour,11.283791670955125,35968.17,75.69,13.2,-16.0,0.994,-0.9,2.2,2.4,-12.2,14.3,1.108,25,4,0,0,4
57.9,15,isocontour,11.283791670955125,35229.18,74.14,2.9,20.6,0.989,-1.0,0.6,1.2,-12.2,14.3,1.108,25,2,0,0,2
57.9,16,isocontour,11.283791670955125,46865.91,98.62,-23.8,21.6,0.533,0.4,-0.9,1.0,-23.8,21.6,0.535,16,0,0,0,0
57.9,17,isocontour,11.283791670955125,35941.45,75.63,16.5,12.4,0.996,-1.0,-1.2,1.6,-12.2,14.3,1.108,25,5,0,0,5
57.9,18,isocontour,11.283791670955125,40485.38,85.2,-5.7,20.0,0.99,2.6,-0.3,2.6,-12.2,14.3,1.108,25,2,0,0,2
57.9,19,isocontour,11.283791670955125,36918.8,77.69,-21.0,1.1,0.976,0.4,-0.6,0.7,-12.2,14.3,1.108,25,4,0,0,4
57.9,20,isocontour,11.283791670955125,36963.24,77.78,8.0,-19.3,0.986,-2.4,-1.1,2.6,-12.2,14.3,1.108,25,2,0,0,2
57.9,21,isocontour,11.283791670955125,36373.16,76.54,-8.5,-18.8,0.994,-0.9,0.7,1.1,-12.2,14.3,1.108,25,2,0,0,2
57.9,22,isocontour,11.283791670955125,38737.98,81.52,-19.4,-6.9,0.998,-2.5,0.3,2.5,-12.2,14.3,1.108,25,3,0,0,3
57.9,23,isocontour,11.283791670955125,40584.11,85.4,-19.2,6.4,1.018,-0.5,-2.2,2.3,-12.2,14.3,1.108,25,3,0,0,3
57.9,24,isocontour,11.283791670955125,37270.57,78.43,0.5,-20.7,0.992,2.8,-0.3,2.8,-12.2,14.3,1.108,25,2,0,0,2
57.9,25,isocontour,11.283791670955125,35977.75,75.71,-13.2,13.6,1.095,-0.7,-0.7,1.0,-13.2,13.6,1.108,25,3,0,0,3
57.9,Target,,,,,0.0,0.0,4.023,0.0,0.0,,,,,,,,,
58.0,1,isocontour,11.283791670955125,35791.97,75.32,19.9,6.0,0.989,2.3,-0.1,2.3,19.9,6.0,0.999,1,6,0,0,6
58.0,2,isocontour,11.283791670955125,34550.75,72.71,10.1,18.1,0.991,-2.4,1.4,2.8,10.1,18.1,0.991,2,3,0,0,3
58.0,3,isocontour,11.283791670955125,36247.7,76.28,15.8,13.3,0.994,-0.4,2.1,2.1,15.8,13.3,0.998,3,5,0,0,5
58.0,4,isocontour,11.283791670955125,38966.94,82.0,18.7,5.5,1.063,-0.6,2.9,3.0,18.7,5.5,1.065,4,6,0,0,6
58.0,5,isocontour,11.283791670955125,37127.47,78.13,18.3,6.3,1.073,-0.5,2.9,2.9,18.3,6.3,1.075,5,6,0,0,6
58.0,6,isocontour,11.283791670955125,38263.16,80.52,17.4,-8.5,1.074,-0.8,-0.8,1.1,17.4,-8.5,1.073,6,5,0,0,5
58.0,7,isocontour,11.283791670955125,37303.94,78.5,-18.5,9.9,0.981,0.2,-0.8,0.8,-18.5,9.9,0.978,7,3,0,0,3
58.0,8,isocontour,11.283791670955125,38909.88,81.88,18.0,-8.2,1.048,-0.9,-2.4,2.6,18.0,-8.2,1.049,8,5,0,0,5
58.0,9,isocontour,11.283791670955125,36539.44,76.89,20.9,-1.9,0.98,-0.1,2.9,2.9,20.9,-1.9,0.979,9,7,0,0,7
58.0,10,isocontour,11.283791670955125,36717.16,77.27,18.6,-9.8,0.976,-1.9,-1.4,2.4,18.6,-9.8,0.971,10,5,0,0,5
58.0,11,isocontour,11.283791670955125,37630.28,79.19,-18.5,-7.0,1.047,0.1,-1.8,1.8,-18.5,-7.0,1.051,11,3,0,0,3
58.0,12,isocontour,11.283791670955125,37040.08,77.95,-15.2,-13.8,1.001,0.1,2.6,2.6,-15.2,-13.8,0.99,12,3,0,0,3
58.0,13,isocontour,11.283791670955125,35686.5,75.1,20.7,-2.6,0.986,-0.8,1.1,1.4,20.7,-2.6,0.981,13,7,0,0,7
58.0,14,isocontour,11.283791670955125,35967.67,75.69,13.1,-16.0,0.994,-0.1,-0.7,0.7,13.1,-16.0,0.994,14,4,0,0,4
58.0,15,isocontour,11.283791670955125,35180.84,74.03,2.6,20.5,0.997,-3.0,-1.5,3.4,2.6,20.5,0.989,15,2,0,0,2
58.0,16,isocontour,11.283791670955125,46864.81,98.62,-23.9,21.6,0.531,-0.9,0.3,0.9,-23.9,21.6,0.533,16,0,0,0,0
58.0,17,isocontour,11.283791670955125,35939.13,75.63,16.6,12.3,0.996,1.0,-0.7,1.2,16.6,12.3,0.996,17,5,0,0,5
58.0,18,isocontour,11.283791670955125,40484.88,85.2,-5.6,20.0,0.992,0.7,-0.1,0.7,-5.6,20.0,0.99,18,2,0,0,2
58.0,19,isocontour,11.283791670955125,36916.86,77.69,-20.9,1.0,0.98,0.8,-0.8,1.1,-20.9,1.0,0.976,19,4,0,0,4
58.0,20,isocontour,11.283791670955125,36959.11,77.78,8.0,-19.1,0.992,0.4,1.4,1.5,8.0,-19.1,0.986,20,2,0,0,2
58.0,21,isocontour,11.283791670955125,36367.56,76.53,-8.7,-18.9,0.987,-1.2,-1.1,1.6,-8.7,-18.9,0.994,21,2,0,0,2
58.0,22,isocontour,11.283791670955125,38723.74,81.49,-19.6,-6.9,0.988,-2.1,0.7,2.2,-19.6,-6.9,0.998,22,3,0,0,3
58.0,23,isocontour,11.283791670955125,40583.63,85.4,-19.3,6.3,1.017,-0.6,-0.4,0.7,-19.3,6.3,1.018,23,3,0,0,3
58.0,24,isocontour,11.283791670955125,37268.31,78.43,0.4,-20.8,0.99,-1.1,-0.5,1.2,0.4,-20.8,0.992,24,2,0,0,2
58.0,25,isocontour,11.283791670955125,35964.62,75.68,-13.0,13.6,1.103,2.2,-0.1,2.2,-13.0,13.6,1.095,25,3,0,0,3
58.0,Target,,,,,0.0,0.0,4.023,0.0,0.0,,,,,,,,,
58.1,1,isocontour,11.283791670955125,35789.71,75.32,19.9,6.1,0.985,0.2,1.2,1.2,18.3,6.3,1.075,5,6,0,0,6
58.1,2,isocontour,11.283791670955125,34540.3,72.69,10.0,18.3,0.982,0.1,2.0,2.0,15.8,13.3,0.998,3,3,0,0,3
58.1,3,isocontour,11.283791670955125,36247.67,76.28,15.9,13.3,0.993,0.2,-0.2,0.3,18.3,6.3,1.075,5,5,0,0,5
58.1,4,isocontour,11.283791670955125,38933.49,81.93,18.6,5.8,1.066,-1.5,2.6,3.0,18.3,6.3,1.075,5,6,0,0,6
58.1,5,isocontour,11.283791670955125,37125.95,78.13,18.2,6.4,1.073,-0.4,1.0,1.1,18.2,6.4,1.075,5,6,0,0,6
58.1,6,isocontour,11.283791670955125,38231.69,80.45,17.3,-8.7,1.073,-1.0,-2.7,2.9,17.3,-8.7,1.074,6,5,0,0,5
58.1,7,isocontour,11.283791670955125,37282.96,78.46,-18.5,9.7,0.986,-0.2,-2.5,2.5,-13.0,13.6,1.103,25,3,0,0,3
58.1,8,isocontour,11.283791670955125,38872.6,81.8,17.8,-8.5,1.051,-1.9,-2.4,3.1,17.4,-8.5,1.074,6,5,0,0,5
58.1,9,isocontour,11.283791670955125,36537.34,76.89,20.8,-1.8,0.984,-0.7,0.9,1.1,18.3,6.3,1.075,5,7,0,0,7
58.1,10,isocontour,11.283791670955125,36707.76,77.25,18.4,-9.7,0.986,-1.7,0.9,1.9,17.4,-8.5,1.074,6,5,0,0,5
58.1,11,isocontour,11.283791670955125,37627.0,79.18,-18.4,-7.1,1.049,1.0,-0.9,1.3,-18.4,-7.1,1.051,11,3,0,0,3
58.1,12,isocontour,11.283791670955125,37037.71,77.94,-15.3,-13.7,1.003,-0.8,0.9,1.2,-18.5,-7.0,1.051,11,3,0,0,3
58.1,13,isocontour,11.283791670955125,35684.13,75.09,20.6,-2.5,0.991,-0.7,1.0,1.2,18.3,6.3,1.075,5,7,0,0,7
58.1,14,isocontour,11.283791670955125,35935.88,75.62,13.4,-16.1,0.981,2.7,-1.1,2.9,17.4,-8.5,1.074,6,4,0,0,4
58.1,15,isocontour,11.283791670955125,35169.27,74.01,2.7,20.6,0.991,1.4,1.5,2.1,2.7,20.6,0.997,15,2,0,0,2
58.1,16,isocontour,11.283791670955125,46863.71,98.62,-24.0,21.5,0.532,-0.4,-0.9,1.0,-24.0,21.5,0.533,16,0,0,0,0
58.1,17,isocontour,11.283791670955125,35938.19,75.63,16.6,12.4,0.992,0.2,0.9,0.9,18.3,6.3,1.075,5,5,0,0,5
58.1,18,isocontour,11.283791670955125,40443.49,85.11,-5.8,20.0,0.988,-3.2,0.1,3.2,-13.0,13.6,1.103,25,2,0,0,2
58.1,19,isocontour,11.283791670955125,36900.0,77.65,-20.7,0.9,0.99,1.8,-1.5,2.3,-18.5,-7.0,1.051,11,4,0,0,4
58.1,20,isocontour,11.283791670955125,36956.44,77.77,7.9,-19.2,0.988,-0.5,-1.2,1.3,13.1,-16.0,0.994,14,2,0,0,2
58.1,21,isocontour,11.283791670955125,36366.71,76.53,-8.6,-18.9,0.989,0.8,0.4,0.9,-15.2,-13.8,1.001,12,2,0,0,2
58.1,22,isocontour,11.283791670955125,38721.58,81.48,-19.7,-6.9,0.981,-0.9,-0.8,1.2,-18.5,-7.0,1.051,11,3,0,0,3
58.1,23,isocontour,11.283791670955125,40562.64,85.36,-19.4,6.1,1.016,-0.9,-2.4,2.6,-13.0,13.6,1.103,25,3,0,0,3
58.1,24,isocontour,11.283791670955125,37266.87,78.42,0.3,-20.8,0.989,-1.0,-0.1,1.0,-8.7,-18.9,0.994,21,2,0,0,2
58.1,25,isocontour,11.283791670955125,35957.93,75.67,-12.9,13.7,1.102,0.8,1.5,1.7,-12.9,13.7,1.103,25,3,0,0,3
58.1,Target,,,,,0.0,0.0,4.023,0.0,0.0,,,,,,,,,
58.2,1,isocontour,11.283791670955125,35781.01,75.3,19.8,6.1,0.993,-1.9,0.4,1.9,18.3,6.3,1.075,5,6,0,0,6
58.2,2,isocontour,11.283791670955125,34502.29,72.61,10.2,18.2,0.984,2.3,-2.1,3.1,18.3,6.3,1.075,5,3,0,0,3
58.2,3,isocontour,11.283791670955125,36194.91,76.17,15.7,13.5,0.994,-2.5,2.4,3.5,18.3,6.3,1.075,5,5,0,0,5
58.2,4,isocontour,11.283791670955125,38918.86,81.9,18.6,6.0,1.062,0.2,2.2,2.2,18.3,6.3,1.075,5,6,0,0,6
58.2,5,isocontour,11.283791670955125,37122.81,78.12,18.3,6.5,1.068,0.5,1.2,1.3,18.3,6.5,1.075,5,6,0,0,6
58.2,6,isocontour,11.283791670955125,38229.85,80.45,17.3,-8.7,1.07,0.9,0.7,1.1,18.3,6.3,1.075,5,5,0,0,5
58.2,7,isocontour,11.283791670955125,37281.26,78.45,-18.5,9.5,0.986,-0.7,-0.9,1.1,-13.0,13.6,1.103,25,3,0,0,3
58.2,8,isocontour,11.283791670955125,38842.4,81.74,18.0,-8.4,1.045,2.3,1.7,2.9,18.3,6.3,1.075,5,5,0,0,5
58.2,9,isocontour,11.283791670955125,36526.58,76.87,20.6,-1.7,0.994,-1.9,0.7,2.0,18.3,6.3,1.075,5,7,0,0,7
58.2,10,isocontour,11.283791670955125,36671.19,77.17,18.4,-9.5,0.991,0.7,3.0,3.1,18.3,6.3,1.075,5,5,0,0,5
58.2,11,isocontour,11.283791670955125,37622.53,79.17,-18.3,-7.2,1.054,1.2,-0.9,1.5,-18.3,-7.2,1.051,11,3,0,0,3
58.2,12,isocontour,11.283791670955125,37018.4,77.9,-15.3,-13.9,0.994,-0.2,-2.5,2.5,-18.5,-7.0,1.051,11,3,0,0,3
58.2,13,isocontour,11.283791670955125,35681.75,75.09,20.6,-2.3,0.993,-0.1,1.2,1.2,18.3,6.3,1.075,5,7,0,0,7
58.2,14,isocontour,11.283791670955125,35934.39,75.62,13.3,-16.1,0.981,-1.0,-0.3,1.0,17.4,-8.5,1.074,6,4,0,0,4
58.2,15,isocontour,11.283791670955125,35140.0,73.95,2.5,20.6,0.99,-2.8,0.3,2.8,-13.0,13.6,1.103,25,2,0,0,2
58.2,16,isocontour,11.283791670955125,46862.61,98.62,-24.0,21.6,0.53,-0.6,0.7,0.9,-24.0,21.6,0.533,16,0,0,0,0
58.2,17,isocontour,11.283791670955125,35932.38,75.62,16.8,12.4,0.985,1.6,-0.0,1.6,18.3,6.3,1.075,5,5,0,0,5
58.2,18,isocontour,11.283791670955125,40440.49,85.1,-5.8,19.9,0.993,1.0,-0.8,1.3,-13.0,13.6,1.103,25,2,0,0,2
58.2,19,isocontour,11.283791670955125,36871.95,77.59,-20.6,1.1,0.997,1.3,2.5,2.8,-13.0,13.6,1.103,25,4,0,0,4
58.2,20,isocontour,11.283791670955125,36922.99,77.7,7.7,-19.4,0.982,-2.1,-2.1,3.0,17.4,-8.5,1.074,6,2,0,0,2
58.2,21,isocontour,11.283791670955125,36329.07,76.45,-8.8,-18.7,0.994,-2.2,2.1,3.0,-18.5,-7.0,1.051,11,2,0,0,2
58.2,22,isocontour,11.283791670955125,38702.51,81.44,-19.7,-7.1,0.982,1.1,-2.2,2.5,-18.5,-7.0,1.051,11,3,0,0,3
58.2,23,isocontour,11.283791670955125,40544.92,85.32,-19.5,5.9,1.014,-1.1,-2.1,2.4,-13.0,13.6,1.103,25,3,0,0,3
58.2,24,isocontour,11.283791670955125,37265.21,78.42,0.2,-20.8,0.989,-1.1,-0.0,1.1,-15.2,-13.8,1.001,12,2,0,0,2
58.2,25,isocontour,11.283791670955125,35949.63,75.65,-12.9,13.6,1.107,-0.3,-1.8,1.8,-12.9,13.6,1.103,25,3,0,0,3
58.2,Target,,,,,0.0,0.0,4.023,0.0,0.0,,,,,,,,,
58.3,1,isocontour,11.283791670955125,35779.84,75.29,19.8,6.2,0.991,0.3,0.9,0.9,18.3,6.3,1.075,5,6,0,0,6
58.3,2,isocontour,11.283791670955125,34472.4,72.54,10.4,17.9,0.992,1.3,-2.5,2.8,-13.0,13.6,1.103,25,3,0,0,3
58.3,3,isocontour,11.283791670955125,36173.44,76.12,15.5,13.7,0.992,-1.2,2.2,2.5,18.3,6.3,1.075,5,5,0,0,5
58.3,4,isocontour,11.283791670955125,38813.63,81.68,18.7,5.7,1.062,1.2,-4.2,4.4,18.3,6.3,1.075,5,6,0,0,6
58.3,5,isocontour,11.283791670955125,37096.79,78.07,18.4,6.3,1.067,1.0,-2.5,2.7,18.4,6.3,1.075,5,6,0,0,6
58.3,6,isocontour,11.283791670955125,38223.49,80.44,17.4,-8.6,1.065,1.4,0.9,1.7,18.3,6.3,1.075,5,5,0,0,5
58.3,7,isocontour,11.283791670955125,37258.24,78.41,-18.6,9.3,0.989,-0.5,-2.6,2.6,-12.9,13.6,1.107,25,3,0,0,3
58.3,8,isocontour,11.283791670955125,38840.75,81.74,18.0,-8.2,1.045,0.2,1.1,1.1,18.3,6.3,1.075,5,5,0,0,5
58.3,9,isocontour,11.283791670955125,36520.0,76.85,20.7,-1.8,0.988,1.6,-0.5,1.7,18.3,6.3,1.075,5,7,0,0,7
58.3,10,isocontour,11.283791670955125,36656.18,77.14,18.5,-9.6,0.987,0.0,-2.3,2.3,18.3,6.3,1.075,5,5,0,0,5
58.3,11,isocontour,11.283791670955125,37617.42,79.16,-18.4,-7.1,1.053,-1.0,1.3,1.6,-13.0,13.6,1.103,25,3,0,0,3
58.3,12,isocontour,11.283791670955125,37006.49,77.88,-15.5,-13.9,0.986,-2.1,0.1,2.1,-18.3,-7.2,1.054,11,3,0,0,3
58.3,13,isocontour,11.283791670955125,35662.44,75.05,20.8,-2.3,0.981,2.5,-0.3,2.5,18.3,6.3,1.075,5,7,0,0,7
58.3,14,isocontour,11.283791670955125,35922.32,75.59,13.4,-16.0,0.981,1.6,1.3,2.1,18.3,6.3,1.075,5,4,0,0,4
58.3,15,isocontour,11.283791670955125,35096.24,73.86,2.2,20.8,0.984,-2.9,1.5,3.3,-13.0,13.6,1.103,25,2,0,0,2
58.3,16,isocontour,11.283791670955125,46861.51,98.61,-23.9,21.6,0.531,0.9,-0.1,0.9,-23.9,21.6,0.533,16,0,0,0,0
58.3,17,isocontour,11.283791670955125,35932.06,75.61,16.8,12.4,0.984,-0.3,0.6,0.7,18.3,6.3,1.075,5,5,0,0,5
58.3,18,isocontour,11.283791670955125,40439.78,85.1,-5.7,19.9,0.996,0.7,-0.4,0.8,-12.9,13.6,1.107,25,2,0,0,2
58.3,19,isocontour,11.283791670955125,36871.01,77.59,-20.6,1.1,0.999,0.2,-0.9,0.9,-13.0,13.6,1.103,25,4,0,0,4
58.3,20,isocontour,11.283791670955125,36921.14,77.7,7.6,-19.4,0.984,-1.1,0.3,1.1,17.4,-8.5,1.074,6,2,0,0,2
58.3,21,isocontour,11.283791670955125,36323.66,76.44,-8.7,-18.7,0.998,1.6,-0.1,1.6,-18.5,-7.0,1.051,11,2,0,0,2
58.3,22,isocontour,11.283791670955125,38695.82,81.43,-19.5,-7.1,0.989,1.2,1.2,1.7,-13.0,13.6,1.103,25,3,0,0,3
58.3,23,isocontour,11.283791670955125,40522.94,85.28,-19.5,5.6,1.016,-0.3,-2.6,2.6,-12.9,13.6,1.107,25,3,0,0,3
58.3,24,isocontour,11.283791670955125,37237.45,78.36,-0.1,-20.7,0.992,-2.7,0.6,2.8,17.4,-8.5,1.074,6,2,0,0,2
58.3,25,isocontour,11.283791670955125,35918.48,75.59,-12.7,13.7,1.115,2.8,0.8,2.9,-12.7,13.7,1.107,25,3,0,0,3
58.3,Target,,,,,0.0,0.0,4.023,0.0,0.0,,,,,,,,,
58.4,1,isocontour,11.283791670955125,35767.76,75.27,20.0,6.3,0.981,2.1,0.4,2.1,18.3,6.3,1.075,5,6,0,0,6
58.4,2,isocontour,11.283791670955125,34442.52,72.48,10.2,18.0,0.992,-2.4,1.6,2.9,-13.0,13.6,1.103,25,3,0,0,3
58.4,3,isocontour,11.283791670955125,36111.05,75.99,15.7,14.0,0.974,2.6,2.5,3.6,-13.0,13.6,1.103,25,5,0,0,5
58.4,4,isocontour,11.283791670955125,38811.08,81.67,18.6,5.7,1.063,-0.5,1.1,1.2,18.3,6.3,1.075,5,6,0,0,6
58.4,5,isocontour,11.283791670955125,37067.22,78.0,18.4,6.5,1.061,0.1,2.9,2.9,18.4,6.5,1.075,5,6,0,0,6
58.4,6,isocontour,11.283791670955125,38220.14,80.43,17.5,-8.5,1.067,0.2,1.4,1.4,18.3,6.3,1.075,5,5,0,0,5
58.4,7,isocontour,11.283791670955125,37235.75,78.36,-18.6,9.1,0.995,-0.1,-2.6,2.6,-12.7,13.7,1.115,25,3,0,0,3
58.4,8,isocontour,11.283791670955125,38832.71,81.72,18.1,-8.1,1.041,1.4,1.2,1.8,18.3,6.3,1.075,5,5,0,0,5
58.4,9,isocontour,11.283791670955125,36505.18,76.82,20.8,-1.6,0.982,1.1,2.0,2.3,18.3,6.3,1.075,5,7,0,0,7
58.4,10,isocontour,11.283791670955125,36656.08,77.14,18.5,-9.6,0.987,0.1,0.4,0.4,18.3,6.3,1.075,5,5,0,0,5
58.4,11,isocontour,11.283791670955125,37613.69,79.15,-18.4,-7.0,1.05,-0.9,1.1,1.4,-13.0,13.6,1.103,25,3,0,0,3
58.4,12,isocontour,11.283791670955125,36924.54,77.7,-15.3,-14.2,0.982,2.2,-3.3,4.0,-13.0,13.6,1.103,25,3,0,0,3
58.4,13,isocontour,11.283791670955125,35662.04,75.05,20.9,-2.3,0.977,0.5,0.5,0.7,18.3,6.3,1.075,5,7,0,0,7
58.4,14,isocontour,11.283791670955125,35884.67,75.51,13.6,-15.8,0.988,1.2,2.9,3.1,18.3,6.3,1.075,5,4,0,0,4
58.4,15,isocontour,11.283791670955125,35093.1,73.85,2.1,20.7,0.988,-0.9,-0.9,1.3,-12.9,13.6,1.107,25,2,0,0,2
58.4,16,isocontour,11.283791670955125,46860.41,98.61,-23.9,21.7,0.531,0.6,0.7,0.9,-23.9,21.7,0.533,16,0,0,0,0
58.4,17,isocontour,11.283791670955125,35904.3,75.56,16.5,12.5,0.993,-2.8,0.4,2.8,-13.0,13.6,1.103,25,5,0,0,5
58.4,18,isocontour,11.283791670955125,40403.21,85.02,-5.9,19.8,0.995,-3.0,-0.4,3.0,-12.7,13.7,1.115,25,2,0,0,2
58.4,19,isocontour,11.283791670955125,36842.95,77.53,-20.7,1.3,0.994,-1.1,2.6,2.8,-12.9,13.6,1.107,25,4,0,0,4
58.4,20,isocontour,11.283791670955125,36915.54,77.68,7.5,-19.4,0.991,-1.5,0.7,1.7,18.3,6.3,1.075,5,2,0,0,2
58.4,21,isocontour,11.283791670955125,36323.32,76.44,-8.6,-18.7,0.999,0.6,-0.1,0.6,17.4,-8.5,1.074,6,2,0,0,2
58.4,22,isocontour,11.283791670955125,38662.7,81.36,-19.6,-6.8,0.994,-0.4,2.9,2.9,-13.0,13.6,1.103,25,3,0,0,3
58.4,23,isocontour,11.283791670955125,40522.48,85.27,-19.5,5.5,1.016,-0.1,-0.7,0.7,-12.7,13.7,1.115,25,3,0,0,3
58.4,24,isocontour,11.283791670955125,37236.13,78.36,-0.0,-20.7,0.991,1.0,-0.3,1.0,17.4,-8.5,1.074,6,2,0,0,2
58.4,25,isocontour,11.283791670955125,35908.18,75.56,-12.6,13.8,1.112,0.8,1.8,2.0,-12.6,13.8,1.115,25,3,0,0,3
58.4,Target,,,,,0.0,0.0,4.023,0.0,0.0,,,,,,,,,
58.5,1,isocontour,11.283791670955125,35753.14,75.24,20.1,6.4,0.973,0.9,2.1,2.3,-13.0,13.6,1.103,25,6,0,0,6
58.5,2,isocontour,11.283791670955125,34403.4,72.4,10.0,18.3,0.987,-2.1,2.3,3.1,-12.9,13.6,1.107,25,3,0,0,3
58.5,3,isocontour,11.283791670955125,36110.83,75.99,15.7,14.0,0.973,-0.5,0.1,0.5,-13.0,13.6,1.103,25,5,0,0,5
58.5,4,isocontour,11.283791670955125,38782.73,81.61,18.6,6.0,1.062,-0.6,2.7,2.8,-13.0,13.6,1.103,25,6,0,0,6
58.5,5,isocontour,11.283791670955125,37040.05,77.95,18.4,6.8,1.057,-0.4,2.7,2.7,-13.0,13.6,1.103,25,6,0,0,6
58.5,6,isocontour,11.283791670955125,38217.28,80.42,17.6,-8.4,1.062,1.3,0.3,1.3,18.3,6.3,1.075,5,5,0,0,5
58.5,7,isocontour,11.283791670955125,37199.19,78.28,-18.5,9.3,0.994,1.0,2.9,3.1,-12.7,13.7,1.115,25,3,0,0,3
58.5,8,isocontour,11.283791670955125,38806.12,81.66,18.0,-8.3,1.042,-1.5,-2.3,2.7,18.3,6.3,1.075,5,5,0,0,5
58.5,9,isocontour,11.283791670955125,36502.69,76.82,20.8,-1.6,0.986,-1.1,-0.6,1.3,18.3,6.3,1.075,5,7,0,0,7
58.5,10,isocontour,11.283791670955125,36639.22,77.1,18.3,-9.7,0.994,-2.2,-0.8,2.3,18.3,6.3,1.075,5,5,0,0,5
58.5,11,isocontour,11.283791670955125,37594.39,79.11,-18.4,-6.7,1.054,0.1,2.5,2.5,-12.9,13.6,1.107,25,3,0,0,3
58.5,12,isocontour,11.283791670955125,36907.04,77.67,-15.1,-14.4,0.983,1.8,-1.5,2.3,-13.0,13.6,1.103,25,3,0,0,3
58.5,13,isocontour,11.283791670955125,35648.54,75.02,20.7,-2.2,0.986,-2.0,0.9,2.2,18.3,6.3,1.075,5,7,0,0,7
58.5,14,isocontour,11.283791670955125,35883.47,75.51,13.5,-15.8,0.99,-0.9,-0.4,1.0,18.3,6.3,1.075,5,4,0,0,4
58.5,15,isocontour,11.283791670955125,35088.37,73.84,2.0,20.6,0.996,-0.7,-1.3,1.5,-12.7,13.7,1.115,25,2,0,0,2
58.5,16,isocontour,11.283791670955125,46859.31,98.61,-23.9,21.6,0.531,-0.6,-0.7,0.9,-23.9,21.6,0.533,16,0,0,0,0
58.5,17,isocontour,11.283791670955125,35889.48,75.53,16.7,12.4,0.989,2.1,-0.9,2.3,-13.0,13.6,1.103,25,5,0,0,5
58.5,18,isocontour,11.283791670955125,40400.28,85.02,-6.1,19.8,0.995,-1.2,-0.6,1.3,-12.7,13.7,1.115,25,2,0,0,2
58.5,19,isocontour,11.283791670955125,36790.65,77.42,-20.9,1.1,0.982,-2.4,-2.4,3.4,-12.7,13.7,1.115,25,4,0,0,4
58.5,20,isocontour,11.283791670955125,36912.98,77.68,7.5,-19.3,0.994,1.0,0.8,1.3,18.3,6.3,1.075,5,2,0,0,2
58.5,21,isocontour,11.283791670955125,36319.19,76.43,-8.7,-18.8,0.993,-1.3,-0.7,1.5,-13.0,13.6,1.103,25,2,0,0,2
58.5,22,isocontour,11.283791670955125,38644.54,81.32,-19.6,-6.9,0.989,-0.2,-2.4,2.4,-12.9,13.6,1.107,25,3,0,0,3
58.5,23,isocontour,11.283791670955125,40500.24,85.23,-19.6,5.7,1.007,-1.4,2.2,2.6,-12.7,13.7,1.115,25,3,0,0,3
58.5,24,isocontour,11.283791670955125,37203.35,78.29,-0.2,-20.9,0.982,-2.2,-2.0,3.0,18.3,6.3,1.075,5,2,0,0,2
58.5,25,isocontour,11.283791670955125,35893.94,75.53,-12.8,13.8,1.106,-2.1,-0.7,2.2,-12.8,13.8,1.115,25,3,0,0,3
58.5,Target,,,,,0.0,0.0,4.023,0.0,0.0,,,,,,,,,
58.6,1,isocontour,11.283791670955125,35747.0,75.23,19.9,6.5,0.979,-1.7,-0.3,1.7,-13.0,13.6,1.103,25,6,0,0,6
58.6,2,isocontour,11.283791670955125,34401.51,72.39,9.9,18.3,0.99,-1.1,-0.4,1.2,-12.7,13.7,1.115,25,3,0,0,3
58.6,3,isocontour,11.283791670955125,36080.0,75.93,15.6,13.8,0.986,-1.3,-2.6,2.9,-12.9,13.6,1.107,25,5,0,0,5
58.6,4,isocontour,11.283791670955125,38758.1,81.56,18.6,5.8,1.064,0.5,-2.6,2.6,-13.0,13.6,1.103,25,6,0,0,6
58.6,5,isocontour,11.283791670955125,37010.78,77.88,18.4,6.6,1.059,0.6,-2.8,2.9,-13.0,13.6,1.103,25,6,0,0,6
58.6,6,isocontour,11.283791670955125,38214.78,80.42,17.5,-8.5,1.063,-0.8,-0.9,1.2,18.3,6.3,1.075,5,5,0,0,5
58.6,7,isocontour,11.283791670955125,37184.75,78.25,-18.6,9.5,0.986,-0.8,2.1,2.2,-12.7,13.7,1.115,25,3,0,0,3
58.6,8,isocontour,11.283791670955125,38804.55,81.66,18.1,-8.4,1.037,1.0,-0.3,1.0,18.3,6.3,1.075,5,5,0,0,5
58.6,9,isocontour,11.283791670955125,36500.8,76.81,20.7,-1.7,0.991,-1.0,-0.6,1.2,-13.0,13.6,1.103,25,7,0,0,7
58.6,10,isocontour,11.283791670955125,36637.01,77.1,18.3,-9.6,0.997,0.3,1.2,1.2,18.3,6.3,1.075,5,5,0,0,5
58.6,11,isocontour,11.283791670955125,37592.12,79.11,-18.5,-6.7,1.05,-1.2,0.1,1.2,-12.7,13.7,1.115,25,3,0,0,3
58.6,12,isocontour,11.283791670955125,36884.8,77.62,-15.0,-14.3,0.995,1.7,2.0,2.6,-12.9,13.6,1.107,25,3,0,0,3
58.6,13,isocontour,11.283791670955125,35645.93,75.01,20.6,-2.3,0.993,-1.1,-0.6,1.3,-13.0,13.6,1.103,25,7,0,0,7
58.6,14,isocontour,11.283791670955125,35873.01,75.49,13.6,-15.8,0.982,1.7,-1.0,2.0,18.3,6.3,1.075,5,4,0,0,4
58.6,15,isocontour,11.283791670955125,35064.56,73.79,2.2,20.6,0.995,2.7,0.1,2.7,-12.7,13.7,1.115,25,2,0,0,2
58.6,16,isocontour,11.283791670955125,46858.21,98.61,-23.9,21.6,0.534,0.8,-0.5,0.9,-23.9,21.6,0.533,16,0,0,0,0
58.6,17,isocontour,11.283791670955125,35889.09,75.52,16.7,12.4,0.985,0.4,0.5,0.6,-12.9,13.6,1.107,25,5,0,0,5
58.6,18,isocontour,11.283791670955125,40260.02,84.72,-6.5,19.6,0.994,-4.6,-1.2,4.8,-12.7,13.7,1.115,25,2,0,0,2
58.6,19,isocontour,11.283791670955125,36776.6,77.39,-20.9,1.2,0.979,0.0,2.2,2.2,-12.7,13.7,1.115,25,4,0,0,4
58.6,20,isocontour,11.283791670955125,36910.78,77.67,7.6,-19.4,0.989,-0.0,-1.2,1.2,18.3,6.3,1.075,5,2,0,0,2
58.6,21,isocontour,11.283791670955125,36298.94,76.39,-8.5,-18.9,0.994,2.4,-0.8,2.5,-13.0,13.6,1.103,25,2,0,0,2
58.6,22,isocontour,11.283791670955125,38638.4,81.31,-19.5,-7.1,0.993,1.4,-1.0,1.7,-12.7,13.7,1.115,25,3,0,0,3
58.6,23,isocontour,11.283791670955125,40479.5,85.18,-19.7,5.5,1.007,-0.2,-2.5,2.5,-12.7,13.7,1.115,25,3,0,0,3
58.6,24,isocontour,11.283791670955125,37195.57,78.27,-0.3,-20.8,0.988,-0.7,1.7,1.8,-13.0,13.6,1.103,25,2,0,0,2
58.6,25,isocontour,11.283791670955125,35883.64,75.51,-12.8,13.6,1.111,-0.4,-2.0,2.0,-12.8,13.6,1.115,25,3,0,0,3
58.6,Target,,,,,0.0,0.0,4.023,0.0,0.0,,,,,,,,,
58.7,1,isocontour,11.283791670955125,35715.21,75.16,19.8,6.2,0.989,-1.1,-2.7,2.9,-12.9,13.6,1.107,25,6,0,0,6
58.7,2,isocontour,11.283791670955125,34399.13,72.39,9.8,18.3,0.991,-1.1,0.4,1.2,-12.7,13.7,1.115,25,3,0,0,3
58.7,3,isocontour,11.283791670955125,36074.59,75.91,15.4,13.8,0.994,-1.6,-0.3,1.6,-12.7,13.7,1.115,25,5,0,0,5
58.7,4,isocontour,11.283791670955125,38756.74,81.56,18.6,5.7,1.064,0.4,-0.9,1.0,-12.9,13.6,1.107,25,6,0,0,6
58.7,5,isocontour,11.283791670955125,36982.43,77.82,18.4,6.3,1.063,0.1,-2.8,2.8,-12.9,13.6,1.107,25,6,0,0,6
58.7,6,isocontour,11.283791670955125,38199.37,80.39,17.6,-8.3,1.066,0.6,2.2,2.3,-13.0,13.6,1.103,25,5,0,0,5
58.7,7,isocontour,11.283791670955125,37161.48,78.2,-18.8,9.5,0.974,-2.6,-0.3,2.6,-12.7,13.7,1.115,25,3,0,0,3
58.7,8,isocontour,11.283791670955125,38802.99,81.66,18.2,-8.3,1.035,0.7,0.8,1.1,-13.0,13.6,1.103,25,5,0,0,5
58.7,9,isocontour,11.283791670955125,36499.09,76.81,20.7,-1.6,0.991,0.3,1.0,1.0,-13.0,13.6,1.103,25,7,0,0,7
58.7,10,isocontour,11.283791670955125,36531.06,76.88,18.2,-9.9,0.991,-0.7,-4.3,4.4,-13.0,13.6,1.103,25,5,0,0,5
58.7,11,isocontour,11.283791670955125,37578.26,79.08,-18.4,-6.8,1.054,1.6,-1.5,2.2,-12.7,13.7,1.115,25,3,0,0,3
58.7,12,isocontour,11.283791670955125,36861.52,77.57,-15.1,-14.4,0.985,-1.9,-1.8,2.6,-12.7,13.7,1.115,25,3,0,0,3
58.7,13,isocontour,11.283791670955125,35615.1,74.95,20.6,-2.0,0.995,0.2,2.9,2.9,-13.0,13.6,1.103,25,7,0,0,7
58.7,14,isocontour,11.283791670955125,35872.25,75.49,13.7,-15.8,0.984,-0.2,0.8,0.8,18.3,6.3,1.075,5,4,0,0,4
58.7,15,isocontour,11.283791670955125,35062.81,73.79,2.2,20.6,0.993,-1.0,0.5,1.1,-12.7,13.7,1.115,25,2,0,0,2
58.7,16,isocontour,11.283791670955125,46857.11,98.61,-23.9,21.6,0.532,-0.8,0.4,0.9,-23.9,21.6,0.534,16,0,0,0,0
58.7,17,isocontour,11.283791670955125,35881.31,75.51,16.7,12.6,0.984,-1.0,1.5,1.8,-12.7,13.7,1.115,25,5,0,0,5
58.7,18,isocontour,11.283791670955125,40224.52,84.65,-6.8,19.6,0.991,-3.0,-0.3,3.0,-12.7,13.7,1.115,25,2,0,0,2
58.7,19,isocontour,11.283791670955125,36766.61,77.37,-20.8,1.3,0.988,1.9,0.5,2.0,-12.7,13.7,1.115,25,4,0,0,4
58.7,20,isocontour,11.283791670955125,36908.4,77.67,7.5,-19.5,0.983,-0.2,-1.2,1.2,-13.0,13.6,1.103,25,2,0,0,2
58.7,21,isocontour,11.283791670955125,36270.28,76.33,-8.4,-19.1,0.987,1.6,-2.3,2.8,-12.9,13.6,1.107,25,2,0,0,2
58.7,22,isocontour,11.283791670955125,38605.62,81.24,-19.5,-6.9,0.993,-1.2,2.7,3.0,-12.7,13.7,1.115,25,3,0,0,3
58.7,23,isocontour,11.283791670955125,40443.29,85.11,-19.6,5.7,1.007,0.7,3.0,3.1,-12.7,13.7,1.115,25,3,0,0,3
58.7,24,isocontour,11.283791670955125,37190.46,78.26,-0.4,-20.7,0.996,-0.8,1.4,1.6,-13.0,13.6,1.103,25,2,0,0,2
58.7,25,isocontour,11.283791670955125,35877.83,75.5,-13.0,13.5,1.109,-1.5,-0.6,1.6,-13.0,13.5,1.115,25,3,0,0,3
58.7,Target,,,,,0.0,0.0,4.023,0.0,0.0,,,,,,,,,
58.8,1,isocontour,11.283791670955125,35711.32,75.15,19.7,6.1,0.998,-1.2,-0.8,1.4,-12.7,13.7,1.115,25,6,0,0,6
58.8,2,isocontour,11.283791670955125,34395.49,72.38,9.8,18.4,0.985,0.2,1.4,1.4,-12.7,13.7,1.115,25,3,0,0,3
58.8,3,isocontour,11.283791670955125,36047.42,75.86,15.6,13.6,0.994,2.1,-1.8,2.8,-12.7,13.7,1.115,25,5,0,0,5
58.8,4,isocontour,11.283791670955125,38755.42,81.56,18.6,5.6,1.066,-0.1,-1.0,1.0,-12.7,13.7,1.115,25,6,0,0,6
58.8,5,isocontour,11.283791670955125,36970.0,77.8,18.5,6.1,1.061,1.2,-1.8,2.2,-12.7,13.7,1.115,25,6,0,0,6
58.8,6,isocontour,11.283791670955125,38184.36,80.35,17.7,-8.2,1.062,1.7,1.5,2.3,-13.0,13.6,1.103,25,5,0,0,5
58.8,7,isocontour,11.283791670955125,37154.9,78.19,-18.9,9.4,0.971,-1.0,-1.4,1.7,-12.7,13.7,1.115,25,3,0,0,3
58.8,8,isocontour,11.283791670955125,38774.63,81.6,18.2,-8.1,1.039,0.2,2.8,2.8,-13.0,13.6,1.103,25,5,0,0,5
58.8,9,isocontour,11.283791670955125,36414.67,76.63,20.9,-1.3,0.982,2.1,3.5,4.1,-12.9,13.6,1.107,25,7,0,0,7
58.8,10,isocontour,11.283791670955125,36503.0,76.82,18.1,-10.2,0.987,-0.8,-2.7,2.8,-13.0,13.6,1.103,25,5,0,0,5
58.8,11,isocontour,11.283791670955125,37572.02,79.07,-18.5,-6.8,1.048,-1.5,0.7,1.7,-12.7,13.7,1.115,25,3,0,0,3
58.8,12,isocontour,11.283791670955125,36764.03,77.37,-15.4,-14.2,0.982,-3.1,2.9,4.2,-12.7,13.7,1.115,25,3,0,0,3
58.8,13,isocontour,11.283791670955125,35603.53,74.92,20.7,-1.9,0.989,1.4,1.5,2.1,-12.9,13.6,1.107,25,7,0,0,7
58.8,14,isocontour,11.283791670955125,35851.76,75.45,13.8,-15.6,0.984,1.9,1.6,2.5,-13.0,13.6,1.103,25,4,0,0,4
58.8,15,isocontour,11.283791670955125,35023.69,73.7,2.0,20.8,0.983,-2.2,2.3,3.2,-12.7,13.7,1.115,25,2,0,0,2
58.8,16,isocontour,11.283791670955125,46856.01,98.6,-23.9,21.7,0.53,0.0,0.9,0.9,-23.9,21.7,0.534,16,0,0,0,0
58.8,17,isocontour,11.283791670955125,35868.54,75.48,16.5,12.5,0.994,-2.0,-0.9,2.2,-12.7,13.7,1.115,25,5,0,0,5
58.8,18,isocontour,11.283791670955125,40220.31,84.64,-7.0,19.5,0.992,-1.2,-0.8,1.4,-12.7,13.7,1.115,25,2,0,0,2
58.8,19,isocontour,11.283791670955125,36765.21,77.37,-20.7,1.3,0.993,0.8,-0.7,1.1,-12.7,13.7,1.115,25,4,0,0,4
58.8,20,isocontour,11.283791670955125,36873.25,77.6,7.3,-19.5,0.987,-3.0,-0.0,3.0,-13.0,13.6,1.103,25,2,0,0,2
58.8,21,isocontour,11.283791670955125,36228.11,76.24,-8.2,-19.3,0.977,1.6,-2.8,3.2,-12.7,13.7,1.115,25,2,0,0,2
58.8,22,isocontour,11.283791670955125,38595.33,81.22,-19.7,-7.0,0.985,-1.1,-1.6,1.9,-12.7,13.7,1.115,25,3,0,0,3
58.8,23,isocontour,11.283791670955125,40440.43,85.1,-19.6,5.9,1.009,0.7,1.1,1.3,-12.7,13.7,1.115,25,3,0,0,3
58.8,24,isocontour,11.283791670955125,37189.14,78.26,-0.4,-20.6,0.997,-1.0,0.1,1.0,-12.9,13.6,1.107,25,2,0,0,2
58.8,25,isocontour,11.283791670955125,35863.97,75.47,-13.2,13.4,1.105,-2.0,-1.0,2.2,-13.2,13.4,1.115,25,3,0,0,3
58.8,Target,,,,,0.0,0.0,4.023,0.0,0.0,,,,,,,,,
58.9,1,isocontour,11.283791670955125,35697.27,75.12,19.8,6.0,0.994,1.5,-1.6,2.2,-12.7,13.7,1.115,25,6,0,0,6
58.9,2,isocontour,11.283791670955125,34363.36,72.31,10.0,18.4,0.979,2.9,-0.3,2.9,-12.7,13.7,1.115,25,3,0,0,3
58.9,3,isocontour,11.283791670955125,36002.03,75.76,15.7,13.8,0.98,1.3,3.0,3.3,-12.7,13.7,1.115,25,5,0,0,5
58.9,4,isocontour,11.283791670955125,38753.27,81.55,18.7,5.6,1.06,1.0,0.6,1.2,-12.7,13.7,1.115,25,6,0,0,6
58.9,5,isocontour,11.283791670955125,36844.07,77.53,18.5,6.5,1.053,-0.0,4.6,4.6,-12.7,13.7,1.115,25,6,0,0,6
58.9,6,isocontour,11.283791670955125,38180.56,80.35,17.6,-8.1,1.068,-1.4,0.4,1.5,-12.9,13.6,1.107,25,5,0,0,5
58.9,7,isocontour,11.283791670955125,37152.35,78.18,-19.0,9.3,0.97,-0.7,-1.0,1.2,-12.7,13.7,1.115,25,3,0,0,3
58.9,8,isocontour,11.283791670955125,38758.19,81.56,18.3,-7.9,1.035,1.8,1.5,2.3,-12.9,13.6,1.107,25,5,0,0,5
58.9,9,isocontour,11.283791670955125,36405.55,76.61,21.0,-1.1,0.977,0.9,1.7,1.9,-12.7,13.7,1.115,25,7,0,0,7
58.9,10,isocontour,11.283791670955125,36501.44,76.81,18.2,-10.3,0.981,0.7,-0.8,1.1,-12.9,13.6,1.107,25,5,0,0,5
58.9,11,isocontour,11.283791670955125,37542.44,79.0,-18.6,-6.5,1.051,-0.3,2.8,2.8,-12.7,13.7,1.115,25,3,0,0,3
58.9,12,isocontour,11.283791670955125,36745.18,77.33,-15.6,-14.0,0.98,-1.8,1.6,2.4,-12.7,13.7,1.115,25,3,0,0,3
58.9,13,isocontour,11.283791670955125,35603.0,74.92,20.7,-1.9,0.987,0.1,-0.7,0.7,-12.7,13.7,1.115,25,7,0,0,7
58.9,14,isocontour,11.283791670955125,35815.9,75.37,13.8,-15.4,0.995,-0.3,3.0,3.0,-13.0,13.6,1.103,25,4,0,0,4
58.9,15,isocontour,11.283791670955125,34995.34,73.64,1.7,20.8,0.984,-2.8,-0.3,2.8,-12.7,13.7,1.115,25,2,0,0,2
58.9,16,isocontour,11.283791670955125,46854.91,98.6,-23.9,21.6,0.532,0.7,-0.6,0.9,-23.9,21.6,0.534,16,0,0,0,0
58.9,17,isocontour,11.283791670955125,35852.31,75.45,16.3,12.6,0.998,-1.8,1.4,2.3,-12.7,13.7,1.115,25,5,0,0,5
58.9,18,isocontour,11.283791670955125,40218.31,84.63,-7.1,19.5,0.991,-1.1,-0.2,1.1,-12.7,13.7,1.115,25,2,0,0,2
58.9,19,isocontour,11.283791670955125,36739.19,77.31,-20.7,1.0,0.993,-0.3,-2.7,2.7,-12.7,13.7,1.115,25,4,0,0,4
58.9,20,isocontour,11.283791670955125,36870.63,77.59,7.1,-19.5,0.991,-1.2,0.3,1.2,-12.9,13.6,1.107,25,2,0,0,2
58.9,21,isocontour,11.283791670955125,36209.27,76.2,-8.0,-19.3,0.983,2.3,0.9,2.5,-12.7,13.7,1.115,25,2,0,0,2
58.9,22,isocontour,11.283791670955125,38569.02,81.16,-19.9,-6.9,0.974,-2.5,1.0,2.7,-12.7,13.7,1.115,25,3,0,0,3
58.9,23,isocontour,11.283791670955125,40402.78,85.02,-19.5,6.1,1.009,0.9,3.0,3.1,-12.7,13.7,1.115,25,3,0,0,3
58.9,24,isocontour,11.283791670955125,37178.53,78.24,-0.4,-20.8,0.988,0.9,-1.8,2.0,-12.7,13.7,1.115,25,2,0,0,2
58.9,25,isocontour,11.283791670955125,35837.95,75.42,-13.3,13.2,1.107,-1.6,-2.2,2.7,-13.3,13.2,1.115,25,3,0,0,3
58.9,Target,,,,,0.0,0.0,4.023,0.0,0.0,,,,,,,,,
59.0,1,isocontour,11.283791670955125,35658.16,75.04,20.1,5.8,0.983,2.6,-1.7,3.1,-12.7,13.7,1.115,25,6,0,0,6
59.0,2,isocontour,11.283791670955125,34356.67,72.3,10.1,18.3,0.985,0.3,-1.7,1.7,-12.7,13.7,1.115,25,3,0,0,3
59.0,3,isocontour,11.283791670955125,35978.23,75.71,15.9,13.7,0.975,2.1,-1.6,2.6,-12.7,13.7,1.115,25,5,0,0,5
59.0,4,isocontour,11.283791670955125,38751.99,81.55,18.7,5.7,1.06,-0.5,0.8,0.9,-12.7,13.7,1.115,25,6,0,0,6
59.0,5,isocontour,11.283791670955125,36817.2,77.48,18.5,6.8,1.051,-0.7,2.7,2.8,-12.7,13.7,1.115,25,6,0,0,6
59.0,6,isocontour,11.283791670955125,38149.73,80.28,17.5,-8.3,1.071,-1.5,-2.5,2.9,-12.7,13.7,1.115,25,5,0,0,5
59.0,7,isocontour,11.283791670955125,37129.59,78.13,-19.0,9.0,0.976,0.2,-2.6,2.6,-12.7,13.7,1.115,25,3,0,0,3
59.0,8,isocontour,11.283791670955125,38745.6,81.54,18.2,-7.9,1.042,-2.0,-0.8,2.2,-12.7,13.7,1.115,25,5,0,0,5
59.0,9,isocontour,11.283791670955125,36380.65,76.56,20.9,-0.9,0.983,-1.4,2.3,2.7,-12.7,13.7,1.115,25,7,0,0,7
59.0,10,isocontour,11.283791670955125,36474.56,76.76,18.0,-10.5,0.988,-2.5,-1.2,2.8,-12.7,13.7,1.115,25,5,0,0,5
59.0,11,isocontour,11.283791670955125,37539.17,79.0,-18.6,-6.4,1.05,-0.7,1.2,1.4,-12.7,13.7,1.115,25,3,0,0,3
59.0,12,isocontour,11.283791670955125,36723.95,77.28,-15.4,-14.0,0.989,2.6,-0.0,2.6,-12.7,13.7,1.115,25,3,0,0,3
59.0,13,isocontour,11.283791670955125,35572.8,74.86,20.7,-1.7,0.991,-0.8,2.8,2.9,-12.7,13.7,1.115,25,7,0,0,7
59.0,14,isocontour,11.283791670955125,35812.48,75.36,13.9,-15.2,1.0,0.6,1.3,1.4,-12.9,13.6,1.107,25,4,0,0,4
59.0,15,isocontour,11.283791670955125,34992.9,73.64,1.6,20.8,0.986,-1.2,-0.3,1.2,-12.7,13.7,1.115,25,2,0,0,2
59.0,16,isocontour,11.283791670955125,46853.81,98.6,-23.9,21.6,0.532,-0.6,-0.7,0.9,-23.9,21.6,0.534,16,0,0,0,0
59.0,17,isocontour,11.283791670955125,35772.78,75.28,16.2,13.0,0.991,-1.0,3.9,4.0,-12.7,13.7,1.115,25,5,0,0,5
59.0,18,isocontour,11.283791670955125,40217.63,84.63,-7.0,19.5,0.994,0.7,-0.3,0.8,-12.7,13.7,1.115,25,2,0,0,2
59.0,19,isocontour,11.283791670955125,36722.76,77.28,-20.9,0.9,0.983,-2.2,-0.8,2.3,-12.7,13.7,1.115,25,4,0,0,4
59.0,20,isocontour,11.283791670955125,36845.74,77.54,6.9,-19.5,0.993,-2.6,-0.8,2.7,-12.7,13.7,1.115,25,2,0,0,2
59.0,21,isocontour,11.283791670955125,36207.87,76.2,-7.9,-19.3,0.987,1.0,0.1,1.0,-12.7,13.7,1.115,25,2,0,0,2
59.0,22,isocontour,11.283791670955125,38565.6,81.16,-19.9,-6.8,0.977,0.7,1.2,1.4,-12.7,13.7,1.115,25,3,0,0,3
59.0,23,isocontour,11.283791670955125,40342.41,84.9,-19.3,6.5,1.013,1.8,3.1,3.6,-12.7,13.7,1.115,25,3,0,0,3
59.0,24,isocontour,11.283791670955125,37172.72,78.23,-0.3,-20.9,0.981,0.9,-1.4,1.7,-12.7,13.7,1.115,25,2,0,0,2
59.0,25,isocontour,11.283791670955125,35811.93,75.36,-13.5,13.0,1.108,-1.8,-2.0,2.7,-13.5,13.0,1.115,25,3,0,0,3
59.0,Target,,,,,0.0,0.0,4.023,0.0,0.0,,,,,,,,,
59.1,1,isocontour,11.283791670955125,35656.26,75.03,20.0,5.8,0.987,-1.1,-0.0,1.1,-12.7,13.7,1.115,25,6,0,0,6
59.1,2,isocontour,11.283791670955125,34340.45,72.27,10.0,18.0,0.996,-0.7,-2.2,2.3,-12.7,13.7,1.115,25,3,0,0,3
59.1,3,isocontour,11.283791670955125,35956.75,75.67,16.0,13.5,0.98,0.6,-2.5,2.6,-12.7,13.7,1.115,25,5,0,0,5
59.1,4,isocontour,11.283791670955125,38747.07,81.54,18.8,5.6,1.054,1.4,-0.6,1.5,-12.7,13.7,1.115,25,6,0,0,6
59.1,5,isocontour,11.283791670955125,36789.14,77.42,18.5,6.6,1.055,0.1,-2.8,2.8,-12.7,13.7,1.115,25,6,0,0,6
59.1,6,isocontour,11.283791670955125,38147.52,80.28,17.4,-8.4,1.074,-1.0,-0.7,1.2,-12.7,13.7,1.115,25,5,0,0,5
59.1,7,isocontour,11.283791670955125,37109.82,78.09,-19.0,8.8,0.979,-0.7,-2.4,2.5,-12.7,13.7,1.115,25,3,0,0,3
59.1,8,isocontour,11.283791670955125,38739.25,81.52,18.0,-8.0,1.049,-1.6,-0.7,1.7,-12.7,13.7,1.115,25,5,0,0,5
59.1,9,isocontour,11.283791670955125,36377.66,76.55,20.8,-0.9,0.99,-1.1,-0.8,1.4,-12.7,13.7,1.115,25,7,0,0,7
59.1,10,isocontour,11.283791670955125,36449.39,76.7,17.8,-10.7,0.991,-1.7,-2.1,2.7,-12.7,13.7,1.115,25,5,0,0,5
59.1,11,isocontour,11.283791670955125,37536.03,78.99,-18.6,-6.4,1.054,1.2,-0.6,1.3,-12.7,13.7,1.115,25,3,0,0,3
59.1,12,isocontour,11.283791670955125,36719.66,77.27,-15.4,-13.8,0.995,0.0,1.5,1.5,-12.7,13.7,1.115,25,3,0,0,3
59.1,13,isocontour,11.283791670955125,35571.52,74.86,20.6,-1.7,0.993,-0.3,-0.9,0.9,-12.7,13.7,1.115,25,7,0,0,7
59.1,14,isocontour,11.283791670955125,35802.63,75.34,14.0,-15.3,0.991,1.6,-1.2,2.0,-12.7,13.7,1.115,25,4,0,0,4
59.1,15,isocontour,11.283791670955125,34990.47,73.63,1.4,20.7,0.989,-1.2,-0.3,1.2,-12.7,13.7,1.115,25,2,0,0,2
59.1,16,isocontour,11.283791670955125,46852.71,98.6,-23.8,21.5,0.535,0.7,-0.6,0.9,-23.8,21.5,0.534,16,0,0,0,0
59.1,17,isocontour,11.283791670955125,35770.93,75.28,16.2,13.1,0.985,0.4,1.1,1.2,-12.7,13.7,1.115,25,5,0,0,5
59.1,18,isocontour,11.283791670955125,40217.04,84.63,-7.0,19.4,0.996,0.7,-0.2,0.7,-12.7,13.7,1.115,25,2,0,0,2
59.1,19,isocontour,11.283791670955125,36721.01,77.27,-21.0,1.0,0.978,-0.8,0.8,1.1,-12.7,13.7,1.115,25,4,0,0,4
59.1,20,isocontour,11.283791670955125,36786.84,77.41,6.8,-19.8,0.979,-0.9,-3.5,3.6,-12.7,13.7,1.115,25,2,0,0,2
59.1,21,isocontour,11.283791670955125,36204.22,76.19,-7.9,-19.2,0.991,-0.7,1.2,1.4,-12.7,13.7,1.115,25,2,0,0,2
59.1,22,isocontour,11.283791670955125,38554.68,81.13,-19.7,-6.9,0.982,1.4,-1.5,2.1,-12.7,13.7,1.115,25,3,0,0,3
59.1,23,isocontour,11.283791670955125,40340.8,84.89,-19.3,6.6,1.012,0.1,1.1,1.1,-12.7,13.7,1.115,25,3,0,0,3
59.1,24,isocontour,11.283791670955125,37168.75,78.22,-0.2,-20.8,0.986,0.6,1.3,1.4,-12.7,13.7,1.115,25,2,0,0,2
59.1,25,isocontour,11.283791670955125,35802.67,75.34,-13.4,13.0,1.113,1.9,0.6,2.0,-13.4,13.0,1.115,25,3,0,0,3
59.1,Target,,,,,0.0,0.0,4.023,0.0,0.0,,,,,,,,,
59.2,1,isocontour,11.283791670955125,35655.42,75.03,20.0,5.7,0.989,-0.1,-0.8,0.8,-12.7,13.7,1.115,25,6,0,0,6
59.2,2,isocontour,11.283791670955125,34338.5,72.26,9.9,18.0,1.002,-1.1,-0.3,1.1,-12.7,13.7,1.115,25,3,0,0,3
59.2,3,isocontour,11.283791670955125,35888.05,75.52,15.7,13.6,0.989,-3.5,1.4,3.8,-12.7,13.7,1.115,25,5,0,0,5
59.2,4,isocontour,11.283791670955125,38742.05,81.53,18.8,5.5,1.058,-0.6,-1.4,1.5,-12.7,13.7,1.115,25,6,0,0,6
59.2,5,isocontour,11.283791670955125,36788.04,77.42,18.5,6.5,1.054,0.6,-0.8,1.0,-12.7,13.7,1.115,25,6,0,0,6
59.2,6,isocontour,11.283791670955125,38123.17,80.23,17.4,-8.2,1.076,0.8,2.5,2.6,-12.7,13.7,1.115,25,5,0,0,5
59.2,7,isocontour,11.283791670955125,37107.61,78.09,-19.0,8.7,0.984,0.9,-0.8,1.2,-12.7,13.7,1.115,25,3,0,0,3
59.2,8,isocontour,11.283791670955125,38733.94,81.51,18.1,-7.9,1.048,1.1,1.2,1.6,-12.7,13.7,1.115,25,5,0,0,5
59.2,9,isocontour,11.283791670955125,36347.46,76.49,20.6,-1.1,0.995,-1.0,-2.7,2.9,-12.7,13.7,1.115,25,7,0,0,7
59.2,10,isocontour,11.283791670955125,36428.89,76.66,17.8,-10.9,0.985,-0.0,-2.5,2.5,-12.7,13.7,1.115,25,5,0,0,5
59.2,11,isocontour,11.283791670955125,37535.15,78.99,-18.5,-6.5,1.057,0.6,-0.6,0.8,-12.7,13.7,1.115,25,3,0,0,3
59.2,12,isocontour,11.283791670955125,36715.01,77.26,-15.5,-13.8,0.992,-1.5,0.4,1.6,-12.7,13.7,1.115,25,3,0,0,3
59.2,13,isocontour,11.283791670955125,35568.17,74.85,20.7,-1.6,0.989,1.0,0.9,1.3,-12.7,13.7,1.115,25,7,0,0,7
59.2,14,isocontour,11.283791670955125,35679.93,75.08,13.8,-15.6,0.987,-3.0,-3.5,4.6,-12.7,13.7,1.115,25,4,0,0,4
59.2,15,isocontour,11.283791670955125,34979.86,73.61,1.5,20.6,0.997,0.9,-1.8,2.0,-12.7,13.7,1.115,25,2,0,0,2
59.2,16,isocontour,11.283791670955125,46851.61,98.59,-23.9,21.6,0.533,-0.5,0.8,0.9,-23.9,21.6,0.535,16,0,0,0,0
59.2,17,isocontour,11.283791670955125,35749.2,75.23,16.1,13.3,0.98,-0.8,2.4,2.5,-12.7,13.7,1.115,25,5,0,0,5
59.2,18,isocontour,11.283791670955125,40215.8,84.63,-7.0,19.5,0.993,-0.9,0.5,1.0,-12.7,13.7,1.115,25,2,0,0,2
59.2,19,isocontour,11.283791670955125,36705.8,77.24,-20.9,1.2,0.982,1.1,2.0,2.3,-12.7,13.7,1.115,25,4,0,0,4
59.2,20,isocontour,11.283791670955125,36754.72,77.35,7.0,-19.8,0.977,2.7,1.1,2.9,-12.7,13.7,1.115,25,2,0,0,2
59.2,21,isocontour,11.283791670955125,36203.25,76.19,-7.9,-19.2,0.989,0.5,-0.8,0.9,-12.7,13.7,1.115,25,2,0,0,2
59.2,22,isocontour,11.283791670955125,38528.66,81.08,-19.6,-7.1,0.988,1.9,-1.9,2.7,-12.7,13.7,1.115,25,3,0,0,3
59.2,23,isocontour,11.283791670955125,40320.06,84.85,-19.3,6.4,1.013,-0.6,-2.5,2.6,-12.7,13.7,1.115,25,3,0,0,3
59.2,24,isocontour,11.283791670955125,37133.94,78.14,-0.5,-20.8,0.989,-2.9,0.6,3.0,-12.7,13.7,1.115,25,2,0,0,2
59.2,25,isocontour,11.283791670955125,35771.2,75.28,-13.2,13.2,1.113,1.9,2.2,2.9,-13.2,13.2,1.115,25,3,0,0,3
59.2,Target,,,,,0.0,0.0,4.023,0.0,0.0,,,,,,,,,
59.3,1,isocontour,11.283791670955125,35647.76,75.02,20.0,5.5,0.988,0.8,-1.6,1.8,-12.7,13.7,1.115,25,6,0,0,6
59.3,2,isocontour,11.283791670955125,34333.58,72.25,9.9,18.1,0.996,0.5,1.5,1.6,-12.7,13.7,1.115,25,3,0,0,3
59.3,3,isocontour,11.283791670955125,35856.58,75.46,15.5,13.7,0.995,-2.6,1.4,3.0,-12.7,13.7,1.115,25,5,0,0,5
59.3,4,isocontour,11.283791670955125,38740.84,81.53,18.8,5.4,1.059,0.3,-0.9,0.9,-12.7,13.7,1.115,25,6,0,0,6
59.3,5,isocontour,11.283791670955125,36758.77,77.35,18.6,6.3,1.056,0.5,-2.8,2.8,-12.7,13.7,1.115,25,6,0,0,6
59.3,6,isocontour,11.283791670955125,38122.23,80.22,17.5,-8.1,1.077,0.4,0.8,0.9,-12.7,13.7,1.115,25,5,0,0,5
59.3,7,isocontour,11.283791670955125,37106.58,78.09,-18.9,8.6,0.989,0.6,-0.7,0.9,-12.7,13.7,1.115,25,3,0,0,3
59.3,8,isocontour,11.283791670955125,38704.67,81.45,18.2,-7.7,1.05,0.6,2.8,2.9,-12.7,13.7,1.115,25,5,0,0,5
59.3,9,isocontour,11.283791670955125,36346.02,76.49,20.6,-1.1,0.998,-0.5,0.9,1.0,-12.7,13.7,1.115,25,7,0,0,7
59.3,10,isocontour,11.283791670955125,36425.09,76.65,17.9,-10.9,0.978,1.4,0.0,1.4,-12.7,13.7,1.115,25,5,0,0,5
59.3,11,isocontour,11.283791670955125,37513.42,78.94,-18.4,-6.7,1.055,0.4,-2.5,2.5,-12.7,13.7,1.115,25,3,0,0,3
59.3,12,isocontour,11.283791670955125,36714.51,77.26,-15.5,-13.8,0.99,0.2,-0.7,0.7,-12.7,13.7,1.115,25,3,0,0,3
59.3,13,isocontour,11.283791670955125,35566.42,74.85,20.7,-1.5,0.989,-0.0,1.1,1.1,-12.7,13.7,1.115,25,7,0,0,7
59.3,14,isocontour,11.283791670955125,35677.99,75.08,13.8,-15.7,0.982,1.1,-0.0,1.1,-12.7,13.7,1.115,25,4,0,0,4
59.3,15,isocontour,11.283791670955125,34968.62,73.59,1.6,20.7,0.99,0.9,1.8,2.0,-12.7,13.7,1.115,25,2,0,0,2
59.3,16,isocontour,11.283791670955125,46850.51,98.59,-24.0,21.6,0.53,-0.7,0.6,0.9,-24.0,21.6,0.535,16,0,0,0,0
59.3,17,isocontour,11.283791670955125,35748.78,75.23,16.2,13.4,0.976,0.6,0.3,0.7,-12.7,13.7,1.115,25,5,0,0,5
59.3,18,isocontour,11.283791670955125,40179.23,84.55,-7.3,19.4,0.99,-3.0,-0.6,3.1,-12.7,13.7,1.115,25,2,0,0,2
59.3,19,isocontour,11.283791670955125,36687.63,77.2,-20.7,1.1,0.994,2.4,-0.6,2.5,-12.7,13.7,1.115,25,4,0,0,4
59.3,20,isocontour,11.283791670955125,36732.99,77.3,6.9,-19.7,0.986,-2.1,1.4,2.5,-12.7,13.7,1.115,25,2,0,0,2
59.3,21,isocontour,11.283791670955125,36078.94,75.92,-8.2,-19.1,0.987,-4.4,1.4,4.6,-12.7,13.7,1.115,25,2,0,0,2
59.3,22,isocontour,11.283791670955125,38519.68,81.06,-19.4,-7.2,0.996,1.8,-0.7,1.9,-12.7,13.7,1.115,25,3,0,0,3
59.3,23,isocontour,11.283791670955125,40302.77,84.81,-19.5,6.2,1.009,-1.5,-1.9,2.4,-12.7,13.7,1.115,25,3,0,0,3
59.3,24,isocontour,11.283791670955125,37132.58,78.14,-0.6,-20.8,0.99,-1.0,0.1,1.0,-12.7,13.7,1.115,25,2,0,0,2
59.3,25,isocontour,11.283791670955125,35740.05,75.21,-13.0,13.5,1.11,1.7,2.3,2.9,-13.0,13.5,1.115,25,3,0,0,3
59.3,Target,,,,,0.0,0.0,4.023,0.0,0.0,,,,,,,,,
59.4,1,isocontour,11.283791670955125,35619.41,74.96,20.0,5.3,0.995,-0.7,-2.7,2.8,-12.7,13.7,1.115,25,6,0,0,6
59.4,2,isocontour,11.283791670955125,34206.84,71.98,9.7,18.4,0.988,-3.2,3.3,4.6,-12.7,13.7,1.115,25,3,0,0,3
59.4,3,isocontour,11.283791670955125,35842.9,75.43,15.5,13.6,1.0,0.8,-2.0,2.2,-12.7,13.7,1.115,25,5,0,0,5
59.4,4,isocontour,11.283791670955125,38739.6,81.52,18.8,5.3,1.061,-0.0,-1.0,1.0,-12.7,13.7,1.115,25,6,0,0,6
59.4,5,isocontour,11.283791670955125,36756.98,77.35,18.6,6.1,1.055,0.5,-1.0,1.1,-12.7,13.7,1.115,25,6,0,0,6
59.4,6,isocontour,11.283791670955125,38120.44,80.22,17.6,-8.0,1.075,0.7,0.8,1.1,-12.7,13.7,1.115,25,5,0,0,5
59.4,7,isocontour,11.283791670955125,37102.28,78.08,-19.0,8.5,0.988,-1.0,-1.1,1.5,-12.7,13.7,1.115,25,3,0,0,3
59.4,8,isocontour,11.283791670955125,38702.73,81.45,18.2,-7.5,1.054,-0.2,1.1,1.1,-12.7,13.7,1.115,25,5,0,0,5
59.4,9,isocontour,11.283791670955125,36343.58,76.48,20.7,-1.1,0.993,1.2,0.0,1.2,-12.7,13.7,1.115,25,7,0,0,7
59.4,10,isocontour,11.283791670955125,36422.77,76.65,17.9,-10.8,0.981,-0.1,1.2,1.2,-12.7,13.7,1.115,25,5,0,0,5
59.4,11,isocontour,11.283791670955125,37505.89,78.93,-18.6,-6.7,1.049,-1.5,0.9,1.7,-12.7,13.7,1.115,25,3,0,0,3
59.4,12,isocontour,11.283791670955125,36714.06,77.26,-15.4,-13.9,0.99,0.6,-0.4,0.7,-12.7,13.7,1.115,25,3,0,0,3
59.4,13,isocontour,11.283791670955125,35560.5,74.83,20.6,-1.6,0.993,-1.0,-1.3,1.6,-12.7,13.7,1.115,25,7,0,0,7
59.4,14,isocontour,11.283791670955125,35660.48,75.04,13.7,-15.6,0.992,-2.2,1.0,2.4,-12.7,13.7,1.115,25,4,0,0,4
59.4,15,isocontour,11.283791670955125,34963.41,73.58,1.7,20.6,0.995,0.6,-1.5,1.6,-12.7,13.7,1.115,25,2,0,0,2
59.4,16,isocontour,11.283791670955125,46849.41,98.59,-24.0,21.5,0.531,0.0,-0.9,0.9,-24.0,21.5,0.535,16,0,0,0,0
59.4,17,isocontour,11.283791670955125,35734.35,75.2,16.0,13.5,0.979,-1.8,1.3,2.2,-12.7,13.7,1.115,25,5,0,0,5
59.4,18,isocontour,11.283791670955125,40159.22,84.51,-7.2,19.6,0.986,2.0,1.5,2.5,-12.7,13.7,1.115,25,2,0,0,2
59.4,19,isocontour,11.283791670955125,36662.46,77.15,-20.8,1.3,0.986,-1.9,1.9,2.7,-12.7,13.7,1.115,25,4,0,0,4
59.4,20,isocontour,11.283791670955125,36698.53,77.23,6.6,-19.7,0.992,-3.0,-0.2,3.0,-12.7,13.7,1.115,25,2,0,0,2
59.4,21,isocontour,11.283791670955125,36076.07,75.92,-8.3,-19.0,0.993,0.4,1.2,1.3,-12.7,13.7,1.115,25,2,0,0,2
59.4,22,isocontour,11.283791670955125,38518.71,81.06,-19.3,-7.2,0.998,0.6,-0.7,0.9,-12.7,13.7,1.115,25,3,0,0,3
59.4,23,isocontour,11.283791670955125,40274.12,84.75,-19.5,6.4,1.005,0.1,2.8,2.8,-12.7,13.7,1.115,25,3,0,0,3
59.4,24,isocontour,11.283791670955125,37131.23,78.14,-0.7,-20.7,0.991,-1.0,0.2,1.0,-12.7,13.7,1.115,25,2,0,0,2
59.4,25,isocontour,11.283791670955125,35736.0,75.2,-13.0,13.4,1.114,-0.4,-1.4,1.5,-13.0,13.4,1.115,25,3,0,0,3
59.4,Target,,,,,0.0,0.0,4.023,0.0,0.0,,,,,,,,,
59.5,1,isocontour,11.283791670955125,35618.31,74.95,20.0,5.3,0.992,0.6,0.7,0.9,-12.7,13.7,1.115,25,6,0,0,6
59.5,2,isocontour,11.283791670955125,34206.45,71.98,9.6,18.5,0.987,-0.6,0.3,0.7,-12.7,13.7,1.115,25,3,0,0,3
59.5,3,isocontour,11.283791670955125,35841.29,75.42,15.6,13.6,0.995,1.0,0.4,1.1,-12.7,13.7,1.115,25,5,0,0,5
59.5,4,isocontour,11.283791670955125,38710.64,81.46,18.7,5.5,1.062,-1.0,2.6,2.8,-12.7,13.7,1.115,25,6,0,0,6
59.5,5,isocontour,11.283791670955125,36750.62,77.34,18.5,6.2,1.061,-1.4,0.9,1.7,-12.7,13.7,1.115,25,6,0,0,6
59.5,6,isocontour,11.283791670955125,38104.21,80.19,17.7,-7.9,1.071,1.6,1.7,2.3,-12.7,13.7,1.115,25,5,0,0,5
59.5,7,isocontour,11.283791670955125,37101.69,78.08,-19.0,8.4,0.989,0.1,-0.8,0.8,-12.7,13.7,1.115,25,3,0,0,3
59.5,8,isocontour,11.283791670955125,38701.2,81.44,18.2,-7.4,1.054,0.4,1.0,1.1,-12.7,13.7,1.115,25,5,0,0,5
59.5,9,isocontour,11.283791670955125,36333.13,76.46,20.9,-1.1,0.982,2.0,-0.2,2.0,-12.7,13.7,1.115,25,7,0,0,7
59.5,10,isocontour,11.283791670955125,36419.35,76.64,18.0,-10.7,0.982,0.5,1.3,1.4,-12.7,13.7,1.115,25,5,0,0,5
59.5,11,isocontour,11.283791670955125,37497.05,78.91,-18.6,-6.8,1.045,0.0,-1.9,1.9,-12.7,13.7,1.115,25,3,0,0,3
59.5,12,isocontour,11.283791670955125,36702.66,77.24,-15.6,-14.0,0.981,-1.5,-1.4,2.1,-12.7,13.7,1.115,25,3,0,0,3
59.5,13,isocontour,11.283791670955125,35529.03,74.77,20.6,-1.9,0.992,0.1,-2.9,2.9,-12.7,13.7,1.115,25,7,0,0,7
59.5,14,isocontour,11.283791670955125,35651.5,75.02,13.7,-15.4,0.998,0.8,1.7,1.9,-12.7,13.7,1.115,25,4,0,0,4
59.5,15,isocontour,11.283791670955125,34962.72,73.57,1.7,20.6,0.995,0.8,0.1,0.8,-12.7,13.7,1.115,25,2,0,0,2
59.5,16,isocontour,11.283791670955125,46848.31,98.59,-24.0,21.6,0.53,-0.6,0.7,0.9,-24.0,21.6,0.535,16,0,0,0,0
59.5,17,isocontour,11.283791670955125,35733.76,75.2,16.1,13.6,0.976,0.7,0.3,0.8,-12.7,13.7,1.115,25,5,0,0,5
59.5,18,isocontour,11.283791670955125,40152.87,84.5,-7.0,19.5,0.992,1.4,-0.9,1.7,-12.7,13.7,1.115,25,2,0,0,2
59.5,19,isocontour,11.283791670955125,36660.36,77.15,-20.9,1.3,0.981,-0.9,-0.8,1.2,-12.7,13.7,1.115,25,4,0,0,4
59.5,20,isocontour,11.283791670955125,36695.25,77.22,6.6,-19.8,0.986,0.8,-1.1,1.4,-12.7,13.7,1.115,25,2,0,0,2
59.5,21,isocontour,11.283791670955125,36070.05,75.9,-8.4,-18.9,0.997,-1.2,1.2,1.7,-12.7,13.7,1.115,25,2,0,0,2
59.5,22,isocontour,11.283791670955125,38517.39,81.06,-19.4,-7.2,0.997,-0.7,0.8,1.1,-12.7,13.7,1.115,25,3,0,0,3
59.5,23,isocontour,11.283791670955125,40263.82,84.73,-19.3,6.6,1.008,1.4,1.4,2.0,-12.7,13.7,1.115,25,3,0,0,3
59.5,24,isocontour,11.283791670955125,37065.73,78.0,-0.8,-21.0,0.974,-1.0,-3.6,3.7,-12.7,13.7,1.115,25,2,0,0,2
59.5,25,isocontour,11.283791670955125,35711.92,75.15,-13.2,13.2,1.117,-1.6,-2.2,2.7,-13.2,13.2,1.115,25,3,0,0,3
59.5,Target,,,,,0.0,0.0,4.023,0.0,0.0,,,,,,,,,
59.6,1,isocontour,11.283791670955125,35609.6,74.94,20.2,5.4,0.982,1.8,0.6,1.9,-12.7,13.7,1.115,25,6,0,0,6
59.6,2,isocontour,11.283791670955125,34174.97,71.92,9.4,18.3,1.0,-2.0,-2.1,2.9,-12.7,13.7,1.115,25,3,0,0,3
59.6,3,isocontour,11.283791670955125,35840.29,75.42,15.6,13.7,0.994,-0.4,0.8,0.9,-12.7,13.7,1.115,25,5,0,0,5
59.6,4,isocontour,11.283791670955125,38709.47,81.46,18.7,5.6,1.063,-0.4,0.9,1.0,-12.7,13.7,1.115,25,6,0,0,6
59.6,5,isocontour,11.283791670955125,36748.63,77.33,18.4,6.3,1.065,-0.9,0.7,1.1,-12.7,13.7,1.115,25,6,0,0,6
59.6,6,isocontour,11.283791670955125,38077.33,80.13,17.6,-8.1,1.069,-1.0,-2.6,2.8,-12.7,13.7,1.115,25,5,0,0,5
59.6,7,isocontour,11.283791670955125,37100.82,78.07,-19.0,8.3,0.993,0.4,-0.8,0.9,-13.2,13.2,1.117,25,3,0,0,3
59.6,8,isocontour,11.283791670955125,38699.26,81.44,18.1,-7.5,1.057,-0.9,-0.7,1.1,-12.7,13.7,1.115,25,5,0,0,5
59.6,9,isocontour,11.283791670955125,36327.62,76.45,21.0,-1.0,0.977,0.8,1.4,1.6,-12.7,13.7,1.115,25,7,0,0,7
59.6,10,isocontour,11.283791670955125,36416.8,76.63,17.9,-10.7,0.987,-1.2,-0.0,1.2,-12.7,13.7,1.115,25,5,0,0,5
59.6,11,isocontour,11.283791670955125,37493.84,78.9,-18.7,-6.8,1.039,-1.3,0.4,1.4,-12.7,13.7,1.115,25,3,0,0,3
59.6,12,isocontour,11.283791670955125,36690.91,77.21,-15.4,-14.1,0.982,1.8,-1.1,2.1,-12.7,13.7,1.115,25,3,0,0,3
59.6,13,isocontour,11.283791670955125,35500.37,74.71,20.7,-2.2,0.988,0.5,-2.8,2.8,-12.7,13.7,1.115,25,7,0,0,7
59.6,14,isocontour,11.283791670955125,35639.42,75.0,13.9,-15.5,0.989,2.0,-0.8,2.2,-12.7,13.7,1.115,25,4,0,0,4
59.6,15,isocontour,11.283791670955125,34960.83,73.57,1.8,20.7,0.991,0.8,0.8,1.1,-12.7,13.7,1.115,25,2,0,0,2
59.6,16,isocontour,11.283791670955125,46847.21,98.58,-24.1,21.6,0.529,-0.7,-0.6,0.9,-24.1,21.6,0.535,16,0,0,0,0
59.6,17,isocontour,11.283791670955125,35726.72,75.18,16.2,13.5,0.975,1.1,-1.3,1.7,-12.7,13.7,1.115,25,5,0,0,5
59.6,18,isocontour,11.283791670955125,40117.71,84.42,-7.3,19.5,0.99,-3.0,-0.3,3.0,-13.2,13.2,1.117,25,2,0,0,2
59.6,19,isocontour,11.283791670955125,36634.63,77.09,-20.8,1.0,0.985,1.0,-2.5,2.7,-12.7,13.7,1.115,25,4,0,0,4
59.6,20,isocontour,11.283791670955125,36662.47,77.15,6.9,-19.8,0.981,3.0,0.1,3.0,-12.7,13.7,1.115,25,2,0,0,2
59.6,21,isocontour,11.283791670955125,36040.47,75.84,-8.6,-18.8,0.997,-2.6,1.2,2.9,-12.7,13.7,1.115,25,2,0,0,2
59.6,22,isocontour,11.283791670955125,38512.92,81.05,-19.5,-7.1,0.991,-1.5,0.4,1.6,-12.7,13.7,1.115,25,3,0,0,3
59.6,23,isocontour,11.283791670955125,40241.32,84.68,-19.3,6.8,1.006,0.2,2.6,2.6,-13.2,13.2,1.117,25,3,0,0,3
59.6,24,isocontour,11.283791670955125,37061.6,77.99,-0.9,-21.2,0.966,-1.1,-1.0,1.5,-12.7,13.7,1.115,25,2,0,0,2
59.6,25,isocontour,11.283791670955125,35695.49,75.12,-13.4,13.1,1.112,-2.2,-0.8,2.3,-13.4,13.1,1.117,25,3,0,0,3
59.6,Target,,,,,0.0,0.0,4.023,0.0,0.0,,,,,,,,,
59.7,1,isocontour,11.283791670955125,35536.47,74.78,20.2,5.7,0.977,-0.2,3.9,3.9,-12.7,13.7,1.115,25,6,0,0,6
59.7,2,isocontour,11.283791670955125,34151.96,71.87,9.5,18.5,0.99,1.6,2.1,2.6,-12.7,13.7,1.115,25,3,0,0,3
59.7,3,isocontour,11.283791670955125,35817.79,75.37,15.7,13.6,0.988,2.3,-1.1,2.5,-12.7,13.7,1.115,25,5,0,0,5
59.7,4,isocontour,11.283791670955125,38675.0,81.39,18.6,5.9,1.064,-1.0,2.8,3.0,-12.7,13.7,1.115,25,6,0,0,6
59.7,5,isocontour,11.283791670955125,36714.84,77.26,18.3,6.5,1.065,-0.9,2.8,2.9,-12.7,13.7,1.115,25,6,0,0,6
59.7,6,isocontour,11.283791670955125,38065.43,80.1,17.7,-8.3,1.061,0.7,-2.0,2.1,-12.7,13.7,1.115,25,5,0,0,5
59.7,7,isocontour,11.283791670955125,37064.26,78.0,-18.9,8.6,0.991,0.8,3.0,3.1,-13.2,13.2,1.117,25,3,0,0,3
59.7,8,isocontour,11.283791670955125,38669.68,81.38,18.0,-7.7,1.056,-0.8,-2.7,2.8,-12.7,13.7,1.115,25,5,0,0,5
59.7,9,isocontour,11.283791670955125,36301.32,76.39,20.9,-1.2,0.983,-1.5,-2.3,2.7,-12.7,13.7,1.115,25,7,0,0,7
59.7,10,isocontour,11.283791670955125,36402.75,76.61,17.9,-10.5,0.993,0.2,2.2,2.2,-12.7,13.7,1.115,25,5,0,0,5
59.7,11,isocontour,11.283791670955125,37490.78,78.89,-18.8,-6.7,1.035,-1.0,0.9,1.3,-12.7,13.7,1.115,25,3,0,0,3
59.7,12,isocontour,11.283791670955125,36684.45,77.2,-15.3,-14.2,0.983,1.3,-1.1,1.7,-12.7,13.7,1.115,25,3,0,0,3
59.7,13,isocontour,11.283791670955125,35497.44,74.7,20.6,-2.2,0.993,-1.3,-0.1,1.3,-12.7,13.7,1.115,25,7,0,0,7
59.7,14,isocontour,11.283791670955125,35638.69,75.0,13.8,-15.4,0.991,-0.7,0.3,0.8,-12.7,13.7,1.115,25,4,0,0,4
59.7,15,isocontour,11.283791670955125,34928.71,73.5,1.6,20.8,0.987,-2.7,1.0,2.9,-13.2,13.2,1.117,25,2,0,0,2
59.7,16,isocontour,11.283791670955125,46846.11,98.58,-24.1,21.6,0.528,0.3,0.9,0.9,-24.1,21.6,0.535,16,0,0,0,0
59.7,17,isocontour,11.283791670955125,35718.93,75.17,16.1,13.6,0.974,-0.9,1.6,1.8,-12.7,13.7,1.115,25,5,0,0,5
59.7,18,isocontour,11.283791670955125,40100.43,84.39,-7.1,19.5,0.99,2.3,0.7,2.4,-13.2,13.2,1.117,25,2,0,0,2
59.7,19,isocontour,11.283791670955125,36631.35,77.09,-20.7,1.0,0.992,1.2,0.6,1.3,-13.2,13.2,1.117,25,4,0,0,4
59.7,20,isocontour,11.283791670955125,36631.95,77.09,7.1,-19.7,0.983,2.5,1.4,2.9,-12.7,13.7,1.115,25,2,0,0,2
59.7,21,isocontour,11.283791670955125,36014.74,75.79,-8.8,-18.9,0.985,-1.6,-2.2,2.7,-12.7,13.7,1.115,25,2,0,0,2
59.7,22,isocontour,11.283791670955125,38506.12,81.03,-19.6,-7.2,0.983,-1.1,-1.3,1.7,-12.7,13.7,1.115,25,3,0,0,3
59.7,23,isocontour,11.283791670955125,40240.22,84.68,-19.3,6.8,1.009,0.5,-0.8,0.9,-13.2,13.2,1.117,25,3,0,0,3
59.7,24,isocontour,11.283791670955125,37059.17,77.99,-1.0,-21.1,0.969,-1.0,0.8,1.3,-12.7,13.7,1.115,25,2,0,0,2
59.7,25,isocontour,11.283791670955125,35670.59,75.06,-13.6,12.9,1.109,-2.2,-1.5,2.7,-13.6,12.9,1.117,25,3,0,0,3
59.7,Target,,,,,0.0,0.0,4.023,0.0,0.0,,,,,,,,,
59.8,1,isocontour,11.283791670955125,35508.71,74.72,20.1,5.5,0.984,-0.9,-2.6,2.8,-12.7,13.7,1.115,25,6,0,0,6
59.8,2,isocontour,11.283791670955125,34132.89,71.83,9.4,18.6,0.987,-2.2,1.2,2.5,-13.2,13.2,1.117,25,3,0,0,3
59.8,3,isocontour,11.283791670955125,35699.82,75.13,15.5,13.8,0.989,-3.3,3.1,4.5,-12.7,13.7,1.115,25,5,0,0,5
59.8,4,isocontour,11.283791670955125,38674.37,81.39,18.6,5.9,1.064,0.2,-0.8,0.8,-12.7,13.7,1.115,25,6,0,0,6
59.8,5,isocontour,11.283791670955125,36703.6,77.24,18.4,6.4,1.061,1.2,-1.7,2.1,-12.7,13.7,1.115,25,6,0,0,6
59.8,6,isocontour,11.283791670955125,38041.88,80.05,17.8,-8.1,1.058,1.5,2.2,2.7,-12.7,13.7,1.115,25,5,0,0,5
59.8,7,isocontour,11.283791670955125,36928.32,77.71,-18.9,9.0,0.981,-0.1,4.8,4.8,-13.2,13.2,1.117,25,3,0,0,3
59.8,8,isocontour,11.283791670955125,38645.87,81.33,18.1,-8.0,1.048,0.5,-2.6,2.6,-12.7,13.7,1.115,25,5,0,0,5
59.8,9,isocontour,11.283791670955125,36274.73,76.34,20.7,-1.4,0.989,-1.2,-2.5,2.8,-12.7,13.7,1.115,25,7,0,0,7
59.8,10,isocontour,11.283791670955125,36402.28,76.6,17.9,-10.5,0.991,0.3,-0.6,0.7,-12.7,13.7,1.115,25,5,0,0,5
59.8,11,isocontour,11.283791670955125,37461.51,78.83,-18.8,-6.5,1.04,0.2,2.8,2.8,-13.2,13.2,1.117,25,3,0,0,3
59.8,12,isocontour,11.283791670955125,36676.67,77.18,-15.1,-14.2,0.991,1.7,0.7,1.8,-12.7,13.7,1.115,25,3,0,0,3
59.8,13,isocontour,11.283791670955125,35465.32,74.63,20.6,-2.0,0.994,0.3,2.9,2.9,-12.7,13.7,1.115,25,7,0,0,7
59.8,14,isocontour,11.283791670955125,35614.88,74.95,13.6,-15.6,0.993,-2.2,-1.5,2.7,-12.7,13.7,1.115,25,4,0,0,4
59.8,15,isocontour,11.283791670955125,34875.04,73.39,1.3,20.7,0.993,-3.2,-1.3,3.5,-13.2,13.2,1.117,25,2,0,0,2
59.8,16,isocontour,11.283791670955125,46845.01,98.58,-24.0,21.6,0.529,0.1,-0.9,0.9,-24.0,21.6,0.535,16,0,0,0,0
59.8,17,isocontour,11.283791670955125,35718.84,75.17,16.1,13.6,0.972,0.2,0.3,0.4,-12.7,13.7,1.115,25,5,0,0,5
59.8,18,isocontour,11.283791670955125,40087.65,84.36,-7.1,19.3,0.998,-0.7,-2.0,2.1,-13.2,13.2,1.117,25,2,0,0,2
59.8,19,isocontour,11.283791670955125,36630.41,77.08,-20.7,1.0,0.991,-0.3,-0.8,0.9,-13.2,13.2,1.117,25,4,0,0,4
59.8,20,isocontour,11.283791670955125,36628.23,77.08,7.2,-19.5,0.988,0.6,1.3,1.4,-12.7,13.7,1.115,25,2,0,0,2
59.8,21,isocontour,11.283791670955125,36002.14,75.76,-8.9,-19.1,0.974,-1.8,-1.2,2.2,-12.7,13.7,1.115,25,2,0,0,2
59.8,22,isocontour,11.283791670955125,38502.98,81.02,-19.7,-7.2,0.976,-1.3,0.2,1.3,-13.2,13.2,1.117,25,3,0,0,3
59.8,23,isocontour,11.283791670955125,40240.2,84.68,-19.3,6.8,1.01,-0.1,-0.2,0.2,-13.2,13.2,1.117,25,3,0,0,3
59.8,24,isocontour,11.283791670955125,37046.75,77.96,-1.0,-20.9,0.979,0.5,2.1,2.2,-12.7,13.7,1.115,25,2,0,0,2
59.8,25,isocontour,11.283791670955125,35645.42,75.01,-13.8,12.7,1.108,-1.8,-2.0,2.7,-13.8,12.7,1.117,25,3,0,0,3
59.8,Target,,,,,0.0,0.0,4.023,0.0,0.0,,,,,,,,,
59.9,1,isocontour,11.283791670955125,35507.27,74.72,20.1,5.4,0.989,-0.6,-0.8,1.0,-12.7,13.7,1.115,25,6,0,0,6
59.9,2,isocontour,11.283791670955125,34101.41,71.76,9.1,18.6,0.993,-2.9,0.1,2.9,-13.2,13.2,1.117,25,3,0,0,3
59.9,3,isocontour,11.283791670955125,35694.21,75.11,15.6,13.8,0.989,1.2,-1.1,1.6,-13.2,13.2,1.117,25,5,0,0,5
59.9,4,isocontour,11.283791670955125,38636.36,81.31,18.7,5.6,1.062,1.3,-2.8,3.1,-12.7,13.7,1.115,25,6,0,0,6
59.9,5,isocontour,11.283791670955125,36702.46,77.24,18.5,6.3,1.062,0.1,-0.9,0.9,-12.7,13.7,1.115,25,6,0,0,6
59.9,6,isocontour,11.283791670955125,38041.49,80.05,17.8,-8.0,1.06,-0.4,0.6,0.7,-12.7,13.7,1.115,25,5,0,0,5
59.9,7,isocontour,11.283791670955125,36925.77,77.71,-19.0,9.0,0.977,-1.0,-0.8,1.3,-13.2,13.2,1.117,25,3,0,0,3
59.9,8,isocontour,11.283791670955125,38586.49,81.2,18.1,-7.7,1.05,0.8,3.5,3.6,-12.7,13.7,1.115,25,5,0,0,5
59.9,9,isocontour,11.283791670955125,36272.89,76.33,20.6,-1.5,0.994,-0.9,-0.6,1.1,-12.7,13.7,1.115,25,7,0,0,7
59.9,10,isocontour,11.283791670955125,36293.4,76.38,18.0,-10.9,0.977,0.9,-4.3,4.4,-12.7,13.7,1.115,25,5,0,0,5
59.9,11,isocontour,11.283791670955125,37459.02,78.83,-18.7,-6.4,1.047,1.2,0.4,1.3,-13.2,13.2,1.117,25,3,0,0,3
59.9,12,isocontour,11.283791670955125,36676.12,77.18,-15.2,-14.2,0.989,-0.5,-0.5,0.7,-13.2,13.2,1.117,25,3,0,0,3
59.9,13,isocontour,11.283791670955125,35463.06,74.63,20.7,-2.0,0.989,0.9,-0.8,1.2,-12.7,13.7,1.115,25,7,0,0,7
59.9,14,isocontour,11.283791670955125,35579.38,74.87,13.7,-15.8,0.981,0.8,-2.9,3.0,-12.7,13.7,1.115,25,4,0,0,4
59.9,15,isocontour,11.283791670955125,34853.56,73.35,1.5,20.7,0.992,2.5,0.4,2.5,-13.2,13.2,1.117,25,2,0,0,2
59.9,16,isocontour,11.283791670955125,46843.91,98.58,-24.0,21.5,0.532,0.9,-0.3,0.9,-24.0,21.5,0.535,16,0,0,0,0
59.9,17,isocontour,11.283791670955125,35684.38,75.09,15.9,13.4,0.985,-1.9,-2.3,3.0,-13.2,13.2,1.117,25,5,0,0,5
59.9,18,isocontour,11.283791670955125,40085.39,84.35,-7.2,19.3,0.998,-1.2,-0.1,1.2,-13.2,13.2,1.117,25,2,0,0,2
59.9,19,isocontour,11.283791670955125,36620.27,77.06,-20.9,0.9,0.983,-1.8,-0.8,2.0,-13.2,13.2,1.117,25,4,0,0,4
59.9,20,isocontour,11.283791670955125,36622.31,77.07,7.3,-19.4,0.994,0.7,1.5,1.7,-12.7,13.7,1.115,25,2,0,0,2
59.9,21,isocontour,11.283791670955125,35965.94,75.69,-9.1,-18.9,0.979,-1.9,2.4,3.1,-12.7,13.7,1.115,25,2,0,0,2
59.9,22,isocontour,11.283791670955125,38497.16,81.01,-19.6,-7.2,0.982,1.6,-0.0,1.6,-13.2,13.2,1.117,25,3,0,0,3
59.9,23,isocontour,11.283791670955125,40238.15,84.68,-19.2,6.9,1.009,0.2,1.1,1.1,-13.2,13.2,1.117,25,3,0,0,3
59.9,24,isocontour,11.283791670955125,37015.6,77.89,-0.7,-20.8,0.985,2.8,0.7,2.9,-12.7,13.7,1.115,25,2,0,0,2
59.9,25,isocontour,11.283791670955125,35614.27,74.95,-13.6,12.9,1.108,1.9,2.2,2.9,-13.6,12.9,1.117,25,3,0,0,3
59.9,Target,,,,,0.0,0.0,4.023,0.0,0.0,,,,,,,,,
60.0,1,isocontour,11.283791670955125,35506.3,74.72,20.0,5.3,0.991,-0.1,-0.9,0.9,20.0,5.3,0.989,1,6,0,0,6
60.0,2,isocontour,11.283791670955125,34080.68,71.72,9.2,18.5,0.994,2.3,-1.1,2.5,9.2,18.5,0.993,2,3,0,0,3
60.0,3,isocontour,11.283791670955125,35559.98,74.83,15.3,14.0,0.993,-3.8,2.8,4.7,15.3,14.0,0.989,3,5,0,0,5
60.0,4,isocontour,11.283791670955125,38635.0,81.3,18.7,5.5,1.064,-0.3,-1.0,1.0,18.7,5.5,1.062,4,6,0,0,6
60.0,5,isocontour,11.283791670955125,36673.2,77.17,18.5,6.1,1.064,0.6,-2.8,2.9,18.5,6.1,1.062,5,6,0,0,6
60.0,6,isocontour,11.283791670955125,38039.55,80.05,17.7,-8.1,1.064,-1.0,-0.6,1.2,17.7,-8.1,1.06,6,5,0,0,5
60.0,7,isocontour,11.283791670955125,36925.18,77.7,-19.0,9.0,0.977,-0.1,-0.8,0.8,-19.0,9.0,0.977,7,3,0,0,3
60.0,8,isocontour,11.283791670955125,38481.26,80.98,18.3,-7.3,1.049,1.8,3.9,4.3,18.3,-7.3,1.05,8,5,0,0,5
60.0,9,isocontour,11.283791670955125,36238.08,76.26,20.6,-1.3,0.998,-0.4,3.0,3.0,20.6,-1.3,0.994,9,7,0,0,7
60.0,10,isocontour,11.283791670955125,36293.05,76.37,18.0,-11.0,0.972,0.1,-0.6,0.6,18.0,-11.0,0.977,10,5,0,0,5
60.0,11,isocontour,11.283791670955125,37457.7,78.83,-18.6,-6.5,1.051,0.9,-0.5,1.0,-18.6,-6.5,1.047,11,3,0,0,3
60.0,12,isocontour,11.283791670955125,36671.01,77.17,-15.3,-14.2,0.983,-1.6,0.0,1.6,-15.3,-14.2,0.989,12,3,0,0,3
60.0,13,isocontour,11.283791670955125,35457.65,74.62,20.6,-2.1,0.992,-0.9,-1.3,1.6,20.6,-2.1,0.989,13,7,0,0,7
60.0,14,isocontour,11.283791670955125,35556.62,74.82,13.7,-16.1,0.97,-0.1,-2.6,2.6,13.7,-16.1,0.981,14,4,0,0,4
60.0,15,isocontour,11.283791670955125,34836.7,73.31,1.4,20.9,0.981,-0.6,2.3,2.4,1.4,20.9,0.992,15,2,0,0,2
60.0,16,isocontour,11.283791670955125,46842.81,98.57,-24.0,21.6,0.53,-0.8,0.5,0.9,-24.0,21.6,0.532,16,0,0,0,0
60.0,17,isocontour,11.283791670955125,35666.21,75.06,15.8,13.2,0.999,-1.5,-1.9,2.4,15.8,13.2,0.985,17,5,0,0,5
60.0,18,isocontour,11.283791670955125,40083.13,84.35,-7.4,19.3,0.996,-1.2,-0.1,1.2,-7.4,19.3,0.998,18,2,0,0,2
60.0,19,isocontour,11.283791670955125,36588.14,77.0,-21.0,1.1,0.976,-1.0,2.7,2.9,-21.0,1.1,0.983,19,4,0,0,4
60.0,20,isocontour,11.283791670955125,36621.34,77.07,7.4,-19.4,0.993,0.9,0.0,0.9,7.4,-19.4,0.994,20,2,0,0,2
60.0,21,isocontour,11.283791670955125,35932.49,75.62,-9.2,-18.6,0.991,-0.6,2.9,3.0,-9.2,-18.6,0.979,21,2,0,0,2
60.0,22,isocontour,11.283791670955125,38486.08,80.99,-19.5,-7.4,0.988,1.6,-1.3,2.1,-19.5,-7.4,0.982,22,3,0,0,3
60.0,23,isocontour,11.283791670955125,40227.06,84.65,-19.4,6.8,1.002,-1.8,-1.0,2.1,-19.4,6.8,1.009,23,3,0,0,3
60.0,24,isocontour,11.283791670955125,37013.99,77.89,-0.6,-20.8,0.988,0.9,0.5,1.0,-0.6,-20.8,0.985,24,2,0,0,2
60.0,25,isocontour,11.283791670955125,35598.86,74.91,-13.4,13.0,1.113,2.1,0.8,2.2,-13.4,13.0,1.108,25,3,0,0,3
60.0,Target,,,,,0.0,0.0,4.023,0.0,0.0,,,,,,,,,
60.1,1,isocontour,11.283791670955125,35503.3,74.71,20.2,5.4,0.985,1.3,0.4,1.4,18.7,5.5,1.064,4,6,0,0,6
60.1,2,isocontour,11.283791670955125,34003.51,71.56,9.0,18.7,0.991,-3.2,2.3,3.9,15.8,13.2,0.999,17,3,0,0,3
60.1,3,isocontour,11.283791670955125,35554.67,74.82,15.1,14.2,0.991,-0.6,1.5,1.6,18.7,5.5,1.064,4,5,0,0,5
60.1,4,isocontour,11.283791670955125,38632.07,81.3,18.6,5.6,1.069,-1.1,0.8,1.4,18.6,5.6,1.064,4,6,0,0,6
60.1,5,isocontour,11.283791670955125,36659.52,77.15,18.4,6.2,1.07,-1.7,1.4,2.2,18.7,5.5,1.064,4,6,0,0,6
60.1,6,isocontour,11.283791670955125,38038.61,80.05,17.8,-8.0,1.064,0.5,0.7,0.9,17.8,-8.0,1.064,6,5,0,0,5
60.1,7,isocontour,11.283791670955125,36923.47,77.7,-18.9,8.9,0.982,0.5,-1.0,1.1,-13.4,13.0,1.113,25,3,0,0,3
60.1,8,isocontour,11.283791670955125,38461.72,80.94,18.4,-7.0,1.052,0.3,2.5,2.5,17.7,-8.1,1.064,6,5,0,0,5
60.1,9,isocontour,11.283791670955125,36231.84,76.25,20.7,-1.2,0.99,1.7,0.2,1.7,18.7,5.5,1.064,4,7,0,0,7
60.1,10,isocontour,11.283791670955125,36256.13,76.3,18.1,-10.8,0.975,0.9,2.9,3.0,17.7,-8.1,1.064,6,5,0,0,5
60.1,11,isocontour,11.283791670955125,37431.68,78.77,-18.6,-6.7,1.049,0.3,-2.7,2.7,-18.6,-6.7,1.051,11,3,0,0,3
60.1,12,isocontour,11.283791670955125,36639.86,77.1,-15.2,-14.0,0.996,1.6,2.4,2.9,-18.6,-6.5,1.051,11,3,0,0,3
60.1,13,isocontour,11.283791670955125,35457.24,74.62,20.6,-2.2,0.992,0.1,-0.7,0.7,18.7,5.5,1.064,4,7,0,0,7
60.1,14,isocontour,11.283791670955125,35555.62,74.82,13.6,-16.1,0.972,-0.8,0.4,0.9,17.7,-8.1,1.064,6,4,0,0,4
60.1,15,isocontour,11.283791670955125,34810.69,73.25,1.2,20.8,0.984,-2.6,-0.9,2.8,-7.4,19.3,0.998,18,2,0,0,2
60.1,16,isocontour,11.283791670955125,46841.71,98.57,-24.0,21.6,0.529,0.6,0.8,1.0,-24.0,21.6,0.532,16,0,0,0,0
60.1,17,isocontour,11.283791670955125,35638.75,75.0,16.0,13.3,0.988,2.6,1.1,2.8,18.7,5.5,1.064,4,5,0,0,5
60.1,18,isocontour,11.283791670955125,40081.08,84.35,-7.4,19.2,1.001,-0.2,-1.1,1.1,-13.4,13.0,1.113,25,2,0,0,2
60.1,19,isocontour,11.283791670955125,36586.49,76.99,-20.9,1.2,0.979,0.9,0.5,1.0,-18.6,-6.5,1.051,11,4,0,0,4
60.1,20,isocontour,11.283791670955125,36614.88,77.05,7.4,-19.5,0.986,-0.3,-1.7,1.7,7.4,-19.5,0.994,20,2,0,0,2
60.1,21,isocontour,11.283791670955125,35931.52,75.61,-9.1,-18.6,0.993,0.8,-0.4,0.9,-9.1,-18.6,0.991,21,2,0,0,2
60.1,22,isocontour,11.283791670955125,38462.0,80.94,-19.2,-7.3,1.001,2.4,1.1,2.6,-18.6,-6.5,1.051,11,3,0,0,3
60.1,23,isocontour,11.283791670955125,40224.39,84.65,-19.4,6.9,1.003,0.7,1.0,1.2,-13.4,13.0,1.113,25,3,0,0,3
60.1,24,isocontour,11.283791670955125,37006.82,77.88,-0.6,-20.6,0.997,0.1,1.8,1.8,7.4,-19.4,0.994,20,2,0,0,2
60.1,25,isocontour,11.283791670955125,35574.51,74.86,-13.6,12.9,1.111,-2.2,-1.6,2.7,-13.6,12.9,1.113,25,3,0,0,3
60.1,Target,,,,,0.0,0.0,4.023,0.0,0.0,,,,,,,,,
60.2,1,isocontour,11.283791670955125,35469.18,74.64,20.0,5.6,0.989,-1.8,2.4,3.0,18.4,6.2,1.07,5,6,0,0,6
60.2,2,isocontour,11.283791670955125,33997.05,71.54,8.9,18.9,0.984,-0.4,1.7,1.7,18.7,5.5,1.064,4,3,0,0,3
60.2,3,isocontour,11.283791670955125,35416.15,74.53,15.5,14.0,0.984,4.2,-2.3,4.8,18.4,6.2,1.07,5,5,0,0,5
60.2,4,isocontour,11.283791670955125,38629.39,81.29,18.5,5.5,1.076,-1.2,-0.3,1.2,18.4,6.2,1.07,5,6,0,0,6
60.2,5,isocontour,11.283791670955125,36657.91,77.14,18.3,6.1,1.074,-0.3,-1.0,1.0,18.3,6.1,1.07,5,6,0,0,6
60.2,6,isocontour,11.283791670955125,38038.05,80.05,17.8,-7.9,1.065,0.1,0.8,0.8,17.7,-8.1,1.064,6,5,0,0,5
60.2,7,isocontour,11.283791670955125,36901.24,77.65,-19.0,8.6,0.985,-0.5,-2.5,2.5,-13.4,13.0,1.113,25,3,0,0,3
60.2,8,isocontour,11.283791670955125,38461.29,80.94,18.4,-7.0,1.052,0.4,0.6,0.7,17.7,-8.1,1.064,6,5,0,0,5
60.2,9,isocontour,11.283791670955125,36206.1,76.19,20.9,-1.0,0.98,1.9,2.0,2.8,18.4,6.2,1.07,5,7,0,0,7
60.2,10,isocontour,11.283791670955125,36252.17,76.29,18.1,-10.6,0.975,0.8,1.2,1.4,17.7,-8.1,1.064,6,5,0,0,5
60.2,11,isocontour,11.283791670955125,37422.98,78.75,-18.6,-6.9,1.041,-0.9,-1.6,1.8,-18.6,-6.9,1.051,11,3,0,0,3
60.2,12,isocontour,11.283791670955125,36614.13,77.05,-15.3,-14.1,0.985,-2.0,-1.9,2.8,-18.6,-6.5,1.051,11,3,0,0,3
60.2,13,isocontour,11.283791670955125,35437.47,74.57,20.7,-2.4,0.988,0.6,-2.4,2.5,18.4,6.2,1.07,5,7,0,0,7
60.2,14,isocontour,11.283791670955125,35553.13,74.82,13.6,-16.0,0.977,-0.0,1.2,1.2,17.7,-8.1,1.064,6,4,0,0,4
60.2,15,isocontour,11.283791670955125,34772.31,73.17,0.9,20.8,0.989,-3.0,-0.8,3.1,-13.4,13.0,1.113,25,2,0,0,2
60.2,16,isocontour,11.283791670955125,46840.61,98.57,-24.0,21.7,0.528,0.3,0.9,0.9,-24.0,21.7,0.532,16,0,0,0,0
60.2,17,isocontour,11.283791670955125,35582.27,74.88,15.9,13.6,0.979,-0.9,3.4,3.5,18.4,6.2,1.07,5,5,0,0,5
60.2,18,isocontour,11.283791670955125,40079.43,84.34,-7.5,19.2,0.999,-1.1,0.2,1.1,-13.4,13.0,1.113,25,2,0,0,2
60.2,19,isocontour,11.283791670955125,36584.64,76.99,-20.8,1.2,0.984,0.8,-0.8,1.1,-13.4,13.0,1.113,25,4,0,0,4
60.2,20,isocontour,11.283791670955125,36580.41,76.98,7.2,-19.7,0.979,-2.2,-2.1,3.0,17.7,-8.1,1.064,6,2,0,0,2
60.2,21,isocontour,11.283791670955125,35888.95,75.52,-9.1,-18.9,0.981,0.7,-3.1,3.2,-18.6,-6.5,1.051,11,2,0,0,2
60.2,22,isocontour,11.283791670955125,38440.77,80.89,-19.3,-7.1,0.999,-1.7,1.9,2.5,-18.6,-6.5,1.051,11,3,0,0,3
60.2,23,isocontour,11.283791670955125,40210.15,84.62,-19.4,6.7,1.003,-0.7,-2.1,2.2,-13.4,13.0,1.113,25,3,0,0,3
60.2,24,isocontour,11.283791670955125,37005.3,77.87,-0.5,-20.7,0.996,0.9,-0.5,1.0,-0.5,-20.7,0.997,24,2,0,0,2
60.2,25,isocontour,11.283791670955125,35541.06,74.79,-13.5,13.1,1.108,1.7,2.5,3.0,-13.4,13.0,1.113,25,3,0,0,3
60.2,Target,,,,,0.0,0.0,4.023,0.0,0.0,,,,,,,,,
60.3,1,isocontour,11.283791670955125,35457.1,74.62,19.8,5.6,1.0,-2.0,-0.7,2.1,18.5,5.5,1.076,4,6,0,0,6
60.3,2,isocontour,11.283791670955125,33993.0,71.53,8.8,19.0,0.981,-1.1,0.9,1.4,-13.4,13.0,1.113,25,3,0,0,3
60.3,3,isocontour,11.283791670955125,35412.11,74.52,15.7,14.0,0.978,1.5,-0.1,1.5,18.5,5.5,1.076,4,5,0,0,5
60.3,4,isocontour,11.283791670955125,38621.87,81.27,18.6,5.5,1.068,1.8,0.1,1.8,18.6,5.5,1.076,4,6,0,0,6
60.3,5,isocontour,11.283791670955125,36655.11,77.14,18.4,6.0,1.071,0.9,-0.9,1.3,18.5,5.5,1.076,4,6,0,0,6
60.3,6,isocontour,11.283791670955125,38012.88,79.99,17.8,-7.7,1.067,0.7,2.6,2.7,18.4,6.2,1.07,5,5,0,0,5
60.3,7,isocontour,11.283791670955125,36881.22,77.61,-18.9,8.4,0.993,0.5,-2.4,2.5,-13.4,13.0,1.113,25,3,0,0,3
60.3,8,isocontour,11.283791670955125,38458.8,80.93,18.5,-6.9,1.049,1.0,0.7,1.2,18.4,6.2,1.07,5,5,0,0,5
60.3,9,isocontour,11.283791670955125,36146.22,76.07,21.0,-0.7,0.976,0.7,3.5,3.6,18.5,5.5,1.076,4,7,0,0,7
60.3,10,isocontour,11.283791670955125,36249.55,76.28,18.2,-10.5,0.979,-0.0,1.3,1.3,18.4,6.2,1.07,5,5,0,0,5
60.3,11,isocontour,11.283791670955125,37410.38,78.73,-18.8,-6.9,1.031,-2.1,0.4,2.1,-13.4,13.0,1.113,25,3,0,0,3
60.3,12,isocontour,11.283791670955125,36612.92,77.05,-15.4,-14.2,0.978,-0.5,-0.8,0.9,-18.6,-6.5,1.051,11,3,0,0,3
60.3,13,isocontour,11.283791670955125,35434.73,74.57,20.7,-2.3,0.987,0.1,1.3,1.3,18.5,5.5,1.076,4,7,0,0,7
60.3,14,isocontour,11.283791670955125,35550.64,74.81,13.6,-15.9,0.983,-0.4,1.2,1.3,17.8,-7.9,1.065,6,4,0,0,4
60.3,15,isocontour,11.283791670955125,34734.67,73.09,0.6,20.7,0.993,-3.1,-0.5,3.1,-13.4,13.0,1.113,25,2,0,0,2
60.3,16,isocontour,11.283791670955125,46839.51,98.57,-23.9,21.7,0.53,0.4,-0.8,0.9,-23.9,21.7,0.532,16,0,0,0,0
60.3,17,isocontour,11.283791670955125,35569.14,74.85,15.8,13.5,0.987,-0.9,-1.9,2.1,18.5,5.5,1.076,4,5,0,0,5
60.3,18,isocontour,11.283791670955125,40078.94,84.34,-7.5,19.2,0.999,0.7,0.1,0.7,-13.4,13.0,1.113,25,2,0,0,2
60.3,19,isocontour,11.283791670955125,36557.18,76.93,-20.8,0.9,0.99,0.9,-2.6,2.8,-13.4,13.0,1.113,25,4,0,0,4
60.3,20,isocontour,11.283791670955125,36579.31,76.98,7.0,-19.7,0.981,-0.9,0.1,0.9,17.7,-8.1,1.064,6,2,0,0,2
60.3,21,isocontour,11.283791670955125,35780.81,75.3,-8.7,-19.0,0.983,4.3,-1.0,4.4,-18.6,-6.5,1.051,11,2,0,0,2
60.3,22,isocontour,11.283791670955125,38421.0,80.85,-19.6,-7.2,0.986,-2.3,-1.1,2.5,-13.4,13.0,1.113,25,3,0,0,3
60.3,23,isocontour,11.283791670955125,40203.11,84.6,-19.4,6.8,1.0,-0.2,1.7,1.7,-13.4,13.0,1.113,25,3,0,0,3
60.3,24,isocontour,11.283791670955125,37004.69,77.87,-0.6,-20.7,0.994,-0.7,-0.2,0.7,17.7,-8.1,1.064,6,2,0,0,2
60.3,25,isocontour,11.283791670955125,35538.91,74.79,-13.4,13.1,1.11,1.1,0.4,1.2,-13.4,13.0,1.113,25,3,0,0,3
60.3,Target,,,,,0.0,0.0,4.023,0.0,0.0,,,,,,,,,
60.4,1,isocontour,11.283791670955125,35455.62,74.61,19.7,5.5,1.005,-0.6,-0.9,1.1,18.5,5.5,1.076,4,6,0,0,6
60.4,2,isocontour,11.283791670955125,33990.45,71.53,8.7,18.9,0.985,-1.2,-0.5,1.3,-13.4,13.0,1.113,25,3,0,0,3
60.4,3,isocontour,11.283791670955125,35411.2,74.52,15.7,13.9,0.98,-0.0,-0.9,0.9,-13.4,13.0,1.113,25,5,0,0,5
60.4,4,isocontour,11.283791670955125,38593.51,81.22,18.9,5.5,1.054,2.7,-0.6,2.8,18.9,5.5,1.076,4,6,0,0,6
60.4,5,isocontour,11.283791670955125,36654.04,77.13,18.5,6.0,1.066,0.9,0.2,0.9,18.5,5.5,1.076,4,6,0,0,6
60.4,6,isocontour,11.283791670955125,38008.67,79.98,17.9,-7.6,1.068,0.5,1.4,1.5,18.5,5.5,1.076,4,5,0,0,5
60.4,7,isocontour,11.283791670955125,36856.05,77.56,-18.9,8.6,0.989,0.1,2.7,2.7,-13.4,13.0,1.113,25,3,0,0,3
60.4,8,isocontour,11.283791670955125,38457.66,80.93,18.5,-6.9,1.049,-0.6,-0.7,0.9,18.5,5.5,1.076,4,5,0,0,5
60.4,9,isocontour,11.283791670955125,36143.55,76.06,21.0,-0.5,0.978,-0.5,1.2,1.3,18.5,5.5,1.076,4,7,0,0,7
60.4,10,isocontour,11.283791670955125,36236.96,76.26,18.2,-10.3,0.981,0.6,2.0,2.1,18.5,5.5,1.076,4,5,0,0,5
60.4,11,isocontour,11.283791670955125,37408.39,78.72,-18.9,-6.8,1.029,-0.4,1.1,1.2,-13.4,13.0,1.113,25,3,0,0,3
60.4,12,isocontour,11.283791670955125,36579.14,76.98,-15.4,-14.0,0.989,0.4,2.9,2.9,-13.4,13.0,1.113,25,3,0,0,3
60.4,13,isocontour,11.283791670955125,35396.36,74.49,20.6,-2.1,0.991,-0.4,3.1,3.1,18.5,5.5,1.076,4,7,0,0,7
60.4,14,isocontour,11.283791670955125,35517.19,74.74,13.6,-15.6,0.992,0.8,2.9,3.0,18.4,6.2,1.07,5,4,0,0,4
60.4,15,isocontour,11.283791670955125,34734.26,73.09,0.6,20.7,0.993,0.7,0.1,0.7,-13.4,13.0,1.113,25,2,0,0,2
60.4,16,isocontour,11.283791670955125,46838.41,98.57,-24.0,21.6,0.53,-0.8,-0.6,1.0,-24.0,21.6,0.532,16,0,0,0,0
60.4,17,isocontour,11.283791670955125,35519.51,74.75,16.0,13.2,0.991,1.8,-2.9,3.4,-13.4,13.0,1.113,25,5,0,0,5
60.4,18,isocontour,11.283791670955125,39925.17,84.02,-7.9,19.1,0.996,-4.8,-1.1,4.9,-13.4,13.0,1.113,25,2,0,0,2
60.4,19,isocontour,11.283791670955125,36554.69,76.92,-20.7,1.0,0.994,0.7,1.0,1.2,-13.4,13.0,1.113,25,4,0,0,4
60.4,20,isocontour,11.283791670955125,36553.58,76.92,6.8,-19.6,0.989,-2.6,0.8,2.7,17.8,-7.9,1.065,6,2,0,0,2
60.4,21,isocontour,11.283791670955125,35778.55,75.29,-8.5,-19.0,0.985,1.2,-0.3,1.2,17.7,-8.1,1.064,6,2,0,0,2
60.4,22,isocontour,11.283791670955125,38386.19,80.78,-19.7,-7.0,0.98,-1.8,2.4,3.0,-13.4,13.0,1.113,25,3,0,0,3
60.4,23,isocontour,11.283791670955125,40201.9,84.6,-19.5,6.8,0.995,-0.9,-0.2,0.9,-13.4,13.0,1.113,25,3,0,0,3
60.4,24,isocontour,11.283791670955125,36992.09,77.85,-0.5,-20.8,0.985,1.0,-1.9,2.1,17.7,-8.1,1.064,6,2,0,0,2
60.4,25,isocontour,11.283791670955125,35532.99,74.77,-13.4,13.0,1.115,-0.4,-1.6,1.6,-13.4,13.0,1.113,25,3,0,0,3
60.4,Target,,,,,0.0,0.0,4.023,0.0,0.0,,,,,,,,,
60.5,1,isocontour,11.283791670955125,35423.5,74.54,20.0,5.5,0.992,2.9,0.7,3.0,-13.4,13.0,1.113,25,6,0,0,6
60.5,2,isocontour,11.283791670955125,33986.95,71.52,8.6,18.8,0.993,-0.6,-1.3,1.4,-13.4,13.0,1.113,25,3,0,0,3
60.5,3,isocontour,11.283791670955125,35384.03,74.46,15.7,13.6,0.989,-0.0,-2.8,2.8,-13.4,13.0,1.113,25,5,0,0,5
60.5,4,isocontour,11.283791670955125,38591.66,81.21,18.9,5.6,1.053,-0.4,1.1,1.2,-13.4,13.0,1.113,25,6,0,0,6
60.5,5,isocontour,11.283791670955125,36652.29,77.13,18.6,6.0,1.06,1.1,0.0,1.1,-13.4,13.0,1.113,25,6,0,0,6
60.5,6,isocontour,11.283791670955125,37982.65,79.93,17.8,-7.7,1.068,-1.0,-2.5,2.7,18.5,5.5,1.076,4,5,0,0,5
60.5,7,isocontour,11.283791670955125,36852.09,77.55,-19.0,8.7,0.982,-1.1,1.0,1.5,-13.4,13.0,1.115,25,3,0,0,3
60.5,8,isocontour,11.283791670955125,38432.49,80.88,18.4,-7.2,1.051,-1.2,-2.4,2.7,18.5,5.5,1.076,4,5,0,0,5
60.5,9,isocontour,11.283791670955125,36138.34,76.05,20.8,-0.5,0.986,-1.6,0.3,1.6,18.5,5.5,1.076,4,7,0,0,7
60.5,10,isocontour,11.283791670955125,36232.22,76.25,18.1,-10.2,0.989,-1.3,0.8,1.5,18.5,5.5,1.076,4,5,0,0,5
60.5,11,isocontour,11.283791670955125,37406.64,78.72,-18.9,-6.7,1.03,-0.1,1.1,1.1,-13.4,13.0,1.113,25,3,0,0,3
60.5,12,isocontour,11.283791670955125,36564.9,76.95,-15.4,-13.8,0.998,0.0,2.2,2.2,-13.4,13.0,1.113,25,3,0,0,3
60.5,13,isocontour,11.283791670955125,35371.18,74.43,20.6,-2.2,0.99,-0.1,-2.7,2.7,18.5,5.5,1.076,4,7,0,0,7
60.5,14,isocontour,11.283791670955125,35515.04,74.74,13.6,-15.5,0.998,-0.2,1.2,1.2,18.5,5.5,1.076,4,4,0,0,4
60.5,15,isocontour,11.283791670955125,34731.13,73.09,0.5,20.8,0.99,-1.2,0.6,1.3,-13.4,13.0,1.113,25,2,0,0,2
60.5,16,isocontour,11.283791670955125,46837.31,98.56,-24.0,21.5,0.531,-0.4,-0.9,1.0,-24.0,21.5,0.532,16,0,0,0,0
60.5,17,isocontour,11.283791670955125,35494.06,74.69,15.9,13.4,0.987,-0.9,2.6,2.8,-13.4,13.0,1.113,25,5,0,0,5
60.5,18,isocontour,11.283791670955125,39925.07,84.02,-8.0,19.1,0.995,-0.4,-0.0,0.4,-13.4,13.0,1.115,25,2,0,0,2
60.5,19,isocontour,11.283791670955125,36553.78,76.92,-20.7,0.9,0.993,-0.3,-0.8,0.9,-13.4,13.0,1.113,25,4,0,0,4
60.5,20,isocontour,11.283791670955125,36551.32,76.92,6.9,-19.6,0.992,1.0,0.7,1.2,18.4,6.2,1.07,5,2,0,0,2
60.5,21,isocontour,11.283791670955125,35750.19,75.23,-8.7,-18.8,0.992,-1.6,2.3,2.8,-13.4,13.0,1.113,25,2,0,0,2
60.5,22,isocontour,11.283791670955125,38381.63,80.77,-19.7,-6.8,0.986,1.1,1.1,1.6,-13.4,13.0,1.113,25,3,0,0,3
60.5,23,isocontour,11.283791670955125,40164.98,84.52,-19.5,7.1,0.993,0.7,3.0,3.1,-13.4,13.0,1.115,25,3,0,0,3
60.5,24,isocontour,11.283791670955125,36984.56,77.83,-0.4,-21.0,0.977,1.1,-1.4,1.8,17.8,-7.9,1.065,6,2,0,0,2
60.5,25,isocontour,11.283791670955125,35529.92,74.77,-13.4,12.9,1.116,-0.9,-1.0,1.3,-13.4,12.9,1.115,25,3,0,0,3
60.5,Target,,,,,0.0,0.0,4.023,0.0,0.0,,,,,,,,,
60.6,1,isocontour,11.283791670955125,35403.01,74.5,20.0,5.7,0.985,0.3,2.5,2.5,-13.4,13.0,1.113,25,6,0,0,6
60.6,2,isocontour,11.283791670955125,33986.47,71.52,8.7,18.8,0.993,0.7,-0.2,0.7,-13.4,13.0,1.113,25,3,0,0,3
60.6,3,isocontour,11.283791670955125,35349.57,74.39,15.4,13.6,0.999,-3.0,0.5,3.0,-13.4,13.0,1.113,25,5,0,0,5
60.6,4,isocontour,11.283791670955125,38591.03,81.21,18.9,5.6,1.049,0.8,0.1,0.8,-13.4,13.0,1.113,25,6,0,0,6
60.6,5,isocontour,11.283791670955125,36650.24,77.13,18.6,6.1,1.061,-0.7,0.9,1.1,-13.4,13.0,1.113,25,6,0,0,6
60.6,6,isocontour,11.283791670955125,37981.71,79.93,17.7,-7.8,1.069,-0.6,-0.7,0.9,18.5,5.5,1.076,4,5,0,0,5
60.6,7,isocontour,11.283791670955125,36828.81,77.5,-19.1,8.5,0.985,-0.3,-2.6,2.6,-13.4,12.9,1.116,25,3,0,0,3
60.6,8,isocontour,11.283791670955125,38408.41,80.83,18.2,-7.4,1.051,-1.0,-2.5,2.7,18.5,5.5,1.076,4,5,0,0,5
60.6,9,isocontour,11.283791670955125,36114.53,76.0,20.6,-0.7,0.996,-1.8,-1.9,2.6,-13.4,13.0,1.113,25,7,0,0,7
60.6,10,isocontour,11.283791670955125,36217.4,76.22,18.0,-10.4,0.991,-1.2,-1.9,2.2,18.5,5.5,1.076,4,5,0,0,5
60.6,11,isocontour,11.283791670955125,37400.61,78.7,-18.9,-6.8,1.028,-0.0,-1.7,1.7,-13.4,13.0,1.113,25,3,0,0,3
60.6,12,isocontour,11.283791670955125,36530.43,76.87,-15.5,-13.5,0.999,-2.0,2.2,3.0,-13.4,13.0,1.113,25,3,0,0,3
60.6,13,isocontour,11.283791670955125,35291.65,74.27,20.8,-2.6,0.977,2.4,-3.2,4.0,-13.4,13.0,1.113,25,7,0,0,7
60.6,14,isocontour,11.283791670955125,35492.02,74.69,13.8,-15.5,0.988,2.4,-1.0,2.6,18.5,5.5,1.076,4,4,0,0,4
60.6,15,isocontour,11.283791670955125,34707.59,73.04,0.3,20.7,0.995,-2.4,-1.1,2.6,-13.4,13.0,1.115,25,2,0,0,2
60.6,16,isocontour,11.283791670955125,46836.21,98.56,-24.1,21.5,0.53,-0.9,-0.2,0.9,-24.1,21.5,0.532,16,0,0,0,0
60.6,17,isocontour,11.283791670955125,35477.83,74.66,15.7,13.5,0.994,-2.3,0.3,2.3,-13.4,13.0,1.113,25,5,0,0,5
60.6,18,isocontour,11.283791670955125,39924.5,84.02,-7.9,19.1,0.994,0.7,0.3,0.8,-13.4,12.9,1.116,25,2,0,0,2
60.6,19,isocontour,11.283791670955125,36501.48,76.81,-20.9,0.7,0.984,-2.1,-2.7,3.4,-13.4,13.0,1.115,25,4,0,0,4
60.6,20,isocontour,11.283791670955125,36550.47,76.92,6.8,-19.6,0.99,-0.5,-0.7,0.9,18.5,5.5,1.076,4,2,0,0,2
60.6,21,isocontour,11.283791670955125,35728.71,75.19,-8.5,-18.9,0.99,1.9,-1.7,2.5,-13.4,13.0,1.113,25,2,0,0,2
60.6,22,isocontour,11.283791670955125,38377.75,80.76,-19.5,-6.9,0.993,1.4,-0.3,1.4,-13.4,13.0,1.113,25,3,0,0,3
60.6,23,isocontour,11.283791670955125,40152.38,84.5,-19.6,7.2,0.983,-1.6,1.5,2.2,-13.4,12.9,1.116,25,3,0,0,3
60.6,24,isocontour,11.283791670955125,36960.48,77.78,-0.5,-20.8,0.987,-1.4,2.3,2.7,-13.4,13.0,1.113,25,2,0,0,2
60.6,25,isocontour,11.283791670955125,35509.19,74.72,-13.6,13.0,1.103,-1.6,1.9,2.5,-13.6,13.0,1.116,25,3,0,0,3
60.6,Target,,,,,0.0,0.0,4.023,0.0,0.0,,,,,,,,,
60.7,1,isocontour,11.283791670955125,35386.99,74.47,20.0,6.0,0.982,-0.2,2.3,2.3,-13.4,13.0,1.113,25,6,0,0,6
60.7,2,isocontour,11.283791670955125,33976.62,71.5,8.7,19.0,0.986,-0.3,1.9,1.9,-13.4,13.0,1.115,25,3,0,0,3
60.7,3,isocontour,11.283791670955125,35347.62,74.38,15.3,13.6,1.004,-1.1,0.1,1.1,-13.4,13.0,1.113,25,5,0,0,5
60.7,4,isocontour,11.283791670955125,38588.54,81.2,18.9,5.7,1.051,-0.9,0.9,1.3,-13.4,13.0,1.113,25,6,0,0,6
60.7,5,isocontour,11.283791670955125,36617.46,77.06,18.5,6.3,1.061,-0.9,2.8,2.9,-13.4,13.0,1.113,25,6,0,0,6
60.7,6,isocontour,11.283791670955125,37963.55,79.89,17.7,-7.6,1.074,-0.0,2.4,2.4,-13.4,13.0,1.113,25,5,0,0,5
60.7,7,isocontour,11.283791670955125,36817.4,77.48,-19.0,8.6,0.986,0.9,1.9,2.1,-13.4,12.9,1.116,25,3,0,0,3
60.7,8,isocontour,11.283791670955125,38401.95,80.81,18.3,-7.3,1.049,1.1,1.3,1.7,-13.4,13.0,1.113,25,5,0,0,5
60.7,9,isocontour,11.283791670955125,36087.65,75.94,20.6,-0.4,0.996,0.3,2.7,2.7,-13.4,13.0,1.113,25,7,0,0,7
60.7,10,isocontour,11.283791670955125,36216.19,76.21,17.9,-10.4,0.992,-0.7,-0.7,1.0,-13.4,13.0,1.113,25,5,0,0,5
60.7,11,isocontour,11.283791670955125,37375.16,78.65,-18.8,-7.0,1.029,1.2,-2.4,2.7,-13.4,13.0,1.115,25,3,0,0,3
60.7,12,isocontour,11.283791670955125,36446.01,76.7,-15.3,-13.8,0.999,2.8,-3.0,4.1,-13.4,13.0,1.113,25,3,0,0,3
60.7,13,isocontour,11.283791670955125,35289.6,74.26,20.9,-2.7,0.975,-0.2,-1.1,1.1,-13.4,13.0,1.113,25,7,0,0,7
60.7,14,isocontour,11.283791670955125,35482.9,74.67,13.9,-15.4,0.988,1.0,1.6,1.9,18.5,5.5,1.076,4,4,0,0,4
60.7,15,isocontour,11.283791670955125,34692.17,73.01,0.2,20.8,0.986,-1.2,1.9,2.2,-13.4,12.9,1.116,25,2,0,0,2
60.7,16,isocontour,11.283791670955125,46835.11,98.56,-24.2,21.4,0.529,-0.7,-0.6,0.9,-24.2,21.4,0.532,16,0,0,0,0
60.7,17,isocontour,11.283791670955125,35353.52,74.4,16.0,13.2,0.989,3.8,-2.5,4.5,-13.4,13.0,1.113,25,5,0,0,5
60.7,18,isocontour,11.283791670955125,39910.07,83.99,-8.1,19.2,0.988,-2.2,0.6,2.3,-13.4,12.9,1.116,25,2,0,0,2
60.7,19,isocontour,11.283791670955125,36499.16,76.81,-21.0,0.6,0.977,-1.0,-0.7,1.2,-13.4,12.9,1.116,25,4,0,0,4
60.7,20,isocontour,11.283791670955125,36545.06,76.9,6.8,-19.8,0.983,-0.4,-1.6,1.6,-13.4,13.0,1.113,25,2,0,0,2
60.7,21,isocontour,11.283791670955125,35585.82,74.89,-8.9,-18.8,0.99,-4.3,2.2,4.8,-13.4,13.0,1.113,25,2,0,0,2
60.7,22,isocontour,11.283791670955125,38347.23,80.7,-19.6,-6.6,0.994,-0.9,2.7,2.8,-13.4,13.0,1.115,25,3,0,0,3
60.7,23,isocontour,11.283791670955125,40071.04,84.32,-19.7,6.9,0.981,-1.5,-3.7,4.0,-13.4,12.9,1.116,25,3,0,0,3
60.7,24,isocontour,11.283791670955125,36941.87,77.74,-0.6,-20.6,0.998,-1.4,2.0,2.4,-13.4,13.0,1.113,25,2,0,0,2
60.7,25,isocontour,11.283791670955125,35505.06,74.72,-13.5,13.1,1.103,1.3,0.7,1.5,-13.5,13.1,1.116,25,3,0,0,3
60.7,Target,,,,,0.0,0.0,4.023,0.0,0.0,,,,,,,,,
60.8,1,isocontour,11.283791670955125,35363.18,74.42,19.9,6.2,0.986,-1.7,2.0,2.6,-13.4,13.0,1.113,25,6,0,0,6
60.8,2,isocontour,11.283791670955125,33973.95,71.49,8.7,18.9,0.989,0.3,-1.2,1.2,-13.4,12.9,1.116,25,3,0,0,3
60.8,3,isocontour,11.283791670955125,35344.76,74.38,15.2,13.7,1.008,-1.2,0.4,1.3,-13.4,13.0,1.115,25,5,0,0,5
60.8,4,isocontour,11.283791670955125,38566.55,81.16,18.8,5.9,1.052,-0.8,2.5,2.6,-13.4,13.0,1.113,25,6,0,0,6
60.8,5,isocontour,11.283791670955125,36604.69,77.03,18.3,6.4,1.069,-2.0,0.8,2.2,-13.4,13.0,1.113,25,6,0,0,6
60.8,6,isocontour,11.283791670955125,37960.68,79.88,17.7,-7.5,1.079,-0.2,1.3,1.3,-13.4,13.0,1.113,25,5,0,0,5
60.8,7,isocontour,11.283791670955125,36808.56,77.46,-18.8,8.7,0.993,1.8,0.4,1.8,-13.4,12.9,1.116,25,3,0,0,3
60.8,8,isocontour,11.283791670955125,38400.78,80.81,18.4,-7.2,1.049,0.1,1.0,1.0,-13.4,13.0,1.113,25,5,0,0,5
60.8,9,isocontour,11.283791670955125,35996.85,75.75,20.8,-0.1,0.987,1.9,3.7,4.2,-13.4,13.0,1.113,25,7,0,0,7
60.8,10,isocontour,11.283791670955125,36109.52,75.99,17.9,-10.8,0.983,-0.2,-4.4,4.4,-13.4,13.0,1.113,25,5,0,0,5
60.8,11,isocontour,11.283791670955125,37370.95,78.64,-18.7,-7.1,1.034,1.3,-0.7,1.5,-13.4,12.9,1.116,25,3,0,0,3
60.8,12,isocontour,11.283791670955125,36405.39,76.61,-15.1,-14.0,0.998,1.9,-2.5,3.1,-13.4,13.0,1.115,25,3,0,0,3
60.8,13,isocontour,11.283791670955125,35269.11,74.22,20.7,-2.6,0.985,-1.9,1.6,2.5,-13.4,13.0,1.113,25,7,0,0,7
60.8,14,isocontour,11.283791670955125,35477.09,74.66,14.0,-15.3,0.994,0.1,1.7,1.7,-13.4,13.0,1.113,25,4,0,0,4
60.8,15,isocontour,11.283791670955125,34691.71,73.0,0.2,20.8,0.985,0.7,-0.1,0.7,-13.4,12.9,1.116,25,2,0,0,2
60.8,16,isocontour,11.283791670955125,46834.01,98.56,-24.2,21.5,0.528,0.2,0.9,0.9,-24.2,21.5,0.532,16,0,0,0,0
60.8,17,isocontour,11.283791670955125,35348.22,74.39,16.0,13.3,0.989,-1.3,1.0,1.6,-13.4,13.0,1.115,25,5,0,0,5
60.8,18,isocontour,11.283791670955125,39867.5,83.9,-8.4,19.1,0.983,-3.2,-0.5,3.2,-13.4,12.9,1.116,25,2,0,0,2
60.8,19,isocontour,11.283791670955125,36475.62,76.76,-20.9,0.4,0.983,1.4,-2.2,2.6,-13.4,12.9,1.116,25,4,0,0,4
60.8,20,isocontour,11.283791670955125,36514.86,76.84,6.5,-19.7,0.989,-2.8,0.8,2.9,-13.4,13.0,1.113,25,2,0,0,2
60.8,21,isocontour,11.283791670955125,35580.41,74.87,-8.9,-18.9,0.983,-0.1,-1.6,1.6,-13.4,13.0,1.113,25,2,0,0,2
60.8,22,isocontour,11.283791670955125,38322.34,80.64,-19.8,-6.5,0.986,-2.3,1.3,2.6,-13.4,12.9,1.116,25,3,0,0,3
60.8,23,isocontour,11.283791670955125,40061.63,84.3,-19.6,7.0,0.987,1.7,1.0,2.0,-13.4,12.9,1.116,25,3,0,0,3
60.8,24,isocontour,11.283791670955125,36940.87,77.74,-0.6,-20.6,1.0,0.9,0.1,0.9,-13.4,13.0,1.113,25,2,0,0,2
60.8,25,isocontour,11.283791670955125,35498.48,74.7,-13.6,13.0,1.105,-0.9,-1.5,1.7,-13.6,13.0,1.116,25,3,0,0,3
60.8,Target,,,,,0.0,0.0,4.023,0.0,0.0,,,,,,,,,
60.9,1,isocontour,11.283791670955125,35359.29,74.41,19.8,6.3,0.992,-1.3,0.6,1.4,-13.4,13.0,1.115,25,6,0,0,6
60.9,2,isocontour,11.283791670955125,33950.41,71.44,8.9,18.8,0.99,2.3,-1.3,2.6,-13.4,12.9,1.116,25,3,0,0,3
60.9,3,isocontour,11.283791670955125,35340.11,74.37,15.2,13.8,1.002,1.0,1.2,1.6,-13.4,12.9,1.116,25,5,0,0,5
60.9,4,isocontour,11.283791670955125,38553.42,81.13,18.6,6.0,1.059,-1.8,1.2,2.2,-13.4,13.0,1.115,25,6,0,0,6
60.9,5,isocontour,11.283791670955125,36602.8,77.03,18.2,6.5,1.071,-0.4,1.0,1.1,-13.4,13.0,1.115,25,6,0,0,6
60.9,6,isocontour,11.283791670955125,37942.29,79.84,17.6,-7.6,1.084,-1.7,-1.8,2.5,-13.4,13.0,1.113,25,5,0,0,5
60.9,7,isocontour,11.283791670955125,36807.68,77.46,-18.7,8.6,0.997,0.5,-0.7,0.9,-13.4,12.9,1.116,25,3,0,0,3
60.9,8,isocontour,11.283791670955125,38389.2,80.79,18.2,-7.3,1.057,-1.9,-0.9,2.1,-13.4,13.0,1.113,25,5,0,0,5
60.9,9,isocontour,11.283791670955125,35996.59,75.75,20.8,-0.1,0.987,-0.4,-0.5,0.6,-13.4,13.0,1.113,25,7,0,0,7
60.9,10,isocontour,11.283791670955125,36106.17,75.98,17.8,-10.9,0.985,-1.3,-0.4,1.4,-13.4,13.0,1.113,25,5,0,0,5
60.9,11,isocontour,11.283791670955125,37369.98,78.64,-18.6,-7.2,1.036,0.6,-0.7,0.9,-13.4,12.9,1.116,25,3,0,0,3
60.9,12,isocontour,11.283791670955125,36401.43,76.6,-15.2,-14.0,0.998,-0.9,1.1,1.4,-13.4,12.9,1.116,25,3,0,0,3
60.9,13,isocontour,11.283791670955125,35240.45,74.16,20.6,-2.3,0.991,-0.5,2.8,2.8,-13.4,13.0,1.113,25,7,0,0,7
60.9,14,isocontour,11.283791670955125,35475.6,74.65,14.0,-15.2,0.996,0.6,0.8,1.0,-13.4,13.0,1.113,25,4,0,0,4
60.9,15,isocontour,11.283791670955125,34690.47,73.0,0.3,20.8,0.988,0.8,-0.5,0.9,-13.4,12.9,1.116,25,2,0,0,2
60.9,16,isocontour,11.283791670955125,46832.92,98.55,-24.2,21.6,0.526,-0.4,0.9,1.0,-24.2,21.6,0.532,16,0,0,0,0
60.9,17,isocontour,11.283791670955125,35317.07,74.32,15.9,13.1,1.001,-0.6,-2.8,2.9,-13.4,12.9,1.116,25,5,0,0,5
60.9,18,isocontour,11.283791670955125,39843.96,83.85,-8.2,19.1,0.987,2.6,0.1,2.6,-13.4,12.9,1.116,25,2,0,0,2
60.9,19,isocontour,11.283791670955125,36472.75,76.75,-20.8,0.4,0.989,1.0,0.8,1.3,-13.4,12.9,1.116,25,4,0,0,4
60.9,20,isocontour,11.283791670955125,36496.47,76.8,6.3,-19.6,0.998,-2.3,0.8,2.4,-13.4,13.0,1.113,25,2,0,0,2
60.9,21,isocontour,11.283791670955125,35457.71,74.62,-8.6,-19.0,0.984,4.3,-1.5,4.6,-13.4,13.0,1.115,25,2,0,0,2
60.9,22,isocontour,11.283791670955125,38305.69,80.61,-19.9,-6.6,0.979,-0.3,-2.3,2.3,-13.4,12.9,1.116,25,3,0,0,3
60.9,23,isocontour,11.283791670955125,40023.62,84.22,-19.5,7.2,0.991,1.5,2.7,3.1,-13.4,12.9,1.116,25,3,0,0,3
60.9,24,isocontour,11.283791670955125,36939.66,77.73,-0.6,-20.6,0.999,-1.0,-0.2,1.0,-13.4,13.0,1.113,25,2,0,0,2
60.9,25,isocontour,11.283791670955125,35488.18,74.68,-13.7,12.8,1.109,-0.8,-1.8,2.0,-13.7,12.8,1.116,25,3,0,0,3
60.9,Target,,,,,0.0,0.0,4.023,0.0,0.0,,,,,,,,,
61.0,1,isocontour,11.283791670955125,35342.44,74.37,19.8,6.1,0.991,1.2,-2.0,2.3,-13.4,12.9,1.116,25,6,0,0,6
61.0,2,isocontour,11.283791670955125,33948.56,71.44,8.9,18.8,0.988,-0.7,0.9,1.1,-13.4,12.9,1.116,25,3,0,0,3
61.0,3,isocontour,11.283791670955125,35316.83,74.32,15.2,14.0,0.994,-0.6,2.5,2.6,-13.4,12.9,1.116,25,5,0,0,5
61.0,4,isocontour,11.283791670955125,38520.64,81.06,18.5,6.3,1.06,-0.9,2.8,2.9,-13.4,12.9,1.116,25,6,0,0,6
61.0,5,isocontour,11.283791670955125,36600.31,77.02,18.2,6.7,1.07,-0.2,1.2,1.2,-13.4,12.9,1.116,25,6,0,0,6
61.0,6,isocontour,11.283791670955125,37938.33,79.84,17.4,-7.7,1.088,-1.2,-0.9,1.5,-13.4,13.0,1.113,25,5,0,0,5
61.0,7,isocontour,11.283791670955125,36729.34,77.29,-18.8,8.9,0.987,-0.8,3.9,4.0,-13.4,12.9,1.116,25,3,0,0,3
61.0,8,isocontour,11.283791670955125,38365.93,80.74,18.1,-7.5,1.057,-0.8,-2.5,2.6,-13.4,13.0,1.113,25,5,0,0,5
61.0,9,isocontour,11.283791670955125,35993.45,75.74,20.7,-0.0,0.993,-1.2,0.7,1.4,-13.4,13.0,1.115,25,7,0,0,7
61.0,10,isocontour,11.283791670955125,36097.04,75.96,17.7,-10.8,0.991,-0.0,1.9,1.9,-13.4,13.0,1.113,25,5,0,0,5
61.0,11,isocontour,11.283791670955125,37343.1,78.58,-18.5,-7.4,1.037,1.2,-2.5,2.8,-13.4,12.9,1.116,25,3,0,0,3
61.0,12,isocontour,11.283791670955125,36396.22,76.59,-15.3,-13.8,0.998,-1.0,1.2,1.6,-13.4,12.9,1.116,25,3,0,0,3
61.0,13,isocontour,11.283791670955125,35239.31,74.16,20.6,-2.4,0.991,0.1,-0.9,0.9,-13.4,13.0,1.115,25,7,0,0,7
61.0,14,isocontour,11.283791670955125,35474.97,74.65,14.0,-15.2,0.995,-0.4,-0.7,0.8,-13.4,13.0,1.113,25,4,0,0,4
61.0,15,isocontour,11.283791670955125,34663.59,72.95,0.5,20.7,0.991,2.7,-0.5,2.7,-13.4,12.9,1.116,25,2,0,0,2
61.0,16,isocontour,11.283791670955125,46831.82,98.55,-24.2,21.5,0.527,-0.2,-0.9,0.9,-24.2,21.5,0.532,16,0,0,0,0
61.0,17,isocontour,11.283791670955125,35315.93,74.32,15.8,13.1,1.002,-0.5,0.8,0.9,-13.4,12.9,1.116,25,5,0,0,5
61.0,18,isocontour,11.283791670955125,39843.11,83.84,-8.1,19.2,0.988,0.8,0.3,0.9,-13.4,12.9,1.116,25,2,0,0,2
61.0,19,isocontour,11.283791670955125,36441.92,76.69,-20.7,0.6,0.993,0.6,2.8,2.9,-13.4,12.9,1.116,25,4,0,0,4
61.0,20,isocontour,11.283791670955125,36483.7,76.78,6.1,-19.7,0.994,-1.5,-1.5,2.1,-13.4,13.0,1.113,25,2,0,0,2
61.0,21,isocontour,11.283791670955125,35453.75,74.61,-8.4,-19.0,0.99,1.1,1.0,1.5,-13.4,12.9,1.116,25,2,0,0,2
61.0,22,isocontour,11.283791670955125,38277.64,80.55,-19.7,-6.9,0.983,1.8,-2.2,2.8,-13.4,12.9,1.116,25,3,0,0,3
61.0,23,isocontour,11.283791670955125,40008.81,84.19,-19.6,7.1,0.986,-1.6,-1.6,2.3,-13.4,12.9,1.116,25,3,0,0,3
61.0,24,isocontour,11.283791670955125,36925.04,77.7,-0.7,-20.8,0.989,-1.0,-2.0,2.2,-13.4,13.0,1.115,25,2,0,0,2
61.0,25,isocontour,11.283791670955125,35487.36,74.68,-13.7,12.8,1.11,-0.6,-0.5,0.8,-13.7,12.8,1.116,25,3,0,0,3
61.0,Target,,,,,0.0,0.0,4.023,0.0,0.0,,,,,,,,,
61.1,1,isocontour,11.283791670955125,35296.64,74.28,20.1,6.0,0.976,3.3,-0.4,3.3,-13.4,12.9,1.116,25,6,0,0,6
61.1,2,isocontour,11.283791670955125,33947.04,71.44,8.8,18.9,0.988,-1.0,0.3,1.0,-13.4,12.9,1.116,25,3,0,0,3
61.1,3,isocontour,11.283791670955125,35229.26,74.14,15.0,14.3,0.991,-2.5,3.2,4.1,-13.4,12.9,1.116,25,5,0,0,5
61.1,4,isocontour,11.283791670955125,38518.38,81.06,18.5,6.4,1.059,-0.3,1.2,1.2,-13.4,12.9,1.116,25,6,0,0,6
61.1,5,isocontour,11.283791670955125,36487.7,76.78,18.1,7.0,1.07,-1.6,4.2,4.5,-13.4,12.9,1.116,25,6,0,0,6
61.1,6,isocontour,11.283791670955125,37937.45,79.83,17.5,-7.8,1.085,0.4,-0.8,0.9,-13.4,13.0,1.115,25,5,0,0,5
61.1,7,isocontour,11.283791670955125,36722.05,77.28,-18.9,8.9,0.983,-1.2,-1.3,1.8,-13.4,12.9,1.116,25,3,0,0,3
61.1,8,isocontour,11.283791670955125,38357.49,80.72,18.0,-7.7,1.056,-0.6,-1.8,1.9,-13.4,13.0,1.115,25,5,0,0,5
61.1,9,isocontour,11.283791670955125,35969.37,75.69,20.8,0.2,0.991,0.7,2.6,2.7,-13.4,12.9,1.116,25,7,0,0,7
61.1,10,isocontour,11.283791670955125,36096.23,75.96,17.7,-10.8,0.989,0.0,-0.8,0.8,-13.4,13.0,1.115,25,5,0,0,5
61.1,11,isocontour,11.283791670955125,37339.82,78.58,-18.4,-7.5,1.042,1.2,-0.6,1.3,-13.4,12.9,1.116,25,3,0,0,3
61.1,12,isocontour,11.283791670955125,36395.75,76.59,-15.3,-13.9,0.998,0.4,-0.6,0.7,-13.4,12.9,1.116,25,3,0,0,3
61.1,13,isocontour,11.283791670955125,35186.56,74.05,20.8,-2.6,0.977,2.6,-2.3,3.5,-13.4,12.9,1.116,25,7,0,0,7
61.1,14,isocontour,11.283791670955125,35460.35,74.62,14.1,-15.3,0.985,1.7,-1.4,2.2,-13.4,13.0,1.113,25,4,0,0,4
61.1,15,isocontour,11.283791670955125,34661.89,72.94,0.5,20.7,0.993,-1.0,-0.3,1.0,-13.4,12.9,1.116,25,2,0,0,2
61.1,16,isocontour,11.283791670955125,46830.72,98.55,-24.2,21.6,0.526,0.4,0.9,1.0,-24.2,21.6,0.532,16,0,0,0,0
61.1,17,isocontour,11.283791670955125,35284.46,74.25,15.7,13.3,1.001,-1.7,2.4,2.9,-13.4,12.9,1.116,25,5,0,0,5
61.1,18,isocontour,11.283791670955125,39841.91,83.84,-8.0,19.2,0.987,0.9,0.5,1.0,-13.4,12.9,1.116,25,2,0,0,2
61.1,19,isocontour,11.283791670955125,36440.56,76.68,-20.7,0.8,0.993,0.0,1.0,1.0,-13.4,12.9,1.116,25,4,0,0,4
61.1,20,isocontour,11.283791670955125,36480.64,76.77,6.2,-19.8,0.989,1.1,-0.7,1.3,-13.4,13.0,1.115,25,2,0,0,2
61.1,21,isocontour,11.283791670955125,35431.25,74.56,-8.2,-19.1,0.989,2.2,-1.5,2.7,-13.4,12.9,1.116,25,2,0,0,2
61.1,22,isocontour,11.283791670955125,38258.79,80.51,-19.6,-7.1,0.985,1.1,-2.2,2.5,-13.4,12.9,1.116,25,3,0,0,3
61.1,23,isocontour,11.283791670955125,39992.58,84.16,-19.7,6.9,0.982,-1.5,-1.8,2.3,-13.4,12.9,1.116,25,3,0,0,3
61.1,24,isocontour,11.283791670955125,36909.22,77.67,-0.5,-20.8,0.986,2.3,-0.4,2.3,-13.4,12.9,1.116,25,2,0,0,2
61.1,25,isocontour,11.283791670955125,35472.15,74.65,-13.9,12.8,1.101,-2.3,-0.1,2.3,-13.9,12.8,1.116,25,3,0,0,3
61.1,Target,,,,,0.0,0.0,4.023,0.0,0.0,,,,,,,,,
61.2,1,isocontour,11.283791670955125,35277.56,74.24,20.2,6.2,0.969,0.3,2.4,2.4,-13.4,12.9,1.116,25,6,0,0,6
61.2,2,isocontour,11.283791670955125,33939.63,71.42,8.8,18.7,0.995,0.4,-1.7,1.7,-13.4,12.9,1.116,25,3,0,0,3
61.2,3,isocontour,11.283791670955125,35200.9,74.08,15.0,14.6,0.979,1.1,2.6,2.8,-13.4,12.9,1.116,25,5,0,0,5
61.2,4,isocontour,11.283791670955125,38491.5,81.0,18.4,6.7,1.057,-0.5,2.7,2.7,-13.4,12.9,1.116,25,6,0,0,6
61.2,5,isocontour,11.283791670955125,36483.31,76.77,18.0,7.2,1.067,-0.0,1.5,1.5,-13.4,12.9,1.116,25,6,0,0,6
61.2,6,isocontour,11.283791670955125,37936.99,79.83,17.4,-7.8,1.088,-0.7,0.1,0.7,-13.4,12.9,1.116,25,5,0,0,5
61.2,7,isocontour,11.283791670955125,36698.78,77.23,-18.9,8.6,0.987,-0.1,-2.6,2.6,-13.4,12.9,1.116,25,3,0,0,3
61.2,8,isocontour,11.283791670955125,38317.25,80.63,18.3,-7.6,1.046,2.9,1.3,3.2,-13.4,12.9,1.116,25,5,0,0,5
61.2,9,isocontour,11.283791670955125,35967.53,75.69,20.8,0.2,0.985,1.0,-0.5,1.1,-13.4,12.9,1.116,25,6,0,0,6
61.2,10,isocontour,11.283791670955125,36093.09,75.95,17.8,-10.7,0.989,0.8,1.1,1.4,-13.4,12.9,1.116,25,4,0,0,4
61.2,11,isocontour,11.283791670955125,37316.81,78.53,-18.3,-7.7,1.042,0.8,-2.5,2.6,-13.4,12.9,1.116,25,3,0,0,3
61.2,12,isocontour,11.283791670955125,36373.77,76.54,-15.1,-14.1,0.996,1.4,-2.1,2.5,-13.4,12.9,1.116,25,3,0,0,3
61.2,13,isocontour,11.283791670955125,35185.16,74.04,20.8,-2.7,0.977,-0.6,-0.8,1.0,-13.4,12.9,1.116,25,7,0,0,7
61.2,14,isocontour,11.283791670955125,35452.31,74.61,14.0,-15.4,0.986,-1.7,-0.7,1.8,-13.4,13.0,1.115,25,4,0,0,4
61.2,15,isocontour,11.283791670955125,34660.32,72.94,0.4,20.6,0.996,-0.8,-0.7,1.1,-13.4,12.9,1.116,25,2,0,0,2
61.2,16,isocontour,11.283791670955125,46829.62,98.55,-24.2,21.7,0.524,-0.2,0.9,0.9,-24.2,21.7,0.532,16,0,0,0,0
61.2,17,isocontour,11.283791670955125,35284.21,74.25,15.7,13.3,1.002,0.1,-0.6,0.6,-13.4,12.9,1.116,25,5,0,0,5
61.2,18,isocontour,11.283791670955125,39824.84,83.81,-7.8,19.2,0.994,2.3,-0.7,2.4,-13.4,12.9,1.116,25,2,0,0,2
61.2,19,isocontour,11.283791670955125,36416.49,76.63,-20.7,0.6,0.991,-0.4,-2.6,2.6,-13.4,12.9,1.116,25,4,0,0,4
61.2,20,isocontour,11.283791670955125,36479.87,76.77,6.3,-19.8,0.987,0.8,0.1,0.8,-13.4,12.9,1.116,25,2,0,0,2
61.2,21,isocontour,11.283791670955125,35366.28,74.42,-8.4,-18.9,0.994,-2.8,2.4,3.7,-13.4,12.9,1.116,25,2,0,0,2
61.2,22,isocontour,11.283791670955125,38233.9,80.46,-19.4,-7.2,0.994,2.3,-1.3,2.6,-13.4,12.9,1.116,25,3,0,0,3
61.2,23,isocontour,11.283791670955125,39991.99,84.16,-19.8,6.9,0.982,-0.1,-0.8,0.8,-13.4,12.9,1.116,25,3,0,0,3
61.2,24,isocontour,11.283791670955125,36899.08,77.65,-0.5,-20.7,0.995,0.4,2.0,2.0,-13.4,12.9,1.116,25,2,0,0,2
61.2,25,isocontour,11.283791670955125,35450.17,74.6,-14.2,12.7,1.09,-2.6,-0.2,2.6,-14.2,12.7,1.116,25,3,0,0,3
61.2,Target,,,,,0.0,0.0,4.023,0.0,0.0,,,,,,,,,
61.3,1,isocontour,11.283791670955125,35274.07,74.23,20.1,6.3,0.973,-1.2,0.6,1.3,-13.4,12.9,1.116,25,6,0,0,6
61.3,2,isocontour,11.283791670955125,33938.19,71.42,8.8,18.8,0.992,-0.1,1.0,1.0,-13.4,12.9,1.116,25,3,0,0,3
61.3,3,isocontour,11.283791670955125,35195.89,74.07,14.9,14.7,0.98,-1.5,0.6,1.6,-13.4,12.9,1.116,25,5,0,0,5
61.3,4,isocontour,11.283791670955125,38458.39,80.93,18.3,6.9,1.057,-1.0,2.8,3.0,-13.4,12.9,1.116,25,6,0,0,6
61.3,5,isocontour,11.283791670955125,36461.33,76.73,18.0,7.5,1.063,-0.3,2.6,2.6,-13.4,12.9,1.116,25,6,0,0,6
61.3,6,isocontour,11.283791670955125,37921.98,79.8,17.6,-7.9,1.077,1.9,-1.3,2.3,-13.4,12.9,1.116,25,5,0,0,5
61.3,7,isocontour,11.283791670955125,36695.91,77.22,-18.9,8.5,0.993,0.7,-1.1,1.3,-13.4,12.9,1.116,25,3,0,0,3
61.3,8,isocontour,11.283791670955125,38307.55,80.61,18.2,-7.7,1.051,-1.8,-0.7,1.9,-13.4,12.9,1.116,25,5,0,0,5
61.3,9,isocontour,11.283791670955125,35934.75,75.62,20.8,-0.1,0.989,-0.8,-2.8,2.9,-13.4,12.9,1.116,25,6,0,0,6
61.3,10,isocontour,11.283791670955125,36090.02,75.95,17.8,-10.6,0.99,0.4,1.3,1.4,-13.4,12.9,1.116,25,4,0,0,4
61.3,11,isocontour,11.283791670955125,37311.5,78.52,-18.2,-7.8,1.047,1.4,-0.7,1.6,-13.4,12.9,1.116,25,3,0,0,3
61.3,12,isocontour,11.283791670955125,36321.02,76.43,-15.3,-14.3,0.98,-2.2,-2.7,3.5,-13.4,12.9,1.116,25,3,0,0,3
61.3,13,isocontour,11.283791670955125,35182.73,74.04,20.7,-2.7,0.983,-1.1,-0.4,1.2,-13.4,12.9,1.116,25,7,0,0,7
61.3,14,isocontour,11.283791670955125,35442.9,74.59,14.0,-15.3,0.992,0.2,1.9,1.9,-13.4,12.9,1.116,25,4,0,0,4
61.3,15,isocontour,11.283791670955125,34611.99,72.84,0.6,20.8,0.986,2.5,2.2,3.3,-13.4,12.9,1.116,25,2,0,0,2
61.3,16,isocontour,11.283791670955125,46828.52,98.54,-24.2,21.6,0.524,-0.5,-0.8,0.9,-24.2,21.6,0.532,16,0,0,0,0
61.3,17,isocontour,11.283791670955125,35282.21,74.25,15.8,13.3,0.999,1.1,-0.3,1.1,-13.4,12.9,1.116,25,5,0,0,5
61.3,18,isocontour,11.283791670955125,39795.88,83.75,-8.0,19.0,0.997,-2.5,-1.4,2.9,-13.4,12.9,1.116,25,2,0,0,2
61.3,19,isocontour,11.283791670955125,36412.92,76.63,-20.8,0.6,0.987,-0.8,1.1,1.4,-13.4,12.9,1.116,25,4,0,0,4
61.3,20,isocontour,11.283791670955125,36445.06,76.69,6.1,-19.8,0.991,-3.0,-0.1,3.0,-13.4,12.9,1.116,25,2,0,0,2
61.3,21,isocontour,11.283791670955125,35353.68,74.4,-8.6,-19.0,0.986,-1.7,-1.3,2.1,-13.4,12.9,1.116,25,2,0,0,2
61.3,22,isocontour,11.283791670955125,38220.4,80.43,-19.5,-7.4,0.985,-1.7,-1.4,2.2,-13.4,12.9,1.116,25,3,0,0,3
61.3,23,isocontour,11.283791670955125,39968.45,84.11,-19.7,6.6,0.989,0.6,-2.6,2.7,-13.4,12.9,1.116,25,3,0,0,3
61.3,24,isocontour,11.283791670955125,36898.04,77.65,-0.4,-20.7,0.995,0.9,-0.3,0.9,-13.4,12.9,1.116,25,2,0,0,2
61.3,25,isocontour,11.283791670955125,35420.28,74.54,-14.1,12.9,1.086,1.6,2.4,2.9,-14.1,12.9,1.116,25,3,0,0,3
61.3,Target,,,,,0.0,0.0,4.023,0.0,0.0,,,,,,,,,
61.4,1,isocontour,11.283791670955125,35248.05,74.18,20.0,6.5,0.975,-1.1,2.5,2.7,-13.4,12.9,1.116,25,6,0,0,6
61.4,2,isocontour,11.283791670955125,33934.47,71.41,8.7,18.9,0.987,-0.7,1.3,1.5,-13.4,12.9,1.116,25,3,0,0,3
61.4,3,isocontour,11.283791670955125,35186.77,74.05,15.0,14.6,0.982,1.1,-1.6,1.9,-13.4,12.9,1.116,25,5,0,0,5
61.4,4,isocontour,11.283791670955125,38452.37,80.92,18.2,7.1,1.061,-1.3,1.0,1.6,-13.4,12.9,1.116,25,6,0,0,6
61.4,5,isocontour,11.283791670955125,36426.18,76.65,17.9,7.7,1.062,-1.1,2.8,3.0,-13.4,12.9,1.116,25,6,0,0,6
61.4,6,isocontour,11.283791670955125,37903.59,79.76,17.6,-8.1,1.07,-0.1,-2.4,2.4,-13.4,12.9,1.116,25,5,0,0,5
61.4,7,isocontour,11.283791670955125,36695.52,77.22,-18.9,8.5,0.992,-0.5,-0.4,0.6,-13.4,12.9,1.116,25,3,0,0,3
61.4,8,isocontour,11.283791670955125,38303.67,80.61,18.1,-7.8,1.051,-0.3,-1.4,1.4,-13.4,12.9,1.116,25,5,0,0,5
61.4,9,isocontour,11.283791670955125,35904.86,75.56,20.7,-0.3,0.994,-1.0,-2.7,2.9,-13.4,12.9,1.116,25,7,0,0,7
61.4,10,isocontour,11.283791670955125,36067.78,75.9,17.7,-10.7,0.998,-2.4,-1.0,2.6,-13.4,12.9,1.116,25,5,0,0,5
61.4,11,isocontour,11.283791670955125,37289.77,78.47,-18.3,-7.7,1.045,-1.6,2.0,2.6,-13.4,12.9,1.116,25,3,0,0,3
61.4,12,isocontour,11.283791670955125,36320.91,76.43,-15.3,-14.4,0.976,0.2,-0.4,0.4,-13.4,12.9,1.116,25,3,0,0,3
61.4,13,isocontour,11.283791670955125,35159.45,73.99,20.6,-2.9,0.989,-1.5,-2.1,2.6,-13.4,12.9,1.116,25,7,0,0,7
61.4,14,isocontour,11.283791670955125,35412.39,74.52,14.2,-15.1,0.992,2.3,1.7,2.9,-13.4,12.9,1.116,25,4,0,0,4
61.4,15,isocontour,11.283791670955125,34475.19,72.55,0.2,20.8,0.987,-4.7,-0.4,4.7,-13.4,12.9,1.116,25,2,0,0,2
61.4,16,isocontour,11.283791670955125,46827.42,98.54,-24.3,21.6,0.522,-0.7,0.7,1.0,-24.3,21.6,0.532,16,0,0,0,0
61.4,17,isocontour,11.283791670955125,35282.09,74.25,15.8,13.3,0.999,-0.4,0.2,0.4,-13.4,12.9,1.116,25,5,0,0,5
61.4,18,isocontour,11.283791670955125,39795.27,83.74,-8.0,19.0,0.999,0.8,-0.2,0.8,-13.4,12.9,1.116,25,2,0,0,2
61.4,19,isocontour,11.283791670955125,36411.17,76.62,-20.8,0.7,0.985,-0.1,1.1,1.1,-13.4,12.9,1.116,25,4,0,0,4
61.4,20,isocontour,11.283791670955125,36438.26,76.68,6.0,-20.0,0.984,0.0,-1.7,1.7,-13.4,12.9,1.116,25,2,0,0,2
61.4,21,isocontour,11.283791670955125,35349.88,74.39,-8.5,-19.1,0.982,1.0,-1.0,1.4,-13.4,12.9,1.116,25,2,0,0,2
61.4,22,isocontour,11.283791670955125,38194.1,80.37,-19.7,-7.3,0.976,-2.3,1.4,2.7,-13.4,12.9,1.116,25,3,0,0,3
61.4,23,isocontour,11.283791670955125,39954.02,84.08,-19.7,6.8,0.988,0.2,2.2,2.2,-13.4,12.9,1.116,25,3,0,0,3
61.4,24,isocontour,11.283791670955125,36883.99,77.62,-0.5,-20.8,0.986,-1.0,-2.0,2.2,-13.4,12.9,1.116,25,2,0,0,2
61.4,25,isocontour,11.283791670955125,35417.42,74.53,-14.0,13.0,1.089,1.2,0.5,1.3,-14.0,13.0,1.116,25,3,0,0,3
61.4,Target,,,,,0.0,0.0,4.023,0.0,0.0,,,,,,,,,
61.5,1,isocontour,11.283791670955125,35211.13,74.1,19.8,6.8,0.981,-2.1,2.3,3.1,-13.4,12.9,1.116,25,6,0,0,6
61.5,2,isocontour,11.283791670955125,33934.02,71.41,8.8,18.9,0.984,0.7,0.2,0.7,-13.4,12.9,1.116,25,3,0,0,3
61.5,3,isocontour,11.283791670955125,35184.72,74.04,15.1,14.5,0.983,0.7,-1.0,1.2,-13.4,12.9,1.116,25,5,0,0,5
61.5,4,isocontour,11.283791670955125,38419.25,80.85,18.0,7.3,1.066,-1.7,2.4,2.9,-13.4,12.9,1.116,25,6,0,0,6
61.5,5,isocontour,11.283791670955125,36411.75,76.62,17.9,8.0,1.058,-0.1,2.2,2.2,-13.4,12.9,1.116,25,6,0,0,6
61.5,6,isocontour,11.283791670955125,37881.86,79.72,17.7,-8.4,1.058,1.6,-2.0,2.6,-13.4,12.9,1.116,25,5,0,0,5
61.5,7,isocontour,11.283791670955125,36693.63,77.22,-18.9,8.5,0.99,0.1,1.1,1.1,-13.4,12.9,1.116,25,3,0,0,3
61.5,8,isocontour,11.283791670955125,38281.43,80.56,18.1,-8.0,1.044,0.3,-2.6,2.6,-13.4,12.9,1.116,25,5,0,0,5
61.5,9,isocontour,11.283791670955125,35878.27,75.5,20.7,-0.1,0.993,0.3,2.7,2.7,-13.4,12.9,1.116,25,7,0,0,7
61.5,10,isocontour,11.283791670955125,36065.94,75.9,17.6,-10.8,0.999,-0.6,-0.9,1.1,-13.4,12.9,1.116,25,5,0,0,5
61.5,11,isocontour,11.283791670955125,37276.64,78.44,-18.4,-7.5,1.04,-1.5,1.6,2.2,-13.4,12.9,1.116,25,3,0,0,3
61.5,12,isocontour,11.283791670955125,36299.18,76.39,-15.1,-14.5,0.98,2.3,-1.1,2.5,-13.4,12.9,1.116,25,3,0,0,3
61.5,13,isocontour,11.283791670955125,35130.79,73.93,20.5,-3.2,0.993,-1.0,-2.6,2.8,-13.4,12.9,1.116,25,7,0,0,7
61.5,14,isocontour,11.283791670955125,35289.68,74.26,14.0,-15.4,0.989,-3.0,-3.5,4.6,-13.4,12.9,1.116,25,4,0,0,4
61.5,15,isocontour,11.283791670955125,34438.27,72.47,-0.1,20.8,0.99,-3.0,-0.6,3.1,-13.4,12.9,1.116,25,2,0,0,2
61.5,16,isocontour,11.283791670955125,46826.32,98.54,-24.3,21.6,0.524,0.8,-0.5,0.9,-24.3,21.6,0.532,16,0,0,0,0
61.5,17,isocontour,11.283791670955125,35273.39,74.23,15.6,13.4,1.002,-1.6,0.9,1.8,-13.4,12.9,1.116,25,5,0,0,5
61.5,18,isocontour,11.283791670955125,39758.35,83.67,-8.2,18.9,0.998,-2.9,-0.9,3.0,-13.4,12.9,1.116,25,2,0,0,2
61.5,19,isocontour,11.283791670955125,36380.02,76.56,-20.8,1.0,0.988,0.7,2.8,2.9,-13.4,12.9,1.116,25,4,0,0,4
61.5,20,isocontour,11.283791670955125,36316.35,76.42,6.4,-19.8,0.986,4.1,2.1,4.6,-13.4,12.9,1.116,25,2,0,0,2
61.5,21,isocontour,11.283791670955125,35344.87,74.38,-8.4,-19.2,0.98,1.3,-0.9,1.6,-13.4,12.9,1.116,25,2,0,0,2
61.5,22,isocontour,11.283791670955125,38187.18,80.36,-19.7,-7.1,0.978,0.2,1.7,1.7,-13.4,12.9,1.116,25,3,0,0,3
61.5,23,isocontour,11.283791670955125,39916.38,84.0,-19.5,7.0,0.991,1.8,2.5,3.1,-13.4,12.9,1.116,25,3,0,0,3
61.5,24,isocontour,11.283791670955125,36872.75,77.59,-0.6,-21.0,0.976,-1.0,-1.8,2.1,-13.4,12.9,1.116,25,2,0,0,2
61.5,25,isocontour,11.283791670955125,35385.62,74.46,-13.8,13.2,1.089,2.0,2.1,2.9,-13.8,13.2,1.116,25,3,0,0,3
61.5,Target,,,,,0.0,0.0,4.023,0.0,0.0,,,,,,,,,
61.6,1,isocontour,11.283791670955125,35206.3,74.09,19.6,6.8,0.989,-1.5,0.2,1.5,-13.4,12.9,1.116,25,6,0,0,6
61.6,2,isocontour,11.283791670955125,33906.85,71.35,9.0,18.8,0.988,2.1,-1.8,2.8,-13.4,12.9,1.116,25,3,0,0,3
61.6,3,isocontour,11.283791670955125,35161.44,73.99,15.0,14.2,0.995,-1.2,-2.4,2.7,-13.4,12.9,1.116,25,5,0,0,5
61.6,4,isocontour,11.283791670955125,38383.75,80.77,17.9,7.5,1.069,-1.5,2.6,3.0,-13.4,12.9,1.116,25,6,0,0,6
61.6,5,isocontour,11.283791670955125,36408.1,76.62,17.8,8.1,1.061,-1.2,0.8,1.4,-13.4,12.9,1.116,25,5,0,0,5
61.6,6,isocontour,11.283791670955125,37816.89,79.58,17.6,-8.7,1.058,-1.9,-3.2,3.7,-13.4,12.9,1.116,25,5,0,0,5
61.6,7,isocontour,11.283791670955125,36659.84,77.15,-18.9,8.8,0.985,0.3,3.0,3.0,-13.4,12.9,1.116,25,3,0,0,3
61.6,8,isocontour,11.283791670955125,38272.31,80.54,18.3,-8.1,1.034,1.9,-0.3,1.9,-13.4,12.9,1.116,25,5,0,0,5
61.6,9,isocontour,11.283791670955125,35869.01,75.48,20.9,-0.1,0.984,1.9,0.2,1.9,-13.4,12.9,1.116,25,7,0,0,7
61.6,10,isocontour,11.283791670955125,35961.43,75.68,17.4,-11.1,0.995,-1.6,-4.0,4.3,-13.4,12.9,1.116,25,5,0,0,5
61.6,11,isocontour,11.283791670955125,37245.49,78.38,-18.5,-7.2,1.042,-0.7,2.8,2.9,-13.4,12.9,1.116,25,3,0,0,3
61.6,12,isocontour,11.283791670955125,36262.26,76.31,-15.2,-14.3,0.985,-1.4,2.7,3.0,-13.4,12.9,1.116,25,3,0,0,3
61.6,13,isocontour,11.283791670955125,35102.14,73.87,20.5,-3.0,0.992,0.6,2.7,2.8,-13.4,12.9,1.116,25,6,0,0,6
61.6,14,isocontour,11.283791670955125,35288.95,74.26,13.9,-15.5,0.988,-0.6,-0.6,0.8,-13.4,12.9,1.116,25,4,0,0,4
61.6,15,isocontour,11.283791670955125,34435.6,72.47,-0.2,20.7,0.993,-1.1,-0.5,1.2,-13.4,12.9,1.116,25,2,0,0,2
61.6,16,isocontour,11.283791670955125,46825.22,98.54,-24.3,21.7,0.522,-0.5,0.8,0.9,-24.3,21.7,0.532,16,0,0,0,0
61.6,17,isocontour,11.283791670955125,35248.77,74.18,15.5,13.6,0.998,-1.0,2.5,2.7,-13.4,12.9,1.116,25,5,0,0,5
61.6,18,isocontour,11.283791670955125,39731.47,83.61,-8.4,19.1,0.985,-1.6,2.2,2.7,-13.4,12.9,1.116,25,2,0,0,2
61.6,19,isocontour,11.283791670955125,36378.17,76.55,-20.7,1.1,0.991,0.6,0.9,1.1,-13.4,12.9,1.116,25,4,0,0,4
61.6,20,isocontour,11.283791670955125,36291.18,76.37,6.6,-19.6,0.993,1.7,2.1,2.7,-13.4,12.9,1.116,25,2,0,0,2
61.6,21,isocontour,11.283791670955125,35343.87,74.38,-8.3,-19.2,0.983,0.9,0.3,0.9,-13.4,12.9,1.116,25,2,0,0,2
61.6,22,isocontour,11.283791670955125,38184.97,80.36,-19.7,-7.0,0.984,0.8,0.9,1.2,-13.4,12.9,1.116,25,3,0,0,3
61.6,23,isocontour,11.283791670955125,39915.1,84.0,-19.4,7.0,0.996,0.9,-0.5,1.0,-13.4,12.9,1.116,25,3,0,0,3
61.6,24,isocontour,11.283791670955125,36864.97,77.58,-0.6,-20.9,0.983,0.1,1.8,1.8,-13.4,12.9,1.116,25,2,0,0,2
61.6,25,isocontour,11.283791670955125,35367.68,74.43,-13.7,13.4,1.085,0.9,2.2,2.4,-13.7,13.4,1.116,25,3,0,0,3
61.6,Target,,,,,0.0,0.0,4.023,0.0,0.0,,,,,,,,,
61.7,1,isocontour,11.283791670955125,35204.15,74.08,19.5,6.9,0.993,-0.9,0.8,1.2,-13.4,12.9,1.116,25,6,0,0,6
61.7,2,isocontour,11.283791670955125,33881.96,71.3,9.2,18.6,0.991,2.1,-1.6,2.6,-13.4,12.9,1.116,25,3,0,0,3
61.7,3,isocontour,11.283791670955125,35132.78,73.93,14.8,14.4,0.995,-1.7,2.2,2.8,-13.4,12.9,1.116,25,5,0,0,5
61.7,4,isocontour,11.283791670955125,38380.47,80.77,17.8,7.5,1.076,-1.0,-0.9,1.3,-13.4,12.9,1.116,25,6,0,0,6
61.7,5,isocontour,11.283791670955125,36406.89,76.61,17.7,8.2,1.062,-0.6,0.8,1.0,-13.4,12.9,1.116,25,5,0,0,5
61.7,6,isocontour,11.283791670955125,37814.21,79.58,17.7,-8.7,1.053,1.2,0.2,1.2,-13.4,12.9,1.116,25,5,0,0,5
61.7,7,isocontour,11.283791670955125,36656.12,77.14,-19.0,8.9,0.978,-1.0,1.0,1.4,-13.4,12.9,1.116,25,3,0,0,3
61.7,8,isocontour,11.283791670955125,38264.14,80.52,18.2,-8.2,1.033,-0.9,-1.6,1.8,-13.4,12.9,1.116,25,5,0,0,5
61.7,9,isocontour,11.283791670955125,35868.37,75.48,20.8,-0.1,0.986,-0.7,0.3,0.8,-13.4,12.9,1.116,25,6,0,0,6
61.7,10,isocontour,11.283791670955125,35926.96,75.6,17.4,-11.4,0.987,0.0,-3.0,3.0,-13.4,12.9,1.116,25,4,0,0,4
61.7,11,isocontour,11.283791670955125,37244.05,78.38,-18.5,-7.1,1.044,-0.1,1.0,1.0,-13.4,12.9,1.116,25,3,0,0,3
61.7,12,isocontour,11.283791670955125,36250.68,76.29,-15.3,-14.1,0.985,-1.6,1.4,2.1,-13.4,12.9,1.116,25,3,0,0,3
61.7,13,isocontour,11.283791670955125,35083.52,73.83,20.7,-2.9,0.981,2.4,0.5,2.5,-13.4,12.9,1.116,25,6,0,0,6
61.7,14,isocontour,11.283791670955125,35256.17,74.19,13.9,-15.2,0.999,-0.2,2.9,2.9,-13.4,12.9,1.116,25,4,0,0,4
61.7,15,isocontour,11.283791670955125,34435.03,72.46,-0.2,20.7,0.993,0.8,-0.0,0.8,-13.4,12.9,1.116,25,2,0,0,2
61.7,16,isocontour,11.283791670955125,46824.12,98.54,-24.3,21.6,0.522,-0.5,-0.8,0.9,-24.3,21.6,0.532,16,0,0,0,0
61.7,17,isocontour,11.283791670955125,35240.6,74.16,15.6,13.6,0.993,1.8,-0.4,1.8,-13.4,12.9,1.116,25,5,0,0,5
61.7,18,isocontour,11.283791670955125,39720.22,83.59,-8.3,19.2,0.98,1.6,1.3,2.1,-13.4,12.9,1.116,25,2,0,0,2
61.7,19,isocontour,11.283791670955125,36352.44,76.5,-20.7,0.9,0.991,-0.2,-2.7,2.7,-13.4,12.9,1.116,25,4,0,0,4
61.7,20,isocontour,11.283791670955125,36289.78,76.37,6.5,-19.6,0.995,-1.0,-0.3,1.0,-13.4,12.9,1.116,25,2,0,0,2
61.7,21,isocontour,11.283791670955125,35322.64,74.33,-8.3,-19.0,0.995,0.8,2.4,2.5,-13.4,12.9,1.116,25,2,0,0,2
61.7,22,isocontour,11.283791670955125,38180.68,80.35,-19.6,-6.9,0.987,0.1,1.5,1.5,-13.4,12.9,1.116,25,3,0,0,3
61.7,23,isocontour,11.283791670955125,39814.13,83.78,-19.3,7.4,0.999,1.8,3.9,4.3,-13.4,12.9,1.116,25,3,0,0,3
61.7,24,isocontour,11.283791670955125,36862.17,77.57,-0.5,-20.8,0.989,0.8,1.0,1.3,-13.4,12.9,1.116,25,2,0,0,2
61.7,25,isocontour,11.283791670955125,35362.66,74.42,-13.8,13.4,1.08,-1.5,-0.4,1.6,-13.8,13.4,1.116,25,3,0,0,3
61.7,Target,,,,,0.0,0.0,4.023,0.0,0.0,,,,,,,,,
61.8,1,isocontour,11.283791670955125,35182.16,74.04,19.6,6.7,0.994,0.7,-2.5,2.6,-13.4,12.9,1.116,25,6,0,0,6
61.8,2,isocontour,11.283791670955125,33856.51,71.25,9.1,18.8,0.985,-1.5,2.3,2.7,-13.4,12.9,1.116,25,3,0,0,3
61.8,3,isocontour,11.283791670955125,35028.27,73.71,14.7,14.8,0.986,-1.5,4.1,4.4,-13.4,12.9,1.116,25,5,0,0,5
61.8,4,isocontour,11.283791670955125,38378.1,80.76,17.7,7.6,1.075,-0.1,1.2,1.2,-13.4,12.9,1.116,25,6,0,0,6
61.8,5,isocontour,11.283791670955125,36388.28,76.57,17.6,8.3,1.067,-1.7,1.7,2.4,-13.4,12.9,1.116,25,5,0,0,5
61.8,6,isocontour,11.283791670955125,37807.75,79.56,17.5,-8.7,1.057,-1.5,-0.8,1.7,-13.4,12.9,1.116,25,5,0,0,5
61.8,7,isocontour,11.283791670955125,36655.46,77.14,-19.0,8.9,0.979,0.1,-0.8,0.8,-13.4,12.9,1.116,25,3,0,0,3
61.8,8,isocontour,11.283791670955125,38258.43,80.51,18.2,-8.4,1.031,-0.3,-1.6,1.6,-13.4,12.9,1.116,25,5,0,0,5
61.8,9,isocontour,11.283791670955125,35834.59,75.41,20.7,0.2,0.992,-1.1,2.8,3.0,-13.4,12.9,1.116,25,6,0,0,6
61.8,10,isocontour,11.283791670955125,35890.04,75.53,17.2,-11.7,0.987,-2.0,-2.3,3.0,-13.4,12.9,1.116,25,4,0,0,4
61.8,11,isocontour,11.283791670955125,37214.48,78.31,-18.6,-6.8,1.044,-1.0,2.7,2.9,-13.4,12.9,1.116,25,3,0,0,3
61.8,12,isocontour,11.283791670955125,36235.47,76.25,-15.2,-14.1,0.995,2.2,0.7,2.3,-13.4,12.9,1.116,25,3,0,0,3
61.8,13,isocontour,11.283791670955125,35070.57,73.8,20.8,-2.7,0.98,0.3,2.1,2.1,-13.4,12.9,1.116,25,6,0,0,6
61.8,14,isocontour,11.283791670955125,35252.28,74.18,14.0,-15.2,0.997,1.4,0.2,1.4,-13.4,12.9,1.116,25,4,0,0,4
61.8,15,isocontour,11.283791670955125,34433.46,72.46,-0.1,20.8,0.99,0.8,0.7,1.1,-13.4,12.9,1.116,25,2,0,0,2
61.8,16,isocontour,11.283791670955125,46823.02,98.53,-24.4,21.6,0.522,-0.7,-0.7,1.0,-24.4,21.6,0.532,16,0,0,0,0
61.8,17,isocontour,11.283791670955125,35161.66,73.99,15.9,13.8,0.973,2.6,3.0,4.0,-13.4,12.9,1.116,25,5,0,0,5
61.8,18,isocontour,11.283791670955125,39698.74,83.54,-8.0,19.3,0.982,2.5,0.5,2.5,-13.4,12.9,1.116,25,2,0,0,2
61.8,19,isocontour,11.283791670955125,36301.48,76.39,-20.9,0.6,0.982,-2.1,-2.7,3.4,-13.4,12.9,1.116,25,4,0,0,4
61.8,20,isocontour,11.283791670955125,36288.12,76.36,6.5,-19.7,0.992,-0.6,-0.9,1.1,-13.4,12.9,1.116,25,2,0,0,2
61.8,21,isocontour,11.283791670955125,35321.15,74.33,-8.3,-18.8,1.002,-0.1,1.0,1.0,-13.4,12.9,1.116,25,2,0,0,2
61.8,22,isocontour,11.283791670955125,38178.88,80.34,-19.6,-6.7,0.99,0.1,1.1,1.1,-13.4,12.9,1.116,25,3,0,0,3
61.8,23,isocontour,11.283791670955125,39808.21,83.77,-19.3,7.5,0.993,-0.7,1.5,1.7,-13.4,12.9,1.116,25,3,0,0,3
61.8,24,isocontour,11.283791670955125,36842.39,77.53,-0.6,-20.6,1.0,-1.4,2.1,2.5,-13.4,12.9,1.116,25,2,0,0,2
61.8,25,isocontour,11.283791670955125,35337.49,74.36,-13.9,13.2,1.081,-1.6,-2.2,2.7,-13.9,13.2,1.116,25,3,0,0,3
61.8,Target,,,,,0.0,0.0,4.023,0.0,0.0,,,,,,,,,
61.9,1,isocontour,11.283791670955125,35139.2,73.95,19.7,6.9,0.983,1.5,2.9,3.3,-13.4,12.9,1.116,25,6,0,0,6
61.9,2,isocontour,11.283791670955125,33811.94,71.15,8.8,18.9,0.984,-3.0,1.4,3.3,-13.4,12.9,1.116,25,3,0,0,3
61.9,3,isocontour,11.283791670955125,35027.21,73.71,14.7,14.8,0.988,0.1,-0.9,0.9,-13.4,12.9,1.116,25,5,0,0,5
61.9,4,isocontour,11.283791670955125,38373.08,80.75,17.7,7.5,1.078,-0.1,-1.6,1.6,-13.4,12.9,1.116,25,6,0,0,6
61.9,5,isocontour,11.283791670955125,36384.93,76.57,17.5,8.2,1.07,0.0,-1.4,1.4,-13.4,12.9,1.116,25,5,0,0,5
61.9,6,isocontour,11.283791670955125,37805.31,79.56,17.4,-8.8,1.061,-1.1,-0.6,1.3,-13.4,12.9,1.116,25,5,0,0,5
61.9,7,isocontour,11.283791670955125,36633.48,77.09,-18.9,8.7,0.986,0.3,-2.6,2.6,-13.4,12.9,1.116,25,3,0,0,3
61.9,8,isocontour,11.283791670955125,38250.52,80.49,18.0,-8.5,1.038,-1.8,-0.4,1.8,-13.4,12.9,1.116,25,5,0,0,5
61.9,9,isocontour,11.283791670955125,35833.98,75.41,20.7,0.2,0.992,0.1,-0.8,0.8,-13.4,12.9,1.116,25,6,0,0,6
61.9,10,isocontour,11.283791670955125,35866.77,75.48,17.1,-11.9,0.988,-1.7,-2.0,2.6,-13.4,12.9,1.116,25,4,0,0,4
61.9,11,isocontour,11.283791670955125,37188.74,78.26,-18.5,-7.0,1.044,0.9,-2.6,2.8,-13.4,12.9,1.116,25,3,0,0,3
61.9,12,isocontour,11.283791670955125,36208.88,76.2,-15.3,-13.8,0.998,-1.5,2.3,2.7,-13.4,12.9,1.116,25,3,0,0,3
61.9,13,isocontour,11.283791670955125,35038.77,73.73,20.7,-2.4,0.986,-1.1,2.7,2.9,-13.4,12.9,1.116,25,6,0,0,6
61.9,14,isocontour,11.283791670955125,35250.92,74.18,14.0,-15.2,0.994,-0.3,-1.0,1.0,-13.4,12.9,1.116,25,4,0,0,4
61.9,15,isocontour,11.283791670955125,34410.45,72.41,0.1,20.8,0.988,2.6,0.3,2.6,-13.4,12.9,1.116,25,2,0,0,2
61.9,16,isocontour,11.283791670955125,46821.92,98.53,-24.5,21.5,0.522,-0.6,-0.8,1.0,-24.5,21.5,0.532,16,0,0,0,0
61.9,17,isocontour,11.283791670955125,35161.64,73.99,15.9,13.9,0.971,-0.2,-0.1,0.2,-13.4,12.9,1.116,25,5,0,0,5
61.9,18,isocontour,11.283791670955125,39676.76,83.49,-7.8,19.3,0.989,2.5,-0.4,2.5,-13.4,12.9,1.116,25,2,0,0,2
61.9,19,isocontour,11.283791670955125,36298.21,76.39,-20.9,0.7,0.984,0.9,1.0,1.3,-13.4,12.9,1.116,25,4,0,0,4
61.9,20,isocontour,11.283791670955125,36269.95,76.33,6.5,-19.9,0.98,0.9,-2.3,2.5,-13.4,12.9,1.116,25,2,0,0,2
61.9,21,isocontour,11.283791670955125,35290.32,74.26,-8.3,-19.1,0.989,-0.5,-2.8,2.8,-13.4,12.9,1.116,25,2,0,0,2
61.9,22,isocontour,11.283791670955125,38177.4,80.34,-19.7,-6.6,0.99,-0.5,0.9,1.0,-13.4,12.9,1.116,25,3,0,0,3
61.9,23,isocontour,11.283791670955125,39797.13,83.75,-19.3,7.4,0.993,-0.5,-2.0,2.1,-13.4,12.9,1.116,25,3,0,0,3
61.9,24,isocontour,11.283791670955125,36835.46,77.52,-0.7,-20.7,0.994,-0.7,-1.6,1.7,-13.4,12.9,1.116,25,2,0,0,2
61.9,25,isocontour,11.283791670955125,35330.32,74.35,-14.1,13.2,1.076,-1.7,-0.5,1.8,-14.1,13.2,1.116,25,3,0,0,3
61.9,Target,,,,,0.0,0.0,4.023,0.0,0.0,,,,,,,,,
62.0,1,isocontour,11.283791670955125,35135.85,73.94,19.8,6.9,0.976,1.3,-0.5,1.4,19.8,6.9,0.983,1,6,0,0,6
62.0,2,isocontour,11.283791670955125,33809.84,71.15,8.7,18.9,0.989,-0.7,-0.9,1.1,8.7,18.9,0.984,2,3,0,0,3
62.0,3,isocontour,11.283791670955125,35025.68,73.71,14.7,14.7,0.991,0.1,-1.0,1.0,14.7,14.7,0.988,3,5,0,0,5
62.0,4,isocontour,11.283791670955125,38372.29,80.75,17.7,7.4,1.081,-0.0,-0.8,0.8,17.7,7.4,1.078,4,6,0,0,6
62.0,5,isocontour,11.283791670955125,36368.49,76.53,17.5,8.0,1.077,-0.2,-2.3,2.3,17.5,8.0,1.07,5,6,0,0,6
62.0,6,isocontour,11.283791670955125,37804.07,79.55,17.4,-8.7,1.065,-0.1,1.0,1.0,17.4,-8.7,1.061,6,5,0,0,5
62.0,7,isocontour,11.283791670955125,36632.77,77.09,-18.9,8.6,0.99,0.2,-0.8,0.8,-18.9,8.6,0.986,7,3,0,0,3
62.0,8,isocontour,11.283791670955125,38213.6,80.42,17.8,-8.4,1.054,-2.8,1.2,3.0,17.8,-8.4,1.038,8,5,0,0,5
62.0,9,isocontour,11.283791670955125,35833.19,75.41,20.8,0.1,0.989,0.6,-0.6,0.8,20.8,0.1,0.992,9,6,0,0,6
62.0,10,isocontour,11.283791670955125,35863.04,75.47,17.0,-12.0,0.988,-0.7,-1.3,1.5,17.0,-12.0,0.988,10,4,0,0,4
62.0,11,isocontour,11.283791670955125,37163.57,78.21,-18.4,-7.3,1.043,0.9,-2.6,2.8,-18.4,-7.3,1.044,11,3,0,0,3
62.0,12,isocontour,11.283791670955125,36205.46,76.19,-15.3,-13.9,0.994,-0.2,-1.4,1.4,-15.3,-13.9,0.998,12,3,0,0,3
62.0,13,isocontour,11.283791670955125,35033.27,73.72,20.5,-2.4,0.995,-1.6,-0.1,1.6,20.5,-2.4,0.986,13,7,0,0,7
62.0,14,isocontour,11.283791670955125,35249.99,74.18,14.0,-15.3,0.992,-0.4,-0.8,0.9,14.0,-15.3,0.994,14,4,0,0,4
62.0,15,isocontour,11.283791670955125,34407.84,72.41,0.1,20.8,0.99,-1.2,-0.5,1.3,0.1,20.8,0.988,15,2,0,0,2
62.0,16,isocontour,11.283791670955125,46820.82,98.53,-24.4,21.4,0.525,0.6,-0.7,0.9,-24.4,21.4,0.522,16,0,0,0,0
62.0,17,isocontour,11.283791670955125,35135.05,73.94,15.8,13.7,0.984,-1.8,-2.1,2.8,15.8,13.7,0.971,17,5,0,0,5
62.0,18,isocontour,11.283791670955125,39673.34,83.49,-7.8,19.2,0.994,-0.7,-1.2,1.4,-7.8,19.2,0.989,18,2,0,0,2
62.0,19,isocontour,11.283791670955125,36295.14,76.38,-20.7,0.7,0.99,1.2,0.6,1.3,-20.7,0.7,0.984,19,4,0,0,4
62.0,20,isocontour,11.283791670955125,36255.52,76.3,6.6,-19.8,0.985,1.1,1.9,2.2,6.6,-19.8,0.98,20,2,0,0,2
62.0,21,isocontour,11.283791670955125,35170.0,74.01,-8.7,-18.9,0.987,-4.2,1.8,4.6,-8.7,-18.9,0.989,21,2,0,0,2
62.0,22,isocontour,11.283791670955125,38176.19,80.34,-19.7,-6.7,0.989,0.2,-1.0,1.0,-19.7,-6.7,0.99,22,3,0,0,3
62.0,23,isocontour,11.283791670955125,39793.63,83.74,-19.5,7.3,0.988,-1.4,-0.2,1.4,-19.5,7.3,0.993,23,3,0,0,3
62.0,24,isocontour,11.283791670955125,36823.22,77.49,-0.8,-20.9,0.984,-1.1,-1.8,2.1,-0.8,-20.9,0.994,24,2,0,0,2
62.0,25,isocontour,11.283791670955125,35313.68,74.31,-14.2,13.0,1.08,-0.8,-2.2,2.3,-14.2,13.0,1.076,25,3,0,0,3
62.0,Target,,,,,0.0,0.0,4.023,0.0,0.0,,,,,,,,,
62.1,1,isocontour,11.283791670955125,35103.73,73.87,19.7,6.7,0.987,-1.7,-2.4,2.9,17.7,7.4,1.081,4,6,0,0,6
62.1,2,isocontour,11.283791670955125,33804.33,71.14,8.7,18.7,0.997,0.1,-1.6,1.6,14.7,14.7,0.991,3,3,0,0,3
62.1,3,isocontour,11.283791670955125,35025.24,73.71,14.6,14.7,0.993,-0.6,0.4,0.7,17.7,7.4,1.081,4,5,0,0,5
62.1,4,isocontour,11.283791670955125,38371.01,80.75,17.8,7.3,1.08,0.6,-0.8,1.0,17.8,7.3,1.081,4,6,0,0,6
62.1,5,isocontour,11.283791670955125,36342.48,76.48,17.7,7.8,1.075,1.6,-2.2,2.7,17.7,7.4,1.081,4,6,0,0,6
62.1,6,isocontour,11.283791670955125,37803.9,79.55,17.4,-8.8,1.065,-0.2,-0.4,0.4,17.4,-8.8,1.065,6,5,0,0,5
62.1,7,isocontour,11.283791670955125,36631.56,77.09,-18.9,8.5,0.994,0.4,-0.9,1.0,-14.2,13.0,1.08,25,3,0,0,3
62.1,8,isocontour,11.283791670955125,38112.64,80.2,17.9,-8.0,1.055,2.2,3.7,4.3,17.4,-8.7,1.065,6,5,0,0,5
62.1,9,isocontour,11.283791670955125,35818.76,75.38,20.8,-0.1,0.989,0.0,-2.2,2.2,17.7,7.4,1.081,4,6,0,0,6
62.1,10,isocontour,11.283791670955125,35836.16,75.41,16.9,-11.8,0.996,-0.3,2.7,2.7,17.4,-8.7,1.065,6,4,0,0,4
62.1,11,isocontour,11.283791670955125,37157.33,78.19,-18.3,-7.4,1.049,1.5,-0.7,1.7,-18.3,-7.4,1.044,11,3,0,0,3
62.1,12,isocontour,11.283791670955125,36185.68,76.15,-15.3,-14.2,0.984,-0.3,-2.5,2.5,-18.4,-7.3,1.044,11,3,0,0,3
62.1,13,isocontour,11.283791670955125,35030.89,73.72,20.5,-2.3,0.997,-0.1,1.2,1.2,17.7,7.4,1.081,4,7,0,0,7
62.1,14,isocontour,11.283791670955125,35228.76,74.13,13.8,-15.5,0.99,-1.6,-2.0,2.6,17.4,-8.7,1.065,6,4,0,0,4
62.1,15,isocontour,11.283791670955125,34405.22,72.4,-0.1,20.7,0.992,-1.2,-0.4,1.3,-7.8,19.2,0.994,18,2,0,0,2
62.1,16,isocontour,11.283791670955125,46819.72,98.53,-24.4,21.3,0.526,-0.0,-0.9,0.9,-24.4,21.3,0.525,16,0,0,0,0
62.1,17,isocontour,11.283791670955125,35129.13,73.92,15.7,13.8,0.985,-0.9,1.4,1.7,17.7,7.4,1.081,4,5,0,0,5
62.1,18,isocontour,11.283791670955125,39672.46,83.49,-7.8,19.1,0.999,0.7,-0.6,0.9,-14.2,13.0,1.08,25,2,0,0,2
62.1,19,isocontour,11.283791670955125,36294.73,76.38,-20.7,0.8,0.991,0.0,0.7,0.7,-18.4,-7.3,1.044,11,4,0,0,4
62.1,20,isocontour,11.283791670955125,36239.3,76.26,6.8,-19.7,0.984,2.3,0.3,2.3,14.0,-15.3,0.994,14,2,0,0,2
62.1,21,isocontour,11.283791670955125,35166.35,74.0,-8.8,-18.8,0.99,-0.8,1.2,1.4,-15.3,-13.9,0.998,12,2,0,0,2
62.1,22,isocontour,11.283791670955125,38172.84,80.33,-19.6,-6.8,0.994,1.3,-0.4,1.4,-18.4,-7.3,1.044,11,3,0,0,3
62.1,23,isocontour,11.283791670955125,39711.07,83.57,-19.6,7.0,0.985,-1.6,-3.7,4.0,-14.2,13.0,1.08,25,3,0,0,3
62.1,24,isocontour,11.283791670955125,36813.07,77.47,-1.0,-20.9,0.981,-2.0,-0.2,2.0,-1.0,-20.9,0.994,24,2,0,0,2
62.1,25,isocontour,11.283791670955125,35285.92,74.25,-14.0,13.0,1.085,2.4,1.4,2.8,-14.0,13.0,1.08,25,3,0,0,3
62.1,Target,,,,,0.0,0.0,4.023,0.0,0.0,,,,,,,,,
62.2,1,isocontour,11.283791670955125,35082.0,73.83,19.6,6.5,0.999,-1.5,-2.1,2.6,17.7,7.4,1.081,4,6,0,0,6
62.2,2,isocontour,11.283791670955125,33775.37,71.08,8.9,18.8,0.987,2.5,1.3,2.8,17.7,7.4,1.081,4,3,0,0,3
62.2,3,isocontour,11.283791670955125,35017.59,73.69,14.8,14.7,0.987,1.8,-0.0,1.8,17.7,7.4,1.081,4,5,0,0,5
62.2,4,isocontour,11.283791670955125,38327.65,80.66,17.8,7.0,1.087,-0.2,-3.2,3.2,17.7,7.4,1.081,4,6,0,0,6
62.2,5,isocontour,11.283791670955125,36341.91,76.48,17.7,7.8,1.071,0.5,0.6,0.8,17.7,7.4,1.081,4,6,0,0,6
62.2,6,isocontour,11.283791670955125,37801.52,79.55,17.4,-8.7,1.068,0.1,1.2,1.2,17.7,7.4,1.081,4,5,0,0,5
62.2,7,isocontour,11.283791670955125,36628.42,77.08,-18.8,8.5,0.995,0.8,1.1,1.4,-14.0,13.0,1.085,25,3,0,0,3
62.2,8,isocontour,11.283791670955125,38111.11,80.2,18.0,-7.9,1.056,0.2,1.0,1.0,17.7,7.4,1.081,4,5,0,0,5
62.2,9,isocontour,11.283791670955125,35797.03,75.33,20.7,-0.3,0.992,-0.7,-2.5,2.6,17.7,7.4,1.081,4,6,0,0,6
62.2,10,isocontour,11.283791670955125,35816.39,75.37,16.9,-12.0,0.993,-0.6,-2.4,2.5,17.7,7.4,1.081,4,4,0,0,4
62.2,11,isocontour,11.283791670955125,37134.57,78.15,-18.3,-7.2,1.051,-0.7,2.5,2.6,-18.3,-7.2,1.049,11,3,0,0,3
62.2,12,isocontour,11.283791670955125,36088.19,75.94,-15.6,-13.9,0.984,-2.6,3.3,4.2,-18.3,-7.4,1.049,11,3,0,0,3
62.2,13,isocontour,11.283791670955125,34978.59,73.61,20.7,-2.1,0.987,2.4,2.4,3.4,17.7,7.4,1.081,4,7,0,0,7
62.2,14,isocontour,11.283791670955125,35122.8,73.91,13.6,-15.9,0.983,-2.1,-3.8,4.3,17.4,-8.7,1.065,6,4,0,0,4
62.2,15,isocontour,11.283791670955125,34398.64,72.39,-0.1,20.9,0.984,0.2,1.7,1.7,-14.2,13.0,1.08,25,2,0,0,2
62.2,16,isocontour,11.283791670955125,46818.62,98.52,-24.3,21.3,0.529,0.8,-0.5,0.9,-24.3,21.3,0.526,16,0,0,0,0
62.2,17,isocontour,11.283791670955125,35118.83,73.9,15.5,13.8,0.993,-2.0,-0.3,2.0,17.7,7.4,1.081,4,5,0,0,5
62.2,18,isocontour,11.283791670955125,39629.5,83.4,-8.0,19.0,0.999,-3.0,-1.2,3.2,-14.0,13.0,1.085,25,2,0,0,2
62.2,19,isocontour,11.283791670955125,36271.19,76.33,-20.9,0.7,0.98,-2.5,-0.8,2.6,-14.2,13.0,1.08,25,4,0,0,4
62.2,20,isocontour,11.283791670955125,36236.68,76.26,7.0,-19.7,0.984,1.2,0.5,1.3,17.4,-8.7,1.065,6,2,0,0,2
62.2,21,isocontour,11.283791670955125,35165.45,74.0,-8.8,-18.7,0.995,0.5,0.7,0.9,-18.4,-7.3,1.044,11,2,0,0,2
62.2,22,isocontour,11.283791670955125,38170.95,80.33,-19.5,-6.9,0.995,0.4,-1.1,1.2,-18.3,-7.4,1.049,11,3,0,0,3
62.2,23,isocontour,11.283791670955125,39710.33,83.57,-19.6,6.9,0.988,0.4,-0.7,0.8,-14.0,13.0,1.085,25,3,0,0,3
62.2,24,isocontour,11.283791670955125,36780.95,77.4,-1.2,-20.8,0.986,-2.6,1.4,3.0,-15.3,-13.9,0.998,12,2,0,0,2
62.2,25,isocontour,11.283791670955125,35282.57,74.25,-13.9,13.1,1.089,1.3,0.5,1.4,-13.9,13.1,1.085,25,3,0,0,3
62.2,Target,,,,,0.0,0.0,4.023,0.0,0.0,,,,,,,,,
62.3,1,isocontour,11.283791670955125,35078.04,73.82,19.7,6.5,0.993,1.3,0.6,1.4,17.8,7.0,1.087,4,6,0,0,6
62.3,2,isocontour,11.283791670955125,33774.3,71.07,8.9,18.8,0.989,-0.7,-0.6,0.9,17.7,7.4,1.081,4,3,0,0,3
62.3,3,isocontour,11.283791670955125,35014.45,73.68,14.9,14.7,0.98,1.2,0.5,1.3,17.8,7.0,1.087,4,5,0,0,5
62.3,4,isocontour,11.283791670955125,38321.29,80.64,17.9,7.0,1.079,1.6,0.4,1.6,17.9,7.0,1.087,4,6,0,0,6
62.3,5,isocontour,11.283791670955125,36316.74,76.42,17.8,7.6,1.07,1.2,-2.4,2.7,17.8,7.0,1.087,4,6,0,0,6
62.3,6,isocontour,11.283791670955125,37774.93,79.49,17.4,-8.4,1.071,0.7,2.7,2.8,17.7,7.4,1.081,4,5,0,0,5
62.3,7,isocontour,11.283791670955125,36593.96,77.01,-18.8,8.8,0.99,-0.0,3.0,3.0,-13.9,13.1,1.089,25,3,0,0,3
62.3,8,isocontour,11.283791670955125,38083.65,80.14,18.0,-7.6,1.059,0.4,2.7,2.7,17.7,7.4,1.081,4,5,0,0,5
62.3,9,isocontour,11.283791670955125,35796.58,75.33,20.7,-0.4,0.991,0.2,-0.7,0.7,17.8,7.0,1.087,4,6,0,0,6
62.3,10,isocontour,11.283791670955125,35795.65,75.33,16.9,-12.2,0.986,-0.2,-2.5,2.5,17.7,7.4,1.081,4,4,0,0,4
62.3,11,isocontour,11.283791670955125,37130.28,78.14,-18.5,-7.2,1.044,-1.4,-0.5,1.5,-14.2,13.0,1.08,25,3,0,0,3
62.3,12,isocontour,11.283791670955125,36077.42,75.92,-15.6,-13.7,0.991,0.3,2.0,2.0,-18.3,-7.2,1.051,11,3,0,0,3
62.3,13,isocontour,11.283791670955125,34944.81,73.54,20.9,-1.8,0.98,1.4,2.6,3.0,17.8,7.0,1.087,4,7,0,0,7
62.3,14,isocontour,11.283791670955125,35121.06,73.91,13.5,-15.8,0.987,-0.7,0.9,1.1,17.7,7.4,1.081,4,4,0,0,4
62.3,15,isocontour,11.283791670955125,34396.38,72.38,-0.2,20.9,0.984,-1.2,-0.2,1.2,-14.0,13.0,1.085,25,2,0,0,2
62.3,16,isocontour,11.283791670955125,46817.52,98.52,-24.3,21.2,0.531,0.8,-0.5,0.9,-24.3,21.2,0.529,16,0,0,0,0
62.3,17,isocontour,11.283791670955125,35101.76,73.87,15.4,14.0,0.989,-0.6,2.3,2.4,17.8,7.0,1.087,4,5,0,0,5
62.3,18,isocontour,11.283791670955125,39627.65,83.39,-8.1,19.1,0.994,-0.2,1.1,1.1,-13.9,13.1,1.089,25,2,0,0,2
62.3,19,isocontour,11.283791670955125,36264.27,76.31,-21.0,0.9,0.977,-0.0,1.8,1.8,-14.0,13.0,1.085,25,4,0,0,4
62.3,20,isocontour,11.283791670955125,36235.65,76.25,6.9,-19.7,0.985,-0.9,-0.2,0.9,17.4,-8.7,1.065,6,2,0,0,2
62.3,21,isocontour,11.283791670955125,35163.7,74.0,-8.8,-18.7,0.994,-1.1,0.2,1.1,-18.3,-7.4,1.049,11,2,0,0,2
62.3,22,isocontour,11.283791670955125,38145.5,80.27,-19.7,-6.8,0.984,-2.6,0.7,2.7,-14.2,13.0,1.08,25,3,0,0,3
62.3,23,isocontour,11.283791670955125,39707.9,83.56,-19.5,7.0,0.99,0.7,1.0,1.2,-13.9,13.1,1.089,25,3,0,0,3
62.3,24,isocontour,11.283791670955125,36779.63,77.4,-1.4,-20.7,0.99,-0.8,0.6,1.0,17.4,-8.7,1.065,6,2,0,0,2
62.3,25,isocontour,11.283791670955125,35268.9,74.22,-13.7,13.2,1.095,2.1,0.8,2.2,-13.7,13.2,1.089,25,3,0,0,3
62.3,Target,,,,,0.0,0.0,4.023,0.0,0.0,,,,,,,,,
62.4,1,isocontour,11.283791670955125,35027.53,73.71,19.8,6.8,0.982,1.3,3.1,3.4,17.8,7.0,1.087,4,6,0,0,6
62.4,2,isocontour,11.283791670955125,33773.27,71.07,8.8,18.7,0.994,-0.8,-0.5,0.9,17.8,7.0,1.087,4,3,0,0,3
62.4,3,isocontour,11.283791670955125,35012.02,73.68,14.9,14.6,0.982,0.2,-1.2,1.2,17.8,7.0,1.087,4,5,0,0,5
62.4,4,isocontour,11.283791670955125,38304.22,80.61,18.0,6.8,1.077,1.0,-2.2,2.4,17.8,7.0,1.087,4,6,0,0,6
62.4,5,isocontour,11.283791670955125,36314.0,76.42,17.9,7.5,1.071,0.3,-1.2,1.2,17.8,7.0,1.087,4,6,0,0,6
62.4,6,isocontour,11.283791670955125,37772.06,79.49,17.5,-8.3,1.074,-0.0,1.3,1.3,17.8,7.0,1.087,4,5,0,0,5
62.4,7,isocontour,11.283791670955125,36593.2,77.01,-18.8,8.8,0.988,-0.4,-0.7,0.8,-13.7,13.2,1.095,25,3,0,0,3
62.4,8,isocontour,11.283791670955125,38069.98,80.11,18.1,-7.4,1.058,1.1,1.9,2.2,17.8,7.0,1.087,4,5,0,0,5
62.4,9,isocontour,11.283791670955125,35699.77,75.13,20.8,-0.8,0.984,1.3,-4.0,4.2,17.8,7.0,1.087,4,6,0,0,6
62.4,10,isocontour,11.283791670955125,35725.31,75.18,16.7,-12.6,0.981,-1.4,-3.5,3.8,17.8,7.0,1.087,4,4,0,0,4
62.4,11,isocontour,11.283791670955125,37129.34,78.13,-18.5,-7.3,1.043,0.4,-0.8,0.9,-14.0,13.0,1.085,25,3,0,0,3
62.4,12,isocontour,11.283791670955125,36069.25,75.9,-15.7,-13.6,0.988,-1.8,0.5,1.9,-14.2,13.0,1.08,25,3,0,0,3
62.4,13,isocontour,11.283791670955125,34915.54,73.48,20.8,-1.6,0.986,-1.3,2.5,2.8,17.8,7.0,1.087,4,7,0,0,7
62.4,14,isocontour,11.283791670955125,35084.49,73.83,13.6,-15.6,0.992,1.7,2.6,3.1,17.7,7.4,1.081,4,4,0,0,4
62.4,15,isocontour,11.283791670955125,34391.27,72.37,-0.2,20.7,0.991,-0.7,-1.4,1.6,-13.9,13.1,1.089,25,2,0,0,2
62.4,16,isocontour,11.283791670955125,46816.42,98.52,-24.2,21.1,0.534,0.7,-0.6,0.9,-24.2,21.1,0.531,16,0,0,0,0
62.4,17,isocontour,11.283791670955125,35049.91,73.76,15.6,13.9,0.983,3.0,-1.7,3.4,17.8,7.0,1.087,4,5,0,0,5
62.4,18,isocontour,11.283791670955125,39604.38,83.34,-8.2,19.3,0.981,-1.1,2.4,2.6,-13.7,13.2,1.095,25,2,0,0,2
62.4,19,isocontour,11.283791670955125,36262.42,76.31,-20.9,1.0,0.981,0.8,0.8,1.1,-13.9,13.1,1.089,25,4,0,0,4
62.4,20,isocontour,11.283791670955125,36217.93,76.22,6.7,-19.6,0.991,-2.3,0.5,2.4,17.7,7.4,1.081,4,2,0,0,2
62.4,21,isocontour,11.283791670955125,35134.12,73.94,-8.7,-18.9,0.987,1.6,-2.3,2.8,17.4,-8.7,1.065,6,2,0,0,2
62.4,22,isocontour,11.283791670955125,38143.23,80.27,-19.9,-6.8,0.977,-1.1,-0.4,1.2,-14.0,13.0,1.085,25,3,0,0,3
62.4,23,isocontour,11.283791670955125,39707.49,83.56,-19.6,7.0,0.989,-0.6,-0.4,0.7,-13.7,13.2,1.095,25,3,0,0,3
62.4,24,isocontour,11.283791670955125,36778.14,77.4,-1.4,-20.7,0.993,-0.8,0.7,1.1,17.4,-8.7,1.065,6,2,0,0,2
62.4,25,isocontour,11.283791670955125,35266.52,74.21,-13.7,13.2,1.091,-1.2,0.2,1.2,-13.7,13.2,1.095,25,3,0,0,3
62.4,Target,,,,,0.0,0.0,4.023,0.0,0.0,,,,,,,,,
62.5,1,isocontour,11.283791670955125,35026.96,73.71,19.8,6.9,0.979,-0.1,0.8,0.8,17.8,7.0,1.087,4,6,0,0,6
62.5,2,isocontour,11.283791670955125,33772.77,71.07,8.9,18.7,0.993,0.7,-0.1,0.7,-13.9,13.1,1.089,25,3,0,0,3
62.5,3,isocontour,11.283791670955125,34991.52,73.64,14.7,14.6,0.99,-2.5,0.3,2.5,17.8,7.0,1.087,4,5,0,0,5
62.5,4,isocontour,11.283791670955125,38290.17,80.58,18.1,6.6,1.08,0.3,-2.2,2.2,17.8,7.0,1.087,4,6,0,0,6
62.5,5,isocontour,11.283791670955125,36284.73,76.36,17.9,7.2,1.075,0.3,-2.8,2.8,17.8,7.0,1.087,4,6,0,0,6
62.5,6,isocontour,11.283791670955125,37745.76,79.43,17.4,-8.5,1.074,-1.1,-2.5,2.7,17.8,7.0,1.087,4,5,0,0,5
62.5,7,isocontour,11.283791670955125,36571.21,76.96,-18.9,8.6,0.992,-0.4,-2.5,2.5,-13.7,13.2,1.095,25,3,0,0,3
62.5,8,isocontour,11.283791670955125,38068.62,80.11,18.1,-7.5,1.061,-0.8,-0.6,1.0,17.8,7.0,1.087,4,5,0,0,5
62.5,9,isocontour,11.283791670955125,35696.84,75.12,20.9,-1.0,0.983,-0.1,-1.3,1.3,17.8,7.0,1.087,4,6,0,0,6
62.5,10,isocontour,11.283791670955125,35723.32,75.18,16.6,-12.6,0.985,-1.1,0.1,1.1,17.8,7.0,1.087,4,3,0,0,3
62.5,11,isocontour,11.283791670955125,37126.85,78.13,-18.4,-7.4,1.041,0.1,-1.2,1.2,-13.9,13.1,1.089,25,3,0,0,3
62.5,12,isocontour,11.283791670955125,36067.55,75.9,-15.8,-13.5,0.987,-0.8,0.8,1.1,-14.0,13.0,1.085,25,3,0,0,3
62.5,13,isocontour,11.283791670955125,34899.52,73.44,20.6,-1.4,0.995,-1.6,1.7,2.3,17.8,7.0,1.087,4,6,0,0,6
62.5,14,isocontour,11.283791670955125,35080.77,73.82,13.7,-15.5,0.994,0.8,1.2,1.4,17.8,7.0,1.087,4,4,0,0,4
62.5,15,isocontour,11.283791670955125,34361.07,72.31,-0.5,20.8,0.99,-2.9,0.3,2.9,-13.7,13.2,1.095,25,2,0,0,2
62.5,16,isocontour,11.283791670955125,46815.32,98.52,-24.2,21.2,0.532,-0.5,0.8,0.9,-24.2,21.2,0.534,16,0,0,0,0
62.5,17,isocontour,11.283791670955125,35027.67,73.71,15.5,13.9,0.986,-2.2,1.3,2.6,17.8,7.0,1.087,4,5,0,0,5
62.5,18,isocontour,11.283791670955125,39601.57,83.34,-8.2,19.4,0.973,-0.1,1.3,1.3,-13.7,13.2,1.095,25,2,0,0,2
62.5,19,isocontour,11.283791670955125,36230.95,76.24,-20.8,1.2,0.985,0.8,2.8,2.9,-13.7,13.2,1.095,25,4,0,0,4
62.5,20,isocontour,11.283791670955125,36205.85,76.19,6.7,-19.8,0.982,-0.1,-2.1,2.1,17.7,7.4,1.081,4,2,0,0,2
62.5,21,isocontour,11.283791670955125,35127.43,73.92,-8.6,-18.8,0.994,0.9,1.5,1.7,-14.2,13.0,1.08,25,2,0,0,2
62.5,22,isocontour,11.283791670955125,38123.93,80.23,-19.7,-7.0,0.982,1.9,-1.6,2.5,-13.9,13.1,1.089,25,3,0,0,3
62.5,23,isocontour,11.283791670955125,39572.41,83.28,-19.4,7.3,0.99,1.8,4.4,4.8,-13.7,13.2,1.095,25,3,0,0,3
62.5,24,isocontour,11.283791670955125,36751.84,77.34,-1.7,-20.7,0.991,-2.7,-0.4,2.7,17.7,7.4,1.081,4,2,0,0,2
62.5,25,isocontour,11.283791670955125,35254.95,74.19,-13.9,13.2,1.084,-2.0,-0.6,2.1,-13.9,13.2,1.095,25,3,0,0,3
62.5,Target,,,,,0.0,0.0,4.023,0.0,0.0,,,,,,,,,
62.6,1,isocontour,11.283791670955125,34997.69,73.65,19.6,6.8,0.992,-2.4,-1.6,2.9,17.8,7.0,1.087,4,6,0,0,6
62.6,2,isocontour,11.283791670955125,33739.99,71.0,8.7,18.9,0.989,-2.2,2.0,3.0,-13.7,13.2,1.095,25,3,0,0,3
62.6,3,isocontour,11.283791670955125,34990.62,73.63,14.7,14.6,0.991,0.7,-0.6,0.9,-13.9,13.1,1.089,25,5,0,0,5
62.6,4,isocontour,11.283791670955125,38267.94,80.53,18.1,6.4,1.079,1.0,-2.4,2.6,17.8,7.0,1.087,4,6,0,0,6
62.6,5,isocontour,11.283791670955125,36249.92,76.28,18.0,6.9,1.076,1.0,-2.8,3.0,17.8,7.0,1.087,4,6,0,0,6
62.6,6,isocontour,11.283791670955125,37742.96,79.43,17.3,-8.4,1.077,-0.0,1.3,1.3,17.8,7.0,1.087,4,5,0,0,5
62.6,7,isocontour,11.283791670955125,36570.75,76.96,-18.9,8.5,0.993,-0.2,-0.7,0.7,-13.7,13.2,1.095,25,3,0,0,3
62.6,8,isocontour,11.283791670955125,38066.0,80.11,17.9,-7.5,1.067,-1.3,-0.0,1.3,17.8,7.0,1.087,4,5,0,0,5
62.6,9,isocontour,11.283791670955125,35696.02,75.12,20.8,-1.0,0.987,-0.8,0.2,0.8,17.8,7.0,1.087,4,6,0,0,6
62.6,10,isocontour,11.283791670955125,35722.15,75.17,16.5,-12.6,0.989,-1.0,-0.1,1.0,17.8,7.0,1.087,4,3,0,0,3
62.6,11,isocontour,11.283791670955125,37124.75,78.12,-18.5,-7.3,1.04,-0.5,1.0,1.1,-13.7,13.2,1.095,25,3,0,0,3
62.6,12,isocontour,11.283791670955125,36047.3,75.86,-15.6,-13.6,0.994,2.5,-0.5,2.5,-13.9,13.1,1.089,25,3,0,0,3
62.6,13,isocontour,11.283791670955125,34878.78,73.4,20.5,-1.5,1.002,-1.2,-2.2,2.5,17.8,7.0,1.087,4,6,0,0,6
62.6,14,isocontour,11.283791670955125,35077.84,73.82,13.7,-15.5,0.996,-1.1,-0.7,1.3,17.8,7.0,1.087,4,4,0,0,4
62.6,15,isocontour,11.283791670955125,34358.97,72.3,-0.6,20.8,0.987,-1.0,0.6,1.2,-13.7,13.2,1.095,25,2,0,0,2
62.6,16,isocontour,11.283791670955125,46814.22,98.51,-24.3,21.2,0.53,-0.9,-0.0,0.9,-24.3,21.2,0.534,16,0,0,0,0
62.6,17,isocontour,11.283791670955125,35010.17,73.67,15.3,14.0,0.994,-2.4,0.1,2.4,-13.9,13.1,1.089,25,5,0,0,5
62.6,18,isocontour,11.283791670955125,39600.13,83.33,-8.1,19.4,0.976,0.9,-0.5,1.0,-13.7,13.2,1.095,25,2,0,0,2
62.6,19,isocontour,11.283791670955125,36228.9,76.24,-20.8,1.3,0.988,0.7,0.9,1.1,-13.7,13.2,1.095,25,4,0,0,4
62.6,20,isocontour,11.283791670955125,36190.24,76.16,6.8,-19.8,0.981,2.1,0.8,2.2,17.8,7.0,1.087,4,2,0,0,2
62.6,21,isocontour,11.283791670955125,35097.23,73.86,-8.8,-18.7,0.994,-2.7,1.0,2.9,-14.0,13.0,1.085,25,2,0,0,2
62.6,22,isocontour,11.283791670955125,38119.0,80.22,-19.6,-6.9,0.99,1.2,0.9,1.5,-13.7,13.2,1.095,25,3,0,0,3
62.6,23,isocontour,11.283791670955125,39554.02,83.24,-19.4,7.6,0.987,0.4,2.4,2.4,-13.7,13.2,1.095,25,3,0,0,3
62.6,24,isocontour,11.283791670955125,36737.41,77.31,-1.7,-20.9,0.981,0.7,-2.1,2.2,17.7,7.4,1.081,4,2,0,0,2
62.6,25,isocontour,11.283791670955125,35238.3,74.15,-14.1,13.1,1.078,-2.2,-0.9,2.4,-14.1,13.1,1.095,25,3,0,0,3
62.6,Target,,,,,0.0,0.0,4.023,0.0,0.0,,,,,,,,,
62.7,1,isocontour,11.283791670955125,34980.84,73.61,19.7,6.6,0.993,1.0,-2.1,2.3,-13.9,13.1,1.089,25,6,0,0,6
62.7,2,isocontour,11.283791670955125,33738.29,71.0,8.6,18.9,0.992,-1.0,-0.5,1.1,-13.7,13.2,1.095,25,3,0,0,3
62.7,3,isocontour,11.283791670955125,34936.48,73.52,14.7,14.9,0.981,-0.3,3.5,3.5,-13.7,13.2,1.095,25,5,0,0,5
62.7,4,isocontour,11.283791670955125,38156.83,80.3,18.2,6.0,1.085,0.3,-4.4,4.4,-13.9,13.1,1.089,25,6,0,0,6
62.7,5,isocontour,11.283791670955125,36248.75,76.28,18.1,6.9,1.072,0.5,0.8,0.9,-13.9,13.1,1.089,25,6,0,0,6
62.7,6,isocontour,11.283791670955125,37724.57,79.39,17.5,-8.2,1.073,1.7,1.7,2.4,17.8,7.0,1.087,4,5,0,0,5
62.7,7,isocontour,11.283791670955125,36567.47,76.95,-18.8,8.6,0.993,0.6,1.2,1.3,-13.7,13.2,1.095,25,3,0,0,3
62.7,8,isocontour,11.283791670955125,38063.74,80.1,17.9,-7.4,1.071,-0.1,1.2,1.2,17.8,7.0,1.087,4,5,0,0,5
62.7,9,isocontour,11.283791670955125,35660.87,75.04,20.7,-0.7,0.994,-1.2,2.8,3.0,17.8,7.0,1.087,4,6,0,0,6
62.7,10,isocontour,11.283791670955125,35717.32,75.16,16.5,-12.7,0.987,-0.6,-1.4,1.5,17.8,7.0,1.087,4,3,0,0,3
62.7,11,isocontour,11.283791670955125,37102.51,78.08,-18.4,-7.5,1.04,0.9,-2.4,2.6,-13.7,13.2,1.095,25,3,0,0,3
62.7,12,isocontour,11.283791670955125,36045.15,75.85,-15.7,-13.5,0.994,-1.0,0.6,1.2,-13.7,13.2,1.095,25,3,0,0,3
62.7,13,isocontour,11.283791670955125,34859.01,73.36,20.5,-1.8,0.998,0.8,-2.3,2.4,17.8,7.0,1.087,4,6,0,0,6
62.7,14,isocontour,11.283791670955125,35075.84,73.81,13.7,-15.6,0.991,0.3,-1.1,1.1,17.8,7.0,1.087,4,4,0,0,4
62.7,15,isocontour,11.283791670955125,34238.65,72.05,-0.2,20.8,0.987,4.6,0.0,4.6,-13.7,13.2,1.095,25,2,0,0,2
62.7,16,isocontour,11.283791670955125,46813.12,98.51,-24.3,21.1,0.532,0.3,-0.9,0.9,-24.3,21.1,0.534,16,0,0,0,0
62.7,17,isocontour,11.283791670955125,35000.32,73.65,15.2,14.1,0.99,-0.3,2.0,2.0,-13.7,13.2,1.095,25,5,0,0,5
62.7,18,isocontour,11.283791670955125,39599.0,83.33,-8.0,19.3,0.98,0.8,-0.5,0.9,-13.7,13.2,1.095,25,2,0,0,2
62.7,19,isocontour,11.283791670955125,36214.66,76.21,-20.6,1.4,0.998,2.0,0.9,2.2,-13.7,13.2,1.095,25,4,0,0,4
62.7,20,isocontour,11.283791670955125,36166.16,76.11,7.1,-19.7,0.981,2.6,0.7,2.7,17.8,7.0,1.087,4,2,0,0,2
62.7,21,isocontour,11.283791670955125,35095.33,73.85,-8.8,-18.8,0.991,0.4,-1.1,1.2,-13.9,13.1,1.089,25,2,0,0,2
62.7,22,isocontour,11.283791670955125,38117.72,80.21,-19.5,-7.0,0.994,0.8,-0.6,1.0,-13.7,13.2,1.095,25,3,0,0,3
62.7,23,isocontour,11.283791670955125,39534.48,83.2,-19.4,7.4,0.99,-0.2,-2.5,2.5,-13.7,13.2,1.095,25,3,0,0,3
62.7,24,isocontour,11.283791670955125,36734.86,77.3,-1.5,-20.8,0.982,1.1,0.6,1.3,17.8,7.0,1.087,4,2,0,0,2
62.7,25,isocontour,11.283791670955125,35212.29,74.1,-14.3,12.9,1.077,-1.9,-2.0,2.8,-14.3,12.9,1.095,25,3,0,0,3
62.7,Target,,,,,0.0,0.0,4.023,0.0,0.0,,,,,,,,,
62.8,1,isocontour,11.283791670955125,34867.47,73.37,19.7,6.9,0.982,0.8,4.4,4.5,-13.7,13.2,1.095,25,6,0,0,6
62.8,2,isocontour,11.283791670955125,33737.15,71.0,8.5,18.8,0.997,-0.3,-0.9,0.9,-13.7,13.2,1.095,25,3,0,0,3
62.8,3,isocontour,11.283791670955125,34916.94,73.48,14.9,14.8,0.979,1.8,-1.7,2.5,-13.7,13.2,1.095,25,5,0,0,5
62.8,4,isocontour,11.283791670955125,38154.78,80.29,18.3,5.8,1.084,0.7,-0.9,1.1,-13.7,13.2,1.095,25,6,0,0,6
62.8,5,isocontour,11.283791670955125,36245.4,76.27,18.0,6.8,1.075,-0.4,-1.3,1.4,-13.7,13.2,1.095,25,6,0,0,6
62.8,6,isocontour,11.283791670955125,37695.61,79.33,17.6,-8.0,1.076,0.6,2.8,2.9,17.8,7.0,1.087,4,5,0,0,5
62.8,7,isocontour,11.283791670955125,36515.17,76.84,-18.7,8.9,0.992,1.2,3.2,3.4,-13.7,13.2,1.095,25,3,0,0,3
62.8,8,isocontour,11.283791670955125,38061.75,80.1,17.9,-7.3,1.074,0.1,1.1,1.1,17.8,7.0,1.087,4,5,0,0,5
62.8,9,isocontour,11.283791670955125,35660.28,75.04,20.7,-0.7,0.994,0.1,-0.8,0.8,-13.9,13.1,1.089,25,6,0,0,6
62.8,10,isocontour,11.283791670955125,35693.51,75.11,16.2,-12.9,0.992,-2.3,-1.3,2.6,17.8,7.0,1.087,4,3,0,0,3
62.8,11,isocontour,11.283791670955125,37071.68,78.01,-18.5,-7.3,1.041,-0.8,2.8,2.9,-13.7,13.2,1.095,25,3,0,0,3
62.8,12,isocontour,11.283791670955125,36021.6,75.8,-15.7,-13.7,0.985,-0.1,-2.6,2.6,-13.7,13.2,1.095,25,3,0,0,3
62.8,13,isocontour,11.283791670955125,34838.51,73.31,20.6,-2.0,0.991,0.9,-2.3,2.5,-13.9,13.1,1.089,25,6,0,0,6
62.8,14,isocontour,11.283791670955125,35065.99,73.79,13.5,-15.7,0.99,-1.5,-1.2,1.9,17.8,7.0,1.087,4,4,0,0,4
62.8,15,isocontour,11.283791670955125,34211.48,71.99,0.1,20.8,0.99,2.7,-0.6,2.8,-13.7,13.2,1.095,25,2,0,0,2
62.8,16,isocontour,11.283791670955125,46812.02,98.51,-24.2,21.1,0.534,0.9,-0.4,1.0,-24.2,21.1,0.534,16,0,0,0,0
62.8,17,isocontour,11.283791670955125,34961.21,73.57,15.5,14.1,0.98,3.1,-0.5,3.1,-13.7,13.2,1.095,25,5,0,0,5
62.8,18,isocontour,11.283791670955125,39596.2,83.33,-7.9,19.3,0.986,1.0,-0.8,1.3,-13.7,13.2,1.095,25,2,0,0,2
62.8,19,isocontour,11.283791670955125,36208.53,76.2,-20.7,1.4,0.992,-1.7,-0.1,1.7,-13.7,13.2,1.095,25,4,0,0,4
62.8,20,isocontour,11.283791670955125,36153.74,76.08,7.3,-19.6,0.982,1.8,1.1,2.1,17.8,7.0,1.087,4,2,0,0,2
62.8,21,isocontour,11.283791670955125,35093.94,73.85,-8.8,-18.9,0.986,0.3,-1.0,1.0,-13.7,13.2,1.095,25,2,0,0,2
62.8,22,isocontour,11.283791670955125,38117.16,80.21,-19.5,-7.0,0.991,-0.6,-0.4,0.7,-13.7,13.2,1.095,25,3,0,0,3
62.8,23,isocontour,11.283791670955125,39499.67,83.12,-19.4,7.7,0.987,0.2,3.0,3.0,-13.7,13.2,1.095,25,3,0,0,3
62.8,24,isocontour,11.283791670955125,36731.21,77.3,-1.6,-20.8,0.987,-1.1,0.9,1.4,-13.9,13.1,1.089,25,2,0,0,2
62.8,25,isocontour,11.283791670955125,35211.22,74.1,-14.4,12.8,1.075,-0.8,-0.4,0.9,-14.4,12.8,1.095,25,3,0,0,3
62.8,Target,,,,,0.0,0.0,4.023,0.0,0.0,,,,,,,,,
62.9,1,isocontour,11.283791670955125,34858.35,73.36,19.8,6.8,0.978,1.1,-1.6,1.9,-13.7,13.2,1.095,25,6,0,0,6
62.9,2,isocontour,11.283791670955125,33710.56,70.94,8.3,18.8,1.0,-2.7,0.6,2.8,-13.7,13.2,1.095,25,3,0,0,3
62.9,3,isocontour,11.283791670955125,34914.39,73.47,14.8,14.8,0.98,-1.0,0.8,1.3,-13.7,13.2,1.095,25,5,0,0,5
62.9,4,isocontour,11.283791670955125,38129.89,80.24,18.3,5.6,1.086,0.3,-2.7,2.7,-13.7,13.2,1.095,25,6,0,0,6
62.9,5,isocontour,11.283791670955125,36242.6,76.27,18.1,6.7,1.074,0.9,-1.0,1.3,-13.7,13.2,1.095,25,6,0,0,6
62.9,6,isocontour,11.283791670955125,37677.89,79.29,17.6,-7.7,1.081,0.1,2.4,2.4,-13.9,13.1,1.089,25,5,0,0,5
62.9,7,isocontour,11.283791670955125,36479.32,76.77,-18.7,9.2,0.987,0.4,3.0,3.0,-13.7,13.2,1.095,25,3,0,0,3
62.9,8,isocontour,11.283791670955125,38043.36,80.06,18.0,-7.0,1.075,0.7,2.3,2.4,-13.9,13.1,1.089,25,5,0,0,5
62.9,9,isocontour,11.283791670955125,35646.6,75.01,20.8,-0.7,0.985,1.9,1.1,2.2,-13.7,13.2,1.095,25,6,0,0,6
62.9,10,isocontour,11.283791670955125,35692.8,75.11,16.1,-12.9,0.995,-0.8,-0.1,0.8,17.8,7.0,1.087,4,4,0,0,4
62.9,11,isocontour,11.283791670955125,37041.79,77.95,-18.5,-7.0,1.045,-0.4,2.8,2.8,-13.7,13.2,1.095,25,3,0,0,3
62.9,12,isocontour,11.283791670955125,36017.8,75.8,-15.7,-13.7,0.989,0.5,1.3,1.4,-13.7,13.2,1.095,25,3,0,0,3
62.9,13,isocontour,11.283791670955125,34802.3,73.24,20.7,-2.3,0.988,0.3,-3.0,3.0,-13.7,13.2,1.095,25,6,0,0,6
62.9,14,isocontour,11.283791670955125,35058.95,73.78,13.5,-15.9,0.983,0.4,-1.7,1.7,17.8,7.0,1.087,4,4,0,0,4
62.9,15,isocontour,11.283791670955125,34210.2,71.99,0.2,20.7,0.993,0.8,-0.5,0.9,-13.7,13.2,1.095,25,2,0,0,2
62.9,16,isocontour,11.283791670955125,46810.92,98.51,-24.2,21.0,0.536,-0.3,-0.9,0.9,-24.2,21.0,0.534,16,0,0,0,0
62.9,17,isocontour,11.283791670955125,34959.41,73.57,15.6,14.2,0.973,0.8,0.8,1.1,-13.7,13.2,1.095,25,5,0,0,5
62.9,18,isocontour,11.283791670955125,39595.43,83.32,-7.8,19.2,0.989,0.8,-0.3,0.9,-13.7,13.2,1.095,25,2,0,0,2
62.9,19,isocontour,11.283791670955125,36174.41,76.12,-20.9,1.2,0.981,-2.1,-2.2,3.0,-13.7,13.2,1.095,25,4,0,0,4
62.9,20,isocontour,11.283791670955125,36141.14,76.05,7.5,-19.5,0.984,1.9,0.9,2.1,-13.9,13.1,1.089,25,3,0,0,3
62.9,21,isocontour,11.283791670955125,35092.41,73.85,-8.7,-18.9,0.989,1.0,0.4,1.1,-13.7,13.2,1.095,25,2,0,0,2
62.9,22,isocontour,11.283791670955125,38116.45,80.21,-19.6,-7.0,0.988,-0.6,0.5,0.8,-13.7,13.2,1.095,25,3,0,0,3
62.9,23,isocontour,11.283791670955125,39428.78,82.97,-19.5,7.4,0.987,-1.2,-3.6,3.8,-13.7,13.2,1.095,25,3,0,0,3
62.9,24,isocontour,11.283791670955125,36729.6,77.29,-1.7,-20.7,0.988,-1.1,0.2,1.1,-13.7,13.2,1.095,25,2,0,0,2
62.9,25,isocontour,11.283791670955125,35207.42,74.09,-14.6,12.8,1.071,-1.4,-0.3,1.4,-14.6,12.8,1.095,25,3,0,0,3
62.9,Target,,,,,0.0,0.0,4.023,0.0,0.0,,,,,,,,,
63.0,1,isocontour,11.283791670955125,34856.91,73.35,19.8,6.7,0.981,-0.4,-1.0,1.1,-13.7,13.2,1.095,25,6,0,0,6
63.0,2,isocontour,11.283791670955125,33688.33,70.89,8.5,18.8,0.996,2.6,0.1,2.6,-13.7,13.2,1.095,25,3,0,0,3
63.0,3,isocontour,11.283791670955125,34912.95,73.47,14.7,14.9,0.981,-0.9,0.4,1.0,-13.7,13.2,1.095,25,5,0,0,5
63.0,4,isocontour,11.283791670955125,38127.33,80.23,18.4,5.5,1.082,1.1,-0.7,1.3,-13.7,13.2,1.095,25,6,0,0,6
63.0,5,isocontour,11.283791670955125,36241.47,76.27,18.1,6.6,1.074,0.2,-0.9,0.9,-13.7,13.2,1.095,25,6,0,0,6
63.0,6,isocontour,11.283791670955125,37676.36,79.29,17.5,-7.7,1.083,-0.6,-0.8,1.0,-13.7,13.2,1.095,25,5,0,0,5
63.0,7,isocontour,11.283791670955125,36359.78,76.51,-18.5,9.6,0.987,2.2,4.0,4.6,-13.7,13.2,1.095,25,3,0,0,3
63.0,8,isocontour,11.283791670955125,38022.37,80.01,17.8,-7.2,1.079,-1.6,-2.0,2.6,-13.7,13.2,1.095,25,5,0,0,5
63.0,9,isocontour,11.283791670955125,35635.03,74.99,20.9,-0.8,0.982,0.2,-2.1,2.1,-13.7,13.2,1.095,25,6,0,0,6
63.0,10,isocontour,11.283791670955125,35691.27,75.11,16.2,-12.9,0.992,1.0,0.1,1.0,-13.9,13.1,1.089,25,4,0,0,4
63.0,11,isocontour,11.283791670955125,37040.43,77.95,-18.5,-7.0,1.047,0.6,-0.8,1.0,-13.7,13.2,1.095,25,3,0,0,3
63.0,12,isocontour,11.283791670955125,35993.45,75.74,-15.7,-13.4,0.998,-0.1,2.7,2.7,-13.7,13.2,1.095,25,3,0,0,3
63.0,13,isocontour,11.283791670955125,34800.82,73.23,20.6,-2.4,0.989,-0.5,-0.9,1.0,-13.7,13.2,1.095,25,6,0,0,6
63.0,14,isocontour,11.283791670955125,35030.6,73.72,13.8,-15.8,0.978,2.6,1.1,2.8,-13.9,13.1,1.089,25,4,0,0,4
63.0,15,isocontour,11.283791670955125,34208.8,71.99,0.1,20.7,0.992,-1.0,0.3,1.0,-13.7,13.2,1.095,25,2,0,0,2
63.0,16,isocontour,11.283791670955125,46809.82,98.51,-24.3,20.9,0.535,-0.7,-0.6,0.9,-24.3,20.9,0.536,16,0,0,0,0
63.0,17,isocontour,11.283791670955125,34935.06,73.52,15.4,14.2,0.98,-2.6,0.5,2.6,-13.7,13.2,1.095,25,5,0,0,5
63.0,18,isocontour,11.283791670955125,39572.94,83.28,-7.6,19.2,0.993,2.6,0.3,2.6,-13.7,13.2,1.095,25,2,0,0,2
63.0,19,isocontour,11.283791670955125,36173.2,76.12,-20.8,1.2,0.984,1.0,0.1,1.0,-13.7,13.2,1.095,25,4,0,0,4
63.0,20,isocontour,11.283791670955125,36121.37,76.01,7.7,-19.4,0.987,2.0,1.4,2.4,-13.7,13.2,1.095,25,3,0,0,3
63.0,21,isocontour,11.283791670955125,35091.47,73.85,-8.6,-18.9,0.991,0.9,-0.2,0.9,-13.7,13.2,1.095,25,2,0,0,2
63.0,22,isocontour,11.283791670955125,38092.37,80.16,-19.7,-7.2,0.979,-1.0,-2.4,2.6,-13.7,13.2,1.095,25,3,0,0,3
63.0,23,isocontour,11.283791670955125,39424.57,82.96,-19.4,7.4,0.991,1.2,0.9,1.5,-13.7,13.2,1.095,25,3,0,0,3
63.0,24,isocontour,11.283791670955125,36726.6,77.29,-1.8,-20.7,0.991,-1.0,0.8,1.3,-13.7,13.2,1.095,25,2,0,0,2
63.0,25,isocontour,11.283791670955125,35196.65,74.07,-14.6,12.6,1.075,-0.4,-2.0,2.0,-14.6,12.6,1.095,25,3,0,0,3
63.0,Target,,,,,0.0,0.0,4.023,0.0,0.0,,,,,,,,,
63.1,1,isocontour,11.283791670955125,34835.43,73.31,19.8,6.5,0.985,-0.0,-2.6,2.6,-13.7,13.2,1.095,25,6,0,0,6
63.1,2,isocontour,11.283791670955125,33683.21,70.88,8.5,19.0,0.988,-0.1,1.6,1.6,-13.7,13.2,1.095,25,3,0,0,3
63.1,3,isocontour,11.283791670955125,34883.38,73.41,14.5,15.0,0.985,-2.4,1.5,2.8,-13.7,13.2,1.095,25,5,0,0,5
63.1,4,isocontour,11.283791670955125,38125.39,80.23,18.5,5.5,1.076,1.1,-0.3,1.1,-13.7,13.2,1.095,25,6,0,0,6
63.1,5,isocontour,11.283791670955125,36212.2,76.2,18.2,6.4,1.075,0.7,-2.8,2.9,-13.7,13.2,1.095,25,6,0,0,6
63.1,6,isocontour,11.283791670955125,37663.94,79.26,17.7,-7.8,1.072,2.0,-0.8,2.2,-13.7,13.2,1.095,25,5,0,0,5
63.1,7,isocontour,11.283791670955125,36338.3,76.47,-18.5,9.4,0.989,-0.7,-2.5,2.6,-13.7,13.2,1.095,25,3,0,0,3
63.1,8,isocontour,11.283791670955125,38021.13,80.01,17.8,-7.3,1.077,0.2,-1.0,1.0,-13.7,13.2,1.095,25,5,0,0,5
63.1,9,isocontour,11.283791670955125,35610.41,74.94,20.7,-1.0,0.99,-1.7,-2.1,2.7,-13.7,13.2,1.095,25,6,0,0,6
63.1,10,isocontour,11.283791670955125,35668.52,75.06,16.4,-13.0,0.979,2.3,-1.2,2.6,-13.7,13.2,1.095,25,4,0,0,4
63.1,11,isocontour,11.283791670955125,37017.42,77.9,-18.4,-7.3,1.046,0.6,-2.5,2.6,-13.7,13.2,1.095,25,3,0,0,3
63.1,12,isocontour,11.283791670955125,35989.81,75.74,-15.8,-13.3,0.996,-1.3,0.5,1.4,-13.7,13.2,1.095,25,3,0,0,3
63.1,13,isocontour,11.283791670955125,34798.88,73.23,20.6,-2.4,0.994,-0.9,0.7,1.1,-13.7,13.2,1.095,25,6,0,0,6
63.1,14,isocontour,11.283791670955125,34994.39,73.64,13.8,-15.6,0.989,-0.5,3.0,3.0,-13.7,13.2,1.095,25,4,0,0,4
63.1,15,isocontour,11.283791670955125,34168.93,71.9,0.3,20.9,0.981,2.3,2.1,3.1,-13.7,13.2,1.095,25,2,0,0,2
63.1,16,isocontour,11.283791670955125,46808.72,98.5,-24.3,21.0,0.535,0.4,0.8,0.9,-24.3,21.0,0.536,16,0,0,0,0
63.1,17,isocontour,11.283791670955125,34932.86,73.51,15.2,14.3,0.982,-1.0,0.7,1.2,-13.7,13.2,1.095,25,5,0,0,5
63.1,18,isocontour,11.283791670955125,39536.02,83.2,-7.8,19.2,0.992,-3.0,-0.8,3.1,-13.7,13.2,1.095,25,2,0,0,2
63.1,19,isocontour,11.283791670955125,36142.05,76.06,-20.8,1.5,0.987,0.7,2.8,2.9,-13.7,13.2,1.095,25,4,0,0,4
63.1,20,isocontour,11.283791670955125,36104.72,75.98,7.6,-19.2,0.998,-0.9,2.2,2.4,-13.7,13.2,1.095,25,3,0,0,3
63.1,21,isocontour,11.283791670955125,35083.17,73.83,-8.5,-19.0,0.986,1.0,-1.6,1.9,-13.7,13.2,1.095,25,2,0,0,2
63.1,22,isocontour,11.283791670955125,38083.66,80.14,-19.6,-7.2,0.985,1.8,-0.5,1.9,-13.7,13.2,1.095,25,3,0,0,3
63.1,23,isocontour,11.283791670955125,39423.6,82.96,-19.4,7.5,0.987,-0.7,0.6,0.9,-13.7,13.2,1.095,25,3,0,0,3
63.1,24,isocontour,11.283791670955125,36719.68,77.27,-1.7,-20.7,0.987,1.3,-1.2,1.8,-13.7,13.2,1.095,25,2,0,0,2
63.1,25,isocontour,11.283791670955125,35185.41,74.04,-14.5,12.7,1.073,0.9,1.9,2.1,-14.5,12.7,1.095,25,3,0,0,3
63.1,Target,,,,,0.0,0.0,4.023,0.0,0.0,,,,,,,,,
63.2,1,isocontour,11.283791670955125,34824.02,73.28,19.7,6.3,0.994,-1.3,-1.6,2.1,-13.7,13.2,1.095,25,6,0,0,6
63.2,2,isocontour,11.283791670955125,33681.27,70.88,8.4,19.1,0.985,-0.9,0.7,1.1,-13.7,13.2,1.095,25,3,0,0,3
63.2,3,isocontour,11.283791670955125,34851.25,73.34,14.4,14.8,0.997,-0.7,-2.8,2.9,-13.7,13.2,1.095,25,5,0,0,5
63.2,4,isocontour,11.283791670955125,38124.26,80.23,18.5,5.4,1.076,0.2,-0.9,0.9,-13.7,13.2,1.095,25,6,0,0,6
63.2,5,isocontour,11.283791670955125,36210.4,76.2,18.2,6.3,1.078,-0.2,-1.1,1.1,-13.7,13.2,1.095,25,6,0,0,6
63.2,6,isocontour,11.283791670955125,37661.84,79.25,17.8,-7.8,1.068,0.8,0.8,1.1,-13.7,13.2,1.095,25,5,0,0,5
63.2,7,isocontour,11.283791670955125,36318.76,76.43,-18.4,9.6,0.99,1.2,2.2,2.5,-13.7,13.2,1.095,25,3,0,0,3
63.2,8,isocontour,11.283791670955125,37959.25,79.88,18.0,-7.1,1.071,2.2,2.9,3.6,-13.7,13.2,1.095,25,5,0,0,5
63.2,9,isocontour,11.283791670955125,35606.36,74.93,20.6,-1.1,0.997,-1.4,-0.6,1.5,-13.7,13.2,1.095,25,6,0,0,6
63.2,10,isocontour,11.283791670955125,35658.07,75.04,16.4,-13.2,0.976,-1.0,-1.8,2.1,-13.7,13.2,1.095,25,4,0,0,4
63.2,11,isocontour,11.283791670955125,37013.62,77.89,-18.3,-7.4,1.05,1.2,-0.7,1.4,-13.7,13.2,1.095,25,3,0,0,3
63.2,12,isocontour,11.283791670955125,35974.19,75.7,-15.8,-13.5,0.99,0.4,-2.3,2.3,-13.7,13.2,1.095,25,3,0,0,3
63.2,13,isocontour,11.283791670955125,34797.64,73.23,20.5,-2.5,0.995,-0.3,-0.9,0.9,-13.7,13.2,1.095,25,6,0,0,6
63.2,14,isocontour,11.283791670955125,34966.03,73.58,13.5,-15.6,0.996,-2.7,-0.9,2.8,-13.7,13.2,1.095,25,4,0,0,4
63.2,15,isocontour,11.283791670955125,34150.32,71.87,0.1,21.0,0.978,-2.4,0.3,2.4,-13.7,13.2,1.095,25,2,0,0,2
63.2,16,isocontour,11.283791670955125,46807.62,98.5,-24.3,21.1,0.532,-0.9,0.4,1.0,-24.3,21.1,0.536,16,0,0,0,0
63.2,17,isocontour,11.283791670955125,34927.15,73.5,15.1,14.3,0.99,-1.5,-0.7,1.7,-13.7,13.2,1.095,25,5,0,0,5
63.2,18,isocontour,11.283791670955125,39533.53,83.19,-8.0,19.1,0.992,-1.1,-0.6,1.3,-13.7,13.2,1.095,25,2,0,0,2
63.2,19,isocontour,11.283791670955125,36139.73,76.05,-20.7,1.6,0.992,0.9,0.8,1.2,-13.7,13.2,1.095,25,4,0,0,4
63.2,20,isocontour,11.283791670955125,36102.93,75.97,7.5,-19.1,1.003,-1.1,0.2,1.1,-13.7,13.2,1.095,25,3,0,0,3
63.2,21,isocontour,11.283791670955125,35052.02,73.76,-8.7,-18.9,0.987,-2.5,1.5,2.9,-13.7,13.2,1.095,25,2,0,0,2
63.2,22,isocontour,11.283791670955125,38082.49,80.14,-19.5,-7.3,0.988,0.7,-0.7,1.0,-13.7,13.2,1.095,25,3,0,0,3
63.2,23,isocontour,11.283791670955125,39422.57,82.96,-19.5,7.5,0.983,-0.9,-0.0,0.9,-13.7,13.2,1.095,25,3,0,0,3
63.2,24,isocontour,11.283791670955125,36691.92,77.21,-1.5,-20.8,0.987,2.8,-0.1,2.8,-13.7,13.2,1.095,25,2,0,0,2
63.2,25,isocontour,11.283791670955125,35159.39,73.99,-14.3,12.9,1.077,2.4,1.3,2.7,-14.3,12.9,1.095,25,3,0,0,3
63.2,Target,,,,,0.0,0.0,4.023,0.0,0.0,,,,,,,,,
63.3,1,isocontour,11.283791670955125,34822.62,73.28,19.7,6.4,0.991,0.6,0.8,1.0,-13.7,13.2,1.095,25,6,0,0,6
63.3,2,isocontour,11.283791670955125,33658.52,70.83,8.5,18.9,0.991,1.5,-2.1,2.6,-13.7,13.2,1.095,25,3,0,0,3
63.3,3,isocontour,11.283791670955125,34846.14,73.33,14.4,14.9,0.994,-0.2,1.6,1.6,-13.7,13.2,1.095,25,5,0,0,5
63.3,4,isocontour,11.283791670955125,38088.4,80.15,18.3,5.5,1.085,-2.3,2.0,3.0,-13.7,13.2,1.095,25,6,0,0,6
63.3,5,isocontour,11.283791670955125,36209.58,76.2,18.2,6.2,1.081,-0.2,-0.8,0.8,-13.7,13.2,1.095,25,6,0,0,6
63.3,6,isocontour,11.283791670955125,37656.73,79.24,17.8,-7.6,1.072,-0.4,1.5,1.6,-13.7,13.2,1.095,25,5,0,0,5
63.3,7,isocontour,11.283791670955125,36283.95,76.36,-18.4,9.8,0.987,0.7,2.9,3.0,-13.7,13.2,1.095,25,3,0,0,3
63.3,8,isocontour,11.283791670955125,37957.35,79.88,18.1,-6.9,1.07,0.4,1.1,1.2,-13.7,13.2,1.095,25,5,0,0,5
63.3,9,isocontour,11.283791670955125,35605.75,74.93,20.6,-1.2,0.997,0.2,-0.8,0.8,-13.7,13.2,1.095,25,6,0,0,6
63.3,10,isocontour,11.283791670955125,35656.58,75.03,16.3,-13.3,0.976,-0.8,-0.7,1.1,-13.7,13.2,1.095,25,4,0,0,4
63.3,11,isocontour,11.283791670955125,36983.1,77.83,-18.4,-7.1,1.051,-0.9,2.7,2.8,-13.7,13.2,1.095,25,3,0,0,3
63.3,12,isocontour,11.283791670955125,35964.79,75.68,-15.7,-13.7,0.983,-0.0,-1.9,1.9,-13.7,13.2,1.095,25,3,0,0,3
63.3,13,isocontour,11.283791670955125,34706.18,73.03,20.6,-2.8,0.986,1.5,-3.9,4.2,-13.7,13.2,1.095,25,6,0,0,6
63.3,14,isocontour,11.283791670955125,34964.24,73.58,13.5,-15.5,0.999,0.6,0.9,1.1,-13.7,13.2,1.095,25,4,0,0,4
63.3,15,isocontour,11.283791670955125,34145.93,71.86,0.0,20.9,0.984,-0.8,-1.3,1.5,-13.7,13.2,1.095,25,2,0,0,2
63.3,16,isocontour,11.283791670955125,46806.52,98.5,-24.4,21.1,0.53,-0.3,0.9,0.9,-24.4,21.1,0.536,16,0,0,0,0
63.3,17,isocontour,11.283791670955125,34909.2,73.46,15.1,14.1,0.999,-0.1,-2.4,2.4,-13.7,13.2,1.095,25,5,0,0,5
63.3,18,isocontour,11.283791670955125,39531.32,83.19,-8.1,19.1,0.992,-1.1,-0.4,1.2,-13.7,13.2,1.095,25,2,0,0,2
63.3,19,isocontour,11.283791670955125,36138.37,76.05,-20.7,1.7,0.992,0.0,1.0,1.0,-13.7,13.2,1.095,25,4,0,0,4
63.3,20,isocontour,11.283791670955125,35964.41,75.68,7.1,-19.3,1.002,-4.3,-2.0,4.7,-13.7,13.2,1.095,25,3,0,0,3
63.3,21,isocontour,11.283791670955125,35038.89,73.74,-8.8,-18.7,0.997,0.2,2.2,2.2,-13.7,13.2,1.095,25,2,0,0,2
63.3,22,isocontour,11.283791670955125,38055.03,80.08,-19.4,-7.1,0.995,0.6,2.7,2.8,-13.7,13.2,1.095,25,3,0,0,3
63.3,23,isocontour,11.283791670955125,39398.49,82.91,-19.5,7.3,0.989,0.5,-2.6,2.6,-13.7,13.2,1.095,25,3,0,0,3
63.3,24,isocontour,11.283791670955125,36660.77,77.15,-1.2,-20.7,0.991,2.8,0.8,2.9,-13.7,13.2,1.095,25,2,0,0,2
63.3,25,isocontour,11.283791670955125,35154.92,73.98,-14.3,13.0,1.073,0.1,1.5,1.5,-14.3,13.0,1.095,25,3,0,0,3
63.3,Target,,,,,0.0,0.0,4.023,0.0,0.0,,,,,,,,,
63.4,1,isocontour,11.283791670955125,34798.81,73.23,20.0,6.4,0.979,2.7,-0.0,2.7,-13.7,13.2,1.095,25,6,0,0,6
63.4,2,isocontour,11.283791670955125,33653.78,70.82,8.4,18.9,0.995,-1.5,0.1,1.5,-13.7,13.2,1.095,25,3,0,0,3
63.4,3,isocontour,11.283791670955125,34823.13,73.28,14.6,15.0,0.982,2.3,1.2,2.6,-13.7,13.2,1.095,25,5,0,0,5
63.4,4,isocontour,11.283791670955125,38084.44,80.14,18.3,5.7,1.084,0.1,1.4,1.4,-13.7,13.2,1.095,25,6,0,0,6
63.4,5,isocontour,11.283791670955125,36208.3,76.2,18.1,6.2,1.083,-0.6,0.8,1.0,-13.7,13.2,1.095,25,6,0,0,6
63.4,6,isocontour,11.283791670955125,37629.85,79.19,17.6,-7.8,1.077,-1.7,-2.2,2.8,-13.7,13.2,1.095,25,5,0,0,5
63.4,7,isocontour,11.283791670955125,36277.38,76.34,-18.5,9.9,0.978,-1.7,0.5,1.8,-13.7,13.2,1.095,25,3,0,0,3
63.4,8,isocontour,11.283791670955125,37926.2,79.81,18.0,-7.1,1.073,-1.4,-2.5,2.9,-13.7,13.2,1.095,25,5,0,0,5
63.4,9,isocontour,11.283791670955125,35599.17,74.91,20.7,-1.3,0.99,1.4,-1.0,1.7,-13.7,13.2,1.095,25,6,0,0,6
63.4,10,isocontour,11.283791670955125,35652.03,75.03,16.2,-13.3,0.982,-1.5,0.1,1.5,-13.7,13.2,1.095,25,4,0,0,4
63.4,11,isocontour,11.283791670955125,36981.26,77.82,-18.4,-7.0,1.053,-0.1,1.1,1.1,-13.7,13.2,1.095,25,3,0,0,3
63.4,12,isocontour,11.283791670955125,35887.62,75.52,-15.5,-14.0,0.985,3.0,-2.6,4.0,-13.7,13.2,1.095,25,3,0,0,3
63.4,13,isocontour,11.283791670955125,34687.79,73.0,20.8,-2.7,0.98,1.2,2.1,2.4,-13.7,13.2,1.095,25,6,0,0,6
63.4,14,isocontour,11.283791670955125,34940.43,73.53,13.8,-15.5,0.993,2.6,0.6,2.7,-13.7,13.2,1.095,25,4,0,0,4
63.4,15,isocontour,11.283791670955125,34135.48,71.83,0.0,20.7,0.994,0.4,-2.0,2.0,-13.7,13.2,1.095,25,2,0,0,2
63.4,16,isocontour,11.283791670955125,46805.42,98.5,-24.4,21.2,0.528,-0.4,0.9,1.0,-24.4,21.2,0.536,16,0,0,0,0
63.4,17,isocontour,11.283791670955125,34907.1,73.46,15.2,14.0,0.996,1.2,0.1,1.2,-13.7,13.2,1.095,25,5,0,0,5
63.4,18,isocontour,11.283791670955125,39529.11,83.18,-8.2,19.1,0.991,-1.1,-0.3,1.1,-13.7,13.2,1.095,25,2,0,0,2
63.4,19,isocontour,11.283791670955125,36136.76,76.05,-20.7,1.6,0.989,-0.7,-0.8,1.1,-13.7,13.2,1.095,25,4,0,0,4
63.4,20,isocontour,11.283791670955125,35916.07,75.58,7.1,-19.6,0.986,0.8,-3.3,3.4,-13.7,13.2,1.095,25,3,0,0,3
63.4,21,isocontour,11.283791670955125,35012.88,73.68,-9.0,-18.7,0.993,-2.7,0.2,2.7,-13.7,13.2,1.095,25,2,0,0,2
63.4,22,isocontour,11.283791670955125,38031.22,80.03,-19.3,-7.3,0.997,0.9,-2.5,2.7,-13.7,13.2,1.095,25,3,0,0,3
63.4,23,isocontour,11.283791670955125,39397.94,82.91,-19.5,7.2,0.99,-0.1,-0.7,0.7,-13.7,13.2,1.095,25,3,0,0,3
63.4,24,isocontour,11.283791670955125,36649.68,77.12,-1.3,-20.8,0.984,-1.3,-1.6,2.1,-13.7,13.2,1.095,25,2,0,0,2
63.4,25,isocontour,11.283791670955125,35131.38,73.93,-14.5,13.0,1.066,-2.5,-0.8,2.6,-14.5,13.0,1.095,25,3,0,0,3
63.4,Target,,,,,0.0,0.0,4.023,0.0,0.0,,,,,,,,,
63.5,1,isocontour,11.283791670955125,34786.56,73.2,19.9,6.5,0.978,-0.8,2.0,2.2,-13.7,13.2,1.095,25,6,0,0,6
63.5,2,isocontour,11.283791670955125,33599.65,70.71,8.3,19.1,0.985,-1.6,3.1,3.5,-13.7,13.2,1.095,25,3,0,0,3
63.5,3,isocontour,11.283791670955125,34820.81,73.28,14.5,14.9,0.985,-0.7,-1.0,1.2,-13.7,13.2,1.095,25,5,0,0,5
63.5,4,isocontour,11.283791670955125,38054.86,80.08,18.2,5.9,1.085,-1.2,2.6,2.9,-13.7,13.2,1.095,25,6,0,0,6
63.5,5,isocontour,11.283791670955125,36158.67,76.09,18.1,6.5,1.08,-0.4,3.4,3.4,-13.7,13.2,1.095,25,6,0,0,6
63.5,6,isocontour,11.283791670955125,37611.01,79.15,17.6,-8.0,1.074,-0.3,-2.4,2.4,-13.7,13.2,1.095,25,5,0,0,5
63.5,7,isocontour,11.283791670955125,36275.72,76.34,-18.5,9.8,0.981,0.4,-1.0,1.1,-13.7,13.2,1.095,25,3,0,0,3
63.5,8,isocontour,11.283791670955125,37922.08,79.8,18.0,-7.3,1.07,0.0,-1.5,1.5,-13.7,13.2,1.095,25,5,0,0,5
63.5,9,isocontour,11.283791670955125,35589.76,74.89,20.9,-1.4,0.981,1.7,-0.9,1.9,-13.7,13.2,1.095,25,6,0,0,6
63.5,10,isocontour,11.283791670955125,35639.6,75.0,16.0,-13.3,0.991,-2.1,0.0,2.1,-13.7,13.2,1.095,25,4,0,0,4
63.5,11,isocontour,11.283791670955125,36955.24,77.77,-18.5,-6.8,1.048,-1.8,2.0,2.7,-13.7,13.2,1.095,25,3,0,0,3
63.5,12,isocontour,11.283791670955125,35857.11,75.46,-15.6,-13.8,0.989,-1.3,2.6,2.9,-13.7,13.2,1.095,25,3,0,0,3
63.5,13,isocontour,11.283791670955125,34656.32,72.93,20.7,-2.4,0.986,-1.2,2.7,3.0,-13.7,13.2,1.095,25,6,0,0,6
63.5,14,isocontour,11.283791670955125,34935.78,73.52,13.9,-15.5,0.985,1.5,-0.4,1.6,-13.7,13.2,1.095,25,4,0,0,4
63.5,15,isocontour,11.283791670955125,34129.67,71.82,0.1,20.8,0.989,0.7,1.5,1.7,-13.7,13.2,1.095,25,2,0,0,2
63.5,16,isocontour,11.283791670955125,46804.32,98.49,-24.5,21.3,0.525,-0.6,0.7,0.9,-24.5,21.3,0.536,16,0,0,0,0
63.5,17,isocontour,11.283791670955125,34849.67,73.34,15.3,13.8,0.998,1.9,-3.0,3.6,-13.7,13.2,1.095,25,5,0,0,5
63.5,18,isocontour,11.283791670955125,39379.02,82.87,-8.6,19.0,0.985,-4.8,-0.8,4.9,-13.7,13.2,1.095,25,2,0,0,2
63.5,19,isocontour,11.283791670955125,36111.03,75.99,-20.7,1.4,0.991,0.4,-2.7,2.7,-13.7,13.2,1.095,25,4,0,0,4
63.5,20,isocontour,11.283791670955125,35914.13,75.58,7.2,-19.5,0.987,0.3,1.1,1.1,-13.7,13.2,1.095,25,3,0,0,3
63.5,21,isocontour,11.283791670955125,35002.11,73.66,-9.2,-18.7,0.984,-1.7,-1.1,2.0,-13.7,13.2,1.095,25,2,0,0,2
63.5,22,isocontour,11.283791670955125,38026.49,80.02,-19.4,-7.3,0.991,-1.5,0.4,1.6,-13.7,13.2,1.095,25,3,0,0,3
63.5,23,isocontour,11.283791670955125,39395.57,82.9,-19.4,7.2,0.992,0.7,1.0,1.2,-13.7,13.2,1.095,25,3,0,0,3
63.5,24,isocontour,11.283791670955125,36647.84,77.12,-1.4,-20.8,0.986,-0.8,0.8,1.1,-13.7,13.2,1.095,25,2,0,0,2
63.5,25,isocontour,11.283791670955125,35130.35,73.93,-14.5,12.9,1.069,0.4,-0.8,0.9,-14.5,12.9,1.095,25,3,0,0,3
63.5,Target,,,,,0.0,0.0,4.023,0.0,0.0,,,,,,,,,
63.6,1,isocontour,11.283791670955125,34770.95,73.17,19.9,6.8,0.978,-0.8,2.1,2.2,-13.7,13.2,1.095,25,6,0,0,6
63.6,2,isocontour,11.283791670955125,33576.89,70.66,8.5,19.2,0.98,2.6,-0.4,2.6,-13.7,13.2,1.095,25,3,0,0,3
63.6,3,isocontour,11.283791670955125,34798.83,73.23,14.7,14.8,0.987,1.7,-1.9,2.5,-13.7,13.2,1.095,25,5,0,0,5
63.6,4,isocontour,11.283791670955125,38053.58,80.08,18.1,6.0,1.087,-0.6,0.8,1.0,-13.7,13.2,1.095,25,6,0,0,6
63.6,5,isocontour,11.283791670955125,36129.4,76.03,18.0,6.8,1.079,-1.1,2.6,2.8,-13.7,13.2,1.095,25,6,0,0,6
63.6,6,isocontour,11.283791670955125,37608.08,79.14,17.5,-8.2,1.075,-0.8,-1.0,1.3,-13.7,13.2,1.095,25,5,0,0,5
63.6,7,isocontour,11.283791670955125,36274.65,76.34,-18.4,9.8,0.985,0.3,-0.9,0.9,-13.7,13.2,1.095,25,3,0,0,3
63.6,8,isocontour,11.283791670955125,37891.88,79.74,17.9,-7.5,1.069,-0.9,-2.7,2.8,-13.7,13.2,1.095,25,5,0,0,5
63.6,9,isocontour,11.283791670955125,35589.67,74.89,20.9,-1.4,0.98,-0.2,0.3,0.4,-13.7,13.2,1.095,25,6,0,0,6
63.6,10,isocontour,11.283791670955125,35639.1,75.0,16.0,-13.3,0.989,0.6,-0.4,0.7,-13.7,13.2,1.095,25,4,0,0,4
63.6,11,isocontour,11.283791670955125,36926.89,77.71,-18.7,-6.6,1.046,-1.2,2.5,2.8,-13.7,13.2,1.095,25,3,0,0,3
63.6,12,isocontour,11.283791670955125,35854.67,75.45,-15.6,-13.6,0.992,-0.4,1.2,1.3,-13.7,13.2,1.095,25,3,0,0,3
63.6,13,isocontour,11.283791670955125,34644.41,72.9,20.6,-2.2,0.995,-1.3,1.7,2.1,-13.7,13.2,1.095,25,6,0,0,6
63.6,14,isocontour,11.283791670955125,34897.77,73.44,13.7,-15.6,0.991,-3.0,-0.7,3.1,-13.7,13.2,1.095,25,4,0,0,4
63.6,15,isocontour,11.283791670955125,34096.22,71.75,-0.1,20.8,0.986,-2.9,0.4,2.9,-13.7,13.2,1.095,25,2,0,0,2
63.6,16,isocontour,11.283791670955125,46803.22,98.49,-24.6,21.4,0.523,-0.8,0.5,0.9,-24.6,21.4,0.536,16,0,0,0,0
63.6,17,isocontour,11.283791670955125,34846.93,73.33,15.4,13.8,0.993,0.4,1.2,1.3,-13.7,13.2,1.095,25,5,0,0,5
63.6,18,isocontour,11.283791670955125,39353.01,82.81,-8.5,19.1,0.981,2.1,1.7,2.7,-13.7,13.2,1.095,25,2,0,0,2
63.6,19,isocontour,11.283791670955125,36085.29,75.94,-20.8,1.5,0.985,-1.3,2.4,2.7,-13.7,13.2,1.095,25,4,0,0,4
63.6,20,isocontour,11.283791670955125,35904.43,75.56,7.3,-19.5,0.987,1.9,0.4,1.9,-13.7,13.2,1.095,25,3,0,0,3
63.6,21,isocontour,11.283791670955125,34990.87,73.63,-9.4,-18.7,0.98,-2.0,0.2,2.0,-13.7,13.2,1.095,25,2,0,0,2
63.6,22,isocontour,11.283791670955125,38020.13,80.01,-19.5,-7.4,0.983,-0.8,-1.5,1.7,-13.7,13.2,1.095,25,3,0,0,3
63.6,23,isocontour,11.283791670955125,39389.43,82.89,-19.5,7.4,0.987,-0.4,1.6,1.6,-13.7,13.2,1.095,25,3,0,0,3
63.6,24,isocontour,11.283791670955125,36646.44,77.12,-1.3,-20.7,0.989,1.0,0.3,1.0,-13.7,13.2,1.095,25,2,0,0,2
63.6,25,isocontour,11.283791670955125,35129.31,73.93,-14.5,12.9,1.068,-0.8,-0.5,0.9,-14.5,12.9,1.095,25,3,0,0,3
63.6,Target,,,,,0.0,0.0,4.023,0.0,0.0,,,,,,,,,
63.7,1,isocontour,11.283791670955125,34767.3,73.16,19.7,6.8,0.985,-1.4,-0.2,1.4,-13.7,13.2,1.095,25,6,0,0,6
63.7,2,isocontour,11.283791670955125,33565.65,70.63,8.5,19.0,0.988,0.3,-2.0,2.0,-13.7,13.2,1.095,25,3,0,0,3
63.7,3,isocontour,11.283791670955125,34792.58,73.22,14.8,14.6,0.986,1.3,-1.0,1.6,-13.7,13.2,1.095,25,5,0,0,5
63.7,4,isocontour,11.283791670955125,38026.7,80.02,18.1,5.8,1.091,0.1,-2.8,2.8,-13.7,13.2,1.095,25,6,0,0,6
63.7,5,isocontour,11.283791670955125,36099.52,75.97,18.0,6.6,1.083,0.3,-2.8,2.8,-13.7,13.2,1.095,25,6,0,0,6
63.7,6,isocontour,11.283791670955125,37588.53,79.1,17.6,-8.0,1.076,0.9,2.3,2.5,-13.7,13.2,1.095,25,5,0,0,5
63.7,7,isocontour,11.283791670955125,36273.29,76.33,-18.5,9.7,0.984,-0.6,-0.8,1.0,-13.7,13.2,1.095,25,3,0,0,3
63.7,8,isocontour,11.283791670955125,37887.32,79.73,18.0,-7.6,1.061,1.5,-0.2,1.5,-13.7,13.2,1.095,25,5,0,0,5
63.7,9,isocontour,11.283791670955125,35583.21,74.88,20.7,-1.4,0.989,-1.7,-0.0,1.7,-13.7,13.2,1.095,25,6,0,0,6
63.7,10,isocontour,11.283791670955125,35627.19,74.97,15.9,-13.5,0.987,-1.1,-1.8,2.1,-13.7,13.2,1.095,25,4,0,0,4
63.7,11,isocontour,11.283791670955125,36902.81,77.66,-18.6,-6.8,1.045,0.8,-2.5,2.6,-13.7,13.2,1.095,25,3,0,0,3
63.7,12,isocontour,11.283791670955125,35853.06,75.45,-15.5,-13.6,0.997,0.8,0.7,1.1,-13.7,13.2,1.095,25,3,0,0,3
63.7,13,isocontour,11.283791670955125,34642.52,72.9,20.5,-2.1,0.997,-0.2,1.1,1.1,-13.7,13.2,1.095,25,6,0,0,6
63.7,14,isocontour,11.283791670955125,34897.14,73.44,13.6,-15.6,0.991,-0.4,-0.7,0.8,-13.7,13.2,1.095,25,4,0,0,4
63.7,15,isocontour,11.283791670955125,34094.37,71.75,-0.3,20.8,0.985,-1.1,0.0,1.1,-13.7,13.2,1.095,25,2,0,0,2
63.7,16,isocontour,11.283791670955125,46802.12,98.49,-24.5,21.3,0.524,0.2,-0.9,0.9,-24.5,21.3,0.536,16,0,0,0,0
63.7,17,isocontour,11.283791670955125,34828.08,73.29,15.3,14.0,0.994,-1.8,1.6,2.4,-13.7,13.2,1.095,25,5,0,0,5
63.7,18,isocontour,11.283791670955125,39351.48,82.81,-8.4,19.2,0.98,0.9,0.5,1.0,-13.7,13.2,1.095,25,2,0,0,2
63.7,19,isocontour,11.283791670955125,35991.85,75.74,-20.8,1.9,0.982,-0.1,4.2,4.2,-13.7,13.2,1.095,25,4,0,0,4
63.7,20,isocontour,11.283791670955125,35902.11,75.55,7.4,-19.4,0.989,0.9,0.8,1.2,-13.7,13.2,1.095,25,3,0,0,3
63.7,21,isocontour,11.283791670955125,34981.17,73.61,-9.5,-18.6,0.984,-1.1,1.6,1.9,-13.7,13.2,1.095,25,2,0,0,2
63.7,22,isocontour,11.283791670955125,38019.42,80.01,-19.6,-7.4,0.98,-0.7,0.4,0.8,-13.7,13.2,1.095,25,3,0,0,3
63.7,23,isocontour,11.283791670955125,39386.23,82.88,-19.5,7.5,0.983,-0.3,1.3,1.3,-13.7,13.2,1.095,25,3,0,0,3
63.7,24,isocontour,11.283791670955125,36645.59,77.12,-1.2,-20.7,0.99,0.9,0.0,0.9,-13.7,13.2,1.095,25,2,0,0,2
63.7,25,isocontour,11.283791670955125,35119.01,73.9,-14.6,12.7,1.072,-0.7,-1.9,2.0,-14.6,12.7,1.095,25,3,0,0,3
63.7,Target,,,,,0.0,0.0,4.023,0.0,0.0,,,,,,,,,
63.8,1,isocontour,11.283791670955125,34762.29,73.15,19.6,6.7,0.993,-1.3,-0.9,1.6,-13.7,13.2,1.095,25,6,0,0,6
63.8,2,isocontour,11.283791670955125,33561.68,70.63,8.6,18.8,0.994,0.5,-1.4,1.5,-13.7,13.2,1.095,25,3,0,0,3
63.8,3,isocontour,11.283791670955125,34790.15,73.21,14.7,14.7,0.988,-1.1,0.5,1.2,-13.7,13.2,1.095,25,5,0,0,5
63.8,4,isocontour,11.283791670955125,38013.57,79.99,18.2,5.6,1.088,1.4,-1.7,2.2,-13.7,13.2,1.095,25,6,0,0,6
63.8,5,isocontour,11.283791670955125,36072.64,75.91,18.0,6.3,1.088,0.0,-2.8,2.8,-13.7,13.2,1.095,25,6,0,0,6
63.8,6,isocontour,11.283791670955125,37558.96,79.04,17.7,-7.7,1.077,1.1,2.6,2.8,-13.7,13.2,1.095,25,5,0,0,5
63.8,7,isocontour,11.283791670955125,36249.22,76.28,-18.4,9.8,0.985,1.4,2.2,2.6,-13.7,13.2,1.095,25,3,0,0,3
63.8,8,isocontour,11.283791670955125,37868.7,79.69,18.1,-7.4,1.057,1.4,2.0,2.4,-13.7,13.2,1.095,25,5,0,0,5
63.8,9,isocontour,11.283791670955125,35560.71,74.83,20.6,-1.5,0.996,-1.4,-2.2,2.6,-13.7,13.2,1.095,25,6,0,0,6
63.8,10,isocontour,11.283791670955125,35611.58,74.94,15.7,-13.5,0.995,-2.3,-0.1,2.3,-13.7,13.2,1.095,25,4,0,0,4
63.8,11,isocontour,11.283791670955125,36901.2,77.65,-18.5,-6.8,1.048,0.8,-0.7,1.1,-13.7,13.2,1.095,25,3,0,0,3
63.8,12,isocontour,11.283791670955125,35831.58,75.4,-15.5,-13.8,0.992,0.5,-2.5,2.5,-13.7,13.2,1.095,25,3,0,0,3
63.8,13,isocontour,11.283791670955125,34639.9,72.9,20.6,-2.1,0.992,1.2,-0.1,1.2,-13.7,13.2,1.095,25,6,0,0,6
63.8,14,isocontour,11.283791670955125,34890.45,73.42,13.8,-15.7,0.984,1.6,-0.5,1.7,-13.7,13.2,1.095,25,4,0,0,4
63.8,15,isocontour,11.283791670955125,34067.5,71.69,-0.1,20.8,0.988,2.7,-0.5,2.7,-13.7,13.2,1.095,25,2,0,0,2
63.8,16,isocontour,11.283791670955125,46801.02,98.49,-24.5,21.2,0.526,0.2,-0.9,0.9,-24.5,21.2,0.536,16,0,0,0,0
63.8,17,isocontour,11.283791670955125,34826.14,73.29,15.3,14.0,0.99,1.1,0.1,1.1,-13.7,13.2,1.095,25,5,0,0,5
63.8,18,isocontour,11.283791670955125,39328.99,82.76,-8.2,19.1,0.987,2.5,-0.6,2.6,-13.7,13.2,1.095,25,2,0,0,2
63.8,19,isocontour,11.283791670955125,35962.89,75.68,-20.8,2.2,0.984,0.7,2.7,2.8,-13.7,13.2,1.095,25,4,0,0,4
63.8,20,isocontour,11.283791670955125,35890.2,75.53,7.4,-19.2,0.998,-0.1,2.1,2.1,-13.7,13.2,1.095,25,3,0,0,3
63.8,21,isocontour,11.283791670955125,34945.66,73.54,-9.7,-18.4,0.989,-2.1,2.2,3.0,-13.7,13.2,1.095,25,2,0,0,2
63.8,22,isocontour,11.283791670955125,37993.69,79.95,-19.5,-7.5,0.984,1.8,-2.0,2.7,-13.7,13.2,1.095,25,3,0,0,3
63.8,23,isocontour,11.283791670955125,39382.58,82.88,-19.4,7.6,0.986,1.1,0.9,1.4,-13.7,13.2,1.095,25,3,0,0,3
63.8,24,isocontour,11.283791670955125,36644.72,77.11,-1.1,-20.7,0.99,0.9,0.1,0.9,-13.7,13.2,1.095,25,2,0,0,2
63.8,25,isocontour,11.283791670955125,35115.59,73.9,-14.7,12.6,1.068,-1.4,-0.1,1.4,-14.7,12.6,1.095,25,3,0,0,3
63.8,Target,,,,,0.0,0.0,4.023,0.0,0.0,,,,,,,,,
63.9,1,isocontour,11.283791670955125,34732.71,73.09,19.5,6.9,0.993,-0.6,2.8,2.9,-13.7,13.2,1.095,25,6,0,0,6
63.9,2,isocontour,11.283791670955125,33561.05,70.63,8.6,18.9,0.992,0.6,0.5,0.8,-13.7,13.2,1.095,25,3,0,0,3
63.9,3,isocontour,11.283791670955125,34785.77,73.2,14.7,14.6,0.993,0.2,-1.5,1.5,-13.7,13.2,1.095,25,5,0,0,5
63.9,4,isocontour,11.283791670955125,38012.7,79.99,18.3,5.5,1.085,0.6,-0.6,0.8,-13.7,13.2,1.095,25,6,0,0,6
63.9,5,isocontour,11.283791670955125,36049.1,75.86,18.1,6.1,1.088,1.0,-2.4,2.6,-13.7,13.2,1.095,25,6,0,0,6
63.9,6,isocontour,11.283791670955125,37558.87,79.04,17.7,-7.7,1.077,-0.2,-0.3,0.4,-13.7,13.2,1.095,25,5,0,0,5
63.9,7,isocontour,11.283791670955125,36227.49,76.24,-18.4,9.7,0.989,-0.6,-2.5,2.6,-13.7,13.2,1.095,25,3,0,0,3
63.9,8,isocontour,11.283791670955125,37759.82,79.46,18.4,-7.1,1.051,2.5,3.6,4.4,-13.7,13.2,1.095,25,5,0,0,5
63.9,9,isocontour,11.283791670955125,35560.1,74.83,20.6,-1.6,0.996,0.1,-0.8,0.8,-13.7,13.2,1.095,25,6,0,0,6
63.9,10,isocontour,11.283791670955125,35599.33,74.91,15.7,-13.3,0.999,0.8,2.0,2.2,-13.7,13.2,1.095,25,4,0,0,4
63.9,11,isocontour,11.283791670955125,36883.03,77.62,-18.4,-7.0,1.054,1.9,-1.5,2.4,-13.7,13.2,1.095,25,3,0,0,3
63.9,12,isocontour,11.283791670955125,35821.59,75.38,-15.4,-14.0,0.99,1.2,-1.6,2.0,-13.7,13.2,1.095,25,3,0,0,3
63.9,13,isocontour,11.283791670955125,34552.97,72.71,20.8,-2.4,0.981,1.6,-3.8,4.1,-13.7,13.2,1.095,25,6,0,0,6
63.9,14,isocontour,11.283791670955125,34873.8,73.39,13.7,-15.8,0.982,-1.6,-1.7,2.3,-13.7,13.2,1.095,25,4,0,0,4
63.9,15,isocontour,11.283791670955125,34040.62,71.63,0.2,20.8,0.991,2.7,-0.5,2.7,-13.7,13.2,1.095,25,2,0,0,2
63.9,16,isocontour,11.283791670955125,46799.92,98.48,-24.6,21.2,0.524,-0.8,0.4,0.9,-24.6,21.2,0.536,16,0,0,0,0
63.9,17,isocontour,11.283791670955125,34805.89,73.24,15.4,13.8,0.992,1.0,-2.3,2.5,-13.7,13.2,1.095,25,5,0,0,5
63.9,18,isocontour,11.283791670955125,39327.71,82.76,-8.1,19.2,0.988,0.9,0.4,1.0,-13.7,13.2,1.095,25,2,0,0,2
63.9,19,isocontour,11.283791670955125,35945.82,75.64,-20.6,2.4,0.992,1.9,1.4,2.4,-13.7,13.2,1.095,25,4,0,0,4
63.9,20,isocontour,11.283791670955125,35862.45,75.47,7.2,-19.3,1.001,-2.6,-0.9,2.8,-13.7,13.2,1.095,25,3,0,0,3
63.9,21,isocontour,11.283791670955125,34914.19,73.47,-9.6,-18.1,1.004,1.3,2.6,2.9,-13.7,13.2,1.095,25,2,0,0,2
63.9,22,isocontour,11.283791670955125,37967.1,79.9,-19.2,-7.7,0.994,2.5,-1.1,2.7,-13.7,13.2,1.095,25,3,0,0,3
63.9,23,isocontour,11.283791670955125,39351.11,82.81,-19.3,7.8,0.988,1.5,2.5,2.9,-13.7,13.2,1.095,25,3,0,0,3
63.9,24,isocontour,11.283791670955125,36641.65,77.11,-1.2,-20.8,0.987,-1.1,-0.7,1.3,-13.7,13.2,1.095,25,2,0,0,2
63.9,25,isocontour,11.283791670955125,35102.28,73.87,-14.9,12.6,1.06,-2.1,-0.4,2.1,-14.9,12.6,1.095,25,3,0,0,3
63.9,Target,,,,,0.0,0.0,4.023,0.0,0.0,,,,,,,,,
64.0,1,isocontour,11.283791670955125,34682.2,72.98,19.8,6.8,0.981,3.1,-1.5,3.4,19.8,6.8,0.993,1,6,0,0,6
64.0,2,isocontour,11.283791670955125,33438.34,70.37,8.4,19.1,0.985,-3.5,3.0,4.6,8.4,19.1,0.992,2,3,0,0,3
64.0,3,isocontour,11.283791670955125,34765.51,73.16,14.7,14.7,0.987,-0.4,2.5,2.5,14.7,14.7,0.993,3,5,0,0,5
64.0,4,isocontour,11.283791670955125,38009.7,79.99,18.3,5.6,1.086,-0.7,1.1,1.3,18.3,5.6,1.085,4,6,0,0,6
64.0,5,isocontour,11.283791670955125,36037.02,75.84,18.2,5.9,1.085,1.3,-1.7,2.1,18.2,5.9,1.088,5,6,0,0,6
64.0,6,isocontour,11.283791670955125,37536.37,78.99,17.5,-7.9,1.08,-1.6,-2.1,2.6,17.5,-7.9,1.077,6,5,0,0,5
64.0,7,isocontour,11.283791670955125,36226.9,76.24,-18.4,9.6,0.991,0.1,-0.8,0.8,-18.4,9.6,0.989,7,3,0,0,3
64.0,8,isocontour,11.283791670955125,37738.59,79.42,18.4,-7.3,1.048,-0.5,-2.5,2.5,18.4,-7.3,1.051,8,5,0,0,5
64.0,9,isocontour,11.283791670955125,35548.69,74.81,20.7,-1.8,0.988,1.4,-1.5,2.1,20.7,-1.8,0.996,9,6,0,0,6
64.0,10,isocontour,11.283791670955125,35516.15,74.74,16.1,-13.2,0.987,4.0,0.4,4.0,16.1,-13.2,0.999,10,4,0,0,4
64.0,11,isocontour,11.283791670955125,36854.07,77.55,-18.4,-6.8,1.054,-1.2,2.5,2.8,-18.4,-6.8,1.054,11,3,0,0,3
64.0,12,isocontour,11.283791670955125,35810.01,75.36,-15.3,-14.1,0.988,1.2,-1.7,2.1,-15.3,-14.1,0.99,12,3,0,0,3
64.0,13,isocontour,11.283791670955125,34540.89,72.69,20.9,-2.3,0.977,0.9,1.9,2.1,20.9,-2.3,0.981,13,6,0,0,6
64.0,14,isocontour,11.283791670955125,34867.67,73.37,13.5,-15.9,0.983,-1.4,-0.9,1.7,13.5,-15.9,0.982,14,4,0,0,4
64.0,15,isocontour,11.283791670955125,34039.22,71.63,0.2,20.8,0.99,-1.0,0.3,1.0,0.2,20.8,0.991,15,2,0,0,2
64.0,16,isocontour,11.283791670955125,46798.82,98.48,-24.7,21.3,0.522,-0.5,0.8,0.9,-24.7,21.3,0.524,16,0,0,0,0
64.0,17,isocontour,11.283791670955125,34803.89,73.24,15.5,13.9,0.988,0.8,0.8,1.1,15.5,13.9,0.992,17,5,0,0,5
64.0,18,isocontour,11.283791670955125,39304.69,82.71,-7.8,19.2,0.993,2.6,-0.1,2.6,-7.8,19.2,0.988,18,2,0,0,2
64.0,19,isocontour,11.283791670955125,35944.5,75.64,-20.6,2.5,0.993,-0.0,1.0,1.0,-20.6,2.5,0.992,19,4,0,0,4
64.0,20,isocontour,11.283791670955125,35738.14,75.21,6.8,-19.4,1.0,-4.3,-1.7,4.6,6.8,-19.4,1.001,20,3,0,0,3
64.0,21,isocontour,11.283791670955125,34913.16,73.47,-9.5,-18.1,1.01,0.7,0.5,0.9,-9.5,-18.1,1.004,21,2,0,0,2
64.0,22,isocontour,11.283791670955125,37959.7,79.88,-19.1,-7.8,0.999,1.3,-1.3,1.8,-19.1,-7.8,0.994,22,3,0,0,3
64.0,23,isocontour,11.283791670955125,39328.09,82.76,-19.2,7.7,0.995,0.4,-2.6,2.6,-19.2,7.7,0.988,23,3,0,0,3
64.0,24,isocontour,11.283791670955125,36639.99,77.1,-1.2,-20.7,0.99,0.7,0.8,1.1,-1.2,-20.7,0.987,24,2,0,0,2
64.0,25,isocontour,11.283791670955125,35080.3,73.82,-15.2,12.5,1.055,-2.2,-1.4,2.6,-15.2,12.5,1.06,25,3,0,0,3
64.0,Target,,,,,0.0,0.0,4.023,0.0,0.0,,,,,,,,,
64.1,1,isocontour,11.283791670955125,34682.0,72.98,19.8,6.9,0.978,0.1,0.5,0.5,18.2,5.9,1.088,5,6,0,0,6
64.1,2,isocontour,11.283791670955125,33382.81,70.25,8.6,19.1,0.981,3.4,-0.9,3.5,14.7,14.7,0.993,3,3,0,0,3
64.1,3,isocontour,11.283791670955125,34720.12,73.06,14.8,14.5,0.989,1.7,-2.8,3.3,18.2,5.9,1.088,5,5,0,0,5
64.1,4,isocontour,11.283791670955125,38008.3,79.98,18.2,5.7,1.088,-0.5,0.9,1.0,18.2,5.9,1.088,5,6,0,0,6
64.1,5,isocontour,11.283791670955125,36009.26,75.78,18.1,6.1,1.085,-1.0,2.6,2.8,18.1,6.1,1.088,5,6,0,0,6
64.1,6,isocontour,11.283791670955125,37534.11,78.99,17.6,-8.0,1.075,1.1,-0.6,1.3,17.6,-8.0,1.08,6,5,0,0,5
64.1,7,isocontour,11.283791670955125,36219.24,76.22,-18.3,9.7,0.994,1.3,1.2,1.8,-15.2,12.5,1.06,25,3,0,0,3
64.1,8,isocontour,11.283791670955125,37731.19,79.4,18.2,-7.4,1.053,-1.5,-1.0,1.8,17.5,-7.9,1.08,6,5,0,0,5
64.1,9,isocontour,11.283791670955125,35548.5,74.81,20.7,-1.8,0.989,-0.5,0.2,0.5,18.2,5.9,1.088,5,6,0,0,6
64.1,10,isocontour,11.283791670955125,35512.43,74.73,16.1,-13.3,0.983,-0.7,-1.2,1.4,17.5,-7.9,1.08,6,4,0,0,4
64.1,11,isocontour,11.283791670955125,36846.79,77.54,-18.6,-6.7,1.046,-1.8,0.2,1.8,-18.6,-6.7,1.054,11,3,0,0,3
64.1,12,isocontour,11.283791670955125,35807.52,75.35,-15.3,-14.1,0.989,-0.7,1.0,1.2,-18.4,-6.8,1.054,11,3,0,0,3
64.1,13,isocontour,11.283791670955125,34538.79,72.68,20.9,-2.2,0.977,-0.1,1.2,1.2,18.2,5.9,1.088,5,6,0,0,6
64.1,14,isocontour,11.283791670955125,34866.53,73.37,13.4,-15.9,0.986,-0.9,0.1,0.9,17.5,-7.9,1.08,6,4,0,0,4
64.1,15,isocontour,11.283791670955125,33989.15,71.53,-0.1,20.9,0.983,-3.1,1.5,3.4,-7.8,19.2,0.993,18,2,0,0,2
64.1,16,isocontour,11.283791670955125,46797.72,98.48,-24.7,21.3,0.519,-0.9,0.3,0.9,-24.7,21.3,0.524,16,0,0,0,0
64.1,17,isocontour,11.283791670955125,34799.06,73.23,15.7,13.9,0.98,1.5,0.4,1.6,18.2,5.9,1.088,5,5,0,0,5
64.1,18,isocontour,11.283791670955125,39302.94,82.71,-7.9,19.2,0.992,-1.1,0.1,1.1,-15.2,12.5,1.06,25,2,0,0,2
64.1,19,isocontour,11.283791670955125,35839.27,75.42,-20.8,2.2,0.984,-2.3,-3.7,4.4,-18.4,-6.8,1.054,11,4,0,0,4
64.1,20,isocontour,11.283791670955125,35727.68,75.18,6.7,-19.6,0.992,-0.4,-2.0,2.0,6.7,-19.6,1.001,20,3,0,0,3
64.1,21,isocontour,11.283791670955125,34912.06,73.47,-9.4,-18.1,1.011,0.9,-0.4,1.0,-9.4,-18.1,1.01,21,2,0,0,2
64.1,22,isocontour,11.283791670955125,37946.75,79.85,-19.2,-7.8,0.989,-2.1,-0.4,2.1,-18.4,-6.8,1.054,11,3,0,0,3
64.1,23,isocontour,11.283791670955125,39324.6,82.75,-19.1,7.7,0.997,0.8,1.2,1.4,-15.2,12.5,1.06,25,3,0,0,3
64.1,24,isocontour,11.283791670955125,36637.73,77.1,-1.2,-20.7,0.99,-1.2,-0.2,1.2,-9.5,-18.1,1.01,21,2,0,0,2
64.1,25,isocontour,11.283791670955125,35054.0,73.77,-15.3,12.2,1.058,-1.1,-2.5,2.7,-15.3,12.2,1.06,25,3,0,0,3
64.1,Target,,,,,0.0,0.0,4.023,0.0,0.0,,,,,,,,,
64.2,1,isocontour,11.283791670955125,34666.18,72.95,19.7,7.0,0.983,-1.8,1.4,2.3,18.2,5.9,1.088,5,6,0,0,6
64.2,2,isocontour,11.283791670955125,33378.93,70.24,8.7,19.0,0.984,0.8,-1.2,1.4,18.2,5.9,1.088,5,3,0,0,3
64.2,3,isocontour,11.283791670955125,34690.24,73.0,15.0,14.3,0.992,1.7,-2.3,2.9,18.2,5.9,1.088,5,5,0,0,5
64.2,4,isocontour,11.283791670955125,38007.39,79.98,18.2,5.7,1.087,0.4,-0.8,0.9,18.2,5.9,1.088,5,6,0,0,6
64.2,5,isocontour,11.283791670955125,35969.02,75.69,18.1,6.4,1.084,-0.9,3.0,3.1,18.1,6.4,1.088,5,6,0,0,6
64.2,6,isocontour,11.283791670955125,37529.64,78.98,17.7,-8.0,1.066,1.5,-0.3,1.5,18.2,5.9,1.088,5,5,0,0,5
64.2,7,isocontour,11.283791670955125,36174.27,76.12,-18.3,10.0,0.988,0.1,3.3,3.3,-15.2,12.5,1.06,25,3,0,0,3
64.2,8,isocontour,11.283791670955125,37711.65,79.36,18.2,-7.6,1.052,-0.7,-2.4,2.5,18.2,5.9,1.088,5,5,0,0,5
64.2,9,isocontour,11.283791670955125,35518.92,74.75,20.5,-1.7,1.003,-2.7,0.9,2.8,18.2,5.9,1.088,5,6,0,0,6
64.2,10,isocontour,11.283791670955125,35488.89,74.68,15.9,-13.5,0.988,-2.4,-1.2,2.7,17.5,-7.9,1.08,6,4,0,0,4
64.2,11,isocontour,11.283791670955125,36817.52,77.48,-18.5,-7.0,1.044,1.0,-2.7,2.9,-18.5,-7.0,1.054,11,3,0,0,3
64.2,12,isocontour,11.283791670955125,35798.11,75.33,-15.4,-13.9,0.993,-0.5,1.9,2.0,-18.4,-6.8,1.054,11,3,0,0,3
64.2,13,isocontour,11.283791670955125,34536.53,72.68,20.9,-2.1,0.979,-0.2,1.2,1.2,18.2,5.9,1.088,5,6,0,0,6
64.2,14,isocontour,11.283791670955125,34851.52,73.34,13.2,-15.9,0.995,-2.2,0.5,2.3,17.5,-7.9,1.08,6,4,0,0,4
64.2,15,isocontour,11.283791670955125,33951.14,71.45,-0.4,20.9,0.984,-3.0,-0.7,3.1,-15.2,12.5,1.06,25,2,0,0,2
64.2,16,isocontour,11.283791670955125,46796.62,98.48,-24.8,21.4,0.517,-0.2,0.9,0.9,-24.8,21.4,0.524,16,0,0,0,0
64.2,17,isocontour,11.283791670955125,34787.65,73.21,15.5,13.9,0.988,-2.0,-0.5,2.1,18.2,5.9,1.088,5,5,0,0,5
64.2,18,isocontour,11.283791670955125,39297.44,82.7,-8.0,19.1,0.994,-1.2,-1.1,1.6,-15.2,12.5,1.06,25,2,0,0,2
64.2,19,isocontour,11.283791670955125,35838.39,75.42,-20.8,2.2,0.983,0.3,0.8,0.9,-15.2,12.5,1.06,25,4,0,0,4
64.2,20,isocontour,11.283791670955125,35705.19,75.14,6.9,-19.8,0.979,1.7,-2.0,2.6,17.5,-7.9,1.08,6,2,0,0,2
64.2,21,isocontour,11.283791670955125,34897.63,73.44,-9.2,-18.1,1.014,2.2,-0.4,2.2,-18.4,-6.8,1.054,11,2,0,0,2
64.2,22,isocontour,11.283791670955125,37937.62,79.84,-19.3,-7.7,0.99,-0.2,1.9,1.9,-18.4,-6.8,1.054,11,3,0,0,3
64.2,23,isocontour,11.283791670955125,39304.35,82.71,-19.3,7.6,0.994,-1.6,-1.9,2.5,-15.2,12.5,1.06,25,3,0,0,3
64.2,24,isocontour,11.283791670955125,36633.43,77.09,-1.3,-20.6,0.996,-0.2,1.5,1.5,-9.4,-18.1,1.011,21,2,0,0,2
64.2,25,isocontour,11.283791670955125,35038.98,73.74,-15.4,12.0,1.062,-0.8,-2.1,2.2,-15.2,12.5,1.06,25,3,0,0,3
64.2,Target,,,,,0.0,0.0,4.023,0.0,0.0,,,,,,,,,
64.3,1,isocontour,11.283791670955125,34646.17,72.91,19.5,6.9,0.995,-1.9,-1.6,2.5,18.2,5.9,1.088,5,6,0,0,6
64.3,2,isocontour,11.283791670955125,33363.72,70.21,8.9,18.9,0.984,2.1,-0.9,2.3,18.2,5.9,1.088,5,3,0,0,3
64.3,3,isocontour,11.283791670955125,34689.33,73.0,15.1,14.3,0.988,0.8,0.4,0.9,18.2,5.9,1.088,5,5,0,0,5
64.3,4,isocontour,11.283791670955125,37981.66,79.93,18.3,5.4,1.087,0.7,-2.6,2.7,18.2,5.9,1.088,5,6,0,0,6
64.3,5,isocontour,11.283791670955125,35939.75,75.63,18.1,6.2,1.082,1.3,-2.5,2.8,18.1,6.2,1.088,5,6,0,0,6
64.3,6,isocontour,11.283791670955125,37523.29,78.96,17.8,-7.9,1.064,0.8,1.5,1.7,18.2,5.9,1.088,5,5,0,0,5
64.3,7,isocontour,11.283791670955125,36173.94,76.12,-18.2,10.0,0.987,0.4,0.5,0.6,-15.4,12.0,1.062,25,3,0,0,3
64.3,8,isocontour,11.283791670955125,37701.35,79.34,18.0,-7.7,1.061,-2.0,-0.3,2.0,18.2,5.9,1.088,5,5,0,0,5
64.3,9,isocontour,11.283791670955125,35518.48,74.74,20.4,-1.7,1.006,-0.2,-0.7,0.7,18.2,5.9,1.088,5,6,0,0,6
64.3,10,isocontour,11.283791670955125,35465.34,74.63,15.6,-13.6,0.994,-2.4,-1.0,2.6,18.2,5.9,1.088,5,4,0,0,4
64.3,11,isocontour,11.283791670955125,36816.04,77.47,-18.5,-7.1,1.047,0.8,-0.7,1.1,-15.2,12.5,1.06,25,3,0,0,3
64.3,12,isocontour,11.283791670955125,35797.65,75.33,-15.4,-13.9,0.992,-0.1,-0.7,0.7,-18.4,-6.8,1.054,11,3,0,0,3
64.3,13,isocontour,11.283791670955125,34536.3,72.68,20.9,-2.1,0.977,0.4,-0.4,0.6,18.2,5.9,1.088,5,6,0,0,6
64.3,14,isocontour,11.283791670955125,34850.98,73.34,13.2,-15.9,0.993,0.4,-0.6,0.7,18.2,5.9,1.088,5,4,0,0,4
64.3,15,isocontour,11.283791670955125,33949.78,71.44,-0.5,20.8,0.987,-0.8,-0.6,1.0,18.2,5.9,1.088,5,2,0,0,2
64.3,16,isocontour,11.283791670955125,46795.52,98.48,-24.8,21.5,0.515,-0.6,0.7,0.9,-24.8,21.5,0.524,16,0,0,0,0
64.3,17,isocontour,11.283791670955125,34785.22,73.2,15.5,13.8,0.993,-0.1,-1.2,1.2,18.2,5.9,1.088,5,5,0,0,5
64.3,18,isocontour,11.283791670955125,39282.82,82.67,-8.2,19.1,0.989,-2.2,0.3,2.2,-15.4,12.0,1.062,25,2,0,0,2
64.3,19,isocontour,11.283791670955125,35830.49,75.4,-20.6,2.3,0.992,1.8,0.4,1.8,-15.4,12.0,1.062,25,5,0,0,5
64.3,20,isocontour,11.283791670955125,35705.07,75.14,6.8,-19.8,0.979,-0.3,0.3,0.4,17.5,-7.9,1.08,6,3,0,0,3
64.3,21,isocontour,11.283791670955125,34874.62,73.39,-9.0,-18.1,1.022,2.6,0.4,2.6,-18.4,-6.8,1.054,11,2,0,0,2
64.3,22,isocontour,11.283791670955125,37905.83,79.77,-19.4,-7.4,0.991,-0.9,2.8,2.9,-15.2,12.5,1.06,25,3,0,0,3
64.3,23,isocontour,11.283791670955125,39288.93,82.68,-19.4,7.4,0.992,-1.1,-2.0,2.3,-15.4,12.0,1.062,25,3,0,0,3
64.3,24,isocontour,11.283791670955125,36632.53,77.09,-1.4,-20.6,0.998,-0.9,0.1,0.9,17.5,-7.9,1.08,6,2,0,0,2
64.3,25,isocontour,11.283791670955125,35037.88,73.73,-15.4,11.9,1.067,0.3,-0.9,0.9,-15.4,11.9,1.062,25,4,0,0,4
64.3,Target,,,,,0.0,0.0,4.023,0.0,0.0,,,,,,,,,
64.4,1,isocontour,11.283791670955125,34639.81,72.9,19.6,6.8,0.99,1.7,-0.2,1.7,18.2,5.9,1.088,5,6,0,0,6
64.4,2,isocontour,11.283791670955125,33335.96,70.15,9.1,18.7,0.987,2.3,-1.6,2.8,18.2,5.9,1.088,5,3,0,0,3
64.4,3,isocontour,11.283791670955125,34651.69,72.92,15.3,14.1,0.989,1.8,-2.5,3.1,18.2,5.9,1.088,5,5,0,0,5
64.4,4,isocontour,11.283791670955125,37980.14,79.92,18.3,5.5,1.085,0.2,1.0,1.0,18.2,5.9,1.088,5,6,0,0,6
64.4,5,isocontour,11.283791670955125,35936.4,75.62,18.3,6.2,1.075,1.2,0.6,1.3,18.3,6.2,1.088,5,6,0,0,6
64.4,6,isocontour,11.283791670955125,37496.12,78.91,17.7,-8.0,1.07,-2.2,-1.7,2.8,18.2,5.9,1.088,5,5,0,0,5
64.4,7,isocontour,11.283791670955125,36170.81,76.12,-18.2,9.9,0.992,0.5,-1.2,1.3,-15.4,11.9,1.067,25,3,0,0,3
64.4,8,isocontour,11.283791670955125,37700.21,79.34,18.0,-7.6,1.064,0.0,1.0,1.0,18.2,5.9,1.088,5,5,0,0,5
64.4,9,isocontour,11.283791670955125,35514.1,74.74,20.5,-1.7,1.0,1.3,0.7,1.5,18.2,5.9,1.088,5,6,0,0,6
64.4,10,isocontour,11.283791670955125,35458.3,74.62,15.7,-13.5,0.991,1.6,0.7,1.7,18.2,5.9,1.088,5,4,0,0,4
64.4,11,isocontour,11.283791670955125,36791.96,77.42,-18.4,-6.9,1.056,0.9,2.5,2.7,-15.4,12.0,1.062,25,3,0,0,3
64.4,12,isocontour,11.283791670955125,35703.54,75.13,-15.2,-14.2,0.986,1.9,-3.7,4.2,-15.2,12.5,1.06,25,3,0,0,3
64.4,13,isocontour,11.283791670955125,34498.66,72.6,20.8,-1.8,0.981,-0.6,3.0,3.1,18.2,5.9,1.088,5,6,0,0,6
64.4,14,isocontour,11.283791670955125,34830.96,73.3,13.3,-16.2,0.982,0.8,-2.4,2.5,18.2,5.9,1.088,5,4,0,0,4
64.4,15,isocontour,11.283791670955125,33922.32,71.39,-0.8,20.8,0.99,-2.7,-0.5,2.7,18.2,5.9,1.088,5,2,0,0,2
64.4,16,isocontour,11.283791670955125,46794.42,98.47,-24.8,21.5,0.516,0.9,-0.2,0.9,-24.8,21.5,0.524,16,0,0,0,0
64.4,17,isocontour,11.283791670955125,34784.72,73.2,15.4,13.8,0.993,-0.2,0.7,0.7,18.2,5.9,1.088,5,5,0,0,5
64.4,18,isocontour,11.283791670955125,39166.39,82.42,-8.6,18.9,0.989,-4.0,-2.1,4.5,18.2,5.9,1.088,5,2,0,0,2
64.4,19,isocontour,11.283791670955125,35827.93,75.4,-20.6,2.4,0.989,-0.8,1.0,1.3,-15.4,11.9,1.067,25,5,0,0,5
64.4,20,isocontour,11.283791670955125,35703.18,75.13,6.8,-19.7,0.984,-0.7,0.9,1.1,18.2,5.9,1.088,5,3,0,0,3
64.4,21,isocontour,11.283791670955125,34844.1,73.33,-8.7,-18.1,1.028,2.9,-0.2,2.9,17.5,-7.9,1.08,6,2,0,0,2
64.4,22,isocontour,11.283791670955125,37878.95,79.71,-19.6,-7.5,0.979,-2.5,-1.1,2.7,-15.4,12.0,1.062,25,3,0,0,3
64.4,23,isocontour,11.283791670955125,39286.99,82.67,-19.5,7.3,0.987,-1.1,-0.1,1.1,-15.4,11.9,1.067,25,3,0,0,3
64.4,24,isocontour,11.283791670955125,36622.08,77.07,-1.5,-20.7,0.989,-1.1,-1.7,2.0,17.5,-7.9,1.08,6,2,0,0,2
64.4,25,isocontour,11.283791670955125,35034.46,73.73,-15.3,11.8,1.072,0.0,-1.4,1.4,-15.3,11.8,1.067,25,4,0,0,4
64.4,Target,,,,,0.0,0.0,4.023,0.0,0.0,,,,,,,,,
64.5,1,isocontour,11.283791670955125,34605.35,72.82,19.9,6.8,0.976,3.0,-0.1,3.0,18.2,5.9,1.088,5,6,0,0,6
64.5,2,isocontour,11.283791670955125,33303.18,70.08,9.3,18.5,0.992,1.9,-2.3,3.0,18.2,5.9,1.088,5,3,0,0,3
64.5,3,isocontour,11.283791670955125,34649.14,72.91,15.4,14.0,0.989,1.0,-0.8,1.3,18.2,5.9,1.088,5,5,0,0,5
64.5,4,isocontour,11.283791670955125,37955.24,79.87,18.4,5.3,1.087,0.4,-2.7,2.7,18.2,5.9,1.088,5,6,0,0,6
64.5,5,isocontour,11.283791670955125,35906.2,75.56,18.3,6.0,1.076,0.4,-2.8,2.8,18.3,6.0,1.088,5,6,0,0,6
64.5,6,isocontour,11.283791670955125,37489.88,78.89,17.5,-7.9,1.08,-1.2,1.2,1.7,18.2,5.9,1.088,5,5,0,0,5
64.5,7,isocontour,11.283791670955125,36170.07,76.12,-18.2,9.9,0.996,0.2,-0.8,0.8,-15.3,11.8,1.072,25,3,0,0,3
64.5,8,isocontour,11.283791670955125,37659.97,79.25,18.1,-7.3,1.06,1.9,2.5,3.1,18.2,5.9,1.088,5,5,0,0,5
64.5,9,isocontour,11.283791670955125,35510.6,74.73,20.7,-1.7,0.992,1.3,0.3,1.3,18.2,5.9,1.088,5,6,0,0,6
64.5,10,isocontour,11.283791670955125,35435.29,74.57,16.0,-13.6,0.98,2.6,-0.4,2.6,18.2,5.9,1.088,5,4,0,0,4
64.5,11,isocontour,11.283791670955125,36760.16,77.36,-18.4,-6.6,1.062,-0.2,2.9,2.9,-15.4,11.9,1.067,25,3,0,0,3
64.5,12,isocontour,11.283791670955125,35640.13,75.0,-14.9,-14.5,0.989,3.1,-2.0,3.7,17.5,-7.9,1.08,6,3,0,0,3
64.5,13,isocontour,11.283791670955125,34496.28,72.59,20.8,-1.7,0.983,-0.1,1.2,1.2,18.2,5.9,1.088,5,6,0,0,6
64.5,14,isocontour,11.283791670955125,34814.74,73.26,13.4,-16.1,0.979,1.9,1.4,2.4,18.2,5.9,1.088,5,4,0,0,4
64.5,15,isocontour,11.283791670955125,33920.8,71.38,-0.7,20.7,0.992,1.0,-0.3,1.0,18.2,5.9,1.088,5,2,0,0,2
64.5,16,isocontour,11.283791670955125,46793.32,98.47,-24.7,21.5,0.518,0.9,0.2,0.9,-24.7,21.5,0.524,16,0,0,0,0
64.5,17,isocontour,11.283791670955125,34750.25,73.13,15.6,13.6,0.993,2.0,-2.3,3.0,18.2,5.9,1.088,5,5,0,0,5
64.5,18,isocontour,11.283791670955125,39153.97,82.39,-8.5,18.8,0.997,2.0,-0.9,2.2,18.2,5.9,1.088,5,2,0,0,2
64.5,19,isocontour,11.283791670955125,35827.06,75.39,-20.6,2.3,0.99,0.4,-0.8,0.9,-15.3,11.8,1.072,25,5,0,0,5
64.5,20,isocontour,11.283791670955125,35679.9,75.08,6.8,-19.5,0.996,0.2,2.6,2.6,18.2,5.9,1.088,5,3,0,0,3
64.5,21,isocontour,11.283791670955125,34825.94,73.29,-8.5,-18.0,1.039,2.0,1.3,2.4,17.5,-7.9,1.08,6,2,0,0,2
64.5,22,isocontour,11.283791670955125,37806.94,79.56,-19.7,-7.2,0.98,-0.5,3.8,3.8,-15.4,11.9,1.067,25,3,0,0,3
64.5,23,isocontour,11.283791670955125,39260.97,82.62,-19.5,7.1,0.991,0.0,-2.7,2.7,-15.3,11.8,1.072,25,3,0,0,3
64.5,24,isocontour,11.283791670955125,36619.34,77.06,-1.6,-20.8,0.985,-1.1,-0.6,1.3,18.2,5.9,1.088,5,2,0,0,2
64.5,25,isocontour,11.283791670955125,35026.68,73.71,-15.5,11.7,1.069,-1.6,-0.9,1.8,18.2,5.9,1.088,5,4,0,0,4
64.5,Target,,,,,0.0,0.0,4.023,0.0,0.0,,,,,,,,,
64.6,1,isocontour,11.283791670955125,34605.08,72.82,19.9,6.8,0.976,-0.3,-0.5,0.6,18.2,5.9,1.088,5,6,0,0,6
64.6,2,isocontour,11.283791670955125,33287.57,70.05,9.5,18.6,0.983,1.4,1.8,2.3,18.2,5.9,1.088,5,3,0,0,3
64.6,3,isocontour,11.283791670955125,34629.83,72.87,15.2,14.1,0.991,-2.1,1.4,2.5,18.2,5.9,1.088,5,5,0,0,5
64.6,4,isocontour,11.283791670955125,37940.42,79.84,18.4,5.4,1.082,0.4,2.2,2.2,18.2,5.9,1.088,5,6,0,0,6
64.6,5,isocontour,11.283791670955125,35898.03,75.54,18.2,6.1,1.082,-1.4,1.2,1.8,18.2,6.1,1.088,5,6,0,0,6
64.6,6,isocontour,11.283791670955125,37470.8,78.85,17.5,-7.7,1.085,0.3,2.4,2.4,18.2,5.9,1.088,5,5,0,0,5
64.6,7,isocontour,11.283791670955125,36130.2,76.03,-18.1,10.1,0.99,0.2,3.1,3.1,18.2,5.9,1.088,5,3,0,0,3
64.6,8,isocontour,11.283791670955125,37658.45,79.25,18.2,-7.2,1.059,0.5,0.9,1.0,18.2,5.9,1.088,5,5,0,0,5
64.6,9,isocontour,11.283791670955125,35489.37,74.68,20.8,-1.5,0.984,1.7,1.9,2.5,18.2,5.9,1.088,5,6,0,0,6
64.6,10,isocontour,11.283791670955125,35415.98,74.53,16.0,-13.8,0.973,-0.5,-2.4,2.5,18.2,5.9,1.088,5,4,0,0,4
64.6,11,isocontour,11.283791670955125,36737.15,77.31,-18.4,-6.3,1.068,0.2,2.6,2.6,17.5,-7.9,1.08,6,3,0,0,3
64.6,12,isocontour,11.283791670955125,35636.99,74.99,-14.8,-14.5,0.994,1.3,-0.0,1.3,17.5,-7.9,1.08,6,3,0,0,3
64.6,13,isocontour,11.283791670955125,34496.08,72.59,20.8,-1.7,0.983,-0.0,-0.5,0.5,18.2,5.9,1.088,5,6,0,0,6
64.6,14,isocontour,11.283791670955125,34805.18,73.24,13.3,-16.0,0.987,-1.9,0.6,2.0,18.2,5.9,1.088,5,4,0,0,4
64.6,15,isocontour,11.283791670955125,33911.24,71.36,-0.9,20.8,0.987,-1.7,1.0,2.0,18.2,5.9,1.088,5,2,0,0,2
64.6,16,isocontour,11.283791670955125,46792.22,98.47,-24.7,21.6,0.516,-0.7,0.7,1.0,-24.7,21.6,0.524,16,0,0,0,0
64.6,17,isocontour,11.283791670955125,34617.71,72.85,15.9,13.3,0.991,3.3,-3.4,4.7,18.2,5.9,1.088,5,5,0,0,5
64.6,18,isocontour,11.283791670955125,39152.65,82.39,-8.5,18.8,0.996,-1.0,0.0,1.0,18.2,5.9,1.088,5,2,0,0,2
64.6,19,isocontour,11.283791670955125,35826.37,75.39,-20.6,2.2,0.991,-0.1,-0.8,0.8,18.2,5.9,1.088,5,5,0,0,5
64.6,20,isocontour,11.283791670955125,35678.76,75.08,6.9,-19.5,0.997,1.0,0.0,1.0,18.2,5.9,1.088,5,3,0,0,3
64.6,21,isocontour,11.283791670955125,34824.58,73.28,-8.5,-17.9,1.045,-0.4,0.9,1.0,18.2,5.9,1.088,5,2,0,0,2
64.6,22,isocontour,11.283791670955125,37771.44,79.49,-19.5,-6.9,0.994,2.3,2.0,3.0,17.5,-7.9,1.08,6,3,0,0,3
64.6,23,isocontour,11.283791670955125,39236.63,82.57,-19.6,6.8,0.993,-0.7,-2.6,2.7,18.2,5.9,1.088,5,3,0,0,3
64.6,24,isocontour,11.283791670955125,36588.82,77.0,-1.3,-20.8,0.988,2.8,0.6,2.9,18.2,5.9,1.088,5,2,0,0,2
64.6,25,isocontour,11.283791670955125,35004.7,73.66,-15.3,11.7,1.077,2.5,0.5,2.5,18.2,5.9,1.088,5,4,0,0,4
64.6,Target,,,,,0.0,0.0,4.023,0.0,0.0,,,,,,,,,
64.7,1,isocontour,11.283791670955125,34598.39,72.81,19.7,6.8,0.984,-1.7,-0.2,1.7,18.2,5.9,1.088,5,6,0,0,6
64.7,2,isocontour,11.283791670955125,33281.65,70.04,9.4,18.5,0.989,-1.0,-1.4,1.7,18.2,5.9,1.088,5,3,0,0,3
64.7,3,isocontour,11.283791670955125,34628.83,72.87,15.2,14.2,0.99,-0.2,0.9,0.9,18.2,5.9,1.088,5,5,0,0,5
64.7,4,isocontour,11.283791670955125,37902.05,79.76,18.3,5.7,1.081,-0.9,3.0,3.1,18.2,5.9,1.088,5,6,0,0,6
64.7,5,isocontour,11.283791670955125,35897.21,75.54,18.2,6.1,1.083,-0.2,0.8,0.8,18.2,6.1,1.088,5,6,0,0,6
64.7,6,isocontour,11.283791670955125,37470.26,78.85,17.5,-7.7,1.084,-0.0,-0.7,0.7,18.2,5.9,1.088,5,5,0,0,5
64.7,7,isocontour,11.283791670955125,36128.72,76.03,-18.2,10.3,0.985,-0.3,1.0,1.0,18.2,5.9,1.088,5,3,0,0,3
64.7,8,isocontour,11.283791670955125,37651.64,79.23,18.2,-7.4,1.056,-0.1,-1.7,1.7,18.2,5.9,1.088,5,5,0,0,5
64.7,9,isocontour,11.283791670955125,35488.17,74.68,20.8,-1.5,0.986,-0.8,-0.6,1.0,18.2,5.9,1.088,5,6,0,0,6
64.7,10,isocontour,11.283791670955125,35391.9,74.48,15.7,-13.9,0.978,-2.5,-1.0,2.7,18.2,5.9,1.088,5,4,0,0,4
64.7,11,isocontour,11.283791670955125,36714.13,77.26,-18.3,-6.5,1.066,0.4,-2.6,2.6,18.2,5.9,1.088,5,3,0,0,3
64.7,12,isocontour,11.283791670955125,35618.6,74.95,-14.7,-14.7,0.99,0.8,-2.3,2.4,18.2,5.9,1.088,5,3,0,0,3
64.7,13,isocontour,11.283791670955125,34489.03,72.58,20.7,-1.8,0.99,-1.7,-0.4,1.7,18.2,5.9,1.088,5,6,0,0,6
64.7,14,isocontour,11.283791670955125,34801.91,73.24,13.2,-16.0,0.994,-1.3,0.4,1.4,18.2,5.9,1.088,5,4,0,0,4
64.7,15,isocontour,11.283791670955125,33909.85,71.36,-0.8,20.8,0.987,1.0,-0.2,1.0,18.2,5.9,1.088,5,2,0,0,2
64.7,16,isocontour,11.283791670955125,46791.12,98.47,-24.8,21.6,0.513,-0.6,0.7,0.9,-24.8,21.6,0.524,16,0,0,0,0
64.7,17,isocontour,11.283791670955125,34593.36,72.8,16.2,13.2,0.982,2.7,-0.1,2.7,18.2,5.9,1.088,5,5,0,0,5
64.7,18,isocontour,11.283791670955125,39125.48,82.33,-8.8,18.7,0.995,-2.6,-0.9,2.8,18.2,5.9,1.088,5,2,0,0,2
64.7,19,isocontour,11.283791670955125,35821.54,75.38,-20.7,2.3,0.984,-1.3,0.9,1.6,18.2,5.9,1.088,5,5,0,0,5
64.7,20,isocontour,11.283791670955125,35672.3,75.07,6.9,-19.6,0.99,-0.3,-1.7,1.7,18.2,5.9,1.088,5,3,0,0,3
64.7,21,isocontour,11.283791670955125,34812.67,73.26,-8.6,-17.7,1.052,-0.9,1.9,2.1,18.2,5.9,1.088,5,2,0,0,2
64.7,22,isocontour,11.283791670955125,37769.34,79.48,-19.5,-6.9,0.992,-1.1,0.2,1.1,18.2,5.9,1.088,5,3,0,0,3
64.7,23,isocontour,11.283791670955125,39226.48,82.55,-19.7,6.9,0.984,-1.6,1.1,1.9,18.2,5.9,1.088,5,3,0,0,3
64.7,24,isocontour,11.283791670955125,36559.25,76.93,-1.1,-20.7,0.991,2.8,0.4,2.8,18.2,5.9,1.088,5,2,0,0,2
64.7,25,isocontour,11.283791670955125,34991.93,73.64,-15.2,11.6,1.089,1.2,-1.8,2.2,18.2,5.9,1.088,5,4,0,0,4
64.7,Target,,,,,0.0,0.0,4.023,0.0,0.0,,,,,,,,,
64.8,1,isocontour,11.283791670955125,34596.07,72.8,19.7,6.7,0.99,-0.8,-0.9,1.2,18.2,5.9,1.088,5,6,0,0,6
64.8,2,isocontour,11.283791670955125,33278.97,70.03,9.5,18.4,0.992,0.8,-1.0,1.3,18.2,5.9,1.088,5,3,0,0,3
64.8,3,isocontour,11.283791670955125,34543.16,72.69,15.3,13.9,0.996,1.6,-3.7,4.0,18.2,5.9,1.088,5,5,0,0,5
64.8,4,isocontour,11.283791670955125,37888.74,79.73,18.5,5.8,1.07,2.0,0.8,2.2,18.2,5.9,1.088,5,6,0,0,6
64.8,5,isocontour,11.283791670955125,35887.37,75.52,18.3,6.3,1.073,1.3,1.4,1.9,18.3,6.3,1.088,5,6,0,0,6
64.8,6,isocontour,11.283791670955125,37448.53,78.81,17.4,-7.9,1.083,-0.9,-2.4,2.6,18.2,5.9,1.088,5,5,0,0,5
64.8,7,isocontour,11.283791670955125,36126.11,76.02,-18.1,10.3,0.989,1.2,0.3,1.2,-15.2,11.6,1.089,25,3,0,0,3
64.8,8,isocontour,11.283791670955125,37629.65,79.19,18.1,-7.6,1.056,-1.0,-2.4,2.6,18.2,5.9,1.088,5,5,0,0,5
64.8,9,isocontour,11.283791670955125,35456.04,74.61,20.6,-1.3,0.995,-1.5,2.5,2.9,18.2,5.9,1.088,5,6,0,0,6
64.8,10,isocontour,11.283791670955125,35370.42,74.43,15.5,-14.0,0.981,-2.1,-1.5,2.6,18.2,5.9,1.088,5,4,0,0,4
64.8,11,isocontour,11.283791670955125,36683.3,77.2,-18.2,-6.8,1.065,0.8,-2.8,2.9,18.2,5.9,1.088,5,3,0,0,3
64.8,12,isocontour,11.283791670955125,35499.85,74.71,-14.9,-14.4,0.991,-2.8,3.6,4.6,18.2,5.9,1.088,5,3,0,0,3
64.8,13,isocontour,11.283791670955125,34486.71,72.57,20.6,-1.8,0.996,-1.0,-0.7,1.2,18.2,5.9,1.088,5,6,0,0,6
64.8,14,isocontour,11.283791670955125,34801.46,73.24,13.1,-16.0,0.994,-0.5,-0.5,0.7,18.2,5.9,1.088,5,4,0,0,4
64.8,15,isocontour,11.283791670955125,33884.67,71.31,-1.0,20.7,0.994,-2.3,-1.5,2.7,18.2,5.9,1.088,5,2,0,0,2
64.8,16,isocontour,11.283791670955125,46790.02,98.46,-24.9,21.6,0.512,-0.9,-0.4,1.0,-24.9,21.6,0.524,16,0,0,0,0
64.8,17,isocontour,11.283791670955125,34565.9,72.74,16.1,13.4,0.979,-1.7,2.2,2.8,18.2,5.9,1.088,5,5,0,0,5
64.8,18,isocontour,11.283791670955125,39108.62,82.3,-9.0,18.7,0.989,-2.3,0.2,2.3,-15.2,11.6,1.089,25,2,0,0,2
64.8,19,isocontour,11.283791670955125,35805.73,75.35,-20.7,2.1,0.988,0.7,-2.2,2.3,-15.2,11.6,1.089,25,5,0,0,5
64.8,20,isocontour,11.283791670955125,35671.13,75.07,6.9,-19.6,0.991,0.6,0.7,0.9,18.2,5.9,1.088,5,3,0,0,3
64.8,21,isocontour,11.283791670955125,34810.77,73.25,-8.5,-17.7,1.053,1.0,-0.5,1.1,18.2,5.9,1.088,5,2,0,0,2
64.8,22,isocontour,11.283791670955125,37760.22,79.46,-19.7,-7.0,0.983,-1.3,-1.4,1.9,18.2,5.9,1.088,5,3,0,0,3
64.8,23,isocontour,11.283791670955125,39217.77,82.53,-19.7,6.8,0.985,0.1,-1.9,1.9,-15.2,11.6,1.089,25,3,0,0,3
64.8,24,isocontour,11.283791670955125,36558.15,76.93,-1.1,-20.7,0.992,-0.9,0.2,0.9,18.2,5.9,1.088,5,2,0,0,2
64.8,25,isocontour,11.283791670955125,34963.87,73.58,-15.0,11.8,1.089,1.5,2.4,2.8,-15.0,11.8,1.089,25,4,0,0,4
64.8,Target,,,,,0.0,0.0,4.023,0.0,0.0,,,,,,,,,
64.9,1,isocontour,11.283791670955125,34595.31,72.8,19.6,6.7,0.99,-0.1,0.8,0.8,18.2,5.9,1.088,5,6,0,0,6
64.9,2,isocontour,11.283791670955125,33249.4,69.97,9.7,18.5,0.985,2.8,0.5,2.8,18.2,5.9,1.088,5,3,0,0,3
64.9,3,isocontour,11.283791670955125,34517.14,72.64,15.5,13.7,0.992,2.5,-1.1,2.7,18.2,5.9,1.088,5,5,0,0,5
64.9,4,isocontour,11.283791670955125,37773.85,79.49,18.6,5.5,1.068,1.2,-4.3,4.5,18.2,5.9,1.088,5,6,0,0,6
64.9,5,isocontour,11.283791670955125,35886.58,75.52,18.3,6.4,1.071,-0.0,0.8,0.8,18.3,6.4,1.088,5,6,0,0,6
64.9,6,isocontour,11.283791670955125,37445.03,78.8,17.5,-7.9,1.08,0.9,1.0,1.3,18.2,5.9,1.088,5,5,0,0,5
64.9,7,isocontour,11.283791670955125,36094.31,75.96,-17.9,10.5,0.994,2.3,1.8,2.9,-15.2,11.6,1.089,25,3,0,0,3
64.9,8,isocontour,11.283791670955125,37627.1,79.18,18.1,-7.5,1.055,0.5,1.1,1.2,18.2,5.9,1.088,5,5,0,0,5
64.9,9,isocontour,11.283791670955125,35424.25,74.55,20.6,-1.0,0.996,0.2,2.9,2.9,18.2,5.9,1.088,5,6,0,0,6
64.9,10,isocontour,11.283791670955125,35366.85,74.43,15.4,-14.1,0.981,-0.8,-1.2,1.4,18.2,5.9,1.088,5,4,0,0,4
64.9,11,isocontour,11.283791670955125,36669.99,77.17,-18.2,-7.0,1.063,0.5,-2.1,2.2,-15.2,11.6,1.089,25,3,0,0,3
64.9,12,isocontour,11.283791670955125,35499.35,74.7,-15.0,-14.4,0.988,-0.4,-0.6,0.7,18.2,5.9,1.088,5,3,0,0,3
64.9,13,isocontour,11.283791670955125,34469.21,72.54,20.7,-2.0,0.99,1.2,-2.1,2.4,18.2,5.9,1.088,5,6,0,0,6
64.9,14,isocontour,11.283791670955125,34779.98,73.19,13.3,-16.1,0.983,2.3,-1.1,2.5,18.2,5.9,1.088,5,4,0,0,4
64.9,15,isocontour,11.283791670955125,33849.52,71.23,-1.3,20.7,0.992,-3.0,0.4,3.0,-15.2,11.6,1.089,25,2,0,0,2
64.9,16,isocontour,11.283791670955125,46788.92,98.46,-24.9,21.6,0.51,-0.7,0.6,0.9,-24.9,21.6,0.524,16,0,0,0,0
64.9,17,isocontour,11.283791670955125,34555.6,72.72,16.0,13.3,0.988,-1.3,-1.5,2.0,18.2,5.9,1.088,5,5,0,0,5
64.9,18,isocontour,11.283791670955125,39106.36,82.29,-9.1,18.7,0.988,-1.1,-0.5,1.2,-15.2,11.6,1.089,25,2,0,0,2
64.9,19,isocontour,11.283791670955125,35801.08,75.34,-20.6,2.2,0.993,1.1,1.0,1.5,-15.2,11.6,1.089,25,5,0,0,5
64.9,20,isocontour,11.283791670955125,35654.06,75.03,7.1,-19.6,0.984,2.2,-1.0,2.4,18.2,5.9,1.088,5,3,0,0,3
64.9,21,isocontour,11.283791670955125,34780.57,73.19,-8.2,-17.7,1.061,2.9,0.3,2.9,18.2,5.9,1.088,5,2,0,0,2
64.9,22,isocontour,11.283791670955125,37757.78,79.46,-19.6,-7.1,0.985,1.0,-0.8,1.3,-15.2,11.6,1.089,25,3,0,0,3
64.9,23,isocontour,11.283791670955125,39202.96,82.5,-19.5,6.7,0.997,2.1,-0.9,2.3,-15.2,11.6,1.089,25,3,0,0,3
64.9,24,isocontour,11.283791670955125,36498.27,76.81,-1.4,-20.9,0.982,-3.0,-2.0,3.6,18.2,5.9,1.088,5,2,0,0,2
64.9,25,isocontour,11.283791670955125,34951.27,73.55,-15.0,11.6,1.094,-0.5,-2.1,2.2,-15.0,11.6,1.089,25,4,0,0,4
64.9,Target,,,,,0.0,0.0,4.023,0.0,0.0,,,,,,,,,
65.0,1,isocontour,11.283791670955125,34486.43,72.57,20.0,6.9,0.97,4.1,1.5,4.4,18.2,5.9,1.088,5,6,0,0,6
65.0,2,isocontour,11.283791670955125,33246.33,69.96,9.7,18.5,0.986,-1.3,-0.0,1.3,-15.2,11.6,1.089,25,3,0,0,3
65.0,3,isocontour,11.283791670955125,34516.66,72.64,15.6,13.8,0.989,-0.2,0.7,0.7,18.2,5.9,1.088,5,5,0,0,5
65.0,4,isocontour,11.283791670955125,37753.6,79.45,18.7,5.2,1.07,0.3,-2.5,2.5,18.2,5.9,1.088,5,6,0,0,6
65.0,5,isocontour,11.283791670955125,35883.16,75.51,18.4,6.3,1.067,1.1,-0.9,1.4,18.4,6.3,1.088,5,6,0,0,6
65.0,6,isocontour,11.283791670955125,37416.98,78.74,17.6,-7.6,1.084,0.3,2.8,2.8,18.2,5.9,1.088,5,5,0,0,5
65.0,7,isocontour,11.283791670955125,36058.81,75.88,-17.7,10.7,0.994,1.4,2.7,3.0,-15.0,11.6,1.094,25,3,0,0,3
65.0,8,isocontour,11.283791670955125,37607.8,79.14,18.1,-7.3,1.061,-0.3,2.5,2.5,18.2,5.9,1.088,5,5,0,0,5
65.0,9,isocontour,11.283791670955125,35414.1,74.52,20.8,-1.1,0.987,1.8,-0.9,2.0,18.2,5.9,1.088,5,6,0,0,6
65.0,10,isocontour,11.283791670955125,35351.64,74.39,15.3,-14.3,0.982,-1.8,-1.4,2.3,18.2,5.9,1.088,5,4,0,0,4
65.0,11,isocontour,11.283791670955125,36666.93,77.16,-18.2,-6.9,1.067,0.3,1.3,1.3,-15.2,11.6,1.089,25,3,0,0,3
65.0,12,isocontour,11.283791670955125,35477.36,74.66,-15.0,-14.2,0.994,-0.5,2.5,2.5,-15.2,11.6,1.089,25,3,0,0,3
65.0,13,isocontour,11.283791670955125,34379.06,72.35,20.8,-2.4,0.98,1.5,-3.9,4.2,18.2,5.9,1.088,5,6,0,0,6
65.0,14,isocontour,11.283791670955125,34775.43,73.18,13.3,-16.2,0.975,0.1,-1.5,1.5,18.2,5.9,1.088,5,4,0,0,4
65.0,15,isocontour,11.283791670955125,33827.53,71.19,-1.1,20.7,0.991,2.6,0.4,2.6,-15.2,11.6,1.089,25,2,0,0,2
65.0,16,isocontour,11.283791670955125,46787.82,98.46,-25.0,21.7,0.507,-0.3,0.9,0.9,-25.0,21.7,0.524,16,0,0,0,0
65.0,17,isocontour,11.283791670955125,34519.74,72.64,16.0,13.1,0.996,0.8,-2.9,3.0,18.2,5.9,1.088,5,5,0,0,5
65.0,18,isocontour,11.283791670955125,39104.92,82.29,-9.1,18.6,0.992,0.9,-0.4,1.0,-15.0,11.6,1.094,25,2,0,0,2
65.0,19,isocontour,11.283791670955125,35800.35,75.34,-20.6,2.1,0.992,-0.5,-0.6,0.8,-15.0,11.6,1.094,25,5,0,0,5
65.0,20,isocontour,11.283791670955125,35651.32,75.02,7.0,-19.6,0.985,-1.3,0.0,1.3,18.2,5.9,1.088,5,3,0,0,3
65.0,21,isocontour,11.283791670955125,34778.2,73.19,-8.2,-17.6,1.066,-0.6,1.0,1.2,18.2,5.9,1.088,5,2,0,0,2
65.0,22,isocontour,11.283791670955125,37721.22,79.38,-19.5,-6.9,0.995,1.1,2.9,3.1,-15.2,11.6,1.089,25,3,0,0,3
65.0,23,isocontour,11.283791670955125,39179.42,82.45,-19.6,6.9,0.99,-0.9,2.5,2.7,-15.0,11.6,1.094,25,3,0,0,3
65.0,24,isocontour,11.283791670955125,36475.77,76.76,-1.2,-20.9,0.981,2.6,-0.1,2.6,18.2,5.9,1.088,5,2,0,0,2
65.0,25,isocontour,11.283791670955125,34948.9,73.55,-15.1,11.5,1.097,-0.3,-1.2,1.2,-15.1,11.5,1.094,25,4,0,0,4
65.0,Target,,,,,0.0,0.0,4.023,0.0,0.0,,,,,,,,,
65.1,1,isocontour,11.283791670955125,34456.85,72.51,20.0,7.1,0.964,-0.5,2.8,2.8,18.2,5.9,1.088,5,6,0,0,6
65.1,2,isocontour,11.283791670955125,33235.25,69.94,9.8,18.4,0.988,1.7,-1.2,2.1,-15.2,11.6,1.089,25,3,0,0,3
65.1,3,isocontour,11.283791670955125,34514.77,72.63,15.6,13.9,0.984,0.6,1.0,1.2,-15.2,11.6,1.089,25,5,0,0,5
65.1,4,isocontour,11.283791670955125,37723.4,79.38,18.6,5.4,1.07,-0.6,2.8,2.9,18.2,5.9,1.088,5,6,0,0,6
65.1,5,isocontour,11.283791670955125,35881.36,75.51,18.4,6.4,1.064,0.1,1.1,1.1,18.4,6.4,1.088,5,6,0,0,6
65.1,6,isocontour,11.283791670955125,37411.57,78.73,17.7,-7.6,1.078,1.6,0.1,1.6,18.2,5.9,1.088,5,5,0,0,5
65.1,7,isocontour,11.283791670955125,36038.8,75.84,-17.7,11.0,0.986,-0.6,2.4,2.5,-15.1,11.5,1.097,25,3,0,0,3
65.1,8,isocontour,11.283791670955125,37582.06,79.09,18.0,-7.5,1.062,-0.9,-2.6,2.8,18.2,5.9,1.088,5,5,0,0,5
65.1,9,isocontour,11.283791670955125,35411.95,74.52,20.8,-1.0,0.986,-0.1,1.2,1.2,18.2,5.9,1.088,5,6,0,0,6
65.1,10,isocontour,11.283791670955125,35333.92,74.36,15.0,-14.3,0.992,-2.4,0.4,2.4,18.2,5.9,1.088,5,4,0,0,4
65.1,11,isocontour,11.283791670955125,36644.17,77.11,-18.3,-7.1,1.056,-1.6,-2.0,2.6,-15.0,11.6,1.094,25,3,0,0,3
65.1,12,isocontour,11.283791670955125,35472.53,74.65,-15.0,-14.3,0.99,0.0,-1.6,1.6,-15.2,11.6,1.089,25,3,0,0,3
65.1,13,isocontour,11.283791670955125,34378.89,72.35,20.8,-2.5,0.978,0.1,-0.5,0.5,18.2,5.9,1.088,5,6,0,0,6
65.1,14,isocontour,11.283791670955125,34764.02,73.16,13.2,-16.2,0.982,-2.0,0.6,2.1,18.2,5.9,1.088,5,4,0,0,4
65.1,15,isocontour,11.283791670955125,33805.04,71.14,-0.8,20.8,0.987,2.5,0.9,2.7,-15.0,11.6,1.094,25,2,0,0,2
65.1,16,isocontour,11.283791670955125,46786.72,98.46,-25.0,21.7,0.508,-0.1,-0.9,0.9,-25.0,21.7,0.524,16,0,0,0,0
65.1,17,isocontour,11.283791670955125,34518.54,72.64,16.0,12.9,0.999,0.3,-0.9,0.9,-15.2,11.6,1.089,25,5,0,0,5
65.1,18,isocontour,11.283791670955125,39068.0,82.21,-9.3,18.6,0.99,-2.9,-0.9,3.0,-15.1,11.5,1.097,25,2,0,0,2
65.1,19,isocontour,11.283791670955125,35785.91,75.31,-20.8,2.1,0.982,-2.2,-0.5,2.3,-15.1,11.5,1.097,25,5,0,0,5
65.1,20,isocontour,11.283791670955125,35650.0,75.02,7.1,-19.6,0.985,0.9,0.4,1.0,18.2,5.9,1.088,5,3,0,0,3
65.1,21,isocontour,11.283791670955125,34743.73,73.11,-8.5,-17.5,1.069,-2.5,1.7,3.0,-15.2,11.6,1.089,25,2,0,0,2
65.1,22,isocontour,11.283791670955125,37710.92,79.36,-19.7,-6.8,0.988,-2.0,0.2,2.0,-15.0,11.6,1.094,25,3,0,0,3
65.1,23,isocontour,11.283791670955125,39143.21,82.37,-19.9,6.9,0.976,-3.0,-0.4,3.0,-15.1,11.5,1.097,25,3,0,0,3
65.1,24,isocontour,11.283791670955125,36447.72,76.7,-0.9,-20.9,0.984,2.7,0.5,2.7,18.2,5.9,1.088,5,2,0,0,2
65.1,25,isocontour,11.283791670955125,34924.0,73.49,-15.2,11.3,1.098,-1.6,-2.2,2.7,-15.2,11.3,1.097,25,4,0,0,4
65.1,Target,,,,,0.0,0.0,4.023,0.0,0.0,,,,,,,,,
65.2,1,isocontour,11.283791670955125,34426.34,72.45,19.9,7.4,0.967,-1.7,2.3,2.9,-15.2,11.6,1.089,25,6,0,0,6
65.2,2,isocontour,11.283791670955125,33225.25,69.92,9.8,18.2,0.995,0.5,-1.9,2.0,-15.0,11.6,1.094,25,3,0,0,3
65.2,3,isocontour,11.283791670955125,34498.75,72.6,15.7,13.7,0.987,0.7,-2.2,2.3,-15.2,11.6,1.089,25,5,0,0,5
65.2,4,isocontour,11.283791670955125,37720.53,79.38,18.5,5.5,1.073,-1.0,0.8,1.3,-15.2,11.6,1.089,25,6,0,0,6
65.2,5,isocontour,11.283791670955125,35856.46,75.46,18.4,6.6,1.062,-0.6,2.6,2.7,-15.2,11.6,1.089,25,6,0,0,6
65.2,6,isocontour,11.283791670955125,37351.19,78.6,17.5,-7.8,1.081,-2.2,-2.9,3.6,18.2,5.9,1.088,5,5,0,0,5
65.2,7,isocontour,11.283791670955125,36002.23,75.76,-17.6,11.2,0.983,1.4,2.7,3.0,-15.2,11.3,1.098,25,3,0,0,3
65.2,8,isocontour,11.283791670955125,37575.6,79.07,18.0,-7.7,1.057,0.3,-1.7,1.7,18.2,5.9,1.088,5,5,0,0,5
65.2,9,isocontour,11.283791670955125,35398.27,74.49,20.7,-0.8,0.995,-1.8,1.2,2.2,18.2,5.9,1.088,5,6,0,0,6
65.2,10,isocontour,11.283791670955125,35332.44,74.35,14.9,-14.2,0.998,-0.8,0.7,1.1,18.2,5.9,1.088,5,4,0,0,4
65.2,11,isocontour,11.283791670955125,36617.29,77.06,-18.2,-7.3,1.054,1.1,-2.5,2.7,-15.1,11.5,1.097,25,3,0,0,3
65.2,12,isocontour,11.283791670955125,35461.12,74.62,-15.2,-14.4,0.98,-1.9,-0.8,2.1,-15.0,11.6,1.094,25,3,0,0,3
65.2,13,isocontour,11.283791670955125,34350.83,72.29,20.7,-2.3,0.985,-1.1,2.5,2.7,18.2,5.9,1.088,5,6,0,0,6
65.2,14,isocontour,11.283791670955125,34734.44,73.09,13.1,-16.0,0.997,-1.0,2.7,2.9,18.2,5.9,1.088,5,4,0,0,4
65.2,15,isocontour,11.283791670955125,33793.3,71.11,-0.7,20.7,0.995,0.9,-1.9,2.1,-15.1,11.5,1.097,25,2,0,0,2
65.2,16,isocontour,11.283791670955125,46785.62,98.45,-25.0,21.7,0.506,-0.6,0.7,0.9,-25.0,21.7,0.524,16,0,0,0,0
65.2,17,isocontour,11.283791670955125,34517.51,72.64,16.1,13.0,0.996,0.1,0.9,0.9,-15.2,11.6,1.089,25,5,0,0,5
65.2,18,isocontour,11.283791670955125,39067.58,82.21,-9.3,18.6,0.987,0.1,0.7,0.7,-15.2,11.3,1.098,25,2,0,0,2
65.2,19,isocontour,11.283791670955125,35726.53,75.18,-20.7,1.8,0.988,1.5,-3.3,3.6,-15.2,11.3,1.098,25,5,0,0,5
65.2,20,isocontour,11.283791670955125,35646.2,75.01,7.2,-19.5,0.989,0.8,1.2,1.4,18.2,5.9,1.088,5,3,0,0,3
65.2,21,isocontour,11.283791670955125,34741.53,73.11,-8.6,-17.4,1.069,-1.1,0.5,1.2,-15.2,11.6,1.089,25,2,0,0,2
65.2,22,isocontour,11.283791670955125,37697.97,79.33,-19.8,-7.0,0.978,-1.3,-1.7,2.1,-15.1,11.5,1.097,25,3,0,0,3
65.2,23,isocontour,11.283791670955125,39141.51,82.37,-19.9,6.9,0.974,0.3,1.0,1.0,-15.2,11.3,1.098,25,3,0,0,3
65.2,24,isocontour,11.283791670955125,36422.82,76.65,-0.7,-20.8,0.989,2.6,0.7,2.7,-15.2,11.6,1.089,25,2,0,0,2
65.2,25,isocontour,11.283791670955125,34899.92,73.44,-15.4,11.3,1.084,-2.4,1.2,2.7,-15.4,11.3,1.098,25,4,0,0,4
65.2,Target,,,,,0.0,0.0,4.023,0.0,0.0,,,,,,,,,
65.3,1,isocontour,11.283791670955125,34400.04,72.39,19.6,7.4,0.98,-2.7,-0.1,2.7,-15.2,11.6,1.089,25,6,0,0,6
65.3,2,isocontour,11.283791670955125,33201.17,69.87,10.1,18.3,0.986,2.4,1.1,2.6,-15.1,11.5,1.097,25,3,0,0,3
65.3,3,isocontour,11.283791670955125,34485.26,72.57,15.5,13.6,0.996,-2.2,-0.1,2.2,-15.0,11.6,1.094,25,5,0,0,5
65.3,4,isocontour,11.283791670955125,37697.52,79.33,18.5,5.7,1.071,-0.2,2.6,2.6,-15.2,11.6,1.089,25,6,0,0,6
65.3,5,isocontour,11.283791670955125,35842.6,75.43,18.2,6.7,1.071,-2.2,0.3,2.2,-15.2,11.6,1.089,25,6,0,0,6
65.3,6,isocontour,11.283791670955125,37279.75,78.45,17.3,-8.1,1.087,-2.5,-2.9,3.8,18.2,5.9,1.088,5,5,0,0,5
65.3,7,isocontour,11.283791670955125,35997.85,75.75,-17.5,11.3,0.989,1.5,-0.0,1.5,-15.2,11.3,1.098,25,4,0,0,4
65.3,8,isocontour,11.283791670955125,37575.49,79.07,18.1,-7.7,1.054,0.4,-0.2,0.4,18.2,5.9,1.088,5,5,0,0,5
65.3,9,isocontour,11.283791670955125,35396.99,74.49,20.6,-0.9,0.998,-0.2,-1.0,1.0,-15.2,11.6,1.089,25,6,0,0,6
65.3,10,isocontour,11.283791670955125,35275.0,74.23,15.2,-14.1,0.993,3.3,1.4,3.6,18.2,5.9,1.088,5,4,0,0,4
65.3,11,isocontour,11.283791670955125,36615.35,77.05,-18.2,-7.3,1.057,0.1,1.1,1.1,-15.2,11.3,1.098,25,3,0,0,3
65.3,12,isocontour,11.283791670955125,35459.47,74.62,-15.3,-14.3,0.98,-0.5,1.0,1.1,-15.1,11.5,1.097,25,3,0,0,3
65.3,13,isocontour,11.283791670955125,34323.08,72.23,20.6,-2.0,0.991,-0.8,2.7,2.8,-15.2,11.6,1.089,25,6,0,0,6
65.3,14,isocontour,11.283791670955125,34712.96,73.05,12.9,-16.1,0.997,-1.8,-1.8,2.5,18.2,5.9,1.088,5,4,0,0,4
65.3,15,isocontour,11.283791670955125,33758.49,71.04,-1.0,20.7,0.995,-3.0,0.4,3.0,-15.2,11.3,1.098,25,2,0,0,2
65.3,16,isocontour,11.283791670955125,46767.01,98.42,-24.8,21.8,0.509,2.3,0.9,2.5,-24.8,21.8,0.524,16,0,0,0,0
65.3,17,isocontour,11.283791670955125,34508.52,72.62,16.2,13.0,0.989,1.9,-0.1,1.9,-15.0,11.6,1.094,25,5,0,0,5
65.3,18,isocontour,11.283791670955125,39045.08,82.17,-9.1,18.7,0.99,2.6,0.5,2.6,-15.2,11.3,1.098,25,3,0,0,3
65.3,19,isocontour,11.283791670955125,35717.55,75.16,-20.5,1.8,0.998,1.9,0.3,1.9,-15.2,11.3,1.098,25,5,0,0,5
65.3,20,isocontour,11.283791670955125,35625.94,74.97,7.4,-19.4,0.99,2.4,0.8,2.5,-15.2,11.6,1.089,25,3,0,0,3
65.3,21,isocontour,11.283791670955125,34730.28,73.09,-8.4,-17.4,1.075,2.0,0.3,2.0,-15.0,11.6,1.094,25,2,0,0,2
65.3,22,isocontour,11.283791670955125,37670.21,79.27,-19.8,-6.7,0.983,0.7,2.7,2.8,-15.2,11.3,1.098,25,3,0,0,3
65.3,23,isocontour,11.283791670955125,39134.46,82.35,-19.7,6.9,0.982,1.7,-0.3,1.7,-15.2,11.3,1.098,25,3,0,0,3
65.3,24,isocontour,11.283791670955125,36397.92,76.59,-0.4,-20.7,0.993,2.6,0.7,2.7,-15.2,11.6,1.089,25,2,0,0,2
65.3,25,isocontour,11.283791670955125,34891.49,73.42,-15.5,11.2,1.088,0.1,-1.9,1.9,-15.2,11.3,1.098,25,4,0,0,4
65.3,Target,,,,,0.0,0.0,4.023,0.0,0.0,,,,,,,,,
65.4,1,isocontour,11.283791670955125,34389.59,72.37,19.6,7.2,0.984,0.3,-2.0,2.0,-15.0,11.6,1.094,25,6,0,0,6
65.4,2,isocontour,11.283791670955125,33200.41,69.87,10.2,18.3,0.982,0.8,-0.0,0.8,-15.1,11.5,1.097,25,2,0,0,2
65.4,3,isocontour,11.283791670955125,34484.62,72.57,15.5,13.7,0.994,0.4,0.7,0.8,-15.1,11.5,1.097,25,5,0,0,5
65.4,4,isocontour,11.283791670955125,37694.84,79.32,18.6,5.7,1.069,0.7,-1.0,1.2,-15.0,11.6,1.094,25,6,0,0,6
65.4,5,isocontour,11.283791670955125,35820.87,75.38,18.1,6.5,1.078,-0.1,-2.6,2.6,-15.0,11.6,1.094,25,6,0,0,6
65.4,6,isocontour,11.283791670955125,37262.24,78.41,17.2,-8.0,1.096,-0.5,2.3,2.4,-15.2,11.6,1.089,25,5,0,0,5
65.4,7,isocontour,11.283791670955125,35990.81,75.74,-17.5,11.1,0.99,-0.9,-1.5,1.7,-15.2,11.3,1.098,25,4,0,0,4
65.4,8,isocontour,11.283791670955125,37567.19,79.06,18.0,-7.6,1.061,-1.1,1.5,1.9,-15.2,11.6,1.089,25,5,0,0,5
65.4,9,isocontour,11.283791670955125,35388.29,74.47,20.7,-0.9,0.99,1.7,0.9,1.9,-15.2,11.6,1.089,25,6,0,0,6
65.4,10,isocontour,11.283791670955125,35265.74,74.21,15.4,-14.0,0.986,1.9,0.3,1.9,-15.2,11.6,1.089,25,4,0,0,4
65.4,11,isocontour,11.283791670955125,36613.2,77.05,-18.3,-7.2,1.056,-0.6,1.0,1.2,-15.2,11.3,1.098,25,3,0,0,3
65.4,12,isocontour,11.283791670955125,35457.9,74.62,-15.3,-14.2,0.983,-0.3,1.0,1.0,-15.2,11.3,1.098,25,3,0,0,3
65.4,13,isocontour,11.283791670955125,34321.72,72.23,20.6,-2.0,0.993,-0.3,-1.0,1.0,-15.2,11.6,1.089,25,6,0,0,6
65.4,14,isocontour,11.283791670955125,34707.25,73.04,12.9,-16.3,0.992,-0.2,-1.6,1.6,-15.2,11.6,1.089,25,4,0,0,4
65.4,15,isocontour,11.283791670955125,33757.52,71.04,-0.9,20.7,0.993,0.8,0.3,0.9,-15.2,11.3,1.098,25,1,0,0,1
65.4,16,isocontour,11.283791670955125,46765.91,98.41,-24.8,21.9,0.509,0.7,0.6,0.9,-24.8,21.9,0.524,16,0,0,0,0
65.4,17,isocontour,11.283791670955125,34481.65,72.56,16.1,13.1,0.99,-2.1,1.7,2.7,-15.1,11.5,1.097,25,5,0,0,5
65.4,18,isocontour,11.283791670955125,39039.47,82.15,-9.2,18.6,0.993,-1.2,-1.1,1.6,-15.2,11.3,1.098,25,3,0,0,3
65.4,19,isocontour,11.283791670955125,35717.07,75.16,-20.5,1.7,1.001,0.1,-0.7,0.7,-15.2,11.3,1.098,25,5,0,0,5
65.4,20,isocontour,11.283791670955125,35622.74,74.96,7.5,-19.4,0.99,1.2,0.5,1.3,-15.2,11.6,1.089,25,3,0,0,3
65.4,21,isocontour,11.283791670955125,34707.79,73.04,-8.2,-17.4,1.08,2.6,-0.4,2.6,-15.1,11.5,1.097,25,2,0,0,2
65.4,22,isocontour,11.283791670955125,37668.51,79.27,-19.8,-6.6,0.986,-0.0,1.1,1.1,-15.2,11.3,1.098,25,3,0,0,3
65.4,23,isocontour,11.283791670955125,39133.62,82.35,-19.7,6.9,0.986,0.4,-0.8,0.9,-15.2,11.3,1.098,25,3,0,0,3
65.4,24,isocontour,11.283791670955125,36397.29,76.59,-0.3,-20.7,0.994,0.8,0.1,0.8,-15.0,11.6,1.094,25,2,0,0,2
65.4,25,isocontour,11.283791670955125,34875.47,73.39,-15.5,11.0,1.095,-0.2,-2.3,2.3,-15.2,11.3,1.098,25,4,0,0,4
65.4,Target,,,,,0.0,0.0,4.023,0.0,0.0,,,,,,,,,
65.5,1,isocontour,11.283791670955125,34360.01,72.31,19.4,7.0,0.997,-2.1,-1.9,2.8,-15.1,11.5,1.097,25,6,0,0,6
65.5,2,isocontour,11.283791670955125,33187.81,69.84,10.3,18.2,0.98,2.0,-0.7,2.1,-15.1,11.5,1.097,25,2,0,0,2
65.5,3,isocontour,11.283791670955125,34470.76,72.54,15.6,13.9,0.984,0.6,2.1,2.2,-15.1,11.5,1.097,25,5,0,0,5
65.5,4,isocontour,11.283791670955125,37660.03,79.25,18.5,5.9,1.07,-1.2,2.8,3.0,-15.1,11.5,1.097,25,6,0,0,6
65.5,5,isocontour,11.283791670955125,35810.1,75.36,18.2,6.3,1.078,0.8,-1.9,2.1,-15.1,11.5,1.097,25,6,0,0,6
65.5,6,isocontour,11.283791670955125,37256.22,78.4,17.3,-7.9,1.089,1.7,-0.0,1.7,17.3,-7.9,1.096,6,5,0,0,5
65.5,7,isocontour,11.283791670955125,35989.33,75.74,-17.5,11.0,0.994,0.3,-1.0,1.0,-15.2,11.3,1.098,25,4,0,0,4
65.5,8,isocontour,11.283791670955125,37558.48,79.04,17.8,-7.6,1.072,-1.9,0.0,1.9,17.2,-8.0,1.096,6,5,0,0,5
65.5,9,isocontour,11.283791670955125,35376.88,74.45,20.9,-0.8,0.98,2.0,0.6,2.1,17.2,-8.0,1.096,6,6,0,0,6
65.5,10,isocontour,11.283791670955125,35260.13,74.2,15.5,-14.1,0.978,0.9,-1.4,1.7,17.2,-8.0,1.096,6,4,0,0,4
65.5,11,isocontour,11.283791670955125,36592.94,77.01,-18.2,-6.9,1.062,0.4,2.5,2.5,-15.2,11.3,1.098,25,3,0,0,3
65.5,12,isocontour,11.283791670955125,35441.47,74.58,-15.3,-14.0,0.991,0.1,2.3,2.3,-15.2,11.3,1.098,25,3,0,0,3
65.5,13,isocontour,11.283791670955125,34317.99,72.22,20.7,-2.1,0.987,1.3,-0.5,1.4,17.2,-8.0,1.096,6,6,0,0,6
65.5,14,isocontour,11.283791670955125,34696.64,73.01,12.9,-16.5,0.982,0.6,-1.9,2.0,17.2,-8.0,1.096,6,4,0,0,4
65.5,15,isocontour,11.283791670955125,33757.04,71.04,-0.9,20.7,0.991,0.6,0.3,0.7,-15.2,11.3,1.098,25,1,0,0,1
65.5,16,isocontour,11.283791670955125,46764.81,98.41,-24.7,21.8,0.511,0.2,-0.9,0.9,-24.7,21.8,0.524,16,0,0,0,0
65.5,17,isocontour,11.283791670955125,34470.56,72.54,16.1,13.0,0.995,0.4,-2.0,2.0,-15.1,11.5,1.097,25,5,0,0,5
65.5,18,isocontour,11.283791670955125,39015.4,82.1,-9.4,18.4,0.996,-2.1,-1.6,2.6,-15.2,11.3,1.098,25,3,0,0,3
65.5,19,isocontour,11.283791670955125,35716.48,75.16,-20.5,1.7,0.999,-0.5,-0.6,0.8,-15.2,11.3,1.098,25,5,0,0,5
65.5,20,isocontour,11.283791670955125,35586.18,74.89,7.3,-19.3,0.999,-2.9,0.9,3.0,-15.0,11.6,1.094,25,3,0,0,3
65.5,21,isocontour,11.283791670955125,34705.99,73.03,-8.1,-17.4,1.084,1.1,0.3,1.1,-15.2,11.3,1.098,25,2,0,0,2
65.5,22,isocontour,11.283791670955125,37635.06,79.2,-19.8,-6.3,0.991,-0.1,3.0,3.0,-15.2,11.3,1.098,25,3,0,0,3
65.5,23,isocontour,11.283791670955125,39133.07,82.35,-19.7,6.8,0.988,0.1,-0.7,0.7,-15.2,11.3,1.098,25,3,0,0,3
65.5,24,isocontour,11.283791670955125,36395.59,76.59,-0.4,-20.7,0.993,-1.1,-0.1,1.1,-15.1,11.5,1.097,25,2,0,0,2
65.5,25,isocontour,11.283791670955125,34868.66,73.38,-15.6,10.9,1.093,-1.5,-0.9,1.7,-15.2,11.3,1.098,25,4,0,0,4
65.5,Target,,,,,0.0,0.0,4.023,0.0,0.0,,,,,,,,,
65.6,1,isocontour,11.283791670955125,34343.78,72.27,19.4,6.8,1.003,-0.0,-2.3,2.3,-15.1,11.5,1.097,25,6,0,0,6
65.6,2,isocontour,11.283791670955125,33170.96,69.8,10.6,18.1,0.979,2.2,-1.0,2.4,-15.1,11.5,1.097,25,2,0,0,2
65.6,3,isocontour,11.283791670955125,34469.48,72.54,15.6,14.0,0.979,0.5,0.9,1.0,-15.1,11.5,1.097,25,5,0,0,5
65.6,4,isocontour,11.283791670955125,37658.09,79.25,18.5,5.9,1.066,1.0,-0.5,1.1,-15.1,11.5,1.097,25,6,0,0,6
65.6,5,isocontour,11.283791670955125,35698.25,75.12,18.1,6.6,1.075,-1.0,4.3,4.4,-15.1,11.5,1.097,25,6,0,0,6
65.6,6,isocontour,11.283791670955125,37255.81,78.4,17.4,-7.9,1.086,0.4,0.5,0.6,17.2,-8.0,1.096,6,5,0,0,5
65.6,7,isocontour,11.283791670955125,35968.34,75.69,-17.7,11.1,0.983,-2.4,0.8,2.5,-15.2,11.3,1.098,25,4,0,0,4
65.6,8,isocontour,11.283791670955125,37525.37,78.97,17.8,-7.8,1.068,-0.1,-3.0,3.0,17.2,-8.0,1.096,6,5,0,0,5
65.6,9,isocontour,11.283791670955125,35344.75,74.38,21.1,-0.6,0.973,1.2,2.7,3.0,-15.1,11.5,1.097,25,6,0,0,6
65.6,10,isocontour,11.283791670955125,35257.87,74.2,15.5,-14.2,0.975,-0.6,-1.0,1.2,17.2,-8.0,1.096,6,4,0,0,4
65.6,11,isocontour,11.283791670955125,36563.06,76.94,-18.3,-6.6,1.067,-0.3,2.9,2.9,-15.2,11.3,1.098,25,3,0,0,3
65.6,12,isocontour,11.283791670955125,35414.88,74.53,-15.2,-14.2,0.991,1.6,-2.2,2.7,-15.2,11.3,1.098,25,3,0,0,3
65.6,13,isocontour,11.283791670955125,34316.82,72.22,20.8,-2.1,0.981,0.9,-0.3,0.9,-15.1,11.5,1.097,25,6,0,0,6
65.6,14,isocontour,11.283791670955125,34684.22,72.99,12.9,-16.7,0.972,0.4,-2.1,2.1,17.2,-8.0,1.096,6,4,0,0,4
65.6,15,isocontour,11.283791670955125,33736.3,70.99,-0.7,20.8,0.99,2.5,0.3,2.5,-15.2,11.3,1.098,25,1,0,0,1
65.6,16,isocontour,11.283791670955125,46763.71,98.41,-24.7,21.7,0.513,-0.2,-0.9,0.9,-24.7,21.7,0.524,16,0,0,0,0
65.6,17,isocontour,11.283791670955125,34438.11,72.47,16.0,13.2,0.993,-1.4,2.6,3.0,-15.1,11.5,1.097,25,5,0,0,5
65.6,18,isocontour,11.283791670955125,38996.32,82.06,-9.5,18.6,0.985,-1.1,2.2,2.5,-15.2,11.3,1.098,25,3,0,0,3
65.6,19,isocontour,11.283791670955125,35701.46,75.13,-20.7,1.5,0.99,-1.8,-1.4,2.3,-15.2,11.3,1.098,25,5,0,0,5
65.6,20,isocontour,11.283791670955125,35584.28,74.88,7.3,-19.2,1.003,0.8,0.8,1.1,-15.1,11.5,1.097,25,3,0,0,3
65.6,21,isocontour,11.283791670955125,34682.45,72.98,-7.8,-17.4,1.086,2.5,-0.8,2.6,-15.2,11.3,1.098,25,2,0,0,2
65.6,22,isocontour,11.283791670955125,37622.64,79.17,-19.9,-6.4,0.981,-1.9,-1.0,2.1,-15.2,11.3,1.098,25,3,0,0,3
65.6,23,isocontour,11.283791670955125,39110.83,82.3,-19.7,6.6,0.991,-0.3,-2.6,2.6,-15.2,11.3,1.098,25,3,0,0,3
65.6,24,isocontour,11.283791670955125,36328.5,76.45,-0.7,-20.9,0.984,-3.2,-2.0,3.8,-15.2,11.3,1.098,25,2,0,0,2
65.6,25,isocontour,11.283791670955125,34868.26,73.38,-15.6,10.8,1.093,-0.3,-0.6,0.7,-15.2,11.3,1.098,25,4,0,0,4
65.6,Target,,,,,0.0,0.0,4.023,0.0,0.0,,,,,,,,,
65.7,1,isocontour,11.283791670955125,34307.58,72.2,19.6,6.6,0.995,2.5,-1.8,3.1,-15.1,11.5,1.097,25,6,0,0,6
65.7,2,isocontour,11.283791670955125,33166.83,69.8,10.6,18.0,0.984,0.4,-1.4,1.5,-15.1,11.5,1.097,25,2,0,0,2
65.7,3,isocontour,11.283791670955125,34467.68,72.53,15.6,13.9,0.981,0.0,-1.1,1.1,-15.1,11.5,1.097,25,5,0,0,5
65.7,4,isocontour,11.283791670955125,37656.2,79.24,18.5,6.0,1.065,-0.4,1.1,1.2,-15.1,11.5,1.097,25,6,0,0,6
65.7,5,isocontour,11.283791670955125,35669.29,75.06,18.2,6.9,1.066,0.8,2.7,2.8,-15.1,11.5,1.097,25,6,0,0,6
65.7,6,isocontour,11.283791670955125,37254.15,78.4,17.4,-7.9,1.088,-0.7,-0.8,1.1,-15.1,11.5,1.097,25,5,0,0,5
65.7,7,isocontour,11.283791670955125,35968.22,75.69,-17.7,11.1,0.983,0.4,-0.2,0.4,-15.2,11.3,1.098,25,4,0,0,4
65.7,8,isocontour,11.283791670955125,37490.56,78.89,18.0,-7.8,1.055,2.9,0.8,3.0,-15.1,11.5,1.097,25,5,0,0,5
65.7,9,isocontour,11.283791670955125,35342.86,74.37,21.0,-0.4,0.975,-0.8,0.8,1.1,-15.1,11.5,1.097,25,6,0,0,6
65.7,10,isocontour,11.283791670955125,35230.4,74.14,15.3,-14.4,0.979,-2.4,-1.4,2.8,-15.1,11.5,1.097,25,4,0,0,4
65.7,11,isocontour,11.283791670955125,36561.06,76.94,-18.2,-6.6,1.072,1.0,-0.5,1.1,-15.2,11.3,1.098,25,3,0,0,3
65.7,12,isocontour,11.283791670955125,35412.88,74.52,-15.2,-14.3,0.985,-1.0,-0.5,1.1,-15.2,11.3,1.098,25,3,0,0,3
65.7,13,isocontour,11.283791670955125,34314.27,72.21,20.8,-2.0,0.981,0.1,1.2,1.2,-15.1,11.5,1.097,25,6,0,0,6
65.7,14,isocontour,11.283791670955125,34682.07,72.98,12.9,-16.7,0.974,-1.2,0.2,1.2,-15.1,11.5,1.097,25,4,0,0,4
65.7,15,isocontour,11.283791670955125,33734.94,70.99,-0.7,20.8,0.99,-1.0,-0.0,1.0,-15.2,11.3,1.098,25,1,0,0,1
65.7,16,isocontour,11.283791670955125,46762.61,98.41,-24.7,21.6,0.515,0.8,-0.5,0.9,-24.7,21.6,0.524,16,0,0,0,0
65.7,17,isocontour,11.283791670955125,34360.36,72.31,15.9,13.6,0.981,-0.2,3.9,3.9,-15.1,11.5,1.097,25,5,0,0,5
65.7,18,isocontour,11.283791670955125,38995.78,82.06,-9.5,18.6,0.984,0.7,0.1,0.7,-15.2,11.3,1.098,25,3,0,0,3
65.7,19,isocontour,11.283791670955125,35594.78,74.9,-20.8,1.2,0.985,-1.1,-4.2,4.3,-15.2,11.3,1.098,25,5,0,0,5
65.7,20,isocontour,11.283791670955125,35577.82,74.87,7.3,-19.3,0.997,-0.5,-1.6,1.7,-15.2,11.3,1.098,25,3,0,0,3
65.7,21,isocontour,11.283791670955125,34653.18,72.92,-8.0,-17.4,1.085,-2.7,0.9,2.8,-15.2,11.3,1.098,25,2,0,0,2
65.7,22,isocontour,11.283791670955125,37614.99,79.16,-19.9,-6.5,0.98,0.7,-1.7,1.8,-15.2,11.3,1.098,25,3,0,0,3
65.7,23,isocontour,11.283791670955125,39109.99,82.3,-19.6,6.5,0.995,0.5,-0.7,0.9,-15.2,11.3,1.098,25,3,0,0,3
65.7,24,isocontour,11.283791670955125,36303.05,76.4,-0.5,-21.0,0.976,2.4,-1.3,2.7,-15.2,11.3,1.098,25,2,0,0,2
65.7,25,isocontour,11.283791670955125,34861.33,73.36,-15.8,10.7,1.088,-1.6,-0.6,1.7,-15.2,11.3,1.098,25,4,0,0,4
65.7,Target,,,,,0.0,0.0,4.023,0.0,0.0,,,,,,,,,
65.8,1,isocontour,11.283791670955125,34305.2,72.19,19.7,6.7,0.989,0.8,0.9,1.2,-15.1,11.5,1.097,25,6,0,0,6
65.8,2,isocontour,11.283791670955125,33164.94,69.79,10.6,18.0,0.983,-0.9,0.7,1.1,-15.1,11.5,1.097,25,2,0,0,2
65.8,3,isocontour,11.283791670955125,34462.17,72.52,15.5,13.9,0.988,-1.6,-0.2,1.6,-15.1,11.5,1.097,25,5,0,0,5
65.8,4,isocontour,11.283791670955125,37631.02,79.19,18.6,6.2,1.055,1.5,2.2,2.7,-15.1,11.5,1.097,25,6,0,0,6
65.8,5,isocontour,11.283791670955125,35665.24,75.05,18.3,7.0,1.057,1.4,0.3,1.4,-15.1,11.5,1.097,25,6,0,0,6
65.8,6,isocontour,11.283791670955125,37233.66,78.35,17.5,-8.1,1.075,2.3,-1.1,2.5,-15.1,11.5,1.097,25,5,0,0,5
65.8,7,isocontour,11.283791670955125,35967.08,75.69,-17.7,11.0,0.986,0.1,-0.9,0.9,-15.2,11.3,1.098,25,4,0,0,4
65.8,8,isocontour,11.283791670955125,37457.11,78.82,17.9,-7.9,1.059,-2.3,-1.9,3.0,-15.1,11.5,1.097,25,5,0,0,5
65.8,9,isocontour,11.283791670955125,35340.76,74.37,20.9,-0.4,0.98,-0.8,0.8,1.1,-15.1,11.5,1.097,25,6,0,0,6
65.8,10,isocontour,11.283791670955125,35207.91,74.09,15.0,-14.4,0.987,-2.6,-0.3,2.6,-15.2,11.3,1.098,25,4,0,0,4
65.8,11,isocontour,11.283791670955125,36537.79,76.89,-18.3,-6.5,1.065,-2.1,1.6,2.6,-15.2,11.3,1.098,25,3,0,0,3
65.8,12,isocontour,11.283791670955125,35408.76,74.51,-15.3,-14.2,0.983,-1.3,0.8,1.5,-15.2,11.3,1.098,25,3,0,0,3
65.8,13,isocontour,11.283791670955125,34312.06,72.21,20.8,-2.0,0.985,-0.8,0.9,1.2,-15.1,11.5,1.097,25,6,0,0,6
65.8,14,isocontour,11.283791670955125,34669.65,72.96,12.7,-16.8,0.975,-1.7,-1.3,2.1,-15.2,11.3,1.098,25,4,0,0,4
65.8,15,isocontour,11.283791670955125,33733.58,70.99,-0.8,20.8,0.99,-1.0,-0.0,1.0,-15.2,11.3,1.098,25,1,0,0,1
65.8,16,isocontour,11.283791670955125,46761.51,98.4,-24.7,21.6,0.515,-0.6,-0.7,0.9,-24.7,21.6,0.524,16,0,0,0,0
65.8,17,isocontour,11.283791670955125,34357.49,72.3,16.0,13.7,0.973,0.9,0.9,1.3,-15.1,11.5,1.097,25,5,0,0,5
65.8,18,isocontour,11.283791670955125,38995.14,82.06,-9.4,18.6,0.985,0.8,0.2,0.8,-15.2,11.3,1.098,25,3,0,0,3
65.8,19,isocontour,11.283791670955125,35589.77,74.89,-20.9,1.2,0.979,-1.1,1.1,1.6,-15.2,11.3,1.098,25,5,0,0,5
65.8,20,isocontour,11.283791670955125,35574.17,74.86,7.2,-19.5,0.99,-0.4,-1.3,1.4,-15.2,11.3,1.098,25,3,0,0,3
65.8,21,isocontour,11.283791670955125,34651.18,72.92,-8.1,-17.3,1.085,-1.0,0.6,1.2,-15.2,11.3,1.098,25,2,0,0,2
65.8,22,isocontour,11.283791670955125,37609.58,79.14,-19.8,-6.6,0.986,1.5,-0.6,1.6,-15.2,11.3,1.098,25,3,0,0,3
65.8,23,isocontour,11.283791670955125,39094.17,82.27,-19.7,6.3,0.993,-1.3,-1.9,2.3,-15.2,11.3,1.098,25,3,0,0,3
65.8,24,isocontour,11.283791670955125,36277.88,76.34,-0.3,-21.0,0.979,2.6,0.7,2.7,-15.2,11.3,1.098,25,2,0,0,2
65.8,25,isocontour,11.283791670955125,34840.1,73.32,-15.9,10.6,1.086,-1.6,-2.0,2.6,-15.2,11.3,1.098,25,4,0,0,4
65.8,Target,,,,,0.0,0.0,4.023,0.0,0.0,,,,,,,,,
65.9,1,isocontour,11.283791670955125,34304.66,72.19,19.7,6.6,0.99,-0.2,-0.7,0.7,-15.1,11.5,1.097,25,6,0,0,6
65.9,2,isocontour,11.283791670955125,33163.8,69.79,10.6,18.0,0.985,0.6,-0.7,0.9,-15.1,11.5,1.097,25,2,0,0,2
65.9,3,isocontour,11.283791670955125,34461.73,72.52,15.4,13.8,0.992,-0.2,-0.7,0.7,-15.1,11.5,1.097,25,5,0,0,5
65.9,4,isocontour,11.283791670955125,37629.13,79.19,18.7,6.3,1.051,0.0,1.1,1.1,-15.1,11.5,1.097,25,6,0,0,6
65.9,5,isocontour,11.283791670955125,35663.8,75.05,18.4,6.9,1.053,0.8,-0.6,1.0,-15.1,11.5,1.097,25,6,0,0,6
65.9,6,isocontour,11.283791670955125,37220.53,78.33,17.5,-8.2,1.073,-1.0,-1.9,2.1,-15.2,11.3,1.098,25,5,0,0,5
65.9,7,isocontour,11.283791670955125,35964.71,75.68,-17.8,10.9,0.985,-0.8,-0.9,1.2,-15.2,11.3,1.098,25,4,0,0,4
65.9,8,isocontour,11.283791670955125,37456.97,78.82,17.9,-7.9,1.061,0.2,0.4,0.4,-15.2,11.3,1.098,25,5,0,0,5
65.9,9,isocontour,11.283791670955125,35312.41,74.31,20.8,-0.1,0.986,-1.1,2.6,2.8,-15.1,11.5,1.097,25,6,0,0,6
65.9,10,isocontour,11.283791670955125,35178.02,74.03,14.7,-14.5,0.995,-2.7,-0.9,2.8,-15.2,11.3,1.098,25,4,0,0,4
65.9,11,isocontour,11.283791670955125,36527.49,76.87,-18.5,-6.6,1.054,-1.6,-1.1,1.9,-15.2,11.3,1.098,25,3,0,0,3
65.9,12,isocontour,11.283791670955125,35406.02,74.51,-15.3,-14.1,0.986,0.1,1.3,1.3,-15.2,11.3,1.098,25,3,0,0,3
65.9,13,isocontour,11.283791670955125,34310.22,72.2,20.7,-1.9,0.989,-0.7,0.8,1.1,-15.1,11.5,1.097,25,6,0,0,6
65.9,14,isocontour,11.283791670955125,34649.63,72.92,12.5,-16.7,0.985,-2.3,0.9,2.5,-15.2,11.3,1.098,25,4,0,0,4
65.9,15,isocontour,11.283791670955125,33732.22,70.99,-0.9,20.7,0.99,-1.0,-0.1,1.0,-15.2,11.3,1.098,25,1,0,0,1
65.9,16,isocontour,11.283791670955125,46760.41,98.4,-24.8,21.6,0.513,-0.4,0.9,1.0,-24.8,21.6,0.524,16,0,0,0,0
65.9,17,isocontour,11.283791670955125,34278.55,72.14,16.2,13.5,0.971,2.7,-2.9,4.0,-15.1,11.5,1.097,25,5,0,0,5
65.9,18,isocontour,11.283791670955125,38994.14,82.06,-9.3,18.7,0.985,0.8,0.4,0.9,-15.2,11.3,1.098,25,2,0,0,2
65.9,19,isocontour,11.283791670955125,35552.85,74.82,-20.8,1.4,0.983,1.4,2.7,3.0,-15.2,11.3,1.098,25,5,0,0,5
65.9,20,isocontour,11.283791670955125,35567.36,74.85,7.2,-19.6,0.983,-0.5,-1.7,1.8,-15.2,11.3,1.098,25,3,0,0,3
65.9,21,isocontour,11.283791670955125,34617.06,72.85,-8.4,-17.2,1.082,-2.9,0.7,3.0,-15.2,11.3,1.098,25,2,0,0,2
65.9,22,isocontour,11.283791670955125,37597.5,79.12,-19.6,-6.5,0.997,1.7,1.2,2.1,-15.2,11.3,1.098,25,3,0,0,3
65.9,23,isocontour,11.283791670955125,39089.96,82.26,-19.9,6.2,0.986,-1.5,-0.1,1.5,-15.2,11.3,1.098,25,3,0,0,3
65.9,24,isocontour,11.283791670955125,36276.48,76.34,-0.2,-20.9,0.983,0.7,0.7,1.0,-15.2,11.3,1.098,25,2,0,0,2
65.9,25,isocontour,11.283791670955125,34837.78,73.31,-16.1,10.5,1.081,-1.2,-0.2,1.2,-15.2,11.3,1.098,25,4,0,0,4
65.9,Target,,,,,0.0,0.0,4.023,0.0,0.0,,,,,,,,,
66.0,1,isocontour,11.283791670955125,34304.02,72.19,19.7,6.5,0.99,0.3,-0.7,0.8,19.7,6.5,0.99,1,6,0,0,6
66.0,2,isocontour,11.283791670955125,33143.55,69.75,10.8,17.9,0.984,2.2,-1.1,2.5,10.8,17.9,0.985,2,2,0,0,2
66.0,3,isocontour,11.283791670955125,34460.25,72.52,15.4,13.8,0.995,-1.0,0.3,1.0,15.4,13.8,0.992,3,5,0,0,5
66.0,4,isocontour,11.283791670955125,37599.24,79.12,18.4,6.3,1.064,-2.9,-0.1,2.9,18.4,6.3,1.051,4,6,0,0,6
66.0,5,isocontour,11.283791670955125,35662.28,75.05,18.4,6.9,1.056,-0.4,-1.0,1.1,18.4,6.9,1.053,5,6,0,0,6
66.0,6,isocontour,11.283791670955125,37175.55,78.23,17.3,-8.5,1.074,-1.5,-2.9,3.3,17.3,-8.5,1.073,6,5,0,0,5
66.0,7,isocontour,11.283791670955125,35941.16,75.63,-17.8,10.7,0.991,-0.1,-2.6,2.6,-17.8,10.7,0.985,7,3,0,0,3
66.0,8,isocontour,11.283791670955125,37455.61,78.82,17.8,-8.0,1.062,-0.6,-0.8,1.0,17.8,-8.0,1.061,8,5,0,0,5
66.0,9,isocontour,11.283791670955125,35309.34,74.3,20.7,-0.0,0.993,-1.2,0.7,1.4,20.7,-0.0,0.986,9,6,0,0,6
66.0,10,isocontour,11.283791670955125,35177.12,74.03,14.6,-14.6,0.997,-0.7,-0.5,0.9,14.6,-14.6,0.995,10,4,0,0,4
66.0,11,isocontour,11.283791670955125,36526.49,76.87,-18.6,-6.6,1.048,-0.9,0.1,0.9,-18.6,-6.6,1.054,11,3,0,0,3
66.0,12,isocontour,11.283791670955125,35377.66,74.45,-15.4,-13.8,0.994,-0.6,2.7,2.8,-15.4,-13.8,0.986,12,3,0,0,3
66.0,13,isocontour,11.283791670955125,34308.37,72.2,20.6,-1.8,0.994,-0.7,0.9,1.1,20.6,-1.8,0.989,13,6,0,0,6
66.0,14,isocontour,11.283791670955125,34641.06,72.9,12.5,-16.5,0.993,0.2,1.9,1.9,12.5,-16.5,0.985,14,4,0,0,4
66.0,15,isocontour,11.283791670955125,33731.32,70.98,-0.8,20.7,0.99,0.9,-0.1,0.9,-0.8,20.7,0.99,15,1,0,0,1
66.0,16,isocontour,11.283791670955125,46759.31,98.4,-24.8,21.6,0.512,-0.9,-0.4,1.0,-24.8,21.6,0.513,16,0,0,0,0
66.0,17,isocontour,11.283791670955125,34275.62,72.13,16.2,13.3,0.977,-0.7,-1.1,1.3,16.2,13.3,0.971,17,5,0,0,5
66.0,18,isocontour,11.283791670955125,38970.87,82.01,-9.1,18.7,0.991,2.6,-0.0,2.6,-9.1,18.7,0.985,18,2,0,0,2
66.0,19,isocontour,11.283791670955125,35530.61,74.77,-20.7,1.3,0.99,1.0,-2.4,2.6,-20.7,1.3,0.983,19,5,0,0,5
66.0,20,isocontour,11.283791670955125,35531.51,74.77,7.4,-19.7,0.975,3.0,-0.4,3.0,7.4,-19.7,0.983,20,3,0,0,3
66.0,21,isocontour,11.283791670955125,34614.19,72.84,-8.5,-17.2,1.082,-1.1,0.7,1.3,-8.5,-17.2,1.082,21,2,0,0,2
66.0,22,isocontour,11.283791670955125,37596.77,79.12,-19.5,-6.6,0.999,0.3,-0.7,0.8,-19.5,-6.6,0.997,22,3,0,0,3
66.0,23,isocontour,11.283791670955125,39086.24,82.25,-19.9,6.4,0.982,-0.1,1.4,1.4,-19.9,6.4,0.986,23,3,0,0,3
66.0,24,isocontour,11.283791670955125,36274.78,76.34,-0.1,-20.8,0.987,0.7,0.9,1.1,-0.1,-20.8,0.983,24,2,0,0,2
66.0,25,isocontour,11.283791670955125,34818.01,73.27,-16.2,10.3,1.081,-1.2,-2.2,2.5,-16.2,10.3,1.081,25,4,0,0,4
66.0,Target,,,,,0.0,0.0,4.023,0.0,0.0,,,,,,,,,
66.1,1,isocontour,11.283791670955125,34270.24,72.12,19.9,6.6,0.976,2.8,1.1,3.0,18.4,6.3,1.064,4,6,0,0,6
66.1,2,isocontour,11.283791670955125,33139.67,69.74,10.9,17.7,0.988,0.7,-1.3,1.5,15.4,13.8,0.995,3,2,0,0,2
66.1,3,isocontour,11.283791670955125,34439.75,72.47,15.2,14.0,0.994,-1.4,2.1,2.5,18.4,6.3,1.064,4,5,0,0,5
66.1,4,isocontour,11.283791670955125,37597.3,79.12,18.4,6.2,1.069,-0.1,-1.1,1.1,18.4,6.2,1.064,4,6,0,0,6
66.1,5,isocontour,11.283791670955125,35659.84,75.04,18.4,6.7,1.057,0.3,-1.2,1.2,18.4,6.3,1.064,4,6,0,0,6
66.1,6,isocontour,11.283791670955125,37174.03,78.23,17.3,-8.6,1.073,-0.4,-1.0,1.1,17.3,-8.6,1.074,6,5,0,0,5
66.1,7,isocontour,11.283791670955125,35939.51,75.63,-17.8,10.5,0.996,0.4,-1.0,1.1,-16.2,10.3,1.081,25,3,0,0,3
66.1,8,isocontour,11.283791670955125,37447.04,78.8,17.7,-8.1,1.068,-1.7,-0.8,1.9,17.3,-8.5,1.074,6,5,0,0,5
66.1,9,isocontour,11.283791670955125,35287.86,74.26,20.7,0.2,0.994,0.0,2.6,2.6,17.3,-8.5,1.074,6,6,0,0,6
66.1,10,isocontour,11.283791670955125,35145.32,73.96,14.8,-14.5,0.992,2.6,1.3,2.9,17.3,-8.5,1.074,6,4,0,0,4
66.1,11,isocontour,11.283791670955125,36523.68,76.86,-18.7,-6.6,1.041,-1.3,-0.3,1.3,-18.7,-6.6,1.054,11,3,0,0,3
66.1,12,isocontour,11.283791670955125,35375.34,74.44,-15.4,-13.9,0.993,0.5,-1.1,1.2,-8.5,-17.2,1.082,21,3,0,0,3
66.1,13,isocontour,11.283791670955125,34270.73,72.12,20.6,-2.0,0.994,-0.2,-3.1,3.1,17.3,-8.5,1.074,6,6,0,0,6
66.1,14,isocontour,11.283791670955125,34639.12,72.89,12.4,-16.6,0.991,-0.3,-1.1,1.1,17.3,-8.5,1.074,6,4,0,0,4
66.1,15,isocontour,11.283791670955125,33730.89,70.98,-0.8,20.8,0.989,0.6,0.3,0.7,-9.1,18.7,0.991,18,1,0,0,1
66.1,16,isocontour,11.283791670955125,46758.21,98.4,-24.8,21.6,0.514,0.7,-0.7,1.0,-24.8,21.6,0.513,16,0,0,0,0
66.1,17,isocontour,11.283791670955125,34269.49,72.12,16.1,13.2,0.985,-0.9,-1.4,1.7,18.4,6.3,1.064,4,5,0,0,5
66.1,18,isocontour,11.283791670955125,38969.21,82.01,-9.1,18.7,0.989,-1.1,0.1,1.1,-16.2,10.3,1.081,25,2,0,0,2
66.1,19,isocontour,11.283791670955125,35508.63,74.72,-20.7,1.0,0.994,0.5,-2.5,2.5,-16.2,10.3,1.081,25,5,0,0,5
66.1,20,isocontour,11.283791670955125,35528.7,74.77,7.5,-19.6,0.977,0.8,1.0,1.3,14.6,-14.6,0.997,10,3,0,0,3
66.1,21,isocontour,11.283791670955125,34587.32,72.78,-8.8,-17.1,1.08,-2.7,0.8,2.8,-8.8,-17.1,1.082,21,2,0,0,2
66.1,22,isocontour,11.283791670955125,37570.75,79.06,-19.8,-6.5,0.988,-2.7,0.6,2.8,-18.6,-6.6,1.054,11,3,0,0,3
66.1,23,isocontour,11.283791670955125,39070.22,82.22,-19.8,6.5,0.988,1.9,1.3,2.3,-16.2,10.3,1.081,25,3,0,0,3
66.1,24,isocontour,11.283791670955125,36237.5,76.26,-0.3,-20.7,0.992,-2.9,0.9,3.0,-8.5,-17.2,1.082,21,2,0,0,2
66.1,25,isocontour,11.283791670955125,34816.26,73.27,-16.3,10.2,1.08,-0.8,-0.8,1.1,-16.3,10.2,1.081,25,4,0,0,4
66.1,Target,,,,,0.0,0.0,4.023,0.0,0.0,,,,,,,,,
66.2,1,isocontour,11.283791670955125,34266.74,72.11,20.1,6.6,0.971,1.0,-0.9,1.3,17.3,-8.5,1.074,6,6,0,0,6
66.2,2,isocontour,11.283791670955125,33103.46,69.66,11.1,17.5,0.992,2.0,-2.3,3.0,18.4,6.3,1.064,4,2,0,0,2
66.2,3,isocontour,11.283791670955125,34431.85,72.46,15.2,14.2,0.986,0.3,1.8,1.8,18.4,6.2,1.069,4,5,0,0,5
66.2,4,isocontour,11.283791670955125,37492.79,78.9,18.3,5.8,1.08,-0.6,-4.3,4.3,17.3,-8.5,1.074,6,6,0,0,6
66.2,5,isocontour,11.283791670955125,35659.58,75.04,18.4,6.8,1.058,-0.3,0.5,0.6,17.3,-8.5,1.074,6,6,0,0,6
66.2,6,isocontour,11.283791670955125,37165.86,78.21,17.4,-8.5,1.07,1.3,1.3,1.8,17.3,-8.5,1.074,6,5,0,0,5
66.2,7,isocontour,11.283791670955125,35831.37,75.4,-17.7,10.9,0.987,0.2,4.4,4.4,-16.2,10.3,1.081,25,3,0,0,3
66.2,8,isocontour,11.283791670955125,37446.54,78.8,17.6,-8.0,1.071,-0.1,0.7,0.7,17.3,-8.5,1.074,6,5,0,0,5
66.2,9,isocontour,11.283791670955125,35286.25,74.26,20.8,0.3,0.99,0.7,0.8,1.1,17.3,-8.5,1.074,6,6,0,0,6
66.2,10,isocontour,11.283791670955125,35106.58,73.88,15.1,-14.3,0.986,2.8,1.3,3.1,17.3,-8.5,1.074,6,4,0,0,4
66.2,11,isocontour,11.283791670955125,36523.1,76.86,-18.7,-6.6,1.043,0.2,0.7,0.7,-8.5,-17.2,1.082,21,3,0,0,3
66.2,12,isocontour,11.283791670955125,35358.06,74.41,-15.5,-14.0,0.983,-2.2,-0.9,2.4,-8.5,-17.2,1.082,21,3,0,0,3
66.2,13,isocontour,11.283791670955125,34269.29,72.12,20.7,-2.1,0.989,1.0,0.1,1.0,17.3,-8.5,1.074,6,6,0,0,6
66.2,14,isocontour,11.283791670955125,34590.36,72.79,12.4,-16.9,0.98,-0.7,-3.3,3.4,17.3,-8.5,1.074,6,4,0,0,4
66.2,15,isocontour,11.283791670955125,33729.99,70.98,-0.7,20.8,0.989,0.9,-0.0,0.9,-16.2,10.3,1.081,25,1,0,0,1
66.2,16,isocontour,11.283791670955125,46757.11,98.39,-24.9,21.5,0.513,-0.9,-0.3,0.9,-24.9,21.5,0.514,16,0,0,0,0
66.2,17,isocontour,11.283791670955125,34268.32,72.11,16.1,13.2,0.99,-1.0,-0.1,1.0,18.4,6.2,1.069,4,5,0,0,5
66.2,18,isocontour,11.283791670955125,38945.93,81.96,-9.2,18.5,0.997,-0.9,-2.5,2.7,-16.2,10.3,1.081,25,2,0,0,2
66.2,19,isocontour,11.283791670955125,35487.89,74.68,-20.7,0.8,0.993,-0.4,-2.5,2.5,-16.2,10.3,1.081,25,5,0,0,5
66.2,20,isocontour,11.283791670955125,35504.08,74.71,7.7,-19.4,0.984,1.7,2.1,2.7,-8.5,-17.2,1.082,21,3,0,0,3
66.2,21,isocontour,11.283791670955125,34586.25,72.78,-8.8,-17.1,1.08,0.9,-0.2,0.9,-8.8,-17.1,1.082,21,2,0,0,2
66.2,22,isocontour,11.283791670955125,37568.2,79.06,-19.7,-6.6,0.987,0.6,-1.1,1.3,-8.5,-17.2,1.082,21,3,0,0,3
66.2,23,isocontour,11.283791670955125,39066.94,82.21,-19.6,6.6,0.992,1.0,0.9,1.3,-16.2,10.3,1.081,25,3,0,0,3
66.2,24,isocontour,11.283791670955125,36237.07,76.26,-0.3,-20.7,0.993,0.7,0.0,0.7,-8.5,-17.2,1.082,21,2,0,0,2
66.2,25,isocontour,11.283791670955125,34791.64,73.21,-16.4,10.0,1.081,-1.3,-2.3,2.6,-16.4,10.0,1.081,25,4,0,0,4
66.2,Target,,,,,0.0,0.0,4.023,0.0,0.0,,,,,,,,,
66.3,1,isocontour,11.283791670955125,34250.51,72.08,19.9,6.6,0.98,-2.3,0.2,2.3,18.3,5.8,1.08,4,6,0,0,6
66.3,2,isocontour,11.283791670955125,33102.49,69.66,11.1,17.5,0.989,0.7,0.6,0.9,18.4,6.2,1.069,4,2,0,0,2
66.3,3,isocontour,11.283791670955125,34419.07,72.43,15.3,14.4,0.977,0.2,2.1,2.1,18.3,5.8,1.08,4,5,0,0,5
66.3,4,isocontour,11.283791670955125,37471.06,78.85,18.4,6.0,1.072,1.1,2.3,2.5,18.4,6.0,1.08,4,6,0,0,6
66.3,5,isocontour,11.283791670955125,35656.16,75.03,18.4,6.7,1.057,0.6,-1.2,1.3,18.3,5.8,1.08,4,6,0,0,6
66.3,6,isocontour,11.283791670955125,37164.29,78.21,17.4,-8.4,1.071,0.2,1.0,1.0,17.3,-8.5,1.074,6,5,0,0,5
66.3,7,isocontour,11.283791670955125,35827.79,75.4,-17.8,10.9,0.984,-0.9,-1.0,1.3,-16.2,10.3,1.081,25,3,0,0,3
66.3,8,isocontour,11.283791670955125,37415.71,78.74,17.7,-7.8,1.07,1.5,2.5,2.9,17.3,-8.5,1.074,6,5,0,0,5
66.3,9,isocontour,11.283791670955125,35266.23,74.21,20.8,0.1,0.987,0.6,-2.4,2.5,18.3,5.8,1.08,4,6,0,0,6
66.3,10,isocontour,11.283791670955125,35067.09,73.79,15.4,-14.2,0.98,2.8,1.4,3.1,-8.5,-17.2,1.082,21,4,0,0,4
66.3,11,isocontour,11.283791670955125,36521.44,76.85,-18.7,-6.5,1.046,0.2,1.1,1.1,-8.5,-17.2,1.082,21,3,0,0,3
66.3,12,isocontour,11.283791670955125,35354.56,74.4,-15.7,-14.0,0.976,-1.4,0.1,1.4,-8.5,-17.2,1.082,21,3,0,0,3
66.3,13,isocontour,11.283791670955125,34260.86,72.1,20.7,-1.9,0.986,0.7,1.8,1.9,18.3,5.8,1.08,4,6,0,0,6
66.3,14,isocontour,11.283791670955125,34578.62,72.77,12.5,-17.0,0.972,2.1,-0.1,2.1,-8.5,-17.2,1.082,21,4,0,0,4
66.3,15,isocontour,11.283791670955125,33727.12,70.97,-0.8,20.7,0.992,-1.1,-0.6,1.3,-16.2,10.3,1.081,25,1,0,0,1
66.3,16,isocontour,11.283791670955125,46756.01,98.39,-24.9,21.6,0.511,-0.6,0.7,0.9,-24.9,21.6,0.514,16,0,0,0,0
66.3,17,isocontour,11.283791670955125,34237.16,72.05,16.2,13.0,0.987,2.4,-1.6,2.9,18.3,5.8,1.08,4,5,0,0,5
66.3,18,isocontour,11.283791670955125,38945.39,81.96,-9.2,18.4,1.0,0.7,-0.0,0.7,-16.2,10.3,1.081,25,2,0,0,2
66.3,19,isocontour,11.283791670955125,35430.45,74.56,-20.9,0.5,0.983,-2.1,-2.9,3.6,-8.5,-17.2,1.082,21,5,0,0,5
66.3,20,isocontour,11.283791670955125,35500.36,74.71,7.6,-19.3,0.99,-1.2,0.8,1.4,-8.5,-17.2,1.082,21,3,0,0,3
66.3,21,isocontour,11.283791670955125,34563.5,72.73,-8.5,-17.1,1.084,2.6,-0.5,2.6,-8.5,-17.1,1.082,21,2,0,0,2
66.3,22,isocontour,11.283791670955125,37560.67,79.04,-19.7,-6.5,0.994,0.9,1.5,1.7,-8.5,-17.2,1.082,21,3,0,0,3
66.3,23,isocontour,11.283791670955125,39031.09,82.14,-19.6,6.9,0.99,0.5,3.0,3.0,-16.2,10.3,1.081,25,3,0,0,3
66.3,24,isocontour,11.283791670955125,36234.87,76.25,-0.4,-20.7,0.992,-1.2,-0.2,1.2,-8.5,-17.2,1.082,21,2,0,0,2
66.3,25,isocontour,11.283791670955125,34760.17,73.15,-16.2,10.2,1.084,2.0,2.1,2.9,-16.2,10.2,1.081,25,4,0,0,4
66.3,Target,,,,,0.0,0.0,4.023,0.0,0.0,,,,,,,,,
66.4,1,isocontour,11.283791670955125,34215.71,72.0,19.8,6.3,0.99,-1.0,-2.8,3.0,18.3,5.8,1.08,4,6,0,0,6
66.4,2,isocontour,11.283791670955125,33095.09,69.64,11.0,17.6,0.992,-1.8,0.2,1.8,18.3,5.8,1.08,4,2,0,0,2
66.4,3,isocontour,11.283791670955125,34416.4,72.43,15.3,14.3,0.979,0.4,-1.2,1.3,18.3,5.8,1.08,4,5,0,0,5
66.4,4,isocontour,11.283791670955125,37461.36,78.83,18.6,6.0,1.061,1.9,-0.3,1.9,18.3,5.8,1.08,4,6,0,0,6
66.4,5,isocontour,11.283791670955125,35620.3,74.96,18.5,6.4,1.06,0.5,-3.0,3.0,18.3,5.8,1.08,4,6,0,0,6
66.4,6,isocontour,11.283791670955125,37142.56,78.16,17.5,-8.2,1.075,0.4,2.5,2.5,-8.5,-17.2,1.082,21,5,0,0,5
66.4,7,isocontour,11.283791670955125,35799.44,75.34,-17.9,10.6,0.987,-1.0,-2.6,2.8,-16.2,10.2,1.084,25,3,0,0,3
66.4,8,isocontour,11.283791670955125,37414.18,78.73,17.7,-7.7,1.073,-0.3,1.0,1.0,-8.5,-17.2,1.082,21,5,0,0,5
66.4,9,isocontour,11.283791670955125,35261.59,74.2,20.7,-0.0,0.992,-1.2,-0.9,1.5,18.3,5.8,1.08,4,6,0,0,6
66.4,10,isocontour,11.283791670955125,35060.51,73.78,15.4,-14.3,0.978,-1.1,-1.3,1.7,-8.5,-17.2,1.082,21,4,0,0,4
66.4,11,isocontour,11.283791670955125,36501.19,76.81,-18.9,-6.3,1.04,-1.8,1.7,2.5,-8.5,-17.2,1.082,21,3,0,0,3
66.4,12,isocontour,11.283791670955125,35343.95,74.38,-15.7,-13.8,0.983,0.3,2.0,2.0,-8.5,-17.1,1.084,21,3,0,0,3
66.4,13,isocontour,11.283791670955125,34257.79,72.09,20.7,-1.8,0.99,-1.0,0.9,1.3,18.3,5.8,1.08,4,6,0,0,6
66.4,14,isocontour,11.283791670955125,34562.8,72.73,12.4,-16.9,0.979,-2.3,0.5,2.4,-8.5,-17.2,1.082,21,4,0,0,4
66.4,15,isocontour,11.283791670955125,33705.89,70.93,-0.6,20.7,0.991,2.5,0.4,2.5,-16.2,10.3,1.081,25,1,0,0,1
66.4,16,isocontour,11.283791670955125,46754.91,98.39,-25.0,21.5,0.51,-0.8,-0.6,1.0,-25.0,21.5,0.514,16,0,0,0,0
66.4,17,isocontour,11.283791670955125,34224.22,72.02,16.2,13.1,0.987,-1.5,1.5,2.1,18.3,5.8,1.08,4,5,0,0,5
66.4,18,isocontour,11.283791670955125,38942.52,81.95,-9.2,18.4,1.001,-1.1,-0.8,1.4,-16.2,10.2,1.084,25,2,0,0,2
66.4,19,isocontour,11.283791670955125,35426.65,74.55,-20.9,0.6,0.982,0.1,1.4,1.4,-16.2,10.2,1.084,25,5,0,0,5
66.4,20,isocontour,11.283791670955125,35479.38,74.66,7.8,-19.2,0.99,2.4,0.7,2.5,-8.5,-17.2,1.082,21,3,0,0,3
66.4,21,isocontour,11.283791670955125,34537.2,72.68,-8.3,-17.2,1.085,2.5,-1.1,2.7,-8.3,-17.2,1.084,21,2,0,0,2
66.4,22,isocontour,11.283791670955125,37559.82,79.04,-19.7,-6.5,0.991,-0.6,-0.7,0.9,-8.5,-17.2,1.082,21,3,0,0,3
66.4,23,isocontour,11.283791670955125,39028.93,82.13,-19.7,6.9,0.985,-1.2,0.0,1.2,-16.2,10.2,1.084,25,3,0,0,3
66.4,24,isocontour,11.283791670955125,36232.6,76.25,-0.5,-20.7,0.991,-1.2,-0.2,1.2,-8.5,-17.1,1.084,21,2,0,0,2
66.4,25,isocontour,11.283791670955125,34728.37,73.08,-16.0,10.4,1.087,2.0,2.2,3.0,-16.0,10.4,1.084,25,4,0,0,4
66.4,Target,,,,,0.0,0.0,4.023,0.0,0.0,,,,,,,,,
66.5,1,isocontour,11.283791670955125,34203.8,71.98,19.6,6.4,0.996,-1.5,1.5,2.1,18.3,5.8,1.08,4,6,0,0,6
66.5,2,isocontour,11.283791670955125,33094.3,69.64,11.0,17.6,0.99,-0.1,0.8,0.8,18.3,5.8,1.08,4,2,0,0,2
66.5,3,isocontour,11.283791670955125,34385.88,72.36,15.3,14.1,0.989,-0.3,-2.9,2.9,18.3,5.8,1.08,4,5,0,0,5
66.5,4,isocontour,11.283791670955125,37421.87,78.75,18.7,5.7,1.058,1.3,-2.9,3.2,18.3,5.8,1.08,4,6,0,0,6
66.5,5,isocontour,11.283791670955125,35619.78,74.96,18.5,6.4,1.059,0.0,0.7,0.7,18.3,5.8,1.08,4,6,0,0,6
66.5,6,isocontour,11.283791670955125,37140.62,78.16,17.4,-8.2,1.08,-1.1,-0.3,1.1,-8.5,-17.2,1.082,21,5,0,0,5
66.5,7,isocontour,11.283791670955125,35794.33,75.32,-17.8,10.6,0.992,1.5,0.4,1.6,-16.0,10.4,1.087,25,3,0,0,3
66.5,8,isocontour,11.283791670955125,37391.17,78.69,17.8,-7.5,1.076,0.6,2.5,2.6,-8.5,-17.2,1.082,21,5,0,0,5
66.5,9,isocontour,11.283791670955125,35259.64,74.2,20.7,-0.1,0.994,-0.2,-1.1,1.1,-8.5,-17.2,1.082,21,6,0,0,6
66.5,10,isocontour,11.283791670955125,35052.08,73.76,15.2,-14.4,0.978,-1.1,-1.5,1.9,-8.5,-17.2,1.082,21,4,0,0,4
66.5,11,isocontour,11.283791670955125,36471.61,76.75,-18.9,-6.5,1.032,-0.7,-2.8,2.9,-8.5,-17.1,1.084,21,3,0,0,3
66.5,12,isocontour,11.283791670955125,35343.36,74.38,-15.7,-13.7,0.985,-0.4,0.7,0.8,-8.3,-17.2,1.085,21,3,0,0,3
66.5,13,isocontour,11.283791670955125,34255.9,72.09,20.6,-1.9,0.992,-0.2,-1.1,1.1,-8.5,-17.2,1.082,21,6,0,0,6
66.5,14,isocontour,11.283791670955125,34535.34,72.68,12.1,-16.8,0.991,-2.6,0.9,2.8,-8.5,-17.2,1.082,21,4,0,0,4
66.5,15,isocontour,11.283791670955125,33684.91,70.89,-0.3,20.8,0.989,2.5,0.4,2.5,-16.2,10.2,1.084,25,1,0,0,1
66.5,16,isocontour,11.283791670955125,46753.81,98.39,-25.1,21.6,0.508,-0.9,0.4,1.0,-25.1,21.6,0.514,16,0,0,0,0
66.5,17,isocontour,11.283791670955125,34202.48,71.97,16.0,13.0,0.999,-1.8,-1.8,2.5,18.3,5.8,1.08,4,5,0,0,5
66.5,18,isocontour,11.283791670955125,38933.4,81.93,-9.4,18.4,0.997,-1.9,0.2,1.9,-16.0,10.4,1.087,25,2,0,0,2
66.5,19,isocontour,11.283791670955125,35419.61,74.54,-20.8,0.6,0.99,1.7,0.3,1.7,-16.0,10.4,1.087,25,5,0,0,5
66.5,20,isocontour,11.283791670955125,35452.5,74.61,7.7,-19.4,0.987,-2.3,-1.5,2.7,-8.5,-17.1,1.084,21,3,0,0,3
66.5,21,isocontour,11.283791670955125,34523.89,72.65,-8.1,-17.4,1.081,1.4,-1.7,2.2,-8.1,-17.4,1.085,21,2,0,0,2
66.5,22,isocontour,11.283791670955125,37551.12,79.02,-19.9,-6.5,0.983,-1.9,0.2,1.9,-8.5,-17.1,1.084,21,3,0,0,3
66.5,23,isocontour,11.283791670955125,39023.22,82.12,-19.7,7.1,0.981,0.0,1.6,1.6,-16.0,10.4,1.087,25,3,0,0,3
66.5,24,isocontour,11.283791670955125,36195.68,76.17,-0.8,-20.8,0.989,-3.1,-0.2,3.1,-8.3,-17.2,1.085,21,2,0,0,2
66.5,25,isocontour,11.283791670955125,34697.22,73.02,-15.9,10.6,1.088,1.7,2.4,2.9,-15.9,10.6,1.087,25,4,0,0,4
66.5,Target,,,,,0.0,0.0,4.023,0.0,0.0,,,,,,,,,
66.6,1,isocontour,11.283791670955125,34104.92,71.77,19.8,6.8,0.983,1.8,3.9,4.3,-8.5,-17.2,1.082,21,6,0,0,6
66.6,2,isocontour,11.283791670955125,33093.61,69.64,10.9,17.6,0.991,-0.8,-0.1,0.8,18.3,5.8,1.08,4,2,0,0,2
66.6,3,isocontour,11.283791670955125,34351.42,72.29,15.4,13.8,0.993,1.8,-2.4,3.0,18.3,5.8,1.08,4,5,0,0,5
66.6,4,isocontour,11.283791670955125,37396.14,78.7,18.7,5.9,1.056,-0.6,2.7,2.8,-8.5,-17.2,1.082,21,6,0,0,6
66.6,5,isocontour,11.283791670955125,35618.5,74.95,18.5,6.5,1.058,-0.3,1.0,1.0,-8.5,-17.2,1.082,21,6,0,0,6
66.6,6,isocontour,11.283791670955125,37139.74,78.16,17.4,-8.1,1.083,0.0,0.9,0.9,-8.5,-17.2,1.082,21,5,0,0,5
66.6,7,isocontour,11.283791670955125,35793.64,75.32,-17.8,10.7,0.99,-0.3,0.7,0.8,-15.9,10.6,1.088,25,3,0,0,3
66.6,8,isocontour,11.283791670955125,37370.91,78.64,17.8,-7.2,1.083,-0.5,2.5,2.5,-8.5,-17.2,1.082,21,5,0,0,5
66.6,9,isocontour,11.283791670955125,35227.52,74.13,20.8,-0.4,0.987,1.5,-2.5,2.9,-8.5,-17.2,1.082,21,6,0,0,6
66.6,10,isocontour,11.283791670955125,35021.88,73.7,15.0,-14.6,0.98,-2.4,-1.6,2.9,-8.5,-17.1,1.084,21,4,0,0,4
66.6,11,isocontour,11.283791670955125,36437.49,76.68,-19.0,-6.3,1.035,-0.0,3.0,3.0,-16.0,10.4,1.087,25,3,0,0,3
66.6,12,isocontour,11.283791670955125,35339.72,74.37,-15.6,-13.6,0.992,0.9,1.1,1.4,-8.3,-17.2,1.085,21,3,0,0,3
66.6,13,isocontour,11.283791670955125,34128.33,71.82,20.7,-2.3,0.985,1.0,-4.5,4.6,-8.5,-17.2,1.082,21,6,0,0,6
66.6,14,isocontour,11.283791670955125,34534.66,72.67,12.1,-16.8,0.99,0.8,-0.1,0.8,-8.5,-17.1,1.084,21,4,0,0,4
66.6,15,isocontour,11.283791670955125,33682.23,70.88,-0.4,20.7,0.992,-1.1,-0.6,1.3,-16.0,10.4,1.087,25,1,0,0,1
66.6,16,isocontour,11.283791670955125,46731.06,98.34,-24.9,21.6,0.511,2.5,0.7,2.6,-24.9,21.6,0.514,16,0,0,0,0
66.6,17,isocontour,11.283791670955125,34186.47,71.94,15.9,13.2,0.996,-0.5,2.3,2.4,18.3,5.8,1.08,4,5,0,0,5
66.6,18,isocontour,11.283791670955125,38932.12,81.93,-9.4,18.3,1.0,0.5,-0.8,0.9,-15.9,10.6,1.088,25,2,0,0,2
66.6,19,isocontour,11.283791670955125,35416.33,74.53,-20.7,0.7,0.995,0.9,1.0,1.3,-15.9,10.6,1.088,25,5,0,0,5
66.6,20,isocontour,11.283791670955125,35449.0,74.6,7.6,-19.3,0.993,-0.8,1.1,1.4,-8.3,-17.2,1.085,21,3,0,0,3
66.6,21,isocontour,11.283791670955125,34495.23,72.59,-7.9,-17.6,1.078,2.4,-1.5,2.8,-7.9,-17.6,1.085,21,2,0,0,2
66.6,22,isocontour,11.283791670955125,37550.64,79.02,-19.9,-6.5,0.98,-0.6,0.4,0.7,-16.0,10.4,1.087,25,3,0,0,3
66.6,23,isocontour,11.283791670955125,39014.1,82.1,-19.5,7.1,0.99,1.9,-0.2,1.9,-15.9,10.6,1.088,25,3,0,0,3
66.6,24,isocontour,11.283791670955125,36195.26,76.17,-0.8,-20.8,0.989,0.7,0.0,0.7,-8.3,-17.2,1.085,21,2,0,0,2
66.6,25,isocontour,11.283791670955125,34692.39,73.01,-15.8,10.8,1.085,0.3,1.5,1.5,-15.8,10.8,1.088,25,4,0,0,4
66.6,Target,,,,,0.0,0.0,4.023,0.0,0.0,,,,,,,,,
66.7,1,isocontour,11.283791670955125,34103.53,71.77,19.8,6.9,0.98,-0.1,1.0,1.0,-8.5,-17.2,1.082,21,6,0,0,6
66.7,2,isocontour,11.283791670955125,33090.48,69.63,10.8,17.6,0.995,-1.3,0.1,1.3,18.3,5.8,1.08,4,2,0,0,2
66.7,3,isocontour,11.283791670955125,34348.07,72.28,15.5,13.7,0.995,0.5,-1.3,1.4,-8.5,-17.2,1.082,21,5,0,0,5
66.7,4,isocontour,11.283791670955125,37376.36,78.65,18.7,6.2,1.054,-0.3,2.5,2.5,-8.5,-17.2,1.082,21,6,0,0,6
66.7,5,isocontour,11.283791670955125,35614.37,74.95,18.4,6.6,1.063,-1.2,0.8,1.4,-8.5,-17.2,1.082,21,6,0,0,6
66.7,6,isocontour,11.283791670955125,37116.2,78.11,17.3,-8.3,1.083,-1.1,-2.4,2.6,-8.5,-17.1,1.084,21,5,0,0,5
66.7,7,isocontour,11.283791670955125,35691.27,75.11,-17.8,11.1,0.978,-0.2,4.3,4.3,-15.9,10.6,1.088,25,3,0,0,3
66.7,8,isocontour,11.283791670955125,37345.74,78.59,17.6,-7.3,1.091,-2.0,-1.8,2.7,-8.5,-17.1,1.084,21,5,0,0,5
66.7,9,isocontour,11.283791670955125,35214.39,74.1,20.8,-0.6,0.989,-0.7,-2.0,2.1,17.4,-8.1,1.083,6,6,0,0,6
66.7,10,isocontour,11.283791670955125,34990.73,73.63,14.8,-14.7,0.984,-2.5,-1.5,2.9,-8.3,-17.2,1.085,21,4,0,0,4
66.7,11,isocontour,11.283791670955125,36401.28,76.6,-18.9,-6.0,1.042,0.3,3.0,3.0,-15.9,10.6,1.088,25,3,0,0,3
66.7,12,isocontour,11.283791670955125,35337.92,74.36,-15.6,-13.5,0.998,0.7,0.9,1.1,-16.0,10.4,1.087,25,3,0,0,3
66.7,13,isocontour,11.283791670955125,34127.23,71.82,20.8,-2.4,0.98,0.7,-0.7,1.0,17.4,-8.1,1.083,6,6,0,0,6
66.7,14,isocontour,11.283791670955125,34488.44,72.58,12.4,-16.8,0.981,3.3,-0.0,3.3,-8.3,-17.2,1.085,21,4,0,0,4
66.7,15,isocontour,11.283791670955125,33681.69,70.88,-0.4,20.8,0.99,0.6,0.4,0.7,-15.9,10.6,1.088,25,1,0,0,1
66.7,16,isocontour,11.283791670955125,46729.96,98.34,-24.9,21.7,0.509,-0.7,0.6,0.9,-24.9,21.7,0.514,16,0,0,0,0
66.7,17,isocontour,11.283791670955125,34178.56,71.92,16.0,13.3,0.987,1.3,1.3,1.8,-8.5,-17.2,1.082,21,5,0,0,5
66.7,18,isocontour,11.283791670955125,38929.5,81.92,-9.5,18.3,0.999,-1.3,-0.1,1.3,-15.9,10.6,1.088,25,2,0,0,2
66.7,19,isocontour,11.283791670955125,35415.74,74.53,-20.6,0.7,0.998,0.4,-0.6,0.7,-15.9,10.6,1.088,25,5,0,0,5
66.7,20,isocontour,11.283791670955125,35448.37,74.6,7.6,-19.3,0.991,0.6,-0.5,0.8,-8.3,-17.2,1.085,21,3,0,0,3
66.7,21,isocontour,11.283791670955125,34469.21,72.54,-8.0,-17.4,1.08,-2.2,1.6,2.7,-8.0,-17.4,1.085,21,2,0,0,2
66.7,22,isocontour,11.283791670955125,37532.92,78.98,-19.8,-6.4,0.99,2.1,1.2,2.4,-15.9,10.6,1.088,25,3,0,0,3
66.7,23,isocontour,11.283791670955125,39013.42,82.1,-19.5,7.0,0.992,-0.1,-0.8,0.8,-15.9,10.6,1.088,25,3,0,0,3
66.7,24,isocontour,11.283791670955125,36175.01,76.13,-0.6,-20.7,0.991,2.5,0.3,2.5,-8.3,-17.2,1.085,21,2,0,0,2
66.7,25,isocontour,11.283791670955125,34672.85,72.96,-15.7,11.0,1.081,0.8,2.3,2.4,-15.7,11.0,1.088,25,4,0,0,4
66.7,Target,,,,,0.0,0.0,4.023,0.0,0.0,,,,,,,,,
66.8,1,isocontour,11.283791670955125,34096.0,71.75,19.6,6.9,0.987,-1.8,-0.1,1.8,17.4,-8.1,1.083,6,6,0,0,6
66.8,2,isocontour,11.283791670955125,32970.94,69.38,10.4,17.9,0.995,-3.8,2.5,4.5,-8.5,-17.2,1.082,21,2,0,0,2
66.8,3,isocontour,11.283791670955125,34343.77,72.27,15.6,13.8,0.989,1.2,0.9,1.5,-8.5,-17.2,1.082,21,5,0,0,5
66.8,4,isocontour,11.283791670955125,37375.19,78.65,18.7,6.3,1.051,0.2,0.9,0.9,17.4,-8.1,1.083,6,6,0,0,6
66.8,5,isocontour,11.283791670955125,35577.09,74.87,18.2,6.8,1.07,-2.2,2.1,3.0,17.4,-8.1,1.083,6,6,0,0,6
66.8,6,isocontour,11.283791670955125,37078.56,78.03,17.4,-8.1,1.083,1.3,2.8,3.1,17.6,-7.3,1.091,8,5,0,0,5
66.8,7,isocontour,11.283791670955125,35687.62,75.1,-17.8,11.3,0.974,0.4,1.4,1.5,-15.9,10.6,1.088,25,4,0,0,4
66.8,8,isocontour,11.283791670955125,37321.66,78.54,17.5,-7.6,1.088,-0.3,-2.6,2.6,17.5,-7.6,1.091,8,5,0,0,5
66.8,9,isocontour,11.283791670955125,35203.47,74.08,20.6,-0.6,0.999,-2.0,-0.4,2.0,17.6,-7.3,1.091,8,6,0,0,6
66.8,10,isocontour,11.283791670955125,34989.25,73.63,14.7,-14.7,0.989,-1.0,0.2,1.0,17.6,-7.3,1.091,8,4,0,0,4
66.8,11,isocontour,11.283791670955125,36388.33,76.57,-18.8,-6.1,1.047,1.4,-1.6,2.1,-15.9,10.6,1.088,25,3,0,0,3
66.8,12,isocontour,11.283791670955125,35317.43,74.32,-15.5,-13.7,0.993,0.6,-2.4,2.5,-15.9,10.6,1.088,25,3,0,0,3
66.8,13,isocontour,11.283791670955125,34126.2,71.81,20.7,-2.4,0.983,-0.7,0.6,0.9,17.6,-7.3,1.091,8,6,0,0,6
66.8,14,isocontour,11.283791670955125,34478.29,72.56,12.4,-17.0,0.977,-1.3,-1.5,2.0,17.6,-7.3,1.091,8,4,0,0,4
66.8,15,isocontour,11.283791670955125,33660.71,70.83,-0.1,20.8,0.989,2.5,0.4,2.5,-15.9,10.6,1.088,25,1,0,0,1
66.8,16,isocontour,11.283791670955125,46728.86,98.34,-25.0,21.7,0.508,-0.9,-0.4,1.0,-25.0,21.7,0.514,16,0,0,0,0
66.8,17,isocontour,11.283791670955125,34114.11,71.79,15.9,13.6,0.983,-2.0,3.1,3.7,-8.5,-17.2,1.082,21,5,0,0,5
66.8,18,isocontour,11.283791670955125,38928.3,81.92,-9.5,18.2,1.003,0.6,-0.8,1.0,-15.9,10.6,1.088,25,3,0,0,3
66.8,19,isocontour,11.283791670955125,35411.18,74.52,-20.7,0.6,0.993,-1.1,-1.1,1.6,-15.9,10.6,1.088,25,4,0,0,4
66.8,20,isocontour,11.283791670955125,35391.89,74.48,7.8,-19.5,0.976,2.8,-2.2,3.6,-8.3,-17.2,1.085,21,3,0,0,3
66.8,21,isocontour,11.283791670955125,34466.34,72.53,-8.1,-17.3,1.084,-0.8,1.1,1.4,-16.0,10.4,1.087,25,2,0,0,2
66.8,22,isocontour,11.283791670955125,37515.63,78.95,-19.9,-6.3,0.984,-2.1,1.1,2.4,-15.9,10.6,1.088,25,3,0,0,3
66.8,23,isocontour,11.283791670955125,38990.14,82.05,-19.5,7.2,0.987,-0.2,2.6,2.6,-15.9,10.6,1.088,25,3,0,0,3
66.8,24,isocontour,11.283791670955125,36138.09,76.05,-0.8,-20.8,0.989,-3.1,-0.2,3.1,-8.3,-17.2,1.085,21,2,0,0,2
66.8,25,isocontour,11.283791670955125,34671.64,72.96,-15.7,11.1,1.08,0.4,0.9,1.0,-15.7,11.1,1.088,25,3,0,0,3
66.8,Target,,,,,0.0,0.0,4.023,0.0,0.0,,,,,,,,,
66.9,1,isocontour,11.283791670955125,34093.68,71.75,19.6,6.8,0.989,0.3,-1.2,1.2,17.6,-7.3,1.091,8,6,0,0,6
66.9,2,isocontour,11.283791670955125,32968.89,69.38,10.3,18.0,0.993,-0.8,0.8,1.1,-15.9,10.6,1.088,25,3,0,0,3
66.9,3,isocontour,11.283791670955125,34309.99,72.2,15.4,13.9,0.992,-2.6,1.5,3.0,17.4,-8.1,1.083,6,5,0,0,5
66.9,4,isocontour,11.283791670955125,37344.36,78.59,18.7,6.1,1.054,0.3,-2.9,2.9,17.6,-7.3,1.091,8,6,0,0,6
66.9,5,isocontour,11.283791670955125,35545.62,74.8,18.2,6.6,1.072,0.9,-2.8,2.9,17.6,-7.3,1.091,8,6,0,0,6
66.9,6,isocontour,11.283791670955125,37076.24,78.02,17.5,-8.1,1.077,1.2,-0.2,1.2,17.6,-7.3,1.091,8,5,0,0,5
66.9,7,isocontour,11.283791670955125,35677.63,75.08,-17.6,11.2,0.983,1.9,-0.6,2.0,-15.9,10.6,1.088,25,4,0,0,4
66.9,8,isocontour,11.283791670955125,37168.82,78.22,17.7,-7.2,1.088,1.8,4.6,4.9,17.6,-7.3,1.091,8,5,0,0,5
66.9,9,isocontour,11.283791670955125,35201.32,74.08,20.6,-0.7,1.0,0.1,-1.2,1.2,17.6,-7.3,1.091,8,6,0,0,6
66.9,10,isocontour,11.283791670955125,34983.84,73.62,14.6,-14.6,0.995,-0.0,1.6,1.6,17.6,-7.3,1.091,8,4,0,0,4
66.9,11,isocontour,11.283791670955125,36380.55,76.56,-18.6,-6.1,1.056,1.8,-0.3,1.8,-15.9,10.6,1.088,25,3,0,0,3
66.9,12,isocontour,11.283791670955125,35295.19,74.27,-15.7,-13.8,0.982,-2.5,-0.5,2.5,-15.9,10.6,1.088,25,3,0,0,3
66.9,13,isocontour,11.283791670955125,34103.19,71.77,20.7,-2.2,0.989,-0.8,2.5,2.6,17.6,-7.3,1.091,8,6,0,0,6
66.9,14,isocontour,11.283791670955125,34474.94,72.55,12.4,-16.9,0.977,1.1,0.8,1.4,17.6,-7.3,1.091,8,4,0,0,4
66.9,15,isocontour,11.283791670955125,33634.69,70.78,-0.3,20.7,0.995,-2.3,-1.5,2.7,-15.9,10.6,1.088,25,2,0,0,2
66.9,16,isocontour,11.283791670955125,46727.76,98.33,-24.9,21.6,0.51,0.7,-0.6,0.9,-24.9,21.6,0.514,16,0,0,0,0
66.9,17,isocontour,11.283791670955125,34101.69,71.76,15.8,13.5,0.991,-0.5,-2.1,2.2,17.4,-8.1,1.083,6,5,0,0,5
66.9,18,isocontour,11.283791670955125,38926.9,81.92,-9.5,18.2,1.001,-1.0,0.3,1.0,-15.9,10.6,1.088,25,3,0,0,3
66.9,19,isocontour,11.283791670955125,35383.72,74.46,-20.8,0.8,0.988,-0.8,2.7,2.8,-15.9,10.6,1.088,25,4,0,0,4
66.9,20,isocontour,11.283791670955125,35388.82,74.47,7.8,-19.4,0.979,-0.3,1.3,1.3,17.6,-7.3,1.091,8,3,0,0,3
66.9,21,isocontour,11.283791670955125,34445.85,72.49,-8.4,-17.3,1.081,-2.5,0.4,2.5,-15.9,10.6,1.088,25,2,0,0,2
66.9,22,isocontour,11.283791670955125,37514.97,78.95,-19.9,-6.3,0.986,0.7,-0.3,0.8,-15.9,10.6,1.088,25,3,0,0,3
66.9,23,isocontour,11.283791670955125,38906.34,81.87,-19.7,7.0,0.981,-2.4,-3.3,4.1,-15.9,10.6,1.088,25,3,0,0,3
66.9,24,isocontour,11.283791670955125,36137.35,76.05,-0.8,-20.7,0.991,0.8,0.3,0.9,-16.0,10.4,1.087,25,2,0,0,2
66.9,25,isocontour,11.283791670955125,34656.63,72.93,-15.6,11.3,1.076,0.7,2.2,2.3,-15.6,11.3,1.088,25,3,0,0,3
66.9,Target,,,,,0.0,0.0,4.023,0.0,0.0,,,,,,,,,
67.0,1,isocontour,11.283791670955125,34091.73,71.74,19.6,6.7,0.991,-0.0,-1.1,1.1,17.6,-7.3,1.091,8,6,0,0,6
67.0,2,isocontour,11.283791670955125,32857.79,69.15,10.1,18.3,0.982,-2.1,3.9,4.4,-15.9,10.6,1.088,25,3,0,0,3
67.0,3,isocontour,11.283791670955125,34295.75,72.17,15.5,13.9,0.988,2.1,-0.7,2.2,17.6,-7.3,1.091,8,5,0,0,5
67.0,4,isocontour,11.283791670955125,37340.23,78.58,18.8,5.9,1.051,0.9,-1.1,1.4,17.6,-7.3,1.091,8,6,0,0,6
67.0,5,isocontour,11.283791670955125,35515.73,74.74,18.2,6.3,1.075,0.4,-2.8,2.8,17.6,-7.3,1.091,8,6,0,0,6
67.0,6,isocontour,11.283791670955125,37073.86,78.02,17.5,-8.0,1.076,0.4,1.1,1.2,17.6,-7.3,1.091,8,5,0,0,5
67.0,7,isocontour,11.283791670955125,35648.05,75.02,-17.4,11.4,0.987,2.0,2.0,2.8,-15.9,10.6,1.088,25,4,0,0,4
67.0,8,isocontour,11.283791670955125,37166.38,78.21,17.8,-7.1,1.085,1.0,0.8,1.3,17.6,-7.3,1.091,8,5,0,0,5
67.0,9,isocontour,11.283791670955125,35189.91,74.05,20.7,-0.7,0.991,2.0,0.6,2.1,17.6,-7.3,1.091,8,6,0,0,6
67.0,10,isocontour,11.283791670955125,34982.96,73.62,14.6,-14.6,0.999,-0.8,0.2,0.8,17.6,-7.3,1.091,8,4,0,0,4
67.0,11,isocontour,11.283791670955125,36371.71,76.54,-18.6,-6.0,1.06,-0.1,1.9,1.9,-15.9,10.6,1.088,25,3,0,0,3
67.0,12,isocontour,11.283791670955125,35247.28,74.17,-16.0,-13.7,0.972,-3.2,1.1,3.4,-15.9,10.6,1.088,25,3,0,0,3
67.0,13,isocontour,11.283791670955125,34102.69,71.76,20.7,-2.1,0.99,-0.0,0.7,0.7,17.6,-7.3,1.091,8,6,0,0,6
67.0,14,isocontour,11.283791670955125,34457.0,72.51,12.5,-16.7,0.985,0.3,2.4,2.4,17.6,-7.3,1.091,8,4,0,0,4
67.0,15,isocontour,11.283791670955125,33628.23,70.77,-0.3,20.8,0.989,0.2,1.7,1.7,-15.9,10.6,1.088,25,2,0,0,2
67.0,16,isocontour,11.283791670955125,46726.66,98.33,-25.0,21.6,0.509,-0.9,-0.1,0.9,-25.0,21.6,0.514,16,0,0,0,0
67.0,17,isocontour,11.283791670955125,34098.69,71.76,15.9,13.4,0.99,1.2,-0.6,1.3,17.6,-7.3,1.091,8,5,0,0,5
67.0,18,isocontour,11.283791670955125,38898.24,81.86,-9.8,18.2,0.995,-2.8,-0.2,2.8,-15.9,10.6,1.088,25,3,0,0,3
67.0,19,isocontour,11.283791670955125,35382.78,74.46,-20.8,0.9,0.986,-0.3,0.8,0.9,-15.9,10.6,1.088,25,4,0,0,4
67.0,20,isocontour,11.283791670955125,35376.91,74.45,7.8,-19.2,0.99,0.1,2.1,2.1,17.6,-7.3,1.091,8,3,0,0,3
67.0,21,isocontour,11.283791670955125,34443.05,72.48,-8.3,-17.4,1.078,0.8,-1.0,1.3,-15.9,10.6,1.088,25,2,0,0,2
67.0,22,isocontour,11.283791670955125,37513.08,78.94,-19.9,-6.2,0.988,0.0,1.1,1.1,-15.9,10.6,1.088,25,3,0,0,3
67.0,23,isocontour,11.283791670955125,38879.75,81.82,-19.6,6.7,0.99,1.6,-2.3,2.8,-15.9,10.6,1.088,25,3,0,0,3
67.0,24,isocontour,11.283791670955125,36136.11,76.04,-0.7,-20.7,0.99,1.0,-0.1,1.0,17.6,-7.3,1.091,8,2,0,0,2
67.0,25,isocontour,11.283791670955125,34639.56,72.89,-15.5,11.5,1.072,0.9,2.2,2.4,-15.5,11.5,1.088,25,3,0,0,3
67.0,Target,,,,,0.0,0.0,4.023,0.0,0.0,,,,,,,,,
67.1,1,isocontour,11.283791670955125,34091.14,71.74,19.6,6.8,0.991,-0.2,0.7,0.7,17.6,-7.3,1.091,8,6,0,0,6
67.1,2,isocontour,11.283791670955125,32850.01,69.13,10.0,18.2,0.988,-0.6,-1.7,1.8,17.6,-7.3,1.091,8,3,0,0,3
67.1,3,isocontour,11.283791670955125,34295.73,72.17,15.6,13.9,0.986,0.1,0.2,0.2,17.6,-7.3,1.091,8,5,0,0,5
67.1,4,isocontour,11.283791670955125,37306.45,78.51,18.6,5.8,1.066,-2.6,-1.4,3.0,17.6,-7.3,1.091,8,6,0,0,6
67.1,5,isocontour,11.283791670955125,35511.26,74.73,18.3,6.1,1.077,0.2,-1.5,1.5,17.6,-7.3,1.091,8,6,0,0,6
67.1,6,isocontour,11.283791670955125,37052.38,77.97,17.5,-8.2,1.077,-1.1,-2.3,2.5,17.6,-7.3,1.091,8,5,0,0,5
67.1,7,isocontour,11.283791670955125,35618.16,74.95,-17.2,11.6,0.991,2.2,1.8,2.8,-15.9,10.6,1.088,25,4,0,0,4
67.1,8,isocontour,11.283791670955125,37164.01,78.21,17.8,-7.2,1.082,-0.1,-1.2,1.2,17.6,-7.3,1.091,8,5,0,0,5
67.1,9,isocontour,11.283791670955125,35136.24,73.94,20.9,-1.0,0.981,1.7,-3.1,3.5,17.6,-7.3,1.091,8,6,0,0,6
67.1,10,isocontour,11.283791670955125,34958.07,73.56,14.7,-14.7,0.987,2.1,-1.7,2.7,17.6,-7.3,1.091,8,4,0,0,4
67.1,11,isocontour,11.283791670955125,36339.26,76.47,-18.7,-5.7,1.058,-1.4,2.6,3.0,-15.9,10.6,1.088,25,3,0,0,3
67.1,12,isocontour,11.283791670955125,35240.36,74.16,-16.2,-13.6,0.97,-1.2,1.2,1.7,-15.9,10.6,1.088,25,3,0,0,3
67.1,13,isocontour,11.283791670955125,34100.31,71.76,20.7,-2.2,0.989,0.2,-1.2,1.2,17.6,-7.3,1.091,8,6,0,0,6
67.1,14,isocontour,11.283791670955125,34453.72,72.5,12.6,-16.6,0.986,1.1,0.8,1.4,17.6,-7.3,1.091,8,4,0,0,4
67.1,15,isocontour,11.283791670955125,33625.49,70.76,-0.4,20.8,0.99,-1.1,-0.6,1.3,-15.9,10.6,1.088,25,2,0,0,2
67.1,16,isocontour,11.283791670955125,46722.93,98.32,-24.9,21.7,0.51,1.2,0.7,1.4,-24.9,21.7,0.514,16,0,0,0,0
67.1,17,isocontour,11.283791670955125,34088.39,71.73,16.1,13.3,0.985,1.9,-0.7,2.0,17.6,-7.3,1.091,8,5,0,0,5
67.1,18,isocontour,11.283791670955125,38897.8,81.86,-9.8,18.2,0.994,0.7,0.2,0.7,-15.9,10.6,1.088,25,3,0,0,3
67.1,19,isocontour,11.283791670955125,35379.36,74.45,-20.7,1.0,0.991,1.2,0.7,1.4,-15.9,10.6,1.088,25,4,0,0,4
67.1,20,isocontour,11.283791670955125,35374.04,74.44,7.9,-19.1,0.994,0.8,1.0,1.3,17.6,-7.3,1.091,8,3,0,0,3
67.1,21,isocontour,11.283791670955125,34420.03,72.43,-8.1,-17.4,1.082,2.6,-0.1,2.6,17.6,-7.3,1.091,8,2,0,0,2
67.1,22,isocontour,11.283791670955125,37498.65,78.91,-19.7,-6.0,0.999,1.8,1.4,2.3,-15.9,10.6,1.088,25,3,0,0,3
67.1,23,isocontour,11.283791670955125,38875.95,81.81,-19.5,6.7,0.996,1.2,0.7,1.4,-15.9,10.6,1.088,25,3,0,0,3
67.1,24,isocontour,11.283791670955125,36108.35,75.99,-0.4,-20.8,0.988,2.7,-0.5,2.7,17.6,-7.3,1.091,8,2,0,0,2
67.1,25,isocontour,11.283791670955125,34638.2,72.89,-15.5,11.6,1.07,0.3,1.0,1.0,-15.5,11.6,1.088,25,3,0,0,3
67.1,Target,,,,,0.0,0.0,4.023,0.0,0.0,,,,,,,,,
67.2,1,isocontour,11.283791670955125,34068.13,71.69,19.8,6.9,0.979,2.3,1.2,2.6,17.6,-7.3,1.091,8,6,0,0,6
67.2,2,isocontour,11.283791670955125,32820.74,69.07,9.8,18.2,0.994,-2.8,0.5,2.8,17.6,-7.3,1.091,8,3,0,0,3
67.2,3,isocontour,11.283791670955125,34292.73,72.16,15.6,13.7,0.99,-0.2,-1.3,1.3,17.6,-7.3,1.091,8,5,0,0,5
67.2,4,isocontour,11.283791670955125,37298.15,78.49,18.7,5.7,1.061,1.7,-0.7,1.8,17.6,-7.3,1.091,8,6,0,0,6
67.2,5,isocontour,11.283791670955125,35509.86,74.73,18.2,6.2,1.078,-0.5,0.9,1.0,17.6,-7.3,1.091,8,6,0,0,6
67.2,6,isocontour,11.283791670955125,37045.92,77.96,17.3,-8.3,1.082,-1.5,-0.9,1.7,17.6,-7.3,1.091,8,5,0,0,5
67.2,7,isocontour,11.283791670955125,35599.32,74.91,-17.1,11.8,0.988,0.6,2.4,2.5,-15.9,10.6,1.088,25,4,0,0,4
67.2,8,isocontour,11.283791670955125,37155.84,78.19,17.7,-7.3,1.087,-1.5,-1.1,1.9,17.6,-7.3,1.091,8,5,0,0,5
67.2,9,isocontour,11.283791670955125,35134.53,73.94,21.0,-1.0,0.975,1.0,0.5,1.1,17.6,-7.3,1.091,8,6,0,0,6
67.2,10,isocontour,11.283791670955125,34946.49,73.54,14.8,-14.9,0.976,0.9,-1.9,2.1,17.6,-7.3,1.091,8,4,0,0,4
67.2,11,isocontour,11.283791670955125,36336.99,76.47,-18.9,-5.7,1.051,-1.2,-0.1,1.2,-15.9,10.6,1.088,25,3,0,0,3
67.2,12,isocontour,11.283791670955125,35220.58,74.12,-16.3,-13.4,0.971,-1.4,2.1,2.5,17.6,-7.3,1.091,8,3,0,0,3
67.2,13,isocontour,11.283791670955125,34095.48,71.75,20.8,-2.1,0.985,0.9,1.3,1.6,17.6,-7.3,1.091,8,6,0,0,6
67.2,14,isocontour,11.283791670955125,34447.8,72.49,12.5,-16.7,0.987,-1.4,-0.8,1.6,17.6,-7.3,1.091,8,4,0,0,4
67.2,15,isocontour,11.283791670955125,33596.53,70.7,-0.6,20.7,0.993,-2.8,-0.7,2.9,17.6,-7.3,1.091,8,2,0,0,2
67.2,16,isocontour,11.283791670955125,46721.83,98.32,-24.9,21.7,0.509,0.5,0.8,0.9,-24.9,21.7,0.514,16,0,0,0,0
67.2,17,isocontour,11.283791670955125,34053.92,71.66,16.1,13.0,0.993,0.1,-3.0,3.0,17.6,-7.3,1.091,8,5,0,0,5
67.2,18,isocontour,11.283791670955125,38895.85,81.85,-9.8,18.3,0.99,0.3,1.1,1.1,-15.9,10.6,1.088,25,3,0,0,3
67.2,19,isocontour,11.283791670955125,35354.74,74.4,-20.8,0.8,0.987,-1.1,-2.4,2.6,-15.9,10.6,1.088,25,4,0,0,4
67.2,20,isocontour,11.283791670955125,35372.72,74.44,8.0,-19.1,0.992,1.0,-0.1,1.0,17.6,-7.3,1.091,8,3,0,0,3
67.2,21,isocontour,11.283791670955125,34383.83,72.36,-7.8,-17.5,1.084,2.8,-1.1,3.0,17.6,-7.3,1.091,8,2,0,0,2
67.2,22,isocontour,11.283791670955125,37477.42,78.87,-19.6,-6.2,1.002,1.1,-2.3,2.5,-15.9,10.6,1.088,25,3,0,0,3
67.2,23,isocontour,11.283791670955125,38848.49,81.75,-19.6,7.0,0.986,-1.6,2.3,2.8,-15.9,10.6,1.088,25,3,0,0,3
67.2,24,isocontour,11.283791670955125,35988.02,75.73,0.0,-20.8,0.987,4.6,-0.1,4.6,17.6,-7.3,1.091,8,2,0,0,2
67.2,25,isocontour,11.283791670955125,34622.18,72.86,-15.7,11.6,1.061,-2.3,-0.4,2.3,-15.7,11.6,1.088,25,3,0,0,3
67.2,Target,,,,,0.0,0.0,4.023,0.0,0.0,,,,,,,,,
67.3,1,isocontour,11.283791670955125,34054.08,71.66,19.9,7.0,0.969,1.1,1.9,2.2,17.6,-7.3,1.091,8,6,0,0,6
67.3,2,isocontour,11.283791670955125,32807.24,69.04,9.8,18.4,0.984,1.2,1.8,2.2,17.6,-7.3,1.091,8,3,0,0,3
67.3,3,isocontour,11.283791670955125,34290.58,72.16,15.6,13.7,0.989,1.0,-0.6,1.2,17.6,-7.3,1.091,8,5,0,0,5
67.3,4,isocontour,11.283791670955125,37276.92,78.44,18.7,5.9,1.058,-0.3,2.5,2.5,17.6,-7.3,1.091,8,6,0,0,6
67.3,5,isocontour,11.283791670955125,35484.97,74.67,18.2,6.4,1.077,-0.6,2.6,2.7,17.6,-7.3,1.091,8,6,0,0,6
67.3,6,isocontour,11.283791670955125,37024.94,77.91,17.2,-8.5,1.081,-0.9,-2.4,2.6,17.6,-7.3,1.091,8,5,0,0,5
67.3,7,isocontour,11.283791670955125,35532.77,74.77,-17.1,12.1,0.98,0.6,3.7,3.7,-15.9,10.6,1.088,25,3,0,0,3
67.3,8,isocontour,11.283791670955125,37151.37,78.18,17.5,-7.4,1.092,-1.3,-0.8,1.5,17.6,-7.3,1.091,8,5,0,0,5
67.3,9,isocontour,11.283791670955125,35132.22,73.93,20.9,-0.9,0.98,-1.2,0.4,1.3,17.6,-7.3,1.091,8,6,0,0,6
67.3,10,isocontour,11.283791670955125,34924.26,73.49,14.6,-15.0,0.978,-2.3,-1.2,2.6,17.6,-7.3,1.091,8,4,0,0,4
67.3,11,isocontour,11.283791670955125,36319.27,76.43,-19.1,-5.6,1.04,-2.3,0.8,2.4,17.6,-7.3,1.091,8,3,0,0,3
67.3,12,isocontour,11.283791670955125,35194.57,74.06,-16.4,-13.1,0.977,-0.7,2.6,2.7,17.6,-7.3,1.091,8,3,0,0,3
67.3,13,isocontour,11.283791670955125,34090.07,71.74,20.6,-2.1,0.992,-1.6,-0.1,1.6,17.6,-7.3,1.091,8,6,0,0,6
67.3,14,isocontour,11.283791670955125,34447.09,72.49,12.4,-16.7,0.988,-0.8,-0.2,0.8,17.6,-7.3,1.091,8,4,0,0,4
67.3,15,isocontour,11.283791670955125,33595.98,70.7,-0.7,20.7,0.992,-0.7,0.2,0.7,17.6,-7.3,1.091,8,2,0,0,2
67.3,16,isocontour,11.283791670955125,46720.73,98.32,-24.9,21.8,0.507,-0.4,0.8,0.9,-24.9,21.8,0.514,16,0,0,0,0
67.3,17,isocontour,11.283791670955125,34049.45,71.65,16.2,13.0,0.99,1.4,-0.5,1.5,17.6,-7.3,1.091,8,5,0,0,5
67.3,18,isocontour,11.283791670955125,38894.15,81.85,-9.8,18.3,0.991,-0.8,-0.7,1.1,17.6,-7.3,1.091,8,3,0,0,3
67.3,19,isocontour,11.283791670955125,35353.46,74.4,-20.9,0.8,0.983,-0.7,0.7,1.0,-15.9,10.6,1.088,25,3,0,0,3
67.3,20,isocontour,11.283791670955125,35369.0,74.43,8.0,-19.2,0.986,-0.3,-1.4,1.4,17.6,-7.3,1.091,8,3,0,0,3
67.3,21,isocontour,11.283791670955125,34347.62,72.28,-7.5,-17.6,1.085,2.9,-1.0,3.1,17.6,-7.3,1.091,8,2,0,0,2
67.3,22,isocontour,11.283791670955125,37466.49,78.84,-19.7,-6.4,0.995,-0.9,-1.8,2.0,17.6,-7.3,1.091,8,3,0,0,3
67.3,23,isocontour,11.283791670955125,38848.4,81.75,-19.6,7.0,0.986,0.4,0.1,0.4,-15.9,10.6,1.088,25,3,0,0,3
67.3,24,isocontour,11.283791670955125,35986.03,75.73,0.2,-20.8,0.99,0.9,0.7,1.1,17.6,-7.3,1.091,8,2,0,0,2
67.3,25,isocontour,11.283791670955125,34614.4,72.84,-15.6,11.7,1.063,1.6,0.9,1.8,-15.6,11.7,1.088,25,3,0,0,3
67.3,Target,,,,,0.0,0.0,4.023,0.0,0.0,,,,,,,,,
67.4,1,isocontour,11.283791670955125,34035.01,71.62,19.8,6.9,0.977,-1.4,-2.0,2.4,17.6,-7.3,1.091,8,6,0,0,6
67.4,2,isocontour,11.283791670955125,32805.3,69.03,9.8,18.4,0.987,-1.1,-0.4,1.2,17.6,-7.3,1.091,8,3,0,0,3
67.4,3,isocontour,11.283791670955125,34290.14,72.16,15.6,13.7,0.987,-0.1,0.7,0.7,17.6,-7.3,1.091,8,5,0,0,5
67.4,4,isocontour,11.283791670955125,37253.9,78.4,18.5,6.1,1.062,-1.7,2.0,2.6,17.6,-7.3,1.091,8,6,0,0,6
67.4,5,isocontour,11.283791670955125,35482.81,74.67,18.2,6.4,1.073,0.9,-0.7,1.1,17.6,-7.3,1.091,8,6,0,0,6
67.4,6,isocontour,11.283791670955125,36995.36,77.85,17.3,-8.3,1.078,1.7,2.3,2.9,17.5,-7.4,1.092,8,5,0,0,5
67.4,7,isocontour,11.283791670955125,35530.82,74.77,-17.0,12.2,0.982,1.1,0.3,1.1,17.6,-7.3,1.091,8,3,0,0,3
67.4,8,isocontour,11.283791670955125,37150.4,78.18,17.5,-7.5,1.092,-0.3,-0.9,0.9,17.5,-7.5,1.092,8,5,0,0,5
67.4,9,isocontour,11.283791670955125,35123.65,73.91,20.8,-0.9,0.989,-1.9,-0.1,1.9,17.5,-7.4,1.092,8,6,0,0,6
67.4,10,isocontour,11.283791670955125,34913.65,73.47,14.5,-15.2,0.978,-1.4,-1.4,2.0,17.5,-7.4,1.092,8,4,0,0,4
67.4,11,isocontour,11.283791670955125,36317.75,76.43,-19.2,-5.6,1.033,-1.0,-0.2,1.0,17.6,-7.3,1.091,8,3,0,0,3
67.4,12,isocontour,11.283791670955125,35187.4,74.05,-16.5,-13.0,0.976,-1.3,1.2,1.8,17.6,-7.3,1.091,8,3,0,0,3
67.4,13,isocontour,11.283791670955125,34088.87,71.74,20.7,-2.1,0.99,0.7,-0.7,1.0,17.5,-7.4,1.092,8,6,0,0,6
67.4,14,isocontour,11.283791670955125,34440.4,72.48,12.5,-16.6,0.988,1.4,1.0,1.7,17.5,-7.4,1.092,8,4,0,0,4
67.4,15,isocontour,11.283791670955125,33565.15,70.63,-0.5,20.8,0.99,2.8,0.6,2.9,17.6,-7.3,1.091,8,2,0,0,2
67.4,16,isocontour,11.283791670955125,46719.63,98.32,-24.9,21.9,0.507,0.6,0.8,1.0,-24.9,21.9,0.514,16,0,0,0,0
67.4,17,isocontour,11.283791670955125,34048.93,71.65,16.2,13.0,0.988,-0.0,0.7,0.7,17.6,-7.3,1.091,8,5,0,0,5
67.4,18,isocontour,11.283791670955125,38892.83,81.85,-9.9,18.3,0.989,-1.0,-0.1,1.0,17.6,-7.3,1.091,8,3,0,0,3
67.4,19,isocontour,11.283791670955125,35350.97,74.39,-20.8,0.7,0.986,0.8,-1.0,1.3,17.6,-7.3,1.091,8,3,0,0,3
67.4,20,isocontour,11.283791670955125,35285.82,74.25,7.7,-19.3,0.989,-4.0,-0.7,4.1,17.6,-7.3,1.091,8,3,0,0,3
67.4,21,isocontour,11.283791670955125,34344.27,72.27,-7.4,-17.7,1.084,1.1,-0.8,1.4,17.6,-7.3,1.091,8,2,0,0,2
67.4,22,isocontour,11.283791670955125,37465.56,78.84,-19.7,-6.5,0.99,-0.8,-0.4,0.9,17.6,-7.3,1.091,8,3,0,0,3
67.4,23,isocontour,11.283791670955125,38838.55,81.73,-19.5,7.1,0.993,1.8,0.8,2.0,-15.9,10.6,1.088,25,3,0,0,3
67.4,24,isocontour,11.283791670955125,35985.09,75.73,0.1,-20.7,0.992,-0.9,0.1,0.9,17.6,-7.3,1.091,8,2,0,0,2
67.4,25,isocontour,11.283791670955125,34613.46,72.84,-15.5,11.8,1.064,0.5,0.7,0.9,17.6,-7.3,1.091,8,3,0,0,3
67.4,Target,,,,,0.0,0.0,4.023,0.0,0.0,,,,,,,,,
67.5,1,isocontour,11.283791670955125,33998.44,71.55,19.7,6.7,0.99,-1.8,-2.5,3.1,17.5,-7.4,1.092,8,6,0,0,6
67.5,2,isocontour,11.283791670955125,32783.57,68.99,9.7,18.2,0.999,-1.1,-2.3,2.5,17.6,-7.3,1.091,8,3,0,0,3
67.5,3,isocontour,11.283791670955125,34252.13,72.08,15.8,13.5,0.991,1.3,-2.8,3.1,17.6,-7.3,1.091,8,5,0,0,5
67.5,4,isocontour,11.283791670955125,37139.78,78.16,18.7,5.8,1.061,1.7,-4.2,4.5,17.5,-7.4,1.092,8,6,0,0,6
67.5,5,isocontour,11.283791670955125,35481.68,74.67,18.2,6.4,1.076,-0.8,0.5,0.9,17.5,-7.4,1.092,8,6,0,0,6
67.5,6,isocontour,11.283791670955125,36991.63,77.84,17.4,-8.2,1.076,0.9,1.1,1.4,17.5,-7.4,1.092,8,5,0,0,5
67.5,7,isocontour,11.283791670955125,35494.26,74.69,-16.7,12.1,0.997,2.4,-1.9,3.1,17.6,-7.3,1.091,8,3,0,0,3
67.5,8,isocontour,11.283791670955125,37134.79,78.15,17.7,-7.5,1.08,2.2,-0.5,2.3,17.7,-7.5,1.092,8,5,0,0,5
67.5,9,isocontour,11.283791670955125,35120.91,73.91,20.6,-1.0,0.997,-1.2,-0.3,1.2,17.5,-7.4,1.092,8,6,0,0,6
67.5,10,isocontour,11.283791670955125,34907.73,73.46,14.4,-15.3,0.977,-1.1,-1.3,1.7,17.5,-7.4,1.092,8,4,0,0,4
67.5,11,isocontour,11.283791670955125,36313.62,76.42,-19.3,-5.6,1.027,-1.3,0.6,1.4,17.6,-7.3,1.091,8,3,0,0,3
67.5,12,isocontour,11.283791670955125,35161.39,73.99,-16.6,-12.7,0.983,-0.3,2.7,2.7,17.6,-7.3,1.091,8,3,0,0,3
67.5,13,isocontour,11.283791670955125,34084.13,71.73,20.6,-2.0,0.993,-0.7,1.3,1.5,17.5,-7.4,1.092,8,6,0,0,6
67.5,14,isocontour,11.283791670955125,34418.92,72.43,12.3,-16.5,0.998,-2.5,0.6,2.6,17.5,-7.4,1.092,8,4,0,0,4
67.5,15,isocontour,11.283791670955125,33564.3,70.63,-0.5,20.8,0.99,-0.9,-0.1,0.9,17.6,-7.3,1.091,8,2,0,0,2
67.5,16,isocontour,11.283791670955125,46718.53,98.31,-24.9,22.0,0.505,-0.3,0.9,0.9,-24.9,22.0,0.514,16,0,0,0,0
67.5,17,isocontour,11.283791670955125,34048.17,71.65,16.3,13.0,0.989,0.3,-0.8,0.9,17.6,-7.3,1.091,8,5,0,0,5
67.5,18,isocontour,11.283791670955125,38891.22,81.84,-9.8,18.3,0.99,1.0,0.3,1.0,17.6,-7.3,1.091,8,3,0,0,3
67.5,19,isocontour,11.283791670955125,35335.35,74.36,-20.6,0.8,0.997,2.2,0.8,2.3,17.6,-7.3,1.091,8,3,0,0,3
67.5,20,isocontour,11.283791670955125,35284.85,74.25,7.5,-19.3,0.991,-0.9,-0.1,0.9,17.5,-7.4,1.092,8,3,0,0,3
67.5,21,isocontour,11.283791670955125,34309.81,72.2,-7.1,-17.7,1.087,3.0,-0.4,3.0,17.6,-7.3,1.091,8,2,0,0,2
67.5,22,isocontour,11.283791670955125,37463.35,78.84,-19.8,-6.4,0.989,-0.3,1.1,1.1,17.6,-7.3,1.091,8,3,0,0,3
67.5,23,isocontour,11.283791670955125,38837.19,81.73,-19.4,7.2,0.995,0.4,0.9,1.0,17.6,-7.3,1.091,8,3,0,0,3
67.5,24,isocontour,11.283791670955125,35975.69,75.71,0.1,-20.9,0.983,0.8,-1.8,2.0,17.6,-7.3,1.091,8,2,0,0,2
67.5,25,isocontour,11.283791670955125,34602.05,72.82,-15.7,11.8,1.056,-2.1,0.0,2.1,17.6,-7.3,1.091,8,3,0,0,3
67.5,Target,,,,,0.0,0.0,4.023,0.0,0.0,,,,,,,,,
67.6,1,isocontour,11.283791670955125,33976.21,71.5,19.7,6.8,0.986,0.6,2.5,2.6,17.5,-7.4,1.092,8,6,0,0,6
67.6,2,isocontour,11.283791670955125,32775.0,68.97,9.5,18.2,1.005,-1.9,0.2,1.9,17.6,-7.3,1.091,8,3,0,0,3
67.6,3,isocontour,11.283791670955125,34241.21,72.06,15.9,13.4,0.987,2.0,-0.6,2.1,17.5,-7.4,1.092,8,5,0,0,5
67.6,4,isocontour,11.283791670955125,37108.95,78.09,18.7,5.5,1.063,0.3,-2.9,2.9,17.5,-7.4,1.092,8,6,0,0,6
67.6,5,isocontour,11.283791670955125,35449.88,74.6,18.3,6.2,1.077,0.9,-2.8,2.9,17.5,-7.4,1.092,8,6,0,0,6
67.6,6,isocontour,11.283791670955125,36983.2,77.83,17.3,-8.2,1.084,-1.9,-0.3,1.9,17.5,-7.4,1.092,8,5,0,0,5
67.6,7,isocontour,11.283791670955125,35485.42,74.67,-16.7,12.2,0.995,0.3,1.9,1.9,17.6,-7.3,1.091,8,3,0,0,3
67.6,8,isocontour,11.283791670955125,37110.44,78.09,17.6,-7.7,1.08,-1.3,-2.3,2.6,17.6,-7.7,1.092,8,5,0,0,5
67.6,9,isocontour,11.283791670955125,35120.47,73.91,20.6,-0.9,0.998,-0.1,0.7,0.7,17.5,-7.4,1.092,8,6,0,0,6
67.6,10,isocontour,11.283791670955125,34889.11,73.42,14.2,-15.4,0.979,-2.0,-1.4,2.4,17.5,-7.4,1.092,8,4,0,0,4
67.6,11,isocontour,11.283791670955125,36283.11,76.35,-19.4,-5.3,1.028,-0.3,2.9,2.9,17.6,-7.3,1.091,8,3,0,0,3
67.6,12,isocontour,11.283791670955125,35154.1,73.98,-16.5,-12.6,0.991,0.6,1.7,1.8,17.6,-7.3,1.091,8,3,0,0,3
67.6,13,isocontour,11.283791670955125,34081.33,71.72,20.6,-2.1,0.995,-0.4,-1.2,1.3,17.5,-7.4,1.092,8,6,0,0,6
67.6,14,isocontour,11.283791670955125,34397.19,72.38,12.5,-16.5,0.994,2.5,0.6,2.6,17.5,-7.4,1.092,8,4,0,0,4
67.6,15,isocontour,11.283791670955125,33528.45,70.56,-0.3,20.7,0.993,2.9,-0.7,3.0,17.6,-7.3,1.091,8,2,0,0,2
67.6,16,isocontour,11.283791670955125,46717.43,98.31,-24.8,22.0,0.506,0.9,0.2,0.9,-24.8,22.0,0.514,16,0,0,0,0
67.6,17,isocontour,11.283791670955125,34031.1,71.61,16.1,13.0,0.996,-2.3,0.4,2.3,17.5,-7.4,1.092,8,5,0,0,5
67.6,18,isocontour,11.283791670955125,38865.49,81.79,-10.0,18.1,0.993,-2.0,-1.9,2.8,17.6,-7.3,1.091,8,3,0,0,3
67.6,19,isocontour,11.283791670955125,35303.23,74.29,-20.6,0.5,0.998,-0.1,-2.9,2.9,17.6,-7.3,1.091,8,3,0,0,3
67.6,20,isocontour,11.283791670955125,35281.43,74.25,7.4,-19.3,0.994,-1.4,0.2,1.4,17.5,-7.4,1.092,8,3,0,0,3
67.6,21,isocontour,11.283791670955125,34289.55,72.16,-7.3,-17.6,1.09,-2.2,1.3,2.6,17.6,-7.3,1.091,8,2,0,0,2
67.6,22,isocontour,11.283791670955125,37461.91,78.83,-19.8,-6.3,0.992,0.2,1.0,1.0,17.6,-7.3,1.091,8,3,0,0,3
67.6,23,isocontour,11.283791670955125,38781.19,81.61,-19.7,7.2,0.978,-3.5,0.7,3.6,17.6,-7.3,1.091,8,3,0,0,3
67.6,24,isocontour,11.283791670955125,35971.96,75.7,0.2,-21.0,0.976,0.7,-1.2,1.4,17.5,-7.4,1.092,8,2,0,0,2
67.6,25,isocontour,11.283791670955125,34577.7,72.76,-15.9,11.6,1.05,-2.2,-1.5,2.7,17.6,-7.3,1.091,8,3,0,0,3
67.6,Target,,,,,0.0,0.0,4.023,0.0,0.0,,,,,,,,,
67.7,1,isocontour,11.283791670955125,33971.99,71.49,19.8,6.9,0.978,1.5,-0.2,1.5,17.5,-7.4,1.092,8,6,0,0,6
67.7,2,isocontour,11.283791670955125,32752.25,68.92,9.5,18.4,0.993,0.9,2.5,2.7,17.5,-7.4,1.092,8,3,0,0,3
67.7,3,isocontour,11.283791670955125,34151.06,71.87,15.7,13.7,0.986,-2.7,3.1,4.1,17.5,-7.4,1.092,8,5,0,0,5
67.7,4,isocontour,11.283791670955125,37107.15,78.09,18.8,5.3,1.063,0.5,-1.0,1.1,17.5,-7.4,1.092,8,6,0,0,6
67.7,5,isocontour,11.283791670955125,35417.76,74.53,18.3,5.9,1.077,0.8,-2.8,2.9,17.5,-7.4,1.092,8,6,0,0,6
67.7,6,isocontour,11.283791670955125,36978.55,77.82,17.4,-8.1,1.083,1.1,1.1,1.6,17.5,-7.4,1.092,8,5,0,0,5
67.7,7,isocontour,11.283791670955125,35480.5,74.66,-16.8,12.2,0.99,-1.5,-0.5,1.6,17.6,-7.3,1.091,8,3,0,0,3
67.7,8,isocontour,11.283791670955125,37013.63,77.89,17.7,-7.4,1.083,1.2,4.1,4.3,17.7,-7.4,1.092,8,5,0,0,5
67.7,9,isocontour,11.283791670955125,35113.18,73.89,20.7,-0.8,0.99,1.7,0.6,1.8,17.5,-7.4,1.092,8,6,0,0,6
67.7,10,isocontour,11.283791670955125,34888.32,73.42,14.1,-15.5,0.981,-0.8,0.0,0.8,17.5,-7.4,1.092,8,4,0,0,4
67.7,11,isocontour,11.283791670955125,36257.09,76.3,-19.4,-5.1,1.028,-0.9,2.6,2.8,17.6,-7.3,1.091,8,3,0,0,3
67.7,12,isocontour,11.283791670955125,35132.37,73.93,-16.3,-12.7,0.995,2.1,-1.5,2.6,17.6,-7.3,1.091,8,3,0,0,3
67.7,13,isocontour,11.283791670955125,33969.47,71.48,20.7,-2.5,0.988,1.2,-4.3,4.5,17.5,-7.4,1.092,8,6,0,0,6
67.7,14,isocontour,11.283791670955125,34358.08,72.3,12.8,-16.4,0.986,3.1,0.4,3.1,17.5,-7.4,1.092,8,4,0,0,4
67.7,15,isocontour,11.283791670955125,33519.74,70.54,-0.3,20.8,0.986,-0.8,1.7,1.9,17.6,-7.3,1.091,8,2,0,0,2
67.7,16,isocontour,11.283791670955125,46716.33,98.31,-24.8,22.1,0.504,-0.7,0.6,0.9,-24.8,22.1,0.514,16,0,0,0,0
67.7,17,isocontour,11.283791670955125,33927.3,71.4,16.3,12.7,0.995,3.1,-3.0,4.3,17.5,-7.4,1.092,8,5,0,0,5
67.7,18,isocontour,11.283791670955125,38856.64,81.77,-10.1,18.3,0.985,-0.5,1.8,1.9,17.6,-7.3,1.091,8,3,0,0,3
67.7,19,isocontour,11.283791670955125,35279.96,74.24,-20.7,0.7,0.994,-0.8,2.5,2.6,17.6,-7.3,1.091,8,3,0,0,3
67.7,20,isocontour,11.283791670955125,35254.26,74.19,7.2,-19.5,0.99,-2.0,-1.9,2.8,17.5,-7.4,1.092,8,3,0,0,3
67.7,21,isocontour,11.283791670955125,34272.27,72.12,-7.5,-17.5,1.089,-2.3,0.7,2.4,17.5,-7.4,1.092,8,2,0,0,2
67.7,22,isocontour,11.283791670955125,37457.95,78.83,-19.9,-6.3,0.986,-1.1,-1.0,1.5,17.6,-7.3,1.091,8,3,0,0,3
67.7,23,isocontour,11.283791670955125,38766.95,81.58,-19.8,7.1,0.973,-1.2,-1.9,2.2,17.6,-7.3,1.091,8,3,0,0,3
67.7,24,isocontour,11.283791670955125,35969.86,75.69,0.3,-21.0,0.979,0.9,0.7,1.1,17.5,-7.4,1.092,8,2,0,0,2
67.7,25,isocontour,11.283791670955125,34575.44,72.76,-15.9,11.7,1.052,1.1,0.5,1.2,17.6,-7.3,1.091,8,3,0,0,3
67.7,Target,,,,,0.0,0.0,4.023,0.0,0.0,,,,,,,,,
67.8,1,isocontour,11.283791670955125,33965.53,71.48,19.7,6.9,0.983,-1.5,0.7,1.7,17.5,-7.4,1.092,8,6,0,0,6
67.8,2,isocontour,11.283791670955125,32717.44,68.85,9.4,18.6,0.985,-1.9,2.3,3.0,17.5,-7.4,1.092,8,3,0,0,3
67.8,3,isocontour,11.283791670955125,34126.71,71.82,15.5,13.7,0.994,-2.7,0.2,2.7,17.5,-7.4,1.092,8,5,0,0,5
67.8,4,isocontour,11.283791670955125,37081.13,78.03,18.7,5.6,1.063,-0.8,2.6,2.7,17.5,-7.4,1.092,8,6,0,0,6
67.8,5,isocontour,11.283791670955125,35416.36,74.53,18.3,5.9,1.08,-0.7,0.8,1.1,17.5,-7.4,1.092,8,6,0,0,6
67.8,6,isocontour,11.283791670955125,36943.05,77.74,17.5,-7.9,1.084,0.9,2.9,3.0,17.5,-7.4,1.092,8,5,0,0,5
67.8,7,isocontour,11.283791670955125,35478.79,74.66,-16.8,12.3,0.988,0.4,1.0,1.1,17.6,-7.3,1.091,8,3,0,0,3
67.8,8,isocontour,11.283791670955125,36997.82,77.86,17.9,-7.2,1.077,1.9,1.4,2.4,17.9,-7.2,1.092,8,5,0,0,5
67.8,9,isocontour,11.283791670955125,35103.92,73.87,20.9,-0.9,0.982,1.5,-1.2,1.9,17.5,-7.4,1.092,8,6,0,0,6
67.8,10,isocontour,11.283791670955125,34879.75,73.4,13.9,-15.4,0.989,-1.8,0.5,1.9,17.5,-7.4,1.092,8,4,0,0,4
67.8,11,isocontour,11.283791670955125,36229.04,76.24,-19.3,-5.3,1.031,1.3,-2.5,2.8,17.6,-7.3,1.091,8,3,0,0,3
67.8,12,isocontour,11.283791670955125,35124.84,73.92,-16.2,-12.8,0.999,1.5,-0.9,1.7,17.5,-7.4,1.092,8,3,0,0,3
67.8,13,isocontour,11.283791670955125,33968.86,71.48,20.7,-2.6,0.984,0.3,-0.7,0.8,17.5,-7.4,1.092,8,6,0,0,6
67.8,14,isocontour,11.283791670955125,34350.79,72.29,12.7,-16.5,0.985,-1.4,-1.1,1.8,17.5,-7.4,1.092,8,4,0,0,4
67.8,15,isocontour,11.283791670955125,33484.24,70.46,-0.1,20.8,0.988,3.0,-0.6,3.1,17.5,-7.4,1.092,8,2,0,0,2
67.8,16,isocontour,11.283791670955125,46715.23,98.31,-24.9,22.0,0.504,-0.6,-0.8,1.0,-24.9,22.0,0.514,16,0,0,0,0
67.8,17,isocontour,11.283791670955125,33927.3,71.4,16.3,12.7,0.995,-0.1,-0.1,0.1,17.5,-7.4,1.092,8,5,0,0,5
67.8,18,isocontour,11.283791670955125,38844.57,81.74,-10.2,18.1,0.988,-1.1,-1.8,2.1,17.6,-7.3,1.091,8,3,0,0,3
67.8,19,isocontour,11.283791670955125,35257.46,74.19,-20.7,0.9,0.99,-0.6,2.5,2.6,17.6,-7.3,1.091,8,3,0,0,3
67.8,20,isocontour,11.283791670955125,35228.53,74.13,7.0,-19.7,0.983,-1.8,-2.1,2.8,17.5,-7.4,1.092,8,3,0,0,3
67.8,21,isocontour,11.283791670955125,34259.49,72.09,-7.7,-17.5,1.086,-2.1,0.3,2.1,17.5,-7.4,1.092,8,2,0,0,2
67.8,22,isocontour,11.283791670955125,37430.48,78.77,-19.8,-6.6,0.985,1.0,-2.6,2.8,17.6,-7.3,1.091,8,3,0,0,3
67.8,23,isocontour,11.283791670955125,38764.8,81.58,-19.8,7.0,0.978,0.9,-0.7,1.1,17.6,-7.3,1.091,8,3,0,0,3
67.8,24,isocontour,11.283791670955125,35939.35,75.63,0.6,-20.9,0.982,2.8,0.6,2.9,17.5,-7.4,1.092,8,2,0,0,2
67.8,25,isocontour,11.283791670955125,34558.59,72.72,-15.8,11.9,1.047,0.4,2.3,2.3,17.6,-7.3,1.091,8,3,0,0,3
67.8,Target,,,,,0.0,0.0,4.023,0.0,0.0,,,,,,,,,
67.9,1,isocontour,11.283791670955125,33946.68,71.44,19.5,7.0,0.992,-2.2,1.0,2.4,17.5,-7.4,1.092,8,6,0,0,6
67.9,2,isocontour,11.283791670955125,32715.59,68.85,9.4,18.6,0.986,0.8,-0.8,1.1,17.5,-7.4,1.092,8,3,0,0,3
67.9,3,isocontour,11.283791670955125,34121.2,71.8,15.3,13.8,1.0,-1.6,0.4,1.6,17.5,-7.4,1.092,8,5,0,0,5
67.9,4,isocontour,11.283791670955125,37077.93,78.03,18.7,5.7,1.059,0.4,1.3,1.4,17.5,-7.4,1.092,8,6,0,0,6
67.9,5,isocontour,11.283791670955125,35308.22,74.3,18.1,6.3,1.085,-2.4,3.7,4.4,17.5,-7.4,1.092,8,6,0,0,6
67.9,6,isocontour,11.283791670955125,36940.79,77.74,17.4,-7.9,1.088,-1.1,-0.6,1.3,17.5,-7.4,1.092,8,5,0,0,5
67.9,7,isocontour,11.283791670955125,35463.38,74.63,-16.6,12.3,0.995,2.2,0.6,2.3,17.6,-7.3,1.091,8,3,0,0,3
67.9,8,isocontour,11.283791670955125,36987.36,77.84,17.9,-7.4,1.072,0.0,-2.0,2.0,17.9,-7.4,1.092,8,5,0,0,5
67.9,9,isocontour,11.283791670955125,35085.75,73.83,21.0,-0.8,0.976,1.0,2.2,2.4,17.5,-7.4,1.092,8,6,0,0,6
67.9,10,isocontour,11.283791670955125,34876.62,73.39,13.9,-15.3,0.994,0.2,1.3,1.3,17.5,-7.4,1.092,8,4,0,0,4
67.9,11,isocontour,11.283791670955125,36227.79,76.24,-19.3,-5.4,1.034,0.6,-0.8,1.0,17.5,-7.4,1.092,8,3,0,0,3
67.9,12,isocontour,11.283791670955125,35122.35,73.91,-16.1,-12.9,0.997,0.3,-1.2,1.2,17.5,-7.4,1.092,8,3,0,0,3
67.9,13,isocontour,11.283791670955125,33965.58,71.48,20.6,-2.6,0.99,-1.4,0.1,1.4,17.5,-7.4,1.092,8,6,0,0,6
67.9,14,isocontour,11.283791670955125,34330.54,72.24,12.7,-16.3,0.992,0.6,2.5,2.6,17.5,-7.4,1.092,8,4,0,0,4
67.9,15,isocontour,11.283791670955125,33454.97,70.4,-0.3,20.7,0.991,-2.8,-0.7,2.9,17.5,-7.4,1.092,8,2,0,0,2
67.9,16,isocontour,11.283791670955125,46714.13,98.3,-24.9,22.1,0.502,-0.0,0.9,0.9,-24.9,22.1,0.514,16,0,0,0,0
67.9,17,isocontour,11.283791670955125,33922.83,71.39,16.5,12.6,0.991,1.5,-0.4,1.6,17.5,-7.4,1.092,8,5,0,0,5
67.9,18,isocontour,11.283791670955125,38832.83,81.72,-10.3,18.0,0.989,-1.9,-0.9,2.1,17.5,-7.4,1.092,8,3,0,0,3
67.9,19,isocontour,11.283791670955125,35256.33,74.19,-20.8,1.0,0.986,-0.7,0.6,0.9,17.6,-7.3,1.091,8,3,0,0,3
67.9,20,isocontour,11.283791670955125,35201.65,74.08,7.2,-19.6,0.981,2.7,0.7,2.8,17.5,-7.4,1.092,8,3,0,0,3
67.9,21,isocontour,11.283791670955125,34248.73,72.07,-7.9,-17.5,1.082,-2.0,0.1,2.0,17.5,-7.4,1.092,8,2,0,0,2
67.9,22,isocontour,11.283791670955125,37410.23,78.73,-19.7,-6.8,0.986,0.9,-2.4,2.6,17.5,-7.4,1.092,8,3,0,0,3
67.9,23,isocontour,11.283791670955125,38735.53,81.51,-19.6,6.9,0.992,2.5,-1.3,2.8,17.6,-7.3,1.091,8,3,0,0,3
67.9,24,isocontour,11.283791670955125,35908.2,75.56,0.8,-20.8,0.986,2.8,0.9,2.9,17.5,-7.4,1.092,8,2,0,0,2
67.9,25,isocontour,11.283791670955125,34532.57,72.67,-15.6,12.1,1.048,1.9,2.0,2.8,17.6,-7.3,1.091,8,3,0,0,3
67.9,Target,,,,,0.0,0.0,4.023,0.0,0.0,,,,,,,,,
68.0,1,isocontour,11.283791670955125,33914.24,71.37,19.5,6.8,0.994,0.9,-2.8,2.9,19.5,6.8,0.992,1,6,0,0,6
68.0,2,isocontour,11.283791670955125,32704.51,68.82,9.6,18.5,0.984,2.0,-0.6,2.1,9.6,18.5,0.986,2,3,0,0,3
68.0,3,isocontour,11.283791670955125,34020.94,71.59,15.2,14.1,0.993,-1.5,4.0,4.3,15.2,14.1,1.0,3,5,0,0,5
68.0,4,isocontour,11.283791670955125,37051.63,77.97,18.6,5.9,1.06,-1.0,2.5,2.7,18.6,5.9,1.059,4,6,0,0,6
68.0,5,isocontour,11.283791670955125,35287.73,74.26,18.0,6.5,1.084,-0.4,2.5,2.5,18.0,6.5,1.085,5,6,0,0,6
68.0,6,isocontour,11.283791670955125,36939.18,77.73,17.3,-7.9,1.092,-0.9,-0.5,1.0,17.3,-7.9,1.088,6,5,0,0,5
68.0,7,isocontour,11.283791670955125,35455.85,74.61,-16.5,12.5,0.992,0.3,1.8,1.8,-16.5,12.5,0.995,7,3,0,0,3
68.0,8,isocontour,11.283791670955125,36962.74,77.78,17.8,-7.6,1.069,-0.6,-2.6,2.7,17.8,-7.6,1.072,8,5,0,0,5
68.0,9,isocontour,11.283791670955125,35084.27,73.83,20.9,-0.7,0.98,-0.9,0.5,1.0,20.9,-0.7,0.976,9,6,0,0,6
68.0,10,isocontour,11.283791670955125,34870.26,73.38,14.1,-15.2,0.992,1.6,0.5,1.7,14.1,-15.2,0.994,10,4,0,0,4
68.0,11,isocontour,11.283791670955125,36224.44,76.23,-19.3,-5.5,1.032,-0.0,-1.4,1.4,-19.3,-5.5,1.034,11,3,0,0,3
68.0,12,isocontour,11.283791670955125,35120.65,73.91,-16.1,-13.0,0.996,0.6,-0.9,1.1,-16.1,-13.0,0.997,12,3,0,0,3
68.0,13,isocontour,11.283791670955125,33929.38,71.4,20.6,-2.9,0.99,-0.1,-3.0,3.0,20.6,-2.9,0.99,13,6,0,0,6
68.0,14,isocontour,11.283791670955125,34327.04,72.24,12.7,-16.4,0.99,-0.4,-1.3,1.4,12.7,-16.4,0.992,14,4,0,0,4
68.0,15,isocontour,11.283791670955125,33453.45,70.4,-0.2,20.7,0.992,1.1,-0.1,1.1,-0.2,20.7,0.991,15,2,0,0,2
68.0,16,isocontour,11.283791670955125,46713.03,98.3,-24.9,22.2,0.501,0.4,0.8,0.9,-24.9,22.2,0.502,16,0,0,0,0
68.0,17,isocontour,11.283791670955125,33901.35,71.34,16.4,12.8,0.986,-0.8,2.4,2.5,16.4,12.8,0.991,17,5,0,0,5
68.0,18,isocontour,11.283791670955125,38826.02,81.7,-10.3,17.9,0.997,0.5,-1.7,1.8,-10.3,17.9,0.989,18,3,0,0,3
68.0,19,isocontour,11.283791670955125,35233.31,74.14,-20.7,1.2,0.99,1.2,2.3,2.6,-20.7,1.2,0.986,19,3,0,0,3
68.0,20,isocontour,11.283791670955125,35177.57,74.03,7.5,-19.6,0.98,2.5,0.9,2.7,7.5,-19.6,0.981,20,3,0,0,3
68.0,21,isocontour,11.283791670955125,34247.97,72.07,-8.0,-17.5,1.081,-0.7,0.4,0.8,-8.0,-17.5,1.082,21,2,0,0,2
68.0,22,isocontour,11.283791670955125,37380.03,78.66,-19.5,-7.0,0.99,1.8,-2.2,2.8,-19.5,-7.0,0.986,22,3,0,0,3
68.0,23,isocontour,11.283791670955125,38713.29,81.47,-19.5,6.6,0.997,-0.4,-2.6,2.6,-19.5,6.6,0.992,23,3,0,0,3
68.0,24,isocontour,11.283791670955125,35881.61,75.51,0.7,-20.7,0.991,-2.6,0.8,2.7,0.7,-20.7,0.986,24,2,0,0,2
68.0,25,isocontour,11.283791670955125,34506.27,72.61,-15.8,12.0,1.043,-2.4,-1.4,2.8,-15.8,12.0,1.048,25,3,0,0,3
68.0,Target,,,,,0.0,0.0,4.023,0.0,0.0,,,,,,,,,
68.1,1,isocontour,11.283791670955125,33886.77,71.31,19.8,6.8,0.981,2.8,0.2,2.8,18.0,6.5,1.085,5,6,0,0,6
68.1,2,isocontour,11.283791670955125,32697.47,68.81,9.7,18.4,0.988,1.1,-1.4,1.8,15.2,14.1,1.0,3,3,0,0,3
68.1,3,isocontour,11.283791670955125,34014.48,71.58,15.1,14.3,0.986,0.2,1.7,1.7,18.0,6.5,1.085,5,5,0,0,5
68.1,4,isocontour,11.283791670955125,37049.25,77.97,18.6,6.1,1.059,-0.3,1.2,1.2,18.0,6.5,1.085,5,6,0,0,6
68.1,5,isocontour,11.283791670955125,35275.82,74.23,18.0,6.7,1.08,-0.0,2.1,2.1,18.0,6.7,1.085,5,6,0,0,6
68.1,6,isocontour,11.283791670955125,36934.71,77.72,17.2,-8.0,1.097,-1.2,-0.9,1.5,17.2,-8.0,1.092,6,5,0,0,5
68.1,7,isocontour,11.283791670955125,35356.29,74.4,-16.9,12.6,0.973,-4.1,1.2,4.3,-15.8,12.0,1.048,25,3,0,0,3
68.1,8,isocontour,11.283791670955125,36956.93,77.77,17.7,-7.8,1.073,-1.4,-0.9,1.7,17.3,-7.9,1.092,6,5,0,0,5
68.1,9,isocontour,11.283791670955125,35082.75,73.83,20.8,-0.6,0.985,-0.9,0.5,1.0,17.3,-7.9,1.092,6,6,0,0,6
68.1,10,isocontour,11.283791670955125,34867.06,73.37,14.2,-15.2,0.987,1.3,-0.0,1.3,17.3,-7.9,1.092,6,4,0,0,4
68.1,11,isocontour,11.283791670955125,36202.71,76.18,-19.2,-5.7,1.03,0.4,-2.5,2.5,-19.2,-5.7,1.034,11,3,0,0,3
68.1,12,isocontour,11.283791670955125,35115.24,73.9,-16.0,-13.1,0.992,0.1,-1.6,1.6,-8.0,-17.5,1.082,21,3,0,0,3
68.1,13,isocontour,11.283791670955125,33918.45,71.38,20.6,-2.8,0.987,0.8,1.9,2.1,17.3,-7.9,1.092,6,6,0,0,6
68.1,14,isocontour,11.283791670955125,34307.97,72.2,12.9,-16.5,0.979,2.3,-0.7,2.4,17.3,-7.9,1.092,6,4,0,0,4
68.1,15,isocontour,11.283791670955125,33432.71,70.36,-0.0,20.8,0.99,2.5,0.4,2.5,-10.3,17.9,0.997,18,2,0,0,2
68.1,16,isocontour,11.283791670955125,46711.93,98.3,-24.9,22.3,0.499,-0.5,0.8,0.9,-24.9,22.3,0.502,16,0,0,0,0
68.1,17,isocontour,11.283791670955125,33898.68,71.34,16.5,12.8,0.985,0.7,-1.1,1.3,18.0,6.5,1.085,5,5,0,0,5
68.1,18,isocontour,11.283791670955125,38823.87,81.7,-10.4,17.9,0.993,-0.8,0.8,1.1,-15.8,12.0,1.048,25,3,0,0,3
68.1,19,isocontour,11.283791670955125,35230.94,74.14,-20.7,1.2,0.99,-0.3,-1.2,1.2,-19.3,-5.5,1.034,11,3,0,0,3
68.1,20,isocontour,11.283791670955125,35167.87,74.01,7.6,-19.4,0.988,0.5,1.9,2.0,14.1,-15.2,0.994,10,3,0,0,3
68.1,21,isocontour,11.283791670955125,34246.53,72.07,-8.1,-17.4,1.08,-1.0,0.3,1.0,-8.1,-17.4,1.082,21,2,0,0,2
68.1,22,isocontour,11.283791670955125,37349.52,78.6,-19.6,-6.8,0.993,-0.6,2.8,2.9,-19.3,-5.5,1.034,11,3,0,0,3
68.1,23,isocontour,11.283791670955125,38630.72,81.29,-19.7,6.3,0.994,-1.8,-3.6,4.0,-15.8,12.0,1.048,25,3,0,0,3
68.1,24,isocontour,11.283791670955125,35881.18,75.51,0.7,-20.7,0.992,0.7,0.1,0.7,-8.0,-17.5,1.082,21,2,0,0,2
68.1,25,isocontour,11.283791670955125,34481.92,72.56,-15.7,12.1,1.046,2.2,1.5,2.7,-15.7,12.1,1.048,25,3,0,0,3
68.1,Target,,,,,0.0,0.0,4.023,0.0,0.0,,,,,,,,,
68.2,1,isocontour,11.283791670955125,33885.87,71.31,19.9,6.7,0.979,0.3,-0.8,0.9,17.3,-7.9,1.092,6,6,0,0,6
68.2,2,isocontour,11.283791670955125,32694.12,68.8,9.6,18.3,0.993,-1.3,-0.5,1.4,18.0,6.5,1.085,5,3,0,0,3
68.2,3,isocontour,11.283791670955125,33998.46,71.55,15.1,14.5,0.981,-0.9,2.1,2.3,18.0,6.5,1.085,5,5,0,0,5
68.2,4,isocontour,11.283791670955125,37045.76,77.96,18.5,6.0,1.066,-1.0,-0.9,1.3,17.3,-7.9,1.092,6,6,0,0,6
68.2,5,isocontour,11.283791670955125,35245.93,74.17,18.1,6.6,1.078,1.1,-2.6,2.8,17.3,-7.9,1.092,6,6,0,0,6
68.2,6,isocontour,11.283791670955125,36922.63,77.7,17.3,-8.0,1.087,2.1,-0.3,2.1,17.3,-8.0,1.097,6,5,0,0,5
68.2,7,isocontour,11.283791670955125,35355.32,74.4,-16.9,12.7,0.971,0.8,0.5,0.9,-15.8,12.0,1.048,25,3,0,0,3
68.2,8,isocontour,11.283791670955125,36928.87,77.71,17.6,-8.0,1.072,-0.8,-2.7,2.8,17.2,-8.0,1.097,6,5,0,0,5
68.2,9,isocontour,11.283791670955125,35051.6,73.76,20.7,-0.8,0.993,-1.7,-2.3,2.9,17.2,-8.0,1.097,6,6,0,0,6
68.2,10,isocontour,11.283791670955125,34846.8,73.33,14.2,-15.4,0.978,-0.2,-2.5,2.5,17.2,-8.0,1.097,6,4,0,0,4
68.2,11,isocontour,11.283791670955125,36200.51,76.18,-19.1,-5.8,1.033,0.9,-0.8,1.2,-8.0,-17.5,1.082,21,3,0,0,3
68.2,12,isocontour,11.283791670955125,35060.65,73.78,-16.0,-13.4,0.985,1.0,-3.3,3.4,-8.0,-17.5,1.082,21,3,0,0,3
68.2,13,isocontour,11.283791670955125,33912.95,71.37,20.5,-2.7,0.994,-1.6,0.2,1.6,17.2,-8.0,1.097,6,6,0,0,6
68.2,14,isocontour,11.283791670955125,34279.91,72.14,12.7,-16.4,0.989,-2.6,1.1,2.8,17.2,-8.0,1.097,6,4,0,0,4
68.2,15,isocontour,11.283791670955125,33432.19,70.35,0.1,20.8,0.988,0.6,0.4,0.7,-15.8,12.0,1.048,25,2,0,0,2
68.2,16,isocontour,11.283791670955125,46710.83,98.3,-24.9,22.3,0.498,0.5,0.8,0.9,-24.9,22.3,0.502,16,0,0,0,0
68.2,17,isocontour,11.283791670955125,33897.36,71.33,16.4,12.8,0.989,-1.0,-0.0,1.0,18.0,6.5,1.085,5,5,0,0,5
68.2,18,isocontour,11.283791670955125,38802.88,81.66,-10.2,18.1,0.99,2.0,1.5,2.5,-15.8,12.0,1.048,25,3,0,0,3
68.2,19,isocontour,11.283791670955125,35230.67,74.14,-20.8,1.1,0.987,-0.5,-0.3,0.6,-15.8,12.0,1.048,25,3,0,0,3
68.2,20,isocontour,11.283791670955125,35141.86,73.95,7.3,-19.4,0.99,-2.6,-0.7,2.7,17.3,-7.9,1.092,6,3,0,0,3
68.2,21,isocontour,11.283791670955125,34221.07,72.01,-7.9,-17.3,1.093,2.2,1.6,2.7,-8.0,-17.5,1.082,21,2,0,0,2
68.2,22,isocontour,11.283791670955125,37341.08,78.58,-19.7,-6.7,0.987,-1.6,0.9,1.8,-8.0,-17.5,1.082,21,3,0,0,3
68.2,23,isocontour,11.283791670955125,38613.0,81.26,-19.9,6.1,0.991,-1.3,-2.0,2.4,-15.8,12.0,1.048,25,3,0,0,3
68.2,24,isocontour,11.283791670955125,35878.69,75.5,0.6,-20.8,0.99,-1.2,-0.4,1.3,-8.0,-17.5,1.082,21,2,0,0,2
68.2,25,isocontour,11.283791670955125,34479.12,72.56,-15.6,12.0,1.05,-0.2,-1.3,1.3,-15.8,12.0,1.048,25,3,0,0,3
68.2,Target,,,,,0.0,0.0,4.023,0.0,0.0,,,,,,,,,
68.3,1,isocontour,11.283791670955125,33883.6,71.3,19.9,6.6,0.981,-0.1,-1.2,1.2,17.2,-8.0,1.097,6,6,0,0,6
68.3,2,isocontour,11.283791670955125,32693.24,68.8,9.5,18.3,0.996,-0.9,-0.1,0.9,18.0,6.5,1.085,5,3,0,0,3
68.3,3,isocontour,11.283791670955125,33997.36,71.54,15.0,14.5,0.984,-0.9,-0.2,0.9,17.3,-7.9,1.092,6,5,0,0,5
68.3,4,isocontour,11.283791670955125,37044.27,77.96,18.5,5.9,1.067,0.3,-1.0,1.0,17.2,-8.0,1.097,6,6,0,0,6
68.3,5,isocontour,11.283791670955125,35232.62,74.14,18.2,6.4,1.074,1.4,-1.6,2.1,17.2,-8.0,1.097,6,6,0,0,6
68.3,6,isocontour,11.283791670955125,36905.77,77.66,17.3,-7.9,1.093,-0.6,2.3,2.4,17.2,-8.0,1.097,6,5,0,0,5
68.3,7,isocontour,11.283791670955125,35326.05,74.34,-16.7,12.5,0.984,2.0,-2.0,2.8,-15.6,12.0,1.05,25,3,0,0,3
68.3,8,isocontour,11.283791670955125,36865.46,77.58,17.8,-7.8,1.066,2.5,2.7,3.7,17.2,-8.0,1.097,6,5,0,0,5
68.3,9,isocontour,11.283791670955125,35042.04,73.74,20.7,-0.7,0.99,1.0,1.7,2.0,17.2,-8.0,1.097,6,6,0,0,6
68.3,10,isocontour,11.283791670955125,34823.26,73.28,14.0,-15.5,0.982,-2.5,-0.8,2.6,17.2,-8.0,1.097,6,4,0,0,4
68.3,11,isocontour,11.283791670955125,36198.98,76.18,-19.1,-5.9,1.036,0.8,-0.7,1.1,-8.0,-17.5,1.082,21,3,0,0,3
68.3,12,isocontour,11.283791670955125,35060.32,73.78,-16.0,-13.5,0.982,-0.6,0.2,0.6,-7.9,-17.3,1.093,21,3,0,0,3
68.3,13,isocontour,11.283791670955125,33908.02,71.36,20.4,-2.8,0.998,-0.8,-1.3,1.5,17.2,-8.0,1.097,6,6,0,0,6
68.3,14,isocontour,11.283791670955125,34255.84,72.09,12.5,-16.4,0.999,-2.7,-0.0,2.7,17.2,-8.0,1.097,6,4,0,0,4
68.3,15,isocontour,11.283791670955125,33424.41,70.34,0.1,20.7,0.996,0.2,-1.8,1.8,18.0,6.5,1.085,5,2,0,0,2
68.3,16,isocontour,11.283791670955125,46709.73,98.29,-24.9,22.3,0.498,-0.8,-0.4,0.9,-24.9,22.3,0.502,16,0,0,0,0
68.3,17,isocontour,11.283791670955125,33896.42,71.33,16.3,12.8,0.99,-0.6,0.6,0.8,17.3,-7.9,1.092,6,5,0,0,5
68.3,18,isocontour,11.283791670955125,38781.9,81.61,-10.1,18.2,0.987,1.8,1.8,2.5,-15.6,12.0,1.05,25,3,0,0,3
68.3,19,isocontour,11.283791670955125,35207.66,74.09,-20.7,1.3,0.991,1.0,2.4,2.6,-8.0,-17.5,1.082,21,3,0,0,3
68.3,20,isocontour,11.283791670955125,35141.04,73.95,7.3,-19.5,0.988,-0.3,-0.8,0.9,17.2,-8.0,1.097,6,3,0,0,3
68.3,21,isocontour,11.283791670955125,34193.9,71.96,-7.7,-17.3,1.097,2.7,-0.7,2.8,-7.7,-17.3,1.093,21,2,0,0,2
68.3,22,isocontour,11.283791670955125,37331.38,78.56,-19.8,-6.6,0.982,-1.4,1.4,2.0,-8.0,-17.5,1.082,21,3,0,0,3
68.3,23,isocontour,11.283791670955125,38600.92,81.23,-20.0,6.0,0.982,-2.0,-0.6,2.1,-15.6,12.0,1.05,25,3,0,0,3
68.3,24,isocontour,11.283791670955125,35841.77,75.42,0.3,-20.8,0.988,-3.0,-0.4,3.0,-7.9,-17.3,1.093,21,2,0,0,2
68.3,25,isocontour,11.283791670955125,34472.31,72.54,-15.5,12.0,1.058,1.7,-0.3,1.7,-15.5,12.0,1.05,25,3,0,0,3
68.3,Target,,,,,0.0,0.0,4.023,0.0,0.0,,,,,,,,,
68.4,1,isocontour,11.283791670955125,33847.75,71.23,19.8,6.3,0.988,-0.4,-3.0,3.0,17.2,-8.0,1.097,6,6,0,0,6
68.4,2,isocontour,11.283791670955125,32690.31,68.79,9.6,18.4,0.991,1.2,0.6,1.3,17.3,-7.9,1.092,6,3,0,0,3
68.4,3,isocontour,11.283791670955125,33995.41,71.54,14.9,14.5,0.989,-1.1,-0.2,1.1,17.2,-8.0,1.097,6,5,0,0,5
68.4,4,isocontour,11.283791670955125,37019.1,77.9,18.6,5.7,1.065,1.1,-2.5,2.7,17.2,-8.0,1.097,6,6,0,0,6
68.4,5,isocontour,11.283791670955125,35232.57,74.14,18.3,6.4,1.072,0.3,0.2,0.4,17.2,-8.0,1.097,6,6,0,0,6
68.4,6,isocontour,11.283791670955125,36845.89,77.54,17.0,-7.9,1.108,-3.4,-1.2,3.6,17.2,-8.0,1.097,6,5,0,0,5
68.4,7,isocontour,11.283791670955125,35302.51,74.29,-16.4,12.5,0.995,2.6,0.6,2.7,-15.5,12.0,1.058,25,3,0,0,3
68.4,8,isocontour,11.283791670955125,36864.52,77.58,17.9,-7.8,1.06,0.8,-0.4,0.9,17.2,-8.0,1.097,6,5,0,0,5
68.4,9,isocontour,11.283791670955125,34997.07,73.65,20.9,-0.5,0.98,2.2,2.5,3.3,17.2,-8.0,1.097,6,6,0,0,6
68.4,10,isocontour,11.283791670955125,34812.18,73.26,13.8,-15.5,0.99,-2.0,0.2,2.0,17.2,-8.0,1.097,6,4,0,0,4
68.4,11,isocontour,11.283791670955125,36197.98,76.17,-19.1,-5.8,1.037,-0.3,0.9,0.9,-7.9,-17.3,1.093,21,3,0,0,3
68.4,12,isocontour,11.283791670955125,35046.83,73.75,-16.1,-13.3,0.986,-0.6,2.1,2.2,-7.7,-17.3,1.097,21,3,0,0,3
68.4,13,isocontour,11.283791670955125,33890.95,71.32,20.5,-2.7,0.994,1.4,1.9,2.4,17.2,-8.0,1.097,6,6,0,0,6
68.4,14,isocontour,11.283791670955125,34254.13,72.08,12.5,-16.4,0.998,1.1,0.2,1.1,17.2,-8.0,1.097,6,4,0,0,4
68.4,15,isocontour,11.283791670955125,33400.6,70.29,-0.1,20.7,0.996,-2.6,0.4,2.6,18.0,6.5,1.085,5,2,0,0,2
68.4,16,isocontour,11.283791670955125,46708.63,98.29,-24.9,22.4,0.497,0.4,0.8,0.9,-24.9,22.4,0.502,16,0,0,0,0
68.4,17,isocontour,11.283791670955125,33862.3,71.26,16.5,12.6,0.99,1.9,-2.3,3.0,17.2,-8.0,1.097,6,5,0,0,5
68.4,18,isocontour,11.283791670955125,38757.0,81.56,-9.8,18.4,0.985,2.3,1.4,2.7,18.0,6.5,1.085,5,3,0,0,3
68.4,19,isocontour,11.283791670955125,35205.45,74.09,-20.7,1.3,0.992,0.0,-1.2,1.2,-8.0,-17.5,1.082,21,3,0,0,3
68.4,20,isocontour,11.283791670955125,35140.75,73.95,7.2,-19.5,0.985,-0.4,-0.5,0.6,17.2,-8.0,1.097,6,3,0,0,3
68.4,21,isocontour,11.283791670955125,34163.71,71.89,-7.4,-17.4,1.1,2.8,-0.8,2.9,-7.4,-17.4,1.097,21,2,0,0,2
68.4,22,isocontour,11.283791670955125,37329.99,78.56,-19.8,-6.5,0.985,0.6,0.8,1.0,-7.9,-17.3,1.093,21,3,0,0,3
68.4,23,isocontour,11.283791670955125,38600.75,81.23,-20.0,5.9,0.982,0.3,-0.4,0.5,-8.0,-17.5,1.082,21,3,0,0,3
68.4,24,isocontour,11.283791670955125,35808.99,75.36,0.0,-20.8,0.991,-2.9,0.5,2.9,-7.7,-17.3,1.097,21,2,0,0,2
68.4,25,isocontour,11.283791670955125,34460.57,72.52,-15.3,12.1,1.063,1.7,1.2,2.1,-15.3,12.1,1.058,25,3,0,0,3
68.4,Target,,,,,0.0,0.0,4.023,0.0,0.0,,,,,,,,,
68.5,1,isocontour,11.283791670955125,33845.95,71.22,19.7,6.3,0.994,-1.1,-0.3,1.1,17.2,-8.0,1.097,6,6,0,0,6
68.5,2,isocontour,11.283791670955125,32687.03,68.79,9.7,18.4,0.985,1.2,0.6,1.3,17.2,-8.0,1.097,6,3,0,0,3
68.5,3,isocontour,11.283791670955125,33987.76,71.52,14.7,14.6,0.994,-1.7,0.6,1.8,17.2,-8.0,1.097,6,5,0,0,5
68.5,4,isocontour,11.283791670955125,37015.82,77.9,18.6,5.6,1.07,-0.7,-1.2,1.4,17.2,-8.0,1.097,6,6,0,0,6
68.5,5,isocontour,11.283791670955125,35202.37,74.08,18.3,6.1,1.074,0.3,-2.9,2.9,17.2,-8.0,1.097,6,6,0,0,6
68.5,6,isocontour,11.283791670955125,36824.16,77.49,16.8,-8.1,1.115,-1.7,-1.9,2.5,16.8,-8.1,1.108,6,5,0,0,5
68.5,7,isocontour,11.283791670955125,35301.75,74.29,-16.4,12.6,0.993,-0.0,0.8,0.8,18.0,6.5,1.085,5,3,0,0,3
68.5,8,isocontour,11.283791670955125,36861.17,77.57,17.8,-7.9,1.064,-1.2,-0.7,1.4,17.0,-7.9,1.108,6,5,0,0,5
68.5,9,isocontour,11.283791670955125,34997.03,73.65,21.0,-0.5,0.978,0.0,-0.3,0.3,17.0,-7.9,1.108,6,6,0,0,6
68.5,10,isocontour,11.283791670955125,34809.5,73.25,13.8,-15.5,0.99,1.2,0.5,1.3,17.0,-7.9,1.108,6,4,0,0,4
68.5,11,isocontour,11.283791670955125,36174.17,76.12,-19.0,-5.6,1.042,0.3,2.6,2.6,-7.7,-17.3,1.097,21,3,0,0,3
68.5,12,isocontour,11.283791670955125,35043.26,73.74,-16.0,-13.2,0.993,0.9,1.1,1.4,-7.4,-17.4,1.1,21,3,0,0,3
68.5,13,isocontour,11.283791670955125,33887.75,71.31,20.7,-2.6,0.986,1.4,0.1,1.4,17.0,-7.9,1.108,6,6,0,0,6
68.5,14,isocontour,11.283791670955125,34239.7,72.05,12.7,-16.5,0.988,2.0,-1.0,2.2,17.0,-7.9,1.108,6,4,0,0,4
68.5,15,isocontour,11.283791670955125,33399.69,70.29,-0.2,20.7,0.994,-0.8,0.4,0.9,17.3,-7.9,1.092,6,2,0,0,2
68.5,16,isocontour,11.283791670955125,46707.54,98.29,-24.9,22.5,0.496,0.5,0.8,0.9,-24.9,22.5,0.502,16,0,0,0,0
68.5,17,isocontour,11.283791670955125,33859.92,71.25,16.5,12.7,0.985,0.5,1.1,1.2,17.2,-8.0,1.097,6,5,0,0,5
68.5,18,isocontour,11.283791670955125,38738.39,81.52,-9.6,18.4,0.993,2.4,-0.6,2.5,18.0,6.5,1.085,5,3,0,0,3
68.5,19,isocontour,11.283791670955125,35204.97,74.08,-20.7,1.3,0.99,-0.5,0.5,0.7,-7.9,-17.3,1.093,21,3,0,0,3
68.5,20,isocontour,11.283791670955125,35136.78,73.94,7.3,-19.5,0.989,0.8,1.2,1.4,17.2,-8.0,1.097,6,3,0,0,3
68.5,21,isocontour,11.283791670955125,34161.55,71.89,-7.3,-17.5,1.098,0.9,-0.8,1.2,-7.3,-17.5,1.1,21,2,0,0,2
68.5,22,isocontour,11.283791670955125,37328.19,78.55,-19.7,-6.4,0.991,0.8,0.8,1.1,-7.7,-17.3,1.097,21,3,0,0,3
68.5,23,isocontour,11.283791670955125,38597.68,81.22,-19.9,6.0,0.988,1.3,0.4,1.4,-8.0,-17.5,1.082,21,3,0,0,3
68.5,24,isocontour,11.283791670955125,35808.53,75.35,0.0,-20.7,0.992,0.7,0.1,0.7,-7.4,-17.4,1.1,21,2,0,0,2
68.5,25,isocontour,11.283791670955125,34442.63,72.48,-15.4,12.2,1.051,-1.7,1.7,2.4,18.0,6.5,1.085,5,3,0,0,3
68.5,Target,,,,,0.0,0.0,4.023,0.0,0.0,,,,,,,,,
68.6,1,isocontour,11.283791670955125,33813.83,71.16,19.8,6.0,0.994,1.1,-2.7,2.9,17.0,-7.9,1.108,6,6,0,0,6
68.6,2,isocontour,11.283791670955125,32600.1,68.6,9.4,18.5,0.993,-4.1,0.2,4.1,17.2,-8.0,1.097,6,3,0,0,3
68.6,3,isocontour,11.283791670955125,33978.06,71.5,14.7,14.7,0.989,-0.2,1.9,1.9,17.2,-8.0,1.097,6,5,0,0,5
68.6,4,isocontour,11.283791670955125,37013.39,77.89,18.5,5.6,1.074,-0.9,0.8,1.2,17.0,-7.9,1.108,6,6,0,0,6
68.6,5,isocontour,11.283791670955125,35201.61,74.08,18.3,6.2,1.075,-0.2,0.8,0.8,17.0,-7.9,1.108,6,6,0,0,6
68.6,6,isocontour,11.283791670955125,36823.23,77.49,16.8,-8.2,1.114,-0.2,-0.9,0.9,16.8,-8.2,1.115,6,5,0,0,5
68.6,7,isocontour,11.283791670955125,35287.13,74.26,-16.6,12.8,0.982,-1.7,1.4,2.2,18.0,6.5,1.085,5,3,0,0,3
68.6,8,isocontour,11.283791670955125,36827.39,77.5,17.6,-8.1,1.07,-2.1,-2.1,3.0,16.8,-8.1,1.115,6,5,0,0,5
68.6,9,isocontour,11.283791670955125,34995.67,73.64,20.9,-0.4,0.982,-0.8,0.6,1.0,16.8,-8.1,1.115,6,6,0,0,6
68.6,10,isocontour,11.283791670955125,34760.31,73.15,14.1,-15.3,0.985,3.0,1.5,3.4,16.8,-8.1,1.115,6,4,0,0,4
68.6,11,isocontour,11.283791670955125,36156.45,76.09,-19.0,-5.8,1.04,0.1,-2.4,2.4,-7.4,-17.4,1.1,21,3,0,0,3
68.6,12,isocontour,11.283791670955125,35040.26,73.74,-15.9,-13.3,0.992,0.4,-1.3,1.4,-7.4,-17.4,1.1,21,3,0,0,3
68.6,13,isocontour,11.283791670955125,33812.9,71.16,20.8,-2.3,0.982,1.2,3.7,3.9,16.8,-8.1,1.115,6,6,0,0,6
68.6,14,isocontour,11.283791670955125,34235.23,72.04,12.6,-16.5,0.988,-1.4,-0.5,1.5,16.8,-8.1,1.115,6,4,0,0,4
68.6,15,isocontour,11.283791670955125,33369.18,70.22,0.0,20.7,0.992,2.9,0.4,2.9,17.2,-8.0,1.097,6,2,0,0,2
68.6,16,isocontour,11.283791670955125,46706.44,98.29,-24.9,22.4,0.497,-0.3,-0.9,0.9,-24.9,22.4,0.502,16,0,0,0,0
68.6,17,isocontour,11.283791670955125,33858.26,71.25,16.6,12.7,0.981,1.1,-0.2,1.1,17.2,-8.0,1.097,6,5,0,0,5
68.6,18,isocontour,11.283791670955125,38726.14,81.49,-9.7,18.4,0.986,-1.9,0.9,2.1,17.3,-7.9,1.092,6,3,0,0,3
68.6,19,isocontour,11.283791670955125,35118.67,73.9,-20.9,1.6,0.98,-1.9,3.6,4.1,-7.7,-17.3,1.097,21,3,0,0,3
68.6,20,isocontour,11.283791670955125,35133.06,73.93,7.3,-19.3,0.997,-0.4,1.4,1.5,17.0,-7.9,1.108,6,3,0,0,3
68.6,21,isocontour,11.283791670955125,34130.72,71.82,-7.5,-17.3,1.101,-2.3,1.8,2.9,-7.4,-17.4,1.1,21,2,0,0,2
68.6,22,isocontour,11.283791670955125,37324.69,78.55,-19.7,-6.3,0.994,0.2,1.4,1.4,-7.4,-17.4,1.1,21,3,0,0,3
68.6,23,isocontour,11.283791670955125,38594.88,81.22,-19.8,6.0,0.994,1.2,0.4,1.3,-7.9,-17.3,1.093,21,3,0,0,3
68.6,24,isocontour,11.283791670955125,35793.52,75.32,-0.1,-20.9,0.984,-1.4,-1.8,2.3,-7.4,-17.4,1.1,21,2,0,0,2
68.6,25,isocontour,11.283791670955125,34428.76,72.45,-15.4,12.4,1.045,0.7,2.1,2.2,18.0,6.5,1.085,5,3,0,0,3
68.6,Target,,,,,0.0,0.0,4.023,0.0,0.0,,,,,,,,,
68.7,1,isocontour,11.283791670955125,33812.04,71.15,19.9,6.0,0.989,1.1,-0.1,1.1,16.8,-8.1,1.115,6,6,0,0,6
68.7,2,isocontour,11.283791670955125,32572.64,68.55,9.6,18.4,0.989,2.8,-0.3,2.8,17.2,-8.0,1.097,6,3,0,0,3
68.7,3,isocontour,11.283791670955125,33922.53,71.39,14.9,14.6,0.987,2.6,-2.4,3.5,17.0,-7.9,1.108,6,5,0,0,5
68.7,4,isocontour,11.283791670955125,37012.6,77.89,18.5,5.7,1.073,0.1,0.8,0.8,16.8,-8.1,1.115,6,6,0,0,6
68.7,5,isocontour,11.283791670955125,35179.11,74.03,18.4,6.4,1.067,0.7,2.5,2.6,16.8,-8.1,1.115,6,6,0,0,6
68.7,6,isocontour,11.283791670955125,36822.41,77.49,16.8,-8.3,1.111,0.2,-0.8,0.8,16.8,-8.1,1.115,6,5,0,0,5
68.7,7,isocontour,11.283791670955125,35281.1,74.24,-16.7,12.7,0.976,-1.6,-0.4,1.6,-7.9,-17.3,1.093,21,3,0,0,3
68.7,8,isocontour,11.283791670955125,36799.92,77.44,17.5,-8.3,1.071,-1.2,-2.5,2.8,16.8,-8.1,1.115,6,5,0,0,5
68.7,9,isocontour,11.283791670955125,34994.5,73.64,20.8,-0.4,0.986,-0.8,0.6,1.0,16.8,-8.1,1.115,6,6,0,0,6
68.7,10,isocontour,11.283791670955125,34737.03,73.1,13.9,-15.4,0.989,-2.5,-0.9,2.7,16.8,-8.1,1.115,6,4,0,0,4
68.7,11,isocontour,11.283791670955125,36125.3,76.02,-18.9,-6.0,1.04,1.0,-2.7,2.9,-7.4,-17.4,1.1,21,3,0,0,3
68.7,12,isocontour,11.283791670955125,34889.26,73.42,-15.7,-13.6,0.988,2.6,-4.2,4.9,-7.5,-17.3,1.101,21,3,0,0,3
68.7,13,isocontour,11.283791670955125,33789.63,71.11,20.7,-2.1,0.985,-0.6,2.6,2.7,16.8,-8.1,1.115,6,6,0,0,6
68.7,14,isocontour,11.283791670955125,34212.48,72.0,12.4,-16.6,0.994,-2.5,-0.6,2.6,16.8,-8.1,1.115,6,4,0,0,4
68.7,15,isocontour,11.283791670955125,33346.68,70.17,-0.2,20.8,0.99,-2.6,0.3,2.6,17.2,-8.0,1.097,6,2,0,0,2
68.7,16,isocontour,11.283791670955125,46705.34,98.29,-24.9,22.3,0.498,-0.2,-0.9,0.9,-24.9,22.3,0.502,16,0,0,0,0
68.7,17,isocontour,11.283791670955125,33856.51,71.25,16.6,12.7,0.985,-1.0,-0.4,1.1,17.0,-7.9,1.108,6,5,0,0,5
68.7,18,isocontour,11.283791670955125,38666.26,81.37,-9.4,18.5,0.99,3.6,0.5,3.6,17.2,-8.0,1.097,6,3,0,0,3
68.7,19,isocontour,11.283791670955125,35116.11,73.9,-20.9,1.6,0.978,-0.0,-1.3,1.3,-7.4,-17.4,1.1,21,3,0,0,3
68.7,20,isocontour,11.283791670955125,35131.62,73.93,7.3,-19.2,0.999,0.8,0.6,1.0,16.8,-8.1,1.115,6,3,0,0,3
68.7,21,isocontour,11.283791670955125,34105.83,71.77,-7.7,-17.2,1.101,-2.6,0.8,2.7,-7.7,-17.2,1.101,21,2,0,0,2
68.7,22,isocontour,11.283791670955125,37300.34,78.49,-19.9,-6.3,0.983,-2.7,-0.2,2.7,-7.4,-17.4,1.1,21,3,0,0,3
68.7,23,isocontour,11.283791670955125,38593.82,81.22,-19.7,6.1,0.996,0.5,0.8,0.9,-7.7,-17.3,1.097,21,3,0,0,3
68.7,24,isocontour,11.283791670955125,35789.3,75.31,-0.0,-21.0,0.976,0.7,-1.3,1.5,17.0,-7.9,1.108,6,2,0,0,2
68.7,25,isocontour,11.283791670955125,34426.87,72.45,-15.5,12.4,1.044,-0.7,-0.9,1.1,-7.9,-17.3,1.093,21,3,0,0,3
68.7,Target,,,,,0.0,0.0,4.023,0.0,0.0,,,,,,,,,
68.8,1,isocontour,11.283791670955125,33811.25,71.15,19.9,6.0,0.992,-0.8,-0.1,0.8,16.8,-8.1,1.115,6,6,0,0,6
68.8,2,isocontour,11.283791670955125,32546.33,68.49,9.4,18.5,0.989,-2.5,1.1,2.7,17.0,-7.9,1.108,6,3,0,0,3
68.8,3,isocontour,11.283791670955125,33913.12,71.37,15.0,14.4,0.988,1.1,-1.6,1.9,16.8,-8.1,1.115,6,5,0,0,5
68.8,4,isocontour,11.283791670955125,37012.21,77.89,18.5,5.8,1.071,0.2,0.6,0.6,16.8,-8.1,1.115,6,6,0,0,6
68.8,5,isocontour,11.283791670955125,35163.09,74.0,18.6,6.4,1.055,2.3,-0.1,2.3,16.8,-8.1,1.115,6,6,0,0,6
68.8,6,isocontour,11.283791670955125,36801.18,77.44,16.7,-8.5,1.113,-1.6,-2.0,2.6,16.8,-8.1,1.115,6,5,0,0,5
68.8,7,isocontour,11.283791670955125,35271.4,74.22,-16.7,12.6,0.983,1.1,-1.6,1.9,17.2,-8.0,1.097,6,3,0,0,3
68.8,8,isocontour,11.283791670955125,36797.72,77.44,17.4,-8.4,1.074,-1.0,-0.6,1.2,16.8,-8.1,1.115,6,5,0,0,5
68.8,9,isocontour,11.283791670955125,34972.52,73.6,20.8,-0.2,0.991,-0.8,2.4,2.5,16.8,-8.1,1.115,6,6,0,0,6
68.8,10,isocontour,11.283791670955125,34732.11,73.09,13.8,-15.5,0.988,-0.9,-1.3,1.6,16.8,-8.1,1.115,6,4,0,0,4
68.8,11,isocontour,11.283791670955125,36122.98,76.02,-18.9,-6.1,1.043,0.8,-0.9,1.2,-7.5,-17.3,1.101,21,3,0,0,3
68.8,12,isocontour,11.283791670955125,34881.97,73.4,-15.5,-13.6,0.995,1.6,0.9,1.8,-7.5,-17.3,1.101,21,3,0,0,3
68.8,13,isocontour,11.283791670955125,33766.61,71.06,20.7,-1.8,0.99,-0.6,2.5,2.6,16.8,-8.1,1.115,6,6,0,0,6
68.8,14,isocontour,11.283791670955125,34182.28,71.93,12.6,-16.5,0.99,2.7,0.9,2.8,16.8,-8.1,1.115,6,4,0,0,4
68.8,15,isocontour,11.283791670955125,33345.84,70.17,-0.3,20.8,0.99,-0.9,-0.0,0.9,17.2,-8.0,1.097,6,2,0,0,2
68.8,16,isocontour,11.283791670955125,46704.24,98.28,-24.9,22.4,0.497,-0.1,0.9,0.9,-24.9,22.4,0.502,16,0,0,0,0
68.8,17,isocontour,11.283791670955125,33840.08,71.21,16.4,12.6,0.995,-2.3,-0.1,2.3,16.8,-8.1,1.115,6,5,0,0,5
68.8,18,isocontour,11.283791670955125,38665.55,81.37,-9.5,18.5,0.989,-0.8,0.2,0.8,17.2,-8.0,1.097,6,3,0,0,3
68.8,19,isocontour,11.283791670955125,35112.31,73.89,-20.8,1.6,0.985,1.4,0.2,1.4,-7.4,-17.4,1.1,21,3,0,0,3
68.8,20,isocontour,11.283791670955125,35099.82,73.86,7.1,-19.3,0.999,-2.7,-1.2,3.0,16.8,-8.1,1.115,6,3,0,0,3
68.8,21,isocontour,11.283791670955125,34103.02,71.77,-7.8,-17.1,1.105,-0.6,1.2,1.3,17.0,-7.9,1.108,6,2,0,0,2
68.8,22,isocontour,11.283791670955125,37291.08,78.47,-20.1,-6.4,0.973,-1.2,-1.5,1.9,-7.5,-17.3,1.101,21,3,0,0,3
68.8,23,isocontour,11.283791670955125,38571.32,81.17,-19.8,5.9,0.994,-1.0,-2.4,2.6,-7.4,-17.4,1.1,21,3,0,0,3
68.8,24,isocontour,11.283791670955125,35787.36,75.31,0.1,-21.0,0.978,1.0,0.6,1.2,16.8,-8.1,1.115,6,2,0,0,2
68.8,25,isocontour,11.283791670955125,34424.66,72.44,-15.5,12.3,1.048,-0.1,-1.2,1.2,17.2,-8.0,1.097,6,3,0,0,3
68.8,Target,,,,,0.0,0.0,4.023,0.0,0.0,,,,,,,,,
68.9,1,isocontour,11.283791670955125,33785.79,71.1,20.1,5.9,0.981,2.7,-0.5,2.7,16.8,-8.1,1.115,6,6,0,0,6
68.9,2,isocontour,11.283791670955125,32522.79,68.44,9.5,18.4,0.993,1.8,-1.9,2.6,16.8,-8.1,1.115,6,3,0,0,3
68.9,3,isocontour,11.283791670955125,33910.74,71.36,15.1,14.3,0.991,0.4,-1.1,1.2,16.8,-8.1,1.115,6,5,0,0,5
68.9,4,isocontour,11.283791670955125,37011.79,77.89,18.5,5.8,1.071,-0.2,0.7,0.7,16.8,-8.1,1.115,6,6,0,0,6
68.9,5,isocontour,11.283791670955125,35151.18,73.97,18.5,6.5,1.058,-1.6,1.4,2.1,16.8,-8.1,1.115,6,6,0,0,6
68.9,6,isocontour,11.283791670955125,36781.4,77.4,16.7,-8.3,1.114,1.0,2.3,2.5,16.8,-8.1,1.115,6,5,0,0,5
68.9,7,isocontour,11.283791670955125,35250.42,74.18,-16.5,12.4,0.997,1.6,-2.0,2.6,-7.4,-17.4,1.1,21,3,0,0,3
68.9,8,isocontour,11.283791670955125,36786.14,77.41,17.4,-8.2,1.08,-0.1,2.1,2.1,16.8,-8.1,1.115,6,5,0,0,5
68.9,9,isocontour,11.283791670955125,34970.31,73.59,20.8,-0.2,0.991,0.1,-1.2,1.2,16.8,-8.1,1.115,6,6,0,0,6
68.9,10,isocontour,11.283791670955125,34730.36,73.09,13.7,-15.5,0.992,-1.1,0.2,1.1,16.8,-8.1,1.115,6,4,0,0,4
68.9,11,isocontour,11.283791670955125,36120.31,76.01,-18.8,-6.2,1.047,0.9,-0.9,1.3,-7.5,-17.3,1.101,21,3,0,0,3
68.9,12,isocontour,11.283791670955125,34880.97,73.4,-15.5,-13.7,0.994,-0.0,-0.9,0.9,17.0,-7.9,1.108,6,3,0,0,3
68.9,13,isocontour,11.283791670955125,33729.69,70.98,20.7,-2.0,0.99,-0.1,-3.1,3.1,16.8,-8.1,1.115,6,6,0,0,6
68.9,14,isocontour,11.283791670955125,34168.97,71.9,12.8,-16.5,0.984,2.2,0.2,2.2,16.8,-8.1,1.115,6,4,0,0,4
68.9,15,isocontour,11.283791670955125,33344.4,70.17,-0.2,20.8,0.99,1.0,-0.1,1.0,17.0,-7.9,1.108,6,2,0,0,2
68.9,16,isocontour,11.283791670955125,46703.14,98.28,-24.9,22.3,0.499,0.6,-0.7,0.9,-24.9,22.3,0.502,16,0,0,0,0
68.9,17,isocontour,11.283791670955125,33818.6,71.17,16.2,12.8,0.996,-1.5,2.1,2.6,16.8,-8.1,1.115,6,5,0,0,5
68.9,18,isocontour,11.283791670955125,38641.47,81.32,-9.3,18.6,0.991,2.6,0.8,2.7,17.2,-8.0,1.097,6,3,0,0,3
68.9,19,isocontour,11.283791670955125,35090.33,73.84,-20.7,1.8,0.989,0.8,2.5,2.6,-7.5,-17.3,1.101,21,3,0,0,3
68.9,20,isocontour,11.283791670955125,35087.57,73.84,6.9,-19.4,0.999,-2.0,-0.6,2.1,16.8,-8.1,1.115,6,3,0,0,3
68.9,21,isocontour,11.283791670955125,34099.45,71.76,-7.9,-17.1,1.102,-1.4,-0.0,1.4,16.8,-8.1,1.115,6,2,0,0,2
68.9,22,isocontour,11.283791670955125,37281.82,78.46,-19.9,-6.5,0.979,1.9,-0.5,2.0,-7.5,-17.3,1.101,21,3,0,0,3
68.9,23,isocontour,11.283791670955125,38554.89,81.13,-19.9,5.7,0.994,-0.7,-2.2,2.3,-7.4,-17.4,1.1,21,3,0,0,3
68.9,24,isocontour,11.283791670955125,35756.21,75.24,0.3,-20.9,0.981,2.8,0.6,2.9,16.8,-8.1,1.115,6,2,0,0,2
68.9,25,isocontour,11.283791670955125,34410.8,72.41,-15.5,12.1,1.055,-0.0,-2.2,2.2,-7.4,-17.4,1.1,21,3,0,0,3
68.9,Target,,,,,0.0,0.0,4.023,0.0,0.0,,,,,,,,,
69.0,1,isocontour,11.283791670955125,33762.25,71.05,20.1,6.1,0.975,0.2,2.6,2.6,16.8,-8.1,1.115,6,6,0,0,6
69.0,2,isocontour,11.283791670955125,32506.57,68.41,9.4,18.4,0.996,-2.2,0.6,2.3,16.8,-8.1,1.115,6,3,0,0,3
69.0,3,isocontour,11.283791670955125,33908.43,71.36,15.1,14.2,0.992,0.8,-0.9,1.2,16.8,-8.1,1.115,6,5,0,0,5
69.0,4,isocontour,11.283791670955125,37011.34,77.89,18.4,5.9,1.071,-0.3,0.6,0.7,16.8,-8.1,1.115,6,6,0,0,6
69.0,5,isocontour,11.283791670955125,35148.69,73.97,18.3,6.6,1.063,-1.1,0.5,1.2,16.8,-8.1,1.115,6,6,0,0,6
69.0,6,isocontour,11.283791670955125,36776.1,77.39,16.8,-8.2,1.114,0.8,1.4,1.6,16.8,-8.1,1.115,6,5,0,0,5
69.0,7,isocontour,11.283791670955125,35242.38,74.16,-16.6,12.5,0.99,-1.6,1.0,1.9,-7.4,-17.4,1.1,21,3,0,0,3
69.0,8,isocontour,11.283791670955125,36762.07,77.36,17.3,-8.0,1.089,-0.5,2.6,2.6,16.8,-8.1,1.115,6,5,0,0,5
69.0,9,isocontour,11.283791670955125,34967.99,73.59,20.8,-0.3,0.988,0.6,-1.1,1.3,16.8,-8.1,1.115,6,6,0,0,6
69.0,10,isocontour,11.283791670955125,34727.74,73.08,13.8,-15.5,0.99,1.2,0.4,1.3,16.8,-8.1,1.115,6,4,0,0,4
69.0,11,isocontour,11.283791670955125,36092.55,75.95,-18.7,-6.5,1.047,0.9,-2.6,2.8,17.0,-7.9,1.108,6,3,0,0,3
69.0,12,isocontour,11.283791670955125,34863.25,73.37,-15.4,-13.9,0.991,1.2,-2.1,2.4,16.8,-8.1,1.115,6,3,0,0,3
69.0,13,isocontour,11.283791670955125,33728.45,70.98,20.7,-2.1,0.988,0.2,-1.0,1.0,16.8,-8.1,1.115,6,6,0,0,6
69.0,14,isocontour,11.283791670955125,34142.38,71.85,12.7,-16.7,0.978,-1.3,-2.4,2.7,16.8,-8.1,1.115,6,4,0,0,4
69.0,15,isocontour,11.283791670955125,33335.42,70.15,-0.1,20.9,0.983,0.9,1.7,1.9,16.8,-8.1,1.115,6,2,0,0,2
69.0,16,isocontour,11.283791670955125,46702.04,98.28,-24.8,22.3,0.5,0.9,0.4,1.0,-24.8,22.3,0.502,16,0,0,0,0
69.0,17,isocontour,11.283791670955125,33814.39,71.16,16.2,12.9,0.989,0.9,1.2,1.5,16.8,-8.1,1.115,6,5,0,0,5
69.0,18,isocontour,11.283791670955125,38615.17,81.26,-9.0,18.7,0.99,2.4,1.3,2.7,17.0,-7.9,1.108,6,3,0,0,3
69.0,19,isocontour,11.283791670955125,35067.83,73.8,-20.6,2.0,0.992,0.8,2.5,2.6,-7.5,-17.3,1.101,21,3,0,0,3
69.0,20,isocontour,11.283791670955125,35009.82,73.67,6.6,-19.5,0.998,-3.7,-1.5,4.0,16.8,-8.1,1.115,6,3,0,0,3
69.0,21,isocontour,11.283791670955125,34071.99,71.7,-8.1,-17.0,1.103,-2.4,1.5,2.8,16.8,-8.1,1.115,6,2,0,0,2
69.0,22,isocontour,11.283791670955125,37268.14,78.43,-19.7,-6.5,0.99,2.2,-0.1,2.2,17.0,-7.9,1.108,6,3,0,0,3
69.0,23,isocontour,11.283791670955125,38438.46,80.89,-20.1,5.3,0.989,-2.1,-4.0,4.5,-7.5,-17.3,1.101,21,3,0,0,3
69.0,24,isocontour,11.283791670955125,35725.7,75.18,0.6,-20.9,0.984,2.8,0.5,2.8,16.8,-8.1,1.115,6,2,0,0,2
69.0,25,isocontour,11.283791670955125,34378.35,72.35,-15.7,11.9,1.053,-2.2,-2.0,3.0,-7.4,-17.4,1.1,21,3,0,0,3
69.0,Target,,,,,0.0,0.0,4.023,0.0,0.0,,,,,,,,,
69.1,1,isocontour,11.283791670955125,33750.17,71.02,20.0,6.1,0.984,-2.1,-0.4,2.1,16.8,-8.1,1.115,6,6,0,0,6
69.1,2,isocontour,11.283791670955125,32474.77,68.34,9.2,18.6,0.992,-2.1,2.0,2.9,16.8,-8.1,1.115,6,3,0,0,3
69.1,3,isocontour,11.283791670955125,33885.41,71.31,15.4,14.2,0.981,2.5,0.7,2.6,16.8,-8.1,1.115,6,5,0,0,5
69.1,4,isocontour,11.283791670955125,36992.27,77.85,18.4,6.1,1.069,-0.4,2.4,2.4,16.8,-8.1,1.115,6,6,0,0,6
69.1,5,isocontour,11.283791670955125,35145.95,73.96,18.2,6.6,1.069,-1.2,0.4,1.3,16.8,-8.1,1.115,6,6,0,0,6
69.1,6,isocontour,11.283791670955125,36774.62,77.39,16.8,-8.0,1.116,-0.0,1.0,1.0,16.8,-8.1,1.115,6,5,0,0,5
69.1,7,isocontour,11.283791670955125,35241.1,74.16,-16.6,12.4,0.992,0.1,-1.0,1.0,17.0,-7.9,1.108,6,4,0,0,4
69.1,8,isocontour,11.283791670955125,36760.58,77.36,17.4,-8.0,1.086,0.3,-1.0,1.0,16.8,-8.1,1.115,6,5,0,0,5
69.1,9,isocontour,11.283791670955125,34903.02,73.45,20.8,-0.7,0.989,-0.5,-3.7,3.7,16.8,-8.1,1.115,6,6,0,0,6
69.1,10,isocontour,11.283791670955125,34709.13,73.04,14.0,-15.4,0.984,2.4,0.5,2.5,16.8,-8.1,1.115,6,4,0,0,4
69.1,11,isocontour,11.283791670955125,36091.55,75.95,-18.6,-6.4,1.05,0.4,0.8,0.9,16.8,-8.1,1.115,6,3,0,0,3
69.1,12,isocontour,11.283791670955125,34852.8,73.34,-15.6,-13.8,0.986,-1.9,0.7,2.0,16.8,-8.1,1.115,6,3,0,0,3
69.1,13,isocontour,11.283791670955125,33708.91,70.94,20.6,-2.0,0.996,-1.5,2.0,2.5,16.8,-8.1,1.115,6,6,0,0,6
69.1,14,isocontour,11.283791670955125,34123.54,71.81,12.5,-16.7,0.984,-2.5,0.0,2.5,16.8,-8.1,1.115,6,4,0,0,4
69.1,15,isocontour,11.283791670955125,33301.29,70.08,0.1,20.8,0.986,2.8,-1.1,3.0,16.8,-8.1,1.115,6,2,0,0,2
69.1,16,isocontour,11.283791670955125,46700.94,98.28,-24.7,22.3,0.502,0.9,-0.0,0.9,-24.7,22.3,0.502,16,0,0,0,0
69.1,17,isocontour,11.283791670955125,33768.59,71.06,16.2,13.2,0.984,-1.2,3.1,3.3,16.8,-8.1,1.115,6,5,0,0,5
69.1,18,isocontour,11.283791670955125,38614.14,81.26,-9.1,18.7,0.99,-0.9,-0.3,0.9,16.8,-8.1,1.115,6,3,0,0,3
69.1,19,isocontour,11.283791670955125,35066.39,73.79,-20.6,2.1,0.993,0.3,1.0,1.0,17.0,-7.9,1.108,6,5,0,0,5
69.1,20,isocontour,11.283791670955125,34986.81,73.63,6.3,-19.7,0.996,-2.3,-1.2,2.6,16.8,-8.1,1.115,6,3,0,0,3
69.1,21,isocontour,11.283791670955125,34044.82,71.64,-8.4,-16.9,1.102,-2.6,1.0,2.8,16.8,-8.1,1.115,6,2,0,0,2
69.1,22,isocontour,11.283791670955125,37262.73,78.41,-19.8,-6.5,0.985,-1.6,0.4,1.6,16.8,-8.1,1.115,6,3,0,0,3
69.1,23,isocontour,11.283791670955125,38437.67,80.89,-20.1,5.2,0.989,0.0,-0.8,0.8,-7.5,-17.3,1.101,21,3,0,0,3
69.1,24,isocontour,11.283791670955125,35694.55,75.11,0.9,-20.8,0.986,2.8,0.6,2.9,16.8,-8.1,1.115,6,2,0,0,2
69.1,25,isocontour,11.283791670955125,34351.18,72.29,-15.8,11.6,1.058,-0.7,-2.7,2.8,17.0,-7.9,1.108,6,4,0,0,4
69.1,Target,,,,,0.0,0.0,4.023,0.0,0.0,,,,,,,,,
69.2,1,isocontour,11.283791670955125,33717.06,70.95,19.9,5.9,0.989,0.2,-2.9,2.9,16.8,-8.1,1.115,6,6,0,0,6
69.2,2,isocontour,11.283791670955125,32472.88,68.34,9.1,18.7,0.989,-0.6,1.0,1.2,16.8,-8.1,1.115,6,3,0,0,3
69.2,3,isocontour,11.283791670955125,33884.78,71.31,15.4,14.3,0.976,0.4,0.7,0.8,16.8,-8.1,1.115,6,5,0,0,5
69.2,4,isocontour,11.283791670955125,36951.64,77.76,18.5,5.9,1.067,1.4,-2.9,3.2,16.8,-8.1,1.115,6,6,0,0,6
69.2,5,isocontour,11.283791670955125,35145.02,73.96,18.2,6.7,1.071,-0.5,0.7,0.9,16.8,-8.1,1.115,6,6,0,0,6
69.2,6,isocontour,11.283791670955125,36754.6,77.35,16.9,-7.8,1.119,0.6,2.4,2.5,16.9,-7.8,1.116,6,5,0,0,5
69.2,7,isocontour,11.283791670955125,35233.94,74.15,-16.5,12.4,0.996,1.5,0.9,1.7,16.8,-8.1,1.115,6,4,0,0,4
69.2,8,isocontour,11.283791670955125,36749.66,77.34,17.5,-7.9,1.08,1.7,1.1,2.0,16.8,-8.0,1.116,6,5,0,0,5
69.2,9,isocontour,11.283791670955125,34867.52,73.37,20.7,-0.9,0.995,-1.3,-2.8,3.1,16.8,-8.0,1.116,6,6,0,0,6
69.2,10,isocontour,11.283791670955125,34708.03,73.04,14.0,-15.5,0.981,-0.4,-0.8,0.9,16.8,-8.0,1.116,6,4,0,0,4
69.2,11,isocontour,11.283791670955125,36066.93,75.9,-18.7,-6.2,1.053,-0.5,2.6,2.6,16.8,-8.1,1.115,6,3,0,0,3
69.2,12,isocontour,11.283791670955125,34848.67,73.33,-15.7,-13.8,0.984,-1.3,0.8,1.5,16.8,-8.1,1.115,6,3,0,0,3
69.2,13,isocontour,11.283791670955125,33706.76,70.93,20.5,-2.1,0.997,-0.0,-1.2,1.2,16.8,-8.0,1.116,6,6,0,0,6
69.2,14,isocontour,11.283791670955125,34100.0,71.76,12.2,-16.8,0.99,-2.6,-0.5,2.6,16.8,-8.0,1.116,6,4,0,0,4
69.2,15,isocontour,11.283791670955125,33292.03,70.06,0.2,20.6,0.996,-0.0,-1.9,1.9,16.8,-8.1,1.115,6,2,0,0,2
69.2,16,isocontour,11.283791670955125,46699.84,98.27,-24.6,22.3,0.504,0.8,-0.5,0.9,-24.6,22.3,0.502,16,0,0,0,0
69.2,17,isocontour,11.283791670955125,33740.83,71.0,15.9,13.3,0.993,-2.8,-0.1,2.8,16.8,-8.1,1.115,6,5,0,0,5
69.2,18,isocontour,11.283791670955125,38590.6,81.21,-9.2,18.5,0.997,-1.2,-2.4,2.7,16.8,-8.1,1.115,6,3,0,0,3
69.2,19,isocontour,11.283791670955125,35040.09,73.74,-20.6,1.9,0.991,-0.7,-2.6,2.7,16.8,-8.1,1.115,6,5,0,0,5
69.2,20,isocontour,11.283791670955125,34983.81,73.62,6.4,-19.8,0.99,1.0,-0.8,1.3,16.8,-8.1,1.115,6,3,0,0,3
69.2,21,isocontour,11.283791670955125,34043.21,71.64,-8.4,-16.9,1.104,1.1,-0.1,1.1,16.8,-8.1,1.115,6,2,0,0,2
69.2,22,isocontour,11.283791670955125,37180.17,78.24,-19.9,-6.1,0.987,-0.7,4.0,4.1,16.8,-8.1,1.115,6,3,0,0,3
69.2,23,isocontour,11.283791670955125,38411.08,80.83,-20.0,5.4,0.992,1.3,2.4,2.7,17.0,-7.9,1.108,6,3,0,0,3
69.2,24,isocontour,11.283791670955125,35692.89,75.11,1.0,-20.8,0.989,1.0,0.5,1.1,16.8,-8.1,1.115,6,2,0,0,2
69.2,25,isocontour,11.283791670955125,34350.28,72.29,-15.8,11.5,1.06,-0.3,-0.8,0.9,16.8,-8.1,1.115,6,4,0,0,4
69.2,Target,,,,,0.0,0.0,4.023,0.0,0.0,,,,,,,,,
69.3,1,isocontour,11.283791670955125,33703.39,70.92,19.8,5.7,0.997,-1.2,-1.8,2.2,16.8,-8.0,1.116,6,6,0,0,6
69.3,2,isocontour,11.283791670955125,32446.0,68.28,8.9,18.8,0.99,-2.6,0.9,2.8,16.8,-8.1,1.115,6,3,0,0,3
69.3,3,isocontour,11.283791670955125,33851.33,71.24,15.4,14.0,0.986,-0.6,-2.9,3.0,16.8,-8.1,1.115,6,5,0,0,5
69.3,4,isocontour,11.283791670955125,36950.03,77.76,18.6,5.8,1.066,0.4,-1.0,1.1,16.8,-8.0,1.116,6,6,0,0,6
69.3,5,isocontour,11.283791670955125,35143.31,73.95,18.2,6.6,1.071,0.5,-1.0,1.1,16.8,-8.0,1.116,6,6,0,0,6
69.3,6,isocontour,11.283791670955125,36752.9,77.34,16.9,-7.7,1.12,0.3,1.0,1.0,16.9,-7.7,1.119,6,5,0,0,5
69.3,7,isocontour,11.283791670955125,35168.44,74.01,-16.6,12.7,0.98,-2.1,3.1,3.7,16.8,-8.1,1.115,6,3,0,0,3
69.3,8,isocontour,11.283791670955125,36729.41,77.29,17.5,-7.7,1.085,-0.1,2.5,2.5,16.9,-7.8,1.119,6,5,0,0,5
69.3,9,isocontour,11.283791670955125,34867.08,73.37,20.6,-0.9,0.995,0.1,0.7,0.7,16.9,-7.8,1.119,6,6,0,0,6
69.3,10,isocontour,11.283791670955125,34686.3,72.99,13.8,-15.6,0.984,-2.3,-1.2,2.6,16.9,-7.8,1.119,6,4,0,0,4
69.3,11,isocontour,11.283791670955125,36061.81,75.89,-18.6,-6.0,1.058,0.6,1.5,1.6,16.8,-8.1,1.115,6,3,0,0,3
69.3,12,isocontour,11.283791670955125,34843.75,73.32,-15.8,-13.7,0.982,-1.2,1.1,1.6,16.8,-8.1,1.115,6,3,0,0,3
69.3,13,isocontour,11.283791670955125,33676.87,70.87,20.5,-2.3,0.995,0.2,-2.9,2.9,16.9,-7.8,1.119,6,6,0,0,6
69.3,14,isocontour,11.283791670955125,34099.55,71.76,12.1,-16.8,0.992,-0.6,-0.4,0.7,16.9,-7.8,1.119,6,4,0,0,4
69.3,15,isocontour,11.283791670955125,33290.96,70.06,0.3,20.6,0.997,0.9,0.2,0.9,16.8,-8.1,1.115,6,2,0,0,2
69.3,16,isocontour,11.283791670955125,46698.74,98.27,-24.7,22.4,0.502,-0.7,0.7,1.0,-24.7,22.4,0.504,16,0,0,0,0
69.3,17,isocontour,11.283791670955125,33739.98,71.0,15.8,13.3,0.998,-0.9,0.0,0.9,16.8,-8.1,1.115,6,5,0,0,5
69.3,18,isocontour,11.283791670955125,38589.53,81.21,-9.2,18.5,0.994,-0.0,0.9,0.9,16.8,-8.1,1.115,6,3,0,0,3
69.3,19,isocontour,11.283791670955125,34979.71,73.61,-20.9,1.7,0.981,-2.4,-2.7,3.6,16.8,-8.1,1.115,6,5,0,0,5
69.3,20,isocontour,11.283791670955125,34972.56,73.6,6.4,-19.9,0.981,-0.2,-2.0,2.0,16.8,-8.0,1.116,6,3,0,0,3
69.3,21,isocontour,11.283791670955125,34036.52,71.63,-8.2,-16.8,1.11,1.7,0.3,1.7,16.8,-8.1,1.115,6,2,0,0,2
69.3,22,isocontour,11.283791670955125,37178.92,78.24,-19.9,-6.0,0.99,0.3,0.9,0.9,16.8,-8.1,1.115,6,3,0,0,3
69.3,23,isocontour,11.283791670955125,38407.88,80.82,-20.1,5.3,0.988,-1.2,-0.5,1.3,16.8,-8.1,1.115,6,3,0,0,3
69.3,24,isocontour,11.283791670955125,35662.06,75.05,1.3,-20.7,0.992,2.8,0.7,2.9,16.8,-8.1,1.115,6,2,0,0,2
69.3,25,isocontour,11.283791670955125,34338.87,72.26,-15.6,11.5,1.068,2.1,0.2,2.1,16.8,-8.1,1.115,6,4,0,0,4
69.3,Target,,,,,0.0,0.0,4.023,0.0,0.0,,,,,,,,,
69.4,1,isocontour,11.283791670955125,33679.58,70.87,19.9,5.9,0.992,0.7,2.6,2.7,16.9,-7.8,1.119,6,6,0,0,6
69.4,2,isocontour,11.283791670955125,32430.98,68.25,8.8,18.6,1.0,-0.3,-2.3,2.3,16.8,-8.1,1.115,6,3,0,0,3
69.4,3,isocontour,11.283791670955125,33848.72,71.23,15.4,13.9,0.989,0.6,-1.1,1.3,16.8,-8.0,1.116,6,5,0,0,5
69.4,4,isocontour,11.283791670955125,36949.16,77.75,18.6,5.8,1.066,-0.3,0.8,0.9,16.9,-7.8,1.119,6,6,0,0,6
69.4,5,isocontour,11.283791670955125,35142.52,73.95,18.2,6.7,1.068,0.3,0.8,0.9,16.9,-7.8,1.119,6,6,0,0,6
69.4,6,isocontour,11.283791670955125,36723.32,77.28,17.0,-7.5,1.119,1.4,2.5,2.9,17.0,-7.5,1.12,6,5,0,0,5
69.4,7,isocontour,11.283791670955125,35156.87,73.98,-16.6,12.9,0.975,0.9,1.9,2.1,16.8,-8.1,1.115,6,3,0,0,3
69.4,8,isocontour,11.283791670955125,36727.7,77.29,17.5,-7.6,1.089,-0.3,1.1,1.1,16.9,-7.7,1.12,6,5,0,0,5
69.4,9,isocontour,11.283791670955125,34797.29,73.23,20.8,-1.2,0.985,2.1,-3.2,3.8,16.9,-7.7,1.12,6,6,0,0,6
69.4,10,isocontour,11.283791670955125,34676.3,72.97,13.7,-15.5,0.994,-1.5,1.3,2.0,16.9,-7.7,1.12,6,4,0,0,4
69.4,11,isocontour,11.283791670955125,36057.35,75.88,-18.7,-6.1,1.053,-1.0,-1.1,1.5,16.8,-8.1,1.115,6,3,0,0,3
69.4,12,isocontour,11.283791670955125,34817.73,73.27,-15.9,-13.4,0.988,-0.7,2.6,2.7,16.8,-8.1,1.115,6,3,0,0,3
69.4,13,isocontour,11.283791670955125,33551.75,70.61,20.6,-2.8,0.988,0.8,-4.6,4.7,16.9,-7.7,1.12,6,6,0,0,6
69.4,14,isocontour,11.283791670955125,34090.29,71.74,12.2,-17.0,0.983,0.4,-1.9,1.9,16.9,-7.7,1.12,6,4,0,0,4
69.4,15,isocontour,11.283791670955125,33289.39,70.05,0.4,20.7,0.995,1.0,0.3,1.0,16.8,-8.1,1.115,6,2,0,0,2
69.4,16,isocontour,11.283791670955125,46697.64,98.27,-24.7,22.4,0.5,-0.5,0.8,0.9,-24.7,22.4,0.504,16,0,0,0,0
69.4,17,isocontour,11.283791670955125,33654.31,70.82,15.6,13.6,0.996,-2.2,3.4,4.0,16.8,-8.0,1.116,6,5,0,0,5
69.4,18,isocontour,11.283791670955125,38560.87,81.15,-9.4,18.5,0.992,-2.7,-0.9,2.8,16.8,-8.1,1.115,6,3,0,0,3
69.4,19,isocontour,11.283791670955125,34956.96,73.56,-21.0,1.4,0.977,-0.6,-2.5,2.6,16.8,-8.1,1.115,6,4,0,0,4
69.4,20,isocontour,11.283791670955125,34970.35,73.59,6.5,-20.0,0.977,1.2,-0.1,1.2,16.9,-7.8,1.119,6,3,0,0,3
69.4,21,isocontour,11.283791670955125,34026.96,71.61,-8.0,-16.8,1.117,1.9,0.3,1.9,16.8,-8.1,1.115,6,2,0,0,2
69.4,22,isocontour,11.283791670955125,37165.61,78.21,-19.7,-6.1,0.998,2.0,-0.9,2.2,16.8,-8.1,1.115,6,3,0,0,3
69.4,23,isocontour,11.283791670955125,38407.44,80.82,-20.1,5.3,0.987,-0.2,-0.7,0.7,16.8,-8.1,1.115,6,3,0,0,3
69.4,24,isocontour,11.283791670955125,35660.66,75.04,1.4,-20.7,0.993,1.0,0.2,1.0,16.8,-8.0,1.116,6,2,0,0,2
69.4,25,isocontour,11.283791670955125,34315.06,72.21,-15.4,11.5,1.079,2.6,0.3,2.6,16.8,-8.1,1.115,6,4,0,0,4
69.4,Target,,,,,0.0,0.0,4.023,0.0,0.0,,,,,,,,,
69.5,1,isocontour,11.283791670955125,33670.31,70.86,20.0,5.8,0.985,1.6,-1.1,1.9,16.9,-7.7,1.12,6,6,0,0,6
69.5,2,isocontour,11.283791670955125,32430.14,68.25,8.8,18.6,0.998,0.4,0.8,0.9,16.8,-8.0,1.116,6,3,0,0,3
69.5,3,isocontour,11.283791670955125,33828.46,71.19,15.3,14.0,0.991,-1.8,1.7,2.5,16.9,-7.8,1.119,6,5,0,0,5
69.5,4,isocontour,11.283791670955125,36922.85,77.7,18.5,6.1,1.066,-0.8,2.6,2.7,16.9,-7.7,1.12,6,6,0,0,6
69.5,5,isocontour,11.283791670955125,35115.94,73.9,18.2,6.9,1.067,-0.9,2.6,2.8,16.9,-7.7,1.12,6,6,0,0,6
69.5,6,isocontour,11.283791670955125,36700.05,77.23,16.8,-7.5,1.131,-2.6,-0.3,2.6,16.8,-7.5,1.12,6,5,0,0,5
69.5,7,isocontour,11.283791670955125,35152.91,73.97,-16.5,12.9,0.981,1.4,-0.5,1.5,16.8,-8.1,1.115,6,3,0,0,3
69.5,8,isocontour,11.283791670955125,36719.4,77.27,17.6,-7.7,1.081,1.4,-1.3,1.9,16.9,-7.7,1.12,6,5,0,0,5
69.5,9,isocontour,11.283791670955125,34794.91,73.22,21.0,-1.2,0.978,1.1,0.4,1.2,16.9,-7.7,1.12,6,6,0,0,6
69.5,10,isocontour,11.283791670955125,34674.98,72.97,13.6,-15.5,1.0,-0.7,0.7,1.0,16.9,-7.7,1.12,6,4,0,0,4
69.5,11,isocontour,11.283791670955125,36035.87,75.83,-18.8,-6.3,1.041,-1.5,-2.1,2.6,16.8,-8.1,1.115,6,3,0,0,3
69.5,12,isocontour,11.283791670955125,34808.03,73.25,-16.0,-13.3,0.987,-1.5,1.3,2.0,-8.0,-16.8,1.117,21,3,0,0,3
69.5,13,isocontour,11.283791670955125,33514.11,70.53,20.8,-2.6,0.979,2.0,2.4,3.1,16.9,-7.7,1.12,6,6,0,0,6
69.5,14,isocontour,11.283791670955125,34041.96,71.64,12.5,-17.0,0.975,3.3,0.5,3.3,16.9,-7.7,1.12,6,4,0,0,4
69.5,15,isocontour,11.283791670955125,33272.75,70.02,0.5,20.8,0.987,1.7,1.6,2.3,16.8,-8.1,1.115,6,2,0,0,2
69.5,16,isocontour,11.283791670955125,46696.54,98.27,-24.8,22.5,0.498,-0.7,0.7,1.0,-24.8,22.5,0.504,16,0,0,0,0
69.5,17,isocontour,11.283791670955125,33568.01,70.64,15.8,13.9,0.976,2.7,3.1,4.1,16.9,-7.8,1.119,6,5,0,0,5
69.5,18,isocontour,11.283791670955125,38548.79,81.12,-9.6,18.3,0.995,-1.5,-1.5,2.1,16.8,-8.1,1.115,6,3,0,0,3
69.5,19,isocontour,11.283791670955125,34928.3,73.5,-21.0,1.1,0.978,0.1,-2.8,2.8,16.8,-8.1,1.115,6,3,0,0,3
69.5,20,isocontour,11.283791670955125,34935.2,73.52,6.7,-19.8,0.981,2.4,1.8,3.0,16.9,-7.7,1.12,6,3,0,0,3
69.5,21,isocontour,11.283791670955125,34026.03,71.6,-7.9,-16.8,1.12,0.9,-0.1,0.9,-7.9,-16.8,1.117,21,2,0,0,2
69.5,22,isocontour,11.283791670955125,37163.24,78.21,-19.6,-6.1,1.004,1.2,-0.3,1.2,16.8,-8.1,1.115,6,3,0,0,3
69.5,23,isocontour,11.283791670955125,38376.28,80.76,-20.0,5.5,0.991,1.6,2.4,2.9,16.8,-8.1,1.115,6,3,0,0,3
69.5,24,isocontour,11.283791670955125,35659.78,75.04,1.3,-20.7,0.993,-0.9,-0.0,0.9,16.9,-7.8,1.119,6,2,0,0,2
69.5,25,isocontour,11.283791670955125,34298.83,72.18,-15.3,11.7,1.078,0.9,2.2,2.4,16.8,-8.1,1.115,6,3,0,0,3
69.5,Target,,,,,0.0,0.0,4.023,0.0,0.0,,,,,,,,,
69.6,1,isocontour,11.283791670955125,33656.64,70.83,20.0,6.0,0.983,-0.4,2.2,2.2,16.9,-7.7,1.12,6,6,0,0,6
69.6,2,isocontour,11.283791670955125,32350.0,68.08,8.6,18.9,0.99,-2.7,2.9,4.0,16.9,-7.8,1.119,6,3,0,0,3
69.6,3,isocontour,11.283791670955125,33827.83,71.19,15.3,14.0,0.99,0.6,-0.5,0.8,16.9,-7.7,1.12,6,5,0,0,5
69.6,4,isocontour,11.283791670955125,36920.18,77.69,18.5,6.2,1.063,0.2,1.3,1.3,16.9,-7.7,1.12,6,6,0,0,6
69.6,5,isocontour,11.283791670955125,35095.68,73.85,18.2,7.2,1.062,0.2,2.5,2.5,16.9,-7.7,1.12,6,6,0,0,6
69.6,6,isocontour,11.283791670955125,36695.83,77.22,16.7,-7.5,1.137,-1.2,-0.9,1.5,16.7,-7.5,1.131,6,5,0,0,5
69.6,7,isocontour,11.283791670955125,35127.17,73.92,-16.2,12.9,0.993,2.7,-0.4,2.7,16.8,-8.1,1.115,6,3,0,0,3
69.6,8,isocontour,11.283791670955125,36714.94,77.26,17.5,-7.7,1.084,-1.3,-0.7,1.5,16.8,-7.5,1.131,6,5,0,0,5
69.6,9,isocontour,11.283791670955125,34793.38,73.22,20.9,-1.1,0.981,-0.9,0.5,1.0,16.8,-7.5,1.131,6,6,0,0,6
69.6,10,isocontour,11.283791670955125,34672.37,72.96,13.6,-15.4,1.002,0.7,1.1,1.3,16.8,-7.5,1.131,6,4,0,0,4
69.6,11,isocontour,11.283791670955125,36026.6,75.81,-19.0,-6.4,1.031,-1.4,-1.4,2.0,-8.0,-16.8,1.117,21,3,0,0,3
69.6,12,isocontour,11.283791670955125,34786.05,73.2,-16.1,-13.1,0.99,-1.2,2.3,2.6,-7.9,-16.8,1.12,21,3,0,0,3
69.6,13,isocontour,11.283791670955125,33510.83,70.52,20.7,-2.5,0.983,-1.1,0.8,1.4,16.8,-7.5,1.131,6,6,0,0,6
69.6,14,isocontour,11.283791670955125,34039.58,71.63,12.6,-16.9,0.975,0.7,1.0,1.2,16.8,-7.5,1.131,6,4,0,0,4
69.6,15,isocontour,11.283791670955125,33268.1,70.01,0.6,20.7,0.992,0.7,-1.3,1.5,16.8,-8.0,1.116,6,2,0,0,2
69.6,16,isocontour,11.283791670955125,46695.44,98.26,-24.9,22.5,0.495,-0.9,0.2,0.9,-24.9,22.5,0.504,16,0,0,0,0
69.6,17,isocontour,11.283791670955125,33558.31,70.62,15.7,14.1,0.972,-1.2,1.6,2.0,16.9,-7.7,1.12,6,5,0,0,5
69.6,18,isocontour,11.283791670955125,38548.25,81.12,-9.6,18.4,0.992,-0.5,0.6,0.8,16.8,-8.1,1.115,6,3,0,0,3
69.6,19,isocontour,11.283791670955125,34894.52,73.43,-20.9,0.9,0.982,0.8,-2.9,3.0,16.8,-8.1,1.115,6,3,0,0,3
69.6,20,isocontour,11.283791670955125,34897.19,73.44,6.9,-19.7,0.985,2.6,1.7,3.1,16.9,-7.7,1.12,6,3,0,0,3
69.6,21,isocontour,11.283791670955125,34024.46,71.6,-7.8,-16.8,1.123,1.1,0.0,1.1,-7.8,-16.8,1.12,21,2,0,0,2
69.6,22,isocontour,11.283791670955125,37149.93,78.18,-19.7,-6.0,0.997,-1.9,1.0,2.1,-8.0,-16.8,1.117,21,3,0,0,3
69.6,23,isocontour,11.283791670955125,38375.78,80.76,-20.0,5.5,0.989,-0.7,-0.3,0.8,16.8,-8.1,1.115,6,3,0,0,3
69.6,24,isocontour,11.283791670955125,35655.04,75.03,1.2,-20.6,0.996,-1.5,0.5,1.6,-7.9,-16.8,1.12,21,2,0,0,2
69.6,25,isocontour,11.283791670955125,34297.73,72.18,-15.2,11.8,1.079,0.8,0.6,1.0,16.8,-8.1,1.115,6,3,0,0,3
69.6,Target,,,,,0.0,0.0,4.023,0.0,0.0,,,,,,,,,
69.7,1,isocontour,11.283791670955125,33642.77,70.8,20.0,6.2,0.982,-0.5,2.1,2.2,16.8,-7.5,1.131,6,6,0,0,6
69.7,2,isocontour,11.283791670955125,32347.33,68.07,8.5,18.9,0.994,-0.6,-1.1,1.3,16.9,-7.7,1.12,6,3,0,0,3
69.7,3,isocontour,11.283791670955125,33814.15,71.16,15.2,14.2,0.987,-0.9,2.0,2.2,16.9,-7.7,1.12,6,5,0,0,5
69.7,4,isocontour,11.283791670955125,36898.2,77.65,18.4,6.4,1.065,-1.3,2.2,2.6,16.8,-7.5,1.131,6,6,0,0,6
69.7,5,isocontour,11.283791670955125,35091.64,73.85,18.2,7.1,1.06,0.7,-1.3,1.5,16.8,-7.5,1.131,6,6,0,0,6
69.7,6,isocontour,11.283791670955125,36671.76,77.17,16.6,-7.8,1.139,-1.4,-2.3,2.7,16.6,-7.8,1.137,6,5,0,0,5
69.7,7,isocontour,11.283791670955125,35100.29,73.86,-16.3,12.7,0.996,-1.6,-2.2,2.7,16.8,-8.1,1.115,6,3,0,0,3
69.7,8,isocontour,11.283791670955125,36695.16,77.22,17.3,-7.9,1.091,-2.0,-1.4,2.4,16.7,-7.5,1.137,6,5,0,0,5
69.7,9,isocontour,11.283791670955125,34770.37,73.17,20.8,-0.9,0.987,-1.0,2.4,2.6,16.7,-7.5,1.137,6,6,0,0,6
69.7,10,isocontour,11.283791670955125,34646.35,72.91,13.8,-15.5,0.99,2.2,-1.6,2.7,16.7,-7.5,1.137,6,4,0,0,4
69.7,11,isocontour,11.283791670955125,36024.85,75.81,-19.0,-6.6,1.025,-0.5,-1.0,1.1,-7.9,-16.8,1.12,21,3,0,0,3
69.7,12,isocontour,11.283791670955125,34784.69,73.2,-16.2,-13.0,0.989,-0.8,0.7,1.1,-7.8,-16.8,1.123,21,3,0,0,3
69.7,13,isocontour,11.283791670955125,33508.28,70.51,20.6,-2.5,0.99,-1.2,0.4,1.3,16.7,-7.5,1.137,6,6,0,0,6
69.7,14,isocontour,11.283791670955125,34023.56,71.6,12.6,-16.7,0.985,-0.2,2.3,2.3,16.7,-7.5,1.137,6,4,0,0,4
69.7,15,isocontour,11.283791670955125,33267.07,70.01,0.7,20.7,0.992,0.9,0.2,0.9,16.9,-7.8,1.119,6,2,0,0,2
69.7,16,isocontour,11.283791670955125,46694.34,98.26,-24.9,22.5,0.496,-0.1,-0.9,0.9,-24.9,22.5,0.504,16,0,0,0,0
69.7,17,isocontour,11.283791670955125,33558.31,70.62,15.7,14.1,0.972,0.0,-0.0,0.0,16.9,-7.7,1.12,6,5,0,0,5
69.7,18,isocontour,11.283791670955125,38547.15,81.12,-9.7,18.4,0.987,-0.4,0.8,0.9,16.8,-8.0,1.116,6,3,0,0,3
69.7,19,isocontour,11.283791670955125,34891.24,73.42,-20.8,0.7,0.987,0.7,-1.1,1.3,-8.0,-16.8,1.117,21,3,0,0,3
69.7,20,isocontour,11.283791670955125,34891.38,73.42,7.0,-19.5,0.992,0.6,1.5,1.6,16.8,-7.5,1.131,6,3,0,0,3
69.7,21,isocontour,11.283791670955125,34023.61,71.6,-7.7,-16.9,1.123,0.8,-0.4,0.9,-7.7,-16.9,1.123,21,2,0,0,2
69.7,22,isocontour,11.283791670955125,37131.76,78.14,-20.0,-6.0,0.985,-2.4,-0.0,2.4,-7.9,-16.8,1.12,21,3,0,0,3
69.7,23,isocontour,11.283791670955125,38371.23,80.75,-20.1,5.6,0.985,-0.5,1.4,1.5,16.8,-8.1,1.115,6,3,0,0,3
69.7,24,isocontour,11.283791670955125,35618.12,74.95,0.9,-20.6,0.996,-3.1,-0.3,3.1,-7.8,-16.8,1.123,21,2,0,0,2
69.7,25,isocontour,11.283791670955125,34296.53,72.17,-15.1,11.9,1.08,0.7,0.7,1.0,16.8,-8.1,1.115,6,3,0,0,3
69.7,Target,,,,,0.0,0.0,4.023,0.0,0.0,,,,,,,,,
69.8,1,isocontour,11.283791670955125,33639.57,70.79,19.9,6.2,0.988,-0.9,-1.0,1.3,16.7,-7.5,1.137,6,6,0,0,6
69.8,2,isocontour,11.283791670955125,32318.37,68.01,8.7,18.8,0.992,2.8,-0.5,2.8,16.9,-7.7,1.12,6,3,0,0,3
69.8,3,isocontour,11.283791670955125,33742.14,71.01,14.9,14.4,0.992,-3.4,1.7,3.8,16.8,-7.5,1.131,6,5,0,0,5
69.8,4,isocontour,11.283791670955125,36887.9,77.63,18.5,6.3,1.062,1.3,-1.5,2.0,16.7,-7.5,1.137,6,6,0,0,6
69.8,5,isocontour,11.283791670955125,35087.59,73.84,18.3,7.0,1.058,0.8,-1.2,1.4,16.7,-7.5,1.137,6,6,0,0,6
69.8,6,isocontour,11.283791670955125,36661.61,77.15,16.7,-7.9,1.129,1.7,-1.0,2.0,16.7,-7.9,1.139,6,5,0,0,5
69.8,7,isocontour,11.283791670955125,35079.06,73.82,-16.3,12.9,0.989,0.1,2.6,2.6,16.8,-8.0,1.116,6,3,0,0,3
69.8,8,isocontour,11.283791670955125,36693.11,77.22,17.2,-8.0,1.095,-0.8,-0.9,1.2,16.6,-7.8,1.139,6,5,0,0,5
69.8,9,isocontour,11.283791670955125,34751.06,73.13,20.6,-1.0,0.997,-1.9,-1.6,2.5,16.6,-7.8,1.139,6,6,0,0,6
69.8,10,isocontour,11.283791670955125,34626.34,72.87,14.1,-15.5,0.979,2.4,-0.5,2.5,16.6,-7.8,1.139,6,4,0,0,4
69.8,11,isocontour,11.283791670955125,36015.87,75.79,-18.9,-6.5,1.034,1.7,0.9,1.9,-7.8,-16.8,1.123,21,3,0,0,3
69.8,12,isocontour,11.283791670955125,34783.87,73.2,-16.2,-12.9,0.992,0.2,0.8,0.8,-7.8,-16.8,1.123,21,3,0,0,3
69.8,13,isocontour,11.283791670955125,33507.37,70.51,20.5,-2.4,0.994,-0.6,0.6,0.8,16.6,-7.8,1.139,6,6,0,0,6
69.8,14,isocontour,11.283791670955125,34003.79,71.56,12.3,-16.6,0.996,-2.4,0.6,2.5,16.6,-7.8,1.139,6,4,0,0,4
69.8,15,isocontour,11.283791670955125,33152.95,69.77,0.3,20.8,0.989,-4.4,0.7,4.5,16.9,-7.7,1.12,6,2,0,0,2
69.8,16,isocontour,11.283791670955125,46693.24,98.26,-24.9,22.5,0.496,0.4,0.9,1.0,-24.9,22.5,0.504,16,0,0,0,0
69.8,17,isocontour,11.283791670955125,33557.92,70.62,15.8,14.1,0.969,0.6,0.3,0.7,16.8,-7.5,1.131,6,5,0,0,5
69.8,18,isocontour,11.283791670955125,38540.91,81.1,-9.7,18.3,0.994,0.3,-1.7,1.7,16.9,-7.8,1.119,6,3,0,0,3
69.8,19,isocontour,11.283791670955125,34854.32,73.35,-20.8,0.4,0.99,0.6,-3.0,3.1,-7.9,-16.8,1.12,21,3,0,0,3
69.8,20,isocontour,11.283791670955125,34887.57,73.42,7.1,-19.4,0.995,1.1,0.9,1.4,16.7,-7.5,1.137,6,3,0,0,3
69.8,21,isocontour,11.283791670955125,34001.63,71.55,-7.5,-17.0,1.121,2.2,-1.3,2.6,-7.8,-16.8,1.123,21,2,0,0,2
69.8,22,isocontour,11.283791670955125,37131.48,78.14,-20.0,-6.0,0.981,-0.5,0.4,0.6,-7.8,-16.8,1.123,21,3,0,0,3
69.8,23,isocontour,11.283791670955125,38342.87,80.69,-20.0,5.8,0.988,1.5,2.4,2.8,-8.0,-16.8,1.117,21,3,0,0,3
69.8,24,isocontour,11.283791670955125,35591.54,74.9,0.6,-20.7,0.994,-2.7,-0.4,2.7,16.8,-7.5,1.131,6,2,0,0,2
69.8,25,isocontour,11.283791670955125,34291.32,72.16,-15.2,11.9,1.072,-1.5,0.6,1.6,16.8,-8.0,1.116,6,3,0,0,3
69.8,Target,,,,,0.0,0.0,4.023,0.0,0.0,,,,,,,,,
69.9,1,isocontour,11.283791670955125,33605.44,70.72,19.8,5.9,0.994,-0.2,-3.0,3.0,16.6,-7.8,1.139,6,6,0,0,6
69.9,2,isocontour,11.283791670955125,32199.61,67.76,8.4,19.0,0.99,-4.0,2.1,4.5,16.8,-7.5,1.131,6,3,0,0,3
69.9,3,isocontour,11.283791670955125,33733.58,70.99,15.0,14.2,0.996,0.7,-1.7,1.8,16.7,-7.5,1.137,6,5,0,0,5
69.9,4,isocontour,11.283791670955125,36884.83,77.62,18.5,6.2,1.06,0.7,-1.1,1.3,16.6,-7.8,1.139,6,6,0,0,6
69.9,5,isocontour,11.283791670955125,35083.71,73.83,18.4,6.8,1.056,0.8,-1.2,1.4,16.6,-7.8,1.139,6,6,0,0,6
69.9,6,isocontour,11.283791670955125,36660.54,77.15,16.7,-7.8,1.13,-0.3,0.9,0.9,16.7,-7.8,1.139,6,5,0,0,5
69.9,7,isocontour,11.283791670955125,35036.1,73.73,-16.1,13.1,0.988,2.2,2.4,3.3,16.9,-7.8,1.119,6,3,0,0,3
69.9,8,isocontour,11.283791670955125,36674.95,77.18,17.4,-7.9,1.085,2.3,0.6,2.4,16.6,-7.8,1.139,6,5,0,0,5
69.9,9,isocontour,11.283791670955125,34729.08,73.08,20.6,-0.8,0.999,0.0,2.6,2.6,16.6,-7.8,1.139,6,6,0,0,6
69.9,10,isocontour,11.283791670955125,34623.6,72.86,14.2,-15.6,0.971,0.5,-1.2,1.3,16.6,-7.8,1.139,6,4,0,0,4
69.9,11,isocontour,11.283791670955125,35986.91,75.73,-18.8,-6.7,1.038,1.4,-2.5,2.9,-7.8,-16.8,1.123,21,3,0,0,3
69.9,12,isocontour,11.283791670955125,34783.08,73.2,-16.3,-12.9,0.989,-0.5,-0.7,0.9,-7.8,-16.8,1.123,21,3,0,0,3
69.9,13,isocontour,11.283791670955125,33505.17,70.51,20.5,-2.5,0.995,-0.2,-1.2,1.2,16.6,-7.8,1.139,6,6,0,0,6
69.9,14,isocontour,11.283791670955125,34000.36,71.55,12.4,-16.5,0.999,0.8,1.1,1.4,16.6,-7.8,1.139,6,4,0,0,4
69.9,15,isocontour,11.283791670955125,33127.21,69.71,0.1,20.7,0.996,-2.2,-1.5,2.7,16.9,-7.7,1.12,6,2,0,0,2
69.9,16,isocontour,11.283791670955125,46692.14,98.26,-24.8,22.5,0.498,0.8,-0.4,0.9,-24.8,22.5,0.504,16,0,0,0,0
69.9,17,isocontour,11.283791670955125,33537.67,70.58,15.6,13.9,0.98,-1.5,-2.1,2.6,16.7,-7.5,1.137,6,5,0,0,5
69.9,18,isocontour,11.283791670955125,38539.74,81.1,-9.7,18.2,0.995,-0.8,-0.5,0.9,16.9,-7.7,1.12,6,3,0,0,3
69.9,19,isocontour,11.283791670955125,34852.11,73.34,-20.7,0.3,0.992,0.1,-1.2,1.2,-7.8,-16.8,1.123,21,3,0,0,3
69.9,20,isocontour,11.283791670955125,34858.92,73.36,7.1,-19.6,0.985,-0.8,-2.7,2.8,16.6,-7.8,1.139,6,3,0,0,3
69.9,21,isocontour,11.283791670955125,33997.59,71.54,-7.4,-17.1,1.118,1.1,-1.0,1.5,16.8,-7.5,1.131,6,2,0,0,2
69.9,22,isocontour,11.283791670955125,37123.45,78.12,-19.9,-6.0,0.989,1.8,-0.1,1.8,-7.8,-16.8,1.123,21,3,0,0,3
69.9,23,isocontour,11.283791670955125,38324.7,80.65,-19.8,6.0,0.994,1.6,1.8,2.4,-7.9,-16.8,1.12,21,3,0,0,3
69.9,24,isocontour,11.283791670955125,35466.42,74.63,0.2,-20.7,0.992,-4.6,-0.5,4.6,16.7,-7.5,1.137,6,2,0,0,2
69.9,25,isocontour,11.283791670955125,34288.76,72.16,-15.2,12.0,1.068,0.3,1.2,1.2,16.9,-7.8,1.119,6,3,0,0,3
69.9,Target,,,,,0.0,0.0,4.023,0.0,0.0,,,,,,,,,
70.0,1,isocontour,11.283791670955125,33589.01,70.68,20.0,6.0,0.985,1.7,1.7,2.4,20.0,6.0,0.994,1,6,0,0,6
70.0,2,isocontour,11.283791670955125,32160.12,67.68,8.3,19.2,0.98,-1.3,2.8,3.1,8.3,19.2,0.99,2,3,0,0,3
70.0,3,isocontour,11.283791670955125,33686.1,70.89,15.0,14.5,0.984,0.5,3.3,3.3,15.0,14.5,0.996,3,5,0,0,5
70.0,4,isocontour,11.283791670955125,36882.51,77.61,18.6,6.1,1.061,0.1,-1.2,1.2,18.6,6.1,1.06,4,6,0,0,6
70.0,5,isocontour,11.283791670955125,35050.6,73.76,18.4,6.6,1.061,0.0,-3.0,3.0,18.4,6.6,1.056,5,6,0,0,6
70.0,6,isocontour,11.283791670955125,36659.41,77.15,16.7,-7.9,1.126,0.6,-0.7,0.9,16.7,-7.9,1.13,6,5,0,0,5
70.0,7,isocontour,11.283791670955125,35002.32,73.66,-15.9,13.0,1.002,2.6,-1.4,3.0,-15.9,13.0,0.988,7,3,0,0,3
70.0,8,isocontour,11.283791670955125,36657.44,77.14,17.3,-8.1,1.088,-1.7,-1.7,2.4,17.3,-8.1,1.085,8,5,0,0,5
70.0,9,isocontour,11.283791670955125,34701.91,73.03,20.8,-0.9,0.987,2.4,-1.4,2.8,20.8,-0.9,0.999,9,6,0,0,6
70.0,10,isocontour,11.283791670955125,34622.84,72.86,14.1,-15.7,0.971,-0.7,-0.4,0.8,14.1,-15.7,0.971,10,4,0,0,4
70.0,11,isocontour,11.283791670955125,35986.47,75.73,-18.8,-6.7,1.039,-0.2,0.7,0.7,-18.8,-6.7,1.038,11,3,0,0,3
70.0,12,isocontour,11.283791670955125,34781.43,73.19,-16.2,-12.9,0.993,0.6,0.9,1.1,-16.2,-12.9,0.989,12,3,0,0,3
70.0,13,isocontour,11.283791670955125,33368.37,70.22,20.6,-2.9,0.988,0.8,-4.7,4.8,20.6,-2.9,0.995,13,6,0,0,6
70.0,14,isocontour,11.283791670955125,33971.4,71.49,12.3,-16.3,1.013,-1.6,2.3,2.8,12.3,-16.3,0.999,14,4,0,0,4
70.0,15,isocontour,11.283791670955125,33095.09,69.64,0.3,20.7,0.995,2.9,0.4,2.9,0.3,20.7,0.996,15,2,0,0,2
70.0,16,isocontour,11.283791670955125,46691.04,98.26,-24.7,22.4,0.5,0.8,-0.5,0.9,-24.7,22.4,0.498,16,0,0,0,0
70.0,17,isocontour,11.283791670955125,33530.39,70.56,15.7,13.8,0.985,0.7,-1.7,1.8,15.7,13.8,0.98,17,5,0,0,5
70.0,18,isocontour,11.283791670955125,38535.18,81.09,-9.8,18.3,0.989,-1.3,0.8,1.5,-9.8,18.3,0.995,18,3,0,0,3
70.0,19,isocontour,11.283791670955125,34844.71,73.33,-20.8,0.2,0.987,-1.1,-1.4,1.8,-20.8,0.2,0.992,19,3,0,0,3
70.0,20,isocontour,11.283791670955125,34854.62,73.35,7.2,-19.7,0.979,1.4,-0.5,1.5,7.2,-19.7,0.985,20,3,0,0,3
70.0,21,isocontour,11.283791670955125,33984.46,71.52,-7.2,-17.1,1.123,2.2,0.1,2.2,-7.2,-17.1,1.118,21,2,0,0,2
70.0,22,isocontour,11.283791670955125,37122.63,78.12,-19.9,-5.9,0.991,-0.3,0.8,0.9,-19.9,-5.9,0.989,22,3,0,0,3
70.0,23,isocontour,11.283791670955125,38319.59,80.64,-19.7,6.1,0.998,1.1,1.1,1.6,-19.7,6.1,0.994,23,3,0,0,3
70.0,24,isocontour,11.283791670955125,35455.17,74.61,0.0,-20.9,0.983,-1.1,-1.7,2.0,0.0,-20.9,0.992,24,2,0,0,2
70.0,25,isocontour,11.283791670955125,34261.3,72.1,-15.1,12.2,1.069,1.9,2.0,2.8,-15.1,12.2,1.068,25,3,0,0,3
70.0,Target,,,,,0.0,0.0,4.023,0.0,0.0,,,,,,,,,
70.1,1,isocontour,11.283791670955125,33588.16,70.68,20.0,6.1,0.98,0.6,0.7,0.9,18.6,6.1,1.061,4,6,0,0,6
70.1,2,isocontour,11.283791670955125,32156.77,67.67,8.3,19.2,0.979,1.2,-0.7,1.4,15.0,14.5,0.996,3,3,0,0,3
70.1,3,isocontour,11.283791670955125,33590.64,70.69,15.2,14.2,0.987,2.1,-3.6,4.2,18.6,6.1,1.061,4,5,0,0,5
70.1,4,isocontour,11.283791670955125,36843.77,77.53,18.7,5.8,1.059,1.4,-2.8,3.1,18.4,6.6,1.061,5,6,0,0,6
70.1,5,isocontour,11.283791670955125,35047.8,73.75,18.4,6.4,1.064,-0.0,-1.3,1.3,18.6,6.1,1.061,4,6,0,0,6
70.1,6,isocontour,11.283791670955125,36656.54,77.14,16.8,-7.8,1.122,1.0,0.8,1.3,16.8,-7.8,1.13,6,5,0,0,5
70.1,7,isocontour,11.283791670955125,34983.24,73.62,-15.7,13.1,1.008,2.0,1.4,2.4,-15.1,12.2,1.069,25,3,0,0,3
70.1,8,isocontour,11.283791670955125,36629.98,77.08,17.4,-7.9,1.089,1.0,2.6,2.8,16.7,-7.9,1.13,6,5,0,0,5
70.1,9,isocontour,11.283791670955125,34691.15,73.0,20.8,-1.1,0.984,0.0,-2.0,2.0,16.7,-7.9,1.13,6,6,0,0,6
70.1,10,isocontour,11.283791670955125,34610.06,72.83,13.9,-15.8,0.973,-1.9,-1.1,2.2,16.7,-7.9,1.13,6,4,0,0,4
70.1,11,isocontour,11.283791670955125,35984.57,75.73,-18.7,-6.7,1.04,0.6,-1.0,1.2,-18.7,-6.7,1.039,11,3,0,0,3
70.1,12,isocontour,11.283791670955125,34770.18,73.17,-16.1,-12.9,0.997,1.8,-1.1,2.1,-7.2,-17.1,1.123,21,3,0,0,3
70.1,13,isocontour,11.283791670955125,33360.33,70.2,20.7,-2.9,0.984,1.0,1.6,1.9,16.7,-7.9,1.13,6,6,0,0,6
70.1,14,isocontour,11.283791670955125,33942.44,71.43,12.0,-16.1,1.029,-2.3,1.7,2.9,16.7,-7.9,1.13,6,4,0,0,4
70.1,15,isocontour,11.283791670955125,33093.92,69.64,0.2,20.7,0.993,-0.9,0.4,1.0,0.2,20.7,0.996,15,2,0,0,2
70.1,16,isocontour,11.283791670955125,46689.94,98.25,-24.7,22.5,0.499,-0.6,0.8,1.0,-24.7,22.5,0.5,16,0,0,0,0
70.1,17,isocontour,11.283791670955125,33502.92,70.5,15.7,13.5,0.992,0.4,-2.7,2.7,18.6,6.1,1.061,4,5,0,0,5
70.1,18,isocontour,11.283791670955125,38530.16,81.08,-9.8,18.2,0.995,1.2,-0.9,1.5,-15.1,12.2,1.069,25,3,0,0,3
70.1,19,isocontour,11.283791670955125,34759.67,73.15,-20.9,0.5,0.983,-0.6,4.0,4.0,-18.8,-6.7,1.039,11,3,0,0,3
70.1,20,isocontour,11.283791670955125,34852.87,73.34,7.2,-19.6,0.983,0.1,1.1,1.1,12.3,-16.3,1.013,14,3,0,0,3
70.1,21,isocontour,11.283791670955125,33971.15,71.49,-7.3,-17.1,1.119,-2.2,-0.0,2.2,-7.3,-17.1,1.123,21,2,0,0,2
70.1,22,isocontour,11.283791670955125,37121.75,78.12,-20.0,-5.9,0.988,-0.7,0.6,0.9,-18.8,-6.7,1.039,11,3,0,0,3
70.1,23,isocontour,11.283791670955125,38265.46,80.52,-19.9,6.0,0.988,-2.9,-1.9,3.5,-15.1,12.2,1.069,25,3,0,0,3
70.1,24,isocontour,11.283791670955125,35450.43,74.6,-0.1,-21.0,0.978,-1.3,-0.9,1.6,-7.2,-17.1,1.123,21,2,0,0,2
70.1,25,isocontour,11.283791670955125,34242.23,72.06,-15.2,12.2,1.063,-2.2,-1.1,2.5,-15.2,12.2,1.069,25,3,0,0,3
70.1,Target,,,,,0.0,0.0,4.023,0.0,0.0,,,,,,,,,
70.2,1,isocontour,11.283791670955125,33560.99,70.62,19.9,6.2,0.987,-2.2,1.6,2.7,16.7,-7.9,1.13,6,6,0,0,6
70.2,2,isocontour,11.283791670955125,32124.98,67.6,8.5,19.0,0.989,1.2,-2.7,3.0,18.6,6.1,1.061,4,3,0,0,3
70.2,3,isocontour,11.283791670955125,33588.09,70.68,15.3,14.1,0.99,0.4,-1.2,1.3,18.4,6.4,1.064,5,5,0,0,5
70.2,4,isocontour,11.283791670955125,36841.92,77.53,18.6,5.8,1.062,-0.9,0.6,1.1,16.7,-7.9,1.13,6,6,0,0,6
70.2,5,isocontour,11.283791670955125,35021.5,73.7,18.3,6.6,1.065,-1.1,2.5,2.7,16.7,-7.9,1.13,6,6,0,0,6
70.2,6,isocontour,11.283791670955125,36639.04,77.1,17.0,-7.6,1.119,1.4,1.9,2.4,16.7,-7.9,1.13,6,5,0,0,5
70.2,7,isocontour,11.283791670955125,34956.65,73.56,-15.9,13.1,1.001,-2.6,-0.8,2.7,-15.1,12.2,1.069,25,3,0,0,3
70.2,8,isocontour,11.283791670955125,36607.23,77.04,17.4,-7.6,1.091,0.8,2.5,2.6,16.7,-7.9,1.13,6,5,0,0,5
70.2,9,isocontour,11.283791670955125,34674.08,72.97,20.7,-1.0,0.992,-1.6,1.8,2.4,16.7,-7.9,1.13,6,6,0,0,6
70.2,10,isocontour,11.283791670955125,34600.22,72.81,13.8,-15.7,0.982,-1.8,0.8,2.0,16.7,-7.9,1.13,6,4,0,0,4
70.2,11,isocontour,11.283791670955125,35961.56,75.68,-18.5,-6.9,1.046,1.8,-1.9,2.6,-7.2,-17.1,1.123,21,3,0,0,3
70.2,12,isocontour,11.283791670955125,34762.53,73.15,-15.9,-13.1,1.0,1.5,-1.0,1.8,-7.2,-17.1,1.123,21,3,0,0,3
70.2,13,isocontour,11.283791670955125,33340.79,70.16,20.5,-2.7,0.993,-1.9,1.7,2.5,16.7,-7.9,1.13,6,6,0,0,6
70.2,14,isocontour,11.283791670955125,33921.21,71.38,11.8,-16.2,1.031,-2.1,-1.5,2.6,16.7,-7.9,1.13,6,4,0,0,4
70.2,15,isocontour,11.283791670955125,33090.35,69.63,0.1,20.8,0.989,-1.2,0.7,1.4,-15.1,12.2,1.069,25,2,0,0,2
70.2,16,isocontour,11.283791670955125,46688.84,98.25,-24.7,22.6,0.499,0.8,0.6,1.0,-24.7,22.6,0.5,16,0,0,0,0
70.2,17,isocontour,11.283791670955125,33502.54,70.5,15.7,13.5,0.992,-0.2,0.6,0.6,18.4,6.4,1.064,5,5,0,0,5
70.2,18,isocontour,11.283791670955125,38508.68,81.04,-9.9,18.4,0.984,-1.9,1.8,2.6,-15.1,12.2,1.069,25,3,0,0,3
70.2,19,isocontour,11.283791670955125,34735.59,73.1,-20.8,0.3,0.989,1.3,-2.3,2.6,-15.1,12.2,1.069,25,3,0,0,3
70.2,20,isocontour,11.283791670955125,34850.13,73.34,7.3,-19.5,0.986,0.8,1.0,1.3,16.7,-7.9,1.13,6,3,0,0,3
70.2,21,isocontour,11.283791670955125,33950.41,71.44,-7.5,-17.0,1.121,-2.1,1.5,2.6,-7.2,-17.1,1.123,21,2,0,0,2
70.2,22,isocontour,11.283791670955125,37121.36,78.12,-20.0,-5.9,0.985,-0.6,-0.2,0.6,-7.2,-17.1,1.123,21,3,0,0,3
70.2,23,isocontour,11.283791670955125,38260.81,80.52,-20.1,6.0,0.979,-1.3,0.8,1.5,-15.1,12.2,1.069,25,3,0,0,3
70.2,24,isocontour,11.283791670955125,35428.2,74.55,0.1,-20.9,0.98,2.5,0.7,2.6,-7.2,-17.1,1.123,21,2,0,0,2
70.2,25,isocontour,11.283791670955125,34214.76,72.0,-15.1,12.4,1.06,1.5,2.4,2.8,-15.1,12.2,1.069,25,3,0,0,3
70.2,Target,,,,,0.0,0.0,4.023,0.0,0.0,,,,,,,,,
70.3,1,isocontour,11.283791670955125,33548.22,70.6,19.7,6.2,0.999,-2.1,-0.2,2.1,16.7,-7.9,1.13,6,6,0,0,6
70.3,2,isocontour,11.283791670955125,32121.7,67.6,8.5,18.8,0.996,0.2,-1.3,1.3,-15.1,12.2,1.069,25,3,0,0,3
70.3,3,isocontour,11.283791670955125,33569.93,70.64,15.4,13.9,0.989,1.8,-1.7,2.5,16.7,-7.9,1.13,6,5,0,0,5
70.3,4,isocontour,11.283791670955125,36809.47,77.46,18.5,5.6,1.071,-0.9,-2.8,2.9,16.7,-7.9,1.13,6,6,0,0,6
70.3,5,isocontour,11.283791670955125,34989.7,73.63,18.3,6.4,1.069,0.4,-2.9,2.9,16.7,-7.9,1.13,6,6,0,0,6
70.3,6,isocontour,11.283791670955125,36638.67,77.1,16.9,-7.6,1.122,-0.5,0.5,0.7,16.7,-7.9,1.13,6,5,0,0,5
70.3,7,isocontour,11.283791670955125,34943.16,73.53,-16.1,13.1,0.991,-2.1,0.6,2.2,-15.1,12.2,1.069,25,3,0,0,3
70.3,8,isocontour,11.283791670955125,36534.1,76.88,17.7,-7.4,1.081,3.2,2.2,3.9,16.7,-7.9,1.13,6,5,0,0,5
70.3,9,isocontour,11.283791670955125,34652.35,72.92,20.7,-0.7,0.994,0.1,2.6,2.6,16.7,-7.9,1.13,6,6,0,0,6
70.3,10,isocontour,11.283791670955125,34581.83,72.77,13.5,-15.7,0.992,-2.4,0.4,2.4,16.7,-7.9,1.13,6,4,0,0,4
70.3,11,isocontour,11.283791670955125,35925.0,75.6,-18.4,-7.2,1.049,1.6,-2.6,3.1,-7.2,-17.1,1.123,21,3,0,0,3
70.3,12,isocontour,11.283791670955125,34726.67,73.08,-15.7,-13.3,0.999,1.7,-2.5,3.0,-7.2,-17.1,1.123,21,3,0,0,3
70.3,13,isocontour,11.283791670955125,33305.29,70.09,20.5,-2.9,0.993,-0.1,-3.0,3.0,16.7,-7.9,1.13,6,6,0,0,6
70.3,14,isocontour,11.283791670955125,33901.9,71.34,11.6,-16.3,1.032,-2.1,-1.2,2.4,16.7,-7.9,1.13,6,4,0,0,4
70.3,15,isocontour,11.283791670955125,33089.64,69.63,0.2,20.8,0.989,0.8,-0.0,0.8,-15.1,12.2,1.069,25,2,0,0,2
70.3,16,isocontour,11.283791670955125,46687.74,98.25,-24.7,22.6,0.497,-0.7,0.6,0.9,-24.7,22.6,0.5,16,0,0,0,0
70.3,17,isocontour,11.283791670955125,33500.83,70.5,15.7,13.6,0.988,0.2,1.1,1.1,16.7,-7.9,1.13,6,5,0,0,5
70.3,18,isocontour,11.283791670955125,38506.37,81.03,-10.0,18.3,0.983,-1.0,-0.7,1.2,-15.1,12.2,1.069,25,3,0,0,3
70.3,19,isocontour,11.283791670955125,34732.65,73.09,-20.7,0.2,0.994,0.7,-1.1,1.3,-7.2,-17.1,1.123,21,3,0,0,3
70.3,20,isocontour,11.283791670955125,34811.76,73.26,7.5,-19.3,0.991,2.5,1.9,3.1,16.7,-7.9,1.13,6,3,0,0,3
70.3,21,isocontour,11.283791670955125,33929.67,71.4,-7.8,-16.8,1.124,-2.1,1.4,2.5,-7.2,-17.1,1.123,21,2,0,0,2
70.3,22,isocontour,11.283791670955125,37091.16,78.05,-19.8,-6.0,0.991,2.1,-2.0,2.9,-7.2,-17.1,1.123,21,3,0,0,3
70.3,23,isocontour,11.283791670955125,38222.44,80.43,-19.9,6.3,0.982,1.8,2.5,3.1,-15.1,12.2,1.069,25,3,0,0,3
70.3,24,isocontour,11.283791670955125,35397.05,74.49,0.4,-20.9,0.984,2.8,0.7,2.9,16.7,-7.9,1.13,6,2,0,0,2
70.3,25,isocontour,11.283791670955125,34207.84,71.99,-15.1,12.5,1.053,-0.3,1.7,1.7,-15.1,12.2,1.069,25,3,0,0,3
70.3,Target,,,,,0.0,0.0,4.023,0.0,0.0,,,,,,,,,
70.4,1,isocontour,11.283791670955125,33542.51,70.59,19.5,6.3,1.004,-1.2,1.2,1.7,16.7,-7.9,1.13,6,6,0,0,6
70.4,2,isocontour,11.283791670955125,32120.77,67.59,8.4,18.8,0.996,-0.8,0.5,0.9,16.7,-7.9,1.13,6,3,0,0,3
70.4,3,isocontour,11.283791670955125,33569.88,70.64,15.4,13.9,0.989,-0.2,0.3,0.4,16.7,-7.9,1.13,6,5,0,0,5
70.4,4,isocontour,11.283791670955125,36783.17,77.41,18.7,5.4,1.063,2.3,-1.5,2.7,16.7,-7.9,1.13,6,6,0,0,6
70.4,5,isocontour,11.283791670955125,34979.25,73.61,18.5,6.3,1.061,1.9,-0.7,2.0,16.7,-7.9,1.13,6,6,0,0,6
70.4,6,isocontour,11.283791670955125,36637.6,77.1,17.0,-7.5,1.119,0.8,0.4,0.9,16.7,-7.9,1.13,6,5,0,0,5
70.4,7,isocontour,11.283791670955125,34935.12,73.52,-16.2,13.3,0.981,-0.8,1.6,1.8,-15.1,12.2,1.069,25,3,0,0,3
70.4,8,isocontour,11.283791670955125,36518.48,76.85,17.8,-7.2,1.085,-0.3,2.3,2.3,16.7,-7.9,1.13,6,5,0,0,5
70.4,9,isocontour,11.283791670955125,34580.34,72.77,20.9,-1.0,0.983,2.2,-3.1,3.8,16.7,-7.9,1.13,6,6,0,0,6
70.4,10,isocontour,11.283791670955125,34545.27,72.7,13.7,-15.5,0.992,2.5,1.8,3.1,16.7,-7.9,1.13,6,4,0,0,4
70.4,11,isocontour,11.283791670955125,35889.14,75.52,-18.3,-7.4,1.049,1.0,-2.9,3.1,-7.2,-17.1,1.123,21,3,0,0,3
70.4,12,isocontour,11.283791670955125,34589.88,72.79,-15.6,-13.7,0.992,1.8,-4.4,4.8,-7.8,-16.8,1.124,21,3,0,0,3
70.4,13,isocontour,11.283791670955125,33299.26,70.07,20.6,-3.0,0.985,1.7,-0.2,1.7,16.7,-7.9,1.13,6,6,0,0,6
70.4,14,isocontour,11.283791670955125,33889.48,71.32,11.4,-16.4,1.035,-2.0,-0.8,2.2,16.7,-7.9,1.13,6,4,0,0,4
70.4,15,isocontour,11.283791670955125,33088.36,69.63,0.3,20.7,0.991,0.8,-0.6,1.0,-15.1,12.2,1.069,25,2,0,0,2
70.4,16,isocontour,11.283791670955125,46686.64,98.25,-24.7,22.5,0.498,0.4,-0.9,1.0,-24.7,22.5,0.5,16,0,0,0,0
70.4,17,isocontour,11.283791670955125,33498.84,70.49,15.8,13.5,0.989,0.5,-1.0,1.1,16.7,-7.9,1.13,6,5,0,0,5
70.4,18,isocontour,11.283791670955125,38486.35,80.99,-10.1,18.1,0.992,-0.4,-2.5,2.5,-15.1,12.2,1.069,25,3,0,0,3
70.4,19,isocontour,11.283791670955125,34710.92,73.04,-20.7,0.4,0.993,-0.1,2.6,2.6,-7.2,-17.1,1.123,21,3,0,0,3
70.4,20,isocontour,11.283791670955125,34810.01,73.25,7.5,-19.4,0.988,-0.5,-1.0,1.1,16.7,-7.9,1.13,6,3,0,0,3
70.4,21,isocontour,11.283791670955125,33926.32,71.39,-7.8,-16.7,1.128,-0.7,1.2,1.4,16.7,-7.9,1.13,6,2,0,0,2
70.4,22,isocontour,11.283791670955125,37082.18,78.03,-19.9,-6.0,0.988,-1.4,1.3,1.9,-7.2,-17.1,1.123,21,3,0,0,3
70.4,23,isocontour,11.283791670955125,38188.66,80.36,-19.7,6.2,0.997,2.7,-1.2,3.0,-7.2,-17.1,1.123,21,3,0,0,3
70.4,24,isocontour,11.283791670955125,35365.9,74.42,0.7,-20.8,0.987,2.8,0.7,2.9,16.7,-7.9,1.13,6,2,0,0,2
70.4,25,isocontour,11.283791670955125,34193.79,71.96,-15.3,12.6,1.042,-2.2,0.5,2.3,-15.1,12.2,1.069,25,3,0,0,3
70.4,Target,,,,,0.0,0.0,4.023,0.0,0.0,,,,,,,,,
70.5,1,isocontour,11.283791670955125,33535.59,70.57,19.5,6.5,1.0,0.5,1.7,1.8,16.7,-7.9,1.13,6,6,0,0,6
70.5,2,isocontour,11.283791670955125,31994.02,67.33,8.8,18.8,0.99,4.6,-0.7,4.7,16.7,-7.9,1.13,6,3,0,0,3
70.5,3,isocontour,11.283791670955125,33531.14,70.56,15.2,13.8,1.003,-2.9,-1.1,3.1,16.7,-7.9,1.13,6,5,0,0,5
70.5,4,isocontour,11.283791670955125,36782.75,77.4,18.7,5.5,1.061,-0.2,0.7,0.7,16.7,-7.9,1.13,6,6,0,0,6
70.5,5,isocontour,11.283791670955125,34958.75,73.57,18.5,6.5,1.054,0.4,2.5,2.5,16.7,-7.9,1.13,6,6,0,0,6
70.5,6,isocontour,11.283791670955125,36635.9,77.1,17.0,-7.6,1.119,-0.5,-1.0,1.1,16.7,-7.9,1.13,6,5,0,0,5
70.5,7,isocontour,11.283791670955125,34908.25,73.46,-16.4,13.2,0.972,-2.7,-0.7,2.8,-7.2,-17.1,1.123,21,3,0,0,3
70.5,8,isocontour,11.283791670955125,36516.22,76.84,17.7,-7.2,1.086,-0.5,-1.1,1.2,16.7,-7.9,1.13,6,5,0,0,5
70.5,9,isocontour,11.283791670955125,34577.91,72.76,21.0,-1.0,0.976,1.1,0.5,1.2,16.7,-7.9,1.13,6,6,0,0,6
70.5,10,isocontour,11.283791670955125,34542.4,72.69,13.9,-15.5,0.989,1.3,0.3,1.3,16.7,-7.9,1.13,6,4,0,0,4
70.5,11,isocontour,11.283791670955125,35888.7,75.52,-18.3,-7.4,1.049,-0.1,0.7,0.7,-7.8,-16.8,1.124,21,3,0,0,3
70.5,12,isocontour,11.283791670955125,34571.94,72.75,-15.7,-13.7,0.983,-2.4,0.2,2.4,16.7,-7.9,1.13,6,3,0,0,3
70.5,13,isocontour,11.283791670955125,33231.64,69.93,20.8,-2.7,0.98,1.3,3.5,3.7,16.7,-7.9,1.13,6,6,0,0,6
70.5,14,isocontour,11.283791670955125,33871.76,71.28,11.3,-16.6,1.03,-1.2,-2.1,2.4,16.7,-7.9,1.13,6,4,0,0,4
70.5,15,isocontour,11.283791670955125,33070.19,69.59,0.4,20.9,0.985,2.0,1.4,2.4,16.7,-7.9,1.13,6,2,0,0,2
70.5,16,isocontour,11.283791670955125,46685.54,98.24,-24.8,22.6,0.496,-0.7,0.6,0.9,-24.8,22.6,0.5,16,0,0,0,0
70.5,17,isocontour,11.283791670955125,33438.46,70.37,15.8,13.2,0.998,0.4,-3.6,3.6,16.7,-7.9,1.13,6,5,0,0,5
70.5,18,isocontour,11.283791670955125,38449.43,80.91,-10.3,18.0,0.992,-2.9,-1.0,3.1,-15.1,12.2,1.069,25,3,0,0,3
70.5,19,isocontour,11.283791670955125,34708.37,73.04,-20.8,0.5,0.988,-1.2,0.5,1.3,-7.2,-17.1,1.123,21,3,0,0,3
70.5,20,isocontour,11.283791670955125,34809.99,73.25,7.5,-19.4,0.988,-0.2,-0.1,0.2,16.7,-7.9,1.13,6,3,0,0,3
70.5,21,isocontour,11.283791670955125,33903.05,71.34,-8.1,-16.6,1.13,-2.3,1.2,2.6,16.7,-7.9,1.13,6,2,0,0,2
70.5,22,isocontour,11.283791670955125,37081.25,78.03,-19.9,-5.9,0.989,0.3,0.8,0.9,-7.8,-16.8,1.124,21,3,0,0,3
70.5,23,isocontour,11.283791670955125,38184.77,80.36,-19.6,6.3,1.003,1.0,1.0,1.4,-7.2,-17.1,1.123,21,3,0,0,3
70.5,24,isocontour,11.283791670955125,35334.1,74.36,0.9,-20.7,0.991,2.8,0.8,2.9,16.7,-7.9,1.13,6,2,0,0,2
70.5,25,isocontour,11.283791670955125,34177.77,71.92,-15.4,12.4,1.047,-0.2,-2.3,2.3,-7.2,-17.1,1.123,21,3,0,0,3
70.5,Target,,,,,0.0,0.0,4.023,0.0,0.0,,,,,,,,,
70.6,1,isocontour,11.283791670955125,33516.97,70.53,19.7,6.4,0.992,2.0,-1.5,2.5,16.7,-7.9,1.13,6,6,0,0,6
70.6,2,isocontour,11.283791670955125,31899.91,67.13,8.6,18.9,0.988,-3.8,1.9,4.2,16.7,-7.9,1.13,6,3,0,0,3
70.6,3,isocontour,11.283791670955125,33529.74,70.56,15.1,13.9,1.002,-0.1,1.0,1.0,16.7,-7.9,1.13,6,5,0,0,5
70.6,4,isocontour,11.283791670955125,36781.43,77.4,18.8,5.5,1.056,0.9,0.3,0.9,16.7,-7.9,1.13,6,6,0,0,6
70.6,5,isocontour,11.283791670955125,34944.13,73.54,18.7,6.4,1.046,1.9,-1.2,2.2,16.7,-7.9,1.13,6,6,0,0,6
70.6,6,isocontour,11.283791670955125,36607.84,77.04,17.0,-7.8,1.113,-0.2,-2.8,2.8,16.7,-7.9,1.13,6,5,0,0,5
70.6,7,isocontour,11.283791670955125,34903.51,73.45,-16.4,13.1,0.977,0.5,-1.5,1.6,-7.2,-17.1,1.123,21,3,0,0,3
70.6,8,isocontour,11.283791670955125,36513.42,76.84,17.6,-7.3,1.087,-0.7,-1.1,1.3,16.7,-7.9,1.13,6,4,0,0,4
70.6,9,isocontour,11.283791670955125,34577.2,72.76,21.0,-0.9,0.977,-0.5,0.7,0.9,16.7,-7.9,1.13,6,6,0,0,6
70.6,10,isocontour,11.283791670955125,34523.09,72.65,14.0,-15.3,0.993,1.0,2.3,2.5,16.7,-7.9,1.13,6,4,0,0,4
70.6,11,isocontour,11.283791670955125,35865.16,75.47,-18.3,-7.2,1.051,-0.6,2.6,2.7,16.7,-7.9,1.13,6,3,0,0,3
70.6,12,isocontour,11.283791670955125,34564.03,72.74,-15.9,-13.7,0.979,-1.6,0.9,1.8,16.7,-7.9,1.13,6,3,0,0,3
70.6,13,isocontour,11.283791670955125,33209.91,69.89,20.8,-2.4,0.981,-0.2,2.6,2.6,16.7,-7.9,1.13,6,6,0,0,6
70.6,14,isocontour,11.283791670955125,33871.0,71.28,11.2,-16.6,1.031,-0.8,0.0,0.8,16.7,-7.9,1.13,6,4,0,0,4
70.6,15,isocontour,11.283791670955125,33044.46,69.54,0.3,20.7,0.991,-2.2,-1.6,2.7,16.7,-7.9,1.13,6,2,0,0,2
70.6,16,isocontour,11.283791670955125,46684.44,98.24,-24.7,22.6,0.498,0.8,-0.5,0.9,-24.7,22.6,0.5,16,0,0,0,0
70.6,17,isocontour,11.283791670955125,33430.16,70.35,15.7,13.2,1.003,-1.6,0.9,1.8,16.7,-7.9,1.13,6,5,0,0,5
70.6,18,isocontour,11.283791670955125,38441.0,80.89,-10.3,18.1,0.986,0.8,1.7,1.9,16.7,-7.9,1.13,6,3,0,0,3
70.6,19,isocontour,11.283791670955125,34627.03,72.87,-20.8,0.8,0.986,-0.1,4.0,4.0,-7.8,-16.8,1.124,21,3,0,0,3
70.6,20,isocontour,11.283791670955125,34799.38,73.23,7.4,-19.3,0.997,-0.9,1.8,2.0,16.7,-7.9,1.13,6,3,0,0,3
70.6,21,isocontour,11.283791670955125,33876.74,71.29,-7.9,-16.6,1.133,2.7,-0.5,2.7,16.7,-7.9,1.13,6,2,0,0,2
70.6,22,isocontour,11.283791670955125,37047.46,77.96,-19.8,-6.0,0.996,2.0,-2.3,3.0,16.7,-7.9,1.13,6,3,0,0,3
70.6,23,isocontour,11.283791670955125,38177.73,80.34,-19.7,6.2,0.997,-1.7,-0.6,1.8,-7.2,-17.1,1.123,21,3,0,0,3
70.6,24,isocontour,11.283791670955125,35332.7,74.35,1.1,-20.7,0.992,1.0,0.2,1.0,16.7,-7.9,1.13,6,3,0,0,3
70.6,25,isocontour,11.283791670955125,34159.15,71.88,-15.5,12.2,1.046,-1.8,-1.6,2.4,-7.2,-17.1,1.123,21,3,0,0,3
70.6,Target,,,,,0.0,0.0,4.023,0.0,0.0,,,,,,,,,
70.7,1,isocontour,11.283791670955125,33497.89,70.49,20.0,6.4,0.98,2.4,0.3,2.4,16.7,-7.9,1.13,6,6,0,0,6
70.7,2,isocontour,11.283791670955125,31876.11,67.08,8.7,18.9,0.987,2.5,-0.9,2.7,16.7,-7.9,1.13,6,3,0,0,3
70.7,3,isocontour,11.283791670955125,33519.59,70.54,15.1,14.1,0.996,-0.3,2.0,2.0,16.7,-7.9,1.13,6,5,0,0,5
70.7,4,isocontour,11.283791670955125,36780.84,77.4,18.8,5.6,1.057,-0.5,0.5,0.7,16.7,-7.9,1.13,6,6,0,0,6
70.7,5,isocontour,11.283791670955125,34942.73,73.53,18.7,6.5,1.048,-0.9,0.5,1.0,16.7,-7.9,1.13,6,6,0,0,6
70.7,6,isocontour,11.283791670955125,36604.2,77.03,17.0,-8.0,1.109,0.2,-1.4,1.4,16.7,-7.9,1.13,6,5,0,0,5
70.7,7,isocontour,11.283791670955125,34872.04,73.38,-16.4,12.8,0.985,-0.3,-2.9,2.9,16.7,-7.9,1.13,6,3,0,0,3
70.7,8,isocontour,11.283791670955125,36477.92,76.76,17.5,-7.6,1.086,-1.0,-2.9,3.1,16.7,-7.9,1.13,6,4,0,0,4
70.7,9,isocontour,11.283791670955125,34554.18,72.72,20.9,-0.7,0.982,-0.8,2.5,2.6,16.7,-7.9,1.13,6,6,0,0,6
70.7,10,isocontour,11.283791670955125,34509.04,72.62,14.1,-15.1,0.998,1.1,1.9,2.2,16.7,-7.9,1.13,6,4,0,0,4
70.7,11,isocontour,11.283791670955125,35844.66,75.43,-18.4,-7.0,1.052,-0.9,2.4,2.6,16.7,-7.9,1.13,6,3,0,0,3
70.7,12,isocontour,11.283791670955125,34563.26,72.73,-16.0,-13.6,0.979,-0.5,0.7,0.9,-7.9,-16.6,1.133,21,3,0,0,3
70.7,13,isocontour,11.283791670955125,33209.07,69.88,20.7,-2.3,0.985,-0.5,0.7,0.9,16.7,-7.9,1.13,6,6,0,0,6
70.7,14,isocontour,11.283791670955125,33864.75,71.26,11.0,-16.6,1.037,-1.7,0.2,1.7,16.7,-7.9,1.13,6,4,0,0,4
70.7,15,isocontour,11.283791670955125,33043.78,69.54,0.2,20.7,0.993,-0.8,0.0,0.8,16.7,-7.9,1.13,6,2,0,0,2
70.7,16,isocontour,11.283791670955125,46683.34,98.24,-24.7,22.6,0.496,-0.7,0.7,1.0,-24.7,22.6,0.5,16,0,0,0,0
70.7,17,isocontour,11.283791670955125,33327.79,70.13,15.5,13.6,0.996,-1.5,4.1,4.4,16.7,-7.9,1.13,6,5,0,0,5
70.7,18,isocontour,11.283791670955125,38326.87,80.65,-9.9,18.3,0.986,4.0,2.0,4.5,16.7,-7.9,1.13,6,3,0,0,3
70.7,19,isocontour,11.283791670955125,34609.08,72.83,-20.7,0.8,0.995,2.0,-1.3,2.4,16.7,-7.9,1.13,6,3,0,0,3
70.7,20,isocontour,11.283791670955125,34798.62,73.23,7.4,-19.3,0.996,-0.3,-0.8,0.9,16.7,-7.9,1.13,6,3,0,0,3
70.7,21,isocontour,11.283791670955125,33855.01,71.24,-7.7,-16.7,1.13,2.0,-1.7,2.6,-7.7,-16.7,1.133,21,2,0,0,2
70.7,22,isocontour,11.283791670955125,37046.4,77.96,-19.7,-6.0,0.999,0.3,0.9,0.9,16.7,-7.9,1.13,6,3,0,0,3
70.7,23,isocontour,11.283791670955125,38153.65,80.29,-19.8,6.0,0.993,-1.3,-2.3,2.6,-7.8,-16.8,1.124,21,3,0,0,3
70.7,24,isocontour,11.283791670955125,35296.14,74.28,0.8,-20.7,0.991,-3.0,-0.5,3.0,-7.9,-16.6,1.133,21,3,0,0,3
70.7,25,isocontour,11.283791670955125,34130.8,71.82,-15.6,12.0,1.051,-0.8,-2.7,2.8,16.7,-7.9,1.13,6,3,0,0,3
70.7,Target,,,,,0.0,0.0,4.023,0.0,0.0,,,,,,,,,
70.8,1,isocontour,11.283791670955125,33485.65,70.47,20.0,6.6,0.976,-0.2,2.1,2.1,16.7,-7.9,1.13,6,6,0,0,6
70.8,2,isocontour,11.283791670955125,31852.83,67.03,9.0,18.8,0.988,2.3,-1.3,2.6,16.7,-7.9,1.13,6,3,0,0,3
70.8,3,isocontour,11.283791670955125,33509.29,70.52,15.1,14.3,0.991,-0.5,1.9,2.0,16.7,-7.9,1.13,6,5,0,0,5
70.8,4,isocontour,11.283791670955125,36761.53,77.36,18.7,5.8,1.057,-0.6,2.4,2.5,16.7,-7.9,1.13,6,6,0,0,6
70.8,5,isocontour,11.283791670955125,34940.74,73.53,18.6,6.5,1.053,-1.0,0.5,1.1,16.7,-7.9,1.13,6,6,0,0,6
70.8,6,isocontour,11.283791670955125,36601.58,77.02,16.9,-8.1,1.111,-1.0,-0.7,1.2,16.7,-7.9,1.13,6,5,0,0,5
70.8,7,isocontour,11.283791670955125,34864.0,73.37,-16.4,12.7,0.995,1.0,-1.5,1.8,16.7,-7.9,1.13,6,3,0,0,3
70.8,8,isocontour,11.283791670955125,36473.27,76.75,17.4,-7.7,1.09,-1.2,-0.9,1.5,16.7,-7.9,1.13,6,5,0,0,5
70.8,9,isocontour,11.283791670955125,34541.93,72.69,20.7,-0.6,0.992,-2.0,0.8,2.2,16.7,-7.9,1.13,6,6,0,0,6
70.8,10,isocontour,11.283791670955125,34495.37,72.59,14.3,-15.0,0.992,2.2,0.3,2.2,16.7,-7.9,1.13,6,4,0,0,4
70.8,11,isocontour,11.283791670955125,35842.56,75.43,-18.5,-6.9,1.047,-1.1,0.4,1.2,-7.9,-16.6,1.133,21,3,0,0,3
70.8,12,isocontour,11.283791670955125,34562.48,72.73,-16.0,-13.5,0.981,0.0,0.8,0.8,-7.9,-16.6,1.133,21,3,0,0,3
70.8,13,isocontour,11.283791670955125,33206.45,69.88,20.6,-2.3,0.991,-1.2,0.4,1.3,16.7,-7.9,1.13,6,6,0,0,6
70.8,14,isocontour,11.283791670955125,33863.31,71.26,11.0,-16.6,1.038,-0.8,-0.7,1.1,-7.9,-16.6,1.133,21,5,0,0,5
70.8,15,isocontour,11.283791670955125,33042.17,69.53,0.3,20.7,0.993,1.1,-0.1,1.1,16.7,-7.9,1.13,6,2,0,0,2
70.8,16,isocontour,11.283791670955125,46682.24,98.24,-24.8,22.6,0.496,-0.6,-0.7,0.9,-24.8,22.6,0.5,16,0,0,0,0
70.8,17,isocontour,11.283791670955125,33189.27,69.84,15.8,13.4,0.99,3.8,-2.9,4.8,16.7,-7.9,1.13,6,5,0,0,5
70.8,18,isocontour,11.283791670955125,38325.22,80.65,-9.8,18.4,0.987,1.0,0.3,1.0,16.7,-7.9,1.13,6,3,0,0,3
70.8,19,isocontour,11.283791670955125,34592.86,72.8,-20.7,0.9,0.991,-1.1,2.0,2.3,16.7,-7.9,1.13,6,3,0,0,3
70.8,20,isocontour,11.283791670955125,34772.03,73.17,7.3,-19.5,0.985,-0.6,-2.7,2.8,-7.9,-16.6,1.133,21,3,0,0,3
70.8,21,isocontour,11.283791670955125,33827.85,71.19,-7.4,-16.9,1.129,2.4,-1.3,2.7,-7.4,-16.9,1.133,21,2,0,0,2
70.8,22,isocontour,11.283791670955125,37030.17,77.93,-19.8,-6.2,0.992,-0.9,-2.1,2.3,-7.9,-16.6,1.133,21,3,0,0,3
70.8,23,isocontour,11.283791670955125,38145.35,80.27,-19.9,6.1,0.986,-1.0,1.6,1.9,16.7,-7.9,1.13,6,3,0,0,3
70.8,24,isocontour,11.283791670955125,35259.22,74.2,0.5,-20.8,0.988,-3.0,-0.7,3.1,-7.9,-16.6,1.133,21,3,0,0,3
70.8,25,isocontour,11.283791670955125,34126.06,71.81,-15.8,11.9,1.049,-1.3,-0.9,1.6,16.7,-7.9,1.13,6,3,0,0,3
70.8,Target,,,,,0.0,0.0,4.023,0.0,0.0,,,,,,,,,
70.9,1,isocontour,11.283791670955125,33479.4,70.45,19.8,6.6,0.983,-1.7,-0.0,1.7,16.7,-7.9,1.13,6,6,0,0,6
70.9,2,isocontour,11.283791670955125,31833.52,66.99,8.9,18.6,1.0,-0.6,-2.4,2.5,16.7,-7.9,1.13,6,3,0,0,3
70.9,3,isocontour,11.283791670955125,33505.8,70.51,15.1,14.2,0.991,0.7,-1.2,1.4,16.7,-7.9,1.13,6,5,0,0,5
70.9,4,isocontour,11.283791670955125,36757.06,77.35,18.6,5.9,1.061,-1.1,1.0,1.5,16.7,-7.9,1.13,6,6,0,0,6
70.9,5,isocontour,11.283791670955125,34906.27,73.46,18.5,6.3,1.06,-0.4,-3.0,3.0,16.7,-7.9,1.13,6,6,0,0,6
70.9,6,isocontour,11.283791670955125,36576.96,76.97,17.0,-7.9,1.112,1.2,2.4,2.7,-7.9,-16.6,1.133,21,5,0,0,5
70.9,7,isocontour,11.283791670955125,34863.0,73.36,-16.3,12.7,0.996,0.6,0.7,0.9,16.7,-7.9,1.13,6,3,0,0,3
70.9,8,isocontour,11.283791670955125,36454.42,76.71,17.5,-7.6,1.087,1.6,1.9,2.5,-7.9,-16.6,1.133,21,5,0,0,5
70.9,9,isocontour,11.283791670955125,34541.49,72.69,20.7,-0.5,0.994,0.0,0.7,0.7,16.7,-7.9,1.13,6,6,0,0,6
70.9,10,isocontour,11.283791670955125,34485.96,72.57,14.4,-15.2,0.983,0.6,-1.8,1.9,-7.9,-16.6,1.133,21,4,0,0,4
70.9,11,isocontour,11.283791670955125,35841.93,75.42,-18.5,-6.8,1.048,0.0,0.8,0.8,-7.9,-16.6,1.133,21,3,0,0,3
70.9,12,isocontour,11.283791670955125,34561.77,72.73,-16.0,-13.4,0.984,-0.0,0.8,0.8,-7.9,-16.6,1.133,21,3,0,0,3
70.9,13,isocontour,11.283791670955125,33204.08,69.87,20.6,-2.4,0.993,-0.3,-1.2,1.2,16.7,-7.9,1.13,6,6,0,0,6
70.9,14,isocontour,11.283791670955125,33860.64,71.26,10.9,-16.7,1.036,-0.9,-0.9,1.3,-7.9,-16.6,1.133,21,5,0,0,5
70.9,15,isocontour,11.283791670955125,33040.55,69.53,0.4,20.7,0.993,1.1,-0.1,1.1,16.7,-7.9,1.13,6,2,0,0,2
70.9,16,isocontour,11.283791670955125,46681.14,98.23,-24.9,22.5,0.496,-0.5,-0.8,0.9,-24.9,22.5,0.5,16,0,0,0,0
70.9,17,isocontour,11.283791670955125,33188.77,69.84,15.9,13.4,0.989,-0.5,0.5,0.7,16.7,-7.9,1.13,6,5,0,0,5
70.9,18,isocontour,11.283791670955125,38296.86,80.59,-9.7,18.2,1.0,0.8,-2.7,2.8,16.7,-7.9,1.13,6,3,0,0,3
70.9,19,isocontour,11.283791670955125,34571.88,72.75,-20.8,1.2,0.985,-1.0,2.3,2.5,-7.9,-16.6,1.133,21,3,0,0,3
70.9,20,isocontour,11.283791670955125,34770.86,73.17,7.2,-19.5,0.986,-0.9,0.4,1.0,-7.9,-16.6,1.133,21,3,0,0,3
70.9,21,isocontour,11.283791670955125,33815.94,71.16,-7.3,-17.1,1.122,1.1,-1.8,2.1,-7.3,-17.1,1.133,21,2,0,0,2
70.9,22,isocontour,11.283791670955125,37000.59,77.86,-19.9,-6.4,0.981,-1.6,-2.4,2.9,-7.9,-16.6,1.133,21,3,0,0,3
70.9,23,isocontour,11.283791670955125,38142.8,80.27,-19.9,6.3,0.983,-0.0,1.2,1.2,16.7,-7.9,1.13,6,3,0,0,3
70.9,24,isocontour,11.283791670955125,35228.07,74.13,0.2,-20.8,0.989,-2.9,0.4,2.9,-7.9,-16.6,1.133,21,2,0,0,2
70.9,25,isocontour,11.283791670955125,34123.68,71.81,-15.8,12.0,1.044,-0.4,1.1,1.2,16.7,-7.9,1.13,6,3,0,0,3
70.9,Target,,,,,0.0,0.0,4.023,0.0,0.0,,,,,,,,,
71.0,1,isocontour,11.283791670955125,33441.76,70.37,19.7,6.4,0.996,-1.7,-2.5,3.0,16.7,-7.9,1.13,6,6,0,0,6
71.0,2,isocontour,11.283791670955125,31829.95,66.98,9.0,18.6,0.995,0.5,1.3,1.4,16.7,-7.9,1.13,6,3,0,0,3
71.0,3,isocontour,11.283791670955125,33467.05,70.43,15.4,14.1,0.987,2.7,-1.5,3.1,16.7,-7.9,1.13,6,5,0,0,5
71.0,4,isocontour,11.283791670955125,36611.5,77.04,18.6,5.5,1.066,0.4,-4.8,4.8,16.7,-7.9,1.13,6,6,0,0,6
71.0,5,isocontour,11.283791670955125,34903.95,73.45,18.5,6.1,1.063,0.1,-1.2,1.2,16.7,-7.9,1.13,6,6,0,0,6
71.0,6,isocontour,11.283791670955125,36571.56,76.96,17.1,-7.8,1.107,1.4,0.9,1.7,-7.9,-16.6,1.133,21,5,0,0,5
71.0,7,isocontour,11.283791670955125,34859.72,73.36,-16.3,12.8,0.99,-0.7,1.2,1.4,16.7,-7.9,1.13,6,3,0,0,3
71.0,8,isocontour,11.283791670955125,36434.17,76.67,17.6,-7.3,1.089,0.4,2.5,2.5,-7.9,-16.6,1.133,21,4,0,0,4
71.0,9,isocontour,11.283791670955125,34503.12,72.61,20.8,-0.3,0.985,1.8,2.5,3.1,-7.9,-16.6,1.133,21,6,0,0,6
71.0,10,isocontour,11.283791670955125,34480.65,72.56,14.3,-15.3,0.981,-1.1,-1.1,1.6,-7.9,-16.6,1.133,21,4,0,0,4
71.0,11,isocontour,11.283791670955125,35840.61,75.42,-18.6,-6.8,1.045,-0.8,0.6,1.0,-7.9,-16.6,1.133,21,3,0,0,3
71.0,12,isocontour,11.283791670955125,34559.97,72.73,-16.0,-13.3,0.988,-0.1,1.1,1.1,-7.9,-16.6,1.133,21,3,0,0,3
71.0,13,isocontour,11.283791670955125,33201.28,69.87,20.7,-2.4,0.987,1.3,-0.0,1.3,-7.9,-16.6,1.133,21,6,0,0,6
71.0,14,isocontour,11.283791670955125,33858.38,71.25,10.8,-16.8,1.032,-0.1,-1.2,1.2,-7.9,-16.6,1.133,21,3,0,0,3
71.0,15,isocontour,11.283791670955125,33035.25,69.52,0.4,20.8,0.986,-0.2,1.6,1.6,16.7,-7.9,1.13,6,2,0,0,2
71.0,16,isocontour,11.283791670955125,46680.04,98.23,-24.9,22.4,0.496,-0.8,-0.4,0.9,-24.9,22.4,0.5,16,0,0,0,0
71.0,17,isocontour,11.283791670955125,33170.6,69.8,15.7,13.6,0.99,-1.6,1.8,2.4,16.7,-7.9,1.13,6,5,0,0,5
71.0,18,isocontour,11.283791670955125,38296.25,80.59,-9.8,18.1,0.999,-0.6,0.4,0.7,16.7,-7.9,1.13,6,3,0,0,3
71.0,19,isocontour,11.283791670955125,34568.15,72.74,-20.9,1.1,0.983,-0.3,-1.4,1.4,-7.9,-16.6,1.133,21,3,0,0,3
71.0,20,isocontour,11.283791670955125,34759.94,73.15,7.1,-19.6,0.985,-1.8,-1.0,2.1,-7.9,-16.6,1.133,21,3,0,0,3
71.0,21,isocontour,11.283791670955125,33814.28,71.16,-7.2,-17.1,1.12,1.0,-0.4,1.1,-7.2,-17.1,1.133,21,2,0,0,2
71.0,22,isocontour,11.283791670955125,36996.21,77.85,-20.0,-6.3,0.981,-0.0,1.5,1.5,-7.9,-16.6,1.133,21,3,0,0,3
71.0,23,isocontour,11.283791670955125,38115.92,80.21,-19.8,6.5,0.985,1.3,2.4,2.7,-7.9,-16.6,1.133,21,3,0,0,3
71.0,24,isocontour,11.283791670955125,35192.21,74.06,-0.1,-20.7,0.994,-2.9,0.9,3.0,-7.9,-16.6,1.133,21,2,0,0,2
71.0,25,isocontour,11.283791670955125,34119.13,71.8,-15.7,12.0,1.048,1.5,0.2,1.5,16.7,-7.9,1.13,6,3,0,0,3
71.0,Target,,,,,0.0,0.0,4.023,0.0,0.0,,,,,,,,,
71.1,1,isocontour,11.283791670955125,33439.44,70.37,19.6,6.3,1.002,-0.7,-1.0,1.2,-7.9,-16.6,1.133,21,6,0,0,6
71.1,2,isocontour,11.283791670955125,31828.88,66.98,8.9,18.7,0.992,-0.6,0.7,0.9,16.7,-7.9,1.13,6,3,0,0,3
71.1,3,isocontour,11.283791670955125,33445.82,70.38,15.5,13.8,0.99,1.0,-2.3,2.5,16.7,-7.9,1.13,6,5,0,0,5
71.1,4,isocontour,11.283791670955125,36610.59,77.04,18.6,5.5,1.068,-0.4,0.8,0.9,-7.9,-16.6,1.133,21,6,0,0,6
71.1,5,isocontour,11.283791670955125,34902.63,73.45,18.6,6.2,1.059,0.7,0.7,1.0,-7.9,-16.6,1.133,21,6,0,0,6
71.1,6,isocontour,11.283791670955125,36549.57,76.91,17.2,-7.6,1.107,0.8,2.4,2.5,-7.9,-16.6,1.133,21,5,0,0,5
71.1,7,isocontour,11.283791670955125,34803.72,73.24,-16.7,12.8,0.976,-3.5,0.2,3.5,-7.9,-16.6,1.133,21,3,0,0,3
71.1,8,isocontour,11.283791670955125,36417.31,76.64,17.6,-7.1,1.093,0.4,2.3,2.3,-7.9,-16.6,1.133,21,4,0,0,4
71.1,9,isocontour,11.283791670955125,34500.05,72.6,21.0,-0.2,0.978,1.2,0.6,1.3,-7.9,-16.6,1.133,21,6,0,0,6
71.1,10,isocontour,11.283791670955125,34464.42,72.53,14.1,-15.3,0.99,-2.3,0.4,2.3,-7.9,-16.6,1.133,21,4,0,0,4
71.1,11,isocontour,11.283791670955125,35835.5,75.41,-18.5,-6.9,1.047,1.0,-1.3,1.6,-7.9,-16.6,1.133,21,3,0,0,3
71.1,12,isocontour,11.283791670955125,34533.67,72.67,-16.0,-13.1,0.998,0.4,2.7,2.7,-7.9,-16.6,1.133,21,3,0,0,3
71.1,13,isocontour,11.283791670955125,33195.36,69.86,20.8,-2.3,0.983,0.8,1.4,1.6,-7.9,-16.6,1.133,21,6,0,0,6
71.1,14,isocontour,11.283791670955125,33855.24,71.24,10.7,-16.9,1.032,-1.2,-0.6,1.3,-7.9,-16.6,1.133,21,3,0,0,3
71.1,15,isocontour,11.283791670955125,33032.87,69.51,0.3,20.8,0.989,-0.8,-0.9,1.2,16.7,-7.9,1.13,6,2,0,0,2
71.1,16,isocontour,11.283791670955125,46678.94,98.23,-25.0,22.4,0.495,-0.9,-0.3,0.9,-25.0,22.4,0.5,16,0,0,0,0
71.1,17,isocontour,11.283791670955125,33164.25,69.79,15.6,13.5,0.998,-1.0,-1.4,1.7,16.7,-7.9,1.13,6,5,0,0,5
71.1,18,isocontour,11.283791670955125,38292.53,80.58,-9.7,18.3,0.995,0.6,1.3,1.4,16.7,-7.9,1.13,6,3,0,0,3
71.1,19,isocontour,11.283791670955125,34548.37,72.7,-20.8,1.3,0.987,1.0,2.3,2.5,-7.9,-16.6,1.133,21,3,0,0,3
71.1,20,isocontour,11.283791670955125,34727.82,73.08,6.8,-19.6,0.99,-2.9,0.0,2.9,-7.9,-16.6,1.133,21,3,0,0,3
71.1,21,isocontour,11.283791670955125,33782.48,71.09,-7.0,-17.3,1.118,2.5,-1.4,2.9,-7.0,-17.3,1.133,21,2,0,0,2
71.1,22,isocontour,11.283791670955125,36967.86,77.79,-19.8,-6.5,0.987,2.0,-2.0,2.8,-7.9,-16.6,1.133,21,3,0,0,3
71.1,23,isocontour,11.283791670955125,38095.67,80.17,-19.7,6.7,0.985,0.7,2.4,2.5,-7.9,-16.6,1.133,21,3,0,0,3
71.1,24,isocontour,11.283791670955125,35191.75,74.06,-0.0,-20.7,0.996,0.7,0.1,0.7,-7.9,-16.6,1.133,21,2,0,0,2
71.1,25,isocontour,11.283791670955125,34118.54,71.8,-15.6,12.0,1.05,0.6,0.5,0.8,-7.9,-16.6,1.133,21,3,0,0,3
71.1,Target,,,,,0.0,0.0,4.023,0.0,0.0,,,,,,,,,
71.2,1,isocontour,11.283791670955125,33433.42,70.36,19.7,6.3,0.995,1.6,0.3,1.6,-7.9,-16.6,1.133,21,6,0,0,6
71.2,2,isocontour,11.283791670955125,31794.08,66.91,8.7,18.9,0.986,-2.0,2.3,3.0,16.7,-7.9,1.13,6,3,0,0,3
71.2,3,isocontour,11.283791670955125,33445.24,70.38,15.5,13.9,0.99,-0.4,0.7,0.8,-7.9,-16.6,1.133,21,5,0,0,5
71.2,4,isocontour,11.283791670955125,36609.66,77.04,18.6,5.6,1.07,-0.6,0.7,0.9,-7.9,-16.6,1.133,21,6,0,0,6
71.2,5,isocontour,11.283791670955125,34901.73,73.45,18.6,6.2,1.057,-0.0,0.9,0.9,-7.9,-16.6,1.133,21,6,0,0,6
71.2,6,isocontour,11.283791670955125,36548.44,76.91,17.2,-7.6,1.104,0.4,-0.8,0.9,-7.9,-16.6,1.133,21,4,0,0,4
71.2,7,isocontour,11.283791670955125,34738.75,73.1,-16.6,13.1,0.968,1.3,3.5,3.7,-7.9,-16.6,1.133,21,3,0,0,3
71.2,8,isocontour,11.283791670955125,36414.64,76.63,17.6,-7.2,1.094,-0.6,-1.1,1.3,-7.9,-16.6,1.133,21,4,0,0,4
71.2,9,isocontour,11.283791670955125,34499.26,72.6,21.0,-0.1,0.979,-0.3,0.8,0.9,-7.9,-16.6,1.133,21,6,0,0,6
71.2,10,isocontour,11.283791670955125,34452.18,72.5,13.8,-15.3,0.999,-2.1,0.3,2.1,-7.9,-16.6,1.133,21,4,0,0,4
71.2,11,isocontour,11.283791670955125,35833.18,75.41,-18.5,-7.0,1.048,0.4,-1.1,1.2,-7.9,-16.6,1.133,21,3,0,0,3
71.2,12,isocontour,11.283791670955125,34532.5,72.67,-16.0,-13.1,0.996,-0.2,-0.9,0.9,-7.9,-16.6,1.133,21,3,0,0,3
71.2,13,isocontour,11.283791670955125,33171.28,69.8,20.7,-2.0,0.985,-0.4,2.6,2.6,-7.9,-16.6,1.133,21,6,0,0,6
71.2,14,isocontour,11.283791670955125,33853.76,71.24,10.6,-17.0,1.031,-0.8,-0.7,1.1,-7.9,-16.6,1.133,21,2,0,0,2
71.2,15,isocontour,11.283791670955125,33004.81,69.45,0.1,20.6,0.996,-2.4,-1.4,2.8,16.7,-7.9,1.13,6,2,0,0,2
71.2,16,isocontour,11.283791670955125,46665.26,98.2,-24.9,22.5,0.496,2.0,0.9,2.2,-24.9,22.5,0.5,16,0,0,0,0
71.2,17,isocontour,11.283791670955125,33129.09,69.72,15.8,13.3,0.995,2.5,-1.8,3.1,-7.9,-16.6,1.133,21,5,0,0,5
71.2,18,isocontour,11.283791670955125,38290.82,80.58,-9.8,18.2,0.994,-1.0,-0.5,1.1,-7.9,-16.6,1.133,21,3,0,0,3
71.2,19,isocontour,11.283791670955125,34512.17,72.63,-20.7,1.0,0.99,0.3,-3.0,3.0,-7.9,-16.6,1.133,21,3,0,0,3
71.2,20,isocontour,11.283791670955125,34695.04,73.01,6.5,-19.6,0.998,-2.9,0.7,3.0,-7.9,-16.6,1.133,21,3,0,0,3
71.2,21,isocontour,11.283791670955125,33781.31,71.09,-7.0,-17.2,1.12,-0.7,0.7,1.0,-7.0,-17.2,1.133,21,2,0,0,2
71.2,22,isocontour,11.283791670955125,36958.87,77.78,-19.6,-6.6,0.994,1.6,-1.0,1.9,-7.9,-16.6,1.133,21,3,0,0,3
71.2,23,isocontour,11.283791670955125,38069.08,80.11,-19.7,6.5,0.993,0.8,-2.6,2.7,-7.9,-16.6,1.133,21,3,0,0,3
71.2,24,isocontour,11.283791670955125,35176.54,74.02,-0.2,-20.8,0.987,-1.5,-1.7,2.3,-7.9,-16.6,1.133,21,2,0,0,2
71.2,25,isocontour,11.283791670955125,34117.57,71.8,-15.6,12.1,1.049,0.4,0.8,0.9,-7.9,-16.6,1.133,21,3,0,0,3
71.2,Target,,,,,0.0,0.0,4.023,0.0,0.0,,,,,,,,,
71.3,1,isocontour,11.283791670955125,33406.25,70.3,19.9,6.1,0.986,2.3,-1.5,2.7,-7.9,-16.6,1.133,21,6,0,0,6
71.3,2,isocontour,11.283791670955125,31783.47,66.88,8.6,18.8,0.995,-1.2,-1.6,2.0,-7.9,-16.6,1.133,21,3,0,0,3
71.3,3,isocontour,11.283791670955125,33412.46,70.31,15.6,13.7,0.992,1.5,-2.5,2.9,-7.9,-16.6,1.133,21,5,0,0,5
71.3,4,isocontour,11.283791670955125,36589.16,77.0,18.5,5.8,1.068,-0.2,2.5,2.5,-7.9,-16.6,1.133,21,6,0,0,6
71.3,5,isocontour,11.283791670955125,34900.88,73.44,18.5,6.3,1.058,-0.6,0.7,0.9,-7.9,-16.6,1.133,21,6,0,0,6
71.3,6,isocontour,11.283791670955125,36511.52,76.83,17.1,-7.8,1.105,-1.5,-2.7,3.1,-7.9,-16.6,1.133,21,4,0,0,4
71.3,7,isocontour,11.283791670955125,34730.04,73.09,-16.4,13.2,0.973,1.9,0.4,1.9,-7.9,-16.6,1.133,21,3,0,0,3
71.3,8,isocontour,11.283791670955125,36383.81,76.57,17.5,-7.4,1.092,-0.8,-2.8,2.9,-7.9,-16.6,1.133,21,4,0,0,4
71.3,9,isocontour,11.283791670955125,34497.65,72.6,20.9,-0.1,0.983,-0.8,0.7,1.1,-7.9,-16.6,1.133,21,6,0,0,6
71.3,10,isocontour,11.283791670955125,34441.72,72.48,13.9,-15.1,1.004,0.9,1.8,2.0,-7.9,-16.6,1.133,21,4,0,0,4
71.3,11,isocontour,11.283791670955125,35798.37,75.33,-18.4,-7.2,1.045,0.6,-2.9,3.0,-7.9,-16.6,1.133,21,3,0,0,3
71.3,12,isocontour,11.283791670955125,34379.65,72.35,-15.8,-13.5,0.991,2.4,-4.3,4.9,-7.9,-16.6,1.133,21,3,0,0,3
71.3,13,isocontour,11.283791670955125,33146.66,69.75,20.7,-1.8,0.989,-0.5,2.6,2.6,-7.9,-16.6,1.133,21,6,0,0,6
71.3,14,isocontour,11.283791670955125,33833.74,71.2,10.8,-17.0,1.025,2.5,0.2,2.5,-7.9,-16.6,1.133,21,2,0,0,2
71.3,15,isocontour,11.283791670955125,32977.06,69.4,0.3,20.7,0.996,2.8,0.4,2.8,-7.9,-16.6,1.133,21,2,0,0,2
71.3,16,isocontour,11.283791670955125,46664.16,98.2,-24.9,22.5,0.494,-0.7,0.7,1.0,-24.9,22.5,0.5,16,0,0,0,0
71.3,17,isocontour,11.283791670955125,33095.98,69.65,15.8,13.5,0.989,-0.9,2.8,2.9,-7.9,-16.6,1.133,21,5,0,0,5
71.3,18,isocontour,11.283791670955125,38290.79,80.58,-9.8,18.2,0.994,-0.2,-0.2,0.3,-7.9,-16.6,1.133,21,3,0,0,3
71.3,19,isocontour,11.283791670955125,34477.01,72.55,-20.6,0.8,1.0,1.9,-2.3,3.0,-7.9,-16.6,1.133,21,3,0,0,3
71.3,20,isocontour,11.283791670955125,34672.02,72.96,6.2,-19.6,1.001,-2.6,-0.4,2.6,-7.9,-16.6,1.133,21,3,0,0,3
71.3,21,isocontour,11.283791670955125,33775.5,71.08,-7.1,-17.1,1.125,-0.9,1.4,1.7,-7.1,-17.1,1.133,21,2,0,0,2
71.3,22,isocontour,11.283791670955125,36956.93,77.77,-19.7,-6.5,0.992,-1.0,0.6,1.2,-7.9,-16.6,1.133,21,3,0,0,3
71.3,23,isocontour,11.283791670955125,38067.28,80.11,-19.6,6.4,0.999,0.9,-0.6,1.1,-7.9,-16.6,1.133,21,3,0,0,3
71.3,24,isocontour,11.283791670955125,35153.0,73.98,0.0,-21.0,0.98,2.3,-1.4,2.7,-7.9,-16.6,1.133,21,2,0,0,2
71.3,25,isocontour,11.283791670955125,34107.42,71.77,-15.5,12.3,1.048,1.1,1.7,2.0,-7.9,-16.6,1.133,21,3,0,0,3
71.3,Target,,,,,0.0,0.0,4.023,0.0,0.0,,,,,,,,,
71.4,1,isocontour,11.283791670955125,33403.04,70.29,19.9,6.2,0.984,-0.4,1.3,1.4,-7.9,-16.6,1.133,21,6,0,0,6
71.4,2,isocontour,11.283791670955125,31771.22,66.86,8.6,19.0,0.988,-0.2,2.1,2.1,-7.9,-16.6,1.133,21,3,0,0,3
71.4,3,isocontour,11.283791670955125,33410.89,70.31,15.7,13.5,0.993,0.6,-0.8,1.0,-7.9,-16.6,1.133,21,5,0,0,5
71.4,4,isocontour,11.283791670955125,36585.36,76.99,18.5,5.7,1.073,-0.8,-1.2,1.4,-7.9,-16.6,1.133,21,6,0,0,6
71.4,5,isocontour,11.283791670955125,34859.1,73.36,18.4,6.6,1.061,-1.5,2.8,3.2,-7.9,-16.6,1.133,21,6,0,0,6
71.4,6,isocontour,11.283791670955125,36490.54,76.79,17.1,-8.1,1.101,-0.3,-2.5,2.5,-7.9,-16.6,1.133,21,5,0,0,5
71.4,7,isocontour,11.283791670955125,34707.03,73.04,-16.4,13.0,0.983,0.3,-2.6,2.6,-7.9,-16.6,1.133,21,3,0,0,3
71.4,8,isocontour,11.283791670955125,36373.2,76.54,17.4,-7.5,1.097,-1.6,-1.2,2.0,-7.9,-16.6,1.133,21,4,0,0,4
71.4,9,isocontour,11.283791670955125,34494.22,72.59,20.8,-0.0,0.99,-1.3,0.4,1.4,-7.9,-16.6,1.133,21,6,0,0,6
71.4,10,isocontour,11.283791670955125,34373.02,72.33,14.2,-15.1,0.992,3.8,0.1,3.8,-7.9,-16.6,1.133,21,4,0,0,4
71.4,11,isocontour,11.283791670955125,35797.91,75.33,-18.4,-7.2,1.045,-0.2,0.7,0.7,-7.9,-16.6,1.133,21,3,0,0,3
71.4,12,isocontour,11.283791670955125,34340.54,72.27,-15.6,-13.8,0.989,1.9,-2.5,3.1,-7.9,-16.6,1.133,21,3,0,0,3
71.4,13,isocontour,11.283791670955125,33142.19,69.74,20.6,-1.7,0.997,-1.5,0.2,1.5,-7.9,-16.6,1.133,21,6,0,0,6
71.4,14,isocontour,11.283791670955125,33826.34,71.18,10.8,-17.1,1.021,-1.1,-1.4,1.8,-7.9,-16.6,1.133,21,3,0,0,3
71.4,15,isocontour,11.283791670955125,32971.24,69.38,0.3,20.8,0.988,-0.2,1.6,1.6,-7.9,-16.6,1.133,21,2,0,0,2
71.4,16,isocontour,11.283791670955125,46663.06,98.2,-24.9,22.6,0.494,0.7,0.7,1.0,-24.9,22.6,0.5,16,0,0,0,0
71.4,17,isocontour,11.283791670955125,33068.81,69.59,15.6,13.7,0.99,-2.1,1.8,2.8,-7.9,-16.6,1.133,21,5,0,0,5
71.4,18,isocontour,11.283791670955125,38290.48,80.58,-9.8,18.2,0.994,0.5,0.4,0.6,-7.9,-16.6,1.133,21,3,0,0,3
71.4,19,isocontour,11.283791670955125,34457.94,72.51,-20.7,0.9,0.994,-1.5,1.9,2.4,-7.9,-16.6,1.133,21,3,0,0,3
71.4,20,isocontour,11.283791670955125,34660.94,72.94,6.1,-19.7,0.996,-1.2,-1.7,2.1,-7.9,-16.6,1.133,21,3,0,0,3
71.4,21,isocontour,11.283791670955125,33774.4,71.07,-7.1,-17.0,1.127,-0.8,0.6,1.0,-7.1,-17.0,1.133,21,2,0,0,2
71.4,22,isocontour,11.283791670955125,36876.8,77.6,-20.0,-6.4,0.976,-3.9,1.0,4.0,-7.9,-16.6,1.133,21,3,0,0,3
71.4,23,isocontour,11.283791670955125,38066.55,80.11,-19.6,6.5,0.999,-0.0,0.8,0.8,-7.9,-16.6,1.133,21,3,0,0,3
71.4,24,isocontour,11.283791670955125,35152.18,73.97,0.1,-20.9,0.981,0.6,0.6,0.8,-7.9,-16.6,1.133,21,2,0,0,2
71.4,25,isocontour,11.283791670955125,34072.27,71.7,-15.6,12.1,1.049,-1.8,-2.5,3.1,-7.9,-16.6,1.133,21,3,0,0,3
71.4,Target,,,,,0.0,0.0,4.023,0.0,0.0,,,,,,,,,
71.5,1,isocontour,11.283791670955125,33368.23,70.22,19.8,6.0,0.993,-1.2,-2.8,3.0,-7.9,-16.6,1.133,21,6,0,0,6
71.5,2,isocontour,11.283791670955125,31769.37,66.85,8.6,18.9,0.988,0.7,-0.9,1.1,-7.9,-16.6,1.133,21,3,0,0,3
71.5,3,isocontour,11.283791670955125,33390.15,70.27,15.6,13.7,0.987,-0.5,2.5,2.5,-7.9,-16.6,1.133,21,5,0,0,5
71.5,4,isocontour,11.283791670955125,36550.89,76.92,18.5,5.5,1.075,0.7,-2.9,3.0,-7.9,-16.6,1.133,21,6,0,0,6
71.5,5,isocontour,11.283791670955125,34857.1,73.35,18.4,6.5,1.062,0.3,-1.1,1.1,-7.9,-16.6,1.133,21,6,0,0,6
71.5,6,isocontour,11.283791670955125,36489.6,76.79,17.1,-8.1,1.1,0.4,0.8,0.9,-7.9,-16.6,1.133,21,5,0,0,5
71.5,7,isocontour,11.283791670955125,34702.01,73.03,-16.4,12.9,0.984,-1.0,-1.2,1.6,-7.9,-16.6,1.133,21,3,0,0,3
71.5,8,isocontour,11.283791670955125,36366.84,76.53,17.3,-7.4,1.103,-0.2,1.7,1.7,-7.9,-16.6,1.133,21,4,0,0,4
71.5,9,isocontour,11.283791670955125,34493.66,72.59,20.7,0.1,0.991,-0.0,0.8,0.8,-7.9,-16.6,1.133,21,6,0,0,6
71.5,10,isocontour,11.283791670955125,34304.32,72.19,14.6,-15.1,0.976,3.7,-0.7,3.8,-7.9,-16.6,1.133,21,4,0,0,4
71.5,11,isocontour,11.283791670955125,35776.43,75.29,-18.4,-7.0,1.049,-0.1,2.6,2.6,-7.9,-16.6,1.133,21,3,0,0,3
71.5,12,isocontour,11.283791670955125,34333.01,72.25,-15.4,-13.7,0.997,1.6,0.8,1.8,-7.9,-16.6,1.133,21,3,0,0,3
71.5,13,isocontour,11.283791670955125,33141.6,69.74,20.5,-1.6,0.999,-0.0,0.8,0.8,-7.9,-16.6,1.133,21,6,0,0,6
71.5,14,isocontour,11.283791670955125,33801.44,71.13,10.6,-17.1,1.026,-2.7,-0.4,2.7,-7.9,-16.6,1.133,21,3,0,0,3
71.5,15,isocontour,11.283791670955125,32938.46,69.31,0.1,20.7,0.992,-2.7,-1.2,3.0,-7.9,-16.6,1.133,21,2,0,0,2
71.5,16,isocontour,11.283791670955125,46661.96,98.19,-24.9,22.5,0.495,-0.1,-0.9,0.9,-24.9,22.5,0.5,16,0,0,0,0
71.5,17,isocontour,11.283791670955125,33004.36,69.45,15.4,14.1,0.984,-1.1,3.5,3.7,-7.9,-16.6,1.133,21,5,0,0,5
71.5,18,isocontour,11.283791670955125,38268.24,80.53,-9.6,18.4,0.991,2.0,1.7,2.6,-7.9,-16.6,1.133,21,3,0,0,3
71.5,19,isocontour,11.283791670955125,34455.14,72.51,-20.8,1.0,0.987,-1.2,0.5,1.3,-7.9,-16.6,1.133,21,3,0,0,3
71.5,20,isocontour,11.283791670955125,34639.71,72.9,6.1,-20.0,0.983,-0.1,-2.5,2.5,-7.9,-16.6,1.133,21,3,0,0,3
71.5,21,isocontour,11.283791670955125,33766.75,71.06,-7.3,-16.9,1.131,-1.3,1.3,1.8,-7.3,-16.9,1.133,21,2,0,0,2
71.5,22,isocontour,11.283791670955125,36876.5,77.6,-20.1,-6.4,0.971,-0.5,0.4,0.6,-7.9,-16.6,1.133,21,3,0,0,3
71.5,23,isocontour,11.283791670955125,38059.14,80.09,-19.6,6.6,0.991,-1.1,1.4,1.8,-7.9,-16.6,1.133,21,3,0,0,3
71.5,24,isocontour,11.283791670955125,35151.33,73.97,0.2,-20.9,0.984,0.6,0.6,0.8,-7.9,-16.6,1.133,21,2,0,0,2
71.5,25,isocontour,11.283791670955125,34051.04,71.66,-15.7,11.8,1.055,-0.4,-2.5,2.5,-7.9,-16.6,1.133,21,3,0,0,3
71.5,Target,,,,,0.0,0.0,4.023,0.0,0.0,,,,,,,,,
71.6,1,isocontour,11.283791670955125,33367.29,70.22,19.8,6.0,0.996,-0.4,0.8,0.9,-7.9,-16.6,1.133,21,6,0,0,6
71.6,2,isocontour,11.283791670955125,31767.62,66.85,8.5,18.9,0.991,-1.1,0.0,1.1,-7.9,-16.6,1.133,21,3,0,0,3
71.6,3,isocontour,11.283791670955125,33386.43,70.26,15.7,13.7,0.987,0.8,-1.1,1.4,-7.9,-16.6,1.133,21,5,0,0,5
71.6,4,isocontour,11.283791670955125,36549.05,76.91,18.5,5.3,1.076,0.2,-1.1,1.1,-7.9,-16.6,1.133,21,6,0,0,6
71.6,5,isocontour,11.283791670955125,34854.03,73.35,18.5,6.4,1.06,0.7,-1.1,1.3,-7.9,-16.6,1.133,21,6,0,0,6
71.6,6,isocontour,11.283791670955125,36488.39,76.79,17.1,-8.0,1.099,0.6,0.8,1.0,-7.9,-16.6,1.133,21,5,0,0,5
71.6,7,isocontour,11.283791670955125,34667.89,72.95,-16.2,12.7,0.997,2.7,-1.2,3.0,-7.9,-16.6,1.133,21,3,0,0,3
71.6,8,isocontour,11.283791670955125,36344.86,76.48,17.4,-7.2,1.102,1.2,2.3,2.6,-7.9,-16.6,1.133,21,4,0,0,4
71.6,9,isocontour,11.283791670955125,34370.15,72.33,20.9,-0.3,0.984,1.6,-4.3,4.6,-7.9,-16.6,1.133,21,6,0,0,6
71.6,10,isocontour,11.283791670955125,34275.36,72.13,14.6,-15.4,0.967,-0.8,-2.7,2.8,-7.9,-16.6,1.133,21,4,0,0,4
71.6,11,isocontour,11.283791670955125,35745.6,75.22,-18.4,-7.2,1.048,0.7,-2.8,2.9,-7.9,-16.6,1.133,21,3,0,0,3
71.6,12,isocontour,11.283791670955125,34332.6,72.25,-15.4,-13.7,0.996,-0.7,0.0,0.7,-7.9,-16.6,1.133,21,3,0,0,3
71.6,13,isocontour,11.283791670955125,33107.82,69.67,20.6,-1.9,0.992,1.2,-2.7,3.0,-7.9,-16.6,1.133,21,6,0,0,6
71.6,14,isocontour,11.283791670955125,33779.2,71.08,10.3,-17.2,1.033,-2.6,-0.1,2.6,-7.9,-16.6,1.133,21,4,0,0,4
71.6,15,isocontour,11.283791670955125,32910.7,69.26,0.3,20.7,0.991,2.8,0.4,2.8,-7.9,-16.6,1.133,21,2,0,0,2
71.6,16,isocontour,11.283791670955125,46660.86,98.19,-24.8,22.6,0.497,0.9,0.3,0.9,-24.8,22.6,0.5,16,0,0,0,0
71.6,17,isocontour,11.283791670955125,33003.63,69.45,15.4,14.2,0.983,-0.6,0.6,0.8,-7.9,-16.6,1.133,21,5,0,0,5
71.6,18,isocontour,11.283791670955125,38265.98,80.53,-9.6,18.4,0.992,-0.9,-0.7,1.1,-7.9,-16.6,1.133,21,3,0,0,3
71.6,19,isocontour,11.283791670955125,34441.64,72.48,-20.8,1.2,0.984,-0.2,2.2,2.2,-7.9,-16.6,1.133,21,3,0,0,3
71.6,20,isocontour,11.283791670955125,34627.8,72.87,5.9,-20.1,0.981,-2.0,-0.6,2.1,-7.9,-16.6,1.133,21,3,0,0,3
71.6,21,isocontour,11.283791670955125,33745.52,71.01,-7.5,-16.9,1.128,-2.5,0.3,2.5,-7.5,-16.9,1.133,21,2,0,0,2
71.6,22,isocontour,11.283791670955125,36861.88,77.57,-19.9,-6.5,0.979,2.1,-0.9,2.3,-7.9,-16.6,1.133,21,3,0,0,3
71.6,23,isocontour,11.283791670955125,38055.65,80.08,-19.8,6.6,0.985,-1.3,-0.3,1.3,-7.9,-16.6,1.133,21,3,0,0,3
71.6,24,isocontour,11.283791670955125,35149.58,73.97,0.2,-20.8,0.989,0.5,1.0,1.1,-7.9,-16.6,1.133,21,3,0,0,3
71.6,25,isocontour,11.283791670955125,34045.83,71.65,-15.6,11.9,1.053,0.4,1.5,1.6,-7.9,-16.6,1.133,21,3,0,0,3
71.6,Target,,,,,0.0,0.0,4.023,0.0,0.0,,,,,,,,,
71.7,1,isocontour,11.283791670955125,33261.34,69.99,19.8,6.4,0.987,0.7,4.3,4.4,-7.9,-16.6,1.133,21,6,0,0,6
71.7,2,isocontour,11.283791670955125,31765.58,66.85,8.6,18.8,0.993,0.8,-0.9,1.2,-7.9,-16.6,1.133,21,3,0,0,3
71.7,3,isocontour,11.283791670955125,33384.27,70.25,15.7,13.6,0.99,0.0,-1.2,1.2,-7.9,-16.6,1.133,21,5,0,0,5
71.7,4,isocontour,11.283791670955125,36535.37,76.88,18.7,5.4,1.065,1.8,1.3,2.2,-7.9,-16.6,1.133,21,6,0,0,6
71.7,5,isocontour,11.283791670955125,34852.14,73.34,18.5,6.3,1.058,0.7,-0.9,1.1,-7.9,-16.6,1.133,21,6,0,0,6
71.7,6,isocontour,11.283791670955125,36486.29,76.78,17.2,-7.9,1.096,0.9,0.7,1.1,-7.9,-16.6,1.133,21,4,0,0,4
71.7,7,isocontour,11.283791670955125,34645.14,72.91,-16.4,12.6,0.995,-2.3,-1.3,2.6,-7.9,-16.6,1.133,21,3,0,0,3
71.7,8,isocontour,11.283791670955125,36344.27,76.48,17.5,-7.1,1.103,0.2,0.7,0.7,-7.9,-16.6,1.133,21,4,0,0,4
71.7,9,isocontour,11.283791670955125,34369.33,72.33,20.9,-0.4,0.98,0.5,-0.7,0.9,-7.9,-16.6,1.133,21,6,0,0,6
71.7,10,isocontour,11.283791670955125,34272.16,72.12,14.5,-15.5,0.966,-1.1,-0.8,1.4,-7.9,-16.6,1.133,21,4,0,0,4
71.7,11,isocontour,11.283791670955125,35709.74,75.15,-18.3,-7.5,1.047,1.1,-2.8,3.0,-7.9,-16.6,1.133,21,3,0,0,3
71.7,12,isocontour,11.283791670955125,34330.17,72.24,-15.4,-13.8,0.996,0.8,-0.9,1.2,-7.9,-16.6,1.133,21,3,0,0,3
71.7,13,isocontour,11.283791670955125,33050.38,69.55,20.8,-2.2,0.981,1.8,-3.0,3.5,-7.9,-16.6,1.133,21,6,0,0,6
71.7,14,isocontour,11.283791670955125,33751.15,71.03,10.0,-17.2,1.039,-2.8,-0.5,2.8,-7.9,-16.6,1.133,21,3,0,0,3
71.7,15,isocontour,11.283791670955125,32900.71,69.24,0.3,20.9,0.982,-0.3,1.9,1.9,-7.9,-16.6,1.133,21,2,0,0,2
71.7,16,isocontour,11.283791670955125,46659.76,98.19,-24.7,22.5,0.498,0.9,-0.1,0.9,-24.7,22.5,0.5,16,0,0,0,0
71.7,17,isocontour,11.283791670955125,32974.67,69.39,15.3,13.9,0.992,-0.2,-2.8,2.8,-7.9,-16.6,1.133,21,5,0,0,5
71.7,18,isocontour,11.283791670955125,38240.81,80.47,-9.9,18.5,0.981,-2.2,1.5,2.7,-7.9,-16.6,1.133,21,3,0,0,3
71.7,19,isocontour,11.283791670955125,34418.1,72.43,-20.7,1.4,0.99,1.3,2.3,2.6,-7.9,-16.6,1.133,21,3,0,0,3
71.7,20,isocontour,11.283791670955125,34626.23,72.87,5.8,-20.1,0.983,-1.0,0.1,1.0,-7.9,-16.6,1.133,21,3,0,0,3
71.7,21,isocontour,11.283791670955125,33731.84,70.98,-7.7,-16.9,1.121,-2.2,-0.1,2.2,-7.7,-16.9,1.133,21,2,0,0,2
71.7,22,isocontour,11.283791670955125,36823.87,77.49,-19.7,-6.7,0.986,2.1,-2.3,3.1,-7.9,-16.6,1.133,21,3,0,0,3
71.7,23,isocontour,11.283791670955125,38055.59,80.08,-19.8,6.6,0.985,0.3,-0.2,0.4,-7.9,-16.6,1.133,21,3,0,0,3
71.7,24,isocontour,11.283791670955125,35128.11,73.92,0.4,-20.7,0.995,2.3,1.0,2.5,-7.9,-16.6,1.133,21,3,0,0,3
71.7,25,isocontour,11.283791670955125,34044.17,71.64,-15.6,12.0,1.048,-0.1,1.1,1.1,-7.9,-16.6,1.133,21,3,0,0,3
71.7,Target,,,,,0.0,0.0,4.023,0.0,0.0,,,,,,,,,
71.8,1,isocontour,11.283791670955125,33182.4,69.83,19.8,6.8,0.98,-0.1,4.0,4.0,-7.9,-16.6,1.133,21,6,0,0,6
71.8,2,isocontour,11.283791670955125,31733.78,66.78,8.4,19.0,0.99,-2.3,1.8,2.9,-7.9,-16.6,1.133,21,3,0,0,3
71.8,3,isocontour,11.283791670955125,33279.04,70.03,15.9,13.3,0.992,2.7,-3.5,4.4,-7.9,-16.6,1.133,21,5,0,0,5
71.8,4,isocontour,11.283791670955125,36511.29,76.83,18.6,5.6,1.066,-1.3,2.3,2.6,-7.9,-16.6,1.133,21,6,0,0,6
71.8,5,isocontour,11.283791670955125,34827.52,73.29,18.4,6.5,1.06,-1.4,2.3,2.7,-7.9,-16.6,1.133,21,6,0,0,6
71.8,6,isocontour,11.283791670955125,36482.8,76.77,17.2,-7.8,1.099,-0.0,1.4,1.4,-7.9,-16.6,1.133,21,4,0,0,4
71.8,7,isocontour,11.283791670955125,34644.04,72.9,-16.4,12.7,0.993,0.3,0.9,0.9,-7.9,-16.6,1.133,21,3,0,0,3
71.8,8,isocontour,11.283791670955125,36324.02,76.44,17.5,-6.9,1.103,0.9,2.3,2.5,-7.9,-16.6,1.133,21,4,0,0,4
71.8,9,isocontour,11.283791670955125,34344.71,72.27,20.9,-0.2,0.985,-1.1,2.5,2.7,-7.9,-16.6,1.133,21,6,0,0,6
71.8,10,isocontour,11.283791670955125,34257.73,72.09,14.3,-15.6,0.968,-1.8,-1.3,2.2,-7.9,-16.6,1.133,21,4,0,0,4
71.8,11,isocontour,11.283791670955125,35705.94,75.14,-18.2,-7.6,1.051,1.1,-0.9,1.4,-7.9,-16.6,1.133,21,3,0,0,3
71.8,12,isocontour,11.283791670955125,34300.28,72.18,-15.4,-14.0,0.986,-0.1,-2.9,2.9,-7.9,-16.6,1.133,21,3,0,0,3
71.8,13,isocontour,11.283791670955125,33044.25,69.54,20.9,-2.1,0.976,0.9,1.4,1.7,-7.9,-16.6,1.133,21,6,0,0,6
71.8,14,isocontour,11.283791670955125,33720.95,70.96,9.7,-17.3,1.044,-2.8,-0.6,2.9,-7.9,-16.6,1.133,21,3,0,0,3
71.8,15,isocontour,11.283791670955125,32869.88,69.17,0.5,20.9,0.983,2.8,-0.6,2.9,-7.9,-16.6,1.133,21,2,0,0,2
71.8,16,isocontour,11.283791670955125,46658.66,98.19,-24.6,22.6,0.499,0.7,0.7,1.0,-24.6,22.6,0.5,16,0,0,0,0
71.8,17,isocontour,11.283791670955125,32973.39,69.39,15.3,13.8,0.997,-0.1,-1.0,1.0,-7.9,-16.6,1.133,21,5,0,0,5
71.8,18,isocontour,11.283791670955125,38228.04,80.45,-10.0,18.4,0.979,-1.8,-1.1,2.1,-7.9,-16.6,1.133,21,3,0,0,3
71.8,19,isocontour,11.283791670955125,34415.23,72.42,-20.6,1.3,0.994,0.7,-1.1,1.3,-7.9,-16.6,1.133,21,3,0,0,3
71.8,20,isocontour,11.283791670955125,34595.08,72.8,5.5,-20.0,0.989,-2.9,0.3,2.9,-7.9,-16.6,1.133,21,3,0,0,3
71.8,21,isocontour,11.283791670955125,33701.95,70.92,-8.0,-16.9,1.113,-2.9,-0.1,2.9,-8.0,-16.9,1.133,21,2,0,0,2
71.8,22,isocontour,11.283791670955125,36785.86,77.41,-19.5,-6.9,0.993,2.1,-2.2,3.0,-7.9,-16.6,1.133,21,3,0,0,3
71.8,23,isocontour,11.283791670955125,38051.21,80.07,-19.7,6.6,0.991,1.4,0.4,1.5,-7.9,-16.6,1.133,21,3,0,0,3
71.8,24,isocontour,11.283791670955125,35125.84,73.92,0.4,-20.6,0.996,-1.2,0.1,1.2,-7.9,-16.6,1.133,21,3,0,0,3
71.8,25,isocontour,11.283791670955125,34043.49,71.64,-15.7,12.1,1.044,-0.7,0.4,0.8,-7.9,-16.6,1.133,21,3,0,0,3
71.8,Target,,,,,0.0,0.0,4.023,0.0,0.0,,,,,,,,,
71.9,1,isocontour,11.283791670955125,33181.0,69.83,19.7,6.9,0.982,-0.9,0.5,1.0,-7.9,-16.6,1.133,21,6,0,0,6
71.9,2,isocontour,11.283791670955125,31730.5,66.77,8.5,19.0,0.985,1.3,0.5,1.4,-7.9,-16.6,1.133,21,3,0,0,3
71.9,3,isocontour,11.283791670955125,33277.8,70.03,16.0,13.2,0.991,0.8,-0.6,1.0,-7.9,-16.6,1.133,21,5,0,0,5
71.9,4,isocontour,11.283791670955125,36510.56,76.83,18.6,5.7,1.068,-0.5,0.7,0.9,-7.9,-16.6,1.133,21,6,0,0,6
71.9,5,isocontour,11.283791670955125,34816.59,73.27,18.3,6.6,1.067,-1.7,1.1,2.0,-7.9,-16.6,1.133,21,6,0,0,6
71.9,6,isocontour,11.283791670955125,36480.3,76.77,17.3,-7.7,1.096,1.0,0.7,1.2,-7.9,-16.6,1.133,21,4,0,0,4
71.9,7,isocontour,11.283791670955125,34563.9,72.74,-16.3,13.0,0.988,1.5,3.7,4.0,-7.9,-16.6,1.133,21,3,0,0,3
71.9,8,isocontour,11.283791670955125,36303.04,76.4,17.6,-6.7,1.103,0.9,2.4,2.6,-7.9,-16.6,1.133,21,4,0,0,4
71.9,9,isocontour,11.283791670955125,34325.64,72.23,20.7,-0.1,0.995,-2.0,1.5,2.5,-7.9,-16.6,1.133,21,6,0,0,6
71.9,10,isocontour,11.283791670955125,34251.48,72.08,14.2,-15.7,0.968,-1.2,-1.1,1.6,-7.9,-16.6,1.133,21,4,0,0,4
71.9,11,isocontour,11.283791670955125,35705.37,75.14,-18.2,-7.6,1.051,-0.4,0.6,0.7,-7.9,-16.6,1.133,21,3,0,0,3
71.9,12,isocontour,11.283791670955125,34299.76,72.18,-15.4,-14.2,0.983,0.2,-0.7,0.7,-7.9,-16.6,1.133,21,3,0,0,3
71.9,13,isocontour,11.283791670955125,33018.79,69.48,20.9,-1.8,0.98,-0.8,2.6,2.7,-7.9,-16.6,1.133,21,6,0,0,6
71.9,14,isocontour,11.283791670955125,33703.88,70.93,9.5,-17.3,1.051,-2.4,0.1,2.4,-7.9,-16.6,1.133,21,3,0,0,3
71.9,15,isocontour,11.283791670955125,32838.08,69.1,0.8,20.8,0.987,2.8,-0.8,2.9,-7.9,-16.6,1.133,21,2,0,0,2
71.9,16,isocontour,11.283791670955125,46657.56,98.19,-24.6,22.5,0.5,-0.1,-0.9,0.9,-24.6,22.5,0.5,16,0,0,0,0
71.9,17,isocontour,11.283791670955125,32938.23,69.31,15.2,14.0,0.996,-1.7,2.5,3.0,-7.9,-16.6,1.133,21,5,0,0,5
71.9,18,isocontour,11.283791670955125,38206.31,80.4,-10.1,18.2,0.989,-0.2,-2.6,2.6,-7.9,-16.6,1.133,21,3,0,0,3
71.9,19,isocontour,11.283791670955125,34395.22,72.38,-20.7,1.5,0.989,-1.1,2.2,2.5,-7.9,-16.6,1.133,21,3,0,0,3
71.9,20,isocontour,11.283791670955125,34563.29,72.73,5.2,-20.1,0.992,-2.9,-0.2,2.9,-7.9,-16.6,1.133,21,3,0,0,3
71.9,21,isocontour,11.283791670955125,33683.34,70.88,-7.9,-17.0,1.108,1.8,-1.7,2.5,-7.9,-17.0,1.133,21,2,0,0,2
71.9,22,isocontour,11.283791670955125,36782.59,77.4,-19.5,-7.0,0.991,-0.2,-1.3,1.3,-7.9,-16.6,1.133,21,3,0,0,3
71.9,23,isocontour,11.283791670955125,38042.91,80.06,-19.8,6.7,0.984,-1.8,0.3,1.8,-7.9,-16.6,1.133,21,3,0,0,3
71.9,24,isocontour,11.283791670955125,35123.64,73.91,0.2,-20.7,0.996,-1.2,-0.1,1.2,-7.9,-16.6,1.133,21,3,0,0,3
71.9,25,isocontour,11.283791670955125,34035.83,71.62,-15.9,12.1,1.038,-1.7,-0.6,1.8,-7.9,-16.6,1.133,21,3,0,0,3
71.9,Target,,,,,0.0,0.0,4.023,0.0,0.0,,,,,,,,,
72.0,1,isocontour,11.283791670955125,33179.3,69.82,19.6,6.9,0.987,-1.1,0.3,1.1,19.6,6.9,0.982,1,6,0,0,6
72.0,2,isocontour,11.283791670955125,31727.51,66.77,8.6,19.1,0.98,1.3,0.4,1.4,8.6,19.1,0.985,2,3,0,0,3
72.0,3,isocontour,11.283791670955125,33275.42,70.02,16.1,13.2,0.986,0.4,1.1,1.2,16.1,13.2,0.991,3,5,0,0,5
72.0,4,isocontour,11.283791670955125,36508.99,76.83,18.5,5.8,1.071,-0.9,0.6,1.1,18.5,5.8,1.068,4,6,0,0,6
72.0,5,isocontour,11.283791670955125,34795.12,73.22,18.2,6.8,1.067,-0.7,2.5,2.6,18.2,6.8,1.067,5,6,0,0,6
72.0,6,isocontour,11.283791670955125,36479.24,76.77,17.4,-7.6,1.095,0.5,0.8,0.9,17.4,-7.6,1.096,6,4,0,0,4
72.0,7,isocontour,11.283791670955125,34517.27,72.64,-16.2,13.3,0.978,0.1,3.3,3.3,-16.2,13.3,0.988,7,3,0,0,3
72.0,8,isocontour,11.283791670955125,36283.96,76.36,17.7,-6.4,1.106,0.3,2.4,2.4,17.7,-6.4,1.103,8,4,0,0,4
72.0,9,isocontour,11.283791670955125,34323.7,72.23,20.6,-0.1,0.997,-0.2,-1.1,1.1,20.6,-0.1,0.995,9,6,0,0,6
72.0,10,isocontour,11.283791670955125,34221.28,72.01,13.9,-15.8,0.975,-2.8,-0.3,2.8,13.9,-15.8,0.968,10,4,0,0,4
72.0,11,isocontour,11.283791670955125,35704.93,75.14,-18.2,-7.5,1.05,-0.3,0.6,0.7,-18.2,-7.5,1.051,11,3,0,0,3
72.0,12,isocontour,11.283791670955125,34282.25,72.14,-15.4,-14.0,0.99,-0.1,2.4,2.4,-15.4,-14.0,0.983,12,3,0,0,3
72.0,13,isocontour,11.283791670955125,32993.06,69.43,20.8,-1.6,0.985,-0.8,2.6,2.7,20.8,-1.6,0.98,13,6,0,0,6
72.0,14,isocontour,11.283791670955125,33689.83,70.9,9.3,-17.4,1.049,-1.5,-1.6,2.2,9.3,-17.4,1.051,14,3,0,0,3
72.0,15,isocontour,11.283791670955125,32804.3,69.03,0.6,20.7,0.991,-2.9,-0.6,3.0,0.6,20.7,0.987,15,2,0,0,2
72.0,16,isocontour,11.283791670955125,46656.46,98.18,-24.7,22.6,0.498,-0.6,0.7,0.9,-24.7,22.6,0.5,16,0,0,0,0
72.0,17,isocontour,11.283791670955125,32913.88,69.26,15.0,14.2,0.995,-1.7,2.0,2.6,15.0,14.2,0.996,17,5,0,0,5
72.0,18,isocontour,11.283791670955125,38188.14,80.36,-10.3,18.0,0.991,-2.2,-1.1,2.5,-10.3,18.0,0.989,18,3,0,0,3
72.0,19,isocontour,11.283791670955125,34360.07,72.31,-20.7,1.3,0.989,0.1,-3.0,3.0,-20.7,1.3,0.989,19,3,0,0,3
72.0,20,isocontour,11.283791670955125,34562.15,72.73,5.3,-20.0,0.994,0.8,0.5,0.9,5.3,-20.0,0.992,20,3,0,0,3
72.0,21,isocontour,11.283791670955125,33681.24,70.88,-7.8,-17.1,1.104,0.7,-0.9,1.1,-7.8,-17.1,1.108,21,2,0,0,2
72.0,22,isocontour,11.283791670955125,36762.09,77.36,-19.6,-6.9,0.988,-1.3,2.1,2.5,-19.6,-6.9,0.991,22,3,0,0,3
72.0,23,isocontour,11.283791670955125,38042.39,80.06,-19.8,6.7,0.982,0.2,0.7,0.7,-19.8,6.7,0.984,23,3,0,0,3
72.0,24,isocontour,11.283791670955125,35086.72,73.84,-0.0,-20.7,0.995,-3.1,-0.3,3.1,-0.0,-20.7,0.996,24,3,0,0,3
72.0,25,isocontour,11.283791670955125,34031.45,71.62,-15.9,12.2,1.034,0.3,1.5,1.5,-15.9,12.2,1.038,25,3,0,0,3
72.0,Target,,,,,0.0,0.0,4.023,0.0,0.0,,,,,,,,,
72.1,1,isocontour,11.283791670955125,33166.17,69.79,19.5,6.9,0.998,-1.9,-1.0,2.1,18.5,5.8,1.071,4,6,0,0,6
72.1,2,isocontour,11.283791670955125,31691.3,66.69,8.8,18.9,0.984,2.2,-2.1,3.0,15.0,14.2,0.996,17,3,0,0,3
72.1,3,isocontour,11.283791670955125,33273.27,70.02,16.1,13.2,0.99,-0.6,-1.0,1.2,18.5,5.8,1.071,4,5,0,0,5
72.1,4,isocontour,11.283791670955125,36507.15,76.82,18.5,5.7,1.069,0.8,-0.8,1.1,18.5,5.7,1.071,4,6,0,0,6
72.1,5,isocontour,11.283791670955125,34756.74,73.14,18.3,6.6,1.068,0.9,-3.0,3.1,18.5,5.8,1.071,4,6,0,0,6
72.1,6,isocontour,11.283791670955125,36476.24,76.76,17.5,-7.5,1.093,0.8,1.1,1.4,17.7,-6.4,1.106,8,4,0,0,4
72.1,7,isocontour,11.283791670955125,34514.65,72.63,-16.1,13.3,0.981,1.2,-0.4,1.3,-15.9,12.2,1.038,25,3,0,0,3
72.1,8,isocontour,11.283791670955125,36273.51,76.33,17.7,-6.2,1.11,-0.1,2.0,2.0,17.7,-6.2,1.106,8,4,0,0,4
72.1,9,isocontour,11.283791670955125,34315.13,72.21,20.8,-0.1,0.989,1.8,0.6,1.9,17.7,-6.4,1.106,8,6,0,0,6
72.1,10,isocontour,11.283791670955125,34220.69,72.01,13.8,-15.8,0.978,-0.7,-0.2,0.7,17.7,-6.4,1.106,8,4,0,0,4
72.1,11,isocontour,11.283791670955125,35704.08,75.13,-18.2,-7.4,1.051,-0.1,0.8,0.8,-18.2,-7.4,1.051,11,3,0,0,3
72.1,12,isocontour,11.283791670955125,34281.15,72.14,-15.4,-14.0,0.988,-0.2,-0.9,0.9,-7.8,-17.1,1.108,21,3,0,0,3
72.1,13,isocontour,11.283791670955125,32970.05,69.38,20.7,-1.3,0.99,-0.6,2.5,2.6,17.7,-6.4,1.106,8,6,0,0,6
72.1,14,isocontour,11.283791670955125,33688.83,70.89,9.2,-17.4,1.05,-0.9,-0.1,0.9,9.2,-17.4,1.051,14,3,0,0,3
72.1,15,isocontour,11.283791670955125,32803.79,69.03,0.6,20.8,0.989,0.6,0.4,0.7,-10.3,18.0,0.991,18,2,0,0,2
72.1,16,isocontour,11.283791670955125,46655.37,98.18,-24.7,22.7,0.496,0.0,0.9,0.9,-24.7,22.7,0.5,16,0,0,0,0
72.1,17,isocontour,11.283791670955125,32913.36,69.26,15.0,14.3,0.993,-0.2,0.7,0.7,18.5,5.8,1.071,4,5,0,0,5
72.1,18,isocontour,11.283791670955125,38182.43,80.35,-10.4,17.9,0.992,-1.2,-1.1,1.6,-15.9,12.2,1.038,25,3,0,0,3
72.1,19,isocontour,11.283791670955125,34357.39,72.3,-20.7,1.2,0.992,0.6,-1.1,1.3,-18.2,-7.5,1.051,11,3,0,0,3
72.1,20,isocontour,11.283791670955125,34541.17,72.69,5.4,-20.2,0.984,1.9,-1.7,2.5,9.3,-17.4,1.051,14,3,0,0,3
72.1,21,isocontour,11.283791670955125,33654.94,70.82,-7.6,-17.2,1.105,2.6,-1.0,2.8,-7.6,-17.2,1.108,21,2,0,0,2
72.1,22,isocontour,11.283791670955125,36759.42,77.36,-19.5,-6.8,0.994,1.2,0.3,1.2,-18.2,-7.5,1.051,11,3,0,0,3
72.1,23,isocontour,11.283791670955125,38041.78,80.05,-19.8,6.7,0.983,-0.0,-0.8,0.8,-15.9,12.2,1.038,25,3,0,0,3
72.1,24,isocontour,11.283791670955125,34932.01,73.51,-0.5,-20.7,0.992,-4.9,-0.4,4.9,-7.8,-17.1,1.108,21,3,0,0,3
72.1,25,isocontour,11.283791670955125,34023.41,71.6,-15.7,12.2,1.038,1.8,0.5,1.9,-15.7,12.2,1.038,25,3,0,0,3
72.1,Target,,,,,0.0,0.0,4.023,0.0,0.0,,,,,,,,,
72.2,1,isocontour,11.283791670955125,33132.39,69.72,19.5,6.6,1.0,1.0,-2.8,3.0,17.7,-6.4,1.106,8,6,0,0,6
72.2,2,isocontour,11.283791670955125,31688.37,66.68,8.9,18.8,0.989,0.6,-1.2,1.3,18.5,5.8,1.071,4,3,0,0,3
72.2,3,isocontour,11.283791670955125,33249.73,69.97,16.1,12.9,0.998,0.3,-2.6,2.6,18.5,5.8,1.071,4,5,0,0,5
72.2,4,isocontour,11.283791670955125,36506.76,76.82,18.5,5.8,1.068,0.1,0.7,0.7,17.7,-6.4,1.106,8,6,0,0,6
72.2,5,isocontour,11.283791670955125,34753.02,73.13,18.4,6.6,1.061,1.4,0.2,1.4,17.7,-6.4,1.106,8,6,0,0,6
72.2,6,isocontour,11.283791670955125,36449.07,76.7,17.5,-7.3,1.096,0.4,2.7,2.7,17.7,-6.2,1.11,8,4,0,0,4
72.2,7,isocontour,11.283791670955125,34508.07,72.62,-16.0,13.4,0.984,1.4,1.1,1.8,-15.9,12.2,1.038,25,3,0,0,3
72.2,8,isocontour,11.283791670955125,36246.63,76.28,17.8,-6.0,1.107,1.6,2.2,2.7,17.8,-6.0,1.11,8,4,0,0,4
72.2,9,isocontour,11.283791670955125,34310.92,72.2,20.9,-0.0,0.981,1.4,0.6,1.5,17.7,-6.2,1.11,8,6,0,0,6
72.2,10,isocontour,11.283791670955125,34211.57,71.99,13.6,-15.7,0.987,-1.8,0.8,2.0,17.7,-6.2,1.11,8,4,0,0,4
72.2,11,isocontour,11.283791670955125,35689.84,75.1,-18.4,-7.3,1.047,-1.5,1.6,2.2,-7.8,-17.1,1.108,21,3,0,0,3
72.2,12,isocontour,11.283791670955125,34281.05,72.14,-15.4,-14.0,0.988,-0.0,0.4,0.4,-7.8,-17.1,1.108,21,3,0,0,3
72.2,13,isocontour,11.283791670955125,32969.28,69.38,20.7,-1.2,0.993,-0.5,0.7,0.9,17.7,-6.2,1.11,8,6,0,0,6
72.2,14,isocontour,11.283791670955125,33685.83,70.89,9.1,-17.5,1.048,-0.9,-0.9,1.3,-7.8,-17.1,1.108,21,3,0,0,3
72.2,15,isocontour,11.283791670955125,32777.78,68.98,0.4,20.8,0.988,-2.7,0.3,2.7,15.0,14.2,0.996,17,1,0,0,1
72.2,16,isocontour,11.283791670955125,46654.27,98.18,-24.7,22.6,0.498,0.3,-0.9,0.9,-24.7,22.6,0.5,16,0,0,0,0
72.2,17,isocontour,11.283791670955125,32841.91,69.11,14.9,14.6,0.985,-1.2,3.6,3.8,18.5,5.8,1.071,4,5,0,0,5
72.2,18,isocontour,11.283791670955125,38162.18,80.31,-10.3,18.0,0.991,2.1,1.4,2.5,-15.9,12.2,1.038,25,2,0,0,2
72.2,19,isocontour,11.283791670955125,34336.16,72.26,-20.7,1.4,0.99,-0.4,2.5,2.5,-18.2,-7.5,1.051,11,3,0,0,3
72.2,20,isocontour,11.283791670955125,34515.15,72.63,5.3,-20.3,0.978,-2.3,-1.5,2.7,-7.8,-17.1,1.108,21,3,0,0,3
72.2,21,isocontour,11.283791670955125,33654.12,70.82,-7.5,-17.3,1.103,0.6,-0.6,0.8,-7.8,-17.1,1.108,21,2,0,0,2
72.2,22,isocontour,11.283791670955125,36757.42,77.35,-19.5,-6.9,0.995,0.3,-1.1,1.1,-7.8,-17.1,1.108,21,3,0,0,3
72.2,23,isocontour,11.283791670955125,38023.16,80.02,-19.7,6.5,0.991,1.0,-2.2,2.4,-18.2,-7.5,1.051,11,3,0,0,3
72.2,24,isocontour,11.283791670955125,34915.79,73.48,-0.7,-20.9,0.984,-1.5,-1.7,2.3,-7.8,-17.1,1.108,21,3,0,0,3
72.2,25,isocontour,11.283791670955125,34022.57,71.6,-15.6,12.3,1.039,0.5,0.7,0.9,-15.6,12.3,1.038,25,3,0,0,3
72.2,Target,,,,,0.0,0.0,4.023,0.0,0.0,,,,,,,,,
72.3,1,isocontour,11.283791670955125,33038.28,69.52,19.7,6.8,0.983,2.5,3.3,4.1,17.7,-6.2,1.11,8,6,0,0,6
72.3,2,isocontour,11.283791670955125,31671.93,66.65,9.1,18.7,0.988,2.2,-0.7,2.3,18.5,5.8,1.071,4,3,0,0,3
72.3,3,isocontour,11.283791670955125,33231.34,69.93,15.9,13.0,1.0,-1.7,1.7,2.4,17.7,-6.4,1.106,8,5,0,0,5
72.3,4,isocontour,11.283791670955125,36489.69,76.79,18.7,5.9,1.057,1.4,1.9,2.4,17.7,-6.2,1.11,8,6,0,0,6
72.3,5,isocontour,11.283791670955125,34732.52,73.09,18.6,6.5,1.051,2.2,-1.2,2.5,17.7,-6.2,1.11,8,6,0,0,6
72.3,6,isocontour,11.283791670955125,36446.69,76.7,17.6,-7.1,1.096,0.6,1.0,1.2,17.7,-6.2,1.11,8,4,0,0,4
72.3,7,isocontour,11.283791670955125,34473.95,72.55,-15.9,13.2,0.997,1.3,-2.7,3.0,-18.2,-7.5,1.051,11,3,0,0,3
72.3,8,isocontour,11.283791670955125,36244.14,76.27,17.9,-5.9,1.101,1.2,0.4,1.3,17.9,-5.9,1.11,8,4,0,0,4
72.3,9,isocontour,11.283791670955125,34310.15,72.2,20.9,0.0,0.983,-0.5,0.7,0.9,17.7,-6.2,1.11,8,6,0,0,6
72.3,10,isocontour,11.283791670955125,34174.65,71.92,13.6,-15.5,1.0,-0.3,3.1,3.1,17.7,-6.2,1.11,8,4,0,0,4
72.3,11,isocontour,11.283791670955125,35669.35,75.06,-18.5,-7.0,1.047,-0.9,2.4,2.6,-7.8,-17.1,1.108,21,3,0,0,3
72.3,12,isocontour,11.283791670955125,34258.56,72.09,-15.5,-13.8,0.994,-0.7,2.5,2.6,-7.8,-17.1,1.108,21,3,0,0,3
72.3,13,isocontour,11.283791670955125,32967.08,69.38,20.7,-1.3,0.992,0.2,-1.2,1.2,17.7,-6.2,1.11,8,6,0,0,6
72.3,14,isocontour,11.283791670955125,33682.48,70.88,9.1,-17.6,1.044,-0.8,-1.1,1.4,17.7,-6.2,1.11,8,3,0,0,3
72.3,15,isocontour,11.283791670955125,32754.24,68.93,0.2,20.7,0.995,-2.1,-1.6,2.6,18.5,5.8,1.071,4,2,0,0,2
72.3,16,isocontour,11.283791670955125,46653.17,98.18,-24.6,22.5,0.5,0.1,-0.9,0.9,-24.6,22.5,0.5,16,0,0,0,0
72.3,17,isocontour,11.283791670955125,32839.92,69.11,14.9,14.6,0.987,0.0,-1.1,1.1,17.7,-6.4,1.106,8,5,0,0,5
72.3,18,isocontour,11.283791670955125,38148.31,80.28,-10.0,18.1,0.993,2.1,0.7,2.2,-15.6,12.3,1.039,25,3,0,0,3
72.3,19,isocontour,11.283791670955125,34305.96,72.19,-21.0,1.4,0.976,-2.8,0.4,2.8,-7.8,-17.1,1.108,21,3,0,0,3
72.3,20,isocontour,11.283791670955125,34505.6,72.61,5.3,-20.2,0.985,0.6,1.9,2.0,17.7,-6.2,1.11,8,3,0,0,3
72.3,21,isocontour,11.283791670955125,33622.65,70.75,-7.7,-17.3,1.099,-2.9,0.5,2.9,-7.8,-17.1,1.108,21,2,0,0,2
72.3,22,isocontour,11.283791670955125,36746.66,77.33,-19.6,-7.0,0.985,-1.9,-0.8,2.1,-7.8,-17.1,1.108,21,3,0,0,3
72.3,23,isocontour,11.283791670955125,38022.03,80.01,-19.8,6.4,0.99,-0.7,-0.6,0.9,-18.2,-7.5,1.051,11,3,0,0,3
72.3,24,isocontour,11.283791670955125,34906.66,73.46,-0.6,-20.9,0.98,1.8,-0.6,1.9,-7.8,-17.1,1.108,21,3,0,0,3
72.3,25,isocontour,11.283791670955125,34021.63,71.59,-15.6,12.3,1.043,0.9,-0.0,0.9,-18.2,-7.5,1.051,11,3,0,0,3
72.3,Target,,,,,0.0,0.0,4.023,0.0,0.0,,,,,,,,,
72.4,1,isocontour,11.283791670955125,33027.35,69.5,19.8,7.1,0.978,-0.1,2.0,2.0,17.7,-6.2,1.11,8,6,0,0,6
72.4,2,isocontour,11.283791670955125,31669.38,66.64,9.2,18.6,0.99,0.7,-1.0,1.2,17.7,-6.4,1.106,8,3,0,0,3
72.4,3,isocontour,11.283791670955125,33230.4,69.93,15.8,13.1,1.002,-0.7,0.5,0.9,17.7,-6.2,1.11,8,5,0,0,5
72.4,4,isocontour,11.283791670955125,36489.26,76.79,18.7,6.0,1.057,-0.4,0.5,0.6,17.7,-6.2,1.11,8,6,0,0,6
72.4,5,isocontour,11.283791670955125,34710.79,73.04,18.5,6.7,1.05,-1.0,2.4,2.6,17.7,-6.2,1.11,8,6,0,0,6
72.4,6,isocontour,11.283791670955125,36426.2,76.65,17.5,-7.3,1.095,-0.9,-2.4,2.6,17.7,-6.2,1.11,8,4,0,0,4
72.4,7,isocontour,11.283791670955125,34469.91,72.54,-15.9,13.0,1.002,-0.5,-1.4,1.5,-18.2,-7.5,1.051,11,3,0,0,3
72.4,8,isocontour,11.283791670955125,36242.53,76.27,17.9,-6.0,1.102,-0.7,-0.8,1.1,17.9,-6.0,1.11,8,4,0,0,4
72.4,9,isocontour,11.283791670955125,34289.17,72.16,20.8,0.2,0.989,-1.2,2.2,2.5,17.7,-6.2,1.11,8,6,0,0,6
72.4,10,isocontour,11.283791670955125,34172.55,71.91,13.7,-15.4,1.001,1.0,0.6,1.2,17.7,-6.2,1.11,8,4,0,0,4
72.4,11,isocontour,11.283791670955125,35665.47,75.05,-18.4,-7.1,1.05,1.0,-1.0,1.4,-7.8,-17.1,1.108,21,3,0,0,3
72.4,12,isocontour,11.283791670955125,34257.9,72.09,-15.5,-13.8,0.991,-0.6,-0.5,0.8,-7.8,-17.1,1.108,21,3,0,0,3
72.4,13,isocontour,11.283791670955125,32964.76,69.37,20.8,-1.4,0.988,0.8,-0.9,1.2,17.7,-6.2,1.11,8,6,0,0,6
72.4,14,isocontour,11.283791670955125,33645.92,70.8,9.3,-17.5,1.042,2.8,1.1,3.0,17.7,-6.2,1.11,8,3,0,0,3
72.4,15,isocontour,11.283791670955125,32752.29,68.92,0.2,20.7,0.994,1.1,0.4,1.2,18.5,5.8,1.071,4,2,0,0,2
72.4,16,isocontour,11.283791670955125,46652.07,98.17,-24.6,22.4,0.501,-0.1,-0.9,0.9,-24.6,22.4,0.5,16,0,0,0,0
72.4,17,isocontour,11.283791670955125,32817.68,69.06,14.9,14.3,0.995,0.5,-2.6,2.6,17.7,-6.2,1.11,8,5,0,0,5
72.4,18,isocontour,11.283791670955125,38140.91,80.26,-10.0,18.3,0.988,0.7,1.6,1.7,18.5,5.8,1.071,4,3,0,0,3
72.4,19,isocontour,11.283791670955125,34193.35,71.96,-20.9,1.1,0.98,1.1,-4.3,4.4,-7.8,-17.1,1.108,21,3,0,0,3
72.4,20,isocontour,11.283791670955125,34496.19,72.59,5.5,-20.1,0.985,1.9,0.2,1.9,17.7,-6.2,1.11,8,3,0,0,3
72.4,21,isocontour,11.283791670955125,33610.4,70.73,-7.9,-17.2,1.094,-2.1,0.1,2.1,-7.8,-17.1,1.108,21,2,0,0,2
72.4,22,isocontour,11.283791670955125,36746.57,77.33,-19.7,-7.0,0.984,0.1,0.4,0.4,-7.8,-17.1,1.108,21,3,0,0,3
72.4,23,isocontour,11.283791670955125,38018.68,80.01,-19.8,6.5,0.985,-0.7,1.2,1.4,-7.8,-17.1,1.108,21,3,0,0,3
72.4,24,isocontour,11.283791670955125,34904.46,73.45,-0.5,-20.9,0.983,0.9,0.7,1.1,17.7,-6.2,1.11,8,3,0,0,3
72.4,25,isocontour,11.283791670955125,34021.11,71.59,-15.5,12.4,1.042,0.1,0.7,0.7,-18.2,-7.5,1.051,11,3,0,0,3
72.4,Target,,,,,0.0,0.0,4.023,0.0,0.0,,,,,,,,,
72.5,1,isocontour,11.283791670955125,33022.62,69.49,19.6,7.1,0.983,-1.5,0.2,1.5,17.7,-6.2,1.11,8,6,0,0,6
72.5,2,isocontour,11.283791670955125,31661.6,66.63,9.2,18.7,0.983,0.3,1.8,1.8,17.7,-6.2,1.11,8,3,0,0,3
72.5,3,isocontour,11.283791670955125,33229.27,69.93,15.8,13.0,1.004,0.2,-0.9,0.9,17.7,-6.2,1.11,8,5,0,0,5
72.5,4,isocontour,11.283791670955125,36488.7,76.79,18.6,6.1,1.059,-0.5,0.5,0.7,17.7,-6.2,1.11,8,6,0,0,6
72.5,5,isocontour,11.283791670955125,34710.29,73.04,18.5,6.8,1.051,-0.5,0.5,0.7,17.7,-6.2,1.11,8,6,0,0,6
72.5,6,isocontour,11.283791670955125,36409.77,76.62,17.5,-7.6,1.092,-0.4,-2.3,2.3,17.7,-6.2,1.11,8,4,0,0,4
72.5,7,isocontour,11.283791670955125,34467.96,72.53,-15.9,13.1,0.999,-0.0,1.1,1.1,-7.8,-17.1,1.108,21,3,0,0,3
72.5,8,isocontour,11.283791670955125,36241.05,76.26,17.8,-6.1,1.104,-0.7,-0.8,1.1,17.8,-6.1,1.11,8,4,0,0,4
72.5,9,isocontour,11.283791670955125,34283.46,72.15,20.6,0.2,0.998,-1.6,-0.2,1.6,17.7,-6.2,1.11,8,6,0,0,6
72.5,10,isocontour,11.283791670955125,34154.39,71.87,13.9,-15.3,0.995,2.4,0.4,2.4,17.7,-6.2,1.11,8,4,0,0,4
72.5,11,isocontour,11.283791670955125,35627.83,74.97,-18.3,-7.3,1.051,1.3,-2.8,3.1,-7.8,-17.1,1.108,21,3,0,0,3
72.5,12,isocontour,11.283791670955125,34256.19,72.09,-15.5,-13.9,0.988,0.3,-1.1,1.1,-7.8,-17.1,1.108,21,3,0,0,3
72.5,13,isocontour,11.283791670955125,32963.48,69.37,20.8,-1.5,0.983,0.8,-0.6,1.0,17.7,-6.2,1.11,8,6,0,0,6
72.5,14,isocontour,11.283791670955125,33638.51,70.79,9.4,-17.4,1.046,1.0,1.4,1.7,17.7,-6.2,1.11,8,3,0,0,3
72.5,15,isocontour,11.283791670955125,32750.68,68.92,0.3,20.7,0.994,1.1,-0.1,1.1,17.7,-6.4,1.106,8,2,0,0,2
72.5,16,isocontour,11.283791670955125,46650.97,98.17,-24.7,22.5,0.5,-0.8,0.6,1.0,-24.7,22.5,0.501,16,0,0,0,0
72.5,17,isocontour,11.283791670955125,32804.73,69.03,14.7,14.4,0.999,-1.9,1.0,2.1,17.7,-6.2,1.11,8,5,0,0,5
72.5,18,isocontour,11.283791670955125,38138.53,80.26,-9.8,18.3,0.989,1.2,0.2,1.2,18.5,5.8,1.071,4,3,0,0,3
72.5,19,isocontour,11.283791670955125,34187.22,71.94,-20.8,0.9,0.988,1.4,-0.9,1.7,-7.8,-17.1,1.108,21,3,0,0,3
72.5,20,isocontour,11.283791670955125,34491.46,72.58,5.6,-20.0,0.989,0.9,1.2,1.5,17.7,-6.2,1.11,8,3,0,0,3
72.5,21,isocontour,11.283791670955125,33585.22,70.68,-8.2,-17.1,1.094,-2.4,1.2,2.7,17.7,-6.2,1.11,8,2,0,0,2
72.5,22,isocontour,11.283791670955125,36716.68,77.27,-19.5,-7.1,0.991,2.2,-1.8,2.8,-7.8,-17.1,1.108,21,3,0,0,3
72.5,23,isocontour,11.283791670955125,38016.68,80.0,-19.8,6.5,0.987,1.0,0.6,1.2,-7.8,-17.1,1.108,21,3,0,0,3
72.5,24,isocontour,11.283791670955125,34873.94,73.39,-0.2,-20.8,0.987,2.8,0.7,2.9,17.7,-6.2,1.11,8,3,0,0,3
72.5,25,isocontour,11.283791670955125,34020.52,71.59,-15.6,12.4,1.038,-0.2,0.7,0.7,-7.8,-17.1,1.108,21,3,0,0,3
72.5,Target,,,,,0.0,0.0,4.023,0.0,0.0,,,,,,,,,
72.6,1,isocontour,11.283791670955125,33007.21,69.46,19.4,7.2,0.994,-2.2,0.5,2.3,17.7,-6.2,1.11,8,6,0,0,6
72.6,2,isocontour,11.283791670955125,31660.66,66.63,9.3,18.8,0.98,0.9,-0.0,0.9,17.7,-6.2,1.11,8,3,0,0,3
72.6,3,isocontour,11.283791670955125,33226.71,69.92,15.9,12.9,1.004,0.9,-0.8,1.2,17.7,-6.2,1.11,8,5,0,0,5
72.6,4,isocontour,11.283791670955125,36468.44,76.74,18.5,6.3,1.06,-0.9,2.4,2.6,17.7,-6.2,1.11,8,6,0,0,6
72.6,5,isocontour,11.283791670955125,34699.37,73.02,18.3,6.9,1.059,-1.8,0.9,2.0,17.7,-6.2,1.11,8,6,0,0,6
72.6,6,isocontour,11.283791670955125,36407.15,76.61,17.5,-7.5,1.091,0.6,1.1,1.3,17.7,-6.2,1.11,8,4,0,0,4
72.6,7,isocontour,11.283791670955125,34464.24,72.53,-15.9,13.3,0.994,0.1,1.4,1.4,-7.8,-17.1,1.108,21,3,0,0,3
72.6,8,isocontour,11.283791670955125,36240.01,76.26,17.8,-6.0,1.105,0.2,0.9,0.9,17.8,-6.0,1.11,8,4,0,0,4
72.6,9,isocontour,11.283791670955125,34281.14,72.14,20.6,0.1,1.0,-0.1,-1.2,1.2,17.7,-6.2,1.11,8,6,0,0,6
72.6,10,isocontour,11.283791670955125,34119.58,71.8,14.1,-15.2,0.992,2.4,1.8,3.0,17.7,-6.2,1.11,8,4,0,0,4
72.6,11,isocontour,11.283791670955125,35621.02,74.96,-18.3,-7.2,1.054,-0.0,1.7,1.7,-7.8,-17.1,1.108,21,3,0,0,3
72.6,12,isocontour,11.283791670955125,34255.65,72.09,-15.5,-13.8,0.989,-0.3,0.7,0.8,17.7,-6.2,1.11,8,3,0,0,3
72.6,13,isocontour,11.283791670955125,32941.24,69.32,20.8,-1.3,0.985,-0.5,2.5,2.5,17.7,-6.2,1.11,8,6,0,0,6
72.6,14,isocontour,11.283791670955125,33620.79,70.75,9.3,-17.5,1.045,-2.0,-1.4,2.4,17.7,-6.2,1.11,8,3,0,0,3
72.6,15,isocontour,11.283791670955125,32749.07,68.92,0.4,20.7,0.994,1.1,-0.0,1.1,17.7,-6.2,1.11,8,2,0,0,2
72.6,16,isocontour,11.283791670955125,46649.87,98.17,-24.7,22.4,0.501,0.8,-0.5,0.9,-24.7,22.4,0.501,16,0,0,0,0
72.6,17,isocontour,11.283791670955125,32694.37,68.8,14.5,14.7,0.995,-2.4,3.7,4.4,17.7,-6.2,1.11,8,5,0,0,5
72.6,18,isocontour,11.283791670955125,38134.96,80.25,-9.9,18.2,0.994,-0.4,-1.3,1.4,-7.8,-17.1,1.108,21,3,0,0,3
72.6,19,isocontour,11.283791670955125,34184.42,71.94,-20.7,0.8,0.992,0.6,-1.2,1.3,-7.8,-17.1,1.108,21,3,0,0,3
72.6,20,isocontour,11.283791670955125,34455.6,72.51,5.8,-19.9,0.992,2.8,1.2,3.0,17.7,-6.2,1.11,8,3,0,0,3
72.6,21,isocontour,11.283791670955125,33579.82,70.66,-8.2,-17.3,1.086,-0.2,-1.6,1.6,17.7,-6.2,1.11,8,2,0,0,2
72.6,22,isocontour,11.283791670955125,36714.63,77.26,-19.4,-7.2,0.993,0.5,-1.0,1.1,-7.8,-17.1,1.108,21,3,0,0,3
72.6,23,isocontour,11.283791670955125,38015.2,80.0,-19.7,6.6,0.991,0.8,0.6,1.0,-7.8,-17.1,1.108,21,3,0,0,3
72.6,24,isocontour,11.283791670955125,34842.79,73.32,0.1,-20.8,0.991,2.8,0.7,2.9,17.7,-6.2,1.11,8,3,0,0,3
72.6,25,isocontour,11.283791670955125,34010.07,71.57,-15.7,12.6,1.028,-1.4,1.5,2.1,-7.8,-17.1,1.108,21,3,0,0,3
72.6,Target,,,,,0.0,0.0,4.023,0.0,0.0,,,,,,,,,
72.7,1,isocontour,11.283791670955125,33004.21,69.45,19.4,7.1,0.995,0.4,-1.2,1.3,17.7,-6.2,1.11,8,6,0,0,6
72.7,2,isocontour,11.283791670955125,31633.2,66.57,9.4,18.5,0.989,0.7,-2.7,2.8,17.7,-6.2,1.11,8,3,0,0,3
72.7,3,isocontour,11.283791670955125,33115.61,69.69,15.8,13.3,0.998,-1.9,4.0,4.4,17.7,-6.2,1.11,8,5,0,0,5
72.7,4,isocontour,11.283791670955125,36463.52,76.73,18.6,6.2,1.057,1.0,-1.2,1.6,17.7,-6.2,1.11,8,6,0,0,6
72.7,5,isocontour,11.283791670955125,34661.36,72.94,18.4,6.6,1.061,0.9,-3.0,3.1,17.7,-6.2,1.11,8,6,0,0,6
72.7,6,isocontour,11.283791670955125,36376.0,76.55,17.5,-7.2,1.095,0.4,2.9,2.9,17.7,-6.2,1.11,8,4,0,0,4
72.7,7,isocontour,11.283791670955125,34375.38,72.34,-16.1,13.5,0.974,-3.1,2.7,4.1,-7.8,-17.1,1.108,21,3,0,0,3
72.7,8,isocontour,11.283791670955125,36228.44,76.24,17.8,-5.8,1.11,-0.2,2.1,2.1,17.8,-5.8,1.11,8,4,0,0,4
72.7,9,isocontour,11.283791670955125,34262.98,72.1,20.8,0.0,0.99,2.1,-1.2,2.4,17.7,-6.2,1.11,8,6,0,0,6
72.7,10,isocontour,11.283791670955125,34104.37,71.77,14.4,-15.1,0.985,2.3,0.3,2.3,17.7,-6.2,1.11,8,4,0,0,4
72.7,11,isocontour,11.283791670955125,35619.45,74.96,-18.3,-7.2,1.052,-0.8,0.7,1.1,17.7,-6.2,1.11,8,3,0,0,3
72.7,12,isocontour,11.283791670955125,34250.73,72.08,-15.6,-13.7,0.988,-1.2,1.0,1.6,17.7,-6.2,1.11,8,3,0,0,3
72.7,13,isocontour,11.283791670955125,32939.76,69.32,20.7,-1.2,0.989,-0.7,0.7,1.0,17.7,-6.2,1.11,8,6,0,0,6
72.7,14,isocontour,11.283791670955125,33620.25,70.75,9.2,-17.6,1.044,-0.6,-0.4,0.7,17.7,-6.2,1.11,8,3,0,0,3
72.7,15,isocontour,11.283791670955125,32716.62,68.85,0.7,20.7,0.992,2.9,0.5,2.9,17.7,-6.2,1.11,8,2,0,0,2
72.7,16,isocontour,11.283791670955125,46648.77,98.17,-24.7,22.5,0.5,-0.5,0.8,0.9,-24.7,22.5,0.501,16,0,0,0,0
72.7,17,isocontour,11.283791670955125,32656.73,68.72,14.3,14.9,0.995,-2.3,2.1,3.1,17.7,-6.2,1.11,8,5,0,0,5
72.7,18,isocontour,11.283791670955125,38113.73,80.21,-10.1,18.2,0.987,-2.5,0.5,2.5,17.7,-6.2,1.11,8,3,0,0,3
72.7,19,isocontour,11.283791670955125,34182.71,71.93,-20.8,0.8,0.988,-1.1,0.1,1.1,-7.8,-17.1,1.108,21,3,0,0,3
72.7,20,isocontour,11.283791670955125,34452.93,72.5,5.9,-20.0,0.986,0.1,-1.3,1.3,17.7,-6.2,1.11,8,3,0,0,3
72.7,21,isocontour,11.283791670955125,33549.3,70.6,-8.0,-17.3,1.088,2.8,-0.6,2.9,17.7,-6.2,1.11,8,2,0,0,2
72.7,22,isocontour,11.283791670955125,36664.56,77.16,-19.5,-7.5,0.981,-1.8,-2.9,3.4,17.7,-6.2,1.11,8,3,0,0,3
72.7,23,isocontour,11.283791670955125,38003.96,79.97,-19.8,6.5,0.988,-1.3,-1.6,2.1,-7.8,-17.1,1.108,21,3,0,0,3
72.7,24,isocontour,11.283791670955125,34841.92,73.32,0.0,-20.7,0.991,-0.9,-0.1,0.9,17.7,-6.2,1.11,8,3,0,0,3
72.7,25,isocontour,11.283791670955125,33985.99,71.52,-15.5,12.7,1.029,2.1,1.7,2.7,-7.8,-17.1,1.108,21,3,0,0,3
72.7,Target,,,,,0.0,0.0,4.023,0.0,0.0,,,,,,,,,
72.8,1,isocontour,11.283791670955125,33003.5,69.45,19.5,7.1,0.992,0.8,0.1,0.8,17.7,-6.2,1.11,8,6,0,0,6
72.8,2,isocontour,11.283791670955125,31601.73,66.5,9.5,18.3,0.998,1.5,-2.5,2.9,17.7,-6.2,1.11,8,3,0,0,3
72.8,3,isocontour,11.283791670955125,33082.5,69.62,15.8,13.6,0.987,0.4,2.9,2.9,17.7,-6.2,1.11,8,5,0,0,5
72.8,4,isocontour,11.283791670955125,36462.67,76.73,18.6,6.3,1.057,-0.5,0.7,0.9,17.7,-6.2,1.11,8,6,0,0,6
72.8,5,isocontour,11.283791670955125,34639.63,72.89,18.3,6.8,1.062,-1.1,2.3,2.5,17.7,-6.2,1.11,8,6,0,0,6
72.8,6,isocontour,11.283791670955125,36368.09,76.53,17.5,-7.0,1.099,0.0,1.8,1.8,17.7,-6.2,1.11,8,4,0,0,4
72.8,7,isocontour,11.283791670955125,34373.28,72.33,-16.2,13.5,0.972,-0.4,-1.1,1.2,17.7,-6.2,1.11,8,3,0,0,3
72.8,8,isocontour,11.283791670955125,36227.2,76.24,17.9,-5.7,1.107,0.8,0.5,0.9,17.9,-5.7,1.11,8,4,0,0,4
72.8,9,isocontour,11.283791670955125,34259.55,72.1,20.9,0.0,0.982,1.3,0.6,1.4,17.7,-6.2,1.11,8,6,0,0,6
72.8,10,isocontour,11.283791670955125,34101.37,71.76,14.4,-15.0,0.99,-0.5,1.2,1.3,17.7,-6.2,1.11,8,4,0,0,4
72.8,11,isocontour,11.283791670955125,35617.84,74.95,-18.4,-7.1,1.05,-0.7,0.8,1.1,17.7,-6.2,1.11,8,3,0,0,3
72.8,12,isocontour,11.283791670955125,34228.49,72.03,-15.6,-13.5,0.997,0.5,2.5,2.5,17.7,-6.2,1.11,8,3,0,0,3
72.8,13,isocontour,11.283791670955125,32917.52,69.27,20.7,-0.9,0.993,-0.5,2.5,2.5,17.7,-6.2,1.11,8,6,0,0,6
72.8,14,isocontour,11.283791670955125,33617.98,70.74,9.1,-17.6,1.042,-0.7,-1.0,1.2,17.7,-6.2,1.11,8,3,0,0,3
72.8,15,isocontour,11.283791670955125,32714.92,68.84,0.8,20.7,0.991,1.1,-0.1,1.1,17.7,-6.2,1.11,8,2,0,0,2
72.8,16,isocontour,11.283791670955125,46647.67,98.16,-24.6,22.4,0.501,0.5,-0.8,0.9,-24.6,22.4,0.501,16,0,0,0,0
72.8,17,isocontour,11.283791670955125,32608.82,68.62,14.0,15.2,0.997,-2.7,2.0,3.4,17.7,-6.2,1.11,8,5,0,0,5
72.8,18,isocontour,11.283791670955125,38089.65,80.15,-9.9,18.3,0.988,2.5,0.8,2.6,17.7,-6.2,1.11,8,3,0,0,3
72.8,19,isocontour,11.283791670955125,34091.91,71.74,-20.8,1.2,0.985,-0.1,4.2,4.2,17.7,-6.2,1.11,8,3,0,0,3
72.8,20,isocontour,11.283791670955125,34434.98,72.46,5.7,-20.1,0.981,-1.9,-1.5,2.4,17.7,-6.2,1.11,8,3,0,0,3
72.8,21,isocontour,11.283791670955125,33546.44,70.59,-7.9,-17.3,1.092,1.3,0.2,1.3,17.7,-6.2,1.11,8,2,0,0,2
72.8,22,isocontour,11.283791670955125,36664.46,77.16,-19.6,-7.6,0.976,-0.3,-0.3,0.4,17.7,-6.2,1.11,8,3,0,0,3
72.8,23,isocontour,11.283791670955125,37909.18,79.78,-19.9,6.1,0.988,-1.0,-4.1,4.2,-7.8,-17.1,1.108,21,3,0,0,3
72.8,24,isocontour,11.283791670955125,34841.04,73.32,-0.1,-20.8,0.99,-0.9,-0.1,0.9,17.7,-6.2,1.11,8,3,0,0,3
72.8,25,isocontour,11.283791670955125,33984.1,71.52,-15.5,12.7,1.034,0.3,-1.1,1.1,17.7,-6.2,1.11,8,3,0,0,3
72.8,Target,,,,,0.0,0.0,4.023,0.0,0.0,,,,,,,,,
72.9,1,isocontour,11.283791670955125,32950.74,69.34,19.8,7.1,0.975,3.4,0.7,3.5,17.7,-6.2,1.11,8,6,0,0,6
72.9,2,isocontour,11.283791670955125,31577.38,66.45,9.8,18.2,0.995,2.6,-0.4,2.6,17.7,-6.2,1.11,8,3,0,0,3
72.9,3,isocontour,11.283791670955125,33062.96,69.58,15.6,13.8,0.986,-1.7,1.8,2.5,17.7,-6.2,1.11,8,5,0,0,5
72.9,4,isocontour,11.283791670955125,36443.13,76.69,18.4,6.4,1.064,-1.9,1.6,2.5,17.7,-6.2,1.11,8,6,0,0,6
72.9,5,isocontour,11.283791670955125,34618.89,72.85,18.2,7.0,1.063,-1.0,2.3,2.5,17.7,-6.2,1.11,8,6,0,0,6
72.9,6,isocontour,11.283791670955125,36332.24,76.46,17.7,-6.8,1.095,1.9,2.4,3.1,17.7,-6.2,1.11,8,4,0,0,4
72.9,7,isocontour,11.283791670955125,34348.94,72.28,-16.1,13.2,0.984,1.3,-2.4,2.7,17.7,-6.2,1.11,8,3,0,0,3
72.9,8,isocontour,11.283791670955125,36222.08,76.22,18.0,-5.8,1.098,1.5,-0.3,1.5,18.0,-5.8,1.11,8,4,0,0,4
72.9,9,isocontour,11.283791670955125,34237.57,72.05,20.8,0.3,0.985,-0.9,2.4,2.6,17.7,-6.2,1.11,8,6,0,0,6
72.9,10,isocontour,11.283791670955125,34099.52,71.76,14.3,-14.9,0.996,-0.5,1.0,1.1,17.7,-6.2,1.11,8,4,0,0,4
72.9,11,isocontour,11.283791670955125,35614.84,74.95,-18.3,-7.1,1.053,1.0,-0.9,1.3,17.7,-6.2,1.11,8,3,0,0,3
72.9,12,isocontour,11.283791670955125,34227.99,72.03,-15.6,-13.5,0.996,-0.6,-0.5,0.8,17.7,-6.2,1.11,8,3,0,0,3
72.9,13,isocontour,11.283791670955125,32886.69,69.21,20.7,-1.1,0.989,0.8,-2.8,2.9,17.7,-6.2,1.11,8,6,0,0,6
72.9,14,isocontour,11.283791670955125,33617.46,70.74,9.0,-17.7,1.043,-0.7,-0.0,0.7,17.7,-6.2,1.11,8,3,0,0,3
72.9,15,isocontour,11.283791670955125,32692.68,68.8,0.6,20.8,0.99,-2.6,0.4,2.6,17.7,-6.2,1.11,8,2,0,0,2
72.9,16,isocontour,11.283791670955125,46646.57,98.16,-24.7,22.4,0.502,-0.6,-0.8,1.0,-24.7,22.4,0.501,16,0,0,0,0
72.9,17,isocontour,11.283791670955125,32578.31,68.56,13.8,15.4,0.997,-2.0,2.0,2.8,17.7,-6.2,1.11,8,5,0,0,5
72.9,18,isocontour,11.283791670955125,38087.95,80.15,-9.8,18.3,0.992,1.0,-0.3,1.0,17.7,-6.2,1.11,8,3,0,0,3
72.9,19,isocontour,11.283791670955125,34086.8,71.73,-20.8,1.4,0.985,0.1,1.6,1.6,17.7,-6.2,1.11,8,3,0,0,3
72.9,20,isocontour,11.283791670955125,34401.54,72.39,5.9,-20.0,0.987,2.2,2.0,3.0,17.7,-6.2,1.11,8,3,0,0,3
72.9,21,isocontour,11.283791670955125,33536.59,70.57,-7.9,-17.2,1.099,-1.1,1.7,2.0,17.7,-6.2,1.11,8,2,0,0,2
72.9,22,isocontour,11.283791670955125,36660.58,77.15,-19.5,-7.6,0.981,1.4,-0.4,1.5,17.7,-6.2,1.11,8,3,0,0,3
72.9,23,isocontour,11.283791670955125,37895.5,79.75,-19.7,6.1,0.996,2.0,1.0,2.2,17.7,-6.2,1.11,8,3,0,0,3
72.9,24,isocontour,11.283791670955125,34840.16,73.32,-0.1,-20.8,0.99,-0.9,-0.1,0.9,17.7,-6.2,1.11,8,3,0,0,3
72.9,25,isocontour,11.283791670955125,33955.13,71.45,-15.3,12.5,1.049,1.9,-2.1,2.8,17.7,-6.2,1.11,8,3,0,0,3
72.9,Target,,,,,0.0,0.0,4.023,0.0,0.0,,,,,,,,,
73.0,1,isocontour,11.283791670955125,32895.68,69.22,19.8,7.4,0.969,-0.4,3.5,3.5,17.7,-6.2,1.11,8,6,0,0,6
73.0,2,isocontour,11.283791670955125,31464.01,66.21,9.5,18.4,0.993,-3.8,2.4,4.5,17.7,-6.2,1.11,8,3,0,0,3
73.0,3,isocontour,11.283791670955125,33061.75,69.57,15.5,13.8,0.989,-1.0,0.0,1.0,17.7,-6.2,1.11,8,5,0,0,5
73.0,4,isocontour,11.283791670955125,36421.15,76.64,18.3,6.6,1.067,-1.3,2.2,2.6,17.7,-6.2,1.11,8,6,0,0,6
73.0,5,isocontour,11.283791670955125,34597.16,72.81,18.1,7.2,1.064,-1.2,2.2,2.5,17.7,-6.2,1.11,8,6,0,0,6
73.0,6,isocontour,11.283791670955125,36329.98,76.45,17.6,-6.8,1.098,-1.0,-0.6,1.2,17.7,-6.2,1.11,8,4,0,0,4
73.0,7,isocontour,11.283791670955125,34346.56,72.28,-16.1,13.1,0.991,0.4,-1.1,1.2,17.7,-6.2,1.11,8,3,0,0,3
73.0,8,isocontour,11.283791670955125,36192.51,76.16,18.0,-6.0,1.096,-0.7,-2.8,2.9,18.0,-6.0,1.11,8,4,0,0,4
73.0,9,isocontour,11.283791670955125,34214.03,72.0,20.7,0.1,0.995,-1.9,-1.8,2.6,17.7,-6.2,1.11,8,6,0,0,6
73.0,10,isocontour,11.283791670955125,34094.41,71.75,14.4,-14.8,0.999,0.8,1.3,1.5,17.7,-6.2,1.11,8,4,0,0,4
73.0,11,isocontour,11.283791670955125,35612.58,74.94,-18.2,-7.2,1.055,0.8,-0.9,1.2,17.7,-6.2,1.11,8,3,0,0,3
73.0,12,isocontour,11.283791670955125,34210.04,71.99,-15.5,-13.6,0.998,2.0,-1.4,2.4,17.7,-6.2,1.11,8,3,0,0,3
73.0,13,isocontour,11.283791670955125,32883.19,69.2,20.7,-1.3,0.99,-0.4,-1.3,1.4,17.7,-6.2,1.11,8,6,0,0,6
73.0,14,isocontour,11.283791670955125,33583.68,70.67,9.2,-17.5,1.046,2.3,1.9,3.0,17.7,-6.2,1.11,8,3,0,0,3
73.0,15,isocontour,11.283791670955125,32674.96,68.76,0.7,20.9,0.981,1.6,1.8,2.4,17.7,-6.2,1.11,8,2,0,0,2
73.0,16,isocontour,11.283791670955125,46645.47,98.16,-24.7,22.3,0.503,-0.0,-0.9,0.9,-24.7,22.3,0.502,16,0,0,0,0
73.0,17,isocontour,11.283791670955125,32577.74,68.56,13.7,15.4,1.0,-0.6,-0.4,0.7,17.7,-6.2,1.11,8,5,0,0,5
73.0,18,isocontour,11.283791670955125,38086.43,80.15,-9.8,18.2,0.995,-0.6,-0.9,1.1,17.7,-6.2,1.11,8,3,0,0,3
73.0,19,isocontour,11.283791670955125,34085.23,71.73,-20.7,1.4,0.988,0.8,0.7,1.1,17.7,-6.2,1.11,8,3,0,0,3
73.0,20,isocontour,11.283791670955125,34398.11,72.39,6.0,-19.9,0.992,0.8,1.2,1.4,17.7,-6.2,1.11,8,3,0,0,3
73.0,21,isocontour,11.283791670955125,33514.09,70.53,-8.2,-17.1,1.097,-2.5,0.6,2.6,17.7,-6.2,1.11,8,2,0,0,2
73.0,22,isocontour,11.283791670955125,36656.11,77.14,-19.3,-7.6,0.988,1.5,-0.3,1.5,17.7,-6.2,1.11,8,3,0,0,3
73.0,23,isocontour,11.283791670955125,37894.36,79.74,-19.7,6.2,0.996,0.1,0.9,0.9,17.7,-6.2,1.11,8,3,0,0,3
73.0,24,isocontour,11.283791670955125,34833.92,73.3,-0.3,-20.7,0.995,-1.3,1.1,1.7,17.7,-6.2,1.11,8,3,0,0,3
73.0,25,isocontour,11.283791670955125,33939.92,71.42,-15.4,12.3,1.049,-1.7,-1.5,2.3,17.7,-6.2,1.11,8,3,0,0,3
73.0,Target,,,,,0.0,0.0,4.023,0.0,0.0,,,,,,,,,
73.1,1,isocontour,11.283791670955125,32894.86,69.22,19.7,7.5,0.97,-0.6,0.6,0.8,17.7,-6.2,1.11,8,6,0,0,6
73.1,2,isocontour,11.283791670955125,31377.71,66.03,9.1,18.6,0.993,-3.8,1.6,4.1,17.7,-6.2,1.11,8,3,0,0,3
73.1,3,isocontour,11.283791670955125,33053.58,69.56,15.4,14.0,0.987,-0.8,1.7,1.9,17.7,-6.2,1.11,8,5,0,0,5
73.1,4,isocontour,11.283791670955125,36419.26,76.64,18.2,6.8,1.065,0.1,1.1,1.1,17.7,-6.2,1.11,8,6,0,0,6
73.1,5,isocontour,11.283791670955125,34594.61,72.8,18.1,7.4,1.062,0.1,1.2,1.2,17.7,-6.2,1.11,8,6,0,0,6
73.1,6,isocontour,11.283791670955125,36319.21,76.43,17.5,-6.9,1.104,-1.6,-1.3,2.1,17.7,-6.2,1.11,8,4,0,0,4
73.1,7,isocontour,11.283791670955125,34346.15,72.28,-16.1,13.1,0.989,-0.6,0.3,0.7,17.7,-6.2,1.11,8,3,0,0,3
73.1,8,isocontour,11.283791670955125,36189.3,76.16,17.9,-6.1,1.099,-1.0,-0.9,1.3,17.9,-6.1,1.11,8,4,0,0,4
73.1,9,isocontour,11.283791670955125,34211.71,71.99,20.6,0.0,0.997,-0.1,-1.2,1.2,17.7,-6.2,1.11,8,6,0,0,6
73.1,10,isocontour,11.283791670955125,34049.43,71.65,14.6,-14.6,0.998,2.4,2.2,3.3,17.7,-6.2,1.11,8,4,0,0,4
73.1,11,isocontour,11.283791670955125,35610.31,74.94,-18.2,-7.3,1.055,0.3,-1.2,1.2,17.7,-6.2,1.11,8,3,0,0,3
73.1,12,isocontour,11.283791670955125,34188.81,71.95,-15.5,-13.9,0.989,-0.4,-2.5,2.5,17.7,-6.2,1.11,8,3,0,0,3
73.1,13,isocontour,11.283791670955125,32860.18,69.15,20.7,-1.1,0.994,-0.8,2.5,2.6,17.7,-6.2,1.11,8,6,0,0,6
73.1,14,isocontour,11.283791670955125,33547.11,70.6,9.5,-17.3,1.047,2.7,1.4,3.0,17.7,-6.2,1.11,8,3,0,0,3
73.1,15,isocontour,11.283791670955125,32667.67,68.75,0.7,20.8,0.988,-0.4,-1.7,1.7,17.7,-6.2,1.11,8,2,0,0,2
73.1,16,isocontour,11.283791670955125,46644.37,98.16,-24.6,22.3,0.504,0.8,0.5,0.9,-24.6,22.3,0.503,16,0,0,0,0
73.1,17,isocontour,11.283791670955125,32576.95,68.55,13.7,15.3,1.005,-0.5,-0.7,0.9,17.7,-6.2,1.11,8,5,0,0,5
73.1,18,isocontour,11.283791670955125,38057.77,80.09,-9.6,18.3,0.994,2.4,1.5,2.8,17.7,-6.2,1.11,8,3,0,0,3
73.1,19,isocontour,11.283791670955125,34084.26,71.73,-20.7,1.5,0.99,0.3,0.8,0.9,17.7,-6.2,1.11,8,3,0,0,3
73.1,20,isocontour,11.283791670955125,34390.46,72.37,5.8,-19.9,0.99,-1.5,-1.0,1.8,17.7,-6.2,1.11,8,3,0,0,3
73.1,21,isocontour,11.283791670955125,33488.64,70.47,-8.4,-17.0,1.095,-2.6,0.9,2.8,17.7,-6.2,1.11,8,2,0,0,2
73.1,22,isocontour,11.283791670955125,36624.64,77.07,-19.2,-7.9,0.992,1.6,-2.4,2.9,17.7,-6.2,1.11,8,3,0,0,3
73.1,23,isocontour,11.283791670955125,37854.88,79.66,-19.8,6.0,0.995,-1.1,-2.9,3.1,17.7,-6.2,1.11,8,3,0,0,3
73.1,24,isocontour,11.283791670955125,34833.05,73.3,-0.4,-20.7,0.996,-0.9,-0.0,0.9,17.7,-6.2,1.11,8,3,0,0,3
73.1,25,isocontour,11.283791670955125,33938.17,71.42,-15.4,12.2,1.052,0.0,-1.1,1.1,17.7,-6.2,1.11,8,3,0,0,3
73.1,Target,,,,,0.0,0.0,4.023,0.0,0.0,,,,,,,,,
73.2,1,isocontour,11.283791670955125,32892.54,69.22,19.7,7.4,0.974,-0.5,-1.1,1.2,17.7,-6.2,1.11,8,6,0,0,6
73.2,2,isocontour,11.283791670955125,31348.44,65.97,8.9,18.8,0.989,-2.0,2.0,2.8,17.7,-6.2,1.11,8,3,0,0,3
73.2,3,isocontour,11.283791670955125,33052.97,69.56,15.4,14.0,0.988,-0.7,0.4,0.8,17.7,-6.2,1.11,8,5,0,0,5
73.2,4,isocontour,11.283791670955125,36398.76,76.6,18.2,6.6,1.073,-0.7,-2.4,2.5,17.7,-6.2,1.11,8,6,0,0,6
73.2,5,isocontour,11.283791670955125,34562.49,72.73,18.0,7.1,1.068,-0.3,-2.9,2.9,17.7,-6.2,1.11,8,6,0,0,6
73.2,6,isocontour,11.283791670955125,36318.18,76.43,17.5,-7.0,1.101,0.5,-0.8,0.9,17.7,-6.2,1.11,8,4,0,0,4
73.2,7,isocontour,11.283791670955125,34344.36,72.27,-16.1,13.1,0.994,0.8,-0.7,1.1,17.7,-6.2,1.11,8,3,0,0,3
73.2,8,isocontour,11.283791670955125,36187.78,76.15,17.9,-6.2,1.098,-0.1,-1.0,1.0,17.9,-6.2,1.11,8,4,0,0,4
73.2,9,isocontour,11.283791670955125,34177.25,71.92,20.8,0.2,0.989,1.7,2.5,3.0,17.7,-6.2,1.11,8,6,0,0,6
73.2,10,isocontour,11.283791670955125,34048.4,71.65,14.7,-14.6,0.994,0.6,-0.7,0.9,17.7,-6.2,1.11,8,4,0,0,4
73.2,11,isocontour,11.283791670955125,35609.28,74.94,-18.3,-7.3,1.053,-0.7,0.6,0.9,17.7,-6.2,1.11,8,3,0,0,3
73.2,12,isocontour,11.283791670955125,34186.08,71.94,-15.6,-13.8,0.985,-1.1,0.6,1.3,17.7,-6.2,1.11,8,3,0,0,3
73.2,13,isocontour,11.283791670955125,32823.26,69.07,20.6,-1.3,0.995,-0.1,-3.1,3.1,17.7,-6.2,1.11,8,6,0,0,6
73.2,14,isocontour,11.283791670955125,33528.72,70.56,9.4,-17.2,1.057,-2.1,1.2,2.4,17.7,-6.2,1.11,8,3,0,0,3
73.2,15,isocontour,11.283791670955125,32660.63,68.73,0.7,20.6,0.998,-0.1,-1.7,1.7,17.7,-6.2,1.11,8,2,0,0,2
73.2,16,isocontour,11.283791670955125,46643.27,98.16,-24.6,22.2,0.506,0.7,-0.7,1.0,-24.6,22.2,0.504,16,0,0,0,0
73.2,17,isocontour,11.283791670955125,32576.22,68.55,13.6,15.3,1.008,-0.8,-0.0,0.8,17.7,-6.2,1.11,8,5,0,0,5
73.2,18,isocontour,11.283791670955125,38051.19,80.07,-9.4,18.3,0.997,1.7,0.1,1.7,17.7,-6.2,1.11,8,3,0,0,3
73.2,19,isocontour,11.283791670955125,34068.85,71.69,-20.7,1.7,0.99,-0.0,2.3,2.3,17.7,-6.2,1.11,8,3,0,0,3
73.2,20,isocontour,11.283791670955125,34386.73,72.36,5.9,-20.0,0.986,1.4,-0.4,1.5,17.7,-6.2,1.11,8,3,0,0,3
73.2,21,isocontour,11.283791670955125,33486.99,70.47,-8.4,-17.1,1.094,0.9,-0.7,1.1,17.7,-6.2,1.11,8,2,0,0,2
73.2,22,isocontour,11.283791670955125,36623.98,77.07,-19.2,-8.0,0.99,-0.2,-0.8,0.8,17.7,-6.2,1.11,8,3,0,0,3
73.2,23,isocontour,11.283791670955125,37831.33,79.61,-20.0,5.8,0.989,-1.9,-1.8,2.6,17.7,-6.2,1.11,8,3,0,0,3
73.2,24,isocontour,11.283791670955125,34832.17,73.3,-0.4,-20.7,0.995,-0.9,-0.1,0.9,17.7,-6.2,1.11,8,3,0,0,3
73.2,25,isocontour,11.283791670955125,33916.69,71.37,-15.3,12.0,1.065,1.5,-2.1,2.6,17.7,-6.2,1.11,8,3,0,0,3
73.2,Target,,,,,0.0,0.0,4.023,0.0,0.0,,,,,,,,,
73.3,1,isocontour,11.283791670955125,32863.89,69.16,19.6,7.2,0.985,-1.3,-2.5,2.8,17.7,-6.2,1.11,8,6,0,0,6
73.3,2,isocontour,11.283791670955125,31333.23,65.94,8.7,18.9,0.986,-1.9,1.3,2.3,17.7,-6.2,1.11,8,3,0,0,3
73.3,3,isocontour,11.283791670955125,33051.12,69.55,15.3,14.0,0.993,-1.1,-0.2,1.1,17.7,-6.2,1.11,8,5,0,0,5
73.3,4,isocontour,11.283791670955125,36396.09,76.59,18.2,6.4,1.078,-0.3,-1.2,1.2,17.7,-6.2,1.11,8,6,0,0,6
73.3,5,isocontour,11.283791670955125,34525.57,72.65,18.1,6.8,1.073,0.5,-3.0,3.0,17.7,-6.2,1.11,8,6,0,0,6
73.3,6,isocontour,11.283791670955125,36316.08,76.42,17.6,-7.0,1.097,1.0,0.6,1.2,17.7,-6.2,1.11,8,4,0,0,4
73.3,7,isocontour,11.283791670955125,34339.8,72.26,-16.1,12.9,0.998,-0.3,-1.5,1.5,17.7,-6.2,1.11,8,3,0,0,3
73.3,8,isocontour,11.283791670955125,36166.05,76.11,18.1,-6.2,1.087,2.5,0.7,2.6,18.1,-6.2,1.11,8,4,0,0,4
73.3,9,isocontour,11.283791670955125,34175.4,71.92,20.9,0.2,0.985,0.7,-0.9,1.1,17.7,-6.2,1.11,8,6,0,0,6
73.3,10,isocontour,11.283791670955125,34029.78,71.61,14.9,-14.6,0.983,2.4,-0.6,2.5,17.7,-6.2,1.11,8,4,0,0,4
73.3,11,isocontour,11.283791670955125,35584.66,74.88,-18.3,-7.1,1.053,-0.8,2.5,2.6,17.7,-6.2,1.11,8,3,0,0,3
73.3,12,isocontour,11.283791670955125,34162.27,71.89,-15.7,-13.6,0.988,-1.3,2.3,2.6,17.7,-6.2,1.11,8,3,0,0,3
73.3,13,isocontour,11.283791670955125,32819.83,69.07,20.7,-1.4,0.988,1.3,-0.5,1.4,17.7,-6.2,1.11,8,6,0,0,6
73.3,14,isocontour,11.283791670955125,33526.68,70.55,9.3,-17.3,1.057,-0.8,-0.9,1.2,17.7,-6.2,1.11,8,3,0,0,3
73.3,15,isocontour,11.283791670955125,32658.97,68.73,0.8,20.6,0.997,1.0,0.3,1.0,17.7,-6.2,1.11,8,2,0,0,2
73.3,16,isocontour,11.283791670955125,46642.17,98.15,-24.6,22.3,0.505,-0.8,0.5,0.9,-24.6,22.3,0.506,16,0,0,0,0
73.3,17,isocontour,11.283791670955125,32559.99,68.52,13.4,15.4,1.007,-1.6,1.7,2.3,17.7,-6.2,1.11,8,5,0,0,5
73.3,18,isocontour,11.283791670955125,38028.18,80.03,-9.6,18.5,0.987,-2.2,1.4,2.6,17.7,-6.2,1.11,8,3,0,0,3
73.3,19,isocontour,11.283791670955125,34037.38,71.63,-20.7,1.5,0.991,0.2,-2.9,2.9,17.7,-6.2,1.11,8,3,0,0,3
73.3,20,isocontour,11.283791670955125,34379.2,72.35,5.9,-19.8,0.994,-0.2,1.8,1.8,17.7,-6.2,1.11,8,3,0,0,3
73.3,21,isocontour,11.283791670955125,33463.71,70.42,-8.1,-17.1,1.098,2.6,-0.2,2.6,17.7,-6.2,1.11,8,2,0,0,2
73.3,22,isocontour,11.283791670955125,36621.6,77.07,-19.3,-8.0,0.985,-1.2,0.1,1.2,17.7,-6.2,1.11,8,3,0,0,3
73.3,23,isocontour,11.283791670955125,37831.03,79.61,-20.0,5.7,0.987,-0.3,-0.5,0.6,17.7,-6.2,1.11,8,3,0,0,3
73.3,24,isocontour,11.283791670955125,34805.29,73.24,-0.7,-20.7,0.995,-2.8,-0.0,2.8,17.7,-6.2,1.11,8,3,0,0,3
73.3,25,isocontour,11.283791670955125,33909.17,71.36,-15.2,12.1,1.064,0.5,1.7,1.8,17.7,-6.2,1.11,8,3,0,0,3
73.3,Target,,,,,0.0,0.0,4.023,0.0,0.0,,,,,,,,,
73.4,1,isocontour,11.283791670955125,32859.24,69.15,19.4,7.2,0.993,-1.5,-0.1,1.5,17.7,-6.2,1.11,8,6,0,0,6
73.4,2,isocontour,11.283791670955125,31303.66,65.87,8.5,18.8,0.998,-2.3,-1.7,2.9,17.7,-6.2,1.11,8,3,0,0,3
73.4,3,isocontour,11.283791670955125,33014.92,69.48,15.5,13.8,0.991,2.3,-2.0,3.0,17.7,-6.2,1.11,8,5,0,0,5
73.4,4,isocontour,11.283791670955125,36395.78,76.59,18.1,6.4,1.079,-0.3,0.5,0.6,17.7,-6.2,1.11,8,6,0,0,6
73.4,5,isocontour,11.283791670955125,34421.06,72.43,18.0,7.2,1.071,-1.2,4.2,4.4,17.7,-6.2,1.11,8,6,0,0,6
73.4,6,isocontour,11.283791670955125,36287.12,76.36,17.7,-6.8,1.097,1.0,2.6,2.8,17.7,-6.2,1.11,8,4,0,0,4
73.4,7,isocontour,11.283791670955125,34339.14,72.26,-16.1,13.0,0.996,0.1,0.8,0.8,17.7,-6.2,1.11,8,3,0,0,3
73.4,8,isocontour,11.283791670955125,36147.43,76.07,18.2,-6.0,1.085,0.6,2.4,2.5,18.2,-6.0,1.11,8,4,0,0,4
73.4,9,isocontour,11.283791670955125,34173.03,71.91,20.8,0.2,0.99,-1.2,0.4,1.3,17.7,-6.2,1.11,8,6,0,0,6
73.4,10,isocontour,11.283791670955125,34027.11,71.61,14.9,-14.7,0.981,-0.7,-1.0,1.2,17.7,-6.2,1.11,8,4,0,0,4
73.4,11,isocontour,11.283791670955125,35580.86,74.88,-18.4,-7.0,1.051,-1.0,1.1,1.5,17.7,-6.2,1.11,8,3,0,0,3
73.4,12,isocontour,11.283791670955125,34160.56,71.89,-15.7,-13.5,0.993,0.7,0.9,1.1,17.7,-6.2,1.11,8,3,0,0,3
73.4,13,isocontour,11.283791670955125,32819.35,69.06,20.8,-1.4,0.988,-0.1,0.7,0.7,17.7,-6.2,1.11,8,6,0,0,6
73.4,14,isocontour,11.283791670955125,33504.95,70.51,9.1,-17.4,1.058,-2.4,-0.9,2.6,17.7,-6.2,1.11,8,3,0,0,3
73.4,15,isocontour,11.283791670955125,32634.9,68.68,0.6,20.6,0.996,-2.6,0.3,2.6,17.7,-6.2,1.11,8,2,0,0,2
73.4,16,isocontour,11.283791670955125,46641.07,98.15,-24.7,22.3,0.503,-0.9,0.1,0.9,-24.7,22.3,0.506,16,0,0,0,0
73.4,17,isocontour,11.283791670955125,32482.82,68.36,13.2,15.7,1.004,-2.6,2.9,3.9,17.7,-6.2,1.11,8,5,0,0,5
73.4,18,isocontour,11.283791670955125,38005.42,79.98,-9.7,18.3,0.995,-0.6,-2.5,2.6,17.7,-6.2,1.11,8,3,0,0,3
73.4,19,isocontour,11.283791670955125,34036.75,71.63,-20.7,1.5,0.991,-0.1,0.8,0.8,17.7,-6.2,1.11,8,3,0,0,3
73.4,20,isocontour,11.283791670955125,34376.71,72.34,6.0,-19.8,0.996,1.1,0.5,1.2,17.7,-6.2,1.11,8,3,0,0,3
73.4,21,isocontour,11.283791670955125,33429.58,70.35,-7.9,-17.2,1.101,2.8,-1.0,3.0,17.7,-6.2,1.11,8,2,0,0,2
73.4,22,isocontour,11.283791670955125,36549.03,76.91,-19.4,-7.6,0.987,-0.8,3.8,3.9,17.7,-6.2,1.11,8,3,0,0,3
73.4,23,isocontour,11.283791670955125,37805.57,79.56,-19.9,5.9,0.988,1.0,2.5,2.7,17.7,-6.2,1.11,8,3,0,0,3
73.4,24,isocontour,11.283791670955125,34788.86,73.21,-0.8,-20.8,0.985,-1.2,-2.0,2.3,17.7,-6.2,1.11,8,3,0,0,3
73.4,25,isocontour,11.283791670955125,33889.63,71.32,-15.4,12.3,1.051,-2.1,1.4,2.5,17.7,-6.2,1.11,8,3,0,0,3
73.4,Target,,,,,0.0,0.0,4.023,0.0,0.0,,,,,,,,,
73.5,1,isocontour,11.283791670955125,32850.12,69.13,19.4,7.0,0.998,0.0,-1.9,1.9,17.7,-6.2,1.11,8,6,0,0,6
73.5,2,isocontour,11.283791670955125,31302.62,65.87,8.4,18.9,0.996,-0.0,0.9,0.9,17.7,-6.2,1.11,8,3,0,0,3
73.5,3,isocontour,11.283791670955125,32996.07,69.44,15.6,14.0,0.981,0.9,2.3,2.5,17.7,-6.2,1.11,8,5,0,0,5
73.5,4,isocontour,11.283791670955125,36374.8,76.55,18.0,6.7,1.079,-0.9,2.4,2.6,17.7,-6.2,1.11,8,6,0,0,6
73.5,5,isocontour,11.283791670955125,34420.21,72.43,17.9,7.3,1.073,-0.7,0.5,0.9,17.7,-6.2,1.11,8,6,0,0,6
73.5,6,isocontour,11.283791670955125,36282.65,76.35,17.8,-6.6,1.092,1.2,0.9,1.5,17.7,-6.2,1.11,8,4,0,0,4
73.5,7,isocontour,11.283791670955125,34313.12,72.21,-16.3,12.9,0.99,-2.5,-1.0,2.7,17.7,-6.2,1.11,8,3,0,0,3
73.5,8,isocontour,11.283791670955125,36146.36,76.07,18.2,-5.9,1.083,0.7,0.6,0.9,18.2,-5.9,1.11,8,4,0,0,4
73.5,9,isocontour,11.283791670955125,34151.04,71.87,20.7,0.4,0.994,-0.7,2.5,2.6,17.7,-6.2,1.11,8,6,0,0,6
73.5,10,isocontour,11.283791670955125,34003.57,71.56,14.6,-14.8,0.986,-2.5,-0.9,2.7,17.7,-6.2,1.11,8,4,0,0,4
73.5,11,isocontour,11.283791670955125,35551.28,74.81,-18.3,-7.1,1.056,2.0,-2.1,2.9,17.7,-6.2,1.11,8,3,0,0,3
73.5,12,isocontour,11.283791670955125,34160.12,71.89,-15.7,-13.5,0.993,-0.6,0.3,0.7,17.7,-6.2,1.11,8,3,0,0,3
73.5,13,isocontour,11.283791670955125,32818.56,69.06,20.7,-1.3,0.991,-0.5,0.7,0.9,17.7,-6.2,1.11,8,6,0,0,6
73.5,14,isocontour,11.283791670955125,33503.15,70.5,9.0,-17.5,1.055,-0.5,-1.0,1.1,17.7,-6.2,1.11,8,3,0,0,3
73.5,15,isocontour,11.283791670955125,32615.12,68.63,0.4,20.8,0.987,-1.7,1.8,2.5,17.7,-6.2,1.11,8,2,0,0,2
73.5,16,isocontour,11.283791670955125,46639.97,98.15,-24.8,22.2,0.503,-0.5,-0.8,0.9,-24.8,22.2,0.506,16,0,0,0,0
73.5,17,isocontour,11.283791670955125,32462.57,68.31,13.0,15.9,1.002,-1.6,1.9,2.5,17.7,-6.2,1.11,8,5,0,0,5
73.5,18,isocontour,11.283791670955125,37981.35,79.93,-9.9,18.4,0.985,-2.2,1.5,2.7,17.7,-6.2,1.11,8,3,0,0,3
73.5,19,isocontour,11.283791670955125,34035.18,71.62,-20.7,1.5,0.991,-0.2,-1.0,1.0,17.7,-6.2,1.11,8,3,0,0,3
73.5,20,isocontour,11.283791670955125,34355.97,72.3,6.1,-20.0,0.984,0.7,-2.4,2.5,17.7,-6.2,1.11,8,3,0,0,3
73.5,21,isocontour,11.283791670955125,33428.48,70.35,-7.9,-17.1,1.104,-0.5,0.8,0.9,17.7,-6.2,1.11,8,2,0,0,2
73.5,22,isocontour,11.283791670955125,36535.9,76.89,-19.3,-7.4,0.996,1.4,1.6,2.1,17.7,-6.2,1.11,8,3,0,0,3
73.5,23,isocontour,11.283791670955125,37782.82,79.51,-19.8,6.2,0.989,0.9,2.4,2.6,17.7,-6.2,1.11,8,3,0,0,3
73.5,24,isocontour,11.283791670955125,34784.65,73.2,-0.8,-21.0,0.977,0.7,-1.3,1.5,17.7,-6.2,1.11,8,3,0,0,3
73.5,25,isocontour,11.283791670955125,33881.32,71.3,-15.4,12.5,1.044,0.3,1.8,1.8,17.7,-6.2,1.11,8,3,0,0,3
73.5,Target,,,,,0.0,0.0,4.023,0.0,0.0,,,,,,,,,
73.6,1,isocontour,11.283791670955125,32819.29,69.06,19.6,7.1,0.985,2.2,1.8,2.8,17.7,-6.2,1.11,8,6,0,0,6
73.6,2,isocontour,11.283791670955125,31271.79,65.81,8.5,19.1,0.982,0.2,2.9,2.9,17.7,-6.2,1.11,8,3,0,0,3
73.6,3,isocontour,11.283791670955125,32978.57,69.4,15.4,14.0,0.989,-2.3,-0.5,2.4,17.7,-6.2,1.11,8,5,0,0,5
73.6,4,isocontour,11.283791670955125,36368.88,76.53,18.0,6.8,1.075,0.3,1.6,1.6,17.7,-6.2,1.11,8,6,0,0,6
73.6,5,isocontour,11.283791670955125,34400.67,72.39,17.8,7.5,1.072,-0.7,2.4,2.5,17.7,-6.2,1.11,8,6,0,0,6
73.6,6,isocontour,11.283791670955125,36279.37,76.35,17.8,-6.5,1.094,-0.1,1.4,1.4,17.7,-6.2,1.11,8,4,0,0,4
73.6,7,isocontour,11.283791670955125,34312.19,72.21,-16.3,12.8,0.991,-0.1,-0.9,0.9,17.7,-6.2,1.11,8,3,0,0,3
73.6,8,isocontour,11.283791670955125,36144.52,76.06,18.3,-5.8,1.08,0.9,0.7,1.1,18.3,-5.8,1.11,8,4,0,0,4
73.6,9,isocontour,11.283791670955125,34114.84,71.79,20.7,0.2,0.993,0.4,-3.0,3.0,17.7,-6.2,1.11,8,6,0,0,6
73.6,10,isocontour,11.283791670955125,33993.57,71.54,14.5,-14.7,0.996,-1.1,1.7,2.0,17.7,-6.2,1.11,8,4,0,0,4
73.6,11,isocontour,11.283791670955125,35537.04,74.78,-18.4,-7.3,1.046,-1.8,-1.3,2.2,17.7,-6.2,1.11,8,3,0,0,3
73.6,12,isocontour,11.283791670955125,34126.67,71.82,-15.6,-13.7,0.991,1.6,-2.5,3.0,17.7,-6.2,1.11,8,3,0,0,3
73.6,13,isocontour,11.283791670955125,32782.0,68.99,20.7,-1.6,0.99,0.1,-3.1,3.1,17.7,-6.2,1.11,8,6,0,0,6
73.6,14,isocontour,11.283791670955125,33502.09,70.5,8.9,-17.5,1.052,-0.5,-0.8,0.9,17.7,-6.2,1.11,8,3,0,0,3
73.6,15,isocontour,11.283791670955125,32613.13,68.63,0.5,20.8,0.986,1.1,-0.2,1.1,17.7,-6.2,1.11,8,2,0,0,2
73.6,16,isocontour,11.283791670955125,46638.87,98.15,-24.8,22.1,0.504,-0.0,-0.9,0.9,-24.8,22.1,0.506,16,0,0,0,0
73.6,17,isocontour,11.283791670955125,32426.72,68.24,12.9,16.2,0.994,-1.0,2.9,3.1,17.7,-6.2,1.11,8,5,0,0,5
73.6,18,isocontour,11.283791670955125,37980.28,79.92,-9.9,18.3,0.988,0.6,-0.7,0.9,17.7,-6.2,1.11,8,3,0,0,3
73.6,19,isocontour,11.283791670955125,34034.01,71.62,-20.7,1.5,0.988,-0.5,0.8,0.9,17.7,-6.2,1.11,8,3,0,0,3
73.6,20,isocontour,11.283791670955125,34349.84,72.29,6.3,-20.0,0.978,1.6,-0.3,1.6,17.7,-6.2,1.11,8,3,0,0,3
73.6,21,isocontour,11.283791670955125,33427.52,70.34,-7.9,-17.0,1.107,-0.5,0.7,0.9,17.7,-6.2,1.11,8,2,0,0,2
73.6,22,isocontour,11.283791670955125,36534.9,76.88,-19.3,-7.5,0.994,-0.7,-0.5,0.9,17.7,-6.2,1.11,8,3,0,0,3
73.6,23,isocontour,11.283791670955125,37780.5,79.5,-19.7,6.2,0.993,1.1,0.5,1.2,17.7,-6.2,1.11,8,3,0,0,3
73.6,24,isocontour,11.283791670955125,34752.2,73.13,-0.6,-20.9,0.981,2.8,1.0,3.0,17.7,-6.2,1.11,8,3,0,0,3
73.6,25,isocontour,11.283791670955125,33858.31,71.25,-15.6,12.4,1.04,-2.2,-1.5,2.7,17.7,-6.2,1.11,8,3,0,0,3
73.6,Target,,,,,0.0,0.0,4.023,0.0,0.0,,,,,,,,,
73.7,1,isocontour,11.283791670955125,32817.34,69.06,19.5,7.2,0.986,-0.9,0.7,1.1,17.7,-6.2,1.11,8,6,0,0,6
73.7,2,isocontour,11.283791670955125,31257.55,65.78,8.6,19.1,0.98,2.1,-0.8,2.2,17.7,-6.2,1.11,8,3,0,0,3
73.7,3,isocontour,11.283791670955125,32960.4,69.36,15.2,14.1,0.992,-1.9,1.5,2.4,17.7,-6.2,1.11,8,5,0,0,5
73.7,4,isocontour,11.283791670955125,36346.64,76.49,17.9,7.0,1.079,-1.7,2.0,2.6,17.7,-6.2,1.11,8,6,0,0,6
73.7,5,isocontour,11.283791670955125,34382.5,72.35,17.7,7.6,1.08,-2.1,1.2,2.4,17.7,-6.2,1.11,8,6,0,0,6
73.7,6,isocontour,11.283791670955125,36275.41,76.34,17.7,-6.6,1.099,-1.1,-1.0,1.5,17.7,-6.2,1.11,8,4,0,0,4
73.7,7,isocontour,11.283791670955125,34295.75,72.17,-16.2,12.9,0.995,2.0,1.2,2.3,17.7,-6.2,1.11,8,3,0,0,3
73.7,8,isocontour,11.283791670955125,36139.5,76.05,18.2,-5.9,1.083,-1.2,-1.0,1.6,18.2,-5.9,1.11,8,4,0,0,4
73.7,9,isocontour,11.283791670955125,34104.07,71.77,20.9,0.2,0.983,1.9,0.7,2.0,17.7,-6.2,1.11,8,6,0,0,6
73.7,10,isocontour,11.283791670955125,33993.15,71.53,14.5,-14.7,0.998,-0.5,-0.4,0.6,17.7,-6.2,1.11,8,4,0,0,4
73.7,11,isocontour,11.283791670955125,35532.48,74.77,-18.6,-7.3,1.036,-1.4,-0.5,1.5,17.7,-6.2,1.11,8,3,0,0,3
73.7,12,isocontour,11.283791670955125,34095.84,71.75,-15.5,-14.0,0.987,1.3,-2.6,2.9,17.7,-6.2,1.11,8,3,0,0,3
73.7,13,isocontour,11.283791670955125,32773.96,68.97,20.8,-1.5,0.987,0.7,1.7,1.8,17.7,-6.2,1.11,8,6,0,0,6
73.7,14,isocontour,11.283791670955125,33468.3,70.43,9.2,-17.5,1.05,2.8,1.0,3.0,17.7,-6.2,1.11,8,3,0,0,3
73.7,15,isocontour,11.283791670955125,32584.16,68.57,0.2,20.8,0.989,-2.8,-0.6,2.9,17.7,-6.2,1.11,8,2,0,0,2
73.7,16,isocontour,11.283791670955125,46637.77,98.14,-24.8,22.1,0.505,-0.5,-0.8,0.9,-24.8,22.1,0.506,16,0,0,0,0
73.7,17,isocontour,11.283791670955125,32422.83,68.23,12.8,16.2,0.996,-1.4,0.1,1.4,17.7,-6.2,1.11,8,5,0,0,5
73.7,18,isocontour,11.283791670955125,37964.87,79.89,-10.0,18.2,0.987,-2.1,-0.9,2.3,17.7,-6.2,1.11,8,3,0,0,3
73.7,19,isocontour,11.283791670955125,33904.8,71.35,-20.7,1.1,0.991,0.5,-4.6,4.6,17.7,-6.2,1.11,8,3,0,0,3
73.7,20,isocontour,11.283791670955125,34344.82,72.27,6.3,-19.9,0.983,0.7,1.4,1.6,17.7,-6.2,1.11,8,3,0,0,3
73.7,21,isocontour,11.283791670955125,33414.21,70.32,-8.1,-17.0,1.102,-2.2,0.1,2.2,17.7,-6.2,1.11,8,2,0,0,2
73.7,22,isocontour,11.283791670955125,36454.16,76.71,-19.5,-7.2,0.991,-1.7,3.6,4.0,17.7,-6.2,1.11,8,3,0,0,3
73.7,23,isocontour,11.283791670955125,37777.57,79.5,-19.7,6.1,0.997,0.2,-1.3,1.3,17.7,-6.2,1.11,8,3,0,0,3
73.7,24,isocontour,11.283791670955125,34724.44,73.07,-0.3,-20.8,0.989,2.4,1.4,2.8,17.7,-6.2,1.11,8,3,0,0,3
73.7,25,isocontour,11.283791670955125,33849.74,71.23,-15.8,12.2,1.036,-1.5,-1.1,1.9,17.7,-6.2,1.11,8,3,0,0,3
73.7,Target,,,,,0.0,0.0,4.023,0.0,0.0,,,,,,,,,
73.8,1,isocontour,11.283791670955125,32794.85,69.01,19.4,7.4,0.989,-1.4,2.2,2.6,17.7,-6.2,1.11,8,6,0,0,6
73.8,2,isocontour,11.283791670955125,31222.74,65.7,8.9,18.9,0.983,2.3,-1.9,3.0,17.7,-6.2,1.11,8,3,0,0,3
73.8,3,isocontour,11.283791670955125,32945.39,69.33,15.3,14.1,0.988,2.1,-0.8,2.2,17.7,-6.2,1.11,8,5,0,0,5
73.8,4,isocontour,11.283791670955125,36344.59,76.48,17.8,7.1,1.083,-1.0,0.6,1.2,17.7,-6.2,1.11,8,6,0,0,6
73.8,5,isocontour,11.283791670955125,34356.77,72.3,17.5,7.8,1.081,-1.1,2.5,2.7,17.7,-6.2,1.11,8,6,0,0,6
73.8,6,isocontour,11.283791670955125,36248.82,76.28,17.6,-6.8,1.1,-1.2,-2.5,2.8,17.7,-6.2,1.11,8,4,0,0,4
73.8,7,isocontour,11.283791670955125,34283.33,72.15,-16.1,13.1,0.989,0.0,2.1,2.1,17.7,-6.2,1.11,8,3,0,0,3
73.8,8,isocontour,11.283791670955125,36136.3,76.04,18.1,-6.0,1.088,-1.0,-0.9,1.3,18.1,-6.0,1.11,8,4,0,0,4
73.8,9,isocontour,11.283791670955125,34103.16,71.77,21.0,0.2,0.978,0.8,0.4,0.9,17.7,-6.2,1.11,8,6,0,0,6
73.8,10,isocontour,11.283791670955125,33969.34,71.48,14.7,-14.7,0.991,2.6,0.7,2.7,17.7,-6.2,1.11,8,4,0,0,4
73.8,11,isocontour,11.283791670955125,35507.03,74.72,-18.6,-7.1,1.038,-0.4,2.7,2.7,17.7,-6.2,1.11,8,3,0,0,3
73.8,12,isocontour,11.283791670955125,34094.52,71.75,-15.4,-14.1,0.983,-0.1,-1.0,1.0,17.7,-6.2,1.11,8,3,0,0,3
73.8,13,isocontour,11.283791670955125,32762.72,68.95,20.7,-1.3,0.992,-1.1,1.8,2.1,17.7,-6.2,1.11,8,6,0,0,6
73.8,14,isocontour,11.283791670955125,33465.75,70.42,9.3,-17.4,1.049,1.2,0.5,1.3,17.7,-6.2,1.11,8,3,0,0,3
73.8,15,isocontour,11.283791670955125,32583.45,68.57,0.1,20.8,0.991,-0.8,-0.1,0.8,17.7,-6.2,1.11,8,2,0,0,2
73.8,16,isocontour,11.283791670955125,46636.67,98.14,-24.8,22.0,0.506,-0.0,-0.9,0.9,-24.8,22.0,0.506,16,0,0,0,0
73.8,17,isocontour,11.283791670955125,32316.15,68.01,12.4,16.4,0.998,-3.6,2.5,4.4,17.7,-6.2,1.11,8,5,0,0,5
73.8,18,isocontour,11.283791670955125,37963.12,79.89,-10.1,18.1,0.991,-0.3,-1.1,1.1,17.7,-6.2,1.11,8,3,0,0,3
73.8,19,isocontour,11.283791670955125,33903.36,71.35,-20.8,1.1,0.987,-0.9,0.5,1.0,17.7,-6.2,1.11,8,3,0,0,3
73.8,20,isocontour,11.283791670955125,34311.71,72.2,6.6,-19.8,0.986,2.7,1.3,3.0,17.7,-6.2,1.11,8,3,0,0,3
73.8,21,isocontour,11.283791670955125,33405.64,70.3,-8.0,-17.0,1.105,1.9,-0.1,1.9,17.7,-6.2,1.11,8,2,0,0,2
73.8,22,isocontour,11.283791670955125,36444.02,76.69,-19.6,-7.2,0.982,-1.7,-1.0,2.0,17.7,-6.2,1.11,8,3,0,0,3
73.8,23,isocontour,11.283791670955125,37706.68,79.35,-19.9,5.9,0.992,-2.2,-3.1,3.8,17.7,-6.2,1.11,8,3,0,0,3
73.8,24,isocontour,11.283791670955125,34719.52,73.06,-0.2,-20.6,0.997,0.5,1.5,1.6,17.7,-6.2,1.11,8,3,0,0,3
73.8,25,isocontour,11.283791670955125,33838.0,71.21,-15.8,12.0,1.042,-0.1,-2.1,2.1,17.7,-6.2,1.11,8,3,0,0,3
73.8,Target,,,,,0.0,0.0,4.023,0.0,0.0,,,,,,,,,
73.9,1,isocontour,11.283791670955125,32759.69,68.94,19.4,7.2,0.993,0.3,-3.0,3.0,17.7,-6.2,1.11,8,5,0,0,5
73.9,2,isocontour,11.283791670955125,31208.12,65.67,9.0,18.7,0.992,0.6,-2.2,2.3,17.7,-6.2,1.11,8,3,0,0,3
73.9,3,isocontour,11.283791670955125,32894.88,69.22,15.2,14.3,0.985,-2.0,2.7,3.4,17.7,-6.2,1.11,8,5,0,0,5
73.9,4,isocontour,11.283791670955125,36323.36,76.44,17.7,7.3,1.085,-1.2,2.3,2.6,17.7,-6.2,1.11,8,6,0,0,6
73.9,5,isocontour,11.283791670955125,34335.29,72.25,17.4,8.1,1.082,-1.3,2.2,2.6,17.7,-6.2,1.11,8,6,0,0,6
73.9,6,isocontour,11.283791670955125,36239.56,76.26,17.8,-6.8,1.092,1.9,0.2,1.9,17.7,-6.2,1.11,8,4,0,0,4
73.9,7,isocontour,11.283791670955125,34281.23,72.14,-16.0,13.2,0.992,1.1,0.2,1.1,17.7,-6.2,1.11,8,3,0,0,3
73.9,8,isocontour,11.283791670955125,36134.5,76.04,18.2,-6.1,1.083,0.9,-0.7,1.1,18.2,-6.1,1.11,8,4,0,0,4
73.9,9,isocontour,11.283791670955125,34081.93,71.72,20.9,0.4,0.983,-1.2,2.3,2.6,17.7,-6.2,1.11,8,6,0,0,6
73.9,10,isocontour,11.283791670955125,33959.34,71.46,14.8,-14.8,0.981,0.9,-1.7,1.9,17.7,-6.2,1.11,8,4,0,0,4
73.9,11,isocontour,11.283791670955125,35505.97,74.72,-18.6,-7.0,1.041,0.2,0.9,0.9,17.7,-6.2,1.11,8,3,0,0,3
73.9,12,isocontour,11.283791670955125,34085.26,71.73,-15.5,-13.9,0.985,-0.8,1.7,1.9,17.7,-6.2,1.11,8,3,0,0,3
73.9,13,isocontour,11.283791670955125,32762.21,68.94,20.7,-1.2,0.994,-0.2,0.7,0.7,17.7,-6.2,1.11,8,6,0,0,6
73.9,14,isocontour,11.283791670955125,33464.81,70.42,9.3,-17.5,1.047,-0.7,-0.6,0.9,17.7,-6.2,1.11,8,3,0,0,3
73.9,15,isocontour,11.283791670955125,32555.4,68.51,0.4,20.8,0.989,2.8,0.3,2.8,17.7,-6.2,1.11,8,2,0,0,2
73.9,16,isocontour,11.283791670955125,46635.57,98.14,-24.8,22.0,0.507,0.7,0.6,0.9,-24.8,22.0,0.506,16,0,0,0,0
73.9,17,isocontour,11.283791670955125,32304.75,67.98,12.2,16.5,1.002,-2.0,0.4,2.0,17.7,-6.2,1.11,8,4,0,0,4
73.9,18,isocontour,11.283791670955125,37961.13,79.88,-10.2,18.1,0.993,-0.8,-0.8,1.1,17.7,-6.2,1.11,8,3,0,0,3
73.9,19,isocontour,11.283791670955125,33902.19,71.34,-20.8,1.2,0.984,-0.6,0.8,1.0,17.7,-6.2,1.11,8,3,0,0,3
73.9,20,isocontour,11.283791670955125,34286.54,72.15,6.4,-19.7,0.993,-2.6,0.8,2.7,17.7,-6.2,1.11,8,3,0,0,3
73.9,21,isocontour,11.283791670955125,33377.58,70.24,-7.7,-17.2,1.105,2.4,-1.4,2.8,17.7,-6.2,1.11,8,2,0,0,2
73.9,22,isocontour,11.283791670955125,36430.53,76.66,-19.7,-7.0,0.981,-0.6,2.1,2.2,17.7,-6.2,1.11,8,3,0,0,3
73.9,23,isocontour,11.283791670955125,37690.03,79.31,-20.0,5.6,0.989,-0.9,-2.1,2.3,17.7,-6.2,1.11,8,3,0,0,3
73.9,24,isocontour,11.283791670955125,34718.16,73.06,-0.1,-20.6,0.999,1.0,0.1,1.0,17.7,-6.2,1.11,8,3,0,0,3
73.9,25,isocontour,11.283791670955125,33831.42,71.19,-15.7,12.1,1.047,1.6,0.7,1.7,17.7,-6.2,1.11,8,3,0,0,3
73.9,Target,,,,,0.0,0.0,4.023,0.0,0.0,,,,,,,,,
74.0,1,isocontour,11.283791670955125,32756.76,68.93,19.5,7.2,0.99,0.4,1.2,1.3,19.5,7.2,0.993,1,5,0,0,5
74.0,2,isocontour,11.283791670955125,31187.63,65.63,8.8,18.8,0.99,-1.9,1.6,2.5,8.8,18.8,0.992,2,3,0,0,3
74.0,3,isocontour,11.283791670955125,32881.57,69.2,15.0,14.4,0.987,-1.8,1.2,2.2,15.0,14.4,0.985,3,5,0,0,5
74.0,4,isocontour,11.283791670955125,36304.52,76.4,17.6,7.5,1.085,-0.9,2.3,2.5,17.6,7.5,1.085,4,6,0,0,6
74.0,5,isocontour,11.283791670955125,34314.8,72.21,17.3,8.3,1.083,-1.2,2.2,2.5,17.3,8.3,1.082,5,6,0,0,6
74.0,6,isocontour,11.283791670955125,36208.72,76.2,17.9,-6.6,1.089,1.2,2.6,2.9,17.9,-6.6,1.092,6,4,0,0,4
74.0,7,isocontour,11.283791670955125,34279.39,72.14,-16.1,13.1,0.99,-1.0,-0.5,1.1,-16.1,13.1,0.992,7,3,0,0,3
74.0,8,isocontour,11.283791670955125,36110.96,75.99,18.3,-5.8,1.082,0.8,2.5,2.6,18.3,-5.8,1.083,8,4,0,0,4
74.0,9,isocontour,11.283791670955125,34060.7,71.68,20.8,0.7,0.988,-1.0,2.3,2.5,20.8,0.7,0.983,9,6,0,0,6
74.0,10,isocontour,11.283791670955125,33956.97,71.46,14.8,-14.7,0.985,-0.3,1.2,1.2,14.8,-14.7,0.981,10,4,0,0,4
74.0,11,isocontour,11.283791670955125,35504.8,74.72,-18.6,-6.9,1.044,0.1,1.0,1.0,-18.6,-6.9,1.041,11,3,0,0,3
74.0,12,isocontour,11.283791670955125,34072.66,71.7,-15.6,-13.7,0.989,-0.7,2.0,2.1,-15.6,-13.7,0.985,12,3,0,0,3
74.0,13,isocontour,11.283791670955125,32747.78,68.91,20.8,-1.3,0.987,1.5,-1.7,2.3,20.8,-1.3,0.994,13,6,0,0,6
74.0,14,isocontour,11.283791670955125,33450.95,70.39,9.1,-17.4,1.054,-2.2,0.3,2.2,9.1,-17.4,1.047,14,3,0,0,3
74.0,15,isocontour,11.283791670955125,32548.47,68.49,0.4,20.6,0.997,-0.1,-1.7,1.7,0.4,20.6,0.989,15,2,0,0,2
74.0,16,isocontour,11.283791670955125,46634.47,98.14,-24.8,22.1,0.504,-0.7,0.6,0.9,-24.8,22.1,0.507,16,0,0,0,0
74.0,17,isocontour,11.283791670955125,32304.24,67.98,12.1,16.6,1.003,-0.6,0.4,0.7,12.1,16.6,1.002,17,4,0,0,4
74.0,18,isocontour,11.283791670955125,37868.35,79.69,-9.9,18.2,0.994,3.8,1.8,4.2,-9.9,18.2,0.993,18,3,0,0,3
74.0,19,isocontour,11.283791670955125,33898.77,71.34,-20.7,1.2,0.989,1.3,0.5,1.4,-20.7,1.2,0.984,19,3,0,0,3
74.0,20,isocontour,11.283791670955125,34280.07,72.14,6.5,-19.7,0.99,1.7,-0.4,1.7,6.5,-19.7,0.993,20,3,0,0,3
74.0,21,isocontour,11.283791670955125,33348.62,70.18,-7.5,-17.2,1.109,2.8,-0.3,2.8,-7.5,-17.2,1.105,21,2,0,0,2
74.0,22,isocontour,11.283791670955125,36425.02,76.65,-19.6,-7.0,0.988,1.6,-0.3,1.6,-19.6,-7.0,0.981,22,3,0,0,3
74.0,23,isocontour,11.283791670955125,37639.96,79.21,-20.1,5.9,0.98,-0.9,3.3,3.4,-20.1,5.9,0.989,23,3,0,0,3
74.0,24,isocontour,11.283791670955125,34703.14,73.03,-0.2,-20.8,0.99,-1.1,-2.0,2.3,-0.2,-20.8,0.999,24,3,0,0,3
74.0,25,isocontour,11.283791670955125,33828.87,71.19,-15.5,12.1,1.051,1.2,0.4,1.3,-15.5,12.1,1.047,25,3,0,0,3
74.0,Target,,,,,0.0,0.0,4.023,0.0,0.0,,,,,,,,,
74.1,1,isocontour,11.283791670955125,32745.68,68.91,19.6,7.2,0.981,2.0,-0.3,2.0,17.6,7.5,1.085,4,5,0,0,5
74.1,2,isocontour,11.283791670955125,31170.34,65.59,8.6,18.9,0.991,-2.2,0.8,2.3,12.1,16.6,1.003,17,3,0,0,3
74.1,3,isocontour,11.283791670955125,32880.89,69.19,14.9,14.4,0.99,-0.8,0.0,0.8,17.6,7.5,1.085,4,5,0,0,5
74.1,4,isocontour,11.283791670955125,36303.64,76.4,17.5,7.6,1.086,-0.5,0.7,0.9,17.5,7.6,1.085,4,6,0,0,6
74.1,5,isocontour,11.283791670955125,34309.78,72.2,17.1,8.4,1.089,-1.5,0.6,1.6,17.6,7.5,1.085,4,6,0,0,6
74.1,6,isocontour,11.283791670955125,36182.71,76.14,18.0,-6.3,1.087,1.2,2.5,2.8,18.0,-6.3,1.092,6,4,0,0,4
74.1,7,isocontour,11.283791670955125,34270.41,72.12,-16.3,13.2,0.981,-1.8,0.8,2.0,-15.5,12.1,1.051,25,3,0,0,3
74.1,8,isocontour,11.283791670955125,36106.83,75.98,18.4,-5.8,1.076,1.3,0.6,1.4,17.9,-6.6,1.092,6,4,0,0,4
74.1,9,isocontour,11.283791670955125,34038.97,71.63,20.7,0.9,0.993,-0.8,2.4,2.5,17.9,-6.6,1.092,6,6,0,0,6
74.1,10,isocontour,11.283791670955125,33950.61,71.44,14.7,-14.8,0.985,-1.2,-1.3,1.8,17.9,-6.6,1.092,6,4,0,0,4
74.1,11,isocontour,11.283791670955125,35503.98,74.71,-18.6,-6.8,1.045,-0.1,0.8,0.8,-18.6,-6.8,1.044,11,3,0,0,3
74.1,12,isocontour,11.283791670955125,34071.05,71.7,-15.6,-13.6,0.992,-0.2,1.0,1.0,-7.5,-17.2,1.109,21,3,0,0,3
74.1,13,isocontour,11.283791670955125,32737.33,68.89,20.9,-1.2,0.982,0.9,1.8,2.0,17.9,-6.6,1.092,6,6,0,0,6
74.1,14,isocontour,11.283791670955125,33424.93,70.34,8.8,-17.6,1.054,-2.4,-1.3,2.7,8.8,-17.6,1.054,14,3,0,0,3
74.1,15,isocontour,11.283791670955125,32518.59,68.43,0.6,20.6,0.996,2.8,0.5,2.8,0.6,20.6,0.997,15,2,0,0,2
74.1,16,isocontour,11.283791670955125,46633.37,98.13,-24.8,22.1,0.504,0.6,0.7,0.9,-24.8,22.1,0.507,16,0,0,0,0
74.1,17,isocontour,11.283791670955125,32303.51,67.98,12.1,16.6,1.002,-0.4,0.7,0.8,17.6,7.5,1.085,4,4,0,0,4
74.1,18,isocontour,11.283791670955125,37864.7,79.68,-9.9,18.2,0.991,-1.4,0.1,1.4,-15.5,12.1,1.051,25,3,0,0,3
74.1,19,isocontour,11.283791670955125,33896.28,71.33,-20.7,1.1,0.992,0.4,-1.2,1.3,-18.6,-6.9,1.044,11,3,0,0,3
74.1,20,isocontour,11.283791670955125,34265.64,72.11,6.7,-19.8,0.982,1.9,-1.2,2.2,9.1,-17.4,1.054,14,3,0,0,3
74.1,21,isocontour,11.283791670955125,33332.4,70.14,-7.4,-17.4,1.1,0.3,-2.3,2.3,-7.4,-17.4,1.109,21,2,0,0,2
74.1,22,isocontour,11.283791670955125,36412.6,76.63,-19.4,-7.0,0.998,2.1,-0.0,2.1,-18.6,-6.9,1.044,11,3,0,0,3
74.1,23,isocontour,11.283791670955125,37602.32,79.13,-19.9,6.1,0.987,2.3,2.0,3.0,-15.5,12.1,1.051,25,3,0,0,3
74.1,24,isocontour,11.283791670955125,34700.21,73.02,-0.2,-20.9,0.982,0.3,-1.3,1.3,-7.5,-17.2,1.109,21,3,0,0,3
74.1,25,isocontour,11.283791670955125,33821.46,71.17,-15.5,12.3,1.048,0.3,1.8,1.8,-15.5,12.3,1.051,25,3,0,0,3
74.1,Target,,,,,0.0,0.0,4.023,0.0,0.0,,,,,,,,,
74.2,1,isocontour,11.283791670955125,32744.86,68.91,19.7,7.3,0.976,0.8,0.3,0.9,17.9,-6.6,1.092,6,5,0,0,5
74.2,2,isocontour,11.283791670955125,31135.53,65.52,8.8,18.9,0.984,3.0,0.1,3.0,17.6,7.5,1.085,4,3,0,0,3
74.2,3,isocontour,11.283791670955125,32872.45,69.18,14.8,14.6,0.988,-1.0,1.6,1.9,17.1,8.4,1.089,5,5,0,0,5
74.2,4,isocontour,11.283791670955125,36300.29,76.39,17.4,7.7,1.091,-1.2,0.6,1.3,17.9,-6.6,1.092,6,6,0,0,6
74.2,5,isocontour,11.283791670955125,34292.92,72.17,17.1,8.6,1.087,-0.5,2.3,2.4,17.9,-6.6,1.092,6,6,0,0,6
74.2,6,isocontour,11.283791670955125,36182.21,76.14,18.1,-6.3,1.085,0.5,0.6,0.8,17.9,-6.6,1.092,6,4,0,0,4
74.2,7,isocontour,11.283791670955125,34261.29,72.1,-16.3,13.3,0.975,0.2,1.9,1.9,-15.5,12.1,1.051,25,3,0,0,3
74.2,8,isocontour,11.283791670955125,36102.53,75.97,18.5,-5.7,1.071,1.2,0.9,1.5,17.9,-6.6,1.092,6,4,0,0,4
74.2,9,isocontour,11.283791670955125,34038.18,71.63,20.7,1.0,0.993,0.0,0.8,0.8,17.9,-6.6,1.092,6,6,0,0,6
74.2,10,isocontour,11.283791670955125,33918.82,71.38,14.6,-14.6,0.997,-0.8,2.8,2.9,17.9,-6.6,1.092,6,4,0,0,4
74.2,11,isocontour,11.283791670955125,35494.28,74.69,-18.7,-6.9,1.036,-1.7,-0.9,1.9,-7.5,-17.2,1.109,21,3,0,0,3
74.2,12,isocontour,11.283791670955125,34038.6,71.63,-15.5,-13.8,0.989,1.2,-2.7,3.0,-7.5,-17.2,1.109,21,3,0,0,3
74.2,13,isocontour,11.283791670955125,32710.45,68.84,20.8,-0.9,0.986,-1.0,2.6,2.8,17.9,-6.6,1.092,6,6,0,0,6
74.2,14,isocontour,11.283791670955125,33397.18,70.28,8.6,-17.7,1.051,-2.2,-1.7,2.8,-7.5,-17.2,1.109,21,3,0,0,3
74.2,15,isocontour,11.283791670955125,32490.53,68.37,0.5,20.8,0.986,-1.9,2.0,2.8,-15.5,12.1,1.051,25,2,0,0,2
74.2,16,isocontour,11.283791670955125,46632.27,98.13,-24.8,22.2,0.502,-0.7,0.6,0.9,-24.8,22.2,0.507,16,0,0,0,0
74.2,17,isocontour,11.283791670955125,32302.96,67.98,12.1,16.7,1.0,-0.3,0.7,0.8,17.1,8.4,1.089,5,4,0,0,4
74.2,18,isocontour,11.283791670955125,37864.33,79.68,-9.9,18.3,0.988,0.3,0.6,0.7,-15.5,12.1,1.051,25,3,0,0,3
74.2,19,isocontour,11.283791670955125,33885.19,71.31,-20.8,1.3,0.987,-1.1,1.7,2.0,-15.5,12.1,1.051,25,3,0,0,3
74.2,20,isocontour,11.283791670955125,34264.61,72.11,6.8,-19.9,0.977,0.9,-0.3,0.9,-7.5,-17.2,1.109,21,3,0,0,3
74.2,21,isocontour,11.283791670955125,33330.4,70.14,-7.4,-17.4,1.101,-0.7,0.9,1.1,-7.4,-17.4,1.109,21,2,0,0,2
74.2,22,isocontour,11.283791670955125,36405.43,76.61,-19.4,-7.2,0.994,-0.6,-1.7,1.8,-7.5,-17.2,1.109,21,3,0,0,3
74.2,23,isocontour,11.283791670955125,37601.8,79.13,-19.9,6.1,0.989,-0.0,-0.7,0.7,-15.5,12.1,1.051,25,3,0,0,3
74.2,24,isocontour,11.283791670955125,34696.08,73.01,-0.2,-20.8,0.988,0.1,1.5,1.5,-7.5,-17.2,1.109,21,3,0,0,3
74.2,25,isocontour,11.283791670955125,33818.47,71.17,-15.4,12.3,1.051,1.3,0.3,1.3,-15.4,12.3,1.051,25,3,0,0,3
74.2,Target,,,,,0.0,0.0,4.023,0.0,0.0,,,,,,,,,
74.3,1,isocontour,11.283791670955125,32742.91,68.9,19.7,7.2,0.978,-0.4,-1.1,1.2,17.9,-6.6,1.092,6,5,0,0,5
74.3,2,isocontour,11.283791670955125,31133.78,65.52,8.9,18.8,0.988,0.1,-1.1,1.1,17.1,8.4,1.089,5,3,0,0,3
74.3,3,isocontour,11.283791670955125,32864.67,69.16,14.7,14.6,0.994,-1.8,0.0,1.8,17.9,-6.6,1.092,6,5,0,0,5
74.3,4,isocontour,11.283791670955125,36280.99,76.35,17.3,7.9,1.091,-0.9,2.3,2.5,17.9,-6.6,1.092,6,6,0,0,6
74.3,5,isocontour,11.283791670955125,34289.2,72.16,17.0,8.6,1.092,-1.3,0.5,1.4,17.9,-6.6,1.092,6,6,0,0,6
74.3,6,isocontour,11.283791670955125,36144.2,76.06,18.0,-6.5,1.085,-1.1,-2.9,3.1,17.9,-6.6,1.092,6,4,0,0,4
74.3,7,isocontour,11.283791670955125,34226.82,72.03,-16.1,13.2,0.988,2.2,-2.0,3.0,-15.5,12.1,1.051,25,3,0,0,3
74.3,8,isocontour,11.283791670955125,36067.03,75.9,18.5,-5.9,1.07,-1.0,-2.9,3.1,17.9,-6.6,1.092,6,4,0,0,4
74.3,9,isocontour,11.283791670955125,34027.73,71.61,20.8,1.0,0.984,1.8,-0.9,2.0,17.9,-6.6,1.092,6,6,0,0,6
74.3,10,isocontour,11.283791670955125,33917.82,71.38,14.6,-14.5,1.001,0.5,0.8,0.9,-7.5,-17.2,1.109,21,4,0,0,4
74.3,11,isocontour,11.283791670955125,35459.47,74.62,-18.7,-7.1,1.033,1.0,-2.9,3.1,-7.5,-17.2,1.109,21,3,0,0,3
74.3,12,isocontour,11.283791670955125,34036.76,71.63,-15.5,-14.0,0.986,0.4,-1.1,1.2,-7.5,-17.2,1.109,21,3,0,0,3
74.3,13,isocontour,11.283791670955125,32708.46,68.83,20.7,-0.8,0.992,-0.9,0.7,1.1,17.9,-6.6,1.092,6,6,0,0,6
74.3,14,isocontour,11.283791670955125,33395.93,70.28,8.6,-17.7,1.053,0.6,0.8,1.0,-7.5,-17.2,1.109,21,3,0,0,3
74.3,15,isocontour,11.283791670955125,32489.13,68.37,0.4,20.8,0.987,-0.8,-0.6,1.0,17.6,7.5,1.085,4,2,0,0,2
74.3,16,isocontour,11.283791670955125,46631.17,98.13,-24.9,22.1,0.502,-0.6,-0.8,1.0,-24.9,22.1,0.507,16,0,0,0,0
74.3,17,isocontour,11.283791670955125,32300.03,67.97,12.0,16.8,0.996,-0.5,1.2,1.3,17.9,-6.6,1.092,6,4,0,0,4
74.3,18,isocontour,11.283791670955125,37862.67,79.68,-10.0,18.2,0.988,-1.0,-0.5,1.1,-15.5,12.1,1.051,25,3,0,0,3
74.3,19,isocontour,11.283791670955125,33884.88,71.31,-20.8,1.3,0.984,-0.4,0.4,0.6,-7.5,-17.2,1.109,21,3,0,0,3
74.3,20,isocontour,11.283791670955125,34263.21,72.1,6.8,-19.8,0.98,0.5,0.9,1.0,-7.5,-17.2,1.109,21,3,0,0,3
74.3,21,isocontour,11.283791670955125,33306.05,70.09,-7.7,-17.3,1.097,-2.7,0.3,2.7,-7.7,-17.3,1.109,21,2,0,0,2
74.3,22,isocontour,11.283791670955125,36397.65,76.59,-19.6,-7.2,0.986,-1.8,0.2,1.8,-7.5,-17.2,1.109,21,3,0,0,3
74.3,23,isocontour,11.283791670955125,37563.79,79.05,-19.7,6.3,0.993,1.7,2.6,3.1,-15.5,12.1,1.051,25,3,0,0,3
74.3,24,isocontour,11.283791670955125,34692.2,73.01,-0.2,-20.7,0.996,0.2,1.4,1.4,-7.5,-17.2,1.109,21,3,0,0,3
74.3,25,isocontour,11.283791670955125,33788.27,71.1,-15.3,12.1,1.064,1.0,-2.7,2.9,-15.3,12.1,1.051,25,3,0,0,3
74.3,Target,,,,,0.0,0.0,4.023,0.0,0.0,,,,,,,,,
74.4,1,isocontour,11.283791670955125,32715.75,68.85,19.5,7.2,0.991,-2.8,0.0,2.8,17.9,-6.6,1.092,6,5,0,0,5
74.4,2,isocontour,11.283791670955125,31097.22,65.44,9.1,18.7,0.991,2.6,-1.7,3.1,17.9,-6.6,1.092,6,3,0,0,3
74.4,3,isocontour,11.283791670955125,32849.85,69.13,14.7,14.4,0.999,0.8,-2.1,2.2,17.9,-6.6,1.092,6,5,0,0,5
74.4,4,isocontour,11.283791670955125,36278.55,76.34,17.2,8.0,1.095,-1.1,0.6,1.3,17.9,-6.6,1.092,6,6,0,0,6
74.4,5,isocontour,11.283791670955125,34278.12,72.13,16.9,8.8,1.089,-0.2,2.0,2.0,17.9,-6.6,1.092,6,6,0,0,6
74.4,6,isocontour,11.283791670955125,36109.39,75.99,17.9,-6.8,1.085,-1.0,-2.8,3.0,-7.5,-17.2,1.109,21,4,0,0,4
74.4,7,isocontour,11.283791670955125,34219.66,72.01,-16.1,13.1,0.989,-1.3,-1.2,1.8,-15.3,12.1,1.064,25,3,0,0,3
74.4,8,isocontour,11.283791670955125,36064.82,75.89,18.4,-6.0,1.071,-0.5,-1.1,1.2,-7.5,-17.2,1.109,21,4,0,0,4
74.4,9,isocontour,11.283791670955125,34007.48,71.56,20.9,0.7,0.981,0.5,-2.5,2.5,17.9,-6.6,1.092,6,6,0,0,6
74.4,10,isocontour,11.283791670955125,33891.8,71.32,14.8,-14.4,0.998,2.3,1.5,2.7,-7.5,-17.2,1.109,21,4,0,0,4
74.4,11,isocontour,11.283791670955125,35444.06,74.59,-18.6,-7.0,1.042,1.1,2.0,2.3,-7.5,-17.2,1.109,21,3,0,0,3
74.4,12,isocontour,11.283791670955125,34035.76,71.62,-15.5,-13.9,0.985,-0.6,0.7,0.9,-7.5,-17.2,1.109,21,3,0,0,3
74.4,13,isocontour,11.283791670955125,32707.02,68.83,20.7,-0.9,0.993,-0.1,-1.0,1.0,17.9,-6.6,1.092,6,6,0,0,6
74.4,14,isocontour,11.283791670955125,33382.8,70.25,8.7,-17.5,1.06,1.1,1.9,2.2,-7.5,-17.2,1.109,21,3,0,0,3
74.4,15,isocontour,11.283791670955125,32472.7,68.33,0.3,20.6,0.997,-1.4,-1.9,2.4,17.1,8.4,1.089,5,2,0,0,2
74.4,16,isocontour,11.283791670955125,46630.07,98.13,-24.8,22.1,0.504,0.8,-0.4,0.9,-24.8,22.1,0.507,16,0,0,0,0
74.4,17,isocontour,11.283791670955125,32230.79,67.83,11.8,17.1,0.99,-2.3,3.0,3.8,17.9,-6.6,1.092,6,4,0,0,4
74.4,18,isocontour,11.283791670955125,37859.67,79.67,-10.0,18.1,0.992,-0.4,-1.3,1.4,17.6,7.5,1.085,4,3,0,0,3
74.4,19,isocontour,11.283791670955125,33853.73,71.24,-20.7,1.2,0.994,2.1,-2.0,2.9,-7.5,-17.2,1.109,21,3,0,0,3
74.4,20,isocontour,11.283791670955125,34261.06,72.1,6.9,-19.7,0.985,0.4,1.1,1.2,-7.5,-17.2,1.109,21,3,0,0,3
74.4,21,isocontour,11.283791670955125,33304.06,70.08,-7.7,-17.4,1.095,0.9,-0.8,1.2,-7.7,-17.4,1.109,21,2,0,0,2
74.4,22,isocontour,11.283791670955125,36394.45,76.59,-19.6,-7.3,0.983,0.3,-1.3,1.3,-7.5,-17.2,1.109,21,3,0,0,3
74.4,23,isocontour,11.283791670955125,37563.0,79.05,-19.7,6.4,0.992,-0.0,0.8,0.8,-7.5,-17.2,1.109,21,3,0,0,3
74.4,24,isocontour,11.283791670955125,34689.88,73.0,-0.3,-20.6,0.998,-1.2,0.1,1.2,-7.5,-17.2,1.109,21,3,0,0,3
74.4,25,isocontour,11.283791670955125,33781.1,71.09,-15.4,12.0,1.061,-1.7,-0.4,1.7,-15.4,12.0,1.064,25,3,0,0,3
74.4,Target,,,,,0.0,0.0,4.023,0.0,0.0,,,,,,,,,
74.5,1,isocontour,11.283791670955125,32699.73,68.81,19.6,7.3,0.983,1.8,1.4,2.3,17.2,8.0,1.095,4,5,0,0,5
74.5,2,isocontour,11.283791670955125,31087.37,65.42,9.2,18.8,0.982,1.1,1.6,1.9,17.9,-6.6,1.092,6,3,0,0,3
74.5,3,isocontour,11.283791670955125,32820.59,69.07,14.9,14.5,0.987,2.3,1.7,2.9,17.2,8.0,1.095,4,5,0,0,5
74.5,4,isocontour,11.283791670955125,36247.72,76.28,17.1,8.2,1.094,-1.0,2.7,2.9,17.1,8.2,1.095,4,6,0,0,6
74.5,5,isocontour,11.283791670955125,34277.53,72.13,16.9,8.9,1.086,0.0,0.8,0.8,17.2,8.0,1.095,4,6,0,0,6
74.5,6,isocontour,11.283791670955125,36072.83,75.91,17.8,-7.1,1.086,-1.4,-2.7,3.0,-7.5,-17.2,1.109,21,4,0,0,4
74.5,7,isocontour,11.283791670955125,34201.49,71.97,-16.1,12.9,1.0,1.2,-2.1,2.4,-7.5,-17.2,1.109,21,3,0,0,3
74.5,8,isocontour,11.283791670955125,36034.31,75.83,18.3,-6.3,1.07,-0.7,-2.8,2.9,-7.5,-17.2,1.109,21,4,0,0,4
74.5,9,isocontour,11.283791670955125,34004.27,71.56,20.8,0.7,0.986,-1.2,0.6,1.3,-7.5,-17.2,1.109,21,6,0,0,6
74.5,10,isocontour,11.283791670955125,33884.64,71.31,15.0,-14.4,0.99,1.7,-0.4,1.7,-7.5,-17.2,1.109,21,4,0,0,4
74.5,11,isocontour,11.283791670955125,35423.32,74.54,-18.6,-6.8,1.048,-0.1,2.5,2.5,-7.5,-17.2,1.109,21,3,0,0,3
74.5,12,isocontour,11.283791670955125,34018.03,71.59,-15.4,-13.7,0.996,1.3,2.0,2.4,-7.5,-17.2,1.109,21,3,0,0,3
74.5,13,isocontour,11.283791670955125,32681.29,68.77,20.8,-1.2,0.989,0.7,-2.6,2.7,-7.5,-17.2,1.109,21,6,0,0,6
74.5,14,isocontour,11.283791670955125,33361.57,70.21,8.5,-17.6,1.061,-2.3,-1.0,2.5,-7.5,-17.2,1.109,21,3,0,0,3
74.5,15,isocontour,11.283791670955125,32461.29,68.31,0.4,20.7,0.992,1.6,1.3,2.1,17.9,-6.6,1.092,6,2,0,0,2
74.5,16,isocontour,11.283791670955125,46628.97,98.12,-24.8,22.0,0.506,0.6,-0.7,0.9,-24.8,22.0,0.507,16,0,0,0,0
74.5,17,isocontour,11.283791670955125,32206.44,67.77,11.6,17.3,0.985,-1.6,2.1,2.6,17.2,8.0,1.095,4,4,0,0,4
74.5,18,isocontour,11.283791670955125,37858.77,79.67,-10.1,18.1,0.992,-0.9,-0.2,0.9,17.1,8.4,1.089,5,3,0,0,3
74.5,19,isocontour,11.283791670955125,33851.58,71.24,-20.6,1.0,0.995,-0.2,-1.2,1.2,-7.5,-17.2,1.109,21,3,0,0,3
74.5,20,isocontour,11.283791670955125,34247.01,72.07,7.0,-19.5,0.993,1.1,1.9,2.2,-7.5,-17.2,1.109,21,3,0,0,3
74.5,21,isocontour,11.283791670955125,33301.56,70.08,-7.6,-17.5,1.092,0.9,-0.9,1.3,-7.6,-17.5,1.109,21,2,0,0,2
74.5,22,isocontour,11.283791670955125,36367.28,76.53,-19.5,-7.1,0.991,0.8,2.7,2.8,-7.5,-17.2,1.109,21,3,0,0,3
74.5,23,isocontour,11.283791670955125,37562.94,79.05,-19.7,6.4,0.991,-0.1,0.3,0.3,-7.5,-17.2,1.109,21,3,0,0,3
74.5,24,isocontour,11.283791670955125,34682.48,72.99,-0.2,-20.8,0.989,0.4,-1.7,1.7,-7.5,-17.2,1.109,21,3,0,0,3
74.5,25,isocontour,11.283791670955125,33764.25,71.05,-15.4,12.2,1.055,0.5,2.3,2.4,-7.5,-17.2,1.109,21,3,0,0,3
74.5,Target,,,,,0.0,0.0,4.023,0.0,0.0,,,,,,,,,
74.6,1,isocontour,11.283791670955125,32697.98,68.81,19.7,7.3,0.976,1.1,0.1,1.1,-7.5,-17.2,1.109,21,5,0,0,5
74.6,2,isocontour,11.283791670955125,31062.48,65.37,9.0,18.8,0.987,-2.7,-0.4,2.7,17.2,8.0,1.095,4,3,0,0,3
74.6,3,isocontour,11.283791670955125,32772.25,68.97,15.2,14.4,0.979,3.0,-1.6,3.4,17.2,8.0,1.095,4,5,0,0,5
74.6,4,isocontour,11.283791670955125,36239.94,76.26,17.2,8.2,1.089,1.5,-1.1,1.9,-7.5,-17.2,1.109,21,6,0,0,6
74.6,5,isocontour,11.283791670955125,34275.63,72.13,16.9,8.8,1.087,0.2,-1.1,1.1,-7.5,-17.2,1.109,21,6,0,0,6
74.6,6,isocontour,11.283791670955125,36069.83,75.9,17.8,-7.0,1.082,1.2,0.6,1.3,-7.5,-17.2,1.109,21,4,0,0,4
74.6,7,isocontour,11.283791670955125,34178.74,71.92,-16.2,12.9,0.99,-2.4,1.1,2.6,-7.5,-17.2,1.109,21,3,0,0,3
74.6,8,isocontour,11.283791670955125,36033.79,75.83,18.3,-6.3,1.069,0.3,0.7,0.8,-7.5,-17.2,1.109,21,4,0,0,4
74.6,9,isocontour,11.283791670955125,33999.71,71.55,20.7,0.7,0.994,-1.4,-0.5,1.5,-7.5,-17.2,1.109,21,6,0,0,6
74.6,10,isocontour,11.283791670955125,33861.36,71.26,15.2,-14.5,0.977,2.4,-1.0,2.6,-7.5,-17.2,1.109,21,4,0,0,4
74.6,11,isocontour,11.283791670955125,35399.51,74.49,-18.5,-6.9,1.051,1.3,-2.3,2.6,-7.5,-17.2,1.109,21,3,0,0,3
74.6,12,isocontour,11.283791670955125,34007.58,71.56,-15.4,-13.9,0.993,0.3,-2.0,2.0,-7.5,-17.2,1.109,21,3,0,0,3
74.6,13,isocontour,11.283791670955125,32678.61,68.77,20.8,-1.1,0.989,-0.1,1.3,1.3,-7.5,-17.2,1.109,21,6,0,0,6
74.6,14,isocontour,11.283791670955125,33331.06,70.14,8.3,-17.7,1.059,-2.4,-1.7,2.9,-7.5,-17.2,1.109,21,3,0,0,3
74.6,15,isocontour,11.283791670955125,32460.22,68.31,0.5,20.8,0.989,0.9,0.2,0.9,17.9,-6.6,1.092,6,2,0,0,2
74.6,16,isocontour,11.283791670955125,46627.87,98.12,-24.7,22.1,0.506,0.3,0.9,0.9,-24.7,22.1,0.507,16,0,0,0,0
74.6,17,isocontour,11.283791670955125,32205.68,67.77,11.5,17.3,0.987,-0.8,-0.0,0.8,17.2,8.0,1.095,4,4,0,0,4
74.6,18,isocontour,11.283791670955125,37833.87,79.62,-10.1,18.3,0.981,0.3,2.7,2.7,-7.5,-17.2,1.109,21,3,0,0,3
74.6,19,isocontour,11.283791670955125,33752.01,71.03,-20.8,1.3,0.985,-1.9,3.8,4.2,-7.5,-17.2,1.109,21,3,0,0,3
74.6,20,isocontour,11.283791670955125,34245.31,72.07,6.9,-19.5,0.997,-1.1,0.3,1.1,-7.5,-17.2,1.109,21,3,0,0,3
74.6,21,isocontour,11.283791670955125,33275.55,70.02,-7.8,-17.4,1.091,-2.5,1.0,2.7,-7.8,-17.4,1.109,21,2,0,0,2
74.6,22,isocontour,11.283791670955125,36352.07,76.5,-19.6,-7.2,0.984,-1.3,-1.9,2.3,-7.5,-17.2,1.109,21,3,0,0,3
74.6,23,isocontour,11.283791670955125,37441.03,78.79,-20.1,6.3,0.976,-4.0,-2.1,4.5,-7.5,-17.2,1.109,21,3,0,0,3
74.6,24,isocontour,11.283791670955125,34679.2,72.98,-0.2,-20.9,0.982,0.4,-1.3,1.4,-7.5,-17.2,1.109,21,3,0,0,3
74.6,25,isocontour,11.283791670955125,33761.44,71.05,-15.4,12.4,1.048,-0.4,1.2,1.3,-7.5,-17.2,1.109,21,3,0,0,3
74.6,Target,,,,,0.0,0.0,4.023,0.0,0.0,,,,,,,,,
74.7,1,isocontour,11.283791670955125,32695.77,68.8,19.7,7.2,0.979,-0.5,-1.1,1.2,-7.5,-17.2,1.109,21,5,0,0,5
74.7,2,isocontour,11.283791670955125,31038.67,65.32,8.7,18.8,0.994,-2.6,-0.1,2.6,17.2,8.0,1.095,4,3,0,0,3
74.7,3,isocontour,11.283791670955125,32755.4,68.93,15.0,14.4,0.986,-2.4,0.0,2.4,-7.5,-17.2,1.109,21,5,0,0,5
74.7,4,isocontour,11.283791670955125,36229.17,76.24,17.2,8.0,1.095,-0.4,-2.0,2.0,-7.5,-17.2,1.109,21,6,0,0,6
74.7,5,isocontour,11.283791670955125,34273.59,72.12,16.9,8.7,1.09,0.2,-1.1,1.1,-7.5,-17.2,1.109,21,6,0,0,6
74.7,6,isocontour,11.283791670955125,36047.33,75.86,17.9,-6.8,1.081,0.9,2.4,2.6,-7.5,-17.2,1.109,21,4,0,0,4
74.7,7,isocontour,11.283791670955125,34178.28,71.92,-16.3,13.0,0.984,-0.5,0.5,0.7,-7.5,-17.2,1.109,21,3,0,0,3
74.7,8,isocontour,11.283791670955125,36011.8,75.78,18.4,-6.1,1.068,1.0,2.4,2.6,-7.5,-17.2,1.109,21,4,0,0,4
74.7,9,isocontour,11.283791670955125,33998.65,71.55,20.7,0.6,0.995,0.0,-0.9,0.9,-7.5,-17.2,1.109,21,6,0,0,6
74.7,10,isocontour,11.283791670955125,33853.32,71.24,15.2,-14.6,0.974,-1.1,-1.5,1.9,-7.5,-17.2,1.109,21,4,0,0,4
74.7,11,isocontour,11.283791670955125,35369.94,74.43,-18.3,-7.1,1.056,1.9,-2.2,2.9,-7.5,-17.2,1.109,21,3,0,0,3
74.7,12,isocontour,11.283791670955125,33976.43,71.5,-15.4,-14.2,0.983,0.0,-2.9,2.9,-7.5,-17.2,1.109,21,3,0,0,3
74.7,13,isocontour,11.283791670955125,32649.34,68.71,20.7,-0.9,0.994,-1.0,2.7,2.9,-7.5,-17.2,1.109,21,6,0,0,6
74.7,14,isocontour,11.283791670955125,33303.6,70.08,8.1,-17.9,1.057,-2.4,-1.4,2.8,-7.5,-17.2,1.109,21,3,0,0,3
74.7,15,isocontour,11.283791670955125,32459.09,68.31,0.6,20.8,0.99,0.9,-0.1,0.9,-7.5,-17.2,1.109,21,2,0,0,2
74.7,16,isocontour,11.283791670955125,46626.77,98.12,-24.6,22.1,0.507,0.9,0.2,0.9,-24.6,22.1,0.507,16,0,0,0,0
74.7,17,isocontour,11.283791670955125,32183.95,67.73,11.7,17.2,0.989,1.9,-1.7,2.5,-7.5,-17.2,1.109,21,4,0,0,4
74.7,18,isocontour,11.283791670955125,37828.57,79.61,-10.0,18.3,0.986,1.3,-0.9,1.6,-7.5,-17.2,1.109,21,3,0,0,3
74.7,19,isocontour,11.283791670955125,33716.86,70.95,-20.8,1.2,0.986,0.4,-3.0,3.0,-7.5,-17.2,1.109,21,3,0,0,3
74.7,20,isocontour,11.283791670955125,34243.15,72.06,6.9,-19.5,0.992,-0.0,-1.2,1.2,-7.5,-17.2,1.109,21,3,0,0,3
74.7,21,isocontour,11.283791670955125,33271.67,70.02,-7.9,-17.3,1.095,-0.8,1.2,1.4,-7.9,-17.3,1.109,21,2,0,0,2
74.7,22,isocontour,11.283791670955125,36350.22,76.49,-19.6,-7.3,0.983,0.5,-1.0,1.1,-7.5,-17.2,1.109,21,3,0,0,3
74.7,23,isocontour,11.283791670955125,37439.14,78.79,-20.1,6.3,0.972,0.1,1.1,1.1,-7.5,-17.2,1.109,21,3,0,0,3
74.7,24,isocontour,11.283791670955125,34678.41,72.98,-0.1,-20.9,0.983,0.6,0.5,0.8,-7.5,-17.2,1.109,21,3,0,0,3
74.7,25,isocontour,11.283791670955125,33744.59,71.01,-15.5,12.6,1.038,-0.5,2.3,2.4,-7.5,-17.2,1.109,21,3,0,0,3
74.7,Target,,,,,0.0,0.0,4.023,0.0,0.0,,,,,,,,,
74.8,1,isocontour,11.283791670955125,32663.97,68.74,19.7,7.0,0.985,-0.1,-2.9,2.9,-7.5,-17.2,1.109,21,5,0,0,5
74.8,2,isocontour,11.283791670955125,31037.5,65.31,8.6,18.8,0.994,-0.7,0.6,0.9,-7.5,-17.2,1.109,21,3,0,0,3
74.8,3,isocontour,11.283791670955125,32730.5,68.88,14.8,14.6,0.99,-2.2,1.6,2.7,-7.5,-17.2,1.109,21,5,0,0,5
74.8,4,isocontour,11.283791670955125,36227.02,76.24,17.2,7.9,1.099,-0.1,-1.2,1.2,-7.5,-17.2,1.109,21,6,0,0,6
74.8,5,isocontour,11.283791670955125,34238.78,72.05,17.0,8.5,1.092,0.9,-2.9,3.0,-7.5,-17.2,1.109,21,6,0,0,6
74.8,6,isocontour,11.283791670955125,36045.13,75.85,18.0,-6.7,1.078,0.9,0.7,1.1,-7.5,-17.2,1.109,21,4,0,0,4
74.8,7,isocontour,11.283791670955125,34152.26,71.87,-16.2,13.2,0.986,2.1,1.8,2.8,-7.5,-17.2,1.109,21,3,0,0,3
74.8,8,isocontour,11.283791670955125,36010.19,75.78,18.5,-6.0,1.066,0.8,0.7,1.1,-7.5,-17.2,1.109,21,4,0,0,4
74.8,9,isocontour,11.283791670955125,33952.43,71.45,20.8,0.9,0.987,1.6,2.9,3.3,-7.5,-17.2,1.109,21,6,0,0,6
74.8,10,isocontour,11.283791670955125,33828.43,71.19,15.0,-14.8,0.976,-2.2,-1.6,2.7,-7.5,-17.2,1.109,21,4,0,0,4
74.8,11,isocontour,11.283791670955125,35367.67,74.43,-18.3,-7.1,1.053,-1.0,0.6,1.2,-7.5,-17.2,1.109,21,3,0,0,3
74.8,12,isocontour,11.283791670955125,33975.86,71.5,-15.3,-14.1,0.985,0.3,0.7,0.8,-7.5,-17.2,1.109,21,3,0,0,3
74.8,13,isocontour,11.283791670955125,32619.77,68.64,20.6,-1.1,0.997,-0.5,-2.8,2.8,-7.5,-17.2,1.109,21,6,0,0,6
74.8,14,isocontour,11.283791670955125,33298.86,70.07,8.0,-18.0,1.052,-0.7,-1.3,1.5,-7.5,-17.2,1.109,21,3,0,0,3
74.8,15,isocontour,11.283791670955125,32457.14,68.3,0.7,20.7,0.993,0.9,-0.6,1.1,-7.5,-17.2,1.109,21,2,0,0,2
74.8,16,isocontour,11.283791670955125,46625.67,98.12,-24.5,22.1,0.509,0.9,0.1,0.9,-24.5,22.1,0.507,16,0,0,0,0
74.8,17,isocontour,11.283791670955125,32155.59,67.67,11.5,17.1,0.997,-2.8,-0.1,2.8,-7.5,-17.2,1.109,21,4,0,0,4
74.8,18,isocontour,11.283791670955125,37801.69,79.55,-9.7,18.3,0.993,2.8,0.1,2.8,-7.5,-17.2,1.109,21,3,0,0,3
74.8,19,isocontour,11.283791670955125,33713.86,70.95,-20.7,1.0,0.99,0.7,-1.1,1.3,-7.5,-17.2,1.109,21,3,0,0,3
74.8,20,isocontour,11.283791670955125,34239.11,72.05,7.0,-19.6,0.986,1.3,-0.6,1.4,-7.5,-17.2,1.109,21,3,0,0,3
74.8,21,isocontour,11.283791670955125,33269.17,70.01,-7.9,-17.4,1.089,-0.1,-1.2,1.2,-7.9,-17.4,1.109,21,2,0,0,2
74.8,22,isocontour,11.283791670955125,36344.09,76.48,-19.4,-7.3,0.99,1.6,0.4,1.6,-7.5,-17.2,1.109,21,3,0,0,3
74.8,23,isocontour,11.283791670955125,37415.06,78.74,-20.0,6.5,0.977,1.8,1.9,2.6,-7.5,-17.2,1.109,21,3,0,0,3
74.8,24,isocontour,11.283791670955125,34656.17,72.93,0.1,-20.8,0.987,2.5,0.6,2.6,-7.5,-17.2,1.109,21,3,0,0,3
74.8,25,isocontour,11.283791670955125,33716.23,70.95,-15.3,12.8,1.037,1.8,2.1,2.8,-7.5,-17.2,1.109,21,3,0,0,3
74.8,Target,,,,,0.0,0.0,4.023,0.0,0.0,,,,,,,,,
74.9,1,isocontour,11.283791670955125,32657.05,68.72,19.7,6.8,0.986,0.6,-1.7,1.8,-7.5,-17.2,1.109,21,5,0,0,5
74.9,2,isocontour,11.283791670955125,31032.76,65.3,8.7,18.9,0.989,1.4,0.6,1.5,-7.5,-17.2,1.109,21,3,0,0,3
74.9,3,isocontour,11.283791670955125,32711.43,68.84,14.6,14.6,0.997,-2.4,0.3,2.4,-7.5,-17.2,1.109,21,5,0,0,5
74.9,4,isocontour,11.283791670955125,36192.56,76.16,17.0,7.9,1.112,-2.9,0.9,3.0,-7.5,-17.2,1.109,21,6,0,0,6
74.9,5,isocontour,11.283791670955125,34213.6,72.0,16.9,8.2,1.104,-1.2,-2.4,2.7,-7.5,-17.2,1.109,21,6,0,0,6
74.9,6,isocontour,11.283791670955125,36043.28,75.85,18.1,-6.7,1.074,0.9,0.7,1.1,-7.5,-17.2,1.109,21,4,0,0,4
74.9,7,isocontour,11.283791670955125,34150.0,71.86,-16.1,13.3,0.986,0.7,1.0,1.2,-7.5,-17.2,1.109,21,3,0,0,3
74.9,8,isocontour,11.283791670955125,35992.03,75.74,18.5,-5.8,1.069,0.0,2.4,2.4,-7.5,-17.2,1.109,21,4,0,0,4
74.9,9,isocontour,11.283791670955125,33922.54,71.39,20.9,0.7,0.981,1.1,-2.6,2.8,-7.5,-17.2,1.109,21,6,0,0,6
74.9,10,isocontour,11.283791670955125,33812.82,71.15,14.7,-14.7,0.986,-2.3,0.5,2.4,-7.5,-17.2,1.109,21,4,0,0,4
74.9,11,isocontour,11.283791670955125,35346.2,74.38,-18.4,-6.9,1.053,-0.8,2.4,2.5,-7.5,-17.2,1.109,21,3,0,0,3
74.9,12,isocontour,11.283791670955125,33959.01,71.46,-15.4,-14.0,0.986,-1.5,1.9,2.4,-7.5,-17.2,1.109,21,3,0,0,3
74.9,13,isocontour,11.283791670955125,32594.31,68.59,20.7,-1.3,0.994,0.6,-2.6,2.7,-7.5,-17.2,1.109,21,6,0,0,6
74.9,14,isocontour,11.283791670955125,33292.17,70.06,7.9,-18.1,1.047,-1.0,-1.4,1.7,-7.5,-17.2,1.109,21,3,0,0,3
74.9,15,isocontour,11.283791670955125,32453.72,68.29,0.7,20.8,0.987,0.0,1.4,1.4,-7.5,-17.2,1.109,21,2,0,0,2
74.9,16,isocontour,11.283791670955125,46624.57,98.12,-24.6,22.2,0.507,-0.5,0.8,0.9,-24.6,22.2,0.509,16,0,0,0,0
74.9,17,isocontour,11.283791670955125,32140.18,67.64,11.5,17.0,1.004,1.1,-2.0,2.3,-7.5,-17.2,1.109,21,4,0,0,4
74.9,18,isocontour,11.283791670955125,37796.95,79.54,-9.8,18.2,0.997,-1.1,-1.1,1.6,-7.5,-17.2,1.109,21,3,0,0,3
74.9,19,isocontour,11.283791670955125,33713.36,70.95,-20.7,1.1,0.991,0.2,0.7,0.7,-7.5,-17.2,1.109,21,3,0,0,3
74.9,20,isocontour,11.283791670955125,34230.4,72.03,7.0,-19.8,0.977,-0.0,-1.9,1.9,-7.5,-17.2,1.109,21,3,0,0,3
74.9,21,isocontour,11.283791670955125,33267.56,70.01,-7.8,-17.4,1.086,0.7,-0.8,1.1,-7.8,-17.4,1.109,21,2,0,0,2
74.9,22,isocontour,11.283791670955125,36343.43,76.48,-19.4,-7.2,0.993,-0.1,0.8,0.8,-7.5,-17.2,1.109,21,3,0,0,3
74.9,23,isocontour,11.283791670955125,37392.3,78.69,-19.7,6.5,0.99,2.6,-0.2,2.6,-7.5,-17.2,1.109,21,3,0,0,3
74.9,24,isocontour,11.283791670955125,34650.04,72.92,0.1,-20.7,0.995,-0.1,1.7,1.7,-7.5,-17.2,1.109,21,3,0,0,3
74.9,25,isocontour,11.283791670955125,33715.23,70.95,-15.2,12.9,1.037,0.7,0.6,0.9,-7.5,-17.2,1.109,21,3,0,0,3
74.9,Target,,,,,0.0,0.0,4.023,0.0,0.0,,,,,,,,,
75.0,1,isocontour,11.283791670955125,32635.32,68.68,19.6,6.9,0.989,-1.4,2.2,2.6,17.0,7.9,1.112,4,5,0,0,5
75.0,2,isocontour,11.283791670955125,31029.11,65.3,8.9,18.9,0.983,1.3,0.4,1.4,-7.5,-17.2,1.109,21,3,0,0,3
75.0,3,isocontour,11.283791670955125,32707.3,68.83,14.7,14.6,0.996,1.4,-0.5,1.5,17.0,7.9,1.112,4,5,0,0,5
75.0,4,isocontour,11.283791670955125,36189.62,76.16,16.8,7.8,1.12,-0.9,-0.9,1.3,16.8,7.8,1.112,4,6,0,0,6
75.0,5,isocontour,11.283791670955125,34157.6,71.88,16.8,8.4,1.109,-2.0,2.9,3.5,17.0,7.9,1.112,4,6,0,0,6
75.0,6,isocontour,11.283791670955125,36021.04,75.8,18.2,-6.4,1.075,0.7,2.5,2.6,-7.5,-17.2,1.109,21,4,0,0,4
75.0,7,isocontour,11.283791670955125,34146.35,71.86,-15.9,13.3,0.992,1.4,-0.2,1.4,-7.5,-17.2,1.109,21,3,0,0,3
75.0,8,isocontour,11.283791670955125,35991.52,75.74,18.6,-5.7,1.069,0.3,0.6,0.7,-7.5,-17.2,1.109,21,4,0,0,4
75.0,9,isocontour,11.283791670955125,33899.79,71.34,20.7,0.6,0.993,-2.6,-0.1,2.6,17.0,7.9,1.112,4,6,0,0,6
75.0,10,isocontour,11.283791670955125,33781.66,71.09,14.6,-14.5,0.999,-0.6,2.8,2.9,-7.5,-17.2,1.109,21,4,0,0,4
75.0,11,isocontour,11.283791670955125,35345.69,74.38,-18.5,-6.8,1.052,-0.5,0.5,0.7,-7.5,-17.2,1.109,21,3,0,0,3
75.0,12,isocontour,11.283791670955125,33935.99,71.41,-15.5,-13.7,0.991,-0.9,2.5,2.7,-7.5,-17.2,1.109,21,3,0,0,3
75.0,13,isocontour,11.283791670955125,32575.24,68.55,20.7,-1.6,0.989,0.7,-2.4,2.5,17.0,7.9,1.112,4,6,0,0,6
75.0,14,isocontour,11.283791670955125,33284.88,70.04,7.7,-18.3,1.043,-1.3,-1.2,1.8,-7.5,-17.2,1.109,21,3,0,0,3
75.0,15,isocontour,11.283791670955125,32322.85,68.02,0.3,20.8,0.988,-4.7,-0.4,4.7,-7.5,-17.2,1.109,21,2,0,0,2
75.0,16,isocontour,11.283791670955125,46623.47,98.11,-24.5,22.1,0.509,0.5,-0.8,0.9,-24.5,22.1,0.509,16,0,0,0,0
75.0,17,isocontour,11.283791670955125,32102.17,67.56,11.4,17.2,1.0,-1.9,2.4,3.1,17.0,7.9,1.112,4,4,0,0,4
75.0,18,isocontour,11.283791670955125,37793.38,79.53,-9.7,18.2,1.0,1.4,0.0,1.4,-7.5,-17.2,1.109,21,3,0,0,3
75.0,19,isocontour,11.283791670955125,33611.69,70.73,-20.8,1.4,0.985,-1.2,4.2,4.4,-7.5,-17.2,1.109,21,3,0,0,3
75.0,20,isocontour,11.283791670955125,34200.52,71.97,6.8,-19.8,0.981,-2.9,0.3,2.9,-7.5,-17.2,1.109,21,3,0,0,3
75.0,21,isocontour,11.283791670955125,33256.48,69.98,-7.7,-17.6,1.081,1.3,-1.6,2.1,-7.7,-17.6,1.109,21,2,0,0,2
75.0,22,isocontour,11.283791670955125,36289.76,76.37,-19.6,-7.4,0.979,-2.2,-2.7,3.5,-7.5,-17.2,1.109,21,3,0,0,3
75.0,23,isocontour,11.283791670955125,37365.43,78.63,-19.6,6.7,0.992,0.9,2.6,2.8,-7.5,-17.2,1.109,21,3,0,0,3
75.0,24,isocontour,11.283791670955125,34647.6,72.91,0.0,-20.6,0.999,-1.1,0.5,1.2,-7.5,-17.2,1.109,21,3,0,0,3
75.0,25,isocontour,11.283791670955125,33714.2,70.95,-15.1,12.9,1.039,0.8,0.5,0.9,-7.5,-17.2,1.109,21,3,0,0,3
75.0,Target,,,,,0.0,0.0,4.023,0.0,0.0,,,,,,,,,
75.1,1,isocontour,11.283791670955125,32622.55,68.65,19.4,6.9,0.999,-2.1,-0.4,2.1,16.8,7.8,1.12,4,5,0,0,5
75.1,2,isocontour,11.283791670955125,31013.9,65.26,9.0,18.7,0.988,1.1,-2.0,2.3,17.0,7.9,1.112,4,3,0,0,3
75.1,3,isocontour,11.283791670955125,32653.63,68.72,14.9,14.4,0.989,3.2,-1.3,3.5,16.8,7.8,1.12,4,5,0,0,5
75.1,4,isocontour,11.283791670955125,36183.38,76.14,16.7,7.9,1.129,-1.6,0.4,1.6,16.7,7.9,1.12,4,6,0,0,6
75.1,5,isocontour,11.283791670955125,34137.35,71.84,16.6,8.7,1.109,-1.1,2.3,2.5,16.8,7.8,1.12,4,6,0,0,6
75.1,6,isocontour,11.283791670955125,35994.46,75.75,18.1,-6.6,1.077,-1.4,-2.4,2.8,17.0,7.9,1.112,4,4,0,0,4
75.1,7,isocontour,11.283791670955125,34145.53,71.86,-16.0,13.3,0.989,-0.8,0.1,0.8,-7.5,-17.2,1.109,21,3,0,0,3
75.1,8,isocontour,11.283791670955125,35966.07,75.69,18.5,-5.9,1.069,-0.9,-2.6,2.8,17.0,7.9,1.112,4,4,0,0,4
75.1,9,isocontour,11.283791670955125,33899.27,71.34,20.6,0.6,0.996,-0.3,-0.7,0.8,16.8,7.8,1.12,4,6,0,0,6
75.1,10,isocontour,11.283791670955125,33780.66,71.09,14.7,-14.4,1.002,0.4,0.8,0.9,-7.5,-17.2,1.109,21,4,0,0,4
75.1,11,isocontour,11.283791670955125,35342.83,74.37,-18.5,-6.9,1.051,0.3,-1.3,1.3,-7.5,-17.2,1.109,21,3,0,0,3
75.1,12,isocontour,11.283791670955125,33933.73,71.41,-15.5,-13.7,0.996,1.2,-0.0,1.2,-7.5,-17.2,1.109,21,3,0,0,3
75.1,13,isocontour,11.283791670955125,32467.83,68.32,20.8,-1.2,0.984,1.3,4.2,4.4,16.8,7.8,1.12,4,6,0,0,6
75.1,14,isocontour,11.283791670955125,33276.71,70.03,7.7,-18.1,1.051,-0.3,1.8,1.8,-7.5,-17.2,1.109,21,3,0,0,3
75.1,15,isocontour,11.283791670955125,32288.39,67.95,-0.0,20.7,0.992,-2.9,-0.8,3.0,-7.5,-17.2,1.109,21,2,0,0,2
75.1,16,isocontour,11.283791670955125,46622.37,98.11,-24.6,22.1,0.507,-0.9,0.0,0.9,-24.6,22.1,0.509,16,0,0,0,0
75.1,17,isocontour,11.283791670955125,32022.64,67.39,11.0,17.3,1.002,-3.6,1.6,3.9,16.8,7.8,1.12,4,4,0,0,4
75.1,18,isocontour,11.283791670955125,37761.91,79.47,-9.5,18.4,0.996,1.9,2.2,2.9,-7.5,-17.2,1.109,21,3,0,0,3
75.1,19,isocontour,11.283791670955125,33610.9,70.73,-20.8,1.5,0.986,0.6,0.6,0.8,-7.5,-17.2,1.109,21,3,0,0,3
75.1,20,isocontour,11.283791670955125,34190.82,71.95,6.7,-19.6,0.991,-0.6,1.8,1.9,-7.5,-17.2,1.109,21,3,0,0,3
75.1,21,isocontour,11.283791670955125,33255.04,69.98,-7.6,-17.7,1.079,0.8,-0.6,1.0,-7.6,-17.7,1.109,21,2,0,0,2
75.1,22,isocontour,11.283791670955125,36289.12,76.37,-19.6,-7.5,0.978,0.6,-0.5,0.8,-7.5,-17.2,1.109,21,3,0,0,3
75.1,23,isocontour,11.283791670955125,37314.47,78.52,-19.8,6.6,0.983,-2.7,-2.1,3.4,-7.5,-17.2,1.109,21,3,0,0,3
75.1,24,isocontour,11.283791670955125,34616.45,72.85,-0.2,-20.7,0.995,-2.7,-1.0,2.9,-7.5,-17.2,1.109,21,3,0,0,3
75.1,25,isocontour,11.283791670955125,33710.7,70.94,-15.1,13.0,1.036,0.4,1.3,1.4,-7.5,-17.2,1.109,21,3,0,0,3
75.1,Target,,,,,0.0,0.0,4.023,0.0,0.0,,,,,,,,,
75.2,1,isocontour,11.283791670955125,32620.7,68.65,19.3,7.0,1.001,-0.5,1.0,1.1,16.7,7.9,1.129,4,5,0,0,5
75.2,2,isocontour,11.283791670955125,31007.21,65.25,9.0,18.6,0.997,0.1,-1.7,1.7,16.8,7.8,1.12,4,3,0,0,3
75.2,3,isocontour,11.283791670955125,32646.94,68.7,15.1,14.4,0.982,1.7,-0.2,1.7,16.7,7.9,1.129,4,5,0,0,5
75.2,4,isocontour,11.283791670955125,36182.31,76.14,16.7,7.9,1.127,0.3,0.9,0.9,16.7,7.9,1.129,4,6,0,0,6
75.2,5,isocontour,11.283791670955125,34134.67,71.83,16.7,8.8,1.103,0.9,0.9,1.3,16.7,7.9,1.129,4,6,0,0,6
75.2,6,isocontour,11.283791670955125,35993.46,75.74,18.0,-6.7,1.079,-0.6,-0.7,0.9,16.8,7.8,1.12,4,4,0,0,4
75.2,7,isocontour,11.283791670955125,34144.9,71.85,-16.0,13.3,0.987,0.1,0.8,0.8,-7.5,-17.2,1.109,21,3,0,0,3
75.2,8,isocontour,11.283791670955125,35943.83,75.64,18.4,-6.1,1.069,-0.7,-2.5,2.6,16.8,7.8,1.12,4,4,0,0,4
75.2,9,isocontour,11.283791670955125,33886.32,71.31,20.8,0.5,0.987,2.1,-0.5,2.2,16.7,7.9,1.129,4,6,0,0,6
75.2,10,isocontour,11.283791670955125,33661.91,70.84,15.0,-14.1,1.002,3.3,3.1,4.5,17.0,7.9,1.112,4,4,0,0,4
75.2,11,isocontour,11.283791670955125,35308.7,74.3,-18.3,-7.1,1.055,1.8,-2.4,3.0,-7.5,-17.2,1.109,21,3,0,0,3
75.2,12,isocontour,11.283791670955125,33908.0,71.36,-15.4,-13.9,0.991,0.7,-2.6,2.7,-7.5,-17.2,1.109,21,3,0,0,3
75.2,13,isocontour,11.283791670955125,32431.27,68.25,20.8,-0.9,0.985,-0.3,3.0,3.0,16.7,7.9,1.129,4,6,0,0,6
75.2,14,isocontour,11.283791670955125,33274.28,70.02,7.8,-18.1,1.051,1.2,0.2,1.2,-7.5,-17.2,1.109,21,3,0,0,3
75.2,15,isocontour,11.283791670955125,32258.81,67.88,0.2,20.7,0.991,2.8,0.3,2.8,17.0,7.9,1.112,4,2,0,0,2
75.2,16,isocontour,11.283791670955125,46621.27,98.11,-24.6,22.1,0.509,0.5,-0.8,0.9,-24.6,22.1,0.509,16,0,0,0,0
75.2,17,isocontour,11.283791670955125,32001.16,67.34,10.8,17.5,1.003,-2.2,1.3,2.6,16.7,7.9,1.129,4,4,0,0,4
75.2,18,isocontour,11.283791670955125,37761.64,79.46,-9.4,18.4,0.995,0.5,0.3,0.6,-7.5,-17.2,1.109,21,3,0,0,3
75.2,19,isocontour,11.283791670955125,33608.35,70.72,-20.7,1.4,0.99,0.5,-1.1,1.2,-7.5,-17.2,1.109,21,3,0,0,3
75.2,20,isocontour,11.283791670955125,34180.82,71.93,6.6,-19.7,0.989,-1.5,-1.3,2.0,-7.5,-17.2,1.109,21,3,0,0,3
75.2,21,isocontour,11.283791670955125,33229.86,69.93,-7.8,-17.5,1.084,-1.9,1.9,2.7,-7.8,-17.5,1.109,21,2,0,0,2
75.2,22,isocontour,11.283791670955125,36275.07,76.34,-19.5,-7.7,0.979,0.9,-2.0,2.2,-7.5,-17.2,1.109,21,3,0,0,3
75.2,23,isocontour,11.283791670955125,37313.71,78.52,-19.9,6.5,0.983,-0.0,-0.8,0.8,-7.5,-17.2,1.109,21,3,0,0,3
75.2,24,isocontour,11.283791670955125,34482.22,72.56,-0.7,-20.8,0.987,-4.5,-1.4,4.7,-7.5,-17.2,1.109,21,3,0,0,3
75.2,25,isocontour,11.283791670955125,33683.83,70.88,-14.9,13.2,1.04,2.3,1.5,2.7,-7.5,-17.2,1.109,21,3,0,0,3
75.2,Target,,,,,0.0,0.0,4.023,0.0,0.0,,,,,,,,,
75.3,1,isocontour,11.283791670955125,32596.62,68.6,19.5,7.2,0.991,1.6,2.1,2.6,16.7,7.9,1.129,4,5,0,0,5
75.3,2,isocontour,11.283791670955125,31004.34,65.24,9.1,18.5,0.998,1.1,-0.6,1.3,16.7,7.9,1.129,4,3,0,0,3
75.3,3,isocontour,11.283791670955125,32624.19,68.65,15.3,14.2,0.984,1.3,-2.3,2.6,16.7,7.9,1.129,4,5,0,0,5
75.3,4,isocontour,11.283791670955125,36180.87,76.14,16.8,8.0,1.121,1.0,0.4,1.1,16.7,7.9,1.129,4,6,0,0,6
75.3,5,isocontour,11.283791670955125,34118.03,71.8,16.9,8.7,1.093,2.2,-0.9,2.4,16.7,7.9,1.129,4,6,0,0,6
75.3,6,isocontour,11.283791670955125,35986.65,75.73,18.0,-6.9,1.076,0.2,-1.7,1.7,16.7,7.9,1.129,4,4,0,0,4
75.3,7,isocontour,11.283791670955125,34143.54,71.85,-15.9,13.4,0.989,1.0,0.3,1.0,-7.5,-17.2,1.109,21,3,0,0,3
75.3,8,isocontour,11.283791670955125,35942.04,75.64,18.3,-6.2,1.072,-0.9,-0.7,1.1,16.7,7.9,1.129,4,4,0,0,4
75.3,9,isocontour,11.283791670955125,33879.51,71.3,20.9,0.6,0.979,1.2,1.3,1.8,16.7,7.9,1.129,4,6,0,0,6
75.3,10,isocontour,11.283791670955125,33658.98,70.83,15.1,-14.2,0.996,0.5,-1.2,1.3,16.8,7.8,1.12,4,4,0,0,4
75.3,11,isocontour,11.283791670955125,35285.43,74.25,-18.1,-7.0,1.067,1.5,2.1,2.6,-7.5,-17.2,1.109,21,3,0,0,3
75.3,12,isocontour,11.283791670955125,33901.31,71.34,-15.3,-14.1,0.989,1.0,-1.4,1.7,-7.5,-17.2,1.109,21,3,0,0,3
75.3,13,isocontour,11.283791670955125,32393.63,68.17,20.8,-0.6,0.988,-0.5,3.0,3.0,16.7,7.9,1.129,4,6,0,0,6
75.3,14,isocontour,11.283791670955125,33271.85,70.02,7.9,-18.0,1.053,0.9,0.8,1.2,17.0,7.9,1.112,4,3,0,0,3
75.3,15,isocontour,11.283791670955125,32257.24,67.88,0.2,20.8,0.986,-0.3,1.0,1.0,16.7,7.9,1.129,4,3,0,0,3
75.3,16,isocontour,11.283791670955125,46620.17,98.11,-24.6,22.1,0.508,-0.3,0.9,0.9,-24.6,22.1,0.509,16,0,0,0,0
75.3,17,isocontour,11.283791670955125,32000.82,67.34,10.7,17.5,1.003,-0.5,0.3,0.6,16.7,7.9,1.129,4,5,0,0,5
75.3,18,isocontour,11.283791670955125,37761.32,79.46,-9.5,18.4,0.994,-0.6,-0.3,0.7,17.0,7.9,1.112,4,3,0,0,3
75.3,19,isocontour,11.283791670955125,33571.07,70.65,-20.7,1.2,0.994,0.7,-3.0,3.1,-7.5,-17.2,1.109,21,3,0,0,3
75.3,20,isocontour,11.283791670955125,34173.04,71.91,6.7,-19.7,0.986,1.8,0.1,1.8,17.0,7.9,1.112,4,3,0,0,3
75.3,21,isocontour,11.283791670955125,33203.85,69.87,-8.0,-17.4,1.086,-2.4,1.3,2.7,-8.0,-17.4,1.109,21,2,0,0,2
75.3,22,isocontour,11.283791670955125,36266.91,76.32,-19.4,-7.6,0.987,1.0,1.5,1.8,-7.5,-17.2,1.109,21,3,0,0,3
75.3,23,isocontour,11.283791670955125,37307.13,78.51,-19.7,6.5,0.991,1.7,-0.1,1.7,-7.5,-17.2,1.109,21,3,0,0,3
75.3,24,isocontour,11.283791670955125,34460.49,72.52,-0.5,-20.9,0.98,2.3,-1.2,2.6,-7.5,-17.2,1.109,21,3,0,0,3
75.3,25,isocontour,11.283791670955125,33654.86,70.82,-14.7,13.4,1.042,2.1,1.8,2.8,-7.5,-17.2,1.109,21,3,0,0,3
75.3,Target,,,,,0.0,0.0,4.023,0.0,0.0,,,,,,,,,
75.4,1,isocontour,11.283791670955125,32593.69,68.59,19.6,7.2,0.984,1.2,-0.5,1.3,16.7,7.9,1.129,4,5,0,0,5
75.4,2,isocontour,11.283791670955125,30978.61,65.19,9.0,18.6,0.995,-2.0,1.8,2.7,16.7,7.9,1.129,4,3,0,0,3
75.4,3,isocontour,11.283791670955125,32614.04,68.63,15.1,14.2,0.992,-2.0,-0.2,2.0,16.7,7.9,1.129,4,5,0,0,5
75.4,4,isocontour,11.283791670955125,36154.86,76.08,16.7,8.2,1.119,-1.2,2.5,2.8,16.7,7.9,1.129,4,6,0,0,6
75.4,5,isocontour,11.283791670955125,34112.72,71.79,16.8,8.7,1.098,-1.5,0.4,1.6,16.7,7.9,1.129,4,6,0,0,6
75.4,6,isocontour,11.283791670955125,35960.35,75.67,18.0,-7.1,1.074,-0.9,-2.6,2.8,16.7,7.9,1.129,4,4,0,0,4
75.4,7,isocontour,11.283791670955125,34140.47,71.84,-15.8,13.4,0.995,1.3,-0.2,1.3,17.0,7.9,1.112,4,3,0,0,3
75.4,8,isocontour,11.283791670955125,35939.55,75.63,18.2,-6.3,1.076,-1.0,-0.7,1.2,16.7,7.9,1.129,4,4,0,0,4
75.4,9,isocontour,11.283791670955125,33875.55,71.29,20.9,0.7,0.983,-1.1,1.0,1.5,16.7,7.9,1.129,4,6,0,0,6
75.4,10,isocontour,11.283791670955125,33652.05,70.82,15.2,-14.2,0.988,1.7,-0.1,1.7,16.7,7.9,1.129,4,4,0,0,4
75.4,11,isocontour,11.283791670955125,35264.2,74.21,-18.1,-6.7,1.071,-0.4,2.5,2.5,-7.5,-17.2,1.109,21,3,0,0,3
75.4,12,isocontour,11.283791670955125,33900.93,71.34,-15.2,-14.1,0.992,0.6,0.3,0.7,-7.5,-17.2,1.109,21,3,0,0,3
75.4,13,isocontour,11.283791670955125,32390.95,68.16,20.7,-0.5,0.992,-0.6,1.1,1.3,16.7,7.9,1.129,4,6,0,0,6
75.4,14,isocontour,11.283791670955125,33265.04,70.0,8.0,-17.9,1.058,0.9,1.5,1.7,16.8,7.8,1.12,4,3,0,0,3
75.4,15,isocontour,11.283791670955125,32253.97,67.87,0.3,20.8,0.989,1.0,-0.9,1.3,16.7,7.9,1.129,4,3,0,0,3
75.4,16,isocontour,11.283791670955125,46619.07,98.1,-24.7,22.1,0.506,-0.9,-0.4,1.0,-24.7,22.1,0.509,16,0,0,0,0
75.4,17,isocontour,11.283791670955125,31999.65,67.34,10.7,17.4,1.007,-0.1,-1.0,1.0,16.7,7.9,1.129,4,5,0,0,5
75.4,18,isocontour,11.283791670955125,37760.15,79.46,-9.4,18.4,0.993,0.7,0.6,0.9,16.7,7.9,1.129,4,3,0,0,3
75.4,19,isocontour,11.283791670955125,33568.86,70.64,-20.7,1.0,0.994,-0.3,-1.2,1.2,-7.5,-17.2,1.109,21,3,0,0,3
75.4,20,isocontour,11.283791670955125,34169.76,71.91,6.8,-19.7,0.986,1.3,0.4,1.4,16.8,7.8,1.12,4,3,0,0,3
75.4,21,isocontour,11.283791670955125,33192.92,69.85,-8.2,-17.4,1.081,-2.0,-0.1,2.0,-8.2,-17.4,1.109,21,2,0,0,2
75.4,22,isocontour,11.283791670955125,36239.74,76.26,-19.3,-7.4,0.995,0.5,2.7,2.7,-7.5,-17.2,1.109,21,3,0,0,3
75.4,23,isocontour,11.283791670955125,37280.26,78.45,-19.6,6.7,0.991,0.6,2.7,2.8,-7.5,-17.2,1.109,21,3,0,0,3
75.4,24,isocontour,11.283791670955125,34458.23,72.51,-0.4,-20.9,0.983,0.9,0.8,1.2,17.0,7.9,1.112,4,3,0,0,3
75.4,25,isocontour,11.283791670955125,33632.88,70.78,-14.4,13.4,1.052,2.6,0.0,2.6,17.0,7.9,1.112,4,3,0,0,3
75.4,Target,,,,,0.0,0.0,4.023,0.0,0.0,,,,,,,,,
75.5,1,isocontour,11.283791670955125,32591.7,68.59,19.6,7.3,0.984,-0.4,1.1,1.2,16.7,7.9,1.129,4,5,0,0,5
75.5,2,isocontour,11.283791670955125,30926.76,65.08,8.7,18.9,0.988,-2.2,2.6,3.4,16.7,7.9,1.129,4,3,0,0,3
75.5,3,isocontour,11.283791670955125,32578.54,68.56,15.3,14.0,0.993,2.1,-2.2,3.0,16.7,7.9,1.129,4,5,0,0,5
75.5,4,isocontour,11.283791670955125,36154.15,76.08,16.6,8.3,1.12,-0.5,0.7,0.9,16.7,7.9,1.129,4,6,0,0,6
75.5,5,isocontour,11.283791670955125,34093.65,71.75,16.8,8.9,1.094,-0.2,2.5,2.5,16.7,7.9,1.129,4,6,0,0,6
75.5,6,isocontour,11.283791670955125,35923.43,75.6,18.0,-6.9,1.076,0.8,3.0,3.1,16.7,7.9,1.129,4,4,0,0,4
75.5,7,isocontour,11.283791670955125,34126.61,71.82,-15.9,13.4,0.987,-2.1,0.5,2.2,16.7,7.9,1.129,4,3,0,0,3
75.5,8,isocontour,11.283791670955125,35912.67,75.57,18.3,-6.1,1.079,0.4,2.7,2.7,16.7,7.9,1.129,4,4,0,0,4
75.5,9,isocontour,11.283791670955125,33868.97,71.27,20.7,0.8,0.992,-1.6,0.5,1.7,16.7,7.9,1.129,4,6,0,0,6
75.5,10,isocontour,11.283791670955125,33652.04,70.82,15.2,-14.2,0.987,0.1,0.2,0.2,16.7,7.9,1.129,4,4,0,0,4
75.5,11,isocontour,11.283791670955125,35258.99,74.2,-18.2,-6.6,1.073,-0.4,1.5,1.6,-7.5,-17.2,1.109,21,3,0,0,3
75.5,12,isocontour,11.283791670955125,33898.67,71.34,-15.2,-14.2,0.991,0.6,-1.1,1.3,-7.5,-17.2,1.109,21,3,0,0,3
75.5,13,isocontour,11.283791670955125,32390.49,68.16,20.7,-0.5,0.993,-0.1,-0.7,0.7,16.7,7.9,1.129,4,6,0,0,6
75.5,14,isocontour,11.283791670955125,33234.84,69.94,8.2,-17.8,1.056,2.8,0.5,2.8,16.7,7.9,1.129,4,3,0,0,3
75.5,15,isocontour,11.283791670955125,32219.16,67.8,0.5,20.7,0.996,2.7,-1.2,3.0,16.7,7.9,1.129,4,3,0,0,3
75.5,16,isocontour,11.283791670955125,46617.97,98.1,-24.6,22.1,0.508,0.8,-0.5,0.9,-24.6,22.1,0.509,16,0,0,0,0
75.5,17,isocontour,11.283791670955125,31893.7,67.12,10.4,17.6,1.008,-3.8,2.2,4.4,16.7,7.9,1.129,4,5,0,0,5
75.5,18,isocontour,11.283791670955125,37730.26,79.4,-9.2,18.6,0.99,2.2,1.9,2.9,16.7,7.9,1.129,4,3,0,0,3
75.5,19,isocontour,11.283791670955125,33472.73,70.44,-20.9,1.3,0.982,-2.3,3.5,4.2,-7.5,-17.2,1.109,21,3,0,0,3
75.5,20,isocontour,11.283791670955125,34165.55,71.9,6.9,-19.6,0.99,0.7,1.3,1.5,16.7,7.9,1.129,4,3,0,0,3
75.5,21,isocontour,11.283791670955125,33191.4,69.85,-8.3,-17.3,1.082,-0.7,0.7,1.0,17.0,7.9,1.112,4,2,0,0,2
75.5,22,isocontour,11.283791670955125,36215.39,76.21,-19.5,-7.5,0.984,-2.0,-1.7,2.6,-7.5,-17.2,1.109,21,3,0,0,3
75.5,23,isocontour,11.283791670955125,37276.04,78.44,-19.8,6.8,0.984,-1.4,0.4,1.5,17.0,7.9,1.112,4,3,0,0,3
75.5,24,isocontour,11.283791670955125,34456.28,72.51,-0.3,-20.8,0.987,0.9,0.7,1.1,16.8,7.8,1.12,4,3,0,0,3
75.5,25,isocontour,11.283791670955125,33632.36,70.78,-14.5,13.4,1.051,-0.7,0.0,0.7,16.7,7.9,1.129,4,3,0,0,3
75.5,Target,,,,,0.0,0.0,4.023,0.0,0.0,,,,,,,,,
75.6,1,isocontour,11.283791670955125,32563.34,68.53,19.5,7.1,0.992,-1.0,-2.6,2.8,16.7,7.9,1.129,4,5,0,0,5
75.6,2,isocontour,11.283791670955125,30874.46,64.97,8.4,19.0,0.992,-3.4,0.3,3.4,16.7,7.9,1.129,4,3,0,0,3
75.6,3,isocontour,11.283791670955125,32575.19,68.55,15.4,14.0,0.987,1.3,0.5,1.4,16.7,7.9,1.129,4,5,0,0,5
75.6,4,isocontour,11.283791670955125,36136.65,76.05,16.7,8.1,1.121,0.9,-2.2,2.4,16.7,7.9,1.129,4,6,0,0,6
75.6,5,isocontour,11.283791670955125,34064.99,71.69,16.8,8.7,1.1,0.0,-2.8,2.8,16.7,7.9,1.129,4,6,0,0,6
75.6,6,isocontour,11.283791670955125,35920.99,75.59,18.0,-6.7,1.077,0.3,1.2,1.2,16.7,7.9,1.129,4,4,0,0,4
75.6,7,isocontour,11.283791670955125,34106.59,71.77,-15.9,13.6,0.984,1.5,2.0,2.5,16.7,7.9,1.129,4,3,0,0,3
75.6,8,isocontour,11.283791670955125,35910.29,75.57,18.3,-6.0,1.077,0.8,0.9,1.2,16.7,7.9,1.129,4,4,0,0,4
75.6,9,isocontour,11.283791670955125,33835.52,71.2,20.7,1.0,0.991,0.4,3.0,3.0,16.7,7.9,1.129,4,6,0,0,6
75.6,10,isocontour,11.283791670955125,33651.33,70.82,15.2,-14.2,0.989,-0.7,-0.3,0.8,16.7,7.9,1.129,4,4,0,0,4
75.6,11,isocontour,11.283791670955125,35257.33,74.19,-18.2,-6.6,1.073,0.3,-1.0,1.0,-7.5,-17.2,1.109,21,3,0,0,3
75.6,12,isocontour,11.283791670955125,33897.27,71.33,-15.1,-14.3,0.989,0.5,-0.9,1.0,17.0,7.9,1.112,4,3,0,0,3
75.6,13,isocontour,11.283791670955125,32290.22,67.95,20.8,-0.9,0.989,0.8,-4.2,4.3,16.7,7.9,1.129,4,6,0,0,6
75.6,14,isocontour,11.283791670955125,33232.79,69.93,8.2,-17.9,1.052,-0.6,-1.0,1.2,16.7,7.9,1.129,4,3,0,0,3
75.6,15,isocontour,11.283791670955125,32198.42,67.76,0.4,20.7,0.995,-2.5,0.4,2.5,16.7,7.9,1.129,4,3,0,0,3
75.6,16,isocontour,11.283791670955125,46616.87,98.1,-24.6,22.0,0.511,0.2,-0.9,0.9,-24.6,22.0,0.509,16,0,0,0,0
75.6,17,isocontour,11.283791670955125,31889.14,67.11,10.3,17.8,1.002,-0.3,1.5,1.5,16.7,7.9,1.129,4,5,0,0,5
75.6,18,isocontour,11.283791670955125,37687.3,79.31,-8.9,18.7,0.993,3.2,0.6,3.3,16.7,7.9,1.129,4,3,0,0,3
75.6,19,isocontour,11.283791670955125,33472.34,70.44,-20.9,1.4,0.98,-0.0,0.7,0.7,17.0,7.9,1.112,4,3,0,0,3
75.6,20,isocontour,11.283791670955125,34163.8,71.89,7.0,-19.5,0.991,1.1,0.3,1.1,16.7,7.9,1.129,4,3,0,0,3
75.6,21,isocontour,11.283791670955125,33189.92,69.84,-8.4,-17.3,1.082,-1.0,0.3,1.0,16.8,7.8,1.12,4,2,0,0,2
75.6,22,isocontour,11.283791670955125,36214.36,76.21,-19.6,-7.5,0.978,-0.9,0.1,0.9,-7.5,-17.2,1.109,21,3,0,0,3
75.6,23,isocontour,11.283791670955125,37275.52,78.44,-19.8,6.8,0.98,-0.7,-0.3,0.8,16.7,7.9,1.129,4,3,0,0,3
75.6,24,isocontour,11.283791670955125,34454.8,72.51,-0.3,-20.8,0.99,0.9,0.5,1.0,16.7,7.9,1.129,4,3,0,0,3
75.6,25,isocontour,11.283791670955125,33615.07,70.74,-14.4,13.6,1.045,0.7,2.3,2.4,16.7,7.9,1.129,4,3,0,0,3
75.6,Target,,,,,0.0,0.0,4.023,0.0,0.0,,,,,,,,,
75.7,1,isocontour,11.283791670955125,32554.91,68.51,19.3,7.1,0.998,-1.3,1.3,1.8,16.7,7.9,1.129,4,5,0,0,5
75.7,2,isocontour,11.283791670955125,30846.41,64.91,8.6,19.0,0.986,2.8,0.2,2.8,16.7,7.9,1.129,4,3,0,0,3
75.7,3,isocontour,11.283791670955125,32493.84,68.38,15.3,14.3,0.983,-2.1,3.4,4.0,16.7,7.9,1.129,4,5,0,0,5
75.7,4,isocontour,11.283791670955125,36124.57,76.02,16.7,7.9,1.124,0.4,-2.1,2.1,16.7,7.9,1.129,4,5,0,0,5
75.7,5,isocontour,11.283791670955125,34043.51,71.64,16.6,8.8,1.107,-2.0,1.6,2.6,16.7,7.9,1.129,4,6,0,0,6
75.7,6,isocontour,11.283791670955125,35889.84,75.53,18.1,-6.5,1.078,0.9,2.8,2.9,16.7,7.9,1.129,4,4,0,0,4
75.7,7,isocontour,11.283791670955125,34103.46,71.77,-15.7,13.6,0.988,1.3,0.3,1.3,16.7,7.9,1.129,4,3,0,0,3
75.7,8,isocontour,11.283791670955125,35904.16,75.56,18.4,-5.8,1.072,1.3,1.1,1.7,16.7,7.9,1.129,4,4,0,0,4
75.7,9,isocontour,11.283791670955125,33822.57,71.18,20.9,1.0,0.981,2.1,-0.5,2.2,16.7,7.9,1.129,4,6,0,0,6
75.7,10,isocontour,11.283791670955125,33626.98,70.76,15.0,-14.3,0.996,-2.6,-0.6,2.7,16.7,7.9,1.129,4,4,0,0,4
75.7,11,isocontour,11.283791670955125,35230.74,74.14,-18.1,-6.9,1.071,0.6,-2.7,2.8,17.0,7.9,1.112,4,3,0,0,3
75.7,12,isocontour,11.283791670955125,33886.19,71.31,-14.9,-14.4,0.993,1.9,-0.9,2.1,16.8,7.8,1.12,4,3,0,0,3
75.7,13,isocontour,11.283791670955125,32289.76,67.95,20.8,-1.0,0.985,0.5,-0.4,0.6,16.7,7.9,1.129,4,6,0,0,6
75.7,14,isocontour,11.283791670955125,33211.31,69.89,8.0,-17.9,1.055,-2.5,-0.3,2.5,16.7,7.9,1.129,4,3,0,0,3
75.7,15,isocontour,11.283791670955125,32098.16,67.55,-0.0,20.8,0.988,-4.1,1.4,4.3,16.7,7.9,1.129,4,3,0,0,3
75.7,16,isocontour,11.283791670955125,46615.77,98.1,-24.5,21.9,0.513,0.4,-0.8,0.9,-24.5,21.9,0.511,16,0,0,0,0
75.7,17,isocontour,11.283791670955125,31887.53,67.1,10.3,17.9,0.997,-0.1,1.1,1.1,16.7,7.9,1.129,4,4,0,0,4
75.7,18,isocontour,11.283791670955125,37685.86,79.31,-8.9,18.6,0.995,-0.8,-0.7,1.1,16.7,7.9,1.129,4,3,0,0,3
75.7,19,isocontour,11.283791670955125,33444.88,70.38,-20.8,1.6,0.984,1.2,2.5,2.8,16.7,7.9,1.129,4,3,0,0,3
75.7,20,isocontour,11.283791670955125,34149.94,71.86,7.2,-19.6,0.983,2.0,-1.0,2.2,16.7,7.9,1.129,4,3,0,0,3
75.7,21,isocontour,11.283791670955125,33182.01,69.83,-8.3,-17.4,1.078,1.2,-1.3,1.8,16.7,7.9,1.129,4,2,0,0,2
75.7,22,isocontour,11.283791670955125,36209.15,76.2,-19.5,-7.5,0.985,1.6,0.2,1.6,17.0,7.9,1.112,4,3,0,0,3
75.7,23,isocontour,11.283791670955125,37271.56,78.43,-19.7,6.8,0.985,1.4,0.5,1.5,16.7,7.9,1.129,4,3,0,0,3
75.7,24,isocontour,11.283791670955125,34426.75,72.45,-0.5,-20.8,0.99,-2.8,-0.1,2.8,16.7,7.9,1.129,4,3,0,0,3
75.7,25,isocontour,11.283791670955125,33600.06,70.71,-14.2,13.7,1.05,2.2,0.6,2.3,16.7,7.9,1.129,4,3,0,0,3
75.7,Target,,,,,0.0,0.0,4.023,0.0,0.0,,,,,,,,,
75.8,1,isocontour,11.283791670955125,32546.07,68.49,19.5,7.1,0.991,1.8,-0.6,1.9,16.7,7.9,1.129,4,5,0,0,5
75.8,2,isocontour,11.283791670955125,30840.49,64.9,8.5,19.0,0.989,-1.6,-0.2,1.6,16.7,7.9,1.129,4,3,0,0,3
75.8,3,isocontour,11.283791670955125,32466.67,68.32,15.2,14.1,0.993,-0.8,-2.7,2.8,16.7,7.9,1.129,4,5,0,0,5
75.8,4,isocontour,11.283791670955125,36115.45,76.0,16.8,7.7,1.125,0.9,-1.7,1.9,16.7,7.9,1.129,4,5,0,0,5
75.8,5,isocontour,11.283791670955125,34042.92,71.64,16.6,8.9,1.105,0.1,0.7,0.7,16.7,7.9,1.129,4,6,0,0,6
75.8,6,isocontour,11.283791670955125,35870.07,75.48,18.1,-6.7,1.075,-0.3,-2.5,2.5,16.7,7.9,1.129,4,4,0,0,4
75.8,7,isocontour,11.283791670955125,34081.22,71.72,-15.5,13.7,0.996,2.5,0.5,2.5,16.7,7.9,1.129,4,3,0,0,3
75.8,8,isocontour,11.283791670955125,35880.35,75.51,18.4,-6.0,1.07,-0.6,-2.6,2.7,16.7,7.9,1.129,4,4,0,0,4
75.8,9,isocontour,11.283791670955125,33817.74,71.17,21.0,1.1,0.975,0.8,1.3,1.5,16.7,7.9,1.129,4,6,0,0,6
75.8,10,isocontour,11.283791670955125,33624.61,70.76,14.9,-14.2,1.0,0.2,1.2,1.2,16.7,7.9,1.129,4,4,0,0,4
75.8,11,isocontour,11.283791670955125,35200.85,74.08,-18.0,-7.1,1.07,1.0,-2.7,2.9,16.7,7.9,1.129,4,3,0,0,3
75.8,12,isocontour,11.283791670955125,33885.31,71.31,-14.9,-14.4,0.991,0.1,-0.9,0.9,16.7,7.9,1.129,4,3,0,0,3
75.8,13,isocontour,11.283791670955125,32287.09,67.94,20.8,-0.9,0.987,-0.5,1.2,1.3,16.7,7.9,1.129,4,6,0,0,6
75.8,14,isocontour,11.283791670955125,33193.81,69.85,8.1,-17.8,1.062,1.3,2.0,2.4,16.7,7.9,1.129,4,3,0,0,3
75.8,15,isocontour,11.283791670955125,32065.38,67.48,0.1,20.6,0.998,1.9,-2.3,3.0,16.7,7.9,1.129,4,3,0,0,3
75.8,16,isocontour,11.283791670955125,46614.67,98.09,-24.5,22.0,0.513,0.4,0.9,1.0,-24.5,22.0,0.513,16,0,0,0,0
75.8,17,isocontour,11.283791670955125,31875.62,67.08,10.2,18.0,0.992,-1.1,1.8,2.1,16.7,7.9,1.129,4,4,0,0,4
75.8,18,isocontour,11.283791670955125,37660.4,79.25,-8.7,18.7,0.996,2.5,1.0,2.7,16.7,7.9,1.129,4,3,0,0,3
75.8,19,isocontour,11.283791670955125,33414.36,70.32,-20.7,1.5,0.991,1.1,-2.7,2.9,16.7,7.9,1.129,4,3,0,0,3
75.8,20,isocontour,11.283791670955125,34128.21,71.82,7.4,-19.7,0.974,2.4,-0.8,2.5,16.7,7.9,1.129,4,3,0,0,3
75.8,21,isocontour,11.283791670955125,33177.18,69.82,-8.4,-17.3,1.082,-0.8,1.4,1.6,16.7,7.9,1.129,4,2,0,0,2
75.8,22,isocontour,11.283791670955125,36206.28,76.19,-19.4,-7.5,0.991,1.2,-0.5,1.3,16.7,7.9,1.129,4,3,0,0,3
75.8,23,isocontour,11.283791670955125,37241.04,78.37,-19.6,7.0,0.987,1.2,2.6,2.9,16.7,7.9,1.129,4,3,0,0,3
75.8,24,isocontour,11.283791670955125,34425.71,72.44,-0.6,-20.8,0.99,-0.9,-0.1,0.9,16.7,7.9,1.129,4,3,0,0,3
75.8,25,isocontour,11.283791670955125,33596.49,70.7,-14.1,13.8,1.05,0.7,1.2,1.4,16.7,7.9,1.129,4,3,0,0,3
75.8,Target,,,,,0.0,0.0,4.023,0.0,0.0,,,,,,,,,
75.9,1,isocontour,11.283791670955125,32489.11,68.37,19.8,6.9,0.981,2.9,-2.1,3.6,16.7,7.9,1.129,4,5,0,0,5
75.9,2,isocontour,11.283791670955125,30813.61,64.84,8.2,19.0,0.994,-2.7,0.2,2.7,16.7,7.9,1.129,4,3,0,0,3
75.9,3,isocontour,11.283791670955125,32444.94,68.28,15.2,14.3,0.985,0.8,2.4,2.5,16.7,7.9,1.129,4,5,0,0,5
75.9,4,isocontour,11.283791670955125,36104.84,75.98,17.0,7.6,1.118,1.8,-1.0,2.1,16.7,7.9,1.129,4,5,0,0,5
75.9,5,isocontour,11.283791670955125,34024.53,71.6,16.6,9.1,1.099,-0.1,2.4,2.4,16.7,7.9,1.129,4,6,0,0,6
75.9,6,isocontour,11.283791670955125,35869.16,75.48,18.1,-6.8,1.074,-0.3,-0.8,0.9,16.7,7.9,1.129,4,4,0,0,4
75.9,7,isocontour,11.283791670955125,34078.67,71.71,-15.5,13.7,0.994,-1.2,-0.2,1.2,16.7,7.9,1.129,4,3,0,0,3
75.9,8,isocontour,11.283791670955125,35879.44,75.5,18.4,-6.2,1.07,-0.4,-0.8,0.9,16.7,7.9,1.129,4,4,0,0,4
75.9,9,isocontour,11.283791670955125,33784.96,71.1,20.9,1.4,0.98,-1.3,2.7,3.0,16.7,7.9,1.129,4,6,0,0,6
75.9,10,isocontour,11.283791670955125,33623.79,70.76,15.0,-14.2,0.997,0.6,-0.6,0.8,16.7,7.9,1.129,4,4,0,0,4
75.9,11,isocontour,11.283791670955125,35195.93,74.07,-18.1,-7.1,1.064,-1.5,0.5,1.6,16.7,7.9,1.129,4,3,0,0,3
75.9,12,isocontour,11.283791670955125,33800.89,71.13,-14.9,-14.8,0.979,0.6,-4.0,4.0,16.7,7.9,1.129,4,3,0,0,3
75.9,13,isocontour,11.283791670955125,32284.53,67.94,20.7,-0.8,0.991,-0.5,1.1,1.2,16.7,7.9,1.129,4,6,0,0,6
75.9,14,isocontour,11.283791670955125,33159.35,69.78,8.3,-17.6,1.063,2.8,1.2,3.0,16.7,7.9,1.129,4,3,0,0,3
75.9,15,isocontour,11.283791670955125,32050.75,67.45,-0.0,20.7,0.992,-1.4,1.7,2.2,16.7,7.9,1.129,4,3,0,0,3
75.9,16,isocontour,11.283791670955125,46613.57,98.09,-24.5,22.0,0.511,-0.1,0.9,0.9,-24.5,22.0,0.513,16,0,0,0,0
75.9,17,isocontour,11.283791670955125,31865.62,67.06,10.3,18.2,0.982,1.5,1.3,2.0,16.7,7.9,1.129,4,4,0,0,4
75.9,18,isocontour,11.283791670955125,37652.5,79.24,-8.7,18.9,0.988,0.0,1.8,1.8,16.7,7.9,1.129,4,3,0,0,3
75.9,19,isocontour,11.283791670955125,33411.99,70.31,-20.7,1.5,0.989,-0.6,1.1,1.3,16.7,7.9,1.129,4,3,0,0,3
75.9,20,isocontour,11.283791670955125,34101.62,71.76,7.7,-19.6,0.974,2.5,1.1,2.7,16.7,7.9,1.129,4,3,0,0,3
75.9,21,isocontour,11.283791670955125,33174.92,69.81,-8.3,-17.3,1.08,0.7,-1.0,1.2,16.7,7.9,1.129,4,2,0,0,2
75.9,22,isocontour,11.283791670955125,36205.74,76.19,-19.4,-7.6,0.988,-0.4,-0.6,0.7,16.7,7.9,1.129,4,3,0,0,3
75.9,23,isocontour,11.283791670955125,37209.89,78.3,-19.5,7.3,0.99,1.5,2.5,2.9,16.7,7.9,1.129,4,3,0,0,3
75.9,24,isocontour,11.283791670955125,34420.21,72.43,-0.6,-20.6,0.997,-0.1,1.6,1.6,16.7,7.9,1.129,4,3,0,0,3
75.9,25,isocontour,11.283791670955125,33590.25,70.69,-14.0,13.8,1.053,1.6,0.5,1.7,16.7,7.9,1.129,4,3,0,0,3
75.9,Target,,,,,0.0,0.0,4.023,0.0,0.0,,,,,,,,,
76.0,1,isocontour,11.283791670955125,32488.14,68.37,19.7,6.9,0.983,-0.9,-0.2,0.9,19.7,6.9,0.981,1,5,0,0,5
76.0,2,isocontour,11.283791670955125,30801.87,64.82,8.4,19.0,0.989,2.0,0.5,2.1,8.4,19.0,0.994,2,3,0,0,3
76.0,3,isocontour,11.283791670955125,32422.96,68.23,15.3,14.5,0.973,0.6,2.5,2.6,15.3,14.5,0.985,3,5,0,0,5
76.0,4,isocontour,11.283791670955125,36084.82,75.94,17.1,7.4,1.116,1.1,-2.2,2.5,17.1,7.4,1.118,4,5,0,0,5
76.0,5,isocontour,11.283791670955125,33998.52,71.55,16.6,8.9,1.103,0.4,-2.7,2.7,16.6,8.9,1.099,5,6,0,0,6
76.0,6,isocontour,11.283791670955125,35865.03,75.47,18.1,-6.9,1.071,0.1,-1.5,1.5,18.1,-6.9,1.074,6,4,0,0,4
76.0,7,isocontour,11.283791670955125,34064.04,71.68,-15.6,13.8,0.986,-0.0,2.2,2.2,-15.6,13.8,0.994,7,3,0,0,3
76.0,8,isocontour,11.283791670955125,35877.83,75.5,18.3,-6.2,1.073,-0.8,-0.7,1.1,18.3,-6.2,1.07,8,4,0,0,4
76.0,9,isocontour,11.283791670955125,33770.91,71.07,20.7,1.5,0.99,-2.0,0.9,2.2,20.7,1.5,0.98,9,6,0,0,6
76.0,10,isocontour,11.283791670955125,33622.94,70.76,15.0,-14.3,0.992,0.6,-0.6,0.8,15.0,-14.3,0.997,10,4,0,0,4
76.0,11,isocontour,11.283791670955125,35169.34,74.01,-18.2,-6.9,1.064,-0.8,2.6,2.7,-18.2,-6.9,1.064,11,3,0,0,3
76.0,12,isocontour,11.283791670955125,33734.34,70.99,-15.1,-14.7,0.975,-2.9,2.3,3.7,-15.1,-14.7,0.979,12,3,0,0,3
76.0,13,isocontour,11.283791670955125,32284.07,67.94,20.7,-0.8,0.992,-0.2,-0.7,0.7,20.7,-0.8,0.991,13,6,0,0,6
76.0,14,isocontour,11.283791670955125,33152.3,69.76,8.3,-17.5,1.071,-1.3,1.2,1.8,8.3,-17.5,1.063,14,3,0,0,3
76.0,15,isocontour,11.283791670955125,32028.52,67.4,-0.3,20.8,0.987,-2.5,0.6,2.6,-0.3,20.8,0.992,15,3,0,0,3
76.0,16,isocontour,11.283791670955125,46612.47,98.09,-24.6,22.1,0.509,-0.4,0.8,0.9,-24.6,22.1,0.511,16,0,0,0,0
76.0,17,isocontour,11.283791670955125,31812.41,66.95,10.0,18.2,0.987,-3.4,0.4,3.4,10.0,18.2,0.982,17,4,0,0,4
76.0,18,isocontour,11.283791670955125,37648.92,79.23,-8.6,18.8,0.994,0.4,-1.3,1.4,-8.6,18.8,0.988,18,3,0,0,3
76.0,19,isocontour,11.283791670955125,33411.28,70.31,-20.7,1.6,0.989,0.2,0.8,0.8,-20.7,1.6,0.989,19,3,0,0,3
76.0,20,isocontour,11.283791670955125,34088.49,71.74,7.8,-19.4,0.982,0.7,2.1,2.2,7.8,-19.4,0.974,20,3,0,0,3
76.0,21,isocontour,11.283791670955125,33173.85,69.81,-8.2,-17.4,1.08,0.9,-0.3,0.9,-8.2,-17.4,1.08,21,2,0,0,2
76.0,22,isocontour,11.283791670955125,36200.91,76.18,-19.5,-7.5,0.982,-1.5,0.4,1.6,-19.5,-7.5,0.988,22,3,0,0,3
76.0,23,isocontour,11.283791670955125,37204.39,78.29,-19.3,7.4,0.995,1.4,0.7,1.6,-19.3,7.4,0.99,23,3,0,0,3
76.0,24,isocontour,11.283791670955125,34418.96,72.43,-0.5,-20.6,1.0,1.0,0.2,1.0,-0.5,-20.6,0.997,24,3,0,0,3
76.0,25,isocontour,11.283791670955125,33584.0,70.67,-14.0,13.7,1.058,-0.5,-1.6,1.7,-14.0,13.7,1.053,25,3,0,0,3
76.0,Target,,,,,0.0,0.0,4.023,0.0,0.0,,,,,,,,,
76.1,1,isocontour,11.283791670955125,32487.24,68.37,19.7,6.8,0.985,0.0,-0.9,0.9,17.1,7.4,1.118,4,5,0,0,5
76.1,2,isocontour,11.283791670955125,30790.29,64.79,8.3,19.2,0.982,-1.0,1.8,2.1,8.3,19.2,0.994,2,3,0,0,3
76.1,3,isocontour,11.283791670955125,32419.61,68.22,15.2,14.5,0.977,-1.2,-0.7,1.4,17.1,7.4,1.118,4,5,0,0,5
76.1,4,isocontour,11.283791670955125,36064.57,75.89,17.2,7.2,1.118,0.7,-2.4,2.5,17.2,7.2,1.118,4,5,0,0,5
76.1,5,isocontour,11.283791670955125,33995.45,71.54,16.7,8.8,1.102,0.9,-1.0,1.3,17.1,7.4,1.118,4,5,0,0,5
76.1,6,isocontour,11.283791670955125,35833.24,75.41,18.2,-6.7,1.072,0.7,2.8,2.9,18.2,-6.7,1.074,6,4,0,0,4
76.1,7,isocontour,11.283791670955125,34064.03,71.68,-15.6,13.9,0.985,-0.1,-0.2,0.2,-14.0,13.7,1.058,25,3,0,0,3
76.1,8,isocontour,11.283791670955125,35860.55,75.46,18.3,-6.0,1.078,0.0,2.4,2.4,18.1,-6.9,1.074,6,4,0,0,4
76.1,9,isocontour,11.283791670955125,33769.39,71.06,20.6,1.5,0.996,-0.9,-0.6,1.1,17.1,7.4,1.118,4,6,0,0,6
76.1,10,isocontour,11.283791670955125,33614.1,70.74,15.2,-14.3,0.984,1.9,-0.2,1.9,18.1,-6.9,1.074,6,4,0,0,4
76.1,11,isocontour,11.283791670955125,35142.17,73.95,-18.3,-6.6,1.066,-0.8,2.7,2.8,-18.3,-6.6,1.064,11,3,0,0,3
76.1,12,isocontour,11.283791670955125,33730.21,70.98,-15.2,-14.5,0.974,-1.1,0.9,1.4,-8.2,-17.4,1.08,21,3,0,0,3
76.1,13,isocontour,11.283791670955125,32266.79,67.9,20.8,-1.0,0.988,0.6,-2.3,2.4,17.1,7.4,1.118,4,6,0,0,6
76.1,14,isocontour,11.283791670955125,33126.0,69.71,8.0,-17.6,1.075,-2.6,-0.9,2.8,8.0,-17.6,1.071,14,3,0,0,3
76.1,15,isocontour,11.283791670955125,32024.13,67.39,-0.4,20.7,0.992,-0.8,-1.3,1.5,-8.6,18.8,0.994,18,3,0,0,3
76.1,16,isocontour,11.283791670955125,46611.37,98.09,-24.6,22.2,0.506,-0.6,0.7,0.9,-24.6,22.2,0.511,16,0,0,0,0
76.1,17,isocontour,11.283791670955125,31809.98,66.94,9.9,18.3,0.989,-1.2,0.3,1.2,8.4,19.0,0.994,2,3,0,0,3
76.1,18,isocontour,11.283791670955125,37646.77,79.22,-8.7,18.8,0.994,-1.1,-0.3,1.1,-14.0,13.7,1.058,25,3,0,0,3
76.1,19,isocontour,11.283791670955125,33408.9,70.3,-20.6,1.7,0.994,1.0,0.7,1.2,-18.2,-6.9,1.064,11,3,0,0,3
76.1,20,isocontour,11.283791670955125,34084.37,71.73,7.7,-19.3,0.989,-1.2,0.8,1.4,8.3,-17.5,1.071,14,3,0,0,3
76.1,21,isocontour,11.283791670955125,33171.96,69.81,-8.2,-17.5,1.077,0.7,-0.9,1.1,-8.2,-17.5,1.08,21,2,0,0,2
76.1,22,isocontour,11.283791670955125,36198.86,76.18,-19.5,-7.4,0.982,-0.3,1.1,1.1,-18.2,-6.9,1.064,11,3,0,0,3
76.1,23,isocontour,11.283791670955125,37203.86,78.29,-19.3,7.3,0.998,0.1,-0.7,0.7,-14.0,13.7,1.058,25,3,0,0,3
76.1,24,isocontour,11.283791670955125,34411.31,72.41,-0.5,-20.7,0.992,0.4,-1.8,1.8,-8.2,-17.4,1.08,21,3,0,0,3
76.1,25,isocontour,11.283791670955125,33561.25,70.63,-14.1,13.5,1.064,-0.9,-2.4,2.6,-14.1,13.5,1.058,25,3,0,0,3
76.1,Target,,,,,0.0,0.0,4.023,0.0,0.0,,,,,,,,,
76.2,1,isocontour,11.283791670955125,32460.65,68.31,19.7,6.5,0.989,0.1,-2.7,2.7,17.1,7.4,1.118,4,5,0,0,5
76.2,2,isocontour,11.283791670955125,30789.12,64.79,8.2,19.2,0.982,-0.9,0.3,0.9,17.1,7.4,1.118,4,3,0,0,3
76.2,3,isocontour,11.283791670955125,32418.37,68.22,15.1,14.5,0.983,-0.9,-0.5,1.0,17.1,7.4,1.118,4,5,0,0,5
76.2,4,isocontour,11.283791670955125,36038.84,75.84,17.3,6.9,1.116,1.3,-2.4,2.7,17.3,6.9,1.118,4,5,0,0,5
76.2,5,isocontour,11.283791670955125,33992.51,71.53,16.8,8.7,1.1,0.9,-1.0,1.3,17.1,7.4,1.118,4,5,0,0,5
76.2,6,isocontour,11.283791670955125,35796.68,75.33,18.2,-6.4,1.075,0.5,3.0,3.0,17.1,7.4,1.118,4,4,0,0,4
76.2,7,isocontour,11.283791670955125,34035.68,71.62,-15.6,13.6,0.991,-0.7,-2.7,2.8,-14.1,13.5,1.064,25,3,0,0,3
76.2,8,isocontour,11.283791670955125,35829.07,75.4,18.3,-5.8,1.079,0.7,2.8,2.9,17.1,7.4,1.118,4,4,0,0,4
76.2,9,isocontour,11.283791670955125,33768.98,71.06,20.6,1.4,0.996,0.2,-0.6,0.6,17.1,7.4,1.118,4,6,0,0,6
76.2,10,isocontour,11.283791670955125,33612.4,70.73,15.2,-14.4,0.982,-0.6,-0.9,1.1,18.3,-6.0,1.078,8,4,0,0,4
76.2,11,isocontour,11.283791670955125,35141.21,73.95,-18.3,-6.5,1.065,-0.5,0.8,0.9,-8.2,-17.4,1.08,21,3,0,0,3
76.2,12,isocontour,11.283791670955125,33706.67,70.93,-15.3,-14.3,0.979,-0.8,2.5,2.6,-8.2,-17.4,1.08,21,3,0,0,3
76.2,13,isocontour,11.283791670955125,32262.82,67.89,20.8,-0.9,0.987,0.3,1.4,1.4,17.1,7.4,1.118,4,6,0,0,6
76.2,14,isocontour,11.283791670955125,33095.17,69.64,7.8,-17.7,1.076,-2.7,-1.0,2.9,-8.2,-17.4,1.08,21,3,0,0,3
76.2,15,isocontour,11.283791670955125,32003.15,67.35,-0.2,20.7,0.992,2.5,0.3,2.5,-14.0,13.7,1.058,25,3,0,0,3
76.2,16,isocontour,11.283791670955125,46610.27,98.09,-24.6,22.3,0.504,-0.2,0.9,0.9,-24.6,22.3,0.511,16,0,0,0,0
76.2,17,isocontour,11.283791670955125,31783.96,66.89,9.6,18.3,0.995,-2.7,0.0,2.7,17.1,7.4,1.118,4,3,0,0,3
76.2,18,isocontour,11.283791670955125,37642.39,79.21,-8.9,18.8,0.989,-1.5,0.3,1.5,-14.1,13.5,1.064,25,3,0,0,3
76.2,19,isocontour,11.283791670955125,33371.98,70.23,-20.6,1.4,0.994,-0.3,-3.1,3.1,-18.3,-6.6,1.066,11,3,0,0,3
76.2,20,isocontour,11.283791670955125,34074.52,71.71,7.5,-19.4,0.988,-1.7,-1.0,2.0,-8.2,-17.4,1.08,21,3,0,0,3
76.2,21,isocontour,11.283791670955125,33161.5,69.78,-8.0,-17.4,1.083,2.0,0.3,2.0,-8.2,-17.4,1.08,21,2,0,0,2
76.2,22,isocontour,11.283791670955125,36196.76,76.17,-19.5,-7.3,0.986,0.6,1.0,1.2,-8.2,-17.4,1.08,21,3,0,0,3
76.2,23,isocontour,11.283791670955125,37194.17,78.27,-19.3,7.5,0.992,-0.7,1.8,1.9,-14.1,13.5,1.064,25,3,0,0,3
76.2,24,isocontour,11.283791670955125,34404.5,72.4,-0.4,-20.9,0.982,0.5,-1.7,1.8,-8.2,-17.4,1.08,21,3,0,0,3
76.2,25,isocontour,11.283791670955125,33552.68,70.61,-14.1,13.3,1.07,-0.3,-1.9,1.9,-14.1,13.3,1.064,25,3,0,0,3
76.2,Target,,,,,0.0,0.0,4.023,0.0,0.0,,,,,,,,,
76.3,1,isocontour,11.283791670955125,32442.26,68.27,19.8,6.3,0.99,0.8,-2.3,2.4,17.1,7.4,1.118,4,5,0,0,5
76.3,2,isocontour,11.283791670955125,30788.02,64.79,8.1,19.2,0.986,-0.7,-0.6,0.9,17.1,7.4,1.118,4,3,0,0,3
76.3,3,isocontour,11.283791670955125,32392.91,68.17,14.8,14.4,0.993,-2.7,-0.2,2.7,17.1,7.4,1.118,4,5,0,0,5
76.3,4,isocontour,11.283791670955125,36032.59,75.83,17.4,6.9,1.11,1.6,-0.7,1.7,17.4,6.9,1.118,4,5,0,0,5
76.3,5,isocontour,11.283791670955125,33968.97,71.48,16.8,8.5,1.104,0.4,-2.6,2.6,17.1,7.4,1.118,4,5,0,0,5
76.3,6,isocontour,11.283791670955125,35763.23,75.26,18.2,-6.1,1.079,0.3,3.0,3.0,17.1,7.4,1.118,4,4,0,0,4
76.3,7,isocontour,11.283791670955125,34012.92,71.58,-15.6,13.8,0.988,0.9,2.4,2.6,-14.1,13.3,1.07,25,3,0,0,3
76.3,8,isocontour,11.283791670955125,35798.56,75.33,18.4,-5.5,1.081,0.6,2.8,2.9,17.1,7.4,1.118,4,4,0,0,4
76.3,9,isocontour,11.283791670955125,33761.94,71.05,20.8,1.3,0.988,1.7,-0.5,1.8,17.1,7.4,1.118,4,6,0,0,6
76.3,10,isocontour,11.283791670955125,33593.32,70.69,15.0,-14.5,0.985,-2.1,-1.2,2.4,17.1,7.4,1.118,4,4,0,0,4
76.3,11,isocontour,11.283791670955125,35115.47,73.9,-18.4,-6.3,1.065,-0.8,2.6,2.7,-8.2,-17.4,1.08,21,3,0,0,3
76.3,12,isocontour,11.283791670955125,33705.67,70.93,-15.3,-14.2,0.983,0.1,0.9,0.9,-8.0,-17.4,1.083,21,3,0,0,3
76.3,13,isocontour,11.283791670955125,32224.82,67.81,20.8,-0.7,0.99,-0.6,3.0,3.1,17.1,7.4,1.118,4,6,0,0,6
76.3,14,isocontour,11.283791670955125,33075.16,69.6,7.6,-17.8,1.071,-1.8,-1.7,2.5,-8.2,-17.4,1.08,21,3,0,0,3
76.3,15,isocontour,11.283791670955125,31981.67,67.3,-0.3,20.8,0.99,-2.5,0.4,2.5,17.1,7.4,1.118,4,3,0,0,3
76.3,16,isocontour,11.283791670955125,46609.17,98.08,-24.6,22.2,0.506,0.4,-0.8,0.9,-24.6,22.2,0.511,16,0,0,0,0
76.3,17,isocontour,11.283791670955125,31765.12,66.85,9.8,18.2,0.999,1.9,-1.5,2.4,17.1,7.4,1.118,4,3,0,0,3
76.3,18,isocontour,11.283791670955125,37640.01,79.21,-8.8,18.8,0.992,1.2,-0.3,1.2,-14.1,13.3,1.07,25,3,0,0,3
76.3,19,isocontour,11.283791670955125,33357.93,70.2,-20.8,1.2,0.987,-1.6,-1.6,2.3,-8.2,-17.4,1.08,21,3,0,0,3
76.3,20,isocontour,11.283791670955125,34044.63,71.64,7.5,-19.2,0.999,0.6,2.8,2.9,-8.2,-17.4,1.08,21,3,0,0,3
76.3,21,isocontour,11.283791670955125,33156.58,69.77,-7.9,-17.6,1.079,0.8,-1.4,1.6,-7.9,-17.6,1.083,21,2,0,0,2
76.3,22,isocontour,11.283791670955125,36170.17,76.12,-19.5,-7.1,0.991,0.0,2.7,2.7,-8.2,-17.4,1.08,21,3,0,0,3
76.3,23,isocontour,11.283791670955125,37125.47,78.13,-19.7,7.5,0.975,-3.8,-0.1,3.8,-14.1,13.3,1.07,25,3,0,0,3
76.3,24,isocontour,11.283791670955125,34401.95,72.39,-0.4,-21.0,0.975,0.4,-1.2,1.3,-8.0,-17.4,1.083,21,3,0,0,3
76.3,25,isocontour,11.283791670955125,33546.1,70.59,-14.2,13.1,1.073,-0.8,-1.5,1.7,-14.2,13.1,1.07,25,3,0,0,3
76.3,Target,,,,,0.0,0.0,4.023,0.0,0.0,,,,,,,,,
76.4,1,isocontour,11.283791670955125,32421.27,68.23,19.6,6.3,1.0,-2.5,0.6,2.6,17.1,7.4,1.118,4,5,0,0,5
76.4,2,isocontour,11.283791670955125,30751.1,64.71,8.3,19.0,0.989,2.5,-1.8,3.1,17.1,7.4,1.118,4,3,0,0,3
76.4,3,isocontour,11.283791670955125,32379.42,68.14,14.9,14.3,0.999,0.9,-2.0,2.2,17.1,7.4,1.118,4,5,0,0,5
76.4,4,isocontour,11.283791670955125,36028.38,75.82,17.6,6.9,1.101,1.4,0.3,1.4,17.6,6.9,1.118,4,5,0,0,5
76.4,5,isocontour,11.283791670955125,33962.84,71.47,16.9,8.4,1.1,1.5,-0.8,1.7,17.1,7.4,1.118,4,5,0,0,5
76.4,6,isocontour,11.283791670955125,35756.99,75.25,18.3,-5.9,1.076,1.2,1.2,1.7,17.1,7.4,1.118,4,4,0,0,4
76.4,7,isocontour,11.283791670955125,33985.46,71.52,-15.5,14.1,0.981,0.8,2.7,2.8,-14.2,13.1,1.073,25,3,0,0,3
76.4,8,isocontour,11.283791670955125,35769.6,75.27,18.5,-5.2,1.082,0.7,2.7,2.8,17.1,7.4,1.118,4,4,0,0,4
76.4,9,isocontour,11.283791670955125,33734.77,70.99,20.8,1.6,0.983,0.5,2.7,2.7,17.1,7.4,1.118,4,6,0,0,6
76.4,10,isocontour,11.283791670955125,33578.89,70.66,14.8,-14.6,0.986,-1.5,-1.6,2.2,17.1,7.4,1.118,4,4,0,0,4
76.4,11,isocontour,11.283791670955125,35103.05,73.87,-18.6,-6.2,1.059,-1.7,1.3,2.1,-8.0,-17.4,1.083,21,3,0,0,3
76.4,12,isocontour,11.283791670955125,33692.54,70.9,-15.3,-14.0,0.991,0.2,2.2,2.2,-8.0,-17.4,1.083,21,3,0,0,3
76.4,13,isocontour,11.283791670955125,32222.01,67.81,20.7,-0.5,0.994,-0.7,1.1,1.3,17.1,7.4,1.118,4,6,0,0,6
76.4,14,isocontour,11.283791670955125,33058.72,69.57,7.6,-18.0,1.059,1.1,-2.1,2.4,17.1,7.4,1.118,4,3,0,0,3
76.4,15,isocontour,11.283791670955125,31975.32,67.29,-0.3,20.9,0.982,0.5,1.6,1.7,17.1,7.4,1.118,4,3,0,0,3
76.4,16,isocontour,11.283791670955125,46608.07,98.08,-24.6,22.1,0.507,-0.1,-0.9,0.9,-24.6,22.1,0.511,16,0,0,0,0
76.4,17,isocontour,11.283791670955125,31738.82,66.79,9.6,18.3,0.994,-1.8,2.1,2.8,17.1,7.4,1.118,4,3,0,0,3
76.4,18,isocontour,11.283791670955125,37639.02,79.21,-8.9,18.7,0.993,-0.8,-0.5,0.9,17.1,7.4,1.118,4,3,0,0,3
76.4,19,isocontour,11.283791670955125,33352.92,70.19,-20.9,1.1,0.984,-0.6,-1.5,1.6,-8.2,-17.4,1.08,21,3,0,0,3
76.4,20,isocontour,11.283791670955125,34042.79,71.64,7.6,-19.1,1.002,1.0,0.6,1.2,17.1,7.4,1.118,4,3,0,0,3
76.4,21,isocontour,11.283791670955125,33147.6,69.76,-8.0,-17.4,1.083,-1.1,1.5,1.9,-8.0,-17.4,1.083,21,2,0,0,2
76.4,22,isocontour,11.283791670955125,36168.85,76.11,-19.4,-7.0,0.996,0.6,0.8,1.0,-8.0,-17.4,1.083,21,3,0,0,3
76.4,23,isocontour,11.283791670955125,37122.19,78.12,-19.6,7.4,0.978,1.0,-0.9,1.3,-8.2,-17.4,1.08,21,3,0,0,3
76.4,24,isocontour,11.283791670955125,34379.97,72.35,-0.2,-21.0,0.977,2.5,0.6,2.6,-8.0,-17.4,1.083,21,3,0,0,3
76.4,25,isocontour,11.283791670955125,33524.12,70.55,-14.0,13.3,1.075,2.0,1.6,2.6,-14.0,13.3,1.073,25,3,0,0,3
76.4,Target,,,,,0.0,0.0,4.023,0.0,0.0,,,,,,,,,
76.5,1,isocontour,11.283791670955125,32413.11,68.21,19.7,6.4,0.993,1.8,0.4,1.8,17.1,7.4,1.118,4,5,0,0,5
76.5,2,isocontour,11.283791670955125,30718.65,64.64,8.6,18.9,0.99,2.7,-1.2,3.0,17.1,7.4,1.118,4,3,0,0,3
76.5,3,isocontour,11.283791670955125,32356.93,68.09,15.1,14.4,0.987,1.9,1.8,2.6,17.1,7.4,1.118,4,5,0,0,5
76.5,4,isocontour,11.283791670955125,36027.21,75.81,17.7,6.9,1.094,1.0,0.1,1.0,17.7,6.9,1.118,4,5,0,0,5
76.5,5,isocontour,11.283791670955125,33958.19,71.46,17.1,8.3,1.093,1.4,-0.5,1.5,17.1,7.4,1.118,4,5,0,0,5
76.5,6,isocontour,11.283791670955125,35721.48,75.17,18.4,-5.7,1.077,0.6,3.0,3.1,17.1,7.4,1.118,4,4,0,0,4
76.5,7,isocontour,11.283791670955125,33975.91,71.5,-15.3,14.1,0.987,2.0,0.0,2.0,17.1,7.4,1.118,4,3,0,0,3
76.5,8,isocontour,11.283791670955125,35743.87,75.22,18.6,-5.0,1.077,1.6,2.2,2.7,17.1,7.4,1.118,4,4,0,0,4
76.5,9,isocontour,11.283791670955125,33702.32,70.92,20.8,1.9,0.983,-0.2,2.9,2.9,17.1,7.4,1.118,4,6,0,0,6
76.5,10,isocontour,11.283791670955125,33573.28,70.65,14.7,-14.8,0.984,-0.9,-1.3,1.6,17.1,7.4,1.118,4,4,0,0,4
76.5,11,isocontour,11.283791670955125,35084.66,73.83,-18.7,-6.3,1.051,-0.7,-2.3,2.4,-8.0,-17.4,1.083,21,3,0,0,3
76.5,12,isocontour,11.283791670955125,33685.26,70.89,-15.2,-14.0,0.995,1.6,-0.9,1.8,-8.0,-17.4,1.083,21,3,0,0,3
76.5,13,isocontour,11.283791670955125,32201.52,67.76,20.7,-0.7,0.994,-0.0,-2.5,2.5,17.1,7.4,1.118,4,6,0,0,6
76.5,14,isocontour,11.283791670955125,33049.88,69.55,7.6,-18.2,1.048,-0.1,-1.9,1.9,17.1,7.4,1.118,4,3,0,0,3
76.5,15,isocontour,11.283791670955125,31970.76,67.28,-0.2,20.8,0.987,0.8,-1.3,1.5,17.1,7.4,1.118,4,3,0,0,3
76.5,16,isocontour,11.283791670955125,46606.97,98.08,-24.6,22.1,0.509,-0.2,-0.9,0.9,-24.6,22.1,0.511,16,0,0,0,0
76.5,17,isocontour,11.283791670955125,31638.55,66.58,9.3,18.5,0.991,-3.5,2.4,4.2,17.1,7.4,1.118,4,3,0,0,3
76.5,18,isocontour,11.283791670955125,37633.1,79.19,-8.8,18.8,0.989,0.8,1.5,1.7,17.1,7.4,1.118,4,3,0,0,3
76.5,19,isocontour,11.283791670955125,33350.42,70.18,-20.8,1.0,0.985,0.4,-1.2,1.3,-8.0,-17.4,1.083,21,3,0,0,3
76.5,20,isocontour,11.283791670955125,34035.86,71.62,7.7,-19.2,0.994,1.2,-1.3,1.8,17.1,7.4,1.118,4,3,0,0,3
76.5,21,isocontour,11.283791670955125,33145.28,69.75,-8.1,-17.4,1.083,-1.1,0.5,1.2,-8.0,-17.4,1.083,21,2,0,0,2
76.5,22,isocontour,11.283791670955125,36152.63,76.08,-19.6,-6.8,0.99,-1.9,1.3,2.3,-8.0,-17.4,1.083,21,3,0,0,3
76.5,23,isocontour,11.283791670955125,37098.91,78.07,-19.4,7.5,0.988,2.4,1.1,2.6,-8.2,-17.4,1.08,21,3,0,0,3
76.5,24,isocontour,11.283791670955125,34350.08,72.29,0.1,-20.9,0.981,2.8,0.7,2.9,17.1,7.4,1.118,4,3,0,0,3
76.5,25,isocontour,11.283791670955125,33519.74,70.54,-13.9,13.3,1.079,1.4,0.5,1.5,17.1,7.4,1.118,4,3,0,0,3
76.5,Target,,,,,0.0,0.0,4.023,0.0,0.0,,,,,,,,,
76.6,1,isocontour,11.283791670955125,32357.1,68.09,19.9,6.6,0.979,1.9,3.0,3.6,17.1,7.4,1.118,4,5,0,0,5
76.6,2,isocontour,11.283791670955125,30713.54,64.63,8.6,19.0,0.986,-0.8,1.4,1.6,17.1,7.4,1.118,4,3,0,0,3
76.6,3,isocontour,11.283791670955125,32355.9,68.09,15.2,14.4,0.981,0.9,0.2,0.9,17.1,7.4,1.118,4,5,0,0,5
76.6,4,isocontour,11.283791670955125,36001.48,75.76,17.8,6.7,1.091,1.4,-2.3,2.7,17.8,6.7,1.118,4,5,0,0,5
76.6,5,isocontour,11.283791670955125,33929.53,71.4,17.2,8.1,1.095,0.7,-2.7,2.8,17.1,7.4,1.118,4,5,0,0,5
76.6,6,isocontour,11.283791670955125,35694.31,75.11,18.5,-5.4,1.08,0.4,2.7,2.7,17.1,7.4,1.118,4,4,0,0,4
76.6,7,isocontour,11.283791670955125,33938.99,71.42,-15.1,14.0,1.002,2.6,-1.6,3.1,17.1,7.4,1.118,4,3,0,0,3
76.6,8,isocontour,11.283791670955125,35742.51,75.22,18.7,-4.9,1.075,0.4,0.9,1.0,17.1,7.4,1.118,4,4,0,0,4
76.6,9,isocontour,11.283791670955125,33693.61,70.9,20.6,1.9,0.992,-1.9,0.2,1.9,17.1,7.4,1.118,4,6,0,0,6
76.6,10,isocontour,11.283791670955125,33550.79,70.6,14.5,-14.9,0.988,-2.3,-1.2,2.6,17.1,7.4,1.118,4,4,0,0,4
76.6,11,isocontour,11.283791670955125,35082.17,73.83,-18.6,-6.4,1.053,0.9,-0.9,1.3,-8.0,-17.4,1.083,21,3,0,0,3
76.6,12,isocontour,11.283791670955125,33664.77,70.84,-15.3,-13.9,0.992,-2.2,1.3,2.6,-8.0,-17.4,1.083,21,3,0,0,3
76.6,13,isocontour,11.283791670955125,32104.02,67.56,20.8,-1.1,0.987,1.4,-4.0,4.2,17.1,7.4,1.118,4,6,0,0,6
76.6,14,isocontour,11.283791670955125,33046.31,69.54,7.7,-18.4,1.04,0.2,-1.4,1.4,17.1,7.4,1.118,4,3,0,0,3
76.6,15,isocontour,11.283791670955125,31967.11,67.27,-0.2,20.7,0.993,1.0,-1.0,1.4,17.1,7.4,1.118,4,3,0,0,3
76.6,16,isocontour,11.283791670955125,46605.87,98.08,-24.6,22.1,0.508,0.4,0.9,1.0,-24.6,22.1,0.511,16,0,0,0,0
76.6,17,isocontour,11.283791670955125,31637.79,66.58,9.2,18.6,0.988,-0.3,0.8,0.9,17.1,7.4,1.118,4,3,0,0,3
76.6,18,isocontour,11.283791670955125,37632.74,79.19,-8.8,18.8,0.987,-0.6,-0.1,0.6,17.1,7.4,1.118,4,3,0,0,3
76.6,19,isocontour,11.283791670955125,33345.59,70.17,-20.7,0.9,0.992,1.3,-0.8,1.5,-8.0,-17.4,1.083,21,3,0,0,3
76.6,20,isocontour,11.283791670955125,34018.36,71.59,7.9,-19.4,0.982,1.3,-2.0,2.4,17.1,7.4,1.118,4,3,0,0,3
76.6,21,isocontour,11.283791670955125,33128.64,69.72,-8.3,-17.3,1.08,-2.3,0.3,2.3,17.1,7.4,1.118,4,2,0,0,2
76.6,22,isocontour,11.283791670955125,36115.71,76.0,-19.8,-6.7,0.98,-2.7,1.6,3.1,-8.0,-17.4,1.083,21,3,0,0,3
76.6,23,isocontour,11.283791670955125,37096.81,78.07,-19.3,7.6,0.992,0.9,0.8,1.2,17.1,7.4,1.118,4,3,0,0,3
76.6,24,isocontour,11.283791670955125,34348.14,72.28,0.2,-20.9,0.985,0.9,0.7,1.1,17.1,7.4,1.118,4,3,0,0,3
76.6,25,isocontour,11.283791670955125,33514.23,70.53,-13.9,13.5,1.072,-0.5,1.5,1.6,17.1,7.4,1.118,4,3,0,0,3
76.6,Target,,,,,0.0,0.0,4.023,0.0,0.0,,,,,,,,,
76.7,1,isocontour,11.283791670955125,32356.87,68.09,20.0,6.7,0.974,0.4,0.4,0.6,17.1,7.4,1.118,4,5,0,0,5
76.7,2,isocontour,11.283791670955125,30594.0,64.38,8.2,19.2,0.985,-4.2,1.8,4.6,17.1,7.4,1.118,4,3,0,0,3
76.7,3,isocontour,11.283791670955125,32346.34,68.07,15.1,14.6,0.98,-1.2,1.5,1.9,17.1,7.4,1.118,4,5,0,0,5
76.7,4,isocontour,11.283791670955125,36000.31,75.76,17.9,6.6,1.088,0.8,-0.6,1.0,17.9,6.6,1.118,4,5,0,0,5
76.7,5,isocontour,11.283791670955125,33926.67,71.39,17.2,7.9,1.098,0.1,-1.3,1.3,17.1,7.4,1.118,4,5,0,0,5
76.7,6,isocontour,11.283791670955125,35693.6,75.11,18.4,-5.4,1.081,-0.4,-0.7,0.8,17.1,7.4,1.118,4,4,0,0,4
76.7,7,isocontour,11.283791670955125,33906.87,71.35,-14.8,14.1,1.005,2.1,2.1,3.0,17.1,7.4,1.118,4,3,0,0,3
76.7,8,isocontour,11.283791670955125,35741.07,75.21,18.7,-4.8,1.076,0.1,1.0,1.0,17.1,7.4,1.118,4,4,0,0,4
76.7,9,isocontour,11.283791670955125,33693.15,70.9,20.6,1.9,0.994,-0.0,-0.7,0.7,17.1,7.4,1.118,4,6,0,0,6
76.7,10,isocontour,11.283791670955125,33519.32,70.54,14.5,-14.7,0.999,-0.3,2.9,2.9,17.1,7.4,1.118,4,4,0,0,4
76.7,11,isocontour,11.283791670955125,35076.14,73.81,-18.4,-6.4,1.062,1.6,0.3,1.6,-8.0,-17.4,1.083,21,3,0,0,3
76.7,12,isocontour,11.283791670955125,33664.24,70.84,-15.4,-13.9,0.989,-0.7,-0.2,0.7,17.1,7.4,1.118,4,3,0,0,3
76.7,13,isocontour,11.283791670955125,32098.11,67.55,20.9,-1.0,0.983,0.5,1.6,1.7,17.1,7.4,1.118,4,6,0,0,6
76.7,14,isocontour,11.283791670955125,33018.25,69.48,7.9,-18.3,1.038,2.6,1.0,2.8,17.1,7.4,1.118,4,3,0,0,3
76.7,15,isocontour,11.283791670955125,31965.75,67.27,-0.1,20.7,0.994,1.0,-0.1,1.0,17.1,7.4,1.118,4,3,0,0,3
76.7,16,isocontour,11.283791670955125,46604.77,98.07,-24.7,22.1,0.507,-0.8,-0.4,0.9,-24.7,22.1,0.511,16,0,0,0,0
76.7,17,isocontour,11.283791670955125,31613.44,66.53,9.0,18.8,0.987,-2.3,1.3,2.6,17.1,7.4,1.118,4,3,0,0,3
76.7,18,isocontour,11.283791670955125,37615.24,79.16,-9.0,18.7,0.988,-2.0,-1.3,2.4,17.1,7.4,1.118,4,3,0,0,3
76.7,19,isocontour,11.283791670955125,33344.39,70.17,-20.7,0.8,0.993,-0.1,-1.0,1.0,17.1,7.4,1.118,4,3,0,0,3
76.7,20,isocontour,11.283791670955125,34018.35,71.59,7.9,-19.4,0.98,-0.1,-0.1,0.1,17.1,7.4,1.118,4,3,0,0,3
76.7,21,isocontour,11.283791670955125,33126.32,69.71,-8.4,-17.3,1.083,-0.6,1.0,1.2,17.1,7.4,1.118,4,2,0,0,2
76.7,22,isocontour,11.283791670955125,36115.0,76.0,-19.8,-6.7,0.982,0.8,-0.1,0.8,-8.0,-17.4,1.083,21,3,0,0,3
76.7,23,isocontour,11.283791670955125,37078.65,78.03,-19.5,7.7,0.981,-2.2,1.0,2.4,17.1,7.4,1.118,4,3,0,0,3
76.7,24,isocontour,11.283791670955125,34323.79,72.23,0.4,-20.7,0.993,2.1,1.6,2.6,17.1,7.4,1.118,4,3,0,0,3
76.7,25,isocontour,11.283791670955125,33503.93,70.5,-14.0,13.4,1.069,-1.7,-1.1,2.0,17.1,7.4,1.118,4,3,0,0,3
76.7,Target,,,,,0.0,0.0,4.023,0.0,0.0,,,,,,,,,
76.8,1,isocontour,11.283791670955125,32329.41,68.03,19.9,6.5,0.982,-1.1,-2.5,2.7,17.1,7.4,1.118,4,5,0,0,5
76.8,2,isocontour,11.283791670955125,30568.55,64.33,7.9,19.2,0.991,-2.7,-0.2,2.7,17.1,7.4,1.118,4,3,0,0,3
76.8,3,isocontour,11.283791670955125,32341.13,68.06,15.0,14.7,0.978,-0.9,1.3,1.6,17.1,7.4,1.118,4,5,0,0,5
76.8,4,isocontour,11.283791670955125,35996.81,75.75,18.0,6.5,1.082,1.3,-0.6,1.4,18.0,6.5,1.118,4,5,0,0,5
76.8,5,isocontour,11.283791670955125,33921.16,71.38,17.3,7.8,1.094,1.4,-0.9,1.7,17.1,7.4,1.118,4,5,0,0,5
76.8,6,isocontour,11.283791670955125,35684.48,75.09,18.3,-5.5,1.087,-1.6,-1.1,1.9,17.1,7.4,1.118,4,4,0,0,4
76.8,7,isocontour,11.283791670955125,33892.63,71.32,-15.0,14.2,0.995,-2.1,0.9,2.3,17.1,7.4,1.118,4,3,0,0,3
76.8,8,isocontour,11.283791670955125,35740.16,75.21,18.7,-4.8,1.077,-0.4,-0.8,0.9,17.1,7.4,1.118,4,4,0,0,4
76.8,9,isocontour,11.283791670955125,33678.53,70.87,20.8,2.0,0.985,1.8,1.4,2.3,17.1,7.4,1.118,4,6,0,0,6
76.8,10,isocontour,11.283791670955125,33517.0,70.53,14.5,-14.5,1.002,0.6,1.0,1.2,17.1,7.4,1.118,4,4,0,0,4
76.8,11,isocontour,11.283791670955125,35045.94,73.75,-18.5,-6.2,1.064,-0.8,2.8,2.9,17.1,7.4,1.118,4,3,0,0,3
76.8,12,isocontour,11.283791670955125,33664.24,70.84,-15.4,-14.0,0.988,0.1,-0.1,0.1,17.1,7.4,1.118,4,3,0,0,3
76.8,13,isocontour,11.283791670955125,32089.67,67.53,20.9,-0.8,0.982,0.3,1.9,1.9,17.1,7.4,1.118,4,6,0,0,6
76.8,14,isocontour,11.283791670955125,32993.36,69.43,8.1,-18.2,1.036,2.6,0.6,2.7,17.1,7.4,1.118,4,3,0,0,3
76.8,15,isocontour,11.283791670955125,31964.82,67.27,-0.1,20.7,0.993,-0.8,0.3,0.9,17.1,7.4,1.118,4,3,0,0,3
76.8,16,isocontour,11.283791670955125,46603.67,98.07,-24.6,22.1,0.508,0.8,0.4,0.9,-24.6,22.1,0.511,16,0,0,0,0
76.8,17,isocontour,11.283791670955125,31594.14,66.49,8.8,18.7,0.993,-2.4,-0.5,2.5,17.1,7.4,1.118,4,3,0,0,3
76.8,18,isocontour,11.283791670955125,37610.86,79.15,-9.1,18.6,0.994,-0.1,-1.5,1.5,17.1,7.4,1.118,4,3,0,0,3
76.8,19,isocontour,11.283791670955125,33342.99,70.17,-20.8,0.8,0.989,-0.8,0.6,1.0,17.1,7.4,1.118,4,3,0,0,3
76.8,20,isocontour,11.283791670955125,33981.79,71.51,8.1,-19.2,0.985,2.2,2.1,3.0,17.1,7.4,1.118,4,3,0,0,3
76.8,21,isocontour,11.283791670955125,33101.42,69.66,-8.2,-17.3,1.083,2.4,-1.2,2.7,17.1,7.4,1.118,4,2,0,0,2
76.8,22,isocontour,11.283791670955125,36078.43,75.92,-19.6,-6.5,0.994,1.9,2.4,3.1,17.1,7.4,1.118,4,3,0,0,3
76.8,23,isocontour,11.283791670955125,37076.95,78.02,-19.5,7.8,0.98,0.6,0.9,1.1,17.1,7.4,1.118,4,3,0,0,3
76.8,24,isocontour,11.283791670955125,34322.62,72.23,0.3,-20.7,0.995,-0.9,0.2,0.9,17.1,7.4,1.118,4,3,0,0,3
76.8,25,isocontour,11.283791670955125,33476.76,70.45,-14.0,13.6,1.059,0.3,2.8,2.8,17.1,7.4,1.118,4,3,0,0,3
76.8,Target,,,,,0.0,0.0,4.023,0.0,0.0,,,,,,,,,
76.9,1,isocontour,11.283791670955125,32305.06,67.98,19.9,6.2,0.987,0.1,-2.7,2.7,17.1,7.4,1.118,4,5,0,0,5
76.9,2,isocontour,11.283791670955125,30538.04,64.26,8.1,19.1,0.989,2.8,-0.5,2.8,17.1,7.4,1.118,4,3,0,0,3
76.9,3,isocontour,11.283791670955125,32340.45,68.06,14.9,14.7,0.98,-0.8,0.2,0.8,17.1,7.4,1.118,4,5,0,0,5
76.9,4,isocontour,11.283791670955125,35992.17,75.74,18.2,6.5,1.075,1.5,-0.4,1.6,18.2,6.5,1.118,4,5,0,0,5
76.9,5,isocontour,11.283791670955125,33918.55,71.38,17.3,7.7,1.096,0.1,-1.3,1.3,17.1,7.4,1.118,4,5,0,0,5
76.9,6,isocontour,11.283791670955125,35660.13,75.04,18.2,-5.8,1.088,-0.7,-2.6,2.7,17.1,7.4,1.118,4,4,0,0,4
76.9,7,isocontour,11.283791670955125,33874.68,71.29,-15.2,14.2,0.989,-2.2,-0.9,2.4,17.1,7.4,1.118,4,3,0,0,3
76.9,8,isocontour,11.283791670955125,35714.14,75.16,18.5,-5.0,1.082,-1.5,-2.3,2.7,17.1,7.4,1.118,4,4,0,0,4
76.9,9,isocontour,11.283791670955125,33678.19,70.87,20.8,2.0,0.983,0.1,0.6,0.6,17.1,7.4,1.118,4,6,0,0,6
76.9,10,isocontour,11.283791670955125,33511.08,70.52,14.6,-14.4,1.005,0.7,1.5,1.7,17.1,7.4,1.118,4,4,0,0,4
76.9,11,isocontour,11.283791670955125,35037.1,73.73,-18.6,-6.3,1.056,-1.1,-1.5,1.9,17.1,7.4,1.118,4,3,0,0,3
76.9,12,isocontour,11.283791670955125,33648.01,70.81,-15.6,-13.8,0.988,-1.5,1.7,2.3,17.1,7.4,1.118,4,3,0,0,3
76.9,13,isocontour,11.283791670955125,32086.18,67.52,20.8,-0.7,0.987,-1.0,1.0,1.4,17.1,7.4,1.118,4,6,0,0,6
76.9,14,isocontour,11.283791670955125,32990.08,69.42,8.2,-18.1,1.039,0.7,1.2,1.4,17.1,7.4,1.118,4,3,0,0,3
76.9,15,isocontour,11.283791670955125,31939.08,67.21,-0.3,20.8,0.986,-2.4,1.3,2.7,17.1,7.4,1.118,4,3,0,0,3
76.9,16,isocontour,11.283791670955125,46602.57,98.07,-24.6,22.0,0.51,0.1,-0.9,0.9,-24.6,22.0,0.511,16,0,0,0,0
76.9,17,isocontour,11.283791670955125,31587.21,66.47,8.9,18.8,0.99,1.7,0.3,1.7,17.1,7.4,1.118,4,3,0,0,3
76.9,18,isocontour,11.283791670955125,37609.46,79.14,-9.1,18.6,0.993,-1.0,0.1,1.0,17.1,7.4,1.118,4,3,0,0,3
76.9,19,isocontour,11.283791670955125,33342.81,70.17,-20.8,0.9,0.988,-0.1,0.5,0.5,17.1,7.4,1.118,4,3,0,0,3
76.9,20,isocontour,11.283791670955125,33949.67,71.44,8.3,-19.0,0.99,2.1,2.0,2.9,17.1,7.4,1.118,4,3,0,0,3
76.9,21,isocontour,11.283791670955125,33076.8,69.61,-7.9,-17.4,1.089,2.7,-0.1,2.7,17.1,7.4,1.118,4,2,0,0,2
76.9,22,isocontour,11.283791670955125,36076.87,75.92,-19.6,-6.4,0.999,0.2,1.0,1.0,17.1,7.4,1.118,4,3,0,0,3
76.9,23,isocontour,11.283791670955125,37054.96,77.98,-19.3,8.0,0.982,1.3,2.2,2.6,17.1,7.4,1.118,4,3,0,0,3
76.9,24,isocontour,11.283791670955125,34295.15,72.17,0.1,-20.7,0.995,-2.8,-0.2,2.8,17.1,7.4,1.118,4,3,0,0,3
76.9,25,isocontour,11.283791670955125,33475.15,70.44,-14.0,13.7,1.057,0.6,0.9,1.1,17.1,7.4,1.118,4,3,0,0,3
76.9,Target,,,,,0.0,0.0,4.023,0.0,0.0,,,,,,,,,
77.0,1,isocontour,11.283791670955125,32295.07,67.96,19.8,6.3,0.992,-1.3,1.5,2.0,17.1,7.4,1.118,4,5,0,0,5
77.0,2,isocontour,11.283791670955125,30537.59,64.26,8.1,19.1,0.988,-0.6,0.4,0.7,17.1,7.4,1.118,4,3,0,0,3
77.0,3,isocontour,11.283791670955125,32337.71,68.05,14.8,14.8,0.983,-1.2,0.4,1.3,17.1,7.4,1.118,4,5,0,0,5
77.0,4,isocontour,11.283791670955125,35972.39,75.7,18.3,6.3,1.074,0.8,-2.3,2.4,18.3,6.3,1.118,4,5,0,0,5
77.0,5,isocontour,11.283791670955125,33892.81,71.32,17.4,7.5,1.097,1.0,-2.5,2.7,17.1,7.4,1.118,4,5,0,0,5
77.0,6,isocontour,11.283791670955125,35658.24,75.04,18.1,-5.9,1.091,-0.9,-0.7,1.1,17.1,7.4,1.118,4,4,0,0,4
77.0,7,isocontour,11.283791670955125,33873.44,71.28,-15.2,14.2,0.986,0.3,0.9,0.9,17.1,7.4,1.118,4,3,0,0,3
77.0,8,isocontour,11.283791670955125,35688.97,75.1,18.4,-5.3,1.083,-0.8,-2.6,2.7,17.1,7.4,1.118,4,4,0,0,4
77.0,9,isocontour,11.283791670955125,33658.18,70.83,20.6,2.2,0.99,-1.9,1.7,2.5,17.1,7.4,1.118,4,6,0,0,6
77.0,10,isocontour,11.283791670955125,33494.64,70.49,14.8,-14.3,1.0,2.3,0.6,2.4,17.1,7.4,1.118,4,4,0,0,4
77.0,11,isocontour,11.283791670955125,35028.4,73.71,-18.7,-6.2,1.048,-1.7,0.8,1.9,17.1,7.4,1.118,4,3,0,0,3
77.0,12,isocontour,11.283791670955125,33644.81,70.8,-15.6,-13.7,0.993,0.2,1.3,1.3,17.1,7.4,1.118,4,3,0,0,3
77.0,13,isocontour,11.283791670955125,32083.11,67.51,20.7,-0.6,0.991,-0.7,1.1,1.3,17.1,7.4,1.118,4,6,0,0,6
77.0,14,isocontour,11.283791670955125,32977.48,69.4,8.1,-18.0,1.05,-1.2,1.7,2.1,17.1,7.4,1.118,4,3,0,0,3
77.0,15,isocontour,11.283791670955125,31914.46,67.16,-0.2,20.7,0.994,2.0,-1.8,2.7,17.1,7.4,1.118,4,3,0,0,3
77.0,16,isocontour,11.283791670955125,46601.47,98.07,-24.5,22.0,0.512,0.9,-0.4,1.0,-24.5,22.0,0.511,16,0,0,0,0
77.0,17,isocontour,11.283791670955125,31577.22,66.45,8.9,18.9,0.982,-0.5,1.9,2.0,17.1,7.4,1.118,4,3,0,0,3
77.0,18,isocontour,11.283791670955125,37584.83,79.09,-9.0,18.8,0.988,1.8,2.0,2.7,17.1,7.4,1.118,4,3,0,0,3
77.0,19,isocontour,11.283791670955125,33316.23,70.11,-20.8,0.6,0.988,0.1,-2.7,2.7,17.1,7.4,1.118,4,3,0,0,3
77.0,20,isocontour,11.283791670955125,33947.46,71.44,8.3,-19.1,0.986,0.1,-1.2,1.2,17.1,7.4,1.118,4,3,0,0,3
77.0,21,isocontour,11.283791670955125,33075.4,69.6,-7.8,-17.4,1.091,1.0,-0.1,1.0,17.1,7.4,1.118,4,2,0,0,2
77.0,22,isocontour,11.283791670955125,36066.1,75.9,-19.7,-6.4,0.99,-1.7,-1.1,2.0,17.1,7.4,1.118,4,3,0,0,3
77.0,23,isocontour,11.283791670955125,37046.12,77.96,-19.2,8.1,0.986,1.5,1.2,1.9,17.1,7.4,1.118,4,3,0,0,3
77.0,24,isocontour,11.283791670955125,34294.15,72.17,-0.0,-20.7,0.994,-0.9,-0.2,0.9,17.1,7.4,1.118,4,3,0,0,3
77.0,25,isocontour,11.283791670955125,33447.1,70.39,-13.9,13.9,1.053,1.3,2.5,2.8,17.1,7.4,1.118,4,3,0,0,3
77.0,Target,,,,,0.0,0.0,4.023,0.0,0.0,,,,,,,,,
77.1,1,isocontour,11.283791670955125,32277.78,67.92,19.8,6.5,0.987,0.4,2.4,2.4,17.1,7.4,1.118,4,5,0,0,5
77.1,2,isocontour,11.283791670955125,30511.29,64.21,7.9,19.1,0.993,-2.7,-0.0,2.7,17.1,7.4,1.118,4,3,0,0,3
77.1,3,isocontour,11.283791670955125,32333.42,68.04,14.8,14.7,0.985,0.8,-1.3,1.5,17.1,7.4,1.118,4,5,0,0,5
77.1,4,isocontour,11.283791670955125,35956.58,75.67,18.5,6.2,1.066,2.0,-1.2,2.3,18.5,6.2,1.118,4,5,0,0,5
77.1,5,isocontour,11.283791670955125,33868.19,71.27,17.5,7.2,1.096,1.2,-2.4,2.7,17.1,7.4,1.118,4,5,0,0,5
77.1,6,isocontour,11.283791670955125,35657.36,75.04,18.1,-5.9,1.092,-0.3,-0.8,0.9,17.1,7.4,1.118,4,4,0,0,4
77.1,7,isocontour,11.283791670955125,33870.83,71.28,-15.1,14.2,0.99,1.3,-0.1,1.3,17.1,7.4,1.118,4,3,0,0,3
77.1,8,isocontour,11.283791670955125,35675.48,75.07,18.4,-5.5,1.08,0.0,-2.2,2.2,17.1,7.4,1.118,4,4,0,0,4
77.1,9,isocontour,11.283791670955125,33638.4,70.79,20.7,2.0,0.989,0.9,-2.3,2.5,17.1,7.4,1.118,4,6,0,0,6
77.1,10,isocontour,11.283791670955125,33487.24,70.47,15.0,-14.3,0.994,1.8,0.4,1.8,17.1,7.4,1.118,4,4,0,0,4
77.1,11,isocontour,11.283791670955125,35002.1,73.66,-18.7,-6.4,1.048,1.2,-2.5,2.8,17.1,7.4,1.118,4,3,0,0,3
77.1,12,isocontour,11.283791670955125,33644.35,70.8,-15.6,-13.7,0.99,-0.6,-0.4,0.7,17.1,7.4,1.118,4,3,0,0,3
77.1,13,isocontour,11.283791670955125,32082.68,67.51,20.7,-0.7,0.991,0.1,-0.7,0.7,17.1,7.4,1.118,4,6,0,0,6
77.1,14,isocontour,11.283791670955125,32963.99,69.37,8.3,-17.9,1.049,2.2,0.2,2.2,17.1,7.4,1.118,4,3,0,0,3
77.1,15,isocontour,11.283791670955125,31913.56,67.16,-0.2,20.7,0.995,-0.9,-0.1,0.9,17.1,7.4,1.118,4,3,0,0,3
77.1,16,isocontour,11.283791670955125,46600.37,98.06,-24.5,22.0,0.51,-0.7,0.6,0.9,-24.5,22.0,0.512,16,0,0,0,0
77.1,17,isocontour,11.283791670955125,31548.86,66.39,8.6,19.0,0.986,-2.8,0.1,2.8,17.1,7.4,1.118,4,3,0,0,3
77.1,18,isocontour,11.283791670955125,37472.98,78.86,-8.6,18.9,0.991,4.3,1.1,4.4,17.1,7.4,1.118,4,3,0,0,3
77.1,19,isocontour,11.283791670955125,33314.33,70.11,-20.7,0.5,0.991,0.6,-1.0,1.2,17.1,7.4,1.118,4,3,0,0,3
77.1,20,isocontour,11.283791670955125,33947.04,71.44,8.3,-19.2,0.982,0.3,-0.6,0.7,17.1,7.4,1.118,4,3,0,0,3
77.1,21,isocontour,11.283791670955125,33073.7,69.6,-7.7,-17.4,1.092,1.1,-0.3,1.1,17.1,7.4,1.118,4,2,0,0,2
77.1,22,isocontour,11.283791670955125,36019.88,75.8,-20.0,-6.3,0.981,-2.5,2.2,3.3,17.1,7.4,1.118,4,3,0,0,3
77.1,23,isocontour,11.283791670955125,37022.04,77.91,-19.2,7.9,0.99,-0.3,-2.6,2.6,17.1,7.4,1.118,4,3,0,0,3
77.1,24,isocontour,11.283791670955125,34292.95,72.17,0.0,-20.7,0.991,0.8,-0.5,0.9,17.1,7.4,1.118,4,3,0,0,3
77.1,25,isocontour,11.283791670955125,33446.67,70.38,-13.9,14.0,1.05,-0.7,0.0,0.7,17.1,7.4,1.118,4,3,0,0,3
77.1,Target,,,,,0.0,0.0,4.023,0.0,0.0,,,,,,,,,
77.2,1,isocontour,11.283791670955125,32268.23,67.9,19.9,6.6,0.977,1.9,0.2,1.9,17.1,7.4,1.118,4,5,0,0,5
77.2,2,isocontour,11.283791670955125,30509.59,64.2,7.9,19.1,0.995,0.9,-0.6,1.1,17.1,7.4,1.118,4,3,0,0,3
77.2,3,isocontour,11.283791670955125,32312.43,68.0,14.6,14.6,0.996,-2.4,-0.7,2.5,17.1,7.4,1.118,4,5,0,0,5
77.2,4,isocontour,11.283791670955125,35955.48,75.66,18.5,6.1,1.065,0.2,-0.9,0.9,18.5,6.1,1.118,4,5,0,0,5
77.2,5,isocontour,11.283791670955125,33866.75,71.27,17.6,7.2,1.092,0.9,-0.5,1.0,17.1,7.4,1.118,4,5,0,0,5
77.2,6,isocontour,11.283791670955125,35602.3,74.92,18.1,-6.2,1.085,0.2,-3.5,3.5,17.1,7.4,1.118,4,4,0,0,4
77.2,7,isocontour,11.283791670955125,33849.6,71.23,-15.2,14.1,0.993,-1.5,-2.1,2.6,17.1,7.4,1.118,4,3,0,0,3
77.2,8,isocontour,11.283791670955125,35672.61,75.07,18.5,-5.6,1.073,1.1,-0.7,1.3,17.1,7.4,1.118,4,4,0,0,4
77.2,9,isocontour,11.283791670955125,33613.23,70.73,20.8,1.8,0.982,1.7,-2.1,2.7,17.1,7.4,1.118,4,6,0,0,6
77.2,10,isocontour,11.283791670955125,33476.31,70.45,15.1,-14.1,0.996,0.9,1.8,2.0,17.1,7.4,1.118,4,4,0,0,4
77.2,11,isocontour,11.283791670955125,34999.72,73.65,-18.6,-6.4,1.053,0.7,1.0,1.2,17.1,7.4,1.118,4,3,0,0,3
77.2,12,isocontour,11.283791670955125,33635.78,70.78,-15.5,-13.8,0.993,1.6,-1.0,1.9,17.1,7.4,1.118,4,3,0,0,3
77.2,13,isocontour,11.283791670955125,32080.93,67.51,20.8,-0.7,0.986,1.1,-0.3,1.1,17.1,7.4,1.118,4,6,0,0,6
77.2,14,isocontour,11.283791670955125,32952.25,69.34,8.4,-17.7,1.056,0.5,2.0,2.1,17.1,7.4,1.118,4,3,0,0,3
77.2,15,isocontour,11.283791670955125,31864.36,67.05,-0.5,20.8,0.985,-2.6,2.2,3.4,17.1,7.4,1.118,4,3,0,0,3
77.2,16,isocontour,11.283791670955125,46599.28,98.06,-24.6,22.0,0.509,-0.9,-0.4,1.0,-24.6,22.0,0.512,16,0,0,0,0
77.2,17,isocontour,11.283791670955125,31536.95,66.37,8.4,19.1,0.985,-1.7,1.2,2.1,17.1,7.4,1.118,4,3,0,0,3
77.2,18,isocontour,11.283791670955125,37453.67,78.82,-8.7,18.8,0.994,-2.0,-1.4,2.4,17.1,7.4,1.118,4,3,0,0,3
77.2,19,isocontour,11.283791670955125,33313.09,70.1,-20.7,0.6,0.994,0.5,0.8,0.9,17.1,7.4,1.118,4,3,0,0,3
77.2,20,isocontour,11.283791670955125,33934.96,71.41,8.5,-19.0,0.986,1.4,1.6,2.1,17.1,7.4,1.118,4,3,0,0,3
77.2,21,isocontour,11.283791670955125,33071.26,69.59,-7.6,-17.4,1.094,1.2,-0.3,1.2,17.1,7.4,1.118,4,2,0,0,2
77.2,22,isocontour,11.283791670955125,36014.68,75.79,-20.0,-6.4,0.978,0.2,-1.6,1.6,17.1,7.4,1.118,4,3,0,0,3
77.2,23,isocontour,11.283791670955125,37020.25,77.9,-19.2,7.9,0.992,0.5,1.0,1.1,17.1,7.4,1.118,4,3,0,0,3
77.2,24,isocontour,11.283791670955125,34282.18,72.14,-0.0,-20.9,0.983,-1.1,-1.7,2.0,17.1,7.4,1.118,4,3,0,0,3
77.2,25,isocontour,11.283791670955125,33424.69,70.34,-14.1,13.8,1.049,-1.8,-1.8,2.5,17.1,7.4,1.118,4,3,0,0,3
77.2,Target,,,,,0.0,0.0,4.023,0.0,0.0,,,,,,,,,
77.3,1,isocontour,11.283791670955125,32256.15,67.88,19.8,6.6,0.984,-2.0,0.5,2.1,17.1,7.4,1.118,4,5,0,0,5
77.3,2,isocontour,11.283791670955125,30405.08,63.98,7.6,19.2,0.995,-4.1,1.6,4.4,17.1,7.4,1.118,4,3,0,0,3
77.3,3,isocontour,11.283791670955125,32279.98,67.93,14.8,14.4,0.999,1.9,-2.2,2.9,17.1,7.4,1.118,4,5,0,0,5
77.3,4,isocontour,11.283791670955125,35942.17,75.64,18.4,6.2,1.071,-1.7,1.4,2.2,18.4,6.2,1.118,4,5,0,0,5
77.3,5,isocontour,11.283791670955125,33831.25,71.19,17.6,7.4,1.09,-0.9,2.9,3.0,17.1,7.4,1.118,4,5,0,0,5
77.3,6,isocontour,11.283791670955125,35601.24,74.92,18.0,-6.4,1.085,-0.6,-0.7,0.9,17.1,7.4,1.118,4,4,0,0,4
77.3,7,isocontour,11.283791670955125,33746.51,71.02,-15.5,14.2,0.973,-3.6,2.3,4.3,17.1,7.4,1.118,4,3,0,0,3
77.3,8,isocontour,11.283791670955125,35647.99,75.02,18.4,-5.8,1.076,-1.6,-2.2,2.7,17.1,7.4,1.118,4,4,0,0,4
77.3,9,isocontour,11.283791670955125,33595.72,70.7,20.8,1.6,0.985,-0.7,-2.3,2.4,17.1,7.4,1.118,4,6,0,0,6
77.3,10,isocontour,11.283791670955125,33440.81,70.37,15.3,-13.9,0.995,2.3,2.0,3.0,17.1,7.4,1.118,4,4,0,0,4
77.3,11,isocontour,11.283791670955125,34993.91,73.64,-18.5,-6.3,1.062,1.2,1.1,1.6,17.1,7.4,1.118,4,3,0,0,3
77.3,12,isocontour,11.283791670955125,33620.57,70.75,-15.3,-13.9,0.995,1.9,-1.3,2.3,17.1,7.4,1.118,4,3,0,0,3
77.3,13,isocontour,11.283791670955125,32075.82,67.5,20.8,-0.8,0.988,-0.7,-1.4,1.6,17.1,7.4,1.118,4,6,0,0,6
77.3,14,isocontour,11.283791670955125,32916.4,69.27,8.6,-17.6,1.058,2.7,1.3,3.0,17.1,7.4,1.118,4,3,0,0,3
77.3,15,isocontour,11.283791670955125,31839.74,67.0,-0.3,20.7,0.992,1.9,-1.8,2.6,17.1,7.4,1.118,4,3,0,0,3
77.3,16,isocontour,11.283791670955125,46598.18,98.06,-24.6,22.0,0.511,0.8,-0.4,0.9,-24.6,22.0,0.512,16,0,0,0,0
77.3,17,isocontour,11.283791670955125,31470.4,66.23,8.7,18.9,0.989,3.0,-2.2,3.7,17.1,7.4,1.118,4,3,0,0,3
77.3,18,isocontour,11.283791670955125,37323.64,78.54,-8.4,19.0,0.989,3.7,2.9,4.7,17.1,7.4,1.118,4,3,0,0,3
77.3,19,isocontour,11.283791670955125,33306.16,70.09,-20.8,0.5,0.989,-1.3,-1.2,1.8,17.1,7.4,1.118,4,3,0,0,3
77.3,20,isocontour,11.283791670955125,33904.13,71.35,8.7,-18.9,0.988,2.5,1.5,2.9,17.1,7.4,1.118,4,3,0,0,3
77.3,21,isocontour,11.283791670955125,33070.58,69.59,-7.6,-17.4,1.095,-0.6,0.5,0.8,17.1,7.4,1.118,4,2,0,0,2
77.3,22,isocontour,11.283791670955125,36000.81,75.76,-19.8,-6.3,0.988,1.8,1.3,2.2,17.1,7.4,1.118,4,3,0,0,3
77.3,23,isocontour,11.283791670955125,36957.35,77.77,-19.5,8.0,0.975,-3.6,0.6,3.6,17.1,7.4,1.118,4,3,0,0,3
77.3,24,isocontour,11.283791670955125,34260.45,72.1,0.2,-20.9,0.981,2.6,0.0,2.6,17.1,7.4,1.118,4,3,0,0,3
77.3,25,isocontour,11.283791670955125,33406.07,70.3,-13.9,13.9,1.053,2.2,1.1,2.5,17.1,7.4,1.118,4,3,0,0,3
77.3,Target,,,,,0.0,0.0,4.023,0.0,0.0,,,,,,,,,
77.4,1,isocontour,11.283791670955125,32234.42,67.83,19.7,6.8,0.986,-0.9,2.4,2.6,17.1,7.4,1.118,4,5,0,0,5
77.4,2,isocontour,11.283791670955125,30351.87,63.87,7.5,19.5,0.98,0.1,3.5,3.5,17.1,7.4,1.118,4,3,0,0,3
77.4,3,isocontour,11.283791670955125,32212.9,67.79,15.1,14.3,0.99,3.6,-1.0,3.7,17.1,7.4,1.118,4,5,0,0,5
77.4,4,isocontour,11.283791670955125,35940.37,75.63,18.3,6.3,1.071,-0.2,1.1,1.1,18.3,6.3,1.118,4,5,0,0,5
77.4,5,isocontour,11.283791670955125,33829.25,71.19,17.5,7.5,1.091,-0.7,0.9,1.1,17.1,7.4,1.118,4,5,0,0,5
77.4,6,isocontour,11.283791670955125,35599.29,74.91,18.1,-6.5,1.083,0.2,-1.1,1.1,17.1,7.4,1.118,4,4,0,0,4
77.4,7,isocontour,11.283791670955125,33724.02,70.97,-15.4,14.4,0.971,2.0,1.6,2.6,17.1,7.4,1.118,4,3,0,0,3
77.4,8,isocontour,11.283791670955125,35633.17,74.99,18.2,-5.9,1.083,-1.6,-1.6,2.3,17.1,7.4,1.118,4,4,0,0,4
77.4,9,isocontour,11.283791670955125,33572.45,70.65,20.7,1.3,0.991,-1.2,-2.4,2.7,17.1,7.4,1.118,4,6,0,0,6
77.4,10,isocontour,11.283791670955125,33429.73,70.35,15.4,-14.0,0.985,1.1,-1.7,2.0,17.1,7.4,1.118,4,4,0,0,4
77.4,11,isocontour,11.283791670955125,34966.74,73.58,-18.4,-6.5,1.064,1.1,-2.5,2.7,17.1,7.4,1.118,4,3,0,0,3
77.4,12,isocontour,11.283791670955125,33593.1,70.69,-15.2,-14.1,0.991,0.9,-2.6,2.8,17.1,7.4,1.118,4,3,0,0,3
77.4,13,isocontour,11.283791670955125,32051.74,67.45,20.6,-0.7,0.997,-1.8,2.0,2.7,17.1,7.4,1.118,4,6,0,0,6
77.4,14,isocontour,11.283791670955125,32914.24,69.26,8.8,-17.5,1.058,1.0,0.6,1.2,17.1,7.4,1.118,4,3,0,0,3
77.4,15,isocontour,11.283791670955125,31818.01,66.96,-0.5,20.7,0.992,-2.6,0.2,2.6,17.1,7.4,1.118,4,3,0,0,3
77.4,16,isocontour,11.283791670955125,46597.08,98.06,-24.6,22.1,0.51,-0.0,0.9,0.9,-24.6,22.1,0.512,16,0,0,0,0
77.4,17,isocontour,11.283791670955125,31445.5,66.17,8.9,18.8,0.989,2.5,-1.1,2.7,17.1,7.4,1.118,4,3,0,0,3
77.4,18,isocontour,11.283791670955125,37289.51,78.47,-8.2,19.2,0.982,1.9,2.4,3.1,17.1,7.4,1.118,4,3,0,0,3
77.4,19,isocontour,11.283791670955125,33305.68,70.09,-20.8,0.5,0.987,-0.2,0.7,0.7,17.1,7.4,1.118,4,3,0,0,3
77.4,20,isocontour,11.283791670955125,33871.68,71.28,8.9,-18.7,0.994,1.8,2.3,2.9,17.1,7.4,1.118,4,3,0,0,3
77.4,21,isocontour,11.283791670955125,33064.0,69.58,-7.7,-17.3,1.1,-0.9,1.5,1.7,17.1,7.4,1.118,4,2,0,0,2
77.4,22,isocontour,11.283791670955125,35982.42,75.72,-19.7,-6.4,0.991,1.1,-2.2,2.5,17.1,7.4,1.118,4,3,0,0,3
77.4,23,isocontour,11.283791670955125,36873.55,77.6,-19.7,7.7,0.969,-2.0,-3.5,4.0,17.1,7.4,1.118,4,3,0,0,3
77.4,24,isocontour,11.283791670955125,34258.19,72.09,0.3,-20.8,0.985,0.9,0.8,1.2,17.1,7.4,1.118,4,3,0,0,3
77.4,25,isocontour,11.283791670955125,33392.94,70.27,-13.8,14.1,1.05,0.8,2.0,2.2,17.1,7.4,1.118,4,3,0,0,3
77.4,Target,,,,,0.0,0.0,4.023,0.0,0.0,,,,,,,,,
77.5,1,isocontour,11.283791670955125,32206.66,67.77,19.6,6.7,0.993,-0.6,-2.7,2.8,17.1,7.4,1.118,4,5,0,0,5
77.5,2,isocontour,11.283791670955125,30351.3,63.87,7.5,19.6,0.976,-0.6,0.4,0.7,17.1,7.4,1.118,4,3,0,0,3
77.5,3,isocontour,11.283791670955125,32206.98,67.78,15.3,14.2,0.987,1.3,-1.0,1.6,17.1,7.4,1.118,4,5,0,0,5
77.5,4,isocontour,11.283791670955125,35914.35,75.58,18.4,6.1,1.071,0.9,-2.6,2.8,18.4,6.1,1.118,4,5,0,0,5
77.5,5,isocontour,11.283791670955125,33818.17,71.17,17.5,7.4,1.097,-0.3,-2.0,2.0,17.1,7.4,1.118,4,5,0,0,5
77.5,6,isocontour,11.283791670955125,35562.01,74.84,18.2,-6.2,1.081,1.2,2.8,3.0,17.1,7.4,1.118,4,4,0,0,4
77.5,7,isocontour,11.283791670955125,33691.9,70.9,-15.2,14.6,0.974,2.4,1.7,2.9,17.1,7.4,1.118,4,3,0,0,3
77.5,8,isocontour,11.283791670955125,35628.06,74.97,18.3,-5.9,1.079,1.2,1.0,1.6,17.1,7.4,1.118,4,4,0,0,4
77.5,9,isocontour,11.283791670955125,33535.53,70.57,20.7,1.6,0.992,-0.1,3.1,3.1,17.1,7.4,1.118,4,6,0,0,6
77.5,10,isocontour,11.283791670955125,33401.97,70.29,15.4,-14.3,0.976,-0.3,-2.8,2.8,17.1,7.4,1.118,4,4,0,0,4
77.5,11,isocontour,11.283791670955125,34942.66,73.53,-18.3,-6.7,1.06,0.1,-2.7,2.7,17.1,7.4,1.118,4,3,0,0,3
77.5,12,isocontour,11.283791670955125,33591.9,70.69,-15.2,-14.3,0.986,-0.2,-1.0,1.0,17.1,7.4,1.118,4,3,0,0,3
77.5,13,isocontour,11.283791670955125,32051.18,67.45,20.6,-0.7,1.0,-0.3,-0.7,0.8,17.1,7.4,1.118,4,6,0,0,6
77.5,14,isocontour,11.283791670955125,32896.96,69.23,8.6,-17.7,1.054,-1.6,-1.7,2.3,17.1,7.4,1.118,4,3,0,0,3
77.5,15,isocontour,11.283791670955125,31793.39,66.91,-0.8,20.8,0.988,-2.6,0.8,2.7,17.1,7.4,1.118,4,3,0,0,3
77.5,16,isocontour,11.283791670955125,46595.98,98.06,-24.6,22.1,0.508,-0.9,0.2,0.9,-24.6,22.1,0.512,16,0,0,0,0
77.5,17,isocontour,11.283791670955125,31441.7,66.17,8.9,18.7,0.995,-0.9,-1.1,1.4,17.1,7.4,1.118,4,3,0,0,3
77.5,18,isocontour,11.283791670955125,37287.57,78.47,-8.1,19.2,0.984,1.1,-0.3,1.1,17.1,7.4,1.118,4,3,0,0,3
77.5,19,isocontour,11.283791670955125,33303.89,70.08,-20.8,0.4,0.989,0.5,-1.0,1.1,17.1,7.4,1.118,4,3,0,0,3
77.5,20,isocontour,11.283791670955125,33869.3,71.27,8.9,-18.5,1.0,0.1,1.2,1.2,17.1,7.4,1.118,4,3,0,0,3
77.5,21,isocontour,11.283791670955125,33059.62,69.57,-7.8,-17.1,1.105,-0.8,1.2,1.4,17.1,7.4,1.118,4,2,0,0,2
77.5,22,isocontour,11.283791670955125,35959.93,75.67,-19.7,-6.3,0.994,-0.4,2.6,2.6,17.1,7.4,1.118,4,3,0,0,3
77.5,23,isocontour,11.283791670955125,36840.77,77.53,-19.5,7.5,0.981,2.1,-2.1,3.0,17.1,7.4,1.118,4,3,0,0,3
77.5,24,isocontour,11.283791670955125,34256.25,72.09,0.4,-20.8,0.989,0.9,0.7,1.1,17.1,7.4,1.118,4,3,0,0,3
77.5,25,isocontour,11.283791670955125,33374.33,70.23,-13.7,14.3,1.044,0.8,2.3,2.4,17.1,7.4,1.118,4,3,0,0,3
77.5,Target,,,,,0.0,0.0,4.023,0.0,0.0,,,,,,,,,
77.6,1,isocontour,11.283791670955125,32199.62,67.76,19.6,6.8,0.99,0.3,1.7,1.7,17.1,7.4,1.118,4,5,0,0,5
77.6,2,isocontour,11.283791670955125,30344.84,63.86,7.5,19.5,0.984,-0.0,-1.7,1.7,17.1,7.4,1.118,4,3,0,0,3
77.6,3,isocontour,11.283791670955125,32199.57,67.76,15.2,14.0,0.994,-0.7,-1.6,1.7,17.1,7.4,1.118,4,5,0,0,5
77.6,4,isocontour,11.283791670955125,35891.08,75.53,18.5,5.8,1.068,1.3,-2.3,2.6,18.5,5.8,1.118,4,5,0,0,5
77.6,5,isocontour,11.283791670955125,33817.51,71.16,17.5,7.3,1.098,0.2,-0.7,0.7,17.1,7.4,1.118,4,5,0,0,5
77.6,6,isocontour,11.283791670955125,35560.65,74.83,18.2,-6.1,1.08,0.5,0.9,1.0,17.1,7.4,1.118,4,4,0,0,4
77.6,7,isocontour,11.283791670955125,33687.25,70.89,-15.0,14.6,0.979,1.5,0.1,1.5,17.1,7.4,1.118,4,3,0,0,3
77.6,8,isocontour,11.283791670955125,35493.83,74.69,18.5,-5.5,1.075,2.0,4.3,4.7,17.1,7.4,1.118,4,4,0,0,4
77.6,9,isocontour,11.283791670955125,33486.76,70.47,20.9,1.4,0.981,2.5,-2.3,3.4,17.1,7.4,1.118,4,6,0,0,6
77.6,10,isocontour,11.283791670955125,33382.89,70.25,15.2,-14.5,0.975,-1.8,-1.6,2.4,17.1,7.4,1.118,4,4,0,0,4
77.6,11,isocontour,11.283791670955125,34934.62,73.52,-18.5,-6.7,1.052,-1.8,0.5,1.9,17.1,7.4,1.118,4,3,0,0,3
77.6,12,isocontour,11.283791670955125,33558.11,70.62,-15.4,-14.2,0.978,-2.9,0.6,3.0,17.1,7.4,1.118,4,3,0,0,3
77.6,13,isocontour,11.283791670955125,31954.37,67.24,20.7,-1.1,0.995,1.1,-4.1,4.2,17.1,7.4,1.118,4,6,0,0,6
77.6,14,isocontour,11.283791670955125,32880.73,69.19,8.6,-17.9,1.043,0.1,-2.3,2.3,17.1,7.4,1.118,4,3,0,0,3
77.6,15,isocontour,11.283791670955125,31790.11,66.9,-0.7,20.8,0.986,1.3,0.3,1.3,17.1,7.4,1.118,4,3,0,0,3
77.6,16,isocontour,11.283791670955125,46594.88,98.05,-24.7,22.1,0.506,-0.9,0.0,0.9,-24.7,22.1,0.512,16,0,0,0,0
77.6,17,isocontour,11.283791670955125,31441.22,66.16,8.8,18.7,0.997,-0.7,0.2,0.7,17.1,7.4,1.118,4,3,0,0,3
77.6,18,isocontour,11.283791670955125,37256.74,78.4,-7.8,19.2,0.991,2.9,-0.4,2.9,17.1,7.4,1.118,4,3,0,0,3
77.6,19,isocontour,11.283791670955125,33302.14,70.08,-20.7,0.4,0.992,0.5,-1.0,1.1,17.1,7.4,1.118,4,3,0,0,3
77.6,20,isocontour,11.283791670955125,33855.44,71.24,8.9,-18.7,0.995,-0.9,-2.0,2.2,17.1,7.4,1.118,4,3,0,0,3
77.6,21,isocontour,11.283791670955125,33058.45,69.57,-7.7,-17.2,1.105,0.8,-0.6,1.0,17.1,7.4,1.118,4,2,0,0,2
77.6,22,isocontour,11.283791670955125,35950.52,75.65,-19.9,-6.3,0.986,-1.4,-1.3,1.9,17.1,7.4,1.118,4,3,0,0,3
77.6,23,isocontour,11.283791670955125,36813.01,77.47,-19.5,7.2,0.99,0.5,-2.7,2.7,17.1,7.4,1.118,4,3,0,0,3
77.6,24,isocontour,11.283791670955125,34226.36,72.03,0.6,-20.7,0.993,2.8,0.7,2.9,17.1,7.4,1.118,4,3,0,0,3
77.6,25,isocontour,11.283791670955125,33362.25,70.21,-13.8,14.2,1.045,-1.1,-1.8,2.1,17.1,7.4,1.118,4,3,0,0,3
77.6,Target,,,,,0.0,0.0,4.023,0.0,0.0,,,,,,,,,
77.7,1,isocontour,11.283791670955125,32198.98,67.76,19.6,6.8,0.993,-0.7,-0.3,0.8,17.1,7.4,1.118,4,5,0,0,5
77.7,2,isocontour,11.283791670955125,30340.46,63.85,7.5,19.4,0.99,0.6,-1.4,1.5,17.1,7.4,1.118,4,3,0,0,3
77.7,3,isocontour,11.283791670955125,32186.62,67.73,15.3,13.8,0.999,0.9,-2.0,2.2,17.1,7.4,1.118,4,5,0,0,5
77.7,4,isocontour,11.283791670955125,35868.32,75.48,18.6,5.6,1.066,1.0,-2.4,2.6,18.6,5.6,1.118,4,5,0,0,5
77.7,5,isocontour,11.283791670955125,33795.27,71.12,17.6,7.1,1.096,1.4,-2.2,2.6,17.1,7.4,1.118,4,5,0,0,5
77.7,6,isocontour,11.283791670955125,35531.99,74.77,18.3,-5.9,1.081,0.7,2.7,2.8,17.1,7.4,1.118,4,4,0,0,4
77.7,7,isocontour,11.283791670955125,33682.87,70.88,-14.9,14.6,0.986,1.5,-0.2,1.5,17.1,7.4,1.118,4,3,0,0,3
77.7,8,isocontour,11.283791670955125,35488.12,74.68,18.6,-5.3,1.07,1.3,1.0,1.6,17.1,7.4,1.118,4,4,0,0,4
77.7,9,isocontour,11.283791670955125,33484.5,70.46,20.9,1.5,0.98,-0.2,1.2,1.2,17.1,7.4,1.118,4,6,0,0,6
77.7,10,isocontour,11.283791670955125,33372.29,70.23,15.1,-14.6,0.975,-1.4,-1.5,2.1,17.1,7.4,1.118,4,4,0,0,4
77.7,11,isocontour,11.283791670955125,34906.86,73.46,-18.6,-6.5,1.053,-0.5,2.7,2.7,17.1,7.4,1.118,4,3,0,0,3
77.7,12,isocontour,11.283791670955125,33548.27,70.6,-15.6,-14.1,0.976,-1.4,1.4,2.0,17.1,7.4,1.118,4,3,0,0,3
77.7,13,isocontour,11.283791670955125,31952.84,67.24,20.8,-1.1,0.989,1.0,-0.3,1.0,17.1,7.4,1.118,4,6,0,0,6
77.7,14,isocontour,11.283791670955125,32879.16,69.19,8.6,-18.0,1.038,-0.6,-0.9,1.1,17.1,7.4,1.118,4,3,0,0,3
77.7,15,isocontour,11.283791670955125,31786.46,66.89,-0.6,20.7,0.991,1.1,-0.9,1.4,17.1,7.4,1.118,4,3,0,0,3
77.7,16,isocontour,11.283791670955125,46593.78,98.05,-24.8,22.0,0.506,-0.5,-0.8,0.9,-24.8,22.0,0.512,16,0,0,0,0
77.7,17,isocontour,11.283791670955125,31384.26,66.04,8.5,18.8,0.998,-3.3,1.4,3.6,17.1,7.4,1.118,4,3,0,0,3
77.7,18,isocontour,11.283791670955125,37255.3,78.4,-7.7,19.2,0.994,1.0,0.0,1.0,17.1,7.4,1.118,4,3,0,0,3
77.7,19,isocontour,11.283791670955125,33300.7,70.08,-20.7,0.3,0.994,0.2,-1.0,1.0,17.1,7.4,1.118,4,3,0,0,3
77.7,20,isocontour,11.283791670955125,33853.6,71.24,8.9,-18.8,0.989,0.9,-0.7,1.1,17.1,7.4,1.118,4,3,0,0,3
77.7,21,isocontour,11.283791670955125,33030.39,69.51,-7.5,-17.3,1.105,2.6,-1.1,2.8,17.1,7.4,1.118,4,2,0,0,2
77.7,22,isocontour,11.283791670955125,35941.4,75.63,-19.9,-6.2,0.983,-0.8,1.7,1.9,17.1,7.4,1.118,4,3,0,0,3
77.7,23,isocontour,11.283791670955125,36803.31,77.45,-19.3,7.3,0.995,1.4,1.4,2.0,17.1,7.4,1.118,4,3,0,0,3
77.7,24,isocontour,11.283791670955125,34225.39,72.02,0.6,-20.7,0.993,-0.9,-0.1,0.9,17.1,7.4,1.118,4,3,0,0,3
77.7,25,isocontour,11.283791670955125,33331.73,70.14,-13.7,13.9,1.06,1.3,-2.6,2.9,17.1,7.4,1.118,4,3,0,0,3
77.7,Target,,,,,0.0,0.0,4.023,0.0,0.0,,,,,,,,,
77.8,1,isocontour,11.283791670955125,32179.44,67.72,19.6,6.5,0.995,0.4,-2.4,2.4,17.1,7.4,1.118,4,5,0,0,5
77.8,2,isocontour,11.283791670955125,30336.73,63.84,7.6,19.2,0.995,0.8,-1.2,1.4,17.1,7.4,1.118,4,3,0,0,3
77.8,3,isocontour,11.283791670955125,32120.6,67.59,15.4,14.1,0.985,0.8,3.6,3.7,17.1,7.4,1.118,4,5,0,0,5
77.8,4,isocontour,11.283791670955125,35865.46,75.47,18.6,5.6,1.069,-0.9,0.9,1.3,18.6,5.6,1.118,4,6,0,0,6
77.8,5,isocontour,11.283791670955125,33758.71,71.04,17.5,7.3,1.095,-1.0,2.9,3.1,17.1,7.4,1.118,4,5,0,0,5
77.8,6,isocontour,11.283791670955125,35505.69,74.72,18.3,-5.6,1.083,0.5,2.7,2.7,17.1,7.4,1.118,4,4,0,0,4
77.8,7,isocontour,11.283791670955125,33680.72,70.88,-14.8,14.5,0.992,0.8,-0.9,1.2,17.1,7.4,1.118,4,3,0,0,3
77.8,8,isocontour,11.283791670955125,35459.76,74.62,18.7,-5.1,1.072,0.2,2.8,2.8,17.1,7.4,1.118,4,5,0,0,5
77.8,9,isocontour,11.283791670955125,33479.49,70.45,20.8,1.6,0.986,-1.3,0.8,1.5,17.1,7.4,1.118,4,6,0,0,6
77.8,10,isocontour,11.283791670955125,33352.98,70.19,14.9,-14.6,0.984,-2.5,0.3,2.5,17.1,7.4,1.118,4,4,0,0,4
77.8,11,isocontour,11.283791670955125,34890.01,73.42,-18.5,-6.3,1.059,0.4,2.3,2.3,17.1,7.4,1.118,4,3,0,0,3
77.8,12,isocontour,11.283791670955125,33524.46,70.55,-15.6,-13.8,0.984,-0.0,2.7,2.7,17.1,7.4,1.118,4,3,0,0,3
77.8,13,isocontour,11.283791670955125,31947.23,67.23,20.8,-1.0,0.986,0.5,1.5,1.6,17.1,7.4,1.118,4,6,0,0,6
77.8,14,isocontour,11.283791670955125,32878.55,69.19,8.5,-18.0,1.037,-0.7,-0.4,0.8,17.1,7.4,1.118,4,3,0,0,3
77.8,15,isocontour,11.283791670955125,31772.79,66.86,-0.7,20.9,0.984,-1.6,1.5,2.2,17.1,7.4,1.118,4,3,0,0,3
77.8,16,isocontour,11.283791670955125,46592.68,98.05,-24.8,21.9,0.507,-0.3,-0.9,0.9,-24.8,21.9,0.512,16,0,0,0,0
77.8,17,isocontour,11.283791670955125,31365.42,66.0,8.4,19.0,0.99,-1.0,2.2,2.4,17.1,7.4,1.118,4,3,0,0,3
77.8,18,isocontour,11.283791670955125,37243.05,78.37,-7.8,19.3,0.986,-1.7,1.3,2.1,17.1,7.4,1.118,4,3,0,0,3
77.8,19,isocontour,11.283791670955125,33293.89,70.06,-20.8,0.1,0.988,-1.2,-1.3,1.8,17.1,7.4,1.118,4,3,0,0,3
77.8,20,isocontour,11.283791670955125,33815.59,71.16,8.7,-18.9,0.987,-2.7,-1.5,3.1,17.1,7.4,1.118,4,3,0,0,3
77.8,21,isocontour,11.283791670955125,33026.67,69.5,-7.3,-17.2,1.109,1.4,0.3,1.4,17.1,7.4,1.118,4,2,0,0,2
77.8,22,isocontour,11.283791670955125,35940.08,75.63,-19.9,-6.1,0.985,0.2,1.0,1.0,17.1,7.4,1.118,4,3,0,0,3
77.8,23,isocontour,11.283791670955125,36769.19,77.38,-19.2,7.6,0.995,1.0,2.8,3.0,17.1,7.4,1.118,4,3,0,0,3
77.8,24,isocontour,11.283791670955125,34224.26,72.02,0.5,-20.7,0.994,-0.9,0.2,0.9,17.1,7.4,1.118,4,3,0,0,3
77.8,25,isocontour,11.283791670955125,33310.0,70.1,-13.8,13.7,1.065,-1.4,-2.2,2.6,17.1,7.4,1.118,4,3,0,0,3
77.8,Target,,,,,0.0,0.0,4.023,0.0,0.0,,,,,,,,,
77.9,1,isocontour,11.283791670955125,32151.98,67.66,19.7,6.7,0.988,0.7,2.7,2.8,17.1,7.4,1.118,4,5,0,0,5
77.9,2,isocontour,11.283791670955125,30336.0,63.84,7.5,19.3,0.995,-0.7,0.4,0.8,17.1,7.4,1.118,4,3,0,0,3
77.9,3,isocontour,11.283791670955125,32060.72,67.47,15.1,14.3,0.988,-3.2,1.7,3.6,17.1,7.4,1.118,4,5,0,0,5
77.9,4,isocontour,11.283791670955125,35863.75,75.47,18.6,5.6,1.066,1.0,-0.5,1.1,18.6,5.6,1.118,4,7,0,0,7
77.9,5,isocontour,11.283791670955125,33745.03,71.01,17.6,7.2,1.095,0.8,-2.1,2.2,17.1,7.4,1.118,4,5,0,0,5
77.9,6,isocontour,11.283791670955125,35504.17,74.71,18.4,-5.5,1.084,0.1,1.0,1.0,17.1,7.4,1.118,4,5,0,0,5
77.9,7,isocontour,11.283791670955125,33679.1,70.87,-14.7,14.6,0.992,0.5,0.9,1.0,17.1,7.4,1.118,4,3,0,0,3
77.9,8,isocontour,11.283791670955125,35428.29,74.55,18.7,-4.8,1.073,0.6,2.8,2.9,17.1,7.4,1.118,4,5,0,0,5
77.9,9,isocontour,11.283791670955125,33443.28,70.38,20.7,1.8,0.99,-0.8,2.9,3.0,17.1,7.4,1.118,4,6,0,0,6
77.9,10,isocontour,11.283791670955125,33327.53,70.13,14.6,-14.7,0.994,-2.7,-0.4,2.7,17.1,7.4,1.118,4,4,0,0,4
77.9,11,isocontour,11.283791670955125,34888.48,73.42,-18.6,-6.2,1.056,-1.0,0.4,1.1,17.1,7.4,1.118,4,3,0,0,3
77.9,12,isocontour,11.283791670955125,33497.58,70.49,-15.7,-13.6,0.989,-1.1,2.5,2.7,17.1,7.4,1.118,4,3,0,0,3
77.9,13,isocontour,11.283791670955125,31944.56,67.22,20.8,-0.9,0.988,-0.5,1.2,1.3,17.1,7.4,1.118,4,6,0,0,6
77.9,14,isocontour,11.283791670955125,32877.92,69.19,8.4,-18.1,1.037,-0.7,-0.3,0.8,17.1,7.4,1.118,4,3,0,0,3
77.9,15,isocontour,11.283791670955125,31737.63,66.79,-0.5,20.8,0.986,3.0,-0.5,3.0,17.1,7.4,1.118,4,3,0,0,3
77.9,16,isocontour,11.283791670955125,46591.58,98.05,-24.8,22.0,0.508,0.8,0.6,1.0,-24.8,22.0,0.512,16,0,0,0,0
77.9,17,isocontour,11.283791670955125,31333.95,65.94,8.6,19.0,0.986,2.8,-0.6,2.9,17.1,7.4,1.118,4,3,0,0,3
77.9,18,isocontour,11.283791670955125,37239.0,78.36,-8.0,19.3,0.982,-1.5,0.0,1.5,17.1,7.4,1.118,4,3,0,0,3
77.9,19,isocontour,11.283791670955125,33195.02,69.85,-20.8,0.5,0.985,-0.4,4.2,4.2,17.1,7.4,1.118,4,3,0,0,3
77.9,20,isocontour,11.283791670955125,33793.61,71.11,8.4,-19.0,0.988,-2.5,-0.8,2.6,17.1,7.4,1.118,4,3,0,0,3
77.9,21,isocontour,11.283791670955125,33021.16,69.49,-7.2,-17.3,1.107,1.1,-1.1,1.6,17.1,7.4,1.118,4,2,0,0,2
77.9,22,isocontour,11.283791670955125,35909.88,75.57,-19.9,-5.8,0.99,0.1,2.9,2.9,17.1,7.4,1.118,4,3,0,0,3
77.9,23,isocontour,11.283791670955125,36729.32,77.29,-19.5,7.5,0.986,-2.7,-1.6,3.1,17.1,7.4,1.118,4,3,0,0,3
77.9,24,isocontour,11.283791670955125,34196.5,71.96,0.2,-20.7,0.993,-2.8,-0.2,2.8,17.1,7.4,1.118,4,3,0,0,3
77.9,25,isocontour,11.283791670955125,33309.13,70.09,-13.9,13.6,1.067,-0.4,-0.8,0.9,17.1,7.4,1.118,4,3,0,0,3
77.9,Target,,,,,0.0,0.0,4.023,0.0,0.0,,,,,,,,,
78.0,1,isocontour,11.283791670955125,32151.96,67.66,19.7,6.8,0.987,-0.0,0.2,0.2,19.7,6.8,0.988,1,5,0,0,5
78.0,2,isocontour,11.283791670955125,30327.96,63.82,7.6,19.4,0.987,1.3,1.3,1.8,7.6,19.4,0.995,2,3,0,0,3
78.0,3,isocontour,11.283791670955125,32039.49,67.42,14.9,14.4,0.992,-2.1,1.4,2.5,14.9,14.4,0.988,3,5,0,0,5
78.0,4,isocontour,11.283791670955125,35858.64,75.46,18.8,5.6,1.057,1.6,0.1,1.6,18.8,5.6,1.066,4,7,0,0,7
78.0,5,isocontour,11.283791670955125,33740.65,71.0,17.7,7.1,1.089,1.4,-0.5,1.5,17.7,7.1,1.095,5,5,0,0,5
78.0,6,isocontour,11.283791670955125,35480.63,74.66,18.2,-5.6,1.092,-2.0,-1.7,2.6,18.2,-5.6,1.084,6,5,0,0,5
78.0,7,isocontour,11.283791670955125,33659.33,70.83,-14.9,14.5,0.988,-2.2,-1.2,2.5,-14.9,14.5,0.992,7,3,0,0,3
78.0,8,isocontour,11.283791670955125,35402.27,74.5,18.6,-5.0,1.076,-1.3,-2.4,2.7,18.6,-5.0,1.073,8,5,0,0,5
78.0,9,isocontour,11.283791670955125,33434.01,70.36,20.5,1.9,0.999,-1.9,0.3,1.9,20.5,1.9,0.99,9,6,0,0,6
78.0,10,isocontour,11.283791670955125,33326.28,70.13,14.6,-14.7,0.992,1.0,0.1,1.0,14.6,-14.7,0.994,10,4,0,0,4
78.0,11,isocontour,11.283791670955125,34883.56,73.41,-18.7,-6.3,1.05,-0.7,-1.4,1.6,-18.7,-6.3,1.056,11,3,0,0,3
78.0,12,isocontour,11.283791670955125,33496.3,70.49,-15.8,-13.5,0.991,-0.5,0.8,0.9,-15.8,-13.5,0.989,12,3,0,0,3
78.0,13,isocontour,11.283791670955125,31906.55,67.14,20.7,-0.6,0.992,-0.6,3.0,3.1,20.7,-0.6,0.988,13,6,0,0,6
78.0,14,isocontour,11.283791670955125,32876.17,69.18,8.4,-18.0,1.043,-0.5,1.0,1.1,8.4,-18.0,1.037,14,3,0,0,3
78.0,15,isocontour,11.283791670955125,31735.08,66.78,-0.4,20.8,0.989,1.2,-0.5,1.3,-0.4,20.8,0.986,15,3,0,0,3
78.0,16,isocontour,11.283791670955125,46590.48,98.04,-24.7,21.9,0.51,0.4,-0.9,1.0,-24.7,21.9,0.508,16,0,0,0,0
78.0,17,isocontour,11.283791670955125,31333.31,65.94,8.6,19.0,0.985,-0.7,0.4,0.8,8.6,19.0,0.986,17,3,0,0,3
78.0,18,isocontour,11.283791670955125,37207.85,78.3,-8.1,19.1,0.99,-1.4,-2.6,3.0,-8.1,19.1,0.982,18,3,0,0,3
78.0,19,isocontour,11.283791670955125,33189.51,69.84,-20.7,0.5,0.992,1.5,-0.5,1.6,-20.7,0.5,0.985,19,3,0,0,3
78.0,20,isocontour,11.283791670955125,33771.37,71.07,8.3,-18.8,1.0,-1.4,2.2,2.6,8.3,-18.8,0.988,20,3,0,0,3
78.0,21,isocontour,11.283791670955125,33004.52,69.45,-7.1,-17.5,1.102,1.7,-1.6,2.3,-7.1,-17.5,1.107,21,2,0,0,2
78.0,22,isocontour,11.283791670955125,35888.65,75.52,-19.7,-5.8,1.002,2.5,0.4,2.5,-19.7,-5.8,0.99,22,3,0,0,3
78.0,23,isocontour,11.283791670955125,36697.2,77.22,-19.6,7.7,0.975,-1.3,2.6,2.9,-19.6,7.7,0.986,23,3,0,0,3
78.0,24,isocontour,11.283791670955125,34188.72,71.95,0.2,-20.8,0.985,0.7,-1.7,1.8,0.2,-20.8,0.993,24,3,0,0,3
78.0,25,isocontour,11.283791670955125,33307.08,70.09,-13.9,13.5,1.066,-0.9,-0.7,1.1,-13.9,13.5,1.067,25,3,0,0,3
78.0,Target,,,,,0.0,0.0,4.023,0.0,0.0,,,,,,,,,
78.1,1,isocontour,11.283791670955125,32124.5,67.6,19.7,6.6,0.991,-0.1,-2.8,2.8,17.7,7.1,1.095,5,5,0,0,5
78.1,2,isocontour,11.283791670955125,30326.86,63.82,7.7,19.4,0.981,0.6,0.7,0.9,7.7,19.4,0.995,2,3,0,0,3
78.1,3,isocontour,11.283791670955125,32037.12,67.42,14.9,14.4,0.993,0.7,-1.0,1.2,17.7,7.1,1.095,5,5,0,0,5
78.1,4,isocontour,11.283791670955125,35857.54,75.46,18.8,5.5,1.057,0.1,-0.9,0.9,17.7,7.1,1.095,5,7,0,0,7
78.1,5,isocontour,11.283791670955125,33714.92,70.95,17.8,6.9,1.087,1.1,-2.5,2.7,17.8,6.9,1.095,5,5,0,0,5
78.1,6,isocontour,11.283791670955125,35457.09,74.62,18.2,-5.4,1.096,0.3,2.6,2.6,18.2,-5.4,1.092,6,5,0,0,5
78.1,7,isocontour,11.283791670955125,33625.54,70.76,-15.0,14.7,0.977,0.0,3.0,3.0,-13.9,13.5,1.067,25,3,0,0,3
78.1,8,isocontour,11.283791670955125,35381.78,74.46,18.7,-4.8,1.076,0.8,2.4,2.5,18.2,-5.6,1.092,6,5,0,0,5
78.1,9,isocontour,11.283791670955125,33432.45,70.35,20.5,2.0,1.002,-0.3,1.0,1.0,17.7,7.1,1.095,5,6,0,0,6
78.1,10,isocontour,11.283791670955125,33228.1,69.92,14.9,-14.4,0.992,2.9,3.1,4.2,18.2,-5.6,1.092,6,4,0,0,4
78.1,11,isocontour,11.283791670955125,34874.3,73.39,-18.9,-6.3,1.04,-1.9,0.2,1.9,-18.9,-6.3,1.056,11,3,0,0,3
78.1,12,isocontour,11.283791670955125,33459.74,70.41,-15.6,-13.7,0.989,1.7,-2.6,3.1,-7.1,-17.5,1.107,21,3,0,0,3
78.1,13,isocontour,11.283791670955125,31905.71,67.14,20.7,-0.7,0.992,-0.1,-0.9,0.9,17.7,7.1,1.095,5,6,0,0,6
78.1,14,isocontour,11.283791670955125,32872.67,69.18,8.4,-18.1,1.037,0.6,-1.2,1.3,8.4,-18.1,1.043,14,3,0,0,3
78.1,15,isocontour,11.283791670955125,31709.06,66.73,-0.6,20.7,0.991,-2.7,-0.5,2.7,7.6,19.4,0.995,2,3,0,0,3
78.1,16,isocontour,11.283791670955125,46589.38,98.04,-24.7,21.8,0.512,0.1,-0.9,0.9,-24.7,21.8,0.51,16,0,0,0,0
78.1,17,isocontour,11.283791670955125,31310.82,65.89,8.6,18.8,0.996,-0.1,-2.6,2.6,7.6,19.4,0.995,2,3,0,0,3
78.1,18,isocontour,11.283791670955125,37183.23,78.25,-8.3,19.0,0.992,-2.4,-1.1,2.6,-13.9,13.5,1.067,25,3,0,0,3
78.1,19,isocontour,11.283791670955125,33189.07,69.84,-20.7,0.5,0.992,-0.2,0.6,0.6,-18.7,-6.3,1.056,11,3,0,0,3
78.1,20,isocontour,11.283791670955125,33752.29,71.03,8.1,-18.8,1.005,-2.4,-0.4,2.4,8.4,-18.0,1.043,14,3,0,0,3
78.1,21,isocontour,11.283791670955125,33002.47,69.45,-7.1,-17.4,1.104,-0.7,0.9,1.1,-7.1,-17.4,1.107,21,2,0,0,2
78.1,22,isocontour,11.283791670955125,35886.16,75.52,-19.8,-5.8,0.998,-1.2,-0.2,1.2,-18.7,-6.3,1.056,11,3,0,0,3
78.1,23,isocontour,11.283791670955125,36675.97,77.18,-19.5,7.5,0.984,1.8,-1.8,2.5,-13.9,13.5,1.067,25,3,0,0,3
78.1,24,isocontour,11.283791670955125,34163.82,71.89,0.5,-21.0,0.978,2.3,-1.3,2.6,-7.1,-17.5,1.107,21,3,0,0,3
78.1,25,isocontour,11.283791670955125,33284.07,70.04,-13.8,13.7,1.068,2.1,1.6,2.6,-13.8,13.7,1.067,25,3,0,0,3
78.1,Target,,,,,0.0,0.0,4.023,0.0,0.0,,,,,,,,,
78.2,1,isocontour,11.283791670955125,32101.23,67.55,19.7,6.7,0.985,0.7,2.5,2.6,17.7,7.1,1.095,5,5,0,0,5
78.2,2,isocontour,11.283791670955125,30323.21,63.81,7.7,19.3,0.986,0.2,-1.4,1.4,17.7,7.1,1.095,5,3,0,0,3
78.2,3,isocontour,11.283791670955125,31936.86,67.21,15.2,14.6,0.974,3.3,2.7,4.3,17.7,7.1,1.095,5,5,0,0,5
78.2,4,isocontour,11.283791670955125,35828.58,75.4,18.8,5.3,1.059,0.5,-2.8,2.8,18.2,-5.4,1.096,6,7,0,0,7
78.2,5,isocontour,11.283791670955125,33700.49,70.92,17.9,6.7,1.089,0.4,-2.2,2.2,17.7,7.1,1.095,5,5,0,0,5
78.2,6,isocontour,11.283791670955125,35454.65,74.61,18.2,-5.3,1.099,-0.2,1.2,1.2,18.2,-5.3,1.096,6,5,0,0,5
78.2,7,isocontour,11.283791670955125,33623.55,70.76,-14.9,14.8,0.98,1.1,-0.1,1.1,-13.8,13.7,1.068,25,3,0,0,3
78.2,8,isocontour,11.283791670955125,35380.46,74.45,18.8,-4.7,1.073,0.7,0.8,1.1,18.2,-5.4,1.096,6,5,0,0,5
78.2,9,isocontour,11.283791670955125,33361.55,70.21,20.7,1.8,0.988,3.2,-2.1,3.8,18.2,-5.4,1.096,6,6,0,0,6
78.2,10,isocontour,11.283791670955125,33076.18,69.6,15.3,-14.1,0.988,4.0,2.9,4.9,18.2,-5.4,1.096,6,4,0,0,4
78.2,11,isocontour,11.283791670955125,34853.07,73.34,-19.0,-6.1,1.036,-1.3,2.2,2.6,-7.1,-17.5,1.107,21,3,0,0,3
78.2,12,isocontour,11.283791670955125,33459.03,70.41,-15.6,-13.6,0.992,0.2,0.8,0.8,-7.1,-17.5,1.107,21,3,0,0,3
78.2,13,isocontour,11.283791670955125,31868.06,67.06,20.8,-0.9,0.984,1.6,-2.7,3.1,18.2,-5.4,1.096,6,6,0,0,6
78.2,14,isocontour,11.283791670955125,32846.37,69.12,8.6,-18.0,1.035,2.5,1.1,2.7,-7.1,-17.5,1.107,21,3,0,0,3
78.2,15,isocontour,11.283791670955125,31703.25,66.72,-0.6,20.9,0.984,0.2,1.6,1.6,-13.9,13.5,1.067,25,3,0,0,3
78.2,16,isocontour,11.283791670955125,46588.28,98.04,-24.7,21.9,0.511,0.1,0.9,0.9,-24.7,21.9,0.512,16,0,0,0,0
78.2,17,isocontour,11.283791670955125,31283.94,65.83,8.8,18.8,0.989,2.6,1.0,2.8,17.7,7.1,1.095,5,3,0,0,3
78.2,18,isocontour,11.283791670955125,37181.02,78.24,-8.5,18.9,0.991,-1.2,-0.3,1.2,-13.8,13.7,1.068,25,3,0,0,3
78.2,19,isocontour,11.283791670955125,33063.14,69.58,-20.8,0.9,0.986,-1.1,4.5,4.6,-13.9,13.5,1.067,25,3,0,0,3
78.2,20,isocontour,11.283791670955125,33693.4,70.9,7.9,-19.1,0.994,-1.4,-3.3,3.6,-7.1,-17.5,1.107,21,3,0,0,3
78.2,21,isocontour,11.283791670955125,32980.99,69.4,-7.3,-17.3,1.107,-2.2,1.3,2.6,-7.1,-17.5,1.107,21,2,0,0,2
78.2,22,isocontour,11.283791670955125,35839.1,75.42,-19.9,-6.0,0.986,-1.6,-2.9,3.3,-7.1,-17.5,1.107,21,3,0,0,3
78.2,23,isocontour,11.283791670955125,36673.82,77.18,-19.5,7.4,0.985,-0.6,-1.0,1.2,-13.8,13.7,1.068,25,3,0,0,3
78.2,24,isocontour,11.283791670955125,34141.84,71.85,0.7,-20.9,0.979,2.5,0.7,2.6,-7.1,-17.5,1.107,21,3,0,0,3
78.2,25,isocontour,11.283791670955125,33273.77,70.02,-13.6,13.8,1.073,1.9,0.7,2.0,-13.6,13.8,1.068,25,3,0,0,3
78.2,Target,,,,,0.0,0.0,4.023,0.0,0.0,,,,,,,,,
78.3,1,isocontour,11.283791670955125,32095.51,67.54,19.8,6.7,0.981,1.1,-1.2,1.6,18.2,-5.4,1.096,6,5,0,0,5
78.3,2,isocontour,11.283791670955125,30298.04,63.76,8.0,19.3,0.985,2.7,-0.5,2.7,17.7,7.1,1.095,5,3,0,0,3
78.3,3,isocontour,11.283791670955125,31934.24,67.2,15.3,14.7,0.965,0.5,1.1,1.2,18.2,-5.4,1.096,6,5,0,0,5
78.3,4,isocontour,11.283791670955125,35825.65,75.39,18.9,5.2,1.055,1.0,-0.8,1.3,18.2,-5.3,1.099,6,7,0,0,7
78.3,5,isocontour,11.283791670955125,33669.97,70.85,18.0,6.4,1.084,1.8,-2.3,2.9,18.2,-5.4,1.096,6,5,0,0,5
78.3,6,isocontour,11.283791670955125,35453.68,74.61,18.2,-5.2,1.098,0.6,0.7,0.9,18.2,-5.2,1.099,6,5,0,0,5
78.3,7,isocontour,11.283791670955125,33589.77,70.69,-14.6,14.8,0.991,3.0,-0.0,3.0,-13.6,13.8,1.073,25,3,0,0,3
78.3,8,isocontour,11.283791670955125,35357.44,74.41,18.7,-4.5,1.078,-0.4,2.6,2.6,18.2,-5.3,1.099,6,5,0,0,5
78.3,9,isocontour,11.283791670955125,33361.55,70.21,20.8,1.8,0.985,-0.1,0.1,0.1,18.2,-5.3,1.099,6,6,0,0,6
78.3,10,isocontour,11.283791670955125,33074.82,69.6,15.4,-14.0,0.99,0.1,1.0,1.0,-7.1,-17.5,1.107,21,4,0,0,4
78.3,11,isocontour,11.283791670955125,34851.32,73.34,-19.0,-6.2,1.037,0.7,-0.8,1.1,-7.1,-17.5,1.107,21,3,0,0,3
78.3,12,isocontour,11.283791670955125,33456.87,70.41,-15.5,-13.6,0.997,1.2,0.1,1.2,-7.1,-17.5,1.107,21,3,0,0,3
78.3,13,isocontour,11.283791670955125,31865.45,67.06,20.9,-0.8,0.981,0.6,1.1,1.3,18.2,-5.3,1.099,6,6,0,0,6
78.3,14,isocontour,11.283791670955125,32820.35,69.07,8.9,-18.0,1.029,2.7,0.1,2.7,-7.1,-17.5,1.107,21,3,0,0,3
78.3,15,isocontour,11.283791670955125,31702.31,66.71,-0.5,20.9,0.984,0.8,-0.4,0.9,17.7,7.1,1.095,5,3,0,0,3
78.3,16,isocontour,11.283791670955125,46587.18,98.04,-24.6,21.8,0.513,0.8,-0.4,0.9,-24.6,21.8,0.512,16,0,0,0,0
78.3,17,isocontour,11.283791670955125,31262.21,65.79,8.7,19.0,0.984,-2.0,1.6,2.6,17.7,7.1,1.095,5,3,0,0,3
78.3,18,isocontour,11.283791670955125,37161.48,78.2,-8.4,19.1,0.985,1.5,2.0,2.5,-13.6,13.8,1.073,25,3,0,0,3
78.3,19,isocontour,11.283791670955125,33062.81,69.58,-20.9,1.0,0.983,-0.4,0.5,0.6,-7.1,-17.5,1.107,21,3,0,0,3
78.3,20,isocontour,11.283791670955125,33688.09,70.89,7.9,-19.3,0.985,0.0,-1.6,1.6,-7.1,-17.5,1.107,21,3,0,0,3
78.3,21,isocontour,11.283791670955125,32980.57,69.4,-7.4,-17.3,1.107,-0.6,0.3,0.7,-7.1,-17.5,1.107,21,2,0,0,2
78.3,22,isocontour,11.283791670955125,35814.75,75.37,-19.9,-6.3,0.983,0.4,-2.6,2.6,-7.1,-17.5,1.107,21,3,0,0,3
78.3,23,isocontour,11.283791670955125,36664.84,77.16,-19.6,7.3,0.984,-0.8,-1.7,1.9,-13.6,13.8,1.073,25,3,0,0,3
78.3,24,isocontour,11.283791670955125,34140.77,71.85,0.8,-20.9,0.983,0.6,0.7,0.9,-7.1,-17.5,1.107,21,3,0,0,3
78.3,25,isocontour,11.283791670955125,33256.26,69.98,-13.5,14.0,1.066,0.3,2.4,2.4,-13.5,14.0,1.073,25,3,0,0,3
78.3,Target,,,,,0.0,0.0,4.023,0.0,0.0,,,,,,,,,
78.4,1,isocontour,11.283791670955125,32093.47,67.54,19.9,6.6,0.982,0.1,-1.2,1.2,18.2,-5.3,1.099,6,6,0,0,6
78.4,2,isocontour,11.283791670955125,30296.87,63.76,8.0,19.2,0.989,-0.5,-0.8,0.9,18.2,-5.4,1.096,6,3,0,0,3
78.4,3,isocontour,11.283791670955125,31912.76,67.16,15.1,14.6,0.975,-2.0,-1.6,2.6,18.2,-5.3,1.099,6,5,0,0,5
78.4,4,isocontour,11.283791670955125,35821.0,75.38,19.1,5.1,1.049,1.3,-0.7,1.5,18.2,-5.3,1.099,6,7,0,0,7
78.4,5,isocontour,11.283791670955125,33667.42,70.85,18.1,6.3,1.08,1.0,-0.8,1.3,18.2,-5.3,1.099,6,6,0,0,6
78.4,6,isocontour,11.283791670955125,35442.76,74.58,18.4,-5.2,1.087,2.0,-0.6,2.1,-7.1,-17.5,1.107,21,5,0,0,5
78.4,7,isocontour,11.283791670955125,33588.7,70.68,-14.6,14.7,0.993,-0.5,-0.8,0.9,-13.6,13.8,1.073,25,3,0,0,3
78.4,8,isocontour,11.283791670955125,35354.02,74.4,18.6,-4.3,1.085,-0.9,1.0,1.3,-7.1,-17.5,1.107,21,7,0,0,7
78.4,9,isocontour,11.283791670955125,33338.53,70.16,20.6,1.7,0.995,-1.9,-1.8,2.6,18.2,-5.3,1.099,6,6,0,0,6
78.4,10,isocontour,11.283791670955125,33061.69,69.57,15.2,-13.8,1.0,-1.4,1.7,2.2,-7.1,-17.5,1.107,21,4,0,0,4
78.4,11,isocontour,11.283791670955125,34837.27,73.31,-18.8,-6.3,1.044,1.7,-1.4,2.2,-7.1,-17.5,1.107,21,3,0,0,3
78.4,12,isocontour,11.283791670955125,33421.72,70.33,-15.4,-13.9,0.993,1.3,-2.7,3.0,-7.1,-17.5,1.107,21,3,0,0,3
78.4,13,isocontour,11.283791670955125,31864.35,67.05,20.9,-0.8,0.983,-0.7,0.6,0.9,18.2,-5.3,1.099,6,6,0,0,6
78.4,14,isocontour,11.283791670955125,32815.89,69.06,9.1,-17.9,1.028,1.4,0.6,1.5,-7.1,-17.5,1.107,21,3,0,0,3
78.4,15,isocontour,11.283791670955125,31690.57,66.69,-0.5,20.7,0.994,-0.3,-2.1,2.1,17.7,7.1,1.095,5,3,0,0,3
78.4,16,isocontour,11.283791670955125,46586.08,98.03,-24.5,21.8,0.515,0.6,-0.7,0.9,-24.5,21.8,0.513,16,0,0,0,0
78.4,17,isocontour,11.283791670955125,31235.33,65.73,8.4,19.1,0.983,-2.4,1.3,2.7,18.2,-5.4,1.096,6,3,0,0,3
78.4,18,isocontour,11.283791670955125,37156.47,78.19,-8.5,19.2,0.979,-1.5,0.5,1.6,17.7,7.1,1.095,5,3,0,0,3
78.4,19,isocontour,11.283791670955125,33060.5,69.57,-20.8,1.1,0.988,1.1,0.4,1.2,-7.1,-17.5,1.107,21,3,0,0,3
78.4,20,isocontour,11.283791670955125,33665.08,70.84,8.1,-19.4,0.974,2.3,-1.3,2.6,-7.1,-17.5,1.107,21,3,0,0,3
78.4,21,isocontour,11.283791670955125,32979.13,69.4,-7.5,-17.2,1.108,-0.8,0.6,1.0,-7.5,-17.2,1.107,21,2,0,0,2
78.4,22,isocontour,11.283791670955125,35808.83,75.36,-19.8,-6.4,0.988,1.5,-0.7,1.7,-7.1,-17.5,1.107,21,3,0,0,3
78.4,23,isocontour,11.283791670955125,36659.23,77.14,-19.5,7.3,0.989,1.5,0.6,1.6,-7.1,-17.5,1.107,21,3,0,0,3
78.4,24,isocontour,11.283791670955125,34137.97,71.84,0.9,-20.8,0.989,0.7,1.1,1.3,-7.1,-17.5,1.107,21,3,0,0,3
78.4,25,isocontour,11.283791670955125,33235.77,69.94,-13.7,13.9,1.059,-2.4,-0.7,2.5,-13.6,13.8,1.073,25,3,0,0,3
78.4,Target,,,,,0.0,0.0,4.023,0.0,0.0,,,,,,,,,
78.5,1,isocontour,11.283791670955125,32090.98,67.53,19.8,6.4,0.985,-0.3,-1.2,1.2,-7.1,-17.5,1.107,21,6,0,0,6
78.5,2,isocontour,11.283791670955125,30267.6,63.69,7.7,19.2,0.992,-2.8,0.6,2.9,18.2,-5.3,1.099,6,3,0,0,3
78.5,3,isocontour,11.283791670955125,31886.17,67.1,14.9,14.6,0.988,-2.7,-0.2,2.7,18.2,-5.3,1.099,6,5,0,0,5
78.5,4,isocontour,11.283791670955125,35792.64,75.32,19.1,4.9,1.049,0.4,-2.8,2.8,-7.1,-17.5,1.107,21,7,0,0,7
78.5,5,isocontour,11.283791670955125,33665.16,70.84,18.2,6.2,1.081,0.2,-1.2,1.2,-7.1,-17.5,1.107,21,6,0,0,6
78.5,6,isocontour,11.283791670955125,35406.2,74.51,18.3,-5.5,1.086,-1.1,-2.8,3.0,-7.1,-17.5,1.107,21,5,0,0,5
78.5,7,isocontour,11.283791670955125,33579.0,70.66,-14.7,14.6,0.994,-1.3,-1.5,2.0,-7.1,-17.5,1.107,21,3,0,0,3
78.5,8,isocontour,11.283791670955125,35317.46,74.32,18.5,-4.6,1.089,-1.3,-2.8,3.1,-7.1,-17.5,1.107,21,7,0,0,7
78.5,9,isocontour,11.283791670955125,33337.82,70.16,20.5,1.7,0.998,-0.4,0.7,0.8,-7.1,-17.5,1.107,21,6,0,0,6
78.5,10,isocontour,11.283791670955125,33060.62,69.57,15.2,-13.9,1.001,-0.3,-0.9,0.9,-7.1,-17.5,1.107,21,4,0,0,4
78.5,11,isocontour,11.283791670955125,34831.56,73.3,-18.7,-6.4,1.05,1.4,-0.9,1.7,-7.1,-17.5,1.107,21,3,0,0,3
78.5,12,isocontour,11.283791670955125,33390.57,70.27,-15.3,-14.1,0.987,0.9,-2.8,2.9,-7.5,-17.2,1.108,21,3,0,0,3
78.5,13,isocontour,11.283791670955125,31862.91,67.05,20.8,-0.7,0.988,-0.8,0.7,1.1,-7.1,-17.5,1.107,21,6,0,0,6
78.5,14,isocontour,11.283791670955125,32813.45,69.05,9.1,-17.8,1.032,0.5,1.1,1.2,-7.1,-17.5,1.107,21,3,0,0,3
78.5,15,isocontour,11.283791670955125,31689.33,66.69,-0.5,20.6,0.997,1.0,-0.1,1.0,18.2,-5.4,1.096,6,3,0,0,3
78.5,16,isocontour,11.283791670955125,46584.98,98.03,-24.6,21.7,0.516,-0.3,-0.9,0.9,-24.6,21.7,0.515,16,0,0,0,0
78.5,17,isocontour,11.283791670955125,31233.67,65.73,8.3,19.1,0.987,-0.9,-0.6,1.1,18.2,-5.3,1.099,6,3,0,0,3
78.5,18,isocontour,11.283791670955125,37124.67,78.12,-8.3,19.0,0.991,2.1,-2.0,2.9,17.7,7.1,1.095,5,3,0,0,3
78.5,19,isocontour,11.283791670955125,33037.74,69.52,-20.7,1.3,0.993,0.9,2.4,2.6,-7.1,-17.5,1.107,21,3,0,0,3
78.5,20,isocontour,11.283791670955125,33663.55,70.84,8.2,-19.4,0.975,0.5,0.9,1.0,-7.1,-17.5,1.107,21,3,0,0,3
78.5,21,isocontour,11.283791670955125,32947.33,69.33,-7.7,-17.1,1.108,-2.7,1.0,2.9,-7.7,-17.1,1.108,21,2,0,0,2
78.5,22,isocontour,11.283791670955125,35789.53,75.31,-19.7,-6.6,0.991,1.3,-2.1,2.5,-7.1,-17.5,1.107,21,3,0,0,3
78.5,23,isocontour,11.283791670955125,36653.62,77.13,-19.3,7.3,0.996,1.5,0.6,1.6,-7.1,-17.5,1.107,21,3,0,0,3
78.5,24,isocontour,11.283791670955125,34123.92,71.81,1.0,-20.7,0.992,2.1,0.6,2.2,-7.5,-17.2,1.108,21,3,0,0,3
78.5,25,isocontour,11.283791670955125,33225.16,69.92,-13.8,13.8,1.061,-0.8,-1.8,2.0,-7.1,-17.5,1.107,21,3,0,0,3
78.5,Target,,,,,0.0,0.0,4.023,0.0,0.0,,,,,,,,,
78.6,1,isocontour,11.283791670955125,32088.88,67.53,19.8,6.3,0.988,-0.1,-1.2,1.2,-7.1,-17.5,1.107,21,6,0,0,6
78.6,2,isocontour,11.283791670955125,30265.85,63.69,7.8,19.3,0.99,1.1,0.1,1.1,18.2,-5.3,1.099,6,3,0,0,3
78.6,3,isocontour,11.283791670955125,31877.61,67.08,14.7,14.5,0.997,-1.8,-0.5,1.9,-7.1,-17.5,1.107,21,5,0,0,5
78.6,4,isocontour,11.283791670955125,35759.53,75.25,19.2,4.6,1.047,1.1,-2.7,2.9,-7.1,-17.5,1.107,21,7,0,0,7
78.6,5,isocontour,11.283791670955125,33651.3,70.82,18.3,6.1,1.075,1.7,-1.5,2.3,-7.1,-17.5,1.107,21,6,0,0,6
78.6,6,isocontour,11.283791670955125,35376.62,74.45,18.2,-5.7,1.087,-1.0,-2.7,2.9,-7.1,-17.5,1.107,21,5,0,0,5
78.6,7,isocontour,11.283791670955125,33508.11,70.51,-15.0,14.7,0.977,-3.5,1.5,3.8,-7.1,-17.5,1.107,21,3,0,0,3
78.6,8,isocontour,11.283791670955125,35285.66,74.25,18.4,-4.8,1.09,-0.7,-2.8,2.9,-7.1,-17.5,1.107,21,7,0,0,7
78.6,9,isocontour,11.283791670955125,33329.12,70.14,20.7,1.8,0.99,1.7,0.9,1.9,-7.1,-17.5,1.107,21,6,0,0,6
78.6,10,isocontour,11.283791670955125,33059.78,69.57,15.3,-13.8,0.999,0.7,0.4,0.8,-7.1,-17.5,1.107,21,4,0,0,4
78.6,11,isocontour,11.283791670955125,34819.13,73.27,-18.8,-6.3,1.046,-1.4,1.6,2.1,-7.5,-17.2,1.108,21,3,0,0,3
78.6,12,isocontour,11.283791670955125,33361.61,70.21,-15.5,-14.1,0.978,-2.8,0.5,2.8,-7.5,-17.2,1.108,21,3,0,0,3
78.6,13,isocontour,11.283791670955125,31861.88,67.05,20.7,-0.6,0.991,-0.6,0.7,0.9,-7.1,-17.5,1.107,21,6,0,0,6
78.6,14,isocontour,11.283791670955125,32806.29,69.04,9.3,-17.8,1.029,1.8,0.2,1.8,-7.5,-17.2,1.108,21,3,0,0,3
78.6,15,isocontour,11.283791670955125,31616.76,66.53,-0.7,20.9,0.984,-2.8,2.7,3.9,18.2,-5.3,1.099,6,3,0,0,3
78.6,16,isocontour,11.283791670955125,46583.88,98.03,-24.6,21.8,0.515,-0.1,0.9,0.9,-24.6,21.8,0.516,16,0,0,0,0
78.6,17,isocontour,11.283791670955125,31232.32,65.72,8.2,19.1,0.989,-1.0,0.2,1.0,18.2,-5.3,1.099,6,3,0,0,3
78.6,18,isocontour,11.283791670955125,37102.18,78.08,-8.4,19.2,0.981,-1.7,2.0,2.6,-7.1,-17.5,1.107,21,3,0,0,3
78.6,19,isocontour,11.283791670955125,33021.72,69.49,-20.8,1.5,0.986,-1.4,1.9,2.4,-7.1,-17.5,1.107,21,3,0,0,3
78.6,20,isocontour,11.283791670955125,33635.5,70.78,8.3,-19.2,0.981,2.0,2.0,2.8,-7.5,-17.2,1.108,21,3,0,0,3
78.6,21,isocontour,11.283791670955125,32924.32,69.29,-7.5,-17.2,1.111,2.6,-0.5,2.6,-7.5,-17.2,1.108,21,2,0,0,2
78.6,22,isocontour,11.283791670955125,35784.79,75.3,-19.6,-6.7,0.994,1.0,-1.2,1.6,-7.5,-17.2,1.108,21,3,0,0,3
78.6,23,isocontour,11.283791670955125,36627.61,77.08,-19.5,7.3,0.988,-2.5,-1.0,2.7,-7.1,-17.5,1.107,21,3,0,0,3
78.6,24,isocontour,11.283791670955125,34121.55,71.8,1.0,-20.7,0.994,-1.2,0.2,1.2,-7.5,-17.2,1.108,21,3,0,0,3
78.6,25,isocontour,11.283791670955125,33196.2,69.86,-14.0,13.6,1.064,-1.6,-2.3,2.8,-7.1,-17.5,1.107,21,3,0,0,3
78.6,Target,,,,,0.0,0.0,4.023,0.0,0.0,,,,,,,,,
78.7,1,isocontour,11.283791670955125,32071.59,67.49,19.7,6.5,0.992,-1.4,1.9,2.4,-7.1,-17.5,1.107,21,6,0,0,6
78.7,2,isocontour,11.283791670955125,30264.19,63.69,7.9,19.2,0.991,0.8,-0.7,1.1,-7.1,-17.5,1.107,21,3,0,0,3
78.7,3,isocontour,11.283791670955125,31876.7,67.08,14.6,14.5,1.0,-0.8,0.3,0.9,-7.1,-17.5,1.107,21,5,0,0,5
78.7,4,isocontour,11.283791670955125,35758.6,75.25,19.2,4.6,1.049,-0.6,0.6,0.8,-7.1,-17.5,1.107,21,7,0,0,7
78.7,5,isocontour,11.283791670955125,33650.3,70.81,18.3,6.1,1.076,-0.7,0.6,0.9,-7.1,-17.5,1.107,21,6,0,0,6
78.7,6,isocontour,11.283791670955125,35346.42,74.38,18.1,-6.0,1.088,-1.1,-2.7,2.9,-7.1,-17.5,1.107,21,5,0,0,5
78.7,7,isocontour,11.283791670955125,33444.18,70.38,-15.2,14.4,0.98,-1.5,-3.4,3.7,-7.1,-17.5,1.107,21,3,0,0,3
78.7,8,isocontour,11.283791670955125,35281.54,74.25,18.3,-5.0,1.093,-1.1,-1.0,1.5,-7.1,-17.5,1.107,21,7,0,0,7
78.7,9,isocontour,11.283791670955125,33321.46,70.12,20.8,1.9,0.981,1.6,0.9,1.8,-7.1,-17.5,1.107,21,6,0,0,6
78.7,10,isocontour,11.283791670955125,33045.35,69.54,15.4,-13.7,1.001,1.1,2.0,2.3,-7.5,-17.2,1.108,21,4,0,0,4
78.7,11,isocontour,11.283791670955125,34797.9,73.23,-18.9,-6.1,1.042,-1.4,2.2,2.6,-7.5,-17.2,1.108,21,3,0,0,3
78.7,12,isocontour,11.283791670955125,33342.3,70.16,-15.6,-13.9,0.983,-0.2,2.5,2.5,-7.5,-17.2,1.111,21,3,0,0,3
78.7,13,isocontour,11.283791670955125,31861.19,67.05,20.7,-0.5,0.993,-0.2,0.8,0.8,-7.1,-17.5,1.107,21,6,0,0,6
78.7,14,isocontour,11.283791670955125,32801.55,69.03,9.4,-17.7,1.034,0.5,1.4,1.5,-7.5,-17.2,1.108,21,3,0,0,3
78.7,15,isocontour,11.283791670955125,31484.22,66.25,-0.3,20.9,0.983,4.7,-0.2,4.7,-7.1,-17.5,1.107,21,3,0,0,3
78.7,16,isocontour,11.283791670955125,46582.78,98.03,-24.5,21.7,0.517,0.7,-0.6,0.9,-24.5,21.7,0.516,16,0,0,0,0
78.7,17,isocontour,11.283791670955125,31090.3,65.43,8.6,18.9,0.993,4.1,-2.6,4.9,-7.1,-17.5,1.107,21,3,0,0,3
78.7,18,isocontour,11.283791670955125,37065.61,78.0,-8.3,19.4,0.974,2.1,2.2,3.0,-7.1,-17.5,1.107,21,3,0,0,3
78.7,19,isocontour,11.283791670955125,33019.57,69.49,-20.9,1.5,0.98,-1.2,-0.2,1.2,-7.5,-17.2,1.108,21,3,0,0,3
78.7,20,isocontour,11.283791670955125,33614.27,70.74,8.5,-19.0,0.989,1.1,2.3,2.5,-7.5,-17.2,1.108,21,3,0,0,3
78.7,21,isocontour,11.283791670955125,32923.25,69.28,-7.4,-17.2,1.113,0.9,-0.1,0.9,-7.4,-17.2,1.111,21,2,0,0,2
78.7,22,isocontour,11.283791670955125,35780.05,75.29,-19.7,-6.7,0.988,-1.5,0.0,1.5,-7.5,-17.2,1.108,21,3,0,0,3
78.7,23,isocontour,11.283791670955125,36624.61,77.07,-19.5,7.4,0.984,0.1,1.3,1.3,-7.1,-17.5,1.107,21,3,0,0,3
78.7,24,isocontour,11.283791670955125,34084.63,71.73,0.7,-20.7,0.993,-3.1,-0.3,3.1,-7.5,-17.2,1.111,21,3,0,0,3
78.7,25,isocontour,11.283791670955125,33179.13,69.82,-14.1,13.3,1.07,-0.8,-2.2,2.3,-7.1,-17.5,1.107,21,3,0,0,3
78.7,Target,,,,,0.0,0.0,4.023,0.0,0.0,,,,,,,,,
78.8,1,isocontour,11.283791670955125,32054.95,67.46,19.8,6.4,0.987,1.8,-1.6,2.4,-7.1,-17.5,1.107,21,5,0,0,5
78.8,2,isocontour,11.283791670955125,30239.3,63.63,7.7,19.3,0.991,-2.5,1.1,2.7,-7.1,-17.5,1.107,21,3,0,0,3
78.8,3,isocontour,11.283791670955125,31750.77,66.82,14.9,14.4,0.993,4.1,-2.1,4.6,-7.1,-17.5,1.107,21,5,0,0,5
78.8,4,isocontour,11.283791670955125,35752.46,75.24,19.1,4.7,1.056,-1.5,0.7,1.7,-7.1,-17.5,1.107,21,7,0,0,7
78.8,5,isocontour,11.283791670955125,33649.16,70.81,18.2,6.2,1.079,-0.8,0.6,1.0,-7.1,-17.5,1.107,21,6,0,0,6
78.8,6,isocontour,11.283791670955125,35344.9,74.38,18.1,-6.1,1.088,-0.2,-1.0,1.0,-7.5,-17.2,1.108,21,5,0,0,5
78.8,7,isocontour,11.283791670955125,33412.06,70.31,-15.4,14.1,0.984,-1.5,-2.5,2.9,-7.1,-17.5,1.107,21,3,0,0,3
78.8,8,isocontour,11.283791670955125,35278.86,74.24,18.3,-5.1,1.097,-0.8,-1.0,1.3,-7.5,-17.2,1.108,21,6,0,0,6
78.8,9,isocontour,11.283791670955125,33321.43,70.12,20.8,1.9,0.981,-0.2,0.1,0.2,-7.1,-17.5,1.107,21,6,0,0,6
78.8,10,isocontour,11.283791670955125,33040.52,69.53,15.4,-13.8,0.996,0.5,-1.5,1.6,-7.5,-17.2,1.108,21,4,0,0,4
78.8,11,isocontour,11.283791670955125,34796.2,73.22,-18.9,-6.1,1.043,0.5,-1.0,1.1,-7.5,-17.2,1.111,21,3,0,0,3
78.8,12,isocontour,11.283791670955125,33340.98,70.16,-15.6,-13.8,0.984,-0.7,0.7,1.0,-7.4,-17.2,1.113,21,3,0,0,3
78.8,13,isocontour,11.283791670955125,31733.63,66.78,20.8,-0.9,0.986,1.2,-4.5,4.7,-7.1,-17.5,1.107,21,6,0,0,6
78.8,14,isocontour,11.283791670955125,32775.82,68.97,9.5,-17.5,1.039,1.9,1.9,2.7,-7.5,-17.2,1.111,21,3,0,0,3
78.8,15,isocontour,11.283791670955125,31482.27,66.25,-0.2,20.8,0.986,1.0,-0.6,1.2,-7.1,-17.5,1.107,21,3,0,0,3
78.8,16,isocontour,11.283791670955125,46581.68,98.03,-24.6,21.8,0.515,-0.8,0.6,1.0,-24.6,21.8,0.517,16,0,0,0,0
78.8,17,isocontour,11.283791670955125,31081.6,65.41,8.5,19.0,0.988,-0.9,1.6,1.8,-7.1,-17.5,1.107,21,3,0,0,3
78.8,18,isocontour,11.283791670955125,37050.99,77.97,-8.1,19.2,0.983,1.2,-1.9,2.2,-7.1,-17.5,1.107,21,3,0,0,3
78.8,19,isocontour,11.283791670955125,32983.01,69.41,-20.8,1.3,0.984,1.0,-2.9,3.1,-7.5,-17.2,1.108,21,3,0,0,3
78.8,20,isocontour,11.283791670955125,33611.72,70.73,8.5,-18.8,0.995,0.4,1.2,1.3,-7.5,-17.2,1.111,21,3,0,0,3
78.8,21,isocontour,11.283791670955125,32894.6,69.22,-7.2,-17.3,1.113,2.6,-1.2,2.9,-7.2,-17.3,1.113,21,2,0,0,2
78.8,22,isocontour,11.283791670955125,35779.08,75.29,-19.7,-6.8,0.987,0.3,-0.8,0.9,-7.5,-17.2,1.111,21,3,0,0,3
78.8,23,isocontour,11.283791670955125,36618.47,77.06,-19.4,7.4,0.99,1.6,0.4,1.6,-7.5,-17.2,1.108,21,3,0,0,3
78.8,24,isocontour,11.283791670955125,34051.85,71.66,0.4,-20.7,0.994,-2.9,0.1,2.9,-7.4,-17.2,1.113,21,3,0,0,3
78.8,25,isocontour,11.283791670955125,33158.64,69.78,-14.2,13.1,1.072,-1.5,-2.0,2.5,-7.1,-17.5,1.107,21,3,0,0,3
78.8,Target,,,,,0.0,0.0,4.023,0.0,0.0,,,,,,,,,
78.9,1,isocontour,11.283791670955125,31964.15,67.26,19.8,6.7,0.981,-0.4,4.1,4.1,-7.1,-17.5,1.107,21,5,0,0,5
78.9,2,isocontour,11.283791670955125,30208.47,63.57,7.6,19.5,0.979,-0.2,2.9,2.9,-7.1,-17.5,1.107,21,3,0,0,3
78.9,3,isocontour,11.283791670955125,31632.02,66.57,15.3,14.1,0.986,3.9,-2.3,4.5,-7.1,-17.5,1.107,21,5,0,0,5
78.9,4,isocontour,11.283791670955125,35728.38,75.19,19.0,4.9,1.058,-0.9,2.5,2.7,-7.5,-17.2,1.108,21,7,0,0,7
78.9,5,isocontour,11.283791670955125,33627.18,70.76,18.2,6.4,1.075,0.0,2.6,2.6,-7.5,-17.2,1.108,21,6,0,0,6
78.9,6,isocontour,11.283791670955125,35318.88,74.32,18.0,-6.4,1.086,-0.5,-2.7,2.7,-7.5,-17.2,1.108,21,5,0,0,5
78.9,7,isocontour,11.283791670955125,33409.85,70.31,-15.4,14.0,0.987,-0.2,-1.2,1.2,-7.5,-17.2,1.108,21,3,0,0,3
78.9,8,isocontour,11.283791670955125,35276.37,74.23,18.2,-5.2,1.099,-0.7,-1.0,1.2,-7.5,-17.2,1.108,21,6,0,0,6
78.9,9,isocontour,11.283791670955125,33311.13,70.1,20.7,1.9,0.991,-2.0,-0.4,2.0,-7.5,-17.2,1.108,21,6,0,0,6
78.9,10,isocontour,11.283791670955125,33031.11,69.51,15.6,-13.8,0.988,1.9,0.2,1.9,-7.5,-17.2,1.111,21,4,0,0,4
78.9,11,isocontour,11.283791670955125,34767.24,73.16,-18.8,-6.4,1.041,0.5,-2.8,2.8,-7.4,-17.2,1.113,21,3,0,0,3
78.9,12,isocontour,11.283791670955125,33326.93,70.13,-15.8,-13.7,0.984,-1.5,1.7,2.3,-7.4,-17.2,1.113,21,3,0,0,3
78.9,13,isocontour,11.283791670955125,31732.63,66.78,20.9,-1.1,0.983,0.5,-0.8,0.9,-7.5,-17.2,1.108,21,6,0,0,6
78.9,14,isocontour,11.283791670955125,32773.97,68.97,9.5,-17.4,1.045,-0.9,0.7,1.1,-7.4,-17.2,1.113,21,3,0,0,3
78.9,15,isocontour,11.283791670955125,31450.48,66.18,0.1,20.8,0.989,2.9,-0.6,3.0,-7.1,-17.5,1.107,21,3,0,0,3
78.9,16,isocontour,11.283791670955125,46580.58,98.02,-24.6,21.8,0.512,-0.7,0.6,0.9,-24.6,21.8,0.517,16,0,0,0,0
78.9,17,isocontour,11.283791670955125,31079.22,65.4,8.6,19.0,0.983,1.2,0.3,1.2,-7.1,-17.5,1.107,21,3,0,0,3
78.9,18,isocontour,11.283791670955125,37040.69,77.95,-8.0,19.1,0.994,1.0,-1.7,2.0,-7.1,-17.5,1.107,21,3,0,0,3
78.9,19,isocontour,11.283791670955125,32975.96,69.39,-20.7,1.2,0.993,1.7,-0.3,1.7,-7.5,-17.2,1.111,21,3,0,0,3
78.9,20,isocontour,11.283791670955125,33592.87,70.69,8.6,-19.0,0.985,1.4,-2.0,2.4,-7.4,-17.2,1.113,21,3,0,0,3
78.9,21,isocontour,11.283791670955125,32886.69,69.21,-7.0,-17.4,1.107,1.0,-1.5,1.8,-7.4,-17.2,1.113,21,2,0,0,2
78.9,22,isocontour,11.283791670955125,35751.03,75.23,-19.5,-6.6,0.998,1.8,2.1,2.8,-7.4,-17.2,1.113,21,3,0,0,3
78.9,23,isocontour,11.283791670955125,36616.99,77.06,-19.4,7.3,0.994,0.1,-1.0,1.0,-7.5,-17.2,1.108,21,3,0,0,3
78.9,24,isocontour,11.283791670955125,33975.85,71.5,0.1,-20.9,0.984,-3.2,-2.2,3.9,-7.4,-17.2,1.113,21,3,0,0,3
78.9,25,isocontour,11.283791670955125,33152.39,69.77,-14.4,13.1,1.067,-1.6,-0.4,1.6,-7.5,-17.2,1.108,21,3,0,0,3
78.9,Target,,,,,0.0,0.0,4.023,0.0,0.0,,,,,,,,,
79.0,1,isocontour,11.283791670955125,31928.29,67.19,19.7,6.5,0.99,-1.2,-2.8,3.0,-7.5,-17.2,1.108,21,5,0,0,5
79.0,2,isocontour,11.283791670955125,30207.47,63.57,7.7,19.6,0.975,0.9,0.0,0.9,-7.1,-17.5,1.107,21,3,0,0,3
79.0,3,isocontour,11.283791670955125,31620.93,66.54,15.5,14.0,0.985,1.4,-1.5,2.1,-7.5,-17.2,1.108,21,5,0,0,5
79.0,4,isocontour,11.283791670955125,35715.07,75.16,19.0,5.1,1.051,1.1,1.9,2.2,-7.5,-17.2,1.108,21,6,0,0,6
79.0,5,isocontour,11.283791670955125,33601.73,70.71,18.3,6.2,1.073,1.2,-2.4,2.7,-7.5,-17.2,1.108,21,5,0,0,5
79.0,6,isocontour,11.283791670955125,35291.12,74.27,18.1,-6.2,1.085,0.9,2.6,2.8,-7.5,-17.2,1.111,21,4,0,0,4
79.0,7,isocontour,11.283791670955125,33406.35,70.3,-15.3,14.0,0.993,1.4,-0.2,1.4,-7.5,-17.2,1.108,21,3,0,0,3
79.0,8,isocontour,11.283791670955125,35275.89,74.23,18.2,-5.1,1.099,0.3,0.6,0.7,-7.5,-17.2,1.111,21,5,0,0,5
79.0,9,isocontour,11.283791670955125,33310.61,70.1,20.6,1.9,0.992,0.0,0.7,0.7,-7.5,-17.2,1.108,21,6,0,0,6
79.0,10,isocontour,11.283791670955125,33030.43,69.51,15.7,-13.8,0.984,0.7,-0.4,0.8,-7.4,-17.2,1.113,21,4,0,0,4
79.0,11,isocontour,11.283791670955125,34765.19,73.16,-18.9,-6.4,1.036,-1.1,0.4,1.2,-7.4,-17.2,1.113,21,3,0,0,3
79.0,12,isocontour,11.283791670955125,33320.8,70.12,-15.8,-13.5,0.99,0.4,1.6,1.6,-7.4,-17.2,1.113,21,3,0,0,3
79.0,13,isocontour,11.283791670955125,31708.01,66.73,20.8,-0.8,0.987,-0.8,2.6,2.7,-7.5,-17.2,1.108,21,6,0,0,6
79.0,14,isocontour,11.283791670955125,32745.62,68.91,9.2,-17.4,1.052,-2.8,0.0,2.8,-7.4,-17.2,1.113,21,3,0,0,3
79.0,15,isocontour,11.283791670955125,31416.69,66.11,-0.1,20.7,0.993,-2.9,-0.6,3.0,-7.1,-17.5,1.107,21,3,0,0,3
79.0,16,isocontour,11.283791670955125,46579.48,98.02,-24.6,21.8,0.514,0.9,-0.2,0.9,-24.6,21.8,0.517,16,0,0,0,0
79.0,17,isocontour,11.283791670955125,31043.37,65.33,8.4,18.9,0.995,-2.4,-1.8,3.0,-7.1,-17.5,1.107,21,3,0,0,3
79.0,18,isocontour,11.283791670955125,37038.85,77.94,-8.1,19.0,0.997,-0.9,-0.6,1.1,-7.5,-17.2,1.108,21,3,0,0,3
79.0,19,isocontour,11.283791670955125,32972.39,69.39,-20.8,1.2,0.988,-1.4,-0.1,1.4,-7.4,-17.2,1.113,21,3,0,0,3
79.0,20,isocontour,11.283791670955125,33592.46,70.69,8.7,-19.0,0.984,0.4,0.6,0.7,-7.4,-17.2,1.113,21,3,0,0,3
79.0,21,isocontour,11.283791670955125,32860.67,69.15,-7.3,-17.5,1.1,-2.7,-0.2,2.7,-7.4,-17.2,1.113,21,2,0,0,2
79.0,22,isocontour,11.283791670955125,35741.03,75.21,-19.4,-6.7,1.004,1.3,-1.5,2.0,-7.4,-17.2,1.113,21,3,0,0,3
79.0,23,isocontour,11.283791670955125,36610.06,77.04,-19.4,7.5,0.988,-0.7,1.6,1.7,-7.5,-17.2,1.111,21,3,0,0,3
79.0,24,isocontour,11.283791670955125,33883.07,71.3,0.4,-20.9,0.981,4.2,-0.1,4.2,-7.4,-17.2,1.113,21,3,0,0,3
79.0,25,isocontour,11.283791670955125,33127.77,69.71,-14.2,13.2,1.069,2.2,1.5,2.7,-7.5,-17.2,1.108,21,3,0,0,3
79.0,Target,,,,,0.0,0.0,4.023,0.0,0.0,,,,,,,,,
79.1,1,isocontour,11.283791670955125,31912.88,67.16,19.7,6.7,0.988,0.2,2.3,2.3,-7.5,-17.2,1.108,21,5,0,0,5
79.1,2,isocontour,11.283791670955125,30205.62,63.56,7.6,19.5,0.98,-0.7,-0.9,1.1,-7.5,-17.2,1.108,21,3,0,0,3
79.1,3,isocontour,11.283791670955125,31614.36,66.53,15.4,13.9,0.993,-1.4,-1.1,1.8,-7.5,-17.2,1.108,21,5,0,0,5
79.1,4,isocontour,11.283791670955125,35709.36,75.15,19.2,5.1,1.042,1.6,-0.4,1.6,-7.5,-17.2,1.111,21,6,0,0,6
79.1,5,isocontour,11.283791670955125,33580.99,70.67,18.4,6.0,1.073,0.7,-2.4,2.5,-7.5,-17.2,1.108,21,5,0,0,5
79.1,6,isocontour,11.283791670955125,35272.28,74.23,18.1,-6.0,1.09,-0.1,2.4,2.4,-7.4,-17.2,1.113,21,4,0,0,4
79.1,7,isocontour,11.283791670955125,33404.26,70.3,-15.3,13.9,0.996,-0.5,-1.1,1.2,-7.5,-17.2,1.111,21,3,0,0,3
79.1,8,isocontour,11.283791670955125,35273.84,74.23,18.2,-5.0,1.102,-0.3,1.1,1.1,-7.4,-17.2,1.113,21,5,0,0,5
79.1,9,isocontour,11.283791670955125,33285.16,70.04,20.8,1.7,0.987,1.3,-2.4,2.7,-7.5,-17.2,1.111,21,6,0,0,6
79.1,10,isocontour,11.283791670955125,33004.69,69.45,15.5,-13.9,0.986,-2.2,-1.6,2.7,-7.4,-17.2,1.113,21,4,0,0,4
79.1,11,isocontour,11.283791670955125,34731.41,73.09,-18.9,-6.6,1.033,0.5,-2.9,2.9,-7.4,-17.2,1.113,21,3,0,0,3
79.1,12,isocontour,11.283791670955125,33285.29,70.04,-15.6,-13.7,0.988,1.4,-2.7,3.0,-7.4,-17.2,1.113,21,3,0,0,3
79.1,13,isocontour,11.283791670955125,31706.77,66.72,20.7,-0.7,0.991,-0.7,0.7,1.0,-7.5,-17.2,1.111,21,6,0,0,6
79.1,14,isocontour,11.283791670955125,32744.22,68.91,9.1,-17.4,1.054,-0.9,-0.4,1.0,-7.4,-17.2,1.113,21,3,0,0,3
79.1,15,isocontour,11.283791670955125,31404.1,66.09,-0.3,20.8,0.985,-1.4,1.7,2.2,-7.5,-17.2,1.108,21,3,0,0,3
79.1,16,isocontour,11.283791670955125,46578.38,98.02,-24.6,21.8,0.513,-0.9,-0.1,0.9,-24.6,21.8,0.517,16,0,0,0,0
79.1,17,isocontour,11.283791670955125,31042.2,65.32,8.5,18.8,0.996,0.9,-0.2,0.9,-7.5,-17.2,1.108,21,3,0,0,3
79.1,18,isocontour,11.283791670955125,36941.35,77.74,-8.3,19.3,0.977,-2.3,3.6,4.3,-7.5,-17.2,1.108,21,3,0,0,3
79.1,19,isocontour,11.283791670955125,32971.99,69.39,-20.8,1.2,0.985,-0.5,0.4,0.6,-7.4,-17.2,1.113,21,3,0,0,3
79.1,20,isocontour,11.283791670955125,33568.92,70.64,8.7,-18.7,0.996,-0.2,2.6,2.6,-7.4,-17.2,1.113,21,3,0,0,3
79.1,21,isocontour,11.283791670955125,32831.71,69.09,-7.5,-17.4,1.098,-2.7,1.0,2.9,-7.4,-17.2,1.113,21,2,0,0,2
79.1,22,isocontour,11.283791670955125,35724.17,75.18,-19.5,-6.9,0.996,-1.3,-2.0,2.4,-7.4,-17.2,1.113,21,3,0,0,3
79.1,23,isocontour,11.283791670955125,36608.58,77.04,-19.5,7.5,0.983,-1.0,-0.3,1.0,-7.4,-17.2,1.113,21,3,0,0,3
79.1,24,isocontour,11.283791670955125,33881.94,71.3,0.5,-20.9,0.985,0.6,0.8,1.0,-7.4,-17.2,1.113,21,3,0,0,3
79.1,25,isocontour,11.283791670955125,33112.95,69.68,-14.0,13.3,1.076,2.2,0.7,2.3,-7.5,-17.2,1.111,21,3,0,0,3
79.1,Target,,,,,0.0,0.0,4.023,0.0,0.0,,,,,,,,,
79.2,1,isocontour,11.283791670955125,31869.12,67.06,19.6,7.0,0.988,-1.3,3.0,3.3,-7.5,-17.2,1.111,21,5,0,0,5
79.2,2,isocontour,11.283791670955125,30172.51,63.49,7.8,19.3,0.986,2.1,-2.1,3.0,-7.5,-17.2,1.108,21,3,0,0,3
79.2,3,isocontour,11.283791670955125,31582.56,66.46,15.6,13.7,0.992,2.2,-1.9,2.9,-7.5,-17.2,1.111,21,5,0,0,5
79.2,4,isocontour,11.283791670955125,35692.08,75.11,19.1,5.2,1.048,-1.8,1.5,2.3,-7.4,-17.2,1.113,21,7,0,0,7
79.2,5,isocontour,11.283791670955125,33577.85,70.66,18.4,6.0,1.069,0.6,1.2,1.3,-7.4,-17.2,1.113,21,6,0,0,6
79.2,6,isocontour,11.283791670955125,35245.11,74.17,18.1,-5.7,1.092,0.5,2.7,2.7,-7.4,-17.2,1.113,21,5,0,0,5
79.2,7,isocontour,11.283791670955125,33383.03,70.25,-15.4,14.1,0.985,-0.9,2.4,2.6,-7.4,-17.2,1.113,21,3,0,0,3
79.2,8,isocontour,11.283791670955125,35254.76,74.19,18.2,-4.8,1.105,0.2,2.4,2.4,-7.4,-17.2,1.113,21,6,0,0,6
79.2,9,isocontour,11.283791670955125,33285.15,70.04,20.8,1.7,0.985,0.1,-0.0,0.1,-7.4,-17.2,1.113,21,6,0,0,6
79.2,10,isocontour,11.283791670955125,33000.05,69.44,15.3,-14.0,0.992,-1.5,-0.0,1.5,-7.4,-17.2,1.113,21,4,0,0,4
79.2,11,isocontour,11.283791670955125,34727.61,73.08,-18.8,-6.8,1.033,0.5,-1.3,1.4,-7.4,-17.2,1.113,21,3,0,0,3
79.2,12,isocontour,11.283791670955125,33284.19,70.04,-15.6,-13.8,0.983,-0.4,-0.9,1.0,-7.4,-17.2,1.113,21,3,0,0,3
79.2,13,isocontour,11.283791670955125,31704.87,66.72,20.7,-0.8,0.992,-0.2,-1.1,1.1,-7.4,-17.2,1.113,21,6,0,0,6
79.2,14,isocontour,11.283791670955125,32742.78,68.9,9.1,-17.5,1.051,-0.5,-0.9,1.0,-7.4,-17.2,1.113,21,3,0,0,3
79.2,15,isocontour,11.283791670955125,31401.83,66.08,-0.2,20.9,0.983,1.2,0.2,1.2,-7.5,-17.2,1.108,21,3,0,0,3
79.2,16,isocontour,11.283791670955125,46577.28,98.02,-24.7,21.8,0.512,-0.8,-0.6,1.0,-24.7,21.8,0.517,16,0,0,0,0
79.2,17,isocontour,11.283791670955125,31041.06,65.32,8.4,18.8,0.998,-0.9,0.1,0.9,-7.5,-17.2,1.108,21,3,0,0,3
79.2,18,isocontour,11.283791670955125,36899.57,77.65,-8.6,19.3,0.968,-3.2,-0.2,3.2,-7.5,-17.2,1.111,21,3,0,0,3
79.2,19,isocontour,11.283791670955125,32936.83,69.31,-20.8,1.0,0.986,0.2,-3.0,3.0,-7.4,-17.2,1.113,21,3,0,0,3
79.2,20,isocontour,11.283791670955125,33568.13,70.64,8.7,-18.7,0.998,0.7,0.4,0.8,-7.4,-17.2,1.113,21,3,0,0,3
79.2,21,isocontour,11.283791670955125,32823.28,69.07,-7.6,-17.2,1.104,-0.9,1.6,1.8,-7.4,-17.2,1.113,21,2,0,0,2
79.2,22,isocontour,11.283791670955125,35721.97,75.17,-19.6,-6.9,0.989,-1.2,-0.0,1.2,-7.4,-17.2,1.113,21,3,0,0,3
79.2,23,isocontour,11.283791670955125,36580.23,76.98,-19.4,7.6,0.986,1.7,2.2,2.8,-7.4,-17.2,1.113,21,3,0,0,3
79.2,24,isocontour,11.283791670955125,33881.06,71.3,0.6,-20.8,0.988,0.6,0.6,0.8,-7.4,-17.2,1.113,21,3,0,0,3
79.2,25,isocontour,11.283791670955125,33110.46,69.68,-14.1,13.2,1.075,-1.1,-0.6,1.3,-7.4,-17.2,1.113,21,3,0,0,3
79.2,Target,,,,,0.0,0.0,4.023,0.0,0.0,,,,,,,,,
79.3,1,isocontour,11.283791670955125,31842.53,67.01,19.4,6.8,1.0,-2.0,-1.9,2.8,-7.4,-17.2,1.113,21,5,0,0,5
79.3,2,isocontour,11.283791670955125,30152.5,63.45,8.0,19.2,0.987,2.3,-0.9,2.5,-7.5,-17.2,1.111,21,3,0,0,3
79.3,3,isocontour,11.283791670955125,31580.41,66.46,15.7,13.6,0.989,1.1,-0.5,1.2,-7.4,-17.2,1.113,21,5,0,0,5
79.3,4,isocontour,11.283791670955125,35690.76,75.11,19.0,5.3,1.052,-0.8,0.7,1.1,-7.4,-17.2,1.113,21,7,0,0,7
79.3,5,isocontour,11.283791670955125,33569.01,70.64,18.6,6.0,1.059,1.9,-0.4,1.9,-7.4,-17.2,1.113,21,6,0,0,6
79.3,6,isocontour,11.283791670955125,35241.69,74.16,18.2,-5.6,1.088,1.1,0.8,1.4,-7.4,-17.2,1.113,21,5,0,0,5
79.3,7,isocontour,11.283791670955125,33377.82,70.24,-15.5,14.0,0.982,-1.3,-1.0,1.6,-7.4,-17.2,1.113,21,3,0,0,3
79.3,8,isocontour,11.283791670955125,35253.41,74.19,18.3,-4.8,1.1,1.0,0.2,1.0,-7.4,-17.2,1.113,21,6,0,0,6
79.3,9,isocontour,11.283791670955125,33266.54,70.01,20.6,1.8,0.993,-1.8,1.6,2.4,-7.4,-17.2,1.113,21,6,0,0,6
79.3,10,isocontour,11.283791670955125,32973.74,69.39,15.5,-13.8,0.99,2.2,1.6,2.7,-7.4,-17.2,1.113,21,4,0,0,4
79.3,11,isocontour,11.283791670955125,34726.57,73.08,-18.9,-6.7,1.032,-0.5,0.8,0.9,-7.4,-17.2,1.113,21,3,0,0,3
79.3,12,isocontour,11.283791670955125,33276.66,70.03,-15.8,-13.7,0.982,-1.4,1.2,1.8,-7.4,-17.2,1.113,21,3,0,0,3
79.3,13,isocontour,11.283791670955125,31677.12,66.66,20.8,-1.1,0.987,1.0,-2.6,2.8,-7.4,-17.2,1.113,21,6,0,0,6
79.3,14,isocontour,11.283791670955125,32722.28,68.86,9.1,-17.7,1.039,0.0,-2.5,2.5,-7.4,-17.2,1.113,21,3,0,0,3
79.3,15,isocontour,11.283791670955125,31370.36,66.02,0.1,20.8,0.986,2.8,-0.6,2.9,-7.5,-17.2,1.111,21,3,0,0,3
79.3,16,isocontour,11.283791670955125,46576.18,98.01,-24.7,21.8,0.512,0.7,0.7,1.0,-24.7,21.8,0.517,16,0,0,0,0
79.3,17,isocontour,11.283791670955125,31040.0,65.32,8.5,18.8,0.997,0.9,-0.3,0.9,-7.5,-17.2,1.111,21,3,0,0,3
79.3,18,isocontour,11.283791670955125,36875.22,77.6,-8.8,19.1,0.976,-1.1,-2.4,2.6,-7.4,-17.2,1.113,21,3,0,0,3
79.3,19,isocontour,11.283791670955125,32900.98,69.24,-20.7,0.7,0.992,1.1,-2.8,3.0,-7.4,-17.2,1.113,21,3,0,0,3
79.3,20,isocontour,11.283791670955125,33545.38,70.59,8.6,-18.9,0.991,-1.1,-2.4,2.6,-7.4,-17.2,1.113,21,3,0,0,3
79.3,21,isocontour,11.283791670955125,32820.07,69.07,-7.5,-17.2,1.108,1.3,0.1,1.3,-7.4,-17.2,1.113,21,2,0,0,2
79.3,22,isocontour,11.283791670955125,35719.65,75.17,-19.6,-7.0,0.989,0.5,-1.1,1.2,-7.4,-17.2,1.113,21,3,0,0,3
79.3,23,isocontour,11.283791670955125,36548.43,76.91,-19.3,7.4,0.992,0.2,-2.9,2.9,-7.4,-17.2,1.113,21,3,0,0,3
79.3,24,isocontour,11.283791670955125,33859.33,71.25,0.8,-20.7,0.991,2.5,0.6,2.6,-7.4,-17.2,1.113,21,3,0,0,3
79.3,25,isocontour,11.283791670955125,33093.18,69.64,-14.3,13.2,1.067,-2.3,-0.5,2.4,-7.4,-17.2,1.113,21,3,0,0,3
79.3,Target,,,,,0.0,0.0,4.023,0.0,0.0,,,,,,,,,
79.4,1,isocontour,11.283791670955125,31829.58,66.98,19.4,7.0,0.998,0.2,2.2,2.2,-7.4,-17.2,1.113,21,5,0,0,5
79.4,2,isocontour,11.283791670955125,30149.88,63.45,8.1,19.1,0.991,0.6,-1.1,1.3,-7.4,-17.2,1.113,21,3,0,0,3
79.4,3,isocontour,11.283791670955125,31579.8,66.46,15.7,13.7,0.989,-0.4,0.6,0.7,-7.4,-17.2,1.113,21,5,0,0,5
79.4,4,isocontour,11.283791670955125,35668.77,75.06,19.0,5.5,1.046,0.4,2.5,2.5,-7.4,-17.2,1.113,21,7,0,0,7
79.4,5,isocontour,11.283791670955125,33549.7,70.6,18.8,6.2,1.048,1.4,2.0,2.4,-7.4,-17.2,1.113,21,6,0,0,6
79.4,6,isocontour,11.283791670955125,35240.29,74.16,18.3,-5.5,1.089,-0.1,1.0,1.0,-7.4,-17.2,1.113,21,5,0,0,5
79.4,7,isocontour,11.283791670955125,33363.0,70.21,-15.5,13.8,0.989,0.1,-2.3,2.3,-7.4,-17.2,1.113,21,3,0,0,3
79.4,8,isocontour,11.283791670955125,35231.93,74.14,18.3,-4.5,1.1,0.4,2.5,2.5,-7.4,-17.2,1.113,21,6,0,0,6
79.4,9,isocontour,11.283791670955125,33264.69,70.0,20.6,1.8,0.994,0.3,-1.1,1.1,-7.4,-17.2,1.113,21,6,0,0,6
79.4,10,isocontour,11.283791670955125,32864.13,69.16,15.8,-13.5,0.988,3.2,3.1,4.5,-7.4,-17.2,1.113,21,4,0,0,4
79.4,11,isocontour,11.283791670955125,34724.58,73.07,-18.8,-6.6,1.035,0.3,1.1,1.1,-7.4,-17.2,1.113,21,3,0,0,3
79.4,12,isocontour,11.283791670955125,33260.85,69.99,-15.8,-13.5,0.989,0.1,2.3,2.3,-7.4,-17.2,1.113,21,3,0,0,3
79.4,13,isocontour,11.283791670955125,31676.12,66.66,20.9,-1.2,0.983,0.6,-0.7,0.9,-7.4,-17.2,1.113,21,6,0,0,6
79.4,14,isocontour,11.283791670955125,32719.28,68.85,9.0,-17.8,1.036,-1.1,-0.8,1.4,-7.4,-17.2,1.113,21,3,0,0,3
79.4,15,isocontour,11.283791670955125,31338.89,65.95,0.3,20.8,0.989,2.8,-0.6,2.9,-7.4,-17.2,1.113,21,3,0,0,3
79.4,16,isocontour,11.283791670955125,46575.08,98.01,-24.7,21.8,0.51,-0.9,-0.1,0.9,-24.7,21.8,0.517,16,0,0,0,0
79.4,17,isocontour,11.283791670955125,31017.24,65.27,8.7,18.7,0.997,2.4,-1.1,2.6,-7.4,-17.2,1.113,21,3,0,0,3
79.4,18,isocontour,11.283791670955125,36848.34,77.54,-8.6,18.9,0.989,2.0,-1.9,2.8,-7.4,-17.2,1.113,21,3,0,0,3
79.4,19,isocontour,11.283791670955125,32898.82,69.23,-20.7,0.5,0.992,-0.3,-1.1,1.1,-7.4,-17.2,1.113,21,3,0,0,3
79.4,20,isocontour,11.283791670955125,33532.96,70.57,8.8,-18.9,0.983,2.1,-0.5,2.2,-7.4,-17.2,1.113,21,3,0,0,3
79.4,21,isocontour,11.283791670955125,32808.16,69.04,-7.3,-17.2,1.114,2.1,0.2,2.1,-7.4,-17.2,1.113,21,2,0,0,2
79.4,22,isocontour,11.283791670955125,35694.2,75.11,-19.6,-6.8,0.992,-0.3,2.7,2.7,-7.4,-17.2,1.113,21,3,0,0,3
79.4,23,isocontour,11.283791670955125,36522.98,76.86,-19.3,7.6,0.991,0.4,2.7,2.7,-7.4,-17.2,1.113,21,3,0,0,3
79.4,24,isocontour,11.283791670955125,33822.77,71.18,0.6,-20.8,0.99,-3.0,-0.4,3.0,-7.4,-17.2,1.113,21,3,0,0,3
79.4,25,isocontour,11.283791670955125,33074.1,69.6,-14.5,13.1,1.062,-2.2,-1.2,2.5,-7.4,-17.2,1.113,21,3,0,0,3
79.4,Target,,,,,0.0,0.0,4.023,0.0,0.0,,,,,,,,,
79.5,1,isocontour,11.283791670955125,31724.35,66.76,19.4,7.4,0.99,0.1,4.4,4.4,-7.4,-17.2,1.113,21,5,0,0,5
79.5,2,isocontour,11.283791670955125,30126.34,63.4,8.0,19.2,0.988,-2.1,1.6,2.6,-7.4,-17.2,1.113,21,3,0,0,3
79.5,3,isocontour,11.283791670955125,31554.34,66.4,15.6,13.5,1.0,-0.9,-2.5,2.7,-7.4,-17.2,1.113,21,5,0,0,5
79.5,4,isocontour,11.283791670955125,35650.83,75.02,19.1,5.7,1.039,0.6,2.3,2.4,-7.4,-17.2,1.113,21,7,0,0,7
79.5,5,isocontour,11.283791670955125,33539.1,70.58,18.9,6.1,1.042,1.4,-1.5,2.1,-7.4,-17.2,1.113,21,6,0,0,6
79.5,6,isocontour,11.283791670955125,35233.36,74.14,18.2,-5.3,1.095,-0.5,1.7,1.8,-7.4,-17.2,1.113,21,5,0,0,5
79.5,7,isocontour,11.283791670955125,33343.92,70.17,-15.7,13.6,0.99,-1.7,-1.7,2.4,-7.4,-17.2,1.113,21,3,0,0,3
79.5,8,isocontour,11.283791670955125,35220.68,74.12,18.5,-4.4,1.095,1.4,1.5,2.1,-7.4,-17.2,1.113,21,6,0,0,6
79.5,9,isocontour,11.283791670955125,33249.87,69.97,20.8,1.7,0.984,2.0,-1.0,2.2,-7.4,-17.2,1.113,21,6,0,0,6
79.5,10,isocontour,11.283791670955125,32862.64,69.16,15.9,-13.6,0.984,0.2,-1.0,1.0,-7.4,-17.2,1.113,21,4,0,0,4
79.5,11,isocontour,11.283791670955125,34704.09,73.03,-18.8,-6.4,1.04,0.1,2.5,2.5,-7.4,-17.2,1.113,21,3,0,0,3
79.5,12,isocontour,11.283791670955125,33259.37,69.99,-15.8,-13.4,0.989,-0.8,0.7,1.1,-7.3,-17.2,1.114,21,3,0,0,3
79.5,13,isocontour,11.283791670955125,31650.94,66.61,20.8,-1.0,0.986,-0.6,2.6,2.7,-7.4,-17.2,1.113,21,6,0,0,6
79.5,14,isocontour,11.283791670955125,32698.55,68.81,8.8,-17.9,1.037,-2.4,-0.9,2.6,-7.4,-17.2,1.113,21,3,0,0,3
79.5,15,isocontour,11.283791670955125,31307.74,65.88,0.6,20.7,0.992,2.8,-0.6,2.9,-7.4,-17.2,1.113,21,3,0,0,3
79.5,16,isocontour,11.283791670955125,46573.98,98.01,-24.7,21.8,0.512,0.8,-0.5,0.9,-24.7,21.8,0.517,16,0,0,0,0
79.5,17,isocontour,11.283791670955125,30948.0,65.13,8.9,18.5,1.004,2.5,-2.9,3.8,-7.4,-17.2,1.113,21,3,0,0,3
79.5,18,isocontour,11.283791670955125,36844.05,77.53,-8.6,18.8,0.996,-0.5,-1.4,1.5,-7.4,-17.2,1.113,21,3,0,0,3
79.5,19,isocontour,11.283791670955125,32870.77,69.17,-21.0,0.6,0.979,-2.7,0.6,2.8,-7.4,-17.2,1.113,21,3,0,0,3
79.5,20,isocontour,11.283791670955125,33532.32,70.56,8.8,-19.0,0.983,-0.8,-0.2,0.8,-7.4,-17.2,1.113,21,3,0,0,3
79.5,21,isocontour,11.283791670955125,32790.0,69.0,-7.1,-17.3,1.114,2.2,-1.0,2.4,-7.1,-17.3,1.114,21,2,0,0,2
79.5,22,isocontour,11.283791670955125,35660.75,75.04,-19.5,-7.0,0.991,0.7,-2.9,3.0,-7.4,-17.2,1.113,21,3,0,0,3
79.5,23,isocontour,11.283791670955125,36517.47,76.85,-19.3,7.8,0.985,-0.6,1.5,1.6,-7.4,-17.2,1.113,21,3,0,0,3
79.5,24,isocontour,11.283791670955125,33820.39,71.17,0.4,-20.8,0.988,-1.2,-0.4,1.3,-7.3,-17.2,1.114,21,3,0,0,3
79.5,25,isocontour,11.283791670955125,33068.79,69.59,-14.6,12.9,1.061,-1.2,-1.1,1.6,-7.4,-17.2,1.113,21,3,0,0,3
79.5,Target,,,,,0.0,0.0,4.023,0.0,0.0,,,,,,,,,
79.6,1,isocontour,11.283791670955125,31625.48,66.55,19.3,7.8,0.985,-0.9,4.2,4.3,-7.4,-17.2,1.113,21,5,0,0,5
79.6,2,isocontour,11.283791670955125,30083.38,63.31,8.2,19.3,0.978,3.1,0.8,3.2,-7.4,-17.2,1.113,21,3,0,0,3
79.6,3,isocontour,11.283791670955125,31523.83,66.34,15.8,13.3,0.999,2.3,-1.7,2.9,-7.4,-17.2,1.113,21,5,0,0,5
79.6,4,isocontour,11.283791670955125,35649.86,75.02,19.0,5.8,1.041,-0.7,0.5,0.9,-7.4,-17.2,1.113,21,7,0,0,7
79.6,5,isocontour,11.283791670955125,33513.92,70.53,18.8,6.3,1.044,-1.3,2.4,2.7,-7.4,-17.2,1.113,21,6,0,0,6
79.6,6,isocontour,11.283791670955125,35207.91,74.09,18.2,-5.1,1.097,0.5,2.7,2.7,-7.4,-17.2,1.113,21,5,0,0,5
79.6,7,isocontour,11.283791670955125,33341.88,70.16,-15.6,13.6,0.993,1.2,0.1,1.2,-7.4,-17.2,1.113,21,3,0,0,3
79.6,8,isocontour,11.283791670955125,35220.18,74.12,18.5,-4.3,1.094,0.2,0.7,0.7,-7.4,-17.2,1.113,21,6,0,0,6
79.6,9,isocontour,11.283791670955125,33230.33,69.93,20.9,1.9,0.979,0.6,2.4,2.5,-7.4,-17.2,1.113,21,6,0,0,6
79.6,10,isocontour,11.283791670955125,32858.18,69.15,15.8,-13.5,0.99,-1.0,1.2,1.6,-7.4,-17.2,1.113,21,4,0,0,4
79.6,11,isocontour,11.283791670955125,34701.09,73.02,-18.7,-6.4,1.044,0.9,-1.0,1.3,-7.3,-17.2,1.114,21,3,0,0,3
79.6,12,isocontour,11.283791670955125,33254.35,69.98,-16.0,-13.3,0.988,-1.2,1.0,1.6,-7.3,-17.2,1.114,21,3,0,0,3
79.6,13,isocontour,11.283791670955125,31649.77,66.6,20.8,-0.9,0.989,-0.6,0.7,0.9,-7.4,-17.2,1.113,21,6,0,0,6
79.6,14,isocontour,11.283791670955125,32666.75,68.74,8.5,-18.0,1.041,-2.9,-0.6,3.0,-7.3,-17.2,1.114,21,3,0,0,3
79.6,15,isocontour,11.283791670955125,31294.79,65.86,0.8,20.8,0.985,1.4,1.6,2.1,-7.4,-17.2,1.113,21,3,0,0,3
79.6,16,isocontour,11.283791670955125,46572.88,98.01,-24.6,21.8,0.512,0.5,0.8,0.9,-24.6,21.8,0.517,16,0,0,0,0
79.6,17,isocontour,11.283791670955125,30915.88,65.06,9.0,18.7,0.993,0.3,2.9,2.9,-7.4,-17.2,1.113,21,3,0,0,3
79.6,18,isocontour,11.283791670955125,36814.78,77.47,-8.9,18.7,0.993,-2.8,-0.4,2.8,-7.4,-17.2,1.113,21,3,0,0,3
79.6,19,isocontour,11.283791670955125,32870.44,69.17,-21.0,0.6,0.977,0.1,0.6,0.6,-7.4,-17.2,1.113,21,3,0,0,3
79.6,20,isocontour,11.283791670955125,33521.4,70.54,8.7,-18.8,0.992,-0.8,1.9,2.1,-7.3,-17.2,1.114,21,3,0,0,3
79.6,21,isocontour,11.283791670955125,32785.26,68.99,-7.2,-17.2,1.118,-1.0,1.2,1.6,-7.2,-17.2,1.114,21,2,0,0,2
79.6,22,isocontour,11.283791670955125,35659.68,75.04,-19.6,-7.1,0.986,-0.9,-0.3,0.9,-7.3,-17.2,1.114,21,3,0,0,3
79.6,23,isocontour,11.283791670955125,36516.6,76.84,-19.4,7.8,0.981,-0.8,-0.4,0.9,-7.4,-17.2,1.113,21,3,0,0,3
79.6,24,isocontour,11.283791670955125,33808.31,71.15,0.6,-20.8,0.99,2.1,0.4,2.1,-7.3,-17.2,1.114,21,3,0,0,3
79.6,25,isocontour,11.283791670955125,33056.72,69.56,-14.5,13.0,1.066,2.0,0.5,2.1,-7.4,-17.2,1.113,21,3,0,0,3
79.6,Target,,,,,0.0,0.0,4.023,0.0,0.0,,,,,,,,,
79.7,1,isocontour,11.283791670955125,31598.31,66.49,19.2,8.1,0.989,-1.9,2.0,2.8,-7.4,-17.2,1.113,21,5,0,0,5
79.7,2,isocontour,11.283791670955125,30068.76,63.28,8.4,19.3,0.976,2.1,-0.8,2.2,-7.4,-17.2,1.113,21,3,0,0,3
79.7,3,isocontour,11.283791670955125,31521.4,66.33,15.8,13.3,0.993,0.3,1.2,1.2,-7.4,-17.2,1.113,21,5,0,0,5
79.7,4,isocontour,11.283791670955125,35649.42,75.02,19.0,5.9,1.04,0.1,0.7,0.7,-7.4,-17.2,1.113,21,7,0,0,7
79.7,5,isocontour,11.283791670955125,33416.43,70.32,18.6,6.6,1.051,-2.5,3.4,4.2,-7.4,-17.2,1.113,21,6,0,0,6
79.7,6,isocontour,11.283791670955125,35191.68,74.06,18.3,-4.8,1.096,1.0,2.1,2.3,-7.4,-17.2,1.113,21,5,0,0,5
79.7,7,isocontour,11.283791670955125,33339.98,70.16,-15.6,13.5,0.996,-0.5,-1.0,1.1,-7.4,-17.2,1.113,21,3,0,0,3
79.7,8,isocontour,11.283791670955125,35198.95,74.07,18.5,-4.1,1.095,0.5,2.5,2.5,-7.4,-17.2,1.113,21,6,0,0,6
79.7,9,isocontour,11.283791670955125,33209.84,69.89,20.7,2.1,0.985,-1.6,1.9,2.5,-7.4,-17.2,1.113,21,6,0,0,6
79.7,10,isocontour,11.283791670955125,32842.76,69.11,15.8,-13.3,0.994,1.0,2.1,2.3,-7.3,-17.2,1.114,21,4,0,0,4
79.7,11,isocontour,11.283791670955125,34698.22,73.02,-18.7,-6.5,1.047,0.9,-1.0,1.3,-7.3,-17.2,1.114,21,3,0,0,3
79.7,12,isocontour,11.283791670955125,33231.59,69.93,-15.9,-13.1,0.999,1.2,2.3,2.6,-7.2,-17.2,1.118,21,3,0,0,3
79.7,13,isocontour,11.283791670955125,31624.32,66.55,20.6,-0.6,0.996,-1.2,2.4,2.7,-7.4,-17.2,1.113,21,6,0,0,6
79.7,14,isocontour,11.283791670955125,32650.52,68.71,8.4,-17.8,1.053,-0.3,2.3,2.3,-7.3,-17.2,1.114,21,3,0,0,3
79.7,15,isocontour,11.283791670955125,31285.09,65.84,0.7,20.8,0.989,-1.7,-1.0,2.0,-7.4,-17.2,1.113,21,3,0,0,3
79.7,16,isocontour,11.283791670955125,46571.78,98.0,-24.6,21.8,0.514,0.2,-0.9,0.9,-24.6,21.8,0.517,16,0,0,0,0
79.7,17,isocontour,11.283791670955125,30914.44,65.06,9.1,18.7,0.991,0.9,-0.5,1.0,-7.4,-17.2,1.113,21,3,0,0,3
79.7,18,isocontour,11.283791670955125,36780.99,77.4,-8.7,18.9,0.987,2.0,2.2,3.0,-7.4,-17.2,1.113,21,3,0,0,3
79.7,19,isocontour,11.283791670955125,32837.0,69.1,-20.9,0.4,0.983,1.2,-2.7,3.0,-7.3,-17.2,1.114,21,3,0,0,3
79.7,20,isocontour,11.283791670955125,33519.25,70.54,8.6,-18.7,0.999,-1.0,0.5,1.1,-7.3,-17.2,1.114,21,3,0,0,3
79.7,21,isocontour,11.283791670955125,32775.56,68.97,-7.1,-17.3,1.111,0.7,-1.8,1.9,-7.1,-17.3,1.118,21,2,0,0,2
79.7,22,isocontour,11.283791670955125,35652.4,75.03,-19.6,-7.3,0.981,-0.2,-1.8,1.8,-7.3,-17.2,1.114,21,3,0,0,3
79.7,23,isocontour,11.283791670955125,36497.06,76.8,-19.4,8.0,0.98,0.8,2.3,2.4,-7.4,-17.2,1.113,21,3,0,0,3
79.7,24,isocontour,11.283791670955125,33785.04,71.1,0.8,-20.7,0.994,2.4,1.0,2.6,-7.2,-17.2,1.118,21,3,0,0,3
79.7,25,isocontour,11.283791670955125,33034.22,69.52,-14.3,13.1,1.068,1.9,1.8,2.6,-7.4,-17.2,1.113,21,3,0,0,3
79.7,Target,,,,,0.0,0.0,4.023,0.0,0.0,,,,,,,,,
79.8,1,isocontour,11.283791670955125,31571.14,66.44,19.0,7.9,0.999,-1.2,-2.5,2.8,-7.4,-17.2,1.113,21,5,0,0,5
79.8,2,isocontour,11.283791670955125,30064.2,63.27,8.4,19.1,0.982,0.0,-1.5,1.5,-7.4,-17.2,1.113,21,3,0,0,3
79.8,3,isocontour,11.283791670955125,31520.95,66.33,15.9,13.3,0.993,0.3,-0.6,0.7,-7.4,-17.2,1.113,21,5,0,0,5
79.8,4,isocontour,11.283791670955125,35616.64,74.95,19.1,5.7,1.041,0.6,-2.9,3.0,-7.4,-17.2,1.113,21,7,0,0,7
79.8,5,isocontour,11.283791670955125,33382.3,70.25,18.6,6.4,1.055,0.4,-3.0,3.0,-7.4,-17.2,1.113,21,6,0,0,6
79.8,6,isocontour,11.283791670955125,35179.78,74.03,18.4,-4.6,1.096,0.4,2.1,2.1,-7.3,-17.2,1.114,21,5,0,0,5
79.8,7,isocontour,11.283791670955125,33336.98,70.15,-15.6,13.6,0.993,0.4,1.3,1.4,-7.4,-17.2,1.113,21,3,0,0,3
79.8,8,isocontour,11.283791670955125,35196.51,74.07,18.7,-4.0,1.089,1.2,0.2,1.2,-7.3,-17.2,1.114,21,6,0,0,6
79.8,9,isocontour,11.283791670955125,33190.3,69.84,20.6,2.0,0.996,-2.0,-1.5,2.5,-7.4,-17.2,1.113,21,6,0,0,6
79.8,10,isocontour,11.283791670955125,32839.19,69.11,16.0,-13.3,0.99,1.4,0.2,1.4,-7.3,-17.2,1.114,21,4,0,0,4
79.8,11,isocontour,11.283791670955125,34688.81,73.0,-18.5,-6.6,1.053,1.6,-1.1,1.9,-7.2,-17.2,1.118,21,3,0,0,3
79.8,12,isocontour,11.283791670955125,33230.91,69.93,-15.9,-13.0,1.003,0.1,0.8,0.8,-7.2,-17.2,1.118,21,3,0,0,3
79.8,13,isocontour,11.283791670955125,31622.22,66.55,20.6,-0.7,0.999,-0.4,-1.1,1.2,-7.4,-17.2,1.113,21,6,0,0,6
79.8,14,isocontour,11.283791670955125,32643.95,68.7,8.4,-17.9,1.049,-0.6,-1.6,1.7,-7.2,-17.2,1.118,21,3,0,0,3
79.8,15,isocontour,11.283791670955125,31283.29,65.83,0.7,20.7,0.992,0.9,-0.6,1.1,-7.4,-17.2,1.113,21,3,0,0,3
79.8,16,isocontour,11.283791670955125,46570.68,98.0,-24.5,21.7,0.516,0.9,-0.1,0.9,-24.5,21.7,0.517,16,0,0,0,0
79.8,17,isocontour,11.283791670955125,30912.91,65.05,9.2,18.6,0.992,0.8,-0.7,1.1,-7.4,-17.2,1.113,21,3,0,0,3
79.8,18,isocontour,11.283791670955125,36779.1,77.4,-8.6,18.9,0.99,1.1,-0.4,1.2,-7.4,-17.2,1.113,21,3,0,0,3
79.8,19,isocontour,11.283791670955125,32834.06,69.1,-20.8,0.3,0.987,0.7,-1.1,1.3,-7.3,-17.2,1.114,21,3,0,0,3
79.8,20,isocontour,11.283791670955125,33493.23,70.48,8.6,-19.0,0.987,0.8,-2.6,2.7,-7.2,-17.2,1.118,21,3,0,0,3
79.8,21,isocontour,11.283791670955125,32773.3,68.97,-7.2,-17.3,1.113,-0.7,1.0,1.2,-7.2,-17.3,1.118,21,2,0,0,2
79.8,22,isocontour,11.283791670955125,35650.14,75.02,-19.6,-7.4,0.981,0.5,-1.1,1.2,-7.2,-17.2,1.118,21,3,0,0,3
79.8,23,isocontour,11.283791670955125,36475.07,76.76,-19.2,8.2,0.982,1.3,2.2,2.6,-7.3,-17.2,1.114,21,3,0,0,3
79.8,24,isocontour,11.283791670955125,33748.83,71.02,0.6,-20.7,0.994,-3.0,-0.4,3.0,-7.2,-17.2,1.118,21,3,0,0,3
79.8,25,isocontour,11.283791670955125,33033.12,69.51,-14.3,13.2,1.065,0.0,0.9,0.9,-7.4,-17.2,1.113,21,3,0,0,3
79.8,Target,,,,,0.0,0.0,4.023,0.0,0.0,,,,,,,,,
79.9,1,isocontour,11.283791670955125,31549.41,66.39,19.0,8.0,0.999,-0.6,2.5,2.6,-7.4,-17.2,1.113,21,5,0,0,5
79.9,2,isocontour,11.283791670955125,30058.79,63.26,8.4,19.0,0.991,-0.3,-1.6,1.6,-7.4,-17.2,1.113,21,3,0,0,3
79.9,3,isocontour,11.283791670955125,31516.22,66.32,16.0,13.4,0.986,1.4,0.7,1.6,-7.4,-17.2,1.113,21,5,0,0,5
79.9,4,isocontour,11.283791670955125,35610.72,74.94,19.0,5.5,1.045,-0.4,-1.6,1.6,-7.3,-17.2,1.114,21,7,0,0,7
79.9,5,isocontour,11.283791670955125,33380.46,70.25,18.6,6.3,1.056,0.2,-1.1,1.1,-7.3,-17.2,1.114,21,7,0,0,7
79.9,6,isocontour,11.283791670955125,35179.19,74.03,18.4,-4.6,1.094,0.5,0.6,0.8,-7.3,-17.2,1.114,21,6,0,0,6
79.9,7,isocontour,11.283791670955125,33328.28,70.14,-15.7,13.7,0.984,-1.4,1.3,1.9,-7.3,-17.2,1.114,21,3,0,0,3
79.9,8,isocontour,11.283791670955125,35195.34,74.06,18.7,-4.0,1.084,0.8,0.6,1.0,-7.3,-17.2,1.114,21,6,0,0,6
79.9,9,isocontour,11.283791670955125,33188.6,69.84,20.6,1.8,0.996,0.5,-1.0,1.1,-7.3,-17.2,1.114,21,6,0,0,6
79.9,10,isocontour,11.283791670955125,32838.56,69.1,16.1,-13.3,0.986,0.6,-0.5,0.8,-7.2,-17.2,1.118,21,4,0,0,4
79.9,11,isocontour,11.283791670955125,34686.82,72.99,-18.4,-6.7,1.055,0.6,-1.0,1.2,-7.2,-17.2,1.118,21,3,0,0,3
79.9,12,isocontour,11.283791670955125,33226.35,69.92,-15.8,-13.1,1.006,1.2,-0.9,1.5,-7.2,-17.2,1.118,21,3,0,0,3
79.9,13,isocontour,11.283791670955125,31595.05,66.49,20.7,-0.9,0.991,1.6,-2.3,2.8,-7.3,-17.2,1.114,21,6,0,0,6
79.9,14,isocontour,11.283791670955125,32609.48,68.62,8.1,-17.9,1.053,-3.0,-0.3,3.0,-7.2,-17.2,1.118,21,3,0,0,3
79.9,15,isocontour,11.283791670955125,31281.59,65.83,0.7,20.7,0.991,-1.0,0.4,1.1,-7.4,-17.2,1.113,21,3,0,0,3
79.9,16,isocontour,11.283791670955125,46569.58,98.0,-24.6,21.7,0.517,-0.4,-0.9,1.0,-24.6,21.7,0.517,16,0,0,0,0
79.9,17,isocontour,11.283791670955125,30861.51,64.94,9.5,18.6,0.983,3.4,0.5,3.4,-7.4,-17.2,1.113,21,3,0,0,3
79.9,18,isocontour,11.283791670955125,36776.23,77.39,-8.6,18.8,0.996,0.5,-1.2,1.3,-7.4,-17.2,1.113,21,3,0,0,3
79.9,19,isocontour,11.283791670955125,32797.5,69.02,-20.7,0.0,0.992,0.7,-3.0,3.1,-7.2,-17.2,1.118,21,3,0,0,3
79.9,20,isocontour,11.283791670955125,33492.91,70.48,8.7,-19.0,0.984,0.6,0.2,0.6,-7.2,-17.2,1.118,21,3,0,0,3
79.9,21,isocontour,11.283791670955125,32749.75,68.92,-7.4,-17.1,1.117,-2.1,1.6,2.6,-7.4,-17.1,1.118,21,2,0,0,2
79.9,22,isocontour,11.283791670955125,35618.99,74.96,-19.4,-7.6,0.984,1.6,-2.4,2.9,-7.2,-17.2,1.118,21,3,0,0,3
79.9,23,isocontour,11.283791670955125,36471.43,76.75,-19.1,8.2,0.988,1.4,-0.1,1.4,-7.3,-17.2,1.114,21,3,0,0,3
79.9,24,isocontour,11.283791670955125,33713.33,70.95,0.3,-20.7,0.993,-3.0,-0.2,3.0,-7.2,-17.2,1.118,21,3,0,0,3
79.9,25,isocontour,11.283791670955125,33017.71,69.48,-14.3,13.5,1.057,0.1,2.3,2.3,-7.3,-17.2,1.114,21,3,0,0,3
79.9,Target,,,,,0.0,0.0,4.023,0.0,0.0,,,,,,,,,
80.0,1,isocontour,11.283791670955125,31480.71,66.25,19.0,8.4,0.99,0.4,3.8,3.8,19.0,8.4,0.999,1,5,0,0,5
80.0,2,isocontour,11.283791670955125,30058.03,63.25,8.5,18.9,0.992,0.8,-0.2,0.8,8.5,18.9,0.991,2,3,0,0,3
80.0,3,isocontour,11.283791670955125,31515.69,66.32,16.0,13.4,0.985,-0.5,0.5,0.7,16.0,13.4,0.986,3,5,0,0,5
80.0,4,isocontour,11.283791670955125,35590.95,74.9,19.1,5.6,1.038,0.9,2.3,2.5,19.1,5.6,1.045,4,7,0,0,7
80.0,5,isocontour,11.283791670955125,33377.11,70.24,18.7,6.3,1.05,1.0,1.0,1.4,18.7,6.3,1.056,5,7,0,0,7
80.0,6,isocontour,11.283791670955125,35178.53,74.03,18.5,-4.5,1.092,0.4,0.7,0.8,18.5,-4.5,1.094,6,6,0,0,6
80.0,7,isocontour,11.283791670955125,33275.98,70.03,-15.6,14.0,0.98,1.8,2.9,3.4,-15.6,14.0,0.984,7,3,0,0,3
80.0,8,isocontour,11.283791670955125,35173.61,74.02,18.8,-3.7,1.085,0.2,2.6,2.6,18.8,-3.7,1.084,8,6,0,0,6
80.0,9,isocontour,11.283791670955125,33127.72,69.71,20.8,1.6,0.986,2.4,-2.8,3.7,20.8,1.6,0.996,9,6,0,0,6
80.0,10,isocontour,11.283791670955125,32816.83,69.06,16.0,-13.1,0.996,-1.0,2.4,2.6,16.0,-13.1,0.986,10,4,0,0,4
80.0,11,isocontour,11.283791670955125,34655.02,72.93,-18.4,-7.0,1.055,0.8,-2.8,2.9,-18.4,-7.0,1.055,11,3,0,0,3
80.0,12,isocontour,11.283791670955125,33201.18,69.87,-15.6,-13.3,1.008,2.0,-1.8,2.7,-15.6,-13.3,1.006,12,3,0,0,3
80.0,13,isocontour,11.283791670955125,31567.0,66.43,20.9,-1.1,0.982,1.7,-2.2,2.8,20.9,-1.1,0.991,13,6,0,0,6
80.0,14,isocontour,11.283791670955125,32606.61,68.62,7.9,-18.0,1.053,-1.1,-0.6,1.3,7.9,-18.0,1.053,14,3,0,0,3
80.0,15,isocontour,11.283791670955125,31271.29,65.81,0.6,20.9,0.981,-0.3,2.0,2.0,0.6,20.9,0.991,15,3,0,0,3
80.0,16,isocontour,11.283791670955125,46568.48,98.0,-24.5,21.6,0.52,0.7,-0.7,1.0,-24.5,21.6,0.517,16,0,0,0,0
80.0,17,isocontour,11.283791670955125,30843.57,64.91,9.3,18.7,0.981,-2.2,1.1,2.5,9.3,18.7,0.983,17,3,0,0,3
80.0,18,isocontour,11.283791670955125,36743.12,77.32,-8.8,18.7,0.996,-2.8,-0.9,2.9,-8.8,18.7,0.996,18,3,0,0,3
80.0,19,isocontour,11.283791670955125,32797.0,69.02,-20.7,0.0,0.993,0.1,0.7,0.7,-20.7,0.0,0.992,19,3,0,0,3
80.0,20,isocontour,11.283791670955125,33490.59,70.48,8.6,-19.0,0.987,-1.2,0.2,1.2,8.6,-19.0,0.984,20,3,0,0,3
80.0,21,isocontour,11.283791670955125,32727.0,68.87,-7.6,-17.0,1.115,-2.5,0.6,2.6,-7.6,-17.0,1.117,21,2,0,0,2
80.0,22,isocontour,11.283791670955125,35613.17,74.94,-19.3,-7.7,0.991,1.5,-0.6,1.6,-19.3,-7.7,0.984,22,3,0,0,3
80.0,23,isocontour,11.283791670955125,36469.48,76.75,-19.1,8.1,0.993,0.3,-1.1,1.1,-19.1,8.1,0.988,23,3,0,0,3
80.0,24,isocontour,11.283791670955125,33678.86,70.87,-0.0,-20.8,0.991,-3.0,-0.4,3.0,-0.0,-20.8,0.993,24,3,0,0,3
80.0,25,isocontour,11.283791670955125,32990.25,69.42,-14.1,13.6,1.058,2.2,1.7,2.8,-14.1,13.6,1.057,25,3,0,0,3
80.0,Target,,,,,0.0,0.0,4.023,0.0,0.0,,,,,,,,,
80.1,1,isocontour,11.283791670955125,31480.29,66.25,19.0,8.5,0.988,-0.2,0.6,0.6,18.7,6.3,1.056,5,5,0,0,5
80.1,2,isocontour,11.283791670955125,30049.05,63.23,8.6,19.0,0.983,1.3,1.4,1.9,8.6,19.0,0.992,2,3,0,0,3
80.1,3,isocontour,11.283791670955125,31496.39,66.28,15.7,13.4,0.995,-2.5,-0.3,2.5,18.7,6.3,1.056,5,5,0,0,5
80.1,4,isocontour,11.283791670955125,35569.96,74.85,19.1,5.9,1.034,-0.1,2.5,2.5,18.5,-4.5,1.094,6,7,0,0,7
80.1,5,isocontour,11.283791670955125,33354.36,70.19,18.9,6.3,1.039,2.4,-0.9,2.6,18.5,-4.5,1.094,6,7,0,0,7
80.1,6,isocontour,11.283791670955125,35175.91,74.02,18.4,-4.6,1.095,-0.8,-1.0,1.3,18.4,-4.6,1.094,6,6,0,0,6
80.1,7,isocontour,11.283791670955125,33269.95,70.01,-15.4,14.1,0.981,1.3,1.0,1.6,-14.1,13.6,1.058,25,3,0,0,3
80.1,8,isocontour,11.283791670955125,35135.24,73.94,18.7,-4.0,1.087,-0.9,-3.0,3.1,18.5,-4.5,1.094,6,6,0,0,6
80.1,9,isocontour,11.283791670955125,33101.99,69.66,20.9,1.8,0.978,1.1,2.5,2.7,18.5,-4.5,1.094,6,6,0,0,6
80.1,10,isocontour,11.283791670955125,32816.42,69.06,16.0,-13.1,0.996,0.0,-0.7,0.7,18.5,-4.5,1.094,6,4,0,0,4
80.1,11,isocontour,11.283791670955125,34651.22,72.92,-18.5,-7.0,1.049,-1.3,0.6,1.4,-18.5,-7.0,1.055,11,3,0,0,3
80.1,12,isocontour,11.283791670955125,33075.25,69.6,-15.3,-13.6,1.009,3.1,-3.4,4.6,-7.6,-17.0,1.117,21,3,0,0,3
80.1,13,isocontour,11.283791670955125,31565.72,66.43,21.0,-1.2,0.976,0.9,-0.5,1.0,18.5,-4.5,1.094,6,6,0,0,6
80.1,14,isocontour,11.283791670955125,32586.36,68.57,8.1,-17.9,1.052,2.4,0.8,2.5,8.1,-17.9,1.053,14,3,0,0,3
80.1,15,isocontour,11.283791670955125,31242.02,65.75,0.4,20.9,0.982,-2.8,-0.5,2.8,-8.8,18.7,0.996,18,3,0,0,3
80.1,16,isocontour,11.283791670955125,46567.38,98.0,-24.4,21.5,0.522,0.5,-0.8,0.9,-24.4,21.5,0.52,16,0,0,0,0
80.1,17,isocontour,11.283791670955125,30833.57,64.89,9.5,18.7,0.981,1.8,-0.7,1.9,8.5,18.9,0.992,2,3,0,0,3
80.1,18,isocontour,11.283791670955125,36741.28,77.32,-8.8,18.8,0.992,0.4,1.1,1.2,-14.1,13.6,1.058,25,3,0,0,3
80.1,19,isocontour,11.283791670955125,32741.94,68.9,-21.0,0.2,0.979,-2.9,2.0,3.5,-18.4,-7.0,1.055,11,3,0,0,3
80.1,20,isocontour,11.283791670955125,33468.35,70.43,8.7,-18.8,0.992,1.8,1.8,2.5,7.9,-18.0,1.053,14,3,0,0,3
80.1,21,isocontour,11.283791670955125,32700.7,68.81,-7.9,-16.9,1.114,-2.6,1.0,2.8,-7.9,-16.9,1.117,21,2,0,0,2
80.1,22,isocontour,11.283791670955125,35594.56,74.9,-19.4,-7.9,0.982,-1.4,-2.0,2.4,-18.4,-7.0,1.055,11,3,0,0,3
80.1,23,isocontour,11.283791670955125,36465.36,76.74,-19.0,8.2,0.995,0.9,1.2,1.5,-14.1,13.6,1.058,25,3,0,0,3
80.1,24,isocontour,11.283791670955125,33643.71,70.8,-0.3,-20.8,0.988,-3.0,-0.5,3.0,-7.6,-17.0,1.117,21,3,0,0,3
80.1,25,isocontour,11.283791670955125,32980.4,69.4,-13.9,13.7,1.063,1.9,0.5,2.0,-13.9,13.7,1.058,25,3,0,0,3
80.1,Target,,,,,0.0,0.0,4.023,0.0,0.0,,,,,,,,,
80.2,1,isocontour,11.283791670955125,31457.27,66.2,18.8,8.7,0.992,-1.8,1.9,2.6,18.5,-4.5,1.094,6,5,0,0,5
80.2,2,isocontour,11.283791670955125,30023.88,63.18,8.8,19.2,0.971,2.3,1.4,2.7,18.7,6.3,1.056,5,3,0,0,3
80.2,3,isocontour,11.283791670955125,31495.32,66.28,15.8,13.4,0.993,0.9,0.1,0.9,18.5,-4.5,1.094,6,5,0,0,5
80.2,4,isocontour,11.283791670955125,35567.81,74.85,19.2,5.9,1.031,0.7,-1.0,1.2,18.4,-4.6,1.095,6,7,0,0,7
80.2,5,isocontour,11.283791670955125,33330.81,70.14,18.8,6.4,1.041,-1.5,2.2,2.7,18.4,-4.6,1.095,6,7,0,0,7
80.2,6,isocontour,11.283791670955125,35174.43,74.02,18.4,-4.7,1.096,-0.4,-1.0,1.1,18.4,-4.7,1.095,6,6,0,0,6
80.2,7,isocontour,11.283791670955125,33250.18,69.97,-15.3,14.0,0.993,1.6,-1.9,2.5,-13.9,13.7,1.063,25,3,0,0,3
80.2,8,isocontour,11.283791670955125,35105.97,73.88,18.5,-4.2,1.093,-1.6,-2.3,2.8,18.4,-4.6,1.095,6,6,0,0,6
80.2,9,isocontour,11.283791670955125,33100.28,69.66,20.8,1.8,0.981,-1.0,0.5,1.1,18.4,-4.6,1.095,6,6,0,0,6
80.2,10,isocontour,11.283791670955125,32813.75,69.05,16.1,-13.1,0.993,1.1,0.6,1.3,18.4,-4.6,1.095,6,4,0,0,4
80.2,11,isocontour,11.283791670955125,34649.56,72.92,-18.4,-7.1,1.049,0.4,-1.0,1.1,-7.6,-17.0,1.117,21,3,0,0,3
80.2,12,isocontour,11.283791670955125,33064.33,69.58,-15.3,-13.8,1.001,-0.5,-2.0,2.1,-7.6,-17.0,1.117,21,3,0,0,3
80.2,13,isocontour,11.283791670955125,31564.68,66.42,20.9,-1.2,0.978,-0.6,0.7,0.9,18.4,-4.6,1.095,6,6,0,0,6
80.2,14,isocontour,11.283791670955125,32565.38,68.53,8.4,-17.8,1.051,2.3,1.0,2.5,-7.6,-17.0,1.117,21,3,0,0,3
80.2,15,isocontour,11.283791670955125,31238.38,65.74,0.3,20.8,0.988,-1.0,-1.0,1.4,-14.1,13.6,1.058,25,3,0,0,3
80.2,16,isocontour,11.283791670955125,46566.28,97.99,-24.4,21.6,0.521,-0.0,0.9,0.9,-24.4,21.6,0.522,16,0,0,0,0
80.2,17,isocontour,11.283791670955125,30814.96,64.85,9.7,18.6,0.981,2.1,-1.2,2.4,18.7,6.3,1.056,5,3,0,0,3
80.2,18,isocontour,11.283791670955125,36723.11,77.28,-8.6,18.9,0.991,2.2,1.0,2.4,-13.9,13.7,1.063,25,3,0,0,3
80.2,19,isocontour,11.283791670955125,32649.16,68.71,-21.0,0.6,0.976,-0.2,4.2,4.2,-14.1,13.6,1.058,25,3,0,0,3
80.2,20,isocontour,11.283791670955125,33463.88,70.42,8.6,-18.8,0.995,-1.5,-0.2,1.5,-7.6,-17.0,1.117,21,3,0,0,3
80.2,21,isocontour,11.283791670955125,32696.23,68.81,-8.0,-16.8,1.116,-1.1,1.1,1.6,-8.0,-16.8,1.117,21,2,0,0,2
80.2,22,isocontour,11.283791670955125,35541.8,74.79,-19.5,-8.2,0.971,-0.8,-3.4,3.5,-7.6,-17.0,1.117,21,3,0,0,3
80.2,23,isocontour,11.283791670955125,36464.81,76.74,-19.0,8.2,0.994,-0.5,-0.6,0.8,-13.9,13.7,1.063,25,3,0,0,3
80.2,24,isocontour,11.283791670955125,33642.35,70.8,-0.3,-20.7,0.991,0.6,0.8,1.0,-7.6,-17.0,1.117,21,3,0,0,3
80.2,25,isocontour,11.283791670955125,32978.46,69.4,-13.9,13.7,1.062,-1.1,-0.4,1.2,-13.9,13.7,1.063,25,3,0,0,3
80.2,Target,,,,,0.0,0.0,4.023,0.0,0.0,,,,,,,,,
80.3,1,isocontour,11.283791670955125,31432.92,66.15,19.0,8.6,0.988,2.0,-1.8,2.7,18.4,-4.6,1.095,6,5,0,0,5
80.3,2,isocontour,11.283791670955125,29990.76,63.11,9.0,19.0,0.976,1.8,-2.4,3.0,18.5,-4.5,1.094,6,3,0,0,3
80.3,3,isocontour,11.283791670955125,31387.18,66.05,15.6,13.7,0.987,-1.8,4.0,4.4,18.4,-4.6,1.095,6,5,0,0,5
80.3,4,isocontour,11.283791670955125,35554.13,74.82,19.2,6.0,1.028,-0.1,2.2,2.2,18.4,-4.7,1.096,6,7,0,0,7
80.3,5,isocontour,11.283791670955125,33329.29,70.14,18.7,6.5,1.044,-0.9,0.6,1.1,18.4,-4.7,1.096,6,7,0,0,7
80.3,6,isocontour,11.283791670955125,35038.5,73.73,18.3,-5.1,1.097,-1.4,-4.5,4.7,18.3,-5.1,1.096,6,6,0,0,6
80.3,7,isocontour,11.283791670955125,33229.44,69.93,-15.4,14.1,0.983,-2.3,1.0,2.5,-13.9,13.7,1.063,25,3,0,0,3
80.3,8,isocontour,11.283791670955125,35105.24,73.87,18.5,-4.2,1.096,-0.4,0.7,0.8,18.4,-4.7,1.096,6,6,0,0,6
80.3,9,isocontour,11.283791670955125,33098.76,69.65,20.7,1.9,0.986,-0.9,0.5,1.0,18.4,-4.7,1.096,6,6,0,0,6
80.3,10,isocontour,11.283791670955125,32789.94,69.0,16.2,-12.9,0.993,1.6,2.1,2.6,-7.6,-17.0,1.117,21,4,0,0,4
80.3,11,isocontour,11.283791670955125,34617.11,72.85,-18.3,-7.3,1.053,1.8,-2.3,2.9,-7.6,-17.0,1.117,21,3,0,0,3
80.3,12,isocontour,11.283791670955125,33060.12,69.57,-15.3,-13.9,0.993,-0.4,-1.4,1.5,-7.6,-17.0,1.117,21,3,0,0,3
80.3,13,isocontour,11.283791670955125,31548.04,66.39,20.9,-0.9,0.98,-0.1,2.3,2.3,18.4,-4.7,1.096,6,6,0,0,6
80.3,14,isocontour,11.283791670955125,32561.65,68.52,8.4,-17.7,1.056,0.4,1.4,1.5,-7.6,-17.0,1.117,21,3,0,0,3
80.3,15,isocontour,11.283791670955125,31200.73,65.66,-0.0,20.7,0.991,-3.0,-0.5,3.0,-13.9,13.7,1.063,25,3,0,0,3
80.3,16,isocontour,11.283791670955125,46565.18,97.99,-24.4,21.5,0.523,0.8,-0.5,0.9,-24.4,21.5,0.522,16,0,0,0,0
80.3,17,isocontour,11.283791670955125,30780.83,64.77,9.8,18.3,0.99,1.1,-2.8,3.0,18.5,-4.5,1.094,6,3,0,0,3
80.3,18,isocontour,11.283791670955125,36616.43,77.05,-8.3,19.1,0.988,3.7,2.3,4.4,-13.9,13.7,1.063,25,3,0,0,3
80.3,19,isocontour,11.283791670955125,32648.06,68.7,-21.0,0.7,0.979,0.7,0.6,0.9,-7.6,-17.0,1.117,21,3,0,0,3
80.3,20,isocontour,11.283791670955125,33406.44,70.3,8.8,-19.0,0.978,1.8,-3.1,3.6,-7.6,-17.0,1.117,21,3,0,0,3
80.3,21,isocontour,11.283791670955125,32665.72,68.74,-8.3,-16.7,1.115,-2.7,1.0,2.9,-8.3,-16.7,1.117,21,2,0,0,2
80.3,22,isocontour,11.283791670955125,35519.82,74.75,-19.4,-8.4,0.969,1.0,-2.4,2.6,-7.6,-17.0,1.117,21,3,0,0,3
80.3,23,isocontour,11.283791670955125,36361.73,76.52,-19.3,7.9,0.987,-3.0,-3.2,4.4,-13.9,13.7,1.063,25,3,0,0,3
80.3,24,isocontour,11.283791670955125,33640.19,70.79,-0.4,-20.8,0.99,-1.2,-0.3,1.2,-7.6,-17.0,1.117,21,3,0,0,3
80.3,25,isocontour,11.283791670955125,32977.02,69.4,-14.0,13.7,1.058,-1.0,-0.2,1.0,-14.0,13.7,1.063,25,3,0,0,3
80.3,Target,,,,,0.0,0.0,4.023,0.0,0.0,,,,,,,,,
80.4,1,isocontour,11.283791670955125,31432.42,66.15,18.9,8.6,0.989,-0.6,0.4,0.7,18.4,-4.7,1.096,6,5,0,0,5
80.4,2,isocontour,11.283791670955125,29973.04,63.07,8.8,18.9,0.984,-2.3,-0.6,2.4,18.4,-4.6,1.095,6,3,0,0,3
80.4,3,isocontour,11.283791670955125,31376.41,66.03,15.5,13.7,0.995,-1.6,-1.2,2.0,18.4,-4.7,1.096,6,5,0,0,5
80.4,4,isocontour,11.283791670955125,35553.37,74.82,19.1,6.1,1.03,-0.7,0.5,0.9,18.3,-5.1,1.097,6,7,0,0,7
80.4,5,isocontour,11.283791670955125,33316.87,70.11,18.9,6.4,1.038,1.8,-1.1,2.1,18.4,-4.7,1.096,6,6,0,0,6
80.4,6,isocontour,11.283791670955125,35025.72,73.71,18.4,-5.3,1.087,1.6,-1.4,2.1,-7.6,-17.0,1.117,21,5,0,0,5
80.4,7,isocontour,11.283791670955125,33225.87,69.92,-15.4,14.1,0.985,1.3,0.4,1.4,-13.9,13.7,1.063,25,3,0,0,3
80.4,8,isocontour,11.283791670955125,35070.43,73.8,18.4,-4.4,1.098,-0.9,-2.9,3.0,-7.6,-17.0,1.117,21,6,0,0,6
80.4,9,isocontour,11.283791670955125,33095.11,69.64,20.7,2.0,0.986,0.1,1.4,1.4,18.3,-5.1,1.097,6,6,0,0,6
80.4,10,isocontour,11.283791670955125,32788.14,69.0,16.2,-12.9,0.99,0.0,-1.1,1.1,-7.6,-17.0,1.117,21,4,0,0,4
80.4,11,isocontour,11.283791670955125,34614.85,72.84,-18.2,-7.4,1.053,0.4,-1.1,1.2,-7.6,-17.0,1.117,21,3,0,0,3
80.4,12,isocontour,11.283791670955125,33048.71,69.55,-15.2,-14.1,0.991,1.2,-1.6,2.0,-7.6,-17.0,1.117,21,3,0,0,3
80.4,13,isocontour,11.283791670955125,31524.76,66.34,20.9,-0.7,0.984,-0.7,2.5,2.6,18.3,-5.1,1.097,6,6,0,0,6
80.4,14,isocontour,11.283791670955125,32557.77,68.51,8.4,-17.6,1.064,0.1,1.4,1.4,-7.6,-17.0,1.117,21,3,0,0,3
80.4,15,isocontour,11.283791670955125,31199.49,65.66,0.0,20.7,0.992,1.0,-0.1,1.0,18.5,-4.5,1.094,6,3,0,0,3
80.4,16,isocontour,11.283791670955125,46564.08,97.99,-24.4,21.6,0.521,-0.9,0.4,1.0,-24.4,21.6,0.523,16,0,0,0,0
80.4,17,isocontour,11.283791670955125,30757.56,64.73,9.6,18.2,0.998,-2.6,-0.3,2.6,18.4,-4.6,1.095,6,3,0,0,3
80.4,18,isocontour,11.283791670955125,36608.52,77.04,-8.2,19.3,0.98,-0.1,1.8,1.8,-13.9,13.7,1.063,25,3,0,0,3
80.4,19,isocontour,11.283791670955125,32625.57,68.66,-20.9,0.9,0.983,0.9,2.4,2.6,-7.6,-17.0,1.117,21,3,0,0,3
80.4,20,isocontour,11.283791670955125,33406.41,70.3,8.8,-19.1,0.975,-0.3,-0.1,0.3,-7.6,-17.0,1.117,21,3,0,0,3
80.4,21,isocontour,11.283791670955125,32636.14,68.68,-8.5,-16.7,1.11,-2.8,0.4,2.8,-8.5,-16.7,1.117,21,2,0,0,2
80.4,22,isocontour,11.283791670955125,35494.92,74.69,-19.2,-8.5,0.979,2.6,-0.5,2.6,-7.6,-17.0,1.117,21,3,0,0,3
80.4,23,isocontour,11.283791670955125,36361.32,76.52,-19.3,7.8,0.989,0.6,-0.2,0.6,-7.6,-17.0,1.117,21,3,0,0,3
80.4,24,isocontour,11.283791670955125,33637.93,70.79,-0.5,-20.7,0.991,-1.2,0.1,1.2,-7.6,-17.0,1.117,21,3,0,0,3
80.4,25,isocontour,11.283791670955125,32955.03,69.35,-14.1,13.8,1.046,-1.1,2.4,2.6,-14.1,13.8,1.063,25,3,0,0,3
80.4,Target,,,,,0.0,0.0,4.023,0.0,0.0,,,,,,,,,
80.5,1,isocontour,11.283791670955125,31424.25,66.13,18.8,8.6,0.996,-1.8,0.5,1.9,18.3,-5.1,1.097,6,5,0,0,5
80.5,2,isocontour,11.283791670955125,29968.48,63.06,8.8,18.8,0.992,0.2,-1.5,1.5,18.4,-4.7,1.096,6,3,0,0,3
80.5,3,isocontour,11.283791670955125,31345.26,65.96,15.6,13.5,0.998,1.7,-2.4,2.9,18.3,-5.1,1.097,6,5,0,0,5
80.5,4,isocontour,11.283791670955125,35552.01,74.81,19.1,6.0,1.033,-0.3,-1.0,1.0,-7.6,-17.0,1.117,21,6,0,0,6
80.5,5,isocontour,11.283791670955125,33289.11,70.05,18.7,6.6,1.042,-1.8,2.1,2.8,-7.6,-17.0,1.117,21,6,0,0,6
80.5,6,isocontour,11.283791670955125,35012.05,73.68,18.5,-5.1,1.079,1.5,1.6,2.2,-7.6,-17.0,1.117,21,4,0,0,4
80.5,7,isocontour,11.283791670955125,33193.42,69.85,-15.5,13.9,0.989,-1.3,-2.6,2.9,-7.6,-17.0,1.117,21,3,0,0,3
80.5,8,isocontour,11.283791670955125,35069.58,73.8,18.4,-4.4,1.1,-0.2,0.8,0.8,-7.6,-17.0,1.117,21,6,0,0,6
80.5,9,isocontour,11.283791670955125,33071.04,69.59,20.7,2.3,0.989,-1.0,2.5,2.7,-7.6,-17.0,1.117,21,6,0,0,6
80.5,10,isocontour,11.283791670955125,32761.84,68.94,16.0,-13.0,0.997,-2.7,-0.6,2.8,-7.6,-17.0,1.117,21,4,0,0,4
80.5,11,isocontour,11.283791670955125,34577.93,72.77,-18.1,-7.7,1.053,1.2,-2.8,3.0,-7.6,-17.0,1.117,21,3,0,0,3
80.5,12,isocontour,11.283791670955125,33044.24,69.54,-15.2,-14.3,0.985,-0.4,-1.5,1.6,-7.6,-17.0,1.117,21,3,0,0,3
80.5,13,isocontour,11.283791670955125,31523.4,66.34,20.8,-0.6,0.988,-0.7,0.7,1.0,-7.6,-17.0,1.117,21,6,0,0,6
80.5,14,isocontour,11.283791670955125,32553.81,68.51,8.4,-17.5,1.072,-1.1,1.0,1.5,-7.6,-17.0,1.117,21,3,0,0,3
80.5,15,isocontour,11.283791670955125,31196.35,65.65,0.1,20.8,0.989,1.2,0.6,1.3,18.4,-4.6,1.095,6,3,0,0,3
80.5,16,isocontour,11.283791670955125,46562.98,97.99,-24.5,21.6,0.519,-0.3,0.9,0.9,-24.5,21.6,0.523,16,0,0,0,0
80.5,17,isocontour,11.283791670955125,30756.12,64.72,9.6,18.3,0.996,1.0,0.3,1.0,18.4,-4.7,1.096,6,3,0,0,3
80.5,18,isocontour,11.283791670955125,36599.54,77.02,-8.1,19.3,0.983,1.9,-0.3,1.9,18.5,-4.5,1.094,6,3,0,0,3
80.5,19,isocontour,11.283791670955125,32602.81,68.61,-20.8,1.2,0.988,0.9,2.4,2.6,-7.6,-17.0,1.117,21,3,0,0,3
80.5,20,isocontour,11.283791670955125,33397.84,70.28,8.6,-19.0,0.982,-1.7,0.9,1.9,-7.6,-17.0,1.117,21,3,0,0,3
80.5,21,isocontour,11.283791670955125,32613.9,68.63,-8.4,-16.8,1.107,2.2,-1.4,2.6,-8.4,-16.8,1.117,21,2,0,0,2
80.5,22,isocontour,11.283791670955125,35483.18,74.67,-18.9,-8.5,0.991,2.0,0.7,2.1,-7.6,-17.0,1.117,21,3,0,0,3
80.5,23,isocontour,11.283791670955125,36351.48,76.5,-19.1,7.9,0.997,1.9,0.5,2.0,-7.6,-17.0,1.117,21,3,0,0,3
80.5,24,isocontour,11.283791670955125,33635.61,70.78,-0.6,-20.7,0.991,-1.2,0.2,1.2,-7.6,-17.0,1.117,21,3,0,0,3
80.5,25,isocontour,11.283791670955125,32944.58,69.33,-14.3,13.8,1.04,-1.8,-0.8,2.0,-7.6,-17.0,1.117,21,3,0,0,3
80.5,Target,,,,,0.0,0.0,4.023,0.0,0.0,,,,,,,,,
80.6,1,isocontour,11.283791670955125,31391.47,66.06,18.9,8.4,0.997,1.2,-2.7,3.0,-7.6,-17.0,1.117,21,5,0,0,5
80.6,2,isocontour,11.283791670955125,29946.5,63.02,8.6,18.9,0.991,-2.1,1.5,2.6,18.3,-5.1,1.097,6,3,0,0,3
80.6,3,isocontour,11.283791670955125,31343.61,65.96,15.7,13.4,0.996,1.0,-0.3,1.0,-7.6,-17.0,1.117,21,5,0,0,5
80.6,4,isocontour,11.283791670955125,35545.2,74.8,19.1,6.2,1.031,0.0,1.7,1.7,-7.6,-17.0,1.117,21,7,0,0,7
80.6,5,isocontour,11.283791670955125,33272.25,70.02,18.7,6.8,1.04,-0.4,2.3,2.3,-7.6,-17.0,1.117,21,6,0,0,6
80.6,6,isocontour,11.283791670955125,34987.97,73.63,18.5,-5.3,1.077,-0.4,-2.6,2.6,-7.6,-17.0,1.117,21,5,0,0,5
80.6,7,isocontour,11.283791670955125,33168.52,69.8,-15.5,13.6,0.997,-0.4,-2.7,2.7,-7.6,-17.0,1.117,21,3,0,0,3
80.6,8,isocontour,11.283791670955125,35067.54,73.8,18.3,-4.5,1.101,-0.4,-1.1,1.2,-7.6,-17.0,1.117,21,6,0,0,6
80.6,9,isocontour,11.283791670955125,33046.14,69.54,20.6,2.5,0.993,-1.0,2.5,2.7,-7.6,-17.0,1.117,21,6,0,0,6
80.6,10,isocontour,11.283791670955125,32760.77,68.94,16.0,-12.9,1.0,0.3,0.9,0.9,-7.6,-17.0,1.117,21,4,0,0,4
80.6,11,isocontour,11.283791670955125,34577.17,72.76,-18.1,-7.7,1.051,-0.7,0.5,0.9,-7.6,-17.0,1.117,21,3,0,0,3
80.6,12,isocontour,11.283791670955125,33044.16,69.54,-15.2,-14.2,0.985,-0.0,0.4,0.4,-7.6,-17.0,1.117,21,3,0,0,3
80.6,13,isocontour,11.283791670955125,31498.78,66.29,20.7,-0.4,0.992,-0.6,2.6,2.7,-7.6,-17.0,1.117,21,6,0,0,6
80.6,14,isocontour,11.283791670955125,32526.64,68.45,8.5,-17.3,1.076,2.2,1.7,2.8,-7.6,-17.0,1.117,21,3,0,0,3
80.6,15,isocontour,11.283791670955125,31055.22,65.35,0.6,20.8,0.989,4.8,-0.1,4.8,18.4,-4.7,1.096,6,3,0,0,3
80.6,16,isocontour,11.283791670955125,46561.88,97.98,-24.4,21.7,0.519,0.6,0.7,0.9,-24.4,21.7,0.523,16,0,0,0,0
80.6,17,isocontour,11.283791670955125,30734.39,64.68,9.5,18.4,0.993,-1.9,1.7,2.5,18.3,-5.1,1.097,6,3,0,0,3
80.6,18,isocontour,11.283791670955125,36586.05,76.99,-8.0,19.1,0.994,0.5,-2.1,2.2,-7.6,-17.0,1.117,21,3,0,0,3
80.6,19,isocontour,11.283791670955125,32600.61,68.6,-20.7,1.2,0.994,1.1,0.3,1.1,-7.6,-17.0,1.117,21,3,0,0,3
80.6,20,isocontour,11.283791670955125,33371.54,70.23,8.8,-18.8,0.989,1.8,2.1,2.8,-7.6,-17.0,1.117,21,3,0,0,3
80.6,21,isocontour,11.283791670955125,32610.97,68.63,-8.3,-16.9,1.103,0.6,-1.2,1.3,-8.3,-16.9,1.117,21,2,0,0,2
80.6,22,isocontour,11.283791670955125,35481.39,74.67,-18.9,-8.5,0.994,0.7,-0.8,1.1,-7.6,-17.0,1.117,21,3,0,0,3
80.6,23,isocontour,11.283791670955125,36350.84,76.5,-19.1,7.9,0.995,-0.4,0.6,0.7,-7.6,-17.0,1.117,21,3,0,0,3
80.6,24,isocontour,11.283791670955125,33635.13,70.78,-0.6,-20.7,0.992,0.7,0.1,0.7,-7.6,-17.0,1.117,21,3,0,0,3
80.6,25,isocontour,11.283791670955125,32914.38,69.26,-14.5,13.6,1.039,-2.0,-2.0,2.8,-7.6,-17.0,1.117,21,3,0,0,3
80.6,Target,,,,,0.0,0.0,4.023,0.0,0.0,,,,,,,,,
80.7,1,isocontour,11.283791670955125,31367.93,66.01,18.8,8.6,0.994,-0.4,2.6,2.6,-7.6,-17.0,1.117,21,5,0,0,5
80.7,2,isocontour,11.283791670955125,29914.38,62.95,8.6,19.1,0.978,0.1,2.9,2.9,-7.6,-17.0,1.117,21,3,0,0,3
80.7,3,isocontour,11.283791670955125,31332.84,65.94,15.9,13.5,0.986,1.5,1.3,2.0,-7.6,-17.0,1.117,21,5,0,0,5
80.7,4,isocontour,11.283791670955125,35520.58,74.75,19.0,6.4,1.032,-1.1,2.5,2.7,-7.6,-17.0,1.117,21,6,0,0,6
80.7,5,isocontour,11.283791670955125,33271.12,70.01,18.6,6.9,1.04,-0.3,0.9,0.9,-7.6,-17.0,1.117,21,5,0,0,5
80.7,6,isocontour,11.283791670955125,34969.58,73.59,18.4,-5.5,1.083,-1.7,-1.7,2.4,-7.6,-17.0,1.117,21,4,0,0,4
80.7,7,isocontour,11.283791670955125,33154.85,69.77,-15.7,13.6,0.988,-2.0,0.8,2.2,-7.6,-17.0,1.117,21,3,0,0,3
80.7,8,isocontour,11.283791670955125,35031.33,73.72,18.3,-4.7,1.102,-0.9,-2.9,3.0,-7.6,-17.0,1.117,21,6,0,0,6
80.7,9,isocontour,11.283791670955125,33044.2,69.54,20.6,2.5,0.991,0.6,-0.9,1.1,-7.6,-17.0,1.117,21,6,0,0,6
80.7,10,isocontour,11.283791670955125,32758.46,68.94,16.0,-13.0,0.997,0.0,-1.2,1.2,-7.6,-17.0,1.117,21,4,0,0,4
80.7,11,isocontour,11.283791670955125,34576.56,72.76,-18.2,-7.6,1.05,-0.5,0.6,0.8,-7.6,-17.0,1.117,21,3,0,0,3
80.7,12,isocontour,11.283791670955125,33027.73,69.5,-15.2,-14.0,0.992,-0.2,2.3,2.3,-7.6,-17.0,1.117,21,3,0,0,3
80.7,13,isocontour,11.283791670955125,31466.0,66.22,20.7,-0.6,0.993,-0.2,-2.9,2.9,-7.6,-17.0,1.117,21,6,0,0,6
80.7,14,isocontour,11.283791670955125,32522.43,68.44,8.6,-17.2,1.081,0.6,1.3,1.4,-7.6,-17.0,1.117,21,3,0,0,3
80.7,15,isocontour,11.283791670955125,31032.21,65.3,0.8,20.6,0.996,2.1,-1.6,2.6,-7.6,-17.0,1.117,21,3,0,0,3
80.7,16,isocontour,11.283791670955125,46560.78,97.98,-24.5,21.7,0.518,-0.8,-0.5,0.9,-24.5,21.7,0.523,16,0,0,0,0
80.7,17,isocontour,11.283791670955125,30706.03,64.62,9.3,18.6,0.987,-1.8,2.2,2.8,-7.6,-17.0,1.117,21,3,0,0,3
80.7,18,isocontour,11.283791670955125,36564.57,76.95,-7.8,19.1,0.996,2.4,0.9,2.6,-7.6,-17.0,1.117,21,3,0,0,3
80.7,19,isocontour,11.283791670955125,32598.11,68.6,-20.7,1.2,0.989,-1.2,0.1,1.2,-7.6,-17.0,1.117,21,3,0,0,3
80.7,20,isocontour,11.283791670955125,33349.04,70.18,9.0,-18.7,0.992,2.2,1.4,2.6,-7.6,-17.0,1.117,21,3,0,0,3
80.7,21,isocontour,11.283791670955125,32606.05,68.62,-8.2,-17.0,1.098,0.8,-1.4,1.6,-8.2,-17.0,1.117,21,2,0,0,2
80.7,22,isocontour,11.283791670955125,35474.81,74.65,-18.9,-8.7,0.989,-0.4,-1.7,1.7,-7.6,-17.0,1.117,21,3,0,0,3
80.7,23,isocontour,11.283791670955125,36307.08,76.4,-19.4,7.8,0.983,-3.0,-1.2,3.2,-7.6,-17.0,1.117,21,3,0,0,3
80.7,24,isocontour,11.283791670955125,33634.67,70.78,-0.5,-20.7,0.993,0.7,0.1,0.7,-7.6,-17.0,1.117,21,3,0,0,3
80.7,25,isocontour,11.283791670955125,32892.14,69.22,-14.6,13.4,1.045,-0.6,-2.5,2.6,-7.6,-17.0,1.117,21,3,0,0,3
80.7,Target,,,,,0.0,0.0,4.023,0.0,0.0,,,,,,,,,
80.8,1,isocontour,11.283791670955125,31344.65,65.96,18.8,8.8,0.989,-0.2,2.6,2.6,-7.6,-17.0,1.117,21,5,0,0,5
80.8,2,isocontour,11.283791670955125,29888.93,62.9,8.4,19.3,0.973,-2.2,1.6,2.7,-7.6,-17.0,1.117,21,3,0,0,3
80.8,3,isocontour,11.283791670955125,31330.41,65.93,15.9,13.4,0.988,-0.1,-1.2,1.2,-7.6,-17.0,1.117,21,5,0,0,5
80.8,4,isocontour,11.283791670955125,35517.16,74.74,19.0,6.3,1.03,0.8,-1.1,1.4,-7.6,-17.0,1.117,21,6,0,0,6
80.8,5,isocontour,11.283791670955125,33269.84,70.01,18.6,6.9,1.041,0.0,-1.0,1.0,-7.6,-17.0,1.117,21,5,0,0,5
80.8,6,isocontour,11.283791670955125,34943.28,73.53,18.3,-5.8,1.081,-0.3,-2.7,2.7,-7.6,-17.0,1.117,21,4,0,0,4
80.8,7,isocontour,11.283791670955125,33090.92,69.64,-15.6,13.9,0.981,1.6,3.3,3.7,-7.6,-17.0,1.117,21,3,0,0,3
80.8,8,isocontour,11.283791670955125,34996.17,73.65,18.2,-5.0,1.1,-0.4,-3.0,3.0,-7.6,-17.0,1.117,21,5,0,0,5
80.8,9,isocontour,11.283791670955125,33017.61,69.48,20.8,2.4,0.979,2.6,-0.8,2.7,-7.6,-17.0,1.117,21,6,0,0,6
80.8,10,isocontour,11.283791670955125,32750.8,68.92,16.1,-13.2,0.988,1.2,-1.4,1.8,-7.6,-17.0,1.117,21,4,0,0,4
80.8,11,isocontour,11.283791670955125,34554.82,72.72,-18.1,-7.8,1.049,0.8,-2.4,2.5,-7.6,-17.0,1.117,21,3,0,0,3
80.8,12,isocontour,11.283791670955125,33027.32,69.5,-15.3,-14.0,0.993,-0.5,0.5,0.7,-7.6,-17.0,1.117,21,3,0,0,3
80.8,13,isocontour,11.283791670955125,31354.15,65.98,20.8,-1.0,0.985,1.6,-4.2,4.5,-7.6,-17.0,1.117,21,6,0,0,6
80.8,14,isocontour,11.283791670955125,32521.52,68.44,8.7,-17.1,1.082,0.8,0.4,0.9,-7.6,-17.0,1.117,21,3,0,0,3
80.8,15,isocontour,11.283791670955125,31007.86,65.25,1.1,20.6,0.996,2.7,0.1,2.7,-7.6,-17.0,1.117,21,3,0,0,3
80.8,16,isocontour,11.283791670955125,46559.68,97.98,-24.6,21.7,0.516,-0.7,0.6,0.9,-24.6,21.7,0.523,16,0,0,0,0
80.8,17,isocontour,11.283791670955125,30652.36,64.5,9.0,18.8,0.983,-2.7,2.2,3.5,-7.6,-17.0,1.117,21,3,0,0,3
80.8,18,isocontour,11.283791670955125,36561.29,76.94,-7.8,19.1,0.998,-1.0,-0.9,1.3,-7.6,-17.0,1.117,21,3,0,0,3
80.8,19,isocontour,11.283791670955125,32563.65,68.53,-20.8,1.0,0.989,0.1,-3.0,3.0,-7.6,-17.0,1.117,21,3,0,0,3
80.8,20,isocontour,11.283791670955125,33333.43,70.15,9.2,-18.8,0.982,1.8,-1.5,2.3,-7.6,-17.0,1.117,21,3,0,0,3
80.8,21,isocontour,11.283791670955125,32601.03,68.6,-8.2,-17.2,1.092,0.7,-1.4,1.6,-8.2,-17.2,1.117,21,2,0,0,2
80.8,22,isocontour,11.283791670955125,35467.88,74.64,-18.9,-8.9,0.983,-0.5,-1.7,1.8,-7.6,-17.0,1.117,21,3,0,0,3
80.8,23,isocontour,11.283791670955125,36295.0,76.38,-19.4,7.7,0.987,0.5,-2.1,2.2,-7.6,-17.0,1.117,21,3,0,0,3
80.8,24,isocontour,11.283791670955125,33632.52,70.78,-0.6,-20.7,0.992,-1.2,-0.3,1.2,-7.6,-17.0,1.117,21,3,0,0,3
80.8,25,isocontour,11.283791670955125,32887.76,69.21,-14.5,13.4,1.051,1.5,0.1,1.5,-7.6,-17.0,1.117,21,3,0,0,3
80.8,Target,,,,,0.0,0.0,4.023,0.0,0.0,,,,,,,,,
80.9,1,isocontour,11.283791670955125,31343.21,65.96,18.9,8.8,0.987,0.6,-0.9,1.1,-7.6,-17.0,1.117,21,5,0,0,5
80.9,2,isocontour,11.283791670955125,29855.81,62.83,8.2,19.2,0.982,-2.8,-1.1,3.0,-7.6,-17.0,1.117,21,3,0,0,3
80.9,3,isocontour,11.283791670955125,31295.6,65.86,16.0,13.2,0.993,1.2,-2.8,3.0,-7.6,-17.0,1.117,21,5,0,0,5
80.9,4,isocontour,11.283791670955125,35486.96,74.68,18.9,6.5,1.033,-1.5,2.5,2.9,-7.6,-17.0,1.117,21,5,0,0,5
80.9,5,isocontour,11.283791670955125,33265.46,70.0,18.7,6.7,1.043,0.4,-1.5,1.6,-7.6,-17.0,1.117,21,5,0,0,5
80.9,6,isocontour,11.283791670955125,34920.52,73.49,18.4,-5.6,1.077,1.4,2.2,2.6,-7.6,-17.0,1.117,21,4,0,0,4
80.9,7,isocontour,11.283791670955125,33089.26,69.63,-15.5,14.0,0.984,1.1,0.1,1.1,-7.6,-17.0,1.117,21,3,0,0,3
80.9,8,isocontour,11.283791670955125,34993.04,73.64,18.3,-5.1,1.093,1.3,-0.1,1.3,-7.6,-17.0,1.117,21,4,0,0,4
80.9,9,isocontour,11.283791670955125,33016.51,69.48,20.9,2.3,0.977,-0.1,-0.9,0.9,-7.6,-17.0,1.117,21,6,0,0,6
80.9,10,isocontour,11.283791670955125,32748.86,68.92,16.1,-13.1,0.99,-0.1,1.1,1.1,-7.6,-17.0,1.117,21,4,0,0,4
80.9,11,isocontour,11.283791670955125,34526.47,72.66,-18.0,-8.1,1.048,1.1,-2.6,2.8,-7.6,-17.0,1.117,21,3,0,0,3
80.9,12,isocontour,11.283791670955125,33019.41,69.49,-15.2,-14.1,0.993,1.1,-1.4,1.8,-7.6,-17.0,1.117,21,3,0,0,3
80.9,13,isocontour,11.283791670955125,31348.84,65.97,20.9,-0.9,0.98,0.7,1.4,1.6,-7.6,-17.0,1.117,21,6,0,0,6
80.9,14,isocontour,11.283791670955125,32519.77,68.43,8.6,-17.1,1.082,-0.9,-0.6,1.1,-7.6,-17.0,1.117,21,3,0,0,3
80.9,15,isocontour,11.283791670955125,31005.59,65.25,1.0,20.7,0.993,-1.1,0.6,1.3,-7.6,-17.0,1.117,21,3,0,0,3
80.9,16,isocontour,11.283791670955125,46558.58,97.98,-24.5,21.7,0.518,0.8,-0.5,0.9,-24.5,21.7,0.523,16,0,0,0,0
80.9,17,isocontour,11.283791670955125,30618.58,64.43,8.7,18.8,0.99,-2.9,-0.5,2.9,-7.6,-17.0,1.117,21,3,0,0,3
80.9,18,isocontour,11.283791670955125,36528.51,76.87,-8.1,19.0,0.998,-2.8,-0.9,2.9,-7.6,-17.0,1.117,21,3,0,0,3
80.9,19,isocontour,11.283791670955125,32527.44,68.45,-20.7,0.7,0.992,0.6,-3.0,3.1,-7.6,-17.0,1.117,21,3,0,0,3
80.9,20,isocontour,11.283791670955125,33316.79,70.11,9.0,-18.9,0.983,-2.3,-0.5,2.4,-7.6,-17.0,1.117,21,3,0,0,3
80.9,21,isocontour,11.283791670955125,32581.02,68.56,-8.4,-17.2,1.084,-2.5,-0.3,2.5,-8.4,-17.2,1.117,21,2,0,0,2
80.9,22,isocontour,11.283791670955125,35461.96,74.63,-18.8,-8.9,0.988,1.7,-0.1,1.7,-7.6,-17.0,1.117,21,3,0,0,3
80.9,23,isocontour,11.283791670955125,36263.21,76.31,-19.4,7.4,0.993,-0.1,-2.9,2.9,-7.6,-17.0,1.117,21,3,0,0,3
80.9,24,isocontour,11.283791670955125,33612.74,70.73,-0.4,-20.8,0.989,2.4,-0.7,2.5,-7.6,-17.0,1.117,21,3,0,0,3
80.9,25,isocontour,11.283791670955125,32876.84,69.19,-14.4,13.5,1.05,1.0,1.8,2.1,-7.6,-17.0,1.117,21,3,0,0,3
80.9,Target,,,,,0.0,0.0,4.023,0.0,0.0,,,,,,,,,
81.0,1,isocontour,11.283791670955125,31318.04,65.9,18.7,9.0,0.99,-1.7,2.1,2.7,-7.6,-17.0,1.117,21,5,0,0,5
81.0,2,isocontour,11.283791670955125,29846.26,62.81,8.1,19.1,0.993,-0.5,-1.9,2.0,-7.6,-17.0,1.117,21,3,0,0,3
81.0,3,isocontour,11.283791670955125,31295.09,65.86,16.0,13.2,0.99,0.6,0.5,0.8,-7.6,-17.0,1.117,21,5,0,0,5
81.0,4,isocontour,11.283791670955125,35486.94,74.68,18.9,6.5,1.034,-0.1,-0.2,0.2,-7.6,-17.0,1.117,21,5,0,0,5
81.0,5,isocontour,11.283791670955125,33144.34,69.75,18.4,7.0,1.05,-2.9,3.5,4.5,-7.6,-17.0,1.117,21,5,0,0,5
81.0,6,isocontour,11.283791670955125,34792.96,73.22,18.4,-6.0,1.069,0.1,-4.6,4.6,-7.6,-17.0,1.117,21,4,0,0,4
81.0,7,isocontour,11.283791670955125,33087.32,69.63,-15.4,14.1,0.985,0.9,0.7,1.1,-7.6,-17.0,1.117,21,3,0,0,3
81.0,8,isocontour,11.283791670955125,34992.77,73.64,18.4,-5.1,1.089,0.6,-0.2,0.6,-7.6,-17.0,1.117,21,4,0,0,4
81.0,9,isocontour,11.283791670955125,33013.7,69.47,20.8,2.3,0.983,-1.2,0.3,1.2,-7.6,-17.0,1.117,21,6,0,0,6
81.0,10,isocontour,11.283791670955125,32723.68,68.86,16.1,-12.8,0.999,-0.2,2.7,2.7,-7.6,-17.0,1.117,21,4,0,0,4
81.0,11,isocontour,11.283791670955125,34512.42,72.63,-17.9,-7.9,1.057,1.2,1.9,2.2,-7.6,-17.0,1.117,21,3,0,0,3
81.0,12,isocontour,11.283791670955125,32986.63,69.42,-15.1,-14.4,0.984,0.3,-2.9,2.9,-7.6,-17.0,1.117,21,3,0,0,3
81.0,13,isocontour,11.283791670955125,31323.67,65.92,20.9,-0.7,0.984,-0.8,2.6,2.7,-7.6,-17.0,1.117,21,6,0,0,6
81.0,14,isocontour,11.283791670955125,32517.57,68.43,8.5,-17.2,1.079,-0.8,-0.9,1.2,-7.6,-17.0,1.117,21,3,0,0,3
81.0,15,isocontour,11.283791670955125,31003.16,65.24,0.9,20.7,0.99,-1.1,0.6,1.3,-7.6,-17.0,1.117,21,3,0,0,3
81.0,16,isocontour,11.283791670955125,46557.48,97.97,-24.5,21.6,0.519,0.0,-0.9,0.9,-24.5,21.6,0.523,16,0,0,0,0
81.0,17,isocontour,11.283791670955125,30606.84,64.41,8.8,19.0,0.982,1.2,1.7,2.1,-7.6,-17.0,1.117,21,3,0,0,3
81.0,18,isocontour,11.283791670955125,36523.59,76.86,-8.2,19.1,0.99,-0.2,1.5,1.5,-7.6,-17.0,1.117,21,3,0,0,3
81.0,19,isocontour,11.283791670955125,32525.29,68.45,-20.7,0.5,0.992,-0.3,-1.2,1.2,-7.6,-17.0,1.117,21,3,0,0,3
81.0,20,isocontour,11.283791670955125,33285.64,70.05,8.9,-18.6,0.997,-0.7,2.8,2.9,-7.6,-17.0,1.117,21,3,0,0,3
81.0,21,isocontour,11.283791670955125,32579.53,68.56,-8.5,-17.2,1.083,-0.9,0.5,1.0,-8.5,-17.2,1.117,21,2,0,0,2
81.0,22,isocontour,11.283791670955125,35460.44,74.62,-18.7,-8.8,0.994,0.7,0.8,1.1,-7.6,-17.0,1.117,21,3,0,0,3
81.0,23,isocontour,11.283791670955125,36253.06,76.29,-19.4,7.5,0.988,-0.4,1.9,1.9,-7.6,-17.0,1.117,21,3,0,0,3
81.0,24,isocontour,11.283791670955125,33599.79,70.71,-0.4,-20.6,0.997,-0.9,2.0,2.2,-7.6,-17.0,1.117,21,3,0,0,3
81.0,25,isocontour,11.283791670955125,32865.59,69.16,-14.3,13.7,1.046,0.9,1.9,2.1,-7.6,-17.0,1.117,21,3,0,0,3
81.0,Target,,,,,0.0,0.0,4.023,0.0,0.0,,,,,,,,,
81.1,1,isocontour,11.283791670955125,31315.72,65.9,18.7,8.9,0.995,-0.5,-1.1,1.2,-7.6,-17.0,1.117,21,5,0,0,5
81.1,2,isocontour,11.283791670955125,29844.69,62.8,8.0,19.0,0.997,-1.0,-0.3,1.0,-7.6,-17.0,1.117,21,3,0,0,3
81.1,3,isocontour,11.283791670955125,31292.54,65.85,16.1,13.2,0.987,1.2,-0.4,1.3,-7.6,-17.0,1.117,21,5,0,0,5
81.1,4,isocontour,11.283791670955125,35483.37,74.67,18.8,6.6,1.038,-1.1,0.8,1.4,-7.6,-17.0,1.117,21,5,0,0,5
81.1,5,isocontour,11.283791670955125,33124.09,69.71,18.5,7.2,1.039,2.0,1.6,2.6,-7.6,-17.0,1.117,21,5,0,0,5
81.1,6,isocontour,11.283791670955125,34762.76,73.15,18.4,-6.3,1.068,-1.0,-2.7,2.9,-7.6,-17.0,1.117,21,4,0,0,4
81.1,7,isocontour,11.283791670955125,33081.29,69.62,-15.2,14.1,0.99,1.6,0.4,1.6,-7.6,-17.0,1.117,21,3,0,0,3
81.1,8,isocontour,11.283791670955125,34990.51,73.63,18.3,-5.2,1.09,-0.6,-1.0,1.2,-7.6,-17.0,1.117,21,4,0,0,4
81.1,9,isocontour,11.283791670955125,32989.9,69.42,20.6,2.5,0.989,-1.4,2.3,2.7,-7.6,-17.0,1.117,21,6,0,0,6
81.1,10,isocontour,11.283791670955125,32697.1,68.81,16.3,-12.7,0.999,2.0,1.8,2.7,-7.6,-17.0,1.117,21,4,0,0,4
81.1,11,isocontour,11.283791670955125,34511.63,72.63,-18.0,-7.9,1.057,-0.7,0.5,0.9,-7.6,-17.0,1.117,21,3,0,0,3
81.1,12,isocontour,11.283791670955125,32986.56,69.42,-15.1,-14.4,0.983,0.3,-0.2,0.4,-7.6,-17.0,1.117,21,3,0,0,3
81.1,13,isocontour,11.283791670955125,31322.5,65.91,20.8,-0.6,0.988,-0.7,0.7,1.0,-7.6,-17.0,1.117,21,6,0,0,6
81.1,14,isocontour,11.283791670955125,32515.19,68.42,8.6,-17.2,1.082,0.6,1.1,1.3,-7.6,-17.0,1.117,21,3,0,0,3
81.1,15,isocontour,11.283791670955125,30878.85,64.98,0.5,20.8,0.988,-4.6,0.6,4.6,-7.6,-17.0,1.117,21,3,0,0,3
81.1,16,isocontour,11.283791670955125,46556.38,97.97,-24.6,21.6,0.518,-0.9,0.1,0.9,-24.6,21.6,0.523,16,0,0,0,0
81.1,17,isocontour,11.283791670955125,30596.84,64.39,8.8,18.8,0.988,0.0,-2.0,2.0,-7.6,-17.0,1.117,21,3,0,0,3
81.1,18,isocontour,11.283791670955125,36502.36,76.81,-8.0,19.2,0.988,2.3,1.2,2.6,-7.6,-17.0,1.117,21,3,0,0,3
81.1,19,isocontour,11.283791670955125,32522.22,68.44,-20.8,0.4,0.989,-0.6,-1.2,1.3,-7.6,-17.0,1.117,21,3,0,0,3
81.1,20,isocontour,11.283791670955125,33262.88,70.0,9.0,-18.8,0.987,0.8,-2.5,2.6,-7.6,-17.0,1.117,21,3,0,0,3
81.1,21,isocontour,11.283791670955125,32553.52,68.5,-8.3,-17.3,1.083,2.5,-1.2,2.8,-8.3,-17.3,1.117,21,2,0,0,2
81.1,22,isocontour,11.283791670955125,35435.82,74.57,-18.7,-9.0,0.99,0.1,-2.7,2.7,-7.6,-17.0,1.117,21,3,0,0,3
81.1,23,isocontour,11.283791670955125,36148.55,76.07,-19.6,7.2,0.985,-2.0,-3.9,4.4,-7.6,-17.0,1.117,21,3,0,0,3
81.1,24,isocontour,11.283791670955125,33563.58,70.63,-0.7,-20.6,0.997,-3.0,-0.3,3.0,-7.6,-17.0,1.117,21,3,0,0,3
81.1,25,isocontour,11.283791670955125,32836.01,69.1,-14.0,13.8,1.05,2.6,1.2,2.9,-7.6,-17.0,1.117,21,3,0,0,3
81.1,Target,,,,,0.0,0.0,4.023,0.0,0.0,,,,,,,,,
81.2,1,isocontour,11.283791670955125,31315.11,65.9,18.6,8.9,0.995,-0.3,0.7,0.8,-7.6,-17.0,1.117,21,5,0,0,5
81.2,2,isocontour,11.283791670955125,29833.45,62.78,7.9,19.2,0.99,-0.6,2.0,2.1,-7.6,-17.0,1.117,21,3,0,0,3
81.2,3,isocontour,11.283791670955125,31242.47,65.75,15.9,13.3,0.993,-3.1,1.4,3.4,-7.6,-17.0,1.117,21,5,0,0,5
81.2,4,isocontour,11.283791670955125,35470.59,74.64,18.9,6.7,1.028,2.0,0.7,2.1,-7.6,-17.0,1.117,21,5,0,0,5
81.2,5,isocontour,11.283791670955125,33102.61,69.66,18.6,7.0,1.038,0.7,-2.5,2.6,-7.6,-17.0,1.117,21,5,0,0,5
81.2,6,isocontour,11.283791670955125,34749.81,73.13,18.2,-6.5,1.074,-1.6,-1.4,2.1,-7.6,-17.0,1.117,21,4,0,0,4
81.2,7,isocontour,11.283791670955125,33060.06,69.57,-15.0,14.1,0.999,2.5,0.1,2.5,-7.6,-17.0,1.117,21,3,0,0,3
81.2,8,isocontour,11.283791670955125,34987.83,73.63,18.3,-5.3,1.092,-0.7,-1.0,1.2,-7.6,-17.0,1.117,21,4,0,0,4
81.2,9,isocontour,11.283791670955125,32988.41,69.42,20.5,2.6,0.994,-0.9,0.6,1.1,-7.6,-17.0,1.117,21,6,0,0,6
81.2,10,isocontour,11.283791670955125,32671.36,68.75,16.3,-12.9,0.992,-0.5,-2.7,2.7,-7.6,-17.0,1.117,21,4,0,0,4
81.2,11,isocontour,11.283791670955125,34508.13,72.62,-18.1,-7.8,1.052,-1.3,0.6,1.4,-7.6,-17.0,1.117,21,3,0,0,3
81.2,12,isocontour,11.283791670955125,32981.26,69.41,-15.1,-14.3,0.989,0.3,1.6,1.6,-7.6,-17.0,1.117,21,3,0,0,3
81.2,13,isocontour,11.283791670955125,31321.32,65.91,20.7,-0.5,0.991,-0.6,0.7,0.9,-7.6,-17.0,1.117,21,6,0,0,6
81.2,14,isocontour,11.283791670955125,32513.91,68.42,8.6,-17.1,1.086,0.6,0.8,1.0,-7.6,-17.0,1.117,21,3,0,0,3
81.2,15,isocontour,11.283791670955125,30876.86,64.98,0.5,20.7,0.991,0.9,-0.8,1.2,-7.6,-17.0,1.117,21,3,0,0,3
81.2,16,isocontour,11.283791670955125,46555.28,97.97,-24.6,21.5,0.519,-0.1,-0.9,0.9,-24.6,21.5,0.523,16,0,0,0,0
81.2,17,isocontour,11.283791670955125,30590.03,64.37,8.7,18.7,0.996,-1.6,-0.6,1.7,-7.6,-17.0,1.117,21,3,0,0,3
81.2,18,isocontour,11.283791670955125,36500.31,76.81,-8.0,19.2,0.989,-0.9,-0.7,1.1,-7.6,-17.0,1.117,21,3,0,0,3
81.2,19,isocontour,11.283791670955125,32373.95,68.13,-20.8,-0.0,0.99,0.3,-4.9,4.9,-7.6,-17.0,1.117,21,3,0,0,3
81.2,20,isocontour,11.283791670955125,33248.64,69.97,9.2,-18.8,0.98,2.2,0.1,2.2,-7.6,-17.0,1.117,21,3,0,0,3
81.2,21,isocontour,11.283791670955125,32551.08,68.5,-8.2,-17.4,1.08,0.7,-1.0,1.2,-8.2,-17.4,1.117,21,2,0,0,2
81.2,22,isocontour,11.283791670955125,35431.17,74.56,-18.7,-9.0,0.991,-0.4,1.5,1.6,-7.6,-17.0,1.117,21,3,0,0,3
81.2,23,isocontour,11.283791670955125,36128.3,76.03,-19.4,7.3,0.99,1.9,1.6,2.5,-7.6,-17.0,1.117,21,3,0,0,3
81.2,24,isocontour,11.283791670955125,33562.92,70.63,-0.7,-20.7,0.994,0.5,-0.6,0.8,-7.6,-17.0,1.117,21,3,0,0,3
81.2,25,isocontour,11.283791670955125,32810.84,69.05,-13.9,14.1,1.046,1.0,2.5,2.7,-7.6,-17.0,1.117,21,3,0,0,3
81.2,Target,,,,,0.0,0.0,4.023,0.0,0.0,,,,,,,,,
81.3,1,isocontour,11.283791670955125,31199.46,65.66,18.6,9.3,0.988,-0.5,4.5,4.5,-7.6,-17.0,1.117,21,5,0,0,5
81.3,2,isocontour,11.283791670955125,29786.39,62.68,7.8,19.5,0.976,-0.7,3.2,3.3,-7.6,-17.0,1.117,21,3,0,0,3
81.3,3,isocontour,11.283791670955125,31220.99,65.7,16.1,13.3,0.985,2.6,-0.2,2.6,-7.6,-17.0,1.117,21,5,0,0,5
81.3,4,isocontour,11.283791670955125,35395.75,74.49,19.0,6.4,1.032,0.0,-3.9,3.9,-7.6,-17.0,1.117,21,5,0,0,5
81.3,5,isocontour,11.283791670955125,33098.56,69.65,18.5,7.0,1.045,-1.5,-0.1,1.5,-7.6,-17.0,1.117,21,5,0,0,5
81.3,6,isocontour,11.283791670955125,34721.76,73.07,18.2,-6.2,1.076,0.7,2.7,2.8,-7.6,-17.0,1.117,21,4,0,0,4
81.3,7,isocontour,11.283791670955125,33059.58,69.57,-15.0,14.2,0.997,-0.5,0.5,0.7,-7.6,-17.0,1.117,21,3,0,0,3
81.3,8,isocontour,11.283791670955125,34987.22,73.63,18.3,-5.2,1.091,0.5,0.6,0.8,-7.6,-17.0,1.117,21,4,0,0,4
81.3,9,isocontour,11.283791670955125,32986.37,69.42,20.6,2.5,0.992,0.7,-0.9,1.1,-7.6,-17.0,1.117,21,6,0,0,6
81.3,10,isocontour,11.283791670955125,32670.19,68.75,16.2,-13.0,0.99,-0.5,-0.8,0.9,-7.6,-17.0,1.117,21,4,0,0,4
81.3,11,isocontour,11.283791670955125,34506.19,72.61,-18.2,-7.8,1.046,-1.1,0.1,1.1,-7.6,-17.0,1.117,21,3,0,0,3
81.3,12,isocontour,11.283791670955125,32980.05,69.4,-15.1,-14.2,0.994,0.1,1.0,1.0,-7.6,-17.0,1.117,21,3,0,0,3
81.3,13,isocontour,11.283791670955125,31287.54,65.84,20.7,-0.8,0.991,0.2,-3.0,3.0,-7.6,-17.0,1.117,21,6,0,0,6
81.3,14,isocontour,11.283791670955125,32512.39,68.42,8.6,-17.1,1.088,-1.0,-0.2,1.0,-7.6,-17.0,1.117,21,3,0,0,3
81.3,15,isocontour,11.283791670955125,30850.84,64.92,0.3,20.8,0.991,-2.7,0.2,2.7,-7.6,-17.0,1.117,21,3,0,0,3
81.3,16,isocontour,11.283791670955125,46554.18,97.97,-24.6,21.6,0.517,-0.5,0.8,0.9,-24.6,21.6,0.523,16,0,0,0,0
81.3,17,isocontour,11.283791670955125,30564.02,64.32,8.7,19.0,0.984,0.7,2.6,2.7,-7.6,-17.0,1.117,21,3,0,0,3
81.3,18,isocontour,11.283791670955125,36496.59,76.8,-8.1,19.1,0.994,-0.6,-1.3,1.4,-7.6,-17.0,1.117,21,3,0,0,3
81.3,19,isocontour,11.283791670955125,32352.47,68.08,-20.8,0.1,0.989,-0.3,2.5,2.5,-7.6,-17.0,1.117,21,3,0,0,3
81.3,20,isocontour,11.283791670955125,33243.63,69.96,9.1,-18.8,0.984,-1.6,0.2,1.6,-7.6,-17.0,1.117,21,3,0,0,3
81.3,21,isocontour,11.283791670955125,32525.91,68.45,-8.0,-17.5,1.078,2.3,-1.4,2.7,-8.0,-17.5,1.117,21,2,0,0,2
81.3,22,isocontour,11.283791670955125,35429.77,74.56,-18.7,-8.9,0.995,0.6,0.8,1.0,-7.6,-17.0,1.117,21,3,0,0,3
81.3,23,isocontour,11.283791670955125,36127.05,76.02,-19.5,7.2,0.99,-0.6,-0.8,1.0,-7.6,-17.0,1.117,21,3,0,0,3
81.3,24,isocontour,11.283791670955125,33562.05,70.63,-0.7,-20.7,0.992,0.7,-0.5,0.9,-7.6,-17.0,1.117,21,3,0,0,3
81.3,25,isocontour,11.283791670955125,32788.09,69.0,-14.1,14.1,1.036,-2.6,0.1,2.6,-7.6,-17.0,1.117,21,3,0,0,3
81.3,Target,,,,,0.0,0.0,4.023,0.0,0.0,,,,,,,,,
81.4,1,isocontour,11.283791670955125,31197.08,65.65,18.7,9.3,0.985,0.9,-0.8,1.2,-7.6,-17.0,1.117,21,5,0,0,5
81.4,2,isocontour,11.283791670955125,29786.37,62.68,7.9,19.5,0.974,0.2,-0.2,0.3,-7.6,-17.0,1.117,21,3,0,0,3
81.4,3,isocontour,11.283791670955125,31219.1,65.7,16.0,13.2,0.989,-0.7,-0.9,1.1,-7.6,-17.0,1.117,21,5,0,0,5
81.4,4,isocontour,11.283791670955125,35376.68,74.45,18.9,6.1,1.039,-0.4,-2.4,2.4,-7.6,-17.0,1.117,21,5,0,0,5
81.4,5,isocontour,11.283791670955125,33072.55,69.6,18.5,6.7,1.049,0.4,-2.7,2.7,-7.6,-17.0,1.117,21,5,0,0,5
81.4,6,isocontour,11.283791670955125,34716.35,73.06,18.4,-6.1,1.072,1.1,1.1,1.6,-7.6,-17.0,1.117,21,4,0,0,4
81.4,7,isocontour,11.283791670955125,33017.4,69.48,-15.3,14.2,0.984,-3.1,0.7,3.2,-7.6,-17.0,1.117,21,3,0,0,3
81.4,8,isocontour,11.283791670955125,34985.86,73.62,18.4,-5.2,1.088,0.8,0.6,1.0,-7.6,-17.0,1.117,21,4,0,0,4
81.4,9,isocontour,11.283791670955125,32980.86,69.4,20.7,2.6,0.986,1.0,1.3,1.6,-7.6,-17.0,1.117,21,6,0,0,6
81.4,10,isocontour,11.283791670955125,32656.88,68.72,16.1,-13.1,0.992,-1.6,-1.5,2.2,-7.6,-17.0,1.117,21,4,0,0,4
81.4,11,isocontour,11.283791670955125,34503.19,72.61,-18.1,-7.9,1.046,0.8,-1.1,1.4,-7.6,-17.0,1.117,21,3,0,0,3
81.4,12,isocontour,11.283791670955125,32963.62,69.37,-15.0,-14.4,0.989,0.6,-2.3,2.4,-7.6,-17.0,1.117,21,3,0,0,3
81.4,13,isocontour,11.283791670955125,31262.92,65.79,20.9,-1.0,0.983,1.4,-2.3,2.7,-7.6,-17.0,1.117,21,6,0,0,6
81.4,14,isocontour,11.283791670955125,32490.66,68.37,8.3,-17.1,1.094,-2.6,-0.0,2.6,-7.6,-17.0,1.117,21,3,0,0,3
81.4,15,isocontour,11.283791670955125,30848.69,64.92,0.2,20.8,0.988,-1.1,0.5,1.2,-7.6,-17.0,1.117,21,3,0,0,3
81.4,16,isocontour,11.283791670955125,46553.08,97.97,-24.6,21.6,0.517,0.8,0.5,0.9,-24.6,21.6,0.523,16,0,0,0,0
81.4,17,isocontour,11.283791670955125,30537.14,64.26,8.7,18.8,0.994,-0.4,-2.7,2.7,-7.6,-17.0,1.117,21,3,0,0,3
81.4,18,isocontour,11.283791670955125,36495.06,76.8,-8.2,19.1,0.991,-0.9,0.5,1.0,-7.6,-17.0,1.117,21,3,0,0,3
81.4,19,isocontour,11.283791670955125,32348.18,68.07,-20.8,0.0,0.987,-0.3,-1.5,1.5,-7.6,-17.0,1.117,21,3,0,0,3
81.4,20,isocontour,11.283791670955125,33240.63,69.95,9.0,-18.7,0.99,-0.8,1.0,1.3,-7.6,-17.0,1.117,21,3,0,0,3
81.4,21,isocontour,11.283791670955125,32524.43,68.44,-8.0,-17.5,1.077,-1.0,0.2,1.0,-8.0,-17.5,1.117,21,2,0,0,2
81.4,22,isocontour,11.283791670955125,35337.66,74.36,-18.9,-8.6,0.992,-2.5,3.3,4.1,-7.6,-17.0,1.117,21,3,0,0,3
81.4,23,isocontour,11.283791670955125,36125.53,76.02,-19.5,7.2,0.988,-0.8,-0.7,1.1,-7.6,-17.0,1.117,21,3,0,0,3
81.4,24,isocontour,11.283791670955125,33537.7,70.58,-0.4,-20.8,0.989,2.6,-0.6,2.7,-7.6,-17.0,1.117,21,3,0,0,3
81.4,25,isocontour,11.283791670955125,32775.14,68.97,-14.1,14.3,1.03,0.8,2.0,2.2,-7.6,-17.0,1.117,21,3,0,0,3
81.4,Target,,,,,0.0,0.0,4.023,0.0,0.0,,,,,,,,,
81.5,1,isocontour,11.283791670955125,31162.27,65.58,18.6,9.1,0.993,-0.6,-2.9,3.0,-7.6,-17.0,1.117,21,5,0,0,5
81.5,2,isocontour,11.283791670955125,29765.38,62.64,8.0,19.4,0.98,1.7,-1.9,2.5,-7.6,-17.0,1.117,21,3,0,0,3
81.5,3,isocontour,11.283791670955125,31194.75,65.65,15.8,13.2,0.998,-2.6,0.4,2.6,-7.6,-17.0,1.117,21,5,0,0,5
81.5,4,isocontour,11.283791670955125,35361.26,74.41,19.0,6.3,1.036,0.2,2.3,2.3,-7.6,-17.0,1.117,21,5,0,0,5
81.5,5,isocontour,11.283791670955125,33056.73,69.56,18.7,6.7,1.038,2.3,0.4,2.3,-7.6,-17.0,1.117,21,5,0,0,5
81.5,6,isocontour,11.283791670955125,34715.48,73.05,18.4,-6.0,1.07,0.5,0.7,0.9,-7.6,-17.0,1.117,21,4,0,0,4
81.5,7,isocontour,11.283791670955125,33013.11,69.47,-15.3,14.4,0.977,0.1,1.5,1.5,-7.6,-17.0,1.117,21,3,0,0,3
81.5,8,isocontour,11.283791670955125,34984.25,73.62,18.4,-5.3,1.086,0.0,-1.1,1.1,-7.6,-17.0,1.117,21,4,0,0,4
81.5,9,isocontour,11.283791670955125,32979.25,69.4,20.7,2.6,0.986,-0.2,-1.1,1.1,-7.6,-17.0,1.117,21,6,0,0,6
81.5,10,isocontour,11.283791670955125,32655.09,68.72,16.0,-13.2,0.991,-0.5,-1.0,1.1,-7.6,-17.0,1.117,21,4,0,0,4
81.5,11,isocontour,11.283791670955125,34470.41,72.54,-18.2,-8.1,1.038,-0.6,-2.9,3.0,-7.6,-17.0,1.117,21,3,0,0,3
81.5,12,isocontour,11.283791670955125,32962.09,69.36,-15.1,-14.3,0.987,-0.9,0.5,1.0,-7.6,-17.0,1.117,21,3,0,0,3
81.5,13,isocontour,11.283791670955125,31261.95,65.79,20.9,-1.1,0.978,0.8,-0.4,0.9,-7.6,-17.0,1.117,21,6,0,0,6
81.5,14,isocontour,11.283791670955125,32470.4,68.33,8.5,-17.1,1.086,2.5,-0.5,2.5,-7.6,-17.0,1.117,21,3,0,0,3
81.5,15,isocontour,11.283791670955125,30839.57,64.9,0.0,20.7,0.994,-1.4,-1.3,1.9,-7.6,-17.0,1.117,21,3,0,0,3
81.5,16,isocontour,11.283791670955125,46551.98,97.96,-24.5,21.7,0.518,0.9,0.4,1.0,-24.5,21.7,0.523,16,0,0,0,0
81.5,17,isocontour,11.283791670955125,30535.78,64.26,8.7,18.6,1.0,0.5,-0.9,1.0,-7.6,-17.0,1.117,21,3,0,0,3
81.5,18,isocontour,11.283791670955125,36493.66,76.8,-8.1,19.2,0.987,0.5,0.9,1.0,-7.6,-17.0,1.117,21,3,0,0,3
81.5,19,isocontour,11.283791670955125,32344.22,68.06,-20.7,-0.1,0.992,1.1,-0.9,1.4,-7.6,-17.0,1.117,21,3,0,0,3
81.5,20,isocontour,11.283791670955125,33239.01,69.95,8.9,-18.8,0.991,-0.9,-0.6,1.1,-7.6,-17.0,1.117,21,3,0,0,3
81.5,21,isocontour,11.283791670955125,32523.61,68.44,-8.0,-17.5,1.077,0.8,-0.2,0.8,-8.0,-17.5,1.117,21,2,0,0,2
81.5,22,isocontour,11.283791670955125,35336.05,74.36,-19.0,-8.5,0.986,-1.1,-0.0,1.1,-7.6,-17.0,1.117,21,3,0,0,3
81.5,23,isocontour,11.283791670955125,36103.03,75.97,-19.4,7.4,0.988,1.1,2.3,2.5,-7.6,-17.0,1.117,21,3,0,0,3
81.5,24,isocontour,11.283791670955125,33429.56,70.35,-0.0,-20.8,0.988,4.4,-0.0,4.4,-7.6,-17.0,1.117,21,3,0,0,3
81.5,25,isocontour,11.283791670955125,32743.34,68.9,-13.9,14.2,1.043,2.7,-1.1,2.9,-7.6,-17.0,1.117,21,3,0,0,3
81.5,Target,,,,,0.0,0.0,4.023,0.0,0.0,,,,,,,,,
81.6,1,isocontour,11.283791670955125,31135.39,65.52,18.7,8.8,0.997,0.6,-2.7,2.8,-7.6,-17.0,1.117,21,5,0,0,5
81.6,2,isocontour,11.283791670955125,29733.59,62.57,8.2,19.2,0.985,2.1,-2.0,2.9,-7.6,-17.0,1.117,21,3,0,0,3
81.6,3,isocontour,11.283791670955125,31191.1,65.64,15.9,13.2,0.994,1.4,0.1,1.4,-7.6,-17.0,1.117,21,5,0,0,5
81.6,4,isocontour,11.283791670955125,35359.94,74.41,19.0,6.4,1.033,0.1,1.0,1.0,-7.6,-17.0,1.117,21,5,0,0,5
81.6,5,isocontour,11.283791670955125,33016.49,69.48,18.6,7.0,1.042,-2.1,2.4,3.2,-7.6,-17.0,1.117,21,5,0,0,5
81.6,6,isocontour,11.283791670955125,34712.86,73.05,18.5,-5.9,1.069,0.7,1.1,1.3,-7.6,-17.0,1.117,21,4,0,0,4
81.6,7,isocontour,11.283791670955125,32994.72,69.43,-15.2,14.2,0.987,1.0,-2.2,2.4,-7.6,-17.0,1.117,21,3,0,0,3
81.6,8,isocontour,11.283791670955125,34982.45,73.62,18.4,-5.4,1.084,-0.2,-1.1,1.1,-7.6,-17.0,1.117,21,4,0,0,4
81.6,9,isocontour,11.283791670955125,32953.52,69.35,20.6,2.7,0.991,-1.3,2.4,2.7,-7.6,-17.0,1.117,21,6,0,0,6
81.6,10,isocontour,11.283791670955125,32645.09,68.7,16.2,-13.3,0.982,1.9,-0.4,1.9,-7.6,-17.0,1.117,21,4,0,0,4
81.6,11,isocontour,11.283791670955125,34466.11,72.53,-18.1,-8.1,1.042,0.6,1.4,1.5,-7.6,-17.0,1.117,21,3,0,0,3
81.6,12,isocontour,11.283791670955125,32960.1,69.36,-15.0,-14.3,0.992,0.7,0.9,1.1,-7.6,-17.0,1.117,21,3,0,0,3
81.6,13,isocontour,11.283791670955125,31236.78,65.73,20.9,-0.8,0.982,-0.8,2.6,2.7,-7.6,-17.0,1.117,21,6,0,0,6
81.6,14,isocontour,11.283791670955125,32467.13,68.32,8.6,-17.2,1.078,0.9,-1.0,1.3,-7.6,-17.0,1.117,21,3,0,0,3
81.6,15,isocontour,11.283791670955125,30813.55,64.84,-0.2,20.7,0.994,-2.7,0.2,2.7,-7.6,-17.0,1.117,21,3,0,0,3
81.6,16,isocontour,11.283791670955125,46550.88,97.96,-24.4,21.7,0.519,0.7,0.6,0.9,-24.4,21.7,0.523,16,0,0,0,0
81.6,17,isocontour,11.283791670955125,30533.46,64.25,8.8,18.6,0.997,1.2,0.0,1.2,-7.6,-17.0,1.117,21,3,0,0,3
81.6,18,isocontour,11.283791670955125,36484.96,76.78,-8.1,19.3,0.978,0.1,1.9,1.9,-7.6,-17.0,1.117,21,3,0,0,3
81.6,19,isocontour,11.283791670955125,32343.71,68.06,-20.7,-0.0,0.994,0.1,0.7,0.7,-7.6,-17.0,1.117,21,3,0,0,3
81.6,20,isocontour,11.283791670955125,33163.01,69.79,8.7,-19.0,0.981,-2.1,-3.3,3.9,-7.6,-17.0,1.117,21,3,0,0,3
81.6,21,isocontour,11.283791670955125,32502.87,68.4,-7.7,-17.5,1.084,2.5,0.2,2.5,-7.7,-17.5,1.117,21,2,0,0,2
81.6,22,isocontour,11.283791670955125,35268.96,74.22,-19.1,-8.2,0.989,-0.8,3.7,3.8,-7.6,-17.0,1.117,21,3,0,0,3
81.6,23,isocontour,11.283791670955125,36099.96,75.97,-19.5,7.3,0.988,-0.5,-1.2,1.3,-7.6,-17.0,1.117,21,3,0,0,3
81.6,24,isocontour,11.283791670955125,33428.12,70.35,0.1,-20.7,0.991,0.8,0.7,1.1,-7.6,-17.0,1.117,21,3,0,0,3
81.6,25,isocontour,11.283791670955125,32738.42,68.89,-13.9,14.1,1.044,-1.2,-1.0,1.6,-7.6,-17.0,1.117,21,3,0,0,3
81.6,Target,,,,,0.0,0.0,4.023,0.0,0.0,,,,,,,,,
81.7,1,isocontour,11.283791670955125,31114.66,65.48,18.7,9.0,0.99,0.7,2.4,2.5,-7.6,-17.0,1.117,21,5,0,0,5
81.7,2,isocontour,11.283791670955125,29712.6,62.53,8.2,18.9,0.998,-0.7,-2.4,2.5,-7.6,-17.0,1.117,21,3,0,0,3
81.7,3,isocontour,11.283791670955125,31176.86,65.61,16.0,13.4,0.984,1.0,2.0,2.2,-7.6,-17.0,1.117,21,5,0,0,5
81.7,4,isocontour,11.283791670955125,35357.95,74.41,18.9,6.5,1.035,-0.8,0.8,1.1,-7.6,-17.0,1.117,21,5,0,0,5
81.7,5,isocontour,11.283791670955125,32988.73,69.42,18.5,7.2,1.039,-0.2,2.8,2.8,-7.6,-17.0,1.117,21,5,0,0,5
81.7,6,isocontour,11.283791670955125,34708.48,73.04,18.6,-5.9,1.062,1.4,0.4,1.5,-7.6,-17.0,1.117,21,4,0,0,4
81.7,7,isocontour,11.283791670955125,32992.72,69.43,-15.2,14.1,0.992,-0.1,-1.1,1.1,-7.6,-17.0,1.117,21,3,0,0,3
81.7,8,isocontour,11.283791670955125,34962.44,73.57,18.4,-5.2,1.088,0.1,2.5,2.5,-7.6,-17.0,1.117,21,4,0,0,4
81.7,9,isocontour,11.283791670955125,32951.72,69.34,20.6,2.7,0.991,0.3,-1.1,1.1,-7.6,-17.0,1.117,21,6,0,0,6
81.7,10,isocontour,11.283791670955125,32633.68,68.67,16.0,-13.3,0.988,-2.1,-0.0,2.1,-7.6,-17.0,1.117,21,4,0,0,4
81.7,11,isocontour,11.283791670955125,34445.38,72.49,-18.1,-7.8,1.048,0.0,2.5,2.5,-7.6,-17.0,1.117,21,3,0,0,3
81.7,12,isocontour,11.283791670955125,32957.66,69.36,-14.9,-14.3,0.996,1.2,-0.4,1.3,-7.6,-17.0,1.117,21,3,0,0,3
81.7,13,isocontour,11.283791670955125,31234.68,65.73,20.8,-0.7,0.987,-0.9,0.7,1.1,-7.6,-17.0,1.117,21,6,0,0,6
81.7,14,isocontour,11.283791670955125,32445.4,68.28,8.5,-17.4,1.073,-1.9,-1.7,2.5,-7.6,-17.0,1.117,21,3,0,0,3
81.7,15,isocontour,11.283791670955125,30811.4,64.84,-0.2,20.7,0.991,1.0,0.6,1.2,-7.6,-17.0,1.117,21,3,0,0,3
81.7,16,isocontour,11.283791670955125,46549.78,97.96,-24.5,21.7,0.519,-0.6,-0.7,0.9,-24.5,21.7,0.523,16,0,0,0,0
81.7,17,isocontour,11.283791670955125,30527.65,64.24,9.0,18.6,0.995,1.6,-0.3,1.6,-7.6,-17.0,1.117,21,3,0,0,3
81.7,18,isocontour,11.283791670955125,36465.65,76.74,-7.9,19.3,0.983,2.4,-0.5,2.5,-7.6,-17.0,1.117,21,3,0,0,3
81.7,19,isocontour,11.283791670955125,32331.46,68.04,-20.8,-0.1,0.986,-1.7,-1.2,2.1,-7.6,-17.0,1.117,21,3,0,0,3
81.7,20,isocontour,11.283791670955125,33159.81,69.78,8.6,-19.2,0.978,-1.1,-0.8,1.4,-7.6,-17.0,1.117,21,3,0,0,3
81.7,21,isocontour,11.283791670955125,32485.37,68.36,-7.9,-17.4,1.086,-2.1,1.2,2.4,-7.9,-17.4,1.117,21,2,0,0,2
81.7,22,isocontour,11.283791670955125,35243.51,74.17,-19.0,-7.9,0.998,0.9,2.6,2.8,-7.6,-17.0,1.117,21,3,0,0,3
81.7,23,isocontour,11.283791670955125,36098.02,75.96,-19.5,7.2,0.992,0.3,-1.1,1.1,-7.6,-17.0,1.117,21,3,0,0,3
81.7,24,isocontour,11.283791670955125,33427.66,70.34,0.2,-20.7,0.992,0.7,0.1,0.7,-7.6,-17.0,1.117,21,3,0,0,3
81.7,25,isocontour,11.283791670955125,32728.57,68.87,-14.1,14.0,1.041,-1.8,-0.8,2.0,-7.6,-17.0,1.117,21,3,0,0,3
81.7,Target,,,,,0.0,0.0,4.023,0.0,0.0,,,,,,,,,
81.8,1,isocontour,11.283791670955125,31113.13,65.47,18.8,9.1,0.984,0.8,0.6,1.0,-7.6,-17.0,1.117,21,5,0,0,5
81.8,2,isocontour,11.283791670955125,29711.5,62.52,8.2,18.9,1.0,0.8,-0.4,0.9,-7.6,-17.0,1.117,21,3,0,0,3
81.8,3,isocontour,11.283791670955125,31139.58,65.53,15.8,13.6,0.987,-2.7,1.5,3.1,-7.6,-17.0,1.117,21,5,0,0,5
81.8,4,isocontour,11.283791670955125,35329.89,74.35,19.0,6.2,1.035,0.9,-2.7,2.8,-7.6,-17.0,1.117,21,5,0,0,5
81.8,5,isocontour,11.283791670955125,32978.12,69.4,18.7,7.1,1.034,1.5,-1.4,2.1,-7.6,-17.0,1.117,21,5,0,0,5
81.8,6,isocontour,11.283791670955125,34707.41,73.04,18.6,-5.8,1.062,0.1,0.9,0.9,-7.6,-17.0,1.117,21,4,0,0,4
81.8,7,isocontour,11.283791670955125,32967.27,69.38,-15.1,14.2,0.993,2.0,1.9,2.8,-7.6,-17.0,1.117,21,3,0,0,3
81.8,8,isocontour,11.283791670955125,34939.94,73.53,18.4,-4.9,1.087,0.8,2.5,2.6,-7.6,-17.0,1.117,21,4,0,0,4
81.8,9,isocontour,11.283791670955125,32923.36,69.28,20.7,2.5,0.986,1.4,-2.5,2.9,-7.6,-17.0,1.117,21,6,0,0,6
81.8,10,isocontour,11.283791670955125,32626.27,68.66,15.9,-13.2,0.998,-1.3,1.3,1.8,-7.6,-17.0,1.117,21,4,0,0,4
81.8,11,isocontour,11.283791670955125,34438.33,72.47,-18.0,-7.9,1.051,1.1,-1.4,1.8,-7.6,-17.0,1.117,21,3,0,0,3
81.8,12,isocontour,11.283791670955125,32878.13,69.19,-14.9,-14.6,0.985,0.5,-3.9,3.9,-7.6,-17.0,1.117,21,3,0,0,3
81.8,13,isocontour,11.283791670955125,31210.33,65.68,20.7,-0.5,0.991,-0.6,2.6,2.7,-7.6,-17.0,1.117,21,6,0,0,6
81.8,14,isocontour,11.283791670955125,32426.78,68.24,8.3,-17.5,1.07,-1.9,-1.6,2.5,-7.6,-17.0,1.117,21,3,0,0,3
81.8,15,isocontour,11.283791670955125,30809.24,64.83,-0.1,20.8,0.988,1.0,0.6,1.2,-7.6,-17.0,1.117,21,3,0,0,3
81.8,16,isocontour,11.283791670955125,46548.68,97.96,-24.4,21.7,0.518,0.2,0.9,0.9,-24.4,21.7,0.523,16,0,0,0,0
81.8,17,isocontour,11.283791670955125,30429.46,64.04,9.3,18.4,0.996,3.7,-2.1,4.3,-7.6,-17.0,1.117,21,3,0,0,3
81.8,18,isocontour,11.283791670955125,36458.25,76.72,-7.9,19.2,0.993,0.3,-1.8,1.8,-7.6,-17.0,1.117,21,3,0,0,3
81.8,19,isocontour,11.283791670955125,32331.22,68.04,-20.9,-0.1,0.983,-0.4,0.4,0.6,-7.6,-17.0,1.117,21,3,0,0,3
81.8,20,isocontour,11.283791670955125,33146.5,69.75,8.5,-19.0,0.987,-1.0,1.9,2.1,-7.6,-17.0,1.117,21,3,0,0,3
81.8,21,isocontour,11.283791670955125,32456.41,68.3,-8.1,-17.3,1.084,-2.7,0.8,2.8,-8.1,-17.3,1.117,21,2,0,0,2
81.8,22,isocontour,11.283791670955125,35222.53,74.12,-19.1,-7.7,1.001,-0.8,2.4,2.5,-7.6,-17.0,1.117,21,3,0,0,3
81.8,23,isocontour,11.283791670955125,36070.26,75.91,-19.5,6.9,0.992,-0.9,-2.6,2.8,-7.6,-17.0,1.117,21,3,0,0,3
81.8,24,isocontour,11.283791670955125,33425.34,70.34,0.1,-20.7,0.993,-1.2,0.1,1.2,-7.6,-17.0,1.117,21,3,0,0,3
81.8,25,isocontour,11.283791670955125,32727.17,68.87,-14.2,13.9,1.042,-0.4,-0.9,1.0,-7.6,-17.0,1.117,21,3,0,0,3
81.8,Target,,,,,0.0,0.0,4.023,0.0,0.0,,,,,,,,,
81.9,1,isocontour,11.283791670955125,31101.56,65.45,18.7,8.9,0.99,-0.9,-1.9,2.1,-7.6,-17.0,1.117,21,5,0,0,5
81.9,2,isocontour,11.283791670955125,29680.99,62.46,8.0,18.9,1.001,-2.7,1.1,2.9,-7.6,-17.0,1.117,21,3,0,0,3
81.9,3,isocontour,11.283791670955125,31138.34,65.53,15.7,13.7,0.988,-0.7,0.7,1.0,-7.6,-17.0,1.117,21,5,0,0,5
81.9,4,isocontour,11.283791670955125,35325.25,74.34,19.0,6.1,1.034,0.8,-1.3,1.5,-7.6,-17.0,1.117,21,6,0,0,6
81.9,5,isocontour,11.283791670955125,32968.28,69.38,18.6,7.0,1.039,-0.5,-1.9,2.0,-7.6,-17.0,1.117,21,5,0,0,5
81.9,6,isocontour,11.283791670955125,34676.58,72.97,18.5,-6.0,1.064,-1.2,-2.6,2.9,-7.6,-17.0,1.117,21,4,0,0,4
81.9,7,isocontour,11.283791670955125,32926.65,69.29,-15.2,14.4,0.979,-2.3,2.2,3.2,-7.6,-17.0,1.117,21,3,0,0,3
81.9,8,isocontour,11.283791670955125,34935.82,73.52,18.4,-5.0,1.091,-1.0,-1.1,1.5,-7.6,-17.0,1.117,21,5,0,0,5
81.9,9,isocontour,11.283791670955125,32835.15,69.1,20.7,2.1,0.987,0.0,-4.1,4.1,-7.6,-17.0,1.117,21,6,0,0,6
81.9,10,isocontour,11.283791670955125,32625.51,68.66,15.9,-13.2,0.996,0.3,-0.8,0.9,-7.6,-17.0,1.117,21,4,0,0,4
81.9,11,isocontour,11.283791670955125,34426.26,72.45,-18.2,-7.8,1.046,-1.8,1.1,2.1,-7.6,-17.0,1.117,21,3,0,0,3
81.9,12,isocontour,11.283791670955125,32875.32,69.18,-15.0,-14.6,0.98,-1.2,0.4,1.3,-7.6,-17.0,1.117,21,3,0,0,3
81.9,13,isocontour,11.283791670955125,31208.39,65.67,20.7,-0.6,0.993,-0.2,-1.1,1.1,-7.6,-17.0,1.117,21,6,0,0,6
81.9,14,isocontour,11.283791670955125,32424.29,68.23,8.3,-17.5,1.073,0.6,1.1,1.3,-7.6,-17.0,1.117,21,3,0,0,3
81.9,15,isocontour,11.283791670955125,30678.38,64.56,0.3,20.8,0.988,4.7,-0.2,4.7,-7.6,-17.0,1.117,21,3,0,0,3
81.9,16,isocontour,11.283791670955125,46547.58,97.95,-24.4,21.7,0.52,0.8,-0.4,0.9,-24.4,21.7,0.523,16,0,0,0,0
81.9,17,isocontour,11.283791670955125,30424.06,64.02,9.5,18.5,0.989,1.1,1.1,1.6,-7.6,-17.0,1.117,21,3,0,0,3
81.9,18,isocontour,11.283791670955125,36457.64,76.72,-7.8,19.2,0.994,0.7,0.3,0.8,-7.6,-17.0,1.117,21,3,0,0,3
81.9,19,isocontour,11.283791670955125,32294.66,67.96,-20.8,-0.3,0.985,0.6,-3.0,3.1,-7.6,-17.0,1.117,21,3,0,0,3
81.9,20,isocontour,11.283791670955125,33123.48,69.7,8.6,-18.8,0.993,2.0,1.7,2.6,-7.6,-17.0,1.117,21,3,0,0,3
81.9,21,isocontour,11.283791670955125,32435.67,68.26,-8.0,-17.3,1.088,2.5,-0.3,2.5,-8.0,-17.3,1.117,21,2,0,0,2
81.9,22,isocontour,11.283791670955125,35202.75,74.08,-19.3,-7.6,0.991,-2.4,0.5,2.5,-7.6,-17.0,1.117,21,3,0,0,3
81.9,23,isocontour,11.283791670955125,36069.06,75.9,-19.6,6.8,0.991,-0.6,-0.8,1.0,-7.6,-17.0,1.117,21,3,0,0,3
81.9,24,isocontour,11.283791670955125,33424.88,70.34,0.1,-20.7,0.994,0.7,0.1,0.7,-7.6,-17.0,1.117,21,3,0,0,3
81.9,25,isocontour,11.283791670955125,32695.7,68.8,-14.0,13.7,1.056,1.9,-2.2,2.9,-7.6,-17.0,1.117,21,3,0,0,3
81.9,Target,,,,,0.0,0.0,4.023,0.0,0.0,,,,,,,,,
82.0,1,isocontour,11.283791670955125,31100.87,65.45,18.7,8.9,0.992,-0.4,0.7,0.8,18.7,8.9,0.99,1,5,0,0,5
82.0,2,isocontour,11.283791670955125,29660.5,62.42,8.1,19.2,0.989,1.2,2.2,2.5,8.1,19.2,1.001,2,3,0,0,3
82.0,3,isocontour,11.283791670955125,31136.82,65.52,15.6,13.7,0.992,-1.0,0.1,1.0,15.6,13.7,0.988,3,5,0,0,5
82.0,4,isocontour,11.283791670955125,35315.1,74.32,19.0,5.9,1.04,-0.8,-1.8,2.0,19.0,5.9,1.034,4,6,0,0,6
82.0,5,isocontour,11.283791670955125,32965.34,69.37,18.7,6.9,1.038,0.8,-1.0,1.3,18.7,6.9,1.039,5,5,0,0,5
82.0,6,isocontour,11.283791670955125,34667.88,72.95,18.4,-6.1,1.07,-1.6,-1.0,1.9,18.4,-6.1,1.064,6,4,0,0,4
82.0,7,isocontour,11.283791670955125,32926.55,69.29,-15.2,14.4,0.978,0.2,-0.3,0.4,-15.2,14.4,0.979,7,3,0,0,3
82.0,8,isocontour,11.283791670955125,34931.86,73.51,18.4,-5.1,1.088,0.2,-1.4,1.4,18.4,-5.1,1.091,8,5,0,0,5
82.0,9,isocontour,11.283791670955125,32832.66,69.09,20.6,2.0,0.993,-1.2,0.2,1.2,20.6,2.0,0.987,9,6,0,0,6
82.0,10,isocontour,11.283791670955125,32620.59,68.65,15.9,-13.3,0.989,0.5,-1.5,1.6,15.9,-13.3,0.996,10,4,0,0,4
82.0,11,isocontour,11.283791670955125,34412.76,72.42,-18.2,-7.6,1.047,-0.5,2.1,2.2,-18.2,-7.6,1.046,11,3,0,0,3
82.0,12,isocontour,11.283791670955125,32874.56,69.18,-15.0,-14.6,0.982,-0.0,0.8,0.8,-15.0,-14.6,0.98,12,3,0,0,3
82.0,13,isocontour,11.283791670955125,31206.86,65.67,20.8,-0.6,0.988,0.9,-0.5,1.0,20.8,-0.6,0.993,13,6,0,0,6
82.0,14,isocontour,11.283791670955125,32420.94,68.23,8.3,-17.3,1.078,0.6,1.2,1.3,8.3,-17.3,1.073,14,3,0,0,3
82.0,15,isocontour,11.283791670955125,30676.06,64.55,0.5,20.7,0.992,0.9,-0.8,1.2,0.5,20.7,0.988,15,3,0,0,3
82.0,16,isocontour,11.283791670955125,46546.48,97.95,-24.3,21.8,0.521,0.8,0.5,0.9,-24.3,21.8,0.52,16,0,0,0,0
82.0,17,isocontour,11.283791670955125,30384.57,63.94,9.3,18.7,0.982,-2.1,2.3,3.1,9.3,18.7,0.989,17,3,0,0,3
82.0,18,isocontour,11.283791670955125,36436.41,76.68,-7.9,19.3,0.983,-1.8,1.8,2.5,-7.9,19.3,0.994,18,3,0,0,3
82.0,19,isocontour,11.283791670955125,32286.49,67.94,-20.7,-0.4,0.995,1.8,-0.1,1.8,-20.7,-0.4,0.985,19,3,0,0,3
82.0,20,isocontour,11.283791670955125,33113.93,69.68,8.6,-19.0,0.986,-0.6,-1.9,2.0,8.6,-19.0,0.993,20,3,0,0,3
82.0,21,isocontour,11.283791670955125,32434.83,68.26,-7.9,-17.4,1.089,0.8,-0.2,0.8,-7.9,-17.4,1.088,21,2,0,0,2
82.0,22,isocontour,11.283791670955125,35198.01,74.07,-19.5,-7.5,0.985,-1.3,0.8,1.5,-19.5,-7.5,0.991,22,3,0,0,3
82.0,23,isocontour,11.283791670955125,36068.15,75.9,-19.6,6.9,0.991,0.2,0.9,0.9,-19.6,6.9,0.991,23,3,0,0,3
82.0,24,isocontour,11.283791670955125,33388.31,70.26,-0.1,-20.7,0.992,-3.0,-0.4,3.0,-0.1,-20.7,0.994,24,3,0,0,3
82.0,25,isocontour,11.283791670955125,32665.5,68.74,-13.7,13.8,1.065,2.7,0.9,2.8,-13.7,13.8,1.056,25,3,0,0,3
82.0,Target,,,,,0.0,0.0,4.023,0.0,0.0,,,,,,,,,
82.1,1,isocontour,11.283791670955125,31000.61,65.24,18.8,9.3,0.978,1.4,4.1,4.3,19.0,5.9,1.04,4,5,0,0,5
82.1,2,isocontour,11.283791670955125,29655.94,62.41,8.2,19.1,0.986,1.4,-0.5,1.5,8.2,19.1,1.001,2,3,0,0,3
82.1,3,isocontour,11.283791670955125,31134.92,65.52,15.6,13.8,0.989,0.0,1.1,1.1,19.0,5.9,1.04,4,5,0,0,5
82.1,4,isocontour,11.283791670955125,35314.66,74.32,19.0,5.9,1.042,-0.3,0.6,0.7,18.4,-5.1,1.091,8,6,0,0,6
82.1,5,isocontour,11.283791670955125,32959.32,69.36,18.8,6.7,1.035,1.1,-1.3,1.7,19.0,5.9,1.04,4,5,0,0,5
82.1,6,isocontour,11.283791670955125,34665.39,72.95,18.4,-6.0,1.071,0.5,1.1,1.2,18.4,-5.1,1.091,8,4,0,0,4
82.1,7,isocontour,11.283791670955125,32923.75,69.28,-15.2,14.3,0.984,0.6,-1.1,1.3,-13.7,13.8,1.065,25,3,0,0,3
82.1,8,isocontour,11.283791670955125,34906.68,73.46,18.4,-4.9,1.089,0.6,2.6,2.7,18.4,-4.9,1.091,8,5,0,0,5
82.1,9,isocontour,11.283791670955125,32829.59,69.09,20.6,1.9,0.992,0.6,-1.2,1.3,18.4,-5.1,1.091,8,6,0,0,6
82.1,10,isocontour,11.283791670955125,32611.18,68.63,15.8,-13.3,0.997,-1.8,0.8,2.0,18.4,-5.1,1.091,8,4,0,0,4
82.1,11,isocontour,11.283791670955125,34388.69,72.37,-18.3,-7.4,1.05,-0.4,2.6,2.6,-18.3,-7.4,1.047,11,3,0,0,3
82.1,12,isocontour,11.283791670955125,32863.32,69.16,-15.1,-14.4,0.982,-1.5,1.4,2.1,-7.9,-17.4,1.089,21,3,0,0,3
82.1,13,isocontour,11.283791670955125,31205.46,65.67,20.9,-0.7,0.983,0.9,-0.5,1.0,18.4,-5.1,1.091,8,6,0,0,6
82.1,14,isocontour,11.283791670955125,32413.28,68.21,8.3,-17.5,1.075,-1.1,-1.5,1.9,8.3,-17.5,1.078,14,3,0,0,3
82.1,15,isocontour,11.283791670955125,30675.27,64.55,0.4,20.7,0.993,-0.8,0.0,0.8,8.1,19.2,1.001,2,3,0,0,3
82.1,16,isocontour,11.283791670955125,46545.38,97.95,-24.3,21.8,0.519,-0.2,0.9,0.9,-24.3,21.8,0.521,16,0,0,0,0
82.1,17,isocontour,11.283791670955125,30383.17,63.94,9.2,18.7,0.986,-0.8,-0.6,1.0,8.1,19.2,1.001,2,3,0,0,3
82.1,18,isocontour,11.283791670955125,36419.12,76.64,-7.8,19.4,0.98,2.1,1.1,2.4,-13.7,13.8,1.065,25,3,0,0,3
82.1,19,isocontour,11.283791670955125,32284.23,67.94,-20.7,-0.5,0.996,-0.1,-1.2,1.2,-18.2,-7.6,1.047,11,3,0,0,3
82.1,20,isocontour,11.283791670955125,33109.37,69.67,8.5,-19.1,0.981,-0.8,-1.3,1.5,8.3,-17.3,1.078,14,3,0,0,3
82.1,21,isocontour,11.283791670955125,32422.75,68.23,-7.7,-17.4,1.094,2.1,0.1,2.1,-7.7,-17.4,1.089,21,2,0,0,2
82.1,22,isocontour,11.283791670955125,35190.11,74.05,-19.6,-7.5,0.978,-1.6,0.8,1.8,-18.2,-7.6,1.047,11,3,0,0,3
82.1,23,isocontour,11.283791670955125,35923.48,75.6,-19.5,7.3,0.989,1.4,4.7,4.9,-13.7,13.8,1.065,25,3,0,0,3
82.1,24,isocontour,11.283791670955125,33385.99,70.26,-0.3,-20.7,0.992,-1.2,0.1,1.2,-7.9,-17.4,1.089,21,3,0,0,3
82.1,25,isocontour,11.283791670955125,32662.37,68.73,-13.7,13.7,1.07,-0.2,-1.3,1.3,-13.7,13.7,1.065,25,3,0,0,3
82.1,Target,,,,,0.0,0.0,4.023,0.0,0.0,,,,,,,,,
82.2,1,isocontour,11.283791670955125,30998.51,65.23,18.8,9.3,0.979,-0.3,-1.1,1.1,18.4,-5.1,1.091,8,5,0,0,5
82.2,2,isocontour,11.283791670955125,29629.35,62.35,8.0,19.0,0.995,-2.5,-1.0,2.7,19.0,5.9,1.04,4,3,0,0,3
82.2,3,isocontour,11.283791670955125,31132.55,65.51,15.5,13.7,0.993,-0.6,-1.1,1.3,18.4,-5.1,1.091,8,5,0,0,5
82.2,4,isocontour,11.283791670955125,35287.49,74.26,19.0,5.7,1.043,0.6,-2.7,2.8,18.4,-5.1,1.091,8,6,0,0,6
82.2,5,isocontour,11.283791670955125,32955.02,69.35,18.9,6.6,1.033,0.8,-1.3,1.5,18.4,-5.1,1.091,8,5,0,0,5
82.2,6,isocontour,11.283791670955125,34664.82,72.95,18.4,-6.1,1.073,-0.5,-0.5,0.7,18.4,-5.1,1.091,8,4,0,0,4
82.2,7,isocontour,11.283791670955125,32895.69,69.22,-15.3,14.1,0.989,-1.2,-2.5,2.8,-13.7,13.7,1.07,25,3,0,0,3
82.2,8,isocontour,11.283791670955125,34878.33,73.4,18.4,-5.1,1.085,-0.0,-2.8,2.8,18.4,-5.1,1.091,8,5,0,0,5
82.2,9,isocontour,11.283791670955125,32821.68,69.07,20.8,2.0,0.983,1.7,0.8,1.9,18.4,-5.1,1.091,8,6,0,0,6
82.2,10,isocontour,11.283791670955125,32609.24,68.62,15.7,-13.2,1.004,-0.4,1.1,1.2,18.4,-5.1,1.091,8,4,0,0,4
82.2,11,isocontour,11.283791670955125,34387.98,72.37,-18.3,-7.3,1.052,-0.1,0.8,0.8,-7.9,-17.4,1.089,21,3,0,0,3
82.2,12,isocontour,11.283791670955125,32843.78,69.12,-15.1,-14.2,0.99,-0.1,2.5,2.5,-7.7,-17.4,1.094,21,3,0,0,3
82.2,13,isocontour,11.283791670955125,31183.48,65.62,20.8,-0.5,0.986,-0.7,2.5,2.6,18.4,-5.1,1.091,8,6,0,0,6
82.2,14,isocontour,11.283791670955125,32401.71,68.19,8.3,-17.3,1.08,1.1,1.8,2.1,18.4,-5.1,1.091,8,3,0,0,3
82.2,15,isocontour,11.283791670955125,30672.47,64.55,0.3,20.8,0.988,-0.9,0.9,1.3,-13.7,13.8,1.065,25,3,0,0,3
82.2,16,isocontour,11.283791670955125,46544.28,97.95,-24.2,21.8,0.521,0.8,-0.5,0.9,-24.2,21.8,0.521,16,0,0,0,0
82.2,17,isocontour,11.283791670955125,30354.51,63.88,9.0,18.6,0.996,-2.7,-0.8,2.8,19.0,5.9,1.04,4,3,0,0,3
82.2,18,isocontour,11.283791670955125,36403.51,76.61,-7.6,19.3,0.99,1.5,-1.8,2.3,-13.7,13.7,1.07,25,3,0,0,3
82.2,19,isocontour,11.283791670955125,32282.08,67.93,-20.7,-0.4,0.991,-0.9,0.7,1.1,-13.7,13.8,1.065,25,3,0,0,3
82.2,20,isocontour,11.283791670955125,33090.53,69.63,8.7,-19.0,0.982,2.1,1.3,2.5,18.4,-5.1,1.091,8,3,0,0,3
82.2,21,isocontour,11.283791670955125,32418.01,68.22,-7.6,-17.5,1.091,0.9,-1.2,1.5,-7.6,-17.5,1.094,21,2,0,0,2
82.2,22,isocontour,11.283791670955125,35189.14,74.05,-19.6,-7.4,0.98,0.4,0.8,0.9,-7.9,-17.4,1.089,21,3,0,0,3
82.2,23,isocontour,11.283791670955125,35923.14,75.6,-19.4,7.3,0.99,0.1,-0.6,0.6,-13.7,13.7,1.07,25,3,0,0,3
82.2,24,isocontour,11.283791670955125,33366.22,70.22,-0.1,-20.8,0.989,2.4,-0.6,2.5,-7.7,-17.4,1.094,21,3,0,0,3
82.2,25,isocontour,11.283791670955125,32635.78,68.68,-13.9,13.5,1.069,-2.2,-1.7,2.8,-13.9,13.5,1.07,25,3,0,0,3
82.2,Target,,,,,0.0,0.0,4.023,0.0,0.0,,,,,,,,,
82.3,1,isocontour,11.283791670955125,30960.51,65.15,18.7,9.0,0.989,-0.8,-3.0,3.1,18.4,-5.1,1.091,8,5,0,0,5
82.3,2,isocontour,11.283791670955125,29620.23,62.33,7.9,19.2,0.991,-0.9,1.7,1.9,18.4,-5.1,1.091,8,3,0,0,3
82.3,3,isocontour,11.283791670955125,31121.3,65.49,15.7,13.6,0.989,2.0,-0.5,2.1,18.4,-5.1,1.091,8,5,0,0,5
82.3,4,isocontour,11.283791670955125,35287.04,74.26,19.0,5.7,1.043,-0.3,0.6,0.7,18.4,-5.1,1.091,8,6,0,0,6
82.3,5,isocontour,11.283791670955125,32953.5,69.35,18.9,6.7,1.031,-0.1,1.0,1.0,18.4,-5.1,1.091,8,5,0,0,5
82.3,6,isocontour,11.283791670955125,34656.91,72.93,18.4,-6.2,1.069,0.2,-1.8,1.8,18.4,-5.1,1.091,8,4,0,0,4
82.3,7,isocontour,11.283791670955125,32880.48,69.19,-15.1,14.1,0.997,2.3,0.0,2.3,-13.7,13.7,1.07,25,3,0,0,3
82.3,8,isocontour,11.283791670955125,34874.6,73.39,18.3,-5.2,1.089,-1.1,-0.9,1.4,18.4,-5.1,1.091,8,5,0,0,5
82.3,9,isocontour,11.283791670955125,32821.49,69.07,20.8,2.0,0.981,0.2,-0.5,0.5,18.4,-5.1,1.091,8,6,0,0,6
82.3,10,isocontour,11.283791670955125,32606.98,68.62,15.6,-13.2,1.006,-1.0,-0.7,1.2,18.4,-5.1,1.091,8,4,0,0,4
82.3,11,isocontour,11.283791670955125,34368.44,72.32,-18.3,-7.1,1.059,0.5,2.4,2.5,-7.7,-17.4,1.094,21,3,0,0,3
82.3,12,isocontour,11.283791670955125,32820.76,69.07,-15.0,-14.0,1.003,1.5,2.1,2.6,-7.7,-17.4,1.094,21,3,0,0,3
82.3,13,isocontour,11.283791670955125,31180.99,65.62,20.7,-0.4,0.993,-1.2,0.3,1.2,18.4,-5.1,1.091,8,6,0,0,6
82.3,14,isocontour,11.283791670955125,32379.21,68.14,8.6,-17.2,1.079,2.4,0.9,2.6,-7.7,-17.4,1.094,21,3,0,0,3
82.3,15,isocontour,11.283791670955125,30670.67,64.54,0.4,20.8,0.986,1.1,0.3,1.1,-13.7,13.7,1.07,25,3,0,0,3
82.3,16,isocontour,11.283791670955125,46543.19,97.94,-24.1,21.8,0.522,0.8,0.5,0.9,-24.1,21.8,0.521,16,0,0,0,0
82.3,17,isocontour,11.283791670955125,30349.59,63.87,8.9,18.7,0.992,-0.5,1.5,1.6,18.4,-5.1,1.091,8,3,0,0,3
82.3,18,isocontour,11.283791670955125,36394.53,76.59,-7.7,19.1,0.998,-0.7,-1.8,1.9,-13.7,13.7,1.07,25,3,0,0,3
82.3,19,isocontour,11.283791670955125,32263.46,67.89,-20.8,-0.2,0.986,-1.0,2.2,2.4,-7.9,-17.4,1.089,21,3,0,0,3
82.3,20,isocontour,11.283791670955125,33084.61,69.62,8.7,-18.9,0.989,-0.0,1.7,1.7,-7.7,-17.4,1.094,21,3,0,0,3
82.3,21,isocontour,11.283791670955125,32392.28,68.17,-7.8,-17.4,1.088,-2.7,0.6,2.8,-7.8,-17.4,1.094,21,2,0,0,2
82.3,22,isocontour,11.283791670955125,35173.93,74.02,-19.4,-7.3,0.991,1.9,1.3,2.3,-7.7,-17.4,1.094,21,3,0,0,3
82.3,23,isocontour,11.283791670955125,35909.46,75.57,-19.5,7.5,0.985,-0.4,2.2,2.2,-13.7,13.7,1.07,25,3,0,0,3
82.3,24,isocontour,11.283791670955125,33326.35,70.13,0.2,-20.7,0.994,2.9,1.2,3.1,-7.7,-17.4,1.094,21,3,0,0,3
82.3,25,isocontour,11.283791670955125,32610.6,68.63,-14.2,13.6,1.057,-2.6,0.9,2.8,-14.2,13.6,1.07,25,3,0,0,3
82.3,Target,,,,,0.0,0.0,4.023,0.0,0.0,,,,,,,,,
82.4,1,isocontour,11.283791670955125,30932.75,65.09,18.8,8.7,0.992,0.8,-2.7,2.8,18.4,-5.1,1.091,8,5,0,0,5
82.4,2,isocontour,11.283791670955125,29613.65,62.32,7.9,19.3,0.983,-0.3,1.7,1.7,18.4,-5.1,1.091,8,3,0,0,3
82.4,3,isocontour,11.283791670955125,31101.05,65.45,15.5,13.7,0.993,-2.3,1.1,2.5,18.4,-5.1,1.091,8,5,0,0,5
82.4,4,isocontour,11.283791670955125,35284.78,74.25,19.0,5.7,1.043,0.5,-1.1,1.2,18.4,-5.1,1.091,8,6,0,0,6
82.4,5,isocontour,11.283791670955125,32951.06,69.34,18.9,6.6,1.033,0.1,-1.2,1.2,18.4,-5.1,1.091,8,5,0,0,5
82.4,6,isocontour,11.283791670955125,34618.54,72.85,18.4,-6.0,1.073,0.0,3.1,3.1,18.4,-5.1,1.091,8,4,0,0,4
82.4,7,isocontour,11.283791670955125,32878.96,69.19,-15.2,14.0,0.996,-1.0,-0.2,1.0,-13.7,13.7,1.07,25,3,0,0,3
82.4,8,isocontour,11.283791670955125,34858.17,73.35,18.5,-5.4,1.079,1.5,-1.8,2.3,18.4,-5.1,1.091,8,5,0,0,5
82.4,9,isocontour,11.283791670955125,32803.77,69.03,20.7,2.1,0.986,-1.4,1.9,2.4,18.4,-5.1,1.091,8,6,0,0,6
82.4,10,isocontour,11.283791670955125,32585.5,68.57,15.8,-13.4,0.994,2.2,-1.3,2.6,-7.7,-17.4,1.094,21,4,0,0,4
82.4,11,isocontour,11.283791670955125,34334.65,72.25,-18.1,-7.2,1.062,1.5,-2.6,3.0,-7.7,-17.4,1.094,21,3,0,0,3
82.4,12,isocontour,11.283791670955125,32795.31,69.01,-14.8,-14.1,1.008,2.2,-1.6,2.7,-7.7,-17.4,1.094,21,3,0,0,3
82.4,13,isocontour,11.283791670955125,31180.54,65.62,20.7,-0.3,0.994,-0.1,0.7,0.7,18.4,-5.1,1.091,8,6,0,0,6
82.4,14,isocontour,11.283791670955125,32362.14,68.1,8.4,-17.3,1.077,-1.9,-1.4,2.4,-7.7,-17.4,1.094,21,3,0,0,3
82.4,15,isocontour,11.283791670955125,30667.46,64.54,0.4,20.7,0.991,-0.7,-1.2,1.4,18.4,-5.1,1.091,8,3,0,0,3
82.4,16,isocontour,11.283791670955125,46542.09,97.94,-24.1,21.9,0.521,0.4,0.9,1.0,-24.1,21.9,0.522,16,0,0,0,0
82.4,17,isocontour,11.283791670955125,30313.38,63.79,9.1,18.6,0.992,2.6,-1.6,3.1,18.4,-5.1,1.091,8,3,0,0,3
82.4,18,isocontour,11.283791670955125,36375.45,76.55,-7.5,19.2,1.0,2.3,0.9,2.5,-13.7,13.7,1.07,25,3,0,0,3
82.4,19,isocontour,11.283791670955125,32257.75,67.88,-20.9,-0.3,0.982,-0.6,-1.5,1.6,-7.7,-17.4,1.094,21,3,0,0,3
82.4,20,isocontour,11.283791670955125,33081.19,69.62,8.7,-18.7,0.997,-0.1,1.4,1.4,-7.7,-17.4,1.094,21,3,0,0,3
82.4,21,isocontour,11.283791670955125,32367.93,68.11,-8.0,-17.4,1.084,-2.6,0.5,2.6,-8.0,-17.4,1.094,21,2,0,0,2
82.4,22,isocontour,11.283791670955125,35168.52,74.01,-19.5,-7.2,0.988,-1.4,0.8,1.6,-7.7,-17.4,1.094,21,3,0,0,3
82.4,23,isocontour,11.283791670955125,35905.66,75.56,-19.5,7.6,0.979,-0.7,1.3,1.5,-7.9,-17.4,1.089,21,3,0,0,3
82.4,24,isocontour,11.283791670955125,33324.03,70.13,0.2,-20.7,0.996,-1.2,0.1,1.2,-7.7,-17.4,1.094,21,3,0,0,3
82.4,25,isocontour,11.283791670955125,32599.03,68.6,-14.0,13.6,1.059,2.0,0.7,2.1,-14.0,13.6,1.07,25,3,0,0,3
82.4,Target,,,,,0.0,0.0,4.023,0.0,0.0,,,,,,,,,
82.5,1,isocontour,11.283791670955125,30914.58,65.06,18.8,8.9,0.987,0.3,2.4,2.4,18.4,-5.1,1.091,8,5,0,0,5
82.5,2,isocontour,11.283791670955125,29611.33,62.31,8.0,19.3,0.983,1.0,-0.7,1.2,18.4,-5.1,1.091,8,3,0,0,3
82.5,3,isocontour,11.283791670955125,31069.9,65.38,15.7,13.7,0.984,2.9,-0.4,2.9,18.4,-5.1,1.091,8,5,0,0,5
82.5,4,isocontour,11.283791670955125,35263.8,74.21,19.0,5.8,1.043,-0.8,2.4,2.5,18.4,-5.1,1.091,8,6,0,0,6
82.5,5,isocontour,11.283791670955125,32913.78,69.26,18.8,6.3,1.043,-1.1,-2.9,3.1,18.4,-5.1,1.091,8,5,0,0,5
82.5,6,isocontour,11.283791670955125,34599.92,72.81,18.4,-5.7,1.078,-0.1,2.4,2.4,-7.7,-17.4,1.094,21,4,0,0,4
82.5,7,isocontour,11.283791670955125,32844.15,69.12,-15.4,14.1,0.983,-2.9,0.7,3.0,-7.9,-17.4,1.089,21,3,0,0,3
82.5,8,isocontour,11.283791670955125,34837.67,73.31,18.5,-5.2,1.08,0.1,2.5,2.5,-7.7,-17.4,1.094,21,5,0,0,5
82.5,9,isocontour,11.283791670955125,32800.49,69.02,20.6,2.2,0.994,-1.4,0.2,1.4,18.4,-5.1,1.091,8,6,0,0,6
82.5,10,isocontour,11.283791670955125,32552.38,68.5,16.1,-13.5,0.979,2.8,-1.0,3.0,-7.7,-17.4,1.094,21,4,0,0,4
82.5,11,isocontour,11.283791670955125,34316.71,72.22,-18.1,-7.5,1.058,-0.0,-2.4,2.4,-7.7,-17.4,1.094,21,3,0,0,3
82.5,12,isocontour,11.283791670955125,32793.51,69.01,-14.8,-14.2,1.005,0.1,-1.1,1.1,-7.7,-17.4,1.094,21,3,0,0,3
82.5,13,isocontour,11.283791670955125,31148.42,65.55,20.8,-0.5,0.986,1.7,-2.4,2.9,18.4,-5.1,1.091,8,6,0,0,6
82.5,14,isocontour,11.283791670955125,32350.24,68.08,8.2,-17.4,1.079,-2.1,-0.4,2.1,-7.7,-17.4,1.094,21,3,0,0,3
82.5,15,isocontour,11.283791670955125,30660.54,64.52,0.4,20.9,0.985,0.5,1.7,1.8,18.4,-5.1,1.091,8,3,0,0,3
82.5,16,isocontour,11.283791670955125,46540.99,97.94,-24.2,21.9,0.519,-0.9,0.1,0.9,-24.2,21.9,0.522,16,0,0,0,0
82.5,17,isocontour,11.283791670955125,30288.49,63.74,9.2,18.8,0.98,1.0,2.5,2.7,18.4,-5.1,1.091,8,3,0,0,3
82.5,18,isocontour,11.283791670955125,36371.96,76.54,-7.5,19.3,0.994,-1.0,1.0,1.4,18.4,-5.1,1.091,8,3,0,0,3
82.5,19,isocontour,11.283791670955125,32220.47,67.8,-20.9,-0.6,0.984,0.7,-3.0,3.1,-7.7,-17.4,1.094,21,3,0,0,3
82.5,20,isocontour,11.283791670955125,33074.72,69.6,8.8,-18.8,0.99,1.3,-1.1,1.7,-7.7,-17.4,1.094,21,3,0,0,3
82.5,21,isocontour,11.283791670955125,32348.39,68.07,-7.9,-17.4,1.088,2.5,-0.1,2.5,-7.9,-17.4,1.094,21,2,0,0,2
82.5,22,isocontour,11.283791670955125,35167.24,74.01,-19.6,-7.2,0.984,-0.3,-0.9,0.9,-7.7,-17.4,1.094,21,3,0,0,3
82.5,23,isocontour,11.283791670955125,35876.39,75.5,-19.3,7.8,0.985,2.2,1.8,2.8,-7.7,-17.4,1.094,21,3,0,0,3
82.5,24,isocontour,11.283791670955125,33321.77,70.12,0.0,-20.7,0.994,-1.2,-0.3,1.2,-7.7,-17.4,1.094,21,3,0,0,3
82.5,25,isocontour,11.283791670955125,32594.11,68.59,-13.9,13.7,1.065,1.6,0.2,1.6,-7.9,-17.4,1.089,21,3,0,0,3
82.5,Target,,,,,0.0,0.0,4.023,0.0,0.0,,,,,,,,,
82.6,1,isocontour,11.283791670955125,30911.3,65.05,18.9,8.8,0.984,0.8,-1.1,1.4,18.4,-5.1,1.091,8,5,0,0,5
82.6,2,isocontour,11.283791670955125,29598.91,62.29,8.0,19.1,0.991,0.8,-2.0,2.2,18.4,-5.1,1.091,8,3,0,0,3
82.6,3,isocontour,11.283791670955125,31068.28,65.38,15.9,13.7,0.978,1.1,0.2,1.1,18.4,-5.1,1.091,8,5,0,0,5
82.6,4,isocontour,11.283791670955125,35128.72,73.92,19.0,5.5,1.044,1.3,-4.6,4.8,-7.7,-17.4,1.094,21,6,0,0,6
82.6,5,isocontour,11.283791670955125,32911.41,69.26,18.9,6.2,1.043,0.7,-1.0,1.2,18.4,-5.1,1.091,8,5,0,0,5
82.6,6,isocontour,11.283791670955125,34598.71,72.81,18.3,-5.8,1.08,-0.5,-0.8,0.9,-7.7,-17.4,1.094,21,4,0,0,4
82.6,7,isocontour,11.283791670955125,32821.65,69.07,-15.4,14.3,0.973,0.3,2.6,2.6,-7.7,-17.4,1.094,21,3,0,0,3
82.6,8,isocontour,11.283791670955125,34726.57,73.08,18.5,-4.8,1.084,0.5,4.4,4.4,-7.7,-17.4,1.094,21,5,0,0,5
82.6,9,isocontour,11.283791670955125,32798.23,69.02,20.5,2.1,0.998,-0.5,-1.1,1.2,-7.7,-17.4,1.094,21,6,0,0,6
82.6,10,isocontour,11.283791670955125,32530.4,68.46,16.0,-13.6,0.977,-1.7,-1.9,2.5,-7.7,-17.4,1.094,21,4,0,0,4
82.6,11,isocontour,11.283791670955125,34299.42,72.18,-18.1,-7.7,1.053,0.2,-2.4,2.4,-7.7,-17.4,1.094,21,3,0,0,3
82.6,12,isocontour,11.283791670955125,32785.34,68.99,-14.9,-14.3,0.996,-1.5,-1.1,1.9,-7.7,-17.4,1.094,21,3,0,0,3
82.6,13,isocontour,11.283791670955125,31138.87,65.53,21.0,-0.5,0.977,1.7,1.0,2.0,-7.7,-17.4,1.094,21,6,0,0,6
82.6,14,isocontour,11.283791670955125,32327.22,68.03,8.0,-17.4,1.084,-2.6,-0.2,2.6,-7.7,-17.4,1.094,21,3,0,0,3
82.6,15,isocontour,11.283791670955125,30639.31,64.48,0.2,20.9,0.981,-2.5,0.5,2.5,18.4,-5.1,1.091,8,3,0,0,3
82.6,16,isocontour,11.283791670955125,46539.89,97.94,-24.1,21.9,0.521,0.5,-0.8,0.9,-24.1,21.9,0.522,16,0,0,0,0
82.6,17,isocontour,11.283791670955125,30221.4,63.6,8.9,18.9,0.983,-3.7,0.6,3.7,18.4,-5.1,1.091,8,3,0,0,3
82.6,18,isocontour,11.283791670955125,36345.08,76.48,-7.8,19.3,0.99,-2.7,-0.5,2.7,18.4,-5.1,1.091,8,3,0,0,3
82.6,19,isocontour,11.283791670955125,32219.34,67.8,-20.8,-0.6,0.988,0.7,0.6,0.9,-7.7,-17.4,1.094,21,3,0,0,3
82.6,20,isocontour,11.283791670955125,33065.02,69.58,8.9,-18.9,0.981,1.4,-1.3,1.9,-7.7,-17.4,1.094,21,3,0,0,3
82.6,21,isocontour,11.283791670955125,32345.95,68.07,-7.9,-17.3,1.094,-0.4,1.2,1.3,-7.9,-17.3,1.094,21,2,0,0,2
82.6,22,isocontour,11.283791670955125,35161.21,73.99,-19.5,-7.3,0.989,1.6,-0.6,1.7,-7.7,-17.4,1.094,21,3,0,0,3
82.6,23,isocontour,11.283791670955125,35860.78,75.46,-19.2,8.0,0.986,0.9,2.1,2.3,-7.7,-17.4,1.094,21,3,0,0,3
82.6,24,isocontour,11.283791670955125,33319.45,70.12,-0.1,-20.7,0.994,-1.2,0.1,1.2,-7.7,-17.4,1.094,21,3,0,0,3
82.6,25,isocontour,11.283791670955125,32588.7,68.58,-13.7,13.7,1.071,1.6,0.1,1.6,-7.7,-17.4,1.094,21,3,0,0,3
82.6,Target,,,,,0.0,0.0,4.023,0.0,0.0,,,,,,,,,
82.7,1,isocontour,11.283791670955125,30907.88,65.04,18.9,8.7,0.988,-0.3,-1.3,1.3,-7.7,-17.4,1.094,21,5,0,0,5
82.7,2,isocontour,11.283791670955125,29598.09,62.29,8.0,19.2,0.989,-0.3,0.8,0.9,18.4,-5.1,1.091,8,3,0,0,3
82.7,3,isocontour,11.283791670955125,31065.61,65.37,15.8,13.8,0.979,-1.1,0.7,1.3,-7.7,-17.4,1.094,21,5,0,0,5
82.7,4,isocontour,11.283791670955125,35122.25,73.91,19.2,5.3,1.039,1.3,-1.2,1.8,-7.7,-17.4,1.094,21,6,0,0,6
82.7,5,isocontour,11.283791670955125,32877.62,69.19,18.9,5.9,1.042,1.0,-2.8,3.0,-7.7,-17.4,1.094,21,6,0,0,6
82.7,6,isocontour,11.283791670955125,34570.96,72.75,18.4,-5.6,1.083,0.4,2.8,2.8,-7.7,-17.4,1.094,21,4,0,0,4
82.7,7,isocontour,11.283791670955125,32788.54,69.0,-15.2,14.4,0.983,3.0,-0.1,3.0,-7.7,-17.4,1.094,21,3,0,0,3
82.7,8,isocontour,11.283791670955125,34703.55,73.03,18.6,-4.5,1.086,0.4,2.6,2.6,-7.7,-17.4,1.094,21,6,0,0,6
82.7,9,isocontour,11.283791670955125,32791.54,69.01,20.6,2.0,0.992,1.4,-1.0,1.7,-7.7,-17.4,1.094,21,6,0,0,6
82.7,10,isocontour,11.283791670955125,32528.61,68.45,15.8,-13.7,0.98,-1.0,-0.4,1.1,-7.7,-17.4,1.094,21,4,0,0,4
82.7,11,isocontour,11.283791670955125,34264.61,72.11,-18.0,-8.0,1.051,0.9,-2.9,3.0,-7.7,-17.4,1.094,21,3,0,0,3
82.7,12,isocontour,11.283791670955125,32754.51,68.93,-14.8,-14.6,0.989,0.9,-2.7,2.8,-7.7,-17.4,1.094,21,3,0,0,3
82.7,13,isocontour,11.283791670955125,31114.25,65.48,21.0,-0.3,0.979,-0.7,2.6,2.7,-7.7,-17.4,1.094,21,6,0,0,6
82.7,14,isocontour,11.283791670955125,32324.79,68.02,7.9,-17.5,1.084,-1.0,-0.7,1.2,-7.7,-17.4,1.094,21,3,0,0,3
82.7,15,isocontour,11.283791670955125,30606.86,64.41,0.4,20.8,0.987,2.6,-1.4,3.0,18.4,-5.1,1.091,8,3,0,0,3
82.7,16,isocontour,11.283791670955125,46538.79,97.94,-24.1,21.8,0.524,0.6,-0.7,0.9,-24.1,21.8,0.522,16,0,0,0,0
82.7,17,isocontour,11.283791670955125,30192.75,63.54,8.6,18.9,0.988,-2.8,0.2,2.8,18.4,-5.1,1.091,8,3,0,0,3
82.7,18,isocontour,11.283791670955125,36308.16,76.41,-8.1,19.2,0.986,-3.0,-0.5,3.0,-7.7,-17.4,1.094,21,3,0,0,3
82.7,19,isocontour,11.283791670955125,32197.35,67.76,-20.6,-0.8,0.996,1.5,-2.1,2.6,-7.7,-17.4,1.094,21,3,0,0,3
82.7,20,isocontour,11.283791670955125,33050.59,69.55,9.0,-19.1,0.97,-0.2,-2.2,2.2,-7.7,-17.4,1.094,21,3,0,0,3
82.7,21,isocontour,11.283791670955125,32326.65,68.03,-8.1,-17.3,1.089,-2.5,0.0,2.5,-8.1,-17.3,1.094,21,2,0,0,2
82.7,22,isocontour,11.283791670955125,35141.44,73.95,-19.4,-7.5,0.989,0.6,-2.4,2.5,-7.7,-17.4,1.094,21,3,0,0,3
82.7,23,isocontour,11.283791670955125,35829.63,75.4,-19.2,7.8,0.992,0.2,-2.9,2.9,-7.7,-17.4,1.094,21,3,0,0,3
82.7,24,isocontour,11.283791670955125,33317.41,70.11,-0.2,-20.7,0.993,-1.1,-0.3,1.1,-7.7,-17.4,1.094,21,3,0,0,3
82.7,25,isocontour,11.283791670955125,32587.73,68.58,-13.6,13.7,1.071,0.5,0.8,0.9,-7.7,-17.4,1.094,21,3,0,0,3
82.7,Target,,,,,0.0,0.0,4.023,0.0,0.0,,,,,,,,,
82.8,1,isocontour,11.283791670955125,30905.02,65.04,18.9,8.6,0.992,-0.2,-1.3,1.3,-7.7,-17.4,1.094,21,5,0,0,5
82.8,2,isocontour,11.283791670955125,29579.25,62.25,8.1,19.4,0.977,1.4,2.0,2.4,-7.7,-17.4,1.094,21,3,0,0,3
82.8,3,isocontour,11.283791670955125,31046.07,65.33,15.6,13.9,0.985,-2.3,0.8,2.4,-7.7,-17.4,1.094,21,5,0,0,5
82.8,4,isocontour,11.283791670955125,35098.17,73.86,19.4,5.3,1.027,2.6,-0.5,2.6,-7.7,-17.4,1.094,21,7,0,0,7
82.8,5,isocontour,11.283791670955125,32871.27,69.17,19.1,5.8,1.036,1.5,-0.9,1.7,-7.7,-17.4,1.094,21,6,0,0,6
82.8,6,isocontour,11.283791670955125,34543.49,72.69,18.4,-5.3,1.086,0.3,2.8,2.8,-7.7,-17.4,1.094,21,5,0,0,5
82.8,7,isocontour,11.283791670955125,32751.98,68.92,-15.1,14.1,0.995,0.2,-3.0,3.0,-7.7,-17.4,1.094,21,3,0,0,3
82.8,8,isocontour,11.283791670955125,34702.49,73.03,18.6,-4.4,1.085,0.5,0.8,0.9,-7.7,-17.4,1.094,21,6,0,0,6
82.8,9,isocontour,11.283791670955125,32784.01,68.99,20.8,2.0,0.983,1.6,0.9,1.8,-7.7,-17.4,1.094,21,6,0,0,6
82.8,10,isocontour,11.283791670955125,32526.05,68.45,15.8,-13.6,0.983,0.1,1.2,1.2,-7.7,-17.4,1.094,21,4,0,0,4
82.8,11,isocontour,11.283791670955125,34252.54,72.08,-18.0,-7.9,1.056,0.3,2.1,2.1,-7.7,-17.4,1.094,21,3,0,0,3
82.8,12,isocontour,11.283791670955125,32754.44,68.93,-14.8,-14.6,0.989,0.1,0.4,0.4,-7.7,-17.4,1.094,21,3,0,0,3
82.8,13,isocontour,11.283791670955125,31112.81,65.47,20.9,-0.2,0.983,-0.8,0.7,1.1,-7.7,-17.4,1.094,21,6,0,0,6
82.8,14,isocontour,11.283791670955125,32322.53,68.02,7.7,-17.5,1.085,-1.2,-0.2,1.2,-7.7,-17.4,1.094,21,3,0,0,3
82.8,15,isocontour,11.283791670955125,30605.01,64.4,0.5,20.7,0.991,1.0,-0.6,1.2,-7.7,-17.4,1.094,21,3,0,0,3
82.8,16,isocontour,11.283791670955125,46537.69,97.93,-24.1,21.9,0.522,-0.7,0.7,1.0,-24.1,21.9,0.524,16,0,0,0,0
82.8,17,isocontour,11.283791670955125,30161.6,63.47,8.4,19.0,0.992,-2.8,0.6,2.9,-7.7,-17.4,1.094,21,3,0,0,3
82.8,18,isocontour,11.283791670955125,36306.41,76.4,-8.0,19.2,0.986,1.0,0.4,1.1,-7.7,-17.4,1.094,21,3,0,0,3
82.8,19,isocontour,11.283791670955125,32195.25,67.75,-20.6,-0.9,0.996,-0.2,-1.2,1.2,-7.7,-17.4,1.094,21,3,0,0,3
82.8,20,isocontour,11.283791670955125,33013.67,69.47,8.7,-19.1,0.976,-3.1,0.2,3.1,-7.7,-17.4,1.094,21,3,0,0,3
82.8,21,isocontour,11.283791670955125,32323.08,68.02,-8.1,-17.4,1.084,0.8,-1.2,1.4,-8.1,-17.4,1.094,21,2,0,0,2
82.8,22,isocontour,11.283791670955125,35139.69,73.95,-19.3,-7.5,0.993,0.7,0.8,1.1,-7.7,-17.4,1.094,21,3,0,0,3
82.8,23,isocontour,11.283791670955125,35828.35,75.4,-19.2,7.8,0.995,0.6,0.8,1.0,-7.7,-17.4,1.094,21,3,0,0,3
82.8,24,isocontour,11.283791670955125,33316.93,70.11,-0.1,-20.7,0.994,0.7,0.2,0.7,-7.7,-17.4,1.094,21,3,0,0,3
82.8,25,isocontour,11.283791670955125,32582.33,68.57,-13.8,13.7,1.067,-1.5,-0.5,1.6,-7.7,-17.4,1.094,21,3,0,0,3
82.8,Target,,,,,0.0,0.0,4.023,0.0,0.0,,,,,,,,,
82.9,1,isocontour,11.283791670955125,30902.75,65.03,18.8,8.5,0.997,-0.6,-1.0,1.2,-7.7,-17.4,1.094,21,5,0,0,5
82.9,2,isocontour,11.283791670955125,29543.74,62.17,7.9,19.5,0.976,-2.9,1.0,3.1,-7.7,-17.4,1.094,21,3,0,0,3
82.9,3,isocontour,11.283791670955125,31009.15,65.25,15.4,13.6,0.999,-1.1,-2.9,3.1,-7.7,-17.4,1.094,21,5,0,0,5
82.9,4,isocontour,11.283791670955125,35079.78,73.82,19.3,5.4,1.03,-1.6,1.8,2.4,-7.7,-17.4,1.094,21,7,0,0,7
82.9,5,isocontour,11.283791670955125,32849.54,69.13,19.1,6.0,1.032,-0.2,2.6,2.6,-7.7,-17.4,1.094,21,7,0,0,7
82.9,6,isocontour,11.283791670955125,34542.81,72.69,18.4,-5.2,1.088,-0.1,0.8,0.8,-7.7,-17.4,1.094,21,6,0,0,6
82.9,7,isocontour,11.283791670955125,32734.91,68.89,-14.9,14.1,1.001,2.1,1.1,2.4,-7.7,-17.4,1.094,21,3,0,0,3
82.9,8,isocontour,11.283791670955125,34701.83,73.03,18.7,-4.3,1.084,0.3,0.7,0.8,-7.7,-17.4,1.094,21,6,0,0,6
82.9,9,isocontour,11.283791670955125,32782.16,68.99,20.9,2.1,0.978,0.9,0.7,1.1,-7.7,-17.4,1.094,21,6,0,0,6
82.9,10,isocontour,11.283791670955125,32505.8,68.4,15.7,-13.4,0.996,-1.5,2.0,2.5,-7.7,-17.4,1.094,21,4,0,0,4
82.9,11,isocontour,11.283791670955125,34251.9,72.08,-18.0,-7.8,1.056,-0.5,0.6,0.8,-7.7,-17.4,1.094,21,3,0,0,3
82.9,12,isocontour,11.283791670955125,32742.02,68.9,-14.9,-14.5,0.989,-1.6,1.4,2.1,-7.7,-17.4,1.094,21,3,0,0,3
82.9,13,isocontour,11.283791670955125,31088.19,65.42,20.8,0.1,0.987,-0.7,2.6,2.7,-7.7,-17.4,1.094,21,6,0,0,6
82.9,14,isocontour,11.283791670955125,32287.72,67.95,7.5,-17.6,1.088,-2.9,-0.8,3.0,-7.7,-17.4,1.094,21,3,0,0,3
82.9,15,isocontour,11.283791670955125,30604.14,64.4,0.4,20.7,0.991,-0.8,0.2,0.8,-7.7,-17.4,1.094,21,3,0,0,3
82.9,16,isocontour,11.283791670955125,46536.59,97.93,-24.1,21.8,0.524,0.2,-0.9,0.9,-24.1,21.8,0.524,16,0,0,0,0
82.9,17,isocontour,11.283791670955125,30090.15,63.32,8.6,18.9,0.992,3.5,-1.5,3.8,-7.7,-17.4,1.094,21,3,0,0,3
82.9,18,isocontour,11.283791670955125,36294.16,76.38,-8.2,19.1,0.988,-1.7,-1.3,2.1,-7.7,-17.4,1.094,21,3,0,0,3
82.9,19,isocontour,11.283791670955125,32179.64,67.72,-20.8,-0.8,0.987,-1.8,1.4,2.3,-7.7,-17.4,1.094,21,3,0,0,3
82.9,20,isocontour,11.283791670955125,33007.86,69.46,8.5,-19.1,0.983,-1.4,0.9,1.7,-7.7,-17.4,1.094,21,3,0,0,3
82.9,21,isocontour,11.283791670955125,32320.21,68.01,-7.9,-17.4,1.087,1.3,0.2,1.3,-7.9,-17.4,1.094,21,2,0,0,2
82.9,22,isocontour,11.283791670955125,35104.53,73.87,-19.2,-7.7,0.992,0.7,-2.9,3.0,-7.7,-17.4,1.094,21,3,0,0,3
82.9,23,isocontour,11.283791670955125,35796.23,75.33,-19.4,7.9,0.981,-2.9,0.4,2.9,-7.7,-17.4,1.094,21,3,0,0,3
82.9,24,isocontour,11.283791670955125,33316.05,70.11,-0.1,-20.7,0.995,0.9,0.1,0.9,-7.7,-17.4,1.094,21,3,0,0,3
82.9,25,isocontour,11.283791670955125,32579.53,68.56,-13.8,13.6,1.069,-0.4,-1.2,1.3,-7.7,-17.4,1.094,21,3,0,0,3
82.9,Target,,,,,0.0,0.0,4.023,0.0,0.0,,,,,,,,,
83.0,1,isocontour,11.283791670955125,30899.69,65.02,18.9,8.4,0.995,1.1,-0.8,1.4,-7.7,-17.4,1.094,21,5,0,0,5
83.0,2,isocontour,11.283791670955125,29519.12,62.12,8.1,19.4,0.978,2.4,-1.3,2.7,-7.7,-17.4,1.094,21,3,0,0,3
83.0,3,isocontour,11.283791670955125,30994.91,65.22,15.6,13.5,0.999,1.8,-1.3,2.2,-7.7,-17.4,1.094,21,5,0,0,5
83.0,4,isocontour,11.283791670955125,35055.16,73.77,19.2,5.6,1.033,-1.1,2.4,2.6,-7.7,-17.4,1.094,21,7,0,0,7
83.0,5,isocontour,11.283791670955125,32830.0,69.09,19.0,6.3,1.031,-0.6,2.4,2.5,-7.7,-17.4,1.094,21,7,0,0,7
83.0,6,isocontour,11.283791670955125,34537.7,72.68,18.3,-5.2,1.093,-1.3,-0.9,1.6,-7.7,-17.4,1.094,21,6,0,0,6
83.0,7,isocontour,11.283791670955125,32728.66,68.87,-15.0,14.3,0.993,-0.9,1.4,1.7,-7.7,-17.4,1.094,21,3,0,0,3
83.0,8,isocontour,11.283791670955125,34699.45,73.02,18.6,-4.4,1.086,-0.7,-1.0,1.2,-7.7,-17.4,1.094,21,6,0,0,6
83.0,9,isocontour,11.283791670955125,32780.68,68.98,20.8,2.2,0.98,-0.8,0.6,1.0,-7.7,-17.4,1.094,21,6,0,0,6
83.0,10,isocontour,11.283791670955125,32504.73,68.4,15.7,-13.3,0.999,0.3,0.9,0.9,-7.7,-17.4,1.094,21,4,0,0,4
83.0,11,isocontour,11.283791670955125,34232.83,72.04,-18.1,-8.0,1.046,-1.0,-2.2,2.4,-7.7,-17.4,1.094,21,3,0,0,3
83.0,12,isocontour,11.283791670955125,32727.4,68.87,-15.0,-14.2,0.996,-0.0,2.3,2.3,-7.7,-17.4,1.094,21,3,0,0,3
83.0,13,isocontour,11.283791670955125,31086.91,65.42,20.7,0.2,0.991,-0.7,0.7,1.0,-7.7,-17.4,1.094,21,6,0,0,6
83.0,14,isocontour,11.283791670955125,32287.01,67.94,7.5,-17.5,1.091,0.5,0.6,0.8,-7.7,-17.4,1.094,21,3,0,0,3
83.0,15,isocontour,11.283791670955125,30479.02,64.14,0.0,20.8,0.988,-4.6,0.6,4.6,-7.7,-17.4,1.094,21,3,0,0,3
83.0,16,isocontour,11.283791670955125,46535.49,97.93,-24.1,21.9,0.522,-0.3,0.9,0.9,-24.1,21.9,0.524,16,0,0,0,0
83.0,17,isocontour,11.283791670955125,30085.94,63.31,8.8,18.8,0.989,1.5,0.1,1.5,-7.7,-17.4,1.094,21,3,0,0,3
83.0,18,isocontour,11.283791670955125,36263.01,76.31,-8.4,19.0,0.99,-2.4,-1.5,2.8,-7.7,-17.4,1.094,21,3,0,0,3
83.0,19,isocontour,11.283791670955125,32179.16,67.72,-20.8,-0.7,0.987,0.2,0.7,0.7,-7.7,-17.4,1.094,21,3,0,0,3
83.0,20,isocontour,11.283791670955125,32989.69,69.42,8.6,-18.9,0.993,0.7,2.3,2.4,-7.7,-17.4,1.094,21,3,0,0,3
83.0,21,isocontour,11.283791670955125,32300.9,67.97,-7.7,-17.4,1.092,2.5,-0.2,2.5,-7.7,-17.4,1.094,21,2,0,0,2
83.0,22,isocontour,11.283791670955125,35093.45,73.85,-19.4,-7.9,0.982,-1.7,-1.2,2.1,-7.7,-17.4,1.094,21,3,0,0,3
83.0,23,isocontour,11.283791670955125,35794.98,75.33,-19.5,7.8,0.979,-0.3,-0.9,0.9,-7.7,-17.4,1.094,21,3,0,0,3
83.0,24,isocontour,11.283791670955125,33314.44,70.11,-0.1,-20.7,0.992,-0.9,-0.6,1.1,-7.7,-17.4,1.094,21,3,0,0,3
83.0,25,isocontour,11.283791670955125,32567.45,68.53,-14.0,13.6,1.061,-2.1,0.3,2.1,-7.7,-17.4,1.094,21,3,0,0,3
83.0,Target,,,,,0.0,0.0,4.023,0.0,0.0,,,,,,,,,
83.1,1,isocontour,11.283791670955125,30806.25,64.83,18.9,8.7,0.986,0.2,4.2,4.2,-7.7,-17.4,1.094,21,5,0,0,5
83.1,2,isocontour,11.283791670955125,29508.51,62.1,8.3,19.3,0.977,1.9,-0.6,2.0,-7.7,-17.4,1.094,21,3,0,0,3
83.1,3,isocontour,11.283791670955125,30880.78,64.98,15.4,13.8,0.994,-2.2,3.9,4.5,-7.7,-17.4,1.094,21,5,0,0,5
83.1,4,isocontour,11.283791670955125,35042.21,73.74,19.0,5.8,1.04,-1.8,1.2,2.2,-7.7,-17.4,1.094,21,7,0,0,7
83.1,5,isocontour,11.283791670955125,32806.98,69.04,18.9,6.5,1.031,-1.0,2.4,2.6,-7.7,-17.4,1.094,21,6,0,0,6
83.1,6,isocontour,11.283791670955125,34532.39,72.67,18.3,-5.4,1.091,0.1,-1.6,1.6,-7.7,-17.4,1.094,21,5,0,0,5
83.1,7,isocontour,11.283791670955125,32727.87,68.87,-15.0,14.4,0.988,-0.5,0.7,0.9,-7.7,-17.4,1.094,21,3,0,0,3
83.1,8,isocontour,11.283791670955125,34696.9,73.02,18.5,-4.5,1.089,-0.7,-1.0,1.2,-7.7,-17.4,1.094,21,6,0,0,6
83.1,9,isocontour,11.283791670955125,32777.54,68.98,20.7,2.2,0.986,-1.2,0.6,1.3,-7.7,-17.4,1.094,21,6,0,0,6
83.1,10,isocontour,11.283791670955125,32486.12,68.36,15.9,-13.2,0.994,2.2,1.0,2.4,-7.7,-17.4,1.094,21,4,0,0,4
83.1,11,isocontour,11.283791670955125,34229.96,72.03,-18.0,-8.1,1.047,0.9,-1.0,1.3,-7.7,-17.4,1.094,21,3,0,0,3
83.1,12,isocontour,11.283791670955125,32725.74,68.87,-14.9,-14.2,1.002,0.9,0.6,1.1,-7.7,-17.4,1.094,21,3,0,0,3
83.1,13,isocontour,11.283791670955125,31085.11,65.41,20.8,0.1,0.99,0.2,-1.1,1.1,-7.7,-17.4,1.094,21,6,0,0,6
83.1,14,isocontour,11.283791670955125,32264.77,67.9,7.7,-17.4,1.093,2.2,1.4,2.6,-7.7,-17.4,1.094,21,3,0,0,3
83.1,15,isocontour,11.283791670955125,30418.64,64.01,-0.3,20.7,0.996,-3.2,-1.8,3.7,-7.7,-17.4,1.094,21,3,0,0,3
83.1,16,isocontour,11.283791670955125,46534.39,97.93,-24.2,21.9,0.52,-0.1,0.9,0.9,-24.2,21.9,0.524,16,0,0,0,0
83.1,17,isocontour,11.283791670955125,29970.28,63.07,9.1,18.6,0.99,3.9,-2.3,4.5,-7.7,-17.4,1.094,21,3,0,0,3
83.1,18,isocontour,11.283791670955125,36245.72,76.27,-8.3,19.1,0.986,1.6,1.8,2.4,-7.7,-17.4,1.094,21,3,0,0,3
83.1,19,isocontour,11.283791670955125,32142.6,67.64,-20.7,-1.0,0.99,0.8,-2.9,3.0,-7.7,-17.4,1.094,21,3,0,0,3
83.1,20,isocontour,11.283791670955125,32986.12,69.42,8.5,-18.9,0.989,-0.4,-1.3,1.4,-7.7,-17.4,1.094,21,3,0,0,3
83.1,21,isocontour,11.283791670955125,32271.02,67.91,-7.9,-17.3,1.091,-2.8,0.7,2.9,-7.9,-17.3,1.094,21,2,0,0,2
83.1,22,isocontour,11.283791670955125,35072.95,73.81,-19.4,-8.1,0.975,-0.4,-2.5,2.5,-7.7,-17.4,1.094,21,3,0,0,3
83.1,23,isocontour,11.283791670955125,35786.28,75.31,-19.3,7.8,0.988,1.9,-0.1,1.9,-7.7,-17.4,1.094,21,3,0,0,3
83.1,24,isocontour,11.283791670955125,33194.11,69.85,-0.5,-20.9,0.983,-4.2,-1.8,4.6,-7.7,-17.4,1.094,21,3,0,0,3
83.1,25,isocontour,11.283791670955125,32563.8,68.53,-14.0,13.7,1.054,-0.0,1.4,1.4,-7.7,-17.4,1.094,21,3,0,0,3
83.1,Target,,,,,0.0,0.0,4.023,0.0,0.0,,,,,,,,,
83.2,1,isocontour,11.283791670955125,30805.43,64.83,18.9,8.8,0.984,-0.4,0.7,0.8,-7.7,-17.4,1.094,21,5,0,0,5
83.2,2,isocontour,11.283791670955125,29480.46,62.04,8.1,19.2,0.986,-2.6,-1.0,2.8,-7.7,-17.4,1.094,21,3,0,0,3
83.2,3,isocontour,11.283791670955125,30875.07,64.97,15.4,14.0,0.988,0.0,1.6,1.6,-7.7,-17.4,1.094,21,5,0,0,5
83.2,4,isocontour,11.283791670955125,35033.51,73.72,18.9,5.9,1.048,-1.6,0.9,1.8,-7.7,-17.4,1.094,21,7,0,0,7
83.2,5,isocontour,11.283791670955125,32803.71,69.03,18.8,6.6,1.037,-1.3,0.4,1.4,-7.7,-17.4,1.094,21,6,0,0,6
83.2,6,isocontour,11.283791670955125,34530.64,72.67,18.3,-5.4,1.086,1.0,0.4,1.1,-7.7,-17.4,1.094,21,5,0,0,5
83.2,7,isocontour,11.283791670955125,32726.63,68.87,-15.0,14.4,0.989,0.8,0.5,0.9,-7.7,-17.4,1.094,21,3,0,0,3
83.2,8,isocontour,11.283791670955125,34694.95,73.01,18.4,-4.5,1.095,-0.9,0.7,1.1,-7.7,-17.4,1.094,21,6,0,0,6
83.2,9,isocontour,11.283791670955125,32771.19,68.96,20.6,2.2,0.995,-1.6,-0.6,1.7,-7.7,-17.4,1.094,21,6,0,0,6
83.2,10,isocontour,11.283791670955125,32452.33,68.29,15.9,-13.4,0.988,-1.0,-2.8,3.0,-7.7,-17.4,1.094,21,4,0,0,4
83.2,11,isocontour,11.283791670955125,34219.03,72.01,-17.9,-8.2,1.053,1.7,-1.1,2.0,-7.7,-17.4,1.094,21,3,0,0,3
83.2,12,isocontour,11.283791670955125,32700.29,68.81,-14.9,-14.4,0.994,-0.1,-2.7,2.7,-7.7,-17.4,1.094,21,3,0,0,3
83.2,13,isocontour,11.283791670955125,31081.9,65.41,20.9,0.0,0.984,1.3,-0.4,1.4,-7.7,-17.4,1.094,21,6,0,0,6
83.2,14,isocontour,11.283791670955125,32264.2,67.9,7.7,-17.3,1.094,0.6,0.4,0.7,-7.7,-17.4,1.094,21,3,0,0,3
83.2,15,isocontour,11.283791670955125,30417.85,64.01,-0.3,20.6,0.998,0.8,-0.2,0.8,-7.7,-17.4,1.094,21,3,0,0,3
83.2,16,isocontour,11.283791670955125,46533.29,97.92,-24.2,22.0,0.518,-0.2,0.9,0.9,-24.2,22.0,0.524,16,0,0,0,0
83.2,17,isocontour,11.283791670955125,29969.0,63.07,9.2,18.7,0.986,0.3,0.9,0.9,-7.7,-17.4,1.094,21,3,0,0,3
83.2,18,isocontour,11.283791670955125,36169.14,76.11,-8.0,19.3,0.984,3.5,1.8,3.9,-7.7,-17.4,1.094,21,3,0,0,3
83.2,19,isocontour,11.283791670955125,32142.08,67.64,-20.7,-1.0,0.992,0.2,0.7,0.7,-7.7,-17.4,1.094,21,3,0,0,3
83.2,20,isocontour,11.283791670955125,32982.85,69.41,8.6,-19.0,0.984,1.2,-0.6,1.3,-7.7,-17.4,1.094,21,3,0,0,3
83.2,21,isocontour,11.283791670955125,32264.32,67.9,-8.1,-17.3,1.086,-1.7,-0.1,1.7,-8.1,-17.3,1.094,21,2,0,0,2
83.2,22,isocontour,11.283791670955125,35067.45,73.8,-19.3,-8.2,0.979,1.5,-0.6,1.6,-7.7,-17.4,1.094,21,3,0,0,3
83.2,23,isocontour,11.283791670955125,35781.26,75.3,-19.2,7.6,0.995,0.8,-1.4,1.6,-7.7,-17.4,1.094,21,3,0,0,3
83.2,24,isocontour,11.283791670955125,33174.57,69.81,-0.4,-20.9,0.981,2.5,-0.1,2.5,-7.7,-17.4,1.094,21,3,0,0,3
83.2,25,isocontour,11.283791670955125,32535.14,68.47,-14.2,13.6,1.051,-2.2,-1.7,2.8,-7.7,-17.4,1.094,21,3,0,0,3
83.2,Target,,,,,0.0,0.0,4.023,0.0,0.0,,,,,,,,,
83.3,1,isocontour,11.283791670955125,30770.27,64.75,18.9,8.6,0.989,0.2,-3.0,3.0,-7.7,-17.4,1.094,21,5,0,0,5
83.3,2,isocontour,11.283791670955125,29446.33,61.97,7.8,19.2,0.993,-3.0,0.1,3.0,-7.7,-17.4,1.094,21,3,0,0,3
83.3,3,isocontour,11.283791670955125,30873.23,64.97,15.3,14.0,0.992,-1.0,-0.5,1.1,-7.7,-17.4,1.094,21,5,0,0,5
83.3,4,isocontour,11.283791670955125,35029.38,73.72,18.9,5.8,1.05,0.3,-1.4,1.4,18.4,-4.5,1.095,8,6,0,0,6
83.3,5,isocontour,11.283791670955125,32800.14,69.02,18.8,6.5,1.04,-0.0,-1.4,1.4,18.4,-4.5,1.095,8,6,0,0,6
83.3,6,isocontour,11.283791670955125,34528.15,72.66,18.4,-5.3,1.086,0.2,1.2,1.2,18.4,-4.5,1.095,8,4,0,0,4
83.3,7,isocontour,11.283791670955125,32712.2,68.84,-15.0,14.2,0.996,0.0,-2.2,2.2,-7.7,-17.4,1.094,21,3,0,0,3
83.3,8,isocontour,11.283791670955125,34668.65,72.96,18.5,-4.2,1.096,0.7,2.6,2.7,18.5,-4.2,1.095,8,6,0,0,6
83.3,9,isocontour,11.283791670955125,32768.82,68.96,20.5,2.1,0.998,-0.2,-1.2,1.2,18.4,-4.5,1.095,8,6,0,0,6
83.3,10,isocontour,11.283791670955125,32444.3,68.28,15.7,-13.5,0.995,-1.8,0.3,1.8,18.4,-4.5,1.095,8,4,0,0,4
83.3,11,isocontour,11.283791670955125,34183.88,71.94,-17.8,-8.4,1.053,1.2,-2.8,3.0,-7.7,-17.4,1.094,21,3,0,0,3
83.3,12,isocontour,11.283791670955125,32674.27,68.76,-14.9,-14.7,0.982,-0.2,-2.7,2.7,-7.7,-17.4,1.094,21,3,0,0,3
83.3,13,isocontour,11.283791670955125,31080.77,65.41,21.0,-0.0,0.979,0.8,-0.5,0.9,18.4,-4.5,1.095,8,6,0,0,6
83.3,14,isocontour,11.283791670955125,32247.56,67.86,7.9,-17.2,1.096,2.0,1.2,2.3,7.9,-17.2,1.094,14,3,0,0,3
83.3,15,isocontour,11.283791670955125,30417.15,64.01,-0.2,20.6,0.997,0.8,0.2,0.8,-7.7,-17.4,1.094,21,3,0,0,3
83.3,16,isocontour,11.283791670955125,46532.19,97.92,-24.1,22.1,0.517,0.6,0.7,0.9,-24.1,22.1,0.524,16,0,0,0,0
83.3,17,isocontour,11.283791670955125,29937.53,63.0,9.0,18.8,0.983,-2.3,1.7,2.9,-7.7,-17.4,1.094,21,3,0,0,3
83.3,18,isocontour,11.283791670955125,36146.39,76.07,-7.7,19.2,0.992,2.5,-0.9,2.7,-7.7,-17.4,1.094,21,3,0,0,3
83.3,19,isocontour,11.283791670955125,32138.8,67.63,-20.8,-1.0,0.989,-0.6,-1.2,1.3,-7.7,-17.4,1.094,21,3,0,0,3
83.3,20,isocontour,11.283791670955125,32957.11,69.35,8.8,-18.9,0.987,2.0,1.9,2.8,-7.7,-17.4,1.094,21,3,0,0,3
83.3,21,isocontour,11.283791670955125,32237.74,67.84,-8.3,-17.3,1.081,-2.7,0.5,2.7,-8.3,-17.3,1.094,21,2,0,0,2
83.3,22,isocontour,11.283791670955125,35057.15,73.77,-19.1,-8.3,0.984,1.5,-1.3,2.0,-7.7,-17.4,1.094,21,3,0,0,3
83.3,23,isocontour,11.283791670955125,35758.51,75.25,-19.2,7.8,0.992,0.1,2.6,2.6,-7.7,-17.4,1.094,21,3,0,0,3
83.3,24,isocontour,11.283791670955125,33148.27,69.76,-0.1,-20.9,0.985,2.6,0.8,2.7,-7.7,-17.4,1.094,21,3,0,0,3
83.3,25,isocontour,11.283791670955125,32522.01,68.44,-14.3,13.4,1.056,-0.4,-2.1,2.1,-7.7,-17.4,1.094,21,3,0,0,3
83.3,Target,,,,,0.0,0.0,4.023,0.0,0.0,,,,,,,,,
83.4,1,isocontour,11.283791670955125,30767.84,64.75,18.9,8.4,0.992,0.2,-1.2,1.2,18.4,-4.5,1.095,8,5,0,0,5
83.4,2,isocontour,11.283791670955125,29434.43,61.94,7.8,19.3,0.984,1.0,1.8,2.1,-7.7,-17.4,1.094,21,3,0,0,3
83.4,3,isocontour,11.283791670955125,30860.98,64.94,15.5,13.9,0.987,2.1,-0.5,2.2,18.4,-4.5,1.095,8,5,0,0,5
83.4,4,isocontour,11.283791670955125,35026.64,73.71,18.9,5.7,1.047,0.8,-1.0,1.3,18.5,-4.2,1.096,8,7,0,0,7
83.4,5,isocontour,11.283791670955125,32782.19,68.99,18.8,6.2,1.045,-0.2,-2.4,2.4,18.5,-4.2,1.096,8,6,0,0,6
83.4,6,isocontour,11.283791670955125,34524.35,72.65,18.4,-5.1,1.089,-0.1,1.4,1.4,18.5,-4.2,1.096,8,5,0,0,5
83.4,7,isocontour,11.283791670955125,32707.99,68.83,-15.0,14.3,0.99,-0.9,1.2,1.5,-7.7,-17.4,1.094,21,3,0,0,3
83.4,8,isocontour,11.283791670955125,34642.64,72.9,18.5,-4.0,1.095,0.6,2.7,2.8,18.5,-4.0,1.096,8,6,0,0,6
83.4,9,isocontour,11.283791670955125,32761.65,68.94,20.7,2.1,0.99,1.6,0.7,1.7,18.5,-4.2,1.096,8,6,0,0,6
83.4,10,isocontour,11.283791670955125,32443.23,68.27,15.6,-13.4,1.0,-0.9,0.3,0.9,18.5,-4.2,1.096,8,4,0,0,4
83.4,11,isocontour,11.283791670955125,34183.0,71.93,-17.7,-8.4,1.055,-0.0,0.9,0.9,-7.7,-17.4,1.094,21,3,0,0,3
83.4,12,isocontour,11.283791670955125,32673.73,68.76,-14.9,-14.7,0.98,0.4,-0.6,0.7,-7.7,-17.4,1.094,21,3,0,0,3
83.4,13,isocontour,11.283791670955125,31079.77,65.4,20.9,0.0,0.982,-0.7,0.6,0.9,18.5,-4.2,1.096,8,6,0,0,6
83.4,14,isocontour,11.283791670955125,32223.75,67.81,8.2,-17.2,1.092,2.6,0.4,2.6,8.2,-17.2,1.096,14,3,0,0,3
83.4,15,isocontour,11.283791670955125,30334.58,63.84,-0.5,20.9,0.984,-3.1,2.6,4.0,-7.7,-17.4,1.094,21,3,0,0,3
83.4,16,isocontour,11.283791670955125,46531.09,97.92,-24.0,22.1,0.519,0.9,-0.0,0.9,-24.0,22.1,0.524,16,0,0,0,0
83.4,17,isocontour,11.283791670955125,29927.68,62.98,8.8,18.8,0.99,-1.7,-1.0,2.0,-7.7,-17.4,1.094,21,3,0,0,3
83.4,18,isocontour,11.283791670955125,36125.41,76.02,-7.7,19.4,0.982,0.1,2.5,2.5,-7.7,-17.4,1.094,21,3,0,0,3
83.4,19,isocontour,11.283791670955125,32119.72,67.59,-20.8,-0.9,0.989,0.1,2.5,2.5,-7.7,-17.4,1.094,21,3,0,0,3
83.4,20,isocontour,11.283791670955125,32955.01,69.35,8.9,-18.7,0.991,0.5,1.1,1.2,7.9,-17.2,1.096,14,3,0,0,3
83.4,21,isocontour,11.283791670955125,32219.57,67.8,-8.2,-17.3,1.084,2.4,-0.3,2.4,-8.2,-17.3,1.094,21,2,0,0,2
83.4,22,isocontour,11.283791670955125,35056.49,73.77,-19.1,-8.3,0.986,-0.1,0.8,0.8,-7.7,-17.4,1.094,21,3,0,0,3
83.4,23,isocontour,11.283791670955125,35728.62,75.19,-19.3,7.7,0.988,-1.7,-2.3,2.9,-7.7,-17.4,1.094,21,3,0,0,3
83.4,24,isocontour,11.283791670955125,33145.27,69.75,0.0,-20.8,0.989,1.1,0.7,1.3,7.9,-17.2,1.096,14,3,0,0,3
83.4,25,isocontour,11.283791670955125,32508.52,68.41,-14.4,13.6,1.048,-0.4,2.1,2.1,-7.7,-17.4,1.094,21,3,0,0,3
83.4,Target,,,,,0.0,0.0,4.023,0.0,0.0,,,,,,,,,
83.5,1,isocontour,11.283791670955125,30767.41,64.75,19.0,8.5,0.989,0.3,0.6,0.7,18.5,-4.2,1.096,8,5,0,0,5
83.5,2,isocontour,11.283791670955125,29419.61,61.91,8.0,19.5,0.974,1.9,1.3,2.3,18.4,-4.5,1.095,8,3,0,0,3
83.5,3,isocontour,11.283791670955125,30857.41,64.94,15.4,14.0,0.989,-1.3,0.5,1.4,18.5,-4.2,1.096,8,5,0,0,5
83.5,4,isocontour,11.283791670955125,35024.89,73.71,19.0,5.6,1.048,0.1,-1.1,1.1,18.5,-4.2,1.096,8,7,0,0,7
83.5,5,isocontour,11.283791670955125,32699.63,68.81,18.9,6.5,1.034,1.3,3.8,4.0,18.5,-4.2,1.096,8,6,0,0,6
83.5,6,isocontour,11.283791670955125,34503.36,72.61,18.3,-5.3,1.089,-0.7,-2.4,2.5,18.5,-4.2,1.096,8,5,0,0,5
83.5,7,isocontour,11.283791670955125,32686.26,68.78,-15.1,14.5,0.98,-0.2,2.6,2.6,-7.7,-17.4,1.094,21,3,0,0,3
83.5,8,isocontour,11.283791670955125,34639.77,72.9,18.5,-4.0,1.097,-0.6,-1.1,1.3,18.5,-4.2,1.096,8,6,0,0,6
83.5,9,isocontour,11.283791670955125,32740.17,68.9,20.9,2.0,0.978,2.4,-1.0,2.6,18.5,-4.2,1.096,8,6,0,0,6
83.5,10,isocontour,11.283791670955125,32406.67,68.2,15.8,-13.3,0.998,2.4,1.9,3.1,18.5,-4.2,1.096,8,4,0,0,4
83.5,11,isocontour,11.283791670955125,34182.54,71.93,-17.8,-8.3,1.056,-0.2,0.7,0.7,-7.7,-17.4,1.094,21,3,0,0,3
83.5,12,isocontour,11.283791670955125,32672.33,68.75,-14.9,-14.7,0.979,-0.8,0.7,1.1,-7.7,-17.4,1.094,21,3,0,0,3
83.5,13,isocontour,11.283791670955125,31057.27,65.36,20.8,0.3,0.985,-0.7,2.5,2.6,18.5,-4.2,1.096,8,6,0,0,6
83.5,14,isocontour,11.283791670955125,32221.65,67.81,8.3,-17.1,1.092,1.0,0.6,1.2,18.5,-4.2,1.096,8,3,0,0,3
83.5,15,isocontour,11.283791670955125,30332.09,63.83,-0.4,20.9,0.981,1.2,0.3,1.2,-7.7,-17.4,1.094,21,3,0,0,3
83.5,16,isocontour,11.283791670955125,46529.99,97.92,-24.1,22.2,0.517,-0.5,0.8,0.9,-24.1,22.2,0.524,16,0,0,0,0
83.5,17,isocontour,11.283791670955125,29926.89,62.98,8.8,18.7,0.994,-0.8,-0.3,0.9,18.4,-4.5,1.095,8,3,0,0,3
83.5,18,isocontour,11.283791670955125,36084.78,75.94,-7.9,19.3,0.987,-2.2,-2.3,3.2,-7.7,-17.4,1.094,21,3,0,0,3
83.5,19,isocontour,11.283791670955125,32084.22,67.52,-20.7,-1.1,0.992,0.8,-2.9,3.0,-7.7,-17.4,1.094,21,3,0,0,3
83.5,20,isocontour,11.283791670955125,32928.43,69.29,8.7,-18.8,0.993,-2.6,-1.0,2.8,7.9,-17.2,1.096,14,3,0,0,3
83.5,21,isocontour,11.283791670955125,32191.81,67.74,-7.9,-17.4,1.089,2.7,-0.5,2.7,7.9,-17.2,1.096,14,2,0,0,2
83.5,22,isocontour,11.283791670955125,35055.09,73.77,-19.2,-8.2,0.985,-0.5,0.9,1.0,-7.7,-17.4,1.094,21,3,0,0,3
83.5,23,isocontour,11.283791670955125,35712.6,75.15,-19.3,7.5,0.992,0.3,-2.3,2.3,-7.7,-17.4,1.094,21,3,0,0,3
83.5,24,isocontour,11.283791670955125,33142.34,69.74,0.2,-20.7,0.993,1.1,0.7,1.3,7.9,-17.2,1.096,14,3,0,0,3
83.5,25,isocontour,11.283791670955125,32497.91,68.39,-14.4,13.4,1.051,-0.7,-1.9,2.0,-7.7,-17.4,1.094,21,3,0,0,3
83.5,Target,,,,,0.0,0.0,4.023,0.0,0.0,,,,,,,,,
83.6,1,isocontour,11.283791670955125,30766.91,64.75,19.0,8.5,0.986,0.5,0.5,0.7,18.5,-4.2,1.096,8,5,0,0,5
83.6,2,isocontour,11.283791670955125,29389.72,61.85,8.2,19.3,0.977,2.1,-1.9,2.8,18.5,-4.2,1.096,8,3,0,0,3
83.6,3,isocontour,11.283791670955125,30856.67,64.93,15.3,14.0,0.991,-0.7,0.4,0.8,18.5,-4.2,1.096,8,5,0,0,5
83.6,4,isocontour,11.283791670955125,35024.47,73.7,18.9,5.6,1.048,-0.3,0.6,0.7,18.5,-4.0,1.097,8,7,0,0,7
83.6,5,isocontour,11.283791670955125,32682.98,68.78,18.8,6.7,1.036,-1.6,1.7,2.3,18.5,-4.0,1.097,8,6,0,0,6
83.6,6,isocontour,11.283791670955125,34500.3,72.6,18.3,-5.5,1.086,0.4,-1.3,1.4,18.5,-4.0,1.097,8,5,0,0,5
83.6,7,isocontour,11.283791670955125,32685.16,68.78,-15.1,14.5,0.979,-0.6,-0.7,0.9,-7.7,-17.4,1.094,21,3,0,0,3
83.6,8,isocontour,11.283791670955125,34638.25,72.89,18.5,-4.1,1.099,-0.4,-1.0,1.1,18.5,-4.1,1.097,8,6,0,0,6
83.6,9,isocontour,11.283791670955125,32739.14,68.9,21.0,2.1,0.973,0.8,0.5,0.9,18.5,-4.0,1.097,8,6,0,0,6
83.6,10,isocontour,11.283791670955125,32346.29,68.07,16.1,-13.1,0.988,3.5,1.0,3.6,18.5,-4.0,1.097,8,4,0,0,4
83.6,11,isocontour,11.283791670955125,34169.59,71.91,-17.8,-8.1,1.061,-0.0,2.2,2.2,-7.7,-17.4,1.094,21,3,0,0,3
83.6,12,isocontour,11.283791670955125,32648.79,68.71,-15.0,-14.5,0.986,-0.6,2.6,2.7,7.9,-17.2,1.096,14,3,0,0,3
83.6,13,isocontour,11.283791670955125,31035.04,65.31,20.8,0.5,0.989,-0.7,2.5,2.6,18.5,-4.0,1.097,8,6,0,0,6
83.6,14,isocontour,11.283791670955125,32216.54,67.8,8.4,-17.0,1.096,1.0,1.3,1.6,18.5,-4.2,1.096,8,3,0,0,3
83.6,15,isocontour,11.283791670955125,30297.62,63.76,-0.1,20.8,0.986,2.8,-1.0,3.0,18.4,-4.5,1.095,8,3,0,0,3
83.6,16,isocontour,11.283791670955125,46528.89,97.91,-24.1,22.1,0.517,-0.6,-0.7,0.9,-24.1,22.1,0.524,16,0,0,0,0
83.6,17,isocontour,11.283791670955125,29926.18,62.98,8.7,18.7,0.997,-0.8,-0.2,0.8,18.5,-4.2,1.096,8,3,0,0,3
83.6,18,isocontour,11.283791670955125,36049.97,75.86,-8.1,19.1,0.992,-2.3,-1.9,3.0,-7.7,-17.4,1.094,21,3,0,0,3
83.6,19,isocontour,11.283791670955125,32048.37,67.44,-20.7,-1.4,0.992,-0.1,-3.0,3.0,-7.7,-17.4,1.094,21,3,0,0,3
83.6,20,isocontour,11.283791670955125,32861.34,69.15,8.7,-19.1,0.976,0.1,-3.8,3.8,7.9,-17.2,1.096,14,3,0,0,3
83.6,21,isocontour,11.283791670955125,32166.08,67.69,-7.6,-17.4,1.094,2.7,-0.3,2.7,7.9,-17.2,1.096,14,2,0,0,2
83.6,22,isocontour,11.283791670955125,35052.99,73.76,-19.2,-8.1,0.984,-0.7,1.0,1.2,-7.7,-17.4,1.094,21,3,0,0,3
83.6,23,isocontour,11.283791670955125,35711.69,75.15,-19.3,7.5,0.993,0.2,0.8,0.8,-7.7,-17.4,1.094,21,3,0,0,3
83.6,24,isocontour,11.283791670955125,33141.88,69.74,0.1,-20.7,0.992,-0.6,-0.3,0.7,7.9,-17.2,1.096,14,3,0,0,3
83.6,25,isocontour,11.283791670955125,32470.15,68.33,-14.5,13.2,1.059,-0.6,-2.7,2.8,-7.7,-17.4,1.094,21,3,0,0,3
83.6,Target,,,,,0.0,0.0,4.023,0.0,0.0,,,,,,,,,
83.7,1,isocontour,11.283791670955125,30756.77,64.72,18.9,8.5,0.995,-1.9,-0.7,2.0,18.5,-4.0,1.097,8,5,0,0,5
83.7,2,isocontour,11.283791670955125,29351.72,61.77,8.3,19.1,0.987,1.3,-2.8,3.1,18.5,-4.2,1.096,8,3,0,0,3
83.7,3,isocontour,11.283791670955125,30828.32,64.87,15.5,13.9,0.986,2.5,-1.2,2.8,18.5,-4.0,1.097,8,5,0,0,5
83.7,4,isocontour,11.283791670955125,35024.03,73.7,18.9,5.7,1.049,-0.3,0.6,0.7,18.5,-4.1,1.099,8,7,0,0,7
83.7,5,isocontour,11.283791670955125,32665.91,68.74,18.7,7.0,1.036,-0.6,2.3,2.4,18.5,-4.1,1.099,8,6,0,0,6
83.7,6,isocontour,11.283791670955125,34496.72,72.59,18.4,-5.4,1.082,0.8,1.1,1.4,18.5,-4.1,1.099,8,5,0,0,5
83.7,7,isocontour,11.283791670955125,32662.66,68.73,-15.0,14.4,0.991,2.0,-1.6,2.6,-7.7,-17.4,1.094,21,3,0,0,3
83.7,8,isocontour,11.283791670955125,34637.11,72.89,18.5,-4.1,1.097,0.6,0.8,1.0,18.5,-4.1,1.099,8,6,0,0,6
83.7,9,isocontour,11.283791670955125,32718.4,68.85,20.9,2.3,0.978,-1.4,2.1,2.5,18.5,-4.1,1.099,8,6,0,0,6
83.7,10,isocontour,11.283791670955125,32346.22,68.07,16.2,-13.1,0.986,-0.2,-0.3,0.4,18.5,-4.1,1.099,8,4,0,0,4
83.7,11,isocontour,11.283791670955125,34154.38,71.87,-17.8,-7.9,1.065,-0.3,2.3,2.3,7.9,-17.2,1.096,14,3,0,0,3
83.7,12,isocontour,11.283791670955125,32636.36,68.68,-14.8,-14.3,0.997,1.8,1.1,2.1,7.9,-17.2,1.096,14,3,0,0,3
83.7,13,isocontour,11.283791670955125,31014.78,65.27,20.6,0.7,0.996,-1.4,2.1,2.5,18.5,-4.1,1.099,8,6,0,0,6
83.7,14,isocontour,11.283791670955125,32213.67,67.79,8.4,-17.1,1.093,-0.6,-1.1,1.3,18.5,-4.0,1.097,8,3,0,0,3
83.7,15,isocontour,11.283791670955125,30294.2,63.75,-0.0,20.7,0.991,1.0,-1.0,1.4,18.5,-4.2,1.096,8,3,0,0,3
83.7,16,isocontour,11.283791670955125,46527.79,97.91,-24.2,22.1,0.516,-0.9,-0.3,0.9,-24.2,22.1,0.524,16,0,0,0,0
83.7,17,isocontour,11.283791670955125,29810.53,62.73,8.3,18.9,0.995,-3.9,2.2,4.5,18.5,-4.2,1.096,8,3,0,0,3
83.7,18,isocontour,11.283791670955125,36049.1,75.86,-8.2,19.0,0.991,-0.9,-0.1,0.9,18.4,-4.5,1.095,8,3,0,0,3
83.7,19,isocontour,11.283791670955125,32044.79,67.43,-20.7,-1.5,0.988,-0.7,-1.2,1.4,-7.7,-17.4,1.094,21,3,0,0,3
83.7,20,isocontour,11.283791670955125,32861.27,69.15,8.6,-19.2,0.974,-0.4,-0.1,0.4,18.5,-4.0,1.097,8,3,0,0,3
83.7,21,isocontour,11.283791670955125,32136.19,67.63,-7.4,-17.5,1.097,2.8,-0.7,2.9,7.9,-17.2,1.096,14,2,0,0,2
83.7,22,isocontour,11.283791670955125,35050.5,73.76,-19.2,-8.0,0.987,0.1,1.2,1.2,7.9,-17.2,1.096,14,3,0,0,3
83.7,23,isocontour,11.283791670955125,35711.37,75.15,-19.3,7.5,0.993,-0.1,-0.6,0.6,-7.7,-17.4,1.094,21,3,0,0,3
83.7,24,isocontour,11.283791670955125,33139.5,69.74,0.2,-20.8,0.989,1.0,-0.6,1.2,7.9,-17.2,1.096,14,3,0,0,3
83.7,25,isocontour,11.283791670955125,32462.99,68.31,-14.4,13.0,1.069,1.4,-1.1,1.8,-7.7,-17.4,1.094,21,3,0,0,3
83.7,Target,,,,,0.0,0.0,4.023,0.0,0.0,,,,,,,,,
83.8,1,isocontour,11.283791670955125,30756.34,64.72,18.8,8.5,0.996,-0.3,0.6,0.7,18.5,-4.1,1.099,8,5,0,0,5
83.8,2,isocontour,11.283791670955125,29332.64,61.73,8.2,19.1,0.987,-2.1,1.3,2.5,18.5,-4.0,1.097,8,3,0,0,3
83.8,3,isocontour,11.283791670955125,30762.3,64.74,15.3,14.1,0.989,-3.0,2.2,3.7,18.5,-4.1,1.099,8,5,0,0,5
83.8,4,isocontour,11.283791670955125,35020.3,73.7,19.0,5.6,1.043,1.3,-0.5,1.4,18.5,-4.1,1.099,8,7,0,0,7
83.8,5,isocontour,11.283791670955125,32663.3,68.74,18.7,6.9,1.035,0.6,-1.1,1.3,18.5,-4.1,1.099,8,6,0,0,6
83.8,6,isocontour,11.283791670955125,34492.43,72.59,18.5,-5.3,1.079,0.9,1.2,1.5,18.5,-4.1,1.099,8,5,0,0,5
83.8,7,isocontour,11.283791670955125,32661.01,68.73,-15.0,14.4,0.989,-1.1,0.2,1.1,18.4,-4.5,1.095,8,3,0,0,3
83.8,8,isocontour,11.283791670955125,34616.13,72.85,18.6,-3.9,1.095,0.8,2.4,2.5,18.5,-4.1,1.099,8,6,0,0,6
83.8,9,isocontour,11.283791670955125,32695.91,68.8,20.7,2.5,0.984,-1.4,2.2,2.6,18.5,-4.1,1.099,8,6,0,0,6
83.8,10,isocontour,11.283791670955125,32313.77,68.0,16.1,-12.9,0.998,-1.0,2.8,3.0,18.5,-4.1,1.099,8,4,0,0,4
83.8,11,isocontour,11.283791670955125,34151.24,71.87,-17.7,-8.0,1.069,1.0,-0.9,1.3,7.9,-17.2,1.096,14,3,0,0,3
83.8,12,isocontour,11.283791670955125,32635.9,68.68,-14.9,-14.3,0.999,-0.4,0.6,0.7,-7.4,-17.5,1.097,21,3,0,0,3
83.8,13,isocontour,11.283791670955125,31012.58,65.26,20.6,0.7,0.996,0.3,-1.2,1.2,18.5,-4.1,1.099,8,6,0,0,6
83.8,14,isocontour,11.283791670955125,32195.28,67.75,8.2,-17.2,1.093,-2.3,-0.8,2.4,18.5,-4.1,1.099,8,3,0,0,3
83.8,15,isocontour,11.283791670955125,30285.5,63.73,-0.1,20.9,0.984,-0.8,1.7,1.9,18.5,-4.2,1.096,8,3,0,0,3
83.8,16,isocontour,11.283791670955125,46526.69,97.91,-24.2,22.1,0.518,0.9,-0.2,0.9,-24.2,22.1,0.524,16,0,0,0,0
83.8,17,isocontour,11.283791670955125,29783.65,62.68,8.4,18.7,1.003,1.4,-2.4,2.8,18.5,-4.0,1.097,8,3,0,0,3
83.8,18,isocontour,11.283791670955125,35964.05,75.68,-8.5,19.2,0.976,-3.5,2.1,4.1,18.5,-4.2,1.096,8,3,0,0,3
83.8,19,isocontour,11.283791670955125,32007.15,67.36,-20.8,-1.3,0.985,-0.8,3.0,3.1,7.9,-17.2,1.096,14,3,0,0,3
83.8,20,isocontour,11.283791670955125,32847.96,69.12,8.6,-19.0,0.983,-0.2,2.2,2.2,18.5,-4.1,1.099,8,3,0,0,3
83.8,21,isocontour,11.283791670955125,32127.49,67.61,-7.5,-17.5,1.093,-1.9,-0.1,1.9,-7.5,-17.5,1.097,21,2,0,0,2
83.8,22,isocontour,11.283791670955125,35024.77,73.71,-19.1,-8.1,0.989,1.3,-2.4,2.7,7.9,-17.2,1.096,14,3,0,0,3
83.8,23,isocontour,11.283791670955125,35642.67,75.01,-19.5,7.2,0.986,-2.7,-2.7,3.8,-7.7,-17.4,1.094,21,3,0,0,3
83.8,24,isocontour,11.283791670955125,33107.38,69.67,0.4,-20.7,0.994,2.7,1.2,3.0,-7.4,-17.5,1.097,21,3,0,0,3
83.8,25,isocontour,11.283791670955125,32439.18,68.26,-14.6,13.1,1.059,-2.6,0.5,2.6,18.4,-4.5,1.095,8,3,0,0,3
83.8,Target,,,,,0.0,0.0,4.023,0.0,0.0,,,,,,,,,
83.9,1,isocontour,11.283791670955125,30647.46,64.49,18.8,8.9,0.99,-0.6,4.4,4.4,18.5,-4.1,1.099,8,5,0,0,5
83.9,2,isocontour,11.283791670955125,29332.36,61.73,8.1,19.2,0.985,-0.2,0.6,0.6,18.5,-4.1,1.099,8,3,0,0,3
83.9,3,isocontour,11.283791670955125,30737.95,64.68,15.1,14.0,1.002,-2.2,-1.5,2.7,18.5,-4.1,1.099,8,5,0,0,5
83.9,4,isocontour,11.283791670955125,35019.62,73.69,19.1,5.6,1.038,0.7,0.3,0.8,18.5,-4.1,1.099,8,7,0,0,7
83.9,5,isocontour,11.283791670955125,32626.02,68.66,18.8,6.6,1.036,0.7,-3.0,3.1,18.5,-4.1,1.099,8,6,0,0,6
83.9,6,isocontour,11.283791670955125,34492.0,72.58,18.5,-5.3,1.079,-0.3,-0.6,0.7,18.5,-4.1,1.099,8,5,0,0,5
83.9,7,isocontour,11.283791670955125,32660.35,68.73,-15.0,14.4,0.99,0.8,0.2,0.8,18.5,-4.2,1.096,8,3,0,0,3
83.9,8,isocontour,11.283791670955125,34612.85,72.84,18.5,-3.9,1.097,-0.7,-1.2,1.4,18.5,-4.1,1.099,8,6,0,0,6
83.9,9,isocontour,11.283791670955125,32694.21,68.8,20.6,2.5,0.989,-1.0,0.4,1.1,18.5,-4.1,1.099,8,6,0,0,6
83.9,10,isocontour,11.283791670955125,32313.34,68.0,16.1,-12.9,0.998,0.1,-0.7,0.7,18.5,-4.1,1.099,8,4,0,0,4
83.9,11,isocontour,11.283791670955125,34146.6,71.86,-17.6,-8.1,1.073,1.2,-1.0,1.6,-7.4,-17.5,1.097,21,3,0,0,3
83.9,12,isocontour,11.283791670955125,32629.77,68.67,-14.8,-14.4,0.998,1.0,-1.3,1.6,-7.4,-17.5,1.097,21,3,0,0,3
83.9,13,isocontour,11.283791670955125,30876.64,64.98,20.8,0.3,0.989,1.4,-4.5,4.7,18.5,-4.1,1.099,8,6,0,0,6
83.9,14,isocontour,11.283791670955125,32172.0,67.7,8.3,-17.1,1.091,2.6,0.6,2.7,18.5,-4.1,1.099,8,3,0,0,3
83.9,15,isocontour,11.283791670955125,30284.84,63.73,-0.1,20.9,0.984,-0.8,-0.2,0.8,18.5,-4.0,1.097,8,3,0,0,3
83.9,16,isocontour,11.283791670955125,46525.59,97.91,-24.2,22.1,0.516,-0.9,-0.0,0.9,-24.2,22.1,0.524,16,0,0,0,0
83.9,17,isocontour,11.283791670955125,29781.33,62.67,8.3,18.8,1.003,-0.9,0.8,1.2,18.5,-4.1,1.099,8,3,0,0,3
83.9,18,isocontour,11.283791670955125,35960.25,75.67,-8.5,19.1,0.979,0.2,-1.4,1.4,18.5,-4.2,1.096,8,3,0,0,3
83.9,19,isocontour,11.283791670955125,31984.14,67.31,-20.7,-1.4,0.993,1.9,-1.8,2.6,7.9,-17.2,1.096,14,3,0,0,3
83.9,20,isocontour,11.283791670955125,32837.04,69.1,8.6,-18.8,0.993,0.4,2.0,2.0,18.5,-4.1,1.099,8,3,0,0,3
83.9,21,isocontour,11.283791670955125,32126.55,67.61,-7.6,-17.5,1.091,-0.9,0.2,0.9,-7.4,-17.5,1.097,21,2,0,0,2
83.9,22,isocontour,11.283791670955125,35019.84,73.69,-19.0,-8.2,0.993,1.4,-0.7,1.6,-7.4,-17.5,1.097,21,3,0,0,3
83.9,23,isocontour,11.283791670955125,35641.54,75.0,-19.7,7.2,0.98,-0.8,0.5,0.9,7.9,-17.2,1.096,14,3,0,0,3
83.9,24,isocontour,11.283791670955125,33105.17,69.67,0.6,-20.7,0.996,1.2,0.3,1.2,18.5,-4.1,1.099,8,3,0,0,3
83.9,25,isocontour,11.283791670955125,32436.12,68.26,-14.7,13.1,1.051,-1.3,0.2,1.3,18.5,-4.2,1.096,8,3,0,0,3
83.9,Target,,,,,0.0,0.0,4.023,0.0,0.0,,,,,,,,,
84.0,1,isocontour,11.283791670955125,30647.22,64.49,18.8,9.0,0.987,0.2,0.5,0.5,18.8,9.0,0.99,1,5,0,0,5
84.0,2,isocontour,11.283791670955125,29332.13,61.73,8.1,19.3,0.982,-0.0,0.6,0.6,8.1,19.3,0.985,2,3,0,0,3
84.0,3,isocontour,11.283791670955125,30735.21,64.68,15.1,13.9,1.005,0.7,-1.1,1.3,15.1,13.9,1.002,3,5,0,0,5
84.0,4,isocontour,11.283791670955125,35009.32,73.67,19.1,5.8,1.035,-0.1,2.0,2.0,19.1,5.8,1.038,4,7,0,0,7
84.0,5,isocontour,11.283791670955125,32625.28,68.66,18.8,6.6,1.039,-0.7,0.5,0.9,18.8,6.6,1.036,5,6,0,0,6
84.0,6,isocontour,11.283791670955125,34470.77,72.54,18.4,-5.5,1.08,-0.7,-2.4,2.5,18.4,-5.5,1.079,6,5,0,0,5
84.0,7,isocontour,11.283791670955125,32659.64,68.73,-14.9,14.5,0.989,0.3,0.8,0.9,-14.9,14.5,0.99,7,3,0,0,3
84.0,8,isocontour,11.283791670955125,34574.48,72.76,18.5,-4.2,1.097,-0.7,-3.0,3.1,18.5,-4.2,1.097,8,6,0,0,6
84.0,9,isocontour,11.283791670955125,32673.22,68.76,20.5,2.7,0.994,-1.2,2.2,2.5,20.5,2.7,0.989,9,6,0,0,6
84.0,10,isocontour,11.283791670955125,32313.18,68.0,16.1,-12.9,0.997,0.3,0.3,0.4,16.1,-12.9,0.998,10,4,0,0,4
84.0,11,isocontour,11.283791670955125,34116.4,71.79,-17.5,-8.3,1.07,0.5,-2.8,2.8,-17.5,-8.3,1.073,11,3,0,0,3
84.0,12,isocontour,11.283791670955125,32534.99,68.47,-14.6,-14.7,0.994,2.4,-3.5,4.2,-14.6,-14.7,0.998,12,3,0,0,3
84.0,13,isocontour,11.283791670955125,30871.23,64.96,20.9,0.3,0.984,0.8,1.4,1.6,20.9,0.3,0.989,13,6,0,0,6
84.0,14,isocontour,11.283791670955125,32169.14,67.7,8.4,-17.0,1.093,0.8,1.0,1.3,8.4,-17.0,1.091,14,3,0,0,3
84.0,15,isocontour,11.283791670955125,30248.63,63.65,0.1,20.8,0.987,3.0,-0.6,3.1,0.1,20.8,0.984,15,3,0,0,3
84.0,16,isocontour,11.283791670955125,46524.49,97.91,-24.3,22.1,0.514,-0.7,0.7,1.0,-24.3,22.1,0.516,16,0,0,0,0
84.0,17,isocontour,11.283791670955125,29737.17,62.58,8.1,19.0,0.998,-2.5,2.0,3.2,8.1,19.0,1.003,17,3,0,0,3
84.0,18,isocontour,11.283791670955125,35947.83,75.65,-8.5,18.9,0.99,0.1,-2.1,2.1,-8.5,18.9,0.979,18,3,0,0,3
84.0,19,isocontour,11.283791670955125,31983.57,67.31,-20.7,-1.4,0.993,-0.4,0.7,0.8,-20.7,-1.4,0.993,19,3,0,0,3
84.0,20,isocontour,11.283791670955125,32828.73,69.08,8.8,-18.9,0.986,1.3,-1.4,1.9,8.8,-18.9,0.993,20,3,0,0,3
84.0,21,isocontour,11.283791670955125,32122.08,67.6,-7.7,-17.4,1.095,-0.8,1.3,1.5,-7.7,-17.4,1.091,21,2,0,0,2
84.0,22,isocontour,11.283791670955125,35015.96,73.69,-19.1,-8.2,0.989,-1.4,0.3,1.4,-19.1,-8.2,0.993,22,3,0,0,3
84.0,23,isocontour,11.283791670955125,35615.24,74.95,-19.5,7.0,0.99,1.5,-2.3,2.7,-19.5,7.0,0.98,23,3,0,0,3
84.0,24,isocontour,11.283791670955125,33082.68,69.62,0.4,-20.7,0.993,-2.5,-0.7,2.6,0.4,-20.7,0.996,24,3,0,0,3
84.0,25,isocontour,11.283791670955125,32425.35,68.24,-14.8,13.2,1.042,-0.5,2.0,2.1,-14.8,13.2,1.051,25,3,0,0,3
84.0,Target,,,,,0.0,0.0,4.023,0.0,0.0,,,,,,,,,
84.1,1,isocontour,11.283791670955125,30638.38,64.47,18.7,9.2,0.989,-1.2,1.5,1.9,18.8,6.6,1.039,5,5,0,0,5
84.1,2,isocontour,11.283791670955125,29316.52,61.69,8.3,19.2,0.979,2.3,-0.4,2.3,15.1,13.9,1.005,3,3,0,0,3
84.1,3,isocontour,11.283791670955125,30730.56,64.67,15.2,13.9,0.998,1.2,1.0,1.6,18.8,6.6,1.039,5,5,0,0,5
84.1,4,isocontour,11.283791670955125,35008.66,73.67,19.1,5.9,1.037,-0.6,0.5,0.8,18.5,-4.2,1.097,8,6,0,0,6
84.1,5,isocontour,11.283791670955125,32623.92,68.65,18.8,6.7,1.038,-0.0,1.0,1.0,18.5,-4.2,1.097,8,6,0,0,6
84.1,6,isocontour,11.283791670955125,34469.25,72.54,18.3,-5.6,1.083,-0.9,-0.6,1.1,18.5,-4.2,1.097,8,4,0,0,4
84.1,7,isocontour,11.283791670955125,32645.02,68.7,-15.1,14.3,0.988,-1.7,-1.5,2.3,-14.8,13.2,1.051,25,3,0,0,3
84.1,8,isocontour,11.283791670955125,34545.82,72.7,18.3,-4.5,1.101,-1.3,-2.5,2.8,18.3,-4.5,1.097,8,6,0,0,6
84.1,9,isocontour,11.283791670955125,32671.66,68.75,20.6,2.7,0.992,0.7,-0.8,1.1,18.5,-4.2,1.097,8,6,0,0,6
84.1,10,isocontour,11.283791670955125,32297.77,67.97,16.1,-13.1,0.99,0.1,-2.3,2.3,18.5,-4.2,1.097,8,4,0,0,4
84.1,11,isocontour,11.283791670955125,34089.23,71.74,-17.7,-8.5,1.055,-2.4,-1.4,2.8,-17.7,-8.5,1.073,11,3,0,0,3
84.1,12,isocontour,11.283791670955125,32528.75,68.45,-14.4,-14.9,0.993,1.0,-1.3,1.6,-7.7,-17.4,1.095,21,3,0,0,3
84.1,13,isocontour,11.283791670955125,30849.0,64.92,20.8,0.5,0.986,-0.7,2.5,2.6,18.5,-4.2,1.097,8,6,0,0,6
84.1,14,isocontour,11.283791670955125,32167.85,67.69,8.5,-17.0,1.094,0.9,0.5,1.0,8.5,-17.0,1.093,14,3,0,0,3
84.1,15,isocontour,11.283791670955125,30211.35,63.58,0.4,20.8,0.99,3.0,-0.7,3.1,8.1,19.0,1.003,17,3,0,0,3
84.1,16,isocontour,11.283791670955125,46523.39,97.9,-24.3,22.1,0.515,-0.0,-0.9,0.9,-24.3,22.1,0.516,16,0,0,0,0
84.1,17,isocontour,11.283791670955125,29736.71,62.58,8.1,18.9,0.999,0.4,-0.6,0.7,15.1,13.9,1.005,3,3,0,0,3
84.1,18,isocontour,11.283791670955125,35945.21,75.64,-8.6,18.8,0.993,-1.1,-0.7,1.3,-14.8,13.2,1.051,25,3,0,0,3
84.1,19,isocontour,11.283791670955125,31966.72,67.27,-20.8,-1.2,0.988,-1.1,2.1,2.4,-17.5,-8.3,1.073,11,3,0,0,3
84.1,20,isocontour,11.283791670955125,32828.53,69.08,8.8,-19.0,0.982,0.5,-0.3,0.6,8.4,-17.0,1.093,14,3,0,0,3
84.1,21,isocontour,11.283791670955125,32115.16,67.58,-7.8,-17.4,1.087,-1.1,-1.4,1.8,-7.8,-17.4,1.095,21,2,0,0,2
84.1,22,isocontour,11.283791670955125,35011.4,73.68,-19.0,-8.3,0.989,0.8,-1.3,1.5,-17.5,-8.3,1.073,11,3,0,0,3
84.1,23,isocontour,11.283791670955125,35593.0,74.9,-19.5,6.8,0.995,-0.1,-2.6,2.6,-14.8,13.2,1.051,25,3,0,0,3
84.1,24,isocontour,11.283791670955125,33080.36,69.61,0.2,-20.7,0.993,-1.2,0.1,1.2,-7.7,-17.4,1.095,21,3,0,0,3
84.1,25,isocontour,11.283791670955125,32423.74,68.23,-14.7,13.3,1.045,1.1,-0.1,1.1,-14.7,13.3,1.051,25,3,0,0,3
84.1,Target,,,,,0.0,0.0,4.023,0.0,0.0,,,,,,,,,
84.2,1,isocontour,11.283791670955125,30637.1,64.47,18.6,9.2,0.993,-1.0,0.2,1.0,18.5,-4.2,1.097,8,5,0,0,5
84.2,2,isocontour,11.283791670955125,29280.31,61.62,8.6,19.2,0.977,2.9,-0.8,3.0,18.8,6.6,1.039,5,3,0,0,3
84.2,3,isocontour,11.283791670955125,30729.28,64.67,15.3,13.9,0.997,0.7,-0.7,1.0,18.5,-4.2,1.097,8,5,0,0,5
84.2,4,isocontour,11.283791670955125,35007.97,73.67,19.0,5.9,1.039,-0.6,0.5,0.8,18.3,-4.5,1.101,8,6,0,0,6
84.2,5,isocontour,11.283791670955125,32605.31,68.61,18.7,6.9,1.037,-0.7,2.3,2.4,18.3,-4.5,1.101,8,6,0,0,6
84.2,6,isocontour,11.283791670955125,34437.13,72.47,18.3,-5.4,1.087,0.2,2.9,2.9,18.3,-4.5,1.101,8,4,0,0,4
84.2,7,isocontour,11.283791670955125,32638.09,68.68,-15.0,14.2,0.996,0.9,-1.5,1.7,-14.8,13.2,1.051,25,3,0,0,3
84.2,8,isocontour,11.283791670955125,34545.0,72.7,18.3,-4.4,1.101,0.2,0.8,0.8,18.3,-4.4,1.101,8,6,0,0,6
84.2,9,isocontour,11.283791670955125,32642.69,68.69,20.7,2.5,0.987,1.2,-2.6,2.9,18.3,-4.5,1.101,8,6,0,0,6
84.2,10,isocontour,11.283791670955125,32295.83,67.96,16.1,-13.0,0.993,-0.4,1.1,1.2,18.3,-4.5,1.101,8,4,0,0,4
84.2,11,isocontour,11.283791670955125,34082.76,71.72,-17.8,-8.6,1.048,-0.1,-1.7,1.7,-7.7,-17.4,1.095,21,3,0,0,3
84.2,12,isocontour,11.283791670955125,32512.31,68.42,-14.3,-15.0,0.99,1.3,-1.9,2.3,-7.7,-17.4,1.095,21,3,0,0,3
84.2,13,isocontour,11.283791670955125,30827.01,64.87,20.8,0.8,0.99,-0.7,2.5,2.6,18.3,-4.5,1.101,8,6,0,0,6
84.2,14,isocontour,11.283791670955125,32165.91,67.69,8.5,-17.0,1.091,-0.6,-1.0,1.2,18.5,-4.2,1.097,8,3,0,0,3
84.2,15,isocontour,11.283791670955125,30197.3,63.55,0.6,20.9,0.983,1.5,1.7,2.3,-14.8,13.2,1.051,25,3,0,0,3
84.2,16,isocontour,11.283791670955125,46522.29,97.9,-24.2,22.0,0.517,0.8,-0.5,0.9,-24.2,22.0,0.516,16,0,0,0,0
84.2,17,isocontour,11.283791670955125,29710.69,62.52,7.9,18.9,1.008,-2.6,-0.9,2.8,18.8,6.6,1.039,5,3,0,0,3
84.2,18,isocontour,11.283791670955125,35944.63,75.64,-8.6,18.8,0.995,0.7,-0.2,0.7,-14.8,13.2,1.051,25,3,0,0,3
84.2,19,isocontour,11.283791670955125,31958.28,67.25,-20.8,-1.0,0.987,-0.2,1.9,1.9,-17.5,-8.3,1.073,11,3,0,0,3
84.2,20,isocontour,11.283791670955125,32797.38,69.02,8.6,-18.8,0.994,-2.3,1.8,2.9,18.5,-4.2,1.097,8,3,0,0,3
84.2,21,isocontour,11.283791670955125,32113.84,67.58,-7.7,-17.5,1.083,0.6,-0.8,1.0,-7.7,-17.5,1.095,21,2,0,0,2
84.2,22,isocontour,11.283791670955125,35001.56,73.66,-19.0,-8.5,0.987,0.4,-1.9,1.9,-7.7,-17.4,1.095,21,3,0,0,3
84.2,23,isocontour,11.283791670955125,35592.18,74.9,-19.5,6.8,0.996,0.2,0.8,0.8,-17.5,-8.3,1.073,11,3,0,0,3
84.2,24,isocontour,11.283791670955125,33079.51,69.61,0.3,-20.7,0.993,0.9,0.1,0.9,-7.7,-17.4,1.095,21,3,0,0,3
84.2,25,isocontour,11.283791670955125,32422.49,68.23,-14.7,13.2,1.048,-0.3,-0.9,0.9,-14.7,13.2,1.051,25,3,0,0,3
84.2,Target,,,,,0.0,0.0,4.023,0.0,0.0,,,,,,,,,
84.3,1,isocontour,11.283791670955125,30600.54,64.4,18.7,9.0,0.992,1.7,-2.5,3.0,18.3,-4.5,1.101,8,5,0,0,5
84.3,2,isocontour,11.283791670955125,29258.83,61.57,8.7,18.9,0.985,0.9,-2.4,2.6,18.5,-4.2,1.097,8,3,0,0,3
84.3,3,isocontour,11.283791670955125,30727.71,64.66,15.4,13.9,0.992,1.0,0.2,1.0,18.3,-4.5,1.101,8,5,0,0,5
84.3,4,isocontour,11.283791670955125,35007.47,73.67,18.9,6.0,1.041,-0.4,0.6,0.7,18.3,-4.5,1.101,8,6,0,0,6
84.3,5,isocontour,11.283791670955125,32583.58,68.57,18.6,7.2,1.038,-1.1,2.3,2.5,18.3,-4.5,1.101,8,5,0,0,5
84.3,6,isocontour,11.283791670955125,34433.08,72.46,18.4,-5.3,1.083,1.2,0.8,1.4,18.3,-4.5,1.101,8,4,0,0,4
84.3,7,isocontour,11.283791670955125,32635.54,68.68,-15.1,14.2,0.992,-1.2,0.3,1.2,-17.5,-8.3,1.073,11,3,0,0,3
84.3,8,isocontour,11.283791670955125,34538.87,72.68,18.5,-4.4,1.093,1.7,0.0,1.7,18.5,-4.4,1.101,8,5,0,0,5
84.3,9,isocontour,11.283791670955125,32641.37,68.69,20.7,2.5,0.983,0.8,0.6,1.0,18.3,-4.5,1.101,8,6,0,0,6
84.3,10,isocontour,11.283791670955125,32282.7,67.93,16.1,-12.9,0.997,0.8,2.0,2.2,18.3,-4.5,1.101,8,4,0,0,4
84.3,11,isocontour,11.283791670955125,34080.33,71.72,-17.7,-8.8,1.047,0.4,-1.2,1.3,-7.7,-17.4,1.095,21,3,0,0,3
84.3,12,isocontour,11.283791670955125,32494.37,68.38,-14.3,-15.3,0.98,-0.4,-2.4,2.4,-7.7,-17.4,1.095,21,3,0,0,3
84.3,13,isocontour,11.283791670955125,30805.28,64.83,20.7,1.0,0.993,-0.7,2.5,2.6,18.3,-4.5,1.101,8,6,0,0,6
84.3,14,isocontour,11.283791670955125,32159.88,67.68,8.4,-17.2,1.087,-1.2,-1.1,1.6,18.3,-4.5,1.101,8,3,0,0,3
84.3,15,isocontour,11.283791670955125,30084.69,63.31,0.2,20.8,0.987,-4.3,-1.0,4.4,-14.8,13.2,1.051,25,3,0,0,3
84.3,16,isocontour,11.283791670955125,46521.19,97.9,-24.3,22.0,0.515,-0.8,0.5,0.9,-24.3,22.0,0.517,16,0,0,0,0
84.3,17,isocontour,11.283791670955125,29650.31,62.4,7.5,18.8,1.019,-3.6,-0.6,3.6,18.5,-4.2,1.097,8,3,0,0,3
84.3,18,isocontour,11.283791670955125,35870.93,75.49,-8.3,18.9,0.996,3.6,1.5,3.9,-14.8,13.2,1.051,25,3,0,0,3
84.3,19,isocontour,11.283791670955125,31935.79,67.2,-20.7,-0.7,0.991,0.9,2.4,2.6,-7.7,-17.4,1.095,21,3,0,0,3
84.3,20,isocontour,11.283791670955125,32788.95,69.0,8.7,-18.9,0.988,1.4,-1.3,1.9,18.3,-4.5,1.101,8,3,0,0,3
84.3,21,isocontour,11.283791670955125,32111.4,67.57,-7.7,-17.6,1.08,0.8,-1.0,1.3,-7.7,-17.6,1.095,21,2,0,0,2
84.3,22,isocontour,11.283791670955125,34966.4,73.58,-18.8,-8.7,0.989,1.7,-2.5,3.0,-7.7,-17.4,1.095,21,3,0,0,3
84.3,23,isocontour,11.283791670955125,35573.11,74.86,-19.7,6.8,0.985,-2.5,-0.1,2.5,-17.5,-8.3,1.073,11,3,0,0,3
84.3,24,isocontour,11.283791670955125,33057.78,69.57,0.1,-20.7,0.992,-2.6,-0.3,2.6,18.5,-4.2,1.097,8,3,0,0,3
84.3,25,isocontour,11.283791670955125,32386.29,68.15,-14.8,12.9,1.054,-0.9,-2.9,3.0,-17.5,-8.3,1.073,11,3,0,0,3
84.3,Target,,,,,0.0,0.0,4.023,0.0,0.0,,,,,,,,,
84.4,1,isocontour,11.283791670955125,30580.52,64.35,18.8,9.1,0.983,0.7,2.4,2.5,18.3,-4.5,1.101,8,5,0,0,5
84.4,2,isocontour,11.283791670955125,29250.53,61.55,8.7,18.8,0.995,-0.5,-1.8,1.9,18.3,-4.5,1.101,8,3,0,0,3
84.4,3,isocontour,11.283791670955125,30641.41,64.48,15.4,14.2,0.98,-0.5,4.1,4.1,18.3,-4.5,1.101,8,5,0,0,5
84.4,4,isocontour,11.283791670955125,34986.49,73.62,18.9,6.2,1.04,-0.6,2.5,2.6,18.3,-4.5,1.101,8,6,0,0,6
84.4,5,isocontour,11.283791670955125,32580.51,68.56,18.6,7.1,1.036,0.8,-1.0,1.3,18.3,-4.5,1.101,8,5,0,0,5
84.4,6,isocontour,11.283791670955125,34411.6,72.41,18.4,-5.4,1.082,-0.8,-2.4,2.5,18.3,-4.5,1.101,8,5,0,0,5
84.4,7,isocontour,11.283791670955125,32536.67,68.47,-15.5,14.1,0.98,-4.2,-0.9,4.3,-17.5,-8.3,1.073,11,3,0,0,3
84.4,8,isocontour,11.283791670955125,34537.34,72.68,18.5,-4.5,1.092,-0.4,-1.0,1.1,18.5,-4.5,1.101,8,5,0,0,5
84.4,9,isocontour,11.283791670955125,32639.17,68.69,20.7,2.5,0.987,-1.1,0.4,1.2,18.3,-4.5,1.101,8,6,0,0,6
84.4,10,isocontour,11.283791670955125,32282.27,67.93,16.1,-12.9,0.996,-0.1,-0.7,0.7,18.3,-4.5,1.101,8,4,0,0,4
84.4,11,isocontour,11.283791670955125,34058.85,71.67,-17.8,-8.6,1.048,-0.8,2.4,2.5,-7.7,-17.4,1.095,21,3,0,0,3
84.4,12,isocontour,11.283791670955125,32489.26,68.37,-14.4,-15.4,0.972,-1.4,-0.8,1.6,-7.7,-17.4,1.095,21,3,0,0,3
84.4,13,isocontour,11.283791670955125,30802.91,64.82,20.7,1.0,0.992,0.4,-1.1,1.2,18.3,-4.5,1.101,8,6,0,0,6
84.4,14,isocontour,11.283791670955125,32155.06,67.67,8.4,-17.1,1.091,0.9,1.3,1.6,18.3,-4.5,1.101,8,3,0,0,3
84.4,15,isocontour,11.283791670955125,30083.33,63.31,0.1,20.7,0.991,-0.6,-0.8,1.0,18.5,-4.2,1.097,8,3,0,0,3
84.4,16,isocontour,11.283791670955125,46520.09,97.9,-24.4,22.1,0.513,-0.9,0.1,0.9,-24.4,22.1,0.517,16,0,0,0,0
84.4,17,isocontour,11.283791670955125,29640.91,62.38,7.5,18.6,1.028,0.6,-1.8,1.9,18.3,-4.5,1.101,8,3,0,0,3
84.4,18,isocontour,11.283791670955125,35758.32,75.25,-7.9,19.2,0.993,3.8,2.3,4.4,-17.5,-8.3,1.073,11,3,0,0,3
84.4,19,isocontour,11.283791670955125,31935.22,67.2,-20.7,-0.7,0.993,0.3,0.7,0.8,-7.7,-17.4,1.095,21,3,0,0,3
84.4,20,isocontour,11.283791670955125,32787.05,69.0,8.8,-19.0,0.982,0.9,-0.7,1.1,18.3,-4.5,1.101,8,3,0,0,3
84.4,21,isocontour,11.283791670955125,32084.82,67.52,-7.4,-17.7,1.083,2.7,-0.3,2.7,18.5,-4.2,1.097,8,2,0,0,2
84.4,22,isocontour,11.283791670955125,34944.16,73.54,-18.9,-8.6,0.992,-0.7,2.5,2.6,-7.7,-17.4,1.095,21,3,0,0,3
84.4,23,isocontour,11.283791670955125,35559.43,74.83,-19.8,7.0,0.979,-0.0,2.2,2.2,-7.7,-17.4,1.095,21,3,0,0,3
84.4,24,isocontour,11.283791670955125,33024.34,69.5,0.3,-20.8,0.989,2.9,-0.6,3.0,18.3,-4.5,1.101,8,3,0,0,3
84.4,25,isocontour,11.283791670955125,32376.74,68.13,-14.6,12.9,1.061,1.9,0.4,1.9,-17.5,-8.3,1.073,11,3,0,0,3
84.4,Target,,,,,0.0,0.0,4.023,0.0,0.0,,,,,,,,,
84.5,1,isocontour,11.283791670955125,30579.52,64.35,18.8,9.1,0.985,-0.2,-0.9,0.9,18.3,-4.5,1.101,8,5,0,0,5
84.5,2,isocontour,11.283791670955125,29231.69,61.51,8.9,18.6,1.0,1.9,-1.5,2.4,18.3,-4.5,1.101,8,3,0,0,3
84.5,3,isocontour,11.283791670955125,30593.51,64.38,15.2,14.6,0.973,-1.4,3.1,3.4,18.3,-4.5,1.101,8,5,0,0,5
84.5,4,isocontour,11.283791670955125,34972.63,73.6,19.0,6.1,1.034,1.7,-1.5,2.3,18.3,-4.5,1.101,8,6,0,0,6
84.5,5,isocontour,11.283791670955125,32545.36,68.49,18.7,6.8,1.038,0.6,-3.0,3.1,18.3,-4.5,1.101,8,5,0,0,5
84.5,6,isocontour,11.283791670955125,34390.13,72.37,18.3,-5.7,1.082,-0.6,-2.5,2.6,18.3,-4.5,1.101,8,4,0,0,4
84.5,7,isocontour,11.283791670955125,32503.55,68.4,-15.4,14.3,0.979,2.2,1.9,2.9,-7.7,-17.4,1.095,21,3,0,0,3
84.5,8,isocontour,11.283791670955125,34535.03,72.67,18.4,-4.6,1.094,-0.6,-1.0,1.2,18.4,-4.6,1.101,8,5,0,0,5
84.5,9,isocontour,11.283791670955125,32632.7,68.67,20.5,2.5,0.996,-1.6,-0.7,1.7,18.3,-4.5,1.101,8,6,0,0,6
84.5,10,isocontour,11.283791670955125,32261.29,67.89,16.1,-13.1,0.991,-0.6,-2.5,2.6,18.3,-4.5,1.101,8,4,0,0,4
84.5,11,isocontour,11.283791670955125,34038.6,71.63,-17.9,-8.4,1.047,-1.3,2.1,2.5,-7.7,-17.4,1.095,21,3,0,0,3
84.5,12,isocontour,11.283791670955125,32478.01,68.35,-14.6,-15.3,0.97,-1.6,1.4,2.1,18.5,-4.2,1.097,8,3,0,0,3
84.5,13,isocontour,11.283791670955125,30800.17,64.82,20.8,0.9,0.987,1.0,-0.8,1.3,18.3,-4.5,1.101,8,6,0,0,6
84.5,14,isocontour,11.283791670955125,32118.49,67.59,8.7,-16.9,1.093,2.6,1.5,3.0,18.3,-4.5,1.101,8,3,0,0,3
84.5,15,isocontour,11.283791670955125,30073.03,63.28,-0.0,20.9,0.984,-1.1,1.7,2.0,18.3,-4.5,1.101,8,3,0,0,3
84.5,16,isocontour,11.283791670955125,46518.99,97.89,-24.5,22.1,0.511,-0.9,0.1,0.9,-24.5,22.1,0.517,16,0,0,0,0
84.5,17,isocontour,11.283791670955125,29613.44,62.32,7.3,18.6,1.033,-2.8,0.4,2.8,18.3,-4.5,1.101,8,3,0,0,3
84.5,18,isocontour,11.283791670955125,35729.96,75.19,-8.0,19.1,0.99,-2.7,-0.6,2.8,18.5,-4.2,1.097,8,3,0,0,3
84.5,19,isocontour,11.283791670955125,31834.26,66.99,-20.8,-0.3,0.987,-1.4,4.1,4.3,-7.7,-17.4,1.095,21,3,0,0,3
84.5,20,isocontour,11.283791670955125,32783.98,68.99,8.9,-18.9,0.983,1.0,0.8,1.3,18.3,-4.5,1.101,8,3,0,0,3
84.5,21,isocontour,11.283791670955125,32082.82,67.51,-7.3,-17.7,1.082,0.9,-0.7,1.1,18.3,-4.5,1.101,8,2,0,0,2
84.5,22,isocontour,11.283791670955125,34910.72,73.47,-18.8,-8.8,0.992,1.3,-2.7,3.0,-7.7,-17.4,1.095,21,3,0,0,3
84.5,23,isocontour,11.283791670955125,35556.36,74.82,-19.7,7.0,0.984,0.9,-1.0,1.3,-7.7,-17.4,1.095,21,3,0,0,3
84.5,24,isocontour,11.283791670955125,33018.42,69.48,0.4,-20.7,0.995,0.9,1.4,1.7,18.3,-4.5,1.101,8,3,0,0,3
84.5,25,isocontour,11.283791670955125,32373.67,68.13,-14.5,12.9,1.067,1.3,0.1,1.3,-7.7,-17.4,1.095,21,3,0,0,3
84.5,Target,,,,,0.0,0.0,4.023,0.0,0.0,,,,,,,,,
84.6,1,isocontour,11.283791670955125,30544.71,64.28,18.8,8.8,0.991,0.1,-3.0,3.0,18.3,-4.5,1.101,8,5,0,0,5
84.6,2,isocontour,11.283791670955125,29230.78,61.51,8.9,18.6,0.997,-0.3,0.8,0.9,18.3,-4.5,1.101,8,3,0,0,3
84.6,3,isocontour,11.283791670955125,30585.47,64.36,15.1,14.7,0.97,-1.0,1.5,1.8,18.3,-4.5,1.101,8,5,0,0,5
84.6,4,isocontour,11.283791670955125,34943.05,73.53,19.2,5.9,1.029,1.6,-2.3,2.8,18.3,-4.5,1.101,8,6,0,0,6
84.6,5,isocontour,11.283791670955125,32515.47,68.42,18.8,6.6,1.04,0.6,-2.8,2.9,18.3,-4.5,1.101,8,5,0,0,5
84.6,6,isocontour,11.283791670955125,34354.97,72.3,18.3,-5.5,1.085,0.2,3.0,3.0,18.3,-4.5,1.101,8,4,0,0,4
84.6,7,isocontour,11.283791670955125,32474.59,68.34,-15.1,14.3,0.987,2.8,0.5,2.8,18.5,-4.2,1.097,8,3,0,0,3
84.6,8,isocontour,11.283791670955125,34533.96,72.67,18.4,-4.5,1.096,-0.0,0.9,0.9,18.4,-4.5,1.101,8,5,0,0,5
84.6,9,isocontour,11.283791670955125,32630.33,68.67,20.5,2.4,0.998,-0.1,-1.2,1.2,18.3,-4.5,1.101,8,6,0,0,6
84.6,10,isocontour,11.283791670955125,32235.56,67.84,16.3,-13.3,0.977,2.2,-1.6,2.7,18.3,-4.5,1.101,8,4,0,0,4
84.6,11,isocontour,11.283791670955125,34016.61,71.58,-18.0,-8.1,1.048,-0.8,2.5,2.6,18.5,-4.2,1.097,8,3,0,0,3
84.6,12,isocontour,11.283791670955125,32470.6,68.33,-14.7,-15.2,0.969,-1.4,1.1,1.8,18.3,-4.5,1.101,8,3,0,0,3
84.6,13,isocontour,11.283791670955125,30798.42,64.81,20.8,1.0,0.984,0.4,1.0,1.1,18.3,-4.5,1.101,8,6,0,0,6
84.6,14,isocontour,11.283791670955125,32096.26,67.54,8.5,-17.0,1.094,-2.4,-0.9,2.6,18.3,-4.5,1.101,8,3,0,0,3
84.6,15,isocontour,11.283791670955125,30066.68,63.27,0.1,21.0,0.977,1.2,1.2,1.7,18.3,-4.5,1.101,8,3,0,0,3
84.6,16,isocontour,11.283791670955125,46517.89,97.89,-24.5,22.1,0.509,-0.5,0.8,0.9,-24.5,22.1,0.517,16,0,0,0,0
84.6,17,isocontour,11.283791670955125,29609.48,62.31,7.4,18.6,1.035,1.2,-0.8,1.4,18.3,-4.5,1.101,8,3,0,0,3
84.6,18,isocontour,11.283791670955125,35631.09,74.98,-8.4,19.0,0.989,-4.0,-1.5,4.3,18.3,-4.5,1.101,8,3,0,0,3
84.6,19,isocontour,11.283791670955125,31799.45,66.92,-20.8,-0.5,0.988,0.3,-3.0,3.0,-7.7,-17.4,1.095,21,3,0,0,3
84.6,20,isocontour,11.283791670955125,32774.29,68.97,8.8,-18.8,0.992,-1.1,1.6,1.9,18.3,-4.5,1.101,8,3,0,0,3
84.6,21,isocontour,11.283791670955125,32081.07,67.51,-7.2,-17.8,1.081,0.9,-0.6,1.1,18.3,-4.5,1.101,8,2,0,0,2
84.6,22,isocontour,11.283791670955125,34891.18,73.42,-18.9,-8.6,0.99,-1.4,2.0,2.4,18.5,-4.2,1.097,8,3,0,0,3
84.6,23,isocontour,11.283791670955125,35551.05,74.81,-19.6,6.8,0.991,0.8,-1.4,1.6,-7.7,-17.4,1.095,21,3,0,0,3
84.6,24,isocontour,11.283791670955125,33017.87,69.48,0.4,-20.6,0.997,-0.7,0.2,0.7,18.3,-4.5,1.101,8,3,0,0,3
84.6,25,isocontour,11.283791670955125,32347.08,68.07,-14.3,13.1,1.072,2.3,1.5,2.7,18.5,-4.2,1.097,8,3,0,0,3
84.6,Target,,,,,0.0,0.0,4.023,0.0,0.0,,,,,,,,,
84.7,1,isocontour,11.283791670955125,30540.07,64.27,18.8,8.9,0.987,0.4,1.5,1.6,18.3,-4.5,1.101,8,5,0,0,5
84.7,2,isocontour,11.283791670955125,29211.94,61.47,8.7,18.8,0.994,-2.0,1.5,2.5,18.3,-4.5,1.101,8,3,0,0,3
84.7,3,isocontour,11.283791670955125,30582.54,64.36,15.0,14.8,0.972,-1.1,0.7,1.3,18.3,-4.5,1.101,8,5,0,0,5
84.7,4,isocontour,11.283791670955125,34909.27,73.46,19.2,5.6,1.03,0.4,-2.9,2.9,18.3,-4.5,1.101,8,6,0,0,6
84.7,5,isocontour,11.283791670955125,32479.97,68.35,18.8,6.3,1.042,0.7,-2.9,3.0,18.3,-4.5,1.101,8,6,0,0,6
84.7,6,isocontour,11.283791670955125,34317.33,72.22,18.4,-5.2,1.087,0.6,3.0,3.1,18.3,-4.5,1.101,8,4,0,0,4
84.7,7,isocontour,11.283791670955125,32446.83,68.28,-14.9,14.2,1.002,1.6,-2.3,2.8,18.3,-4.5,1.101,8,3,0,0,3
84.7,8,isocontour,11.283791670955125,34533.05,72.67,18.4,-4.4,1.097,0.1,0.9,0.9,18.4,-4.4,1.101,8,6,0,0,6
84.7,9,isocontour,11.283791670955125,32563.78,68.53,20.7,2.1,0.989,2.3,-3.0,3.8,18.3,-4.5,1.101,8,6,0,0,6
84.7,10,isocontour,11.283791670955125,32215.54,67.79,16.1,-13.4,0.977,-2.0,-1.5,2.5,18.3,-4.5,1.101,8,4,0,0,4
84.7,11,isocontour,11.283791670955125,34015.09,71.58,-18.1,-8.0,1.046,-0.8,0.7,1.1,18.3,-4.5,1.101,8,3,0,0,3
84.7,12,isocontour,11.283791670955125,32445.15,68.28,-14.9,-14.9,0.973,-1.2,2.4,2.7,18.3,-4.5,1.101,8,3,0,0,3
84.7,13,isocontour,11.283791670955125,30797.28,64.81,20.8,1.0,0.987,-0.7,0.6,0.9,18.3,-4.5,1.101,8,6,0,0,6
84.7,14,isocontour,11.283791670955125,32093.7,67.54,8.4,-17.1,1.091,-0.7,-1.1,1.3,18.3,-4.5,1.101,8,3,0,0,3
84.7,15,isocontour,11.283791670955125,30031.52,63.2,0.3,20.9,0.98,2.9,-0.9,3.0,18.3,-4.5,1.101,8,3,0,0,3
84.7,16,isocontour,11.283791670955125,46516.79,97.89,-24.5,22.2,0.507,0.2,0.9,0.9,-24.5,22.2,0.517,16,0,0,0,0
84.7,17,isocontour,11.283791670955125,29608.04,62.31,7.5,18.6,1.032,1.0,0.2,1.0,18.3,-4.5,1.101,8,3,0,0,3
84.7,18,isocontour,11.283791670955125,35629.43,74.98,-8.5,18.9,0.992,-0.5,-1.0,1.1,18.3,-4.5,1.101,8,3,0,0,3
84.7,19,isocontour,11.283791670955125,31775.91,66.87,-20.6,-0.7,0.997,2.0,-1.8,2.7,18.5,-4.2,1.097,8,3,0,0,3
84.7,20,isocontour,11.283791670955125,32767.12,68.95,8.9,-18.6,0.996,1.2,1.3,1.8,18.3,-4.5,1.101,8,3,0,0,3
84.7,21,isocontour,11.283791670955125,32078.2,67.5,-7.1,-17.8,1.084,1.3,0.2,1.3,18.3,-4.5,1.101,8,2,0,0,2
84.7,22,isocontour,11.283791670955125,34882.47,73.41,-19.1,-8.6,0.982,-1.9,-0.0,1.9,18.3,-4.5,1.101,8,3,0,0,3
84.7,23,isocontour,11.283791670955125,35549.88,74.81,-19.6,6.9,0.991,0.1,1.0,1.0,18.5,-4.2,1.097,8,3,0,0,3
84.7,24,isocontour,11.283791670955125,33014.23,69.47,0.5,-20.7,0.993,1.1,-0.9,1.4,18.3,-4.5,1.101,8,3,0,0,3
84.7,25,isocontour,11.283791670955125,32345.6,68.07,-14.3,13.1,1.069,-1.0,-0.2,1.0,18.3,-4.5,1.101,8,3,0,0,3
84.7,Target,,,,,0.0,0.0,4.023,0.0,0.0,,,,,,,,,
84.8,1,isocontour,11.283791670955125,30537.33,64.26,18.9,8.8,0.986,0.5,-1.2,1.3,18.3,-4.5,1.101,8,5,0,0,5
84.8,2,isocontour,11.283791670955125,29205.8,61.46,8.6,18.9,0.987,-0.1,1.7,1.7,18.3,-4.5,1.101,8,3,0,0,3
84.8,3,isocontour,11.283791670955125,30572.99,64.34,14.9,14.7,0.981,-1.2,-1.5,1.9,18.3,-4.5,1.101,8,5,0,0,5
84.8,4,isocontour,11.283791670955125,34879.07,73.4,19.3,5.3,1.031,0.8,-2.8,2.9,18.3,-4.5,1.101,8,7,0,0,7
84.8,5,isocontour,11.283791670955125,32443.05,68.27,19.0,6.0,1.039,1.4,-2.7,3.0,18.3,-4.5,1.101,8,6,0,0,6
84.8,6,isocontour,11.283791670955125,34286.18,72.15,18.4,-4.9,1.091,-0.0,2.9,2.9,18.3,-4.5,1.101,8,5,0,0,5
84.8,7,isocontour,11.283791670955125,32446.27,68.28,-14.9,14.2,1.001,-0.2,0.7,0.7,18.3,-4.5,1.101,8,3,0,0,3
84.8,8,isocontour,11.283791670955125,34532.09,72.67,18.5,-4.4,1.095,0.4,0.8,0.9,18.5,-4.4,1.101,8,6,0,0,6
84.8,9,isocontour,11.283791670955125,32563.73,68.53,20.7,2.0,0.988,-0.1,-0.3,0.3,18.3,-4.5,1.101,8,6,0,0,6
84.8,10,isocontour,11.283791670955125,32214.75,67.79,16.1,-13.5,0.978,-0.6,-0.6,0.8,18.3,-4.5,1.101,8,4,0,0,4
84.8,11,isocontour,11.283791670955125,33993.61,71.54,-18.1,-7.8,1.052,0.2,2.6,2.6,18.3,-4.5,1.101,8,3,0,0,3
84.8,12,isocontour,11.283791670955125,32430.14,68.25,-15.0,-14.7,0.975,-1.5,1.7,2.3,18.3,-4.5,1.101,8,3,0,0,3
84.8,13,isocontour,11.283791670955125,30794.61,64.8,20.7,1.1,0.993,-1.2,0.4,1.3,18.3,-4.5,1.101,8,6,0,0,6
84.8,14,isocontour,11.283791670955125,32092.7,67.54,8.3,-17.1,1.091,-0.9,-0.3,0.9,18.3,-4.5,1.101,8,3,0,0,3
84.8,15,isocontour,11.283791670955125,30003.47,63.14,0.6,20.8,0.988,2.3,-1.6,2.8,18.3,-4.5,1.101,8,3,0,0,3
84.8,16,isocontour,11.283791670955125,46515.69,97.89,-24.6,22.2,0.507,-0.7,-0.6,0.9,-24.6,22.2,0.517,16,0,0,0,0
84.8,17,isocontour,11.283791670955125,29606.8,62.3,7.6,18.6,1.028,0.9,0.3,0.9,18.3,-4.5,1.101,8,3,0,0,3
84.8,18,isocontour,11.283791670955125,35627.95,74.97,-8.5,19.0,0.99,0.7,0.8,1.1,18.3,-4.5,1.101,8,3,0,0,3
84.8,19,isocontour,11.283791670955125,31774.47,66.87,-20.6,-0.8,0.998,-0.0,-1.0,1.0,18.3,-4.5,1.101,8,3,0,0,3
84.8,20,isocontour,11.283791670955125,32759.21,68.94,9.1,-18.6,0.991,1.8,-0.5,1.9,18.3,-4.5,1.101,8,3,0,0,3
84.8,21,isocontour,11.283791670955125,32047.37,67.44,-6.8,-17.8,1.089,2.9,-0.2,2.9,18.3,-4.5,1.101,8,2,0,0,2
84.8,22,isocontour,11.283791670955125,34851.32,73.34,-19.3,-8.5,0.973,-2.3,1.7,2.9,18.3,-4.5,1.101,8,3,0,0,3
84.8,23,isocontour,11.283791670955125,35474.46,74.65,-19.9,7.1,0.973,-3.4,1.9,3.9,18.3,-4.5,1.101,8,3,0,0,3
84.8,24,isocontour,11.283791670955125,33010.02,69.47,0.6,-20.8,0.988,1.1,-1.0,1.5,18.3,-4.5,1.101,8,3,0,0,3
84.8,25,isocontour,11.283791670955125,32345.03,68.07,-14.4,13.1,1.066,0.0,0.8,0.8,18.3,-4.5,1.101,8,3,0,0,3
84.8,Target,,,,,0.0,0.0,4.023,0.0,0.0,,,,,,,,,
84.9,1,isocontour,11.283791670955125,30499.69,64.18,18.9,8.6,0.99,0.4,-3.1,3.1,18.3,-4.5,1.101,8,5,0,0,5
84.9,2,isocontour,11.283791670955125,29197.64,61.44,8.6,19.1,0.981,-1.1,1.5,1.9,18.3,-4.5,1.101,8,3,0,0,3
84.9,3,isocontour,11.283791670955125,30567.48,64.33,14.9,14.5,0.987,0.2,-1.6,1.6,18.3,-4.5,1.101,8,5,0,0,5
84.9,4,isocontour,11.283791670955125,34876.45,73.39,19.3,5.2,1.032,0.1,-1.3,1.3,18.3,-4.5,1.101,8,7,0,0,7
84.9,5,isocontour,11.283791670955125,32411.89,68.21,19.0,5.7,1.041,0.4,-2.9,2.9,18.3,-4.5,1.101,8,7,0,0,7
84.9,6,isocontour,11.283791670955125,34285.73,72.15,18.4,-4.9,1.093,-0.5,-0.5,0.7,18.3,-4.5,1.101,8,6,0,0,6
84.9,7,isocontour,11.283791670955125,32437.29,68.26,-15.1,14.2,0.993,-1.8,0.5,1.9,18.3,-4.5,1.101,8,3,0,0,3
84.9,8,isocontour,11.283791670955125,34504.92,72.61,18.5,-4.1,1.094,0.8,2.6,2.7,18.5,-4.1,1.101,8,6,0,0,6
84.9,9,isocontour,11.283791670955125,32557.15,68.51,20.6,2.0,0.996,-1.7,-0.2,1.7,18.3,-4.5,1.101,8,6,0,0,6
84.9,10,isocontour,11.283791670955125,32211.03,67.78,15.9,-13.5,0.984,-1.4,0.3,1.4,18.3,-4.5,1.101,8,4,0,0,4
84.9,11,isocontour,11.283791670955125,33965.85,71.48,-18.1,-7.5,1.054,-0.9,2.6,2.8,18.3,-4.5,1.101,8,3,0,0,3
84.9,12,isocontour,11.283791670955125,32411.52,68.21,-15.0,-14.5,0.984,0.1,2.4,2.4,18.3,-4.5,1.101,8,3,0,0,3
84.9,13,isocontour,11.283791670955125,30792.29,64.8,20.6,1.0,0.995,-0.1,-1.2,1.2,18.3,-4.5,1.101,8,6,0,0,6
84.9,14,isocontour,11.283791670955125,32091.89,67.53,8.3,-17.2,1.088,-0.2,-0.8,0.8,18.3,-4.5,1.101,8,3,0,0,3
84.9,15,isocontour,11.283791670955125,29979.66,63.09,0.4,20.7,0.994,-2.5,-0.9,2.7,18.3,-4.5,1.101,8,3,0,0,3
84.9,16,isocontour,11.283791670955125,46514.59,97.88,-24.5,22.2,0.507,0.7,0.7,1.0,-24.5,22.2,0.517,16,0,0,0,0
84.9,17,isocontour,11.283791670955125,29596.03,62.28,7.4,18.7,1.027,-1.8,0.9,2.0,18.3,-4.5,1.101,8,3,0,0,3
84.9,18,isocontour,11.283791670955125,35626.95,74.97,-8.5,19.0,0.988,-0.9,0.0,0.9,18.3,-4.5,1.101,8,3,0,0,3
84.9,19,isocontour,11.283791670955125,31773.3,66.86,-20.7,-0.8,0.994,-0.8,0.5,0.9,18.3,-4.5,1.101,8,3,0,0,3
84.9,20,isocontour,11.283791670955125,32756.35,68.93,9.2,-18.7,0.985,1.2,-0.5,1.3,18.3,-4.5,1.101,8,3,0,0,3
84.9,21,isocontour,11.283791670955125,32045.22,67.44,-6.7,-17.9,1.09,1.1,-0.5,1.2,18.3,-4.5,1.101,8,2,0,0,2
84.9,22,isocontour,11.283791670955125,34849.71,73.34,-19.3,-8.3,0.975,0.3,1.0,1.0,18.3,-4.5,1.101,8,3,0,0,3
84.9,23,isocontour,11.283791670955125,35461.87,74.63,-19.8,7.2,0.971,1.0,1.9,2.1,18.3,-4.5,1.101,8,3,0,0,3
84.9,24,isocontour,11.283791670955125,32878.31,69.19,1.0,-20.8,0.987,4.7,0.1,4.7,18.3,-4.5,1.101,8,3,0,0,3
84.9,25,isocontour,11.283791670955125,32342.82,68.06,-14.3,13.2,1.065,0.6,1.0,1.2,18.3,-4.5,1.101,8,3,0,0,3
84.9,Target,,,,,0.0,0.0,4.023,0.0,0.0,,,,,,,,,
85.0,1,isocontour,11.283791670955125,30496.88,64.18,18.8,8.6,0.994,-1.0,0.8,1.3,18.3,-4.5,1.101,8,5,0,0,5
85.0,2,isocontour,11.283791670955125,29195.08,61.44,8.4,19.1,0.986,-1.0,-0.7,1.2,18.3,-4.5,1.101,8,3,0,0,3
85.0,3,isocontour,11.283791670955125,30537.28,64.26,15.0,14.3,0.99,1.6,-2.4,2.9,18.3,-4.5,1.101,8,5,0,0,5
85.0,4,isocontour,11.283791670955125,34873.96,73.39,19.4,5.1,1.031,0.5,-1.1,1.2,18.3,-4.5,1.101,8,7,0,0,7
85.0,5,isocontour,11.283791670955125,32374.25,68.13,19.1,5.4,1.04,1.1,-2.9,3.1,18.3,-4.5,1.101,8,7,0,0,7
85.0,6,isocontour,11.283791670955125,34248.09,72.07,18.4,-4.6,1.094,0.7,3.0,3.1,18.3,-4.5,1.101,8,6,0,0,6
85.0,7,isocontour,11.283791670955125,32416.79,68.22,-15.3,14.1,0.988,-2.2,-1.2,2.5,18.3,-4.5,1.101,8,3,0,0,3
85.0,8,isocontour,11.283791670955125,34480.57,72.56,18.6,-3.9,1.095,0.4,2.6,2.6,18.6,-3.9,1.101,8,6,0,0,6
85.0,9,isocontour,11.283791670955125,32535.42,68.47,20.5,2.2,0.998,-0.2,2.6,2.6,18.3,-4.5,1.101,8,6,0,0,6
85.0,10,isocontour,11.283791670955125,32196.21,67.75,15.7,-13.4,0.994,-2.2,0.3,2.2,18.3,-4.5,1.101,8,4,0,0,4
85.0,11,isocontour,11.283791670955125,33963.48,71.47,-18.2,-7.4,1.052,-0.8,0.9,1.2,18.3,-4.5,1.101,8,3,0,0,3
85.0,12,isocontour,11.283791670955125,32409.87,68.2,-15.0,-14.4,0.99,0.4,1.0,1.1,18.3,-4.5,1.101,8,3,0,0,3
85.0,13,isocontour,11.283791670955125,30761.46,64.73,20.7,0.7,0.991,1.1,-2.7,2.9,18.3,-4.5,1.101,8,6,0,0,6
85.0,14,isocontour,11.283791670955125,32075.03,67.5,8.3,-17.4,1.076,0.3,-2.3,2.3,18.3,-4.5,1.101,8,3,0,0,3
85.0,15,isocontour,11.283791670955125,29977.71,63.08,0.5,20.7,0.995,1.1,-0.1,1.1,18.3,-4.5,1.101,8,3,0,0,3
85.0,16,isocontour,11.283791670955125,46513.49,97.88,-24.5,22.2,0.509,0.2,-0.9,0.9,-24.5,22.2,0.517,16,0,0,0,0
85.0,17,isocontour,11.283791670955125,29592.96,62.27,7.3,18.7,1.026,-1.2,0.7,1.4,18.3,-4.5,1.101,8,3,0,0,3
85.0,18,isocontour,11.283791670955125,35615.04,74.95,-8.5,18.8,0.997,0.6,-2.0,2.1,18.3,-4.5,1.101,8,3,0,0,3
85.0,19,isocontour,11.283791670955125,31772.16,66.86,-20.7,-0.7,0.99,-0.8,0.5,0.9,18.3,-4.5,1.101,8,3,0,0,3
85.0,20,isocontour,11.283791670955125,32743.57,68.9,9.1,-18.8,0.982,-1.7,-1.4,2.2,18.3,-4.5,1.101,8,3,0,0,3
85.0,21,isocontour,11.283791670955125,32040.75,67.43,-6.6,-17.9,1.088,1.2,-0.9,1.5,18.3,-4.5,1.101,8,2,0,0,2
85.0,22,isocontour,11.283791670955125,34848.18,73.33,-19.3,-8.2,0.978,0.1,1.0,1.0,18.3,-4.5,1.101,8,3,0,0,3
85.0,23,isocontour,11.283791670955125,35442.33,74.58,-19.6,7.3,0.982,2.5,0.1,2.5,18.3,-4.5,1.101,8,3,0,0,3
85.0,24,isocontour,11.283791670955125,32863.1,69.16,1.1,-20.6,0.996,0.9,2.1,2.3,18.3,-4.5,1.101,8,3,0,0,3
85.0,25,isocontour,11.283791670955125,32341.58,68.06,-14.2,13.3,1.065,0.7,0.7,1.0,18.3,-4.5,1.101,8,3,0,0,3
85.0,Target,,,,,0.0,0.0,4.023,0.0,0.0,,,,,,,,,
85.1,1,isocontour,11.283791670955125,30475.9,64.13,18.8,8.8,0.991,-0.4,2.5,2.5,18.3,-4.5,1.101,8,5,0,0,5
85.1,2,isocontour,11.283791670955125,29193.04,61.43,8.4,19.0,0.991,-1.0,-0.7,1.2,18.3,-4.5,1.101,8,3,0,0,3
85.1,3,isocontour,11.283791670955125,30533.24,64.25,14.9,14.3,0.994,-1.4,0.5,1.5,18.3,-4.5,1.101,8,5,0,0,5
85.1,4,isocontour,11.283791670955125,34832.95,73.3,19.6,4.8,1.025,2.0,-2.5,3.2,18.3,-4.5,1.101,8,7,0,0,7
85.1,5,isocontour,11.283791670955125,32374.1,68.13,19.1,5.4,1.041,-0.2,0.4,0.4,18.3,-4.5,1.101,8,7,0,0,7
85.1,6,isocontour,11.283791670955125,34245.66,72.07,18.5,-4.5,1.093,0.5,1.1,1.2,18.3,-4.5,1.101,8,6,0,0,6
85.1,7,isocontour,11.283791670955125,32394.3,68.17,-15.3,14.3,0.977,-0.5,2.6,2.6,18.3,-4.5,1.101,8,3,0,0,3
85.1,8,isocontour,11.283791670955125,34479.29,72.56,18.6,-3.8,1.092,0.6,0.8,1.0,18.6,-3.8,1.101,8,6,0,0,6
85.1,9,isocontour,11.283791670955125,32462.86,68.31,20.7,2.0,0.987,2.6,-2.9,3.9,18.3,-4.5,1.101,8,6,0,0,6
85.1,10,isocontour,11.283791670955125,32194.01,67.75,15.8,-13.4,0.996,0.8,0.9,1.2,18.3,-4.5,1.101,8,4,0,0,4
85.1,11,isocontour,11.283791670955125,33958.83,71.46,-18.1,-7.5,1.057,1.3,-0.8,1.5,18.3,-4.5,1.101,8,3,0,0,3
85.1,12,isocontour,11.283791670955125,32386.59,68.15,-14.9,-14.2,1.0,0.4,2.6,2.6,18.3,-4.5,1.101,8,3,0,0,3
85.1,13,isocontour,11.283791670955125,30628.07,64.45,20.9,0.3,0.983,1.6,-4.4,4.7,18.3,-4.5,1.101,8,6,0,0,6
85.1,14,isocontour,11.283791670955125,32074.18,67.5,8.3,-17.4,1.075,-0.9,-0.1,0.9,18.3,-4.5,1.101,8,3,0,0,3
85.1,15,isocontour,11.283791670955125,29974.65,63.08,0.6,20.7,0.992,1.2,0.7,1.4,18.3,-4.5,1.101,8,3,0,0,3
85.1,16,isocontour,11.283791670955125,46512.39,97.88,-24.5,22.1,0.51,-0.4,-0.8,0.9,-24.5,22.1,0.517,16,0,0,0,0
85.1,17,isocontour,11.283791670955125,29565.5,62.22,7.1,18.8,1.031,-2.8,0.0,2.8,18.3,-4.5,1.101,8,3,0,0,3
85.1,18,isocontour,11.283791670955125,35591.5,74.9,-8.7,18.8,0.994,-2.6,-0.2,2.6,18.3,-4.5,1.101,8,3,0,0,3
85.1,19,isocontour,11.283791670955125,31751.91,66.82,-20.8,-0.5,0.986,-0.9,2.4,2.6,18.3,-4.5,1.101,8,3,0,0,3
85.1,20,isocontour,11.283791670955125,32721.59,68.86,8.8,-18.8,0.99,-2.5,0.7,2.6,18.3,-4.5,1.101,8,3,0,0,3
85.1,21,isocontour,11.283791670955125,32032.71,67.41,-6.4,-18.0,1.084,1.4,-1.2,1.8,18.3,-4.5,1.101,8,2,0,0,2
85.1,22,isocontour,11.283791670955125,34830.24,73.3,-19.1,-8.2,0.989,2.4,0.1,2.4,18.3,-4.5,1.101,8,3,0,0,3
85.1,23,isocontour,11.283791670955125,35438.91,74.58,-19.5,7.2,0.99,1.1,-0.9,1.4,18.3,-4.5,1.101,8,3,0,0,3
85.1,24,isocontour,11.283791670955125,32862.16,69.15,1.1,-20.6,0.998,-0.9,0.1,0.9,18.3,-4.5,1.101,8,3,0,0,3
85.1,25,isocontour,11.283791670955125,32337.93,68.05,-14.2,13.4,1.063,0.6,1.3,1.4,18.3,-4.5,1.101,8,3,0,0,3
85.1,Target,,,,,0.0,0.0,4.023,0.0,0.0,,,,,,,,,
85.2,1,isocontour,11.283791670955125,30475.77,64.13,18.8,8.9,0.99,0.1,0.4,0.4,18.3,-4.5,1.101,8,5,0,0,5
85.2,2,isocontour,11.283791670955125,29184.06,61.41,8.5,19.1,0.984,1.5,1.1,1.9,18.3,-4.5,1.101,8,3,0,0,3
85.2,3,isocontour,11.283791670955125,30442.44,64.06,15.2,14.2,0.986,3.9,-1.5,4.2,18.3,-4.5,1.101,8,5,0,0,5
85.2,4,isocontour,11.283791670955125,34813.88,73.26,19.5,5.0,1.024,-0.7,2.4,2.5,18.3,-4.5,1.101,8,7,0,0,7
85.2,5,isocontour,11.283791670955125,32372.7,68.12,19.1,5.5,1.044,-0.9,0.5,1.0,18.3,-4.5,1.101,8,7,0,0,7
85.2,6,isocontour,11.283791670955125,34211.53,71.99,18.4,-4.7,1.095,-1.2,-2.8,3.0,18.3,-4.5,1.101,8,6,0,0,6
85.2,7,isocontour,11.283791670955125,32357.73,68.09,-15.1,14.3,0.987,3.0,-0.3,3.0,18.3,-4.5,1.101,8,3,0,0,3
85.2,8,isocontour,11.283791670955125,34448.77,72.49,18.6,-4.0,1.091,-0.5,-2.8,2.8,18.6,-4.0,1.101,8,6,0,0,6
85.2,9,isocontour,11.283791670955125,32435.98,68.26,20.9,2.2,0.979,1.1,2.5,2.7,18.3,-4.5,1.101,8,6,0,0,6
85.2,10,isocontour,11.283791670955125,32192.35,67.74,15.7,-13.3,1.001,-0.7,0.9,1.1,18.3,-4.5,1.101,8,4,0,0,4
85.2,11,isocontour,11.283791670955125,33928.63,71.4,-18.0,-7.7,1.06,1.5,-2.4,2.8,18.3,-4.5,1.101,8,3,0,0,3
85.2,12,isocontour,11.283791670955125,32384.84,68.15,-14.9,-14.2,1.002,0.8,-0.8,1.1,18.3,-4.5,1.101,8,3,0,0,3
85.2,13,isocontour,11.283791670955125,30626.71,64.45,21.0,0.2,0.977,0.9,-0.5,1.0,18.3,-4.5,1.101,8,6,0,0,6
85.2,14,isocontour,11.283791670955125,32050.64,67.45,8.1,-17.5,1.074,-2.3,-1.3,2.6,18.3,-4.5,1.101,8,3,0,0,3
85.2,15,isocontour,11.283791670955125,29947.18,63.02,0.4,20.9,0.982,-1.9,2.1,2.8,18.3,-4.5,1.101,8,3,0,0,3
85.2,16,isocontour,11.283791670955125,46511.29,97.88,-24.5,22.0,0.512,0.6,-0.7,0.9,-24.5,22.0,0.517,16,0,0,0,0
85.2,17,isocontour,11.283791670955125,29543.52,62.17,7.2,18.7,1.032,2.4,-0.9,2.6,18.3,-4.5,1.101,8,3,0,0,3
85.2,18,isocontour,11.283791670955125,35588.5,74.89,-8.9,18.8,0.989,-1.2,0.5,1.3,18.3,-4.5,1.101,8,3,0,0,3
85.2,19,isocontour,11.283791670955125,31750.84,66.82,-20.8,-0.5,0.989,0.9,0.1,0.9,18.3,-4.5,1.101,8,3,0,0,3
85.2,20,isocontour,11.283791670955125,32692.63,68.8,8.6,-18.7,1.001,-2.6,1.0,2.8,18.3,-4.5,1.101,8,3,0,0,3
85.2,21,isocontour,11.283791670955125,32014.32,67.37,-6.6,-18.0,1.081,-2.4,0.5,2.5,18.3,-4.5,1.101,8,2,0,0,2
85.2,22,isocontour,11.283791670955125,34823.78,73.28,-18.9,-8.3,0.997,1.6,-0.6,1.7,18.3,-4.5,1.101,8,3,0,0,3
85.2,23,isocontour,11.283791670955125,35410.55,74.52,-19.3,7.4,0.993,1.5,2.4,2.8,18.3,-4.5,1.101,8,3,0,0,3
85.2,24,isocontour,11.283791670955125,32856.86,69.14,1.0,-20.7,0.991,-0.4,-1.5,1.6,18.3,-4.5,1.101,8,3,0,0,3
85.2,25,isocontour,11.283791670955125,32314.12,68.0,-13.9,13.5,1.068,2.5,0.9,2.7,18.3,-4.5,1.101,8,3,0,0,3
85.2,Target,,,,,0.0,0.0,4.023,0.0,0.0,,,,,,,,,
85.3,1,isocontour,11.283791670955125,30473.4,64.13,18.8,8.8,0.991,0.1,-1.2,1.2,18.3,-4.5,1.101,8,5,0,0,5
85.3,2,isocontour,11.283791670955125,29103.92,61.25,8.8,19.0,0.98,3.9,-1.0,4.0,18.3,-4.5,1.101,8,3,0,0,3
85.3,3,isocontour,11.283791670955125,30359.26,63.89,15.4,13.9,0.99,1.7,-3.6,4.0,18.3,-4.5,1.101,8,5,0,0,5
85.3,4,isocontour,11.283791670955125,34792.15,73.22,19.4,5.3,1.025,-0.9,2.4,2.6,18.3,-4.5,1.101,8,7,0,0,7
85.3,5,isocontour,11.283791670955125,32372.27,68.12,19.0,5.5,1.044,-0.1,0.7,0.7,18.3,-4.5,1.101,8,7,0,0,7
85.3,6,isocontour,11.283791670955125,34208.92,71.99,18.4,-4.9,1.093,0.2,-1.3,1.3,18.3,-4.5,1.101,8,6,0,0,6
85.3,7,isocontour,11.283791670955125,32345.31,68.07,-15.0,14.2,0.999,1.1,-1.8,2.1,18.3,-4.5,1.101,8,3,0,0,3
85.3,8,isocontour,11.283791670955125,34418.26,72.43,18.6,-4.3,1.091,-0.5,-2.8,2.8,18.6,-4.3,1.101,8,6,0,0,6
85.3,9,isocontour,11.283791670955125,32434.13,68.25,20.8,2.3,0.982,-1.0,0.5,1.1,18.3,-4.5,1.101,8,6,0,0,6
85.3,10,isocontour,11.283791670955125,32164.29,67.69,15.9,-13.2,0.996,2.5,1.2,2.8,18.3,-4.5,1.101,8,4,0,0,4
85.3,11,isocontour,11.283791670955125,33898.74,71.34,-17.9,-8.0,1.059,0.9,-2.7,2.8,18.3,-4.5,1.101,8,3,0,0,3
85.3,12,isocontour,11.283791670955125,32241.94,67.85,-14.6,-14.5,0.998,2.6,-4.1,4.9,18.3,-4.5,1.101,8,3,0,0,3
85.3,13,isocontour,11.283791670955125,30604.47,64.4,20.9,0.4,0.98,-0.7,2.5,2.6,18.3,-4.5,1.101,8,6,0,0,6
85.3,14,isocontour,11.283791670955125,32029.16,67.4,8.2,-17.5,1.07,2.6,0.3,2.6,18.3,-4.5,1.101,8,3,0,0,3
85.3,15,isocontour,11.283791670955125,29892.12,62.9,0.1,20.8,0.987,-3.2,-1.5,3.5,18.3,-4.5,1.101,8,3,0,0,3
85.3,16,isocontour,11.283791670955125,46510.19,97.87,-24.4,21.9,0.514,0.6,-0.7,0.9,-24.4,21.9,0.517,16,0,0,0,0
85.3,17,isocontour,11.283791670955125,29519.44,62.12,7.5,18.6,1.031,2.5,-0.9,2.7,18.3,-4.5,1.101,8,3,0,0,3
85.3,18,isocontour,11.283791670955125,35587.14,74.89,-8.9,18.7,0.991,-0.6,-0.8,1.0,18.3,-4.5,1.101,8,3,0,0,3
85.3,19,isocontour,11.283791670955125,31718.39,66.75,-20.7,-0.7,0.995,1.2,-2.7,3.0,18.3,-4.5,1.101,8,3,0,0,3
85.3,20,isocontour,11.283791670955125,32685.71,68.78,8.7,-18.8,0.995,1.2,-1.3,1.8,18.3,-4.5,1.101,8,3,0,0,3
85.3,21,isocontour,11.283791670955125,32010.68,67.36,-6.8,-18.0,1.078,-1.4,-0.1,1.4,18.3,-4.5,1.101,8,2,0,0,2
85.3,22,isocontour,11.283791670955125,34822.68,73.28,-18.9,-8.2,0.997,-0.6,0.7,0.9,18.3,-4.5,1.101,8,3,0,0,3
85.3,23,isocontour,11.283791670955125,35408.89,74.51,-19.3,7.4,0.998,0.7,-0.8,1.1,18.3,-4.5,1.101,8,3,0,0,3
85.3,24,isocontour,11.283791670955125,32825.71,69.08,0.8,-20.9,0.981,-2.1,-1.9,2.8,18.3,-4.5,1.101,8,3,0,0,3
85.3,25,isocontour,11.283791670955125,32288.95,67.95,-14.1,13.3,1.07,-1.9,-2.0,2.8,18.3,-4.5,1.101,8,3,0,0,3
85.3,Target,,,,,0.0,0.0,4.023,0.0,0.0,,,,,,,,,
85.4,1,isocontour,11.283791670955125,30472.97,64.13,18.8,8.8,0.989,0.3,0.6,0.7,18.3,-4.5,1.101,8,5,0,0,5
85.4,2,isocontour,11.283791670955125,29074.65,61.18,8.8,18.8,0.992,-1.0,-2.6,2.8,18.3,-4.5,1.101,8,3,0,0,3
85.4,3,isocontour,11.283791670955125,30339.71,63.85,15.4,14.0,0.988,-1.1,2.2,2.5,18.3,-4.5,1.101,8,5,0,0,5
85.4,4,isocontour,11.283791670955125,34791.18,73.21,19.5,5.3,1.022,0.8,-0.4,0.9,18.3,-4.5,1.101,8,7,0,0,7
85.4,5,isocontour,11.283791670955125,32281.47,67.93,18.8,5.8,1.05,-2.3,3.5,4.2,18.3,-4.5,1.101,8,7,0,0,7
85.4,6,isocontour,11.283791670955125,34187.44,71.94,18.3,-5.1,1.091,-0.4,-2.5,2.5,18.3,-4.5,1.101,8,6,0,0,6
85.4,7,isocontour,11.283791670955125,32334.23,68.04,-15.0,14.3,0.993,-0.3,2.0,2.0,18.3,-4.5,1.101,8,3,0,0,3
85.4,8,isocontour,11.283791670955125,34413.24,72.42,18.5,-4.4,1.095,-1.2,-1.1,1.6,18.5,-4.4,1.101,8,6,0,0,6
85.4,9,isocontour,11.283791670955125,32412.65,68.21,20.7,2.5,0.986,-0.9,2.4,2.6,18.3,-4.5,1.101,8,6,0,0,6
85.4,10,isocontour,11.283791670955125,32127.73,67.61,16.1,-13.0,0.993,2.3,2.0,3.0,18.3,-4.5,1.101,8,4,0,0,4
85.4,11,isocontour,11.283791670955125,33866.62,71.27,-17.8,-8.2,1.058,1.0,-2.7,2.9,18.3,-4.5,1.101,8,3,0,0,3
85.4,12,isocontour,11.283791670955125,32131.58,67.62,-14.4,-14.9,0.989,1.8,-4.0,4.4,18.3,-4.5,1.101,8,3,0,0,3
85.4,13,isocontour,11.283791670955125,30581.98,64.36,20.9,0.7,0.983,-0.8,2.5,2.6,18.3,-4.5,1.101,8,6,0,0,6
85.4,14,isocontour,11.283791670955125,32027.01,67.4,8.3,-17.5,1.071,0.8,0.8,1.1,18.3,-4.5,1.101,8,3,0,0,3
85.4,15,isocontour,11.283791670955125,29868.31,62.85,-0.1,20.7,0.993,-2.5,-0.9,2.7,18.3,-4.5,1.101,8,3,0,0,3
85.4,16,isocontour,11.283791670955125,46509.09,97.87,-24.4,21.8,0.517,0.4,-0.8,0.9,-24.4,21.8,0.517,16,0,0,0,0
85.4,17,isocontour,11.283791670955125,29511.4,62.1,7.6,18.4,1.038,0.5,-1.8,1.9,18.3,-4.5,1.101,8,3,0,0,3
85.4,18,isocontour,11.283791670955125,35561.97,74.84,-8.7,18.8,0.992,2.5,0.9,2.7,18.3,-4.5,1.101,8,3,0,0,3
85.4,19,isocontour,11.283791670955125,31711.7,66.73,-20.8,-0.7,0.988,-1.7,0.5,1.8,18.3,-4.5,1.101,8,3,0,0,3
85.4,20,isocontour,11.283791670955125,32677.0,68.76,8.6,-18.9,0.987,-0.7,-1.8,1.9,18.3,-4.5,1.101,8,3,0,0,3
85.4,21,isocontour,11.283791670955125,31992.51,67.32,-7.0,-18.0,1.075,-2.4,0.4,2.4,18.3,-4.5,1.101,8,2,0,0,2
85.4,22,isocontour,11.283791670955125,34727.9,73.08,-19.3,-8.4,0.977,-3.6,-2.1,4.2,18.3,-4.5,1.101,8,3,0,0,3
85.4,23,isocontour,11.283791670955125,35390.28,74.47,-19.4,7.4,0.988,-2.4,0.4,2.4,18.3,-4.5,1.101,8,3,0,0,3
85.4,24,isocontour,11.283791670955125,32821.15,69.07,0.9,-21.0,0.978,1.5,-0.4,1.6,18.3,-4.5,1.101,8,3,0,0,3
85.4,25,isocontour,11.283791670955125,32265.41,67.9,-14.3,13.2,1.068,-2.0,-1.7,2.6,18.3,-4.5,1.101,8,3,0,0,3
85.4,Target,,,,,0.0,0.0,4.023,0.0,0.0,,,,,,,,,
85.5,1,isocontour,11.283791670955125,30472.57,64.13,18.8,8.9,0.987,0.0,0.7,0.7,18.3,-4.5,1.101,8,5,0,0,5
85.5,2,isocontour,11.283791670955125,29064.51,61.16,8.9,18.6,0.998,1.4,-1.4,2.0,18.3,-4.5,1.101,8,3,0,0,3
85.5,3,isocontour,11.283791670955125,30330.45,63.83,15.4,13.9,0.989,0.9,-1.7,1.9,18.3,-4.5,1.101,8,5,0,0,5
85.5,4,isocontour,11.283791670955125,34787.76,73.21,19.5,5.4,1.019,0.2,1.4,1.4,18.3,-4.5,1.101,8,7,0,0,7
85.5,5,isocontour,11.283791670955125,32260.98,67.89,18.8,6.1,1.049,-0.3,2.5,2.5,18.3,-4.5,1.101,8,7,0,0,7
85.5,6,isocontour,11.283791670955125,34184.95,71.94,18.3,-5.0,1.092,-0.0,1.2,1.2,18.3,-4.5,1.101,8,6,0,0,6
85.5,7,isocontour,11.283791670955125,32319.61,68.01,-15.1,14.5,0.981,-2.0,1.1,2.3,18.3,-4.5,1.101,8,3,0,0,3
85.5,8,isocontour,11.283791670955125,34412.42,72.42,18.4,-4.3,1.097,0.0,0.9,0.9,18.4,-4.3,1.101,8,6,0,0,6
85.5,9,isocontour,11.283791670955125,32393.81,68.17,20.6,2.7,0.988,-0.7,2.3,2.4,18.3,-4.5,1.101,8,6,0,0,6
85.5,10,isocontour,11.283791670955125,32123.52,67.6,16.1,-13.0,0.994,-1.1,-0.9,1.4,18.3,-4.5,1.101,8,4,0,0,4
85.5,11,isocontour,11.283791670955125,33844.38,71.22,-17.9,-8.1,1.057,-1.2,2.3,2.6,18.3,-4.5,1.101,8,3,0,0,3
85.5,12,isocontour,11.283791670955125,32116.17,67.58,-14.2,-15.0,0.995,2.3,-0.2,2.3,18.3,-4.5,1.101,8,3,0,0,3
85.5,13,isocontour,11.283791670955125,30580.81,64.35,20.8,0.8,0.987,-0.8,0.6,1.0,18.3,-4.5,1.101,8,6,0,0,6
85.5,14,isocontour,11.283791670955125,32025.35,67.39,8.4,-17.4,1.072,0.9,0.6,1.1,18.3,-4.5,1.101,8,3,0,0,3
85.5,15,isocontour,11.283791670955125,29858.91,62.83,-0.2,20.8,0.985,-0.9,1.7,1.9,18.3,-4.5,1.101,8,3,0,0,3
85.5,16,isocontour,11.283791670955125,46507.99,97.87,-24.4,21.9,0.515,-0.2,0.9,0.9,-24.4,21.9,0.517,16,0,0,0,0
85.5,17,isocontour,11.283791670955125,29485.95,62.05,7.3,18.4,1.047,-2.6,-0.6,2.7,18.3,-4.5,1.101,8,3,0,0,3
85.5,18,isocontour,11.283791670955125,35523.23,74.75,-8.6,19.1,0.982,1.0,2.9,3.1,18.3,-4.5,1.101,8,3,0,0,3
85.5,19,isocontour,11.283791670955125,31711.36,66.73,-20.8,-0.6,0.986,-0.3,0.6,0.7,18.3,-4.5,1.101,8,3,0,0,3
85.5,20,isocontour,11.283791670955125,32591.96,68.59,8.9,-18.9,0.983,3.9,1.0,4.0,18.3,-4.5,1.101,8,3,0,0,3
85.5,21,isocontour,11.283791670955125,31969.5,67.28,-7.2,-17.9,1.073,-2.6,0.6,2.7,18.3,-4.5,1.101,8,2,0,0,2
85.5,22,isocontour,11.283791670955125,34725.63,73.08,-19.2,-8.5,0.975,0.8,-0.9,1.2,18.3,-4.5,1.101,8,3,0,0,3
85.5,23,isocontour,11.283791670955125,35389.07,74.47,-19.5,7.5,0.983,-0.3,0.9,0.9,18.3,-4.5,1.101,8,3,0,0,3
85.5,24,isocontour,11.283791670955125,32790.63,69.0,1.2,-20.9,0.981,2.7,0.9,2.8,18.3,-4.5,1.101,8,3,0,0,3
85.5,25,isocontour,11.283791670955125,32240.24,67.85,-14.2,13.4,1.063,1.0,2.5,2.7,18.3,-4.5,1.101,8,3,0,0,3
85.5,Target,,,,,0.0,0.0,4.023,0.0,0.0,,,,,,,,,
85.6,1,isocontour,11.283791670955125,30469.76,64.12,18.8,8.8,0.99,-0.2,-1.3,1.3,18.3,-4.5,1.101,8,5,0,0,5
85.6,2,isocontour,11.283791670955125,29061.95,61.16,8.9,18.7,0.993,0.1,1.3,1.3,18.3,-4.5,1.101,8,3,0,0,3
85.6,3,isocontour,11.283791670955125,30326.65,63.82,15.3,13.8,0.996,-1.4,-0.3,1.4,18.3,-4.5,1.101,8,5,0,0,5
85.6,4,isocontour,11.283791670955125,34786.94,73.2,19.5,5.4,1.021,-0.7,0.5,0.9,18.3,-4.5,1.101,8,7,0,0,7
85.6,5,isocontour,11.283791670955125,32241.67,67.85,18.9,6.3,1.04,1.1,2.2,2.5,18.3,-4.5,1.101,8,7,0,0,7
85.6,6,isocontour,11.283791670955125,34182.46,71.93,18.4,-4.9,1.093,0.3,1.2,1.2,18.3,-4.5,1.101,8,6,0,0,6
85.6,7,isocontour,11.283791670955125,32319.23,68.01,-15.1,14.5,0.978,0.2,0.6,0.6,18.3,-4.5,1.101,8,3,0,0,3
85.6,8,isocontour,11.283791670955125,34411.55,72.41,18.4,-4.3,1.099,-0.0,0.9,0.9,18.4,-4.3,1.101,8,6,0,0,6
85.6,9,isocontour,11.283791670955125,32382.07,68.14,20.4,2.7,0.999,-2.0,-0.5,2.1,18.3,-4.5,1.101,8,6,0,0,6
85.6,10,isocontour,11.283791670955125,32112.27,67.58,16.1,-13.2,0.986,0.4,-2.0,2.0,18.3,-4.5,1.101,8,4,0,0,4
85.6,11,isocontour,11.283791670955125,33811.27,71.15,-17.7,-8.3,1.059,1.5,-2.5,2.9,18.3,-4.5,1.101,8,3,0,0,3
85.6,12,isocontour,11.283791670955125,32115.3,67.58,-14.2,-15.0,0.998,-0.2,0.9,0.9,18.3,-4.5,1.101,8,3,0,0,3
85.6,13,isocontour,11.283791670955125,30557.27,64.3,20.7,1.0,0.993,-1.1,2.4,2.6,18.3,-4.5,1.101,8,6,0,0,6
85.6,14,isocontour,11.283791670955125,32023.7,67.39,8.5,-17.4,1.072,1.0,0.5,1.1,18.3,-4.5,1.101,8,3,0,0,3
85.6,15,isocontour,11.283791670955125,29858.42,62.83,-0.3,20.9,0.984,-0.7,-0.1,0.7,18.3,-4.5,1.101,8,3,0,0,3
85.6,16,isocontour,11.283791670955125,46506.89,97.87,-24.3,22.0,0.516,0.8,0.6,1.0,-24.3,22.0,0.517,16,0,0,0,0
85.6,17,isocontour,11.283791670955125,29465.21,62.01,7.5,18.2,1.05,2.2,-1.2,2.5,18.3,-4.5,1.101,8,3,0,0,3
85.6,18,isocontour,11.283791670955125,35491.43,74.69,-8.4,19.2,0.978,2.6,1.4,3.0,18.3,-4.5,1.101,8,3,0,0,3
85.6,19,isocontour,11.283791670955125,31708.62,66.73,-20.8,-0.7,0.99,0.9,-0.9,1.3,18.3,-4.5,1.101,8,3,0,0,3
85.6,20,isocontour,11.283791670955125,32555.75,68.51,9.2,-18.7,0.986,2.2,2.1,3.0,18.3,-4.5,1.101,8,3,0,0,3
85.6,21,isocontour,11.283791670955125,31964.76,67.27,-7.3,-17.8,1.077,-0.8,1.3,1.5,18.3,-4.5,1.101,8,2,0,0,2
85.6,22,isocontour,11.283791670955125,34696.98,73.02,-19.1,-8.7,0.98,1.9,-2.1,2.8,18.3,-4.5,1.101,8,3,0,0,3
85.6,23,isocontour,11.283791670955125,35361.9,74.41,-19.5,7.2,0.987,-0.1,-2.8,2.8,18.3,-4.5,1.101,8,3,0,0,3
85.6,24,isocontour,11.283791670955125,32759.8,68.94,1.5,-20.8,0.986,2.7,1.0,2.9,18.3,-4.5,1.101,8,3,0,0,3
85.6,25,isocontour,11.283791670955125,32236.81,67.84,-14.2,13.5,1.056,-0.5,1.3,1.4,18.3,-4.5,1.101,8,3,0,0,3
85.6,Target,,,,,0.0,0.0,4.023,0.0,0.0,,,,,,,,,
85.7,1,isocontour,11.283791670955125,30449.51,64.08,18.8,9.0,0.984,0.4,2.5,2.5,18.3,-4.5,1.101,8,5,0,0,5
85.7,2,isocontour,11.283791670955125,28985.95,61.0,8.7,18.9,0.989,-3.1,2.3,3.9,18.3,-4.5,1.101,8,3,0,0,3
85.7,3,isocontour,11.283791670955125,30296.76,63.76,15.5,13.7,0.996,2.0,-2.1,2.9,18.3,-4.5,1.101,8,5,0,0,5
85.7,4,isocontour,11.283791670955125,34748.93,73.12,19.5,5.2,1.025,0.1,-3.1,3.1,18.3,-4.5,1.101,8,7,0,0,7
85.7,5,isocontour,11.283791670955125,32205.82,67.77,19.0,6.1,1.037,1.3,-2.7,3.0,18.3,-4.5,1.101,8,7,0,0,7
85.7,6,isocontour,11.283791670955125,34178.57,71.92,18.4,-4.8,1.091,0.8,1.2,1.4,18.3,-4.5,1.101,8,6,0,0,6
85.7,7,isocontour,11.283791670955125,32313.42,68.0,-15.2,14.4,0.977,-1.3,-1.1,1.7,18.3,-4.5,1.101,8,3,0,0,3
85.7,8,isocontour,11.283791670955125,34385.53,72.36,18.5,-4.0,1.099,0.6,2.7,2.8,18.5,-4.0,1.101,8,6,0,0,6
85.7,9,isocontour,11.283791670955125,32379.2,68.14,20.4,2.8,0.997,0.5,1.2,1.3,18.3,-4.5,1.101,8,6,0,0,6
85.7,10,isocontour,11.283791670955125,32109.9,67.57,16.1,-13.2,0.991,-0.6,1.0,1.2,18.3,-4.5,1.101,8,4,0,0,4
85.7,11,isocontour,11.283791670955125,33799.53,71.13,-17.7,-8.5,1.056,0.3,-2.1,2.1,18.3,-4.5,1.101,8,3,0,0,3
85.7,12,isocontour,11.283791670955125,32113.81,67.58,-14.2,-15.0,0.995,0.0,-1.0,1.0,18.3,-4.5,1.101,8,3,0,0,3
85.7,13,isocontour,11.283791670955125,30520.35,64.23,20.7,0.7,0.994,0.2,-3.1,3.1,18.3,-4.5,1.101,8,6,0,0,6
85.7,14,isocontour,11.283791670955125,32020.49,67.38,8.6,-17.4,1.065,0.9,-1.0,1.3,18.3,-4.5,1.101,8,3,0,0,3
85.7,15,isocontour,11.283791670955125,29822.22,62.76,-0.1,20.8,0.987,3.0,-0.7,3.1,18.3,-4.5,1.101,8,3,0,0,3
85.7,16,isocontour,11.283791670955125,46505.79,97.87,-24.4,22.0,0.514,-0.9,0.3,0.9,-24.4,22.0,0.517,16,0,0,0,0
85.7,17,isocontour,11.283791670955125,29441.4,61.96,7.7,18.1,1.056,1.8,-1.9,2.6,18.3,-4.5,1.101,8,3,0,0,3
85.7,18,isocontour,11.283791670955125,35465.98,74.63,-8.1,19.2,0.987,2.6,-0.9,2.8,18.3,-4.5,1.101,8,3,0,0,3
85.7,19,isocontour,11.283791670955125,31705.89,66.72,-20.7,-0.8,0.994,0.9,-0.9,1.3,18.3,-4.5,1.101,8,3,0,0,3
85.7,20,isocontour,11.283791670955125,32550.34,68.5,9.2,-18.5,0.994,0.1,1.6,1.6,18.3,-4.5,1.101,8,3,0,0,3
85.7,21,isocontour,11.283791670955125,31950.14,67.24,-7.5,-17.6,1.083,-1.4,1.7,2.2,18.3,-4.5,1.101,8,2,0,0,2
85.7,22,isocontour,11.283791670955125,34678.59,72.98,-18.9,-8.9,0.981,1.1,-2.1,2.4,18.3,-4.5,1.101,8,3,0,0,3
85.7,23,isocontour,11.283791670955125,35335.02,74.36,-19.5,7.0,0.994,0.6,-2.7,2.8,18.3,-4.5,1.101,8,3,0,0,3
85.7,24,isocontour,11.283791670955125,32756.38,68.93,1.6,-20.7,0.991,0.8,1.1,1.4,18.3,-4.5,1.101,8,3,0,0,3
85.7,25,isocontour,11.283791670955125,32235.25,67.84,-14.3,13.5,1.054,-0.9,-0.6,1.1,18.3,-4.5,1.101,8,3,0,0,3
85.7,Target,,,,,0.0,0.0,4.023,0.0,0.0,,,,,,,,,
85.8,1,isocontour,11.283791670955125,30447.36,64.07,18.9,8.9,0.984,0.3,-1.1,1.1,18.3,-4.5,1.101,8,5,0,0,5
85.8,2,isocontour,11.283791670955125,28968.67,60.96,8.8,19.0,0.981,2.3,0.5,2.4,18.3,-4.5,1.101,8,3,0,0,3
85.8,3,isocontour,11.283791670955125,30281.55,63.72,15.5,13.8,0.991,-0.5,2.2,2.3,18.3,-4.5,1.101,8,5,0,0,5
85.8,4,isocontour,11.283791670955125,34730.77,73.09,19.4,5.3,1.027,-0.9,2.3,2.5,18.3,-4.5,1.101,8,7,0,0,7
85.8,5,isocontour,11.283791670955125,32190.41,67.74,18.8,6.2,1.044,-2.0,1.1,2.3,18.3,-4.5,1.101,8,7,0,0,7
85.8,6,isocontour,11.283791670955125,34176.37,71.92,18.5,-4.7,1.091,0.2,1.2,1.2,18.3,-4.5,1.101,8,6,0,0,6
85.8,7,isocontour,11.283791670955125,32309.21,67.99,-15.3,14.3,0.979,-0.7,-1.3,1.5,18.3,-4.5,1.101,8,3,0,0,3
85.8,8,isocontour,11.283791670955125,34363.04,72.31,18.5,-3.8,1.101,0.2,2.6,2.6,18.5,-3.8,1.101,8,6,0,0,6
85.8,9,isocontour,11.283791670955125,32341.19,68.06,20.6,3.0,0.988,1.6,2.7,3.1,18.3,-4.5,1.101,8,6,0,0,6
85.8,10,isocontour,11.283791670955125,32107.16,67.57,16.1,-13.1,0.989,1.1,0.6,1.3,18.3,-4.5,1.101,8,4,0,0,4
85.8,11,isocontour,11.283791670955125,33762.97,71.05,-17.4,-8.6,1.067,3.0,-0.8,3.1,18.3,-4.5,1.101,8,3,0,0,3
85.8,12,isocontour,11.283791670955125,32105.91,67.56,-14.1,-15.2,0.994,1.3,-1.3,1.8,18.3,-4.5,1.101,8,3,0,0,3
85.8,13,isocontour,11.283791670955125,30405.46,63.98,20.8,0.3,0.986,1.7,-4.2,4.5,18.3,-4.5,1.101,8,6,0,0,6
85.8,14,isocontour,11.283791670955125,31993.32,67.33,8.9,-17.5,1.055,2.7,-0.7,2.8,18.3,-4.5,1.101,8,3,0,0,3
85.8,15,isocontour,11.283791670955125,29819.66,62.75,0.1,20.7,0.991,1.1,-0.6,1.3,18.3,-4.5,1.101,8,3,0,0,3
85.8,16,isocontour,11.283791670955125,46504.69,97.86,-24.5,22.1,0.511,-0.6,0.8,1.0,-24.5,22.1,0.517,16,0,0,0,0
85.8,17,isocontour,11.283791670955125,29432.56,61.94,7.9,18.0,1.053,1.9,-0.1,1.9,18.3,-4.5,1.101,8,3,0,0,3
85.8,18,isocontour,11.283791670955125,35435.15,74.57,-7.8,19.2,0.994,2.9,0.0,2.9,18.3,-4.5,1.101,8,3,0,0,3
85.8,19,isocontour,11.283791670955125,31674.09,66.65,-20.7,-1.1,0.994,-0.0,-2.9,2.9,18.3,-4.5,1.101,8,3,0,0,3
85.8,20,isocontour,11.283791670955125,32540.04,68.48,9.3,-18.6,0.986,1.4,-1.4,2.0,18.3,-4.5,1.101,8,3,0,0,3
85.8,21,isocontour,11.283791670955125,31944.63,67.22,-7.6,-17.5,1.09,-0.7,1.4,1.6,18.3,-4.5,1.101,8,2,0,0,2
85.8,22,isocontour,11.283791670955125,34663.96,72.95,-18.7,-9.0,0.99,2.2,-0.5,2.3,18.3,-4.5,1.101,8,3,0,0,3
85.8,23,isocontour,11.283791670955125,35303.87,74.29,-19.4,7.2,0.995,0.9,2.8,2.9,18.3,-4.5,1.101,8,3,0,0,3
85.8,24,isocontour,11.283791670955125,32730.08,68.88,1.3,-20.7,0.991,-2.7,-0.4,2.7,18.3,-4.5,1.101,8,3,0,0,3
85.8,25,isocontour,11.283791670955125,32225.1,67.81,-14.5,13.4,1.051,-1.7,-1.1,2.0,18.3,-4.5,1.101,8,3,0,0,3
85.8,Target,,,,,0.0,0.0,4.023,0.0,0.0,,,,,,,,,
85.9,1,isocontour,11.283791670955125,30418.09,64.01,18.9,8.7,0.988,0.5,-2.8,2.8,18.3,-4.5,1.101,8,5,0,0,5
85.9,2,isocontour,11.283791670955125,28946.43,60.91,8.8,18.8,0.991,-0.3,-2.6,2.6,18.3,-4.5,1.101,8,3,0,0,3
85.9,3,isocontour,11.283791670955125,30261.3,63.68,15.6,14.1,0.979,1.0,2.3,2.5,18.3,-4.5,1.101,8,5,0,0,5
85.9,4,isocontour,11.283791670955125,34717.64,73.06,19.4,5.5,1.025,-0.2,2.2,2.2,18.3,-4.5,1.101,8,7,0,0,7
85.9,5,isocontour,11.283791670955125,32173.34,67.7,18.8,6.4,1.041,0.2,2.4,2.4,18.3,-4.5,1.101,8,7,0,0,7
85.9,6,isocontour,11.283791670955125,34140.51,71.84,18.5,-4.4,1.093,0.3,3.0,3.0,18.3,-4.5,1.101,8,6,0,0,6
85.9,7,isocontour,11.283791670955125,32301.92,67.98,-15.2,14.2,0.987,1.6,-0.8,1.8,18.3,-4.5,1.101,8,3,0,0,3
85.9,8,isocontour,11.283791670955125,34361.47,72.31,18.6,-3.6,1.098,0.7,0.8,1.1,18.6,-3.6,1.101,8,6,0,0,6
85.9,9,isocontour,11.283791670955125,32340.26,68.06,20.6,3.2,0.984,0.4,0.8,0.9,18.3,-4.5,1.101,8,6,0,0,6
85.9,10,isocontour,11.283791670955125,32076.64,67.5,16.1,-12.8,1.0,-1.0,2.7,2.9,18.3,-4.5,1.101,8,4,0,0,4
85.9,11,isocontour,11.283791670955125,33755.44,71.03,-17.5,-8.5,1.062,-1.7,0.5,1.8,18.3,-4.5,1.101,8,3,0,0,3
85.9,12,isocontour,11.283791670955125,32101.52,67.55,-14.0,-15.3,0.993,1.0,-1.1,1.5,18.3,-4.5,1.101,8,3,0,0,3
85.9,13,isocontour,11.283791670955125,30400.54,63.97,20.9,0.4,0.981,0.7,1.4,1.6,18.3,-4.5,1.101,8,6,0,0,6
85.9,14,isocontour,11.283791670955125,31988.01,67.31,8.8,-17.6,1.052,-1.2,-1.0,1.6,18.3,-4.5,1.101,8,3,0,0,3
85.9,15,isocontour,11.283791670955125,29785.2,62.68,0.3,20.8,0.99,3.0,0.2,3.0,18.3,-4.5,1.101,8,3,0,0,3
85.9,16,isocontour,11.283791670955125,46503.59,97.86,-24.4,22.0,0.513,0.6,-0.7,0.9,-24.4,22.0,0.517,16,0,0,0,0
85.9,17,isocontour,11.283791670955125,29417.55,61.91,8.0,17.9,1.058,1.5,-1.7,2.3,18.3,-4.5,1.101,8,3,0,0,3
85.9,18,isocontour,11.283791670955125,35434.08,74.57,-7.9,19.1,0.994,-0.9,-0.3,0.9,18.3,-4.5,1.101,8,3,0,0,3
85.9,19,isocontour,11.283791670955125,31662.01,66.63,-20.8,-1.2,0.987,-1.5,-1.5,2.1,18.3,-4.5,1.101,8,3,0,0,3
85.9,20,isocontour,11.283791670955125,32539.99,68.48,9.3,-18.6,0.986,-0.3,0.1,0.3,18.3,-4.5,1.101,8,3,0,0,3
85.9,21,isocontour,11.283791670955125,31917.75,67.17,-7.8,-17.4,1.091,-2.5,1.1,2.7,18.3,-4.5,1.101,8,2,0,0,2
85.9,22,isocontour,11.283791670955125,34627.4,72.87,-18.5,-8.8,1.006,2.5,1.7,3.0,18.3,-4.5,1.101,8,3,0,0,3
85.9,23,isocontour,11.283791670955125,35301.44,74.29,-19.5,7.2,0.99,-1.2,-0.1,1.2,18.3,-4.5,1.101,8,3,0,0,3
85.9,24,isocontour,11.283791670955125,32728.98,68.87,1.2,-20.7,0.989,-0.8,-0.5,0.9,18.3,-4.5,1.101,8,3,0,0,3
85.9,25,isocontour,11.283791670955125,32201.02,67.76,-14.5,13.1,1.06,0.2,-2.7,2.7,18.3,-4.5,1.101,8,3,0,0,3
85.9,Target,,,,,0.0,0.0,4.023,0.0,0.0,,,,,,,,,
86.0,1,isocontour,11.283791670955125,30382.59,63.94,19.0,8.4,0.991,0.7,-3.0,3.1,19.0,8.4,0.988,1,5,0,0,5
86.0,2,isocontour,11.283791670955125,28944.28,60.91,8.8,18.6,0.998,0.3,-1.1,1.1,8.8,18.6,0.991,2,3,0,0,3
86.0,3,isocontour,11.283791670955125,30261.22,63.68,15.5,14.1,0.979,-0.3,-0.3,0.4,15.5,14.1,0.979,3,5,0,0,5
86.0,4,isocontour,11.283791670955125,34716.36,73.06,19.3,5.6,1.027,-0.7,0.7,1.0,19.3,5.6,1.025,4,7,0,0,7
86.0,5,isocontour,11.283791670955125,32155.84,67.67,19.0,6.3,1.032,2.2,-1.0,2.4,19.0,6.3,1.041,5,7,0,0,7
86.0,6,isocontour,11.283791670955125,34110.63,71.78,18.4,-4.6,1.094,-0.8,-2.8,2.9,18.4,-4.6,1.093,6,6,0,0,6
86.0,7,isocontour,11.283791670955125,32267.46,67.9,-14.9,14.2,0.998,3.0,0.4,3.0,-14.9,14.2,0.987,7,3,0,0,3
86.0,8,isocontour,11.283791670955125,34359.99,72.31,18.6,-3.7,1.098,-0.3,-1.0,1.0,18.6,-3.7,1.098,8,6,0,0,6
86.0,9,isocontour,11.283791670955125,32338.82,68.05,20.6,3.2,0.987,-0.9,0.4,1.0,20.6,3.2,0.984,9,6,0,0,6
86.0,10,isocontour,11.283791670955125,32074.38,67.5,16.1,-12.7,1.003,0.7,0.9,1.1,16.1,-12.7,1.0,10,4,0,0,4
86.0,11,isocontour,11.283791670955125,33753.23,71.03,-17.6,-8.6,1.058,0.0,-1.2,1.2,-17.6,-8.6,1.062,11,3,0,0,3
86.0,12,isocontour,11.283791670955125,32070.69,67.49,-13.9,-15.5,0.986,0.7,-2.8,2.9,-13.9,-15.5,0.993,12,3,0,0,3
86.0,13,isocontour,11.283791670955125,30378.3,63.93,20.9,0.6,0.984,-0.7,2.5,2.6,20.9,0.6,0.981,13,6,0,0,6
86.0,14,isocontour,11.283791670955125,31986.49,67.31,8.9,-17.6,1.052,0.8,0.6,1.0,8.9,-17.6,1.052,14,3,0,0,3
86.0,15,isocontour,11.283791670955125,29723.32,62.55,0.3,21.1,0.974,-0.7,3.6,3.7,0.3,21.1,0.99,15,3,0,0,3
86.0,16,isocontour,11.283791670955125,46502.49,97.86,-24.5,22.0,0.513,-0.7,-0.7,1.0,-24.5,22.0,0.513,16,0,0,0,0
86.0,17,isocontour,11.283791670955125,29390.96,61.85,7.8,18.0,1.058,-2.4,1.3,2.7,7.8,18.0,1.058,17,3,0,0,3
86.0,18,isocontour,11.283791670955125,35431.28,74.56,-8.0,19.0,0.997,-0.9,-0.9,1.3,-8.0,19.0,0.994,18,3,0,0,3
86.0,19,isocontour,11.283791670955125,31656.8,66.62,-20.7,-1.1,0.99,0.9,1.3,1.6,-20.7,-1.1,0.987,19,3,0,0,3
86.0,20,isocontour,11.283791670955125,32522.05,68.44,9.5,-18.6,0.985,2.2,0.9,2.4,9.5,-18.6,0.986,20,3,0,0,3
86.0,21,isocontour,11.283791670955125,31914.95,67.16,-7.9,-17.4,1.085,-1.1,-0.7,1.3,-7.9,-17.4,1.091,21,2,0,0,2
86.0,22,isocontour,11.283791670955125,34602.23,72.82,-18.5,-8.6,1.009,-0.9,2.5,2.7,-18.5,-8.6,1.006,22,3,0,0,3
86.0,23,isocontour,11.283791670955125,35298.7,74.28,-19.4,7.1,0.994,1.0,-0.9,1.3,-19.4,7.1,0.99,23,3,0,0,3
86.0,24,isocontour,11.283791670955125,32725.91,68.87,1.2,-20.6,0.995,-0.0,1.3,1.3,1.2,-20.6,0.989,24,3,0,0,3
86.0,25,isocontour,11.283791670955125,32184.59,67.73,-14.3,13.1,1.069,2.3,0.5,2.4,-14.3,13.1,1.06,25,3,0,0,3
86.0,Target,,,,,0.0,0.0,4.023,0.0,0.0,,,,,,,,,
86.1,1,isocontour,11.283791670955125,30380.27,63.93,19.0,8.2,0.995,-0.3,-1.2,1.2,19.0,6.3,1.041,5,5,0,0,5
86.1,2,isocontour,11.283791670955125,28932.7,60.89,8.8,18.8,0.99,-0.3,2.1,2.1,7.8,18.0,1.058,17,3,0,0,3
86.1,3,isocontour,11.283791670955125,30222.85,63.6,15.3,14.2,0.985,-2.8,1.3,3.1,7.8,18.0,1.058,17,5,0,0,5
86.1,4,isocontour,11.283791670955125,34715.95,73.06,19.3,5.7,1.027,-0.0,0.7,0.7,18.6,-3.7,1.098,8,7,0,0,7
86.1,5,isocontour,11.283791670955125,32134.61,67.62,19.2,6.3,1.019,2.5,-0.3,2.5,18.6,-3.7,1.098,8,7,0,0,7
86.1,6,isocontour,11.283791670955125,34092.9,71.74,18.4,-4.8,1.093,-0.3,-2.4,2.4,18.6,-3.7,1.098,8,6,0,0,6
86.1,7,isocontour,11.283791670955125,32266.55,67.9,-14.9,14.3,0.996,-0.3,0.8,0.9,-14.3,13.1,1.069,25,3,0,0,3
86.1,8,isocontour,11.283791670955125,34351.28,72.29,18.4,-3.9,1.104,-1.3,-1.3,1.8,18.4,-3.9,1.098,8,6,0,0,6
86.1,9,isocontour,11.283791670955125,32319.28,68.01,20.4,3.3,0.996,-1.8,1.7,2.5,18.6,-3.7,1.098,8,6,0,0,6
86.1,10,isocontour,11.283791670955125,32065.54,67.48,16.0,-12.8,1.004,-1.4,-1.3,1.9,18.6,-3.7,1.098,8,4,0,0,4
86.1,11,isocontour,11.283791670955125,33750.23,71.02,-17.7,-8.6,1.054,-1.1,0.6,1.3,-17.7,-8.6,1.062,11,3,0,0,3
86.1,12,isocontour,11.283791670955125,32070.61,67.49,-13.9,-15.5,0.986,0.0,0.4,0.4,-7.9,-17.4,1.091,21,3,0,0,3
86.1,13,isocontour,11.283791670955125,30356.32,63.88,20.8,0.9,0.987,-0.6,2.5,2.6,18.6,-3.7,1.098,8,6,0,0,6
86.1,14,isocontour,11.283791670955125,31964.51,67.27,9.1,-17.5,1.053,2.2,1.3,2.6,9.1,-17.5,1.052,14,3,0,0,3
86.1,15,isocontour,11.283791670955125,29721.7,62.55,0.4,21.0,0.975,0.6,-0.9,1.1,7.8,18.0,1.058,17,3,0,0,3
86.1,16,isocontour,11.283791670955125,46501.39,97.86,-24.4,22.0,0.513,0.5,0.8,0.9,-24.4,22.0,0.513,16,0,0,0,0
86.1,17,isocontour,11.283791670955125,29387.31,61.84,7.9,18.1,1.05,0.8,1.2,1.4,7.9,18.1,1.058,17,3,0,0,3
86.1,18,isocontour,11.283791670955125,35411.97,74.52,-7.8,19.2,0.993,1.8,1.7,2.5,-14.3,13.1,1.069,25,3,0,0,3
86.1,19,isocontour,11.283791670955125,31636.55,66.58,-20.6,-1.0,0.999,1.7,1.8,2.5,-17.6,-8.6,1.062,11,3,0,0,3
86.1,20,isocontour,11.283791670955125,32488.27,68.37,9.6,-18.3,0.994,1.0,2.8,3.0,8.9,-17.6,1.052,14,3,0,0,3
86.1,21,isocontour,11.283791670955125,31914.07,67.16,-7.9,-17.4,1.085,0.9,-0.2,0.9,-7.9,-17.4,1.091,21,2,0,0,2
86.1,22,isocontour,11.283791670955125,34594.32,72.8,-18.7,-8.5,1.004,-1.7,0.8,1.9,-17.6,-8.6,1.062,11,3,0,0,3
86.1,23,isocontour,11.283791670955125,35296.55,74.28,-19.5,7.1,0.991,-1.1,-0.5,1.2,-14.3,13.1,1.069,25,3,0,0,3
86.1,24,isocontour,11.283791670955125,32723.48,68.86,1.1,-20.6,0.998,-1.2,0.3,1.2,-7.9,-17.4,1.091,21,3,0,0,3
86.1,25,isocontour,11.283791670955125,32158.85,67.67,-14.1,13.4,1.066,1.3,2.4,2.7,-14.1,13.4,1.069,25,3,0,0,3
86.1,Target,,,,,0.0,0.0,4.023,0.0,0.0,,,,,,,,,
86.2,1,isocontour,11.283791670955125,30355.1,63.88,19.0,8.4,0.991,-0.1,2.7,2.7,18.6,-3.7,1.098,8,5,0,0,5
86.2,2,isocontour,11.283791670955125,28926.35,60.87,8.8,19.0,0.982,-0.1,1.7,1.7,7.8,18.0,1.058,17,3,0,0,3
86.2,3,isocontour,11.283791670955125,30220.64,63.6,15.3,14.1,0.987,0.5,-1.1,1.2,18.6,-3.7,1.098,8,5,0,0,5
86.2,4,isocontour,11.283791670955125,34698.23,73.02,19.3,5.9,1.021,0.5,2.3,2.4,18.4,-3.9,1.104,8,7,0,0,7
86.2,5,isocontour,11.283791670955125,32130.72,67.62,19.4,6.2,1.015,0.9,-1.1,1.4,18.4,-3.9,1.104,8,7,0,0,7
86.2,6,isocontour,11.283791670955125,34054.53,71.66,18.4,-4.6,1.095,0.4,3.1,3.1,18.4,-3.9,1.104,8,6,0,0,6
86.2,7,isocontour,11.283791670955125,32184.6,67.73,-15.1,14.6,0.977,-2.2,3.4,4.0,-14.3,13.1,1.069,25,3,0,0,3
86.2,8,isocontour,11.283791670955125,34326.39,72.24,18.4,-3.6,1.107,0.1,2.7,2.7,18.4,-3.6,1.104,8,6,0,0,6
86.2,9,isocontour,11.283791670955125,32316.73,68.01,20.4,3.3,0.995,0.5,-1.1,1.2,18.4,-3.9,1.104,8,6,0,0,6
86.2,10,isocontour,11.283791670955125,31990.12,67.32,16.3,-12.8,0.989,3.9,-0.0,3.9,18.4,-3.9,1.104,8,4,0,0,4
86.2,11,isocontour,11.283791670955125,33731.84,70.98,-17.8,-8.4,1.052,-1.4,2.0,2.4,-7.9,-17.4,1.091,21,3,0,0,3
86.2,12,isocontour,11.283791670955125,32051.77,67.45,-14.0,-15.4,0.987,-1.6,1.8,2.4,-7.9,-17.4,1.091,21,3,0,0,3
86.2,13,isocontour,11.283791670955125,30355.5,63.88,20.8,1.0,0.989,-0.6,0.6,0.8,18.4,-3.9,1.104,8,6,0,0,6
86.2,14,isocontour,11.283791670955125,31963.85,67.26,9.0,-17.5,1.053,-0.7,-0.3,0.8,18.6,-3.7,1.098,8,3,0,0,3
86.2,15,isocontour,11.283791670955125,29712.15,62.53,0.4,20.9,0.984,0.3,-1.9,1.9,-14.3,13.1,1.069,25,3,0,0,3
86.2,16,isocontour,11.283791670955125,46500.29,97.85,-24.4,22.0,0.514,0.9,-0.0,0.9,-24.4,22.0,0.513,16,0,0,0,0
86.2,17,isocontour,11.283791670955125,29386.68,61.84,7.9,18.1,1.049,0.7,-0.3,0.8,7.8,18.0,1.058,17,3,0,0,3
86.2,18,isocontour,11.283791670955125,35406.36,74.51,-7.9,19.3,0.985,-1.2,1.1,1.6,-14.3,13.1,1.069,25,3,0,0,3
86.2,19,isocontour,11.283791670955125,31623.78,66.55,-20.7,-1.0,0.992,-1.8,-1.2,2.2,-14.3,13.1,1.069,25,3,0,0,3
86.2,20,isocontour,11.283791670955125,32484.77,68.36,9.7,-18.4,0.99,0.2,-1.4,1.4,18.6,-3.7,1.098,8,3,0,0,3
86.2,21,isocontour,11.283791670955125,31900.21,67.13,-7.7,-17.4,1.091,2.2,0.2,2.2,-7.9,-17.4,1.091,21,2,0,0,2
86.2,22,isocontour,11.283791670955125,34548.52,72.7,-18.7,-8.8,0.995,-0.3,-3.3,3.3,-7.9,-17.4,1.091,21,3,0,0,3
86.2,23,isocontour,11.283791670955125,35226.21,74.13,-19.8,7.1,0.973,-3.8,0.6,3.8,-14.3,13.1,1.069,25,3,0,0,3
86.2,24,isocontour,11.283791670955125,32721.22,68.86,1.0,-20.6,0.997,-1.1,-0.4,1.2,-7.9,-17.4,1.091,21,3,0,0,3
86.2,25,isocontour,11.283791670955125,32151.57,67.66,-14.0,13.5,1.066,1.3,1.2,1.8,-14.3,13.1,1.069,25,3,0,0,3
86.2,Target,,,,,0.0,0.0,4.023,0.0,0.0,,,,,,,,,
86.3,1,isocontour,11.283791670955125,30261.66,63.68,18.9,8.8,0.982,-0.2,4.2,4.2,18.4,-3.9,1.104,8,5,0,0,5
86.3,2,isocontour,11.283791670955125,28926.33,60.87,8.8,19.0,0.981,-0.2,0.0,0.2,18.6,-3.7,1.098,8,3,0,0,3
86.3,3,isocontour,11.283791670955125,30196.02,63.54,15.3,13.9,0.995,0.3,-2.7,2.7,18.4,-3.9,1.104,8,5,0,0,5
86.3,4,isocontour,11.283791670955125,34553.56,72.71,19.3,5.5,1.031,-0.9,-4.8,4.9,18.4,-3.6,1.107,8,7,0,0,7
86.3,5,isocontour,11.283791670955125,32128.29,67.61,19.4,6.1,1.016,0.0,-1.2,1.2,18.4,-3.6,1.107,8,7,0,0,7
86.3,6,isocontour,11.283791670955125,34052.16,71.66,18.4,-4.5,1.095,0.3,1.2,1.2,18.4,-3.6,1.107,8,6,0,0,6
86.3,7,isocontour,11.283791670955125,32159.7,67.68,-15.0,14.9,0.971,1.4,2.3,2.7,-14.3,13.1,1.069,25,3,0,0,3
86.3,8,isocontour,11.283791670955125,34325.57,72.23,18.4,-3.5,1.107,0.2,0.8,0.8,18.4,-3.5,1.107,8,6,0,0,6
86.3,9,isocontour,11.283791670955125,32251.76,67.87,20.6,3.0,0.987,2.3,-2.9,3.7,18.4,-3.6,1.107,8,6,0,0,6
86.3,10,isocontour,11.283791670955125,31976.99,67.29,16.2,-12.8,0.995,-2.2,-0.0,2.2,18.4,-3.6,1.107,8,4,0,0,4
86.3,11,isocontour,11.283791670955125,33712.54,70.94,-17.9,-8.2,1.051,-1.1,2.2,2.5,-7.9,-17.4,1.091,21,3,0,0,3
86.3,12,isocontour,11.283791670955125,32029.27,67.4,-14.1,-15.1,0.993,-1.0,2.4,2.6,-7.9,-17.4,1.091,21,3,0,0,3
86.3,13,isocontour,11.283791670955125,30354.68,63.88,20.7,1.0,0.993,-0.6,0.6,0.8,18.4,-3.6,1.107,8,6,0,0,6
86.3,14,isocontour,11.283791670955125,31942.62,67.22,8.8,-17.5,1.058,-2.5,-0.3,2.5,18.4,-3.9,1.104,8,3,0,0,3
86.3,15,isocontour,11.283791670955125,29709.83,62.52,0.3,20.8,0.99,-0.9,-0.8,1.2,-14.3,13.1,1.069,25,3,0,0,3
86.3,16,isocontour,11.283791670955125,46499.19,97.85,-24.4,22.1,0.513,-0.9,0.3,0.9,-24.4,22.1,0.514,16,0,0,0,0
86.3,17,isocontour,11.283791670955125,29382.55,61.83,8.0,18.0,1.053,0.7,-1.3,1.5,18.6,-3.7,1.098,8,3,0,0,3
86.3,18,isocontour,11.283791670955125,35401.44,74.5,-8.0,19.3,0.98,-1.5,0.4,1.6,-14.3,13.1,1.069,25,3,0,0,3
86.3,19,isocontour,11.283791670955125,31524.91,66.34,-20.9,-0.7,0.984,-1.5,4.0,4.3,-7.9,-17.4,1.091,21,3,0,0,3
86.3,20,isocontour,11.283791670955125,32457.01,68.3,9.9,-18.5,0.978,2.4,-1.5,2.8,18.4,-3.9,1.104,8,3,0,0,3
86.3,21,isocontour,11.283791670955125,31885.39,67.1,-7.5,-17.6,1.088,1.6,-1.6,2.3,-7.5,-17.6,1.091,21,2,0,0,2
86.3,22,isocontour,11.283791670955125,34537.75,72.68,-18.8,-9.0,0.988,-0.3,-2.0,2.0,-7.9,-17.4,1.091,21,3,0,0,3
86.3,23,isocontour,11.283791670955125,35224.46,74.13,-19.8,7.1,0.975,0.9,-0.7,1.1,-14.3,13.1,1.069,25,3,0,0,3
86.3,24,isocontour,11.283791670955125,32719.9,68.85,1.1,-20.6,0.997,1.0,0.1,1.0,18.6,-3.7,1.098,8,3,0,0,3
86.3,25,isocontour,11.283791670955125,32130.09,67.61,-13.9,13.7,1.063,1.2,2.3,2.6,-14.3,13.1,1.069,25,3,0,0,3
86.3,Target,,,,,0.0,0.0,4.023,0.0,0.0,,,,,,,,,
86.4,1,isocontour,11.283791670955125,30259.16,63.68,18.9,9.0,0.984,-1.0,0.8,1.3,18.4,-3.6,1.107,8,5,0,0,5
86.4,2,isocontour,11.283791670955125,28923.59,60.87,8.8,18.9,0.986,0.2,-1.3,1.3,18.4,-3.9,1.104,8,3,0,0,3
86.4,3,isocontour,11.283791670955125,30194.54,63.54,15.4,13.7,0.997,0.5,-0.9,1.0,18.4,-3.6,1.107,8,5,0,0,5
86.4,4,isocontour,11.283791670955125,34551.46,72.71,19.3,5.6,1.031,0.1,1.2,1.2,18.4,-3.6,1.107,8,7,0,0,7
86.4,5,isocontour,11.283791670955125,32124.57,67.6,19.3,6.1,1.022,-1.4,0.3,1.4,18.4,-3.6,1.107,8,7,0,0,7
86.4,6,isocontour,11.283791670955125,34014.15,71.58,18.5,-4.2,1.096,0.6,3.0,3.1,18.4,-3.6,1.107,8,6,0,0,6
86.4,7,isocontour,11.283791670955125,32124.89,67.6,-14.8,14.7,0.984,2.2,-2.0,3.0,-14.3,13.1,1.069,25,3,0,0,3
86.4,8,isocontour,11.283791670955125,34324.29,72.23,18.5,-3.5,1.103,0.8,0.5,0.9,18.5,-3.5,1.107,8,6,0,0,6
86.4,9,isocontour,11.283791670955125,32251.1,67.87,20.7,2.9,0.983,0.6,-0.5,0.8,18.4,-3.6,1.107,8,6,0,0,6
86.4,10,isocontour,11.283791670955125,31975.24,67.29,16.1,-12.8,1.001,-0.7,0.9,1.1,18.4,-3.6,1.107,8,4,0,0,4
86.4,11,isocontour,11.283791670955125,33710.44,70.94,-17.9,-8.2,1.053,0.9,-0.8,1.2,-7.9,-17.4,1.091,21,3,0,0,3
86.4,12,isocontour,11.283791670955125,32028.69,67.4,-14.2,-15.1,0.99,-0.6,-0.5,0.8,-7.9,-17.4,1.091,21,3,0,0,3
86.4,13,isocontour,11.283791670955125,30352.31,63.87,20.7,0.9,0.995,-0.3,-1.2,1.2,18.4,-3.6,1.107,8,6,0,0,6
86.4,14,isocontour,11.283791670955125,31941.33,67.22,8.7,-17.5,1.062,-1.0,0.2,1.0,18.4,-3.6,1.107,8,3,0,0,3
86.4,15,isocontour,11.283791670955125,29706.63,62.51,0.4,20.7,0.994,1.0,-0.9,1.3,18.6,-3.7,1.098,8,3,0,0,3
86.4,16,isocontour,11.283791670955125,46498.09,97.85,-24.5,22.1,0.51,-0.9,0.2,0.9,-24.5,22.1,0.514,16,0,0,0,0
86.4,17,isocontour,11.283791670955125,29361.81,61.79,8.2,17.9,1.052,2.4,-0.7,2.5,18.4,-3.9,1.104,8,3,0,0,3
86.4,18,isocontour,11.283791670955125,35391.89,74.48,-7.9,19.4,0.978,1.7,0.9,1.9,-14.3,13.1,1.069,25,3,0,0,3
86.4,19,isocontour,11.283791670955125,31517.74,66.33,-20.9,-0.8,0.98,-0.6,-1.7,1.8,-7.9,-17.4,1.091,21,3,0,0,3
86.4,20,isocontour,11.283791670955125,32451.3,68.29,9.8,-18.7,0.971,-0.8,-1.4,1.6,18.4,-3.6,1.107,8,3,0,0,3
86.4,21,isocontour,11.283791670955125,31860.22,67.05,-7.2,-17.6,1.093,2.7,-0.1,2.7,18.6,-3.7,1.098,8,2,0,0,2
86.4,22,isocontour,11.283791670955125,34531.29,72.67,-18.8,-9.1,0.982,-0.4,-1.7,1.7,-7.9,-17.4,1.091,21,3,0,0,3
86.4,23,isocontour,11.283791670955125,35192.01,74.06,-19.8,6.8,0.982,0.4,-2.9,2.9,-7.9,-17.4,1.091,21,3,0,0,3
86.4,24,isocontour,11.283791670955125,32718.5,68.85,1.0,-20.7,0.994,-0.8,-0.7,1.1,18.4,-3.9,1.104,8,3,0,0,3
86.4,25,isocontour,11.283791670955125,32107.85,67.57,-13.8,13.9,1.058,1.3,2.3,2.6,-14.3,13.1,1.069,25,3,0,0,3
86.4,Target,,,,,0.0,0.0,4.023,0.0,0.0,,,,,,,,,
86.5,1,isocontour,11.283791670955125,30229.89,63.62,18.7,8.8,0.997,-2.2,-1.7,2.8,18.4,-3.6,1.107,8,5,0,0,5
86.5,2,isocontour,11.283791670955125,28897.57,60.81,8.8,18.6,0.997,0.4,-2.7,2.7,18.4,-3.6,1.107,8,3,0,0,3
86.5,3,isocontour,11.283791670955125,30193.22,63.54,15.5,13.7,0.996,0.9,-0.4,1.0,18.4,-3.6,1.107,8,5,0,0,5
86.5,4,isocontour,11.283791670955125,34545.95,72.7,19.2,5.5,1.036,-0.8,-1.4,1.6,18.4,-3.6,1.107,8,7,0,0,7
86.5,5,isocontour,11.283791670955125,32096.21,67.54,19.1,6.3,1.027,-1.6,2.3,2.8,18.4,-3.6,1.107,8,7,0,0,7
86.5,6,isocontour,11.283791670955125,34013.39,71.58,18.5,-4.2,1.098,-0.6,-0.6,0.8,18.4,-3.6,1.107,8,6,0,0,6
86.5,7,isocontour,11.283791670955125,32121.9,67.6,-14.7,14.6,0.993,0.7,-1.1,1.3,-7.9,-17.4,1.091,21,3,0,0,3
86.5,8,isocontour,11.283791670955125,34294.71,72.17,18.5,-3.7,1.101,-0.2,-2.8,2.8,18.5,-3.7,1.107,8,6,0,0,6
86.5,9,isocontour,11.283791670955125,32233.37,67.83,20.5,3.0,0.991,-2.1,1.2,2.4,18.4,-3.6,1.107,8,6,0,0,6
86.5,10,isocontour,11.283791670955125,31974.8,67.29,16.1,-12.8,1.003,-0.5,-0.5,0.7,18.4,-3.6,1.107,8,4,0,0,4
86.5,11,isocontour,11.283791670955125,33694.62,70.91,-17.8,-8.4,1.049,0.2,-2.3,2.3,-7.9,-17.4,1.091,21,3,0,0,3
86.5,12,isocontour,11.283791670955125,32023.18,67.39,-14.2,-15.3,0.983,-0.4,-1.6,1.6,18.6,-3.7,1.098,8,3,0,0,3
86.5,13,isocontour,11.283791670955125,30349.24,63.87,20.7,0.9,0.99,1.0,-0.8,1.3,18.4,-3.6,1.107,8,6,0,0,6
86.5,14,isocontour,11.283791670955125,31939.85,67.21,8.7,-17.4,1.063,0.9,0.5,1.0,18.4,-3.6,1.107,8,3,0,0,3
86.5,15,isocontour,11.283791670955125,29704.58,62.51,0.5,20.7,0.996,1.1,-0.2,1.1,18.4,-3.9,1.104,8,3,0,0,3
86.5,16,isocontour,11.283791670955125,46496.99,97.85,-24.5,22.1,0.51,0.7,0.6,0.9,-24.5,22.1,0.514,16,0,0,0,0
86.5,17,isocontour,11.283791670955125,29360.11,61.78,8.3,17.8,1.054,0.8,-0.8,1.1,18.4,-3.6,1.107,8,3,0,0,3
86.5,18,isocontour,11.283791670955125,35369.14,74.43,-7.7,19.4,0.982,2.6,0.1,2.6,18.6,-3.7,1.098,8,3,0,0,3
86.5,19,isocontour,11.283791670955125,31488.47,66.26,-20.8,-1.0,0.987,1.6,-2.3,2.8,-7.9,-17.4,1.091,21,3,0,0,3
86.5,20,isocontour,11.283791670955125,32429.32,68.24,9.9,-18.5,0.979,0.8,2.5,2.6,18.4,-3.6,1.107,8,3,0,0,3
86.5,21,isocontour,11.283791670955125,31833.92,66.99,-7.0,-17.6,1.098,2.7,-0.3,2.7,18.4,-3.9,1.104,8,2,0,0,2
86.5,22,isocontour,11.283791670955125,34514.43,72.63,-18.7,-9.4,0.98,0.8,-2.2,2.3,-7.9,-17.4,1.091,21,3,0,0,3
86.5,23,isocontour,11.283791670955125,35190.8,74.05,-19.7,6.8,0.985,0.7,0.7,1.0,-7.9,-17.4,1.091,21,3,0,0,3
86.5,24,isocontour,11.283791670955125,32693.04,68.8,0.8,-20.7,0.991,-2.6,-0.6,2.7,18.4,-3.6,1.107,8,3,0,0,3
86.5,25,isocontour,11.283791670955125,32096.44,67.54,-13.8,13.8,1.062,-0.8,-1.9,2.1,-7.9,-17.4,1.091,21,3,0,0,3
86.5,Target,,,,,0.0,0.0,4.023,0.0,0.0,,,,,,,,,
86.6,1,isocontour,11.283791670955125,30227.34,63.61,18.7,8.8,0.994,1.3,-0.1,1.3,18.4,-3.6,1.107,8,5,0,0,5
86.6,2,isocontour,11.283791670955125,28896.73,60.81,8.9,18.7,0.995,0.2,0.8,0.8,18.4,-3.6,1.107,8,3,0,0,3
86.6,3,isocontour,11.283791670955125,30092.96,63.33,15.8,13.7,0.978,4.2,0.7,4.3,18.4,-3.6,1.107,8,5,0,0,5
86.6,4,isocontour,11.283791670955125,34524.97,72.65,19.1,5.6,1.037,-0.6,2.5,2.6,18.4,-3.6,1.107,8,7,0,0,7
86.6,5,isocontour,11.283791670955125,32075.47,67.5,19.0,6.5,1.027,-0.8,2.4,2.5,18.4,-3.6,1.107,8,7,0,0,7
86.6,6,isocontour,11.283791670955125,33922.59,71.39,18.4,-4.5,1.094,-0.2,-4.1,4.1,18.4,-3.6,1.107,8,6,0,0,6
86.6,7,isocontour,11.283791670955125,32120.24,67.59,-14.6,14.6,0.996,1.0,0.4,1.1,18.6,-3.7,1.098,8,3,0,0,3
86.6,8,isocontour,11.283791670955125,34292.96,72.17,18.5,-3.7,1.105,-0.6,0.9,1.1,18.5,-3.7,1.107,8,6,0,0,6
86.6,9,isocontour,11.283791670955125,32230.76,67.83,20.5,2.9,0.991,0.5,-1.1,1.2,18.4,-3.6,1.107,8,6,0,0,6
86.6,10,isocontour,11.283791670955125,31963.23,67.26,16.2,-12.7,0.998,1.9,0.7,2.0,18.4,-3.6,1.107,8,4,0,0,4
86.6,11,isocontour,11.283791670955125,33671.87,70.86,-18.0,-8.3,1.046,-1.5,2.2,2.7,18.6,-3.7,1.098,8,3,0,0,3
86.6,12,isocontour,11.283791670955125,32019.97,67.38,-14.1,-15.3,0.984,1.3,-0.4,1.4,18.4,-3.9,1.104,8,3,0,0,3
86.6,13,isocontour,11.283791670955125,30217.53,63.59,20.9,0.5,0.983,1.5,-4.5,4.7,18.4,-3.6,1.107,8,6,0,0,6
86.6,14,isocontour,11.283791670955125,31938.06,67.21,8.8,-17.4,1.063,1.0,0.4,1.1,18.4,-3.6,1.107,8,3,0,0,3
86.6,15,isocontour,11.283791670955125,29690.72,62.48,0.5,20.8,0.986,-0.5,2.2,2.3,18.4,-3.6,1.107,8,3,0,0,3
86.6,16,isocontour,11.283791670955125,46495.89,97.84,-24.4,22.1,0.513,0.5,-0.8,0.9,-24.4,22.1,0.514,16,0,0,0,0
86.6,17,isocontour,11.283791670955125,29350.7,61.76,8.2,17.7,1.064,-1.0,-1.6,1.9,18.4,-3.6,1.107,8,3,0,0,3
86.6,18,isocontour,11.283791670955125,35367.39,74.43,-7.6,19.4,0.987,1.0,-0.5,1.1,18.4,-3.9,1.104,8,3,0,0,3
86.6,19,isocontour,11.283791670955125,31485.34,66.26,-20.7,-1.1,0.992,0.8,-1.0,1.3,-7.9,-17.4,1.091,21,3,0,0,3
86.6,20,isocontour,11.283791670955125,32426.38,68.24,10.0,-18.4,0.982,1.0,0.9,1.3,18.4,-3.6,1.107,8,3,0,0,3
86.6,21,isocontour,11.283791670955125,31807.04,66.93,-6.7,-17.6,1.102,2.7,-0.4,2.7,18.4,-3.6,1.107,8,2,0,0,2
86.6,22,isocontour,11.283791670955125,34512.0,72.63,-18.7,-9.3,0.983,0.3,1.2,1.2,18.6,-3.7,1.098,8,3,0,0,3
86.6,23,isocontour,11.283791670955125,35179.72,74.03,-19.5,6.9,0.994,2.0,0.3,2.0,-7.9,-17.4,1.091,21,3,0,0,3
86.6,24,isocontour,11.283791670955125,32665.29,68.74,1.0,-20.8,0.988,2.7,-0.5,2.7,18.4,-3.6,1.107,8,3,0,0,3
86.6,25,isocontour,11.283791670955125,32077.14,67.5,-14.0,13.7,1.059,-2.2,-1.2,2.5,18.6,-3.7,1.098,8,3,0,0,3
86.6,Target,,,,,0.0,0.0,4.023,0.0,0.0,,,,,,,,,
86.7,1,isocontour,11.283791670955125,30188.97,63.53,18.6,9.0,0.994,-1.4,2.8,3.1,18.4,-3.6,1.107,8,5,0,0,5
86.7,2,isocontour,11.283791670955125,28891.02,60.8,8.9,18.8,0.987,0.2,1.6,1.6,18.4,-3.6,1.107,8,3,0,0,3
86.7,3,isocontour,11.283791670955125,30075.02,63.29,15.7,13.9,0.978,-1.9,1.5,2.4,18.4,-3.6,1.107,8,5,0,0,5
86.7,4,isocontour,11.283791670955125,34524.36,72.65,19.1,5.7,1.034,0.4,0.7,0.8,18.4,-3.6,1.107,8,7,0,0,7
86.7,5,isocontour,11.283791670955125,32070.82,67.49,19.1,6.5,1.021,1.5,-0.4,1.6,18.4,-3.6,1.107,8,7,0,0,7
86.7,6,isocontour,11.283791670955125,33920.43,71.38,18.4,-4.7,1.098,-1.0,-0.7,1.2,18.4,-3.6,1.107,8,6,0,0,6
86.7,7,isocontour,11.283791670955125,32105.42,67.56,-14.5,14.8,0.991,0.6,2.2,2.3,18.4,-3.9,1.104,8,3,0,0,3
86.7,8,isocontour,11.283791670955125,34291.21,72.16,18.4,-3.7,1.107,-0.5,-1.0,1.1,18.4,-3.7,1.107,8,6,0,0,6
86.7,9,isocontour,11.283791670955125,32166.31,67.69,20.7,2.7,0.982,2.4,-2.8,3.7,18.4,-3.6,1.107,8,6,0,0,6
86.7,10,isocontour,11.283791670955125,31959.73,67.26,16.3,-12.6,0.998,0.6,1.3,1.4,18.4,-3.6,1.107,8,4,0,0,4
86.7,11,isocontour,11.283791670955125,33641.98,70.8,-18.0,-8.0,1.05,-0.5,2.8,2.8,18.4,-3.9,1.104,8,3,0,0,3
86.7,12,isocontour,11.283791670955125,31990.4,67.32,-14.1,-15.1,0.996,0.4,2.8,2.8,18.4,-3.6,1.107,8,3,0,0,3
86.7,13,isocontour,11.283791670955125,30210.84,63.58,21.0,0.5,0.978,0.9,1.5,1.7,18.4,-3.6,1.107,8,6,0,0,6
86.7,14,isocontour,11.283791670955125,31935.85,67.21,8.9,-17.3,1.065,0.7,1.0,1.2,18.4,-3.6,1.107,8,3,0,0,3
86.7,15,isocontour,11.283791670955125,29650.85,62.4,0.7,20.9,0.98,3.0,0.8,3.1,18.4,-3.6,1.107,8,3,0,0,3
86.7,16,isocontour,11.283791670955125,46494.79,97.84,-24.4,22.0,0.514,-0.3,-0.9,0.9,-24.4,22.0,0.514,16,0,0,0,0
86.7,17,isocontour,11.283791670955125,29347.06,61.76,8.3,17.7,1.059,0.4,1.4,1.5,18.4,-3.6,1.107,8,3,0,0,3
86.7,18,isocontour,11.283791670955125,35339.92,74.37,-7.7,19.3,0.989,-2.4,-1.4,2.8,18.4,-3.6,1.107,8,3,0,0,3
86.7,19,isocontour,11.283791670955125,31454.19,66.19,-20.7,-1.4,0.99,-0.2,-2.9,2.9,18.6,-3.7,1.098,8,3,0,0,3
86.7,20,isocontour,11.283791670955125,32416.39,68.22,10.0,-18.2,0.99,0.4,1.9,1.9,18.4,-3.6,1.107,8,3,0,0,3
86.7,21,isocontour,11.283791670955125,31785.56,66.89,-6.4,-17.7,1.105,2.5,-0.4,2.5,18.4,-3.6,1.107,8,2,0,0,2
86.7,22,isocontour,11.283791670955125,34493.38,72.59,-18.7,-9.1,0.987,-0.5,2.4,2.5,18.4,-3.9,1.104,8,3,0,0,3
86.7,23,isocontour,11.283791670955125,35174.98,74.02,-19.6,7.0,0.989,-1.2,1.0,1.6,18.6,-3.7,1.098,8,3,0,0,3
86.7,24,isocontour,11.283791670955125,32653.38,68.72,1.2,-20.7,0.992,1.8,1.1,2.1,18.4,-3.6,1.107,8,3,0,0,3
86.7,25,isocontour,11.283791670955125,32057.36,67.46,-14.2,13.6,1.054,-2.3,-0.9,2.5,18.4,-3.9,1.104,8,3,0,0,3
86.7,Target,,,,,0.0,0.0,4.023,0.0,0.0,,,,,,,,,
86.8,1,isocontour,11.283791670955125,30188.49,63.53,18.6,9.1,0.994,-0.3,0.6,0.7,18.4,-3.6,1.107,8,5,0,0,5
86.8,2,isocontour,11.283791670955125,28889.27,60.79,8.9,18.8,0.987,0.8,-0.7,1.1,18.4,-3.6,1.107,8,3,0,0,3
86.8,3,isocontour,11.283791670955125,30046.96,63.23,15.8,13.7,0.984,0.8,-2.7,2.8,18.4,-3.6,1.107,8,5,0,0,5
86.8,4,isocontour,11.283791670955125,34515.79,72.63,19.2,5.9,1.028,0.6,1.8,1.9,18.4,-3.6,1.107,8,7,0,0,7
86.8,5,isocontour,11.283791670955125,32070.21,67.49,19.1,6.6,1.021,-0.5,0.6,0.8,18.4,-3.6,1.107,8,7,0,0,7
86.8,6,isocontour,11.283791670955125,33920.01,71.38,18.3,-4.7,1.099,-0.3,-0.6,0.7,18.4,-3.6,1.107,8,6,0,0,6
86.8,7,isocontour,11.283791670955125,32096.58,67.54,-14.7,14.9,0.982,-1.8,0.6,1.9,18.4,-3.6,1.107,8,3,0,0,3
86.8,8,isocontour,11.283791670955125,34269.73,72.12,18.3,-3.9,1.112,-1.4,-2.2,2.6,18.3,-3.9,1.107,8,6,0,0,6
86.8,9,isocontour,11.283791670955125,32163.88,67.68,20.9,2.7,0.975,1.0,0.7,1.2,18.4,-3.6,1.107,8,6,0,0,6
86.8,10,isocontour,11.283791670955125,31942.01,67.22,16.4,-12.8,0.989,0.7,-2.3,2.4,18.4,-3.6,1.107,8,4,0,0,4
86.8,11,isocontour,11.283791670955125,33621.24,70.75,-18.0,-8.2,1.049,0.7,-2.4,2.5,18.4,-3.6,1.107,8,3,0,0,3
86.8,12,isocontour,11.283791670955125,31989.49,67.32,-14.1,-15.0,1.0,-0.2,0.9,0.9,18.4,-3.6,1.107,8,3,0,0,3
86.8,13,isocontour,11.283791670955125,30204.26,63.56,20.9,0.6,0.983,-1.4,0.9,1.7,18.4,-3.6,1.107,8,6,0,0,6
86.8,14,isocontour,11.283791670955125,31909.83,67.15,9.1,-17.2,1.064,2.5,1.0,2.7,18.4,-3.6,1.107,8,3,0,0,3
86.8,15,isocontour,11.283791670955125,29639.77,62.37,0.7,20.8,0.988,-0.8,-1.9,2.1,18.4,-3.6,1.107,8,3,0,0,3
86.8,16,isocontour,11.283791670955125,46493.69,97.84,-24.5,21.9,0.514,-0.5,-0.8,0.9,-24.5,21.9,0.514,16,0,0,0,0
86.8,17,isocontour,11.283791670955125,29342.67,61.75,8.2,17.9,1.052,-0.6,1.4,1.5,18.4,-3.6,1.107,8,3,0,0,3
86.8,18,isocontour,11.283791670955125,35338.03,74.36,-7.9,19.2,0.99,-1.1,-0.4,1.2,18.4,-3.6,1.107,8,3,0,0,3
86.8,19,isocontour,11.283791670955125,31453.45,66.19,-20.7,-1.4,0.989,-0.3,0.8,0.9,18.4,-3.9,1.104,8,3,0,0,3
86.8,20,isocontour,11.283791670955125,32398.67,68.18,10.2,-18.1,0.991,2.0,1.3,2.4,18.4,-3.6,1.107,8,3,0,0,3
86.8,21,isocontour,11.283791670955125,31784.36,66.89,-6.5,-17.6,1.107,-0.7,0.7,1.0,18.4,-3.6,1.107,8,2,0,0,2
86.8,22,isocontour,11.283791670955125,34474.07,72.55,-18.5,-9.1,0.997,2.4,-0.4,2.4,18.4,-3.6,1.107,8,3,0,0,3
86.8,23,isocontour,11.283791670955125,35088.05,73.84,-19.4,7.3,0.993,2.3,3.4,4.1,18.4,-3.9,1.104,8,3,0,0,3
86.8,24,isocontour,11.283791670955125,32651.9,68.71,1.3,-20.6,0.994,1.0,0.4,1.1,18.4,-3.6,1.107,8,3,0,0,3
86.8,25,isocontour,11.283791670955125,32029.01,67.4,-14.1,13.7,1.054,2.2,1.8,2.8,18.4,-3.6,1.107,8,3,0,0,3
86.8,Target,,,,,0.0,0.0,4.023,0.0,0.0,,,,,,,,,
86.9,1,isocontour,11.283791670955125,30167.26,63.48,18.5,9.3,0.991,-0.5,2.5,2.5,18.4,-3.6,1.107,8,5,0,0,5
86.9,2,isocontour,11.283791670955125,28888.2,60.79,8.9,18.8,0.988,-0.9,0.3,0.9,18.4,-3.6,1.107,8,3,0,0,3
86.9,3,isocontour,11.283791670955125,30043.89,63.22,15.8,13.5,0.99,-0.4,-1.2,1.3,18.4,-3.6,1.107,8,5,0,0,5
86.9,4,isocontour,11.283791670955125,34494.8,72.59,19.2,6.1,1.026,-0.5,2.5,2.5,18.3,-3.9,1.112,8,7,0,0,7
86.9,5,isocontour,11.283791670955125,32048.73,67.44,19.0,6.8,1.021,-0.7,2.4,2.5,18.3,-3.9,1.112,8,6,0,0,6
86.9,6,isocontour,11.283791670955125,33893.13,71.32,18.3,-4.5,1.102,0.2,2.8,2.8,18.3,-3.9,1.112,8,5,0,0,5
86.9,7,isocontour,11.283791670955125,32085.97,67.52,-14.8,14.8,0.98,-1.6,-1.3,2.1,18.4,-3.6,1.107,8,3,0,0,3
86.9,8,isocontour,11.283791670955125,34268.89,72.11,18.3,-3.9,1.112,0.3,0.8,0.9,18.3,-3.9,1.112,8,6,0,0,6
86.9,9,isocontour,11.283791670955125,32161.94,67.68,20.8,2.7,0.978,-1.0,0.5,1.1,18.3,-3.9,1.112,8,6,0,0,6
86.9,10,isocontour,11.283791670955125,31928.51,67.19,16.3,-13.0,0.988,-1.4,-1.7,2.2,18.3,-3.9,1.112,8,4,0,0,4
86.9,11,isocontour,11.283791670955125,33593.19,70.69,-17.8,-8.4,1.052,1.7,-2.2,2.8,18.4,-3.6,1.107,8,3,0,0,3
86.9,12,isocontour,11.283791670955125,31918.6,67.17,-13.9,-15.2,0.998,2.4,-2.9,3.8,18.4,-3.6,1.107,8,3,0,0,3
86.9,13,isocontour,11.283791670955125,30182.53,63.52,20.8,0.9,0.987,-0.6,2.5,2.6,18.3,-3.9,1.112,8,6,0,0,6
86.9,14,isocontour,11.283791670955125,31908.47,67.15,9.1,-17.2,1.066,-1.0,-0.0,1.0,18.4,-3.6,1.107,8,3,0,0,3
86.9,15,isocontour,11.283791670955125,29638.63,62.37,0.7,20.7,0.993,-0.7,-0.7,1.0,18.4,-3.6,1.107,8,3,0,0,3
86.9,16,isocontour,11.283791670955125,46492.59,97.84,-24.5,21.9,0.512,-0.8,0.5,0.9,-24.5,21.9,0.514,16,0,0,0,0
86.9,17,isocontour,11.283791670955125,29316.66,61.69,8.0,18.0,1.05,-2.3,1.4,2.7,18.4,-3.6,1.107,8,3,0,0,3
86.9,18,isocontour,11.283791670955125,35321.39,74.33,-8.1,19.1,0.99,-2.1,-1.0,2.3,18.4,-3.6,1.107,8,3,0,0,3
86.9,19,isocontour,11.283791670955125,31451.93,66.19,-20.7,-1.4,0.991,0.7,-0.8,1.1,18.4,-3.6,1.107,8,3,0,0,3
86.9,20,isocontour,11.283791670955125,32368.15,68.11,10.5,-18.0,0.988,2.8,0.8,2.9,18.4,-3.6,1.107,8,3,0,0,3
86.9,21,isocontour,11.283791670955125,31780.63,66.88,-6.5,-17.5,1.111,-0.9,1.1,1.4,-6.5,-17.5,1.107,21,2,0,0,2
86.9,22,isocontour,11.283791670955125,34472.97,72.54,-18.5,-9.0,0.999,-0.3,0.9,0.9,18.4,-3.6,1.107,8,3,0,0,3
86.9,23,isocontour,11.283791670955125,35087.26,73.84,-19.4,7.2,0.994,-0.2,-0.8,0.8,18.4,-3.6,1.107,8,3,0,0,3
86.9,24,isocontour,11.283791670955125,32646.49,68.7,1.2,-20.8,0.989,-0.9,-1.3,1.6,18.4,-3.6,1.107,8,3,0,0,3
86.9,25,isocontour,11.283791670955125,31998.49,67.34,-14.1,13.5,1.061,-0.9,-2.7,2.8,18.4,-3.6,1.107,8,3,0,0,3
86.9,Target,,,,,0.0,0.0,4.023,0.0,0.0,,,,,,,,,
87.0,1,isocontour,11.283791670955125,30146.52,63.44,18.5,9.6,0.986,-0.2,2.5,2.5,18.3,-3.9,1.112,8,5,0,0,5
87.0,2,isocontour,11.283791670955125,28871.98,60.76,8.7,18.8,0.995,-2.3,-0.5,2.4,18.4,-3.6,1.107,8,3,0,0,3
87.0,3,isocontour,11.283791670955125,30020.88,63.18,15.9,13.3,0.991,1.6,-2.0,2.6,18.3,-3.9,1.112,8,5,0,0,5
87.0,4,isocontour,11.283791670955125,34473.07,72.54,19.1,6.4,1.028,-1.3,2.2,2.6,18.3,-3.9,1.112,8,7,0,0,7
87.0,5,isocontour,11.283791670955125,32026.75,67.4,18.9,7.0,1.023,-1.2,2.3,2.6,18.3,-3.9,1.112,8,6,0,0,6
87.0,6,isocontour,11.283791670955125,33890.2,71.32,18.4,-4.4,1.1,0.7,1.1,1.3,18.3,-3.9,1.112,8,5,0,0,5
87.0,7,isocontour,11.283791670955125,32083.76,67.52,-14.9,14.7,0.983,-0.3,-1.2,1.2,18.4,-3.6,1.107,8,3,0,0,3
87.0,8,isocontour,11.283791670955125,34242.87,72.06,18.3,-3.7,1.112,0.6,2.7,2.8,18.3,-3.7,1.112,8,6,0,0,6
87.0,9,isocontour,11.283791670955125,32160.41,67.68,20.7,2.8,0.983,-1.0,0.4,1.1,18.3,-3.9,1.112,8,6,0,0,6
87.0,10,isocontour,11.283791670955125,31927.16,67.19,16.1,-13.0,0.992,-1.0,0.1,1.0,18.3,-3.9,1.112,8,4,0,0,4
87.0,11,isocontour,11.283791670955125,33591.44,70.69,-17.7,-8.5,1.054,0.8,-0.8,1.1,18.4,-3.6,1.107,8,3,0,0,3
87.0,12,isocontour,11.283791670955125,31856.72,67.04,-13.8,-15.6,0.987,0.6,-3.6,3.6,-6.5,-17.5,1.111,21,3,0,0,3
87.0,13,isocontour,11.283791670955125,30181.29,63.51,20.7,0.9,0.991,-0.8,0.6,1.0,18.3,-3.9,1.112,8,6,0,0,6
87.0,14,isocontour,11.283791670955125,31894.8,67.12,9.0,-17.4,1.06,-0.8,-2.0,2.2,18.3,-3.9,1.112,8,3,0,0,3
87.0,15,isocontour,11.283791670955125,29636.59,62.37,0.7,20.7,0.994,1.1,-0.2,1.1,18.4,-3.6,1.107,8,3,0,0,3
87.0,16,isocontour,11.283791670955125,46491.49,97.84,-24.6,21.9,0.511,-0.8,-0.5,0.9,-24.6,21.9,0.514,16,0,0,0,0
87.0,17,isocontour,11.283791670955125,29312.78,61.69,7.9,18.1,1.049,-1.3,0.6,1.4,18.4,-3.6,1.107,8,3,0,0,3
87.0,18,isocontour,11.283791670955125,35296.49,74.28,-7.9,19.2,0.992,2.6,0.7,2.7,18.4,-3.6,1.107,8,3,0,0,3
87.0,19,isocontour,11.283791670955125,31434.42,66.15,-20.8,-1.6,0.983,-1.8,-1.6,2.4,18.4,-3.6,1.107,8,3,0,0,3
87.0,20,isocontour,11.283791670955125,32365.72,68.11,10.5,-18.0,0.985,-0.7,-1.0,1.2,18.3,-3.9,1.112,8,3,0,0,3
87.0,21,isocontour,11.283791670955125,31777.7,66.87,-6.6,-17.4,1.115,-0.9,0.9,1.3,-6.6,-17.4,1.111,21,2,0,0,2
87.0,22,isocontour,11.283791670955125,34447.24,72.49,-18.7,-9.1,0.987,-2.5,-1.1,2.7,18.4,-3.6,1.107,8,3,0,0,3
87.0,23,isocontour,11.283791670955125,35080.21,73.82,-19.5,7.3,0.986,-1.6,0.8,1.8,18.4,-3.6,1.107,8,3,0,0,3
87.0,24,isocontour,11.283791670955125,32638.83,68.68,1.3,-20.7,0.992,1.5,1.0,1.8,-6.5,-17.5,1.111,21,3,0,0,3
87.0,25,isocontour,11.283791670955125,31984.82,67.31,-14.1,13.3,1.069,-0.2,-2.2,2.2,18.4,-3.6,1.107,8,3,0,0,3
87.0,Target,,,,,0.0,0.0,4.023,0.0,0.0,,,,,,,,,
87.1,1,isocontour,11.283791670955125,30143.84,63.43,18.5,9.5,0.989,-0.3,-1.2,1.2,18.3,-3.9,1.112,8,5,0,0,5
87.1,2,isocontour,11.283791670955125,28850.5,60.71,8.7,19.0,0.984,0.9,2.4,2.6,18.3,-3.9,1.112,8,3,0,0,3
87.1,3,isocontour,11.283791670955125,30015.95,63.16,16.0,13.2,0.994,0.5,-1.5,1.6,18.3,-3.9,1.112,8,5,0,0,5
87.1,4,isocontour,11.283791670955125,34450.84,72.5,18.9,6.6,1.031,-1.3,2.2,2.6,18.3,-3.9,1.112,8,7,0,0,7
87.1,5,isocontour,11.283791670955125,32023.68,67.39,18.8,7.0,1.03,-1.2,-0.5,1.3,18.3,-3.9,1.112,8,6,0,0,6
87.1,6,isocontour,11.283791670955125,33887.06,71.31,18.5,-4.3,1.097,0.8,1.1,1.4,18.3,-3.9,1.112,8,5,0,0,5
87.1,7,isocontour,11.283791670955125,32052.93,67.45,-14.6,14.7,0.991,2.9,0.5,2.9,18.4,-3.6,1.107,8,3,0,0,3
87.1,8,isocontour,11.283791670955125,34217.98,72.01,18.4,-3.4,1.112,0.5,2.6,2.6,18.4,-3.4,1.112,8,6,0,0,6
87.1,9,isocontour,11.283791670955125,32152.63,67.66,20.5,2.8,0.992,-1.8,0.5,1.9,18.3,-3.9,1.112,8,6,0,0,6
87.1,10,isocontour,11.283791670955125,31926.45,67.19,16.2,-13.0,0.989,0.7,-0.4,0.8,18.3,-3.9,1.112,8,4,0,0,4
87.1,11,isocontour,11.283791670955125,33588.3,70.68,-17.7,-8.6,1.051,-0.2,-1.3,1.3,-6.5,-17.5,1.111,21,3,0,0,3
87.1,12,isocontour,11.283791670955125,31856.33,67.04,-13.9,-15.6,0.984,-0.6,0.2,0.6,-6.6,-17.4,1.115,21,3,0,0,3
87.1,13,isocontour,11.283791670955125,30178.97,63.51,20.7,0.8,0.993,-0.2,-1.2,1.2,18.3,-3.9,1.112,8,6,0,0,6
87.1,14,isocontour,11.283791670955125,31884.5,67.1,9.1,-17.3,1.062,1.3,1.5,2.0,18.3,-3.9,1.112,8,3,0,0,3
87.1,15,isocontour,11.283791670955125,29619.08,62.33,0.7,20.9,0.983,-0.3,2.4,2.4,18.4,-3.6,1.107,8,3,0,0,3
87.1,16,isocontour,11.283791670955125,46490.39,97.83,-24.7,21.9,0.509,-0.7,0.6,0.9,-24.7,21.9,0.514,16,0,0,0,0
87.1,17,isocontour,11.283791670955125,29289.5,61.64,7.6,18.1,1.054,-2.6,0.1,2.6,18.3,-3.9,1.112,8,3,0,0,3
87.1,18,isocontour,11.283791670955125,35273.21,74.23,-8.0,19.1,0.994,-2.3,-1.3,2.6,18.4,-3.6,1.107,8,3,0,0,3
87.1,19,isocontour,11.283791670955125,31428.92,66.14,-20.7,-1.6,0.989,1.6,0.3,1.6,18.4,-3.6,1.107,8,3,0,0,3
87.1,20,isocontour,11.283791670955125,32363.82,68.11,10.4,-18.0,0.989,-1.0,0.5,1.1,18.3,-3.9,1.112,8,3,0,0,3
87.1,21,isocontour,11.283791670955125,31772.49,66.86,-6.6,-17.5,1.11,0.8,-1.4,1.6,-6.6,-17.5,1.115,21,2,0,0,2
87.1,22,isocontour,11.283791670955125,34442.95,72.48,-18.8,-9.2,0.98,-0.2,-1.5,1.5,-6.5,-17.5,1.111,21,3,0,0,3
87.1,23,isocontour,11.283791670955125,35079.15,73.82,-19.5,7.4,0.983,-0.0,0.9,0.9,18.4,-3.6,1.107,8,3,0,0,3
87.1,24,isocontour,11.283791670955125,32636.46,68.68,1.3,-20.6,0.996,-1.1,0.6,1.3,-6.6,-17.4,1.115,21,3,0,0,3
87.1,25,isocontour,11.283791670955125,31973.07,67.28,-14.0,13.3,1.076,2.0,0.5,2.1,18.4,-3.6,1.107,8,3,0,0,3
87.1,Target,,,,,0.0,0.0,4.023,0.0,0.0,,,,,,,,,
87.2,1,isocontour,11.283791670955125,30106.92,63.36,18.5,9.2,0.996,-0.0,-3.1,3.1,18.3,-3.9,1.112,8,5,0,0,5
87.2,2,isocontour,11.283791670955125,28814.99,60.64,9.0,18.9,0.984,2.6,-1.6,3.1,18.3,-3.9,1.112,8,3,0,0,3
87.2,3,isocontour,11.283791670955125,30007.65,63.15,15.8,13.2,0.998,-1.6,0.9,1.8,18.3,-3.9,1.112,8,5,0,0,5
87.2,4,isocontour,11.283791670955125,34441.43,72.48,18.8,6.5,1.039,-1.0,-1.7,2.0,18.3,-3.9,1.112,8,7,0,0,7
87.2,5,isocontour,11.283791670955125,32023.1,67.39,18.7,7.1,1.032,-0.5,0.6,0.8,18.3,-3.9,1.112,8,6,0,0,6
87.2,6,isocontour,11.283791670955125,33869.34,71.27,18.4,-4.0,1.102,-0.5,2.3,2.4,18.3,-3.9,1.112,8,6,0,0,6
87.2,7,isocontour,11.283791670955125,32034.54,67.41,-14.8,14.6,0.988,-2.3,-0.9,2.5,18.4,-3.6,1.107,8,3,0,0,3
87.2,8,isocontour,11.283791670955125,34192.24,71.95,18.5,-3.1,1.11,0.7,2.6,2.7,18.5,-3.1,1.112,8,6,0,0,6
87.2,9,isocontour,11.283791670955125,32151.75,67.66,20.5,2.9,0.995,-0.5,0.7,0.9,18.3,-3.9,1.112,8,6,0,0,6
87.2,10,isocontour,11.283791670955125,31923.38,67.18,16.1,-12.9,0.994,-0.6,1.2,1.3,18.3,-3.9,1.112,8,4,0,0,4
87.2,11,isocontour,11.283791670955125,33568.29,70.64,-17.7,-8.4,1.055,-0.2,2.5,2.5,-6.6,-17.4,1.115,21,3,0,0,3
87.2,12,isocontour,11.283791670955125,31853.95,67.03,-13.9,-15.5,0.986,-0.5,1.1,1.2,-6.6,-17.4,1.115,21,3,0,0,3
87.2,13,isocontour,11.283791670955125,30150.61,63.45,20.8,0.6,0.986,1.6,-2.3,2.8,18.3,-3.9,1.112,8,6,0,0,6
87.2,14,isocontour,11.283791670955125,31854.92,67.03,8.9,-17.3,1.068,-2.8,-0.3,2.8,-6.6,-17.4,1.115,21,3,0,0,3
87.2,15,isocontour,11.283791670955125,29592.78,62.27,0.5,20.9,0.98,-2.7,0.3,2.7,18.3,-3.9,1.112,8,3,0,0,3
87.2,16,isocontour,11.283791670955125,46489.29,97.83,-24.7,21.9,0.51,-0.2,-0.9,0.9,-24.7,21.9,0.514,16,0,0,0,0
87.2,17,isocontour,11.283791670955125,29287.35,61.63,7.6,18.0,1.058,0.7,-0.9,1.1,18.3,-3.9,1.112,8,3,0,0,3
87.2,18,isocontour,11.283791670955125,35225.73,74.13,-7.9,19.3,0.987,2.3,2.4,3.3,18.4,-3.6,1.107,8,3,0,0,3
87.2,19,isocontour,11.283791670955125,31425.85,66.13,-20.6,-1.7,0.994,0.9,-1.0,1.3,-6.5,-17.5,1.111,21,3,0,0,3
87.2,20,isocontour,11.283791670955125,32361.62,68.1,10.2,-18.0,0.992,-1.2,-0.2,1.2,-6.6,-17.4,1.115,21,3,0,0,3
87.2,21,isocontour,11.283791670955125,31747.59,66.81,-6.4,-17.6,1.11,2.6,-0.7,2.7,-6.6,-17.4,1.115,21,2,0,0,2
87.2,22,isocontour,11.283791670955125,34439.67,72.47,-18.8,-9.1,0.983,0.2,1.3,1.3,-6.6,-17.4,1.115,21,3,0,0,3
87.2,23,isocontour,11.283791670955125,35068.54,73.8,-19.4,7.5,0.988,1.7,1.1,2.0,18.4,-3.6,1.107,8,3,0,0,3
87.2,24,isocontour,11.283791670955125,32636.0,68.68,1.3,-20.7,0.993,0.4,-0.6,0.7,-6.6,-17.4,1.115,21,3,0,0,3
87.2,25,isocontour,11.283791670955125,31971.9,67.28,-13.9,13.4,1.076,0.5,0.8,0.9,18.4,-3.6,1.107,8,3,0,0,3
87.2,Target,,,,,0.0,0.0,4.023,0.0,0.0,,,,,,,,,
87.3,1,isocontour,11.283791670955125,30086.91,63.31,18.5,9.4,0.991,0.4,2.5,2.5,18.3,-3.9,1.112,8,5,0,0,5
87.3,2,isocontour,11.283791670955125,28782.21,60.57,9.2,18.6,0.99,1.9,-2.3,3.0,18.3,-3.9,1.112,8,3,0,0,3
87.3,3,isocontour,11.283791670955125,29954.44,63.04,15.6,13.4,1.0,-2.6,2.3,3.5,18.3,-3.9,1.112,8,5,0,0,5
87.3,4,isocontour,11.283791670955125,34438.36,72.47,18.7,6.5,1.044,-1.2,0.7,1.4,18.3,-3.9,1.112,8,7,0,0,7
87.3,5,isocontour,11.283791670955125,31917.14,67.17,18.7,7.4,1.029,-1.0,4.3,4.4,18.3,-3.9,1.112,8,7,0,0,7
87.3,6,isocontour,11.283791670955125,33834.18,71.2,18.4,-3.7,1.104,0.3,3.0,3.0,18.3,-3.9,1.112,8,6,0,0,6
87.3,7,isocontour,11.283791670955125,31936.36,67.21,-15.1,14.4,0.985,-3.3,-2.7,4.3,18.4,-3.6,1.107,8,3,0,0,3
87.3,8,isocontour,11.283791670955125,34167.07,71.9,18.6,-2.9,1.107,0.9,2.5,2.7,18.6,-2.9,1.112,8,6,0,0,6
87.3,9,isocontour,11.283791670955125,32086.26,67.52,20.7,2.8,0.981,3.3,-1.8,3.8,18.3,-3.9,1.112,8,6,0,0,6
87.3,10,isocontour,11.283791670955125,31900.88,67.13,16.3,-12.7,0.996,1.4,2.2,2.6,-6.6,-17.4,1.115,21,4,0,0,4
87.3,11,isocontour,11.283791670955125,33567.41,70.64,-17.8,-8.3,1.055,-0.4,0.8,0.9,-6.6,-17.4,1.115,21,3,0,0,3
87.3,12,isocontour,11.283791670955125,31828.5,66.98,-13.8,-15.3,0.998,0.8,2.6,2.7,-6.6,-17.4,1.115,21,3,0,0,3
87.3,13,isocontour,11.283791670955125,30144.48,63.44,20.9,0.7,0.98,0.8,1.5,1.7,18.3,-3.9,1.112,8,6,0,0,6
87.3,14,isocontour,11.283791670955125,31854.21,67.03,8.9,-17.2,1.071,0.5,0.7,0.9,-6.6,-17.4,1.115,21,3,0,0,3
87.3,15,isocontour,11.283791670955125,29579.47,62.25,0.4,20.8,0.99,-0.7,-2.1,2.2,18.3,-3.9,1.112,8,3,0,0,3
87.3,16,isocontour,11.283791670955125,46488.19,97.83,-24.8,21.9,0.508,-0.6,0.7,0.9,-24.8,21.9,0.514,16,0,0,0,0
87.3,17,isocontour,11.283791670955125,29284.54,61.63,7.7,17.9,1.063,0.7,-1.1,1.3,18.3,-3.9,1.112,8,3,0,0,3
87.3,18,isocontour,11.283791670955125,35224.49,74.13,-7.9,19.3,0.987,-0.8,-0.6,1.0,18.3,-3.9,1.112,8,3,0,0,3
87.3,19,isocontour,11.283791670955125,31425.28,66.13,-20.6,-1.6,0.996,0.2,0.7,0.7,-6.6,-17.4,1.115,21,3,0,0,3
87.3,20,isocontour,11.283791670955125,32361.03,68.1,10.3,-18.1,0.989,0.4,-0.7,0.8,-6.6,-17.4,1.115,21,3,0,0,3
87.3,21,isocontour,11.283791670955125,31747.09,66.81,-6.3,-17.7,1.11,0.6,-0.4,0.7,-6.6,-17.4,1.115,21,2,0,0,2
87.3,22,isocontour,11.283791670955125,34437.67,72.47,-18.8,-9.0,0.985,-0.2,1.1,1.1,-6.6,-17.4,1.115,21,3,0,0,3
87.3,23,isocontour,11.283791670955125,35043.09,73.74,-19.2,7.3,1.0,1.6,-2.2,2.7,-6.5,-17.5,1.111,21,3,0,0,3
87.3,24,isocontour,11.283791670955125,32510.88,68.42,0.9,-20.8,0.984,-4.2,-2.0,4.7,-6.6,-17.4,1.115,21,3,0,0,3
87.3,25,isocontour,11.283791670955125,31962.06,67.26,-13.9,13.5,1.068,-0.5,1.9,2.0,18.4,-3.6,1.107,8,3,0,0,3
87.3,Target,,,,,0.0,0.0,4.023,0.0,0.0,,,,,,,,,
87.4,1,isocontour,11.283791670955125,30080.22,63.3,18.6,9.5,0.981,1.5,0.9,1.7,18.3,-3.9,1.112,8,5,0,0,5
87.4,2,isocontour,11.283791670955125,28779.66,60.56,9.3,18.6,0.991,1.1,-0.5,1.2,18.3,-3.9,1.112,8,3,0,0,3
87.4,3,isocontour,11.283791670955125,29834.91,62.78,15.3,13.8,0.998,-2.6,3.8,4.6,18.3,-3.9,1.112,8,5,0,0,5
87.4,4,isocontour,11.283791670955125,34437.49,72.47,18.6,6.6,1.048,-0.7,0.5,0.9,18.3,-3.9,1.112,8,7,0,0,7
87.4,5,isocontour,11.283791670955125,31916.68,67.16,18.6,7.5,1.029,-0.4,0.6,0.7,18.3,-3.9,1.112,8,7,0,0,7
87.4,6,isocontour,11.283791670955125,33832.34,71.2,18.4,-3.8,1.107,-0.7,-0.9,1.1,-6.6,-17.4,1.115,21,6,0,0,6
87.4,7,isocontour,11.283791670955125,31906.78,67.14,-15.2,14.1,0.99,-0.9,-2.7,2.8,18.3,-3.9,1.112,8,3,0,0,3
87.4,8,isocontour,11.283791670955125,34132.95,71.83,18.5,-3.1,1.107,-0.4,-3.0,3.0,-6.6,-17.4,1.115,21,6,0,0,6
87.4,9,isocontour,11.283791670955125,32084.42,67.52,20.9,2.8,0.974,0.9,0.6,1.1,18.3,-3.9,1.112,8,6,0,0,6
87.4,10,isocontour,11.283791670955125,31878.39,67.08,16.4,-12.5,0.998,1.3,2.3,2.6,-6.6,-17.4,1.115,21,4,0,0,4
87.4,11,isocontour,11.283791670955125,33564.55,70.63,-17.7,-8.4,1.059,1.1,-0.7,1.3,-6.6,-17.4,1.115,21,3,0,0,3
87.4,12,isocontour,11.283791670955125,31826.12,66.97,-13.7,-15.3,1.002,1.1,-0.6,1.3,-6.6,-17.4,1.115,21,3,0,0,3
87.4,13,isocontour,11.283791670955125,30143.24,63.43,20.9,0.8,0.983,-0.8,0.6,1.0,18.3,-3.9,1.112,8,6,0,0,6
87.4,14,isocontour,11.283791670955125,31839.97,67.0,9.1,-17.2,1.068,2.2,0.4,2.2,-6.6,-17.4,1.115,21,3,0,0,3
87.4,15,isocontour,11.283791670955125,29543.62,62.17,0.6,20.7,0.994,3.0,-0.7,3.1,18.3,-3.9,1.112,8,3,0,0,3
87.4,16,isocontour,11.283791670955125,46487.1,97.83,-24.9,21.9,0.506,-0.9,0.1,0.9,-24.9,21.9,0.514,16,0,0,0,0
87.4,17,isocontour,11.283791670955125,29275.14,61.61,7.8,17.8,1.069,0.9,-1.7,1.9,18.3,-3.9,1.112,8,3,0,0,3
87.4,18,isocontour,11.283791670955125,35220.02,74.12,-7.8,19.2,0.993,1.3,-0.7,1.5,18.3,-3.9,1.112,8,3,0,0,3
87.4,19,isocontour,11.283791670955125,31422.08,66.12,-20.6,-1.7,0.993,-0.6,-1.2,1.3,-6.6,-17.4,1.115,21,3,0,0,3
87.4,20,isocontour,11.283791670955125,32332.07,68.04,10.5,-18.1,0.982,2.8,0.1,2.8,-6.6,-17.4,1.115,21,3,0,0,3
87.4,21,isocontour,11.283791670955125,31744.66,66.8,-6.3,-17.6,1.112,-1.0,0.7,1.2,-6.6,-17.4,1.115,21,2,0,0,2
87.4,22,isocontour,11.283791670955125,34425.77,72.44,-18.6,-9.0,0.994,2.1,-0.1,2.1,-6.6,-17.4,1.115,21,3,0,0,3
87.4,23,isocontour,11.283791670955125,35016.21,73.69,-19.2,7.5,0.999,0.5,2.7,2.7,-6.6,-17.4,1.115,21,3,0,0,3
87.4,24,isocontour,11.283791670955125,32492.49,68.38,1.1,-20.9,0.98,2.4,-0.4,2.4,-6.6,-17.4,1.115,21,3,0,0,3
87.4,25,isocontour,11.283791670955125,31948.2,67.23,-14.0,13.4,1.073,-0.3,-2.2,2.2,18.3,-3.9,1.112,8,3,0,0,3
87.4,Target,,,,,0.0,0.0,4.023,0.0,0.0,,,,,,,,,
87.5,1,isocontour,11.283791670955125,30061.6,63.26,18.5,9.7,0.982,-1.4,2.0,2.4,18.3,-3.9,1.112,8,5,0,0,5
87.5,2,isocontour,11.283791670955125,28758.68,60.52,9.4,18.7,0.979,1.5,2.0,2.5,18.3,-3.9,1.112,8,3,0,0,3
87.5,3,isocontour,11.283791670955125,29829.2,62.77,15.4,14.0,0.99,0.9,1.3,1.6,18.3,-3.9,1.112,8,5,0,0,5
87.5,4,isocontour,11.283791670955125,34416.99,72.43,18.6,6.8,1.047,-0.7,2.4,2.5,-6.6,-17.4,1.115,21,7,0,0,7
87.5,5,isocontour,11.283791670955125,31911.17,67.15,18.6,7.7,1.026,-0.1,1.6,1.6,-6.6,-17.4,1.115,21,6,0,0,6
87.5,6,isocontour,11.283791670955125,33796.13,71.12,18.3,-4.0,1.109,-0.9,-2.9,3.0,-6.6,-17.4,1.115,21,6,0,0,6
87.5,7,isocontour,11.283791670955125,31905.97,67.14,-15.3,14.1,0.987,-0.7,0.6,0.9,-6.6,-17.4,1.115,21,3,0,0,3
87.5,8,isocontour,11.283791670955125,34103.06,71.77,18.5,-3.4,1.105,-0.1,-2.9,2.9,-6.6,-17.4,1.115,21,6,0,0,6
87.5,9,isocontour,11.283791670955125,32064.16,67.48,20.8,3.0,0.978,-1.2,2.2,2.5,-6.6,-17.4,1.115,21,6,0,0,6
87.5,10,isocontour,11.283791670955125,31877.03,67.08,16.4,-12.4,1.0,0.4,0.9,1.0,-6.6,-17.4,1.115,21,4,0,0,4
87.5,11,isocontour,11.283791670955125,33562.7,70.63,-17.6,-8.5,1.059,0.3,-1.1,1.1,-6.6,-17.4,1.115,21,3,0,0,3
87.5,12,isocontour,11.283791670955125,31690.19,66.69,-13.6,-15.7,0.993,1.9,-4.4,4.8,-6.6,-17.4,1.115,21,3,0,0,3
87.5,13,isocontour,11.283791670955125,30140.68,63.43,20.8,0.8,0.989,-1.2,0.5,1.3,-6.6,-17.4,1.115,21,6,0,0,6
87.5,14,isocontour,11.283791670955125,31820.43,66.96,9.3,-17.1,1.066,2.3,1.0,2.5,-6.6,-17.4,1.115,21,3,0,0,3
87.5,15,isocontour,11.283791670955125,29534.21,62.15,0.8,20.8,0.987,1.0,1.7,2.0,18.3,-3.9,1.112,8,3,0,0,3
87.5,16,isocontour,11.283791670955125,46486.0,97.82,-24.9,22.0,0.504,0.2,0.9,0.9,-24.9,22.0,0.514,16,0,0,0,0
87.5,17,isocontour,11.283791670955125,29269.93,61.59,7.9,17.6,1.075,0.8,-1.4,1.6,18.3,-3.9,1.112,8,3,0,0,3
87.5,18,isocontour,11.283791670955125,35199.53,74.07,-8.0,19.2,0.989,-2.5,0.1,2.5,18.3,-3.9,1.112,8,3,0,0,3
87.5,19,isocontour,11.283791670955125,31395.78,66.07,-20.8,-1.6,0.982,-2.2,1.6,2.7,-6.6,-17.4,1.115,21,3,0,0,3
87.5,20,isocontour,11.283791670955125,32317.25,68.01,10.6,-17.9,0.988,0.6,2.2,2.3,-6.6,-17.4,1.115,21,3,0,0,3
87.5,21,isocontour,11.283791670955125,31742.51,66.8,-6.4,-17.5,1.113,-1.0,0.6,1.2,-6.6,-17.4,1.115,21,2,0,0,2
87.5,22,isocontour,11.283791670955125,34410.75,72.41,-18.7,-9.1,0.986,-1.6,-1.6,2.3,-6.6,-17.4,1.115,21,3,0,0,3
87.5,23,isocontour,11.283791670955125,35014.06,73.68,-19.3,7.5,0.996,-1.0,-0.7,1.2,-6.6,-17.4,1.115,21,3,0,0,3
87.5,24,isocontour,11.283791670955125,32491.42,68.37,1.2,-20.9,0.983,0.5,0.8,0.9,-6.6,-17.4,1.115,21,3,0,0,3
87.5,25,isocontour,11.283791670955125,31945.13,67.22,-14.0,13.2,1.078,-0.3,-1.3,1.3,-6.6,-17.4,1.115,21,3,0,0,3
87.5,Target,,,,,0.0,0.0,4.023,0.0,0.0,,,,,,,,,
87.6,1,isocontour,11.283791670955125,30025.39,63.18,18.4,9.5,0.992,-1.0,-2.9,3.1,-6.6,-17.4,1.115,21,5,0,0,5
87.6,2,isocontour,11.283791670955125,28749.13,60.5,9.3,18.7,0.985,-1.5,-1.2,1.9,18.3,-3.9,1.112,8,3,0,0,3
87.6,3,isocontour,11.283791670955125,29829.1,62.77,15.4,14.0,0.989,-0.3,0.3,0.4,-6.6,-17.4,1.115,21,5,0,0,5
87.6,4,isocontour,11.283791670955125,34415.38,72.42,18.5,6.9,1.049,-0.7,0.8,1.1,-6.6,-17.4,1.115,21,7,0,0,7
87.6,5,isocontour,11.283791670955125,31906.53,67.14,18.5,7.6,1.033,-1.0,-1.2,1.6,-6.6,-17.4,1.115,21,6,0,0,6
87.6,6,isocontour,11.283791670955125,33789.89,71.11,18.3,-4.2,1.106,0.3,-1.7,1.7,-6.6,-17.4,1.115,21,5,0,0,5
87.6,7,isocontour,11.283791670955125,31901.75,67.13,-15.4,14.0,0.987,-1.0,-1.1,1.5,-6.6,-17.4,1.115,21,3,0,0,3
87.6,8,isocontour,11.283791670955125,34069.61,71.7,18.5,-3.7,1.104,-0.4,-2.9,2.9,-6.6,-17.4,1.115,21,6,0,0,6
87.6,9,isocontour,11.283791670955125,32060.81,67.47,20.6,3.0,0.984,-1.3,0.2,1.3,-6.6,-17.4,1.115,21,6,0,0,6
87.6,10,isocontour,11.283791670955125,31855.8,67.04,16.6,-12.3,0.996,2.2,1.4,2.6,-6.6,-17.4,1.115,21,4,0,0,4
87.6,11,isocontour,11.283791670955125,33556.78,70.62,-17.5,-8.6,1.063,1.4,-0.9,1.7,-6.6,-17.4,1.115,21,3,0,0,3
87.6,12,isocontour,11.283791670955125,31682.66,66.67,-13.4,-15.8,0.99,1.2,-1.3,1.8,-6.6,-17.4,1.115,21,3,0,0,3
87.6,13,isocontour,11.283791670955125,30114.38,63.37,20.6,1.1,0.996,-1.4,2.4,2.8,-6.6,-17.4,1.115,21,6,0,0,6
87.6,14,isocontour,11.283791670955125,31819.53,66.96,9.4,-17.0,1.069,0.4,0.8,0.9,-6.6,-17.4,1.115,21,3,0,0,3
87.6,15,isocontour,11.283791670955125,29515.82,62.11,0.6,20.9,0.985,-2.4,0.2,2.4,18.3,-3.9,1.112,8,3,0,0,3
87.6,16,isocontour,11.283791670955125,46484.9,97.82,-24.8,22.1,0.503,0.3,0.9,0.9,-24.8,22.1,0.514,16,0,0,0,0
87.6,17,isocontour,11.283791670955125,29245.31,61.54,8.1,17.6,1.071,2.7,-0.2,2.7,18.3,-3.9,1.112,8,3,0,0,3
87.6,18,isocontour,11.283791670955125,35190.82,74.05,-8.1,19.0,0.995,-0.5,-1.8,1.9,-6.6,-17.4,1.115,21,3,0,0,3
87.6,19,isocontour,11.283791670955125,31296.21,65.86,-20.8,-1.2,0.984,0.3,4.3,4.3,-6.6,-17.4,1.115,21,3,0,0,3
87.6,20,isocontour,11.283791670955125,32294.76,67.96,10.8,-17.7,0.991,2.0,1.7,2.6,-6.6,-17.4,1.115,21,3,0,0,3
87.6,21,isocontour,11.283791670955125,31730.6,66.77,-6.6,-17.4,1.117,-1.7,1.3,2.1,-6.6,-17.4,1.115,21,2,0,0,2
87.6,22,isocontour,11.283791670955125,34361.56,72.31,-18.8,-9.5,0.976,-0.3,-3.4,3.4,-6.6,-17.4,1.115,21,3,0,0,3
87.6,23,isocontour,11.283791670955125,34996.33,73.65,-19.3,7.3,0.998,-0.3,-2.4,2.4,-6.6,-17.4,1.115,21,3,0,0,3
87.6,24,isocontour,11.283791670955125,32468.41,68.33,1.4,-20.8,0.988,2.4,1.0,2.6,-6.6,-17.4,1.115,21,3,0,0,3
87.6,25,isocontour,11.283791670955125,31932.36,67.2,-14.2,13.1,1.074,-2.0,-0.9,2.2,-6.6,-17.4,1.115,21,3,0,0,3
87.6,Target,,,,,0.0,0.0,4.023,0.0,0.0,,,,,,,,,
87.7,1,isocontour,11.283791670955125,30001.85,63.14,18.3,9.7,0.992,-0.8,2.5,2.6,-6.6,-17.4,1.115,21,5,0,0,5
87.7,2,isocontour,11.283791670955125,28720.77,60.44,9.2,18.4,1.0,-1.3,-2.5,2.8,-6.6,-17.4,1.115,21,3,0,0,3
87.7,3,isocontour,11.283791670955125,29827.49,62.77,15.4,13.9,0.992,0.1,-1.1,1.1,-6.6,-17.4,1.115,21,5,0,0,5
87.7,4,isocontour,11.283791670955125,34411.96,72.42,18.5,6.8,1.052,-0.0,-1.4,1.4,-6.6,-17.4,1.115,21,7,0,0,7
87.7,5,isocontour,11.283791670955125,31903.32,67.14,18.6,7.5,1.032,0.7,-1.1,1.3,-6.6,-17.4,1.115,21,5,0,0,5
87.7,6,isocontour,11.283791670955125,33757.11,71.04,18.4,-4.5,1.098,0.7,-2.9,3.0,-6.6,-17.4,1.115,21,5,0,0,5
87.7,7,isocontour,11.283791670955125,31899.66,67.13,-15.4,13.9,0.989,-0.2,-1.1,1.1,-6.6,-17.4,1.115,21,3,0,0,3
87.7,8,isocontour,11.283791670955125,34000.37,71.55,18.7,-3.5,1.091,2.8,2.5,3.8,-6.6,-17.4,1.115,21,6,0,0,6
87.7,9,isocontour,11.283791670955125,32037.01,67.42,20.5,3.2,0.992,-1.7,2.0,2.6,-6.6,-17.4,1.115,21,6,0,0,6
87.7,10,isocontour,11.283791670955125,31852.59,67.03,16.7,-12.3,0.989,0.6,-1.2,1.3,-6.6,-17.4,1.115,21,4,0,0,4
87.7,11,isocontour,11.283791670955125,33524.33,70.55,-17.4,-8.8,1.066,1.7,-2.4,2.9,-6.6,-17.4,1.115,21,3,0,0,3
87.7,12,isocontour,11.283791670955125,31682.4,66.67,-13.5,-15.8,0.989,-0.5,0.2,0.5,-6.6,-17.4,1.117,21,3,0,0,3
87.7,13,isocontour,11.283791670955125,30112.63,63.37,20.6,1.0,0.996,0.3,-1.1,1.1,-6.6,-17.4,1.115,21,6,0,0,6
87.7,14,isocontour,11.283791670955125,31798.54,66.92,9.6,-16.9,1.069,2.2,1.2,2.5,-6.6,-17.4,1.115,21,3,0,0,3
87.7,15,isocontour,11.283791670955125,29513.15,62.11,0.5,20.8,0.99,-0.7,-1.1,1.3,-6.6,-17.4,1.115,21,3,0,0,3
87.7,16,isocontour,11.283791670955125,46483.8,97.82,-24.9,22.2,0.501,-0.6,0.7,0.9,-24.9,22.2,0.514,16,0,0,0,0
87.7,17,isocontour,11.283791670955125,29243.95,61.54,8.2,17.5,1.072,0.8,-0.6,1.0,-6.6,-17.4,1.115,21,3,0,0,3
87.7,18,isocontour,11.283791670955125,35189.42,74.05,-8.0,18.9,1.001,0.8,-0.6,1.0,-6.6,-17.4,1.115,21,3,0,0,3
87.7,19,isocontour,11.283791670955125,31295.39,65.86,-20.8,-1.1,0.987,0.5,0.7,0.9,-6.6,-17.4,1.115,21,3,0,0,3
87.7,20,isocontour,11.283791670955125,32292.86,67.96,10.7,-17.7,0.992,-1.0,-0.6,1.2,-6.6,-17.4,1.115,21,3,0,0,3
87.7,21,isocontour,11.283791670955125,31726.22,66.76,-6.7,-17.5,1.11,-1.0,-1.2,1.6,-6.7,-17.5,1.117,21,2,0,0,2
87.7,22,isocontour,11.283791670955125,34356.63,72.3,-18.7,-9.5,0.981,1.5,0.3,1.5,-6.6,-17.4,1.115,21,3,0,0,3
87.7,23,isocontour,11.283791670955125,34991.51,73.64,-19.4,7.2,0.994,-1.3,-0.8,1.5,-6.6,-17.4,1.115,21,3,0,0,3
87.7,24,isocontour,11.283791670955125,32467.09,68.32,1.5,-20.7,0.993,0.6,0.8,1.0,-6.6,-17.4,1.117,21,3,0,0,3
87.7,25,isocontour,11.283791670955125,31906.62,67.14,-14.3,12.9,1.079,-0.8,-2.6,2.7,-6.6,-17.4,1.115,21,3,0,0,3
87.7,Target,,,,,0.0,0.0,4.023,0.0,0.0,,,,,,,,,
87.8,1,isocontour,11.283791670955125,29979.1,63.09,18.3,9.9,0.987,-0.4,2.6,2.6,-6.6,-17.4,1.115,21,5,0,0,5
87.8,2,isocontour,11.283791670955125,28719.25,60.44,9.1,18.4,1.003,-1.0,0.2,1.0,-6.6,-17.4,1.115,21,3,0,0,3
87.8,3,isocontour,11.283791670955125,29808.87,62.73,15.6,13.9,0.983,2.4,0.3,2.4,-6.6,-17.4,1.115,21,5,0,0,5
87.8,4,isocontour,11.283791670955125,34379.84,72.35,18.6,6.5,1.05,1.5,-2.5,2.9,-6.6,-17.4,1.115,21,7,0,0,7
87.8,5,isocontour,11.283791670955125,31875.26,67.08,18.6,7.2,1.038,-0.2,-2.8,2.8,-6.6,-17.4,1.115,21,6,0,0,6
87.8,6,isocontour,11.283791670955125,33756.26,71.04,18.4,-4.5,1.095,0.6,0.6,0.8,-6.6,-17.4,1.115,21,4,0,0,4
87.8,7,isocontour,11.283791670955125,31870.69,67.07,-15.2,14.0,0.996,2.6,1.1,2.8,-6.6,-17.4,1.115,21,3,0,0,3
87.8,8,isocontour,11.283791670955125,33999.87,71.55,18.8,-3.4,1.089,0.2,0.7,0.7,-6.6,-17.4,1.115,21,6,0,0,6
87.8,9,isocontour,11.283791670955125,32033.58,67.41,20.5,3.2,0.99,0.9,-1.0,1.3,-6.6,-17.4,1.115,21,6,0,0,6
87.8,10,isocontour,11.283791670955125,31840.68,67.0,16.8,-12.5,0.98,0.8,-1.9,2.1,-6.6,-17.4,1.115,21,4,0,0,4
87.8,11,isocontour,11.283791670955125,33490.55,70.48,-17.2,-9.1,1.064,1.0,-2.8,3.0,-6.6,-17.4,1.117,21,3,0,0,3
87.8,12,isocontour,11.283791670955125,31679.2,66.66,-13.5,-15.7,0.992,-0.5,1.3,1.4,-6.6,-17.4,1.117,21,3,0,0,3
87.8,13,isocontour,11.283791670955125,30005.22,63.14,20.8,0.6,0.989,1.7,-4.1,4.4,-6.6,-17.4,1.115,21,6,0,0,6
87.8,14,isocontour,11.283791670955125,31763.73,66.84,9.4,-17.0,1.067,-2.5,-1.7,3.0,-6.6,-17.4,1.117,21,3,0,0,3
87.8,15,isocontour,11.283791670955125,29481.67,62.04,0.7,20.7,0.994,2.8,-0.7,2.9,-6.6,-17.4,1.115,21,3,0,0,3
87.8,16,isocontour,11.283791670955125,46482.7,97.82,-25.0,22.3,0.498,-0.7,0.6,0.9,-25.0,22.3,0.514,16,0,0,0,0
87.8,17,isocontour,11.283791670955125,29233.49,61.52,8.3,17.7,1.061,0.8,1.8,2.0,-6.6,-17.4,1.115,21,3,0,0,3
87.8,18,isocontour,11.283791670955125,35187.9,74.05,-7.9,18.9,1.006,0.8,-0.7,1.1,-6.6,-17.4,1.115,21,3,0,0,3
87.8,19,isocontour,11.283791670955125,31294.39,65.86,-20.7,-1.0,0.99,0.6,0.7,0.9,-6.6,-17.4,1.115,21,3,0,0,3
87.8,20,isocontour,11.283791670955125,32269.58,67.91,10.9,-17.9,0.98,1.8,-1.9,2.6,-6.6,-17.4,1.117,21,3,0,0,3
87.8,21,isocontour,11.283791670955125,31715.61,66.74,-6.6,-17.7,1.103,1.3,-1.5,2.0,-6.6,-17.4,1.117,21,2,0,0,2
87.8,22,isocontour,11.283791670955125,34330.05,72.24,-18.4,-9.4,0.995,2.4,1.3,2.7,-6.6,-17.4,1.117,21,3,0,0,3
87.8,23,isocontour,11.283791670955125,34988.77,73.63,-19.5,7.2,0.988,-1.3,-0.2,1.3,-6.6,-17.4,1.115,21,3,0,0,3
87.8,24,isocontour,11.283791670955125,32430.88,68.25,1.2,-20.7,0.991,-3.0,-0.6,3.1,-6.6,-17.4,1.117,21,3,0,0,3
87.8,25,isocontour,11.283791670955125,31904.83,67.14,-14.2,12.9,1.084,1.1,0.1,1.1,-6.6,-17.4,1.115,21,3,0,0,3
87.8,Target,,,,,0.0,0.0,4.023,0.0,0.0,,,,,,,,,
87.9,1,isocontour,11.283791670955125,29976.95,63.08,18.4,9.9,0.982,1.2,-0.2,1.2,-6.6,-17.4,1.115,21,5,0,0,5
87.9,2,isocontour,11.283791670955125,28717.35,60.43,9.2,18.4,1.001,1.1,0.1,1.1,-6.6,-17.4,1.115,21,3,0,0,3
87.9,3,isocontour,11.283791670955125,29779.3,62.67,15.4,14.1,0.983,-2.2,1.9,2.9,-6.6,-17.4,1.115,21,5,0,0,5
87.9,4,isocontour,11.283791670955125,34352.67,72.29,18.7,6.3,1.046,1.4,-2.4,2.8,-6.6,-17.4,1.115,21,7,0,0,7
87.9,5,isocontour,11.283791670955125,31870.15,67.07,18.7,7.1,1.036,1.2,-1.1,1.6,-6.6,-17.4,1.115,21,6,0,0,6
87.9,6,isocontour,11.283791670955125,33755.42,71.03,18.5,-4.4,1.092,0.5,0.7,0.9,-6.6,-17.4,1.115,21,5,0,0,5
87.9,7,isocontour,11.283791670955125,31854.47,67.03,-15.4,13.9,0.991,-2.2,-0.7,2.3,-6.6,-17.4,1.115,21,3,0,0,3
87.9,8,isocontour,11.283791670955125,33993.62,71.54,18.7,-3.3,1.094,-0.7,1.5,1.7,-6.6,-17.4,1.115,21,6,0,0,6
87.9,9,isocontour,11.283791670955125,32030.97,67.41,20.5,3.2,0.989,-0.2,1.2,1.2,-6.6,-17.4,1.115,21,6,0,0,6
87.9,10,isocontour,11.283791670955125,31819.7,66.96,16.6,-12.6,0.988,-2.5,0.1,2.5,-6.6,-17.4,1.117,21,4,0,0,4
87.9,11,isocontour,11.283791670955125,33489.45,70.47,-17.3,-9.2,1.059,-0.7,-0.6,0.9,-6.6,-17.4,1.117,21,3,0,0,3
87.9,12,isocontour,11.283791670955125,31672.04,66.65,-13.4,-15.8,0.995,1.7,-0.6,1.8,-6.6,-17.4,1.117,21,3,0,0,3
87.9,13,isocontour,11.283791670955125,30000.02,63.13,20.8,0.7,0.985,0.6,1.5,1.6,-6.6,-17.4,1.115,21,6,0,0,6
87.9,14,isocontour,11.283791670955125,31726.09,66.76,9.1,-17.1,1.069,-2.8,-1.2,3.0,-6.6,-17.4,1.117,21,3,0,0,3
87.9,15,isocontour,11.283791670955125,29471.38,62.02,0.9,20.8,0.986,1.1,1.7,2.0,-6.6,-17.4,1.115,21,3,0,0,3
87.9,16,isocontour,11.283791670955125,46481.6,97.81,-24.9,22.2,0.5,0.6,-0.7,0.9,-24.9,22.2,0.514,16,0,0,0,0
87.9,17,isocontour,11.283791670955125,29229.03,61.51,8.3,17.8,1.055,-0.7,1.4,1.6,-6.6,-17.4,1.115,21,3,0,0,3
87.9,18,isocontour,11.283791670955125,35180.37,74.03,-8.1,18.9,1.0,-1.6,0.9,1.8,-6.6,-17.4,1.115,21,3,0,0,3
87.9,19,isocontour,11.283791670955125,31273.16,65.81,-20.8,-0.8,0.99,-0.3,2.5,2.5,-6.6,-17.4,1.117,21,3,0,0,3
87.9,20,isocontour,11.283791670955125,32238.75,67.84,10.7,-18.1,0.975,-2.1,-1.9,2.8,-6.6,-17.4,1.117,21,3,0,0,3
87.9,21,isocontour,11.283791670955125,31715.18,66.74,-6.6,-17.7,1.099,0.1,-0.7,0.7,-6.6,-17.4,1.117,21,2,0,0,2
87.9,22,isocontour,11.283791670955125,34315.81,72.21,-18.5,-9.2,0.993,-1.8,1.3,2.2,-6.6,-17.4,1.117,21,3,0,0,3
87.9,23,isocontour,11.283791670955125,34988.34,73.63,-19.6,7.1,0.987,-0.2,-0.7,0.7,-6.6,-17.4,1.115,21,3,0,0,3
87.9,24,isocontour,11.283791670955125,32430.17,68.25,1.2,-20.8,0.988,0.6,-0.6,0.8,-6.6,-17.4,1.117,21,3,0,0,3
87.9,25,isocontour,11.283791670955125,31904.32,67.14,-14.1,12.9,1.083,0.3,0.6,0.7,-6.6,-17.4,1.115,21,3,0,0,3
87.9,Target,,,,,0.0,0.0,4.023,0.0,0.0,,,,,,,,,
88.0,1,isocontour,11.283791670955125,29974.51,63.08,18.4,9.8,0.985,-0.2,-1.2,1.2,18.4,9.8,0.982,1,5,0,0,5
88.0,2,isocontour,11.283791670955125,28706.43,60.41,9.0,18.5,1.0,-1.8,1.0,2.1,9.0,18.5,1.001,2,3,0,0,3
88.0,3,isocontour,11.283791670955125,29751.24,62.61,15.2,14.2,0.99,-2.7,0.7,2.8,15.2,14.2,0.983,3,5,0,0,5
88.0,4,isocontour,11.283791670955125,34342.06,72.27,18.9,6.4,1.037,1.5,1.3,2.0,18.9,6.4,1.046,4,7,0,0,7
88.0,5,isocontour,11.283791670955125,31839.0,67.0,18.7,6.9,1.037,0.5,-2.9,2.9,18.7,6.9,1.036,5,6,0,0,6
88.0,6,isocontour,11.283791670955125,33729.4,70.98,18.5,-4.2,1.094,0.2,2.7,2.7,18.5,-4.2,1.092,6,5,0,0,5
88.0,7,isocontour,11.283791670955125,31827.59,66.98,-15.6,14.0,0.978,-2.6,1.0,2.8,-15.6,14.0,0.991,7,3,0,0,3
88.0,8,isocontour,11.283791670955125,33974.32,71.49,18.7,-3.0,1.098,-0.3,2.5,2.5,18.7,-3.0,1.094,8,6,0,0,6
88.0,9,isocontour,11.283791670955125,32018.72,67.38,20.4,3.2,0.998,-1.9,-0.8,2.1,20.4,3.2,0.989,9,6,0,0,6
88.0,10,isocontour,11.283791670955125,31794.53,66.91,16.5,-12.3,1.0,-0.7,2.6,2.7,16.5,-12.3,0.988,10,4,0,0,4
88.0,11,isocontour,11.283791670955125,33470.6,70.43,-17.1,-9.3,1.063,1.9,-1.5,2.4,-17.1,-9.3,1.059,11,3,0,0,3
88.0,12,isocontour,11.283791670955125,31581.23,66.46,-13.1,-16.1,0.991,2.6,-3.2,4.1,-13.1,-16.1,0.995,12,3,0,0,3
88.0,13,isocontour,11.283791670955125,29997.02,63.13,20.8,0.8,0.989,-1.2,0.6,1.3,20.8,0.8,0.985,13,6,0,0,6
88.0,14,isocontour,11.283791670955125,31710.88,66.73,9.2,-17.0,1.07,1.9,1.3,2.3,9.2,-17.0,1.069,14,3,0,0,3
88.0,15,isocontour,11.283791670955125,29448.88,61.97,0.6,20.8,0.985,-2.6,0.1,2.6,0.6,20.8,0.986,15,3,0,0,3
88.0,16,isocontour,11.283791670955125,46480.5,97.81,-25.0,22.1,0.5,-0.6,-0.7,0.9,-25.0,22.1,0.5,16,0,0,0,0
88.0,17,isocontour,11.283791670955125,29214.4,61.48,8.4,18.0,1.043,1.3,1.9,2.3,8.4,18.0,1.055,17,3,0,0,3
88.0,18,isocontour,11.283791670955125,35158.64,73.99,-7.9,19.1,0.996,2.0,1.6,2.6,-7.9,19.1,1.0,18,3,0,0,3
88.0,19,isocontour,11.283791670955125,31151.26,65.55,-20.8,-1.1,0.987,-0.3,-4.6,4.6,-20.8,-1.1,0.99,19,3,0,0,3
88.0,20,isocontour,11.283791670955125,32234.37,67.83,10.6,-18.0,0.981,-0.8,1.3,1.5,10.6,-18.0,0.975,20,3,0,0,3
88.0,21,isocontour,11.283791670955125,31713.08,66.74,-6.7,-17.7,1.099,-1.0,0.6,1.2,-6.7,-17.7,1.099,21,2,0,0,2
88.0,22,isocontour,11.283791670955125,34288.64,72.16,-18.7,-9.0,0.99,-1.5,2.3,2.7,-18.7,-9.0,0.993,22,3,0,0,3
88.0,23,isocontour,11.283791670955125,34984.69,73.62,-19.5,7.0,0.994,1.3,-0.5,1.4,-19.5,7.0,0.987,23,3,0,0,3
88.0,24,isocontour,11.283791670955125,32423.13,68.23,1.3,-20.7,0.993,1.3,1.2,1.8,1.3,-20.7,0.988,24,3,0,0,3
88.0,25,isocontour,11.283791670955125,31902.22,67.13,-14.0,13.0,1.087,1.2,0.2,1.2,-14.0,13.0,1.083,25,3,0,0,3
88.0,Target,,,,,0.0,0.0,4.023,0.0,0.0,,,,,,,,,
88.1,1,isocontour,11.283791670955125,29952.27,63.03,18.5,9.6,0.984,1.4,-2.2,2.6,18.9,6.4,1.046,4,5,0,0,5
88.1,2,isocontour,11.283791670955125,28678.67,60.35,8.9,18.7,0.993,-1.6,2.3,2.8,8.4,18.0,1.055,17,3,0,0,3
88.1,3,isocontour,11.283791670955125,29750.67,62.61,15.1,14.1,0.992,0.4,-0.6,0.7,8.4,18.0,1.055,17,5,0,0,5
88.1,4,isocontour,11.283791670955125,34208.67,71.99,19.0,6.0,1.037,1.1,-4.6,4.7,18.7,-3.0,1.098,8,7,0,0,7
88.1,5,isocontour,11.283791670955125,31836.79,67.0,18.7,6.7,1.04,0.0,-1.2,1.2,18.7,-3.0,1.098,8,7,0,0,7
88.1,6,isocontour,11.283791670955125,33708.42,70.94,18.5,-4.3,1.095,-0.6,-2.5,2.6,18.7,-3.0,1.098,8,6,0,0,6
88.1,7,isocontour,11.283791670955125,31790.67,66.9,-15.5,14.3,0.973,1.4,2.7,3.0,-14.0,13.0,1.087,25,3,0,0,3
88.1,8,isocontour,11.283791670955125,33943.17,71.43,18.6,-3.2,1.101,-0.9,-2.8,2.9,18.6,-3.2,1.098,8,6,0,0,6
88.1,9,isocontour,11.283791670955125,32018.33,67.38,20.3,3.2,0.999,0.0,0.7,0.7,18.7,-3.0,1.098,8,6,0,0,6
88.1,10,isocontour,11.283791670955125,31794.14,66.91,16.5,-12.4,1.0,-0.0,-0.7,0.7,18.7,-3.0,1.098,8,4,0,0,4
88.1,11,isocontour,11.283791670955125,33468.56,70.43,-17.1,-9.4,1.064,0.5,-1.0,1.1,-17.1,-9.4,1.063,11,3,0,0,3
88.1,12,isocontour,11.283791670955125,31580.2,66.46,-13.2,-16.1,0.989,-0.9,0.2,0.9,-6.7,-17.7,1.099,21,3,0,0,3
88.1,13,isocontour,11.283791670955125,29996.2,63.12,20.7,0.8,0.993,-0.5,0.6,0.8,18.7,-3.0,1.098,8,6,0,0,6
88.1,14,isocontour,11.283791670955125,31704.19,66.72,9.3,-16.9,1.076,0.7,1.6,1.7,9.3,-16.9,1.07,14,3,0,0,3
88.1,15,isocontour,11.283791670955125,29411.6,61.89,0.9,20.8,0.987,3.0,-0.6,3.1,8.4,18.0,1.055,17,3,0,0,3
88.1,16,isocontour,11.283791670955125,46479.4,97.81,-25.1,22.1,0.499,-0.9,0.1,0.9,-25.1,22.1,0.5,16,0,0,0,0
88.1,17,isocontour,11.283791670955125,29192.67,61.43,8.5,18.2,1.028,1.4,2.2,2.6,8.5,18.2,1.055,17,3,0,0,3
88.1,18,isocontour,11.283791670955125,35158.2,73.99,-7.8,19.1,0.996,0.7,0.1,0.7,-14.0,13.0,1.087,25,3,0,0,3
88.1,19,isocontour,11.283791670955125,31146.05,65.54,-20.7,-1.2,0.994,1.6,0.1,1.6,-17.1,-9.3,1.063,11,3,0,0,3
88.1,20,isocontour,11.283791670955125,32228.66,67.82,10.7,-18.0,0.981,1.5,0.6,1.6,9.2,-17.0,1.07,14,3,0,0,3
88.1,21,isocontour,11.283791670955125,31687.91,66.68,-6.5,-17.8,1.099,2.5,-1.1,2.7,-6.5,-17.8,1.099,21,2,0,0,2
88.1,22,isocontour,11.283791670955125,34271.78,72.12,-18.8,-9.2,0.98,-1.2,-2.0,2.3,-17.1,-9.3,1.063,11,3,0,0,3
88.1,23,isocontour,11.283791670955125,34984.01,73.62,-19.4,7.0,0.998,0.4,-0.7,0.8,-14.0,13.0,1.087,25,3,0,0,3
88.1,24,isocontour,11.283791670955125,32420.81,68.23,1.2,-20.6,0.994,-1.2,0.0,1.2,-6.7,-17.7,1.099,21,3,0,0,3
88.1,25,isocontour,11.283791670955125,31874.76,67.08,-13.9,13.1,1.087,1.8,2.1,2.8,-13.9,13.1,1.087,25,3,0,0,3
88.1,Target,,,,,0.0,0.0,4.023,0.0,0.0,,,,,,,,,
88.2,1,isocontour,11.283791670955125,29935.2,62.99,18.7,9.4,0.982,1.4,-1.9,2.4,18.7,-3.0,1.098,8,5,0,0,5
88.2,2,isocontour,11.283791670955125,28643.86,60.28,8.7,19.0,0.985,-1.6,2.5,3.0,8.4,18.0,1.055,17,3,0,0,3
88.2,3,isocontour,11.283791670955125,29690.3,62.48,15.4,14.0,0.989,2.9,-2.1,3.6,18.7,-3.0,1.098,8,5,0,0,5
88.2,4,isocontour,11.283791670955125,34173.17,71.91,19.1,5.7,1.038,0.7,-3.0,3.1,18.6,-3.2,1.101,8,7,0,0,7
88.2,5,isocontour,11.283791670955125,31800.59,66.92,18.8,6.4,1.042,0.7,-3.0,3.1,18.6,-3.2,1.101,8,7,0,0,7
88.2,6,isocontour,11.283791670955125,33687.19,70.89,18.4,-4.6,1.095,-0.6,-2.5,2.6,18.6,-3.2,1.101,8,6,0,0,6
88.2,7,isocontour,11.283791670955125,31788.57,66.9,-15.5,14.2,0.975,-0.1,-1.2,1.2,-14.0,13.0,1.087,25,3,0,0,3
88.2,8,isocontour,11.283791670955125,33912.34,71.36,18.5,-3.5,1.104,-0.9,-2.7,2.8,18.5,-3.5,1.101,8,6,0,0,6
88.2,9,isocontour,11.283791670955125,32009.63,67.36,20.5,3.3,0.991,1.7,0.9,1.9,18.6,-3.2,1.101,8,6,0,0,6
88.2,10,isocontour,11.283791670955125,31775.52,66.87,16.4,-12.6,0.995,-0.5,-2.4,2.5,18.6,-3.2,1.101,8,4,0,0,4
88.2,11,isocontour,11.283791670955125,33448.06,70.39,-17.2,-9.2,1.064,-1.2,2.2,2.5,-6.7,-17.7,1.099,21,3,0,0,3
88.2,12,isocontour,11.283791670955125,31578.31,66.45,-13.3,-16.0,0.987,-1.0,0.5,1.1,-6.7,-17.7,1.099,21,3,0,0,3
88.2,13,isocontour,11.283791670955125,29994.05,63.12,20.7,0.8,0.993,0.2,-1.2,1.2,18.6,-3.2,1.101,8,6,0,0,6
88.2,14,isocontour,11.283791670955125,31680.91,66.67,9.5,-16.7,1.08,2.0,1.7,2.6,-6.7,-17.7,1.099,21,3,0,0,3
88.2,15,isocontour,11.283791670955125,29406.29,61.88,0.9,20.7,0.995,-0.4,-1.5,1.6,-14.0,13.0,1.087,25,3,0,0,3
88.2,16,isocontour,11.283791670955125,46469.1,97.79,-24.9,22.2,0.5,1.8,0.9,2.0,-24.9,22.2,0.5,16,0,0,0,0
88.2,17,isocontour,11.283791670955125,29188.79,61.42,8.6,18.1,1.031,0.5,-1.4,1.5,8.4,18.0,1.055,17,3,0,0,3
88.2,18,isocontour,11.283791670955125,35155.82,73.98,-7.9,19.0,0.999,-0.7,-1.0,1.2,-14.0,13.0,1.087,25,3,0,0,3
88.2,19,isocontour,11.283791670955125,31145.23,65.54,-20.6,-1.3,0.995,-0.1,-0.8,0.8,-14.0,13.0,1.087,25,3,0,0,3
88.2,20,isocontour,11.283791670955125,32220.36,67.8,10.8,-17.8,0.988,0.3,1.8,1.8,-6.7,-17.7,1.099,21,3,0,0,3
88.2,21,isocontour,11.283791670955125,31663.29,66.63,-6.2,-17.9,1.095,2.2,-1.5,2.7,-6.2,-17.9,1.099,21,2,0,0,2
88.2,22,isocontour,11.283791670955125,34267.57,72.11,-18.9,-9.1,0.981,-0.1,1.5,1.5,-6.7,-17.7,1.099,21,3,0,0,3
88.2,23,isocontour,11.283791670955125,34968.8,73.59,-19.6,7.0,0.987,-2.0,1.0,2.2,-14.0,13.0,1.087,25,3,0,0,3
88.2,24,isocontour,11.283791670955125,32408.9,68.2,1.4,-20.6,0.995,2.1,0.2,2.1,-6.7,-17.7,1.099,21,3,0,0,3
88.2,25,isocontour,11.283791670955125,31854.27,67.03,-14.0,13.1,1.083,-2.2,-1.3,2.6,-14.0,13.0,1.087,25,3,0,0,3
88.2,Target,,,,,0.0,0.0,4.023,0.0,0.0,,,,,,,,,
88.3,1,isocontour,11.283791670955125,29932.34,62.99,18.7,9.3,0.986,-0.1,-1.3,1.3,18.6,-3.2,1.101,8,5,0,0,5
88.3,2,isocontour,11.283791670955125,28635.69,60.26,8.5,19.0,0.985,-1.8,0.5,1.9,18.7,-3.0,1.098,8,3,0,0,3
88.3,3,isocontour,11.283791670955125,29628.42,62.35,15.6,13.7,0.989,2.3,-2.8,3.6,18.6,-3.2,1.101,8,5,0,0,5
88.3,4,isocontour,11.283791670955125,34155.45,71.88,19.3,5.5,1.03,2.1,-1.2,2.4,18.5,-3.5,1.104,8,7,0,0,7
88.3,5,isocontour,11.283791670955125,31796.21,66.91,18.8,6.3,1.044,0.0,-1.5,1.5,18.5,-3.5,1.104,8,7,0,0,7
88.3,6,isocontour,11.283791670955125,33649.91,70.81,18.5,-4.4,1.095,0.6,3.0,3.1,18.5,-3.5,1.104,8,6,0,0,6
88.3,7,isocontour,11.283791670955125,31761.98,66.84,-15.3,14.3,0.978,2.2,1.7,2.8,-14.0,13.0,1.087,25,3,0,0,3
88.3,8,isocontour,11.283791670955125,33902.04,71.34,18.6,-3.5,1.097,1.7,1.1,2.0,18.6,-3.5,1.104,8,6,0,0,6
88.3,9,isocontour,11.283791670955125,31965.46,67.27,20.6,3.6,0.979,1.7,2.8,3.3,18.5,-3.5,1.104,8,6,0,0,6
88.3,10,isocontour,11.283791670955125,31748.94,66.81,16.6,-12.7,0.981,2.5,-1.2,2.8,18.5,-3.5,1.104,8,4,0,0,4
88.3,11,isocontour,11.283791670955125,33432.04,70.35,-17.2,-9.0,1.069,-0.0,2.3,2.3,-6.7,-17.7,1.099,21,3,0,0,3
88.3,12,isocontour,11.283791670955125,31572.7,66.44,-13.3,-15.9,0.991,-0.4,1.6,1.6,-6.7,-17.7,1.099,21,3,0,0,3
88.3,13,isocontour,11.283791670955125,29883.69,62.89,20.8,0.4,0.986,1.5,-4.2,4.5,18.5,-3.5,1.104,8,6,0,0,6
88.3,14,isocontour,11.283791670955125,31665.1,66.64,9.4,-16.8,1.079,-1.9,-1.3,2.3,18.6,-3.2,1.101,8,3,0,0,3
88.3,15,isocontour,11.283791670955125,29380.56,61.83,1.1,20.6,0.995,2.7,0.2,2.7,-14.0,13.0,1.087,25,3,0,0,3
88.3,16,isocontour,11.283791670955125,46468.0,97.79,-24.9,22.1,0.501,-0.3,-0.9,0.9,-24.9,22.1,0.5,16,0,0,0,0
88.3,17,isocontour,11.283791670955125,29164.71,61.37,8.3,18.2,1.035,-2.6,0.6,2.7,18.7,-3.0,1.098,8,3,0,0,3
88.3,18,isocontour,11.283791670955125,35119.97,73.91,-8.1,19.0,0.996,-3.0,-0.5,3.0,-14.0,13.0,1.087,25,3,0,0,3
88.3,19,isocontour,11.283791670955125,31136.53,65.52,-20.8,-1.2,0.986,-1.8,0.6,1.9,-6.7,-17.7,1.099,21,3,0,0,3
88.3,20,isocontour,11.283791670955125,32215.15,67.79,10.7,-17.6,0.997,-0.6,1.5,1.6,18.6,-3.2,1.101,8,3,0,0,3
88.3,21,isocontour,11.283791670955125,31661.24,66.63,-6.1,-18.0,1.092,0.8,-0.9,1.2,-6.1,-18.0,1.099,21,2,0,0,2
88.3,22,isocontour,11.283791670955125,34266.69,72.11,-18.8,-9.0,0.984,0.2,0.8,0.8,-6.7,-17.7,1.099,21,3,0,0,3
88.3,23,isocontour,11.283791670955125,34948.55,73.54,-19.8,6.9,0.98,-1.8,-1.7,2.5,-14.0,13.0,1.087,25,3,0,0,3
88.3,24,isocontour,11.283791670955125,32389.6,68.16,1.6,-20.7,0.992,2.4,-0.4,2.4,-6.7,-17.7,1.099,21,3,0,0,3
88.3,25,isocontour,11.283791670955125,31851.78,67.03,-14.0,13.1,1.081,0.6,1.1,1.3,-14.0,13.0,1.087,25,3,0,0,3
88.3,Target,,,,,0.0,0.0,4.023,0.0,0.0,,,,,,,,,
88.4,1,isocontour,11.283791670955125,29894.33,62.91,18.6,9.0,0.995,-0.5,-3.1,3.1,18.5,-3.5,1.104,8,5,0,0,5
88.4,2,isocontour,11.283791670955125,28612.42,60.21,8.3,19.0,0.991,-2.6,-0.3,2.6,18.6,-3.2,1.101,8,3,0,0,3
88.4,3,isocontour,11.283791670955125,29611.56,62.31,15.6,13.5,0.999,-1.0,-2.1,2.3,18.5,-3.5,1.104,8,6,0,0,6
88.4,4,isocontour,11.283791670955125,34137.06,71.84,19.2,5.7,1.033,-1.5,1.9,2.4,18.5,-3.5,1.104,8,7,0,0,7
88.4,5,isocontour,11.283791670955125,31795.74,66.91,18.8,6.3,1.043,0.0,0.7,0.7,18.5,-3.5,1.104,8,7,0,0,7
88.4,6,isocontour,11.283791670955125,33613.7,70.74,18.5,-4.1,1.098,0.3,3.0,3.0,18.5,-3.5,1.104,8,6,0,0,6
88.4,7,isocontour,11.283791670955125,31751.99,66.82,-15.1,14.3,0.986,2.0,-0.3,2.0,-14.0,13.0,1.087,25,3,0,0,3
88.4,8,isocontour,11.283791670955125,33879.54,71.3,18.7,-3.2,1.097,0.1,2.6,2.6,18.5,-3.5,1.104,8,6,0,0,6
88.4,9,isocontour,11.283791670955125,31955.76,67.25,20.7,3.8,0.975,0.3,1.9,1.9,18.5,-3.5,1.104,8,6,0,0,6
88.4,10,isocontour,11.283791670955125,31746.73,66.81,16.7,-12.6,0.98,0.5,1.1,1.2,18.5,-3.5,1.104,8,4,0,0,4
88.4,11,isocontour,11.283791670955125,33412.03,70.31,-17.2,-9.2,1.064,0.1,-2.5,2.5,-6.7,-17.7,1.099,21,3,0,0,3
88.4,12,isocontour,11.283791670955125,31572.22,66.44,-13.4,-15.8,0.993,-0.4,0.6,0.7,-6.7,-17.7,1.099,21,3,0,0,3
88.4,13,isocontour,11.283791670955125,29878.48,62.88,20.9,0.4,0.981,0.8,1.4,1.6,18.5,-3.5,1.104,8,6,0,0,6
88.4,14,isocontour,11.283791670955125,31664.57,66.63,9.3,-16.9,1.076,-0.2,-0.7,0.7,18.5,-3.5,1.104,8,3,0,0,3
88.4,15,isocontour,11.283791670955125,29377.14,61.82,1.2,20.7,0.991,1.2,0.7,1.4,18.7,-3.0,1.098,8,3,0,0,3
88.4,16,isocontour,11.283791670955125,46466.9,97.78,-25.0,22.1,0.501,-0.6,-0.7,0.9,-25.0,22.1,0.501,16,0,0,0,0
88.4,17,isocontour,11.283791670955125,29156.01,61.36,8.2,18.3,1.033,-1.5,1.2,1.9,18.6,-3.2,1.101,8,3,0,0,3
88.4,18,isocontour,11.283791670955125,35109.97,73.88,-8.3,19.1,0.987,-1.6,1.2,2.0,-14.0,13.0,1.087,25,3,0,0,3
88.4,19,isocontour,11.283791670955125,31132.31,65.51,-20.9,-1.3,0.98,-1.0,-1.1,1.5,-6.7,-17.7,1.099,21,3,0,0,3
88.4,20,isocontour,11.283791670955125,32213.67,67.79,10.8,-17.6,0.998,0.9,0.5,1.0,18.5,-3.5,1.104,8,3,0,0,3
88.4,21,isocontour,11.283791670955125,31660.31,66.63,-6.1,-18.1,1.089,0.7,-0.6,0.9,-6.1,-18.1,1.099,21,2,0,0,2
88.4,22,isocontour,11.283791670955125,34259.77,72.1,-18.7,-9.0,0.992,1.7,0.1,1.7,-6.7,-17.7,1.099,21,3,0,0,3
88.4,23,isocontour,11.283791670955125,34936.81,73.52,-19.9,6.7,0.978,-0.8,-1.9,2.1,-6.7,-17.7,1.099,21,3,0,0,3
88.4,24,isocontour,11.283791670955125,32386.32,68.15,1.6,-20.8,0.987,-0.9,-1.0,1.3,18.6,-3.2,1.101,8,3,0,0,3
88.4,25,isocontour,11.283791670955125,31847.81,67.02,-14.0,13.3,1.077,0.5,1.4,1.5,-14.0,13.0,1.087,25,3,0,0,3
88.4,Target,,,,,0.0,0.0,4.023,0.0,0.0,,,,,,,,,
88.5,1,isocontour,11.283791670955125,29890.53,62.9,18.7,8.9,0.993,1.1,-0.9,1.4,18.5,-3.5,1.104,8,5,0,0,5
88.5,2,isocontour,11.283791670955125,28611.48,60.21,8.2,19.1,0.99,-0.5,0.8,0.9,18.5,-3.5,1.104,8,3,0,0,3
88.5,3,isocontour,11.283791670955125,29609.81,62.31,15.7,13.4,0.998,1.1,-0.3,1.1,18.5,-3.5,1.104,8,6,0,0,6
88.5,4,isocontour,11.283791670955125,34130.81,71.82,19.0,5.8,1.04,-1.5,0.8,1.7,18.5,-3.5,1.104,8,7,0,0,7
88.5,5,isocontour,11.283791670955125,31779.1,66.88,18.8,6.5,1.041,-0.4,2.3,2.3,18.5,-3.5,1.104,8,7,0,0,7
88.5,6,isocontour,11.283791670955125,33610.35,70.73,18.5,-3.9,1.101,-0.3,1.3,1.3,18.5,-3.5,1.104,8,6,0,0,6
88.5,7,isocontour,11.283791670955125,31731.73,66.78,-14.9,14.3,0.995,2.5,0.3,2.5,-6.7,-17.7,1.099,21,3,0,0,3
88.5,8,isocontour,11.283791670955125,33878.88,71.29,18.7,-3.1,1.096,0.5,0.6,0.8,18.5,-3.5,1.104,8,6,0,0,6
88.5,9,isocontour,11.283791670955125,31938.69,67.21,20.6,4.0,0.975,-0.6,2.3,2.4,18.5,-3.5,1.104,8,7,0,0,7
88.5,10,isocontour,11.283791670955125,31746.18,66.81,16.7,-12.6,0.982,-0.6,-0.4,0.7,18.5,-3.5,1.104,8,4,0,0,4
88.5,11,isocontour,11.283791670955125,33409.82,70.31,-17.1,-9.3,1.062,0.4,-1.1,1.2,-6.7,-17.7,1.099,21,3,0,0,3
88.5,12,isocontour,11.283791670955125,31568.72,66.43,-13.3,-15.9,0.989,0.3,-1.3,1.3,-6.7,-17.7,1.099,21,3,0,0,3
88.5,13,isocontour,11.283791670955125,29877.41,62.87,20.9,0.5,0.984,-0.7,0.6,0.9,18.5,-3.5,1.104,8,6,0,0,6
88.5,14,isocontour,11.283791670955125,31647.07,66.6,9.5,-16.9,1.067,2.3,-0.7,2.4,18.5,-3.5,1.104,8,3,0,0,3
88.5,15,isocontour,11.283791670955125,29263.77,61.58,0.9,20.8,0.987,-4.4,0.9,4.5,18.6,-3.2,1.101,8,3,0,0,3
88.5,16,isocontour,11.283791670955125,46465.8,97.78,-24.9,22.1,0.501,0.5,0.8,0.9,-24.9,22.1,0.501,16,0,0,0,0
88.5,17,isocontour,11.283791670955125,29129.42,61.3,8.3,18.1,1.038,1.9,-2.0,2.8,18.5,-3.5,1.104,8,3,0,0,3
88.5,18,isocontour,11.283791670955125,35082.8,73.83,-8.1,19.2,0.985,2.5,1.2,2.8,18.7,-3.0,1.098,8,3,0,0,3
88.5,19,isocontour,11.283791670955125,31095.39,65.44,-20.9,-1.6,0.982,0.8,-3.0,3.1,-6.7,-17.7,1.099,21,3,0,0,3
88.5,20,isocontour,11.283791670955125,32198.66,67.76,11.0,-17.7,0.988,2.0,-1.1,2.3,18.5,-3.5,1.104,8,3,0,0,3
88.5,21,isocontour,11.283791670955125,31648.06,66.6,-6.2,-18.1,1.084,-2.1,-0.2,2.1,18.6,-3.2,1.101,8,2,0,0,2
88.5,22,isocontour,11.283791670955125,34241.6,72.06,-18.7,-8.8,0.995,-0.8,2.3,2.4,-6.7,-17.7,1.099,21,3,0,0,3
88.5,23,isocontour,11.283791670955125,34929.64,73.51,-19.8,6.8,0.981,1.0,1.5,1.8,-6.7,-17.7,1.099,21,3,0,0,3
88.5,24,isocontour,11.283791670955125,32358.56,68.09,1.8,-20.8,0.984,2.8,-0.3,2.8,18.5,-3.5,1.104,8,3,0,0,3
88.5,25,isocontour,11.283791670955125,31834.5,66.99,-13.8,13.4,1.078,1.7,1.3,2.1,-6.7,-17.7,1.099,21,3,0,0,3
88.5,Target,,,,,0.0,0.0,4.023,0.0,0.0,,,,,,,,,
88.6,1,isocontour,11.283791670955125,29888.37,62.9,18.8,8.8,0.991,0.8,-0.9,1.2,18.5,-3.5,1.104,8,5,0,0,5
88.6,2,isocontour,11.283791670955125,28599.4,60.18,8.4,19.1,0.987,2.1,-0.4,2.1,18.5,-3.5,1.104,8,3,0,0,3
88.6,3,isocontour,11.283791670955125,29538.36,62.16,15.6,13.7,0.99,-1.2,3.6,3.8,18.5,-3.5,1.104,8,6,0,0,6
88.6,4,isocontour,11.283791670955125,34109.58,71.78,18.9,6.0,1.044,-1.3,2.2,2.6,18.5,-3.5,1.104,8,7,0,0,7
88.6,5,isocontour,11.283791670955125,31778.03,66.87,18.7,6.6,1.043,-0.8,0.5,0.9,18.5,-3.5,1.104,8,7,0,0,7
88.6,6,isocontour,11.283791670955125,33606.22,70.72,18.4,-3.8,1.105,-0.3,1.4,1.4,18.5,-3.5,1.104,8,6,0,0,6
88.6,7,isocontour,11.283791670955125,31730.7,66.77,-14.8,14.4,0.998,0.9,0.3,0.9,-6.7,-17.7,1.099,21,3,0,0,3
88.6,8,isocontour,11.283791670955125,33877.52,71.29,18.8,-3.1,1.092,0.7,0.7,1.0,18.5,-3.5,1.104,8,6,0,0,6
88.6,9,isocontour,11.283791670955125,31915.68,67.16,20.5,4.2,0.98,-1.3,2.3,2.6,18.5,-3.5,1.104,8,7,0,0,7
88.6,10,isocontour,11.283791670955125,31723.43,66.76,16.4,-12.7,0.989,-2.5,-0.6,2.6,18.5,-3.5,1.104,8,4,0,0,4
88.6,11,isocontour,11.283791670955125,33388.34,70.26,-17.3,-9.4,1.049,-2.5,-0.7,2.6,-6.7,-17.7,1.099,21,3,0,0,3
88.6,12,isocontour,11.283791670955125,31550.78,66.39,-13.5,-15.8,0.989,-1.8,1.6,2.4,18.6,-3.2,1.101,8,3,0,0,3
88.6,13,isocontour,11.283791670955125,29854.66,62.83,20.8,0.7,0.987,-0.8,2.5,2.6,18.5,-3.5,1.104,8,6,0,0,6
88.6,14,isocontour,11.283791670955125,31642.94,66.59,9.6,-17.1,1.059,0.1,-1.5,1.5,18.5,-3.5,1.104,8,3,0,0,3
88.6,15,isocontour,11.283791670955125,29262.07,61.58,0.9,20.9,0.984,1.0,0.5,1.1,18.5,-3.5,1.104,8,3,0,0,3
88.6,16,isocontour,11.283791670955125,46464.7,97.78,-24.9,22.2,0.499,-0.2,0.9,0.9,-24.9,22.2,0.501,16,0,0,0,0
88.6,17,isocontour,11.283791670955125,29127.62,61.3,8.4,18.0,1.039,1.0,-0.4,1.1,18.5,-3.5,1.104,8,3,0,0,3
88.6,18,isocontour,11.283791670955125,35072.5,73.81,-8.1,19.0,0.993,-0.2,-2.0,2.0,18.6,-3.2,1.101,8,3,0,0,3
88.6,19,isocontour,11.283791670955125,31061.61,65.37,-20.8,-1.9,0.983,0.5,-2.9,2.9,-6.7,-17.7,1.099,21,3,0,0,3
88.6,20,isocontour,11.283791670955125,32198.63,67.76,11.0,-17.7,0.986,0.2,-0.1,0.2,18.5,-3.5,1.104,8,3,0,0,3
88.6,21,isocontour,11.283791670955125,31628.52,66.56,-6.5,-18.1,1.079,-2.5,-0.1,2.5,18.5,-3.5,1.104,8,2,0,0,2
88.6,22,isocontour,11.283791670955125,34222.76,72.02,-18.9,-8.8,0.984,-2.0,-1.4,2.4,-6.7,-17.7,1.099,21,3,0,0,3
88.6,23,isocontour,11.283791670955125,34905.02,73.45,-19.7,7.0,0.984,1.5,2.3,2.7,-6.7,-17.7,1.099,21,3,0,0,3
88.6,24,isocontour,11.283791670955125,32355.49,68.09,1.9,-20.7,0.988,0.8,1.0,1.3,18.5,-3.5,1.104,8,3,0,0,3
88.6,25,isocontour,11.283791670955125,31812.26,66.95,-13.9,13.6,1.066,-1.3,2.2,2.6,-6.7,-17.7,1.099,21,3,0,0,3
88.6,Target,,,,,0.0,0.0,4.023,0.0,0.0,,,,,,,,,
88.7,1,isocontour,11.283791670955125,29870.21,62.86,18.7,9.0,0.989,-0.6,2.3,2.4,18.5,-3.5,1.104,8,5,0,0,5
88.7,2,isocontour,11.283791670955125,28567.28,60.12,8.6,18.9,0.988,2.5,-1.5,2.9,18.5,-3.5,1.104,8,3,0,0,3
88.7,3,isocontour,11.283791670955125,29452.69,61.98,15.5,14.1,0.981,-1.2,3.9,4.1,18.5,-3.5,1.104,8,6,0,0,6
88.7,4,isocontour,11.283791670955125,34109.12,71.78,18.8,6.1,1.045,-0.3,0.6,0.7,18.4,-3.8,1.105,6,7,0,0,7
88.7,5,isocontour,11.283791670955125,31777.59,66.87,18.7,6.7,1.044,-0.2,0.6,0.6,18.4,-3.8,1.105,6,7,0,0,7
88.7,6,isocontour,11.283791670955125,33605.35,70.72,18.5,-3.7,1.104,0.4,0.8,0.9,18.5,-3.7,1.105,6,6,0,0,6
88.7,7,isocontour,11.283791670955125,31646.28,66.6,-15.0,14.2,0.996,-3.2,-2.5,4.1,18.6,-3.2,1.101,8,3,0,0,3
88.7,8,isocontour,11.283791670955125,33859.8,71.25,18.7,-2.8,1.096,-0.5,2.4,2.5,18.4,-3.8,1.105,6,6,0,0,6
88.7,9,isocontour,11.283791670955125,31914.89,67.16,20.4,4.3,0.983,-0.7,0.4,0.8,18.4,-3.8,1.105,6,7,0,0,7
88.7,10,isocontour,11.283791670955125,31714.59,66.74,16.4,-12.6,0.996,0.0,1.9,1.9,18.4,-3.8,1.105,6,4,0,0,4
88.7,11,isocontour,11.283791670955125,33386.3,70.26,-17.3,-9.5,1.049,0.8,-0.8,1.1,18.6,-3.2,1.101,8,3,0,0,3
88.7,12,isocontour,11.283791670955125,31530.77,66.35,-13.5,-15.6,0.997,-0.3,2.5,2.5,18.5,-3.5,1.104,8,3,0,0,3
88.7,13,isocontour,11.283791670955125,29851.66,62.82,20.7,0.8,0.993,-1.1,0.7,1.3,18.4,-3.8,1.105,6,6,0,0,6
88.7,14,isocontour,11.283791670955125,31619.67,66.54,9.8,-17.0,1.055,2.5,0.8,2.6,18.5,-3.5,1.104,8,3,0,0,3
88.7,15,isocontour,11.283791670955125,29239.83,61.53,0.7,20.7,0.991,-2.1,-1.5,2.6,18.5,-3.5,1.104,8,3,0,0,3
88.7,16,isocontour,11.283791670955125,46463.6,97.78,-25.0,22.3,0.497,-0.9,0.2,0.9,-25.0,22.3,0.501,16,0,0,0,0
88.7,17,isocontour,11.283791670955125,29093.84,61.22,8.6,17.9,1.042,2.3,-1.9,3.0,18.5,-3.5,1.104,8,3,0,0,3
88.7,18,isocontour,11.283791670955125,35057.49,73.77,-7.9,19.0,0.998,2.3,0.2,2.3,18.5,-3.5,1.104,8,3,0,0,3
88.7,19,isocontour,11.283791670955125,31058.4,65.36,-20.7,-2.0,0.989,1.1,-0.7,1.3,-6.7,-17.7,1.099,21,3,0,0,3
88.7,20,isocontour,11.283791670955125,32195.28,67.75,10.9,-17.7,0.99,-1.3,0.4,1.4,18.5,-3.5,1.104,8,3,0,0,3
88.7,21,isocontour,11.283791670955125,31604.17,66.51,-6.3,-18.1,1.086,2.6,0.6,2.7,18.5,-3.5,1.104,8,2,0,0,2
88.7,22,isocontour,11.283791670955125,34195.88,71.96,-19.0,-9.1,0.975,-0.2,-2.7,2.7,18.6,-3.2,1.101,8,3,0,0,3
88.7,23,isocontour,11.283791670955125,34900.19,73.44,-19.5,7.1,0.99,1.4,0.6,1.5,-6.7,-17.7,1.099,21,3,0,0,3
88.7,24,isocontour,11.283791670955125,32345.79,68.07,1.9,-20.5,0.998,-0.5,1.9,2.0,18.5,-3.5,1.104,8,3,0,0,3
88.7,25,isocontour,11.283791670955125,31783.91,66.89,-13.9,13.9,1.055,0.5,2.8,2.8,18.6,-3.2,1.101,8,3,0,0,3
88.7,Target,,,,,0.0,0.0,4.023,0.0,0.0,,,,,,,,,
88.8,1,isocontour,11.283791670955125,29869.14,62.86,18.8,9.1,0.985,0.7,0.7,1.0,18.4,-3.8,1.105,6,5,0,0,5
88.8,2,isocontour,11.283791670955125,28566.49,60.11,8.6,18.9,0.989,-0.8,0.1,0.8,18.5,-3.5,1.104,8,3,0,0,3
88.8,3,isocontour,11.283791670955125,29450.08,61.97,15.6,14.2,0.975,1.3,0.0,1.3,18.4,-3.8,1.105,6,6,0,0,6
88.8,4,isocontour,11.283791670955125,34107.18,71.77,18.9,6.0,1.043,0.7,-0.9,1.1,18.4,-3.8,1.105,6,7,0,0,7
88.8,5,isocontour,11.283791670955125,31744.81,66.8,18.7,6.4,1.045,0.9,-2.8,2.9,18.4,-3.8,1.105,6,7,0,0,7
88.8,6,isocontour,11.283791670955125,33603.03,70.71,18.5,-3.8,1.104,-0.2,-1.2,1.2,18.4,-3.8,1.105,6,6,0,0,6
88.8,7,isocontour,11.283791670955125,31620.83,66.54,-15.3,14.2,0.983,-2.3,1.5,2.7,18.5,-3.5,1.104,8,3,0,0,3
88.8,8,isocontour,11.283791670955125,33856.73,71.25,18.7,-2.9,1.099,-0.6,-1.2,1.3,18.4,-3.8,1.105,6,6,0,0,6
88.8,9,isocontour,11.283791670955125,31907.61,67.15,20.3,4.3,0.992,-1.8,-0.2,1.8,18.4,-3.8,1.105,6,7,0,0,7
88.8,10,isocontour,11.283791670955125,31712.21,66.73,16.4,-12.4,0.999,0.5,1.1,1.2,18.4,-3.8,1.105,6,4,0,0,4
88.8,11,isocontour,11.283791670955125,33383.98,70.25,-17.3,-9.6,1.048,0.5,-1.1,1.2,18.5,-3.5,1.104,8,3,0,0,3
88.8,12,isocontour,11.283791670955125,31530.28,66.35,-13.6,-15.6,0.995,-0.5,-0.5,0.7,18.5,-3.5,1.104,8,3,0,0,3
88.8,13,isocontour,11.283791670955125,29849.45,62.81,20.7,0.7,0.994,-0.0,-1.2,1.2,18.4,-3.8,1.105,6,6,0,0,6
88.8,14,isocontour,11.283791670955125,31601.72,66.5,9.6,-17.0,1.061,-2.4,0.1,2.4,18.4,-3.8,1.105,6,3,0,0,3
88.8,15,isocontour,11.283791670955125,29205.37,61.46,1.0,20.7,0.991,3.0,0.2,3.0,18.5,-3.5,1.104,8,3,0,0,3
88.8,16,isocontour,11.283791670955125,46445.88,97.74,-24.9,22.2,0.502,2.2,-0.9,2.4,-24.9,22.2,0.501,16,0,0,0,0
88.8,17,isocontour,11.283791670955125,29072.11,61.18,8.5,17.9,1.043,-2.3,1.1,2.5,18.5,-3.5,1.104,8,3,0,0,3
88.8,18,isocontour,11.283791670955125,35024.71,73.71,-7.8,19.3,0.99,1.6,2.5,3.0,18.5,-3.5,1.104,8,3,0,0,3
88.8,19,isocontour,11.283791670955125,31056.25,65.35,-20.6,-1.9,0.994,0.9,0.8,1.2,18.6,-3.2,1.101,8,3,0,0,3
88.8,20,isocontour,11.283791670955125,32178.64,67.72,11.1,-17.7,0.984,2.3,-0.2,2.3,18.4,-3.8,1.105,6,3,0,0,3
88.8,21,isocontour,11.283791670955125,31579.0,66.45,-6.0,-18.0,1.092,2.7,0.2,2.7,18.5,-3.5,1.104,8,2,0,0,2
88.8,22,isocontour,11.283791670955125,34169.87,71.91,-18.7,-9.2,0.983,2.6,-0.9,2.8,18.5,-3.5,1.104,8,3,0,0,3
88.8,23,isocontour,11.283791670955125,34867.74,73.37,-19.4,7.3,0.993,1.5,2.5,2.9,18.6,-3.2,1.101,8,3,0,0,3
88.8,24,isocontour,11.283791670955125,32344.59,68.07,2.0,-20.5,0.999,1.0,-0.0,1.0,18.5,-3.5,1.104,8,3,0,0,3
88.8,25,isocontour,11.283791670955125,31750.46,66.81,-13.7,14.1,1.057,2.5,1.7,3.0,18.5,-3.5,1.104,8,3,0,0,3
88.8,Target,,,,,0.0,0.0,4.023,0.0,0.0,,,,,,,,,
88.9,1,isocontour,11.283791670955125,29836.36,62.79,18.9,8.9,0.984,1.2,-2.7,3.0,18.4,-3.8,1.105,6,5,0,0,5
88.9,2,isocontour,11.283791670955125,28565.67,60.11,8.5,18.9,0.991,-0.8,0.2,0.8,18.4,-3.8,1.105,6,3,0,0,3
88.9,3,isocontour,11.283791670955125,29438.34,61.95,15.7,14.0,0.976,1.1,-1.8,2.1,18.4,-3.8,1.105,6,6,0,0,6
88.9,4,isocontour,11.283791670955125,34065.39,71.69,19.1,5.8,1.038,1.8,-2.6,3.2,18.4,-3.8,1.105,6,7,0,0,7
88.9,5,isocontour,11.283791670955125,31744.24,66.8,18.7,6.4,1.048,-0.7,-0.2,0.7,18.4,-3.8,1.105,6,7,0,0,7
88.9,6,isocontour,11.283791670955125,33566.82,70.64,18.4,-4.0,1.104,-0.8,-3.0,3.1,18.4,-3.8,1.105,6,6,0,0,6
88.9,7,isocontour,11.283791670955125,31620.04,66.54,-15.4,14.3,0.978,-0.8,0.1,0.8,18.5,-3.5,1.104,8,3,0,0,3
88.9,8,isocontour,11.283791670955125,33818.36,71.17,18.6,-3.2,1.1,-0.7,-3.0,3.1,18.4,-3.8,1.105,6,6,0,0,6
88.9,9,isocontour,11.283791670955125,31888.76,67.11,20.3,4.5,0.99,0.1,2.4,2.4,18.4,-3.8,1.105,6,7,0,0,7
88.9,10,isocontour,11.283791670955125,31698.54,66.71,16.6,-12.4,0.993,2.1,0.7,2.2,18.4,-3.8,1.105,6,4,0,0,4
88.9,11,isocontour,11.283791670955125,33382.18,70.25,-17.2,-9.5,1.054,1.0,0.6,1.2,18.5,-3.5,1.104,8,3,0,0,3
88.9,12,isocontour,11.283791670955125,31501.63,66.29,-13.5,-15.8,0.989,1.1,-2.6,2.8,18.5,-3.5,1.104,8,3,0,0,3
88.9,13,isocontour,11.283791670955125,29817.98,62.75,20.8,0.5,0.986,1.8,-2.3,2.9,18.4,-3.8,1.105,6,6,0,0,6
88.9,14,isocontour,11.283791670955125,31589.82,66.48,9.6,-16.8,1.071,-0.1,2.1,2.1,18.4,-3.8,1.105,6,3,0,0,3
88.9,15,isocontour,11.283791670955125,29183.64,61.41,0.8,20.8,0.989,-2.5,0.4,2.5,18.5,-3.5,1.104,8,3,0,0,3
88.9,16,isocontour,11.283791670955125,46444.78,97.74,-24.8,22.1,0.504,0.1,-0.9,0.9,-24.8,22.1,0.502,16,0,0,0,0
88.9,17,isocontour,11.283791670955125,29070.67,61.18,8.4,18.0,1.041,-0.6,0.8,1.0,18.4,-3.8,1.105,6,3,0,0,3
88.9,18,isocontour,11.283791670955125,35021.77,73.7,-7.7,19.4,0.984,0.4,1.2,1.3,18.5,-3.5,1.104,8,3,0,0,3
88.9,19,isocontour,11.283791670955125,31024.78,65.29,-20.6,-2.2,0.993,0.0,-2.9,2.9,18.5,-3.5,1.104,8,3,0,0,3
88.9,20,isocontour,11.283791670955125,32178.55,67.72,11.2,-17.7,0.983,0.4,0.2,0.4,18.4,-3.8,1.105,6,3,0,0,3
88.9,21,isocontour,11.283791670955125,31575.72,66.45,-5.9,-18.1,1.091,1.0,-0.9,1.3,18.5,-3.5,1.104,8,2,0,0,2
88.9,22,isocontour,11.283791670955125,34163.73,71.89,-18.6,-9.2,0.992,1.6,0.6,1.7,18.5,-3.5,1.104,8,3,0,0,3
88.9,23,isocontour,11.283791670955125,34866.38,73.37,-19.3,7.5,0.993,0.2,1.0,1.0,18.5,-3.5,1.104,8,3,0,0,3
88.9,24,isocontour,11.283791670955125,32340.63,68.06,2.0,-20.6,0.993,-0.2,-1.4,1.4,18.4,-3.8,1.105,6,3,0,0,3
88.9,25,isocontour,11.283791670955125,31749.49,66.81,-13.7,14.0,1.057,-0.7,-0.6,0.9,18.5,-3.5,1.104,8,3,0,0,3
88.9,Target,,,,,0.0,0.0,4.023,0.0,0.0,,,,,,,,,
89.0,1,isocontour,11.283791670955125,29812.29,62.74,19.0,8.6,0.983,1.4,-2.3,2.7,18.4,-3.8,1.105,6,5,0,0,5
89.0,2,isocontour,11.283791670955125,28564.5,60.11,8.4,18.9,0.994,-0.9,-0.4,1.0,18.4,-3.8,1.105,6,3,0,0,3
89.0,3,isocontour,11.283791670955125,29401.06,61.87,15.7,13.7,0.986,-0.1,-3.1,3.1,18.4,-3.8,1.105,6,6,0,0,6
89.0,4,isocontour,11.283791670955125,34053.14,71.66,19.3,5.7,1.028,2.1,-0.5,2.2,18.4,-3.8,1.105,6,7,0,0,7
89.0,5,isocontour,11.283791670955125,31741.18,66.8,18.8,6.3,1.044,1.2,-0.4,1.3,18.4,-3.8,1.105,6,7,0,0,7
89.0,6,isocontour,11.283791670955125,33535.03,70.57,18.5,-3.8,1.103,0.9,2.8,2.9,18.4,-3.8,1.105,6,6,0,0,6
89.0,7,isocontour,11.283791670955125,31618.43,66.54,-15.4,14.2,0.98,-0.1,-1.1,1.1,18.5,-3.5,1.104,8,3,0,0,3
89.0,8,isocontour,11.283791670955125,33806.11,71.14,18.7,-3.1,1.094,1.4,1.5,2.1,18.4,-3.8,1.105,6,6,0,0,6
89.0,9,isocontour,11.283791670955125,31882.41,67.09,20.4,4.5,0.983,1.6,-0.6,1.7,18.4,-3.8,1.105,6,7,0,0,7
89.0,10,isocontour,11.283791670955125,31693.13,66.69,16.8,-12.3,0.988,1.5,0.5,1.6,18.4,-3.8,1.105,6,4,0,0,4
89.0,11,isocontour,11.283791670955125,33358.9,70.2,-17.3,-9.4,1.054,-1.5,2.2,2.7,18.5,-3.5,1.104,8,3,0,0,3
89.0,12,isocontour,11.283791670955125,31498.63,66.28,-13.5,-16.0,0.982,-0.5,-1.2,1.3,18.5,-3.5,1.104,8,3,0,0,3
89.0,13,isocontour,11.283791670955125,29816.5,62.75,20.9,0.5,0.98,1.0,-0.4,1.1,18.4,-3.8,1.105,6,6,0,0,6
89.0,14,isocontour,11.283791670955125,31574.0,66.44,9.7,-16.7,1.075,1.8,1.5,2.3,18.4,-3.8,1.105,6,3,0,0,3
89.0,15,isocontour,11.283791670955125,29181.54,61.41,0.9,20.8,0.989,1.2,-0.0,1.2,18.4,-3.8,1.105,6,3,0,0,3
89.0,16,isocontour,11.283791670955125,46443.68,97.74,-24.9,22.0,0.504,-0.8,-0.4,0.9,-24.9,22.0,0.504,16,0,0,0,0
89.0,17,isocontour,11.283791670955125,29069.96,61.17,8.3,18.1,1.041,-0.8,0.3,0.9,18.4,-3.8,1.105,6,3,0,0,3
89.0,18,isocontour,11.283791670955125,34997.7,73.65,-7.5,19.5,0.985,2.6,0.6,2.7,18.5,-3.5,1.104,8,3,0,0,3
89.0,19,isocontour,11.283791670955125,31010.54,65.26,-20.7,-2.1,0.986,-1.7,1.4,2.2,18.5,-3.5,1.104,8,3,0,0,3
89.0,20,isocontour,11.283791670955125,32173.44,67.71,11.0,-17.6,0.988,-1.6,0.3,1.6,18.4,-3.8,1.105,6,3,0,0,3
89.0,21,isocontour,11.283791670955125,31550.55,66.39,-5.7,-18.2,1.088,2.4,-1.2,2.7,18.4,-3.8,1.105,6,2,0,0,2
89.0,22,isocontour,11.283791670955125,34161.69,71.89,-18.5,-9.2,0.995,0.8,-0.9,1.2,18.5,-3.5,1.104,8,3,0,0,3
89.0,23,isocontour,11.283791670955125,34865.38,73.37,-19.4,7.4,0.991,-0.6,-0.7,0.9,18.5,-3.5,1.104,8,3,0,0,3
89.0,24,isocontour,11.283791670955125,32339.31,68.05,2.1,-20.7,0.989,0.9,-0.4,1.0,18.4,-3.8,1.105,6,3,0,0,3
89.0,25,isocontour,11.283791670955125,31729.72,66.77,-13.8,13.8,1.063,-0.7,-2.4,2.5,18.5,-3.5,1.104,8,3,0,0,3
89.0,Target,,,,,0.0,0.0,4.023,0.0,0.0,,,,,,,,,
89.1,1,isocontour,11.283791670955125,29804.88,62.72,18.9,8.6,0.99,-1.8,0.1,1.8,18.4,-3.8,1.105,6,5,0,0,5
89.1,2,isocontour,11.283791670955125,28543.02,60.07,8.6,18.9,0.988,2.5,0.5,2.5,18.4,-3.8,1.105,6,3,0,0,3
89.1,3,isocontour,11.283791670955125,29396.93,61.86,15.6,13.6,0.994,-1.4,-0.4,1.5,18.4,-3.8,1.105,6,6,0,0,6
89.1,4,isocontour,11.283791670955125,34032.41,71.62,19.2,5.9,1.029,-1.2,2.3,2.6,18.4,-3.8,1.105,6,7,0,0,7
89.1,5,isocontour,11.283791670955125,31727.87,66.77,18.9,6.5,1.035,1.0,2.0,2.2,18.4,-3.8,1.105,6,7,0,0,7
89.1,6,isocontour,11.283791670955125,33533.03,70.57,18.5,-3.7,1.101,0.6,1.0,1.2,18.4,-3.8,1.105,6,6,0,0,6
89.1,7,isocontour,11.283791670955125,31614.22,66.53,-15.3,14.1,0.988,1.0,-1.0,1.4,18.5,-3.5,1.104,8,3,0,0,3
89.1,8,isocontour,11.283791670955125,33805.7,71.14,18.8,-3.0,1.093,0.1,0.7,0.7,18.4,-3.8,1.105,6,6,0,0,6
89.1,9,isocontour,11.283791670955125,31880.84,67.09,20.5,4.5,0.979,0.4,1.0,1.1,18.4,-3.8,1.105,6,7,0,0,7
89.1,10,isocontour,11.283791670955125,31692.92,66.69,16.8,-12.3,0.986,-0.2,-0.5,0.5,18.4,-3.8,1.105,6,4,0,0,4
89.1,11,isocontour,11.283791670955125,33337.43,70.15,-17.5,-9.2,1.05,-1.8,1.8,2.5,18.5,-3.5,1.104,8,3,0,0,3
89.1,12,isocontour,11.283791670955125,31497.81,66.28,-13.6,-15.9,0.982,-0.4,0.7,0.8,18.4,-3.8,1.105,6,3,0,0,3
89.1,13,isocontour,11.283791670955125,29796.0,62.7,20.9,0.7,0.981,-0.5,2.5,2.5,18.4,-3.8,1.105,6,6,0,0,6
89.1,14,isocontour,11.283791670955125,31568.39,66.43,9.8,-16.8,1.067,1.1,-1.2,1.6,18.4,-3.8,1.105,6,3,0,0,3
89.1,15,isocontour,11.283791670955125,29146.73,61.34,1.1,20.7,0.991,3.0,-0.6,3.1,18.4,-3.8,1.105,6,3,0,0,3
89.1,16,isocontour,11.283791670955125,46442.58,97.73,-24.9,22.0,0.505,0.2,-0.9,0.9,-24.9,22.0,0.504,16,0,0,0,0
89.1,17,isocontour,11.283791670955125,29068.01,61.17,8.2,18.1,1.038,-0.6,1.0,1.2,18.4,-3.8,1.105,6,3,0,0,3
89.1,18,isocontour,11.283791670955125,34994.76,73.64,-7.3,19.5,0.985,1.2,0.5,1.3,18.4,-3.8,1.105,6,3,0,0,3
89.1,19,isocontour,11.283791670955125,31008.55,65.25,-20.7,-2.1,0.989,1.1,-0.4,1.2,18.5,-3.5,1.104,8,3,0,0,3
89.1,20,isocontour,11.283791670955125,32170.76,67.7,10.9,-17.5,0.995,-0.7,1.0,1.2,18.4,-3.8,1.105,6,3,0,0,3
89.1,21,isocontour,11.283791670955125,31530.53,66.35,-5.4,-18.2,1.093,2.5,0.3,2.5,18.4,-3.8,1.105,6,2,0,0,2
89.1,22,isocontour,11.283791670955125,34158.04,71.88,-18.6,-9.3,0.989,-1.1,-0.8,1.4,18.5,-3.5,1.104,8,3,0,0,3
89.1,23,isocontour,11.283791670955125,34847.22,73.33,-19.5,7.3,0.987,-1.6,-1.8,2.4,18.5,-3.5,1.104,8,3,0,0,3
89.1,24,isocontour,11.283791670955125,32286.55,67.94,2.3,-20.6,0.994,3.1,1.6,3.5,18.4,-3.8,1.105,6,3,0,0,3
89.1,25,isocontour,11.283791670955125,31728.96,66.77,-13.8,13.7,1.065,-0.5,-0.7,0.9,18.5,-3.5,1.104,8,3,0,0,3
89.1,Target,,,,,0.0,0.0,4.023,0.0,0.0,,,,,,,,,
89.2,1,isocontour,11.283791670955125,29767.96,62.64,19.0,8.4,0.99,1.5,-2.7,3.1,18.4,-3.8,1.105,6,5,0,0,5
89.2,2,isocontour,11.283791670955125,28478.05,59.93,8.9,18.8,0.987,3.4,-1.5,3.7,18.4,-3.8,1.105,6,3,0,0,3
89.2,3,isocontour,11.283791670955125,29395.32,61.86,15.5,13.6,1.0,-0.8,-0.7,1.1,18.4,-3.8,1.105,6,6,0,0,6
89.2,4,isocontour,11.283791670955125,34029.54,71.61,19.1,6.0,1.034,-1.1,0.6,1.3,18.4,-3.8,1.105,6,7,0,0,7
89.2,5,isocontour,11.283791670955125,31706.14,66.72,18.8,6.7,1.035,-1.0,2.4,2.6,18.4,-3.8,1.105,6,7,0,0,7
89.2,6,isocontour,11.283791670955125,33531.24,70.56,18.6,-3.6,1.097,0.7,0.8,1.1,18.4,-3.8,1.105,6,6,0,0,6
89.2,7,isocontour,11.283791670955125,31594.44,66.49,-15.1,13.9,1.001,2.0,-1.5,2.5,18.4,-3.8,1.105,6,3,0,0,3
89.2,8,isocontour,11.283791670955125,33805.28,71.14,18.8,-3.0,1.094,-0.0,0.7,0.7,18.4,-3.8,1.105,6,6,0,0,6
89.2,9,isocontour,11.283791670955125,31862.45,67.05,20.4,4.8,0.981,-0.9,2.2,2.4,18.4,-3.8,1.105,6,7,0,0,7
89.2,10,isocontour,11.283791670955125,31691.13,66.69,16.7,-12.4,0.986,-0.5,-1.0,1.1,18.4,-3.8,1.105,6,4,0,0,4
89.2,11,isocontour,11.283791670955125,33312.8,70.1,-17.6,-8.9,1.049,-1.3,2.3,2.6,18.4,-3.8,1.105,6,3,0,0,3
89.2,12,isocontour,11.283791670955125,31496.68,66.28,-13.6,-15.8,0.985,-0.1,0.9,0.9,18.4,-3.8,1.105,6,3,0,0,3
89.2,13,isocontour,11.283791670955125,29773.51,62.65,20.8,0.9,0.985,-0.8,2.5,2.6,18.4,-3.8,1.105,6,6,0,0,6
89.2,14,isocontour,11.283791670955125,31567.58,66.43,9.8,-16.8,1.066,-0.8,-0.4,0.9,18.4,-3.8,1.105,6,3,0,0,3
89.2,15,isocontour,11.283791670955125,29146.12,61.33,1.1,20.7,0.992,-0.7,-0.2,0.7,18.4,-3.8,1.105,6,3,0,0,3
89.2,16,isocontour,11.283791670955125,46441.48,97.73,-24.8,22.0,0.505,0.4,0.9,1.0,-24.8,22.0,0.505,16,0,0,0,0
89.2,17,isocontour,11.283791670955125,29038.75,61.11,8.4,18.0,1.039,2.4,-1.6,2.9,18.4,-3.8,1.105,6,3,0,0,3
89.2,18,isocontour,11.283791670955125,34971.49,73.59,-7.3,19.3,0.997,0.2,-2.6,2.6,18.4,-3.8,1.105,6,3,0,0,3
89.2,19,isocontour,11.283791670955125,31006.23,65.25,-20.6,-2.2,0.994,0.8,-0.9,1.2,18.5,-3.5,1.104,8,3,0,0,3
89.2,20,isocontour,11.283791670955125,32151.69,67.66,11.1,-17.4,0.999,1.7,1.8,2.5,18.4,-3.8,1.105,6,3,0,0,3
89.2,21,isocontour,11.283791670955125,31505.64,66.3,-5.2,-18.2,1.099,2.7,0.2,2.7,18.4,-3.8,1.105,6,2,0,0,2
89.2,22,isocontour,11.283791670955125,34155.3,71.88,-18.5,-9.4,0.992,1.2,-0.4,1.3,18.4,-3.8,1.105,6,3,0,0,3
89.2,23,isocontour,11.283791670955125,34834.8,73.31,-19.5,7.1,0.99,0.0,-2.1,2.1,18.5,-3.5,1.104,8,3,0,0,3
89.2,24,isocontour,11.283791670955125,32285.65,67.94,2.3,-20.5,0.995,-0.9,-0.1,0.9,18.4,-3.8,1.105,6,3,0,0,3
89.2,25,isocontour,11.283791670955125,31718.5,66.75,-14.0,13.7,1.059,-2.0,-0.3,2.0,18.4,-3.8,1.105,6,3,0,0,3
89.2,Target,,,,,0.0,0.0,4.023,0.0,0.0,,,,,,,,,
89.3,1,isocontour,11.283791670955125,29767.95,62.64,19.0,8.3,0.989,0.1,0.2,0.2,18.4,-3.8,1.105,6,5,0,0,5
89.3,2,isocontour,11.283791670955125,28458.28,59.89,9.2,18.7,0.986,2.3,-0.9,2.5,18.4,-3.8,1.105,6,3,0,0,3
89.3,3,isocontour,11.283791670955125,29370.97,61.81,15.5,13.8,0.993,-0.1,2.7,2.7,18.4,-3.8,1.105,6,6,0,0,6
89.3,4,isocontour,11.283791670955125,34028.41,71.61,19.0,6.0,1.038,-0.8,0.5,0.9,18.4,-3.8,1.105,6,7,0,0,7
89.3,5,isocontour,11.283791670955125,31703.93,66.72,18.7,6.8,1.039,-1.1,0.5,1.2,18.4,-3.8,1.105,6,7,0,0,7
89.3,6,isocontour,11.283791670955125,33509.0,70.52,18.6,-3.4,1.098,0.4,2.6,2.6,18.4,-3.8,1.105,6,6,0,0,6
89.3,7,isocontour,11.283791670955125,31587.16,66.47,-15.2,13.9,0.998,-1.7,-0.3,1.7,18.4,-3.8,1.105,6,3,0,0,3
89.3,8,isocontour,11.283791670955125,33804.85,71.14,18.8,-2.9,1.093,0.2,0.7,0.7,18.4,-3.8,1.105,6,6,0,0,6
89.3,9,isocontour,11.283791670955125,31845.81,67.02,20.3,5.0,0.981,-0.6,2.3,2.4,18.4,-3.8,1.105,6,7,0,0,7
89.3,10,isocontour,11.283791670955125,31689.52,66.69,16.6,-12.4,0.989,-1.1,-0.1,1.1,18.4,-3.8,1.105,6,4,0,0,4
89.3,11,isocontour,11.283791670955125,33310.81,70.1,-17.6,-8.8,1.051,-0.0,1.1,1.1,18.4,-3.8,1.105,6,3,0,0,3
89.3,12,isocontour,11.283791670955125,31481.46,66.25,-13.6,-15.6,0.994,-0.1,2.3,2.3,18.4,-3.8,1.105,6,3,0,0,3
89.3,13,isocontour,11.283791670955125,29752.03,62.61,20.8,1.2,0.988,-0.7,2.5,2.6,18.4,-3.8,1.105,6,6,0,0,6
89.3,14,isocontour,11.283791670955125,31557.28,66.41,9.7,-17.0,1.058,-0.3,-2.0,2.0,18.4,-3.8,1.105,6,3,0,0,3
89.3,15,isocontour,11.283791670955125,29145.15,61.33,1.0,20.7,0.99,-0.7,0.6,0.9,18.4,-3.8,1.105,6,3,0,0,3
89.3,16,isocontour,11.283791670955125,46440.38,97.73,-24.8,22.0,0.507,0.8,-0.5,0.9,-24.8,22.0,0.505,16,0,0,0,0
89.3,17,isocontour,11.283791670955125,29036.25,61.1,8.6,18.0,1.038,1.2,-0.3,1.2,18.4,-3.8,1.105,6,3,0,0,3
89.3,18,isocontour,11.283791670955125,34965.67,73.58,-7.2,19.4,0.994,0.7,1.5,1.7,18.4,-3.8,1.105,6,3,0,0,3
89.3,19,isocontour,11.283791670955125,31002.26,65.24,-20.5,-2.1,0.998,0.6,1.3,1.4,18.4,-3.8,1.105,6,3,0,0,3
89.3,20,isocontour,11.283791670955125,32140.6,67.64,11.3,-17.4,0.993,2.0,-0.3,2.0,18.4,-3.8,1.105,6,3,0,0,3
89.3,21,isocontour,11.283791670955125,31469.43,66.22,-4.9,-18.2,1.101,3.0,-0.6,3.1,18.4,-3.8,1.105,6,2,0,0,2
89.3,22,isocontour,11.283791670955125,34154.09,71.87,-18.4,-9.5,0.993,0.4,-0.9,1.0,18.4,-3.8,1.105,6,3,0,0,3
89.3,23,isocontour,11.283791670955125,34831.23,73.3,-19.4,7.1,0.995,1.3,0.6,1.4,18.4,-3.8,1.105,6,3,0,0,3
89.3,24,isocontour,11.283791670955125,32260.75,67.89,2.1,-20.7,0.987,-1.9,-1.9,2.7,18.4,-3.8,1.105,6,3,0,0,3
89.3,25,isocontour,11.283791670955125,31702.07,66.71,-13.9,13.8,1.059,1.8,1.5,2.3,18.4,-3.8,1.105,6,3,0,0,3
89.3,Target,,,,,0.0,0.0,4.023,0.0,0.0,,,,,,,,,
89.4,1,isocontour,11.283791670955125,29747.21,62.6,18.9,8.5,0.991,-1.4,2.1,2.5,18.4,-3.8,1.105,6,6,0,0,6
89.4,2,isocontour,11.283791670955125,28432.54,59.83,9.3,18.5,0.994,1.1,-2.5,2.7,18.4,-3.8,1.105,6,3,0,0,3
89.4,3,isocontour,11.283791670955125,29345.8,61.75,15.6,14.0,0.979,2.1,1.7,2.7,18.4,-3.8,1.105,6,6,0,0,6
89.4,4,isocontour,11.283791670955125,34027.05,71.61,18.9,6.1,1.041,-0.8,0.6,1.0,18.4,-3.8,1.105,6,7,0,0,7
89.4,5,isocontour,11.283791670955125,31682.45,66.67,18.6,7.0,1.039,-0.8,2.4,2.5,18.4,-3.8,1.105,6,7,0,0,7
89.4,6,isocontour,11.283791670955125,33505.79,70.51,18.5,-3.4,1.103,-1.1,-0.8,1.4,18.4,-3.8,1.105,6,6,0,0,6
89.4,7,isocontour,11.283791670955125,31558.8,66.41,-15.4,14.1,0.984,-1.5,2.4,2.8,18.4,-3.8,1.105,6,3,0,0,3
89.4,8,isocontour,11.283791670955125,33783.38,71.09,18.8,-2.7,1.092,0.7,2.5,2.6,18.4,-3.8,1.105,6,7,0,0,7
89.4,9,isocontour,11.283791670955125,31843.19,67.01,20.2,5.0,0.987,-1.2,0.3,1.2,18.4,-3.8,1.105,6,7,0,0,7
89.4,10,isocontour,11.283791670955125,31667.53,66.64,16.4,-12.5,0.997,-2.4,-0.9,2.6,18.4,-3.8,1.105,6,4,0,0,4
89.4,11,isocontour,11.283791670955125,33299.24,70.07,-17.7,-8.7,1.048,-1.4,1.5,2.1,18.4,-3.8,1.105,6,3,0,0,3
89.4,12,isocontour,11.283791670955125,31476.26,66.24,-13.5,-15.6,0.998,1.5,-0.5,1.6,18.4,-3.8,1.105,6,3,0,0,3
89.4,13,isocontour,11.283791670955125,29729.01,62.56,20.7,1.4,0.992,-0.9,2.4,2.6,18.4,-3.8,1.105,6,6,0,0,6
89.4,14,isocontour,11.283791670955125,31526.76,66.34,10.0,-16.9,1.054,2.7,1.1,2.9,18.4,-3.8,1.105,6,3,0,0,3
89.4,15,isocontour,11.283791670955125,29131.29,61.3,0.8,20.8,0.988,-2.2,0.4,2.2,18.4,-3.8,1.105,6,3,0,0,3
89.4,16,isocontour,11.283791670955125,46439.28,97.73,-24.8,21.9,0.507,-0.8,-0.5,0.9,-24.8,21.9,0.507,16,0,0,0,0
89.4,17,isocontour,11.283791670955125,29005.42,61.04,8.8,17.8,1.041,2.3,-1.8,2.9,18.4,-3.8,1.105,6,3,0,0,3
89.4,18,isocontour,11.283791670955125,34963.88,73.58,-7.2,19.5,0.99,0.7,0.9,1.1,18.4,-3.8,1.105,6,3,0,0,3
89.4,19,isocontour,11.283791670955125,30974.8,65.18,-20.7,-1.9,0.989,-2.2,1.7,2.8,18.4,-3.8,1.105,6,3,0,0,3
89.4,20,isocontour,11.283791670955125,32138.66,67.63,11.4,-17.4,0.988,1.1,-0.2,1.1,18.4,-3.8,1.105,6,3,0,0,3
89.4,21,isocontour,11.283791670955125,31467.05,66.22,-4.9,-18.2,1.105,-0.7,1.0,1.2,18.4,-3.8,1.105,6,2,0,0,2
89.4,22,isocontour,11.283791670955125,34069.05,71.69,-18.7,-9.7,0.974,-3.0,-2.7,4.0,18.4,-3.8,1.105,6,3,0,0,3
89.4,23,isocontour,11.283791670955125,34830.35,73.3,-19.5,7.1,0.992,-0.8,0.3,0.9,18.4,-3.8,1.105,6,3,0,0,3
89.4,24,isocontour,11.283791670955125,32258.91,67.88,2.1,-20.8,0.981,-0.1,-1.1,1.1,18.4,-3.8,1.105,6,3,0,0,3
89.4,25,isocontour,11.283791670955125,31677.99,66.66,-14.0,13.7,1.056,-2.2,-1.5,2.7,18.4,-3.8,1.105,6,3,0,0,3
89.4,Target,,,,,0.0,0.0,4.023,0.0,0.0,,,,,,,,,
89.5,1,isocontour,11.283791670955125,29740.4,62.59,18.9,8.7,0.987,0.5,1.7,1.8,18.4,-3.8,1.105,6,6,0,0,6
89.5,2,isocontour,11.283791670955125,28430.65,59.83,9.4,18.4,0.997,0.7,-0.9,1.1,18.4,-3.8,1.105,6,3,0,0,3
89.5,3,isocontour,11.283791670955125,29344.27,61.75,15.8,14.0,0.972,1.0,0.1,1.0,18.4,-3.8,1.105,6,6,0,0,6
89.5,4,isocontour,11.283791670955125,34015.47,71.58,19.1,6.1,1.032,1.9,0.8,2.1,18.4,-3.8,1.105,6,7,0,0,7
89.5,5,isocontour,11.283791670955125,31670.2,66.65,18.8,6.9,1.033,1.8,-1.1,2.1,18.4,-3.8,1.105,6,7,0,0,7
89.5,6,isocontour,11.283791670955125,33502.93,70.5,18.5,-3.5,1.105,-0.6,-1.2,1.3,18.4,-3.8,1.105,6,6,0,0,6
89.5,7,isocontour,11.283791670955125,31553.97,66.4,-15.3,14.2,0.981,0.9,1.2,1.5,18.4,-3.8,1.105,6,3,0,0,3
89.5,8,isocontour,11.283791670955125,33777.46,71.08,18.7,-2.7,1.099,-1.5,-0.7,1.7,18.4,-3.8,1.105,6,7,0,0,7
89.5,9,isocontour,11.283791670955125,31808.04,66.94,20.0,4.8,0.999,-1.9,-2.4,3.1,18.4,-3.8,1.105,6,7,0,0,7
89.5,10,isocontour,11.283791670955125,31665.1,66.64,16.4,-12.4,1.001,0.2,1.2,1.2,18.4,-3.8,1.105,6,4,0,0,4
89.5,11,isocontour,11.283791670955125,33297.8,70.07,-17.7,-8.7,1.05,0.8,-0.6,1.0,18.4,-3.8,1.105,6,3,0,0,3
89.5,12,isocontour,11.283791670955125,31457.41,66.2,-13.3,-15.7,1.001,2.2,-1.1,2.5,18.4,-3.8,1.105,6,3,0,0,3
89.5,13,isocontour,11.283791670955125,29694.55,62.49,20.7,1.2,0.993,0.1,-3.0,3.0,18.4,-3.8,1.105,6,6,0,0,6
89.5,14,isocontour,11.283791670955125,31518.72,66.33,10.2,-16.9,1.05,1.8,0.2,1.8,18.4,-3.8,1.105,6,3,0,0,3
89.5,15,isocontour,11.283791670955125,29100.77,61.24,1.0,20.7,0.992,2.7,-1.1,2.9,18.4,-3.8,1.105,6,3,0,0,3
89.5,16,isocontour,11.283791670955125,46438.18,97.72,-24.9,22.0,0.505,-0.5,0.8,0.9,-24.9,22.0,0.507,16,0,0,0,0
89.5,17,isocontour,11.283791670955125,29004.9,61.04,8.8,17.8,1.04,-0.5,0.5,0.7,18.4,-3.8,1.105,6,3,0,0,3
89.5,18,isocontour,11.283791670955125,34955.03,73.56,-7.3,19.4,0.993,-1.4,-1.3,1.9,18.4,-3.8,1.105,6,3,0,0,3
89.5,19,isocontour,11.283791670955125,30859.91,64.94,-20.7,-1.5,0.99,0.2,4.5,4.5,18.4,-3.8,1.105,6,3,0,0,3
89.5,20,isocontour,11.283791670955125,32132.31,67.62,11.6,-17.4,0.985,1.7,0.4,1.7,18.4,-3.8,1.105,6,3,0,0,3
89.5,21,isocontour,11.283791670955125,31465.77,66.22,-5.0,-18.1,1.108,-0.8,0.6,1.0,-5.0,-18.1,1.105,21,2,0,0,2
89.5,22,isocontour,11.283791670955125,34064.03,71.68,-18.7,-9.9,0.97,0.5,-1.5,1.6,18.4,-3.8,1.105,6,3,0,0,3
89.5,23,isocontour,11.283791670955125,34819.43,73.27,-19.6,7.0,0.986,-1.6,-1.3,2.1,18.4,-3.8,1.105,6,3,0,0,3
89.5,24,isocontour,11.283791670955125,32256.41,67.88,2.2,-20.8,0.984,0.8,0.9,1.2,18.4,-3.8,1.105,6,3,0,0,3
89.5,25,isocontour,11.283791670955125,31670.71,66.65,-14.2,13.6,1.055,-1.3,-1.2,1.8,18.4,-3.8,1.105,6,3,0,0,3
89.5,Target,,,,,0.0,0.0,4.023,0.0,0.0,,,,,,,,,
89.6,1,isocontour,11.283791670955125,29739.2,62.58,19.0,8.8,0.981,0.7,0.7,1.0,18.4,-3.8,1.105,6,5,0,0,5
89.6,2,isocontour,11.283791670955125,28415.64,59.8,9.6,18.5,0.988,1.8,1.4,2.3,18.4,-3.8,1.105,6,3,0,0,3
89.6,3,isocontour,11.283791670955125,29341.84,61.75,15.8,13.9,0.976,-0.1,-1.2,1.2,18.4,-3.8,1.105,6,6,0,0,6
89.6,4,isocontour,11.283791670955125,33981.01,71.51,19.2,5.9,1.025,1.8,-2.4,3.0,18.4,-3.8,1.105,6,7,0,0,7
89.6,5,isocontour,11.283791670955125,31632.92,66.57,18.9,6.7,1.031,1.2,-2.8,3.0,18.4,-3.8,1.105,6,7,0,0,7
89.6,6,isocontour,11.283791670955125,33480.94,70.46,18.5,-3.3,1.108,-0.0,2.6,2.6,18.5,-3.3,1.105,6,6,0,0,6
89.6,7,isocontour,11.283791670955125,31551.87,66.4,-15.2,14.3,0.985,1.2,0.1,1.2,18.4,-3.8,1.105,6,3,0,0,3
89.6,8,isocontour,11.283791670955125,33758.61,71.04,18.7,-2.9,1.1,-0.4,-2.4,2.4,18.4,-3.8,1.105,6,6,0,0,6
89.6,9,isocontour,11.283791670955125,31786.56,66.89,20.0,5.0,1.0,-0.5,2.5,2.5,18.4,-3.8,1.105,6,7,0,0,7
89.6,10,isocontour,11.283791670955125,31655.84,66.62,16.6,-12.4,0.996,1.8,0.6,1.9,18.4,-3.8,1.105,6,4,0,0,4
89.6,11,isocontour,11.283791670955125,33276.57,70.03,-17.6,-8.9,1.049,0.9,-2.4,2.6,18.4,-3.8,1.105,6,3,0,0,3
89.6,12,isocontour,11.283791670955125,31453.45,66.19,-13.2,-15.9,0.998,0.5,-1.4,1.5,-5.0,-18.1,1.108,21,3,0,0,3
89.6,13,isocontour,11.283791670955125,29562.84,62.21,20.8,0.8,0.987,1.5,-4.4,4.6,18.4,-3.8,1.105,6,6,0,0,6
89.6,14,isocontour,11.283791670955125,31515.0,66.32,10.2,-16.8,1.053,0.8,1.2,1.4,18.4,-3.8,1.105,6,3,0,0,3
89.6,15,isocontour,11.283791670955125,29091.51,61.22,1.0,20.8,0.985,-0.8,1.8,2.0,18.4,-3.8,1.105,6,3,0,0,3
89.6,16,isocontour,11.283791670955125,46437.08,97.72,-24.9,22.1,0.502,-0.3,0.9,0.9,-24.9,22.1,0.507,16,0,0,0,0
89.6,17,isocontour,11.283791670955125,28996.73,61.02,8.6,17.9,1.043,-1.8,0.3,1.8,18.4,-3.8,1.105,6,3,0,0,3
89.6,18,isocontour,11.283791670955125,34926.38,73.5,-7.5,19.3,0.992,-2.7,-0.7,2.8,18.4,-3.8,1.105,6,3,0,0,3
89.6,19,isocontour,11.283791670955125,30857.11,64.93,-20.6,-1.5,0.994,0.9,-0.9,1.3,18.4,-3.8,1.105,6,3,0,0,3
89.6,20,isocontour,11.283791670955125,32122.16,67.6,11.6,-17.2,0.991,0.4,1.9,1.9,18.4,-3.8,1.105,6,3,0,0,3
89.6,21,isocontour,11.283791670955125,31443.53,66.17,-5.2,-18.1,1.105,-2.6,0.2,2.6,-5.2,-18.1,1.108,21,2,0,0,2
89.6,22,isocontour,11.283791670955125,34049.98,71.65,-18.5,-9.9,0.978,2.2,-0.4,2.2,18.4,-3.8,1.105,6,3,0,0,3
89.6,23,isocontour,11.283791670955125,34765.76,73.16,-19.8,6.7,0.983,-1.6,-3.1,3.5,18.4,-3.8,1.105,6,3,0,0,3
89.6,24,isocontour,11.283791670955125,32241.0,67.85,2.4,-20.7,0.985,2.3,0.4,2.3,-5.0,-18.1,1.108,21,3,0,0,3
89.6,25,isocontour,11.283791670955125,31669.39,66.64,-14.1,13.6,1.056,0.8,0.6,1.0,18.4,-3.8,1.105,6,3,0,0,3
89.6,Target,,,,,0.0,0.0,4.023,0.0,0.0,,,,,,,,,
89.7,1,isocontour,11.283791670955125,29724.96,62.55,19.0,8.6,0.987,-0.5,-2.2,2.3,18.4,-3.8,1.105,6,5,0,0,5
89.7,2,isocontour,11.283791670955125,28366.87,59.69,9.3,18.5,0.991,-3.3,0.5,3.3,18.4,-3.8,1.105,6,3,0,0,3
89.7,3,isocontour,11.283791670955125,29339.89,61.74,15.8,13.8,0.98,0.1,-1.1,1.1,18.4,-3.8,1.105,6,6,0,0,6
89.7,4,isocontour,11.283791670955125,33951.43,71.45,19.4,5.7,1.023,1.0,-2.7,2.9,18.5,-3.3,1.108,6,7,0,0,7
89.7,5,isocontour,11.283791670955125,31628.45,66.56,19.0,6.6,1.027,1.2,-0.9,1.5,18.5,-3.3,1.108,6,7,0,0,7
89.7,6,isocontour,11.283791670955125,33479.62,70.45,18.4,-3.4,1.111,-0.5,-0.8,0.9,18.4,-3.4,1.108,6,6,0,0,6
89.7,7,isocontour,11.283791670955125,31526.7,66.34,-15.0,14.3,0.993,2.7,0.4,2.7,18.4,-3.8,1.105,6,3,0,0,3
89.7,8,isocontour,11.283791670955125,33651.93,70.82,18.7,-2.6,1.099,0.9,4.3,4.4,18.5,-3.3,1.108,6,6,0,0,6
89.7,9,isocontour,11.283791670955125,31781.73,66.88,20.1,5.1,0.993,1.5,0.1,1.5,18.5,-3.3,1.108,6,7,0,0,7
89.7,10,isocontour,11.283791670955125,31591.39,66.48,16.9,-12.2,0.988,3.2,1.9,3.7,18.5,-3.3,1.108,6,4,0,0,4
89.7,11,isocontour,11.283791670955125,33256.55,69.98,-17.5,-9.1,1.047,0.7,-2.4,2.5,-5.0,-18.1,1.108,21,3,0,0,3
89.7,12,isocontour,11.283791670955125,31420.34,66.12,-13.1,-16.1,0.989,0.8,-2.9,3.0,-5.0,-18.1,1.108,21,3,0,0,3
89.7,13,isocontour,11.283791670955125,29559.2,62.2,20.9,0.8,0.982,0.8,1.2,1.4,18.5,-3.3,1.108,6,6,0,0,6
89.7,14,isocontour,11.283791670955125,31489.55,66.27,10.5,-16.7,1.053,2.3,1.5,2.7,-5.0,-18.1,1.108,21,3,0,0,3
89.7,15,isocontour,11.283791670955125,29083.86,61.2,0.9,20.8,0.99,-1.3,-1.3,1.8,18.4,-3.8,1.105,6,3,0,0,3
89.7,16,isocontour,11.283791670955125,46435.98,97.72,-24.8,22.1,0.504,0.9,-0.1,0.9,-24.8,22.1,0.507,16,0,0,0,0
89.7,17,isocontour,11.283791670955125,28990.92,61.01,8.5,18.0,1.039,-0.8,1.4,1.6,18.4,-3.8,1.105,6,3,0,0,3
89.7,18,isocontour,11.283791670955125,34925.76,73.5,-7.6,19.4,0.989,0.2,0.8,0.8,18.4,-3.8,1.105,6,3,0,0,3
89.7,19,isocontour,11.283791670955125,30855.41,64.93,-20.6,-1.6,0.996,0.3,-1.0,1.0,18.4,-3.8,1.105,6,3,0,0,3
89.7,20,isocontour,11.283791670955125,32092.58,67.53,11.5,-17.4,0.988,-1.8,-2.2,2.8,-5.0,-18.1,1.108,21,3,0,0,3
89.7,21,isocontour,11.283791670955125,31442.47,66.17,-5.3,-18.0,1.106,-0.8,0.4,0.9,-5.3,-18.0,1.108,21,2,0,0,2
89.7,22,isocontour,11.283791670955125,34014.48,71.58,-18.2,-10.1,0.986,2.6,-1.6,3.1,-5.0,-18.1,1.108,21,3,0,0,3
89.7,23,isocontour,11.283791670955125,34755.91,73.14,-19.8,6.5,0.985,-0.0,-2.0,2.0,18.4,-3.8,1.105,6,3,0,0,3
89.7,24,isocontour,11.283791670955125,32218.51,67.8,2.6,-20.6,0.989,2.4,1.0,2.6,-5.0,-18.1,1.108,21,3,0,0,3
89.7,25,isocontour,11.283791670955125,31663.68,66.63,-14.0,13.7,1.061,1.6,0.3,1.6,18.4,-3.8,1.105,6,3,0,0,3
89.7,Target,,,,,0.0,0.0,4.023,0.0,0.0,,,,,,,,,
89.8,1,isocontour,11.283791670955125,29719.04,62.54,19.0,8.5,0.987,0.9,-1.4,1.7,18.5,-3.3,1.108,6,6,0,0,6
89.8,2,isocontour,11.283791670955125,28364.83,59.69,9.3,18.5,0.996,0.3,-1.1,1.1,18.4,-3.8,1.105,6,3,0,0,3
89.8,3,isocontour,11.283791670955125,29337.58,61.74,15.8,13.7,0.982,0.5,-1.1,1.2,18.5,-3.3,1.108,6,6,0,0,6
89.8,4,isocontour,11.283791670955125,33930.2,71.4,19.4,5.9,1.02,-0.2,2.5,2.5,18.4,-3.4,1.111,6,7,0,0,7
89.8,5,isocontour,11.283791670955125,31625.1,66.55,19.1,6.5,1.02,1.4,-0.2,1.4,18.4,-3.4,1.111,6,7,0,0,7
89.8,6,isocontour,11.283791670955125,33478.42,70.45,18.5,-3.3,1.109,0.5,0.8,0.9,18.5,-3.3,1.111,6,6,0,0,6
89.8,7,isocontour,11.283791670955125,31525.3,66.34,-14.9,14.2,0.998,-0.1,-1.0,1.0,18.4,-3.8,1.105,6,3,0,0,3
89.8,8,isocontour,11.283791670955125,33651.41,70.82,18.8,-2.5,1.098,0.2,0.7,0.7,18.4,-3.4,1.111,6,7,0,0,7
89.8,9,isocontour,11.283791670955125,31776.22,66.87,20.2,5.0,0.986,1.5,-0.6,1.6,18.4,-3.4,1.111,6,7,0,0,7
89.8,10,isocontour,11.283791670955125,31537.26,66.37,16.9,-11.9,0.999,-0.5,3.4,3.4,18.4,-3.4,1.111,6,4,0,0,4
89.8,11,isocontour,11.283791670955125,33233.54,69.94,-17.5,-9.0,1.051,-0.2,2.6,2.6,-5.0,-18.1,1.108,21,3,0,0,3
89.8,12,isocontour,11.283791670955125,31419.43,66.12,-13.1,-16.1,0.991,0.1,0.9,0.9,-5.0,-18.1,1.108,21,3,0,0,3
89.8,13,isocontour,11.283791670955125,29556.82,62.2,20.8,0.9,0.986,-1.0,0.7,1.2,18.4,-3.4,1.111,6,6,0,0,6
89.8,14,isocontour,11.283791670955125,31466.01,66.22,10.3,-16.8,1.051,-1.9,-1.8,2.6,-5.0,-18.1,1.108,21,3,0,0,3
89.8,15,isocontour,11.283791670955125,29048.35,61.13,1.1,20.7,0.993,3.0,-0.7,3.1,18.4,-3.8,1.105,6,3,0,0,3
89.8,16,isocontour,11.283791670955125,46434.88,97.72,-24.9,22.2,0.502,-0.5,0.8,0.9,-24.9,22.2,0.507,16,0,0,0,0
89.8,17,isocontour,11.283791670955125,28987.35,61.0,8.4,18.1,1.035,-0.9,1.1,1.4,18.4,-3.8,1.105,6,3,0,0,3
89.8,18,isocontour,11.283791670955125,34907.15,73.46,-7.7,19.2,0.993,-1.7,-1.8,2.5,18.4,-3.8,1.105,6,3,0,0,3
89.8,19,isocontour,11.283791670955125,30854.41,64.93,-20.7,-1.6,0.992,-0.9,0.2,0.9,-5.0,-18.1,1.108,21,3,0,0,3
89.8,20,isocontour,11.283791670955125,32091.02,67.53,11.4,-17.5,0.983,-0.2,-1.0,1.0,-5.0,-18.1,1.108,21,3,0,0,3
89.8,21,isocontour,11.283791670955125,31429.34,66.14,-5.4,-18.2,1.094,-0.5,-2.1,2.2,-5.4,-18.2,1.108,21,2,0,0,2
89.8,22,isocontour,11.283791670955125,34009.37,71.57,-18.3,-10.0,0.988,-0.7,1.4,1.6,-5.0,-18.1,1.108,21,3,0,0,3
89.8,23,isocontour,11.283791670955125,34738.84,73.1,-19.7,6.3,0.992,0.8,-2.2,2.3,18.4,-3.8,1.105,6,3,0,0,3
89.8,24,isocontour,11.283791670955125,32213.68,67.79,2.6,-20.5,0.997,-0.1,1.5,1.5,-5.0,-18.1,1.108,21,3,0,0,3
89.8,25,isocontour,11.283791670955125,31633.79,66.57,-13.9,13.9,1.055,0.9,2.7,2.8,18.4,-3.8,1.105,6,3,0,0,3
89.8,Target,,,,,0.0,0.0,4.023,0.0,0.0,,,,,,,,,
89.9,1,isocontour,11.283791670955125,29681.76,62.46,19.0,8.2,0.993,-0.1,-3.1,3.1,18.4,-3.4,1.111,6,6,0,0,6
89.9,2,isocontour,11.283791670955125,28364.4,59.69,9.3,18.5,0.993,0.2,0.7,0.7,18.5,-3.3,1.108,6,3,0,0,3
89.9,3,isocontour,11.283791670955125,29324.98,61.71,15.7,13.5,0.992,-1.3,-1.7,2.1,18.4,-3.4,1.111,6,6,0,0,6
89.9,4,isocontour,11.283791670955125,33929.23,71.4,19.3,5.9,1.022,-0.7,0.6,0.9,18.4,-3.4,1.111,6,7,0,0,7
89.9,5,isocontour,11.283791670955125,31606.26,66.51,19.2,6.7,1.014,0.2,2.4,2.4,18.4,-3.4,1.111,6,7,0,0,7
89.9,6,isocontour,11.283791670955125,33475.21,70.44,18.4,-3.4,1.111,-0.6,-1.2,1.3,18.4,-3.4,1.111,6,6,0,0,6
89.9,7,isocontour,11.283791670955125,31494.47,66.28,-15.1,14.4,0.985,-1.9,2.2,2.9,18.4,-3.8,1.105,6,3,0,0,3
89.9,8,isocontour,11.283791670955125,33615.2,70.74,18.8,-2.7,1.097,-0.3,-3.0,3.0,18.4,-3.4,1.111,6,7,0,0,7
89.9,9,isocontour,11.283791670955125,31742.1,66.8,20.2,4.7,0.988,-0.2,-3.0,3.0,18.4,-3.4,1.111,6,7,0,0,7
89.9,10,isocontour,11.283791670955125,31535.05,66.36,16.8,-11.7,1.005,-0.3,1.2,1.2,18.4,-3.4,1.111,6,4,0,0,4
89.9,11,isocontour,11.283791670955125,33228.61,69.93,-17.5,-8.8,1.058,0.4,1.5,1.6,-5.0,-18.1,1.108,21,3,0,0,3
89.9,12,isocontour,11.283791670955125,31419.04,66.12,-13.1,-16.1,0.99,-0.7,0.1,0.7,-5.0,-18.1,1.108,21,3,0,0,3
89.9,13,isocontour,11.283791670955125,29533.54,62.15,20.7,1.1,0.99,-0.8,2.5,2.6,18.4,-3.4,1.111,6,6,0,0,6
89.9,14,isocontour,11.283791670955125,31444.02,66.17,10.5,-16.7,1.048,2.4,1.0,2.6,18.4,-3.4,1.111,6,3,0,0,3
89.9,15,isocontour,11.283791670955125,29034.3,61.1,1.3,20.8,0.985,1.5,1.7,2.3,18.4,-3.8,1.105,6,3,0,0,3
89.9,16,isocontour,11.283791670955125,46433.78,97.71,-24.9,22.1,0.503,0.1,-0.9,0.9,-24.9,22.1,0.507,16,0,0,0,0
89.9,17,isocontour,11.283791670955125,28964.33,60.95,8.2,18.2,1.037,-2.6,0.6,2.7,18.5,-3.3,1.108,6,3,0,0,3
89.9,18,isocontour,11.283791670955125,34896.22,73.43,-7.9,19.3,0.986,-1.6,1.3,2.1,18.4,-3.8,1.105,6,3,0,0,3
89.9,19,isocontour,11.283791670955125,30835.1,64.89,-20.8,-1.8,0.982,-1.8,-1.7,2.5,-5.0,-18.1,1.108,21,3,0,0,3
89.9,20,isocontour,11.283791670955125,32088.08,67.53,11.5,-17.4,0.984,0.9,0.9,1.3,18.4,-3.4,1.111,6,3,0,0,3
89.9,21,isocontour,11.283791670955125,31428.46,66.14,-5.3,-18.3,1.092,0.8,-0.4,0.9,-5.3,-18.3,1.108,21,2,0,0,2
89.9,22,isocontour,11.283791670955125,34000.93,71.55,-18.2,-9.8,0.994,0.5,1.8,1.9,-5.0,-18.1,1.108,21,3,0,0,3
89.9,23,isocontour,11.283791670955125,34731.06,73.09,-19.9,6.3,0.985,-1.6,0.8,1.8,-5.0,-18.1,1.108,21,3,0,0,3
89.9,24,isocontour,11.283791670955125,32211.3,67.78,2.5,-20.4,0.999,-1.2,0.1,1.2,-5.0,-18.1,1.108,21,3,0,0,3
89.9,25,isocontour,11.283791670955125,31632.72,66.57,-13.9,13.9,1.053,-0.8,-0.5,0.9,18.4,-3.8,1.105,6,3,0,0,3
89.9,Target,,,,,0.0,0.0,4.023,0.0,0.0,,,,,,,,,
90.0,1,isocontour,11.283791670955125,29644.84,62.38,19.2,7.9,0.992,1.5,-2.7,3.1,19.2,7.9,0.993,1,6,0,0,6
90.0,2,isocontour,11.283791670955125,28362.25,59.68,9.3,18.6,0.989,-0.4,1.1,1.2,9.3,18.6,0.993,2,3,0,0,3
90.0,3,isocontour,11.283791670955125,29321.56,61.7,15.8,13.4,0.991,1.2,-0.7,1.4,15.8,13.4,0.992,3,6,0,0,6
90.0,4,isocontour,11.283791670955125,33928.03,71.4,19.2,6.0,1.026,-0.8,0.5,0.9,19.2,6.0,1.022,4,7,0,0,7
90.0,5,isocontour,11.283791670955125,31603.26,66.51,19.1,6.8,1.019,-1.3,0.3,1.3,19.1,6.8,1.014,5,7,0,0,7
90.0,6,isocontour,11.283791670955125,33448.91,70.39,18.5,-3.2,1.11,0.7,2.6,2.7,18.5,-3.2,1.111,6,6,0,0,6
90.0,7,isocontour,11.283791670955125,31493.5,66.27,-15.1,14.4,0.987,0.7,-0.5,0.9,-15.1,14.4,0.985,7,3,0,0,3
90.0,8,isocontour,11.283791670955125,33614.7,70.74,18.7,-2.7,1.098,-0.2,0.7,0.7,18.7,-2.7,1.097,8,7,0,0,7
90.0,9,isocontour,11.283791670955125,31733.93,66.78,20.2,4.9,0.989,-0.3,1.8,1.8,20.2,4.9,0.988,9,7,0,0,7
90.0,10,isocontour,11.283791670955125,31533.11,66.36,16.9,-11.7,1.002,1.1,0.1,1.1,16.9,-11.7,1.005,10,4,0,0,4
90.0,11,isocontour,11.283791670955125,33225.34,69.92,-17.5,-8.9,1.055,-0.2,-1.3,1.3,-17.5,-8.9,1.058,11,3,0,0,3
90.0,12,isocontour,11.283791670955125,31398.06,66.07,-13.2,-16.3,0.98,-0.3,-2.5,2.5,-13.2,-16.3,0.99,12,3,0,0,3
90.0,13,isocontour,11.283791670955125,29511.05,62.1,20.7,1.3,0.993,-0.7,2.5,2.6,20.7,1.3,0.99,13,6,0,0,6
90.0,14,isocontour,11.283791670955125,31441.76,66.17,10.4,-16.7,1.052,-1.2,0.2,1.2,10.4,-16.7,1.048,14,3,0,0,3
90.0,15,isocontour,11.283791670955125,29031.81,61.09,1.2,20.8,0.988,-1.0,-0.7,1.2,1.2,20.8,0.985,15,3,0,0,3
90.0,16,isocontour,11.283791670955125,46432.68,97.71,-24.9,22.1,0.502,-0.4,0.9,1.0,-24.9,22.1,0.503,16,0,0,0,0
90.0,17,isocontour,11.283791670955125,28935.06,60.89,8.4,18.1,1.037,2.6,-1.2,2.9,8.4,18.1,1.037,17,3,0,0,3
90.0,18,isocontour,11.283791670955125,34895.02,73.43,-7.9,19.3,0.986,-0.8,-0.6,1.0,-7.9,19.3,0.986,18,3,0,0,3
90.0,19,isocontour,11.283791670955125,30835.0,64.89,-20.9,-1.7,0.979,-0.3,0.3,0.4,-20.9,-1.7,0.982,19,3,0,0,3
90.0,20,isocontour,11.283791670955125,32072.27,67.49,11.3,-17.5,0.985,-2.0,-1.1,2.3,11.3,-17.5,0.984,20,3,0,0,3
90.0,21,isocontour,11.283791670955125,31427.06,66.13,-5.2,-18.3,1.09,0.8,-0.6,1.0,-5.2,-18.3,1.092,21,2,0,0,2
90.0,22,isocontour,11.283791670955125,34000.37,71.55,-18.3,-9.8,0.991,-0.7,-0.3,0.8,-18.3,-9.8,0.994,22,3,0,0,3
90.0,23,isocontour,11.283791670955125,34622.92,72.86,-19.8,6.7,0.984,1.3,4.2,4.4,-19.8,6.7,0.985,23,3,0,0,3
90.0,24,isocontour,11.283791670955125,32210.06,67.78,2.6,-20.5,0.997,0.9,-0.4,1.0,2.6,-20.5,0.999,24,3,0,0,3
90.0,25,isocontour,11.283791670955125,31628.34,66.56,-14.0,13.8,1.052,-1.2,-0.9,1.5,-14.0,13.8,1.053,25,3,0,0,3
90.0,Target,,,,,0.0,0.0,4.023,0.0,0.0,,,,,,,,,
90.1,1,isocontour,11.283791670955125,29582.45,62.25,19.3,8.2,0.98,1.2,3.4,3.6,18.5,-3.2,1.111,6,7,0,0,7
90.1,2,isocontour,11.283791670955125,28355.21,59.67,9.4,18.6,0.984,1.8,0.1,1.8,8.4,18.1,1.037,17,3,0,0,3
90.1,3,isocontour,11.283791670955125,29178.66,61.4,15.6,13.8,0.988,-2.7,4.0,4.8,8.4,18.1,1.037,17,6,0,0,6
90.1,4,isocontour,11.283791670955125,33927.09,71.4,19.2,6.1,1.028,-0.6,0.6,0.8,18.5,-3.2,1.111,6,7,0,0,7
90.1,5,isocontour,11.283791670955125,31600.82,66.5,19.0,6.7,1.022,-0.1,-1.2,1.2,18.5,-3.2,1.111,6,7,0,0,7
90.1,6,isocontour,11.283791670955125,33417.76,70.32,18.4,-3.4,1.113,-1.0,-2.7,2.9,18.4,-3.4,1.111,6,7,0,0,7
90.1,7,isocontour,11.283791670955125,31489.21,66.27,-15.0,14.3,0.994,1.0,-1.1,1.5,-14.0,13.8,1.053,25,3,0,0,3
90.1,8,isocontour,11.283791670955125,33612.15,70.73,18.7,-2.8,1.098,-0.1,-1.2,1.2,18.5,-3.2,1.111,6,7,0,0,7
90.1,9,isocontour,11.283791670955125,31733.27,66.78,20.2,4.9,0.991,-0.6,0.5,0.8,18.5,-3.2,1.111,6,7,0,0,7
90.1,10,isocontour,11.283791670955125,31517.7,66.33,17.0,-11.5,1.004,0.8,2.2,2.3,18.5,-3.2,1.111,6,4,0,0,4
90.1,11,isocontour,11.283791670955125,33201.26,69.87,-17.5,-9.1,1.047,-0.2,-2.7,2.7,-17.5,-9.1,1.058,11,3,0,0,3
90.1,12,isocontour,11.283791670955125,31377.56,66.03,-13.4,-16.4,0.968,-2.4,-0.8,2.5,-5.2,-18.3,1.092,21,3,0,0,3
90.1,13,isocontour,11.283791670955125,29505.74,62.09,20.7,1.3,0.99,0.9,-1.3,1.6,18.5,-3.2,1.111,6,6,0,0,6
90.1,14,isocontour,11.283791670955125,31414.88,66.11,10.6,-16.5,1.056,1.8,2.1,2.8,10.6,-16.5,1.052,14,3,0,0,3
90.1,15,isocontour,11.283791670955125,28993.8,61.01,1.5,20.7,0.991,3.0,-0.7,3.1,8.4,18.1,1.037,17,3,0,0,3
90.1,16,isocontour,11.283791670955125,46431.58,97.71,-24.8,22.2,0.502,0.9,0.3,0.9,-24.8,22.2,0.503,16,0,0,0,0
90.1,17,isocontour,11.283791670955125,28929.25,60.88,8.5,17.9,1.043,0.6,-1.5,1.6,8.5,17.9,1.037,17,3,0,0,3
90.1,18,isocontour,11.283791670955125,34881.52,73.4,-8.0,19.1,0.994,-0.7,-2.1,2.2,-14.0,13.8,1.053,25,3,0,0,3
90.1,19,isocontour,11.283791670955125,30829.59,64.88,-20.8,-1.8,0.985,1.4,-0.8,1.6,-17.5,-8.9,1.058,11,3,0,0,3
90.1,20,isocontour,11.283791670955125,32059.85,67.47,11.4,-17.3,0.992,0.6,2.0,2.1,10.4,-16.7,1.052,14,3,0,0,3
90.1,21,isocontour,11.283791670955125,31396.86,66.07,-5.0,-18.4,1.089,2.8,-0.8,2.9,-5.0,-18.4,1.092,21,2,0,0,2
90.1,22,isocontour,11.283791670955125,33980.59,71.51,-18.4,-9.6,0.988,-1.6,1.9,2.5,-17.5,-8.9,1.058,11,3,0,0,3
90.1,23,isocontour,11.283791670955125,34588.79,72.79,-19.7,7.0,0.985,1.2,2.7,3.0,-14.0,13.8,1.053,25,3,0,0,3
90.1,24,isocontour,11.283791670955125,32209.49,67.78,2.7,-20.5,0.994,0.6,-0.4,0.7,-5.2,-18.3,1.092,21,3,0,0,3
90.1,25,isocontour,11.283791670955125,31602.04,66.5,-14.2,13.6,1.055,-1.3,-2.4,2.7,-14.2,13.6,1.053,25,3,0,0,3
90.1,Target,,,,,0.0,0.0,4.023,0.0,0.0,,,,,,,,,
90.2,1,isocontour,11.283791670955125,29582.02,62.25,19.3,8.3,0.979,-0.4,0.6,0.7,18.5,-3.2,1.111,6,6,0,0,6
90.2,2,isocontour,11.283791670955125,28330.03,59.62,9.2,18.6,0.991,-2.7,-0.4,2.7,8.5,17.9,1.043,17,3,0,0,3
90.2,3,isocontour,11.283791670955125,29167.9,61.38,15.7,13.7,0.987,1.5,-1.4,2.1,18.5,-3.2,1.111,6,6,0,0,6
90.2,4,isocontour,11.283791670955125,33926.67,71.39,19.1,6.1,1.028,-0.0,0.7,0.7,18.4,-3.4,1.113,6,7,0,0,7
90.2,5,isocontour,11.283791670955125,31565.67,66.43,19.1,6.4,1.027,0.1,-3.0,3.0,18.4,-3.4,1.113,6,7,0,0,7
90.2,6,isocontour,11.283791670955125,33398.22,70.28,18.5,-3.2,1.11,1.1,2.2,2.5,18.5,-3.2,1.113,6,6,0,0,6
90.2,7,isocontour,11.283791670955125,31471.26,66.23,-15.1,14.1,0.999,-1.1,-2.2,2.5,-14.2,13.6,1.055,25,3,0,0,3
90.2,8,isocontour,11.283791670955125,33594.2,70.69,18.6,-2.6,1.104,-0.9,2.2,2.4,18.4,-3.4,1.113,6,7,0,0,7
90.2,9,isocontour,11.283791670955125,31731.01,66.77,20.2,4.8,0.992,0.2,-1.2,1.2,18.4,-3.4,1.113,6,7,0,0,7
90.2,10,isocontour,11.283791670955125,31455.31,66.19,17.3,-11.3,0.995,3.3,1.6,3.7,18.4,-3.4,1.113,6,4,0,0,4
90.2,11,isocontour,11.283791670955125,33175.53,69.81,-17.7,-9.0,1.045,-1.3,2.4,2.7,-5.2,-18.3,1.092,21,3,0,0,3
90.2,12,isocontour,11.283791670955125,31376.04,66.03,-13.5,-16.4,0.966,-0.8,0.6,1.0,-5.2,-18.3,1.092,21,3,0,0,3
90.2,13,isocontour,11.283791670955125,29503.95,62.09,20.8,1.3,0.987,0.3,1.1,1.1,18.4,-3.4,1.113,6,6,0,0,6
90.2,14,isocontour,11.283791670955125,31408.19,66.09,10.6,-16.3,1.063,0.4,1.7,1.7,18.5,-3.2,1.111,6,3,0,0,3
90.2,15,isocontour,11.283791670955125,28967.79,60.96,1.7,20.7,0.989,2.7,0.2,2.7,-14.0,13.8,1.053,25,3,0,0,3
90.2,16,isocontour,11.283791670955125,46430.48,97.71,-24.8,22.1,0.505,0.7,-0.7,1.0,-24.8,22.1,0.503,16,0,0,0,0
90.2,17,isocontour,11.283791670955125,28924.87,60.87,8.4,18.0,1.043,-1.3,0.8,1.5,8.4,18.0,1.043,17,3,0,0,3
90.2,18,isocontour,11.283791670955125,34852.56,73.34,-8.2,19.2,0.983,-2.2,1.8,2.8,-14.2,13.6,1.055,25,3,0,0,3
90.2,19,isocontour,11.283791670955125,30826.53,64.87,-20.7,-1.9,0.99,0.7,-1.1,1.3,-17.5,-8.9,1.058,11,3,0,0,3
90.2,20,isocontour,11.283791670955125,32051.14,67.45,11.4,-17.5,0.984,0.8,-1.7,1.9,18.5,-3.2,1.111,6,3,0,0,3
90.2,21,isocontour,11.283791670955125,31395.8,66.07,-4.9,-18.5,1.088,0.8,-0.5,0.9,-5.2,-18.3,1.092,21,2,0,0,2
90.2,22,isocontour,11.283791670955125,33978.84,71.5,-18.4,-9.6,0.993,0.9,0.6,1.1,-5.2,-18.3,1.092,21,3,0,0,3
90.2,23,isocontour,11.283791670955125,34561.92,72.73,-19.5,7.2,0.99,1.9,2.0,2.8,-17.5,-8.9,1.058,11,3,0,0,3
90.2,24,isocontour,11.283791670955125,32202.57,67.77,2.6,-20.6,0.988,-1.1,-1.3,1.7,-5.2,-18.3,1.092,21,3,0,0,3
90.2,25,isocontour,11.283791670955125,31593.06,66.48,-14.2,13.7,1.051,0.4,1.9,1.9,-14.2,13.7,1.055,25,3,0,0,3
90.2,Target,,,,,0.0,0.0,4.023,0.0,0.0,,,,,,,,,
90.3,1,isocontour,11.283791670955125,29558.48,62.2,19.3,8.0,0.98,0.7,-2.5,2.6,18.4,-3.4,1.113,6,6,0,0,6
90.3,2,isocontour,11.283791670955125,28328.59,59.61,9.1,18.5,0.996,-0.9,-0.5,1.0,18.5,-3.2,1.111,6,3,0,0,3
90.3,3,isocontour,11.283791670955125,29165.52,61.38,15.7,13.6,0.989,0.3,-1.2,1.2,18.4,-3.4,1.113,6,6,0,0,6
90.3,4,isocontour,11.283791670955125,33923.73,71.39,19.2,6.0,1.026,0.8,-1.1,1.4,18.4,-3.4,1.113,6,7,0,0,7
90.3,5,isocontour,11.283791670955125,31476.82,66.24,19.2,6.7,1.015,1.4,3.9,4.1,18.4,-3.4,1.113,6,7,0,0,7
90.3,6,isocontour,11.283791670955125,33377.23,70.24,18.6,-3.0,1.106,1.0,2.3,2.5,18.4,-3.4,1.113,6,6,0,0,6
90.3,7,isocontour,11.283791670955125,31449.28,66.18,-15.2,14.2,0.988,-1.0,2.4,2.6,-17.5,-8.9,1.058,11,3,0,0,3
90.3,8,isocontour,11.283791670955125,33593.59,70.69,18.7,-2.5,1.104,0.4,0.6,0.7,18.4,-3.4,1.113,6,7,0,0,7
90.3,9,isocontour,11.283791670955125,31728.14,66.77,20.3,4.8,0.986,1.3,-0.0,1.3,18.4,-3.4,1.113,6,7,0,0,7
90.3,10,isocontour,11.283791670955125,31454.34,66.19,17.4,-11.3,0.99,0.7,-0.5,0.9,18.4,-3.4,1.113,6,4,0,0,4
90.3,11,isocontour,11.283791670955125,33153.29,69.77,-17.7,-8.7,1.047,-0.9,2.4,2.6,-5.2,-18.3,1.092,21,3,0,0,3
90.3,12,isocontour,11.283791670955125,31352.5,65.98,-13.6,-16.1,0.971,-1.1,2.4,2.6,-5.2,-18.3,1.092,21,3,0,0,3
90.3,13,isocontour,11.283791670955125,29483.45,62.04,20.7,1.6,0.989,-0.5,2.5,2.5,18.4,-3.4,1.113,6,6,0,0,6
90.3,14,isocontour,11.283791670955125,31388.88,66.05,10.8,-16.3,1.061,2.3,0.8,2.4,18.4,-3.4,1.113,6,3,0,0,3
90.3,15,isocontour,11.283791670955125,28966.85,60.96,1.8,20.7,0.986,0.8,0.4,0.9,-14.2,13.6,1.055,25,3,0,0,3
90.3,16,isocontour,11.283791670955125,46429.38,97.7,-24.8,22.2,0.503,-0.8,0.5,0.9,-24.8,22.2,0.505,16,0,0,0,0
90.3,17,isocontour,11.283791670955125,28917.46,60.85,8.5,17.9,1.046,1.2,-1.3,1.8,18.5,-3.2,1.111,6,3,0,0,3
90.3,18,isocontour,11.283791670955125,34852.14,73.34,-8.2,19.3,0.979,0.4,0.6,0.7,-14.2,13.6,1.055,25,3,0,0,3
90.3,19,isocontour,11.283791670955125,30797.87,64.81,-20.5,-2.1,0.997,1.7,-2.2,2.8,-5.2,-18.3,1.092,21,3,0,0,3
90.3,20,isocontour,11.283791670955125,32046.67,67.44,11.6,-17.5,0.977,1.5,-0.4,1.6,18.4,-3.4,1.113,6,3,0,0,3
90.3,21,isocontour,11.283791670955125,31377.18,66.03,-4.7,-18.5,1.092,2.4,0.1,2.4,-5.2,-18.3,1.092,21,2,0,0,2
90.3,22,isocontour,11.283791670955125,33976.95,71.5,-18.3,-9.5,0.999,1.1,0.4,1.2,-5.2,-18.3,1.092,21,3,0,0,3
90.3,23,isocontour,11.283791670955125,34549.14,72.7,-19.4,7.4,0.989,0.5,2.1,2.2,-17.5,-8.9,1.058,11,3,0,0,3
90.3,24,isocontour,11.283791670955125,32129.43,67.61,2.9,-20.5,0.992,3.6,1.5,3.9,18.5,-3.2,1.111,6,3,0,0,3
90.3,25,isocontour,11.283791670955125,31566.18,66.43,-14.4,13.7,1.041,-2.7,-0.3,2.7,-17.5,-8.9,1.058,11,3,0,0,3
90.3,Target,,,,,0.0,0.0,4.023,0.0,0.0,,,,,,,,,
90.4,1,isocontour,11.283791670955125,29555.74,62.2,19.3,7.9,0.983,-0.0,-1.3,1.3,18.4,-3.4,1.113,6,7,0,0,7
90.4,2,isocontour,11.283791670955125,28327.53,59.61,9.1,18.6,0.993,0.3,0.9,0.9,18.4,-3.4,1.113,6,3,0,0,3
90.4,3,isocontour,11.283791670955125,29144.78,61.33,15.5,13.6,0.999,-2.5,-0.0,2.5,18.4,-3.4,1.113,6,6,0,0,6
90.4,4,isocontour,11.283791670955125,33902.75,71.34,19.1,6.2,1.027,-1.1,2.3,2.5,18.4,-3.4,1.113,6,7,0,0,7
90.4,5,isocontour,11.283791670955125,31460.38,66.2,19.1,6.9,1.015,-1.3,2.0,2.4,18.4,-3.4,1.113,6,7,0,0,7
90.4,6,isocontour,11.283791670955125,33375.75,70.24,18.5,-2.9,1.111,-1.0,0.4,1.1,18.4,-3.4,1.113,6,7,0,0,7
90.4,7,isocontour,11.283791670955125,31442.59,66.17,-15.3,14.3,0.978,-1.5,0.9,1.7,-17.5,-8.9,1.058,11,3,0,0,3
90.4,8,isocontour,11.283791670955125,33572.36,70.65,18.7,-2.3,1.103,0.3,2.5,2.5,18.4,-3.4,1.113,6,7,0,0,7
90.4,9,isocontour,11.283791670955125,31722.33,66.76,20.4,4.9,0.979,1.0,1.3,1.6,18.4,-3.4,1.113,6,7,0,0,7
90.4,10,isocontour,11.283791670955125,31454.12,66.19,17.4,-11.4,0.986,0.5,-0.2,0.5,18.4,-3.4,1.113,6,4,0,0,4
90.4,11,isocontour,11.283791670955125,33141.04,69.74,-17.9,-8.6,1.039,-2.0,0.6,2.1,-5.2,-18.3,1.092,21,3,0,0,3
90.4,12,isocontour,11.283791670955125,31345.92,65.96,-13.7,-16.0,0.971,-1.5,0.8,1.7,-5.2,-18.3,1.092,21,3,0,0,3
90.4,13,isocontour,11.283791670955125,29462.47,62.0,20.7,1.8,0.992,-0.8,2.4,2.5,18.4,-3.4,1.113,6,6,0,0,6
90.4,14,isocontour,11.283791670955125,31367.4,66.01,10.7,-16.3,1.063,-2.4,-0.8,2.5,18.4,-3.4,1.113,6,3,0,0,3
90.4,15,isocontour,11.283791670955125,28963.85,60.95,1.9,20.7,0.989,1.0,-0.8,1.3,18.5,-3.2,1.111,6,3,0,0,3
90.4,16,isocontour,11.283791670955125,46428.28,97.7,-24.9,22.1,0.502,-0.7,-0.7,1.0,-24.9,22.1,0.505,16,0,0,0,0
90.4,17,isocontour,11.283791670955125,28905.38,60.83,8.6,17.9,1.04,2.0,0.6,2.1,18.4,-3.4,1.113,6,3,0,0,3
90.4,18,isocontour,11.283791670955125,34828.33,73.29,-8.1,19.1,0.991,0.6,-2.6,2.7,-17.5,-8.9,1.058,11,3,0,0,3
90.4,19,isocontour,11.283791670955125,30797.44,64.81,-20.5,-2.1,0.998,-0.1,0.7,0.7,-5.2,-18.3,1.092,21,3,0,0,3
90.4,20,isocontour,11.283791670955125,32045.06,67.43,11.5,-17.5,0.981,-1.0,0.5,1.1,18.4,-3.4,1.113,6,3,0,0,3
90.4,21,isocontour,11.283791670955125,31373.76,66.02,-4.5,-18.5,1.09,1.2,-0.7,1.4,18.5,-3.2,1.111,6,2,0,0,2
90.4,22,isocontour,11.283791670955125,33882.84,71.3,-18.3,-9.9,0.989,-0.5,-4.2,4.2,-5.2,-18.3,1.092,21,3,0,0,3
90.4,23,isocontour,11.283791670955125,34530.53,72.67,-19.3,7.2,0.997,0.9,-2.3,2.5,-5.2,-18.3,1.092,21,3,0,0,3
90.4,24,isocontour,11.283791670955125,32127.99,67.61,3.0,-20.5,0.994,0.9,0.4,1.0,18.4,-3.4,1.113,6,3,0,0,3
90.4,25,isocontour,11.283791670955125,31564.34,66.42,-14.5,13.6,1.04,-0.7,-0.9,1.1,-17.5,-8.9,1.058,11,3,0,0,3
90.4,Target,,,,,0.0,0.0,4.023,0.0,0.0,,,,,,,,,
90.5,1,isocontour,11.283791670955125,29555.06,62.19,19.3,7.9,0.986,-0.7,0.4,0.8,18.4,-3.4,1.113,6,7,0,0,7
90.5,2,isocontour,11.283791670955125,28276.13,59.5,9.1,18.9,0.978,-0.3,3.4,3.4,18.4,-3.4,1.113,6,3,0,0,3
90.5,3,isocontour,11.283791670955125,29140.98,61.32,15.5,13.4,1.003,0.5,-1.3,1.4,18.4,-3.4,1.113,6,6,0,0,6
90.5,4,isocontour,11.283791670955125,33901.9,71.34,19.0,6.3,1.03,-0.7,0.5,0.9,18.4,-3.4,1.113,6,7,0,0,7
90.5,5,isocontour,11.283791670955125,31440.37,66.16,19.0,7.2,1.016,-0.9,2.3,2.5,18.4,-3.4,1.113,6,7,0,0,7
90.5,6,isocontour,11.283791670955125,33354.77,70.19,18.5,-2.7,1.112,0.4,2.5,2.5,18.4,-3.4,1.113,6,7,0,0,7
90.5,7,isocontour,11.283791670955125,31440.59,66.16,-15.3,14.3,0.98,-0.2,-1.1,1.1,-5.2,-18.3,1.092,21,3,0,0,3
90.5,8,isocontour,11.283791670955125,33571.36,70.65,18.8,-2.2,1.101,0.6,0.7,0.9,18.4,-3.4,1.113,6,7,0,0,7
90.5,9,isocontour,11.283791670955125,31703.48,66.72,20.3,5.1,0.979,-0.9,2.3,2.5,18.4,-3.4,1.113,6,7,0,0,7
90.5,10,isocontour,11.283791670955125,31451.63,66.19,17.4,-11.3,0.992,-1.0,0.7,1.2,18.4,-3.4,1.113,6,4,0,0,4
90.5,11,isocontour,11.283791670955125,33129.79,69.72,-18.1,-8.5,1.034,-1.5,1.4,2.1,-5.2,-18.3,1.092,21,3,0,0,3
90.5,12,isocontour,11.283791670955125,31341.62,65.95,-13.7,-15.9,0.976,0.2,1.5,1.5,18.5,-3.2,1.111,6,3,0,0,3
90.5,13,isocontour,11.283791670955125,29460.21,62.0,20.6,1.7,0.993,-0.0,-1.2,1.2,18.4,-3.4,1.113,6,6,0,0,6
90.5,14,isocontour,11.283791670955125,31347.86,65.97,10.4,-16.4,1.069,-2.4,-0.4,2.4,18.4,-3.4,1.113,6,3,0,0,3
90.5,15,isocontour,11.283791670955125,28947.21,60.92,1.9,20.5,1.001,-0.5,-2.3,2.4,18.4,-3.4,1.113,6,3,0,0,3
90.5,16,isocontour,11.283791670955125,46427.18,97.7,-24.8,22.1,0.503,0.8,0.5,0.9,-24.8,22.1,0.505,16,0,0,0,0
90.5,17,isocontour,11.283791670955125,28902.45,60.82,8.7,17.8,1.042,0.7,-1.1,1.3,18.4,-3.4,1.113,6,3,0,0,3
90.5,18,isocontour,11.283791670955125,34827.3,73.29,-8.1,19.1,0.994,0.9,0.3,0.9,18.5,-3.2,1.111,6,3,0,0,3
90.5,19,isocontour,11.283791670955125,30796.34,64.81,-20.6,-2.0,0.995,-0.7,0.6,0.9,-5.2,-18.3,1.092,21,3,0,0,3
90.5,20,isocontour,11.283791670955125,32032.29,67.41,11.3,-17.5,0.983,-2.0,-0.8,2.2,18.4,-3.4,1.113,6,3,0,0,3
90.5,21,isocontour,11.283791670955125,31371.61,66.02,-4.4,-18.6,1.089,1.1,-0.3,1.1,18.4,-3.4,1.113,6,2,0,0,2
90.5,22,isocontour,11.283791670955125,33882.79,71.3,-18.3,-9.9,0.985,-0.3,-0.0,0.3,-5.2,-18.3,1.092,21,3,0,0,3
90.5,23,isocontour,11.283791670955125,34527.25,72.66,-19.2,7.3,1.001,0.9,1.0,1.3,-5.2,-18.3,1.092,21,3,0,0,3
90.5,24,isocontour,11.283791670955125,32099.03,67.55,3.2,-20.5,0.99,2.8,-0.5,2.8,18.4,-3.4,1.113,6,3,0,0,3
90.5,25,isocontour,11.283791670955125,31560.21,66.41,-14.5,13.5,1.045,-0.1,-1.5,1.5,-5.2,-18.3,1.092,21,3,0,0,3
90.5,Target,,,,,0.0,0.0,4.023,0.0,0.0,,,,,,,,,
90.6,1,isocontour,11.283791670955125,29546.21,62.18,19.1,7.9,0.995,-1.9,-0.2,1.9,18.4,-3.4,1.113,6,7,0,0,7
90.6,2,isocontour,11.283791670955125,28274.43,59.5,9.0,19.0,0.977,-1.1,0.2,1.1,18.4,-3.4,1.113,6,3,0,0,3
90.6,3,isocontour,11.283791670955125,29128.03,61.3,15.4,13.6,1.003,-1.3,1.7,2.1,18.4,-3.4,1.113,6,6,0,0,6
90.6,4,isocontour,11.283791670955125,33889.48,71.32,19.0,6.5,1.028,-0.2,2.1,2.1,18.4,-3.4,1.113,6,7,0,0,7
90.6,5,isocontour,11.283791670955125,31421.98,66.12,18.9,7.4,1.017,-1.0,2.2,2.4,18.4,-3.4,1.113,6,7,0,0,7
90.6,6,isocontour,11.283791670955125,33334.03,70.15,18.5,-2.5,1.111,0.4,2.5,2.5,18.4,-3.4,1.113,6,7,0,0,7
90.6,7,isocontour,11.283791670955125,31433.9,66.15,-15.3,14.1,0.987,0.4,-1.7,1.7,18.5,-3.2,1.111,6,3,0,0,3
90.6,8,isocontour,11.283791670955125,33522.6,70.54,18.9,-2.0,1.092,1.9,2.8,3.4,18.4,-3.4,1.113,6,7,0,0,7
90.6,9,isocontour,11.283791670955125,31684.87,66.68,20.2,5.4,0.982,-1.1,2.2,2.5,18.4,-3.4,1.113,6,7,0,0,7
90.6,10,isocontour,11.283791670955125,31449.31,66.18,17.3,-11.2,0.997,-0.2,1.2,1.2,18.4,-3.4,1.113,6,4,0,0,4
90.6,11,isocontour,11.283791670955125,33124.78,69.71,-18.2,-8.4,1.031,-1.1,1.1,1.6,18.5,-3.2,1.111,6,3,0,0,3
90.6,12,isocontour,11.283791670955125,31334.7,65.94,-13.7,-15.7,0.984,0.3,1.7,1.7,18.4,-3.4,1.113,6,3,0,0,3
90.6,13,isocontour,11.283791670955125,29441.82,61.96,20.8,1.6,0.984,2.0,-1.4,2.4,18.4,-3.4,1.113,6,6,0,0,6
90.6,14,isocontour,11.283791670955125,31344.66,65.96,10.5,-16.3,1.068,1.3,0.4,1.4,18.4,-3.4,1.113,6,3,0,0,3
90.6,15,isocontour,11.283791670955125,28912.74,60.84,2.2,20.5,1.0,3.0,0.2,3.0,18.4,-3.4,1.113,6,3,0,0,3
90.6,16,isocontour,11.283791670955125,46426.08,97.7,-24.7,22.2,0.504,0.9,0.1,0.9,-24.7,22.2,0.505,16,0,0,0,0
90.6,17,isocontour,11.283791670955125,28881.71,60.78,8.5,17.8,1.049,-2.5,-0.2,2.5,18.4,-3.4,1.113,6,3,0,0,3
90.6,18,isocontour,11.283791670955125,34826.27,73.29,-8.1,19.0,0.993,-0.9,-0.3,0.9,18.4,-3.4,1.113,6,3,0,0,3
90.6,19,isocontour,11.283791670955125,30793.97,64.8,-20.6,-2.1,0.993,-0.3,-1.2,1.2,-5.2,-18.3,1.092,21,3,0,0,3
90.6,20,isocontour,11.283791670955125,32029.29,67.4,11.3,-17.4,0.99,-0.5,1.2,1.3,18.4,-3.4,1.113,6,3,0,0,3
90.6,21,isocontour,11.283791670955125,31369.35,66.01,-4.3,-18.6,1.091,1.2,-0.0,1.2,18.4,-3.4,1.113,6,2,0,0,2
90.6,22,isocontour,11.283791670955125,33879.66,71.3,-18.4,-9.8,0.984,-0.7,1.1,1.3,18.5,-3.2,1.111,6,3,0,0,3
90.6,23,isocontour,11.283791670955125,34526.22,72.66,-19.3,7.3,1.0,-0.5,-0.8,0.9,-5.2,-18.3,1.092,21,3,0,0,3
90.6,24,isocontour,11.283791670955125,32095.15,67.54,3.2,-20.5,0.991,-1.4,0.1,1.4,18.4,-3.4,1.113,6,3,0,0,3
90.6,25,isocontour,11.283791670955125,31530.01,66.35,-14.6,13.2,1.049,-1.3,-2.5,2.8,18.5,-3.2,1.111,6,3,0,0,3
90.6,Target,,,,,0.0,0.0,4.023,0.0,0.0,,,,,,,,,
90.7,1,isocontour,11.283791670955125,29540.08,62.16,19.2,8.0,0.989,1.5,0.8,1.7,18.4,-3.4,1.113,6,7,0,0,7
90.7,2,isocontour,11.283791670955125,28258.61,59.47,8.8,19.1,0.977,-2.1,1.1,2.4,18.4,-3.4,1.113,6,3,0,0,3
90.7,3,isocontour,11.283791670955125,29083.86,61.2,15.2,13.8,1.001,-2.0,2.6,3.3,18.4,-3.4,1.113,6,6,0,0,6
90.7,4,isocontour,11.283791670955125,33869.71,71.27,19.0,6.7,1.027,-0.7,2.4,2.5,18.4,-3.4,1.113,6,7,0,0,7
90.7,5,isocontour,11.283791670955125,31414.69,66.11,18.7,7.5,1.023,-1.7,0.6,1.8,18.4,-3.4,1.113,6,7,0,0,7
90.7,6,isocontour,11.283791670955125,33313.05,70.1,18.6,-2.2,1.113,-0.0,2.5,2.5,18.4,-3.4,1.113,6,7,0,0,7
90.7,7,isocontour,11.283791670955125,31406.14,66.09,-15.4,13.9,0.991,-1.5,-2.4,2.8,18.4,-3.4,1.113,6,3,0,0,3
90.7,8,isocontour,11.283791670955125,33518.64,70.54,18.8,-1.9,1.098,-1.4,0.2,1.4,18.4,-3.4,1.113,6,7,0,0,7
90.7,9,isocontour,11.283791670955125,31661.32,66.63,20.1,5.6,0.987,-1.7,2.0,2.6,18.4,-3.4,1.113,6,7,0,0,7
90.7,10,isocontour,11.283791670955125,31448.74,66.18,17.4,-11.2,0.994,0.5,-0.5,0.7,18.4,-3.4,1.113,6,4,0,0,4
90.7,11,isocontour,11.283791670955125,33093.3,69.64,-18.3,-8.1,1.034,-0.4,2.9,2.9,18.4,-3.4,1.113,6,3,0,0,3
90.7,12,isocontour,11.283791670955125,31307.24,65.88,-13.7,-15.5,0.996,0.2,2.8,2.8,18.4,-3.4,1.113,6,3,0,0,3
90.7,13,isocontour,11.283791670955125,29440.68,61.95,20.9,1.5,0.98,0.6,-0.8,1.0,18.4,-3.4,1.113,6,6,0,0,6
90.7,14,isocontour,11.283791670955125,31342.56,65.96,10.6,-16.2,1.07,0.6,1.0,1.2,18.4,-3.4,1.113,6,3,0,0,3
90.7,15,isocontour,11.283791670955125,28908.36,60.83,2.3,20.5,0.995,1.2,0.9,1.5,18.4,-3.4,1.113,6,3,0,0,3
90.7,16,isocontour,11.283791670955125,46424.98,97.7,-24.8,22.2,0.503,-0.4,0.8,0.9,-24.8,22.2,0.505,16,0,0,0,0
90.7,17,isocontour,11.283791670955125,28880.61,60.78,8.4,17.8,1.05,-0.8,0.5,0.9,18.4,-3.4,1.113,6,3,0,0,3
90.7,18,isocontour,11.283791670955125,34801.92,73.24,-8.4,19.0,0.989,-2.7,-0.1,2.7,18.4,-3.4,1.113,6,3,0,0,3
90.7,19,isocontour,11.283791670955125,30792.9,64.8,-20.7,-2.1,0.99,-0.5,0.8,0.9,18.5,-3.2,1.111,6,3,0,0,3
90.7,20,isocontour,11.283791670955125,32026.22,67.4,11.3,-17.3,0.995,0.3,1.3,1.3,18.4,-3.4,1.113,6,3,0,0,3
90.7,21,isocontour,11.283791670955125,31367.03,66.01,-4.2,-18.6,1.093,1.2,0.1,1.2,18.4,-3.4,1.113,6,2,0,0,2
90.7,22,isocontour,11.283791670955125,33871.22,71.28,-18.5,-9.7,0.983,-1.1,1.5,1.9,18.4,-3.4,1.113,6,3,0,0,3
90.7,23,isocontour,11.283791670955125,34524.94,72.65,-19.3,7.2,0.997,-0.8,-0.6,1.0,18.5,-3.2,1.111,6,3,0,0,3
90.7,24,isocontour,11.283791670955125,32093.71,67.54,3.2,-20.5,0.992,1.0,0.4,1.1,18.4,-3.4,1.113,6,3,0,0,3
90.7,25,isocontour,11.283791670955125,31523.88,66.34,-14.8,13.1,1.047,-1.5,-0.8,1.7,18.4,-3.4,1.113,6,3,0,0,3
90.7,Target,,,,,0.0,0.0,4.023,0.0,0.0,,,,,,,,,
90.8,1,isocontour,11.283791670955125,29468.63,62.01,19.2,8.3,0.981,-0.2,3.8,3.8,18.4,-3.4,1.113,6,7,0,0,7
90.8,2,isocontour,11.283791670955125,28236.88,59.42,9.0,19.0,0.977,2.3,-1.2,2.6,18.4,-3.4,1.113,6,3,0,0,3
90.8,3,isocontour,11.283791670955125,29066.79,61.17,15.1,14.0,0.999,-1.2,2.0,2.3,18.4,-3.4,1.113,6,6,0,0,6
90.8,4,isocontour,11.283791670955125,33854.49,71.24,18.9,6.9,1.025,-0.5,2.2,2.3,18.4,-3.4,1.113,6,7,0,0,7
90.8,5,isocontour,11.283791670955125,31399.08,66.08,18.7,7.7,1.023,-0.5,2.2,2.3,18.4,-3.4,1.113,6,7,0,0,7
90.8,6,isocontour,11.283791670955125,33309.17,70.1,18.5,-2.1,1.118,-0.8,1.2,1.4,18.5,-2.1,1.113,6,7,0,0,7
90.8,7,isocontour,11.283791670955125,31403.01,66.08,-15.4,14.0,0.988,0.2,1.3,1.3,18.4,-3.4,1.113,6,3,0,0,3
90.8,8,isocontour,11.283791670955125,33501.57,70.5,18.9,-1.7,1.096,0.9,2.2,2.4,18.4,-3.4,1.113,6,7,0,0,7
90.8,9,isocontour,11.283791670955125,31638.57,66.58,19.9,5.8,0.992,-1.4,2.2,2.6,18.4,-3.4,1.113,6,7,0,0,7
90.8,10,isocontour,11.283791670955125,31381.13,66.04,17.6,-11.0,0.993,2.1,3.1,3.7,18.4,-3.4,1.113,6,4,0,0,4
90.8,11,isocontour,11.283791670955125,33083.31,69.62,-18.1,-8.1,1.042,1.8,-0.8,2.0,18.4,-3.4,1.113,6,3,0,0,3
90.8,12,isocontour,11.283791670955125,31305.24,65.88,-13.6,-15.4,1.004,0.9,0.8,1.2,18.4,-3.4,1.113,6,3,0,0,3
90.8,13,isocontour,11.283791670955125,29437.88,61.95,20.9,1.6,0.979,0.2,1.3,1.3,18.4,-3.4,1.113,6,6,0,0,6
90.8,14,isocontour,11.283791670955125,31340.99,65.95,10.7,-16.2,1.07,1.0,0.4,1.1,18.4,-3.4,1.113,6,3,0,0,3
90.8,15,isocontour,11.283791670955125,28887.38,60.79,2.1,20.6,0.994,-2.5,0.4,2.5,18.4,-3.4,1.113,6,3,0,0,3
90.8,16,isocontour,11.283791670955125,46423.88,97.69,-24.8,22.3,0.5,-0.4,0.9,1.0,-24.8,22.3,0.505,16,0,0,0,0
90.8,17,isocontour,11.283791670955125,28861.07,60.73,8.5,17.7,1.056,1.4,-2.1,2.5,18.4,-3.4,1.113,6,3,0,0,3
90.8,18,isocontour,11.283791670955125,34799.82,73.23,-8.3,19.0,0.993,0.9,-0.7,1.1,18.4,-3.4,1.113,6,3,0,0,3
90.8,19,isocontour,11.283791670955125,30789.9,64.79,-20.7,-2.2,0.986,-0.7,-1.1,1.3,18.4,-3.4,1.113,6,3,0,0,3
90.8,20,isocontour,11.283791670955125,32002.41,67.35,11.4,-17.5,0.984,1.7,-2.0,2.6,18.4,-3.4,1.113,6,3,0,0,3
90.8,21,isocontour,11.283791670955125,31346.29,65.96,-4.4,-18.5,1.093,-2.5,0.6,2.6,18.4,-3.4,1.113,6,2,0,0,2
90.8,22,isocontour,11.283791670955125,33866.93,71.27,-18.4,-9.7,0.989,1.5,-0.0,1.5,18.4,-3.4,1.113,6,3,0,0,3
90.8,23,isocontour,11.283791670955125,34405.4,72.4,-19.5,6.8,0.995,-1.9,-4.1,4.5,18.4,-3.4,1.113,6,3,0,0,3
90.8,24,isocontour,11.283791670955125,32093.67,67.54,3.2,-20.5,0.992,-0.3,-0.1,0.3,18.4,-3.4,1.113,6,3,0,0,3
90.8,25,isocontour,11.283791670955125,31522.48,66.34,-14.8,13.1,1.048,-0.4,-0.9,1.0,18.4,-3.4,1.113,6,3,0,0,3
90.8,Target,,,,,0.0,0.0,4.023,0.0,0.0,,,,,,,,,
90.9,1,isocontour,11.283791670955125,29464.34,62.0,19.1,8.4,0.986,-1.5,0.3,1.5,18.5,-2.1,1.118,6,7,0,0,7
90.9,2,isocontour,11.283791670955125,28222.83,59.39,9.0,18.8,0.985,0.7,-2.1,2.2,18.4,-3.4,1.113,6,3,0,0,3
90.9,3,isocontour,11.283791670955125,28974.68,60.97,14.9,14.4,0.995,-2.2,3.5,4.1,18.4,-3.4,1.113,6,6,0,0,6
90.9,4,isocontour,11.283791670955125,33832.26,71.2,18.8,7.2,1.028,-1.4,2.2,2.6,18.5,-2.1,1.118,6,7,0,0,7
90.9,5,isocontour,11.283791670955125,31397.51,66.07,18.6,7.7,1.026,-1.0,0.4,1.1,18.5,-2.1,1.118,6,7,0,0,7
90.9,6,isocontour,11.283791670955125,33302.36,70.08,18.4,-1.9,1.126,-1.0,1.4,1.7,18.4,-1.9,1.118,6,7,0,0,7
90.9,7,isocontour,11.283791670955125,31402.86,66.08,-15.4,13.9,0.988,-0.2,-0.4,0.4,18.4,-3.4,1.113,6,3,0,0,3
90.9,8,isocontour,11.283791670955125,33464.65,70.42,19.1,-1.5,1.086,1.9,2.4,3.1,18.5,-2.1,1.118,6,7,0,0,7
90.9,9,isocontour,11.283791670955125,31604.45,66.51,20.0,5.6,0.992,0.9,-2.9,3.0,18.5,-2.1,1.118,6,7,0,0,7
90.9,10,isocontour,11.283791670955125,31378.86,66.03,17.6,-10.8,0.997,-0.3,1.2,1.2,18.5,-2.1,1.118,6,4,0,0,4
90.9,11,isocontour,11.283791670955125,33054.95,69.56,-17.9,-8.4,1.045,1.6,-2.3,2.8,18.4,-3.4,1.113,6,3,0,0,3
90.9,12,isocontour,11.283791670955125,31292.64,65.85,-13.4,-15.4,1.009,2.0,-0.6,2.1,18.4,-3.4,1.113,6,3,0,0,3
90.9,13,isocontour,11.283791670955125,29436.13,61.94,20.8,1.7,0.982,-0.9,0.6,1.1,18.5,-2.1,1.118,6,6,0,0,6
90.9,14,isocontour,11.283791670955125,31323.27,65.92,10.9,-16.1,1.069,2.1,1.2,2.4,18.4,-3.4,1.113,6,3,0,0,3
90.9,15,isocontour,11.283791670955125,28882.91,60.78,2.2,20.7,0.989,1.2,0.9,1.5,18.4,-3.4,1.113,6,3,0,0,3
90.9,16,isocontour,11.283791670955125,46422.78,97.69,-24.8,22.4,0.499,0.3,0.9,0.9,-24.8,22.4,0.505,16,0,0,0,0
90.9,17,isocontour,11.283791670955125,28852.77,60.72,8.6,17.5,1.063,0.8,-1.7,1.9,18.4,-3.4,1.113,6,3,0,0,3
90.9,18,isocontour,11.283791670955125,34791.11,73.21,-8.4,18.8,0.997,-1.4,-1.3,1.9,18.4,-3.4,1.113,6,3,0,0,3
90.9,19,isocontour,11.283791670955125,30770.36,64.75,-20.7,-2.0,0.989,0.6,2.4,2.5,18.4,-3.4,1.113,6,3,0,0,3
90.9,20,isocontour,11.283791670955125,32002.32,67.34,11.4,-17.5,0.983,-0.4,0.1,0.4,18.4,-3.4,1.113,6,3,0,0,3
90.9,21,isocontour,11.283791670955125,31345.72,65.96,-4.4,-18.5,1.094,-0.7,0.4,0.8,18.4,-3.4,1.113,6,2,0,0,2
90.9,22,isocontour,11.283791670955125,33853.62,71.24,-18.3,-9.8,0.989,0.8,-2.0,2.2,18.4,-3.4,1.113,6,3,0,0,3
90.9,23,isocontour,11.283791670955125,34391.72,72.37,-19.7,6.6,0.989,-1.7,-1.4,2.2,18.4,-3.4,1.113,6,3,0,0,3
90.9,24,isocontour,11.283791670955125,32092.19,67.53,3.3,-20.5,0.989,0.9,-0.5,1.0,18.4,-3.4,1.113,6,3,0,0,3
90.9,25,isocontour,11.283791670955125,31504.97,66.3,-14.9,12.9,1.051,-1.2,-2.1,2.4,18.4,-3.4,1.113,6,3,0,0,3
90.9,Target,,,,,0.0,0.0,4.023,0.0,0.0,,,,,,,,,
91.0,1,isocontour,11.283791670955125,29455.21,61.98,18.9,8.4,0.995,-1.9,0.0,1.9,18.4,-1.9,1.126,6,7,0,0,7
91.0,2,isocontour,11.283791670955125,28189.05,59.32,9.2,18.6,0.991,2.0,-2.2,3.0,18.4,-3.4,1.113,6,3,0,0,3
91.0,3,isocontour,11.283791670955125,28885.18,60.79,14.8,14.8,0.983,-0.7,4.1,4.2,18.5,-2.1,1.118,6,6,0,0,6
91.0,4,isocontour,11.283791670955125,33812.95,71.16,18.7,7.4,1.027,-0.7,2.4,2.5,18.4,-1.9,1.126,6,7,0,0,7
91.0,5,isocontour,11.283791670955125,31376.04,66.03,18.5,7.9,1.027,-1.1,2.3,2.5,18.4,-1.9,1.126,6,7,0,0,7
91.0,6,isocontour,11.283791670955125,33300.79,70.08,18.4,-2.0,1.123,0.5,-0.9,1.0,18.4,-2.0,1.126,6,7,0,0,7
91.0,7,isocontour,11.283791670955125,31394.56,66.07,-15.3,14.0,0.988,1.3,1.3,1.8,18.4,-3.4,1.113,6,3,0,0,3
91.0,8,isocontour,11.283791670955125,33461.71,70.42,19.0,-1.5,1.089,-0.9,-0.9,1.3,18.4,-1.9,1.126,6,7,0,0,7
91.0,9,isocontour,11.283791670955125,31578.43,66.45,20.2,5.4,0.985,2.0,-1.8,2.7,18.4,-1.9,1.126,6,7,0,0,7
91.0,10,isocontour,11.283791670955125,31378.2,66.03,17.6,-10.8,0.994,0.7,-0.4,0.8,18.4,-1.9,1.126,6,4,0,0,4
91.0,11,isocontour,11.283791670955125,33034.94,69.52,-17.7,-8.5,1.052,2.1,-1.3,2.5,18.4,-3.4,1.113,6,3,0,0,3
91.0,12,isocontour,11.283791670955125,31290.99,65.85,-13.3,-15.5,1.009,0.7,-0.8,1.1,18.4,-3.4,1.113,6,3,0,0,3
91.0,13,isocontour,11.283791670955125,29421.51,61.91,20.8,1.9,0.983,-0.1,2.3,2.3,18.4,-1.9,1.126,6,6,0,0,6
91.0,14,isocontour,11.283791670955125,31290.82,65.85,11.1,-15.9,1.067,2.5,1.5,2.9,18.5,-2.1,1.118,6,3,0,0,3
91.0,15,isocontour,11.283791670955125,28778.4,60.56,1.8,20.7,0.989,-4.3,0.3,4.3,18.4,-3.4,1.113,6,3,0,0,3
91.0,16,isocontour,11.283791670955125,46421.68,97.69,-24.7,22.4,0.501,0.7,-0.7,1.0,-24.7,22.4,0.505,16,0,0,0,0
91.0,17,isocontour,11.283791670955125,28850.73,60.71,8.7,17.4,1.065,0.9,-0.7,1.1,18.4,-3.4,1.113,6,3,0,0,3
91.0,18,isocontour,11.283791670955125,34789.5,73.21,-8.5,18.7,1.001,-0.5,-1.0,1.1,18.4,-3.4,1.113,6,3,0,0,3
91.0,19,isocontour,11.283791670955125,30751.97,64.71,-20.5,-2.1,0.998,1.9,-1.5,2.4,18.4,-3.4,1.113,6,3,0,0,3
91.0,20,isocontour,11.283791670955125,31965.4,67.27,11.5,-17.3,0.99,1.5,2.7,3.1,18.5,-2.1,1.118,6,3,0,0,3
91.0,21,isocontour,11.283791670955125,31326.18,65.92,-4.7,-18.4,1.095,-2.4,0.8,2.5,18.4,-3.4,1.113,6,2,0,0,2
91.0,22,isocontour,11.283791670955125,33830.34,71.19,-18.1,-9.7,1.001,2.0,1.7,2.6,18.4,-3.4,1.113,6,3,0,0,3
91.0,23,isocontour,11.283791670955125,34369.48,72.33,-19.8,6.4,0.989,-0.6,-2.5,2.6,18.4,-3.4,1.113,6,3,0,0,3
91.0,24,isocontour,11.283791670955125,32025.1,67.39,3.6,-20.4,0.993,3.4,1.6,3.8,18.4,-3.4,1.113,6,3,0,0,3
91.0,25,isocontour,11.283791670955125,31483.99,66.25,-14.7,12.9,1.058,2.4,0.8,2.5,18.4,-3.4,1.113,6,3,0,0,3
91.0,Target,,,,,0.0,0.0,4.023,0.0,0.0,,,,,,,,,
91.1,1,isocontour,11.283791670955125,29454.81,61.98,18.9,8.4,0.994,0.2,0.6,0.6,18.4,-1.9,1.126,6,7,0,0,7
91.1,2,isocontour,11.283791670955125,28188.01,59.32,9.2,18.5,0.995,-0.9,-0.2,0.9,18.5,-2.1,1.118,6,3,0,0,3
91.1,3,isocontour,11.283791670955125,28882.38,60.78,14.9,14.8,0.98,1.0,-0.8,1.3,18.4,-1.9,1.126,6,6,0,0,6
91.1,4,isocontour,11.283791670955125,33812.34,71.15,18.7,7.5,1.024,0.4,0.6,0.7,18.4,-1.9,1.126,6,7,0,0,7
91.1,5,isocontour,11.283791670955125,31364.95,66.0,18.6,8.0,1.018,2.1,-0.1,2.1,18.4,-1.9,1.126,6,7,0,0,7
91.1,6,isocontour,11.283791670955125,33299.27,70.07,18.5,-1.9,1.122,0.2,1.0,1.0,18.4,-1.9,1.126,6,7,0,0,7
91.1,7,isocontour,11.283791670955125,31392.07,66.06,-15.2,14.1,0.988,0.9,0.9,1.3,18.4,-3.4,1.113,6,3,0,0,3
91.1,8,isocontour,11.283791670955125,33460.81,70.41,19.0,-1.5,1.092,-0.4,0.8,0.9,18.4,-1.9,1.126,6,7,0,0,7
91.1,9,isocontour,11.283791670955125,31578.12,66.45,20.2,5.3,0.981,0.6,-0.1,0.6,18.4,-1.9,1.126,6,7,0,0,7
91.1,10,isocontour,11.283791670955125,31375.89,66.03,17.7,-10.8,0.993,0.7,1.0,1.2,18.4,-1.9,1.126,6,4,0,0,4
91.1,11,isocontour,11.283791670955125,33029.23,69.51,-17.8,-8.5,1.048,-1.5,0.6,1.6,18.4,-3.4,1.113,6,3,0,0,3
91.1,12,isocontour,11.283791670955125,31233.07,65.73,-13.1,-15.7,1.01,2.9,-2.1,3.6,18.4,-3.4,1.113,6,3,0,0,3
91.1,13,isocontour,11.283791670955125,29420.03,61.91,20.7,2.0,0.986,-0.8,0.6,1.0,18.4,-1.9,1.126,6,6,0,0,6
91.1,14,isocontour,11.283791670955125,31287.89,65.84,11.2,-15.8,1.068,0.9,0.9,1.3,18.4,-1.9,1.126,6,3,0,0,3
91.1,15,isocontour,11.283791670955125,28776.96,60.56,1.7,20.6,0.993,-0.7,-0.8,1.1,18.4,-3.4,1.113,6,3,0,0,3
91.1,16,isocontour,11.283791670955125,46420.58,97.69,-24.6,22.3,0.504,0.9,-0.3,0.9,-24.6,22.3,0.505,16,0,0,0,0
91.1,17,isocontour,11.283791670955125,28840.27,60.69,8.7,17.6,1.057,-0.5,2.0,2.1,18.5,-2.1,1.118,6,3,0,0,3
91.1,18,isocontour,11.283791670955125,34788.47,73.21,-8.4,18.8,1.0,0.8,0.5,0.9,18.4,-3.4,1.113,6,3,0,0,3
91.1,19,isocontour,11.283791670955125,30750.94,64.71,-20.5,-2.0,1.0,0.2,0.9,0.9,18.4,-3.4,1.113,6,3,0,0,3
91.1,20,isocontour,11.283791670955125,31957.1,67.25,11.5,-17.1,1.0,-1.1,1.5,1.9,18.4,-1.9,1.126,6,3,0,0,3
91.1,21,isocontour,11.283791670955125,31324.03,65.92,-4.6,-18.4,1.097,1.2,-0.0,1.2,18.4,-3.4,1.113,6,2,0,0,2
91.1,22,isocontour,11.283791670955125,33812.84,71.15,-18.2,-9.9,0.993,-1.4,-2.0,2.4,18.4,-3.4,1.113,6,3,0,0,3
91.1,23,isocontour,11.283791670955125,34341.43,72.27,-19.7,6.1,0.995,0.3,-2.8,2.8,18.4,-3.4,1.113,6,3,0,0,3
91.1,24,isocontour,11.283791670955125,32024.49,67.39,3.6,-20.4,0.99,-0.1,-0.8,0.8,18.5,-2.1,1.118,6,3,0,0,3
91.1,25,isocontour,11.283791670955125,31476.46,66.24,-14.6,13.1,1.056,0.7,1.7,1.8,18.4,-3.4,1.113,6,3,0,0,3
91.1,Target,,,,,0.0,0.0,4.023,0.0,0.0,,,,,,,,,
91.2,1,isocontour,11.283791670955125,29451.6,61.98,19.0,8.5,0.987,1.2,0.7,1.4,18.4,-1.9,1.126,6,7,0,0,7
91.2,2,isocontour,11.283791670955125,28118.22,59.17,9.5,18.6,0.982,3.6,1.3,3.8,18.4,-1.9,1.126,6,3,0,0,3
91.2,3,isocontour,11.283791670955125,28879.58,60.77,14.9,14.6,0.982,0.5,-1.2,1.3,18.4,-1.9,1.126,6,6,0,0,6
91.2,4,isocontour,11.283791670955125,33799.39,71.13,18.8,7.4,1.02,1.3,-1.7,2.1,18.4,-1.9,1.126,6,7,0,0,7
91.2,5,isocontour,11.283791670955125,31364.39,66.0,18.7,8.0,1.013,0.6,0.5,0.8,18.4,-1.9,1.126,6,7,0,0,7
91.2,6,isocontour,11.283791670955125,33273.53,70.02,18.4,-1.7,1.125,-0.4,2.7,2.7,18.4,-1.9,1.126,6,7,0,0,7
91.2,7,isocontour,11.283791670955125,31371.09,66.02,-15.1,14.3,0.988,1.8,1.8,2.5,18.4,-3.4,1.113,6,3,0,0,3
91.2,8,isocontour,11.283791670955125,33437.0,70.36,18.9,-1.2,1.095,-0.2,2.6,2.6,18.4,-1.9,1.126,6,7,0,0,7
91.2,9,isocontour,11.283791670955125,31574.77,66.45,20.1,5.4,0.986,-1.4,0.1,1.4,18.4,-1.9,1.126,6,7,0,0,7
91.2,10,isocontour,11.283791670955125,31275.62,65.82,17.9,-10.4,0.992,2.3,3.6,4.3,18.4,-1.9,1.126,6,4,0,0,4
91.2,11,isocontour,11.283791670955125,33027.29,69.5,-17.9,-8.4,1.046,-0.7,0.9,1.1,18.4,-3.4,1.113,6,3,0,0,3
91.2,12,isocontour,11.283791670955125,31164.37,65.58,-12.8,-15.9,1.013,3.2,-2.0,3.8,18.4,-3.4,1.113,6,3,0,0,3
91.2,13,isocontour,11.283791670955125,29395.95,61.86,20.6,2.2,0.992,-1.3,2.3,2.6,18.4,-1.9,1.126,6,6,0,0,6
91.2,14,isocontour,11.283791670955125,31285.57,65.84,11.2,-15.9,1.064,-0.3,-1.2,1.2,18.4,-1.9,1.126,6,3,0,0,3
91.2,15,isocontour,11.283791670955125,28773.75,60.55,1.7,20.7,0.987,0.3,1.3,1.3,18.5,-2.1,1.118,6,3,0,0,3
91.2,16,isocontour,11.283791670955125,46419.48,97.68,-24.6,22.2,0.506,0.4,-0.9,1.0,-24.6,22.2,0.505,16,0,0,0,0
91.2,17,isocontour,11.283791670955125,28819.53,60.65,8.5,17.7,1.056,-2.3,1.1,2.5,18.4,-1.9,1.126,6,3,0,0,3
91.2,18,isocontour,11.283791670955125,34788.06,73.21,-8.5,18.8,1.0,-0.6,-0.3,0.7,18.4,-3.4,1.113,6,3,0,0,3
91.2,19,isocontour,11.283791670955125,30719.14,64.64,-20.7,-2.0,0.987,-2.9,0.3,2.9,18.4,-3.4,1.113,6,3,0,0,3
91.2,20,isocontour,11.283791670955125,31952.18,67.24,11.3,-17.1,1.005,-1.5,-0.2,1.5,18.4,-1.9,1.126,6,3,0,0,3
91.2,21,isocontour,11.283791670955125,31306.09,65.88,-4.7,-18.2,1.104,-1.5,1.9,2.4,18.5,-2.1,1.118,6,2,0,0,2
91.2,22,isocontour,11.283791670955125,33716.71,70.95,-18.2,-10.2,0.982,0.1,-4.2,4.2,18.4,-3.4,1.113,6,3,0,0,3
91.2,23,isocontour,11.283791670955125,34310.91,72.2,-19.7,6.3,0.993,0.4,2.9,2.9,18.4,-3.4,1.113,6,3,0,0,3
91.2,24,isocontour,11.283791670955125,32023.32,67.39,3.6,-20.5,0.988,-0.8,-0.6,1.0,18.4,-1.9,1.126,6,3,0,0,3
91.2,25,isocontour,11.283791670955125,31454.98,66.19,-14.5,13.3,1.053,1.4,2.2,2.6,18.4,-3.4,1.113,6,3,0,0,3
91.2,Target,,,,,0.0,0.0,4.023,0.0,0.0,,,,,,,,,
91.3,1,isocontour,11.283791670955125,29445.68,61.96,19.1,8.4,0.984,1.0,-1.3,1.6,18.4,-1.9,1.126,6,7,0,0,7
91.3,2,isocontour,11.283791670955125,28109.66,59.15,9.4,18.8,0.978,-1.4,1.2,1.8,18.4,-1.9,1.126,6,3,0,0,3
91.3,3,isocontour,11.283791670955125,28877.87,60.77,15.0,14.5,0.983,0.6,-0.9,1.1,18.4,-1.9,1.126,6,6,0,0,6
91.3,4,isocontour,11.283791670955125,33765.26,71.05,19.0,7.1,1.018,1.4,-2.7,3.0,18.4,-1.9,1.126,6,7,0,0,7
91.3,5,isocontour,11.283791670955125,31327.82,65.93,18.7,7.8,1.017,0.4,-3.0,3.0,18.4,-1.9,1.126,6,7,0,0,7
91.3,6,isocontour,11.283791670955125,33252.8,69.98,18.4,-1.4,1.125,0.3,2.5,2.5,18.4,-1.9,1.126,6,7,0,0,7
91.3,7,isocontour,11.283791670955125,31363.92,66.0,-14.9,14.3,0.995,1.8,-0.0,1.8,18.4,-3.4,1.113,6,3,0,0,3
91.3,8,isocontour,11.283791670955125,33414.25,70.32,18.9,-1.0,1.095,0.1,2.6,2.6,18.4,-1.9,1.126,6,7,0,0,7
91.3,9,isocontour,11.283791670955125,31560.15,66.41,19.9,5.3,0.998,-2.0,-1.0,2.2,18.4,-1.9,1.126,6,7,0,0,7
91.3,10,isocontour,11.283791670955125,31260.21,65.78,18.0,-10.2,0.995,0.6,2.2,2.3,18.4,-1.9,1.126,6,4,0,0,4
91.3,11,isocontour,11.283791670955125,33025.58,69.5,-17.9,-8.5,1.046,0.5,-1.0,1.1,18.4,-3.4,1.113,6,3,0,0,3
91.3,12,isocontour,11.283791670955125,31130.92,65.51,-13.0,-15.9,1.003,-2.9,-0.4,2.9,18.5,-2.1,1.118,6,3,0,0,3
91.3,13,isocontour,11.283791670955125,29393.69,61.86,20.6,2.1,0.994,-0.2,-1.2,1.2,18.4,-1.9,1.126,6,6,0,0,6
91.3,14,isocontour,11.283791670955125,31276.73,65.82,11.3,-15.8,1.066,1.3,1.4,1.9,18.4,-1.9,1.126,6,3,0,0,3
91.3,15,isocontour,11.283791670955125,28754.44,60.51,1.5,20.8,0.986,-2.5,0.1,2.5,18.4,-1.9,1.126,6,3,0,0,3
91.3,16,isocontour,11.283791670955125,46418.38,97.68,-24.6,22.2,0.506,-0.6,-0.7,0.9,-24.6,22.2,0.506,16,0,0,0,0
91.3,17,isocontour,11.283791670955125,28795.99,60.6,8.3,17.8,1.053,-2.1,1.6,2.6,18.4,-1.9,1.126,6,3,0,0,3
91.3,18,isocontour,11.283791670955125,34782.25,73.19,-8.4,18.9,0.996,0.8,1.4,1.6,18.5,-2.1,1.118,6,3,0,0,3
91.3,19,isocontour,11.283791670955125,30705.65,64.62,-20.8,-1.8,0.983,-0.5,2.1,2.2,18.4,-3.4,1.113,6,3,0,0,3
91.3,20,isocontour,11.283791670955125,31928.64,67.19,11.3,-17.3,0.996,-0.4,-2.6,2.6,18.4,-1.9,1.126,6,3,0,0,3
91.3,21,isocontour,11.283791670955125,31299.84,65.87,-4.6,-18.3,1.103,1.4,-1.0,1.7,18.4,-1.9,1.126,6,2,0,0,2
91.3,22,isocontour,11.283791670955125,33684.26,70.88,-18.2,-10.1,0.986,-0.1,2.9,2.9,18.4,-3.4,1.113,6,3,0,0,3
91.3,23,isocontour,11.283791670955125,34309.35,72.2,-19.7,6.5,0.994,0.5,1.0,1.1,18.4,-3.4,1.113,6,3,0,0,3
91.3,24,isocontour,11.283791670955125,32022.12,67.39,3.6,-20.5,0.988,0.9,0.3,0.9,18.4,-1.9,1.126,6,3,0,0,3
91.3,25,isocontour,11.283791670955125,31451.18,66.19,-14.4,13.3,1.057,1.4,0.3,1.4,18.4,-3.4,1.113,6,3,0,0,3
91.3,Target,,,,,0.0,0.0,4.023,0.0,0.0,,,,,,,,,
91.4,1,isocontour,11.283791670955125,29418.51,61.91,19.1,8.2,0.991,-0.3,-2.7,2.7,18.4,-1.9,1.126,6,7,0,0,7
91.4,2,isocontour,11.283791670955125,28094.04,59.12,9.2,18.7,0.984,-2.3,-0.3,2.3,18.4,-1.9,1.126,6,3,0,0,3
91.4,3,isocontour,11.283791670955125,28870.47,60.75,15.1,14.4,0.982,1.4,-1.1,1.8,18.4,-1.9,1.126,6,6,0,0,6
91.4,4,isocontour,11.283791670955125,33727.62,70.98,19.1,6.8,1.018,1.1,-2.9,3.1,18.4,-1.9,1.126,6,7,0,0,7
91.4,5,isocontour,11.283791670955125,31310.97,65.89,18.7,7.5,1.023,-0.2,-2.3,2.3,18.4,-1.9,1.126,6,7,0,0,7
91.4,6,isocontour,11.283791670955125,33252.11,69.97,18.5,-1.3,1.122,0.5,0.6,0.8,18.4,-1.9,1.126,6,7,0,0,7
91.4,7,isocontour,11.283791670955125,31346.85,65.97,-15.0,14.5,0.985,-1.6,1.8,2.4,18.5,-2.1,1.118,6,3,0,0,3
91.4,8,isocontour,11.283791670955125,33392.01,70.27,19.0,-0.7,1.095,0.2,2.6,2.6,18.4,-1.9,1.126,6,7,0,0,7
91.4,9,isocontour,11.283791670955125,31559.58,66.41,19.9,5.3,1.001,-0.4,0.6,0.7,18.4,-1.9,1.126,6,7,0,0,7
91.4,10,isocontour,11.283791670955125,31249.29,65.76,18.2,-10.1,0.99,1.8,0.9,2.0,18.4,-1.9,1.126,6,4,0,0,4
91.4,11,isocontour,11.283791670955125,33008.51,69.46,-17.8,-8.7,1.044,0.7,-2.3,2.4,18.5,-2.1,1.118,6,3,0,0,3
91.4,12,isocontour,11.283791670955125,31130.38,65.51,-13.0,-16.0,0.997,-0.4,-0.6,0.7,18.4,-1.9,1.126,6,3,0,0,3
91.4,13,isocontour,11.283791670955125,29264.48,61.58,20.7,1.7,0.989,1.6,-4.4,4.7,18.4,-1.9,1.126,6,6,0,0,6
91.4,14,isocontour,11.283791670955125,31274.46,65.81,11.4,-15.8,1.065,1.1,0.5,1.2,18.4,-1.9,1.126,6,3,0,0,3
91.4,15,isocontour,11.283791670955125,28753.47,60.51,1.4,20.7,0.989,-0.7,-0.6,0.9,18.4,-1.9,1.126,6,3,0,0,3
91.4,16,isocontour,11.283791670955125,46417.28,97.68,-24.6,22.2,0.507,0.8,0.6,1.0,-24.6,22.2,0.506,16,0,0,0,0
91.4,17,isocontour,11.283791670955125,28787.96,60.58,8.1,17.9,1.053,-1.7,0.7,1.8,18.4,-1.9,1.126,6,3,0,0,3
91.4,18,isocontour,11.283791670955125,34679.88,72.98,-8.1,19.0,0.995,4.0,1.7,4.3,18.4,-1.9,1.126,6,3,0,0,3
91.4,19,isocontour,11.283791670955125,30678.77,64.56,-20.7,-1.5,0.99,1.4,2.4,2.8,18.4,-3.4,1.113,6,3,0,0,3
91.4,20,isocontour,11.283791670955125,31911.99,67.15,11.4,-17.5,0.983,1.3,-2.0,2.4,18.4,-1.9,1.126,6,3,0,0,3
91.4,21,isocontour,11.283791670955125,31298.28,65.86,-4.6,-18.2,1.105,-0.7,0.8,1.1,18.4,-1.9,1.126,6,2,0,0,2
91.4,22,isocontour,11.283791670955125,33679.43,70.87,-18.1,-10.0,0.993,1.5,-0.3,1.5,18.5,-2.1,1.118,6,3,0,0,3
91.4,23,isocontour,11.283791670955125,34308.44,72.2,-19.7,6.4,0.992,-0.6,-0.7,0.9,18.4,-3.4,1.113,6,3,0,0,3
91.4,24,isocontour,11.283791670955125,31990.97,67.32,3.9,-20.4,0.991,2.7,1.1,2.9,18.4,-1.9,1.126,6,3,0,0,3
91.4,25,isocontour,11.283791670955125,31447.22,66.18,-14.2,13.4,1.062,1.4,0.3,1.4,18.5,-2.1,1.118,6,3,0,0,3
91.4,Target,,,,,0.0,0.0,4.023,0.0,0.0,,,,,,,,,
91.5,1,isocontour,11.283791670955125,29402.08,61.87,19.1,8.3,0.988,-0.1,2.3,2.3,18.4,-1.9,1.126,6,7,0,0,7
91.5,2,isocontour,11.283791670955125,28070.5,59.07,8.9,18.7,0.992,-2.6,-0.4,2.6,18.4,-1.9,1.126,6,3,0,0,3
91.5,3,isocontour,11.283791670955125,28858.56,60.73,15.1,14.2,0.989,-0.1,-2.1,2.1,18.4,-1.9,1.126,6,6,0,0,6
91.5,4,isocontour,11.283791670955125,33693.16,70.9,19.2,6.6,1.015,1.6,-2.5,3.0,18.4,-1.9,1.126,6,7,0,0,7
91.5,5,isocontour,11.283791670955125,31278.84,65.82,18.8,7.2,1.026,0.6,-2.9,3.0,18.4,-1.9,1.126,6,7,0,0,7
91.5,6,isocontour,11.283791670955125,33251.69,69.97,18.5,-1.3,1.121,0.3,0.6,0.7,18.4,-1.9,1.126,6,7,0,0,7
91.5,7,isocontour,11.283791670955125,31346.81,65.97,-15.1,14.5,0.981,-0.3,0.1,0.3,18.4,-1.9,1.126,6,3,0,0,3
91.5,8,isocontour,11.283791670955125,33391.57,70.27,19.0,-0.6,1.095,0.1,0.7,0.7,18.4,-1.9,1.126,6,7,0,0,7
91.5,9,isocontour,11.283791670955125,31439.26,66.16,20.1,5.0,0.993,2.6,-3.7,4.5,18.4,-1.9,1.126,6,7,0,0,7
91.5,10,isocontour,11.283791670955125,31225.21,65.71,18.1,-9.9,0.999,-1.1,2.4,2.6,18.4,-1.9,1.126,6,4,0,0,4
91.5,11,isocontour,11.283791670955125,32984.16,69.41,-17.7,-8.9,1.043,1.2,-2.4,2.7,18.4,-1.9,1.126,6,3,0,0,3
91.5,12,isocontour,11.283791670955125,31000.34,65.24,-12.8,-16.3,0.991,2.8,-3.8,4.7,18.4,-1.9,1.126,6,3,0,0,3
91.5,13,isocontour,11.283791670955125,29262.63,61.58,20.8,1.6,0.983,0.9,-0.6,1.1,18.4,-1.9,1.126,6,6,0,0,6
91.5,14,isocontour,11.283791670955125,31269.99,65.8,11.4,-15.8,1.064,-1.0,-1.1,1.5,18.4,-1.9,1.126,6,3,0,0,3
91.5,15,isocontour,11.283791670955125,28752.51,60.51,1.4,20.7,0.993,-0.7,-0.6,0.9,18.4,-1.9,1.126,6,3,0,0,3
91.5,16,isocontour,11.283791670955125,46416.18,97.68,-24.5,22.2,0.509,0.5,-0.8,0.9,-24.5,22.2,0.507,16,0,0,0,0
91.5,17,isocontour,11.283791670955125,28763.61,60.53,7.9,18.0,1.054,-2.5,0.9,2.7,18.4,-1.9,1.126,6,3,0,0,3
91.5,18,isocontour,11.283791670955125,34655.53,72.93,-7.8,19.1,0.996,2.5,0.8,2.6,18.4,-1.9,1.126,6,3,0,0,3
91.5,19,isocontour,11.283791670955125,30668.63,64.54,-20.8,-1.4,0.984,-1.6,1.1,1.9,18.5,-2.1,1.118,6,3,0,0,3
91.5,20,isocontour,11.283791670955125,31911.23,67.15,11.4,-17.5,0.984,0.1,0.8,0.8,18.4,-1.9,1.126,6,3,0,0,3
91.5,21,isocontour,11.283791670955125,31272.82,65.81,-4.9,-18.2,1.104,-2.7,0.4,2.7,18.4,-1.9,1.126,6,2,0,0,2
91.5,22,isocontour,11.283791670955125,33657.95,70.83,-18.1,-9.8,0.997,-0.7,2.5,2.6,18.4,-1.9,1.126,6,3,0,0,3
91.5,23,isocontour,11.283791670955125,34277.61,72.13,-19.7,6.7,0.99,0.5,2.8,2.8,18.5,-2.1,1.118,6,3,0,0,3
91.5,24,isocontour,11.283791670955125,31989.8,67.32,3.8,-20.3,0.994,-0.9,0.3,0.9,18.4,-1.9,1.126,6,3,0,0,3
91.5,25,isocontour,11.283791670955125,31412.41,66.1,-14.0,13.5,1.067,2.6,1.4,3.0,18.4,-1.9,1.126,6,3,0,0,3
91.5,Target,,,,,0.0,0.0,4.023,0.0,0.0,,,,,,,,,
91.6,1,isocontour,11.283791670955125,29402.08,61.87,19.1,8.4,0.987,-0.0,0.1,0.1,18.4,-1.9,1.126,6,7,0,0,7
91.6,2,isocontour,11.283791670955125,28049.02,59.03,9.1,18.7,0.988,2.6,-0.1,2.6,18.4,-1.9,1.126,6,3,0,0,3
91.6,3,isocontour,11.283791670955125,28855.42,60.72,15.2,14.1,0.992,0.7,-1.2,1.4,18.4,-1.9,1.126,6,6,0,0,6
91.6,4,isocontour,11.283791670955125,33685.75,70.89,19.3,6.7,1.011,-0.1,1.8,1.8,18.4,-1.9,1.126,6,7,0,0,7
91.6,5,isocontour,11.283791670955125,31259.54,65.78,18.9,7.4,1.016,1.4,2.0,2.4,18.4,-1.9,1.126,6,7,0,0,7
91.6,6,isocontour,11.283791670955125,33213.31,69.89,18.5,-1.5,1.119,0.0,-3.1,3.1,18.4,-1.9,1.126,6,7,0,0,7
91.6,7,isocontour,11.283791670955125,31315.66,65.9,-14.8,14.6,0.987,2.7,1.0,2.9,18.4,-1.9,1.126,6,3,0,0,3
91.6,8,isocontour,11.283791670955125,33353.92,70.19,19.0,-0.9,1.095,-0.3,-3.1,3.1,18.4,-1.9,1.126,6,7,0,0,7
91.6,9,isocontour,11.283791670955125,31419.01,66.12,20.3,4.8,0.987,1.6,-1.9,2.5,18.4,-1.9,1.126,6,7,0,0,7
91.6,10,isocontour,11.283791670955125,31224.73,65.71,18.1,-9.9,0.997,0.4,-0.6,0.7,18.4,-1.9,1.126,6,4,0,0,4
91.6,11,isocontour,11.283791670955125,32959.82,69.36,-17.7,-9.2,1.039,0.5,-2.6,2.6,18.4,-1.9,1.126,6,3,0,0,3
91.6,12,isocontour,11.283791670955125,30988.43,65.21,-12.8,-16.6,0.983,0.2,-2.1,2.1,18.4,-1.9,1.126,6,3,0,0,3
91.6,13,isocontour,11.283791670955125,29239.36,61.53,20.8,1.8,0.985,-0.8,2.5,2.6,18.4,-1.9,1.126,6,6,0,0,6
91.6,14,isocontour,11.283791670955125,31267.5,65.8,11.4,-15.8,1.065,0.7,1.0,1.2,18.4,-1.9,1.126,6,3,0,0,3
91.6,15,isocontour,11.283791670955125,28732.25,60.46,1.5,20.8,0.985,1.9,1.6,2.5,18.4,-1.9,1.126,6,3,0,0,3
91.6,16,isocontour,11.283791670955125,46415.08,97.67,-24.5,22.1,0.51,-0.2,-0.9,0.9,-24.5,22.1,0.509,16,0,0,0,0
91.6,17,isocontour,11.283791670955125,28739.8,60.48,7.7,18.2,1.048,-1.7,2.0,2.6,18.4,-1.9,1.126,6,3,0,0,3
91.6,18,isocontour,11.283791670955125,34651.23,72.92,-7.7,19.3,0.99,0.3,1.5,1.5,18.4,-1.9,1.126,6,3,0,0,3
91.6,19,isocontour,11.283791670955125,30664.58,64.53,-20.9,-1.5,0.981,-0.4,-1.4,1.5,18.4,-1.9,1.126,6,3,0,0,3
91.6,20,isocontour,11.283791670955125,31903.7,67.14,11.4,-17.3,0.991,0.3,1.8,1.8,18.4,-1.9,1.126,6,3,0,0,3
91.6,21,isocontour,11.283791670955125,31271.54,65.81,-4.8,-18.2,1.105,1.0,-0.1,1.0,18.4,-1.9,1.126,6,2,0,0,2
91.6,22,isocontour,11.283791670955125,33605.65,70.72,-18.3,-9.6,0.995,-2.0,2.8,3.4,18.4,-1.9,1.126,6,3,0,0,3
91.6,23,isocontour,11.283791670955125,34247.72,72.07,-19.6,6.9,0.99,1.1,2.7,2.9,18.4,-1.9,1.126,6,3,0,0,3
91.6,24,isocontour,11.283791670955125,31988.05,67.31,3.8,-20.4,0.991,-0.8,-0.7,1.1,18.4,-1.9,1.126,6,3,0,0,3
91.6,25,isocontour,11.283791670955125,31410.36,66.1,-13.9,13.6,1.068,0.8,0.8,1.1,18.4,-1.9,1.126,6,3,0,0,3
91.6,Target,,,,,0.0,0.0,4.023,0.0,0.0,,,,,,,,,
91.7,1,isocontour,11.283791670955125,29396.57,61.86,18.9,8.4,0.991,-1.4,0.8,1.6,18.4,-1.9,1.126,6,7,0,0,7
91.7,2,isocontour,11.283791670955125,28024.4,58.97,9.4,18.7,0.98,2.6,0.4,2.6,18.4,-1.9,1.126,6,3,0,0,3
91.7,3,isocontour,11.283791670955125,28853.72,60.72,15.2,14.0,0.997,-0.4,-1.0,1.1,18.4,-1.9,1.126,6,6,0,0,6
91.7,4,isocontour,11.283791670955125,33683.43,70.88,19.2,6.7,1.015,-1.1,0.4,1.2,18.4,-1.9,1.126,6,7,0,0,7
91.7,5,isocontour,11.283791670955125,31238.8,65.74,18.8,7.5,1.02,-1.9,1.7,2.5,18.4,-1.9,1.126,6,7,0,0,7
91.7,6,isocontour,11.283791670955125,33193.54,69.85,18.7,-1.7,1.106,2.2,-1.2,2.5,18.4,-1.9,1.126,6,7,0,0,7
91.7,7,isocontour,11.283791670955125,31310.55,65.89,-14.8,14.5,0.995,0.5,-1.5,1.6,18.4,-1.9,1.126,6,3,0,0,3
91.7,8,isocontour,11.283791670955125,33316.64,70.11,18.9,-1.2,1.095,-0.2,-3.1,3.1,18.4,-1.9,1.126,6,7,0,0,7
91.7,9,isocontour,11.283791670955125,31418.81,66.12,20.3,4.7,0.984,0.5,-0.2,0.5,18.4,-1.9,1.126,6,7,0,0,7
91.7,10,isocontour,11.283791670955125,31222.41,65.7,18.2,-9.8,0.994,1.0,0.7,1.2,18.4,-1.9,1.126,6,4,0,0,4
91.7,11,isocontour,11.283791670955125,32932.65,69.3,-17.7,-9.4,1.031,-0.2,-2.8,2.8,18.4,-1.9,1.126,6,3,0,0,3
91.7,12,isocontour,11.283791670955125,30968.89,65.17,-12.9,-16.5,0.979,-2.2,1.2,2.5,18.4,-1.9,1.126,6,3,0,0,3
91.7,13,isocontour,11.283791670955125,29217.12,61.48,20.7,2.1,0.988,-0.6,2.5,2.6,18.4,-1.9,1.126,6,6,0,0,6
91.7,14,isocontour,11.283791670955125,31229.86,65.72,11.6,-15.6,1.067,2.3,2.0,3.0,18.4,-1.9,1.126,6,3,0,0,3
91.7,15,isocontour,11.283791670955125,28722.99,60.44,1.4,20.7,0.99,-1.4,-1.4,2.0,18.4,-1.9,1.126,6,3,0,0,3
91.7,16,isocontour,11.283791670955125,46413.98,97.67,-24.6,22.1,0.508,-0.8,0.6,1.0,-24.6,22.1,0.51,16,0,0,0,0
91.7,17,isocontour,11.283791670955125,28735.59,60.47,7.7,18.1,1.051,0.8,-1.2,1.4,18.4,-1.9,1.126,6,3,0,0,3
91.7,18,isocontour,11.283791670955125,34650.6,72.92,-7.8,19.3,0.986,-0.7,0.4,0.8,18.4,-1.9,1.126,6,3,0,0,3
91.7,19,isocontour,11.283791670955125,30633.11,64.46,-20.8,-1.8,0.986,1.4,-2.5,2.9,18.4,-1.9,1.126,6,3,0,0,3
91.7,20,isocontour,11.283791670955125,31886.63,67.1,11.4,-17.5,0.983,-0.0,-2.4,2.4,18.4,-1.9,1.126,6,3,0,0,3
91.7,21,isocontour,11.283791670955125,31267.9,65.8,-4.7,-18.1,1.109,1.4,0.4,1.5,18.4,-1.9,1.126,6,2,0,0,2
91.7,22,isocontour,11.283791670955125,33604.04,70.72,-18.4,-9.6,0.99,-0.4,-1.0,1.1,18.4,-1.9,1.126,6,3,0,0,3
91.7,23,isocontour,11.283791670955125,34236.48,72.05,-19.4,7.0,0.998,2.0,0.7,2.1,18.4,-1.9,1.126,6,3,0,0,3
91.7,24,isocontour,11.283791670955125,31960.88,67.26,3.5,-20.5,0.988,-2.5,-1.1,2.7,18.4,-1.9,1.126,6,3,0,0,3
91.7,25,isocontour,11.283791670955125,31399.28,66.08,-13.9,13.4,1.072,-0.8,-1.9,2.1,18.4,-1.9,1.126,6,3,0,0,3
91.7,Target,,,,,0.0,0.0,4.023,0.0,0.0,,,,,,,,,
91.8,1,isocontour,11.283791670955125,29385.65,61.84,19.1,8.3,0.987,1.7,-1.2,2.1,18.4,-1.9,1.126,6,7,0,0,7
91.8,2,isocontour,11.283791670955125,28021.53,58.97,9.4,18.6,0.983,0.3,-1.3,1.3,18.4,-1.9,1.126,6,3,0,0,3
91.8,3,isocontour,11.283791670955125,28756.23,60.51,15.0,14.3,0.99,-1.5,4.0,4.3,18.4,-1.9,1.126,6,6,0,0,6
91.8,4,isocontour,11.283791670955125,33667.0,70.85,19.1,6.9,1.015,-0.6,2.3,2.4,18.4,-1.9,1.126,6,7,0,0,7
91.8,5,isocontour,11.283791670955125,31238.28,65.74,18.7,7.6,1.022,-0.5,0.5,0.7,18.4,-1.9,1.126,6,7,0,0,7
91.8,6,isocontour,11.283791670955125,33192.4,69.85,18.7,-1.6,1.107,-0.4,0.8,0.9,18.4,-1.9,1.126,6,7,0,0,7
91.8,7,isocontour,11.283791670955125,31301.29,65.87,-14.7,14.6,0.991,0.4,1.9,1.9,18.4,-1.9,1.126,6,3,0,0,3
91.8,8,isocontour,11.283791670955125,33294.66,70.06,18.9,-1.0,1.096,0.1,2.6,2.6,18.4,-1.9,1.126,6,7,0,0,7
91.8,9,isocontour,11.283791670955125,31414.17,66.11,20.2,4.8,0.99,-1.4,0.5,1.5,18.4,-1.9,1.126,6,7,0,0,7
91.8,10,isocontour,11.283791670955125,31213.15,65.68,18.3,-10.0,0.987,0.8,-1.7,1.9,18.4,-1.9,1.126,6,4,0,0,4
91.8,11,isocontour,11.283791670955125,32906.91,69.25,-17.7,-9.3,1.035,-0.3,2.7,2.7,18.4,-1.9,1.126,6,3,0,0,3
91.8,12,isocontour,11.283791670955125,30967.41,65.17,-13.0,-16.4,0.983,-0.1,1.0,1.0,18.4,-1.9,1.126,6,3,0,0,3
91.8,13,isocontour,11.283791670955125,29215.91,61.48,20.6,2.1,0.991,-0.8,0.6,1.0,18.4,-1.9,1.126,6,6,0,0,6
91.8,14,isocontour,11.283791670955125,31194.01,65.64,11.8,-15.4,1.068,2.3,2.0,3.0,18.4,-1.9,1.126,6,3,0,0,3
91.8,15,isocontour,11.283791670955125,28720.89,60.44,1.5,20.7,0.993,1.1,-0.3,1.1,18.4,-1.9,1.126,6,3,0,0,3
91.8,16,isocontour,11.283791670955125,46412.88,97.67,-24.6,22.0,0.51,0.7,-0.7,1.0,-24.6,22.0,0.51,16,0,0,0,0
91.8,17,isocontour,11.283791670955125,28734.02,60.47,7.8,18.0,1.054,0.8,-0.7,1.1,18.4,-1.9,1.126,6,3,0,0,3
91.8,18,isocontour,11.283791670955125,34646.71,72.91,-7.8,19.2,0.992,-0.0,-1.4,1.4,18.4,-1.9,1.126,6,3,0,0,3
91.8,19,isocontour,11.283791670955125,30606.52,64.41,-20.7,-1.6,0.991,0.7,2.7,2.8,18.4,-1.9,1.126,6,3,0,0,3
91.8,20,isocontour,11.283791670955125,31886.59,67.1,11.4,-17.5,0.981,-0.2,-0.2,0.3,18.4,-1.9,1.126,6,3,0,0,3
91.8,21,isocontour,11.283791670955125,31264.76,65.79,-4.6,-18.2,1.107,1.0,-0.9,1.3,18.4,-1.9,1.126,6,2,0,0,2
91.8,22,isocontour,11.283791670955125,33601.23,70.71,-18.5,-9.6,0.984,-1.3,-0.3,1.3,18.4,-1.9,1.126,6,3,0,0,3
91.8,23,isocontour,11.283791670955125,34227.36,72.03,-19.4,6.9,1.003,0.1,-1.9,1.9,18.4,-1.9,1.126,6,3,0,0,3
91.8,24,isocontour,11.283791670955125,31958.26,67.25,3.5,-20.4,0.993,0.0,1.3,1.3,18.4,-1.9,1.126,6,3,0,0,3
91.8,25,isocontour,11.283791670955125,31397.8,66.07,-14.0,13.3,1.072,-0.8,-0.6,1.0,18.4,-1.9,1.126,6,3,0,0,3
91.8,Target,,,,,0.0,0.0,4.023,0.0,0.0,,,,,,,,,
91.9,1,isocontour,11.283791670955125,29385.34,61.84,19.1,8.4,0.985,0.0,0.6,0.6,18.4,-1.9,1.126,6,7,0,0,7
91.9,2,isocontour,11.283791670955125,28018.53,58.96,9.4,18.5,0.99,-0.9,-0.9,1.3,18.4,-1.9,1.126,6,3,0,0,3
91.9,3,isocontour,11.283791670955125,28744.32,60.49,15.2,14.4,0.98,2.1,0.4,2.1,18.4,-1.9,1.126,6,6,0,0,6
91.9,4,isocontour,11.283791670955125,33651.39,70.82,19.0,7.1,1.019,-1.5,1.7,2.3,18.4,-1.9,1.126,6,7,0,0,7
91.9,5,isocontour,11.283791670955125,31213.1,65.68,18.7,7.4,1.029,-0.4,-2.7,2.7,18.4,-1.9,1.126,6,7,0,0,7
91.9,6,isocontour,11.283791670955125,33191.92,69.85,18.7,-1.5,1.107,0.1,0.7,0.7,18.4,-1.9,1.126,6,7,0,0,7
91.9,7,isocontour,11.283791670955125,31229.28,65.72,-15.0,14.8,0.973,-3.3,1.9,3.8,18.4,-1.9,1.126,6,3,0,0,3
91.9,8,isocontour,11.283791670955125,33294.24,70.06,18.9,-0.9,1.095,0.1,0.7,0.7,18.4,-1.9,1.126,6,7,0,0,7
91.9,9,isocontour,11.283791670955125,31406.26,66.09,20.0,4.8,0.999,-1.8,0.4,1.8,18.4,-1.9,1.126,6,7,0,0,7
91.9,10,isocontour,11.283791670955125,31213.02,65.68,18.3,-10.0,0.983,0.4,-0.1,0.4,18.4,-1.9,1.126,6,4,0,0,4
91.9,11,isocontour,11.283791670955125,32878.56,69.19,-17.8,-9.0,1.038,-0.8,2.7,2.8,18.4,-1.9,1.126,6,3,0,0,3
91.9,12,isocontour,11.283791670955125,30941.11,65.11,-13.1,-16.2,0.988,-1.3,2.4,2.7,18.4,-1.9,1.126,6,3,0,0,3
91.9,13,isocontour,11.283791670955125,29215.17,61.48,20.6,2.2,0.994,-0.6,0.6,0.8,18.4,-1.9,1.126,6,6,0,0,6
91.9,14,isocontour,11.283791670955125,31172.78,65.6,11.7,-15.5,1.069,-2.1,-1.4,2.5,18.4,-1.9,1.126,6,3,0,0,3
91.9,15,isocontour,11.283791670955125,28719.68,60.44,1.5,20.7,0.99,-0.7,0.7,1.0,18.4,-1.9,1.126,6,3,0,0,3
91.9,16,isocontour,11.283791670955125,46411.78,97.67,-24.6,22.0,0.509,-0.9,-0.2,0.9,-24.6,22.0,0.51,16,0,0,0,0
91.9,17,isocontour,11.283791670955125,28733.08,60.47,7.7,18.1,1.054,-0.8,0.3,0.9,18.4,-1.9,1.126,6,3,0,0,3
91.9,18,isocontour,11.283791670955125,34644.28,72.9,-7.9,19.2,0.989,-1.2,0.4,1.3,18.4,-1.9,1.126,6,3,0,0,3
91.9,19,isocontour,11.283791670955125,30575.37,64.34,-20.7,-1.8,0.99,-0.1,-2.9,2.9,18.4,-1.9,1.126,6,3,0,0,3
91.9,20,isocontour,11.283791670955125,31868.43,67.06,11.2,-17.5,0.988,-2.4,0.3,2.4,18.4,-1.9,1.126,6,3,0,0,3
91.9,21,isocontour,11.283791670955125,31262.96,65.79,-4.5,-18.2,1.106,1.1,-0.2,1.1,18.4,-1.9,1.126,6,2,0,0,2
91.9,22,isocontour,11.283791670955125,33587.18,70.68,-18.7,-9.7,0.974,-2.2,-0.0,2.2,18.4,-1.9,1.126,6,3,0,0,3
91.9,23,isocontour,11.283791670955125,34188.24,71.94,-19.6,6.7,0.995,-2.5,-1.9,3.1,18.4,-1.9,1.126,6,3,0,0,3
91.9,24,isocontour,11.283791670955125,31957.26,67.25,3.4,-20.4,0.995,-0.9,0.0,0.9,18.4,-1.9,1.126,6,3,0,0,3
91.9,25,isocontour,11.283791670955125,31396.44,66.07,-14.1,13.3,1.072,-0.7,-0.7,1.0,18.4,-1.9,1.126,6,3,0,0,3
91.9,Target,,,,,0.0,0.0,4.023,0.0,0.0,,,,,,,,,
92.0,1,isocontour,11.283791670955125,29354.51,61.77,19.1,8.1,0.991,-0.1,-2.9,2.9,19.1,8.1,0.985,1,7,0,0,7
92.0,2,isocontour,11.283791670955125,28017.5,58.96,9.3,18.5,0.992,-0.9,0.1,0.9,9.3,18.5,0.99,2,3,0,0,3
92.0,3,isocontour,11.283791670955125,28711.87,60.42,15.3,14.2,0.983,1.2,-2.7,3.0,15.3,14.2,0.98,3,6,0,0,6
92.0,4,isocontour,11.283791670955125,33614.47,70.74,19.1,6.9,1.016,1.8,-2.5,3.1,19.1,6.9,1.019,4,7,0,0,7
92.0,5,isocontour,11.283791670955125,31213.01,65.68,18.6,7.4,1.032,-0.4,0.2,0.4,18.6,7.4,1.029,5,7,0,0,7
92.0,6,isocontour,11.283791670955125,33173.76,69.81,18.7,-1.3,1.109,-0.3,2.4,2.4,18.7,-1.3,1.107,6,7,0,0,7
92.0,7,isocontour,11.283791670955125,31218.2,65.69,-15.2,14.7,0.969,-1.5,-1.4,2.1,-15.2,14.7,0.973,7,3,0,0,3
92.0,8,isocontour,11.283791670955125,33293.79,70.06,19.0,-0.8,1.095,0.2,0.7,0.7,19.0,-0.8,1.095,8,7,0,0,7
92.0,9,isocontour,11.283791670955125,31405.8,66.09,20.0,4.9,1.001,-0.3,0.6,0.7,20.0,4.9,0.999,9,7,0,0,7
92.0,10,isocontour,11.283791670955125,31203.02,65.66,18.2,-10.0,0.991,-2.0,-0.1,2.0,18.2,-10.0,0.983,10,4,0,0,4
92.0,11,isocontour,11.283791670955125,32846.44,69.12,-17.7,-8.7,1.051,1.4,2.6,3.0,-17.7,-8.7,1.038,11,3,0,0,3
92.0,12,isocontour,11.283791670955125,30937.15,65.1,-13.1,-16.0,0.996,0.6,1.3,1.4,-13.1,-16.0,0.988,12,3,0,0,3
92.0,13,isocontour,11.283791670955125,29088.43,61.21,20.7,1.8,0.99,1.5,-4.4,4.6,20.7,1.8,0.994,13,6,0,0,6
92.0,14,isocontour,11.283791670955125,31152.76,65.56,11.5,-15.6,1.073,-2.4,-0.8,2.5,11.5,-15.6,1.069,14,3,0,0,3
92.0,15,isocontour,11.283791670955125,28717.53,60.43,1.6,20.7,0.989,1.2,-0.0,1.2,1.6,20.7,0.99,15,3,0,0,3
92.0,16,isocontour,11.283791670955125,46410.68,97.67,-24.6,21.9,0.511,0.4,-0.9,1.0,-24.6,21.9,0.509,16,0,0,0,0
92.0,17,isocontour,11.283791670955125,28723.53,60.45,7.6,18.1,1.054,-1.8,0.8,2.0,7.6,18.1,1.054,17,3,0,0,3
92.0,18,isocontour,11.283791670955125,34614.08,72.84,-7.7,19.3,0.992,2.9,0.3,2.9,-7.7,19.3,0.989,18,3,0,0,3
92.0,19,isocontour,11.283791670955125,30573.38,64.34,-20.7,-1.9,0.988,-0.4,-1.1,1.2,-20.7,-1.9,0.99,19,3,0,0,3
92.0,20,isocontour,11.283791670955125,31867.14,67.06,11.1,-17.6,0.988,-0.8,-0.6,1.0,11.1,-17.6,0.988,20,3,0,0,3
92.0,21,isocontour,11.283791670955125,31227.11,65.71,-4.2,-18.3,1.107,3.0,-0.6,3.1,-4.2,-18.3,1.106,21,2,0,0,2
92.0,22,isocontour,11.283791670955125,33567.88,70.64,-18.6,-9.5,0.982,1.2,2.2,2.5,-18.6,-9.5,0.974,22,3,0,0,3
92.0,23,isocontour,11.283791670955125,34187.63,71.94,-19.6,6.6,0.993,-0.4,-0.7,0.8,-19.6,6.6,0.995,23,3,0,0,3
92.0,24,isocontour,11.283791670955125,31946.96,67.23,3.5,-20.5,0.987,1.1,-1.7,2.0,3.5,-20.5,0.995,24,3,0,0,3
92.0,25,isocontour,11.283791670955125,31394.23,66.07,-14.2,13.2,1.071,-1.0,-0.7,1.2,-14.2,13.2,1.072,25,3,0,0,3
92.0,Target,,,,,0.0,0.0,4.023,0.0,0.0,,,,,,,,,
92.1,1,isocontour,11.283791670955125,29353.63,61.77,19.1,8.2,0.99,0.1,0.9,0.9,18.7,-1.3,1.109,6,7,0,0,7
92.1,2,isocontour,11.283791670955125,28015.13,58.95,9.2,18.5,0.997,-1.1,-0.5,1.2,7.6,18.1,1.054,17,3,0,0,3
92.1,3,isocontour,11.283791670955125,28707.04,60.41,15.4,14.1,0.983,1.2,-1.0,1.6,7.6,18.1,1.054,17,6,0,0,6
92.1,4,isocontour,11.283791670955125,33588.17,70.68,19.1,6.7,1.019,0.1,-2.7,2.7,18.7,-1.3,1.109,6,7,0,0,7
92.1,5,isocontour,11.283791670955125,31176.09,65.61,18.7,7.1,1.031,1.2,-2.8,3.0,18.7,-1.3,1.109,6,7,0,0,7
92.1,6,isocontour,11.283791670955125,33147.45,69.75,18.7,-1.1,1.108,0.5,2.7,2.7,18.7,-1.1,1.109,6,7,0,0,7
92.1,7,isocontour,11.283791670955125,31190.44,65.64,-15.1,14.5,0.98,0.5,-2.7,2.7,-14.2,13.2,1.072,25,3,0,0,3
92.1,8,isocontour,11.283791670955125,33211.23,69.89,19.0,-0.5,1.093,0.5,4.0,4.0,18.7,-1.3,1.109,6,7,0,0,7
92.1,9,isocontour,11.283791670955125,31337.64,65.95,20.1,4.6,0.998,1.4,-3.5,3.8,18.7,-1.3,1.109,6,7,0,0,7
92.1,10,isocontour,11.283791670955125,31200.65,65.66,18.2,-9.9,0.994,0.2,1.2,1.2,18.7,-1.3,1.109,6,4,0,0,4
92.1,11,isocontour,11.283791670955125,32824.45,69.08,-17.6,-8.9,1.051,0.8,-2.4,2.5,-17.6,-8.9,1.051,11,3,0,0,3
92.1,12,isocontour,11.283791670955125,30935.35,65.1,-13.0,-16.1,0.995,0.5,-1.0,1.1,-4.2,-18.3,1.107,21,3,0,0,3
92.1,13,isocontour,11.283791670955125,29084.05,61.2,20.8,1.9,0.984,0.9,1.2,1.5,18.7,-1.3,1.109,6,6,0,0,6
92.1,14,isocontour,11.283791670955125,31130.78,65.51,11.6,-15.5,1.069,2.5,0.7,2.6,11.6,-15.5,1.073,14,3,0,0,3
92.1,15,isocontour,11.283791670955125,28703.67,60.4,1.5,20.6,0.998,-1.0,-2.0,2.2,7.6,18.1,1.054,17,3,0,0,3
92.1,16,isocontour,11.283791670955125,46409.58,97.66,-24.6,21.9,0.511,-0.7,-0.7,1.0,-24.6,21.9,0.511,16,0,0,0,0
92.1,17,isocontour,11.283791670955125,28722.59,60.44,7.6,18.2,1.05,0.8,0.5,0.9,7.6,18.2,1.054,17,3,0,0,3
92.1,18,isocontour,11.283791670955125,34611.82,72.84,-7.7,19.2,0.996,-0.5,-1.1,1.2,-14.2,13.2,1.072,25,3,0,0,3
92.1,19,isocontour,11.283791670955125,30498.53,64.18,-20.8,-1.6,0.984,-1.0,3.8,3.9,-17.7,-8.7,1.051,11,3,0,0,3
92.1,20,isocontour,11.283791670955125,31864.65,67.06,11.2,-17.5,0.989,0.9,0.8,1.2,11.5,-15.6,1.073,14,3,0,0,3
92.1,21,isocontour,11.283791670955125,31226.26,65.71,-4.3,-18.3,1.107,-0.8,0.3,0.9,-4.3,-18.3,1.107,21,2,0,0,2
92.1,22,isocontour,11.283791670955125,33565.67,70.63,-18.6,-9.5,0.985,0.8,-0.9,1.2,-17.7,-8.7,1.051,11,3,0,0,3
92.1,23,isocontour,11.283791670955125,34186.99,71.94,-19.6,6.5,0.995,0.3,-0.7,0.8,-14.2,13.2,1.072,25,3,0,0,3
92.1,24,isocontour,11.283791670955125,31946.18,67.23,3.6,-20.6,0.982,0.7,-0.5,0.9,-4.2,-18.3,1.107,21,3,0,0,3
92.1,25,isocontour,11.283791670955125,31376.51,66.03,-14.1,13.0,1.082,0.9,-2.2,2.4,-14.1,13.0,1.072,25,3,0,0,3
92.1,Target,,,,,0.0,0.0,4.023,0.0,0.0,,,,,,,,,
92.2,1,isocontour,11.283791670955125,29349.75,61.76,19.2,8.1,0.988,0.8,-1.2,1.4,18.7,-1.3,1.109,6,7,0,0,7
92.2,2,isocontour,11.283791670955125,27993.65,58.91,9.4,18.5,0.99,2.5,0.7,2.6,7.6,18.1,1.054,17,3,0,0,3
92.2,3,isocontour,11.283791670955125,28674.26,60.34,15.5,13.8,0.99,0.6,-2.9,3.0,18.7,-1.3,1.109,6,6,0,0,6
92.2,4,isocontour,11.283791670955125,33576.59,70.66,19.3,6.5,1.015,1.6,-1.4,2.1,18.7,-1.3,1.109,6,7,0,0,7
92.2,5,isocontour,11.283791670955125,31154.61,65.56,18.8,6.9,1.034,0.3,-2.5,2.5,18.7,-1.3,1.109,6,7,0,0,7
92.2,6,isocontour,11.283791670955125,33146.45,69.75,18.8,-1.0,1.106,0.4,0.8,0.9,18.8,-1.0,1.109,6,7,0,0,7
92.2,7,isocontour,11.283791670955125,31179.35,65.61,-15.0,14.3,0.991,1.2,-1.6,2.0,-14.1,13.0,1.082,25,3,0,0,3
92.2,8,isocontour,11.283791670955125,33190.24,69.84,19.0,-0.2,1.091,0.2,2.5,2.5,18.7,-1.3,1.109,6,7,0,0,7
92.2,9,isocontour,11.283791670955125,31319.92,65.91,20.3,4.5,0.987,2.4,-0.5,2.5,18.7,-1.3,1.109,6,7,0,0,7
92.2,10,isocontour,11.283791670955125,31198.27,65.65,18.2,-9.8,0.998,-0.2,1.2,1.2,18.7,-1.3,1.109,6,4,0,0,4
92.2,11,isocontour,11.283791670955125,32822.8,69.07,-17.5,-9.0,1.053,0.8,-0.7,1.1,-4.2,-18.3,1.107,21,3,0,0,3
92.2,12,isocontour,11.283791670955125,30933.25,65.1,-12.9,-16.1,0.999,1.1,0.3,1.1,-4.2,-18.3,1.107,21,3,0,0,3
92.2,13,isocontour,11.283791670955125,29061.04,61.16,20.7,2.1,0.986,-0.7,2.5,2.6,18.7,-1.3,1.109,6,6,0,0,6
92.2,14,isocontour,11.283791670955125,31122.74,65.49,11.7,-15.4,1.073,0.7,1.7,1.8,18.7,-1.3,1.109,6,3,0,0,3
92.2,15,isocontour,11.283791670955125,28698.46,60.39,1.4,20.7,0.993,-0.3,1.6,1.6,-14.2,13.2,1.072,25,3,0,0,3
92.2,16,isocontour,11.283791670955125,46408.48,97.66,-24.7,21.8,0.511,-0.6,-0.7,0.9,-24.7,21.8,0.511,16,0,0,0,0
92.2,17,isocontour,11.283791670955125,28694.24,60.38,7.4,18.3,1.051,-2.7,0.8,2.8,7.4,18.3,1.054,17,3,0,0,3
92.2,18,isocontour,11.283791670955125,34598.14,72.81,-7.8,19.0,1.0,-1.7,-1.4,2.2,-14.1,13.0,1.082,25,3,0,0,3
92.2,19,isocontour,11.283791670955125,30495.79,64.17,-20.7,-1.5,0.989,1.0,0.8,1.3,-14.2,13.2,1.072,25,3,0,0,3
92.2,20,isocontour,11.283791670955125,31856.35,67.04,11.2,-17.4,0.995,0.4,1.8,1.8,18.7,-1.3,1.109,6,3,0,0,3
92.2,21,isocontour,11.283791670955125,31225.23,65.71,-4.3,-18.2,1.109,-0.8,0.5,0.9,-4.3,-18.2,1.107,21,2,0,0,2
92.2,22,isocontour,11.283791670955125,33530.51,70.56,-18.4,-9.7,0.988,2.0,-2.3,3.0,-4.2,-18.3,1.107,21,3,0,0,3
92.2,23,isocontour,11.283791670955125,34151.49,71.87,-19.6,6.8,0.992,0.3,3.0,3.0,-14.1,13.0,1.082,25,3,0,0,3
92.2,24,isocontour,11.283791670955125,31941.25,67.22,3.6,-20.5,0.988,0.6,1.4,1.5,-4.2,-18.3,1.107,21,3,0,0,3
92.2,25,isocontour,11.283791670955125,31374.98,66.02,-14.0,13.0,1.087,1.0,0.2,1.0,-14.0,13.0,1.082,25,3,0,0,3
92.2,Target,,,,,0.0,0.0,4.023,0.0,0.0,,,,,,,,,
92.3,1,isocontour,11.283791670955125,29348.84,61.76,19.1,8.1,0.992,-0.9,0.2,0.9,18.7,-1.3,1.109,6,7,0,0,7
92.3,2,isocontour,11.283791670955125,27992.51,58.91,9.4,18.5,0.992,0.2,-0.9,0.9,18.7,-1.3,1.109,6,3,0,0,3
92.3,3,isocontour,11.283791670955125,28668.34,60.33,15.4,13.7,0.999,-1.1,-1.3,1.7,18.7,-1.3,1.109,6,6,0,0,6
92.3,4,isocontour,11.283791670955125,33575.83,70.66,19.2,6.5,1.016,-0.7,0.5,0.9,18.7,-1.3,1.109,6,7,0,0,7
92.3,5,isocontour,11.283791670955125,31153.13,65.56,18.7,6.9,1.036,-0.6,0.9,1.1,18.7,-1.3,1.109,6,7,0,0,7
92.3,6,isocontour,11.283791670955125,33144.97,69.75,18.8,-1.0,1.104,0.1,-1.0,1.0,18.8,-1.0,1.109,6,7,0,0,7
92.3,7,isocontour,11.283791670955125,31158.12,65.57,-15.2,14.4,0.981,-1.8,1.8,2.5,-14.0,13.0,1.087,25,3,0,0,3
92.3,8,isocontour,11.283791670955125,33187.87,69.84,19.0,-0.3,1.092,-0.2,-1.2,1.2,18.7,-1.3,1.109,6,7,0,0,7
92.3,9,isocontour,11.283791670955125,31310.79,65.89,20.4,4.6,0.979,1.0,1.7,2.0,18.7,-1.3,1.109,6,7,0,0,7
92.3,10,isocontour,11.283791670955125,31163.46,65.58,18.3,-9.6,0.998,1.5,2.6,3.0,18.7,-1.3,1.109,6,4,0,0,4
92.3,11,isocontour,11.283791670955125,32793.22,69.01,-17.4,-9.2,1.053,1.2,-2.6,2.9,-4.2,-18.3,1.107,21,3,0,0,3
92.3,12,isocontour,11.283791670955125,30907.8,65.04,-12.7,-16.2,1.001,2.3,-1.4,2.7,-4.3,-18.2,1.109,21,3,0,0,3
92.3,13,isocontour,11.283791670955125,29038.54,61.11,20.7,2.4,0.988,-0.8,2.5,2.6,18.7,-1.3,1.109,6,6,0,0,6
92.3,14,isocontour,11.283791670955125,31105.46,65.46,11.8,-15.2,1.079,1.0,2.1,2.3,18.7,-1.3,1.109,6,3,0,0,3
92.3,15,isocontour,11.283791670955125,28697.49,60.39,1.4,20.7,0.99,-0.8,0.4,0.9,-14.1,13.0,1.082,25,3,0,0,3
92.3,16,isocontour,11.283791670955125,46407.38,97.66,-24.6,21.8,0.513,0.9,0.3,0.9,-24.6,21.8,0.511,16,0,0,0,0
92.3,17,isocontour,11.283791670955125,28672.26,60.34,7.5,18.1,1.057,1.8,-1.9,2.6,18.7,-1.3,1.109,6,3,0,0,3
92.3,18,isocontour,11.283791670955125,34581.92,72.77,-7.9,19.2,0.99,-0.8,2.2,2.3,-14.0,13.0,1.087,25,3,0,0,3
92.3,19,isocontour,11.283791670955125,30474.32,64.13,-20.7,-1.3,0.992,0.4,2.5,2.5,-4.2,-18.3,1.107,21,3,0,0,3
92.3,20,isocontour,11.283791670955125,31855.18,67.04,11.2,-17.3,0.998,-0.9,-0.2,0.9,18.7,-1.3,1.109,6,3,0,0,3
92.3,21,isocontour,11.283791670955125,31200.88,65.66,-4.6,-18.2,1.107,-2.7,0.3,2.7,-4.6,-18.2,1.109,21,2,0,0,2
92.3,22,isocontour,11.283791670955125,33527.71,70.55,-18.3,-9.9,0.989,0.6,-1.1,1.3,-4.2,-18.3,1.107,21,3,0,0,3
92.3,23,isocontour,11.283791670955125,34124.03,71.81,-19.8,6.8,0.979,-2.8,0.3,2.8,-14.0,13.0,1.087,25,3,0,0,3
92.3,24,isocontour,11.283791670955125,31940.38,67.21,3.7,-20.4,0.992,0.5,0.7,0.9,-4.3,-18.2,1.109,21,3,0,0,3
92.3,25,isocontour,11.283791670955125,31357.91,65.99,-13.9,13.2,1.084,1.1,2.1,2.4,-13.9,13.2,1.087,25,3,0,0,3
92.3,Target,,,,,0.0,0.0,4.023,0.0,0.0,,,,,,,,,
92.4,1,isocontour,11.283791670955125,29318.01,61.7,19.2,7.8,0.994,0.8,-2.8,2.9,18.7,-1.3,1.109,6,7,0,0,7
92.4,2,isocontour,11.283791670955125,27991.41,58.9,9.4,18.5,0.991,-0.6,0.7,0.9,18.7,-1.3,1.109,6,3,0,0,3
92.4,3,isocontour,11.283791670955125,28649.72,60.29,15.6,13.8,0.988,2.0,1.3,2.4,18.7,-1.3,1.109,6,6,0,0,6
92.4,4,isocontour,11.283791670955125,33568.67,70.64,19.2,6.7,1.014,-0.0,1.8,1.8,18.7,-1.3,1.109,6,7,0,0,7
92.4,5,isocontour,11.283791670955125,31132.14,65.51,18.6,7.1,1.036,-0.9,2.4,2.6,18.7,-1.3,1.109,6,7,0,0,7
92.4,6,isocontour,11.283791670955125,33143.32,69.75,18.8,-1.1,1.105,-0.2,-1.1,1.1,18.8,-1.1,1.109,6,7,0,0,7
92.4,7,isocontour,11.283791670955125,31149.95,65.55,-15.1,14.6,0.978,1.1,1.5,1.9,-14.0,13.0,1.087,25,3,0,0,3
92.4,8,isocontour,11.283791670955125,33149.86,69.76,19.0,-0.5,1.093,-0.2,-3.1,3.1,18.7,-1.3,1.109,6,7,0,0,7
92.4,9,isocontour,11.283791670955125,31293.29,65.85,20.3,4.8,0.986,-2.0,1.4,2.4,18.7,-1.3,1.109,6,7,0,0,7
92.4,10,isocontour,11.283791670955125,31160.46,65.57,18.3,-9.4,0.999,0.5,1.2,1.3,18.7,-1.3,1.109,6,4,0,0,4
92.4,11,isocontour,11.283791670955125,32759.77,68.94,-17.2,-9.5,1.052,1.4,-2.6,3.0,-4.3,-18.2,1.109,21,3,0,0,3
92.4,12,isocontour,11.283791670955125,30888.02,65.0,-12.5,-16.4,0.999,1.6,-1.9,2.5,-4.3,-18.2,1.109,21,3,0,0,3
92.4,13,isocontour,11.283791670955125,29017.06,61.06,20.6,2.6,0.991,-0.7,2.5,2.6,18.7,-1.3,1.109,6,6,0,0,6
92.4,14,isocontour,11.283791670955125,31102.52,65.45,12.0,-15.1,1.077,1.2,0.4,1.3,18.7,-1.3,1.109,6,3,0,0,3
92.4,15,isocontour,11.283791670955125,28607.99,60.2,1.0,20.8,0.989,-4.1,0.4,4.1,18.7,-1.3,1.109,6,3,0,0,3
92.4,16,isocontour,11.283791670955125,46406.28,97.66,-24.5,21.8,0.515,0.9,-0.2,0.9,-24.5,21.8,0.513,16,0,0,0,0
92.4,17,isocontour,11.283791670955125,28668.13,60.33,7.6,18.0,1.062,0.7,-1.3,1.5,18.7,-1.3,1.109,6,3,0,0,3
92.4,18,isocontour,11.283791670955125,34562.14,72.73,-7.7,19.3,0.99,2.4,0.5,2.5,-14.0,13.0,1.087,25,3,0,0,3
92.4,19,isocontour,11.283791670955125,30473.77,64.13,-20.7,-1.2,0.993,0.2,0.7,0.7,-4.2,-18.3,1.107,21,3,0,0,3
92.4,20,isocontour,11.283791670955125,31807.28,66.93,11.2,-17.6,0.983,0.8,-3.3,3.4,18.7,-1.3,1.109,6,3,0,0,3
92.4,21,isocontour,11.283791670955125,31199.48,65.66,-4.7,-18.2,1.107,-1.0,0.2,1.0,-4.7,-18.2,1.109,21,2,0,0,2
92.4,22,isocontour,11.283791670955125,33521.25,70.54,-18.2,-10.0,0.988,0.7,-1.6,1.7,-4.3,-18.2,1.109,21,3,0,0,3
92.4,23,isocontour,11.283791670955125,34122.08,71.81,-19.8,6.8,0.981,0.7,-0.9,1.1,-4.2,-18.3,1.107,21,3,0,0,3
92.4,24,isocontour,11.283791670955125,31938.17,67.21,3.6,-20.4,0.991,-1.1,-0.5,1.2,-4.3,-18.2,1.109,21,3,0,0,3
92.4,25,isocontour,11.283791670955125,31355.48,65.98,-13.9,13.3,1.08,0.2,1.2,1.2,-13.9,13.3,1.087,25,3,0,0,3
92.4,Target,,,,,0.0,0.0,4.023,0.0,0.0,,,,,,,,,
92.5,1,isocontour,11.283791670955125,29219.83,61.49,19.2,8.2,0.985,0.3,4.3,4.3,18.7,-1.3,1.109,6,7,0,0,7
92.5,2,isocontour,11.283791670955125,27971.4,58.86,9.2,18.7,0.986,-1.6,1.9,2.5,18.7,-1.3,1.109,6,3,0,0,3
92.5,3,isocontour,11.283791670955125,28646.44,60.28,15.5,13.8,0.991,-1.4,0.1,1.4,18.7,-1.3,1.109,6,6,0,0,6
92.5,4,isocontour,11.283791670955125,33547.44,70.6,19.1,6.9,1.013,-0.8,2.4,2.5,18.7,-1.3,1.109,6,7,0,0,7
92.5,5,isocontour,11.283791670955125,31127.22,65.5,18.7,7.1,1.033,1.1,-1.1,1.6,18.7,-1.3,1.109,6,7,0,0,7
92.5,6,isocontour,11.283791670955125,33141.83,69.74,18.8,-1.2,1.105,-0.1,-1.0,1.0,18.8,-1.2,1.109,6,7,0,0,7
92.5,7,isocontour,11.283791670955125,31141.25,65.53,-14.9,14.7,0.981,1.7,0.8,1.9,-4.2,-18.3,1.107,21,3,0,0,3
92.5,8,isocontour,11.283791670955125,33111.86,69.68,19.0,-0.9,1.093,-0.2,-3.1,3.1,18.7,-1.3,1.109,6,7,0,0,7
92.5,9,isocontour,11.283791670955125,31292.56,65.85,20.2,4.8,0.99,-0.7,0.5,0.9,18.7,-1.3,1.109,6,7,0,0,7
92.5,10,isocontour,11.283791670955125,31139.23,65.53,18.3,-9.6,0.994,-0.1,-2.5,2.5,18.7,-1.3,1.109,6,4,0,0,4
92.5,11,isocontour,11.283791670955125,32754.85,68.93,-17.1,-9.6,1.056,1.3,-0.8,1.5,-4.3,-18.2,1.109,21,3,0,0,3
92.5,12,isocontour,11.283791670955125,30884.67,64.99,-12.6,-16.4,0.996,-1.3,0.4,1.4,-4.3,-18.2,1.109,21,3,0,0,3
92.5,13,isocontour,11.283791670955125,28983.95,60.99,20.6,2.4,0.992,0.0,-3.0,3.0,18.7,-1.3,1.109,6,6,0,0,6
92.5,14,isocontour,11.283791670955125,31092.07,65.43,12.0,-14.9,1.083,0.7,1.9,2.0,18.7,-1.3,1.109,6,3,0,0,3
92.5,15,isocontour,11.283791670955125,28605.06,60.2,1.0,20.7,0.995,0.1,-1.3,1.3,18.7,-1.3,1.109,6,3,0,0,3
92.5,16,isocontour,11.283791670955125,46405.18,97.65,-24.6,21.7,0.515,-0.5,-0.8,0.9,-24.6,21.7,0.515,16,0,0,0,0
92.5,17,isocontour,11.283791670955125,28665.75,60.32,7.7,17.9,1.064,1.0,-0.7,1.2,18.7,-1.3,1.109,6,3,0,0,3
92.5,18,isocontour,11.283791670955125,34559.93,72.73,-7.7,19.2,0.994,-0.4,-1.1,1.2,18.7,-1.3,1.109,6,3,0,0,3
92.5,19,isocontour,11.283791670955125,30471.67,64.12,-20.7,-1.2,0.994,0.1,-1.2,1.2,-4.3,-18.2,1.109,21,3,0,0,3
92.5,20,isocontour,11.283791670955125,31796.98,66.91,11.4,-17.7,0.975,2.0,-0.2,2.0,18.7,-1.3,1.109,6,3,0,0,3
92.5,21,isocontour,11.283791670955125,31168.33,65.59,-5.0,-18.1,1.105,-2.9,0.5,2.9,-5.0,-18.1,1.109,21,2,0,0,2
92.5,22,isocontour,11.283791670955125,33514.44,70.53,-18.2,-10.2,0.987,0.7,-1.6,1.7,-4.3,-18.2,1.109,21,3,0,0,3
92.5,23,isocontour,11.283791670955125,34090.93,71.74,-19.8,6.5,0.988,0.3,-2.9,2.9,-4.2,-18.3,1.107,21,3,0,0,3
92.5,24,isocontour,11.283791670955125,31901.61,67.13,3.3,-20.5,0.989,-3.0,-0.8,3.1,-4.3,-18.2,1.109,21,3,0,0,3
92.5,25,isocontour,11.283791670955125,31354.51,65.98,-13.8,13.4,1.079,0.5,0.8,0.9,-4.2,-18.3,1.107,21,3,0,0,3
92.5,Target,,,,,0.0,0.0,4.023,0.0,0.0,,,,,,,,,
92.6,1,isocontour,11.283791670955125,29219.09,61.49,19.2,8.3,0.98,0.7,0.4,0.8,18.7,-1.3,1.109,6,7,0,0,7
92.6,2,isocontour,11.283791670955125,27970.19,58.86,9.1,18.7,0.987,-1.0,-0.1,1.0,18.7,-1.3,1.109,6,3,0,0,3
92.6,3,isocontour,11.283791670955125,28645.51,60.28,15.4,13.8,0.993,-0.7,0.5,0.9,18.7,-1.3,1.109,6,6,0,0,6
92.6,4,isocontour,11.283791670955125,33545.73,70.59,19.2,6.9,1.008,1.1,-0.1,1.1,18.7,-1.3,1.109,6,7,0,0,7
92.6,5,isocontour,11.283791670955125,31124.48,65.5,18.7,7.1,1.033,-0.5,1.2,1.3,18.7,-1.3,1.109,6,7,0,0,7
92.6,6,isocontour,11.283791670955125,33139.22,69.74,18.7,-1.2,1.109,-0.7,1.1,1.3,18.7,-1.2,1.109,6,7,0,0,7
92.6,7,isocontour,11.283791670955125,31134.9,65.52,-14.8,14.7,0.984,1.5,0.7,1.7,18.7,-1.3,1.109,6,3,0,0,3
92.6,8,isocontour,11.283791670955125,33005.9,69.46,19.1,-0.5,1.088,1.2,4.2,4.4,18.7,-1.3,1.109,6,7,0,0,7
92.6,9,isocontour,11.283791670955125,31274.39,65.81,20.1,5.0,0.993,-1.1,2.1,2.4,18.7,-1.3,1.109,6,7,0,0,7
92.6,10,isocontour,11.283791670955125,31133.1,65.52,18.5,-9.6,0.987,1.6,0.4,1.6,18.7,-1.3,1.109,6,4,0,0,4
92.6,11,isocontour,11.283791670955125,32752.36,68.92,-17.0,-9.7,1.058,0.8,-0.9,1.2,-4.3,-18.2,1.109,21,3,0,0,3
92.6,12,isocontour,11.283791670955125,30864.42,64.95,-12.5,-16.5,0.993,1.6,-2.0,2.6,-4.3,-18.2,1.109,21,3,0,0,3
92.6,13,isocontour,11.283791670955125,28955.29,60.93,20.7,2.1,0.989,1.2,-2.6,2.9,18.7,-1.3,1.109,6,6,0,0,6
92.6,14,isocontour,11.283791670955125,31054.06,65.35,12.2,-14.7,1.086,2.1,2.3,3.1,18.7,-1.3,1.109,6,3,0,0,3
92.6,15,isocontour,11.283791670955125,28603.12,60.19,1.1,20.6,0.995,1.1,0.2,1.1,18.7,-1.3,1.109,6,3,0,0,3
92.6,16,isocontour,11.283791670955125,46404.08,97.65,-24.5,21.8,0.515,0.5,0.8,0.9,-24.5,21.8,0.515,16,0,0,0,0
92.6,17,isocontour,11.283791670955125,28660.74,60.31,7.6,18.0,1.061,-1.0,1.2,1.6,18.7,-1.3,1.109,6,3,0,0,3
92.6,18,isocontour,11.283791670955125,34532.76,72.67,-7.9,19.1,0.995,-2.6,-1.0,2.8,18.7,-1.3,1.109,6,3,0,0,3
92.6,19,isocontour,11.283791670955125,30469.63,64.12,-20.7,-1.4,0.993,-0.0,-1.2,1.2,-4.3,-18.2,1.109,21,3,0,0,3
92.6,20,isocontour,11.283791670955125,31759.34,66.83,11.5,-17.5,0.981,1.3,2.8,3.1,18.7,-1.3,1.109,6,3,0,0,3
92.6,21,isocontour,11.283791670955125,31139.37,65.53,-5.2,-18.1,1.102,-2.8,0.1,2.8,-5.2,-18.1,1.109,21,2,0,0,2
92.6,22,isocontour,11.283791670955125,33478.23,70.45,-17.9,-10.2,0.998,3.0,-0.5,3.0,-4.3,-18.2,1.109,21,3,0,0,3
92.6,23,isocontour,11.283791670955125,34070.92,71.7,-19.8,6.3,0.989,-0.8,-2.4,2.5,-4.3,-18.2,1.109,21,3,0,0,3
92.6,24,isocontour,11.283791670955125,31891.0,67.11,3.2,-20.4,0.998,-0.7,1.9,2.0,-4.3,-18.2,1.109,21,3,0,0,3
92.6,25,isocontour,11.283791670955125,31352.62,65.98,-13.7,13.4,1.08,1.0,0.5,1.1,18.7,-1.3,1.109,6,3,0,0,3
92.6,Target,,,,,0.0,0.0,4.023,0.0,0.0,,,,,,,,,
92.7,1,isocontour,11.283791670955125,29191.63,61.43,19.2,8.0,0.986,-0.4,-2.8,2.8,18.7,-1.3,1.109,6,7,0,0,7
92.7,2,isocontour,11.283791670955125,27967.82,58.85,9.0,18.7,0.991,-1.2,-0.2,1.2,18.7,-1.3,1.109,6,3,0,0,3
92.7,3,isocontour,11.283791670955125,28612.73,60.21,15.3,14.1,0.987,-0.8,2.8,2.9,18.7,-1.3,1.109,6,6,0,0,6
92.7,4,isocontour,11.283791670955125,33441.22,70.37,19.5,6.6,1.001,2.7,-3.4,4.3,18.7,-1.3,1.109,6,7,0,0,7
92.7,5,isocontour,11.283791670955125,31106.76,65.46,18.6,7.4,1.031,-0.6,2.3,2.4,18.7,-1.3,1.109,6,7,0,0,7
92.7,6,isocontour,11.283791670955125,33114.6,69.69,18.7,-0.9,1.11,0.1,2.7,2.7,18.7,-0.9,1.109,6,7,0,0,7
92.7,7,isocontour,11.283791670955125,31131.09,65.51,-14.6,14.8,0.987,1.3,0.5,1.4,18.7,-1.3,1.109,6,3,0,0,3
92.7,8,isocontour,11.283791670955125,32984.17,69.41,19.1,-0.3,1.087,0.1,2.6,2.6,18.7,-1.3,1.109,6,7,0,0,7
92.7,9,isocontour,11.283791670955125,31272.18,65.81,20.1,5.0,0.993,0.3,-1.1,1.1,18.7,-1.3,1.109,6,7,0,0,7
92.7,10,isocontour,11.283791670955125,31119.61,65.49,18.6,-9.5,0.981,1.7,1.3,2.1,18.7,-1.3,1.109,6,4,0,0,4
92.7,11,isocontour,11.283791670955125,32740.78,68.9,-17.1,-9.8,1.048,-1.5,-1.4,2.1,-4.3,-18.2,1.109,21,3,0,0,3
92.7,12,isocontour,11.283791670955125,30737.68,64.68,-12.3,-16.9,0.985,2.6,-3.8,4.6,-4.3,-18.2,1.109,21,3,0,0,3
92.7,13,isocontour,11.283791670955125,28953.03,60.93,20.8,2.0,0.983,1.0,-0.6,1.2,18.7,-1.3,1.109,6,6,0,0,6
92.7,14,isocontour,11.283791670955125,31053.5,65.35,12.2,-14.7,1.088,-0.7,-0.2,0.7,18.7,-1.3,1.109,6,3,0,0,3
92.7,15,isocontour,11.283791670955125,28602.38,60.19,1.0,20.7,0.993,-0.6,0.5,0.8,18.7,-1.3,1.109,6,3,0,0,3
92.7,16,isocontour,11.283791670955125,46402.98,97.65,-24.6,21.7,0.516,-0.3,-0.9,0.9,-24.6,21.7,0.515,16,0,0,0,0
92.7,17,isocontour,11.283791670955125,28654.38,60.3,7.5,18.0,1.062,-1.7,0.3,1.7,18.7,-1.3,1.109,6,3,0,0,3
92.7,18,isocontour,11.283791670955125,34528.03,72.66,-8.1,19.2,0.988,-1.1,1.1,1.6,18.7,-1.3,1.109,6,3,0,0,3
92.7,19,isocontour,11.283791670955125,30468.72,64.12,-20.7,-1.3,0.99,-0.6,0.6,0.8,-4.3,-18.2,1.109,21,3,0,0,3
92.7,20,isocontour,11.283791670955125,31747.93,66.81,11.4,-17.4,0.991,-1.9,0.8,2.1,18.7,-1.3,1.109,6,3,0,0,3
92.7,21,isocontour,11.283791670955125,31113.07,65.47,-5.1,-18.2,1.102,2.7,-0.6,2.8,-5.1,-18.2,1.109,21,2,0,0,2
92.7,22,isocontour,11.283791670955125,33477.13,70.45,-17.9,-10.3,0.996,-0.8,-0.5,0.9,-4.3,-18.2,1.109,21,3,0,0,3
92.7,23,isocontour,11.283791670955125,34040.41,71.63,-19.8,6.0,0.994,0.4,-2.9,2.9,-4.3,-18.2,1.109,21,3,0,0,3
92.7,24,isocontour,11.283791670955125,31888.68,67.11,3.1,-20.3,1.001,-1.2,-0.0,1.2,-4.3,-18.2,1.109,21,3,0,0,3
92.7,25,isocontour,11.283791670955125,31339.85,65.95,-13.6,13.6,1.077,0.9,1.9,2.1,18.7,-1.3,1.109,6,3,0,0,3
92.7,Target,,,,,0.0,0.0,4.023,0.0,0.0,,,,,,,,,
92.8,1,isocontour,11.283791670955125,29188.49,61.42,19.3,7.9,0.988,0.4,-1.3,1.4,18.7,-0.9,1.11,6,7,0,0,7
92.8,2,isocontour,11.283791670955125,27966.42,58.85,9.1,18.7,0.992,0.9,-0.5,1.0,18.7,-1.3,1.109,6,3,0,0,3
92.8,3,isocontour,11.283791670955125,28611.97,60.21,15.3,14.1,0.988,0.2,-0.8,0.8,18.7,-1.3,1.109,6,6,0,0,6
92.8,4,isocontour,11.283791670955125,33426.41,70.34,19.5,6.8,0.994,0.4,2.2,2.2,18.7,-0.9,1.11,6,7,0,0,7
92.8,5,isocontour,11.283791670955125,31101.15,65.45,18.8,7.3,1.025,1.5,-0.6,1.6,18.7,-0.9,1.11,6,7,0,0,7
92.8,6,isocontour,11.283791670955125,33088.58,69.63,18.7,-0.7,1.109,0.2,2.7,2.7,18.7,-0.7,1.11,6,7,0,0,7
92.8,7,isocontour,11.283791670955125,31128.03,65.51,-14.6,14.7,0.993,0.4,-1.3,1.4,18.7,-1.3,1.109,6,3,0,0,3
92.8,8,isocontour,11.283791670955125,32983.71,69.41,19.1,-0.2,1.087,-0.0,0.7,0.7,18.7,-0.9,1.11,6,7,0,0,7
92.8,9,isocontour,11.283791670955125,31244.42,65.75,20.3,4.8,0.986,2.0,-2.0,2.8,18.7,-0.9,1.11,6,7,0,0,7
92.8,10,isocontour,11.283791670955125,31117.11,65.48,18.6,-9.5,0.986,-1.2,-0.0,1.2,18.7,-0.9,1.11,6,4,0,0,4
92.8,11,isocontour,11.283791670955125,32736.31,68.89,-17.3,-9.8,1.041,-1.5,0.3,1.5,-4.3,-18.2,1.109,21,3,0,0,3
92.8,12,isocontour,11.283791670955125,30711.66,64.63,-12.4,-16.9,0.98,-2.6,0.8,2.7,-4.3,-18.2,1.109,21,3,0,0,3
92.8,13,isocontour,11.283791670955125,28952.06,60.93,20.7,2.1,0.985,-0.6,0.6,0.8,18.7,-0.9,1.11,6,6,0,0,6
92.8,14,isocontour,11.283791670955125,31033.24,65.31,12.0,-14.8,1.093,-2.4,-0.8,2.5,18.7,-1.3,1.109,6,3,0,0,3
92.8,15,isocontour,11.283791670955125,28579.1,60.14,0.8,20.8,0.988,-2.5,0.9,2.7,18.7,-1.3,1.109,6,3,0,0,3
92.8,16,isocontour,11.283791670955125,46401.88,97.65,-24.6,21.7,0.515,-0.8,-0.5,0.9,-24.6,21.7,0.516,16,0,0,0,0
92.8,17,isocontour,11.283791670955125,28652.94,60.3,7.4,18.1,1.059,-0.4,0.9,1.0,18.7,-1.3,1.109,6,3,0,0,3
92.8,18,isocontour,11.283791670955125,34502.01,72.61,-7.9,19.2,0.988,2.6,0.7,2.7,18.7,-1.3,1.109,6,3,0,0,3
92.8,19,isocontour,11.283791670955125,30452.29,64.08,-20.9,-1.4,0.979,-2.3,-0.5,2.4,-4.3,-18.2,1.109,21,3,0,0,3
92.8,20,isocontour,11.283791670955125,31733.3,66.78,11.5,-17.3,0.986,2.2,0.0,2.2,18.7,-1.3,1.109,6,3,0,0,3
92.8,21,isocontour,11.283791670955125,31095.78,65.44,-4.8,-18.3,1.098,2.0,-1.3,2.4,-4.8,-18.3,1.109,21,2,0,0,2
92.8,22,isocontour,11.283791670955125,33465.05,70.42,-18.0,-10.4,0.987,-1.0,-1.8,2.1,-4.3,-18.2,1.109,21,3,0,0,3
92.8,23,isocontour,11.283791670955125,34038.56,71.63,-19.7,5.9,1.0,0.9,-0.7,1.1,-4.3,-18.2,1.109,21,3,0,0,3
92.8,24,isocontour,11.283791670955125,31852.83,67.03,2.8,-20.4,1.0,-3.0,-0.5,3.0,-4.3,-18.2,1.109,21,3,0,0,3
92.8,25,isocontour,11.283791670955125,31315.5,65.9,-13.7,13.4,1.08,-1.3,-2.3,2.6,18.7,-1.3,1.109,6,3,0,0,3
92.8,Target,,,,,0.0,0.0,4.023,0.0,0.0,,,,,,,,,
92.9,1,isocontour,11.283791670955125,29161.91,61.37,19.0,7.9,0.998,-2.7,0.7,2.8,18.7,-0.9,1.11,6,7,0,0,7
92.9,2,isocontour,11.283791670955125,27960.81,58.84,9.1,18.8,0.984,0.2,1.6,1.6,18.7,-1.3,1.109,6,3,0,0,3
92.9,3,isocontour,11.283791670955125,28608.08,60.2,15.3,13.9,0.994,-0.4,-1.4,1.5,18.7,-0.9,1.11,6,6,0,0,6
92.9,4,isocontour,11.283791670955125,33406.15,70.3,19.7,7.0,0.984,1.3,2.2,2.6,18.7,-0.9,1.11,6,7,0,0,7
92.9,5,isocontour,11.283791670955125,31088.56,65.42,19.0,7.4,1.014,2.1,0.4,2.1,18.7,-0.9,1.11,6,7,0,0,7
92.9,6,isocontour,11.283791670955125,33088.1,69.63,18.8,-0.6,1.108,0.3,0.6,0.7,18.7,-0.9,1.11,6,7,0,0,7
92.9,7,isocontour,11.283791670955125,31113.4,65.47,-14.4,14.8,0.997,2.0,1.0,2.2,18.7,-1.3,1.109,6,3,0,0,3
92.9,8,isocontour,11.283791670955125,32983.27,69.41,19.1,-0.1,1.086,0.1,0.7,0.7,18.7,-0.9,1.11,6,7,0,0,7
92.9,9,isocontour,11.283791670955125,31236.9,65.73,20.4,4.9,0.979,0.8,1.6,1.8,18.7,-0.9,1.11,6,7,0,0,7
92.9,10,isocontour,11.283791670955125,31116.05,65.48,18.5,-9.5,0.987,-0.6,-0.7,0.9,18.7,-0.9,1.11,6,4,0,0,4
92.9,11,isocontour,11.283791670955125,32731.93,68.88,-17.2,-9.8,1.048,1.4,0.6,1.5,-4.3,-18.2,1.109,21,3,0,0,3
92.9,12,isocontour,11.283791670955125,30707.01,64.62,-12.5,-16.7,0.985,0.1,1.5,1.5,-4.3,-18.2,1.109,21,3,0,0,3
92.9,13,isocontour,11.283791670955125,28928.78,60.88,20.7,2.3,0.988,-0.7,2.5,2.6,18.7,-0.9,1.11,6,6,0,0,6
92.9,14,isocontour,11.283791670955125,31019.93,65.28,11.8,-14.8,1.101,-2.2,-0.1,2.2,18.7,-0.9,1.11,6,3,0,0,3
92.9,15,isocontour,11.283791670955125,28578.72,60.14,0.7,20.8,0.987,-0.7,0.1,0.7,18.7,-1.3,1.109,6,3,0,0,3
92.9,16,isocontour,11.283791670955125,46400.78,97.64,-24.6,21.6,0.517,0.6,-0.7,0.9,-24.6,21.6,0.516,16,0,0,0,0
92.9,17,isocontour,11.283791670955125,28624.28,60.24,7.6,18.1,1.054,2.8,-0.2,2.8,18.7,-1.3,1.109,6,3,0,0,3
92.9,18,isocontour,11.283791670955125,34474.25,72.55,-8.0,19.1,0.99,-2.4,-1.4,2.8,18.7,-1.3,1.109,6,3,0,0,3
92.9,19,isocontour,11.283791670955125,30450.67,64.08,-21.0,-1.4,0.975,-0.4,-1.0,1.1,-4.3,-18.2,1.109,21,3,0,0,3
92.9,20,isocontour,11.283791670955125,31686.67,66.68,11.5,-17.6,0.977,-1.5,-3.0,3.4,18.7,-0.9,1.11,6,3,0,0,3
92.9,21,isocontour,11.283791670955125,31068.61,65.38,-4.6,-18.3,1.099,2.7,-0.3,2.7,-4.6,-18.3,1.109,21,2,0,0,2
92.9,22,isocontour,11.283791670955125,33463.21,70.42,-18.0,-10.4,0.99,1.0,0.6,1.2,-4.3,-18.2,1.109,21,3,0,0,3
92.9,23,isocontour,11.283791670955125,34036.18,71.62,-19.8,6.0,0.997,-0.6,1.1,1.3,-4.3,-18.2,1.109,21,3,0,0,3
92.9,24,isocontour,11.283791670955125,31833.05,66.99,3.0,-20.4,0.998,2.5,-0.2,2.5,-4.3,-18.2,1.109,21,3,0,0,3
92.9,25,isocontour,11.283791670955125,31311.61,65.89,-13.9,13.4,1.078,-1.3,-0.6,1.4,18.7,-1.3,1.109,6,3,0,0,3
92.9,Target,,,,,0.0,0.0,4.023,0.0,0.0,,,,,,,,,
93.0,1,isocontour,11.283791670955125,29158.02,61.36,19.1,8.0,0.994,1.1,0.9,1.4,18.7,-0.9,1.11,6,7,0,0,7
93.0,2,isocontour,11.283791670955125,27959.93,58.84,9.0,18.8,0.987,-0.6,-0.6,0.8,18.7,-0.9,1.11,6,3,0,0,3
93.0,3,isocontour,11.283791670955125,28597.0,60.18,15.1,14.0,0.998,-1.8,1.0,2.1,18.7,-0.9,1.11,6,6,0,0,6
93.0,4,isocontour,11.283791670955125,33357.82,70.2,19.7,7.3,0.976,0.3,3.3,3.3,18.7,-0.9,1.11,6,7,0,0,7
93.0,5,isocontour,11.283791670955125,31088.56,65.42,19.0,7.4,1.012,-0.0,-0.1,0.1,18.7,-0.9,1.11,6,7,0,0,7
93.0,6,isocontour,11.283791670955125,33067.12,69.59,18.8,-0.3,1.108,-0.0,2.5,2.5,18.7,-0.9,1.11,6,7,0,0,7
93.0,7,isocontour,11.283791670955125,31113.14,65.47,-14.4,14.8,0.996,-0.0,0.6,0.6,18.7,-1.3,1.109,6,3,0,0,3
93.0,8,isocontour,11.283791670955125,32982.78,69.41,19.1,-0.0,1.086,0.0,0.7,0.7,18.7,-0.9,1.11,6,7,0,0,7
93.0,9,isocontour,11.283791670955125,31236.26,65.73,20.3,4.9,0.98,-0.6,0.5,0.8,18.7,-0.9,1.11,6,7,0,0,7
93.0,10,isocontour,11.283791670955125,31078.77,65.4,18.4,-9.3,0.997,-0.8,3.0,3.1,18.7,-0.9,1.11,6,4,0,0,4
93.0,11,isocontour,11.283791670955125,32697.81,68.81,-17.1,-10.0,1.045,0.8,-2.9,3.0,-4.3,-18.2,1.109,21,3,0,0,3
93.0,12,isocontour,11.283791670955125,30703.74,64.61,-12.5,-16.6,0.991,0.1,1.4,1.4,-4.3,-18.2,1.109,21,3,0,0,3
93.0,13,isocontour,11.283791670955125,28906.8,60.83,20.6,2.6,0.99,-0.7,2.5,2.6,18.7,-0.9,1.11,6,6,0,0,6
93.0,14,isocontour,11.283791670955125,31010.67,65.26,11.6,-14.8,1.108,-1.9,0.0,1.9,18.7,-0.9,1.11,6,3,0,0,3
93.0,15,isocontour,11.283791670955125,28577.51,60.14,0.6,20.7,0.991,-0.7,-0.7,1.0,18.7,-1.3,1.109,6,3,0,0,3
93.0,16,isocontour,11.283791670955125,46399.68,97.64,-24.7,21.6,0.516,-0.9,0.1,0.9,-24.7,21.6,0.517,16,0,0,0,0
93.0,17,isocontour,11.283791670955125,28611.51,60.21,7.9,18.1,1.049,2.1,-0.2,2.1,18.7,-0.9,1.11,6,3,0,0,3
93.0,18,isocontour,11.283791670955125,34462.0,72.52,-8.0,19.3,0.985,1.2,1.7,2.1,18.7,-1.3,1.109,6,3,0,0,3
93.0,19,isocontour,11.283791670955125,30428.44,64.03,-20.9,-1.3,0.98,1.0,2.4,2.6,-4.3,-18.2,1.109,21,3,0,0,3
93.0,20,isocontour,11.283791670955125,31685.06,66.68,11.4,-17.7,0.976,-0.9,-0.5,1.0,18.7,-0.9,1.11,6,3,0,0,3
93.0,21,isocontour,11.283791670955125,31038.73,65.32,-4.3,-18.4,1.1,2.8,-0.5,2.8,-4.3,-18.4,1.109,21,2,0,0,2
93.0,22,isocontour,11.283791670955125,33462.04,70.42,-17.9,-10.5,0.989,0.0,-1.0,1.0,-4.3,-18.2,1.109,21,3,0,0,3
93.0,23,isocontour,11.283791670955125,34035.22,71.62,-19.8,5.9,0.995,-0.5,-0.8,0.9,-4.3,-18.2,1.109,21,3,0,0,3
93.0,24,isocontour,11.283791670955125,31814.66,66.95,3.2,-20.4,0.998,2.4,0.6,2.5,18.7,-0.9,1.11,6,3,0,0,3
93.0,25,isocontour,11.283791670955125,31296.4,65.86,-13.9,13.2,1.083,-0.7,-2.2,2.3,18.7,-1.3,1.109,6,3,0,0,3
93.0,Target,,,,,0.0,0.0,4.023,0.0,0.0,,,,,,,,,
93.1,1,isocontour,11.283791670955125,29154.45,61.35,19.2,8.1,0.986,1.0,0.9,1.3,18.7,-0.9,1.11,6,7,0,0,7
93.1,2,isocontour,11.283791670955125,27936.39,58.79,9.2,18.6,0.989,2.2,-1.4,2.6,18.7,-0.9,1.11,6,3,0,0,3
93.1,3,isocontour,11.283791670955125,28500.19,59.98,14.9,14.3,0.995,-2.4,3.5,4.2,18.7,-0.9,1.11,6,6,0,0,6
93.1,4,isocontour,11.283791670955125,33334.54,70.15,19.5,7.5,0.982,-2.1,1.6,2.6,18.7,-0.9,1.11,6,7,0,0,7
93.1,5,isocontour,11.283791670955125,31087.49,65.42,19.0,7.5,1.011,-0.1,0.9,0.9,18.7,-0.9,1.11,6,7,0,0,7
93.1,6,isocontour,11.283791670955125,33064.32,69.58,18.8,-0.4,1.105,0.4,-1.2,1.3,18.7,-0.9,1.11,6,7,0,0,7
93.1,7,isocontour,11.283791670955125,31104.01,65.45,-14.4,15.0,0.989,-0.0,1.9,1.9,18.7,-1.3,1.109,6,3,0,0,3
93.1,8,isocontour,11.283791670955125,32969.66,69.38,19.2,-0.2,1.08,1.2,-1.8,2.2,18.7,-0.9,1.11,6,7,0,0,7
93.1,9,isocontour,11.283791670955125,31222.02,65.7,20.3,5.1,0.981,-0.6,2.2,2.3,18.7,-0.9,1.11,6,7,0,0,7
93.1,10,isocontour,11.283791670955125,31077.45,65.4,18.3,-9.2,1.004,-0.9,0.4,1.0,18.7,-0.9,1.11,6,4,0,0,4
93.1,11,isocontour,11.283791670955125,32675.06,68.76,-16.9,-10.2,1.05,2.2,-1.5,2.7,-4.3,-18.2,1.109,21,3,0,0,3
93.1,12,isocontour,11.283791670955125,30703.19,64.61,-12.5,-16.5,0.994,-0.4,0.6,0.7,-4.3,-18.2,1.109,21,3,0,0,3
93.1,13,isocontour,11.283791670955125,28904.37,60.83,20.5,2.6,0.995,-1.0,0.7,1.2,18.7,-0.9,1.11,6,6,0,0,6
93.1,14,isocontour,11.283791670955125,30999.1,65.23,11.4,-14.9,1.107,-1.3,-1.6,2.1,18.7,-0.9,1.11,6,3,0,0,3
93.1,15,isocontour,11.283791670955125,28575.46,60.13,0.7,20.7,0.992,1.2,-0.1,1.2,18.7,-0.9,1.11,6,3,0,0,3
93.1,16,isocontour,11.283791670955125,46398.58,97.64,-24.8,21.6,0.514,-0.9,0.1,0.9,-24.8,21.6,0.517,16,0,0,0,0
93.1,17,isocontour,11.283791670955125,28600.75,60.19,8.1,18.1,1.046,2.0,-0.2,2.0,18.7,-0.9,1.11,6,3,0,0,3
93.1,18,isocontour,11.283791670955125,34455.76,72.51,-7.8,19.2,0.991,1.5,-0.8,1.7,18.7,-1.3,1.109,6,3,0,0,3
93.1,19,isocontour,11.283791670955125,30408.42,63.99,-20.7,-1.1,0.99,1.7,1.8,2.5,-4.3,-18.2,1.109,21,3,0,0,3
93.1,20,isocontour,11.283791670955125,31654.22,66.61,11.1,-17.5,0.989,-2.2,1.8,2.8,18.7,-0.9,1.11,6,3,0,0,3
93.1,21,isocontour,11.283791670955125,31036.58,65.31,-4.2,-18.4,1.1,1.1,-0.4,1.2,18.7,-0.9,1.11,6,2,0,0,2
93.1,22,isocontour,11.283791670955125,33461.87,70.42,-17.9,-10.5,0.991,0.5,-0.0,0.5,-4.3,-18.2,1.109,21,3,0,0,3
93.1,23,isocontour,11.283791670955125,34030.84,71.61,-19.9,5.9,0.988,-1.4,0.4,1.5,-4.3,-18.2,1.109,21,3,0,0,3
93.1,24,isocontour,11.283791670955125,31812.61,66.95,3.4,-20.4,0.995,1.1,-0.4,1.2,18.7,-0.9,1.11,6,3,0,0,3
93.1,25,isocontour,11.283791670955125,31291.39,65.85,-14.0,13.0,1.087,-0.4,-1.5,1.6,18.7,-1.3,1.109,6,3,0,0,3
93.1,Target,,,,,0.0,0.0,4.023,0.0,0.0,,,,,,,,,
93.2,1,isocontour,11.283791670955125,29151.45,61.35,19.1,8.2,0.988,-1.0,0.9,1.3,18.7,-0.9,1.11,6,7,0,0,7
93.2,2,isocontour,11.283791670955125,27907.12,58.73,9.2,18.4,1.002,-0.5,-2.8,2.8,18.7,-0.9,1.11,6,3,0,0,3
93.2,3,isocontour,11.283791670955125,28497.39,59.97,14.8,14.4,0.995,-0.9,0.9,1.3,18.7,-0.9,1.11,6,6,0,0,6
93.2,4,isocontour,11.283791670955125,33332.75,70.14,19.6,7.6,0.978,1.0,0.6,1.2,18.7,-0.9,1.11,6,7,0,0,7
93.2,5,isocontour,11.283791670955125,31058.83,65.36,18.7,7.5,1.024,-2.8,-0.0,2.8,18.7,-0.9,1.11,6,7,0,0,7
93.2,6,isocontour,11.283791670955125,33063.55,69.58,18.8,-0.5,1.108,-0.5,-0.6,0.8,18.7,-0.9,1.11,6,7,0,0,7
93.2,7,isocontour,11.283791670955125,31101.15,65.45,-14.3,15.1,0.987,0.8,1.0,1.3,18.7,-1.3,1.109,6,3,0,0,3
93.2,8,isocontour,11.283791670955125,32949.16,69.34,19.4,-0.1,1.069,2.0,1.6,2.6,18.7,-0.9,1.11,6,7,0,0,7
93.2,9,isocontour,11.283791670955125,31218.06,65.69,20.3,5.3,0.981,-0.3,1.4,1.4,18.7,-0.9,1.11,6,7,0,0,7
93.2,10,isocontour,11.283791670955125,31076.54,65.4,18.3,-9.3,1.006,-0.6,-0.6,0.8,18.7,-0.9,1.11,6,4,0,0,4
93.2,11,isocontour,11.283791670955125,32643.26,68.69,-16.7,-10.4,1.053,1.8,-2.3,2.9,-4.3,-18.2,1.109,21,3,0,0,3
93.2,12,isocontour,11.283791670955125,30578.88,64.35,-12.2,-16.7,0.993,3.6,-2.9,4.6,18.7,-0.9,1.11,6,3,0,0,3
93.2,13,isocontour,11.283791670955125,28903.94,60.82,20.5,2.7,0.995,0.1,0.7,0.7,18.7,-0.9,1.11,6,6,0,0,6
93.2,14,isocontour,11.283791670955125,30994.54,65.22,11.4,-14.8,1.111,0.5,1.4,1.5,18.7,-0.9,1.11,6,3,0,0,3
93.2,15,isocontour,11.283791670955125,28573.98,60.13,0.7,20.8,0.988,-0.7,0.8,1.1,18.7,-0.9,1.11,6,3,0,0,3
93.2,16,isocontour,11.283791670955125,46397.48,97.64,-24.7,21.6,0.515,0.9,-0.2,0.9,-24.7,21.6,0.517,16,0,0,0,0
93.2,17,isocontour,11.283791670955125,28592.58,60.17,8.3,18.0,1.043,1.8,-0.3,1.8,18.7,-0.9,1.11,6,3,0,0,3
93.2,18,isocontour,11.283791670955125,34432.48,72.46,-8.0,19.2,0.988,-2.6,-0.1,2.6,18.7,-0.9,1.11,6,3,0,0,3
93.2,19,isocontour,11.283791670955125,30387.44,63.95,-20.7,-0.8,0.991,-0.3,2.5,2.5,-4.3,-18.2,1.109,21,3,0,0,3
93.2,20,isocontour,11.283791670955125,31633.73,66.57,11.2,-17.3,0.997,1.3,2.1,2.5,18.7,-0.9,1.11,6,3,0,0,3
93.2,21,isocontour,11.283791670955125,31033.58,65.31,-4.1,-18.5,1.096,1.0,-0.9,1.3,18.7,-0.9,1.11,6,2,0,0,2
93.2,22,isocontour,11.283791670955125,33461.34,70.42,-17.9,-10.5,0.991,-0.4,0.6,0.7,-4.3,-18.2,1.109,21,3,0,0,3
93.2,23,isocontour,11.283791670955125,34013.77,71.58,-19.8,6.1,0.992,1.7,1.7,2.4,-4.3,-18.2,1.109,21,3,0,0,3
93.2,24,isocontour,11.283791670955125,31789.07,66.9,3.4,-20.6,0.983,0.3,-2.6,2.6,18.7,-0.9,1.11,6,3,0,0,3
93.2,25,isocontour,11.283791670955125,31280.3,65.83,-13.8,13.1,1.092,1.8,0.9,2.0,18.7,-1.3,1.109,6,3,0,0,3
93.2,Target,,,,,0.0,0.0,4.023,0.0,0.0,,,,,,,,,
93.3,1,isocontour,11.283791670955125,29138.32,61.32,19.0,8.1,0.998,-1.6,-1.5,2.2,18.7,-0.9,1.11,6,7,0,0,7
93.3,2,isocontour,11.283791670955125,27906.09,58.72,9.1,18.4,1.003,-0.6,0.7,0.9,18.7,-0.9,1.11,6,3,0,0,3
93.3,3,isocontour,11.283791670955125,28496.22,59.97,14.9,14.4,0.993,0.9,-0.3,0.9,18.7,-0.9,1.11,6,6,0,0,6
93.3,4,isocontour,11.283791670955125,33326.05,70.13,19.5,7.5,0.985,-1.5,-0.8,1.7,18.7,-0.9,1.11,6,7,0,0,7
93.3,5,isocontour,11.283791670955125,31053.12,65.35,18.6,7.5,1.032,-1.6,0.4,1.6,18.7,-0.9,1.11,6,7,0,0,7
93.3,6,isocontour,11.283791670955125,33044.48,69.54,18.8,-0.3,1.105,0.7,2.4,2.5,18.7,-0.9,1.11,6,7,0,0,7
93.3,7,isocontour,11.283791670955125,31095.94,65.44,-14.4,15.0,0.989,-0.8,-1.4,1.6,18.7,-0.9,1.11,6,3,0,0,3
93.3,8,isocontour,11.283791670955125,32948.6,69.34,19.4,0.0,1.068,-0.1,0.7,0.7,18.7,-0.9,1.11,6,7,0,0,7
93.3,9,isocontour,11.283791670955125,31216.01,65.69,20.2,5.3,0.985,-1.1,0.3,1.1,18.7,-0.9,1.11,6,7,0,0,7
93.3,10,isocontour,11.283791670955125,31067.56,65.38,18.4,-9.2,1.0,1.8,0.7,1.9,11.4,-14.8,1.111,14,4,0,0,4
93.3,11,isocontour,11.283791670955125,32613.99,68.63,-16.6,-10.2,1.065,1.2,2.6,2.9,18.7,-0.9,1.11,6,3,0,0,3
93.3,12,isocontour,11.283791670955125,30558.63,64.31,-12.1,-17.0,0.985,0.4,-2.5,2.5,18.7,-0.9,1.11,6,3,0,0,3
93.3,13,isocontour,11.283791670955125,28872.47,60.76,20.6,2.5,0.99,1.2,-2.6,2.9,18.7,-0.9,1.11,6,6,0,0,6
93.3,14,isocontour,11.283791670955125,30965.27,65.16,11.7,-14.9,1.099,2.6,-1.1,2.8,11.7,-14.9,1.111,14,3,0,0,3
93.3,15,isocontour,11.283791670955125,28573.44,60.13,0.6,20.8,0.99,-0.6,-0.4,0.7,18.7,-0.9,1.11,6,3,0,0,3
93.3,16,isocontour,11.283791670955125,46396.39,97.64,-24.8,21.6,0.514,-0.9,0.4,1.0,-24.8,21.6,0.517,16,0,0,0,0
93.3,17,isocontour,11.283791670955125,28588.7,60.16,8.4,18.0,1.044,1.1,-1.0,1.5,18.7,-0.9,1.11,6,3,0,0,3
93.3,18,isocontour,11.283791670955125,34380.18,72.35,-7.8,19.2,0.992,3.4,0.2,3.4,18.7,-0.9,1.11,6,3,0,0,3
93.3,19,isocontour,11.283791670955125,30367.19,63.9,-20.9,-1.0,0.983,-1.6,-1.9,2.5,-4.3,-18.2,1.109,21,3,0,0,3
93.3,20,isocontour,11.283791670955125,31611.24,66.52,11.1,-17.4,0.996,-2.0,-1.6,2.6,11.4,-14.8,1.111,14,3,0,0,3
93.3,21,isocontour,11.283791670955125,31032.48,65.3,-4.1,-18.5,1.098,-0.7,0.6,0.9,18.7,-0.9,1.11,6,2,0,0,2
93.3,22,isocontour,11.283791670955125,33412.58,70.31,-18.2,-10.5,0.976,-3.3,-0.6,3.4,18.7,-0.9,1.11,6,3,0,0,3
93.3,23,isocontour,11.283791670955125,33986.6,71.52,-19.7,6.3,0.993,0.7,2.7,2.8,-4.3,-18.2,1.109,21,3,0,0,3
93.3,24,isocontour,11.283791670955125,31758.56,66.83,3.7,-20.7,0.979,2.9,0.1,2.9,11.4,-14.8,1.111,14,3,0,0,3
93.3,25,isocontour,11.283791670955125,31279.43,65.82,-13.9,13.0,1.092,-0.7,-0.6,0.9,18.7,-0.9,1.11,6,3,0,0,3
93.3,Target,,,,,0.0,0.0,4.023,0.0,0.0,,,,,,,,,
93.4,1,isocontour,11.283791670955125,29110.27,61.26,19.0,7.8,1.002,0.6,-2.7,2.8,18.7,-0.9,1.11,6,7,0,0,7
93.4,2,isocontour,11.283791670955125,27809.28,58.52,8.9,18.6,0.998,-3.3,2.7,4.3,18.7,-0.9,1.11,6,3,0,0,3
93.4,3,isocontour,11.283791670955125,28460.71,59.89,14.9,14.7,0.983,-0.2,3.0,3.0,18.7,-0.9,1.11,6,6,0,0,6
93.4,4,isocontour,11.283791670955125,33312.0,70.1,19.3,7.6,0.99,-1.5,1.6,2.2,18.7,-0.9,1.11,6,7,0,0,7
93.4,5,isocontour,11.283791670955125,31046.99,65.33,18.5,7.6,1.034,-0.7,1.5,1.7,18.7,-0.9,1.11,6,7,0,0,7
93.4,6,isocontour,11.283791670955125,33006.84,69.46,18.8,-0.5,1.105,-0.2,-3.1,3.1,11.4,-14.8,1.111,14,7,0,0,7
93.4,7,isocontour,11.283791670955125,31084.69,65.41,-14.3,14.9,0.999,1.2,-1.7,2.1,18.7,-0.9,1.11,6,3,0,0,3
93.4,8,isocontour,11.283791670955125,32946.33,69.33,19.4,-0.1,1.07,-0.4,-1.1,1.2,11.4,-14.8,1.111,14,7,0,0,7
93.4,9,isocontour,11.283791670955125,31209.43,65.68,20.0,5.4,0.993,-1.6,0.6,1.7,18.7,-0.9,1.11,6,7,0,0,7
93.4,10,isocontour,11.283791670955125,31065.57,65.37,18.5,-9.1,1.0,0.2,1.1,1.1,11.4,-14.8,1.111,14,4,0,0,4
93.4,11,isocontour,11.283791670955125,32588.82,68.58,-16.6,-9.9,1.07,-0.8,2.6,2.7,18.7,-0.9,1.11,6,3,0,0,3
93.4,12,isocontour,11.283791670955125,30537.65,64.26,-12.3,-16.9,0.982,-2.2,1.2,2.5,18.7,-0.9,1.11,6,3,0,0,3
93.4,13,isocontour,11.283791670955125,28739.08,60.48,20.8,2.1,0.984,1.8,-4.4,4.8,18.7,-0.9,1.11,6,6,0,0,6
93.4,14,isocontour,11.283791670955125,30962.59,65.16,11.8,-14.9,1.094,1.2,0.4,1.3,11.4,-14.8,1.111,14,3,0,0,3
93.4,15,isocontour,11.283791670955125,28536.87,60.05,0.9,20.7,0.995,2.8,-1.2,3.0,18.7,-0.9,1.11,6,3,0,0,3
93.4,16,isocontour,11.283791670955125,46395.29,97.63,-24.8,21.6,0.512,-0.9,-0.2,0.9,-24.8,21.6,0.517,16,0,0,0,0
93.4,17,isocontour,11.283791670955125,28553.54,60.09,8.6,17.9,1.042,2.9,-0.8,3.0,18.7,-0.9,1.11,6,3,0,0,3
93.4,18,isocontour,11.283791670955125,34379.5,72.35,-7.8,19.2,0.991,-0.8,0.2,0.8,18.7,-0.9,1.11,6,3,0,0,3
93.4,19,isocontour,11.283791670955125,30365.29,63.9,-20.9,-1.1,0.983,0.4,-1.1,1.2,18.7,-0.9,1.11,6,3,0,0,3
93.4,20,isocontour,11.283791670955125,31603.07,66.5,11.0,-17.6,0.99,-0.5,-1.8,1.9,11.4,-14.8,1.111,14,3,0,0,3
93.4,21,isocontour,11.283791670955125,31009.46,65.26,-4.3,-18.5,1.095,-2.6,0.1,2.6,11.4,-14.8,1.111,14,2,0,0,2
93.4,22,isocontour,11.283791670955125,33408.45,70.3,-18.2,-10.4,0.979,0.6,1.3,1.4,18.7,-0.9,1.11,6,3,0,0,3
93.4,23,isocontour,11.283791670955125,33955.12,71.45,-19.7,6.6,0.991,0.7,2.8,2.9,18.7,-0.9,1.11,6,3,0,0,3
93.4,24,isocontour,11.283791670955125,31744.69,66.8,3.8,-20.5,0.985,1.4,1.7,2.2,11.4,-14.8,1.111,14,3,0,0,3
93.4,25,isocontour,11.283791670955125,31264.41,65.79,-14.0,12.9,1.089,-1.9,-1.2,2.2,18.7,-0.9,1.11,6,3,0,0,3
93.4,Target,,,,,0.0,0.0,4.023,0.0,0.0,,,,,,,,,
93.5,1,isocontour,11.283791670955125,29079.75,61.19,18.9,8.0,1.003,-1.3,2.6,2.9,11.4,-14.8,1.111,14,7,0,0,7
93.5,2,isocontour,11.283791670955125,27801.63,58.51,8.9,18.7,0.991,1.6,0.8,1.8,18.7,-0.9,1.11,6,3,0,0,3
93.5,3,isocontour,11.283791670955125,28460.05,59.89,14.9,14.8,0.978,0.7,0.3,0.8,18.7,-0.9,1.11,6,6,0,0,6
93.5,4,isocontour,11.283791670955125,33295.98,70.07,19.4,7.5,0.99,0.9,-2.1,2.3,11.4,-14.8,1.111,14,7,0,0,7
93.5,5,isocontour,11.283791670955125,31031.58,65.3,18.5,7.5,1.036,0.4,-2.2,2.2,11.4,-14.8,1.111,14,7,0,0,7
93.5,6,isocontour,11.283791670955125,33004.52,69.45,18.8,-0.7,1.106,-0.1,-1.2,1.2,11.4,-14.8,1.111,14,7,0,0,7
93.5,7,isocontour,11.283791670955125,31062.2,65.37,-14.3,15.0,0.989,-0.7,2.5,2.6,18.7,-0.9,1.11,6,3,0,0,3
93.5,8,isocontour,11.283791670955125,32909.77,69.25,19.4,-0.3,1.072,-0.4,-3.0,3.0,11.4,-14.8,1.111,14,7,0,0,7
93.5,9,isocontour,11.283791670955125,31207.39,65.67,20.0,5.3,0.994,0.3,-1.1,1.1,11.4,-14.8,1.111,14,7,0,0,7
93.5,10,isocontour,11.283791670955125,31064.88,65.37,18.5,-9.1,0.998,0.7,0.3,0.8,11.4,-14.8,1.111,14,3,0,0,3
93.5,11,isocontour,11.283791670955125,32565.8,68.53,-16.7,-9.7,1.073,-1.0,2.4,2.6,18.7,-0.9,1.11,6,3,0,0,3
93.5,12,isocontour,11.283791670955125,30516.91,64.22,-12.3,-16.7,0.992,0.1,2.5,2.5,11.4,-14.8,1.111,14,3,0,0,3
93.5,13,isocontour,11.283791670955125,28736.08,60.47,20.8,2.1,0.979,0.5,1.2,1.3,11.4,-14.8,1.111,14,6,0,0,6
93.5,14,isocontour,11.283791670955125,30961.53,65.15,11.9,-14.8,1.094,0.7,0.6,0.9,11.4,-14.8,1.111,14,3,0,0,3
93.5,15,isocontour,11.283791670955125,28521.86,60.02,1.0,20.8,0.988,1.5,1.7,2.3,18.7,-0.9,1.11,6,3,0,0,3
93.5,16,isocontour,11.283791670955125,46394.19,97.63,-24.9,21.6,0.511,-0.8,-0.4,0.9,-24.9,21.6,0.517,16,0,0,0,0
93.5,17,isocontour,11.283791670955125,28544.84,60.07,8.5,17.9,1.045,-1.9,0.1,1.9,18.7,-0.9,1.11,6,3,0,0,3
93.5,18,isocontour,11.283791670955125,34370.09,72.33,-7.8,19.4,0.981,-0.3,1.9,1.9,18.7,-0.9,1.11,6,3,0,0,3
93.5,19,isocontour,11.283791670955125,30337.83,63.84,-20.8,-0.9,0.987,0.7,2.7,2.8,18.7,-0.9,1.11,6,3,0,0,3
93.5,20,isocontour,11.283791670955125,31596.02,66.49,11.1,-17.8,0.981,0.7,-1.6,1.7,11.4,-14.8,1.111,14,2,0,0,2
93.5,21,isocontour,11.283791670955125,31007.85,65.25,-4.3,-18.5,1.093,0.9,-0.5,1.0,11.4,-14.8,1.111,14,2,0,0,2
93.5,22,isocontour,11.283791670955125,33406.02,70.3,-18.1,-10.3,0.986,1.0,0.6,1.2,18.7,-0.9,1.11,6,3,0,0,3
93.5,23,isocontour,11.283791670955125,33940.69,71.42,-19.8,6.7,0.981,-2.2,0.2,2.2,18.7,-0.9,1.11,6,3,0,0,3
93.5,24,isocontour,11.283791670955125,31740.97,66.79,3.9,-20.4,0.991,0.8,1.2,1.4,11.4,-14.8,1.111,14,3,0,0,3
93.5,25,isocontour,11.283791670955125,31242.68,65.75,-14.1,13.1,1.077,-0.5,2.5,2.5,18.7,-0.9,1.11,6,3,0,0,3
93.5,Target,,,,,0.0,0.0,4.023,0.0,0.0,,,,,,,,,
93.6,1,isocontour,11.283791670955125,29058.02,61.15,18.9,8.3,0.999,-0.1,2.6,2.6,11.4,-14.8,1.111,14,7,0,0,7
93.6,2,isocontour,11.283791670955125,27799.73,58.5,9.0,18.8,0.985,0.0,1.1,1.1,18.7,-0.9,1.11,6,3,0,0,3
93.6,3,isocontour,11.283791670955125,28446.56,59.86,15.1,14.6,0.977,1.6,-1.5,2.2,11.4,-14.8,1.111,14,6,0,0,6
93.6,4,isocontour,11.283791670955125,33275.0,70.02,19.3,7.7,0.989,-0.7,2.5,2.6,11.4,-14.8,1.111,14,7,0,0,7
93.6,5,isocontour,11.283791670955125,31019.84,65.28,18.6,7.3,1.033,1.4,-1.6,2.1,11.4,-14.8,1.111,14,7,0,0,7
93.6,6,isocontour,11.283791670955125,33003.91,69.45,18.8,-0.6,1.103,0.5,0.6,0.8,11.4,-14.8,1.111,14,7,0,0,7
93.6,7,isocontour,11.283791670955125,31009.9,65.26,-14.5,14.8,0.993,-1.5,-3.1,3.4,18.7,-0.9,1.11,6,3,0,0,3
93.6,8,isocontour,11.283791670955125,32905.56,69.25,19.2,-0.4,1.079,-1.5,0.2,1.5,11.4,-14.8,1.111,14,7,0,0,7
93.6,9,isocontour,11.283791670955125,31173.94,65.6,20.2,5.1,0.985,2.4,-1.8,3.0,11.4,-14.8,1.111,14,7,0,0,7
93.6,10,isocontour,11.283791670955125,31034.99,65.31,18.5,-9.3,0.993,-0.3,-2.8,2.8,11.4,-14.8,1.111,14,3,0,0,3
93.6,11,isocontour,11.283791670955125,32552.13,68.5,-16.6,-9.7,1.079,1.9,-1.1,2.2,11.4,-14.8,1.111,14,3,0,0,3
93.6,12,isocontour,11.283791670955125,30515.55,64.22,-12.3,-16.6,0.998,0.4,0.9,1.0,11.4,-14.8,1.111,14,3,0,0,3
93.6,13,isocontour,11.283791670955125,28734.76,60.47,20.8,2.2,0.982,-0.8,0.6,1.0,11.4,-14.8,1.111,14,6,0,0,6
93.6,14,isocontour,11.283791670955125,30937.99,65.11,12.0,-14.6,1.099,1.4,2.3,2.7,11.4,-14.8,1.111,14,3,0,0,3
93.6,15,isocontour,11.283791670955125,28519.71,60.02,1.1,20.8,0.986,1.2,-0.0,1.2,18.7,-0.9,1.11,6,3,0,0,3
93.6,16,isocontour,11.283791670955125,46393.09,97.63,-25.0,21.6,0.509,-0.4,0.9,1.0,-25.0,21.6,0.517,16,0,0,0,0
93.6,17,isocontour,11.283791670955125,28541.7,60.06,8.4,18.0,1.041,-0.6,1.2,1.3,18.7,-0.9,1.11,6,3,0,0,3
93.6,18,isocontour,11.283791670955125,34363.96,72.31,-7.7,19.3,0.987,1.1,-1.3,1.7,18.7,-0.9,1.11,6,3,0,0,3
93.6,19,isocontour,11.283791670955125,30305.71,63.77,-20.7,-1.1,0.992,1.0,-2.7,2.9,18.7,-0.9,1.11,6,3,0,0,3
93.6,20,isocontour,11.283791670955125,31590.0,66.48,11.1,-17.9,0.972,0.6,-1.6,1.7,11.4,-14.8,1.111,14,2,0,0,2
93.6,21,isocontour,11.283791670955125,30981.26,65.2,-4.5,-18.5,1.093,-2.7,0.6,2.8,11.4,-14.8,1.111,14,2,0,0,2
93.6,22,isocontour,11.283791670955125,33393.42,70.27,-17.9,-10.4,0.992,1.8,-1.1,2.1,11.4,-14.8,1.111,14,3,0,0,3
93.6,23,isocontour,11.283791670955125,33829.59,71.19,-19.6,7.0,0.985,2.6,3.6,4.4,18.7,-0.9,1.11,6,3,0,0,3
93.6,24,isocontour,11.283791670955125,31740.36,66.79,3.9,-20.3,0.994,-0.7,0.3,0.8,11.4,-14.8,1.111,14,3,0,0,3
93.6,25,isocontour,11.283791670955125,31220.44,65.7,-14.0,13.3,1.071,1.0,2.4,2.6,18.7,-0.9,1.11,6,3,0,0,3
93.6,Target,,,,,0.0,0.0,4.023,0.0,0.0,,,,,,,,,
93.7,1,isocontour,11.283791670955125,29057.15,61.15,18.9,8.4,0.995,0.4,0.8,0.9,11.4,-14.8,1.111,14,7,0,0,7
93.7,2,isocontour,11.283791670955125,27782.66,58.47,8.8,19.0,0.981,-1.8,1.5,2.3,11.4,-14.8,1.111,14,3,0,0,3
93.7,3,isocontour,11.283791670955125,28438.65,59.85,15.2,14.5,0.976,1.5,-1.1,1.9,11.4,-14.8,1.111,14,6,0,0,6
93.7,4,isocontour,11.283791670955125,33210.03,69.89,19.3,8.0,0.985,-0.7,3.6,3.7,11.4,-14.8,1.111,14,7,0,0,7
93.7,5,isocontour,11.283791670955125,31001.45,65.24,18.7,7.5,1.026,0.5,2.4,2.5,11.4,-14.8,1.111,14,7,0,0,7
93.7,6,isocontour,11.283791670955125,32990.96,69.43,18.7,-0.5,1.111,-1.5,1.6,2.2,11.4,-14.8,1.111,14,7,0,0,7
93.7,7,isocontour,11.283791670955125,31008.29,65.25,-14.4,14.8,0.997,1.0,0.2,1.0,18.7,-0.9,1.11,6,3,0,0,3
93.7,8,isocontour,11.283791670955125,32892.25,69.22,19.3,-0.2,1.073,1.4,1.6,2.1,11.4,-14.8,1.111,14,7,0,0,7
93.7,9,isocontour,11.283791670955125,31160.45,65.57,20.4,5.2,0.974,1.7,1.3,2.1,11.4,-14.8,1.111,14,7,0,0,7
93.7,10,isocontour,11.283791670955125,31034.06,65.31,18.6,-9.3,0.989,0.8,0.4,0.9,11.4,-14.8,1.111,14,3,0,0,3
93.7,11,isocontour,11.283791670955125,32549.81,68.5,-16.5,-9.8,1.081,0.9,-0.8,1.2,11.4,-14.8,1.111,14,3,0,0,3
93.7,12,isocontour,11.283791670955125,30387.99,63.95,-12.0,-16.9,0.992,2.6,-3.8,4.6,11.4,-14.8,1.111,14,3,0,0,3
93.7,13,isocontour,11.283791670955125,28719.75,60.44,20.6,2.3,0.99,-1.7,1.5,2.3,11.4,-14.8,1.111,14,6,0,0,6
93.7,14,isocontour,11.283791670955125,30936.5,65.1,12.0,-14.6,1.1,-0.9,-0.5,1.0,11.4,-14.8,1.111,14,3,0,0,3
93.7,15,isocontour,11.283791670955125,28496.17,59.97,1.0,20.7,0.991,-2.5,-0.8,2.6,18.7,-0.9,1.11,6,3,0,0,3
93.7,16,isocontour,11.283791670955125,46391.99,97.63,-24.9,21.6,0.51,0.9,-0.1,0.9,-24.9,21.6,0.517,16,0,0,0,0
93.7,17,isocontour,11.283791670955125,28520.22,60.02,8.2,18.0,1.044,-2.5,0.5,2.5,11.4,-14.8,1.111,14,3,0,0,3
93.7,18,isocontour,11.283791670955125,34357.93,72.3,-7.8,19.2,0.994,-0.6,-1.6,1.7,18.7,-0.9,1.11,6,3,0,0,3
93.7,19,isocontour,11.283791670955125,30282.69,63.73,-20.7,-0.9,0.991,-0.4,2.6,2.6,11.4,-14.8,1.111,14,3,0,0,3
93.7,20,isocontour,11.283791670955125,31567.24,66.43,10.9,-18.0,0.973,-2.4,-0.9,2.6,11.4,-14.8,1.111,14,2,0,0,2
93.7,21,isocontour,11.283791670955125,30955.24,65.14,-4.8,-18.4,1.094,-2.5,1.0,2.7,11.4,-14.8,1.111,14,2,0,0,2
93.7,22,isocontour,11.283791670955125,33382.18,70.25,-17.9,-10.6,0.986,-0.3,-2.0,2.0,11.4,-14.8,1.111,14,3,0,0,3
93.7,23,isocontour,11.283791670955125,33821.81,71.17,-19.5,7.0,0.995,1.8,-0.4,1.8,18.7,-0.9,1.11,6,3,0,0,3
93.7,24,isocontour,11.283791670955125,31721.28,66.75,3.6,-20.3,0.996,-2.5,-0.2,2.5,11.4,-14.8,1.111,14,3,0,0,3
93.7,25,isocontour,11.283791670955125,31201.14,65.66,-13.9,13.6,1.068,1.4,2.0,2.4,18.7,-0.9,1.11,6,3,0,0,3
93.7,Target,,,,,0.0,0.0,4.023,0.0,0.0,,,,,,,,,
93.8,1,isocontour,11.283791670955125,29056.65,61.15,18.9,8.4,0.993,0.1,0.7,0.7,11.4,-14.8,1.111,14,7,0,0,7
93.8,2,isocontour,11.283791670955125,27757.77,58.41,8.6,19.0,0.988,-2.6,-0.5,2.6,11.4,-14.8,1.111,14,3,0,0,3
93.8,3,isocontour,11.283791670955125,28427.89,59.82,15.2,14.3,0.983,-0.3,-2.0,2.0,11.4,-14.8,1.111,14,6,0,0,6
93.8,4,isocontour,11.283791670955125,33179.2,69.82,19.3,7.8,0.987,0.8,-2.8,2.9,11.4,-14.8,1.111,14,7,0,0,7
93.8,5,isocontour,11.283791670955125,30985.63,65.21,18.8,7.3,1.023,1.2,-1.9,2.2,11.4,-14.8,1.111,14,7,0,0,7
93.8,6,isocontour,11.283791670955125,32969.48,69.38,18.7,-0.2,1.111,0.2,2.5,2.5,11.4,-14.8,1.111,14,7,0,0,7
93.8,7,isocontour,11.283791670955125,30994.24,65.22,-14.5,14.9,0.987,-1.5,1.6,2.2,18.7,-0.9,1.11,6,3,0,0,3
93.8,8,isocontour,11.283791670955125,32891.68,69.22,19.3,-0.1,1.073,-0.1,0.7,0.7,11.4,-14.8,1.111,14,7,0,0,7
93.8,9,isocontour,11.283791670955125,31151.04,65.55,20.3,5.3,0.98,-1.9,0.5,2.0,11.4,-14.8,1.111,14,7,0,0,7
93.8,10,isocontour,11.283791670955125,30960.36,65.15,18.6,-9.0,0.995,0.4,3.8,3.8,11.4,-14.8,1.111,14,3,0,0,3
93.8,11,isocontour,11.283791670955125,32526.27,68.45,-16.4,-9.6,1.09,0.4,2.6,2.6,11.4,-14.8,1.111,14,3,0,0,3
93.8,12,isocontour,11.283791670955125,30387.55,63.95,-12.0,-17.0,0.987,-0.6,-0.3,0.7,11.4,-14.8,1.111,14,3,0,0,3
93.8,13,isocontour,11.283791670955125,28697.26,60.39,20.5,2.6,0.993,-0.8,2.5,2.6,11.4,-14.8,1.111,14,6,0,0,6
93.8,14,isocontour,11.283791670955125,30930.79,65.09,11.8,-14.6,1.105,-1.6,-0.1,1.6,11.4,-14.8,1.111,14,3,0,0,3
93.8,15,isocontour,11.283791670955125,28494.46,59.96,1.0,20.7,0.99,1.1,0.2,1.1,11.4,-14.8,1.111,14,3,0,0,3
93.8,16,isocontour,11.283791670955125,46390.89,97.62,-24.8,21.6,0.512,0.9,-0.2,0.9,-24.8,21.6,0.517,16,0,0,0,0
93.8,17,isocontour,11.283791670955125,28505.98,59.99,8.0,18.0,1.05,-2.2,-0.3,2.2,11.4,-14.8,1.111,14,3,0,0,3
93.8,18,isocontour,11.283791670955125,34352.72,72.29,-7.8,19.3,0.988,-0.2,1.6,1.6,18.7,-0.9,1.11,6,3,0,0,3
93.8,19,isocontour,11.283791670955125,30248.91,63.66,-20.8,-1.1,0.988,-0.4,-2.9,2.9,11.4,-14.8,1.111,14,3,0,0,3
93.8,20,isocontour,11.283791670955125,31542.07,66.38,10.7,-18.1,0.977,-2.6,-0.6,2.7,11.4,-14.8,1.111,14,2,0,0,2
93.8,21,isocontour,11.283791670955125,30953.8,65.14,-4.7,-18.4,1.094,1.0,-0.3,1.0,11.4,-14.8,1.111,14,2,0,0,2
93.8,22,isocontour,11.283791670955125,33381.72,70.25,-18.0,-10.7,0.982,-0.5,-0.5,0.7,11.4,-14.8,1.111,14,3,0,0,3
93.8,23,isocontour,11.283791670955125,33813.77,71.16,-19.6,6.9,0.991,-1.6,-0.9,1.8,11.4,-14.8,1.111,14,3,0,0,3
93.8,24,isocontour,11.283791670955125,31720.52,66.75,3.5,-20.4,0.994,-0.6,-0.5,0.8,11.4,-14.8,1.111,14,3,0,0,3
93.8,25,isocontour,11.283791670955125,31178.38,65.61,-14.1,13.6,1.056,-2.6,0.5,2.6,18.7,-0.9,1.11,6,3,0,0,3
93.8,Target,,,,,0.0,0.0,4.023,0.0,0.0,,,,,,,,,
93.9,1,isocontour,11.283791670955125,28945.54,60.91,18.8,8.8,0.988,-0.9,4.3,4.4,11.4,-14.8,1.111,14,7,0,0,7
93.9,2,isocontour,11.283791670955125,27756.67,58.41,8.4,19.0,0.99,-0.9,0.1,0.9,11.4,-14.8,1.111,14,3,0,0,3
93.9,3,isocontour,11.283791670955125,28395.44,59.75,15.3,14.0,0.991,0.7,-2.9,3.0,11.4,-14.8,1.111,14,6,0,0,6
93.9,4,isocontour,11.283791670955125,33176.65,69.82,19.3,7.7,0.99,-0.1,-1.2,1.2,11.4,-14.8,1.111,14,7,0,0,7
93.9,5,isocontour,11.283791670955125,30969.41,65.17,19.0,7.2,1.015,2.0,-1.2,2.3,11.4,-14.8,1.111,14,7,0,0,7
93.9,6,isocontour,11.283791670955125,32944.3,69.33,18.8,0.0,1.108,0.6,2.6,2.7,18.8,0.0,1.111,6,7,0,0,7
93.9,7,isocontour,11.283791670955125,30983.78,65.2,-14.7,14.8,0.984,-1.5,-1.3,2.0,11.4,-14.8,1.111,14,3,0,0,3
93.9,8,isocontour,11.283791670955125,32867.34,69.17,19.3,0.1,1.074,-0.2,2.7,2.7,11.4,-14.8,1.111,14,7,0,0,7
93.9,9,isocontour,11.283791670955125,31150.19,65.55,20.2,5.4,0.983,-0.5,0.7,0.9,11.4,-14.8,1.111,14,7,0,0,7
93.9,10,isocontour,11.283791670955125,30959.48,65.15,18.7,-9.0,0.992,0.5,-0.7,0.9,11.4,-14.8,1.111,14,3,0,0,3
93.9,11,isocontour,11.283791670955125,32513.85,68.42,-16.5,-9.4,1.093,-0.8,2.0,2.2,11.4,-14.8,1.111,14,3,0,0,3
93.9,12,isocontour,11.283791670955125,30364.79,63.9,-12.2,-16.8,0.99,-1.7,1.9,2.5,11.4,-14.8,1.111,14,3,0,0,3
93.9,13,isocontour,11.283791670955125,28695.21,60.39,20.6,2.5,0.993,0.3,-1.1,1.1,11.4,-14.8,1.111,14,6,0,0,6
93.9,14,isocontour,11.283791670955125,30905.62,65.04,11.6,-14.5,1.12,-2.4,1.2,2.7,11.4,-14.8,1.111,14,3,0,0,3
93.9,15,isocontour,11.283791670955125,28494.11,59.96,1.0,20.8,0.987,0.0,0.6,0.6,11.4,-14.8,1.111,14,3,0,0,3
93.9,16,isocontour,11.283791670955125,46389.79,97.62,-24.8,21.7,0.512,0.1,0.9,0.9,-24.8,21.7,0.517,16,0,0,0,0
93.9,17,isocontour,11.283791670955125,28503.61,59.98,7.9,18.1,1.049,-0.8,0.9,1.2,11.4,-14.8,1.111,14,3,0,0,3
93.9,18,isocontour,11.283791670955125,34328.37,72.24,-7.6,19.4,0.988,2.5,0.8,2.6,11.4,-14.8,1.111,14,3,0,0,3
93.9,19,isocontour,11.283791670955125,30246.7,63.65,-20.7,-1.2,0.989,0.4,-1.1,1.2,11.4,-14.8,1.111,14,3,0,0,3
93.9,20,isocontour,11.283791670955125,31517.99,66.33,10.4,-18.1,0.984,-2.7,-0.0,2.7,11.4,-14.8,1.111,14,2,0,0,2
93.9,21,isocontour,11.283791670955125,30926.64,65.08,-4.5,-18.4,1.098,2.8,-0.0,2.8,11.4,-14.8,1.111,14,2,0,0,2
93.9,22,isocontour,11.283791670955125,33375.25,70.23,-18.0,-10.5,0.987,0.5,1.6,1.7,11.4,-14.8,1.111,14,3,0,0,3
93.9,23,isocontour,11.283791670955125,33784.81,71.1,-19.5,7.1,0.99,0.9,2.7,2.8,11.4,-14.8,1.111,14,3,0,0,3
93.9,24,isocontour,11.283791670955125,31720.02,66.75,3.5,-20.4,0.992,-0.6,-0.4,0.7,11.4,-14.8,1.111,14,3,0,0,3
93.9,25,isocontour,11.283791670955125,31162.16,65.58,-14.3,13.5,1.052,-1.9,-1.4,2.4,11.4,-14.8,1.111,14,3,0,0,3
93.9,Target,,,,,0.0,0.0,4.023,0.0,0.0,,,,,,,,,
94.0,1,isocontour,11.283791670955125,28943.05,60.91,18.8,8.8,0.991,-0.3,-1.2,1.2,18.8,8.8,0.988,1,7,0,0,7
94.0,2,isocontour,11.283791670955125,27746.82,58.39,8.3,19.1,0.986,-1.1,1.6,1.9,8.3,19.1,0.99,2,3,0,0,3
94.0,3,isocontour,11.283791670955125,28394.82,59.75,15.3,14.0,0.989,0.6,0.5,0.8,15.3,14.0,0.991,3,6,0,0,6
94.0,4,isocontour,11.283791670955125,33174.65,69.81,19.2,7.6,0.995,-0.8,-0.8,1.1,19.2,7.6,0.99,4,7,0,0,7
94.0,5,isocontour,11.283791670955125,30947.42,65.13,18.9,7.4,1.016,-1.2,2.3,2.6,18.9,7.4,1.015,5,7,0,0,7
94.0,6,isocontour,11.283791670955125,32940.09,69.32,18.7,0.1,1.115,-1.4,0.5,1.5,18.7,0.1,1.108,6,7,0,0,7
94.0,7,isocontour,11.283791670955125,30952.31,65.14,-14.6,14.6,0.998,1.5,-2.5,2.9,-14.6,14.6,0.984,7,3,0,0,3
94.0,8,isocontour,11.283791670955125,32817.27,69.06,19.5,0.4,1.066,1.6,3.0,3.4,19.5,0.4,1.074,8,7,0,0,7
94.0,9,isocontour,11.283791670955125,31149.46,65.55,20.1,5.4,0.986,-0.6,0.5,0.8,20.1,5.4,0.983,9,7,0,0,7
94.0,10,isocontour,11.283791670955125,30958.08,65.15,18.7,-9.1,0.989,0.3,-1.0,1.0,18.7,-9.1,0.992,10,3,0,0,3
94.0,11,isocontour,11.283791670955125,32496.34,68.38,-16.7,-9.5,1.081,-1.9,-1.4,2.4,-16.7,-9.5,1.093,11,3,0,0,3
94.0,12,isocontour,11.283791670955125,30331.68,63.83,-12.1,-16.6,1.004,1.5,2.5,2.9,-12.1,-16.6,0.99,12,3,0,0,3
94.0,13,isocontour,11.283791670955125,28691.86,60.38,20.7,2.4,0.988,1.2,-0.7,1.4,20.7,2.4,0.993,13,6,0,0,6
94.0,14,isocontour,11.283791670955125,30899.49,65.02,11.5,-14.7,1.115,-0.2,-1.7,1.7,11.5,-14.7,1.12,14,3,0,0,3
94.0,15,isocontour,11.283791670955125,28485.4,59.94,1.0,20.6,0.995,-0.0,-1.9,1.9,1.0,20.6,0.987,15,3,0,0,3
94.0,16,isocontour,11.283791670955125,46388.69,97.62,-24.8,21.7,0.511,-0.6,-0.7,0.9,-24.8,21.7,0.512,16,0,0,0,0
94.0,17,isocontour,11.283791670955125,28501.05,59.98,8.0,18.1,1.046,1.3,-0.1,1.3,8.0,18.1,1.049,17,3,0,0,3
94.0,18,isocontour,11.283791670955125,34304.83,72.19,-7.7,19.3,0.99,-2.3,-1.3,2.6,-7.7,19.3,0.988,18,3,0,0,3
94.0,19,isocontour,11.283791670955125,30221.53,63.6,-20.7,-1.0,0.993,0.6,2.6,2.7,-20.7,-1.0,0.989,19,3,0,0,3
94.0,20,isocontour,11.283791670955125,31501.97,66.29,10.2,-18.1,0.992,-2.3,0.5,2.4,10.2,-18.1,0.984,20,2,0,0,2
94.0,21,isocontour,11.283791670955125,30923.14,65.07,-4.4,-18.5,1.095,1.0,-1.0,1.4,-4.4,-18.5,1.098,21,2,0,0,2
94.0,22,isocontour,11.283791670955125,33370.87,70.22,-17.8,-10.5,0.995,1.5,0.2,1.5,-17.8,-10.5,0.987,22,3,0,0,3
94.0,23,isocontour,11.283791670955125,33761.0,71.05,-19.4,7.4,0.988,0.5,2.6,2.6,-19.4,7.4,0.99,23,3,0,0,3
94.0,24,isocontour,11.283791670955125,31717.97,66.75,3.4,-20.5,0.987,-0.4,-1.1,1.2,3.4,-20.5,0.992,24,3,0,0,3
94.0,25,isocontour,11.283791670955125,31159.09,65.57,-14.3,13.4,1.056,-0.2,-1.3,1.3,-14.3,13.4,1.052,25,3,0,0,3
94.0,Target,,,,,0.0,0.0,4.023,0.0,0.0,,,,,,,,,
94.1,1,isocontour,11.283791670955125,28938.03,60.9,18.7,8.8,0.995,-1.3,0.9,1.6,18.7,0.1,1.115,6,7,0,0,7
94.1,2,isocontour,11.283791670955125,27746.45,58.39,8.4,19.1,0.983,0.6,0.1,0.6,8.0,18.1,1.049,17,3,0,0,3
94.1,3,isocontour,11.283791670955125,28392.98,59.75,15.3,14.1,0.984,0.3,1.1,1.1,8.0,18.1,1.049,17,6,0,0,6
94.1,4,isocontour,11.283791670955125,33127.6,69.71,19.5,7.5,0.984,3.2,-1.0,3.4,18.7,0.1,1.115,6,7,0,0,7
94.1,5,isocontour,11.283791670955125,30933.37,65.1,18.7,7.5,1.021,-1.7,1.4,2.2,18.7,0.1,1.115,6,7,0,0,7
94.1,6,isocontour,11.283791670955125,32938.89,69.32,18.7,0.2,1.113,0.5,0.8,0.9,18.7,0.2,1.115,6,7,0,0,7
94.1,7,isocontour,11.283791670955125,30951.7,65.13,-14.5,14.6,1.0,0.6,0.5,0.8,-14.3,13.4,1.056,25,3,0,0,3
94.1,8,isocontour,11.283791670955125,32816.3,69.06,19.4,0.5,1.066,-0.3,0.8,0.9,18.7,0.1,1.115,6,7,0,0,7
94.1,9,isocontour,11.283791670955125,31127.48,65.5,20.0,5.6,0.989,-1.3,2.3,2.6,18.7,0.1,1.115,6,7,0,0,7
94.1,10,isocontour,11.283791670955125,30933.19,65.1,18.7,-8.9,0.995,-0.3,2.7,2.7,11.5,-14.7,1.12,14,3,0,0,3
94.1,11,isocontour,11.283791670955125,32475.11,68.34,-16.7,-9.7,1.074,0.3,-2.5,2.5,-16.7,-9.7,1.093,11,3,0,0,3
94.1,12,isocontour,11.283791670955125,30329.47,63.82,-12.0,-16.6,1.006,0.8,-0.8,1.1,-4.4,-18.5,1.098,21,3,0,0,3
94.1,13,isocontour,11.283791670955125,28690.76,60.38,20.7,2.4,0.984,0.6,-0.7,0.9,18.7,0.1,1.115,6,6,0,0,6
94.1,14,isocontour,11.283791670955125,30888.24,65.0,11.6,-14.9,1.105,0.3,-2.0,2.0,11.6,-14.9,1.12,14,3,0,0,3
94.1,15,isocontour,11.283791670955125,28483.03,59.94,1.1,20.6,0.997,1.2,-0.1,1.2,8.0,18.1,1.049,17,3,0,0,3
94.1,16,isocontour,11.283791670955125,46387.59,97.62,-24.9,21.6,0.512,-0.5,-0.8,0.9,-24.9,21.6,0.512,16,0,0,0,0
94.1,17,isocontour,11.283791670955125,28496.22,59.97,7.9,18.2,1.043,-1.1,1.1,1.6,7.9,18.2,1.049,17,3,0,0,3
94.1,18,isocontour,11.283791670955125,34274.0,72.13,-7.9,19.0,0.999,-1.3,-2.6,2.9,-14.3,13.4,1.056,25,3,0,0,3
94.1,19,isocontour,11.283791670955125,30220.82,63.6,-20.7,-0.9,0.995,0.1,0.8,0.8,-16.7,-9.5,1.093,11,3,0,0,3
94.1,20,isocontour,11.283791670955125,31500.61,66.29,10.1,-18.0,0.998,-0.7,0.7,1.0,11.5,-14.7,1.12,14,2,0,0,2
94.1,21,isocontour,11.283791670955125,30895.38,65.02,-4.6,-18.5,1.093,-2.8,0.3,2.8,-4.6,-18.5,1.098,21,2,0,0,2
94.1,22,isocontour,11.283791670955125,33350.85,70.18,-17.9,-10.7,0.986,-1.2,-2.2,2.5,-16.7,-9.5,1.093,11,3,0,0,3
94.1,23,isocontour,11.283791670955125,33757.58,71.04,-19.3,7.5,0.991,1.2,0.7,1.4,-14.3,13.4,1.056,25,3,0,0,3
94.1,24,isocontour,11.283791670955125,31712.76,66.74,3.5,-20.6,0.981,1.1,-1.1,1.6,11.5,-14.7,1.12,14,3,0,0,3
94.1,25,isocontour,11.283791670955125,31158.19,65.57,-14.3,13.4,1.054,0.0,0.9,0.9,-14.3,13.4,1.056,25,3,0,0,3
94.1,Target,,,,,0.0,0.0,4.023,0.0,0.0,,,,,,,,,
94.2,1,isocontour,11.283791670955125,28917.29,60.85,18.6,9.1,0.992,-0.2,2.5,2.5,18.7,0.1,1.115,6,7,0,0,7
94.2,2,isocontour,11.283791670955125,27744.7,58.39,8.3,19.2,0.984,-1.1,0.2,1.1,8.0,18.1,1.049,17,3,0,0,3
94.2,3,isocontour,11.283791670955125,28360.86,59.68,15.4,13.9,0.988,1.1,-2.7,2.9,18.7,0.1,1.115,6,6,0,0,6
94.2,4,isocontour,11.283791670955125,33126.66,69.71,19.5,7.5,0.984,-0.8,0.4,0.9,18.7,0.1,1.115,6,7,0,0,7
94.2,5,isocontour,11.283791670955125,30912.14,65.05,18.8,7.8,1.014,0.8,2.4,2.5,18.7,0.1,1.115,6,7,0,0,7
94.2,6,isocontour,11.283791670955125,32917.9,69.27,18.7,0.4,1.111,0.4,2.5,2.5,11.5,-14.7,1.12,14,7,0,0,7
94.2,7,isocontour,11.283791670955125,30868.52,64.96,-14.8,14.8,0.983,-3.7,1.7,4.1,-14.3,13.4,1.056,25,3,0,0,3
94.2,8,isocontour,11.283791670955125,32792.49,69.01,19.4,0.7,1.068,-0.5,2.6,2.6,11.5,-14.7,1.12,14,7,0,0,7
94.2,9,isocontour,11.283791670955125,31125.1,65.5,19.9,5.7,0.994,-1.1,0.4,1.2,18.7,0.1,1.115,6,7,0,0,7
94.2,10,isocontour,11.283791670955125,30931.79,65.09,18.6,-8.8,1.001,-0.7,0.7,1.0,11.5,-14.7,1.12,14,3,0,0,3
94.2,11,isocontour,11.283791670955125,32452.62,68.29,-16.7,-9.6,1.079,-0.1,2.6,2.6,-4.4,-18.5,1.098,21,3,0,0,3
94.2,12,isocontour,11.283791670955125,30310.63,63.78,-11.8,-16.8,1.003,1.6,-1.8,2.4,-4.4,-18.5,1.098,21,3,0,0,3
94.2,13,isocontour,11.283791670955125,28688.77,60.37,20.7,2.4,0.988,-0.9,0.6,1.1,18.7,0.1,1.115,6,6,0,0,6
94.2,14,isocontour,11.283791670955125,30877.32,64.98,11.6,-15.1,1.095,-0.1,-2.0,2.0,11.5,-14.7,1.12,14,3,0,0,3
94.2,15,isocontour,11.283791670955125,28480.41,59.93,1.2,20.7,0.993,0.9,0.9,1.3,-14.3,13.4,1.056,25,3,0,0,3
94.2,16,isocontour,11.283791670955125,46386.49,97.61,-25.0,21.5,0.511,-0.8,-0.5,0.9,-25.0,21.5,0.512,16,0,0,0,0
94.2,17,isocontour,11.283791670955125,28493.22,59.96,7.8,18.2,1.046,-1.3,-0.3,1.3,8.0,18.1,1.049,17,3,0,0,3
94.2,18,isocontour,11.283791670955125,34245.94,72.07,-8.1,19.1,0.989,-2.3,1.6,2.8,-14.3,13.4,1.056,25,3,0,0,3
94.2,19,isocontour,11.283791670955125,30184.26,63.52,-20.7,-1.2,0.993,-0.1,-3.1,3.1,-16.7,-9.5,1.093,11,3,0,0,3
94.2,20,isocontour,11.283791670955125,31484.59,66.26,10.2,-18.0,0.991,2.2,-0.7,2.3,11.5,-14.7,1.12,14,2,0,0,2
94.2,21,isocontour,11.283791670955125,30890.64,65.01,-4.7,-18.4,1.097,-1.0,1.1,1.5,11.5,-14.7,1.12,14,2,0,0,2
94.2,22,isocontour,11.283791670955125,33330.6,70.14,-17.9,-10.5,0.99,0.2,2.5,2.5,-4.4,-18.5,1.098,21,3,0,0,3
94.2,23,isocontour,11.283791670955125,33744.8,71.01,-19.5,7.6,0.983,-1.6,1.5,2.2,-16.7,-9.5,1.093,11,3,0,0,3
94.2,24,isocontour,11.283791670955125,31674.76,66.66,3.8,-20.6,0.982,2.9,1.2,3.1,11.5,-14.7,1.12,14,3,0,0,3
94.2,25,isocontour,11.283791670955125,31134.64,65.52,-14.4,13.7,1.042,-0.5,2.6,2.6,-14.3,13.4,1.056,25,3,0,0,3
94.2,Target,,,,,0.0,0.0,4.023,0.0,0.0,,,,,,,,,
94.3,1,isocontour,11.283791670955125,28819.11,60.65,18.6,9.5,0.985,-0.7,4.2,4.3,11.5,-14.7,1.12,14,7,0,0,7
94.3,2,isocontour,11.283791670955125,27743.22,58.38,8.2,19.1,0.989,-0.8,-0.6,1.0,18.7,0.1,1.115,6,3,0,0,3
94.3,3,isocontour,11.283791670955125,28357.36,59.67,15.6,13.8,0.988,1.1,-0.9,1.4,18.7,0.1,1.115,6,6,0,0,6
94.3,4,isocontour,11.283791670955125,33097.39,69.65,19.3,7.3,0.998,-2.1,-1.9,2.8,11.5,-14.7,1.12,14,7,0,0,7
94.3,5,isocontour,11.283791670955125,30880.02,64.98,18.9,7.6,1.014,0.9,-2.8,2.9,11.5,-14.7,1.12,14,7,0,0,7
94.3,6,isocontour,11.283791670955125,32915.64,69.27,18.7,0.3,1.111,-0.0,-1.2,1.2,11.5,-14.7,1.12,14,7,0,0,7
94.3,7,isocontour,11.283791670955125,30867.76,64.96,-14.8,14.8,0.983,0.8,-0.2,0.8,-16.7,-9.5,1.093,11,3,0,0,3
94.3,8,isocontour,11.283791670955125,32755.93,68.93,19.4,0.5,1.071,-0.4,-3.0,3.0,11.5,-14.7,1.12,14,7,0,0,7
94.3,9,isocontour,11.283791670955125,31091.65,65.43,19.9,5.4,0.997,0.3,-2.9,2.9,11.5,-14.7,1.12,14,7,0,0,7
94.3,10,isocontour,11.283791670955125,30930.43,65.09,18.6,-8.8,1.001,-0.4,-0.9,1.0,11.5,-14.7,1.12,14,3,0,0,3
94.3,11,isocontour,11.283791670955125,32440.88,68.27,-16.5,-9.6,1.086,1.9,-0.9,2.1,-4.4,-18.5,1.098,21,3,0,0,3
94.3,12,isocontour,11.283791670955125,30306.9,63.78,-11.9,-16.7,1.004,-0.9,1.1,1.4,11.5,-14.7,1.12,14,3,0,0,3
94.3,13,isocontour,11.283791670955125,28686.77,60.37,20.6,2.5,0.993,-1.0,0.6,1.2,11.5,-14.7,1.12,14,6,0,0,6
94.3,14,isocontour,11.283791670955125,30866.71,64.96,11.6,-14.9,1.099,0.6,1.9,2.0,11.5,-14.7,1.12,14,3,0,0,3
94.3,15,isocontour,11.283791670955125,28478.85,59.93,1.2,20.7,0.99,-0.9,0.5,1.0,-14.3,13.4,1.056,25,3,0,0,3
94.3,16,isocontour,11.283791670955125,46385.39,97.61,-24.9,21.5,0.513,0.6,-0.8,1.0,-24.9,21.5,0.512,16,0,0,0,0
94.3,17,isocontour,11.283791670955125,28466.92,59.91,7.5,18.2,1.052,-2.7,0.1,2.7,18.7,0.1,1.115,6,3,0,0,3
94.3,18,isocontour,11.283791670955125,34225.21,72.02,-7.9,19.2,0.99,2.5,0.4,2.5,-14.3,13.4,1.056,25,3,0,0,3
94.3,19,isocontour,11.283791670955125,30183.71,63.52,-20.7,-1.1,0.994,0.2,0.7,0.7,-4.4,-18.5,1.098,21,3,0,0,3
94.3,20,isocontour,11.283791670955125,31483.8,66.25,10.3,-18.1,0.986,0.7,-0.5,0.9,11.5,-14.7,1.12,14,2,0,0,2
94.3,21,isocontour,11.283791670955125,30889.71,65.0,-4.8,-18.3,1.098,-0.8,0.4,0.9,11.5,-14.7,1.12,14,2,0,0,2
94.3,22,isocontour,11.283791670955125,33329.57,70.14,-18.0,-10.5,0.987,-0.8,-0.4,0.9,-4.4,-18.5,1.098,21,3,0,0,3
94.3,23,isocontour,11.283791670955125,33712.68,70.94,-19.5,7.4,0.987,0.3,-2.9,2.9,-16.7,-9.5,1.093,11,3,0,0,3
94.3,24,isocontour,11.283791670955125,31670.88,66.65,3.9,-20.4,0.988,0.8,1.2,1.4,11.5,-14.7,1.12,14,3,0,0,3
94.3,25,isocontour,11.283791670955125,31132.32,65.51,-14.4,13.8,1.038,0.4,1.1,1.2,-16.7,-9.5,1.093,11,3,0,0,3
94.3,Target,,,,,0.0,0.0,4.023,0.0,0.0,,,,,,,,,
94.4,1,isocontour,11.283791670955125,28816.79,60.64,18.6,9.4,0.985,0.3,-1.2,1.2,11.5,-14.7,1.12,14,7,0,0,7
94.4,2,isocontour,11.283791670955125,27717.48,58.33,8.0,19.1,0.995,-2.7,-0.1,2.7,18.7,0.1,1.115,6,3,0,0,3
94.4,3,isocontour,11.283791670955125,28351.01,59.66,15.7,13.7,0.987,1.3,-1.1,1.7,11.5,-14.7,1.12,14,6,0,0,6
94.4,4,isocontour,11.283791670955125,33091.68,69.64,19.3,7.4,0.994,0.8,1.4,1.6,11.5,-14.7,1.12,14,7,0,0,7
94.4,5,isocontour,11.283791670955125,30877.64,64.98,18.9,7.4,1.016,0.1,-1.2,1.2,11.5,-14.7,1.12,14,7,0,0,7
94.4,6,isocontour,11.283791670955125,32913.32,69.26,18.8,0.2,1.108,0.5,-1.1,1.2,11.5,-14.7,1.12,14,7,0,0,7
94.4,7,isocontour,11.283791670955125,30848.45,64.92,-14.6,14.7,0.993,2.4,-0.4,2.4,-16.7,-9.5,1.093,11,3,0,0,3
94.4,8,isocontour,11.283791670955125,32721.12,68.86,19.3,0.2,1.074,-0.4,-3.0,3.0,11.5,-14.7,1.12,14,7,0,0,7
94.4,9,isocontour,11.283791670955125,31090.62,65.43,20.0,5.4,0.993,0.9,-0.1,0.9,11.5,-14.7,1.12,14,7,0,0,7
94.4,10,isocontour,11.283791670955125,30929.26,65.09,18.5,-8.8,1.004,-0.3,0.9,0.9,11.5,-14.7,1.12,14,3,0,0,3
94.4,11,isocontour,11.283791670955125,32438.67,68.26,-16.4,-9.7,1.089,0.9,-0.8,1.2,11.5,-14.7,1.12,14,3,0,0,3
94.4,12,isocontour,11.283791670955125,30306.44,63.78,-12.0,-16.7,1.002,-0.7,-0.1,0.7,11.5,-14.7,1.12,14,3,0,0,3
94.4,13,isocontour,11.283791670955125,28651.27,60.29,20.6,2.2,0.993,0.3,-3.0,3.0,11.5,-14.7,1.12,14,6,0,0,6
94.4,14,isocontour,11.283791670955125,30862.41,64.95,11.7,-14.9,1.098,1.4,0.5,1.5,11.5,-14.7,1.12,14,3,0,0,3
94.4,15,isocontour,11.283791670955125,28459.77,59.89,0.9,20.7,0.99,-2.5,-0.0,2.5,18.7,0.1,1.115,6,3,0,0,3
94.4,16,isocontour,11.283791670955125,46384.29,97.61,-24.9,21.4,0.515,-0.2,-0.9,0.9,-24.9,21.4,0.513,16,0,0,0,0
94.4,17,isocontour,11.283791670955125,28450.49,59.87,7.6,18.0,1.057,1.7,-1.6,2.3,18.7,0.1,1.115,6,3,0,0,3
94.4,18,isocontour,11.283791670955125,34200.03,71.97,-7.7,19.2,0.996,2.7,-0.1,2.7,-16.7,-9.5,1.093,11,3,0,0,3
94.4,19,isocontour,11.283791670955125,30181.72,63.51,-20.6,-1.2,0.994,0.0,-1.2,1.2,-4.4,-18.5,1.098,21,3,0,0,3
94.4,20,isocontour,11.283791670955125,31481.81,66.25,10.3,-18.2,0.984,-0.8,-0.8,1.1,11.5,-14.7,1.12,14,2,0,0,2
94.4,21,isocontour,11.283791670955125,30888.64,65.0,-4.9,-18.3,1.1,-0.8,0.5,0.9,11.5,-14.7,1.12,14,2,0,0,2
94.4,22,isocontour,11.283791670955125,33329.55,70.14,-18.0,-10.5,0.988,0.3,-0.0,0.3,11.5,-14.7,1.12,14,3,0,0,3
94.4,23,isocontour,11.283791670955125,33710.25,70.94,-19.4,7.3,0.992,0.5,-1.1,1.2,-4.4,-18.5,1.098,21,3,0,0,3
94.4,24,isocontour,11.283791670955125,31646.53,66.6,4.0,-20.2,1.0,0.7,2.6,2.7,11.5,-14.7,1.12,14,3,0,0,3
94.4,25,isocontour,11.283791670955125,31108.78,65.46,-14.1,13.9,1.042,2.4,1.1,2.6,-16.7,-9.5,1.093,11,3,0,0,3
94.4,Target,,,,,0.0,0.0,4.023,0.0,0.0,,,,,,,,,
94.5,1,isocontour,11.283791670955125,28802.17,60.61,18.7,9.3,0.984,1.2,-1.9,2.2,11.5,-14.7,1.12,14,7,0,0,7
94.5,2,isocontour,11.283791670955125,27716.08,58.33,8.0,19.0,0.996,0.9,-0.5,1.0,11.5,-14.7,1.12,14,3,0,0,3
94.5,3,isocontour,11.283791670955125,28319.54,59.59,15.6,13.5,0.999,-1.1,-2.7,2.9,11.5,-14.7,1.12,14,6,0,0,6
94.5,4,isocontour,11.283791670955125,33076.07,69.6,19.3,7.7,0.989,0.0,2.3,2.3,11.5,-14.7,1.12,14,7,0,0,7
94.5,5,isocontour,11.283791670955125,30847.45,64.91,18.8,7.2,1.025,-0.8,-2.8,2.9,11.5,-14.7,1.12,14,7,0,0,7
94.5,6,isocontour,11.283791670955125,32910.26,69.26,18.7,0.3,1.114,-1.2,0.6,1.3,11.5,-14.7,1.12,14,7,0,0,7
94.5,7,isocontour,11.283791670955125,30827.95,64.87,-14.7,14.9,0.983,-1.7,1.8,2.5,-4.4,-18.5,1.098,21,3,0,0,3
94.5,8,isocontour,11.283791670955125,32711.85,68.84,19.5,0.3,1.065,1.7,0.9,1.9,11.5,-14.7,1.12,14,7,0,0,7
94.5,9,isocontour,11.283791670955125,31073.76,65.39,20.1,5.5,0.983,1.6,1.7,2.3,11.5,-14.7,1.12,14,7,0,0,7
94.5,10,isocontour,11.283791670955125,30915.4,65.06,18.4,-8.9,1.008,-1.4,-1.7,2.2,11.5,-14.7,1.12,14,4,0,0,4
94.5,11,isocontour,11.283791670955125,32413.77,68.21,-16.3,-9.9,1.087,0.9,-2.5,2.7,11.5,-14.7,1.12,14,3,0,0,3
94.5,12,isocontour,11.283791670955125,30305.57,63.77,-12.1,-16.7,1.0,-0.9,0.1,0.9,11.5,-14.7,1.12,14,3,0,0,3
94.5,13,isocontour,11.283791670955125,28618.82,60.22,20.8,2.0,0.983,2.4,-1.6,2.9,11.5,-14.7,1.12,14,7,0,0,7
94.5,14,isocontour,11.283791670955125,30833.75,64.89,11.5,-15.0,1.101,-2.5,-1.3,2.8,11.5,-14.7,1.12,14,3,0,0,3
94.5,15,isocontour,11.283791670955125,28438.04,59.84,1.1,20.9,0.982,2.0,1.6,2.6,18.7,0.1,1.115,6,3,0,0,3
94.5,16,isocontour,11.283791670955125,46383.19,97.61,-25.0,21.3,0.515,-0.7,-0.6,0.9,-25.0,21.3,0.515,16,0,0,0,0
94.5,17,isocontour,11.283791670955125,28445.93,59.86,7.6,18.1,1.053,-0.7,1.4,1.6,11.5,-14.7,1.12,14,3,0,0,3
94.5,18,isocontour,11.283791670955125,34198.97,71.97,-7.5,19.2,0.997,0.9,0.4,1.0,18.7,0.1,1.115,6,3,0,0,3
94.5,19,isocontour,11.283791670955125,30180.06,63.51,-20.7,-1.3,0.994,-0.0,-1.1,1.1,11.5,-14.7,1.12,14,3,0,0,3
94.5,20,isocontour,11.283791670955125,31466.0,66.22,10.1,-18.2,0.99,-2.3,0.4,2.3,11.5,-14.7,1.12,14,2,0,0,2
94.5,21,isocontour,11.283791670955125,30884.68,64.99,-4.8,-18.2,1.104,1.4,0.4,1.5,11.5,-14.7,1.12,14,2,0,0,2
94.5,22,isocontour,11.283791670955125,33320.42,70.12,-17.8,-10.5,0.995,1.9,-0.0,1.9,11.5,-14.7,1.12,14,3,0,0,3
94.5,23,isocontour,11.283791670955125,33699.0,70.92,-19.5,7.4,0.984,-1.5,1.4,2.1,-4.4,-18.5,1.098,21,3,0,0,3
94.5,24,isocontour,11.283791670955125,31645.49,66.59,3.9,-20.1,1.004,-0.9,0.3,0.9,11.5,-14.7,1.12,14,3,0,0,3
94.5,25,isocontour,11.283791670955125,31105.43,65.46,-14.0,13.9,1.048,1.4,0.0,1.4,-4.4,-18.5,1.098,21,3,0,0,3
94.5,Target,,,,,0.0,0.0,4.023,0.0,0.0,,,,,,,,,
94.6,1,isocontour,11.283791670955125,28784.45,60.57,18.6,9.4,0.983,-1.1,2.1,2.4,11.5,-14.7,1.12,14,7,0,0,7
94.6,2,isocontour,11.283791670955125,27705.48,58.3,7.9,19.2,0.99,-0.8,1.9,2.1,11.5,-14.7,1.12,14,3,0,0,3
94.6,3,isocontour,11.283791670955125,28314.98,59.59,15.6,13.3,1.004,0.5,-1.4,1.5,11.5,-14.7,1.12,14,6,0,0,6
94.6,4,isocontour,11.283791670955125,32997.73,69.44,19.2,8.0,0.985,-0.9,3.8,3.9,11.5,-14.7,1.12,14,7,0,0,7
94.6,5,isocontour,11.283791670955125,30846.83,64.91,18.8,7.2,1.028,-0.5,0.5,0.7,11.5,-14.7,1.12,14,7,0,0,7
94.6,6,isocontour,11.283791670955125,32909.69,69.25,18.7,0.3,1.113,0.5,0.6,0.8,11.5,-14.7,1.12,14,7,0,0,7
94.6,7,isocontour,11.283791670955125,30824.61,64.87,-14.6,15.0,0.978,0.6,1.2,1.3,18.7,0.1,1.115,6,3,0,0,3
94.6,8,isocontour,11.283791670955125,32710.92,68.84,19.4,0.3,1.066,-0.4,0.8,0.9,11.5,-14.7,1.12,14,7,0,0,7
94.6,9,isocontour,11.283791670955125,31065.98,65.37,20.2,5.7,0.977,0.6,1.7,1.8,11.5,-14.7,1.12,14,7,0,0,7
94.6,10,isocontour,11.283791670955125,30913.74,65.05,18.3,-9.0,1.011,-1.0,-0.5,1.1,11.5,-14.7,1.12,14,4,0,0,4
94.6,11,isocontour,11.283791670955125,32411.46,68.21,-16.2,-10.0,1.088,0.9,-0.8,1.2,11.5,-14.7,1.12,14,3,0,0,3
94.6,12,isocontour,11.283791670955125,30259.35,63.68,-12.0,-17.0,0.99,0.9,-3.2,3.3,11.5,-14.7,1.12,14,3,0,0,3
94.6,13,isocontour,11.283791670955125,28588.62,60.16,20.8,1.8,0.986,-0.9,-2.7,2.8,11.5,-14.7,1.12,14,7,0,0,7
94.6,14,isocontour,11.283791670955125,30833.12,64.88,11.4,-15.0,1.102,-0.7,-0.3,0.8,11.5,-14.7,1.12,14,3,0,0,3
94.6,15,isocontour,11.283791670955125,28359.7,59.68,0.8,20.8,0.986,-3.8,-0.9,3.9,11.5,-14.7,1.12,14,3,0,0,3
94.6,16,isocontour,11.283791670955125,46382.09,97.61,-24.9,21.2,0.517,0.7,-0.6,0.9,-24.9,21.2,0.515,16,0,0,0,0
94.6,17,isocontour,11.283791670955125,28444.32,59.86,7.7,18.1,1.054,0.7,-0.8,1.1,11.5,-14.7,1.12,14,3,0,0,3
94.6,18,isocontour,11.283791670955125,34170.61,71.91,-7.3,19.3,0.994,2.4,1.4,2.8,18.7,0.1,1.115,6,3,0,0,3
94.6,19,isocontour,11.283791670955125,30157.57,63.46,-20.7,-1.1,0.993,-0.3,2.6,2.6,11.5,-14.7,1.12,14,3,0,0,3
94.6,20,isocontour,11.283791670955125,31430.49,66.14,10.3,-18.0,0.99,2.8,1.2,3.0,11.5,-14.7,1.12,14,2,0,0,2
94.6,21,isocontour,11.283791670955125,30860.6,64.94,-5.0,-18.2,1.102,-2.7,0.2,2.7,11.5,-14.7,1.12,14,2,0,0,2
94.6,22,isocontour,11.283791670955125,33319.84,70.12,-17.8,-10.6,0.994,-0.4,-0.6,0.7,11.5,-14.7,1.12,14,3,0,0,3
94.6,23,isocontour,11.283791670955125,33670.35,70.86,-19.6,7.1,0.986,-0.2,-2.8,2.8,11.5,-14.7,1.12,14,3,0,0,3
94.6,24,isocontour,11.283791670955125,31621.15,66.54,3.7,-20.2,1.006,-2.7,-0.2,2.7,11.5,-14.7,1.12,14,3,0,0,3
94.6,25,isocontour,11.283791670955125,31097.13,65.44,-13.9,14.1,1.046,0.8,1.7,1.9,18.7,0.1,1.115,6,3,0,0,3
94.6,Target,,,,,0.0,0.0,4.023,0.0,0.0,,,,,,,,,
94.7,1,isocontour,11.283791670955125,28768.01,60.54,18.4,9.5,0.991,-2.2,0.8,2.3,11.5,-14.7,1.12,14,7,0,0,7
94.7,2,isocontour,11.283791670955125,27690.66,58.27,8.1,19.2,0.987,2.2,-0.7,2.3,11.5,-14.7,1.12,14,3,0,0,3
94.7,3,isocontour,11.283791670955125,28305.57,59.57,15.6,13.4,0.999,-0.3,1.9,1.9,11.5,-14.7,1.12,14,6,0,0,6
94.7,4,isocontour,11.283791670955125,32979.56,69.4,19.1,8.2,0.988,-1.6,1.9,2.5,11.5,-14.7,1.12,14,7,0,0,7
94.7,5,isocontour,11.283791670955125,30843.11,64.91,18.7,7.2,1.033,-1.3,0.6,1.4,11.5,-14.7,1.12,14,7,0,0,7
94.7,6,isocontour,11.283791670955125,32909.17,69.25,18.7,0.4,1.11,0.4,0.6,0.7,11.5,-14.7,1.12,14,7,0,0,7
94.7,7,isocontour,11.283791670955125,30797.44,64.81,-14.4,15.1,0.984,2.7,0.8,2.8,11.5,-14.7,1.12,14,3,0,0,3
94.7,8,isocontour,11.283791670955125,32710.16,68.83,19.4,0.4,1.068,-0.3,0.8,0.9,11.5,-14.7,1.12,14,7,0,0,7
94.7,9,isocontour,11.283791670955125,31043.49,65.33,20.1,5.9,0.979,-1.4,2.2,2.6,11.5,-14.7,1.12,14,7,0,0,7
94.7,10,isocontour,11.283791670955125,30894.66,65.01,18.3,-8.8,1.019,-0.4,2.4,2.4,11.5,-14.7,1.12,14,4,0,0,4
94.7,11,isocontour,11.283791670955125,32408.39,68.2,-16.2,-9.9,1.092,-0.1,1.3,1.3,11.5,-14.7,1.12,14,3,0,0,3
94.7,12,isocontour,11.283791670955125,30253.32,63.66,-12.1,-17.1,0.981,-0.9,-1.4,1.7,11.5,-14.7,1.12,14,3,0,0,3
94.7,13,isocontour,11.283791670955125,28552.06,60.08,20.7,1.5,0.993,-0.9,-2.9,3.0,11.5,-14.7,1.12,14,7,0,0,7
94.7,14,isocontour,11.283791670955125,30810.62,64.84,11.2,-15.1,1.103,-2.2,-1.4,2.6,11.5,-14.7,1.12,14,3,0,0,3
94.7,15,isocontour,11.283791670955125,28336.68,59.63,0.5,20.7,0.994,-2.2,-1.5,2.7,11.5,-14.7,1.12,14,3,0,0,3
94.7,16,isocontour,11.283791670955125,46380.99,97.6,-24.9,21.3,0.517,0.7,0.7,1.0,-24.9,21.3,0.517,16,0,0,0,0
94.7,17,isocontour,11.283791670955125,28442.17,59.85,7.7,18.0,1.058,0.6,-1.0,1.2,11.5,-14.7,1.12,14,3,0,0,3
94.7,18,isocontour,11.283791670955125,34169.51,71.91,-7.3,19.4,0.99,-0.0,0.9,0.9,11.5,-14.7,1.12,14,3,0,0,3
94.7,19,isocontour,11.283791670955125,30154.57,63.46,-20.7,-1.2,0.99,-0.6,-1.2,1.3,11.5,-14.7,1.12,14,3,0,0,3
94.7,20,isocontour,11.283791670955125,31366.04,66.01,10.6,-18.1,0.976,3.4,-1.4,3.7,11.5,-14.7,1.12,14,2,0,0,2
94.7,21,isocontour,11.283791670955125,30835.71,64.89,-4.8,-18.3,1.098,2.4,-1.3,2.7,11.5,-14.7,1.12,14,2,0,0,2
94.7,22,isocontour,11.283791670955125,33290.26,70.06,-17.8,-10.8,0.986,-0.1,-2.8,2.8,11.5,-14.7,1.12,14,3,0,0,3
94.7,23,isocontour,11.283791670955125,33640.77,70.79,-19.5,6.9,0.993,0.5,-2.8,2.8,11.5,-14.7,1.12,14,3,0,0,3
94.7,24,isocontour,11.283791670955125,31599.67,66.5,3.4,-20.2,1.005,-2.5,-0.7,2.6,11.5,-14.7,1.12,14,3,0,0,3
94.7,25,isocontour,11.283791670955125,31089.35,65.42,-13.7,14.1,1.052,1.8,0.0,1.8,11.5,-14.7,1.12,14,3,0,0,3
94.7,Target,,,,,0.0,0.0,4.023,0.0,0.0,,,,,,,,,
94.8,1,isocontour,11.283791670955125,28766.49,60.54,18.4,9.6,0.992,-0.5,0.9,1.0,11.5,-14.7,1.12,14,7,0,0,7
94.8,2,isocontour,11.283791670955125,27685.55,58.26,8.2,19.0,0.993,0.5,-1.5,1.6,11.5,-14.7,1.12,14,3,0,0,3
94.8,3,isocontour,11.283791670955125,28273.45,59.5,15.4,13.6,0.999,-2.1,2.1,3.0,11.5,-14.7,1.12,14,6,0,0,6
94.8,4,isocontour,11.283791670955125,32972.98,69.39,18.9,8.3,0.995,-1.7,0.3,1.7,11.5,-14.7,1.12,14,7,0,0,7
94.8,5,isocontour,11.283791670955125,30820.61,64.86,18.5,7.4,1.035,-1.2,2.3,2.6,11.5,-14.7,1.12,14,7,0,0,7
94.8,6,isocontour,11.283791670955125,32908.72,69.25,18.8,0.5,1.108,0.2,0.7,0.7,11.5,-14.7,1.12,14,7,0,0,7
94.8,7,isocontour,11.283791670955125,30769.08,64.75,-14.3,14.9,0.997,0.9,-2.6,2.8,11.5,-14.7,1.12,14,3,0,0,3
94.8,8,isocontour,11.283791670955125,32703.11,68.82,19.3,0.5,1.074,-1.1,1.4,1.8,11.5,-14.7,1.12,14,7,0,0,7
94.8,9,isocontour,11.283791670955125,31019.95,65.28,20.0,6.1,0.983,-1.5,2.2,2.7,11.5,-14.7,1.12,14,7,0,0,7
94.8,10,isocontour,11.283791670955125,30893.3,65.01,18.3,-8.7,1.02,0.5,0.9,1.0,11.5,-14.7,1.12,14,4,0,0,4
94.8,11,isocontour,11.283791670955125,32407.65,68.2,-16.3,-9.9,1.091,-0.7,0.5,0.9,11.5,-14.7,1.12,14,3,0,0,3
94.8,12,isocontour,11.283791670955125,30242.08,63.64,-12.2,-17.1,0.974,-2.1,0.1,2.1,11.5,-14.7,1.12,14,3,0,0,3
94.8,13,isocontour,11.283791670955125,28549.32,60.08,20.7,1.4,0.991,0.6,-1.1,1.3,11.5,-14.7,1.12,14,7,0,0,7
94.8,14,isocontour,11.283791670955125,30788.89,64.79,11.0,-15.3,1.105,-2.3,-1.2,2.6,11.5,-14.7,1.12,14,3,0,0,3
94.8,15,isocontour,11.283791670955125,28335.92,59.63,0.4,20.7,0.996,-0.8,-0.2,0.8,11.5,-14.7,1.12,14,3,0,0,3
94.8,16,isocontour,11.283791670955125,46379.89,97.6,-24.9,21.4,0.515,-0.3,0.9,0.9,-24.9,21.4,0.517,16,0,0,0,0
94.8,17,isocontour,11.283791670955125,28436.14,59.84,7.8,17.8,1.065,0.7,-1.5,1.7,11.5,-14.7,1.12,14,3,0,0,3
94.8,18,isocontour,11.283791670955125,34073.38,71.7,-7.0,19.6,0.986,3.7,2.0,4.2,11.5,-14.7,1.12,14,3,0,0,3
94.8,19,isocontour,11.283791670955125,30153.81,63.45,-20.7,-1.2,0.991,0.3,0.8,0.9,11.5,-14.7,1.12,14,3,0,0,3
94.8,20,isocontour,11.283791670955125,31364.1,66.0,10.7,-18.3,0.968,0.5,-1.0,1.1,11.5,-14.7,1.12,14,2,0,0,2
94.8,21,isocontour,11.283791670955125,30832.64,64.88,-4.7,-18.4,1.095,1.1,-0.8,1.4,11.5,-14.7,1.12,14,2,0,0,2
94.8,22,isocontour,11.283791670955125,33277.31,70.03,-17.9,-10.7,0.983,-1.3,1.7,2.1,11.5,-14.7,1.12,14,3,0,0,3
94.8,23,isocontour,11.283791670955125,33639.7,70.79,-19.5,6.7,0.995,-0.1,-0.9,0.9,11.5,-14.7,1.12,14,3,0,0,3
94.8,24,isocontour,11.283791670955125,31588.42,66.47,3.3,-20.4,0.996,-0.6,-2.0,2.1,11.5,-14.7,1.12,14,3,0,0,3
94.8,25,isocontour,11.283791670955125,31083.43,65.41,-13.8,14.0,1.052,-1.3,-1.0,1.6,11.5,-14.7,1.12,14,3,0,0,3
94.8,Target,,,,,0.0,0.0,4.023,0.0,0.0,,,,,,,,,
94.9,1,isocontour,11.283791670955125,28728.48,60.46,18.3,9.9,0.99,-1.1,2.9,3.1,11.5,-14.7,1.12,14,7,0,0,7
94.9,2,isocontour,11.283791670955125,27669.93,58.23,8.2,19.2,0.985,-0.4,2.3,2.3,11.5,-14.7,1.12,14,3,0,0,3
94.9,3,isocontour,11.283791670955125,28174.58,59.29,15.3,14.0,0.991,-1.3,4.1,4.3,11.5,-14.7,1.12,14,6,0,0,6
94.9,4,isocontour,11.283791670955125,32950.74,69.34,19.1,8.3,0.984,2.5,0.6,2.6,11.5,-14.7,1.12,14,7,0,0,7
94.9,5,isocontour,11.283791670955125,30818.0,64.85,18.4,7.5,1.039,-1.1,0.5,1.2,11.5,-14.7,1.12,14,7,0,0,7
94.9,6,isocontour,11.283791670955125,32876.27,69.18,18.6,0.7,1.117,-1.7,2.4,2.9,11.5,-14.7,1.12,14,7,0,0,7
94.9,7,isocontour,11.283791670955125,30762.39,64.74,-14.3,15.0,0.994,0.3,1.7,1.7,11.5,-14.7,1.12,14,3,0,0,3
94.9,8,isocontour,11.283791670955125,32694.13,68.8,19.4,0.6,1.066,1.7,0.9,1.9,11.5,-14.7,1.12,14,7,0,0,7
94.9,9,isocontour,11.283791670955125,31014.93,65.27,19.8,6.2,0.99,-1.5,0.5,1.6,11.5,-14.7,1.12,14,7,0,0,7
94.9,10,isocontour,11.283791670955125,30888.75,65.0,18.2,-8.5,1.025,-0.6,1.4,1.5,11.5,-14.7,1.12,14,4,0,0,4
94.9,11,isocontour,11.283791670955125,32404.16,68.19,-16.4,-9.8,1.087,-1.2,0.7,1.4,11.5,-14.7,1.12,14,3,0,0,3
94.9,12,isocontour,11.283791670955125,30236.87,63.63,-12.4,-17.1,0.973,-1.4,0.8,1.6,11.5,-14.7,1.12,14,3,0,0,3
94.9,13,isocontour,11.283791670955125,28424.2,59.82,20.8,1.0,0.985,1.5,-4.4,4.6,11.5,-14.7,1.12,14,7,0,0,7
94.9,14,isocontour,11.283791670955125,30769.12,64.75,10.8,-15.4,1.104,-1.9,-1.6,2.5,11.5,-14.7,1.12,14,3,0,0,3
94.9,15,isocontour,11.283791670955125,28312.91,59.58,0.2,20.8,0.99,-2.3,1.3,2.6,11.5,-14.7,1.12,14,3,0,0,3
94.9,16,isocontour,11.283791670955125,46378.79,97.6,-25.0,21.4,0.513,-0.9,0.3,0.9,-25.0,21.4,0.517,16,0,0,0,0
94.9,17,isocontour,11.283791670955125,28408.08,59.78,8.0,17.7,1.07,2.0,-1.9,2.8,11.5,-14.7,1.12,14,3,0,0,3
94.9,18,isocontour,11.283791670955125,34057.36,71.67,-6.9,19.5,0.996,-0.0,-2.3,2.3,11.5,-14.7,1.12,14,3,0,0,3
94.9,19,isocontour,11.283791670955125,30152.15,63.45,-20.7,-1.2,0.991,-0.1,-1.1,1.1,11.5,-14.7,1.12,14,3,0,0,3
94.9,20,isocontour,11.283791670955125,31346.16,65.96,10.5,-18.2,0.975,-2.4,0.5,2.5,11.5,-14.7,1.12,14,2,0,0,2
94.9,21,isocontour,11.283791670955125,30830.54,64.88,-4.6,-18.4,1.093,1.0,-0.6,1.2,11.5,-14.7,1.12,14,2,0,0,2
94.9,22,isocontour,11.283791670955125,33265.4,70.0,-18.1,-10.5,0.982,-1.2,1.8,2.2,11.5,-14.7,1.12,14,3,0,0,3
94.9,23,isocontour,11.283791670955125,33631.67,70.77,-19.7,6.8,0.987,-1.6,0.8,1.8,11.5,-14.7,1.12,14,3,0,0,3
94.9,24,isocontour,11.283791670955125,31580.51,66.46,3.3,-20.6,0.987,-0.7,-1.7,1.8,11.5,-14.7,1.12,14,3,0,0,3
94.9,25,isocontour,11.283791670955125,31080.5,65.41,-13.9,13.9,1.055,-0.4,-1.3,1.4,11.5,-14.7,1.12,14,3,0,0,3
94.9,Target,,,,,0.0,0.0,4.023,0.0,0.0,,,,,,,,,
95.0,1,isocontour,11.283791670955125,28727.2,60.45,18.3,10.0,0.986,0.4,0.9,1.0,11.5,-14.7,1.12,14,7,0,0,7
95.0,2,isocontour,11.283791670955125,27648.2,58.18,8.4,19.2,0.982,2.4,-0.8,2.5,11.5,-14.7,1.12,14,3,0,0,3
95.0,3,isocontour,11.283791670955125,28158.76,59.26,15.3,14.3,0.983,-0.3,2.3,2.3,11.5,-14.7,1.12,14,6,0,0,6
95.0,4,isocontour,11.283791670955125,32946.94,69.33,19.0,8.3,0.988,-1.4,-0.1,1.4,11.5,-14.7,1.12,14,7,0,0,7
95.0,5,isocontour,11.283791670955125,30799.84,64.81,18.4,7.7,1.034,0.4,2.4,2.4,11.5,-14.7,1.12,14,7,0,0,7
95.0,6,isocontour,11.283791670955125,32875.81,69.18,18.6,0.8,1.117,0.2,0.7,0.7,11.5,-14.7,1.12,14,7,0,0,7
95.0,7,isocontour,11.283791670955125,30760.24,64.73,-14.3,15.1,0.989,-1.1,0.4,1.2,11.5,-14.7,1.12,14,3,0,0,3
95.0,8,isocontour,11.283791670955125,32669.51,68.75,19.4,0.9,1.065,-0.3,2.7,2.7,11.5,-14.7,1.12,14,7,0,0,7
95.0,9,isocontour,11.283791670955125,31011.36,65.26,19.9,6.1,0.988,1.0,-1.0,1.4,11.5,-14.7,1.12,14,7,0,0,7
95.0,10,isocontour,11.283791670955125,30882.39,64.99,18.2,-8.4,1.032,-0.6,1.6,1.7,11.5,-14.7,1.12,14,4,0,0,4
95.0,11,isocontour,11.283791670955125,32403.5,68.19,-16.5,-9.7,1.086,-0.5,0.6,0.8,11.5,-14.7,1.12,14,3,0,0,3
95.0,12,isocontour,11.283791670955125,30236.16,63.63,-12.4,-17.0,0.974,-0.4,0.7,0.8,11.5,-14.7,1.12,14,3,0,0,3
95.0,13,isocontour,11.283791670955125,28423.29,59.81,20.9,0.8,0.983,0.2,-0.9,0.9,11.5,-14.7,1.12,14,7,0,0,7
95.0,14,isocontour,11.283791670955125,30767.27,64.75,10.8,-15.5,1.1,-0.4,-1.1,1.2,11.5,-14.7,1.12,14,3,0,0,3
95.0,15,isocontour,11.283791670955125,28309.7,59.57,0.1,20.9,0.983,-0.4,1.3,1.4,11.5,-14.7,1.12,14,3,0,0,3
95.0,16,isocontour,11.283791670955125,46377.69,97.6,-25.0,21.3,0.513,-0.4,-0.9,1.0,-25.0,21.3,0.517,16,0,0,0,0
95.0,17,isocontour,11.283791670955125,28405.99,59.78,8.1,17.6,1.071,1.1,-0.4,1.2,11.5,-14.7,1.12,14,3,0,0,3
95.0,18,isocontour,11.283791670955125,34056.49,71.67,-6.8,19.4,0.998,0.8,0.3,0.9,11.5,-14.7,1.12,14,3,0,0,3
95.0,19,isocontour,11.283791670955125,30150.45,63.45,-20.7,-1.3,0.99,0.0,-1.1,1.1,11.5,-14.7,1.12,14,3,0,0,3
95.0,20,isocontour,11.283791670955125,31320.71,65.91,10.2,-18.3,0.981,-2.7,-0.4,2.7,11.5,-14.7,1.12,14,2,0,0,2
95.0,21,isocontour,11.283791670955125,30828.64,64.88,-4.5,-18.5,1.092,1.0,-0.5,1.1,11.5,-14.7,1.12,14,2,0,0,2
95.0,22,isocontour,11.283791670955125,33240.23,69.95,-18.1,-10.3,0.989,0.2,2.7,2.7,11.5,-14.7,1.12,14,3,0,0,3
95.0,23,isocontour,11.283791670955125,33520.56,70.54,-19.5,7.1,0.989,2.3,3.8,4.4,11.5,-14.7,1.12,14,3,0,0,3
95.0,24,isocontour,11.283791670955125,31579.45,66.46,3.2,-20.6,0.985,-0.9,-0.2,0.9,11.5,-14.7,1.12,14,3,0,0,3
95.0,25,isocontour,11.283791670955125,31052.44,65.35,-13.7,14.0,1.057,2.2,1.8,2.8,11.5,-14.7,1.12,14,3,0,0,3
95.0,Target,,,,,0.0,0.0,4.023,0.0,0.0,,,,,,,,,
95.1,1,isocontour,11.283791670955125,28726.83,60.45,18.3,10.0,0.986,-0.3,0.6,0.7,11.5,-14.7,1.12,14,7,0,0,7
95.1,2,isocontour,11.283791670955125,27627.22,58.14,8.4,18.9,0.993,0.1,-2.5,2.5,11.5,-14.7,1.12,14,3,0,0,3
95.1,3,isocontour,11.283791670955125,28157.63,59.25,15.3,14.4,0.978,0.2,0.9,0.9,11.5,-14.7,1.12,14,6,0,0,6
95.1,4,isocontour,11.283791670955125,32924.7,69.29,19.1,8.1,0.991,0.6,-2.5,2.6,11.5,-14.7,1.12,14,7,0,0,7
95.1,5,isocontour,11.283791670955125,30788.75,64.79,18.6,7.7,1.024,2.0,-0.4,2.0,11.5,-14.7,1.12,14,7,0,0,7
95.1,6,isocontour,11.283791670955125,32854.58,69.14,18.6,1.0,1.115,0.2,2.5,2.5,11.5,-14.7,1.12,14,7,0,0,7
95.1,7,isocontour,11.283791670955125,30738.25,64.68,-14.2,15.2,0.987,1.8,1.8,2.5,11.5,-14.7,1.12,14,3,0,0,3
95.1,8,isocontour,11.283791670955125,32668.77,68.75,19.4,1.0,1.067,-0.3,0.8,0.9,11.5,-14.7,1.12,14,7,0,0,7
95.1,9,isocontour,11.283791670955125,31008.62,65.25,19.9,6.2,0.985,0.0,1.3,1.3,11.5,-14.7,1.12,14,7,0,0,7
95.1,10,isocontour,11.283791670955125,30876.26,64.98,18.3,-8.3,1.03,1.2,1.2,1.7,11.5,-14.7,1.12,14,4,0,0,4
95.1,11,isocontour,11.283791670955125,32382.02,68.14,-16.6,-9.5,1.087,-1.1,2.3,2.5,11.5,-14.7,1.12,14,3,0,0,3
95.1,12,isocontour,11.283791670955125,30213.14,63.58,-12.6,-16.8,0.978,-1.6,2.1,2.6,11.5,-14.7,1.12,14,3,0,0,3
95.1,13,isocontour,11.283791670955125,28421.68,59.81,20.8,0.9,0.987,-0.8,0.7,1.1,11.5,-14.7,1.12,14,7,0,0,7
95.1,14,isocontour,11.283791670955125,30766.73,64.74,10.7,-15.6,1.098,-0.4,-0.6,0.7,11.5,-14.7,1.12,14,3,0,0,3
95.1,15,isocontour,11.283791670955125,28292.41,59.54,-0.1,20.9,0.98,-2.4,0.4,2.4,11.5,-14.7,1.12,14,3,0,0,3
95.1,16,isocontour,11.283791670955125,46375.94,97.59,-24.9,21.3,0.516,1.0,-0.4,1.1,-24.9,21.3,0.517,16,0,0,0,0
95.1,17,isocontour,11.283791670955125,28400.87,59.77,8.1,17.7,1.063,0.4,1.5,1.6,11.5,-14.7,1.12,14,3,0,0,3
95.1,18,isocontour,11.283791670955125,34052.68,71.66,-7.0,19.5,0.995,-1.4,0.2,1.4,11.5,-14.7,1.12,14,3,0,0,3
95.1,19,isocontour,11.283791670955125,30148.55,63.44,-20.7,-1.5,0.991,0.3,-1.1,1.1,11.5,-14.7,1.12,14,3,0,0,3
95.1,20,isocontour,11.283791670955125,31319.97,65.91,10.1,-18.3,0.984,-0.8,-0.0,0.8,11.5,-14.7,1.12,14,2,0,0,2
95.1,21,isocontour,11.283791670955125,30796.85,64.81,-4.2,-18.5,1.093,2.9,-0.4,2.9,11.5,-14.7,1.12,14,2,0,0,2
95.1,22,isocontour,11.283791670955125,33238.02,69.95,-18.1,-10.2,0.99,-0.7,1.0,1.2,11.5,-14.7,1.12,14,3,0,0,3
95.1,23,isocontour,11.283791670955125,33495.39,70.49,-19.5,7.0,0.993,-0.4,-2.7,2.7,11.5,-14.7,1.12,14,3,0,0,3
95.1,24,isocontour,11.283791670955125,31567.54,66.43,3.2,-20.5,0.993,1.0,1.9,2.1,11.5,-14.7,1.12,14,3,0,0,3
95.1,25,isocontour,11.283791670955125,31035.59,65.31,-13.6,14.2,1.054,1.3,2.0,2.4,11.5,-14.7,1.12,14,3,0,0,3
95.1,Target,,,,,0.0,0.0,4.023,0.0,0.0,,,,,,,,,
95.2,1,isocontour,11.283791670955125,28721.9,60.44,18.2,9.9,0.99,-0.3,-1.5,1.5,11.5,-14.7,1.12,14,7,0,0,7
95.2,2,isocontour,11.283791670955125,27626.25,58.14,8.5,18.9,0.993,0.9,-0.0,0.9,11.5,-14.7,1.12,14,3,0,0,3
95.2,3,isocontour,11.283791670955125,28140.98,59.22,15.2,14.2,0.988,-1.1,-2.1,2.4,11.5,-14.7,1.12,14,6,0,0,6
95.2,4,isocontour,11.283791670955125,32924.3,69.29,19.1,8.2,0.991,-0.1,0.7,0.7,11.5,-14.7,1.12,14,7,0,0,7
95.2,5,isocontour,11.283791670955125,30757.6,64.73,18.8,7.5,1.02,1.5,-2.5,2.9,11.5,-14.7,1.12,14,7,0,0,7
95.2,6,isocontour,11.283791670955125,32834.81,69.1,18.6,1.2,1.114,-0.1,2.5,2.5,11.5,-14.7,1.12,14,7,0,0,7
95.2,7,isocontour,11.283791670955125,30735.64,64.68,-14.1,15.2,0.992,1.2,-0.4,1.3,11.5,-14.7,1.12,14,3,0,0,3
95.2,8,isocontour,11.283791670955125,32668.09,68.75,19.4,1.1,1.068,-0.2,0.8,0.8,11.5,-14.7,1.12,14,7,0,0,7
95.2,9,isocontour,11.283791670955125,31003.97,65.24,19.8,6.3,0.991,-1.4,0.6,1.5,11.5,-14.7,1.12,14,7,0,0,7
95.2,10,isocontour,11.283791670955125,30851.64,64.92,18.3,-8.0,1.035,0.1,2.7,2.7,11.5,-14.7,1.12,14,4,0,0,4
95.2,11,isocontour,11.283791670955125,32381.47,68.14,-16.6,-9.4,1.086,-0.5,0.6,0.8,11.5,-14.7,1.12,14,3,0,0,3
95.2,12,isocontour,11.283791670955125,30189.6,63.53,-12.7,-16.6,0.985,-0.9,2.5,2.7,11.5,-14.7,1.12,14,3,0,0,3
95.2,13,isocontour,11.283791670955125,28419.58,59.81,20.7,0.9,0.992,-1.0,0.6,1.2,11.5,-14.7,1.12,14,7,0,0,7
95.2,14,isocontour,11.283791670955125,30762.17,64.74,10.6,-15.6,1.102,-1.5,0.0,1.5,11.5,-14.7,1.12,14,3,0,0,3
95.2,15,isocontour,11.283791670955125,28276.8,59.51,-0.0,20.8,0.99,0.9,-2.1,2.3,11.5,-14.7,1.12,14,3,0,0,3
95.2,16,isocontour,11.283791670955125,46374.84,97.59,-24.8,21.3,0.518,0.9,-0.3,0.9,-24.8,21.3,0.517,16,0,0,0,0
95.2,17,isocontour,11.283791670955125,28395.27,59.75,8.2,17.9,1.053,0.5,1.5,1.6,11.5,-14.7,1.12,14,3,0,0,3
95.2,18,isocontour,11.283791670955125,34050.64,71.66,-7.1,19.4,0.995,-1.0,-0.5,1.1,11.5,-14.7,1.12,14,3,0,0,3
95.2,19,isocontour,11.283791670955125,30115.1,63.37,-20.7,-1.7,0.99,-0.0,-3.0,3.0,11.5,-14.7,1.12,14,3,0,0,3
95.2,20,isocontour,11.283791670955125,31314.26,65.9,10.0,-18.2,0.99,-1.5,0.6,1.6,11.5,-14.7,1.12,14,2,0,0,2
95.2,21,isocontour,11.283791670955125,30760.64,64.73,-3.9,-18.6,1.094,3.0,-0.4,3.0,11.5,-14.7,1.12,14,2,0,0,2
95.2,22,isocontour,11.283791670955125,33229.45,69.93,-18.0,-10.2,0.994,1.5,-1.1,1.9,11.5,-14.7,1.12,14,3,0,0,3
95.2,23,isocontour,11.283791670955125,33493.99,70.48,-19.5,7.0,0.994,0.5,0.9,1.0,11.5,-14.7,1.12,14,3,0,0,3
95.2,24,isocontour,11.283791670955125,31565.49,66.43,3.4,-20.4,0.994,1.2,0.0,1.2,11.5,-14.7,1.12,14,3,0,0,3
95.2,25,isocontour,11.283791670955125,31016.97,65.27,-13.4,14.4,1.056,2.0,1.3,2.4,11.5,-14.7,1.12,14,3,0,0,3
95.2,Target,,,,,0.0,0.0,4.023,0.0,0.0,,,,,,,,,
95.3,1,isocontour,11.283791670955125,28703.29,60.4,18.1,10.1,0.993,-1.5,1.9,2.4,11.5,-14.7,1.12,14,7,0,0,7
95.3,2,isocontour,11.283791670955125,27621.14,58.13,8.4,18.9,0.993,-1.5,0.5,1.6,11.5,-14.7,1.12,14,3,0,0,3
95.3,3,isocontour,11.283791670955125,28115.53,59.17,15.1,14.0,0.999,-0.3,-2.7,2.7,11.5,-14.7,1.12,14,6,0,0,6
95.3,4,isocontour,11.283791670955125,32821.92,69.07,19.1,8.5,0.983,-0.1,4.3,4.3,11.5,-14.7,1.12,14,7,0,0,7
95.3,5,isocontour,11.283791670955125,30720.68,64.65,18.9,7.2,1.021,0.8,-3.0,3.1,11.5,-14.7,1.12,14,7,0,0,7
95.3,6,isocontour,11.283791670955125,32813.82,69.05,18.7,1.5,1.11,0.6,2.5,2.6,11.5,-14.7,1.12,14,7,0,0,7
95.3,7,isocontour,11.283791670955125,30714.41,64.63,-14.1,15.4,0.982,-1.0,2.4,2.6,11.5,-14.7,1.12,14,3,0,0,3
95.3,8,isocontour,11.283791670955125,32667.3,68.74,19.4,1.1,1.069,-0.3,0.8,0.9,11.5,-14.7,1.12,14,7,0,0,7
95.3,9,isocontour,11.283791670955125,30984.9,65.2,19.8,6.5,0.987,0.2,2.4,2.4,11.5,-14.7,1.12,14,7,0,0,7
95.3,10,isocontour,11.283791670955125,30825.62,64.87,18.3,-7.7,1.04,0.2,2.7,2.7,11.5,-14.7,1.12,14,4,0,0,4
95.3,11,isocontour,11.283791670955125,32378.54,68.14,-16.7,-9.4,1.08,-1.3,-0.2,1.3,11.5,-14.7,1.12,14,3,0,0,3
95.3,12,isocontour,11.283791670955125,30183.47,63.52,-12.7,-16.4,0.993,0.1,1.7,1.7,11.5,-14.7,1.12,14,3,0,0,3
95.3,13,isocontour,11.283791670955125,28417.97,59.8,20.7,0.8,0.993,0.0,-1.1,1.1,11.5,-14.7,1.12,14,7,0,0,7
95.3,14,isocontour,11.283791670955125,30742.4,64.69,10.4,-15.7,1.105,-2.2,-1.1,2.5,11.5,-14.7,1.12,14,3,0,0,3
95.3,15,isocontour,11.283791670955125,28261.19,59.47,0.1,20.6,1.001,0.9,-2.1,2.3,11.5,-14.7,1.12,14,3,0,0,3
95.3,16,isocontour,11.283791670955125,46373.74,97.59,-24.9,21.3,0.517,-0.9,0.2,0.9,-24.9,21.3,0.518,16,0,0,0,0
95.3,17,isocontour,11.283791670955125,28394.7,59.75,8.1,17.9,1.051,-0.6,0.5,0.8,11.5,-14.7,1.12,14,3,0,0,3
95.3,18,isocontour,11.283791670955125,34021.06,71.59,-6.9,19.5,0.993,2.5,1.4,2.9,11.5,-14.7,1.12,14,3,0,0,3
95.3,19,isocontour,11.283791670955125,30098.25,63.34,-20.5,-1.9,0.999,2.0,-1.2,2.3,11.5,-14.7,1.12,14,3,0,0,3
95.3,20,isocontour,11.283791670955125,31281.48,65.83,10.2,-18.1,0.988,2.8,0.8,2.9,11.5,-14.7,1.12,14,2,0,0,2
95.3,21,isocontour,11.283791670955125,30730.44,64.67,-3.6,-18.6,1.098,2.9,0.1,2.9,11.5,-14.7,1.12,14,2,0,0,2
95.3,22,isocontour,11.283791670955125,33215.78,69.9,-18.1,-10.1,0.993,-1.3,1.8,2.2,11.5,-14.7,1.12,14,3,0,0,3
95.3,23,isocontour,11.283791670955125,33487.06,70.47,-19.6,6.9,0.989,-1.5,-0.9,1.7,11.5,-14.7,1.12,14,3,0,0,3
95.3,24,isocontour,11.283791670955125,31556.51,66.41,3.3,-20.6,0.986,-0.6,-1.8,1.9,11.5,-14.7,1.12,14,3,0,0,3
95.3,25,isocontour,11.283791670955125,30984.19,65.2,-13.1,14.3,1.071,2.5,-1.6,3.0,11.5,-14.7,1.12,14,3,0,0,3
95.3,Target,,,,,0.0,0.0,4.023,0.0,0.0,,,,,,,,,
95.4,1,isocontour,11.283791670955125,28623.75,60.24,18.0,10.4,0.99,-1.4,3.7,4.0,11.5,-14.7,1.12,14,7,0,0,7
95.4,2,isocontour,11.283791670955125,27532.29,57.94,8.5,19.2,0.975,2.3,3.4,4.1,11.5,-14.7,1.12,14,3,0,0,3
95.4,3,isocontour,11.283791670955125,28107.49,59.15,15.2,13.8,1.001,1.2,-1.4,1.8,11.5,-14.7,1.12,14,6,0,0,6
95.4,4,isocontour,11.283791670955125,32798.12,69.02,18.9,8.8,0.984,-1.5,2.2,2.7,11.5,-14.7,1.12,14,7,0,0,7
95.4,5,isocontour,11.283791670955125,30697.93,64.6,18.8,7.4,1.024,-1.3,2.3,2.6,11.5,-14.7,1.12,14,7,0,0,7
95.4,6,isocontour,11.283791670955125,32813.38,69.05,18.7,1.6,1.108,0.2,0.7,0.7,11.5,-14.7,1.12,14,7,0,0,7
95.4,7,isocontour,11.283791670955125,30714.2,64.63,-14.2,15.4,0.98,-0.4,-0.3,0.5,11.5,-14.7,1.12,14,3,0,0,3
95.4,8,isocontour,11.283791670955125,32666.51,68.74,19.4,1.2,1.069,0.0,0.8,0.8,11.5,-14.7,1.12,14,7,0,0,7
95.4,9,isocontour,11.283791670955125,30973.32,65.18,19.9,6.7,0.979,1.1,1.8,2.1,11.5,-14.7,1.12,14,7,0,0,7
95.4,10,isocontour,11.283791670955125,30822.62,64.86,18.4,-7.6,1.038,0.9,1.0,1.3,11.5,-14.7,1.12,14,4,0,0,4
95.4,11,isocontour,11.283791670955125,32372.08,68.12,-16.7,-9.3,1.085,0.3,1.7,1.7,11.5,-14.7,1.12,14,3,0,0,3
95.4,12,isocontour,11.283791670955125,30162.24,63.47,-12.5,-16.4,0.997,2.3,-1.0,2.5,11.5,-14.7,1.12,14,3,0,0,3
95.4,13,isocontour,11.283791670955125,28386.18,59.74,20.8,0.6,0.987,1.3,-2.6,2.9,11.5,-14.7,1.12,14,7,0,0,7
95.4,14,isocontour,11.283791670955125,30717.77,64.64,10.2,-15.9,1.104,-2.1,-1.7,2.7,11.5,-14.7,1.12,14,3,0,0,3
95.4,15,isocontour,11.283791670955125,28243.25,59.43,0.1,20.7,0.992,-0.4,2.4,2.4,11.5,-14.7,1.12,14,3,0,0,3
95.4,16,isocontour,11.283791670955125,46372.64,97.59,-24.9,21.3,0.516,0.6,0.7,0.9,-24.9,21.3,0.518,16,0,0,0,0
95.4,17,isocontour,11.283791670955125,28375.39,59.71,8.0,17.8,1.061,-2.1,-1.3,2.5,11.5,-14.7,1.12,14,3,0,0,3
95.4,18,isocontour,11.283791670955125,34019.96,71.59,-6.8,19.6,0.988,0.1,0.9,0.9,11.5,-14.7,1.12,14,3,0,0,3
95.4,19,isocontour,11.283791670955125,30097.54,63.34,-20.5,-1.8,0.999,-0.4,0.7,0.8,11.5,-14.7,1.12,14,3,0,0,3
95.4,20,isocontour,11.283791670955125,31276.27,65.82,10.3,-18.0,0.991,0.8,1.3,1.5,11.5,-14.7,1.12,14,2,0,0,2
95.4,21,isocontour,11.283791670955125,30710.43,64.63,-3.8,-18.6,1.097,-2.5,0.2,2.5,11.5,-14.7,1.12,14,2,0,0,2
95.4,22,isocontour,11.283791670955125,33150.81,69.76,-18.4,-10.2,0.976,-3.6,-0.9,3.7,11.5,-14.7,1.12,14,3,0,0,3
95.4,23,isocontour,11.283791670955125,33484.96,70.46,-19.7,6.8,0.988,-0.4,-1.1,1.2,11.5,-14.7,1.12,14,3,0,0,3
95.4,24,isocontour,11.283791670955125,31519.95,66.33,3.6,-20.7,0.978,2.9,-0.9,3.0,11.5,-14.7,1.12,14,3,0,0,3
95.4,25,isocontour,11.283791670955125,30951.41,65.13,-12.8,14.3,1.079,2.7,1.1,2.9,11.5,-14.7,1.12,14,3,0,0,3
95.4,Target,,,,,0.0,0.0,4.023,0.0,0.0,,,,,,,,,
95.5,1,isocontour,11.283791670955125,28621.38,60.23,18.0,10.4,0.988,0.9,-0.8,1.2,11.5,-14.7,1.12,14,7,0,0,7
95.5,2,isocontour,11.283791670955125,27529.01,57.93,8.7,19.2,0.971,1.3,-0.4,1.4,11.5,-14.7,1.12,14,3,0,0,3
95.5,3,isocontour,11.283791670955125,28082.04,59.1,15.1,14.0,1.001,-1.8,2.0,2.7,11.5,-14.7,1.12,14,6,0,0,6
95.5,4,isocontour,11.283791670955125,32783.49,68.99,18.8,9.0,0.984,-0.9,2.0,2.2,11.5,-14.7,1.12,14,7,0,0,7
95.5,5,isocontour,11.283791670955125,30687.63,64.58,18.6,7.5,1.03,-1.8,0.9,2.0,11.5,-14.7,1.12,14,7,0,0,7
95.5,6,isocontour,11.283791670955125,32791.9,69.01,18.7,1.8,1.106,0.2,2.6,2.6,11.5,-14.7,1.12,14,7,0,0,7
95.5,7,isocontour,11.283791670955125,30681.09,64.56,-14.0,15.2,0.993,1.8,-2.3,2.9,11.5,-14.7,1.12,14,3,0,0,3
95.5,8,isocontour,11.283791670955125,32641.06,68.69,19.3,1.5,1.069,-0.2,2.7,2.7,11.5,-14.7,1.12,14,7,0,0,7
95.5,9,isocontour,11.283791670955125,30966.75,65.17,19.9,6.9,0.976,-0.3,1.7,1.7,11.5,-14.7,1.12,14,7,0,0,7
95.5,10,isocontour,11.283791670955125,30821.69,64.86,18.4,-7.5,1.038,0.3,0.8,0.9,11.5,-14.7,1.12,14,3,0,0,3
95.5,11,isocontour,11.283791670955125,32371.26,68.12,-16.7,-9.2,1.086,-0.3,0.8,0.9,11.5,-14.7,1.12,14,3,0,0,3
95.5,12,isocontour,11.283791670955125,30141.74,63.43,-12.3,-16.6,0.998,2.1,-1.3,2.5,11.5,-14.7,1.12,14,3,0,0,3
95.5,13,isocontour,11.283791670955125,28384.93,59.73,20.8,0.5,0.986,0.1,-1.0,1.0,11.5,-14.7,1.12,14,7,0,0,7
95.5,14,isocontour,11.283791670955125,30708.79,64.62,10.1,-16.0,1.095,0.0,-1.9,1.9,11.5,-14.7,1.12,14,2,0,0,2
95.5,15,isocontour,11.283791670955125,28241.63,59.43,0.1,20.8,0.989,1.1,0.1,1.1,11.5,-14.7,1.12,14,3,0,0,3
95.5,16,isocontour,11.283791670955125,46371.54,97.58,-24.9,21.3,0.517,-0.4,-0.9,1.0,-24.9,21.3,0.518,16,0,0,0,0
95.5,17,isocontour,11.283791670955125,28347.04,59.65,8.2,17.7,1.062,2.6,-1.0,2.8,11.5,-14.7,1.12,14,3,0,0,3
95.5,18,isocontour,11.283791670955125,33993.08,71.53,-6.6,19.8,0.982,2.0,1.9,2.8,11.5,-14.7,1.12,14,3,0,0,3
95.5,19,isocontour,11.283791670955125,30076.56,63.29,-20.6,-1.6,0.997,-0.6,2.5,2.6,11.5,-14.7,1.12,14,3,0,0,3
95.5,20,isocontour,11.283791670955125,31275.85,65.82,10.3,-18.0,0.99,-0.4,-0.6,0.7,11.5,-14.7,1.12,14,2,0,0,2
95.5,21,isocontour,11.283791670955125,30691.35,64.59,-4.0,-18.5,1.095,-2.5,0.2,2.5,11.5,-14.7,1.12,14,2,0,0,2
95.5,22,isocontour,11.283791670955125,33125.07,69.71,-18.7,-10.0,0.967,-2.3,1.4,2.7,11.5,-14.7,1.12,14,3,0,0,3
95.5,23,isocontour,11.283791670955125,33455.69,70.4,-19.7,6.6,0.991,-0.1,-2.8,2.8,11.5,-14.7,1.12,14,3,0,0,3
95.5,24,isocontour,11.283791670955125,31485.48,66.26,3.9,-20.6,0.979,2.9,0.9,3.0,11.5,-14.7,1.12,14,3,0,0,3
95.5,25,isocontour,11.283791670955125,30943.24,65.12,-13.0,14.3,1.076,-1.7,-0.7,1.8,11.5,-14.7,1.12,14,3,0,0,3
95.5,Target,,,,,0.0,0.0,4.023,0.0,0.0,,,,,,,,,
95.6,1,isocontour,11.283791670955125,28600.64,60.19,17.9,10.6,0.989,-1.4,2.1,2.5,11.5,-14.7,1.12,14,7,0,0,7
95.6,2,isocontour,11.283791670955125,27509.47,57.89,8.9,19.1,0.971,2.2,-1.1,2.5,11.5,-14.7,1.12,14,3,0,0,3
95.6,3,isocontour,11.283791670955125,28075.35,59.08,15.0,14.1,1.002,-1.3,1.1,1.7,11.5,-14.7,1.12,14,6,0,0,6
95.6,4,isocontour,11.283791670955125,32776.68,68.97,18.8,9.2,0.983,-0.5,1.7,1.8,11.5,-14.7,1.12,14,7,0,0,7
95.6,5,isocontour,11.283791670955125,30686.92,64.58,18.5,7.5,1.033,-0.6,0.5,0.8,11.5,-14.7,1.12,14,7,0,0,7
95.6,6,isocontour,11.283791670955125,32791.11,69.0,18.8,1.9,1.102,0.4,0.7,0.8,11.5,-14.7,1.12,14,7,0,0,7
95.6,7,isocontour,11.283791670955125,30665.88,64.53,-13.8,15.3,0.999,2.1,0.9,2.3,11.5,-14.7,1.12,14,3,0,0,3
95.6,8,isocontour,11.283791670955125,32615.61,68.64,19.3,1.7,1.069,-0.2,2.7,2.7,11.5,-14.7,1.12,14,7,0,0,7
95.6,9,isocontour,11.283791670955125,30962.19,65.16,19.8,7.0,0.975,-0.3,1.5,1.5,11.5,-14.7,1.12,14,7,0,0,7
95.6,10,isocontour,11.283791670955125,30819.94,64.86,18.5,-7.4,1.037,0.7,0.9,1.1,11.5,-14.7,1.12,14,3,0,0,3
95.6,11,isocontour,11.283791670955125,32349.78,68.08,-16.6,-9.3,1.094,2.3,-1.2,2.6,11.5,-14.7,1.12,14,3,0,0,3
95.6,12,isocontour,11.283791670955125,30141.3,63.43,-12.3,-16.6,0.996,-0.6,-0.3,0.7,11.5,-14.7,1.12,14,3,0,0,3
95.6,13,isocontour,11.283791670955125,28382.61,59.73,20.8,0.5,0.99,-1.0,0.6,1.2,11.5,-14.7,1.12,14,7,0,0,7
95.6,14,isocontour,11.283791670955125,30708.33,64.62,10.1,-16.1,1.092,-0.5,-0.5,0.7,11.5,-14.7,1.12,14,2,0,0,2
95.6,15,isocontour,11.283791670955125,28104.84,59.14,0.6,20.7,0.992,4.7,-0.6,4.7,11.5,-14.7,1.12,14,3,0,0,3
95.6,16,isocontour,11.283791670955125,46370.44,97.58,-24.8,21.3,0.517,0.7,0.6,0.9,-24.8,21.3,0.518,16,0,0,0,0
95.6,17,isocontour,11.283791670955125,28312.57,59.58,8.4,17.6,1.063,2.6,-1.5,3.0,11.5,-14.7,1.12,14,3,0,0,3
95.6,18,isocontour,11.283791670955125,33989.88,71.53,-6.6,19.7,0.987,-0.3,-1.3,1.3,11.5,-14.7,1.12,14,3,0,0,3
95.6,19,isocontour,11.283791670955125,30043.11,63.22,-20.6,-1.8,0.995,-0.1,-3.0,3.0,11.5,-14.7,1.12,14,3,0,0,3
95.6,20,isocontour,11.283791670955125,31249.26,65.76,10.5,-18.1,0.979,2.5,-1.2,2.8,11.5,-14.7,1.12,14,2,0,0,2
95.6,21,isocontour,11.283791670955125,30690.62,64.58,-4.1,-18.5,1.097,-0.6,0.5,0.8,11.5,-14.7,1.12,14,2,0,0,2
95.6,22,isocontour,11.283791670955125,33111.58,69.68,-18.5,-10.1,0.97,1.8,-1.2,2.2,11.5,-14.7,1.12,14,3,0,0,3
95.6,23,isocontour,11.283791670955125,33443.62,70.38,-19.8,6.4,0.986,-1.8,-1.2,2.2,11.5,-14.7,1.12,14,3,0,0,3
95.6,24,isocontour,11.283791670955125,31452.37,66.19,4.1,-20.5,0.981,2.8,0.9,2.9,11.5,-14.7,1.12,14,3,0,0,3
95.6,25,isocontour,11.283791670955125,30932.16,65.09,-13.1,14.2,1.071,-2.0,-0.6,2.1,11.5,-14.7,1.12,14,3,0,0,3
95.6,Target,,,,,0.0,0.0,4.023,0.0,0.0,,,,,,,,,
95.7,1,isocontour,11.283791670955125,28579.66,60.14,17.7,10.7,0.994,-2.2,1.3,2.6,11.5,-14.7,1.12,14,7,0,0,7
95.7,2,isocontour,11.283791670955125,27481.71,57.83,9.1,19.0,0.974,2.1,-1.8,2.8,11.5,-14.7,1.12,14,3,0,0,3
95.7,3,isocontour,11.283791670955125,28049.62,59.03,14.9,14.3,0.997,-1.0,2.5,2.7,11.5,-14.7,1.12,14,6,0,0,6
95.7,4,isocontour,11.283791670955125,32774.19,68.97,18.7,9.2,0.988,-1.2,0.0,1.2,11.5,-14.7,1.12,14,7,0,0,7
95.7,5,isocontour,11.283791670955125,30672.49,64.55,18.5,7.7,1.032,-0.4,2.2,2.2,11.5,-14.7,1.12,14,7,0,0,7
95.7,6,isocontour,11.283791670955125,32769.63,68.96,18.8,2.1,1.099,0.3,2.5,2.5,11.5,-14.7,1.12,14,7,0,0,7
95.7,7,isocontour,11.283791670955125,30650.07,64.5,-14.0,15.4,0.989,-1.8,1.4,2.3,11.5,-14.7,1.12,14,3,0,0,3
95.7,8,isocontour,11.283791670955125,32593.11,68.59,19.4,2.0,1.06,1.5,2.1,2.6,11.5,-14.7,1.12,14,7,0,0,7
95.7,9,isocontour,11.283791670955125,30960.24,65.15,19.7,7.1,0.979,-1.1,0.3,1.1,11.5,-14.7,1.12,14,7,0,0,7
95.7,10,isocontour,11.283791670955125,30794.2,64.8,18.6,-7.2,1.037,0.9,2.6,2.8,11.5,-14.7,1.12,14,3,0,0,3
95.7,11,isocontour,11.283791670955125,32321.72,68.02,-16.4,-9.5,1.093,1.0,-2.6,2.8,11.5,-14.7,1.12,14,3,0,0,3
95.7,12,isocontour,11.283791670955125,30140.8,63.43,-12.4,-16.6,0.995,-0.6,0.4,0.7,11.5,-14.7,1.12,14,3,0,0,3
95.7,13,isocontour,11.283791670955125,28381.05,59.72,20.7,0.4,0.992,-0.2,-1.1,1.1,11.5,-14.7,1.12,14,7,0,0,7
95.7,14,isocontour,11.283791670955125,30697.88,64.6,10.0,-16.3,1.085,-0.5,-1.9,2.0,11.5,-14.7,1.12,14,2,0,0,2
95.7,15,isocontour,11.283791670955125,28103.23,59.14,0.7,20.7,0.992,1.1,-0.0,1.1,11.5,-14.7,1.12,14,3,0,0,3
95.7,16,isocontour,11.283791670955125,46369.34,97.58,-24.8,21.3,0.52,0.7,-0.6,0.9,-24.8,21.3,0.518,16,0,0,0,0
95.7,17,isocontour,11.283791670955125,28307.17,59.57,8.5,17.4,1.068,0.8,-1.4,1.6,11.5,-14.7,1.12,14,3,0,0,3
95.7,18,isocontour,11.283791670955125,33959.05,71.46,-6.9,19.6,0.991,-2.4,-1.5,2.8,11.5,-14.7,1.12,14,3,0,0,3
95.7,19,isocontour,11.283791670955125,30010.33,63.15,-20.6,-2.1,0.994,0.3,-2.9,2.9,11.5,-14.7,1.12,14,3,0,0,3
95.7,20,isocontour,11.283791670955125,31242.45,65.75,10.6,-18.3,0.969,0.7,-1.6,1.7,11.5,-14.7,1.12,14,2,0,0,2
95.7,21,isocontour,11.283791670955125,30689.22,64.58,-4.2,-18.4,1.1,-0.8,0.7,1.1,11.5,-14.7,1.12,14,2,0,0,2
95.7,22,isocontour,11.283791670955125,33082.31,69.62,-18.3,-10.1,0.984,2.7,0.9,2.8,11.5,-14.7,1.12,14,3,0,0,3
95.7,23,isocontour,11.283791670955125,33415.56,70.32,-19.7,6.6,0.988,1.5,2.4,2.8,11.5,-14.7,1.12,14,3,0,0,3
95.7,24,isocontour,11.283791670955125,31442.67,66.17,4.2,-20.3,0.989,0.5,1.9,2.0,11.5,-14.7,1.12,14,3,0,0,3
95.7,25,isocontour,11.283791670955125,30919.74,65.07,-13.3,14.3,1.06,-1.8,1.2,2.2,11.5,-14.7,1.12,14,3,0,0,3
95.7,Target,,,,,0.0,0.0,4.023,0.0,0.0,,,,,,,,,
95.8,1,isocontour,11.283791670955125,28579.25,60.14,17.7,10.8,0.994,-0.1,0.7,0.7,11.5,-14.7,1.12,14,7,0,0,7
95.8,2,isocontour,11.283791670955125,27479.34,57.83,9.2,18.8,0.979,0.4,-1.2,1.3,11.5,-14.7,1.12,14,3,0,0,3
95.8,3,isocontour,11.283791670955125,27991.7,58.91,14.8,14.6,0.988,-0.8,3.5,3.6,11.5,-14.7,1.12,14,6,0,0,6
95.8,4,isocontour,11.283791670955125,32753.94,68.93,18.5,9.3,0.994,-2.0,1.5,2.5,11.5,-14.7,1.12,14,7,0,0,7
95.8,5,isocontour,11.283791670955125,30650.25,64.5,18.4,8.0,1.032,-1.2,2.3,2.6,11.5,-14.7,1.12,14,7,0,0,7
95.8,6,isocontour,11.283791670955125,32769.19,68.96,18.8,2.2,1.099,-0.1,0.7,0.7,11.5,-14.7,1.12,14,7,0,0,7
95.8,7,isocontour,11.283791670955125,30646.79,64.49,-14.1,15.5,0.981,-0.9,1.0,1.3,11.5,-14.7,1.12,14,3,0,0,3
95.8,8,isocontour,11.283791670955125,32567.66,68.53,19.4,2.2,1.06,-0.5,2.7,2.7,11.5,-14.7,1.12,14,7,0,0,7
95.8,9,isocontour,11.283791670955125,30936.7,65.1,19.6,7.2,0.984,-1.7,2.0,2.6,11.5,-14.7,1.12,14,7,0,0,7
95.8,10,isocontour,11.283791670955125,30793.27,64.8,18.6,-7.1,1.037,0.3,0.8,0.9,11.5,-14.7,1.12,14,3,0,0,3
95.8,11,isocontour,11.283791670955125,32296.27,67.96,-16.4,-9.8,1.085,-0.3,-2.7,2.7,11.5,-14.7,1.12,14,3,0,0,3
95.8,12,isocontour,11.283791670955125,30123.51,63.39,-12.5,-16.7,0.984,-1.9,-1.4,2.4,11.5,-14.7,1.12,14,3,0,0,3
95.8,13,isocontour,11.283791670955125,28351.78,59.66,20.9,0.2,0.985,1.6,-2.4,2.9,11.5,-14.7,1.12,14,7,0,0,7
95.8,14,isocontour,11.283791670955125,30676.9,64.56,9.9,-16.4,1.083,-2.1,-1.4,2.5,11.5,-14.7,1.12,14,2,0,0,2
95.8,15,isocontour,11.283791670955125,28061.44,59.05,1.0,20.8,0.986,2.9,1.3,3.2,11.5,-14.7,1.12,14,3,0,0,3
95.8,16,isocontour,11.283791670955125,46368.24,97.58,-24.8,21.2,0.52,-0.5,-0.8,0.9,-24.8,21.2,0.52,16,0,0,0,0
95.8,17,isocontour,11.283791670955125,28272.01,59.49,8.8,17.3,1.07,2.6,-1.6,3.1,11.5,-14.7,1.12,14,3,0,0,3
95.8,18,isocontour,11.283791670955125,33933.87,71.41,-7.1,19.5,0.993,-2.4,-1.3,2.7,11.5,-14.7,1.12,14,3,0,0,3
95.8,19,isocontour,11.283791670955125,29987.05,63.1,-20.6,-1.9,0.994,-0.4,2.6,2.6,11.5,-14.7,1.12,14,3,0,0,3
95.8,20,isocontour,11.283791670955125,31240.75,65.74,10.5,-18.3,0.972,-1.0,0.3,1.0,11.5,-14.7,1.12,14,2,0,0,2
95.8,21,isocontour,11.283791670955125,30688.28,64.58,-4.3,-18.4,1.101,-0.8,0.4,0.9,11.5,-14.7,1.12,14,2,0,0,2
95.8,22,isocontour,11.283791670955125,33063.01,69.58,-18.0,-10.1,0.994,2.3,-0.9,2.5,11.5,-14.7,1.12,14,3,0,0,3
95.8,23,isocontour,11.283791670955125,33410.54,70.31,-19.6,6.6,0.996,1.5,-0.5,1.6,11.5,-14.7,1.12,14,3,0,0,3
95.8,24,isocontour,11.283791670955125,31428.99,66.14,4.3,-20.1,1.0,0.5,2.1,2.2,11.5,-14.7,1.12,14,3,0,0,3
95.8,25,isocontour,11.283791670955125,30892.57,65.01,-13.1,14.3,1.067,2.8,0.1,2.8,11.5,-14.7,1.12,14,3,0,0,3
95.8,Target,,,,,0.0,0.0,4.023,0.0,0.0,,,,,,,,,
95.9,1,isocontour,11.283791670955125,28555.17,60.09,17.5,11.0,0.994,-1.5,2.2,2.7,11.5,-14.7,1.12,14,8,0,0,8
95.9,2,isocontour,11.283791670955125,27461.39,57.79,9.0,18.7,0.99,-1.8,-1.6,2.4,11.5,-14.7,1.12,14,3,0,0,3
95.9,3,isocontour,11.283791670955125,27991.43,58.9,14.8,14.7,0.988,-0.0,-0.6,0.6,11.5,-14.7,1.12,14,6,0,0,6
95.9,4,isocontour,11.283791670955125,32720.83,68.86,18.5,9.1,0.998,0.7,-2.9,3.0,11.5,-14.7,1.12,14,7,0,0,7
95.9,5,isocontour,11.283791670955125,30648.89,64.5,18.3,8.1,1.034,-0.7,0.7,1.0,11.5,-14.7,1.12,14,7,0,0,7
95.9,6,isocontour,11.283791670955125,32748.21,68.91,18.8,2.4,1.096,0.1,2.5,2.5,11.5,-14.7,1.12,14,7,0,0,7
95.9,7,isocontour,11.283791670955125,30628.17,64.45,-14.0,15.3,0.99,0.7,-2.3,2.4,11.5,-14.7,1.12,14,3,0,0,3
95.9,8,isocontour,11.283791670955125,32566.75,68.53,19.4,2.3,1.062,-0.5,0.8,0.9,11.5,-14.7,1.12,14,7,0,0,7
95.9,9,isocontour,11.283791670955125,30934.15,65.1,19.4,7.3,0.99,-1.2,0.2,1.2,11.5,-14.7,1.12,14,7,0,0,7
95.9,10,isocontour,11.283791670955125,30791.47,64.8,18.6,-7.0,1.04,-0.2,1.1,1.1,11.5,-14.7,1.12,14,3,0,0,3
95.9,11,isocontour,11.283791670955125,32274.03,67.92,-16.6,-9.7,1.081,-1.7,2.0,2.6,11.5,-14.7,1.12,14,3,0,0,3
95.9,12,isocontour,11.283791670955125,30111.09,63.37,-12.7,-16.6,0.982,-1.8,1.2,2.2,11.5,-14.7,1.12,14,3,0,0,3
95.9,13,isocontour,11.283791670955125,28351.02,59.66,20.9,0.1,0.982,0.5,-0.7,0.9,11.5,-14.7,1.12,14,7,0,0,7
95.9,14,isocontour,11.283791670955125,30676.47,64.55,9.8,-16.5,1.083,-0.6,-0.3,0.7,11.5,-14.7,1.12,14,2,0,0,2
95.9,15,isocontour,11.283791670955125,28044.59,59.02,0.8,20.9,0.983,-2.3,0.4,2.3,11.5,-14.7,1.12,14,3,0,0,3
95.9,16,isocontour,11.283791670955125,46367.14,97.57,-24.7,21.1,0.523,0.7,-0.6,0.9,-24.7,21.1,0.52,16,0,0,0,0
95.9,17,isocontour,11.283791670955125,28244.25,59.44,9.0,17.2,1.071,2.4,-1.4,2.8,11.5,-14.7,1.12,14,4,0,0,4
95.9,18,isocontour,11.283791670955125,33928.37,71.4,-7.1,19.6,0.987,0.1,1.6,1.6,11.5,-14.7,1.12,14,3,0,0,3
95.9,19,isocontour,11.283791670955125,29974.63,63.08,-20.8,-1.9,0.984,-2.1,0.5,2.2,11.5,-14.7,1.12,14,3,0,0,3
95.9,20,isocontour,11.283791670955125,31237.32,65.74,10.4,-18.2,0.977,-1.3,0.5,1.4,11.5,-14.7,1.12,14,2,0,0,2
95.9,21,isocontour,11.283791670955125,30686.84,64.58,-4.2,-18.4,1.102,1.0,-0.1,1.0,11.5,-14.7,1.12,14,2,0,0,2
95.9,22,isocontour,11.283791670955125,33060.69,69.57,-18.0,-10.2,0.993,0.1,-1.2,1.2,11.5,-14.7,1.12,14,3,0,0,3
95.9,23,isocontour,11.283791670955125,33383.38,70.25,-19.5,6.8,0.994,0.2,2.8,2.8,11.5,-14.7,1.12,14,3,0,0,3
95.9,24,isocontour,11.283791670955125,31427.67,66.14,4.4,-20.1,1.001,1.0,0.1,1.0,11.5,-14.7,1.12,14,3,0,0,3
95.9,25,isocontour,11.283791670955125,30890.62,65.01,-13.1,14.2,1.072,-0.1,-1.1,1.1,11.5,-14.7,1.12,14,3,0,0,3
95.9,Target,,,,,0.0,0.0,4.023,0.0,0.0,,,,,,,,,
96.0,1,isocontour,11.283791670955125,28508.54,59.99,17.3,11.2,0.997,-2.1,2.5,3.3,17.3,11.2,0.994,1,7,0,0,7
96.0,2,isocontour,11.283791670955125,27459.74,57.79,8.9,18.6,0.996,-0.9,-0.7,1.1,8.9,18.6,0.99,2,3,0,0,3
96.0,3,isocontour,11.283791670955125,27977.0,58.87,14.8,14.5,0.996,0.0,-2.2,2.2,14.8,14.5,0.988,3,6,0,0,6
96.0,4,isocontour,11.283791670955125,32719.03,68.85,18.6,9.0,0.998,0.6,-0.9,1.1,18.6,9.0,0.998,4,7,0,0,7
96.0,5,isocontour,11.283791670955125,30629.11,64.46,18.3,8.3,1.029,0.2,2.5,2.5,18.3,8.3,1.034,5,7,0,0,7
96.0,6,isocontour,11.283791670955125,32747.74,68.91,18.8,2.5,1.097,-0.2,0.7,0.7,18.8,2.5,1.096,6,7,0,0,7
96.0,7,isocontour,11.283791670955125,30625.91,64.45,-14.0,15.2,0.996,-0.1,-1.2,1.2,-14.0,15.2,0.99,7,3,0,0,3
96.0,8,isocontour,11.283791670955125,32542.13,68.48,19.3,2.6,1.062,-0.4,2.7,2.7,19.3,2.6,1.062,8,7,0,0,7
96.0,9,isocontour,11.283791670955125,30925.85,65.08,19.4,7.1,0.995,-0.1,-1.9,1.9,19.4,7.1,0.99,9,7,0,0,7
96.0,10,isocontour,11.283791670955125,30767.66,64.75,18.6,-6.8,1.044,0.1,2.6,2.6,18.6,-6.8,1.04,10,3,0,0,3
96.0,11,isocontour,11.283791670955125,32263.58,67.89,-16.8,-9.6,1.076,-1.7,1.1,2.0,-16.8,-9.6,1.081,11,3,0,0,3
96.0,12,isocontour,11.283791670955125,30098.67,63.34,-12.7,-16.4,0.989,-0.1,2.1,2.1,-12.7,-16.4,0.982,12,3,0,0,3
96.0,13,isocontour,11.283791670955125,28349.45,59.66,20.9,0.2,0.985,-0.7,0.8,1.1,20.9,0.2,0.982,13,6,0,0,6
96.0,14,isocontour,11.283791670955125,30671.82,64.55,9.6,-16.5,1.088,-1.5,0.1,1.5,9.6,-16.5,1.083,14,2,0,0,2
96.0,15,isocontour,11.283791670955125,28038.35,59.0,0.8,20.7,0.991,0.4,-1.6,1.6,0.8,20.7,0.983,15,3,0,0,3
96.0,16,isocontour,11.283791670955125,46366.04,97.57,-24.7,21.1,0.524,0.9,0.2,0.9,-24.7,21.1,0.523,16,0,0,0,0
96.0,17,isocontour,11.283791670955125,28229.82,59.41,9.1,17.0,1.077,1.1,-2.0,2.3,9.1,17.0,1.071,17,4,0,0,4
96.0,18,isocontour,11.283791670955125,33923.25,71.39,-7.2,19.6,0.981,-1.5,0.3,1.5,-7.2,19.6,0.987,18,3,0,0,3
96.0,19,isocontour,11.283791670955125,29962.55,63.05,-20.6,-1.9,0.992,2.0,-0.7,2.1,-20.6,-1.9,0.984,19,3,0,0,3
96.0,20,isocontour,11.283791670955125,31216.34,65.69,10.2,-18.2,0.985,-2.5,0.3,2.5,10.2,-18.2,0.977,20,2,0,0,2
96.0,21,isocontour,11.283791670955125,30685.32,64.57,-4.1,-18.4,1.102,1.0,-0.3,1.0,-4.1,-18.4,1.102,21,2,0,0,2
96.0,22,isocontour,11.283791670955125,33041.38,69.53,-18.1,-10.1,0.99,-1.7,1.8,2.5,-18.1,-10.1,0.993,22,3,0,0,3
96.0,23,isocontour,11.283791670955125,33382.17,70.25,-19.5,6.8,0.995,0.1,-1.0,1.0,-19.5,6.8,0.994,23,3,0,0,3
96.0,24,isocontour,11.283791670955125,31401.94,66.08,4.2,-20.2,1.0,-2.6,-0.8,2.7,4.2,-20.2,1.001,24,3,0,0,3
96.0,25,isocontour,11.283791670955125,30889.72,65.0,-13.1,14.2,1.074,-0.5,-0.7,0.9,-13.1,14.2,1.072,25,3,0,0,3
96.0,Target,,,,,0.0,0.0,4.023,0.0,0.0,,,,,,,,,
96.1,1,isocontour,11.283791670955125,28496.29,59.97,17.5,11.3,0.987,1.8,1.1,2.1,18.8,2.5,1.097,6,8,0,0,8
96.1,2,isocontour,11.283791670955125,27440.2,57.74,8.9,18.8,0.987,-0.3,2.5,2.5,9.1,17.0,1.077,17,4,0,0,4
96.1,3,isocontour,11.283791670955125,27940.79,58.8,14.6,14.6,0.993,-1.5,2.7,3.1,9.1,17.0,1.077,17,6,0,0,6
96.1,4,isocontour,11.283791670955125,32710.99,68.84,18.7,9.0,0.989,1.6,1.0,1.9,18.8,2.5,1.097,6,7,0,0,7
96.1,5,isocontour,11.283791670955125,30628.35,64.45,18.2,8.4,1.029,-0.6,0.6,0.8,18.8,2.5,1.097,6,7,0,0,7
96.1,6,isocontour,11.283791670955125,32732.93,68.88,18.6,2.6,1.108,-2.2,0.7,2.3,18.6,2.6,1.097,6,7,0,0,7
96.1,7,isocontour,11.283791670955125,30618.5,64.43,-14.0,15.3,0.991,0.4,1.8,1.8,-13.1,14.2,1.074,25,3,0,0,3
96.1,8,isocontour,11.283791670955125,32495.5,68.38,19.5,2.8,1.053,1.5,3.0,3.4,18.8,2.5,1.097,6,7,0,0,7
96.1,9,isocontour,11.283791670955125,30823.48,64.86,19.6,6.8,0.988,2.8,-3.3,4.3,18.8,2.5,1.097,6,7,0,0,7
96.1,10,isocontour,11.283791670955125,30730.38,64.67,18.7,-6.5,1.047,0.6,3.0,3.1,18.8,2.5,1.097,6,3,0,0,3
96.1,11,isocontour,11.283791670955125,32261.74,67.89,-16.9,-9.5,1.071,-1.0,0.5,1.1,-16.9,-9.5,1.081,11,3,0,0,3
96.1,12,isocontour,11.283791670955125,30093.65,63.33,-12.7,-16.2,0.997,0.1,1.6,1.6,-4.1,-18.4,1.102,21,3,0,0,3
96.1,13,isocontour,11.283791670955125,28346.58,59.65,20.8,0.3,0.988,-0.7,1.1,1.3,18.8,2.5,1.097,6,6,0,0,6
96.1,14,isocontour,11.283791670955125,30645.81,64.49,9.4,-16.6,1.088,-2.4,-1.4,2.8,9.4,-16.6,1.088,14,2,0,0,2
96.1,15,isocontour,11.283791670955125,28037.9,59.0,0.8,20.7,0.991,-0.6,0.3,0.7,9.1,17.0,1.077,17,3,0,0,3
96.1,16,isocontour,11.283791670955125,46364.94,97.57,-24.6,21.1,0.527,0.8,-0.5,0.9,-24.6,21.1,0.524,16,0,0,0,0
96.1,17,isocontour,11.283791670955125,28215.58,59.38,9.3,16.8,1.083,1.4,-1.8,2.3,9.3,16.8,1.077,17,4,0,0,4
96.1,18,isocontour,11.283791670955125,33885.61,71.31,-7.5,19.4,0.987,-2.2,-2.2,3.1,-13.1,14.2,1.074,25,3,0,0,3
96.1,19,isocontour,11.283791670955125,29960.29,63.05,-20.6,-2.0,0.992,-0.2,-1.2,1.2,-16.8,-9.6,1.081,11,3,0,0,3
96.1,20,isocontour,11.283791670955125,31186.77,65.63,9.9,-18.2,0.991,-2.8,-0.4,2.8,9.6,-16.5,1.088,14,2,0,0,2
96.1,21,isocontour,11.283791670955125,30679.61,64.56,-4.0,-18.5,1.098,1.2,-1.1,1.6,-4.0,-18.5,1.102,21,2,0,0,2
96.1,22,isocontour,11.283791670955125,32991.75,69.43,-18.3,-9.8,0.992,-1.1,3.2,3.4,-16.8,-9.6,1.081,11,3,0,0,3
96.1,23,isocontour,11.283791670955125,33376.66,70.24,-19.6,6.7,0.99,-1.5,-0.6,1.6,-13.1,14.2,1.074,25,3,0,0,3
96.1,24,isocontour,11.283791670955125,31393.1,66.06,4.1,-20.3,0.992,-0.5,-1.8,1.9,-4.1,-18.4,1.102,21,3,0,0,3
96.1,25,isocontour,11.283791670955125,30871.33,64.96,-13.3,14.1,1.069,-2.3,-0.8,2.4,-13.3,14.1,1.074,25,3,0,0,3
96.1,Target,,,,,0.0,0.0,4.023,0.0,0.0,,,,,,,,,
96.2,1,isocontour,11.283791670955125,28488.51,59.95,17.3,11.4,0.991,-1.8,0.4,1.8,18.6,2.6,1.108,6,7,0,0,7
96.2,2,isocontour,11.283791670955125,27437.06,57.74,8.8,18.8,0.99,-1.3,-0.5,1.4,9.3,16.8,1.083,17,3,0,0,3
96.2,3,isocontour,11.283791670955125,27921.95,58.76,14.5,14.9,0.989,-1.3,2.1,2.5,18.8,2.5,1.097,6,6,0,0,6
96.2,4,isocontour,11.283791670955125,32645.5,68.7,18.7,9.4,0.981,-0.4,3.7,3.7,18.6,2.6,1.108,6,7,0,0,7
96.2,5,isocontour,11.283791670955125,30625.48,64.45,18.1,8.4,1.034,-1.2,0.5,1.3,18.6,2.6,1.108,6,7,0,0,7
96.2,6,isocontour,11.283791670955125,32706.63,68.83,18.6,2.8,1.105,0.4,2.7,2.7,18.6,2.8,1.108,6,7,0,0,7
96.2,7,isocontour,11.283791670955125,30617.26,64.43,-14.1,15.4,0.987,-1.0,0.2,1.0,-13.1,14.2,1.074,25,3,0,0,3
96.2,8,isocontour,11.283791670955125,32468.04,68.32,19.4,3.1,1.054,-1.0,2.6,2.8,18.6,2.6,1.108,6,7,0,0,7
96.2,9,isocontour,11.283791670955125,30817.97,64.85,19.8,6.8,0.979,1.6,0.4,1.6,18.6,2.6,1.108,6,7,0,0,7
96.2,10,isocontour,11.283791670955125,30696.6,64.6,18.7,-6.2,1.051,0.2,3.0,3.0,18.6,2.6,1.108,6,3,0,0,3
96.2,11,isocontour,11.283791670955125,32240.51,67.85,-16.7,-9.6,1.076,2.1,-1.5,2.6,-4.1,-18.4,1.102,21,3,0,0,3
96.2,12,isocontour,11.283791670955125,30062.18,63.26,-12.6,-16.4,0.993,1.6,-2.4,2.9,-4.1,-18.4,1.102,21,3,0,0,3
96.2,13,isocontour,11.283791670955125,28310.73,59.58,20.7,0.6,0.993,-0.8,2.9,3.0,18.6,2.6,1.108,6,6,0,0,6
96.2,14,isocontour,11.283791670955125,30644.49,64.49,9.3,-16.7,1.087,-0.8,-0.7,1.1,-4.1,-18.4,1.102,21,2,0,0,2
96.2,15,isocontour,11.283791670955125,28019.74,58.96,0.6,20.8,0.987,-2.3,0.8,2.4,9.3,16.8,1.083,17,3,0,0,3
96.2,16,isocontour,11.283791670955125,46363.84,97.57,-24.6,21.0,0.528,-0.1,-0.9,0.9,-24.6,21.0,0.527,16,0,0,0,0
96.2,17,isocontour,11.283791670955125,28212.52,59.37,9.4,16.7,1.086,0.9,-1.0,1.3,18.8,2.5,1.097,6,4,0,0,4
96.2,18,isocontour,11.283791670955125,33878.08,71.29,-7.5,19.3,0.995,-0.3,-1.8,1.8,9.1,17.0,1.077,17,3,0,0,3
96.2,19,isocontour,11.283791670955125,29856.49,62.83,-20.7,-1.7,0.989,-0.9,4.3,4.4,-16.8,-9.6,1.081,11,3,0,0,3
96.2,20,isocontour,11.283791670955125,31186.06,65.63,9.9,-18.2,0.993,0.7,0.5,0.9,-4.1,-18.4,1.102,21,2,0,0,2
96.2,21,isocontour,11.283791670955125,30653.31,64.51,-4.2,-18.5,1.098,-2.7,0.7,2.8,-4.2,-18.5,1.102,21,2,0,0,2
96.2,22,isocontour,11.283791670955125,32989.49,69.42,-18.3,-9.9,0.988,-0.6,-1.1,1.3,-4.1,-18.4,1.102,21,3,0,0,3
96.2,23,isocontour,11.283791670955125,33347.7,70.18,-19.4,6.7,1.002,2.7,-0.8,2.8,-16.8,-9.6,1.081,11,3,0,0,3
96.2,24,isocontour,11.283791670955125,31276.68,65.82,3.8,-20.6,0.979,-3.3,-3.1,4.5,-4.1,-18.4,1.102,21,3,0,0,3
96.2,25,isocontour,11.283791670955125,30870.51,64.96,-13.4,14.0,1.068,-0.7,-0.5,0.9,-13.4,14.0,1.074,25,3,0,0,3
96.2,Target,,,,,0.0,0.0,4.023,0.0,0.0,,,,,,,,,
96.3,1,isocontour,11.283791670955125,28488.1,59.95,17.3,11.5,0.99,0.2,0.7,0.7,18.6,2.6,1.108,6,7,0,0,7
96.3,2,isocontour,11.283791670955125,27435.62,57.73,8.7,18.7,0.996,-0.6,-0.8,1.0,18.8,2.5,1.097,6,3,0,0,3
96.3,3,isocontour,11.283791670955125,27919.63,58.75,14.4,14.9,0.993,-1.2,-0.1,1.2,18.6,2.6,1.108,6,6,0,0,6
96.3,4,isocontour,11.283791670955125,32609.29,68.62,18.6,9.2,0.989,-0.5,-3.0,3.0,18.6,2.6,1.108,6,7,0,0,7
96.3,5,isocontour,11.283791670955125,30610.67,64.42,18.2,8.3,1.032,1.3,-1.8,2.2,18.6,2.6,1.108,6,7,0,0,7
96.3,6,isocontour,11.283791670955125,32703.89,68.82,18.7,3.0,1.099,1.0,0.9,1.3,18.6,2.6,1.108,6,7,0,0,7
96.3,7,isocontour,11.283791670955125,30599.76,64.39,-14.2,15.2,0.986,-1.7,-1.6,2.3,-16.8,-9.6,1.081,11,3,0,0,3
96.3,8,isocontour,11.283791670955125,32451.6,68.29,19.3,3.3,1.06,-1.4,1.9,2.4,18.6,2.6,1.108,6,7,0,0,7
96.3,9,isocontour,11.283791670955125,30802.56,64.82,19.7,7.0,0.983,-1.6,1.6,2.3,18.6,2.6,1.108,6,7,0,0,7
96.3,10,isocontour,11.283791670955125,30658.59,64.52,18.8,-5.9,1.052,0.9,3.0,3.1,18.6,2.6,1.108,6,3,0,0,3
96.3,11,isocontour,11.283791670955125,32210.93,67.78,-16.6,-9.9,1.072,0.5,-2.8,2.8,-4.1,-18.4,1.102,21,3,0,0,3
96.3,12,isocontour,11.283791670955125,30034.12,63.2,-12.4,-16.6,0.992,2.2,-1.7,2.8,-4.1,-18.4,1.102,21,3,0,0,3
96.3,13,isocontour,11.283791670955125,28310.14,59.58,20.7,0.5,0.994,-0.2,-0.7,0.7,18.6,2.6,1.108,6,6,0,0,6
96.3,14,isocontour,11.283791670955125,30639.47,64.48,9.3,-16.8,1.08,0.0,-1.6,1.6,-4.1,-18.4,1.102,21,2,0,0,2
96.3,15,isocontour,11.283791670955125,28003.92,58.93,0.4,20.7,0.991,-2.1,-0.9,2.3,18.8,2.5,1.097,6,3,0,0,3
96.3,16,isocontour,11.283791670955125,46362.74,97.56,-24.6,21.1,0.526,-0.5,0.8,0.9,-24.6,21.1,0.528,16,0,0,0,0
96.3,17,isocontour,11.283791670955125,28207.96,59.36,9.5,16.6,1.089,0.9,-1.2,1.5,18.6,2.6,1.108,6,4,0,0,4
96.3,18,isocontour,11.283791670955125,33877.37,71.29,-7.6,19.2,0.994,-0.8,0.1,0.8,9.3,16.8,1.083,17,3,0,0,3
96.3,19,isocontour,11.283791670955125,29832.42,62.78,-20.7,-1.4,0.993,0.7,2.6,2.7,-4.1,-18.4,1.102,21,3,0,0,3
96.3,20,isocontour,11.283791670955125,31164.07,65.58,10.1,-18.3,0.983,2.3,-1.2,2.6,-4.1,-18.4,1.102,21,2,0,0,2
96.3,21,isocontour,11.283791670955125,30652.43,64.5,-4.3,-18.4,1.098,-0.8,0.3,0.9,-4.3,-18.4,1.102,21,2,0,0,2
96.3,22,isocontour,11.283791670955125,32989.01,69.42,-18.3,-9.9,0.99,0.7,-0.1,0.7,-4.1,-18.4,1.102,21,3,0,0,3
96.3,23,isocontour,11.283791670955125,33346.8,70.17,-19.4,6.7,1.005,0.5,0.8,0.9,-16.8,-9.6,1.081,11,3,0,0,3
96.3,24,isocontour,11.283791670955125,31272.63,65.81,3.8,-20.7,0.973,1.3,-0.6,1.4,-4.1,-18.4,1.102,21,3,0,0,3
96.3,25,isocontour,11.283791670955125,30868.08,64.96,-13.5,14.0,1.066,-1.0,-0.7,1.2,-16.8,-9.6,1.081,11,3,0,0,3
96.3,Target,,,,,0.0,0.0,4.023,0.0,0.0,,,,,,,,,
96.4,1,isocontour,11.283791670955125,28466.87,59.91,17.2,11.6,0.992,-1.8,1.8,2.5,18.6,2.6,1.108,6,8,0,0,8
96.4,2,isocontour,11.283791670955125,27423.88,57.71,8.7,18.9,0.989,-0.6,2.0,2.1,18.6,2.6,1.108,6,4,0,0,4
96.4,3,isocontour,11.283791670955125,27910.51,58.73,14.4,14.7,0.997,0.8,-1.8,2.0,18.6,2.6,1.108,6,6,0,0,6
96.4,4,isocontour,11.283791670955125,32572.37,68.54,18.5,8.9,1.002,-1.5,-2.7,3.1,18.6,2.6,1.108,6,7,0,0,7
96.4,5,isocontour,11.283791670955125,30607.8,64.41,18.1,8.3,1.037,-1.3,0.2,1.3,18.6,2.6,1.108,6,7,0,0,7
96.4,6,isocontour,11.283791670955125,32682.66,68.78,18.7,3.2,1.093,0.5,2.5,2.5,18.6,2.6,1.108,6,7,0,0,7
96.4,7,isocontour,11.283791670955125,30596.96,64.39,-14.3,15.1,0.99,-0.3,-1.3,1.3,9.3,16.8,1.083,17,3,0,0,3
96.4,8,isocontour,11.283791670955125,32450.81,68.29,19.3,3.4,1.06,0.1,0.8,0.8,18.6,2.6,1.108,6,7,0,0,7
96.4,9,isocontour,11.283791670955125,30783.02,64.78,19.5,7.0,0.994,-2.5,0.3,2.5,18.6,2.6,1.108,6,7,0,0,7
96.4,10,isocontour,11.283791670955125,30620.95,64.44,18.9,-5.6,1.052,1.0,2.9,3.1,18.6,2.6,1.108,6,3,0,0,3
96.4,11,isocontour,11.283791670955125,32210.38,67.78,-16.6,-9.9,1.072,-0.1,0.7,0.7,-4.1,-18.4,1.102,21,3,0,0,3
96.4,12,isocontour,11.283791670955125,30027.43,63.19,-12.4,-16.8,0.984,-1.0,-1.4,1.7,-4.1,-18.4,1.102,21,3,0,0,3
96.4,13,isocontour,11.283791670955125,28291.29,59.54,20.7,0.3,0.991,0.8,-2.3,2.4,18.6,2.6,1.108,6,6,0,0,6
96.4,14,isocontour,11.283791670955125,30621.31,64.44,9.1,-16.9,1.078,-2.1,-1.2,2.4,-4.1,-18.4,1.102,21,2,0,0,2
96.4,15,isocontour,11.283791670955125,27994.66,58.91,0.3,20.9,0.984,-0.9,1.7,1.9,18.6,2.6,1.108,6,3,0,0,3
96.4,16,isocontour,11.283791670955125,46361.64,97.56,-24.5,21.1,0.527,0.9,0.3,0.9,-24.5,21.1,0.528,16,0,0,0,0
96.4,17,isocontour,11.283791670955125,28192.55,59.33,9.7,16.6,1.082,2.2,0.5,2.3,18.6,2.6,1.108,6,4,0,0,4
96.4,18,isocontour,11.283791670955125,33864.6,71.26,-7.7,19.4,0.985,-1.7,1.3,2.1,18.8,2.5,1.097,6,3,0,0,3
96.4,19,isocontour,11.283791670955125,29830.47,62.77,-20.7,-1.5,0.993,-0.1,-1.1,1.1,-4.1,-18.4,1.102,21,3,0,0,3
96.4,20,isocontour,11.283791670955125,31157.49,65.57,10.3,-18.2,0.98,1.5,0.8,1.7,-4.1,-18.4,1.102,21,2,0,0,2
96.4,21,isocontour,11.283791670955125,30622.85,64.44,-4.5,-18.4,1.098,-2.8,0.6,2.9,-4.5,-18.4,1.102,21,2,0,0,2
96.4,22,isocontour,11.283791670955125,32971.94,69.39,-18.2,-9.7,1.0,1.2,2.0,2.3,-4.1,-18.4,1.102,21,3,0,0,3
96.4,23,isocontour,11.283791670955125,33220.05,69.91,-19.3,7.1,1.002,0.7,4.6,4.7,-4.1,-18.4,1.102,21,3,0,0,3
96.4,24,isocontour,11.283791670955125,31270.93,65.81,3.9,-20.6,0.977,0.4,1.0,1.1,-4.1,-18.4,1.102,21,3,0,0,3
96.4,25,isocontour,11.283791670955125,30846.6,64.91,-13.6,13.8,1.07,-1.3,-2.2,2.6,9.3,16.8,1.083,17,3,0,0,3
96.4,Target,,,,,0.0,0.0,4.023,0.0,0.0,,,,,,,,,
96.5,1,isocontour,11.283791670955125,28462.22,59.9,17.2,11.8,0.987,0.6,1.4,1.5,18.6,2.6,1.108,6,8,0,0,8
96.5,2,isocontour,11.283791670955125,27423.06,57.71,8.6,19.0,0.984,0.0,0.8,0.8,18.6,2.6,1.108,6,4,0,0,4
96.5,3,isocontour,11.283791670955125,27797.14,58.5,14.3,15.0,0.992,-2.2,3.9,4.5,18.6,2.6,1.108,6,6,0,0,6
96.5,4,isocontour,11.283791670955125,32571.44,68.54,18.6,8.9,1.0,0.9,0.2,0.9,18.6,2.6,1.108,6,7,0,0,7
96.5,5,isocontour,11.283791670955125,30606.83,64.41,18.1,8.3,1.04,-0.7,0.5,0.9,18.6,2.6,1.108,6,7,0,0,7
96.5,6,isocontour,11.283791670955125,32661.43,68.73,18.7,3.4,1.09,-0.1,2.6,2.6,18.6,2.6,1.108,6,7,0,0,7
96.5,7,isocontour,11.283791670955125,30595.01,64.38,-14.3,15.0,0.993,-0.4,-1.1,1.2,-4.1,-18.4,1.102,21,3,0,0,3
96.5,8,isocontour,11.283791670955125,32425.91,68.24,19.2,3.6,1.06,-0.6,2.6,2.7,18.6,2.6,1.108,6,7,0,0,7
96.5,9,isocontour,11.283791670955125,30780.64,64.77,19.5,6.9,0.993,1.0,-0.7,1.2,18.6,2.6,1.108,6,7,0,0,7
96.5,10,isocontour,11.283791670955125,30604.72,64.4,19.0,-5.4,1.047,1.5,1.8,2.3,18.6,2.6,1.108,6,3,0,0,3
96.5,11,isocontour,11.283791670955125,32204.67,67.77,-16.8,-9.9,1.064,-1.4,-0.9,1.7,-4.1,-18.4,1.102,21,3,0,0,3
96.5,12,isocontour,11.283791670955125,30009.04,63.15,-12.7,-16.8,0.976,-2.4,-0.1,2.4,-4.1,-18.4,1.102,21,3,0,0,3
96.5,13,isocontour,11.283791670955125,28188.21,59.32,20.9,-0.1,0.984,1.3,-4.1,4.3,18.6,2.6,1.108,6,6,0,0,6
96.5,14,isocontour,11.283791670955125,30598.81,64.39,8.9,-17.1,1.077,-2.2,-1.4,2.6,-4.1,-18.4,1.102,21,2,0,0,2
96.5,15,isocontour,11.283791670955125,27968.07,58.86,0.5,20.8,0.987,2.5,-1.1,2.7,18.6,2.6,1.108,6,3,0,0,3
96.5,16,isocontour,11.283791670955125,46360.54,97.56,-24.5,21.2,0.527,0.5,0.8,0.9,-24.5,21.2,0.528,16,0,0,0,0
96.5,17,isocontour,11.283791670955125,28179.24,59.3,9.8,16.4,1.084,1.3,-1.7,2.1,18.6,2.6,1.108,6,4,0,0,4
96.5,18,isocontour,11.283791670955125,33863.97,71.26,-7.7,19.4,0.981,0.3,0.7,0.8,18.6,2.6,1.108,6,3,0,0,3
96.5,19,isocontour,11.283791670955125,29825.83,62.76,-20.8,-1.6,0.987,-1.1,-1.1,1.6,-4.1,-18.4,1.102,21,3,0,0,3
96.5,20,isocontour,11.283791670955125,31155.23,65.56,10.2,-18.2,0.985,-1.0,0.7,1.2,-4.1,-18.4,1.102,21,2,0,0,2
96.5,21,isocontour,11.283791670955125,30620.96,64.44,-4.7,-18.3,1.099,-1.1,0.4,1.2,-4.7,-18.3,1.102,21,2,0,0,2
96.5,22,isocontour,11.283791670955125,32937.81,69.31,-18.0,-9.9,1.001,1.4,-2.6,3.0,-4.1,-18.4,1.102,21,3,0,0,3
96.5,23,isocontour,11.283791670955125,33218.26,69.9,-19.3,7.3,0.998,-0.2,1.1,1.1,-4.1,-18.4,1.102,21,3,0,0,3
96.5,24,isocontour,11.283791670955125,31251.39,65.76,4.1,-20.5,0.98,2.3,1.0,2.5,-4.1,-18.4,1.102,21,3,0,0,3
96.5,25,isocontour,11.283791670955125,30837.19,64.89,-13.8,13.7,1.067,-1.7,-0.9,1.9,-4.1,-18.4,1.102,21,3,0,0,3
96.5,Target,,,,,0.0,0.0,4.023,0.0,0.0,,,,,,,,,
96.6,1,isocontour,11.283791670955125,28459.67,59.89,17.3,11.7,0.986,0.7,-1.0,1.2,18.6,2.6,1.108,6,8,0,0,8
96.6,2,isocontour,11.283791670955125,27418.5,57.7,8.7,18.9,0.989,0.4,-1.5,1.6,18.6,2.6,1.108,6,4,0,0,4
96.6,3,isocontour,11.283791670955125,27685.29,58.26,14.1,15.5,0.981,-1.4,4.2,4.4,18.6,2.6,1.108,6,6,0,0,6
96.6,4,isocontour,11.283791670955125,32563.4,68.53,18.7,8.8,0.994,1.6,-0.9,1.8,18.6,2.6,1.108,6,7,0,0,7
96.6,5,isocontour,11.283791670955125,30585.35,64.36,18.2,8.4,1.028,2.2,1.3,2.6,18.6,2.6,1.108,6,7,0,0,7
96.6,6,isocontour,11.283791670955125,32632.16,68.67,18.6,3.6,1.099,-2.1,1.9,2.8,18.6,2.6,1.108,6,7,0,0,7
96.6,7,isocontour,11.283791670955125,30593.65,64.38,-14.3,15.0,0.994,0.8,0.6,1.0,18.6,2.6,1.108,6,3,0,0,3
96.6,8,isocontour,11.283791670955125,32365.04,68.11,19.3,4.0,1.051,1.2,3.4,3.6,18.6,2.6,1.108,6,7,0,0,7
96.6,9,isocontour,11.283791670955125,30691.14,64.59,19.8,6.8,0.979,3.6,-1.9,4.1,18.6,2.6,1.108,6,7,0,0,7
96.6,10,isocontour,11.283791670955125,30596.29,64.39,19.1,-5.2,1.042,1.3,1.4,1.9,18.6,2.6,1.108,6,3,0,0,3
96.6,11,isocontour,11.283791670955125,32192.77,67.75,-17.0,-10.0,1.052,-2.0,-0.5,2.1,-4.1,-18.4,1.102,21,3,0,0,3
96.6,12,isocontour,11.283791670955125,29998.43,63.13,-12.7,-16.6,0.981,-0.1,2.0,2.0,-4.1,-18.4,1.102,21,3,0,0,3
96.6,13,isocontour,11.283791670955125,28187.79,59.32,20.9,-0.1,0.98,0.6,-0.3,0.7,18.6,2.6,1.108,6,6,0,0,6
96.6,14,isocontour,11.283791670955125,30594.85,64.38,8.9,-17.2,1.071,-0.2,-1.4,1.4,-4.1,-18.4,1.102,21,2,0,0,2
96.6,15,isocontour,11.283791670955125,27964.57,58.85,0.6,20.7,0.993,1.0,-1.0,1.4,18.6,2.6,1.108,6,3,0,0,3
96.6,16,isocontour,11.283791670955125,46359.44,97.56,-24.5,21.2,0.525,-0.8,0.4,0.9,-24.5,21.2,0.528,16,0,0,0,0
96.6,17,isocontour,11.283791670955125,28177.08,59.3,9.9,16.4,1.085,1.0,-0.7,1.2,18.6,2.6,1.108,6,4,0,0,4
96.6,18,isocontour,11.283791670955125,33857.27,71.25,-7.7,19.3,0.988,0.0,-1.7,1.7,18.6,2.6,1.108,6,3,0,0,3
96.6,19,isocontour,11.283791670955125,29820.01,62.75,-20.6,-1.6,0.993,1.5,-0.7,1.7,-4.1,-18.4,1.102,21,3,0,0,3
96.6,20,isocontour,11.283791670955125,31152.17,65.56,10.1,-18.1,0.991,-1.3,0.4,1.4,-4.1,-18.4,1.102,21,2,0,0,2
96.6,21,isocontour,11.283791670955125,30595.23,64.38,-4.5,-18.4,1.098,2.6,-0.8,2.7,-4.5,-18.4,1.102,21,2,0,0,2
96.6,22,isocontour,11.283791670955125,32933.07,69.3,-18.1,-10.0,0.994,-1.2,-1.0,1.6,-4.1,-18.4,1.102,21,3,0,0,3
96.6,23,isocontour,11.283791670955125,33175.69,69.81,-19.5,7.1,0.991,-2.4,-2.2,3.3,-4.1,-18.4,1.102,21,3,0,0,3
96.6,24,isocontour,11.283791670955125,31249.86,65.76,4.2,-20.4,0.985,0.4,1.0,1.1,-4.1,-18.4,1.102,21,3,0,0,3
96.6,25,isocontour,11.283791670955125,30835.91,64.89,-13.9,13.6,1.068,-0.4,-0.9,1.0,18.6,2.6,1.108,6,3,0,0,3
96.6,Target,,,,,0.0,0.0,4.023,0.0,0.0,,,,,,,,,
96.7,1,isocontour,11.283791670955125,28458.19,59.89,17.2,11.6,0.99,-0.9,-0.6,1.1,18.6,2.6,1.108,6,8,0,0,8
96.7,2,isocontour,11.283791670955125,27397.27,57.65,8.5,18.8,0.996,-2.5,-0.3,2.5,18.6,2.6,1.108,6,4,0,0,4
96.7,3,isocontour,11.283791670955125,27682.85,58.26,14.2,15.6,0.973,0.9,0.8,1.2,18.6,2.6,1.108,6,6,0,0,6
96.7,4,isocontour,11.283791670955125,32562.08,68.52,18.8,8.8,0.989,0.8,0.6,1.0,18.6,2.6,1.108,6,7,0,0,7
96.7,5,isocontour,11.283791670955125,30582.74,64.36,18.2,8.5,1.027,-0.7,1.0,1.2,18.6,2.6,1.108,6,7,0,0,7
96.7,6,isocontour,11.283791670955125,32631.55,68.67,18.5,3.7,1.101,-0.2,0.7,0.7,18.6,2.6,1.108,6,7,0,0,7
96.7,7,isocontour,11.283791670955125,30591.39,64.38,-14.2,15.1,0.991,0.3,1.2,1.2,18.6,2.6,1.108,6,3,0,0,3
96.7,8,isocontour,11.283791670955125,32364.43,68.11,19.3,4.1,1.049,-0.2,0.7,0.7,18.6,2.6,1.108,6,7,0,0,7
96.7,9,isocontour,11.283791670955125,30690.18,64.58,20.0,6.7,0.973,0.9,-0.1,0.9,18.6,2.6,1.108,6,7,0,0,7
96.7,10,isocontour,11.283791670955125,30591.82,64.38,19.2,-5.1,1.038,0.9,1.2,1.5,18.6,2.6,1.108,6,3,0,0,3
96.7,11,isocontour,11.283791670955125,32171.54,67.7,-17.1,-9.8,1.05,-1.4,2.1,2.5,-4.1,-18.4,1.102,21,3,0,0,3
96.7,12,isocontour,11.283791670955125,29976.7,63.08,-12.8,-16.4,0.985,-1.6,2.0,2.6,-4.1,-18.4,1.102,21,3,0,0,3
96.7,13,isocontour,11.283791670955125,28151.58,59.24,20.9,0.1,0.983,-0.7,3.0,3.1,18.6,2.6,1.108,6,6,0,0,6
96.7,14,isocontour,11.283791670955125,30578.83,64.35,8.8,-17.4,1.06,-0.4,-2.3,2.3,-4.1,-18.4,1.102,21,2,0,0,2
96.7,15,isocontour,11.283791670955125,27964.03,58.85,0.5,20.7,0.994,-0.7,-0.2,0.7,18.6,2.6,1.108,6,3,0,0,3
96.7,16,isocontour,11.283791670955125,46358.34,97.56,-24.5,21.3,0.526,0.9,0.4,1.0,-24.5,21.3,0.528,16,0,0,0,0
96.7,17,isocontour,11.283791670955125,28173.36,59.29,9.9,16.5,1.082,-0.7,1.2,1.4,18.6,2.6,1.108,6,4,0,0,4
96.7,18,isocontour,11.283791670955125,33846.19,71.23,-7.8,19.1,0.996,-0.8,-1.9,2.1,18.6,2.6,1.108,6,3,0,0,3
96.7,19,isocontour,11.283791670955125,29800.7,62.71,-20.8,-1.8,0.984,-2.1,-1.3,2.5,-4.1,-18.4,1.102,21,3,0,0,3
96.7,20,isocontour,11.283791670955125,31149.9,65.55,10.0,-18.1,0.997,-1.1,0.6,1.3,-4.1,-18.4,1.102,21,2,0,0,2
96.7,21,isocontour,11.283791670955125,30570.05,64.33,-4.2,-18.4,1.099,2.7,-0.4,2.7,-4.2,-18.4,1.102,21,2,0,0,2
96.7,22,isocontour,11.283791670955125,32923.67,69.28,-18.2,-10.1,0.984,-1.6,-1.1,1.9,-4.1,-18.4,1.102,21,3,0,0,3
96.7,23,isocontour,11.283791670955125,33164.28,69.79,-19.7,7.2,0.981,-1.6,1.4,2.1,18.6,2.6,1.108,6,3,0,0,3
96.7,24,isocontour,11.283791670955125,31237.09,65.73,4.3,-20.3,0.993,1.1,1.8,2.1,-4.1,-18.4,1.102,21,3,0,0,3
96.7,25,isocontour,11.283791670955125,30811.56,64.84,-14.1,13.5,1.061,-2.6,-0.5,2.6,18.6,2.6,1.108,6,3,0,0,3
96.7,Target,,,,,0.0,0.0,4.023,0.0,0.0,,,,,,,,,
96.8,1,isocontour,11.283791670955125,28455.19,59.88,17.2,11.5,0.992,0.6,-1.2,1.3,18.6,2.6,1.108,6,8,0,0,8
96.8,2,isocontour,11.283791670955125,27381.05,57.62,8.6,18.7,1.001,1.7,-1.6,2.3,18.6,2.6,1.108,6,3,0,0,3
96.8,3,isocontour,11.283791670955125,27667.04,58.22,14.1,15.4,0.982,-1.0,-2.1,2.3,18.6,2.6,1.108,6,6,0,0,6
96.8,4,isocontour,11.283791670955125,32513.75,68.42,18.8,9.1,0.983,-0.5,3.3,3.3,18.6,2.6,1.108,6,7,0,0,7
96.8,5,isocontour,11.283791670955125,30581.64,64.36,18.3,8.6,1.023,0.9,0.2,0.9,18.6,2.6,1.108,6,7,0,0,7
96.8,6,isocontour,11.283791670955125,32610.56,68.62,18.5,4.0,1.098,0.0,2.5,2.5,18.6,2.6,1.108,6,7,0,0,7
96.8,7,isocontour,11.283791670955125,30478.78,64.14,-14.6,15.0,0.982,-4.2,-1.4,4.4,18.6,2.6,1.108,6,3,0,0,3
96.8,8,isocontour,11.283791670955125,32340.35,68.06,19.2,4.3,1.05,-0.7,2.6,2.7,18.6,2.6,1.108,6,7,0,0,7
96.8,9,isocontour,11.283791670955125,30663.88,64.53,19.8,6.9,0.98,-2.3,1.5,2.7,18.6,2.6,1.108,6,7,0,0,7
96.8,10,isocontour,11.283791670955125,30554.18,64.3,19.3,-4.8,1.038,0.8,3.0,3.1,18.6,2.6,1.108,6,3,0,0,3
96.8,11,isocontour,11.283791670955125,32170.8,67.7,-17.2,-9.7,1.049,-0.4,0.7,0.8,-4.1,-18.4,1.102,21,3,0,0,3
96.8,12,isocontour,11.283791670955125,29972.49,63.07,-12.9,-16.3,0.989,-0.5,1.4,1.5,-4.1,-18.4,1.102,21,3,0,0,3
96.8,13,isocontour,11.283791670955125,28148.51,59.24,20.8,0.2,0.987,-0.8,1.0,1.3,18.6,2.6,1.108,6,6,0,0,6
96.8,14,isocontour,11.283791670955125,30574.09,64.34,8.7,-17.5,1.058,-1.3,-0.9,1.6,-4.1,-18.4,1.102,21,2,0,0,2
96.8,15,isocontour,11.283791670955125,27925.29,58.77,0.3,20.8,0.985,-2.4,2.1,3.2,18.6,2.6,1.108,6,3,0,0,3
96.8,16,isocontour,11.283791670955125,46357.24,97.55,-24.5,21.2,0.528,0.2,-0.9,0.9,-24.5,21.2,0.528,16,0,0,0,0
96.8,17,isocontour,11.283791670955125,28154.05,59.25,9.7,16.5,1.084,-2.4,0.7,2.5,18.6,2.6,1.108,6,4,0,0,4
96.8,18,isocontour,11.283791670955125,33843.87,71.22,-7.8,19.2,0.992,-0.1,1.2,1.2,18.6,2.6,1.108,6,3,0,0,3
96.8,19,isocontour,11.283791670955125,29798.5,62.71,-20.8,-1.8,0.985,0.8,-0.9,1.2,18.6,2.6,1.108,6,3,0,0,3
96.8,20,isocontour,11.283791670955125,31130.13,65.51,10.2,-18.0,0.993,2.5,0.3,2.5,-4.1,-18.4,1.102,21,2,0,0,2
96.8,21,isocontour,11.283791670955125,30540.79,64.27,-3.9,-18.5,1.101,2.8,-0.3,2.8,-3.9,-18.5,1.102,21,2,0,0,2
96.8,22,isocontour,11.283791670955125,32915.89,69.27,-18.3,-10.0,0.983,-0.7,1.7,1.8,-4.1,-18.4,1.102,21,3,0,0,3
96.8,23,isocontour,11.283791670955125,33163.57,69.79,-19.6,7.3,0.98,0.5,0.6,0.8,18.6,2.6,1.108,6,3,0,0,3
96.8,24,isocontour,11.283791670955125,31234.09,65.73,4.2,-20.3,0.992,-1.1,-0.7,1.3,-4.1,-18.4,1.102,21,3,0,0,3
96.8,25,isocontour,11.283791670955125,30801.71,64.82,-14.0,13.5,1.065,1.9,0.4,1.9,18.6,2.6,1.108,6,3,0,0,3
96.8,Target,,,,,0.0,0.0,4.023,0.0,0.0,,,,,,,,,
96.9,1,isocontour,11.283791670955125,28450.72,59.87,17.4,11.5,0.988,1.4,-0.5,1.5,18.6,2.6,1.108,6,8,0,0,8
96.9,2,isocontour,11.283791670955125,27327.38,57.51,8.4,18.9,0.993,-2.0,2.8,3.4,18.6,2.6,1.108,6,4,0,0,4
96.9,3,isocontour,11.283791670955125,27662.39,58.21,14.0,15.5,0.983,-1.0,1.2,1.6,18.6,2.6,1.108,6,6,0,0,6
96.9,4,isocontour,11.283791670955125,32475.37,68.34,18.7,8.9,0.99,-0.3,-3.1,3.1,18.6,2.6,1.108,6,7,0,0,7
96.9,5,isocontour,11.283791670955125,30560.41,64.31,18.1,8.7,1.027,-1.9,1.7,2.5,18.6,2.6,1.108,6,7,0,0,7
96.9,6,isocontour,11.283791670955125,32589.58,68.58,18.5,4.2,1.094,0.1,2.5,2.5,18.6,2.6,1.108,6,7,0,0,7
96.9,7,isocontour,11.283791670955125,30477.65,64.14,-14.7,15.0,0.976,-0.9,0.3,0.9,18.6,2.6,1.108,6,3,0,0,3
96.9,8,isocontour,11.283791670955125,32317.07,68.01,19.2,4.6,1.05,-0.5,2.6,2.6,18.6,2.6,1.108,6,7,0,0,7
96.9,9,isocontour,11.283791670955125,30639.53,64.48,19.6,7.0,0.987,-1.9,1.8,2.6,18.6,2.6,1.108,6,7,0,0,7
96.9,10,isocontour,11.283791670955125,30519.37,64.22,19.4,-4.5,1.04,0.2,3.0,3.0,18.6,2.6,1.108,6,3,0,0,3
96.9,11,isocontour,11.283791670955125,32160.19,67.68,-17.0,-9.8,1.056,1.9,-0.6,2.0,18.6,2.6,1.108,6,3,0,0,3
96.9,12,isocontour,11.283791670955125,29963.23,63.05,-13.0,-16.1,0.995,-0.6,1.8,1.9,-4.1,-18.4,1.102,21,3,0,0,3
96.9,13,isocontour,11.283791670955125,28144.63,59.23,20.7,0.3,0.993,-1.1,0.9,1.4,18.6,2.6,1.108,6,6,0,0,6
96.9,14,isocontour,11.283791670955125,30564.54,64.32,8.5,-17.6,1.059,-1.9,-0.6,2.0,-4.1,-18.4,1.102,21,2,0,0,2
96.9,15,isocontour,11.283791670955125,27783.27,58.47,0.7,20.8,0.985,4.8,-0.4,4.8,18.6,2.6,1.108,6,3,0,0,3
96.9,16,isocontour,11.283791670955125,46356.14,97.55,-24.4,21.1,0.53,0.4,-0.9,1.0,-24.4,21.1,0.528,16,0,0,0,0
96.9,17,isocontour,11.283791670955125,28131.82,59.2,9.5,16.7,1.077,-1.2,2.3,2.6,18.6,2.6,1.108,6,4,0,0,4
96.9,18,isocontour,11.283791670955125,33843.02,71.22,-7.8,19.3,0.989,0.5,0.7,0.9,18.6,2.6,1.108,6,3,0,0,3
96.9,19,isocontour,11.283791670955125,29766.38,62.64,-20.7,-2.1,0.99,1.1,-2.7,2.9,18.6,2.6,1.108,6,3,0,0,3
96.9,20,isocontour,11.283791670955125,31042.56,65.33,10.6,-18.0,0.983,4.1,0.1,4.1,-4.1,-18.4,1.102,21,2,0,0,2
96.9,21,isocontour,11.283791670955125,30511.21,64.21,-3.6,-18.5,1.104,2.9,-0.1,2.9,-3.6,-18.5,1.102,21,2,0,0,2
96.9,22,isocontour,11.283791670955125,32885.37,69.2,-18.1,-10.0,0.994,2.8,-0.7,2.9,18.6,2.6,1.108,6,3,0,0,3
96.9,23,isocontour,11.283791670955125,33159.77,69.78,-19.5,7.3,0.986,1.4,0.2,1.4,18.6,2.6,1.108,6,3,0,0,3
96.9,24,isocontour,11.283791670955125,31151.53,65.55,3.9,-20.4,0.988,-3.8,-1.4,4.0,-4.1,-18.4,1.102,21,3,0,0,3
96.9,25,isocontour,11.283791670955125,30779.73,64.77,-13.7,13.6,1.072,2.4,1.0,2.6,18.6,2.6,1.108,6,3,0,0,3
96.9,Target,,,,,0.0,0.0,4.023,0.0,0.0,,,,,,,,,
97.0,1,isocontour,11.283791670955125,28448.23,59.87,17.3,11.4,0.992,-0.8,-1.0,1.3,18.6,2.6,1.108,6,7,0,0,7
97.0,2,isocontour,11.283791670955125,27323.42,57.5,8.5,19.1,0.985,0.6,1.3,1.4,18.6,2.6,1.108,6,3,0,0,3
97.0,3,isocontour,11.283791670955125,27658.51,58.2,14.0,15.4,0.989,-0.2,-1.4,1.4,18.6,2.6,1.108,6,6,0,0,6
97.0,4,isocontour,11.283791670955125,32437.36,68.26,18.8,8.6,0.996,0.3,-3.1,3.1,18.6,2.6,1.108,6,7,0,0,7
97.0,5,isocontour,11.283791670955125,30522.77,64.23,18.2,8.5,1.029,1.1,-2.9,3.1,18.6,2.6,1.108,6,7,0,0,7
97.0,6,isocontour,11.283791670955125,32583.77,68.57,18.6,4.3,1.085,1.5,0.7,1.7,18.6,2.6,1.108,6,7,0,0,7
97.0,7,isocontour,11.283791670955125,30440.0,64.06,-14.5,14.9,0.99,2.5,-1.7,3.0,18.6,2.6,1.108,6,3,0,0,3
97.0,8,isocontour,11.283791670955125,32316.34,68.01,19.2,4.7,1.047,0.3,0.8,0.9,18.6,2.6,1.108,6,7,0,0,7
97.0,9,isocontour,11.283791670955125,30636.32,64.47,19.5,7.0,0.993,-0.8,-1.1,1.4,18.6,2.6,1.108,6,7,0,0,7
97.0,10,isocontour,11.283791670955125,30516.82,64.22,19.4,-4.4,1.041,0.1,1.3,1.3,18.6,2.6,1.108,6,3,0,0,3
97.0,11,isocontour,11.283791670955125,32149.89,67.66,-17.0,-9.9,1.053,0.1,-2.0,2.0,18.6,2.6,1.108,6,3,0,0,3
97.0,12,isocontour,11.283791670955125,29950.63,63.03,-12.9,-16.2,0.991,0.8,-2.0,2.2,18.6,2.6,1.108,6,3,0,0,3
97.0,13,isocontour,11.283791670955125,28142.53,59.22,20.7,0.4,0.995,-0.1,1.2,1.2,18.6,2.6,1.108,6,6,0,0,6
97.0,14,isocontour,11.283791670955125,30548.31,64.29,8.4,-17.8,1.052,-1.0,-2.1,2.3,-4.1,-18.4,1.102,21,2,0,0,2
97.0,15,isocontour,11.283791670955125,27752.76,58.4,1.0,20.7,0.992,2.4,-1.5,2.8,18.6,2.6,1.108,6,3,0,0,3
97.0,16,isocontour,11.283791670955125,46355.04,97.55,-24.4,21.0,0.532,0.6,-0.7,0.9,-24.4,21.0,0.53,16,0,0,0,0
97.0,17,isocontour,11.283791670955125,28129.32,59.19,9.6,16.9,1.07,0.9,0.9,1.3,18.6,2.6,1.108,6,4,0,0,4
97.0,18,isocontour,11.283791670955125,33842.18,71.22,-7.8,19.2,0.99,-0.7,-0.5,0.9,18.6,2.6,1.108,6,3,0,0,3
97.0,19,isocontour,11.283791670955125,29763.57,62.63,-20.6,-2.2,0.994,0.9,-0.9,1.3,18.6,2.6,1.108,6,3,0,0,3
97.0,20,isocontour,11.283791670955125,31039.06,65.32,10.5,-18.1,0.979,-0.9,-1.1,1.4,-4.1,-18.4,1.102,21,2,0,0,2
97.0,21,isocontour,11.283791670955125,30485.76,64.15,-3.8,-18.4,1.104,-2.7,0.4,2.7,-3.8,-18.4,1.104,21,2,0,0,2
97.0,22,isocontour,11.283791670955125,32881.24,69.19,-18.2,-10.0,0.991,-1.3,0.7,1.5,18.6,2.6,1.108,6,3,0,0,3
97.0,23,isocontour,11.283791670955125,33148.68,69.76,-19.4,7.1,0.995,1.1,-1.7,2.0,18.6,2.6,1.108,6,3,0,0,3
97.0,24,isocontour,11.283791670955125,31145.61,65.54,3.7,-20.3,0.995,-1.0,1.3,1.6,-3.6,-18.5,1.104,21,3,0,0,3
97.0,25,isocontour,11.283791670955125,30767.99,64.75,-13.7,13.8,1.068,0.6,2.0,2.1,18.6,2.6,1.108,6,3,0,0,3
97.0,Target,,,,,0.0,0.0,4.023,0.0,0.0,,,,,,,,,
97.1,1,isocontour,11.283791670955125,28446.18,59.86,17.2,11.4,0.996,-1.1,0.5,1.2,18.6,2.6,1.108,6,7,0,0,7
97.1,2,isocontour,11.283791670955125,27318.86,57.49,8.4,19.2,0.982,-1.2,1.0,1.6,18.6,2.6,1.108,6,3,0,0,3
97.1,3,isocontour,11.283791670955125,27655.51,58.2,14.0,15.3,0.994,0.2,-1.3,1.3,18.6,2.6,1.108,6,6,0,0,6
97.1,4,isocontour,11.283791670955125,32432.63,68.25,18.7,8.7,0.999,-1.1,1.1,1.6,18.6,2.6,1.108,6,7,0,0,7
97.1,5,isocontour,11.283791670955125,30492.57,64.17,18.2,8.2,1.033,0.3,-2.9,2.9,18.6,2.6,1.108,6,7,0,0,7
97.1,6,isocontour,11.283791670955125,32582.95,68.57,18.7,4.4,1.08,0.6,0.6,0.8,18.6,2.6,1.108,6,7,0,0,7
97.1,7,isocontour,11.283791670955125,30419.27,64.01,-14.6,14.7,0.996,-1.1,-2.3,2.5,18.6,2.6,1.108,6,3,0,0,3
97.1,8,isocontour,11.283791670955125,32293.84,67.96,19.2,4.9,1.046,-0.4,2.6,2.6,18.6,2.6,1.108,6,7,0,0,7
97.1,9,isocontour,11.283791670955125,30630.92,64.46,19.6,7.1,0.987,1.2,1.1,1.6,18.6,2.6,1.108,6,7,0,0,7
97.1,10,isocontour,11.283791670955125,30482.01,64.15,19.4,-4.1,1.044,0.2,3.0,3.0,18.6,2.6,1.108,6,3,0,0,3
97.1,11,isocontour,11.283791670955125,32146.54,67.65,-17.1,-9.9,1.05,-1.1,0.8,1.4,18.6,2.6,1.108,6,3,0,0,3
97.1,12,isocontour,11.283791670955125,29918.51,62.96,-12.7,-16.5,0.987,1.9,-2.2,2.9,18.6,2.6,1.108,6,3,0,0,3
97.1,13,isocontour,11.283791670955125,28120.29,59.18,20.8,0.3,0.991,1.0,-2.4,2.6,18.6,2.6,1.108,6,6,0,0,6
97.1,14,isocontour,11.283791670955125,30539.33,64.27,8.2,-17.8,1.055,-1.9,0.0,1.9,-3.6,-18.5,1.104,21,2,0,0,2
97.1,15,isocontour,11.283791670955125,27750.66,58.4,1.1,20.7,0.993,1.2,-0.1,1.2,18.6,2.6,1.108,6,3,0,0,3
97.1,16,isocontour,11.283791670955125,46353.94,97.55,-24.4,21.0,0.533,-0.7,-0.6,0.9,-24.4,21.0,0.532,16,0,0,0,0
97.1,17,isocontour,11.283791670955125,28097.53,59.13,9.8,16.7,1.071,2.3,-1.9,3.0,18.6,2.6,1.108,6,4,0,0,4
97.1,18,isocontour,11.283791670955125,33830.44,71.19,-7.8,19.1,1.0,0.7,-2.0,2.1,18.6,2.6,1.108,6,3,0,0,3
97.1,19,isocontour,11.283791670955125,29747.35,62.6,-20.7,-2.4,0.987,-1.5,-1.8,2.3,18.6,2.6,1.108,6,3,0,0,3
97.1,20,isocontour,11.283791670955125,31036.38,65.31,10.4,-18.1,0.982,-1.3,-0.1,1.3,-3.6,-18.5,1.104,21,2,0,0,2
97.1,21,isocontour,11.283791670955125,30450.6,64.08,-3.6,-18.5,1.105,3.0,-0.3,3.0,18.6,2.6,1.108,6,2,0,0,2
97.1,22,isocontour,11.283791670955125,32818.34,69.06,-18.5,-10.0,0.975,-3.6,-0.4,3.6,18.6,2.6,1.108,6,3,0,0,3
97.1,23,isocontour,11.283791670955125,33147.16,69.75,-19.4,7.2,0.996,0.4,1.0,1.1,18.6,2.6,1.108,6,3,0,0,3
97.1,24,isocontour,11.283791670955125,31145.2,65.54,3.8,-20.3,0.996,0.7,0.1,0.7,-3.6,-18.5,1.104,21,3,0,0,3
97.1,25,isocontour,11.283791670955125,30751.13,64.71,-13.8,13.7,1.065,-2.0,-1.3,2.4,18.6,2.6,1.108,6,3,0,0,3
97.1,Target,,,,,0.0,0.0,4.023,0.0,0.0,,,,,,,,,
97.2,1,isocontour,11.283791670955125,28444.48,59.86,17.2,11.5,0.993,0.3,1.1,1.1,18.6,2.6,1.108,6,7,0,0,7
97.2,2,isocontour,11.283791670955125,27305.0,57.46,8.3,19.0,0.992,-1.1,-1.9,2.2,18.6,2.6,1.108,6,3,0,0,3
97.2,3,isocontour,11.283791670955125,27640.1,58.17,13.9,15.4,0.989,-0.7,2.2,2.3,18.6,2.6,1.108,6,6,0,0,6
97.2,4,isocontour,11.283791670955125,32388.87,68.16,18.9,8.8,0.985,2.6,2.0,3.3,18.6,2.6,1.108,6,7,0,0,7
97.2,5,isocontour,11.283791670955125,30489.07,64.16,18.2,8.3,1.036,-0.9,1.1,1.4,18.6,2.6,1.108,6,7,0,0,7
97.2,6,isocontour,11.283791670955125,32565.01,68.53,18.7,4.6,1.08,-0.7,2.3,2.4,18.6,2.6,1.108,6,7,0,0,7
97.2,7,isocontour,11.283791670955125,30417.83,64.01,-14.6,14.7,0.993,0.1,1.0,1.0,18.6,2.6,1.108,6,3,0,0,3
97.2,8,isocontour,11.283791670955125,32293.05,67.96,19.1,5.0,1.047,-0.5,0.7,0.9,18.6,2.6,1.108,6,7,0,0,7
97.2,9,isocontour,11.283791670955125,30605.46,64.41,19.7,7.3,0.978,1.0,2.5,2.7,18.6,2.6,1.108,6,8,0,0,8
97.2,10,isocontour,11.283791670955125,30444.37,64.07,19.4,-3.8,1.045,0.5,3.0,3.0,18.6,2.6,1.108,6,4,0,0,4
97.2,11,isocontour,11.283791670955125,32142.82,67.64,-17.0,-9.8,1.056,0.8,1.2,1.4,18.6,2.6,1.108,6,3,0,0,3
97.2,12,isocontour,11.283791670955125,29904.65,62.93,-12.6,-16.4,0.996,1.9,1.1,2.2,18.6,2.6,1.108,6,3,0,0,3
97.2,13,isocontour,11.283791670955125,28012.88,58.95,20.9,-0.1,0.984,1.2,-4.2,4.4,18.6,2.6,1.108,6,6,0,0,6
97.2,14,isocontour,11.283791670955125,30507.86,64.2,8.0,-17.9,1.054,-2.6,-1.4,3.0,-3.6,-18.5,1.104,21,2,0,0,2
97.2,15,isocontour,11.283791670955125,27749.75,58.4,1.1,20.7,0.991,-0.7,0.5,0.9,18.6,2.6,1.108,6,3,0,0,3
97.2,16,isocontour,11.283791670955125,46352.84,97.54,-24.4,20.9,0.533,-0.3,-0.9,0.9,-24.4,20.9,0.533,16,0,0,0,0
97.2,17,isocontour,11.283791670955125,28070.36,59.07,10.0,16.6,1.07,2.5,-1.2,2.8,18.6,2.6,1.108,6,4,0,0,4
97.2,18,isocontour,11.283791670955125,33812.05,71.15,-7.9,19.2,0.99,-0.9,2.3,2.5,18.6,2.6,1.108,6,3,0,0,3
97.2,19,isocontour,11.283791670955125,29630.15,62.35,-20.7,-2.0,0.987,-0.1,4.5,4.5,18.6,2.6,1.108,6,3,0,0,3
97.2,20,isocontour,11.283791670955125,31006.18,65.25,10.2,-18.1,0.988,-2.9,-0.0,2.9,-3.6,-18.5,1.104,21,2,0,0,2
97.2,21,isocontour,11.283791670955125,30447.67,64.07,-3.5,-18.5,1.108,1.3,0.2,1.3,18.6,2.6,1.108,6,2,0,0,2
97.2,22,isocontour,11.283791670955125,32812.94,69.05,-18.4,-10.1,0.975,1.3,-1.0,1.6,18.6,2.6,1.108,6,3,0,0,3
97.2,23,isocontour,11.283791670955125,33145.59,69.75,-19.4,7.2,0.993,-0.9,-0.6,1.1,18.6,2.6,1.108,6,3,0,0,3
97.2,24,isocontour,11.283791670955125,31138.16,65.53,3.7,-20.5,0.988,-0.3,-1.7,1.7,18.6,2.6,1.108,6,3,0,0,3
97.2,25,isocontour,11.283791670955125,30732.97,64.67,-13.6,13.8,1.071,2.4,0.6,2.5,18.6,2.6,1.108,6,3,0,0,3
97.2,Target,,,,,0.0,0.0,4.023,0.0,0.0,,,,,,,,,
97.3,1,isocontour,11.283791670955125,28427.19,59.82,17.2,11.7,0.987,-0.2,2.4,2.4,18.6,2.6,1.108,6,7,0,0,7
97.3,2,isocontour,11.283791670955125,27300.07,57.45,8.4,19.0,0.99,1.6,0.2,1.6,18.6,2.6,1.108,6,3,0,0,3
97.3,3,isocontour,11.283791670955125,27633.96,58.15,13.8,15.5,0.989,-1.3,1.0,1.6,18.6,2.6,1.108,6,6,0,0,6
97.3,4,isocontour,11.283791670955125,32377.78,68.14,18.9,9.1,0.98,-0.4,2.0,2.0,18.6,2.6,1.108,6,7,0,0,7
97.3,5,isocontour,11.283791670955125,30488.67,64.16,18.1,8.3,1.036,-0.3,0.6,0.7,18.6,2.6,1.108,6,7,0,0,7
97.3,6,isocontour,11.283791670955125,32544.02,68.48,18.7,4.8,1.076,0.2,2.5,2.5,18.6,2.6,1.108,6,7,0,0,7
97.3,7,isocontour,11.283791670955125,30404.15,63.98,-14.7,14.9,0.983,-1.1,1.9,2.2,18.6,2.6,1.108,6,3,0,0,3
97.3,8,isocontour,11.283791670955125,32273.04,67.91,19.1,5.2,1.045,-0.2,2.5,2.5,18.6,2.6,1.108,6,7,0,0,7
97.3,9,isocontour,11.283791670955125,30599.11,64.39,19.6,7.3,0.984,-1.7,-0.1,1.7,18.6,2.6,1.108,6,8,0,0,8
97.3,10,isocontour,11.283791670955125,30406.72,63.99,19.5,-3.5,1.047,0.1,3.1,3.1,18.6,2.6,1.108,6,4,0,0,4
97.3,11,isocontour,11.283791670955125,32140.61,67.64,-16.9,-9.8,1.06,1.0,-0.7,1.2,18.6,2.6,1.108,6,3,0,0,3
97.3,12,isocontour,11.283791670955125,29902.7,62.93,-12.4,-16.4,1.0,1.1,-0.4,1.2,18.6,2.6,1.108,6,3,0,0,3
97.3,13,isocontour,11.283791670955125,28012.6,58.95,20.9,-0.2,0.981,0.3,-0.5,0.6,18.6,2.6,1.108,6,6,0,0,6
97.3,14,isocontour,11.283791670955125,30489.01,64.16,7.9,-18.1,1.046,-1.1,-2.2,2.5,18.6,2.6,1.108,6,2,0,0,2
97.3,15,isocontour,11.283791670955125,27637.9,58.16,0.7,20.8,0.988,-4.4,0.7,4.5,18.6,2.6,1.108,6,3,0,0,3
97.3,16,isocontour,11.283791670955125,46351.74,97.54,-24.5,20.8,0.535,-0.1,-0.9,0.9,-24.5,20.8,0.533,16,0,0,0,0
97.3,17,isocontour,11.283791670955125,28066.63,59.06,10.1,16.5,1.073,0.8,-1.2,1.4,18.6,2.6,1.108,6,4,0,0,4
97.3,18,isocontour,11.283791670955125,33808.16,71.15,-7.8,19.1,0.995,0.6,-1.3,1.4,18.6,2.6,1.108,6,3,0,0,3
97.3,19,isocontour,11.283791670955125,29601.49,62.29,-20.7,-1.7,0.992,0.7,2.7,2.8,18.6,2.6,1.108,6,3,0,0,3
97.3,20,isocontour,11.283791670955125,30991.37,65.22,10.0,-18.0,0.999,-1.8,1.3,2.2,18.6,2.6,1.108,6,2,0,0,2
97.3,21,isocontour,11.283791670955125,30446.43,64.07,-3.5,-18.4,1.111,-0.7,0.7,1.0,18.6,2.6,1.108,6,2,0,0,2
97.3,22,isocontour,11.283791670955125,32809.06,69.04,-18.4,-10.2,0.976,0.9,-1.1,1.4,18.6,2.6,1.108,6,3,0,0,3
97.3,23,isocontour,11.283791670955125,33123.35,69.7,-19.5,6.9,0.994,-0.7,-2.5,2.6,18.6,2.6,1.108,6,3,0,0,3
97.3,24,isocontour,11.283791670955125,31133.69,65.52,3.9,-20.5,0.984,1.5,-0.2,1.5,18.6,2.6,1.108,6,3,0,0,3
97.3,25,isocontour,11.283791670955125,30726.83,64.66,-13.6,13.6,1.076,-0.5,-1.6,1.7,18.6,2.6,1.108,6,3,0,0,3
97.3,Target,,,,,0.0,0.0,4.023,0.0,0.0,,,,,,,,,
97.4,1,isocontour,11.283791670955125,28389.91,59.74,17.1,12.0,0.985,-1.7,2.6,3.1,18.6,2.6,1.108,6,7,0,0,7
97.4,2,isocontour,11.283791670955125,27299.9,57.45,8.4,19.0,0.991,-0.3,-0.4,0.5,18.6,2.6,1.108,6,3,0,0,3
97.4,3,isocontour,11.283791670955125,27605.61,58.09,13.5,15.6,0.995,-2.7,0.7,2.8,18.6,2.6,1.108,6,6,0,0,6
97.4,4,isocontour,11.283791670955125,32376.08,68.13,18.8,9.1,0.983,-1.1,0.3,1.1,18.6,2.6,1.108,6,7,0,0,7
97.4,5,isocontour,11.283791670955125,30486.82,64.16,18.0,8.4,1.039,-1.0,0.5,1.1,18.6,2.6,1.108,6,7,0,0,7
97.4,6,isocontour,11.283791670955125,32523.53,68.44,18.7,5.1,1.072,0.0,2.5,2.5,18.6,2.6,1.108,6,7,0,0,7
97.4,7,isocontour,11.283791670955125,30401.35,63.98,-14.8,14.8,0.981,-0.9,-0.9,1.3,18.6,2.6,1.108,6,3,0,0,3
97.4,8,isocontour,11.283791670955125,32250.8,67.87,19.1,5.5,1.044,-0.6,2.5,2.6,18.6,2.6,1.108,6,7,0,0,7
97.4,9,isocontour,11.283791670955125,30598.32,64.39,19.5,7.3,0.988,-0.7,0.4,0.8,18.6,2.6,1.108,6,8,0,0,8
97.4,10,isocontour,11.283791670955125,30398.81,63.97,19.4,-3.3,1.052,-0.7,1.7,1.8,18.6,2.6,1.108,6,4,0,0,4
97.4,11,isocontour,11.283791670955125,32117.07,67.59,-16.7,-10.0,1.066,2.2,-1.4,2.6,18.6,2.6,1.108,6,3,0,0,3
97.4,12,isocontour,11.283791670955125,29872.82,62.86,-12.3,-16.6,0.994,1.3,-2.6,2.9,-3.5,-18.4,1.111,21,3,0,0,3
97.4,13,isocontour,11.283791670955125,28002.76,58.93,20.8,-0.1,0.988,-1.4,1.4,2.0,18.6,2.6,1.108,6,6,0,0,6
97.4,14,isocontour,11.283791670955125,30464.67,64.11,8.1,-18.2,1.037,2.6,-0.5,2.6,18.6,2.6,1.108,6,2,0,0,2
97.4,15,isocontour,11.283791670955125,27621.04,58.13,0.4,20.7,0.992,-2.2,-0.8,2.3,18.6,2.6,1.108,6,3,0,0,3
97.4,16,isocontour,11.283791670955125,46350.64,97.54,-24.4,20.8,0.535,0.7,0.6,0.9,-24.4,20.8,0.535,16,0,0,0,0
97.4,17,isocontour,11.283791670955125,28059.1,59.05,10.2,16.6,1.065,0.1,1.8,1.8,18.6,2.6,1.108,6,4,0,0,4
97.4,18,isocontour,11.283791670955125,33807.51,71.14,-7.9,19.1,0.993,-0.7,0.3,0.8,18.6,2.6,1.108,6,3,0,0,3
97.4,19,isocontour,11.283791670955125,29570.98,62.23,-20.7,-1.9,0.991,-0.0,-2.9,2.9,18.6,2.6,1.108,6,3,0,0,3
97.4,20,isocontour,11.283791670955125,30990.63,65.22,10.0,-18.0,0.997,0.6,-0.5,0.8,18.6,2.6,1.108,6,2,0,0,2
97.4,21,isocontour,11.283791670955125,30421.53,64.02,-3.7,-18.4,1.11,-2.7,0.3,2.7,-3.7,-18.4,1.111,21,2,0,0,2
97.4,22,isocontour,11.283791670955125,32781.3,68.98,-18.1,-10.3,0.984,2.5,-1.2,2.8,18.6,2.6,1.108,6,3,0,0,3
97.4,23,isocontour,11.283791670955125,33116.66,69.69,-19.4,7.0,0.997,1.2,1.3,1.8,18.6,2.6,1.108,6,3,0,0,3
97.4,24,isocontour,11.283791670955125,31111.71,65.47,4.1,-20.4,0.986,2.4,0.9,2.6,-3.5,-18.4,1.111,21,3,0,0,3
97.4,25,isocontour,11.283791670955125,30721.02,64.65,-13.5,13.7,1.077,1.3,1.1,1.7,18.6,2.6,1.108,6,3,0,0,3
97.4,Target,,,,,0.0,0.0,4.023,0.0,0.0,,,,,,,,,
97.5,1,isocontour,11.283791670955125,28388.85,59.74,17.0,12.1,0.986,-0.6,0.7,0.9,18.6,2.6,1.108,6,8,0,0,8
97.5,2,isocontour,11.283791670955125,27297.03,57.44,8.4,19.1,0.986,0.9,1.0,1.3,18.6,2.6,1.108,6,4,0,0,4
97.5,3,isocontour,11.283791670955125,27584.63,58.05,13.7,15.6,0.991,2.4,-0.8,2.5,18.6,2.6,1.108,6,6,0,0,6
97.5,4,isocontour,11.283791670955125,32364.83,68.11,18.6,9.1,0.993,-2.0,-0.4,2.0,18.6,2.6,1.108,6,7,0,0,7
97.5,5,isocontour,11.283791670955125,30483.47,64.15,17.9,8.4,1.045,-1.3,0.4,1.4,18.6,2.6,1.108,6,7,0,0,7
97.5,6,isocontour,11.283791670955125,32503.04,68.4,18.7,5.3,1.065,0.7,2.4,2.5,18.6,2.6,1.108,6,7,0,0,7
97.5,7,isocontour,11.283791670955125,30399.87,63.97,-14.8,14.7,0.984,-0.3,-1.0,1.0,18.6,2.6,1.108,6,3,0,0,3
97.5,8,isocontour,11.283791670955125,32228.05,67.82,19.2,5.7,1.033,1.5,2.1,2.6,18.6,2.6,1.108,6,7,0,0,7
97.5,9,isocontour,11.283791670955125,30587.07,64.37,19.3,7.5,0.991,-1.2,1.6,2.0,18.6,2.6,1.108,6,8,0,0,8
97.5,10,isocontour,11.283791670955125,30396.38,63.97,19.4,-3.2,1.053,0.2,1.2,1.2,18.6,2.6,1.108,6,4,0,0,4
97.5,11,isocontour,11.283791670955125,32079.43,67.51,-16.5,-10.2,1.069,1.9,-2.4,3.1,-3.5,-18.4,1.111,21,3,0,0,3
97.5,12,isocontour,11.283791670955125,29860.22,62.84,-12.3,-16.8,0.986,0.5,-2.1,2.2,-3.5,-18.4,1.111,21,3,0,0,3
97.5,13,isocontour,11.283791670955125,27999.96,58.92,20.7,-0.0,0.992,-0.7,1.1,1.3,18.6,2.6,1.108,6,6,0,0,6
97.5,14,isocontour,11.283791670955125,30462.29,64.1,8.2,-18.3,1.031,0.9,-0.8,1.2,-3.5,-18.4,1.111,21,2,0,0,2
97.5,15,isocontour,11.283791670955125,27609.3,58.1,0.5,20.8,0.985,1.4,1.6,2.1,18.6,2.6,1.108,6,3,0,0,3
97.5,16,isocontour,11.283791670955125,46349.54,97.54,-24.5,20.9,0.533,-0.9,0.4,1.0,-24.5,20.9,0.535,16,0,0,0,0
97.5,17,isocontour,11.283791670955125,28058.0,59.04,10.1,16.7,1.061,-0.3,0.9,0.9,18.6,2.6,1.108,6,4,0,0,4
97.5,18,isocontour,11.283791670955125,33806.26,71.14,-7.9,19.2,0.989,0.1,1.0,1.0,18.6,2.6,1.108,6,3,0,0,3
97.5,19,isocontour,11.283791670955125,29540.78,62.16,-20.6,-2.2,0.99,0.1,-2.9,2.9,18.6,2.6,1.108,6,3,0,0,3
97.5,20,isocontour,11.283791670955125,30990.22,65.22,10.1,-18.0,0.996,0.6,0.2,0.6,-3.5,-18.4,1.111,21,2,0,0,2
97.5,21,isocontour,11.283791670955125,30399.55,63.97,-4.0,-18.4,1.106,-2.6,-0.2,2.6,-4.0,-18.4,1.111,21,2,0,0,2
97.5,22,isocontour,11.283791670955125,32777.25,68.98,-18.0,-10.3,0.992,1.4,0.3,1.4,-3.5,-18.4,1.111,21,3,0,0,3
97.5,23,isocontour,11.283791670955125,33114.11,69.68,-19.3,7.1,0.999,0.7,1.0,1.2,18.6,2.6,1.108,6,3,0,0,3
97.5,24,isocontour,11.283791670955125,31106.1,65.46,4.2,-20.3,0.992,0.7,1.5,1.7,-3.5,-18.4,1.111,21,3,0,0,3
97.5,25,isocontour,11.283791670955125,30701.71,64.61,-13.6,13.5,1.083,-0.7,-2.4,2.5,18.6,2.6,1.108,6,3,0,0,3
97.5,Target,,,,,0.0,0.0,4.023,0.0,0.0,,,,,,,,,
97.6,1,isocontour,11.283791670955125,28369.07,59.7,16.9,11.9,0.996,-1.1,-2.2,2.5,18.6,2.6,1.108,6,8,0,0,8
97.6,2,isocontour,11.283791670955125,27296.87,57.44,8.5,19.1,0.983,0.1,0.5,0.5,18.6,2.6,1.108,6,4,0,0,4
97.6,3,isocontour,11.283791670955125,27491.18,57.85,13.7,15.9,0.98,-1.1,4.1,4.2,18.6,2.6,1.108,6,6,0,0,6
97.6,4,isocontour,11.283791670955125,32364.35,68.11,18.6,9.1,0.992,0.5,0.5,0.7,18.6,2.6,1.108,6,7,0,0,7
97.6,5,isocontour,11.283791670955125,30472.71,64.13,18.0,8.3,1.047,0.7,-1.9,2.0,18.6,2.6,1.108,6,7,0,0,7
97.6,6,isocontour,11.283791670955125,32481.81,68.35,18.8,5.6,1.056,0.8,2.4,2.5,18.6,2.6,1.108,6,7,0,0,7
97.6,7,isocontour,11.283791670955125,30373.85,63.92,-14.9,14.5,0.987,-1.4,-2.3,2.7,18.6,2.6,1.108,6,3,0,0,3
97.6,8,isocontour,11.283791670955125,32227.2,67.82,19.2,5.8,1.029,0.2,0.8,0.8,18.6,2.6,1.108,6,7,0,0,7
97.6,9,isocontour,11.283791670955125,30563.8,64.32,19.5,7.3,0.987,1.7,-2.0,2.6,18.6,2.6,1.108,6,8,0,0,8
97.6,10,isocontour,11.283791670955125,30393.51,63.96,19.4,-3.1,1.053,0.4,1.3,1.4,18.6,2.6,1.108,6,4,0,0,4
97.6,11,isocontour,11.283791670955125,32076.36,67.5,-16.6,-10.2,1.065,-1.3,0.3,1.3,-3.5,-18.4,1.111,21,3,0,0,3
97.6,12,isocontour,11.283791670955125,29795.77,62.7,-12.6,-16.8,0.978,-3.6,0.8,3.7,-3.5,-18.4,1.111,21,3,0,0,3
97.6,13,isocontour,11.283791670955125,27999.47,58.92,20.7,-0.1,0.992,0.2,-0.7,0.7,18.6,2.6,1.108,6,6,0,0,6
97.6,14,isocontour,11.283791670955125,30450.38,64.08,8.1,-18.5,1.025,-1.3,-1.7,2.1,-3.5,-18.4,1.111,21,2,0,0,2
97.6,15,isocontour,11.283791670955125,27565.54,58.01,0.3,20.7,0.992,-2.8,-1.6,3.2,18.6,2.6,1.108,6,3,0,0,3
97.6,16,isocontour,11.283791670955125,46348.44,97.53,-24.6,20.8,0.532,-0.8,-0.5,0.9,-24.6,20.8,0.535,16,0,0,0,0
97.6,17,isocontour,11.283791670955125,28055.96,59.04,10.2,16.7,1.057,1.2,-0.0,1.2,18.6,2.6,1.108,6,4,0,0,4
97.6,18,isocontour,11.283791670955125,33802.98,71.13,-7.8,19.1,0.995,0.5,-1.3,1.4,18.6,2.6,1.108,6,3,0,0,3
97.6,19,isocontour,11.283791670955125,29535.67,62.15,-20.8,-2.2,0.983,-1.6,0.2,1.6,-3.5,-18.4,1.111,21,3,0,0,3
97.6,20,isocontour,11.283791670955125,30963.35,65.16,10.3,-17.9,0.996,2.4,1.4,2.8,-3.5,-18.4,1.111,21,2,0,0,2
97.6,21,isocontour,11.283791670955125,30395.25,63.96,-3.9,-18.5,1.102,1.1,-1.0,1.5,-3.9,-18.5,1.111,21,2,0,0,2
97.6,22,isocontour,11.283791670955125,32776.01,68.97,-18.0,-10.4,0.991,-0.0,-1.0,1.0,-3.5,-18.4,1.111,21,3,0,0,3
97.6,23,isocontour,11.283791670955125,33113.47,69.68,-19.3,7.1,0.999,-0.3,-0.7,0.8,18.6,2.6,1.108,6,3,0,0,3
97.6,24,isocontour,11.283791670955125,31069.54,65.38,4.0,-20.4,0.991,-2.9,-1.0,3.1,-3.5,-18.4,1.111,21,3,0,0,3
97.6,25,isocontour,11.283791670955125,30692.87,64.59,-13.6,13.3,1.091,-0.1,-1.9,1.9,18.6,2.6,1.108,6,3,0,0,3
97.6,Target,,,,,0.0,0.0,4.023,0.0,0.0,,,,,,,,,
97.7,1,isocontour,11.283791670955125,28367.79,59.7,16.8,11.9,1.0,-0.8,0.6,1.0,18.6,2.6,1.108,6,8,0,0,8
97.7,2,isocontour,11.283791670955125,27280.22,57.41,8.6,19.0,0.984,2.0,-1.3,2.4,18.6,2.6,1.108,6,4,0,0,4
97.7,3,isocontour,11.283791670955125,27486.89,57.84,13.8,15.9,0.974,1.5,-0.2,1.5,18.6,2.6,1.108,6,6,0,0,6
97.7,4,isocontour,11.283791670955125,32343.37,68.06,18.7,9.3,0.985,0.4,2.5,2.5,18.6,2.6,1.108,6,7,0,0,7
97.7,5,isocontour,11.283791670955125,30449.95,64.08,18.1,8.4,1.036,1.4,2.2,2.6,18.6,2.6,1.108,6,7,0,0,7
97.7,6,isocontour,11.283791670955125,32469.03,68.33,18.7,5.7,1.06,-1.5,1.5,2.1,18.6,2.6,1.108,6,7,0,0,7
97.7,7,isocontour,11.283791670955125,30360.54,63.89,-15.1,14.3,0.988,-1.4,-1.6,2.1,18.6,2.6,1.108,6,3,0,0,3
97.7,8,isocontour,11.283791670955125,32218.9,67.8,19.3,5.9,1.021,1.2,1.5,1.9,18.6,2.6,1.108,6,7,0,0,7
97.7,9,isocontour,11.283791670955125,30563.65,64.32,19.5,7.3,0.988,-0.4,-0.2,0.4,18.6,2.6,1.108,6,8,0,0,8
97.7,10,isocontour,11.283791670955125,30391.14,63.95,19.5,-2.9,1.053,0.1,1.2,1.2,18.6,2.6,1.108,6,4,0,0,4
97.7,11,isocontour,11.283791670955125,32074.75,67.5,-16.7,-10.2,1.059,-1.1,-0.0,1.1,-3.5,-18.4,1.111,21,3,0,0,3
97.7,12,isocontour,11.283791670955125,29772.76,62.65,-12.7,-16.6,0.982,-1.1,2.4,2.6,-3.5,-18.4,1.111,21,3,0,0,3
97.7,13,isocontour,11.283791670955125,27894.96,58.7,20.8,-0.4,0.985,1.2,-4.2,4.4,18.6,2.6,1.108,6,6,0,0,6
97.7,14,isocontour,11.283791670955125,30426.3,64.03,8.3,-18.6,1.013,2.3,-1.4,2.7,-3.5,-18.4,1.111,21,2,0,0,2
97.7,15,isocontour,11.283791670955125,27530.38,57.93,0.5,20.7,0.992,3.0,0.2,3.0,18.6,2.6,1.108,6,3,0,0,3
97.7,16,isocontour,11.283791670955125,46347.34,97.53,-24.5,20.9,0.531,0.3,0.9,0.9,-24.5,20.9,0.535,16,0,0,0,0
97.7,17,isocontour,11.283791670955125,28028.2,58.98,10.3,16.5,1.065,1.1,-2.6,2.8,18.6,2.6,1.108,6,4,0,0,4
97.7,18,isocontour,11.283791670955125,33778.64,71.08,-8.1,19.1,0.992,-2.7,-0.2,2.7,18.6,2.6,1.108,6,3,0,0,3
97.7,19,isocontour,11.283791670955125,29534.19,62.15,-20.7,-2.2,0.985,0.8,0.7,1.1,-3.5,-18.4,1.111,21,3,0,0,3
97.7,20,isocontour,11.283791670955125,30853.73,64.93,10.7,-17.8,0.992,4.2,1.4,4.4,-3.5,-18.4,1.111,21,2,0,0,2
97.7,21,isocontour,11.283791670955125,30393.6,63.96,-3.8,-18.5,1.099,1.0,-0.5,1.1,-3.8,-18.5,1.111,21,2,0,0,2
97.7,22,isocontour,11.283791670955125,32765.71,68.95,-18.0,-10.3,0.99,-1.0,1.8,2.1,-3.5,-18.4,1.111,21,3,0,0,3
97.7,23,isocontour,11.283791670955125,33112.65,69.68,-19.3,7.1,0.998,0.1,0.8,0.8,-3.5,-18.4,1.111,21,3,0,0,3
97.7,24,isocontour,11.283791670955125,30941.15,65.11,3.6,-20.5,0.985,-4.2,-2.0,4.7,-3.5,-18.4,1.111,21,3,0,0,3
97.7,25,isocontour,11.283791670955125,30670.12,64.54,-13.7,13.1,1.097,-0.9,-2.4,2.6,18.6,2.6,1.108,6,3,0,0,3
97.7,Target,,,,,0.0,0.0,4.023,0.0,0.0,,,,,,,,,
97.8,1,isocontour,11.283791670955125,28360.51,59.68,16.8,12.1,0.993,0.5,1.7,1.8,18.6,2.6,1.108,6,8,0,0,8
97.8,2,isocontour,11.283791670955125,27261.84,57.37,8.8,18.9,0.983,2.3,-0.9,2.5,18.6,2.6,1.108,6,4,0,0,4
97.8,3,isocontour,11.283791670955125,27483.89,57.84,13.9,15.9,0.972,1.1,-0.7,1.3,18.6,2.6,1.108,6,6,0,0,6
97.8,4,isocontour,11.283791670955125,32320.61,68.01,18.6,9.6,0.983,-1.2,2.3,2.6,18.6,2.6,1.108,6,8,0,0,8
97.8,5,isocontour,11.283791670955125,30423.94,64.02,18.0,8.7,1.033,-1.0,2.5,2.7,18.6,2.6,1.108,6,8,0,0,8
97.8,6,isocontour,11.283791670955125,32463.32,68.32,18.6,5.8,1.066,-1.3,1.0,1.6,18.6,2.6,1.108,6,8,0,0,8
97.8,7,isocontour,11.283791670955125,30333.95,63.83,-15.2,14.1,0.99,-1.5,-2.3,2.7,-3.5,-18.4,1.111,21,3,0,0,3
97.8,8,isocontour,11.283791670955125,32201.83,67.76,19.3,6.2,1.018,-0.4,2.3,2.3,18.6,2.6,1.108,6,7,0,0,7
97.8,9,isocontour,11.283791670955125,30545.71,64.28,19.4,7.5,0.988,-0.8,2.3,2.4,18.6,2.6,1.108,6,8,0,0,8
97.8,10,isocontour,11.283791670955125,30388.27,63.95,19.5,-2.8,1.052,0.3,1.3,1.3,18.6,2.6,1.108,6,4,0,0,4
97.8,11,isocontour,11.283791670955125,32054.25,67.45,-16.9,-10.0,1.057,-1.6,2.0,2.6,-3.5,-18.4,1.111,21,3,0,0,3
97.8,12,isocontour,11.283791670955125,29769.76,62.65,-12.7,-16.5,0.989,0.1,1.3,1.3,-3.5,-18.4,1.111,21,3,0,0,3
97.8,13,isocontour,11.283791670955125,27894.65,58.7,20.9,-0.5,0.983,0.4,-0.5,0.6,18.6,2.6,1.108,6,6,0,0,6
97.8,14,isocontour,11.283791670955125,30415.06,64.0,8.2,-18.7,1.008,-1.5,-1.5,2.1,-3.5,-18.4,1.111,21,2,0,0,2
97.8,15,isocontour,11.283791670955125,27529.59,57.93,0.5,20.8,0.99,-0.7,0.5,0.9,18.6,2.6,1.108,6,3,0,0,3
97.8,16,isocontour,11.283791670955125,46346.24,97.53,-24.5,20.8,0.533,0.1,-0.9,0.9,-24.5,20.8,0.535,16,0,0,0,0
97.8,17,isocontour,11.283791670955125,27996.73,58.92,10.6,16.3,1.067,2.3,-1.8,2.9,18.6,2.6,1.108,6,6,0,0,6
97.8,18,isocontour,11.283791670955125,33774.17,71.07,-8.1,19.2,0.985,0.2,1.5,1.5,18.6,2.6,1.108,6,3,0,0,3
97.8,19,isocontour,11.283791670955125,29510.11,62.1,-20.7,-1.9,0.991,0.8,2.5,2.6,-3.5,-18.4,1.111,21,3,0,0,3
97.8,20,isocontour,11.283791670955125,30852.63,64.93,10.8,-17.8,0.988,0.9,-0.1,0.9,-3.5,-18.4,1.111,21,2,0,0,2
97.8,21,isocontour,11.283791670955125,30379.92,63.93,-3.7,-18.7,1.091,1.3,-1.7,2.1,-3.7,-18.7,1.111,21,2,0,0,2
97.8,22,isocontour,11.283791670955125,32759.58,68.94,-18.1,-10.1,0.991,-0.6,1.6,1.7,-3.5,-18.4,1.111,21,3,0,0,3
97.8,23,isocontour,11.283791670955125,33110.34,69.68,-19.4,7.1,0.995,-1.0,-0.7,1.2,-3.5,-18.4,1.111,21,3,0,0,3
97.8,24,isocontour,11.283791670955125,30936.6,65.1,3.6,-20.7,0.978,0.9,-1.2,1.5,-3.5,-18.4,1.111,21,3,0,0,3
97.8,25,isocontour,11.283791670955125,30645.22,64.49,-13.8,12.8,1.103,-1.0,-2.5,2.7,-3.5,-18.4,1.111,21,3,0,0,3
97.8,Target,,,,,0.0,0.0,4.023,0.0,0.0,,,,,,,,,
97.9,1,isocontour,11.283791670955125,28337.23,59.63,16.7,12.3,0.99,-1.1,2.4,2.6,18.6,2.6,1.108,6,8,0,0,8
97.9,2,isocontour,11.283791670955125,27244.11,57.33,9.0,18.8,0.987,1.7,-1.7,2.4,18.6,2.6,1.108,6,4,0,0,4
97.9,3,isocontour,11.283791670955125,27460.61,57.79,13.9,15.6,0.98,0.4,-2.6,2.6,18.6,2.6,1.108,6,8,0,0,8
97.9,4,isocontour,11.283791670955125,32305.8,67.98,18.4,9.5,0.994,-2.1,-0.9,2.3,18.6,2.6,1.108,6,8,0,0,8
97.9,5,isocontour,11.283791670955125,30407.71,63.99,18.2,8.8,1.022,1.8,1.4,2.3,18.6,2.6,1.108,6,8,0,0,8
97.9,6,isocontour,11.283791670955125,32462.73,68.31,18.6,5.9,1.065,0.2,0.7,0.7,18.6,2.6,1.108,6,8,0,0,8
97.9,7,isocontour,11.283791670955125,30323.8,63.81,-15.1,14.2,0.995,1.8,0.8,2.0,-3.5,-18.4,1.111,21,3,0,0,3
97.9,8,isocontour,11.283791670955125,32200.17,67.76,19.2,6.2,1.021,-0.9,0.6,1.1,18.6,2.6,1.108,6,8,0,0,8
97.9,9,isocontour,11.283791670955125,30540.2,64.27,19.3,7.6,0.989,-0.6,1.5,1.6,18.6,2.6,1.108,6,8,0,0,8
97.9,10,isocontour,11.283791670955125,30349.9,63.87,19.5,-2.5,1.054,0.0,3.1,3.1,18.6,2.6,1.108,6,4,0,0,4
97.9,11,isocontour,11.283791670955125,32033.76,67.41,-17.0,-9.8,1.055,-1.5,2.0,2.5,-3.5,-18.4,1.111,21,3,0,0,3
97.9,12,isocontour,11.283791670955125,29754.35,62.61,-12.7,-16.2,0.997,-0.3,2.3,2.3,-3.5,-18.4,1.111,21,3,0,0,3
97.9,13,isocontour,11.283791670955125,27857.01,58.62,20.8,-0.3,0.986,-0.7,3.0,3.1,18.6,2.6,1.108,6,6,0,0,6
97.9,14,isocontour,11.283791670955125,30414.3,64.0,8.2,-18.8,1.004,0.7,-0.4,0.8,-3.5,-18.4,1.111,21,2,0,0,2
97.9,15,isocontour,11.283791670955125,27494.09,57.86,0.7,20.7,0.993,2.9,-0.9,3.0,18.6,2.6,1.108,6,3,0,0,3
97.9,16,isocontour,11.283791670955125,46345.14,97.53,-24.5,20.9,0.533,0.6,0.7,0.9,-24.5,20.9,0.535,16,0,0,0,0
97.9,17,isocontour,11.283791670955125,27970.14,58.86,10.7,16.1,1.074,1.3,-2.4,2.7,18.6,2.6,1.108,6,6,0,0,6
97.9,18,isocontour,11.283791670955125,33754.63,71.03,-8.0,19.1,0.996,1.3,-2.1,2.5,-3.5,-18.4,1.111,21,3,0,0,3
97.9,19,isocontour,11.283791670955125,29506.23,62.09,-20.8,-1.9,0.985,-1.4,0.3,1.4,-3.5,-18.4,1.111,21,3,0,0,3
97.9,20,isocontour,11.283791670955125,30850.74,64.92,10.7,-17.8,0.986,-0.8,-0.8,1.1,-3.5,-18.4,1.111,21,2,0,0,2
97.9,21,isocontour,11.283791670955125,30354.19,63.88,-3.9,-18.6,1.091,-2.6,0.8,2.7,-3.9,-18.6,1.111,21,2,0,0,2
97.9,22,isocontour,11.283791670955125,32758.48,68.94,-18.2,-10.1,0.988,-0.9,0.0,0.9,-3.5,-18.4,1.111,21,3,0,0,3
97.9,23,isocontour,11.283791670955125,33108.77,69.67,-19.5,7.0,0.992,-0.8,-0.7,1.1,-3.5,-18.4,1.111,21,3,0,0,3
97.9,24,isocontour,11.283791670955125,30916.1,65.06,3.8,-20.6,0.979,2.4,0.8,2.5,-3.5,-18.4,1.111,21,3,0,0,3
97.9,25,isocontour,11.283791670955125,30624.48,64.45,-13.9,12.6,1.107,-1.2,-2.2,2.5,-3.5,-18.4,1.111,21,3,0,0,3
97.9,Target,,,,,0.0,0.0,4.023,0.0,0.0,,,,,,,,,
98.0,1,isocontour,11.283791670955125,28336.26,59.63,16.7,12.3,0.991,0.1,-0.9,0.9,16.7,12.3,0.99,1,8,0,0,8
98.0,2,isocontour,11.283791670955125,27212.96,57.27,8.9,18.6,1.001,-1.9,-2.2,2.9,8.9,18.6,0.987,2,4,0,0,4
98.0,3,isocontour,11.283791670955125,27437.07,57.74,14.0,15.4,0.989,0.4,-2.6,2.6,14.0,15.4,0.98,3,8,0,0,8
98.0,4,isocontour,11.283791670955125,32305.01,67.98,18.3,9.6,0.995,-0.3,0.8,0.9,18.3,9.6,0.994,4,8,0,0,8
98.0,5,isocontour,11.283791670955125,30383.9,63.94,18.2,8.6,1.027,-0.3,-2.6,2.6,18.2,8.6,1.022,5,8,0,0,8
98.0,6,isocontour,11.283791670955125,32442.24,68.27,18.5,6.1,1.063,-0.6,2.4,2.5,18.5,6.1,1.065,6,8,0,0,8
98.0,7,isocontour,11.283791670955125,30307.99,63.78,-15.1,14.3,0.986,-0.7,2.2,2.3,-15.1,14.3,0.995,7,3,0,0,3
98.0,8,isocontour,11.283791670955125,32199.39,67.76,19.2,6.3,1.022,-0.2,0.8,0.8,19.2,6.3,1.021,8,8,0,0,8
98.0,9,isocontour,11.283791670955125,30536.78,64.26,19.2,7.7,0.994,-1.4,0.2,1.4,19.2,7.7,0.989,9,8,0,0,8
98.0,10,isocontour,11.283791670955125,30311.52,63.79,19.5,-2.2,1.055,0.1,3.1,3.1,19.5,-2.2,1.054,10,4,0,0,4
98.0,11,isocontour,11.283791670955125,32028.15,67.4,-16.9,-9.9,1.058,1.4,-0.8,1.6,-16.9,-9.9,1.055,11,3,0,0,3
98.0,12,isocontour,11.283791670955125,29752.14,62.61,-12.7,-16.3,0.998,0.9,-0.8,1.2,-12.7,-16.3,0.997,12,3,0,0,3
98.0,13,isocontour,11.283791670955125,27854.21,58.62,20.8,-0.1,0.989,-0.6,1.1,1.3,20.8,-0.1,0.986,13,6,0,0,6
98.0,14,isocontour,11.283791670955125,30385.33,63.94,8.1,-18.6,1.017,-1.6,2.4,2.9,8.1,-18.6,1.004,14,2,0,0,2
98.0,15,isocontour,11.283791670955125,27463.89,57.79,1.0,20.7,0.993,2.9,0.1,2.9,1.0,20.7,0.993,15,3,0,0,3
98.0,16,isocontour,11.283791670955125,46344.04,97.53,-24.5,21.0,0.531,-0.5,0.8,0.9,-24.5,21.0,0.533,16,0,0,0,0
98.0,17,isocontour,11.283791670955125,27938.34,58.79,10.9,15.9,1.08,1.9,-2.2,2.9,10.9,15.9,1.074,17,6,0,0,6
98.0,18,isocontour,11.283791670955125,33740.58,71.0,-8.1,19.1,0.989,-1.8,1.3,2.2,-8.1,19.1,0.996,18,3,0,0,3
98.0,19,isocontour,11.283791670955125,29495.3,62.07,-20.6,-1.9,0.994,2.0,-0.1,2.0,-20.6,-1.9,0.985,19,3,0,0,3
98.0,20,isocontour,11.283791670955125,30847.93,64.92,10.6,-17.9,0.989,-1.3,-0.1,1.3,10.6,-17.9,0.986,20,2,0,0,2
98.0,21,isocontour,11.283791670955125,30352.66,63.87,-4.0,-18.6,1.094,-0.8,0.7,1.1,-4.0,-18.6,1.091,21,2,0,0,2
98.0,22,isocontour,11.283791670955125,32758.22,68.94,-18.2,-10.1,0.99,0.6,0.1,0.6,-18.2,-10.1,0.988,22,3,0,0,3
98.0,23,isocontour,11.283791670955125,32983.65,69.41,-19.7,6.6,0.989,-2.0,-4.2,4.7,-19.7,6.6,0.992,23,3,0,0,3
98.0,24,isocontour,11.283791670955125,30914.0,65.05,3.9,-20.5,0.983,0.5,1.0,1.1,3.9,-20.5,0.979,24,3,0,0,3
98.0,25,isocontour,11.283791670955125,30622.11,64.44,-13.9,12.7,1.103,-0.1,1.2,1.2,-13.9,12.7,1.107,25,3,0,0,3
98.0,Target,,,,,0.0,0.0,4.023,0.0,0.0,,,,,,,,,
98.1,1,isocontour,11.283791670955125,28322.21,59.6,16.9,12.2,0.984,2.2,-0.2,2.2,10.9,15.9,1.08,17,8,0,0,8
98.1,2,isocontour,11.283791670955125,27212.3,57.26,8.9,18.6,0.999,0.3,0.7,0.8,10.9,15.9,1.08,17,4,0,0,4
98.1,3,isocontour,11.283791670955125,27432.42,57.73,13.9,15.3,0.997,-1.4,-0.7,1.6,10.9,15.9,1.08,17,8,0,0,8
98.1,4,isocontour,11.283791670955125,32301.12,67.97,18.4,9.6,0.989,1.4,-0.1,1.4,10.9,15.9,1.08,17,8,0,0,8
98.1,5,isocontour,11.283791670955125,30362.67,63.89,18.0,8.8,1.032,-1.8,1.9,2.6,10.9,15.9,1.08,17,9,0,0,9
98.1,6,isocontour,11.283791670955125,32416.22,68.22,18.4,6.4,1.061,-0.5,2.7,2.7,18.4,6.4,1.065,6,8,0,0,8
98.1,7,isocontour,11.283791670955125,30305.61,63.77,-15.1,14.3,0.99,0.7,-1.0,1.2,-13.9,12.7,1.107,25,3,0,0,3
98.1,8,isocontour,11.283791670955125,32179.61,67.72,19.1,6.5,1.02,-0.5,2.4,2.5,18.5,6.1,1.065,6,8,0,0,8
98.1,9,isocontour,11.283791670955125,30527.94,64.24,19.3,7.6,0.991,1.4,-1.3,1.9,18.5,6.1,1.065,6,8,0,0,8
98.1,10,isocontour,11.283791670955125,30274.6,63.71,19.5,-1.9,1.059,-0.4,3.0,3.0,18.5,6.1,1.065,6,5,0,0,5
98.1,11,isocontour,11.283791670955125,32026.54,67.4,-16.8,-10.0,1.059,0.5,-1.0,1.1,-16.8,-10.0,1.058,11,3,0,0,3
98.1,12,isocontour,11.283791670955125,29720.99,62.54,-12.5,-16.4,0.998,2.3,-1.7,2.9,-4.0,-18.6,1.094,21,3,0,0,3
98.1,13,isocontour,11.283791670955125,27851.77,58.61,20.7,-0.0,0.992,-0.4,1.2,1.3,18.5,6.1,1.065,6,6,0,0,6
98.1,14,isocontour,11.283791670955125,30383.39,63.94,8.0,-18.5,1.024,-0.7,0.9,1.1,8.0,-18.5,1.017,14,2,0,0,2
98.1,15,isocontour,11.283791670955125,27441.91,57.75,0.9,20.8,0.989,-2.4,0.8,2.5,10.9,15.9,1.08,17,3,0,0,3
98.1,16,isocontour,11.283791670955125,46342.95,97.52,-24.6,20.9,0.53,-0.7,-0.6,0.9,-24.6,20.9,0.533,16,0,0,0,0
98.1,17,isocontour,11.283791670955125,27922.12,58.76,10.9,16.0,1.071,-0.1,2.3,2.3,10.9,16.0,1.08,17,6,0,0,6
98.1,18,isocontour,11.283791670955125,33717.82,70.96,-7.9,19.2,0.993,2.6,-0.2,2.6,-13.9,12.7,1.107,25,3,0,0,3
98.1,19,isocontour,11.283791670955125,29492.98,62.06,-20.6,-2.0,0.995,0.1,-1.2,1.2,-16.9,-9.9,1.058,11,3,0,0,3
98.1,20,isocontour,11.283791670955125,30831.71,64.88,10.5,-18.0,0.987,-1.8,-1.5,2.3,8.1,-18.6,1.017,14,2,0,0,2
98.1,21,isocontour,11.283791670955125,30351.3,63.87,-4.1,-18.5,1.097,-0.8,0.6,1.0,-4.1,-18.5,1.094,21,2,0,0,2
98.1,22,isocontour,11.283791670955125,32722.37,68.86,-17.9,-10.2,0.997,2.6,-1.5,3.0,-16.9,-9.9,1.058,11,3,0,0,3
98.1,23,isocontour,11.283791670955125,32944.16,69.33,-19.7,6.3,0.992,-0.3,-3.1,3.1,-13.9,12.7,1.107,25,3,0,0,3
98.1,24,isocontour,11.283791670955125,30912.94,65.05,3.9,-20.4,0.987,0.5,0.8,0.9,-4.0,-18.6,1.094,21,3,0,0,3
98.1,25,isocontour,11.283791670955125,30605.88,64.41,-14.0,12.9,1.093,-0.2,2.3,2.3,-14.0,12.9,1.107,25,3,0,0,3
98.1,Target,,,,,0.0,0.0,4.023,0.0,0.0,,,,,,,,,
98.2,1,isocontour,11.283791670955125,28295.91,59.55,16.8,12.4,0.981,-1.4,2.3,2.7,10.9,15.9,1.08,17,8,0,0,8
98.2,2,isocontour,11.283791670955125,27123.45,57.08,8.6,18.8,0.993,-3.1,2.7,4.1,10.9,15.9,1.08,17,4,0,0,4
98.2,3,isocontour,11.283791670955125,27426.5,57.72,13.9,15.4,0.991,0.4,1.6,1.6,10.9,15.9,1.08,17,8,0,0,8
98.2,4,isocontour,11.283791670955125,32285.31,67.94,18.4,9.7,0.989,-1.2,2.0,2.3,10.9,15.9,1.08,17,8,0,0,8
98.2,5,isocontour,11.283791670955125,30325.75,63.82,17.8,9.0,1.034,-1.6,2.6,3.1,10.9,15.9,1.08,17,9,0,0,9
98.2,6,isocontour,11.283791670955125,32389.35,68.16,18.4,6.7,1.059,-0.6,2.7,2.8,10.9,15.9,1.08,17,8,0,0,8
98.2,7,isocontour,11.283791670955125,30295.47,63.75,-15.0,14.1,1.0,0.9,-1.8,2.0,-13.9,12.7,1.107,25,3,0,0,3
98.2,8,isocontour,11.283791670955125,32165.93,67.69,19.0,6.7,1.027,-1.9,1.1,2.2,10.9,15.9,1.08,17,8,0,0,8
98.2,9,isocontour,11.283791670955125,30484.58,64.15,19.6,7.5,0.978,3.2,-0.6,3.3,10.9,15.9,1.08,17,8,0,0,8
98.2,10,isocontour,11.283791670955125,30272.28,63.7,19.5,-1.8,1.06,-0.1,1.2,1.2,10.9,15.9,1.08,17,5,0,0,5
98.2,11,isocontour,11.283791670955125,32024.05,67.39,-16.8,-10.1,1.06,0.8,-0.9,1.2,-4.0,-18.6,1.094,21,3,0,0,3
98.2,12,isocontour,11.283791670955125,29630.84,62.35,-12.3,-16.8,0.99,1.9,-3.7,4.2,-4.1,-18.5,1.097,21,3,0,0,3
98.2,13,isocontour,11.283791670955125,27830.3,58.57,20.7,-0.2,0.991,0.2,-2.5,2.5,10.9,15.9,1.08,17,6,0,0,6
98.2,14,isocontour,11.283791670955125,30380.9,63.93,7.9,-18.5,1.026,-1.2,-0.3,1.2,-4.0,-18.6,1.094,21,2,0,0,2
98.2,15,isocontour,11.283791670955125,27441.06,57.75,0.9,20.7,0.99,0.8,-0.3,0.9,-13.9,12.7,1.107,25,3,0,0,3
98.2,16,isocontour,11.283791670955125,46341.85,97.52,-24.5,21.0,0.531,0.8,0.4,0.9,-24.5,21.0,0.533,16,0,0,0,0
98.2,17,isocontour,11.283791670955125,27912.42,58.74,10.8,16.2,1.068,-1.5,1.2,1.9,10.9,15.9,1.08,17,6,0,0,6
98.2,18,isocontour,11.283791670955125,33716.21,70.95,-8.0,19.2,0.991,-1.0,0.2,1.0,-13.9,12.7,1.107,25,3,0,0,3
98.2,19,isocontour,11.283791670955125,29480.03,62.04,-20.7,-2.1,0.986,-2.0,-0.9,2.2,-13.9,12.7,1.107,25,3,0,0,3
98.2,20,isocontour,11.283791670955125,30793.7,64.8,10.2,-18.0,0.993,-3.1,-0.4,3.1,-4.0,-18.6,1.094,21,2,0,0,2
98.2,21,isocontour,11.283791670955125,30350.43,63.87,-4.2,-18.5,1.098,-0.8,0.3,0.9,-4.2,-18.5,1.097,21,2,0,0,2
98.2,22,isocontour,11.283791670955125,32721.63,68.86,-17.9,-10.3,0.995,-0.7,-0.5,0.9,-4.0,-18.6,1.094,21,3,0,0,3
98.2,23,isocontour,11.283791670955125,32910.04,69.26,-19.7,6.5,0.988,0.1,3.0,3.0,-13.9,12.7,1.107,25,3,0,0,3
98.2,24,isocontour,11.283791670955125,30911.04,65.05,3.9,-20.3,0.993,0.1,1.1,1.1,-4.1,-18.5,1.097,21,3,0,0,3
98.2,25,isocontour,11.283791670955125,30599.53,64.39,-14.0,13.1,1.084,-0.6,1.6,1.7,-14.0,13.1,1.107,25,3,0,0,3
98.2,Target,,,,,0.0,0.0,4.023,0.0,0.0,,,,,,,,,
98.3,1,isocontour,11.283791670955125,28258.27,59.47,16.6,12.6,0.986,-2.6,1.6,3.1,10.9,15.9,1.08,17,8,0,0,8
98.3,2,isocontour,11.283791670955125,27098.83,57.03,8.4,19.0,0.988,-1.9,1.9,2.7,-13.9,12.7,1.107,25,4,0,0,4
98.3,3,isocontour,11.283791670955125,27417.93,57.7,13.9,15.6,0.982,0.7,1.7,1.8,10.9,15.9,1.08,17,8,0,0,8
98.3,4,isocontour,11.283791670955125,32284.21,67.94,18.3,9.7,0.994,-0.7,-0.6,0.9,10.9,15.9,1.08,17,8,0,0,8
98.3,5,isocontour,11.283791670955125,30325.16,63.82,17.8,9.0,1.036,-0.0,-0.8,0.8,10.9,15.9,1.08,17,9,0,0,9
98.3,6,isocontour,11.283791670955125,32357.87,68.09,18.3,7.0,1.057,-0.8,2.8,2.9,10.9,15.9,1.08,17,8,0,0,8
98.3,7,isocontour,11.283791670955125,30275.69,63.71,-15.2,14.0,0.997,-2.3,-1.1,2.5,-13.9,12.7,1.107,25,3,0,0,3
98.3,8,isocontour,11.283791670955125,32148.21,67.65,18.9,6.9,1.027,-0.5,2.4,2.5,10.9,15.9,1.08,17,8,0,0,8
98.3,9,isocontour,11.283791670955125,30479.47,64.14,19.7,7.6,0.972,0.2,1.6,1.6,10.9,15.9,1.08,17,8,0,0,8
98.3,10,isocontour,11.283791670955125,30241.45,63.64,19.4,-1.5,1.063,-0.2,2.9,2.9,10.9,15.9,1.08,17,5,0,0,5
98.3,11,isocontour,11.283791670955125,32023.28,67.39,-16.8,-10.1,1.057,-0.2,-0.8,0.8,-13.9,12.7,1.107,25,3,0,0,3
98.3,12,isocontour,11.283791670955125,29619.92,62.33,-12.4,-16.7,0.987,-1.8,1.0,2.1,-4.2,-18.5,1.098,21,3,0,0,3
98.3,13,isocontour,11.283791670955125,27828.86,58.56,20.8,-0.3,0.987,0.9,-0.6,1.1,10.9,15.9,1.08,17,6,0,0,6
98.3,14,isocontour,11.283791670955125,30359.17,63.89,7.7,-18.6,1.028,-2.5,-0.7,2.6,-4.1,-18.5,1.097,21,2,0,0,2
98.3,15,isocontour,11.283791670955125,27416.98,57.7,0.9,20.5,1.002,0.3,-2.6,2.6,-13.9,12.7,1.107,25,3,0,0,3
98.3,16,isocontour,11.283791670955125,46340.75,97.52,-24.4,20.9,0.533,0.7,-0.7,1.0,-24.4,20.9,0.533,16,0,0,0,0
98.3,17,isocontour,11.283791670955125,27907.86,58.73,10.9,16.1,1.065,1.5,-0.3,1.5,-13.9,12.7,1.107,25,6,0,0,6
98.3,18,isocontour,11.283791670955125,33698.71,70.91,-7.8,19.2,0.991,2.3,0.8,2.4,-13.9,12.7,1.107,25,3,0,0,3
98.3,19,isocontour,11.283791670955125,29455.41,61.99,-20.7,-2.3,0.988,1.1,-2.4,2.6,-13.9,12.7,1.107,25,3,0,0,3
98.3,20,isocontour,11.283791670955125,30772.72,64.76,10.3,-18.0,0.993,2.3,1.2,2.6,-4.1,-18.5,1.097,21,2,0,0,2
98.3,21,isocontour,11.283791670955125,30322.37,63.81,-4.0,-18.5,1.099,2.8,-0.4,2.8,-4.0,-18.5,1.098,21,2,0,0,2
98.3,22,isocontour,11.283791670955125,32718.83,68.85,-18.0,-10.2,0.991,-1.1,0.6,1.3,-13.9,12.7,1.107,25,3,0,0,3
98.3,23,isocontour,11.283791670955125,32906.9,69.25,-19.7,6.6,0.991,1.0,0.9,1.3,-13.9,12.7,1.107,25,3,0,0,3
98.3,24,isocontour,11.283791670955125,30908.84,65.04,3.8,-20.3,0.993,-1.1,-0.3,1.1,-4.2,-18.5,1.098,21,3,0,0,3
98.3,25,isocontour,11.283791670955125,30598.32,64.39,-14.1,13.1,1.078,-0.9,0.4,1.0,-14.1,13.1,1.107,25,3,0,0,3
98.3,Target,,,,,0.0,0.0,4.023,0.0,0.0,,,,,,,,,
98.4,1,isocontour,11.283791670955125,28255.33,59.46,16.4,12.6,0.993,-1.3,-0.4,1.4,-13.9,12.7,1.107,25,8,0,0,8
98.4,2,isocontour,11.283791670955125,27079.29,56.99,8.2,19.2,0.984,-1.9,1.6,2.5,-13.9,12.7,1.107,25,4,0,0,4
98.4,3,isocontour,11.283791670955125,27416.41,57.69,13.9,15.7,0.979,-0.5,0.9,1.0,-13.9,12.7,1.107,25,8,0,0,8
98.4,4,isocontour,11.283791670955125,32282.69,67.93,18.2,9.8,0.993,-0.2,1.0,1.0,-13.9,12.7,1.107,25,9,0,0,9
98.4,5,isocontour,11.283791670955125,30305.15,63.77,17.9,8.8,1.034,1.5,-2.0,2.5,-13.9,12.7,1.107,25,9,0,0,9
98.4,6,isocontour,11.283791670955125,32333.8,68.04,18.3,7.2,1.051,0.2,2.7,2.7,10.9,15.9,1.08,17,8,0,0,8
98.4,7,isocontour,11.283791670955125,30234.68,63.63,-15.3,14.2,0.981,-1.8,2.6,3.2,-13.9,12.7,1.107,25,3,0,0,3
98.4,8,isocontour,11.283791670955125,32117.7,67.59,18.8,7.1,1.029,-1.6,2.4,2.9,10.9,15.9,1.08,17,8,0,0,8
98.4,9,isocontour,11.283791670955125,30460.62,64.1,19.5,7.7,0.982,-2.4,0.1,2.4,10.9,15.9,1.08,17,8,0,0,8
98.4,10,isocontour,11.283791670955125,30240.05,63.64,19.4,-1.4,1.064,-0.1,1.0,1.0,10.9,15.9,1.08,17,6,0,0,6
98.4,11,isocontour,11.283791670955125,32012.99,67.37,-16.9,-10.1,1.051,-1.8,0.8,2.0,-13.9,12.7,1.107,25,3,0,0,3
98.4,12,isocontour,11.283791670955125,29598.93,62.29,-12.5,-16.5,0.995,-0.6,2.5,2.6,-13.9,12.7,1.107,25,3,0,0,3
98.4,13,isocontour,11.283791670955125,27825.72,58.56,20.9,-0.2,0.984,0.4,1.3,1.4,10.9,15.9,1.08,17,6,0,0,6
98.4,14,isocontour,11.283791670955125,30331.7,63.83,7.4,-18.7,1.027,-2.4,-1.4,2.8,-4.2,-18.5,1.098,21,2,0,0,2
98.4,15,isocontour,11.283791670955125,27416.17,57.69,1.0,20.5,1.004,0.8,0.1,0.8,-13.9,12.7,1.107,25,3,0,0,3
98.4,16,isocontour,11.283791670955125,46339.65,97.52,-24.5,20.9,0.532,-0.9,-0.3,0.9,-24.5,20.9,0.533,16,0,0,0,0
98.4,17,isocontour,11.283791670955125,27873.05,58.66,10.7,16.2,1.068,-2.8,1.2,3.0,-13.9,12.7,1.107,25,6,0,0,6
98.4,18,isocontour,11.283791670955125,33687.13,70.89,-7.9,19.4,0.983,-1.6,1.3,2.1,-13.9,12.7,1.107,25,3,0,0,3
98.4,19,isocontour,11.283791670955125,29440.4,61.95,-20.5,-2.4,0.998,2.1,-0.9,2.3,-13.9,12.7,1.107,25,3,0,0,3
98.4,20,isocontour,11.283791670955125,30751.49,64.71,10.6,-17.9,0.991,2.4,0.9,2.6,-4.2,-18.5,1.098,21,2,0,0,2
98.4,21,isocontour,11.283791670955125,30292.48,63.75,-3.7,-18.5,1.101,2.8,-0.3,2.8,-3.7,-18.5,1.099,21,2,0,0,2
98.4,22,isocontour,11.283791670955125,32716.57,68.85,-18.2,-10.2,0.986,-1.2,0.0,1.2,-13.9,12.7,1.107,25,3,0,0,3
98.4,23,isocontour,11.283791670955125,32890.88,69.21,-19.7,6.5,0.993,-0.4,-2.3,2.3,-13.9,12.7,1.107,25,3,0,0,3
98.4,24,isocontour,11.283791670955125,30875.05,64.97,3.6,-20.5,0.987,-2.4,-1.8,3.0,-4.0,-18.5,1.099,21,3,0,0,3
98.4,25,isocontour,11.283791670955125,30579.02,64.35,-14.2,13.3,1.064,-1.3,2.1,2.5,-14.2,13.3,1.107,25,3,0,0,3
98.4,Target,,,,,0.0,0.0,4.023,0.0,0.0,,,,,,,,,
98.5,1,isocontour,11.283791670955125,28252.96,59.45,16.4,12.7,0.993,-0.5,1.1,1.2,-13.9,12.7,1.107,25,8,0,0,8
98.5,2,isocontour,11.283791670955125,27073.04,56.97,8.1,19.2,0.989,-1.6,-0.6,1.7,-13.9,12.7,1.107,25,4,0,0,4
98.5,3,isocontour,11.283791670955125,27415.5,57.69,14.0,15.6,0.979,0.5,-0.7,0.9,-13.9,12.7,1.107,25,8,0,0,8
98.5,4,isocontour,11.283791670955125,32278.39,67.93,18.3,9.9,0.987,0.9,1.2,1.5,-13.9,12.7,1.107,25,9,0,0,9
98.5,5,isocontour,11.283791670955125,30274.95,63.71,17.8,9.0,1.035,-1.4,2.5,2.9,-13.9,12.7,1.107,25,9,0,0,9
98.5,6,isocontour,11.283791670955125,32313.54,68.0,18.1,7.4,1.058,-2.1,1.3,2.5,-13.9,12.7,1.107,25,8,0,0,8
98.5,7,isocontour,11.283791670955125,30207.8,63.57,-15.6,14.1,0.976,-2.3,-1.6,2.8,-13.9,12.7,1.107,25,3,0,0,3
98.5,8,isocontour,11.283791670955125,32116.79,67.59,18.8,7.2,1.026,0.7,0.5,0.9,-13.9,12.7,1.107,25,8,0,0,8
98.5,9,isocontour,11.283791670955125,30447.31,64.07,19.3,7.8,0.986,-1.3,1.7,2.1,-13.9,12.7,1.107,25,8,0,0,8
98.5,10,isocontour,11.283791670955125,30238.81,63.63,19.4,-1.3,1.066,-0.3,0.9,0.9,-13.9,12.7,1.107,25,6,0,0,6
98.5,11,isocontour,11.283791670955125,31983.41,67.31,-17.1,-9.8,1.051,-1.3,2.5,2.8,-13.9,12.7,1.107,25,3,0,0,3
98.5,12,isocontour,11.283791670955125,29597.87,62.29,-12.5,-16.4,0.995,-0.8,0.4,0.9,-13.9,12.7,1.107,25,3,0,0,3
98.5,13,isocontour,11.283791670955125,27822.58,58.55,20.8,-0.1,0.989,-1.0,0.9,1.3,-13.9,12.7,1.107,25,6,0,0,6
98.5,14,isocontour,11.283791670955125,30328.64,63.82,7.4,-18.8,1.02,0.2,-1.3,1.3,-3.7,-18.5,1.101,21,3,0,0,3
98.5,15,isocontour,11.283791670955125,27385.65,57.63,0.8,20.5,1.004,-2.9,0.2,2.9,-13.9,12.7,1.107,25,3,0,0,3
98.5,16,isocontour,11.283791670955125,46338.55,97.51,-24.6,20.8,0.532,-0.6,-0.8,1.0,-24.6,20.8,0.533,16,0,0,0,0
98.5,17,isocontour,11.283791670955125,27856.2,58.62,10.5,16.1,1.08,-0.7,-2.2,2.3,-13.9,12.7,1.107,25,6,0,0,6
98.5,18,isocontour,11.283791670955125,33667.36,70.85,-7.7,19.3,0.988,2.4,-0.6,2.5,-13.9,12.7,1.107,25,3,0,0,3
98.5,19,isocontour,11.283791670955125,29439.58,61.95,-20.4,-2.5,0.999,-0.1,-0.8,0.8,-13.9,12.7,1.107,25,3,0,0,3
98.5,20,isocontour,11.283791670955125,30730.26,64.67,10.8,-17.8,0.988,2.4,0.9,2.6,-4.0,-18.5,1.099,21,2,0,0,2
98.5,21,isocontour,11.283791670955125,30261.65,63.68,-3.9,-18.5,1.1,-2.9,0.4,2.9,-13.9,12.7,1.107,25,3,0,0,3
98.5,22,isocontour,11.283791670955125,32712.1,68.84,-18.3,-10.1,0.984,-0.9,1.2,1.5,-13.9,12.7,1.107,25,3,0,0,3
98.5,23,isocontour,11.283791670955125,32886.75,69.21,-19.6,6.5,0.995,0.8,1.2,1.4,-13.9,12.7,1.107,25,3,0,0,3
98.5,24,isocontour,11.283791670955125,30874.02,64.97,3.5,-20.6,0.984,-0.7,-0.6,0.9,-3.7,-18.5,1.101,21,3,0,0,3
98.5,25,isocontour,11.283791670955125,30563.2,64.32,-14.3,13.1,1.068,-0.5,-2.3,2.4,-14.3,13.1,1.107,25,3,0,0,3
98.5,Target,,,,,0.0,0.0,4.023,0.0,0.0,,,,,,,,,
98.6,1,isocontour,11.283791670955125,28251.3,59.45,16.3,12.8,0.991,-0.5,1.0,1.1,-13.9,12.7,1.107,25,8,0,0,8
98.6,2,isocontour,11.283791670955125,27067.13,56.96,8.0,19.0,0.997,-0.5,-1.6,1.7,-13.9,12.7,1.107,25,4,0,0,4
98.6,3,isocontour,11.283791670955125,27398.22,57.66,14.0,15.4,0.988,-0.1,-2.4,2.4,-13.9,12.7,1.107,25,8,0,0,8
98.6,4,isocontour,11.283791670955125,32274.97,67.92,18.2,10.0,0.987,-1.0,1.0,1.4,-13.9,12.7,1.107,25,9,0,0,9
98.6,5,isocontour,11.283791670955125,30274.07,63.71,17.9,9.0,1.032,0.8,-0.4,0.9,-13.9,12.7,1.107,25,9,0,0,9
98.6,6,isocontour,11.283791670955125,32285.79,67.94,18.0,7.6,1.058,-0.8,2.7,2.8,-13.9,12.7,1.107,25,8,0,0,8
98.6,7,isocontour,11.283791670955125,30179.75,63.51,-15.7,13.9,0.981,-0.7,-2.7,2.8,-13.9,12.7,1.107,25,4,0,0,4
98.6,8,isocontour,11.283791670955125,32112.91,67.58,18.7,7.3,1.03,-1.3,0.7,1.5,-13.9,12.7,1.107,25,8,0,0,8
98.6,9,isocontour,11.283791670955125,30443.82,64.07,19.2,7.9,0.991,-1.3,0.5,1.4,-13.9,12.7,1.107,25,8,0,0,8
98.6,10,isocontour,11.283791670955125,30237.68,63.63,19.4,-1.2,1.068,-0.2,0.9,0.9,-13.9,12.7,1.107,25,6,0,0,6
98.6,11,isocontour,11.283791670955125,31957.39,67.25,-17.1,-9.6,1.056,-0.3,2.7,2.7,-13.9,12.7,1.107,25,3,0,0,3
98.6,12,isocontour,11.283791670955125,29572.7,62.23,-12.4,-16.6,0.991,1.4,-2.3,2.7,-13.9,12.7,1.107,25,3,0,0,3
98.6,13,isocontour,11.283791670955125,27820.32,58.54,20.7,-0.0,0.994,-0.8,0.8,1.1,-13.9,12.7,1.107,25,6,0,0,6
98.6,14,isocontour,11.283791670955125,30327.9,63.82,7.5,-18.9,1.015,0.6,-0.6,0.8,-3.7,-18.5,1.101,21,2,0,0,2
98.6,15,isocontour,11.283791670955125,27384.29,57.63,0.6,20.5,1.003,-1.0,0.1,1.0,-13.9,12.7,1.107,25,3,0,0,3
98.6,16,isocontour,11.283791670955125,46307.07,97.45,-24.3,20.7,0.539,2.7,-1.2,3.0,-13.9,12.7,1.107,25,1,0,0,1
98.6,17,isocontour,11.283791670955125,27835.46,58.58,10.4,16.1,1.082,-2.1,1.4,2.5,-13.9,12.7,1.107,25,6,0,0,6
98.6,18,isocontour,11.283791670955125,33666.54,70.85,-7.6,19.3,0.989,0.8,0.3,0.9,-13.9,12.7,1.107,25,3,0,0,3
98.6,19,isocontour,11.283791670955125,29437.15,61.95,-20.5,-2.6,0.995,-0.8,-0.9,1.2,-13.9,12.7,1.107,25,3,0,0,3
98.6,20,isocontour,11.283791670955125,30728.16,64.66,10.8,-17.7,0.993,-0.9,0.8,1.2,-3.7,-18.5,1.101,21,2,0,0,2
98.6,21,isocontour,11.283791670955125,30259.9,63.68,-4.0,-18.4,1.103,-0.9,0.7,1.1,-13.9,12.7,1.107,25,2,0,0,2
98.6,22,isocontour,11.283791670955125,32705.06,68.82,-18.3,-10.0,0.983,-0.9,1.5,1.7,-13.9,12.7,1.107,25,3,0,0,3
98.6,23,isocontour,11.283791670955125,32876.91,69.19,-19.7,6.6,0.986,-1.7,1.0,2.0,-13.9,12.7,1.107,25,3,0,0,3
98.6,24,isocontour,11.283791670955125,30872.62,64.97,3.6,-20.6,0.983,1.0,0.2,1.0,-13.9,12.7,1.107,25,3,0,0,3
98.6,25,isocontour,11.283791670955125,30546.77,64.28,-14.3,12.9,1.075,-0.5,-2.3,2.4,-14.3,12.9,1.107,25,3,0,0,3
98.6,Target,,,,,0.0,0.0,4.023,0.0,0.0,,,,,,,,,
98.7,1,isocontour,11.283791670955125,28225.85,59.4,16.5,12.9,0.979,2.1,1.7,2.7,-13.9,12.7,1.107,25,8,0,0,8
98.7,2,isocontour,11.283791670955125,27056.98,56.94,7.9,19.1,0.995,-1.4,1.4,2.0,-13.9,12.7,1.107,25,4,0,0,4
98.7,3,isocontour,11.283791670955125,27372.77,57.6,13.8,15.2,1.002,-1.9,-2.0,2.8,-13.9,12.7,1.107,25,8,0,0,8
98.7,4,isocontour,11.283791670955125,32247.51,67.86,18.2,9.8,0.997,-0.9,-2.6,2.8,-13.9,12.7,1.107,25,9,0,0,9
98.7,5,isocontour,11.283791670955125,30264.81,63.69,17.8,8.8,1.039,-0.7,-1.8,1.9,-13.9,12.7,1.107,25,9,0,0,9
98.7,6,isocontour,11.283791670955125,32260.33,67.89,18.1,7.9,1.05,0.5,2.7,2.7,-13.9,12.7,1.107,25,8,0,0,8
98.7,7,isocontour,11.283791670955125,30173.93,63.5,-15.5,13.9,0.987,1.6,0.5,1.7,-13.9,12.7,1.107,25,4,0,0,4
98.7,8,isocontour,11.283791670955125,32089.63,67.53,18.6,7.5,1.032,-1.3,2.3,2.6,-13.9,12.7,1.107,25,8,0,0,8
98.7,9,isocontour,11.283791670955125,30419.47,64.01,19.3,8.1,0.983,1.2,2.4,2.7,-13.9,12.7,1.107,25,8,0,0,8
98.7,10,isocontour,11.283791670955125,30209.32,63.57,19.4,-0.9,1.069,-0.1,2.8,2.8,-13.9,12.7,1.107,25,6,0,0,6
98.7,11,isocontour,11.283791670955125,31946.47,67.23,-17.2,-9.4,1.054,-1.4,1.5,2.1,-13.9,12.7,1.107,25,3,0,0,3
98.7,12,isocontour,11.283791670955125,29546.39,62.18,-12.3,-16.8,0.986,1.7,-2.2,2.8,-13.9,12.7,1.107,25,3,0,0,3
98.7,13,isocontour,11.283791670955125,27792.26,58.49,20.7,-0.3,0.994,0.1,-2.8,2.8,-13.9,12.7,1.107,25,6,0,0,6
98.7,14,isocontour,11.283791670955125,30326.46,63.82,7.6,-18.9,1.014,1.0,0.2,1.0,-13.9,12.7,1.107,25,2,0,0,2
98.7,15,isocontour,11.283791670955125,27351.51,57.56,0.4,20.6,0.997,-2.6,1.3,2.9,-13.9,12.7,1.107,25,3,0,0,3
98.7,16,isocontour,11.283791670955125,46269.07,97.37,-24.1,20.5,0.548,2.3,-2.0,3.0,-13.9,12.7,1.107,25,1,0,0,1
98.7,17,isocontour,11.283791670955125,27833.25,58.57,10.2,16.2,1.083,-1.1,0.5,1.2,-13.9,12.7,1.107,25,6,0,0,6
98.7,18,isocontour,11.283791670955125,33665.86,70.85,-7.5,19.4,0.99,0.8,0.2,0.8,-13.9,12.7,1.107,25,3,0,0,3
98.7,19,isocontour,11.283791670955125,29407.26,61.88,-20.6,-2.4,0.993,-0.5,2.8,2.8,-13.9,12.7,1.107,25,3,0,0,3
98.7,20,isocontour,11.283791670955125,30727.37,64.66,10.8,-17.6,0.995,0.6,0.6,0.8,-13.9,12.7,1.107,25,2,0,0,2
98.7,21,isocontour,11.283791670955125,30242.83,63.64,-4.2,-18.3,1.108,-1.9,1.4,2.4,-13.9,12.7,1.107,25,2,0,0,2
98.7,22,isocontour,11.283791670955125,32671.27,68.75,-18.3,-9.7,0.992,0.6,2.9,3.0,-13.9,12.7,1.107,25,3,0,0,3
98.7,23,isocontour,11.283791670955125,32845.11,69.12,-19.9,6.4,0.981,-1.5,-2.5,2.9,-13.9,12.7,1.107,25,3,0,0,3
98.7,24,isocontour,11.283791670955125,30871.45,64.97,3.7,-20.5,0.986,0.6,0.7,0.9,-13.9,12.7,1.107,25,3,0,0,3
98.7,25,isocontour,11.283791670955125,30537.07,64.26,-14.3,13.0,1.072,0.5,1.9,2.0,-14.3,13.0,1.107,25,3,0,0,3
98.7,Target,,,,,0.0,0.0,4.023,0.0,0.0,,,,,,,,,
98.8,1,isocontour,11.283791670955125,28134.39,59.21,16.3,13.2,0.975,-2.4,3.4,4.2,-13.9,12.7,1.107,25,8,0,0,8
98.8,2,isocontour,11.283791670955125,27006.47,56.83,8.0,19.4,0.978,1.1,3.2,3.4,-13.9,12.7,1.107,25,4,0,0,4
98.8,3,isocontour,11.283791670955125,27364.99,57.59,13.9,15.3,0.997,1.7,0.7,1.8,-13.9,12.7,1.107,25,8,0,0,8
98.8,4,isocontour,11.283791670955125,32243.29,67.85,18.2,9.9,0.992,1.0,1.1,1.5,-13.9,12.7,1.107,25,9,0,0,9
98.8,5,isocontour,11.283791670955125,30247.31,63.65,17.6,8.9,1.047,-2.1,1.2,2.4,-13.9,12.7,1.107,25,9,0,0,9
98.8,6,isocontour,11.283791670955125,32239.6,67.84,18.0,8.1,1.046,-0.6,2.5,2.6,-13.9,12.7,1.107,25,8,0,0,8
98.8,7,isocontour,11.283791670955125,30160.8,63.47,-15.3,13.9,0.995,2.2,0.0,2.2,-13.9,12.7,1.107,25,4,0,0,4
98.8,8,isocontour,11.283791670955125,32086.42,67.52,18.5,7.6,1.037,-1.2,0.6,1.3,-13.9,12.7,1.107,25,8,0,0,8
98.8,9,isocontour,11.283791670955125,30419.13,64.01,19.3,8.1,0.978,0.6,0.0,0.6,-13.9,12.7,1.107,25,8,0,0,8
98.8,10,isocontour,11.283791670955125,30208.15,63.57,19.3,-0.8,1.071,-0.3,0.9,0.9,-13.9,12.7,1.107,25,6,0,0,6
98.8,11,isocontour,11.283791670955125,31942.0,67.22,-17.4,-9.3,1.051,-1.2,1.0,1.6,-13.9,12.7,1.107,25,3,0,0,3
98.8,12,isocontour,11.283791670955125,29529.54,62.14,-12.4,-16.8,0.986,-1.8,1.5,2.3,-4.2,-18.3,1.108,21,3,0,0,3
98.8,13,isocontour,11.283791670955125,27686.31,58.26,20.8,-0.6,0.986,1.5,-4.1,4.4,-13.9,12.7,1.107,25,6,0,0,6
98.8,14,isocontour,11.283791670955125,30295.63,63.75,7.8,-18.8,1.014,2.6,1.2,2.9,-13.9,12.7,1.107,25,2,0,0,2
98.8,15,isocontour,11.283791670955125,27223.13,57.29,-0.0,20.7,0.991,-4.5,1.2,4.7,-13.9,12.7,1.107,25,3,0,0,3
98.8,16,isocontour,11.283791670955125,46234.26,97.29,-23.8,20.4,0.557,2.7,-1.4,3.0,-13.9,12.7,1.107,25,1,0,0,1
98.8,17,isocontour,11.283791670955125,27829.12,58.56,10.3,16.2,1.08,1.4,-0.2,1.4,-13.9,12.7,1.107,25,6,0,0,6
98.8,18,isocontour,11.283791670955125,33664.58,70.84,-7.4,19.4,0.989,0.9,0.5,1.0,-13.9,12.7,1.107,25,3,0,0,3
98.8,19,isocontour,11.283791670955125,29376.43,61.82,-20.7,-2.1,0.989,-1.0,2.7,2.9,-13.9,12.7,1.107,25,3,0,0,3
98.8,20,isocontour,11.283791670955125,30723.16,64.65,10.9,-17.5,0.998,0.7,1.3,1.5,-13.9,12.7,1.107,25,2,0,0,2
98.8,21,isocontour,11.283791670955125,30233.43,63.62,-4.2,-18.4,1.1,0.3,-1.9,1.9,-4.2,-18.4,1.108,21,2,0,0,2
98.8,22,isocontour,11.283791670955125,32670.51,68.75,-18.3,-9.7,0.994,0.5,-0.7,0.9,-13.9,12.7,1.107,25,3,0,0,3
98.8,23,isocontour,11.283791670955125,32823.13,69.07,-19.8,6.2,0.989,1.0,-2.4,2.6,-13.9,12.7,1.107,25,3,0,0,3
98.8,24,isocontour,11.283791670955125,30848.7,64.92,3.9,-20.4,0.992,2.2,1.4,2.6,-4.2,-18.3,1.108,21,3,0,0,3
98.8,25,isocontour,11.283791670955125,30522.83,64.23,-14.1,13.2,1.075,2.0,0.9,2.2,-14.1,13.2,1.107,25,3,0,0,3
98.8,Target,,,,,0.0,0.0,4.023,0.0,0.0,,,,,,,,,
98.9,1,isocontour,11.283791670955125,28107.52,59.15,16.1,13.2,0.987,-2.6,-0.8,2.7,-13.9,12.7,1.107,25,8,0,0,8
98.9,2,isocontour,11.283791670955125,27006.39,56.83,7.9,19.4,0.977,-0.4,-0.1,0.4,-13.9,12.7,1.107,25,4,0,0,4
98.9,3,isocontour,11.283791670955125,27329.48,57.51,13.8,15.5,0.99,-1.4,2.7,3.0,-13.9,12.7,1.107,25,8,0,0,8
98.9,4,isocontour,11.283791670955125,32243.12,67.85,18.3,9.8,0.991,0.3,-0.4,0.5,-13.9,12.7,1.107,25,9,0,0,9
98.9,5,isocontour,11.283791670955125,30239.01,63.63,17.5,9.0,1.053,-1.6,0.9,1.8,-13.9,12.7,1.107,25,9,0,0,9
98.9,6,isocontour,11.283791670955125,32205.47,67.77,17.9,8.4,1.05,-1.9,2.3,3.0,-13.9,12.7,1.107,25,9,0,0,9
98.9,7,isocontour,11.283791670955125,30160.4,63.47,-15.3,13.9,0.993,-0.4,0.5,0.6,-13.9,12.7,1.107,25,4,0,0,4
98.9,8,isocontour,11.283791670955125,32067.35,67.48,18.3,7.7,1.044,-2.0,1.4,2.4,-13.9,12.7,1.107,25,8,0,0,8
98.9,9,isocontour,11.283791670955125,30416.45,64.01,19.2,8.2,0.983,-1.2,0.4,1.3,-13.9,12.7,1.107,25,8,0,0,8
98.9,10,isocontour,11.283791670955125,30179.49,63.51,19.3,-0.6,1.073,-0.3,2.8,2.8,-13.9,12.7,1.107,25,6,0,0,6
98.9,11,isocontour,11.283791670955125,31924.71,67.18,-17.5,-9.1,1.048,-1.6,1.8,2.4,-4.2,-18.3,1.108,21,3,0,0,3
98.9,12,isocontour,11.283791670955125,29528.01,62.14,-12.4,-16.6,0.99,-0.0,1.1,1.1,-4.2,-18.3,1.108,21,3,0,0,3
98.9,13,isocontour,11.283791670955125,27681.48,58.25,20.9,-0.6,0.98,1.1,1.1,1.6,-13.9,12.7,1.107,25,6,0,0,6
98.9,14,isocontour,11.283791670955125,30293.48,63.75,7.9,-18.7,1.017,0.7,0.9,1.1,-4.2,-18.3,1.108,21,2,0,0,2
98.9,15,isocontour,11.283791670955125,27195.37,57.23,-0.3,20.8,0.986,-2.7,0.7,2.8,-13.9,12.7,1.107,25,3,0,0,3
98.9,16,isocontour,11.283791670955125,46220.21,97.26,-23.6,20.3,0.563,2.2,-0.5,2.3,-13.9,12.7,1.107,25,1,0,0,1
98.9,17,isocontour,11.283791670955125,27808.39,58.52,10.6,16.1,1.078,2.3,-1.1,2.5,-13.9,12.7,1.107,25,7,0,0,7
98.9,18,isocontour,11.283791670955125,33628.37,70.77,-7.6,19.2,0.994,-2.2,-2.1,3.0,-13.9,12.7,1.107,25,3,0,0,3
98.9,19,isocontour,11.283791670955125,29375.4,61.82,-20.7,-2.1,0.989,0.2,-0.9,0.9,-13.9,12.7,1.107,25,3,0,0,3
98.9,20,isocontour,11.283791670955125,30700.66,64.61,11.1,-17.4,0.996,2.5,0.8,2.6,-4.2,-18.3,1.108,21,2,0,0,2
98.9,21,isocontour,11.283791670955125,30228.69,63.61,-4.1,-18.6,1.094,1.1,-1.1,1.6,-4.1,-18.6,1.108,21,2,0,0,2
98.9,22,isocontour,11.283791670955125,32669.69,68.75,-18.3,-9.8,0.991,-0.5,-0.7,0.9,-4.2,-18.3,1.108,21,3,0,0,3
98.9,23,isocontour,11.283791670955125,32816.2,69.06,-19.7,6.2,0.996,1.6,0.6,1.7,-13.9,12.7,1.107,25,3,0,0,3
98.9,24,isocontour,11.283791670955125,30816.9,64.85,3.7,-20.5,0.988,-2.5,-1.4,2.9,-4.2,-18.3,1.108,21,3,0,0,3
98.9,25,isocontour,11.283791670955125,30518.0,64.22,-14.2,13.2,1.07,-1.5,0.0,1.5,-14.2,13.2,1.107,25,3,0,0,3
98.9,Target,,,,,0.0,0.0,4.023,0.0,0.0,,,,,,,,,
99.0,1,isocontour,11.283791670955125,28083.71,59.1,16.0,13.0,0.999,-0.5,-2.6,2.6,-13.9,12.7,1.107,25,8,0,0,8
99.0,2,isocontour,11.283791670955125,27002.09,56.82,7.9,19.3,0.983,0.1,-1.5,1.5,-13.9,12.7,1.107,25,4,0,0,4
99.0,3,isocontour,11.283791670955125,27222.8,57.29,13.5,15.8,0.987,-3.0,3.2,4.4,-13.9,12.7,1.107,25,8,0,0,8
99.0,4,isocontour,11.283791670955125,32217.67,67.8,18.3,10.1,0.983,0.4,2.7,2.7,-13.9,12.7,1.107,25,9,0,0,9
99.0,5,isocontour,11.283791670955125,30234.08,63.62,17.4,9.1,1.056,-1.1,1.1,1.6,-13.9,12.7,1.107,25,9,0,0,9
99.0,6,isocontour,11.283791670955125,32194.71,67.75,17.7,8.5,1.055,-1.6,1.3,2.1,-13.9,12.7,1.107,25,9,0,0,9
99.0,7,isocontour,11.283791670955125,30080.86,63.3,-15.7,14.1,0.975,-3.7,1.5,4.0,-13.9,12.7,1.107,25,4,0,0,4
99.0,8,isocontour,11.283791670955125,32042.45,67.43,18.2,7.9,1.043,-0.7,2.6,2.7,-13.9,12.7,1.107,25,8,0,0,8
99.0,9,isocontour,11.283791670955125,30414.84,64.0,19.1,8.2,0.986,-0.9,0.6,1.1,-13.9,12.7,1.107,25,8,0,0,8
99.0,10,isocontour,11.283791670955125,30178.32,63.51,19.3,-0.4,1.075,-0.3,0.9,0.9,-13.9,12.7,1.107,25,6,0,0,6
99.0,11,isocontour,11.283791670955125,31919.98,67.17,-17.4,-9.2,1.052,1.4,-0.6,1.5,-4.2,-18.3,1.108,21,3,0,0,3
99.0,12,isocontour,11.283791670955125,29491.81,62.06,-12.2,-16.8,0.988,2.0,-2.3,3.0,-4.2,-18.3,1.108,21,3,0,0,3
99.0,13,isocontour,11.283791670955125,27679.16,58.25,20.9,-0.5,0.983,-0.8,0.9,1.2,-13.9,12.7,1.107,25,6,0,0,6
99.0,14,isocontour,11.283791670955125,30272.49,63.7,8.1,-18.6,1.014,2.5,0.3,2.5,-4.2,-18.3,1.108,21,2,0,0,2
99.0,15,isocontour,11.283791670955125,27146.61,57.13,-0.6,21.0,0.979,-3.1,1.4,3.4,-13.9,12.7,1.107,25,2,0,0,2
99.0,16,isocontour,11.283791670955125,46216.16,97.26,-23.5,20.2,0.567,0.8,-1.2,1.4,-13.9,12.7,1.107,25,1,0,0,1
99.0,17,isocontour,11.283791670955125,27803.56,58.51,10.6,16.0,1.082,0.5,-1.5,1.6,-13.9,12.7,1.107,25,6,0,0,6
99.0,18,isocontour,11.283791670955125,33625.93,70.76,-7.5,19.2,0.997,1.2,-0.1,1.2,-13.9,12.7,1.107,25,3,0,0,3
99.0,19,isocontour,11.283791670955125,29353.67,61.77,-20.6,-2.0,0.995,0.9,2.4,2.6,-4.2,-18.3,1.108,21,3,0,0,3
99.0,20,isocontour,11.283791670955125,30697.73,64.6,11.2,-17.3,0.998,0.7,1.1,1.3,-4.2,-18.3,1.108,21,2,0,0,2
99.0,21,isocontour,11.283791670955125,30202.67,63.56,-4.3,-18.5,1.092,-2.7,0.4,2.7,-4.3,-18.5,1.108,21,2,0,0,2
99.0,22,isocontour,11.283791670955125,32662.41,68.73,-18.4,-9.9,0.982,-1.4,-1.1,1.8,-4.2,-18.3,1.108,21,3,0,0,3
99.0,23,isocontour,11.283791670955125,32804.63,69.03,-19.7,6.0,1.0,-0.1,-2.1,2.1,-13.9,12.7,1.107,25,3,0,0,3
99.0,24,isocontour,11.283791670955125,30816.38,64.85,3.6,-20.5,0.986,-0.7,-0.3,0.8,-4.2,-18.3,1.108,21,3,0,0,3
99.0,25,isocontour,11.283791670955125,30517.03,64.22,-14.3,13.1,1.069,-0.6,-0.6,0.8,-14.3,13.1,1.107,25,3,0,0,3
99.0,Target,,,,,0.0,0.0,4.023,0.0,0.0,,,,,,,,,
99.1,1,isocontour,11.283791670955125,28081.91,59.09,15.9,13.0,1.0,-0.6,0.9,1.1,-13.9,12.7,1.107,25,8,0,0,8
99.1,2,isocontour,11.283791670955125,26989.67,56.8,8.0,19.1,0.991,0.7,-2.0,2.1,-13.9,12.7,1.107,25,4,0,0,4
99.1,3,isocontour,11.283791670955125,27222.28,57.29,13.5,15.8,0.988,0.4,-0.6,0.7,-13.9,12.7,1.107,25,8,0,0,8
99.1,4,isocontour,11.283791670955125,32195.94,67.75,18.2,10.3,0.979,-0.8,2.4,2.5,-13.9,12.7,1.107,25,9,0,0,9
99.1,5,isocontour,11.283791670955125,30221.13,63.6,17.2,9.2,1.061,-1.6,1.4,2.1,-13.9,12.7,1.107,25,9,0,0,9
99.1,6,isocontour,11.283791670955125,32159.9,67.68,17.6,8.8,1.055,-1.2,2.8,3.0,-13.9,12.7,1.107,25,9,0,0,9
99.1,7,isocontour,11.283791670955125,30069.94,63.28,-15.8,14.0,0.971,-1.5,-1.4,2.1,-13.9,12.7,1.107,25,4,0,0,4
99.1,8,isocontour,11.283791670955125,32040.46,67.43,18.1,8.1,1.043,-0.5,1.0,1.1,-13.9,12.7,1.107,25,9,0,0,9
99.1,9,isocontour,11.283791670955125,30384.33,63.94,19.0,8.4,0.991,-2.0,2.1,2.9,-13.9,12.7,1.107,25,8,0,0,8
99.1,10,isocontour,11.283791670955125,30149.66,63.45,19.3,-0.2,1.077,-0.3,2.8,2.8,-13.9,12.7,1.107,25,6,0,0,6
99.1,11,isocontour,11.283791670955125,31893.96,67.12,-17.4,-9.0,1.057,-0.5,2.7,2.7,-4.2,-18.3,1.108,21,3,0,0,3
99.1,12,isocontour,11.283791670955125,29480.72,62.04,-12.3,-16.7,0.992,-0.9,1.8,2.0,-4.2,-18.3,1.108,21,3,0,0,3
99.1,13,isocontour,11.283791670955125,27646.71,58.18,20.8,-0.3,0.987,-0.8,2.8,2.9,-13.9,12.7,1.107,25,6,0,0,6
99.1,14,isocontour,11.283791670955125,30271.32,63.7,8.2,-18.6,1.012,0.9,0.1,0.9,-4.2,-18.3,1.108,21,2,0,0,2
99.1,15,isocontour,11.283791670955125,27143.61,57.12,-0.8,20.9,0.981,-1.1,-0.8,1.4,-13.9,12.7,1.107,25,2,0,0,2
99.1,16,isocontour,11.283791670955125,46192.62,97.21,-23.3,20.1,0.574,2.5,-0.8,2.6,-13.9,12.7,1.107,25,1,0,0,1
99.1,17,isocontour,11.283791670955125,27799.17,58.5,10.7,15.8,1.087,0.6,-1.4,1.5,-13.9,12.7,1.107,25,7,0,0,7
99.1,18,isocontour,11.283791670955125,33618.65,70.75,-7.7,19.2,0.994,-1.8,0.2,1.8,-13.9,12.7,1.107,25,3,0,0,3
99.1,19,isocontour,11.283791670955125,29318.51,61.7,-20.6,-2.2,0.993,-0.3,-3.0,3.0,-4.2,-18.3,1.108,21,3,0,0,3
99.1,20,isocontour,11.283791670955125,30681.09,64.56,11.3,-17.2,1.001,1.7,1.6,2.3,-4.2,-18.3,1.108,21,2,0,0,2
99.1,21,isocontour,11.283791670955125,30174.01,63.5,-4.6,-18.5,1.089,-2.8,0.1,2.8,-4.6,-18.5,1.108,21,2,0,0,2
99.1,22,isocontour,11.283791670955125,32660.97,68.73,-18.5,-10.0,0.976,-0.8,-0.7,1.1,-4.2,-18.3,1.108,21,3,0,0,3
99.1,23,isocontour,11.283791670955125,32777.46,68.98,-19.6,6.2,0.999,0.5,2.7,2.7,-4.2,-18.3,1.108,21,3,0,0,3
99.1,24,isocontour,11.283791670955125,30814.89,64.85,3.6,-20.4,0.99,0.5,0.9,1.0,-4.2,-18.3,1.108,21,3,0,0,3
99.1,25,isocontour,11.283791670955125,30493.49,64.17,-14.4,12.9,1.073,-1.2,-2.4,2.7,-14.4,12.9,1.107,25,3,0,0,3
99.1,Target,,,,,0.0,0.0,4.023,0.0,0.0,,,,,,,,,
99.2,1,isocontour,11.283791670955125,28071.92,59.07,16.1,13.1,0.991,1.8,0.7,1.9,-13.9,12.7,1.107,25,8,0,0,8
99.2,2,isocontour,11.283791670955125,26986.39,56.79,8.0,19.2,0.989,-0.7,1.2,1.4,-13.9,12.7,1.107,25,4,0,0,4
99.2,3,isocontour,11.283791670955125,27219.67,57.28,13.5,15.7,0.993,0.0,-1.3,1.3,-13.9,12.7,1.107,25,8,0,0,8
99.2,4,isocontour,11.283791670955125,32193.14,67.75,18.1,10.4,0.982,-1.1,0.6,1.3,-13.9,12.7,1.107,25,9,0,0,9
99.2,5,isocontour,11.283791670955125,30186.67,63.52,17.1,9.5,1.061,-1.4,2.7,3.0,-13.9,12.7,1.107,25,9,0,0,9
99.2,6,isocontour,11.283791670955125,32125.43,67.6,17.4,9.0,1.054,-1.2,2.8,3.0,-13.9,12.7,1.107,25,9,0,0,9
99.2,7,isocontour,11.283791670955125,30065.97,63.27,-15.9,13.8,0.972,-0.9,-1.2,1.5,-4.2,-18.3,1.108,21,4,0,0,4
99.2,8,isocontour,11.283791670955125,32028.21,67.4,18.1,8.3,1.039,-0.1,2.1,2.1,-13.9,12.7,1.107,25,9,0,0,9
99.2,9,isocontour,11.283791670955125,30366.38,63.9,19.0,8.2,0.995,0.5,-2.4,2.5,-13.9,12.7,1.107,25,9,0,0,9
99.2,10,isocontour,11.283791670955125,30148.56,63.44,19.2,-0.1,1.079,-0.2,0.9,0.9,-13.9,12.7,1.107,25,6,0,0,6
99.2,11,isocontour,11.283791670955125,31862.16,67.05,-17.2,-9.0,1.067,2.7,-1.2,3.0,-4.2,-18.3,1.108,21,3,0,0,3
99.2,12,isocontour,11.283791670955125,29480.26,62.04,-12.3,-16.6,0.993,-0.5,0.5,0.7,-4.2,-18.3,1.108,21,3,0,0,3
99.2,13,isocontour,11.283791670955125,27614.59,58.11,20.7,0.0,0.992,-0.7,2.8,2.9,-13.9,12.7,1.107,25,6,0,0,6
99.2,14,isocontour,11.283791670955125,30270.22,63.7,8.3,-18.6,1.014,0.7,0.6,0.9,-4.2,-18.3,1.108,21,2,0,0,2
99.2,15,isocontour,11.283791670955125,27138.3,57.11,-0.8,20.8,0.989,-0.0,-1.6,1.6,-13.9,12.7,1.107,25,2,0,0,2
99.2,16,isocontour,11.283791670955125,46178.19,97.18,-23.1,20.0,0.581,2.2,-0.6,2.3,-13.9,12.7,1.107,25,1,0,0,1
99.2,17,isocontour,11.283791670955125,27798.0,58.5,10.7,15.7,1.09,0.5,-0.8,0.9,-13.9,12.7,1.107,25,8,0,0,8
99.2,18,isocontour,11.283791670955125,33591.77,70.69,-7.9,19.2,0.988,-2.8,-0.1,2.8,-13.9,12.7,1.107,25,3,0,0,3
99.2,19,isocontour,11.283791670955125,29305.74,61.67,-20.7,-2.4,0.985,-1.4,-1.6,2.1,-4.2,-18.3,1.108,21,3,0,0,3
99.2,20,isocontour,11.283791670955125,30676.16,64.55,11.4,-17.0,1.004,0.8,1.4,1.6,-4.2,-18.3,1.108,21,2,0,0,2
99.2,21,isocontour,11.283791670955125,30149.94,63.45,-4.8,-18.5,1.084,-2.7,-0.1,2.7,-4.8,-18.5,1.108,21,2,0,0,2
99.2,22,isocontour,11.283791670955125,32630.14,68.67,-18.3,-9.8,0.988,2.3,1.7,2.9,-4.2,-18.3,1.108,21,3,0,0,3
99.2,23,isocontour,11.283791670955125,32772.9,68.97,-19.7,6.4,0.993,-0.9,1.2,1.5,-4.2,-18.3,1.108,21,3,0,0,3
99.2,24,isocontour,11.283791670955125,30812.03,64.84,3.5,-20.5,0.988,-1.1,-0.7,1.3,-4.2,-18.3,1.108,21,3,0,0,3
99.2,25,isocontour,11.283791670955125,30491.49,64.17,-14.5,12.8,1.074,-0.6,-1.0,1.2,-4.2,-18.3,1.108,21,3,0,0,3
99.2,Target,,,,,0.0,0.0,4.023,0.0,0.0,,,,,,,,,
99.3,1,isocontour,11.283791670955125,27973.04,58.87,16.0,13.5,0.984,-1.7,3.9,4.3,-13.9,12.7,1.107,25,8,0,0,8
99.3,2,isocontour,11.283791670955125,26986.2,56.79,8.0,19.2,0.987,0.5,-0.0,0.5,-13.9,12.7,1.107,25,4,0,0,4
99.3,3,isocontour,11.283791670955125,27202.38,57.24,13.5,15.9,0.988,-0.9,2.2,2.4,-13.9,12.7,1.107,25,8,0,0,8
99.3,4,isocontour,11.283791670955125,32175.42,67.71,18.1,10.2,0.991,-0.6,-2.3,2.4,-13.9,12.7,1.107,25,9,0,0,9
99.3,5,isocontour,11.283791670955125,30170.23,63.49,17.2,9.5,1.052,2.3,-0.3,2.3,-13.9,12.7,1.107,25,9,0,0,9
99.3,6,isocontour,11.283791670955125,32108.58,67.57,17.5,9.2,1.043,1.3,2.0,2.4,-13.9,12.7,1.107,25,9,0,0,9
99.3,7,isocontour,11.283791670955125,30038.51,63.21,-15.8,13.6,0.984,1.5,-2.4,2.8,-4.2,-18.3,1.108,21,4,0,0,4
99.3,8,isocontour,11.283791670955125,32002.48,67.35,18.0,8.5,1.037,-0.8,2.6,2.7,-13.9,12.7,1.107,25,9,0,0,9
99.3,9,isocontour,11.283791670955125,30342.03,63.85,19.2,8.1,0.988,2.3,-1.4,2.7,-13.9,12.7,1.107,25,9,0,0,9
99.3,10,isocontour,11.283791670955125,30120.21,63.38,19.2,0.2,1.08,-0.2,2.8,2.8,-13.9,12.7,1.107,25,6,0,0,6
99.3,11,isocontour,11.283791670955125,31838.09,67.0,-17.1,-9.2,1.066,0.7,-2.6,2.7,-4.2,-18.3,1.108,21,3,0,0,3
99.3,12,isocontour,11.283791670955125,29479.67,62.04,-12.4,-16.6,0.991,-0.8,-0.1,0.8,-4.2,-18.3,1.108,21,3,0,0,3
99.3,13,isocontour,11.283791670955125,27613.77,58.11,20.7,-0.0,0.992,0.1,-0.8,0.8,-13.9,12.7,1.107,25,6,0,0,6
99.3,14,isocontour,11.283791670955125,30249.97,63.66,8.5,-18.5,1.012,2.4,0.7,2.5,-4.2,-18.3,1.108,21,2,0,0,2
99.3,15,isocontour,11.283791670955125,27137.76,57.11,-0.7,20.7,0.991,0.7,0.0,0.7,-13.9,12.7,1.107,25,2,0,0,2
99.3,16,isocontour,11.283791670955125,46140.91,97.1,-22.8,19.9,0.59,2.4,-1.9,3.1,-4.2,-18.3,1.108,21,2,0,0,2
99.3,17,isocontour,11.283791670955125,27788.6,58.48,10.8,15.6,1.096,0.7,-1.8,1.9,-13.9,12.7,1.107,25,8,0,0,8
99.3,18,isocontour,11.283791670955125,33588.91,70.68,-7.9,19.1,0.994,0.7,-1.1,1.3,-4.2,-18.3,1.108,21,3,0,0,3
99.3,19,isocontour,11.283791670955125,29220.69,61.49,-20.7,-2.0,0.99,0.9,4.0,4.1,-4.2,-18.3,1.108,21,3,0,0,3
99.3,20,isocontour,11.283791670955125,30655.67,64.51,11.6,-16.9,1.002,2.4,0.9,2.6,-4.2,-18.3,1.108,21,2,0,0,2
99.3,21,isocontour,11.283791670955125,30126.92,63.4,-5.1,-18.5,1.08,-2.6,-0.1,2.6,-5.1,-18.5,1.108,21,2,0,0,2
99.3,22,isocontour,11.283791670955125,32614.73,68.63,-18.1,-9.9,0.998,2.2,-0.8,2.3,-4.2,-18.3,1.108,21,3,0,0,3
99.3,23,isocontour,11.283791670955125,32771.11,68.96,-19.8,6.4,0.989,-0.8,-0.8,1.1,-4.2,-18.3,1.108,21,3,0,0,3
99.3,24,isocontour,11.283791670955125,30809.16,64.83,3.4,-20.4,0.992,-1.0,0.8,1.3,-4.2,-18.3,1.108,21,3,0,0,3
99.3,25,isocontour,11.283791670955125,30481.04,64.14,-14.6,12.7,1.071,-1.7,-1.0,2.0,-4.2,-18.3,1.108,21,4,0,0,4
99.3,Target,,,,,0.0,0.0,4.023,0.0,0.0,,,,,,,,,
99.4,1,isocontour,11.283791670955125,27972.04,58.86,15.9,13.5,0.987,-0.8,-0.4,0.9,-13.9,12.7,1.107,25,8,0,0,8
99.4,2,isocontour,11.283791670955125,26979.85,56.78,7.9,19.1,0.995,-1.2,-1.2,1.7,-13.9,12.7,1.107,25,4,0,0,4
99.4,3,isocontour,11.283791670955125,27201.86,57.24,13.4,15.9,0.99,-0.7,-0.1,0.7,-13.9,12.7,1.107,25,8,0,0,8
99.4,4,isocontour,11.283791670955125,32143.94,67.64,17.9,10.4,0.992,-1.4,2.5,2.9,-13.9,12.7,1.107,25,9,0,0,9
99.4,5,isocontour,11.283791670955125,30169.24,63.49,17.3,9.6,1.049,-0.2,0.9,0.9,-13.9,12.7,1.107,25,9,0,0,9
99.4,6,isocontour,11.283791670955125,32004.78,67.35,17.8,9.0,1.039,2.4,-3.6,4.3,-13.9,12.7,1.107,25,9,0,0,9
99.4,7,isocontour,11.283791670955125,30027.9,63.19,-15.7,13.7,0.989,1.7,1.1,2.0,-4.2,-18.3,1.108,21,4,0,0,4
99.4,8,isocontour,11.283791670955125,31981.74,67.3,17.8,8.5,1.048,-2.5,-0.2,2.5,-13.9,12.7,1.107,25,9,0,0,9
99.4,9,isocontour,11.283791670955125,30342.01,63.85,19.2,8.1,0.987,-0.1,0.2,0.2,-13.9,12.7,1.107,25,9,0,0,9
99.4,10,isocontour,11.283791670955125,30119.14,63.38,19.2,0.3,1.081,-0.2,0.9,0.9,-13.9,12.7,1.107,25,6,0,0,6
99.4,11,isocontour,11.283791670955125,31814.01,66.95,-17.3,-9.4,1.052,-1.9,-1.9,2.7,-4.2,-18.3,1.108,21,3,0,0,3
99.4,12,isocontour,11.283791670955125,29472.98,62.02,-12.5,-16.7,0.983,-1.3,-1.2,1.8,-4.2,-18.3,1.108,21,3,0,0,3
99.4,13,isocontour,11.283791670955125,27590.5,58.06,20.9,-0.2,0.984,1.6,-2.1,2.6,-13.9,12.7,1.107,25,6,0,0,6
99.4,14,isocontour,11.283791670955125,30248.73,63.65,8.6,-18.4,1.014,0.6,0.8,1.0,-4.2,-18.3,1.108,21,2,0,0,2
99.4,15,isocontour,11.283791670955125,27137.05,57.11,-0.6,20.8,0.99,0.8,0.2,0.8,-4.2,-18.3,1.108,21,2,0,0,2
99.4,16,isocontour,11.283791670955125,46104.35,97.02,-22.6,19.6,0.599,2.0,-2.3,3.0,-4.2,-18.3,1.108,21,2,0,0,2
99.4,17,isocontour,11.283791670955125,27788.12,58.48,10.9,15.5,1.098,0.5,-0.5,0.7,-13.9,12.7,1.107,25,8,0,0,8
99.4,18,isocontour,11.283791670955125,33587.34,70.68,-8.0,19.1,0.994,-1.0,-0.3,1.0,-4.2,-18.3,1.108,21,3,0,0,3
99.4,19,isocontour,11.283791670955125,29220.06,61.49,-20.7,-1.9,0.989,-0.5,0.6,0.8,-4.2,-18.3,1.108,21,3,0,0,3
99.4,20,isocontour,11.283791670955125,30614.27,64.42,11.9,-16.9,0.995,3.1,0.6,3.2,-4.2,-18.3,1.108,21,2,0,0,2
99.4,21,isocontour,11.283791670955125,30124.66,63.39,-5.1,-18.6,1.077,1.0,-0.7,1.2,-5.1,-18.6,1.108,21,2,0,0,2
99.4,22,isocontour,11.283791670955125,32601.95,68.61,-18.1,-9.7,1.003,-0.4,2.1,2.1,-4.2,-18.3,1.108,21,3,0,0,3
99.4,23,isocontour,11.283791670955125,32742.15,68.9,-19.8,6.1,0.99,-0.6,-2.8,2.9,-4.2,-18.3,1.108,21,3,0,0,3
99.4,24,isocontour,11.283791670955125,30803.35,64.82,3.3,-20.5,0.989,-1.2,-1.1,1.6,-4.2,-18.3,1.108,21,3,0,0,3
99.4,25,isocontour,11.283791670955125,30463.97,64.11,-14.5,12.7,1.077,2.3,0.7,2.4,-4.2,-18.3,1.108,21,4,0,0,4
99.4,Target,,,,,0.0,0.0,4.023,0.0,0.0,,,,,,,,,
99.5,1,isocontour,11.283791670955125,27941.21,58.8,15.7,13.6,0.991,-2.3,1.7,2.9,-13.9,12.7,1.107,25,8,0,0,8
99.5,2,isocontour,11.283791670955125,26978.6,56.77,7.8,19.1,0.999,-0.9,-0.3,0.9,-4.2,-18.3,1.108,21,4,0,0,4
99.5,3,isocontour,11.283791670955125,27194.2,57.23,13.2,15.8,0.998,-1.6,-0.8,1.8,-13.9,12.7,1.107,25,8,0,0,8
99.5,4,isocontour,11.283791670955125,32126.87,67.61,17.8,10.6,0.992,-1.2,2.0,2.3,-13.9,12.7,1.107,25,9,0,0,9
99.5,5,isocontour,11.283791670955125,30167.39,63.48,17.3,9.7,1.045,0.1,1.1,1.1,-13.9,12.7,1.107,25,9,0,0,9
99.5,6,isocontour,11.283791670955125,31882.87,67.09,17.7,9.3,1.032,-0.7,4.5,4.6,-13.9,12.7,1.107,25,9,0,0,9
99.5,7,isocontour,11.283791670955125,30025.64,63.19,-15.5,13.7,0.992,1.1,0.4,1.2,-4.2,-18.3,1.108,21,4,0,0,4
99.5,8,isocontour,11.283791670955125,31980.57,67.3,17.7,8.4,1.054,-0.4,-0.9,1.0,-13.9,12.7,1.107,25,9,0,0,9
99.5,9,isocontour,11.283791670955125,30336.2,63.84,19.1,8.2,0.986,-0.5,1.6,1.7,-13.9,12.7,1.107,25,9,0,0,9
99.5,10,isocontour,11.283791670955125,30090.79,63.32,19.2,0.6,1.082,-0.3,2.8,2.8,-13.9,12.7,1.107,25,6,0,0,6
99.5,11,isocontour,11.283791670955125,31790.73,66.9,-17.5,-9.4,1.041,-2.5,0.7,2.6,-4.2,-18.3,1.108,21,3,0,0,3
99.5,12,isocontour,11.283791670955125,29419.31,61.91,-12.7,-16.5,0.985,-2.2,2.7,3.5,-4.2,-18.3,1.108,21,3,0,0,3
99.5,13,isocontour,11.283791670955125,27590.09,58.06,20.9,-0.3,0.98,0.5,-0.4,0.6,-13.9,12.7,1.107,25,6,0,0,6
99.5,14,isocontour,11.283791670955125,30238.73,63.63,8.8,-18.4,1.012,2.0,0.2,2.0,-4.2,-18.3,1.108,21,2,0,0,2
99.5,15,isocontour,11.283791670955125,27117.74,57.07,-0.4,20.7,0.996,2.1,-1.2,2.4,-4.2,-18.3,1.108,21,2,0,0,2
99.5,16,isocontour,11.283791670955125,46083.85,96.98,-22.4,19.5,0.607,2.4,-0.9,2.6,-4.2,-18.3,1.108,21,2,0,0,2
99.5,17,isocontour,11.283791670955125,27784.77,58.47,10.9,15.4,1.101,0.6,-1.2,1.3,-13.9,12.7,1.107,25,8,0,0,8
99.5,18,isocontour,11.283791670955125,33559.28,70.62,-8.2,19.0,0.99,-2.8,-0.4,2.8,-4.2,-18.3,1.108,21,3,0,0,3
99.5,19,isocontour,11.283791670955125,29219.84,61.49,-20.7,-1.9,0.987,-0.4,0.4,0.6,-4.2,-18.3,1.108,21,3,0,0,3
99.5,20,isocontour,11.283791670955125,30612.28,64.42,12.1,-16.9,0.99,1.1,-0.2,1.1,-4.2,-18.3,1.108,21,2,0,0,2
99.5,21,isocontour,11.283791670955125,30122.96,63.39,-5.0,-18.7,1.075,0.9,-0.7,1.1,-5.0,-18.7,1.108,21,2,0,0,2
99.5,22,isocontour,11.283791670955125,32598.82,68.6,-18.2,-9.7,0.997,-1.2,-0.5,1.3,-4.2,-18.3,1.108,21,3,0,0,3
99.5,23,isocontour,11.283791670955125,32740.62,68.9,-19.8,6.0,0.993,0.2,-1.0,1.0,-4.2,-18.3,1.108,21,3,0,0,3
99.5,24,isocontour,11.283791670955125,30800.79,64.82,3.2,-20.5,0.989,-1.2,0.1,1.2,-4.2,-18.3,1.108,21,3,0,0,3
99.5,25,isocontour,11.283791670955125,30462.22,64.1,-14.3,12.8,1.081,1.1,0.3,1.1,-4.2,-18.3,1.108,21,4,0,0,4
99.5,Target,,,,,0.0,0.0,4.023,0.0,0.0,,,,,,,,,
99.6,1,isocontour,11.283791670955125,27940.28,58.8,15.7,13.6,0.99,0.8,-0.4,0.9,-4.2,-18.3,1.108,21,8,0,0,8
99.6,2,isocontour,11.283791670955125,26874.09,56.55,7.6,19.3,0.989,-2.8,3.4,4.4,-4.2,-18.3,1.108,21,4,0,0,4
99.6,3,isocontour,11.283791670955125,27179.77,57.2,13.2,16.0,0.992,-0.2,2.2,2.2,-4.2,-18.3,1.108,21,8,0,0,8
99.6,4,isocontour,11.283791670955125,32108.93,67.57,18.0,10.7,0.981,2.1,1.1,2.4,-13.9,12.7,1.107,25,8,0,0,8
99.6,5,isocontour,11.283791670955125,30165.4,63.48,17.2,9.8,1.046,-0.7,0.9,1.1,-13.9,12.7,1.107,25,9,0,0,9
99.6,6,isocontour,11.283791670955125,31877.76,67.08,17.6,9.4,1.035,-1.4,0.7,1.6,-13.9,12.7,1.107,25,9,0,0,9
99.6,7,isocontour,11.283791670955125,30024.91,63.18,-15.5,13.8,0.992,0.5,0.7,0.9,-4.2,-18.3,1.108,21,4,0,0,4
99.6,8,isocontour,11.283791670955125,31956.76,67.25,17.7,8.7,1.052,-0.7,2.6,2.7,-13.9,12.7,1.107,25,9,0,0,9
99.6,9,isocontour,11.283791670955125,30331.08,63.83,19.0,8.3,0.991,-1.5,0.6,1.6,-13.9,12.7,1.107,25,9,0,0,9
99.6,10,isocontour,11.283791670955125,30089.54,63.32,19.1,0.7,1.084,-0.4,0.9,1.0,-13.9,12.7,1.107,25,6,0,0,6
99.6,11,isocontour,11.283791670955125,31783.81,66.89,-17.7,-9.3,1.034,-1.5,0.9,1.7,-4.2,-18.3,1.108,21,3,0,0,3
99.6,12,isocontour,11.283791670955125,29411.01,61.89,-12.9,-16.4,0.984,-1.6,0.9,1.8,-4.2,-18.3,1.108,21,3,0,0,3
99.6,13,isocontour,11.283791670955125,27556.64,57.99,20.9,-0.0,0.984,-0.8,2.9,3.0,-13.9,12.7,1.107,25,5,0,0,5
99.6,14,isocontour,11.283791670955125,30212.14,63.58,8.6,-18.4,1.017,-2.8,0.0,2.8,-4.2,-18.3,1.108,21,2,0,0,2
99.6,15,isocontour,11.283791670955125,27116.92,57.06,-0.5,20.6,0.996,-0.8,0.2,0.8,-4.2,-18.3,1.108,21,2,0,0,2
99.6,16,isocontour,11.283791670955125,46081.54,96.97,-22.3,19.4,0.612,0.9,-0.8,1.2,-4.2,-18.3,1.108,21,2,0,0,2
99.6,17,isocontour,11.283791670955125,27778.07,58.46,11.0,15.5,1.093,1.1,1.3,1.7,-4.2,-18.3,1.108,21,8,0,0,8
99.6,18,isocontour,11.283791670955125,33507.88,70.51,-8.6,19.2,0.977,-3.1,1.5,3.4,-4.2,-18.3,1.108,21,3,0,0,3
99.6,19,isocontour,11.283791670955125,29183.64,61.41,-20.6,-2.1,0.992,1.3,-2.7,3.0,-4.2,-18.3,1.108,21,3,0,0,3
99.6,20,isocontour,11.283791670955125,30611.8,64.42,12.2,-16.9,0.988,0.7,0.2,0.7,-4.2,-18.3,1.108,21,2,0,0,2
99.6,21,isocontour,11.283791670955125,30105.89,63.35,-4.8,-18.8,1.071,2.1,-1.2,2.4,-4.8,-18.8,1.108,21,2,0,0,2
99.6,22,isocontour,11.283791670955125,32595.54,68.59,-18.3,-9.8,0.989,-1.2,-0.6,1.3,-4.2,-18.3,1.108,21,3,0,0,3
99.6,23,isocontour,11.283791670955125,32739.01,68.9,-19.9,5.9,0.991,-0.7,-0.8,1.1,-4.2,-18.3,1.108,21,3,0,0,3
99.6,24,isocontour,11.283791670955125,30799.51,64.81,3.2,-20.5,0.993,0.5,0.9,1.0,-4.2,-18.3,1.108,21,3,0,0,3
99.6,25,isocontour,11.283791670955125,30449.97,64.08,-14.5,12.7,1.076,-2.1,-0.5,2.2,-4.2,-18.3,1.108,21,4,0,0,4
99.6,Target,,,,,0.0,0.0,4.023,0.0,0.0,,,,,,,,,
99.7,1,isocontour,11.283791670955125,27938.48,58.79,15.6,13.5,0.995,-0.9,-0.7,1.1,-4.2,-18.3,1.108,21,8,0,0,8
99.7,2,isocontour,11.283791670955125,26873.13,56.55,7.4,19.4,0.989,-0.9,0.0,0.9,-4.2,-18.3,1.108,21,4,0,0,4
99.7,3,isocontour,11.283791670955125,27122.34,57.08,13.0,16.2,0.99,-2.7,2.4,3.6,-4.2,-18.3,1.108,21,8,0,0,8
99.7,4,isocontour,11.283791670955125,32091.64,67.53,17.9,10.9,0.979,-1.4,2.0,2.4,-4.2,-18.3,1.108,21,9,0,0,9
99.7,5,isocontour,11.283791670955125,30131.95,63.41,17.1,10.0,1.045,-1.4,2.6,3.0,-4.2,-18.3,1.108,21,9,0,0,9
99.7,6,isocontour,11.283791670955125,31875.39,67.08,17.6,9.5,1.032,0.2,1.2,1.2,-4.2,-18.3,1.108,21,9,0,0,9
99.7,7,isocontour,11.283791670955125,29966.5,63.06,-15.4,14.1,0.982,0.4,3.6,3.6,-4.2,-18.3,1.108,21,4,0,0,4
99.7,8,isocontour,11.283791670955125,31944.34,67.22,17.7,8.9,1.047,-0.1,2.1,2.1,-4.2,-18.3,1.108,21,9,0,0,9
99.7,9,isocontour,11.283791670955125,30303.92,63.77,19.1,8.1,0.991,1.2,-2.5,2.8,-4.2,-18.3,1.108,21,9,0,0,9
99.7,10,isocontour,11.283791670955125,30061.19,63.26,19.1,0.9,1.085,-0.2,2.8,2.8,-13.9,12.7,1.107,25,6,0,0,6
99.7,11,isocontour,11.283791670955125,31771.21,66.86,-17.8,-9.2,1.031,-1.4,1.6,2.1,-4.2,-18.3,1.108,21,3,0,0,3
99.7,12,isocontour,11.283791670955125,29408.08,61.89,-12.9,-16.3,0.989,0.1,1.3,1.3,-4.2,-18.3,1.108,21,3,0,0,3
99.7,13,isocontour,11.283791670955125,27554.09,57.98,20.8,0.1,0.988,-0.8,1.0,1.3,-13.9,12.7,1.107,25,6,0,0,6
99.7,14,isocontour,11.283791670955125,30210.7,63.57,8.5,-18.4,1.018,-1.0,-0.4,1.1,-4.2,-18.3,1.108,21,2,0,0,2
99.7,15,isocontour,11.283791670955125,27106.78,57.04,-0.4,20.8,0.988,0.9,1.8,2.0,-4.2,-18.3,1.108,21,2,0,0,2
99.7,16,isocontour,11.283791670955125,46057.73,96.92,-22.2,19.2,0.619,1.3,-2.3,2.6,-4.2,-18.3,1.108,21,2,0,0,2
99.7,17,isocontour,11.283791670955125,27751.77,58.4,11.2,15.4,1.09,2.4,-1.4,2.8,-4.2,-18.3,1.108,21,8,0,0,8
99.7,18,isocontour,11.283791670955125,33499.45,70.5,-8.5,19.0,0.984,0.7,-1.7,1.8,-4.2,-18.3,1.108,21,3,0,0,3
99.7,19,isocontour,11.283791670955125,29179.34,61.4,-20.5,-2.3,0.995,0.6,-1.4,1.5,-4.2,-18.3,1.108,21,3,0,0,3
99.7,20,isocontour,11.283791670955125,30610.8,64.42,12.2,-16.8,0.992,-0.1,0.9,0.9,-4.2,-18.3,1.108,21,2,0,0,2
99.7,21,isocontour,11.283791670955125,30076.0,63.29,-4.5,-18.8,1.072,2.8,-0.5,2.8,-4.5,-18.8,1.108,21,2,0,0,2
99.7,22,isocontour,11.283791670955125,32593.84,68.59,-18.4,-9.8,0.983,-0.9,-0.7,1.1,-4.2,-18.3,1.108,21,3,0,0,3
99.7,23,isocontour,11.283791670955125,32732.43,68.88,-20.0,6.0,0.983,-1.5,0.9,1.7,-4.2,-18.3,1.108,21,3,0,0,3
99.7,24,isocontour,11.283791670955125,30799.12,64.81,3.3,-20.4,0.993,0.7,-0.1,0.7,-4.2,-18.3,1.108,21,3,0,0,3
99.7,25,isocontour,11.283791670955125,30448.4,64.07,-14.6,12.6,1.075,-0.6,-0.9,1.1,-4.2,-18.3,1.108,21,4,0,0,4
99.7,Target,,,,,0.0,0.0,4.023,0.0,0.0,,,,,,,,,
99.8,1,isocontour,11.283791670955125,27909.21,58.73,15.5,13.7,0.995,-1.8,2.2,2.8,-4.2,-18.3,1.108,21,8,0,0,8
99.8,2,isocontour,11.283791670955125,26869.0,56.54,7.5,19.4,0.989,1.4,-0.4,1.5,-4.2,-18.3,1.108,21,4,0,0,4
99.8,3,isocontour,11.283791670955125,27120.68,57.07,13.0,16.2,0.99,0.8,-0.8,1.1,-4.2,-18.3,1.108,21,8,0,0,8
99.8,4,isocontour,11.283791670955125,32070.91,67.49,17.7,10.8,0.991,-1.7,-1.9,2.5,-4.2,-18.3,1.108,21,9,0,0,9
99.8,5,isocontour,11.283791670955125,30103.29,63.35,17.0,10.3,1.043,-1.2,2.6,2.9,-4.2,-18.3,1.108,21,9,0,0,9
99.8,6,isocontour,11.283791670955125,31874.03,67.07,17.5,9.6,1.033,-0.8,0.7,1.1,-4.2,-18.3,1.108,21,9,0,0,9
99.8,7,isocontour,11.283791670955125,29966.16,63.06,-15.5,14.1,0.981,-0.3,-0.6,0.7,-4.2,-18.3,1.108,21,4,0,0,4
99.8,8,isocontour,11.283791670955125,31914.76,67.16,17.5,9.1,1.048,-1.5,2.4,2.8,-4.2,-18.3,1.108,21,9,0,0,9
99.8,9,isocontour,11.283791670955125,30224.98,63.6,19.3,7.8,0.987,2.2,-3.3,4.0,-4.2,-18.3,1.108,21,9,0,0,9
99.8,10,isocontour,11.283791670955125,30038.17,63.21,19.1,1.2,1.085,-0.2,2.6,2.6,-4.2,-18.3,1.108,21,6,0,0,6
99.8,11,isocontour,11.283791670955125,31770.24,66.86,-17.8,-9.1,1.033,0.0,0.9,0.9,-4.2,-18.3,1.108,21,3,0,0,3
99.8,12,isocontour,11.283791670955125,29389.0,61.85,-12.9,-16.1,1.001,0.6,2.4,2.5,-4.2,-18.3,1.108,21,3,0,0,3
99.8,13,isocontour,11.283791670955125,27552.34,57.98,20.7,0.2,0.992,-0.8,0.8,1.1,-4.2,-18.3,1.108,21,6,0,0,6
99.8,14,isocontour,11.283791670955125,30206.06,63.56,8.3,-18.5,1.016,-1.1,-1.1,1.6,-4.2,-18.3,1.108,21,2,0,0,2
99.8,15,isocontour,11.283791670955125,27097.8,57.02,-0.3,21.0,0.979,1.0,1.6,1.9,-4.2,-18.3,1.108,21,2,0,0,2
99.8,16,isocontour,11.283791670955125,46020.08,96.84,-21.9,19.0,0.629,2.4,-1.9,3.1,-4.2,-18.3,1.108,21,2,0,0,2
99.8,17,isocontour,11.283791670955125,27750.53,58.4,11.3,15.3,1.091,0.6,-0.8,1.0,-4.2,-18.3,1.108,21,8,0,0,8
99.8,18,isocontour,11.283791670955125,33472.28,70.44,-8.3,19.0,0.992,2.8,-0.3,2.8,-4.2,-18.3,1.108,21,3,0,0,3
99.8,19,isocontour,11.283791670955125,29158.6,61.36,-20.7,-2.1,0.988,-1.8,1.8,2.5,-4.2,-18.3,1.108,21,3,0,0,3
99.8,20,isocontour,11.283791670955125,30589.57,64.37,12.4,-16.7,0.99,2.4,1.0,2.6,-4.2,-18.3,1.108,21,2,0,0,2
99.8,21,isocontour,11.283791670955125,30045.8,63.23,-4.2,-18.9,1.074,2.9,-0.3,2.9,-4.2,-18.9,1.108,21,2,0,0,2
99.8,22,isocontour,11.283791670955125,32582.75,68.57,-18.5,-9.7,0.985,-0.5,2.0,2.1,-4.2,-18.3,1.108,21,3,0,0,3
99.8,23,isocontour,11.283791670955125,32730.22,68.88,-20.0,5.9,0.987,0.9,-0.7,1.1,-4.2,-18.3,1.108,21,3,0,0,3
99.8,24,isocontour,11.283791670955125,30760.38,64.73,3.1,-20.6,0.985,-2.4,-2.0,3.1,-4.2,-18.3,1.108,21,3,0,0,3
99.8,25,isocontour,11.283791670955125,30426.67,64.03,-14.6,12.8,1.066,-0.1,2.6,2.6,-4.2,-18.3,1.108,21,4,0,0,4
99.8,Target,,,,,0.0,0.0,4.023,0.0,0.0,,,,,,,,,
99.9,1,isocontour,11.283791670955125,27879.94,58.67,15.3,14.0,0.99,-1.0,2.7,2.9,-4.2,-18.3,1.108,21,8,0,0,8
99.9,2,isocontour,11.283791670955125,26837.85,56.48,7.8,19.2,0.991,2.5,-1.5,2.9,-4.2,-18.3,1.108,21,4,0,0,4
99.9,3,isocontour,11.283791670955125,27100.9,57.03,12.9,16.4,0.986,-1.3,2.1,2.5,-4.2,-18.3,1.108,21,8,0,0,8
99.9,4,isocontour,11.283791670955125,32048.15,67.44,17.6,11.0,0.992,-1.1,2.4,2.6,-4.2,-18.3,1.108,21,9,0,0,9
99.9,5,isocontour,11.283791670955125,30101.3,63.34,17.0,10.2,1.042,0.7,-0.9,1.1,-4.2,-18.3,1.108,21,9,0,0,9
99.9,6,isocontour,11.283791670955125,31771.65,66.86,17.4,10.0,1.033,-2.0,3.8,4.3,-4.2,-18.3,1.108,21,9,0,0,9
99.9,7,isocontour,11.283791670955125,29951.54,63.03,-15.3,14.1,0.987,2.2,0.5,2.3,-4.2,-18.3,1.108,21,4,0,0,4
99.9,8,isocontour,11.283791670955125,31912.39,67.16,17.5,9.1,1.053,-0.5,-1.1,1.2,-4.2,-18.3,1.108,21,9,0,0,9
99.9,9,isocontour,11.283791670955125,30224.67,63.6,19.3,7.7,0.989,-0.6,-0.2,0.6,-4.2,-18.3,1.108,21,9,0,0,9
99.9,10,isocontour,11.283791670955125,30037.61,63.21,19.1,1.3,1.086,-0.2,0.7,0.7,-4.2,-18.3,1.108,21,6,0,0,6
99.9,11,isocontour,11.283791670955125,31766.44,66.85,-17.7,-9.1,1.037,1.3,-0.7,1.5,-4.2,-18.3,1.108,21,3,0,0,3
99.9,12,isocontour,11.283791670955125,29388.46,61.84,-12.9,-16.1,0.999,-0.6,-0.4,0.7,-4.2,-18.3,1.108,21,3,0,0,3
99.9,13,isocontour,11.283791670955125,27551.1,57.98,20.7,0.1,0.992,0.3,-0.9,0.9,-4.2,-18.3,1.108,21,6,0,0,6
99.9,14,isocontour,11.283791670955125,30204.4,63.56,8.4,-18.4,1.019,0.5,1.0,1.1,-4.2,-18.3,1.108,21,2,0,0,2
99.9,15,isocontour,11.283791670955125,27070.04,56.97,-0.5,20.8,0.985,-2.2,-1.7,2.8,-4.2,-18.3,1.108,21,2,0,0,2
99.9,16,isocontour,11.283791670955125,45982.44,96.76,-21.7,18.8,0.64,2.4,-1.9,3.1,-4.2,-18.3,1.108,21,2,0,0,2
99.9,17,isocontour,11.283791670955125,27749.17,58.39,11.4,15.2,1.093,0.6,-0.8,1.0,-4.2,-18.3,1.108,21,8,0,0,8
99.9,18,isocontour,11.283791670955125,33471.34,70.44,-8.3,19.0,0.991,-0.9,0.2,0.9,-4.2,-18.3,1.108,21,3,0,0,3
99.9,19,isocontour,11.283791670955125,29158.41,61.36,-20.7,-2.1,0.986,-0.3,0.4,0.5,-4.2,-18.3,1.108,21,3,0,0,3
99.9,20,isocontour,11.283791670955125,30588.47,64.37,12.4,-16.6,0.993,-0.3,0.9,0.9,-4.2,-18.3,1.108,21,2,0,0,2
99.9,21,isocontour,11.283791670955125,30020.07,63.17,-4.4,-18.8,1.074,-2.7,0.6,2.8,-4.4,-18.8,1.108,21,2,0,0,2
99.9,22,isocontour,11.283791670955125,32580.08,68.56,-18.4,-9.7,0.985,0.6,-1.1,1.3,-4.2,-18.3,1.108,21,3,0,0,3
99.9,23,isocontour,11.283791670955125,32699.39,68.81,-19.9,5.7,0.992,0.0,-2.9,2.9,-4.2,-18.3,1.108,21,3,0,0,3
99.9,24,isocontour,11.283791670955125,30759.02,64.73,3.0,-20.7,0.981,-0.8,-0.7,1.1,-4.2,-18.3,1.108,21,3,0,0,3
99.9,25,isocontour,11.283791670955125,30414.08,64.0,-14.5,13.0,1.062,0.9,1.9,2.1,-4.2,-18.3,1.108,21,4,0,0,4
99.9,Target,,,,,0.0,0.0,4.023,0.0,0.0,,,,,,,,,
100.0,1,isocontour,11.283791670955125,27863.72,58.64,15.5,14.1,0.979,2.1,1.0,2.3,15.5,14.1,0.99,1,8,0,0,8
100.0,2,isocontour,11.283791670955125,26835.8,56.47,7.8,19.1,0.997,-0.5,-1.0,1.1,7.8,19.1,0.991,2,4,0,0,4
100.0,3,isocontour,11.283791670955125,27099.34,57.03,12.9,16.3,0.989,0.3,-1.0,1.0,12.9,16.3,0.986,3,8,0,0,8
100.0,4,isocontour,11.283791670955125,32040.62,67.43,17.7,11.0,0.983,1.7,0.6,1.8,17.7,11.0,0.992,4,8,0,0,8
100.0,5,isocontour,11.283791670955125,30091.0,63.32,16.9,10.1,1.051,-0.9,-1.8,2.0,16.9,10.1,1.042,5,9,0,0,9
100.0,6,isocontour,11.283791670955125,31676.2,66.66,17.5,9.7,1.035,1.6,-3.9,4.2,17.5,9.7,1.033,6,9,0,0,9
100.0,7,isocontour,11.283791670955125,29914.26,62.95,-15.2,13.9,1.0,0.9,-3.0,3.1,-15.2,13.9,0.987,7,4,0,0,4
100.0,8,isocontour,11.283791670955125,31889.63,67.11,17.5,9.3,1.046,0.3,2.6,2.6,17.5,9.3,1.053,8,9,0,0,9
100.0,9,isocontour,11.283791670955125,30207.16,63.57,19.1,7.8,0.995,-1.8,1.5,2.3,19.1,7.8,0.989,9,9,0,0,9
100.0,10,isocontour,11.283791670955125,30014.59,63.16,19.1,1.5,1.086,-0.2,2.6,2.6,19.1,1.5,1.086,10,6,0,0,6
100.0,11,isocontour,11.283791670955125,31759.03,66.83,-17.6,-9.2,1.043,1.6,-0.8,1.8,-17.6,-9.2,1.037,11,3,0,0,3
100.0,12,isocontour,11.283791670955125,29374.6,61.82,-12.9,-16.2,0.993,0.6,-2.1,2.2,-12.9,-16.2,0.999,12,3,0,0,3
100.0,13,isocontour,11.283791670955125,27525.65,57.92,20.8,-0.1,0.988,0.8,-2.6,2.7,20.8,-0.1,0.992,13,5,0,0,5
100.0,14,isocontour,11.283791670955125,30190.54,63.53,8.5,-18.3,1.024,1.3,1.8,2.2,8.5,-18.3,1.019,14,2,0,0,2
100.0,15,isocontour,11.283791670955125,27050.96,56.93,-0.4,20.6,0.997,1.3,-2.1,2.5,-0.4,20.6,0.985,15,2,0,0,2
100.0,16,isocontour,11.283791670955125,45946.24,96.69,-21.5,18.7,0.65,2.5,-1.7,3.0,-21.5,18.7,0.64,16,2,0,0,2
100.0,17,isocontour,11.283791670955125,27736.4,58.37,11.5,15.0,1.098,1.0,-1.9,2.1,11.5,15.0,1.093,17,8,0,0,8
100.0,18,isocontour,11.283791670955125,33469.78,70.43,-8.4,19.0,0.99,-1.0,-0.3,1.0,-8.4,19.0,0.991,18,3,0,0,3
100.0,19,isocontour,11.283791670955125,29136.43,61.31,-20.7,-1.9,0.989,0.4,2.5,2.5,-20.7,-1.9,0.986,19,3,0,0,3
100.0,20,isocontour,11.283791670955125,30586.09,64.36,12.3,-16.6,0.997,-1.2,-0.2,1.2,12.3,-16.6,0.993,20,2,0,0,2
100.0,21,isocontour,11.283791670955125,30019.13,63.17,-4.5,-18.8,1.075,-0.8,0.4,0.9,-4.5,-18.8,1.074,21,2,0,0,2
100.0,22,isocontour,11.283791670955125,32576.2,68.55,-18.3,-9.8,0.99,1.4,-0.5,1.5,-18.3,-9.8,0.985,22,3,0,0,3
100.0,23,isocontour,11.283791670955125,32698.6,68.81,-20.0,5.7,0.991,-0.0,0.8,0.8,-20.0,5.7,0.992,23,3,0,0,3
100.0,24,isocontour,11.283791670955125,30757.99,64.73,3.0,-20.7,0.984,0.5,0.8,0.9,3.0,-20.7,0.981,24,3,0,0,3
100.0,25,isocontour,11.283791670955125,30379.27,63.93,-14.6,12.8,1.067,-0.9,-2.9,3.0,-14.6,12.8,1.062,25,4,0,0,4
100.0,Target,,,,,0.0,0.0,4.023,0.0,0.0,,,,,,,,,
100.1,1,isocontour,11.283791670955125,27820.75,58.55,15.4,14.4,0.975,-1.7,2.7,3.2,11.5,15.0,1.098,17,8,0,0,8
100.1,2,isocontour,11.283791670955125,26831.92,56.46,7.8,19.2,0.991,0.3,1.4,1.4,11.5,15.0,1.098,17,4,0,0,4
100.1,3,isocontour,11.283791670955125,27090.07,57.01,12.8,16.2,0.998,-1.2,-1.5,1.9,11.5,15.0,1.098,17,8,0,0,8
100.1,4,isocontour,11.283791670955125,32039.45,67.42,17.7,11.1,0.98,-0.2,0.9,0.9,11.5,15.0,1.098,17,8,0,0,8
100.1,5,isocontour,11.283791670955125,30090.59,63.32,17.0,10.0,1.052,0.4,-0.5,0.6,11.5,15.0,1.098,17,9,0,0,9
100.1,6,isocontour,11.283791670955125,31673.59,66.65,17.5,9.7,1.032,0.2,1.2,1.2,11.5,15.0,1.098,17,9,0,0,9
100.1,7,isocontour,11.283791670955125,29893.03,62.91,-15.0,14.0,1.005,2.0,1.6,2.6,-14.6,12.8,1.067,25,4,0,0,4
100.1,8,isocontour,11.283791670955125,31824.14,66.97,17.5,9.0,1.05,0.6,-3.7,3.7,11.5,15.0,1.098,17,9,0,0,9
100.1,9,isocontour,11.283791670955125,30206.64,63.57,19.1,7.8,0.998,-0.0,-0.7,0.7,11.5,15.0,1.098,17,9,0,0,9
100.1,10,isocontour,11.283791670955125,29988.58,63.11,19.1,1.8,1.085,0.1,2.7,2.7,19.1,1.8,1.086,10,6,0,0,6
100.1,11,isocontour,11.283791670955125,31757.68,66.83,-17.5,-9.2,1.047,0.9,-0.5,1.0,-17.5,-9.2,1.043,11,3,0,0,3
100.1,12,isocontour,11.283791670955125,29357.31,61.78,-12.7,-16.3,0.995,2.2,-0.9,2.4,-4.5,-18.8,1.075,21,3,0,0,3
100.1,13,isocontour,11.283791670955125,27522.51,57.92,20.8,-0.0,0.986,0.2,1.3,1.3,19.1,1.5,1.086,10,5,0,0,5
100.1,14,isocontour,11.283791670955125,30163.07,63.47,8.7,-18.2,1.022,2.7,0.5,2.7,8.7,-18.2,1.024,14,2,0,0,2
100.1,15,isocontour,11.283791670955125,27050.44,56.92,-0.4,20.6,0.997,-0.6,0.4,0.7,7.8,19.1,0.997,2,2,0,0,2
100.1,16,isocontour,11.283791670955125,45911.43,96.61,-21.2,18.5,0.661,2.0,-2.2,3.0,-14.6,12.8,1.067,25,2,0,0,2
100.1,17,isocontour,11.283791670955125,27716.14,58.33,11.7,15.0,1.093,2.5,-0.3,2.5,11.7,15.0,1.098,17,8,0,0,8
100.1,18,isocontour,11.283791670955125,33321.51,70.12,-8.8,18.8,0.99,-4.4,-2.1,4.9,-14.6,12.8,1.067,25,3,0,0,3
100.1,19,isocontour,11.283791670955125,29126.43,61.29,-20.5,-1.8,0.998,2.0,0.1,2.0,-17.6,-9.2,1.043,11,3,0,0,3
100.1,20,isocontour,11.283791670955125,30566.32,64.32,12.5,-16.6,0.993,2.4,0.6,2.5,8.5,-18.3,1.024,14,2,0,0,2
100.1,21,isocontour,11.283791670955125,29993.12,63.12,-4.7,-18.7,1.075,-2.6,0.7,2.7,-4.7,-18.7,1.075,21,2,0,0,2
100.1,22,isocontour,11.283791670955125,32566.5,68.53,-18.1,-9.8,0.998,1.9,-0.4,1.9,-17.6,-9.2,1.043,11,3,0,0,3
100.1,23,isocontour,11.283791670955125,32697.87,68.81,-19.9,5.8,0.991,0.3,0.8,0.9,-14.6,12.8,1.067,25,3,0,0,3
100.1,24,isocontour,11.283791670955125,30756.85,64.72,3.1,-20.6,0.988,0.5,0.8,0.9,-4.5,-18.8,1.075,21,3,0,0,3
100.1,25,isocontour,11.283791670955125,30353.54,63.88,-14.7,13.0,1.055,-1.5,2.3,2.7,-14.7,13.0,1.067,25,4,0,0,4
100.1,Target,,,,,0.0,0.0,4.023,0.0,0.0,,,,,,,,,
100.2,1,isocontour,11.283791670955125,27817.75,58.54,15.3,14.3,0.98,-0.8,-1.0,1.3,11.5,15.0,1.098,17,8,0,0,8
100.2,2,isocontour,11.283791670955125,26820.67,56.44,7.8,19.4,0.981,0.1,2.1,2.1,11.5,15.0,1.098,17,4,0,0,4
100.2,3,isocontour,11.283791670955125,27085.51,57.0,12.7,16.2,1.0,-1.2,0.9,1.5,11.5,15.0,1.098,17,8,0,0,8
100.2,4,isocontour,11.283791670955125,32006.67,67.35,17.5,11.3,0.985,-2.4,1.6,2.9,11.5,15.0,1.098,17,8,0,0,8
100.2,5,isocontour,11.283791670955125,30083.31,63.31,16.8,10.1,1.056,-1.4,1.0,1.7,11.5,15.0,1.098,17,9,0,0,9
100.2,6,isocontour,11.283791670955125,31658.77,66.62,17.3,9.8,1.037,-2.0,1.0,2.2,11.5,15.0,1.098,17,9,0,0,9
100.2,7,isocontour,11.283791670955125,29890.23,62.9,-15.0,14.1,0.999,-0.8,1.0,1.3,-14.6,12.8,1.067,25,4,0,0,4
100.2,8,isocontour,11.283791670955125,31816.73,66.95,17.4,9.0,1.056,-1.5,1.0,1.8,11.5,15.0,1.098,17,9,0,0,9
100.2,9,isocontour,11.283791670955125,30121.6,63.39,19.4,7.6,0.986,3.5,-2.1,4.1,11.5,15.0,1.098,17,9,0,0,9
100.2,10,isocontour,11.283791670955125,29987.18,63.1,19.1,1.9,1.084,-0.1,1.0,1.0,11.5,15.0,1.098,17,6,0,0,6
100.2,11,isocontour,11.283791670955125,31734.4,66.78,-17.6,-9.1,1.046,-1.4,2.2,2.6,-4.5,-18.8,1.075,21,3,0,0,3
100.2,12,isocontour,11.283791670955125,29354.76,61.77,-12.7,-16.4,0.99,-1.1,-0.5,1.2,-4.5,-18.8,1.075,21,3,0,0,3
100.2,13,isocontour,11.283791670955125,27519.77,57.91,20.8,0.1,0.989,-0.6,1.1,1.3,11.5,15.0,1.098,17,5,0,0,5
100.2,14,isocontour,11.283791670955125,30160.97,63.47,8.8,-18.1,1.024,0.7,0.9,1.1,-4.5,-18.8,1.075,21,2,0,0,2
100.2,15,isocontour,11.283791670955125,26931.69,56.67,-0.8,20.7,0.993,-4.5,0.7,4.6,11.5,15.0,1.098,17,2,0,0,2
100.2,16,isocontour,11.283791670955125,45875.22,96.54,-21.0,18.3,0.672,2.7,-1.5,3.1,-14.6,12.8,1.067,25,2,0,0,2
100.2,17,isocontour,11.283791670955125,27715.33,58.32,11.8,14.9,1.091,0.7,-0.5,0.9,11.8,14.9,1.098,17,8,0,0,8
100.2,18,isocontour,11.283791670955125,33319.51,70.12,-8.8,18.8,0.992,1.1,0.1,1.1,-14.6,12.8,1.067,25,3,0,0,3
100.2,19,isocontour,11.283791670955125,29114.35,61.27,-20.6,-1.7,0.993,-1.7,1.3,2.1,-14.6,12.8,1.067,25,3,0,0,3
100.2,20,isocontour,11.283791670955125,30562.89,64.32,12.5,-16.4,0.995,0.7,1.2,1.4,-4.5,-18.8,1.075,21,2,0,0,2
100.2,21,isocontour,11.283791670955125,29971.39,63.07,-5.0,-18.7,1.072,-2.6,0.0,2.6,-5.0,-18.7,1.075,21,2,0,0,2
100.2,22,isocontour,11.283791670955125,32560.14,68.52,-18.2,-9.8,0.992,-1.7,0.0,1.7,-4.5,-18.8,1.075,21,3,0,0,3
100.2,23,isocontour,11.283791670955125,32690.7,68.79,-20.1,5.8,0.983,-1.5,0.9,1.7,-14.6,12.8,1.067,25,3,0,0,3
100.2,24,isocontour,11.283791670955125,30755.98,64.72,3.1,-20.5,0.991,0.5,0.7,0.9,-4.5,-18.8,1.075,21,3,0,0,3
100.2,25,isocontour,11.283791670955125,30328.08,63.82,-15.0,13.0,1.043,-2.7,-0.2,2.7,-15.0,13.0,1.067,25,4,0,0,4
100.2,Target,,,,,0.0,0.0,4.023,0.0,0.0,,,,,,,,,
100.3,1,isocontour,11.283791670955125,27789.1,58.48,15.1,14.5,0.981,-1.9,2.1,2.8,11.5,15.0,1.098,17,8,0,0,8
100.3,2,isocontour,11.283791670955125,26818.3,56.44,7.9,19.4,0.98,1.0,-0.7,1.2,11.5,15.0,1.098,17,4,0,0,4
100.3,3,isocontour,11.283791670955125,27077.48,56.98,12.5,16.3,1.002,-1.7,0.8,1.9,11.5,15.0,1.098,17,8,0,0,8
100.3,4,isocontour,11.283791670955125,32002.55,67.35,17.4,11.4,0.99,-1.3,0.6,1.4,11.5,15.0,1.098,17,8,0,0,8
100.3,5,isocontour,11.283791670955125,29947.37,63.02,16.6,10.4,1.06,-3.0,3.7,4.8,11.5,15.0,1.098,17,9,0,0,9
100.3,6,isocontour,11.283791670955125,31650.6,66.6,17.2,9.9,1.044,-1.7,0.8,1.9,11.5,15.0,1.098,17,9,0,0,9
100.3,7,isocontour,11.283791670955125,29849.6,62.81,-15.3,14.0,0.995,-2.6,-1.8,3.2,-14.6,12.8,1.067,25,4,0,0,4
100.3,8,isocontour,11.283791670955125,31804.83,66.93,17.4,9.2,1.053,-0.3,2.1,2.1,11.5,15.0,1.098,17,9,0,0,9
100.3,9,isocontour,11.283791670955125,30113.94,63.37,19.5,7.7,0.98,0.2,1.8,1.8,11.5,15.0,1.098,17,9,0,0,9
100.3,10,isocontour,11.283791670955125,29980.13,63.09,19.0,2.1,1.088,-1.0,1.5,1.8,11.5,15.0,1.098,17,6,0,0,6
100.3,11,isocontour,11.283791670955125,31733.33,66.78,-17.6,-9.0,1.049,0.2,0.9,0.9,-4.5,-18.8,1.075,21,3,0,0,3
100.3,12,isocontour,11.283791670955125,29354.63,61.77,-12.7,-16.4,0.989,0.3,-0.3,0.4,-4.5,-18.8,1.075,21,3,0,0,3
100.3,13,isocontour,11.283791670955125,27483.56,57.84,20.7,0.3,0.993,-0.9,2.9,3.0,11.5,15.0,1.098,17,5,0,0,5
100.3,14,isocontour,11.283791670955125,30135.8,63.42,9.0,-18.0,1.026,2.3,1.5,2.7,-4.5,-18.8,1.075,21,2,0,0,2
100.3,15,isocontour,11.283791670955125,26896.53,56.6,-0.7,20.8,0.988,2.9,0.9,3.0,11.5,15.0,1.098,17,2,0,0,2
100.3,16,isocontour,11.283791670955125,45862.45,96.51,-20.9,18.1,0.68,1.0,-1.9,2.1,-14.6,12.8,1.067,25,2,0,0,2
100.3,17,isocontour,11.283791670955125,27688.45,58.27,12.0,15.1,1.077,1.8,2.1,2.8,12.0,15.1,1.098,17,8,0,0,8
100.3,18,isocontour,11.283791670955125,33308.43,70.09,-8.9,18.9,0.984,-1.8,1.1,2.1,11.5,15.0,1.098,17,3,0,0,3
100.3,19,isocontour,11.283791670955125,29091.34,61.22,-20.8,-1.5,0.984,-1.7,2.0,2.6,-4.5,-18.8,1.075,21,3,0,0,3
100.3,20,isocontour,11.283791670955125,30472.75,64.13,12.9,-16.3,0.987,4.0,1.0,4.1,-4.5,-18.8,1.075,21,2,0,0,2
100.3,21,isocontour,11.283791670955125,29948.11,63.02,-4.8,-18.7,1.075,2.6,-0.1,2.6,-4.8,-18.7,1.075,21,2,0,0,2
100.3,22,isocontour,11.283791670955125,32463.33,68.32,-18.3,-10.2,0.978,-0.8,-4.2,4.3,-4.5,-18.8,1.075,21,3,0,0,3
100.3,23,isocontour,11.283791670955125,32608.14,68.62,-20.0,6.2,0.979,0.5,4.0,4.0,-14.6,12.8,1.067,25,3,0,0,3
100.3,24,isocontour,11.283791670955125,30752.84,64.72,3.0,-20.6,0.989,-1.1,-0.8,1.4,-4.5,-18.8,1.075,21,3,0,0,3
100.3,25,isocontour,11.283791670955125,30325.65,63.82,-15.0,13.1,1.037,-0.2,1.2,1.2,-15.0,13.1,1.067,25,4,0,0,4
100.3,Target,,,,,0.0,0.0,4.023,0.0,0.0,,,,,,,,,
100.4,1,isocontour,11.283791670955125,27761.34,58.42,14.9,14.5,0.99,-2.8,0.1,2.8,11.5,15.0,1.098,17,8,0,0,8
100.4,2,isocontour,11.283791670955125,26779.92,56.36,8.1,19.2,0.986,2.2,-2.2,3.1,11.5,15.0,1.098,17,4,0,0,4
100.4,3,isocontour,11.283791670955125,27065.06,56.96,12.3,16.4,1.004,-1.9,1.0,2.1,11.5,15.0,1.098,17,8,0,0,8
100.4,4,isocontour,11.283791670955125,31977.65,67.29,17.5,11.2,0.991,1.5,-2.2,2.7,11.5,15.0,1.098,17,8,0,0,8
100.4,5,isocontour,11.283791670955125,29921.92,62.97,16.3,10.6,1.065,-2.2,1.6,2.7,11.5,15.0,1.098,17,9,0,0,9
100.4,6,isocontour,11.283791670955125,31647.67,66.6,17.0,10.0,1.048,-1.2,0.5,1.3,11.5,15.0,1.098,17,9,0,0,9
100.4,7,isocontour,11.283791670955125,29844.58,62.8,-15.4,13.9,0.99,-1.5,-0.4,1.6,11.5,15.0,1.098,17,4,0,0,4
100.4,8,isocontour,11.283791670955125,31803.3,66.93,17.3,9.3,1.053,-0.6,0.9,1.1,11.5,15.0,1.098,17,9,0,0,9
100.4,9,isocontour,11.283791670955125,30110.14,63.36,19.3,7.8,0.985,-1.4,0.4,1.5,11.5,15.0,1.098,17,9,0,0,9
100.4,10,isocontour,11.283791670955125,29948.98,63.02,18.9,2.3,1.088,-0.1,2.9,2.9,11.5,15.0,1.098,17,6,0,0,6
100.4,11,isocontour,11.283791670955125,31730.13,66.77,-17.5,-9.0,1.053,1.2,-0.6,1.3,-4.5,-18.8,1.075,21,3,0,0,3
100.4,12,isocontour,11.283791670955125,29350.9,61.77,-12.8,-16.3,0.991,-0.9,1.1,1.4,-4.5,-18.8,1.075,21,3,0,0,3
100.4,13,isocontour,11.283791670955125,27483.04,57.83,20.7,0.3,0.994,-0.2,-0.7,0.7,11.5,15.0,1.098,17,5,0,0,5
100.4,14,isocontour,11.283791670955125,30134.28,63.41,9.0,-18.0,1.026,-0.9,-0.5,1.0,-4.5,-18.8,1.075,21,2,0,0,2
100.4,15,isocontour,11.283791670955125,26863.42,56.53,-0.4,20.8,0.986,2.9,0.3,2.9,11.5,15.0,1.098,17,2,0,0,2
100.4,16,isocontour,11.283791670955125,45859.17,96.5,-20.8,18.0,0.685,0.8,-1.1,1.4,-14.6,12.8,1.067,25,2,0,0,2
100.4,17,isocontour,11.283791670955125,27687.6,58.27,12.1,15.1,1.072,0.8,-0.2,0.8,12.1,15.1,1.098,17,8,0,0,8
100.4,18,isocontour,11.283791670955125,33306.77,70.09,-9.0,18.9,0.982,-1.0,-0.3,1.0,11.5,15.0,1.098,17,3,0,0,3
100.4,19,isocontour,11.283791670955125,29084.41,61.2,-20.9,-1.6,0.978,-0.9,-1.5,1.7,-4.5,-18.8,1.075,21,3,0,0,3
100.4,20,isocontour,11.283791670955125,30472.3,64.13,13.0,-16.3,0.983,0.7,-0.2,0.7,-4.5,-18.8,1.075,21,2,0,0,2
100.4,21,isocontour,11.283791670955125,29927.61,62.98,-4.9,-18.5,1.085,-1.1,2.3,2.5,-4.9,-18.5,1.075,21,2,0,0,2
100.4,22,isocontour,11.283791670955125,32463.27,68.31,-18.3,-10.3,0.976,0.1,-0.3,0.3,-4.5,-18.8,1.075,21,3,0,0,3
100.4,23,isocontour,11.283791670955125,32598.73,68.6,-19.9,6.3,0.986,1.9,0.6,2.0,-4.5,-18.8,1.075,21,3,0,0,3
100.4,24,isocontour,11.283791670955125,30752.18,64.71,3.1,-20.6,0.988,0.8,-0.1,0.8,-4.5,-18.8,1.075,21,3,0,0,3
100.4,25,isocontour,11.283791670955125,30312.34,63.79,-14.9,13.2,1.038,1.7,1.4,2.2,11.5,15.0,1.098,17,4,0,0,4
100.4,Target,,,,,0.0,0.0,4.023,0.0,0.0,,,,,,,,,
100.5,1,isocontour,11.283791670955125,27758.66,58.41,14.8,14.6,0.991,-0.7,1.0,1.2,11.5,15.0,1.098,17,8,0,0,8
100.5,2,isocontour,11.283791670955125,26777.18,56.35,8.2,19.1,0.99,0.7,-1.0,1.2,11.5,15.0,1.098,17,4,0,0,4
100.5,3,isocontour,11.283791670955125,26959.1,56.73,12.1,16.7,0.997,-2.4,3.7,4.4,11.5,15.0,1.098,17,8,0,0,8
100.5,4,isocontour,11.283791670955125,31952.75,67.24,17.7,11.2,0.978,2.6,0.8,2.7,11.5,15.0,1.098,17,8,0,0,8
100.5,5,isocontour,11.283791670955125,29915.78,62.95,16.1,10.6,1.073,-1.7,0.1,1.7,11.5,15.0,1.098,17,9,0,0,9
100.5,6,isocontour,11.283791670955125,31643.62,66.59,17.0,10.1,1.049,-0.7,1.3,1.5,11.5,15.0,1.098,17,9,0,0,9
100.5,7,isocontour,11.283791670955125,29817.71,62.75,-15.5,13.7,0.993,-1.1,-2.5,2.7,11.5,15.0,1.098,17,4,0,0,4
100.5,8,isocontour,11.283791670955125,31799.65,66.92,17.2,9.4,1.058,-1.3,0.5,1.4,11.5,15.0,1.098,17,9,0,0,9
100.5,9,isocontour,11.283791670955125,30084.12,63.31,19.2,8.0,0.989,-1.6,2.2,2.7,11.5,15.0,1.098,17,9,0,0,9
100.5,10,isocontour,11.283791670955125,29947.04,63.02,19.0,2.5,1.085,0.3,1.1,1.1,11.5,15.0,1.098,17,6,0,0,6
100.5,11,isocontour,11.283791670955125,31728.69,66.77,-17.4,-9.1,1.055,0.6,-0.8,1.0,-4.5,-18.8,1.075,21,3,0,0,3
100.5,12,isocontour,11.283791670955125,29350.46,61.76,-12.8,-16.3,0.991,-0.5,0.5,0.7,-4.9,-18.5,1.085,21,3,0,0,3
100.5,13,isocontour,11.283791670955125,27474.06,57.82,20.8,0.2,0.987,1.5,-1.1,1.9,11.5,15.0,1.098,17,5,0,0,5
100.5,14,isocontour,11.283791670955125,30132.57,63.41,8.9,-18.1,1.025,-0.9,-0.6,1.1,-4.5,-18.8,1.075,21,2,0,0,2
100.5,15,isocontour,11.283791670955125,26861.58,56.53,-0.2,20.8,0.986,1.1,0.1,1.1,11.5,15.0,1.098,17,2,0,0,2
100.5,16,isocontour,11.283791670955125,45822.96,96.43,-20.5,17.8,0.695,2.7,-1.5,3.1,11.5,15.0,1.098,17,2,0,0,2
100.5,17,isocontour,11.283791670955125,27672.79,58.23,12.2,15.0,1.074,1.5,-1.7,2.3,12.2,15.0,1.098,17,8,0,0,8
100.5,18,isocontour,11.283791670955125,33297.07,70.07,-9.2,18.7,0.986,-1.3,-1.4,1.9,11.5,15.0,1.098,17,3,0,0,3
100.5,19,isocontour,11.283791670955125,29083.38,61.2,-20.9,-1.6,0.98,0.7,0.6,0.9,-4.5,-18.8,1.075,21,3,0,0,3
100.5,20,isocontour,11.283791670955125,30446.0,64.07,12.8,-16.4,0.99,-2.7,-0.2,2.7,-4.5,-18.8,1.075,21,2,0,0,2
100.5,21,isocontour,11.283791670955125,29904.86,62.93,-5.1,-18.4,1.091,-2.2,1.3,2.6,-5.1,-18.4,1.085,21,2,0,0,2
100.5,22,isocontour,11.283791670955125,32443.26,68.27,-18.2,-10.4,0.979,1.8,-1.8,2.5,-4.5,-18.8,1.075,21,3,0,0,3
100.5,23,isocontour,11.283791670955125,32576.49,68.55,-19.8,6.5,0.986,0.7,2.5,2.6,11.5,15.0,1.098,17,3,0,0,3
100.5,24,isocontour,11.283791670955125,30749.75,64.71,3.1,-20.5,0.993,0.2,1.2,1.2,-4.9,-18.5,1.085,21,3,0,0,3
100.5,25,isocontour,11.283791670955125,30306.73,63.78,-15.0,13.2,1.035,-1.5,-0.5,1.6,11.5,15.0,1.098,17,4,0,0,4
100.5,Target,,,,,0.0,0.0,4.023,0.0,0.0,,,,,,,,,
100.6,1,isocontour,11.283791670955125,27752.74,58.4,14.9,14.6,0.985,1.7,-0.1,1.7,11.5,15.0,1.098,17,8,0,0,8
100.6,2,isocontour,11.283791670955125,26742.03,56.28,8.4,19.0,0.991,2.7,-1.3,3.0,11.5,15.0,1.098,17,4,0,0,4
100.6,3,isocontour,11.283791670955125,26855.31,56.51,11.8,17.1,0.99,-2.6,3.4,4.3,11.5,15.0,1.098,17,8,0,0,8
100.6,4,isocontour,11.283791670955125,31948.46,67.23,17.8,11.3,0.971,0.5,1.4,1.5,11.5,15.0,1.098,17,8,0,0,8
100.6,5,isocontour,11.283791670955125,29908.38,62.94,16.1,10.8,1.069,-0.0,1.8,1.8,11.5,15.0,1.098,17,8,0,0,8
100.6,6,isocontour,11.283791670955125,31612.15,66.52,16.8,10.3,1.049,-1.6,2.4,2.9,11.5,15.0,1.098,17,9,0,0,9
100.6,7,isocontour,11.283791670955125,29817.05,62.75,-15.6,13.7,0.991,-0.2,0.8,0.8,11.5,15.0,1.098,17,4,0,0,4
100.6,8,isocontour,11.283791670955125,31782.58,66.88,17.0,9.5,1.064,-2.0,1.3,2.4,11.5,15.0,1.098,17,9,0,0,9
100.6,9,isocontour,11.283791670955125,30063.14,63.26,19.1,8.2,0.989,-0.9,2.4,2.6,11.5,15.0,1.098,17,9,0,0,9
100.6,10,isocontour,11.283791670955125,29945.6,63.02,19.0,2.6,1.085,-0.2,1.0,1.0,11.5,15.0,1.098,17,6,0,0,6
100.6,11,isocontour,11.283791670955125,31700.33,66.71,-17.3,-9.3,1.054,1.1,-2.6,2.8,-4.9,-18.5,1.085,21,3,0,0,3
100.6,12,isocontour,11.283791670955125,29341.34,61.75,-12.8,-16.4,0.985,0.2,-1.9,1.9,-5.1,-18.4,1.091,21,3,0,0,3
100.6,13,isocontour,11.283791670955125,27473.74,57.82,20.8,0.1,0.986,0.1,-0.6,0.6,11.5,15.0,1.098,17,4,0,0,4
100.6,14,isocontour,11.283791670955125,30128.61,63.4,8.8,-18.2,1.023,-1.0,-1.1,1.5,-4.9,-18.5,1.085,21,2,0,0,2
100.6,15,isocontour,11.283791670955125,26834.41,56.47,-0.0,20.7,0.994,2.2,-1.7,2.8,11.5,15.0,1.098,17,2,0,0,2
100.6,16,isocontour,11.283791670955125,45810.37,96.4,-20.4,17.7,0.703,1.0,-1.9,2.1,11.5,15.0,1.098,17,2,0,0,2
100.6,17,isocontour,11.283791670955125,27668.82,58.23,12.3,14.9,1.074,1.2,-0.9,1.5,12.3,14.9,1.098,17,8,0,0,8
100.6,18,isocontour,11.283791670955125,33276.82,70.03,-9.2,18.5,0.996,-0.3,-2.5,2.5,11.5,15.0,1.098,17,3,0,0,3
100.6,19,isocontour,11.283791670955125,29053.49,61.14,-20.8,-1.3,0.986,0.8,2.7,2.8,11.5,15.0,1.098,17,3,0,0,3
100.6,20,isocontour,11.283791670955125,30427.39,64.03,12.6,-16.5,0.99,-1.7,-1.7,2.4,-4.9,-18.5,1.085,21,2,0,0,2
100.6,21,isocontour,11.283791670955125,29879.96,62.88,-4.9,-18.4,1.093,2.7,-0.3,2.7,-4.9,-18.4,1.091,21,2,0,0,2
100.6,22,isocontour,11.283791670955125,32434.14,68.25,-18.0,-10.6,0.981,1.3,-1.4,1.9,-4.9,-18.5,1.085,21,3,0,0,3
100.6,23,isocontour,11.283791670955125,32559.42,68.52,-19.6,6.7,0.993,2.0,1.2,2.3,11.5,15.0,1.098,17,3,0,0,3
100.6,24,isocontour,11.283791670955125,30749.32,64.71,3.2,-20.4,0.994,0.7,0.1,0.7,-5.1,-18.4,1.091,21,3,0,0,3
100.6,25,isocontour,11.283791670955125,30305.12,63.77,-15.1,13.2,1.029,-0.9,0.5,1.0,11.5,15.0,1.098,17,4,0,0,4
100.6,Target,,,,,0.0,0.0,4.023,0.0,0.0,,,,,,,,,
100.7,1,isocontour,11.283791670955125,27735.46,58.37,14.7,14.7,0.989,-2.2,0.8,2.3,11.5,15.0,1.098,17,8,0,0,8
100.7,2,isocontour,11.283791670955125,26739.82,56.27,8.6,18.9,0.991,1.1,-0.5,1.2,11.5,15.0,1.098,17,5,0,0,5
100.7,3,isocontour,11.283791670955125,26818.74,56.44,11.6,17.1,0.999,-3.0,-0.6,3.1,11.5,15.0,1.098,17,7,0,0,7
100.7,4,isocontour,11.283791670955125,31934.97,67.2,17.6,11.4,0.979,-2.2,-0.0,2.2,11.5,15.0,1.098,17,8,0,0,8
100.7,5,isocontour,11.283791670955125,29901.21,62.92,16.0,10.9,1.073,-1.6,0.8,1.8,11.5,15.0,1.098,17,9,0,0,9
100.7,6,isocontour,11.283791670955125,31604.24,66.51,16.6,10.4,1.057,-1.8,0.2,1.8,11.5,15.0,1.098,17,9,0,0,9
100.7,7,isocontour,11.283791670955125,29702.92,62.51,-15.8,14.0,0.97,-2.6,3.6,4.4,11.5,15.0,1.098,17,4,0,0,4
100.7,8,isocontour,11.283791670955125,31756.57,66.83,16.8,9.7,1.068,-1.8,2.1,2.8,11.5,15.0,1.098,17,9,0,0,9
100.7,9,isocontour,11.283791670955125,30056.56,63.25,18.9,8.3,0.996,-1.7,0.0,1.7,11.5,15.0,1.098,17,8,0,0,8
100.7,10,isocontour,11.283791670955125,29914.77,62.95,19.0,2.8,1.083,0.0,2.9,2.9,11.5,15.0,1.098,17,6,0,0,6
100.7,11,isocontour,11.283791670955125,31668.86,66.64,-17.1,-9.1,1.067,1.7,2.3,2.9,11.5,15.0,1.098,17,3,0,0,3
100.7,12,isocontour,11.283791670955125,29337.62,61.74,-12.7,-16.5,0.984,1.2,-0.8,1.4,-4.9,-18.4,1.093,21,3,0,0,3
100.7,13,isocontour,11.283791670955125,27470.87,57.81,20.8,0.2,0.989,-0.7,1.1,1.3,11.5,15.0,1.098,17,4,0,0,4
100.7,14,isocontour,11.283791670955125,30097.46,63.34,8.6,-18.3,1.023,-2.7,-1.1,2.9,-5.1,-18.4,1.091,21,2,0,0,2
100.7,15,isocontour,11.283791670955125,26826.63,56.45,-0.0,20.8,0.987,-0.5,1.7,1.8,11.5,15.0,1.098,17,2,0,0,2
100.7,16,isocontour,11.283791670955125,45787.09,96.35,-20.2,17.6,0.711,2.6,-0.3,2.6,11.5,15.0,1.098,17,4,0,0,4
100.7,17,isocontour,11.283791670955125,27664.94,58.22,12.5,14.9,1.068,1.4,0.2,1.4,12.5,14.9,1.098,17,8,0,0,8
100.7,18,isocontour,11.283791670955125,33258.2,69.99,-9.3,18.6,0.986,-1.2,2.1,2.4,11.5,15.0,1.098,17,4,0,0,4
100.7,19,isocontour,11.283791670955125,29051.6,61.14,-20.7,-1.2,0.99,0.7,0.9,1.1,11.5,15.0,1.098,17,3,0,0,3
100.7,20,isocontour,11.283791670955125,30411.16,64.0,12.4,-16.7,0.988,-1.6,-1.6,2.3,-5.1,-18.4,1.091,21,2,0,0,2
100.7,21,isocontour,11.283791670955125,29855.62,62.83,-4.6,-18.4,1.096,2.7,-0.2,2.7,-4.6,-18.4,1.093,21,2,0,0,2
100.7,22,isocontour,11.283791670955125,32400.01,68.18,-17.9,-10.4,0.993,1.1,2.8,3.0,11.5,15.0,1.098,17,3,0,0,3
100.7,23,isocontour,11.283791670955125,32558.84,68.52,-19.6,6.6,0.995,-0.2,-0.7,0.7,11.5,15.0,1.098,17,4,0,0,4
100.7,24,isocontour,11.283791670955125,30721.27,64.65,3.0,-20.6,0.99,-2.5,-1.3,2.8,-4.9,-18.4,1.093,21,3,0,0,3
100.7,25,isocontour,11.283791670955125,30284.63,63.73,-15.0,13.4,1.028,1.7,1.8,2.5,11.5,15.0,1.098,17,4,0,0,4
100.7,Target,,,,,0.0,0.0,4.023,0.0,0.0,,,,,,,,,
100.8,1,isocontour,11.283791670955125,27707.1,58.31,14.4,14.7,0.998,-2.8,0.3,2.8,11.5,15.0,1.098,17,8,0,0,8
100.8,2,isocontour,11.283791670955125,26628.72,56.04,8.3,19.1,0.989,-3.9,2.1,4.4,11.5,15.0,1.098,17,5,0,0,5
100.8,3,isocontour,11.283791670955125,26794.12,56.38,11.7,17.0,0.998,2.5,-0.9,2.7,11.5,15.0,1.098,17,7,0,0,7
100.8,4,isocontour,11.283791670955125,31902.52,67.13,17.4,11.5,0.985,-2.4,1.7,2.9,11.5,15.0,1.098,17,8,0,0,8
100.8,5,isocontour,11.283791670955125,29884.78,62.89,15.9,11.1,1.069,-0.5,2.3,2.4,11.5,15.0,1.098,17,9,0,0,9
100.8,6,isocontour,11.283791670955125,31597.55,66.49,16.5,10.4,1.063,-1.6,0.7,1.7,11.5,15.0,1.098,17,9,0,0,9
100.8,7,isocontour,11.283791670955125,29692.47,62.48,-16.0,14.1,0.959,-2.0,0.2,2.0,11.5,15.0,1.098,17,4,0,0,4
100.8,8,isocontour,11.283791670955125,31724.77,66.76,16.7,9.9,1.07,-1.8,2.3,2.9,11.5,15.0,1.098,17,9,0,0,9
100.8,9,isocontour,11.283791670955125,30055.32,63.25,18.9,8.2,1.001,-0.5,-0.8,0.9,11.5,15.0,1.098,17,8,0,0,8
100.8,10,isocontour,11.283791670955125,29883.62,62.89,19.0,3.1,1.081,-0.2,2.9,2.9,11.5,15.0,1.098,17,6,0,0,6
100.8,11,isocontour,11.283791670955125,31648.12,66.6,-17.3,-9.0,1.062,-2.2,1.2,2.5,11.5,15.0,1.098,17,3,0,0,3
100.8,12,isocontour,11.283791670955125,29336.22,61.73,-12.8,-16.5,0.985,-0.7,0.7,1.0,11.5,15.0,1.098,17,3,0,0,3
100.8,13,isocontour,11.283791670955125,27468.07,57.8,20.7,0.3,0.992,-0.6,1.1,1.3,11.5,15.0,1.098,17,4,0,0,4
100.8,14,isocontour,11.283791670955125,30073.11,63.29,8.4,-18.4,1.02,-2.1,-1.6,2.6,-4.9,-18.4,1.093,21,2,0,0,2
100.8,15,isocontour,11.283791670955125,26823.95,56.45,0.1,20.8,0.988,1.2,-0.5,1.3,11.5,15.0,1.098,17,2,0,0,2
100.8,16,isocontour,11.283791670955125,45751.93,96.28,-20.0,17.4,0.722,1.5,-2.6,3.0,11.5,15.0,1.098,17,4,0,0,4
100.8,17,isocontour,11.283791670955125,27663.62,58.21,12.6,14.9,1.063,0.9,0.4,1.0,12.6,14.9,1.098,17,8,0,0,8
100.8,18,isocontour,11.283791670955125,33179.86,69.82,-9.0,18.8,0.983,3.5,1.9,4.0,11.5,15.0,1.098,17,4,0,0,4
100.8,19,isocontour,11.283791670955125,29047.88,61.13,-20.8,-1.2,0.984,-1.4,-0.3,1.4,11.5,15.0,1.098,17,3,0,0,3
100.8,20,isocontour,11.283791670955125,30408.29,63.99,12.3,-16.8,0.988,-1.1,-0.7,1.3,-4.9,-18.4,1.093,21,2,0,0,2
100.8,21,isocontour,11.283791670955125,29828.74,62.77,-4.3,-18.4,1.098,2.7,-0.4,2.7,-4.3,-18.4,1.096,21,2,0,0,2
100.8,22,isocontour,11.283791670955125,32399.35,68.18,-17.9,-10.4,0.994,0.3,-0.7,0.8,11.5,15.0,1.098,17,3,0,0,3
100.8,23,isocontour,11.283791670955125,32556.1,68.51,-19.7,6.6,0.99,-1.2,-0.4,1.3,11.5,15.0,1.098,17,4,0,0,4
100.8,24,isocontour,11.283791670955125,30720.1,64.65,3.0,-20.6,0.988,0.9,-0.2,0.9,-4.6,-18.4,1.096,21,3,0,0,3
100.8,25,isocontour,11.283791670955125,30283.72,63.73,-15.0,13.4,1.029,-0.5,-0.7,0.9,11.5,15.0,1.098,17,4,0,0,4
100.8,Target,,,,,0.0,0.0,4.023,0.0,0.0,,,,,,,,,
100.9,1,isocontour,11.283791670955125,27679.64,58.25,14.3,14.9,0.997,-1.6,2.3,2.8,11.5,15.0,1.098,17,8,0,0,8
100.9,2,isocontour,11.283791670955125,26625.91,56.03,8.3,19.1,0.987,1.3,-0.1,1.3,11.5,15.0,1.098,17,5,0,0,5
100.9,3,isocontour,11.283791670955125,26702.67,56.19,11.5,17.2,0.997,-3.4,2.4,4.2,11.5,15.0,1.098,17,7,0,0,7
100.9,4,isocontour,11.283791670955125,31883.67,67.1,17.1,11.5,0.996,-2.4,-0.2,2.4,11.5,15.0,1.098,17,8,0,0,8
100.9,5,isocontour,11.283791670955125,29863.05,62.84,15.8,11.3,1.068,-1.4,2.2,2.6,11.5,15.0,1.098,17,9,0,0,9
100.9,6,isocontour,11.283791670955125,31593.17,66.48,16.5,10.6,1.058,0.3,1.5,1.5,11.5,15.0,1.098,17,9,0,0,9
100.9,7,isocontour,11.283791670955125,29690.57,62.48,-16.0,14.0,0.961,0.0,-1.1,1.1,11.5,15.0,1.098,17,4,0,0,4
100.9,8,isocontour,11.283791670955125,31723.49,66.76,16.7,10.0,1.066,0.5,0.9,1.0,11.5,15.0,1.098,17,9,0,0,9
100.9,9,isocontour,11.283791670955125,30001.19,63.13,19.1,8.3,0.986,3.2,1.3,3.5,11.5,15.0,1.098,17,8,0,0,8
100.9,10,isocontour,11.283791670955125,29877.15,62.87,19.0,3.3,1.075,0.8,1.5,1.7,11.5,15.0,1.098,17,6,0,0,6
100.9,11,isocontour,11.283791670955125,31646.76,66.6,-17.4,-9.1,1.057,-0.5,-0.9,1.0,11.5,15.0,1.098,17,3,0,0,3
100.9,12,isocontour,11.283791670955125,29318.49,61.7,-12.8,-16.3,0.993,-0.3,2.4,2.4,11.5,15.0,1.098,17,3,0,0,3
100.9,13,isocontour,11.283791670955125,27467.56,57.8,20.7,0.3,0.991,0.3,-0.7,0.8,11.5,15.0,1.098,17,4,0,0,4
100.9,14,isocontour,11.283791670955125,30071.32,63.28,8.2,-18.5,1.019,-0.9,-0.6,1.1,-4.6,-18.4,1.096,21,2,0,0,2
100.9,15,isocontour,11.283791670955125,26786.31,56.37,0.3,20.8,0.99,3.1,-0.5,3.1,11.5,15.0,1.098,17,2,0,0,2
100.9,16,isocontour,11.283791670955125,45747.1,96.27,-19.9,17.3,0.729,1.4,-0.6,1.5,11.5,15.0,1.098,17,4,0,0,4
100.9,17,isocontour,11.283791670955125,27659.49,58.21,12.6,14.8,1.065,0.6,-1.4,1.5,12.6,14.8,1.098,17,8,0,0,8
100.9,18,isocontour,11.283791670955125,33148.06,69.76,-8.7,18.9,0.989,2.9,0.0,2.9,11.5,15.0,1.098,17,4,0,0,4
100.9,19,isocontour,11.283791670955125,28936.77,60.89,-20.8,-1.6,0.986,1.0,-4.3,4.4,11.5,15.0,1.098,17,3,0,0,3
100.9,20,isocontour,11.283791670955125,30374.51,63.92,12.1,-16.8,0.994,-2.9,-0.5,2.9,-4.6,-18.4,1.096,21,2,0,0,2
100.9,21,isocontour,11.283791670955125,29802.15,62.71,-4.1,-18.5,1.094,2.4,-1.4,2.8,11.5,15.0,1.098,17,2,0,0,2
100.9,22,isocontour,11.283791670955125,32376.34,68.13,-18.1,-10.2,0.99,-2.0,1.7,2.6,11.5,15.0,1.098,17,3,0,0,3
100.9,23,isocontour,11.283791670955125,32537.93,68.47,-19.8,6.4,0.989,-0.8,-2.3,2.4,11.5,15.0,1.098,17,4,0,0,4
100.9,24,isocontour,11.283791670955125,30699.12,64.6,3.2,-20.5,0.99,2.4,0.9,2.6,-4.3,-18.4,1.098,21,3,0,0,3
100.9,25,isocontour,11.283791670955125,30257.99,63.67,-15.0,13.1,1.036,-0.5,-2.7,2.7,11.5,15.0,1.098,17,4,0,0,4
100.9,Target,,,,,0.0,0.0,4.023,0.0,0.0,,,,,,,,,
101.0,1,isocontour,11.283791670955125,27605.94,58.09,14.2,15.3,0.988,-1.2,3.7,3.9,11.5,15.0,1.098,17,8,0,0,8
101.0,2,isocontour,11.283791670955125,26614.17,56.01,8.4,18.9,0.993,0.8,-1.9,2.1,11.5,15.0,1.098,17,5,0,0,5
101.0,3,isocontour,11.283791670955125,26660.88,56.1,11.3,17.4,0.989,-1.5,2.8,3.2,11.5,15.0,1.098,17,7,0,0,7
101.0,4,isocontour,11.283791670955125,31861.94,67.05,17.3,11.4,0.994,2.1,-1.5,2.6,11.5,15.0,1.098,17,8,0,0,8
101.0,5,isocontour,11.283791670955125,29858.31,62.83,15.7,11.4,1.07,-1.3,0.8,1.5,11.5,15.0,1.098,17,9,0,0,9
101.0,6,isocontour,11.283791670955125,31566.87,66.43,16.4,10.8,1.054,-0.9,2.6,2.8,11.5,15.0,1.098,17,9,0,0,9
101.0,7,isocontour,11.283791670955125,29685.93,62.47,-15.9,14.0,0.968,1.5,-0.3,1.5,11.5,15.0,1.098,17,4,0,0,4
101.0,8,isocontour,11.283791670955125,31721.83,66.75,16.6,10.1,1.064,-0.4,1.0,1.1,11.5,15.0,1.098,17,9,0,0,9
101.0,9,isocontour,11.283791670955125,30000.98,63.13,19.2,8.3,0.98,0.5,0.1,0.5,11.5,15.0,1.098,17,8,0,0,8
101.0,10,isocontour,11.283791670955125,29846.32,62.81,19.0,3.6,1.076,-0.8,2.8,2.9,11.5,15.0,1.098,17,6,0,0,6
101.0,11,isocontour,11.283791670955125,31645.89,66.59,-17.4,-9.1,1.055,0.3,-0.8,0.9,11.5,15.0,1.098,17,3,0,0,3
101.0,12,isocontour,11.283791670955125,29317.65,61.7,-12.9,-16.2,0.995,-0.6,0.6,0.8,11.5,15.0,1.098,17,3,0,0,3
101.0,13,isocontour,11.283791670955125,27466.9,57.8,20.8,0.2,0.989,0.5,-0.6,0.8,11.5,15.0,1.098,17,4,0,0,4
101.0,14,isocontour,11.283791670955125,30045.3,63.23,8.4,-18.4,1.019,2.4,1.2,2.7,-4.3,-18.4,1.098,21,2,0,0,2
101.0,15,isocontour,11.283791670955125,26784.36,56.36,0.5,20.7,0.991,1.1,0.0,1.1,11.5,15.0,1.098,17,2,0,0,2
101.0,16,isocontour,11.283791670955125,45740.18,96.25,-19.8,17.2,0.735,0.8,-1.6,1.8,11.5,15.0,1.098,17,4,0,0,4
101.0,17,isocontour,11.283791670955125,27634.04,58.15,12.9,14.8,1.056,2.7,0.2,2.7,12.9,14.8,1.098,17,8,0,0,8
101.0,18,isocontour,11.283791670955125,33115.61,69.69,-8.4,18.9,0.996,2.9,-0.1,2.9,11.5,15.0,1.098,17,4,0,0,4
101.0,19,isocontour,11.283791670955125,28928.06,60.88,-20.6,-1.7,0.996,1.9,-0.1,1.9,11.5,15.0,1.098,17,3,0,0,3
101.0,20,isocontour,11.283791670955125,30372.13,63.91,11.9,-16.8,0.998,-1.2,-0.2,1.2,-4.3,-18.4,1.098,21,2,0,0,2
101.0,21,isocontour,11.283791670955125,29800.98,62.71,-4.1,-18.6,1.092,-1.0,-0.0,1.0,11.5,15.0,1.098,17,2,0,0,2
101.0,22,isocontour,11.283791670955125,32373.66,68.13,-18.1,-10.3,0.988,0.4,-1.2,1.3,11.5,15.0,1.098,17,3,0,0,3
101.0,23,isocontour,11.283791670955125,32494.17,68.38,-19.9,6.6,0.98,-1.0,3.1,3.3,11.5,15.0,1.098,17,4,0,0,4
101.0,24,isocontour,11.283791670955125,30677.39,64.56,3.5,-20.4,0.993,2.4,1.0,2.6,-4.3,-18.4,1.098,21,3,0,0,3
101.0,25,isocontour,11.283791670955125,30242.78,63.64,-14.8,13.1,1.046,2.3,-0.0,2.3,11.5,15.0,1.098,17,4,0,0,4
101.0,Target,,,,,0.0,0.0,4.023,0.0,0.0,,,,,,,,,
101.1,1,isocontour,11.283791670955125,27597.23,58.07,14.0,15.3,0.991,-1.9,0.3,1.9,11.5,15.0,1.098,17,8,0,0,8
101.1,2,isocontour,11.283791670955125,26607.93,55.99,8.5,18.8,0.997,1.2,-1.2,1.7,11.5,15.0,1.098,17,5,0,0,5
101.1,3,isocontour,11.283791670955125,26659.98,56.1,11.2,17.4,0.992,-0.6,-0.6,0.8,11.5,15.0,1.098,17,8,0,0,8
101.1,4,isocontour,11.283791670955125,31861.18,67.05,17.4,11.4,0.989,0.8,0.1,0.8,11.5,15.0,1.098,17,8,0,0,8
101.1,5,isocontour,11.283791670955125,29856.52,62.83,15.6,11.5,1.072,-0.8,0.7,1.1,11.5,15.0,1.098,17,9,0,0,9
101.1,6,isocontour,11.283791670955125,31563.66,66.42,16.3,10.9,1.055,-1.0,0.9,1.3,11.5,15.0,1.098,17,8,0,0,8
101.1,7,isocontour,11.283791670955125,29658.76,62.41,-15.7,14.1,0.971,2.2,1.7,2.8,11.5,15.0,1.098,17,4,0,0,4
101.1,8,isocontour,11.283791670955125,31719.22,66.75,16.6,10.2,1.065,-0.9,0.9,1.3,11.5,15.0,1.098,17,9,0,0,9
101.1,9,isocontour,11.283791670955125,29978.23,63.09,19.0,8.4,0.99,-2.6,0.5,2.6,11.5,15.0,1.098,17,8,0,0,8
101.1,10,isocontour,11.283791670955125,29814.85,62.74,18.9,3.8,1.075,-0.4,2.9,2.9,11.5,15.0,1.098,17,6,0,0,6
101.1,11,isocontour,11.283791670955125,31642.31,66.59,-17.3,-9.1,1.061,0.6,1.2,1.3,11.5,15.0,1.098,17,3,0,0,3
101.1,12,isocontour,11.283791670955125,29293.57,61.64,-12.8,-16.4,0.99,1.2,-2.4,2.7,11.5,15.0,1.098,17,3,0,0,3
101.1,13,isocontour,11.283791670955125,27466.22,57.8,20.8,0.2,0.989,-0.3,-0.8,0.9,11.5,15.0,1.098,17,3,0,0,3
101.1,14,isocontour,11.283791670955125,30020.4,63.17,8.7,-18.2,1.022,2.1,1.6,2.6,-4.3,-18.4,1.098,21,2,0,0,2
101.1,15,isocontour,11.283791670955125,26747.08,56.29,0.3,20.9,0.981,-2.2,2.1,3.0,11.5,15.0,1.098,17,2,0,0,2
101.1,16,isocontour,11.283791670955125,45706.73,96.18,-19.6,16.9,0.746,1.4,-2.6,3.0,11.5,15.0,1.098,17,3,0,0,3
101.1,17,isocontour,11.283791670955125,27625.87,58.14,13.1,14.8,1.047,1.8,0.4,1.8,13.1,14.8,1.098,17,8,0,0,8
101.1,18,isocontour,11.283791670955125,33092.34,69.64,-8.6,18.7,0.998,-2.3,-1.2,2.6,11.5,15.0,1.098,17,3,0,0,3
101.1,19,isocontour,11.283791670955125,28926.86,60.87,-20.5,-1.6,0.999,0.2,0.9,0.9,11.5,15.0,1.098,17,3,0,0,3
101.1,20,isocontour,11.283791670955125,30261.03,63.68,12.2,-16.7,0.994,4.0,1.9,4.4,-4.3,-18.4,1.098,21,2,0,0,2
101.1,21,isocontour,11.283791670955125,29775.53,62.66,-4.4,-18.5,1.093,-2.5,0.9,2.7,11.5,15.0,1.098,17,2,0,0,2
101.1,22,isocontour,11.283791670955125,32354.36,68.09,-17.9,-10.2,0.999,1.8,1.7,2.5,11.5,15.0,1.098,17,3,0,0,3
101.1,23,isocontour,11.283791670955125,32486.76,68.36,-19.8,6.5,0.985,1.1,-1.4,1.8,11.5,15.0,1.098,17,4,0,0,4
101.1,24,isocontour,11.283791670955125,30651.65,64.5,3.3,-20.4,0.995,-2.7,-0.1,2.7,-4.3,-18.4,1.098,21,3,0,0,3
101.1,25,isocontour,11.283791670955125,30229.1,63.61,-14.7,13.3,1.045,1.1,1.9,2.2,11.5,15.0,1.098,17,4,0,0,4
101.1,Target,,,,,0.0,0.0,4.023,0.0,0.0,,,,,,,,,
101.2,1,isocontour,11.283791670955125,27573.96,58.03,14.1,15.2,0.988,2.4,-1.2,2.7,11.5,15.0,1.098,17,8,0,0,8
101.2,2,isocontour,11.283791670955125,26517.13,55.8,8.2,18.9,0.999,-3.9,1.3,4.1,11.5,15.0,1.098,17,6,0,0,6
101.2,3,isocontour,11.283791670955125,26647.03,56.08,11.3,17.6,0.983,0.8,2.0,2.2,11.5,15.0,1.098,17,7,0,0,7
101.2,4,isocontour,11.283791670955125,31860.84,67.05,17.4,11.4,0.987,0.1,0.6,0.6,11.5,15.0,1.098,17,8,0,0,8
101.2,5,isocontour,11.283791670955125,29827.86,62.77,15.4,11.7,1.07,-1.4,2.5,2.9,11.5,15.0,1.098,17,9,0,0,9
101.2,6,isocontour,11.283791670955125,31544.35,66.38,16.2,11.1,1.053,-0.9,2.3,2.5,11.5,15.0,1.098,17,9,0,0,9
101.2,7,isocontour,11.283791670955125,29651.47,62.4,-15.6,14.2,0.971,1.1,1.4,1.8,11.5,15.0,1.098,17,4,0,0,4
101.2,8,isocontour,11.283791670955125,31716.15,66.74,16.5,10.3,1.068,-1.1,0.7,1.3,11.5,15.0,1.098,17,9,0,0,9
101.2,9,isocontour,11.283791670955125,29974.27,63.08,18.9,8.5,0.991,-0.4,1.4,1.5,11.5,15.0,1.098,17,8,0,0,8
101.2,10,isocontour,11.283791670955125,29813.28,62.74,18.9,4.0,1.076,-0.3,1.0,1.0,11.5,15.0,1.098,17,6,0,0,6
101.2,11,isocontour,11.283791670955125,31636.71,66.58,-17.4,-9.0,1.059,-1.3,1.0,1.6,11.5,15.0,1.098,17,3,0,0,3
101.2,12,isocontour,11.283791670955125,29292.0,61.64,-12.7,-16.5,0.99,1.0,-0.5,1.1,11.5,15.0,1.098,17,3,0,0,3
101.2,13,isocontour,11.283791670955125,27463.42,57.79,20.7,0.3,0.993,-0.6,1.1,1.3,11.5,15.0,1.098,17,3,0,0,3
101.2,14,isocontour,11.283791670955125,30016.28,63.17,8.6,-18.3,1.02,-1.0,-1.0,1.4,-4.3,-18.4,1.098,21,2,0,0,2
101.2,15,isocontour,11.283791670955125,26724.07,56.24,0.1,20.8,0.986,-2.2,-1.5,2.7,11.5,15.0,1.098,17,2,0,0,2
101.2,16,isocontour,11.283791670955125,45702.85,96.18,-19.5,16.9,0.75,1.4,0.5,1.5,11.5,15.0,1.098,17,4,0,0,4
101.2,17,isocontour,11.283791670955125,27624.74,58.13,13.1,14.9,1.043,-0.4,0.9,1.0,13.1,14.9,1.098,17,8,0,0,8
101.2,18,isocontour,11.283791670955125,33066.6,69.58,-8.4,18.8,0.998,2.5,1.2,2.8,11.5,15.0,1.098,17,4,0,0,4
101.2,19,isocontour,11.283791670955125,28820.9,60.65,-20.7,-1.2,0.992,-1.7,4.0,4.3,11.5,15.0,1.098,17,3,0,0,3
101.2,20,isocontour,11.283791670955125,30157.23,63.46,12.6,-16.5,0.987,4.1,1.3,4.3,-4.3,-18.4,1.098,21,2,0,0,2
101.2,21,isocontour,11.283791670955125,29750.63,62.61,-4.2,-18.4,1.099,2.7,0.4,2.7,11.5,15.0,1.098,17,2,0,0,2
101.2,22,isocontour,11.283791670955125,32329.46,68.03,-17.8,-10.4,0.999,0.9,-2.5,2.7,11.5,15.0,1.098,17,3,0,0,3
101.2,23,isocontour,11.283791670955125,32463.49,68.32,-19.7,6.3,0.993,0.6,-2.6,2.7,11.5,15.0,1.098,17,4,0,0,4
101.2,24,isocontour,11.283791670955125,30536.76,64.26,2.9,-20.7,0.984,-3.3,-3.0,4.5,-4.3,-18.4,1.098,21,3,0,0,3
101.2,25,isocontour,11.283791670955125,30213.69,63.58,-14.5,13.3,1.051,2.3,0.4,2.3,11.5,15.0,1.098,17,4,0,0,4
101.2,Target,,,,,0.0,0.0,4.023,0.0,0.0,,,,,,,,,
101.3,1,isocontour,11.283791670955125,27559.91,58.0,14.1,15.4,0.986,-1.3,1.8,2.2,11.5,15.0,1.098,17,8,0,0,8
101.3,2,isocontour,11.283791670955125,26496.88,55.76,7.9,19.0,1.0,-2.4,0.9,2.6,11.5,15.0,1.098,17,6,0,0,6
101.3,3,isocontour,11.283791670955125,26633.9,56.05,11.1,17.7,0.982,-2.0,0.9,2.2,11.5,15.0,1.098,17,7,0,0,7
101.3,4,isocontour,11.283791670955125,31833.38,66.99,17.2,11.3,0.999,-2.5,-1.1,2.7,11.5,15.0,1.098,17,8,0,0,8
101.3,5,isocontour,11.283791670955125,29810.14,62.73,15.2,11.8,1.076,-2.2,0.9,2.4,11.5,15.0,1.098,17,9,0,0,9
101.3,6,isocontour,11.283791670955125,31514.47,66.32,16.0,11.3,1.057,-2.3,1.6,2.8,11.5,15.0,1.098,17,9,0,0,9
101.3,7,isocontour,11.283791670955125,29648.41,62.39,-15.4,14.3,0.976,1.3,-0.0,1.3,11.5,15.0,1.098,17,4,0,0,4
101.3,8,isocontour,11.283791670955125,31693.4,66.69,16.5,10.1,1.072,0.8,-2.5,2.6,11.5,15.0,1.098,17,9,0,0,9
101.3,9,isocontour,11.283791670955125,29972.91,63.07,18.9,8.6,0.99,-0.3,1.0,1.0,11.5,15.0,1.098,17,8,0,0,8
101.3,10,isocontour,11.283791670955125,29811.62,62.73,18.8,4.1,1.076,-0.3,1.0,1.0,11.5,15.0,1.098,17,6,0,0,6
101.3,11,isocontour,11.283791670955125,31617.86,66.54,-17.4,-9.1,1.052,0.1,-2.5,2.5,11.5,15.0,1.098,17,3,0,0,3
101.3,12,isocontour,11.283791670955125,29283.43,61.62,-12.8,-16.4,0.988,-1.7,0.8,1.9,-4.2,-18.4,1.099,21,3,0,0,3
101.3,13,isocontour,11.283791670955125,27462.96,57.79,20.7,0.2,0.992,0.2,-0.7,0.7,11.5,15.0,1.098,17,3,0,0,3
101.3,14,isocontour,11.283791670955125,30013.66,63.16,8.5,-18.4,1.019,-1.1,-0.7,1.3,-4.3,-18.4,1.098,21,2,0,0,2
101.3,15,isocontour,11.283791670955125,26690.29,56.17,0.3,20.7,0.993,2.7,-1.3,3.0,11.5,15.0,1.098,17,2,0,0,2
101.3,16,isocontour,11.283791670955125,45695.44,96.16,-19.4,16.8,0.756,1.5,-1.0,1.8,11.5,15.0,1.098,17,4,0,0,4
101.3,17,isocontour,11.283791670955125,27611.25,58.1,13.0,15.1,1.039,-1.0,2.0,2.2,13.0,15.1,1.098,17,8,0,0,8
101.3,18,isocontour,11.283791670955125,33047.06,69.54,-8.2,18.9,0.999,2.4,0.8,2.5,11.5,15.0,1.098,17,4,0,0,4
101.3,19,isocontour,11.283791670955125,28781.42,60.57,-21.0,-1.1,0.978,-3.0,1.1,3.2,11.5,15.0,1.098,17,3,0,0,3
101.3,20,isocontour,11.283791670955125,30155.39,63.46,12.6,-16.5,0.99,-0.9,0.6,1.1,-4.3,-18.4,1.098,21,2,0,0,2
101.3,21,isocontour,11.283791670955125,29724.9,62.55,-4.4,-18.4,1.097,-2.7,0.2,2.7,-4.4,-18.4,1.099,21,2,0,0,2
101.3,22,isocontour,11.283791670955125,32314.84,68.0,-17.9,-10.6,0.989,-1.3,-1.8,2.2,11.5,15.0,1.098,17,3,0,0,3
101.3,23,isocontour,11.283791670955125,32432.34,68.25,-19.7,6.5,0.991,0.2,2.9,2.9,11.5,15.0,1.098,17,4,0,0,4
101.3,24,isocontour,11.283791670955125,30533.63,64.25,3.0,-20.8,0.978,1.2,-0.7,1.4,-4.2,-18.4,1.099,21,3,0,0,3
101.3,25,isocontour,11.283791670955125,30199.07,63.55,-14.3,13.4,1.059,2.2,0.3,2.2,11.5,15.0,1.098,17,4,0,0,4
101.3,Target,,,,,0.0,0.0,4.023,0.0,0.0,,,,,,,,,
101.4,1,isocontour,11.283791670955125,27544.89,57.96,13.9,15.5,0.984,-1.5,1.7,2.3,11.5,15.0,1.098,17,8,0,0,8
101.4,2,isocontour,11.283791670955125,26496.55,55.76,7.9,19.0,1.0,-0.5,0.3,0.6,11.5,15.0,1.098,17,6,0,0,6
101.4,3,isocontour,11.283791670955125,26629.07,56.04,11.0,17.8,0.98,-1.0,1.1,1.5,11.5,15.0,1.098,17,8,0,0,8
101.4,4,isocontour,11.283791670955125,31832.95,66.99,17.2,11.3,1.001,0.4,-0.5,0.6,11.5,15.0,1.098,17,8,0,0,8
101.4,5,isocontour,11.283791670955125,29801.57,62.71,15.1,11.9,1.083,-1.8,0.5,1.9,11.5,15.0,1.098,17,9,0,0,9
101.4,6,isocontour,11.283791670955125,31491.71,66.27,15.8,11.4,1.065,-2.4,1.0,2.6,11.5,15.0,1.098,17,9,0,0,9
101.4,7,isocontour,11.283791670955125,29629.1,62.35,-15.2,14.3,0.985,2.5,0.1,2.5,11.5,15.0,1.098,17,4,0,0,4
101.4,8,isocontour,11.283791670955125,31671.42,66.65,16.6,10.2,1.062,1.0,2.4,2.6,11.5,15.0,1.098,17,9,0,0,9
101.4,9,isocontour,11.283791670955125,29970.76,63.07,19.0,8.7,0.984,1.0,0.6,1.2,11.5,15.0,1.098,17,8,0,0,8
101.4,10,isocontour,11.283791670955125,29810.1,62.73,18.8,4.2,1.077,-0.4,1.0,1.1,11.5,15.0,1.098,17,6,0,0,6
101.4,11,isocontour,11.283791670955125,31594.32,66.49,-17.3,-9.3,1.055,1.8,-1.9,2.6,-4.2,-18.4,1.099,21,3,0,0,3
101.4,12,isocontour,11.283791670955125,29263.42,61.58,-13.0,-16.2,0.99,-1.7,1.8,2.5,-4.2,-18.4,1.099,21,3,0,0,3
101.4,13,isocontour,11.283791670955125,27444.34,57.75,20.8,0.0,0.989,0.5,-2.4,2.5,11.5,15.0,1.098,17,3,0,0,3
101.4,14,isocontour,11.283791670955125,29988.21,63.11,8.7,-18.3,1.018,2.5,1.0,2.7,-4.2,-18.4,1.099,21,2,0,0,2
101.4,15,isocontour,11.283791670955125,26683.36,56.15,0.3,20.8,0.986,-0.2,1.7,1.7,11.5,15.0,1.098,17,3,0,0,3
101.4,16,isocontour,11.283791670955125,45688.28,96.15,-19.2,16.7,0.764,1.2,-1.3,1.8,11.5,15.0,1.098,17,3,0,0,3
101.4,17,isocontour,11.283791670955125,27595.43,58.07,12.9,15.3,1.034,-1.2,2.0,2.3,12.9,15.3,1.098,17,8,0,0,8
101.4,18,isocontour,11.283791670955125,33043.26,69.54,-8.3,19.0,0.994,-1.3,0.7,1.5,11.5,15.0,1.098,17,3,0,0,3
101.4,19,isocontour,11.283791670955125,28761.4,60.52,-20.8,-1.2,0.984,1.9,-1.6,2.5,11.5,15.0,1.098,17,3,0,0,3
101.4,20,isocontour,11.283791670955125,30154.84,63.46,12.6,-16.4,0.993,0.3,0.7,0.8,-4.2,-18.4,1.099,21,2,0,0,2
101.4,21,isocontour,11.283791670955125,29703.17,62.51,-4.6,-18.4,1.097,-2.5,0.6,2.6,-4.2,-18.4,1.099,21,2,0,0,2
101.4,22,isocontour,11.283791670955125,32261.63,67.89,-18.0,-10.3,0.991,-1.0,3.3,3.4,-4.2,-18.4,1.099,21,3,0,0,3
101.4,23,isocontour,11.283791670955125,32409.84,68.2,-19.7,6.8,0.985,-0.2,2.6,2.6,11.5,15.0,1.098,17,4,0,0,4
101.4,24,isocontour,11.283791670955125,30515.46,64.22,3.2,-20.7,0.979,2.3,0.7,2.4,-4.2,-18.4,1.099,21,3,0,0,3
101.4,25,isocontour,11.283791670955125,30185.2,63.52,-14.2,13.5,1.058,1.1,1.9,2.2,11.5,15.0,1.098,17,4,0,0,4
101.4,Target,,,,,0.0,0.0,4.023,0.0,0.0,,,,,,,,,
101.5,1,isocontour,11.283791670955125,27527.39,57.93,13.7,15.6,0.991,-2.4,0.1,2.4,11.5,15.0,1.098,17,8,0,0,8
101.5,2,isocontour,11.283791670955125,26494.12,55.75,7.8,19.1,0.996,-0.6,1.1,1.3,11.5,15.0,1.098,17,6,0,0,6
101.5,3,isocontour,11.283791670955125,26608.09,55.99,10.8,17.8,0.986,-2.5,0.0,2.5,11.5,15.0,1.098,17,8,0,0,8
101.5,4,isocontour,11.283791670955125,31831.3,66.99,17.3,11.2,0.999,1.0,-0.5,1.1,11.5,15.0,1.098,17,8,0,0,8
101.5,5,isocontour,11.283791670955125,29799.77,62.71,14.9,11.9,1.086,-1.0,0.6,1.2,11.5,15.0,1.098,17,9,0,0,9
101.5,6,isocontour,11.283791670955125,31476.7,66.24,15.5,11.5,1.073,-2.1,0.7,2.2,11.5,15.0,1.098,17,9,0,0,9
101.5,7,isocontour,11.283791670955125,29616.85,62.33,-15.0,14.2,0.995,2.1,-0.4,2.1,11.5,15.0,1.098,17,4,0,0,4
101.5,8,isocontour,11.283791670955125,31643.36,66.59,16.8,10.5,1.047,1.6,2.3,2.8,11.5,15.0,1.098,17,9,0,0,9
101.5,9,isocontour,11.283791670955125,29938.96,63.0,18.9,8.9,0.985,-1.5,2.5,2.9,11.5,15.0,1.098,17,8,0,0,8
101.5,10,isocontour,11.283791670955125,29807.36,62.73,18.8,4.3,1.079,-0.6,1.1,1.3,11.5,15.0,1.098,17,6,0,0,6
101.5,11,isocontour,11.283791670955125,31589.76,66.48,-17.1,-9.5,1.058,1.1,-1.0,1.5,-4.2,-18.4,1.099,21,3,0,0,3
101.5,12,isocontour,11.283791670955125,29240.67,61.53,-13.1,-16.0,0.995,-1.1,2.4,2.6,-4.2,-18.4,1.099,21,3,0,0,3
101.5,13,isocontour,11.283791670955125,27441.96,57.75,20.8,0.1,0.989,-0.1,1.2,1.2,11.5,15.0,1.098,17,3,0,0,3
101.5,14,isocontour,11.283791670955125,29970.27,63.07,8.9,-18.3,1.014,2.4,0.4,2.4,-4.2,-18.4,1.099,21,2,0,0,2
101.5,15,isocontour,11.283791670955125,26681.04,56.15,0.4,20.9,0.985,1.2,-0.1,1.2,11.5,15.0,1.098,17,3,0,0,3
101.5,16,isocontour,11.283791670955125,45680.24,96.13,-19.1,16.6,0.771,1.4,-1.2,1.8,11.5,15.0,1.098,17,4,0,0,4
101.5,17,isocontour,11.283791670955125,27571.62,58.02,12.7,15.5,1.032,-1.8,1.9,2.6,12.7,15.5,1.098,17,8,0,0,8
101.5,18,isocontour,11.283791670955125,33019.18,69.48,-8.1,19.1,0.994,2.5,0.8,2.6,11.5,15.0,1.098,17,4,0,0,4
101.5,19,isocontour,11.283791670955125,28724.12,60.45,-20.7,-1.4,0.992,1.6,-2.6,3.1,-4.2,-18.4,1.099,21,3,0,0,3
101.5,20,isocontour,11.283791670955125,30134.35,63.41,12.8,-16.3,0.993,2.0,1.5,2.5,-4.2,-18.4,1.099,21,2,0,0,2
101.5,21,isocontour,11.283791670955125,29682.43,62.46,-4.9,-18.3,1.095,-2.5,0.4,2.5,-4.2,-18.4,1.099,21,2,0,0,2
101.5,22,isocontour,11.283791670955125,32260.81,67.89,-18.0,-10.2,0.993,-0.2,0.8,0.8,-4.2,-18.4,1.099,21,3,0,0,3
101.5,23,isocontour,11.283791670955125,32272.19,67.91,-19.6,7.2,0.986,1.9,4.4,4.8,11.5,15.0,1.098,17,4,0,0,4
101.5,24,isocontour,11.283791670955125,30514.85,64.21,3.3,-20.7,0.98,0.7,0.3,0.8,-4.2,-18.4,1.099,21,3,0,0,3
101.5,25,isocontour,11.283791670955125,30181.24,63.51,-14.1,13.7,1.055,0.7,1.3,1.5,11.5,15.0,1.098,17,4,0,0,4
101.5,Target,,,,,0.0,0.0,4.023,0.0,0.0,,,,,,,,,
101.6,1,isocontour,11.283791670955125,27519.61,57.91,13.8,15.5,0.988,1.8,-0.4,1.8,11.5,15.0,1.098,17,8,0,0,8
101.6,2,isocontour,11.283791670955125,26458.62,55.68,7.5,19.2,0.997,-2.9,0.8,3.0,11.5,15.0,1.098,17,6,0,0,6
101.6,3,isocontour,11.283791670955125,26604.88,55.99,10.8,17.8,0.987,1.1,-0.7,1.3,11.5,15.0,1.098,17,8,0,0,8
101.6,4,isocontour,11.283791670955125,31788.73,66.9,17.5,11.0,0.994,2.4,-2.2,3.3,11.5,15.0,1.098,17,8,0,0,8
101.6,5,isocontour,11.283791670955125,29797.93,62.71,14.9,12.0,1.084,-0.2,1.1,1.1,11.5,15.0,1.098,17,9,0,0,9
101.6,6,isocontour,11.283791670955125,31446.5,66.18,15.5,11.7,1.066,-0.2,2.9,2.9,11.5,15.0,1.098,17,9,0,0,9
101.6,7,isocontour,11.283791670955125,29615.82,62.32,-15.0,14.2,0.994,-0.9,-0.3,0.9,11.5,15.0,1.098,17,4,0,0,4
101.6,8,isocontour,11.283791670955125,31609.58,66.52,16.8,10.8,1.036,0.3,3.0,3.0,11.5,15.0,1.098,17,9,0,0,9
101.6,9,isocontour,11.283791670955125,29912.94,62.95,18.7,9.1,0.985,-1.2,2.5,2.8,11.5,15.0,1.098,17,8,0,0,8
101.6,10,isocontour,11.283791670955125,29803.87,62.72,18.7,4.4,1.081,-0.7,1.2,1.4,11.5,15.0,1.098,17,6,0,0,6
101.6,11,isocontour,11.283791670955125,31552.48,66.4,-17.0,-9.7,1.059,1.5,-2.7,3.1,-4.2,-18.4,1.099,21,3,0,0,3
101.6,12,isocontour,11.283791670955125,29203.75,61.46,-12.9,-16.1,0.995,2.2,-2.2,3.1,-4.2,-18.4,1.099,21,3,0,0,3
101.6,13,isocontour,11.283791670955125,27438.76,57.74,20.7,0.2,0.993,-0.8,1.1,1.4,11.5,15.0,1.098,17,3,0,0,3
101.6,14,isocontour,11.283791670955125,29969.36,63.07,9.0,-18.2,1.015,0.7,0.5,0.9,-4.2,-18.4,1.099,21,2,0,0,2
101.6,15,isocontour,11.283791670955125,26647.59,56.08,0.7,20.7,0.991,2.7,-1.3,3.0,11.5,15.0,1.098,17,3,0,0,3
101.6,16,isocontour,11.283791670955125,45674.94,96.12,-19.0,16.5,0.778,1.2,-1.0,1.6,11.5,15.0,1.098,17,4,0,0,4
101.6,17,isocontour,11.283791670955125,27554.12,57.98,12.7,15.3,1.037,0.9,-2.2,2.4,12.7,15.3,1.098,17,8,0,0,8
101.6,18,isocontour,11.283791670955125,32924.4,69.29,-7.8,19.3,0.986,2.8,3.1,4.2,11.5,15.0,1.098,17,3,0,0,3
101.6,19,isocontour,11.283791670955125,28702.39,60.4,-20.7,-1.3,0.992,-0.5,2.5,2.5,-4.2,-18.4,1.099,21,3,0,0,3
101.6,20,isocontour,11.283791670955125,30127.88,63.4,12.9,-16.1,0.996,0.8,1.5,1.7,-4.2,-18.4,1.099,21,2,0,0,2
101.6,21,isocontour,11.283791670955125,29681.86,62.46,-5.0,-18.3,1.096,-0.6,0.4,0.7,-4.2,-18.4,1.099,21,2,0,0,2
101.6,22,isocontour,11.283791670955125,32219.03,67.8,-18.3,-10.3,0.978,-2.7,-1.7,3.2,-4.2,-18.4,1.099,21,3,0,0,3
101.6,23,isocontour,11.283791670955125,32243.53,67.85,-19.3,7.4,0.994,2.3,1.6,2.8,-4.2,-18.4,1.099,21,4,0,0,4
101.6,24,isocontour,11.283791670955125,30494.6,64.17,3.5,-20.6,0.982,2.4,0.9,2.6,-4.2,-18.4,1.099,21,3,0,0,3
101.6,25,isocontour,11.283791670955125,30151.04,63.45,-14.0,13.9,1.052,1.5,2.4,2.8,11.5,15.0,1.098,17,4,0,0,4
101.6,Target,,,,,0.0,0.0,4.023,0.0,0.0,,,,,,,,,
101.7,1,isocontour,11.283791670955125,27472.55,57.81,13.6,15.7,0.99,-2.8,1.8,3.3,11.5,15.0,1.098,17,8,0,0,8
101.7,2,isocontour,11.283791670955125,26458.51,55.68,7.5,19.2,0.998,-0.4,-0.0,0.4,11.5,15.0,1.098,17,6,0,0,6
101.7,3,isocontour,11.283791670955125,26573.09,55.92,10.7,17.6,1.001,-1.6,-2.4,2.9,11.5,15.0,1.098,17,8,0,0,8
101.7,4,isocontour,11.283791670955125,31788.04,66.89,17.6,11.0,0.992,0.7,-0.4,0.8,11.5,15.0,1.098,17,8,0,0,8
101.7,5,isocontour,11.283791670955125,29766.13,62.64,14.7,12.2,1.084,-2.0,2.1,2.9,11.5,15.0,1.098,17,9,0,0,9
101.7,6,isocontour,11.283791670955125,31430.89,66.14,15.4,12.0,1.061,-0.8,2.2,2.3,11.5,15.0,1.098,17,9,0,0,9
101.7,7,isocontour,11.283791670955125,29514.15,62.11,-14.7,14.3,1.002,4.0,1.7,4.3,-4.2,-18.4,1.099,21,4,0,0,4
101.7,8,isocontour,11.283791670955125,31598.0,66.49,16.9,10.7,1.035,0.9,-1.9,2.1,11.5,15.0,1.098,17,9,0,0,9
101.7,9,isocontour,11.283791670955125,29886.93,62.89,18.5,9.1,0.998,-2.4,-1.2,2.7,11.5,15.0,1.098,17,8,0,0,8
101.7,10,isocontour,11.283791670955125,29767.3,62.64,18.6,4.7,1.08,-0.4,3.0,3.0,11.5,15.0,1.098,17,6,0,0,6
101.7,11,isocontour,11.283791670955125,31534.98,66.36,-16.8,-9.8,1.067,2.3,-0.7,2.4,-4.2,-18.4,1.099,21,3,0,0,3
101.7,12,isocontour,11.283791670955125,29174.48,61.39,-12.9,-16.4,0.985,0.3,-2.8,2.8,-4.2,-18.4,1.099,21,3,0,0,3
101.7,13,isocontour,11.283791670955125,27436.5,57.74,20.7,0.3,0.994,-0.1,1.2,1.2,11.5,15.0,1.098,17,2,0,0,2
101.7,14,isocontour,11.283791670955125,29946.35,63.02,9.2,-18.1,1.013,2.5,0.9,2.7,-4.2,-18.4,1.099,21,2,0,0,2
101.7,15,isocontour,11.283791670955125,26647.13,56.08,0.6,20.7,0.991,-0.6,0.3,0.7,11.5,15.0,1.098,17,3,0,0,3
101.7,16,isocontour,11.283791670955125,45671.8,96.11,-18.9,16.4,0.783,0.1,-1.3,1.3,-4.2,-18.4,1.099,21,3,0,0,3
101.7,17,isocontour,11.283791670955125,27527.53,57.93,12.5,15.4,1.042,-2.6,1.0,2.8,12.5,15.4,1.098,17,8,0,0,8
101.7,18,isocontour,11.283791670955125,32916.87,69.27,-7.6,19.3,0.993,1.1,-1.4,1.8,11.5,15.0,1.098,17,3,0,0,3
101.7,19,isocontour,11.283791670955125,28700.4,60.4,-20.7,-1.3,0.991,-0.0,-1.1,1.1,-4.2,-18.4,1.099,21,3,0,0,3
101.7,20,isocontour,11.283791670955125,30127.36,63.4,13.0,-16.1,0.997,0.5,0.5,0.7,-4.2,-18.4,1.099,21,2,0,0,2
101.7,21,isocontour,11.283791670955125,29656.97,62.41,-5.2,-18.3,1.094,-2.7,0.4,2.7,-4.2,-18.4,1.099,21,2,0,0,2
101.7,22,isocontour,11.283791670955125,32212.56,67.79,-18.2,-10.3,0.983,1.2,1.2,1.7,-4.2,-18.4,1.099,21,3,0,0,3
101.7,23,isocontour,11.283791670955125,32240.91,67.85,-19.4,7.4,0.99,-1.3,-0.0,1.3,-4.2,-18.4,1.099,21,4,0,0,4
101.7,24,isocontour,11.283791670955125,30493.69,64.17,3.6,-20.5,0.985,0.5,0.7,0.9,-4.2,-18.4,1.099,21,3,0,0,3
101.7,25,isocontour,11.283791670955125,30149.15,63.45,-14.0,13.9,1.05,-0.9,-0.6,1.1,-4.2,-18.4,1.099,21,4,0,0,4
101.7,Target,,,,,0.0,0.0,4.023,0.0,0.0,,,,,,,,,
101.8,1,isocontour,11.283791670955125,27469.35,57.81,13.5,15.7,0.993,-1.3,0.2,1.3,11.5,15.0,1.098,17,8,0,0,8
101.8,2,isocontour,11.283791670955125,26458.51,55.68,7.5,19.2,0.998,0.0,0.1,0.1,11.5,15.0,1.098,17,6,0,0,6
101.8,3,isocontour,11.283791670955125,26566.39,55.91,10.8,17.6,0.996,1.4,1.0,1.7,11.5,15.0,1.098,17,8,0,0,8
101.8,4,isocontour,11.283791670955125,31751.84,66.82,17.7,11.2,0.978,1.7,2.5,3.0,11.5,15.0,1.098,17,9,0,0,9
101.8,5,isocontour,11.283791670955125,29755.05,62.62,14.5,12.3,1.089,-1.9,0.8,2.1,11.5,15.0,1.098,17,9,0,0,9
101.8,6,isocontour,11.283791670955125,31414.24,66.11,15.2,12.1,1.066,-2.2,0.9,2.4,11.5,15.0,1.098,17,9,0,0,9
101.8,7,isocontour,11.283791670955125,29514.07,62.11,-14.6,14.4,1.004,0.3,0.2,0.4,-4.2,-18.4,1.099,21,4,0,0,4
101.8,8,isocontour,11.283791670955125,31593.44,66.48,16.9,10.7,1.034,-0.6,1.4,1.5,11.5,15.0,1.098,17,9,0,0,9
101.8,9,isocontour,11.283791670955125,29859.17,62.83,18.5,9.3,0.994,0.0,2.8,2.8,11.5,15.0,1.098,17,8,0,0,8
101.8,10,isocontour,11.283791670955125,29730.38,62.56,18.6,5.0,1.077,-0.1,3.1,3.1,11.5,15.0,1.098,17,6,0,0,6
101.8,11,isocontour,11.283791670955125,31534.54,66.36,-16.8,-9.8,1.069,-0.3,0.6,0.7,-4.2,-18.4,1.099,21,3,0,0,3
101.8,12,isocontour,11.283791670955125,29174.46,61.39,-12.8,-16.4,0.984,0.2,0.1,0.2,-4.2,-18.4,1.099,21,3,0,0,3
101.8,13,isocontour,11.283791670955125,27413.74,57.69,20.8,0.1,0.989,1.2,-2.3,2.6,11.5,15.0,1.098,17,4,0,0,4
101.8,14,isocontour,11.283791670955125,29919.47,62.96,9.5,-18.0,1.014,2.3,1.5,2.7,-4.2,-18.4,1.099,21,2,0,0,2
101.8,15,isocontour,11.283791670955125,26543.34,55.86,0.3,20.9,0.981,-3.8,2.1,4.3,11.5,15.0,1.098,17,3,0,0,3
101.8,16,isocontour,11.283791670955125,45657.37,96.08,-18.7,16.3,0.791,2.1,-0.7,2.2,-4.2,-18.4,1.099,21,3,0,0,3
101.8,17,isocontour,11.283791670955125,27526.53,57.93,12.4,15.4,1.045,-0.9,0.3,0.9,12.4,15.4,1.098,17,8,0,0,8
101.8,18,isocontour,11.283791670955125,32893.86,69.22,-7.7,19.4,0.982,-1.1,2.4,2.6,-4.2,-18.4,1.099,21,3,0,0,3
101.8,19,isocontour,11.283791670955125,28699.61,60.39,-20.7,-1.3,0.994,0.5,0.6,0.8,-4.2,-18.4,1.099,21,3,0,0,3
101.8,20,isocontour,11.283791670955125,30109.86,63.36,13.2,-16.0,0.992,2.3,0.6,2.4,-4.2,-18.4,1.099,21,2,0,0,2
101.8,21,isocontour,11.283791670955125,29647.12,62.39,-5.1,-18.2,1.099,1.9,0.3,1.9,-4.2,-18.4,1.099,21,2,0,0,2
101.8,22,isocontour,11.283791670955125,32207.25,67.78,-18.1,-10.2,0.992,1.2,1.1,1.6,-4.2,-18.4,1.099,21,3,0,0,3
101.8,23,isocontour,11.283791670955125,32233.63,67.83,-19.6,7.4,0.982,-1.7,-0.4,1.7,-4.2,-18.4,1.099,21,4,0,0,4
101.8,24,isocontour,11.283791670955125,30471.46,64.12,3.8,-20.4,0.989,2.3,1.1,2.5,-4.2,-18.4,1.099,21,3,0,0,3
101.8,25,isocontour,11.283791670955125,30128.41,63.4,-14.0,14.1,1.044,0.8,2.4,2.5,-4.2,-18.4,1.099,21,4,0,0,4
101.8,Target,,,,,0.0,0.0,4.023,0.0,0.0,,,,,,,,,
101.9,1,isocontour,11.283791670955125,27468.76,57.8,13.5,15.7,0.991,0.8,0.1,0.8,11.5,15.0,1.098,17,8,0,0,8
101.9,2,isocontour,11.283791670955125,26348.89,55.45,7.1,19.4,0.994,-3.7,2.4,4.4,11.5,15.0,1.098,17,6,0,0,6
101.9,3,isocontour,11.283791670955125,26535.56,55.84,10.8,17.9,0.983,0.1,2.9,2.9,11.5,15.0,1.098,17,8,0,0,8
101.9,4,isocontour,11.283791670955125,31740.1,66.79,17.8,11.4,0.971,-0.1,2.1,2.1,11.5,15.0,1.098,17,8,0,0,8
101.9,5,isocontour,11.283791670955125,29753.25,62.61,14.4,12.4,1.091,-0.9,0.7,1.1,11.5,15.0,1.098,17,9,0,0,9
101.9,6,isocontour,11.283791670955125,31411.87,66.1,15.1,12.2,1.068,-0.8,0.9,1.2,11.5,15.0,1.098,17,9,0,0,9
101.9,7,isocontour,11.283791670955125,29511.46,62.1,-14.5,14.3,1.01,0.9,-0.9,1.3,-4.2,-18.4,1.099,21,4,0,0,4
101.9,8,isocontour,11.283791670955125,31564.79,66.42,16.7,11.0,1.032,-1.1,2.6,2.8,11.5,15.0,1.098,17,8,0,0,8
101.9,9,isocontour,11.283791670955125,29842.74,62.8,18.7,9.2,0.986,2.1,-1.0,2.3,11.5,15.0,1.098,17,8,0,0,8
101.9,10,isocontour,11.283791670955125,29693.46,62.49,18.6,5.3,1.072,-0.1,3.1,3.1,11.5,15.0,1.098,17,6,0,0,6
101.9,11,isocontour,11.283791670955125,31526.76,66.34,-16.8,-9.6,1.074,0.1,1.8,1.8,-4.2,-18.4,1.099,21,3,0,0,3
101.9,12,isocontour,11.283791670955125,29173.85,61.39,-12.9,-16.4,0.987,-0.2,0.7,0.7,-4.2,-18.4,1.099,21,3,0,0,3
101.9,13,isocontour,11.283791670955125,27410.87,57.68,20.8,0.2,0.987,0.2,1.3,1.3,11.5,15.0,1.098,17,3,0,0,3
101.9,14,isocontour,11.283791670955125,29890.2,62.9,9.3,-17.9,1.025,-2.7,1.0,2.9,-4.2,-18.4,1.099,21,2,0,0,2
101.9,15,isocontour,11.283791670955125,26540.53,55.85,0.4,21.0,0.978,1.3,0.3,1.3,-4.2,-18.4,1.099,21,3,0,0,3
101.9,16,isocontour,11.283791670955125,45622.56,96.01,-18.5,16.1,0.803,2.5,-1.7,3.0,-4.2,-18.4,1.099,21,3,0,0,3
101.9,17,isocontour,11.283791670955125,27520.72,57.91,12.3,15.5,1.049,-1.6,0.2,1.6,12.3,15.5,1.098,17,8,0,0,8
101.9,18,isocontour,11.283791670955125,32888.04,69.21,-7.9,19.5,0.974,-1.5,0.7,1.7,-4.2,-18.4,1.099,21,3,0,0,3
101.9,19,isocontour,11.283791670955125,28678.13,60.35,-20.7,-1.1,0.993,-0.4,2.5,2.5,-4.2,-18.4,1.099,21,3,0,0,3
101.9,20,isocontour,11.283791670955125,30103.39,63.35,13.3,-15.9,0.995,0.8,1.5,1.7,-4.2,-18.4,1.099,21,2,0,0,2
101.9,21,isocontour,11.283791670955125,29644.45,62.38,-5.0,-18.3,1.097,1.0,-0.8,1.3,-4.2,-18.4,1.099,21,2,0,0,2
101.9,22,isocontour,11.283791670955125,32205.51,67.77,-18.0,-10.2,0.992,0.4,-1.0,1.1,-4.2,-18.4,1.099,21,3,0,0,3
101.9,23,isocontour,11.283791670955125,32219.2,67.8,-19.5,7.5,0.986,1.7,1.5,2.3,-4.2,-18.4,1.099,21,4,0,0,4
101.9,24,isocontour,11.283791670955125,30455.02,64.09,4.0,-20.4,0.99,2.3,0.5,2.4,-4.2,-18.4,1.099,21,3,0,0,3
101.9,25,isocontour,11.283791670955125,30110.69,63.36,-14.1,14.0,1.038,-2.3,-0.7,2.4,-4.2,-18.4,1.099,21,4,0,0,4
101.9,Target,,,,,0.0,0.0,4.023,0.0,0.0,,,,,,,,,
102.0,1,isocontour,11.283791670955125,27452.74,57.77,13.7,15.8,0.983,2.3,0.3,2.3,13.7,15.8,0.991,1,8,0,0,8
102.0,2,isocontour,11.283791670955125,26284.44,55.31,6.8,19.7,0.986,-2.7,2.5,3.7,6.8,19.7,0.994,2,6,0,0,6
102.0,3,isocontour,11.283791670955125,26526.86,55.82,10.7,17.8,0.988,-1.7,-0.8,1.9,10.7,17.8,0.983,3,8,0,0,8
102.0,4,isocontour,11.283791670955125,31701.72,66.71,17.5,11.6,0.976,-2.6,1.7,3.1,17.5,11.6,0.971,4,8,0,0,8
102.0,5,isocontour,11.283791670955125,29742.64,62.59,14.3,12.5,1.096,-1.8,0.9,2.0,14.3,12.5,1.091,5,9,0,0,9
102.0,6,isocontour,11.283791670955125,31408.59,66.1,15.0,12.3,1.07,-1.2,0.7,1.4,15.0,12.3,1.068,6,9,0,0,9
102.0,7,isocontour,11.283791670955125,29508.9,62.1,-14.5,14.4,1.009,0.5,1.2,1.3,-14.5,14.4,1.01,7,4,0,0,4
102.0,8,isocontour,11.283791670955125,31558.87,66.41,16.6,11.1,1.035,-1.4,0.8,1.6,16.6,11.1,1.032,8,8,0,0,8
102.0,9,isocontour,11.283791670955125,29842.43,62.8,18.7,9.2,0.983,0.6,-0.2,0.6,18.7,9.2,0.986,9,8,0,0,8
102.0,10,isocontour,11.283791670955125,29674.85,62.45,18.7,5.5,1.064,1.0,2.2,2.4,18.7,5.5,1.072,10,6,0,0,6
102.0,11,isocontour,11.283791670955125,31519.71,66.33,-16.9,-9.5,1.07,-1.6,0.8,1.8,-16.9,-9.5,1.074,11,3,0,0,3
102.0,12,isocontour,11.283791670955125,29163.09,61.37,-12.9,-16.2,0.994,-0.1,2.0,2.0,-12.9,-16.2,0.987,12,3,0,0,3
102.0,13,isocontour,11.283791670955125,27407.53,57.68,20.7,0.3,0.991,-0.9,1.0,1.3,20.7,0.3,0.987,13,2,0,0,2
102.0,14,isocontour,11.283791670955125,29889.3,62.9,9.3,-17.8,1.026,0.8,0.4,0.9,9.3,-17.8,1.025,14,2,0,0,2
102.0,15,isocontour,11.283791670955125,26508.74,55.78,0.6,20.9,0.981,2.8,-0.7,2.9,0.6,20.9,0.978,15,3,0,0,3
102.0,16,isocontour,11.283791670955125,45606.54,95.97,-18.4,15.9,0.813,0.9,-2.1,2.3,-18.4,15.9,0.803,16,4,0,0,4
102.0,17,isocontour,11.283791670955125,27519.78,57.91,12.2,15.5,1.048,-0.3,0.8,0.9,12.2,15.5,1.049,17,8,0,0,8
102.0,18,isocontour,11.283791670955125,32884.62,69.2,-7.9,19.4,0.978,-0.3,-1.3,1.3,-7.9,19.4,0.974,18,4,0,0,4
102.0,19,isocontour,11.283791670955125,28656.4,60.3,-20.7,-0.8,0.991,-0.6,2.5,2.6,-20.7,-0.8,0.993,19,3,0,0,3
102.0,20,isocontour,11.283791670955125,30102.18,63.35,13.3,-15.8,0.997,0.5,0.9,1.0,13.3,-15.8,0.995,20,2,0,0,2
102.0,21,isocontour,11.283791670955125,29613.61,62.32,-4.7,-18.3,1.099,2.9,-0.3,2.9,-4.7,-18.3,1.097,21,2,0,0,2
102.0,22,isocontour,11.283791670955125,32192.2,67.74,-18.1,-10.4,0.983,-0.9,-2.0,2.2,-18.1,-10.4,0.992,22,3,0,0,3
102.0,23,isocontour,11.283791670955125,32189.62,67.74,-19.3,7.3,0.998,1.8,-2.2,2.8,-19.3,7.3,0.986,23,4,0,0,4
102.0,24,isocontour,11.283791670955125,30453.7,64.09,4.1,-20.3,0.994,0.5,0.9,1.0,4.1,-20.3,0.99,24,3,0,0,3
102.0,25,isocontour,11.283791670955125,30095.28,63.33,-14.2,13.8,1.043,-0.4,-2.3,2.3,-14.2,13.8,1.038,25,4,0,0,4
102.0,Target,,,,,0.0,0.0,4.023,0.0,0.0,,,,,,,,,
102.1,1,isocontour,11.283791670955125,27449.17,57.76,13.7,15.9,0.979,-0.6,1.2,1.3,14.3,12.5,1.096,5,8,0,0,8
102.1,2,isocontour,11.283791670955125,26284.0,55.31,6.8,19.7,0.985,-0.7,0.2,0.7,14.3,12.5,1.096,5,6,0,0,6
102.1,3,isocontour,11.283791670955125,26488.48,55.74,10.8,17.6,0.994,2.0,-2.4,3.1,14.3,12.5,1.096,5,8,0,0,8
102.1,4,isocontour,11.283791670955125,31694.32,66.7,17.4,11.6,0.984,-1.8,0.2,1.8,14.3,12.5,1.096,5,8,0,0,8
102.1,5,isocontour,11.283791670955125,29723.8,62.55,14.2,12.7,1.089,-0.3,2.4,2.4,14.2,12.7,1.096,5,9,0,0,9
102.1,6,isocontour,11.283791670955125,31404.3,66.09,14.9,12.3,1.073,-1.3,0.7,1.5,14.3,12.5,1.096,5,9,0,0,9
102.1,7,isocontour,11.283791670955125,29508.48,62.1,-14.4,14.5,1.008,0.5,0.5,0.7,-14.2,13.8,1.043,25,4,0,0,4
102.1,8,isocontour,11.283791670955125,31545.37,66.38,16.5,11.3,1.032,-0.5,2.1,2.2,14.3,12.5,1.096,5,8,0,0,8
102.1,9,isocontour,11.283791670955125,29841.69,62.8,18.7,9.1,0.985,-0.2,-0.8,0.8,14.3,12.5,1.096,5,8,0,0,8
102.1,10,isocontour,11.283791670955125,29655.77,62.41,18.9,5.6,1.05,2.4,0.5,2.5,14.3,12.5,1.096,5,6,0,0,6
102.1,11,isocontour,11.283791670955125,31497.73,66.28,-16.8,-9.7,1.067,1.0,-2.4,2.6,-16.8,-9.7,1.074,11,3,0,0,3
102.1,12,isocontour,11.283791670955125,29160.77,61.37,-12.8,-16.2,0.999,1.2,0.1,1.2,-4.7,-18.3,1.099,21,3,0,0,3
102.1,13,isocontour,11.283791670955125,27405.21,57.67,20.7,0.4,0.992,-0.1,1.2,1.2,18.7,5.5,1.072,10,2,0,0,2
102.1,14,isocontour,11.283791670955125,29876.35,62.87,9.5,-17.8,1.022,2.2,0.2,2.2,9.5,-17.8,1.026,14,2,0,0,2
102.1,15,isocontour,11.283791670955125,26471.1,55.71,0.9,20.9,0.983,3.0,-0.6,3.1,6.8,19.7,0.994,2,3,0,0,3
102.1,16,isocontour,11.283791670955125,45572.76,95.9,-18.3,15.6,0.824,0.9,-2.8,2.9,-14.2,13.8,1.043,25,4,0,0,4
102.1,17,isocontour,11.283791670955125,27482.5,57.83,12.4,15.4,1.046,2.6,-1.7,3.1,14.3,12.5,1.096,5,8,0,0,8
102.1,18,isocontour,11.283791670955125,32847.7,69.12,-8.1,19.2,0.985,-2.1,-2.3,3.1,-14.2,13.8,1.043,25,4,0,0,4
102.1,19,isocontour,11.283791670955125,28502.62,59.98,-20.8,-1.2,0.986,-0.6,-4.9,4.9,-16.9,-9.5,1.074,11,3,0,0,3
102.1,20,isocontour,11.283791670955125,30056.8,63.25,13.5,-15.6,0.998,2.4,2.2,3.3,9.3,-17.8,1.026,14,2,0,0,2
102.1,21,isocontour,11.283791670955125,29593.6,62.28,-4.5,-18.3,1.101,2.5,-0.2,2.5,-4.5,-18.3,1.099,21,2,0,0,2
102.1,22,isocontour,11.283791670955125,32191.98,67.74,-18.1,-10.4,0.982,-0.2,0.5,0.5,-16.9,-9.5,1.074,11,3,0,0,3
102.1,23,isocontour,11.283791670955125,32170.55,67.7,-19.4,7.4,0.99,-1.8,1.7,2.5,-14.2,13.8,1.043,25,4,0,0,4
102.1,24,isocontour,11.283791670955125,30420.59,64.02,3.9,-20.3,0.994,-2.9,-0.6,3.0,-4.7,-18.3,1.099,21,3,0,0,3
102.1,25,isocontour,11.283791670955125,30086.98,63.31,-14.2,13.6,1.05,-0.2,-1.8,1.8,-14.2,13.6,1.043,25,4,0,0,4
102.1,Target,,,,,0.0,0.0,4.023,0.0,0.0,,,,,,,,,
102.2,1,isocontour,11.283791670955125,27443.76,57.75,13.7,15.8,0.985,-0.1,-1.6,1.6,14.3,12.5,1.096,5,8,0,0,8
102.2,2,isocontour,11.283791670955125,26280.04,55.3,6.9,19.7,0.985,1.4,-0.3,1.4,14.3,12.5,1.096,5,6,0,0,6
102.2,3,isocontour,11.283791670955125,26488.06,55.74,10.8,17.6,0.995,-0.6,0.3,0.7,14.3,12.5,1.096,5,8,0,0,8
102.2,4,isocontour,11.283791670955125,31682.41,66.67,17.2,11.8,0.984,-1.1,1.8,2.1,14.3,12.5,1.096,5,8,0,0,8
102.2,5,isocontour,11.283791670955125,29721.42,62.55,14.1,12.8,1.09,-1.1,0.6,1.3,14.3,12.5,1.096,5,9,0,0,9
102.2,6,isocontour,11.283791670955125,31389.87,66.06,14.7,12.4,1.079,-2.0,1.0,2.2,14.3,12.5,1.096,5,9,0,0,9
102.2,7,isocontour,11.283791670955125,29489.4,62.06,-14.6,14.4,1.003,-2.4,-0.7,2.5,-14.2,13.6,1.05,25,4,0,0,4
102.2,8,isocontour,11.283791670955125,31539.02,66.37,16.4,11.4,1.035,-1.5,0.7,1.7,14.3,12.5,1.096,5,8,0,0,8
102.2,9,isocontour,11.283791670955125,29816.79,62.75,18.7,8.9,0.994,-0.7,-2.6,2.7,14.3,12.5,1.096,5,8,0,0,8
102.2,10,isocontour,11.283791670955125,29620.62,62.33,19.0,5.9,1.04,0.6,3.0,3.1,14.3,12.5,1.096,5,6,0,0,6
102.2,11,isocontour,11.283791670955125,31467.84,66.22,-16.7,-10.0,1.064,1.0,-2.7,2.9,-4.7,-18.3,1.099,21,3,0,0,3
102.2,12,isocontour,11.283791670955125,29155.06,61.35,-12.7,-16.3,0.995,0.4,-1.6,1.6,-4.5,-18.3,1.101,21,3,0,0,3
102.2,13,isocontour,11.283791670955125,27384.47,57.63,20.8,0.2,0.99,0.5,-2.5,2.5,14.3,12.5,1.096,5,2,0,0,2
102.2,14,isocontour,11.283791670955125,29860.12,62.84,9.7,-17.8,1.018,2.3,0.5,2.4,-4.7,-18.3,1.099,21,2,0,0,2
102.2,15,isocontour,11.283791670955125,26434.89,55.63,1.2,20.8,0.987,2.9,-1.0,3.1,14.3,12.5,1.096,5,3,0,0,3
102.2,16,isocontour,11.283791670955125,45564.19,95.88,-18.1,15.6,0.832,1.9,-0.2,1.9,-14.2,13.6,1.05,25,4,0,0,4
102.2,17,isocontour,11.283791670955125,27466.07,57.8,12.6,15.2,1.048,1.5,-1.8,2.3,14.3,12.5,1.096,5,8,0,0,8
102.2,18,isocontour,11.283791670955125,32822.81,69.07,-8.3,19.0,0.993,-1.5,-2.3,2.7,-14.2,13.6,1.05,25,4,0,0,4
102.2,19,isocontour,11.283791670955125,28501.66,59.98,-20.7,-1.2,0.989,0.7,0.6,0.9,-16.9,-9.5,1.074,11,3,0,0,3
102.2,20,isocontour,11.283791670955125,29949.39,63.02,13.9,-15.3,0.995,3.7,2.4,4.4,-4.7,-18.3,1.099,21,2,0,0,2
102.2,21,isocontour,11.283791670955125,29591.66,62.27,-4.5,-18.4,1.099,-1.1,-0.2,1.1,-4.5,-18.4,1.101,21,2,0,0,2
102.2,22,isocontour,11.283791670955125,32185.17,67.73,-18.0,-10.4,0.988,1.7,-0.4,1.7,-4.7,-18.3,1.099,21,3,0,0,3
102.2,23,isocontour,11.283791670955125,32169.92,67.7,-19.4,7.5,0.989,0.5,0.6,0.8,-16.9,-9.5,1.074,11,4,0,0,4
102.2,24,isocontour,11.283791670955125,30276.81,63.71,3.4,-20.5,0.991,-4.6,-1.4,4.8,-4.5,-18.3,1.101,21,3,0,0,3
102.2,25,isocontour,11.283791670955125,30072.55,63.28,-14.4,13.6,1.046,-2.1,-0.8,2.2,-14.4,13.6,1.05,25,4,0,0,4
102.2,Target,,,,,0.0,0.0,4.023,0.0,0.0,,,,,,,,,
102.3,1,isocontour,11.283791670955125,27437.41,57.74,13.7,15.6,0.989,0.8,-1.5,1.7,14.3,12.5,1.096,5,9,0,0,9
102.3,2,isocontour,11.283791670955125,26276.9,55.3,6.9,19.6,0.988,0.8,-1.1,1.4,14.3,12.5,1.096,5,6,0,0,6
102.3,3,isocontour,11.283791670955125,26481.37,55.73,10.8,17.8,0.988,0.0,1.7,1.7,14.3,12.5,1.096,5,8,0,0,8
102.3,4,isocontour,11.283791670955125,31667.59,66.64,17.1,12.0,0.984,-1.3,1.8,2.2,14.3,12.5,1.096,5,8,0,0,8
102.3,5,isocontour,11.283791670955125,29720.02,62.54,14.1,12.9,1.09,-0.6,0.8,1.0,14.3,12.5,1.096,5,9,0,0,9
102.3,6,isocontour,11.283791670955125,31356.75,65.99,14.6,12.7,1.074,-1.1,2.8,3.0,14.3,12.5,1.096,5,9,0,0,9
102.3,7,isocontour,11.283791670955125,29483.59,62.04,-14.8,14.5,0.994,-1.3,1.0,1.6,-16.9,-9.5,1.074,11,4,0,0,4
102.3,8,isocontour,11.283791670955125,31524.01,66.34,16.3,11.6,1.032,-0.6,2.2,2.3,14.3,12.5,1.096,5,8,0,0,8
102.3,9,isocontour,11.283791670955125,29814.85,62.74,18.6,8.9,1.0,-1.1,-0.0,1.1,14.3,12.5,1.096,5,8,0,0,8
102.3,10,isocontour,11.283791670955125,29591.66,62.27,19.0,6.1,1.036,-0.3,2.8,2.8,14.3,12.5,1.096,5,7,0,0,7
102.3,11,isocontour,11.283791670955125,31465.52,66.22,-16.7,-10.1,1.064,0.7,-1.0,1.2,-4.5,-18.3,1.101,21,3,0,0,3
102.3,12,isocontour,11.283791670955125,29151.33,61.35,-12.7,-16.4,0.991,0.5,-1.3,1.4,-4.5,-18.3,1.101,21,3,0,0,3
102.3,13,isocontour,11.283791670955125,27362.23,57.58,20.8,-0.0,0.986,0.9,-2.4,2.6,14.3,12.5,1.096,5,2,0,0,2
102.3,14,isocontour,11.283791670955125,29835.22,62.78,9.9,-17.6,1.022,1.8,2.0,2.7,-4.5,-18.3,1.101,21,2,0,0,2
102.3,15,isocontour,11.283791670955125,26408.3,55.57,1.4,20.6,0.995,2.2,-1.7,2.8,14.3,12.5,1.096,5,3,0,0,3
102.3,16,isocontour,11.283791670955125,45543.45,95.84,-17.9,15.4,0.843,1.9,-1.7,2.5,-16.9,-9.5,1.074,11,4,0,0,4
102.3,17,isocontour,11.283791670955125,27463.2,57.79,12.7,15.1,1.05,0.8,-1.0,1.3,14.3,12.5,1.096,5,8,0,0,8
102.3,18,isocontour,11.283791670955125,32794.15,69.01,-8.1,19.1,0.994,2.6,1.2,2.9,14.3,12.5,1.096,5,4,0,0,4
102.3,19,isocontour,11.283791670955125,28500.52,59.98,-20.7,-1.2,0.993,0.7,0.6,0.9,-4.7,-18.3,1.099,21,3,0,0,3
102.3,20,isocontour,11.283791670955125,29934.57,62.99,14.1,-15.2,0.989,2.2,0.5,2.3,-4.7,-18.3,1.099,21,1,0,0,1
102.3,21,isocontour,11.283791670955125,29590.13,62.27,-4.6,-18.3,1.101,-0.8,0.7,1.1,-4.6,-18.3,1.101,21,2,0,0,2
102.3,22,isocontour,11.283791670955125,32163.69,67.68,-17.8,-10.4,0.999,2.6,0.0,2.6,-4.5,-18.3,1.101,21,3,0,0,3
102.3,23,isocontour,11.283791670955125,32151.97,67.66,-19.3,7.7,0.989,0.8,2.3,2.4,-16.9,-9.5,1.074,11,4,0,0,4
102.3,24,isocontour,11.283791670955125,30263.86,63.69,3.4,-20.6,0.981,0.8,-2.0,2.2,-4.5,-18.3,1.101,21,2,0,0,2
102.3,25,isocontour,11.283791670955125,30071.61,63.28,-14.4,13.6,1.046,0.8,0.4,0.9,-16.9,-9.5,1.074,11,4,0,0,4
102.3,Target,,,,,0.0,0.0,4.023,0.0,0.0,,,,,,,,,
102.4,1,isocontour,11.283791670955125,27434.54,57.73,13.8,15.5,0.992,0.4,-1.2,1.3,14.3,12.5,1.096,5,9,0,0,9
102.4,2,isocontour,11.283791670955125,26264.13,55.27,6.8,19.5,0.998,-1.5,-1.6,2.2,14.3,12.5,1.096,5,6,0,0,6
102.4,3,isocontour,11.283791670955125,26403.61,55.56,10.5,18.0,0.988,-3.5,1.9,4.0,14.3,12.5,1.096,5,8,0,0,8
102.4,4,isocontour,11.283791670955125,31660.06,66.62,17.2,11.9,0.982,1.4,-1.2,1.8,14.3,12.5,1.096,5,8,0,0,8
102.4,5,isocontour,11.283791670955125,29717.28,62.54,14.0,12.8,1.096,-1.2,-0.5,1.3,14.3,12.5,1.096,5,9,0,0,9
102.4,6,isocontour,11.283791670955125,31320.55,65.91,14.8,12.6,1.066,2.8,-1.2,3.0,14.3,12.5,1.096,5,9,0,0,9
102.4,7,isocontour,11.283791670955125,29474.75,62.03,-14.9,14.6,0.984,-1.5,1.2,1.9,14.3,12.5,1.096,5,4,0,0,4
102.4,8,isocontour,11.283791670955125,31502.28,66.29,16.5,11.4,1.031,1.5,-2.1,2.6,14.3,12.5,1.096,5,8,0,0,8
102.4,9,isocontour,11.283791670955125,29807.93,62.73,18.7,8.9,0.993,1.7,0.5,1.8,14.3,12.5,1.096,5,8,0,0,8
102.4,10,isocontour,11.283791670955125,29589.1,62.27,18.9,6.3,1.036,-0.5,1.2,1.3,14.3,12.5,1.096,5,8,0,0,8
102.4,11,isocontour,11.283791670955125,31459.92,66.2,-16.8,-10.2,1.056,-1.4,-0.7,1.6,-4.5,-18.3,1.101,21,3,0,0,3
102.4,12,isocontour,11.283791670955125,29016.25,61.06,-12.5,-16.8,0.981,2.4,-4.1,4.8,-4.5,-18.3,1.101,21,3,0,0,3
102.4,13,isocontour,11.283791670955125,27359.86,57.58,20.9,0.0,0.985,-0.0,1.2,1.2,14.3,12.5,1.096,5,2,0,0,2
102.4,14,isocontour,11.283791670955125,29814.97,62.74,10.1,-17.4,1.025,1.8,1.7,2.5,-4.5,-18.3,1.101,21,2,0,0,2
102.4,15,isocontour,11.283791670955125,26406.86,55.57,1.6,20.6,0.996,1.0,0.1,1.0,14.3,12.5,1.096,5,3,0,0,3
102.4,16,isocontour,11.283791670955125,45537.1,95.83,-17.8,15.4,0.849,1.6,0.5,1.7,14.3,12.5,1.096,5,4,0,0,4
102.4,17,isocontour,11.283791670955125,27450.95,57.77,12.9,15.0,1.047,2.0,-0.8,2.2,14.3,12.5,1.096,5,9,0,0,9
102.4,18,isocontour,11.283791670955125,32780.84,68.98,-8.1,19.3,0.984,-0.5,2.1,2.2,14.3,12.5,1.096,5,4,0,0,4
102.4,19,isocontour,11.283791670955125,28499.96,59.97,-20.7,-1.1,0.992,-0.4,0.6,0.7,-4.5,-18.3,1.101,21,3,0,0,3
102.4,20,isocontour,11.283791670955125,29932.77,62.99,14.1,-15.2,0.993,-0.9,0.6,1.1,-4.5,-18.3,1.101,21,1,0,0,1
102.4,21,isocontour,11.283791670955125,29589.03,62.27,-4.7,-18.3,1.101,-0.9,0.2,0.9,-4.7,-18.3,1.101,21,2,0,0,2
102.4,22,isocontour,11.283791670955125,32137.1,67.63,-17.8,-10.6,0.99,-1.3,-2.4,2.7,-4.5,-18.3,1.101,21,3,0,0,3
102.4,23,isocontour,11.283791670955125,32133.58,67.62,-19.1,7.8,0.997,2.3,0.8,2.4,-4.7,-18.3,1.099,21,4,0,0,4
102.4,24,isocontour,11.283791670955125,30245.24,63.65,3.6,-20.7,0.974,2.3,-0.8,2.4,-4.5,-18.3,1.101,21,2,0,0,2
102.4,25,isocontour,11.283791670955125,30043.25,63.22,-14.2,13.7,1.051,2.5,1.3,2.8,14.3,12.5,1.096,5,4,0,0,4
102.4,Target,,,,,0.0,0.0,4.023,0.0,0.0,,,,,,,,,
102.5,1,isocontour,11.283791670955125,27417.69,57.7,14.0,15.6,0.983,2.1,1.0,2.3,14.3,12.5,1.096,5,9,0,0,9
102.5,2,isocontour,11.283791670955125,26245.51,55.23,6.7,19.6,0.994,-1.6,1.8,2.4,14.3,12.5,1.096,5,6,0,0,6
102.5,3,isocontour,11.283791670955125,26402.64,55.56,10.4,18.0,0.988,-0.8,0.4,0.9,14.3,12.5,1.096,5,8,0,0,8
102.5,4,isocontour,11.283791670955125,31653.93,66.61,17.1,12.0,0.983,-1.1,1.3,1.7,14.3,12.5,1.096,5,8,0,0,8
102.5,5,isocontour,11.283791670955125,29703.97,62.51,13.9,13.0,1.092,-0.7,2.1,2.2,13.9,13.0,1.096,5,9,0,0,9
102.5,6,isocontour,11.283791670955125,31300.05,65.87,14.6,12.6,1.072,-2.4,0.7,2.5,14.3,12.5,1.096,5,9,0,0,9
102.5,7,isocontour,11.283791670955125,29473.39,62.02,-15.0,14.7,0.978,-0.5,0.9,1.0,-4.7,-18.3,1.099,21,4,0,0,4
102.5,8,isocontour,11.283791670955125,31496.57,66.28,16.4,11.5,1.035,-1.4,0.8,1.6,14.3,12.5,1.096,5,8,0,0,8
102.5,9,isocontour,11.283791670955125,29701.25,62.5,19.0,8.7,0.984,3.2,-3.0,4.4,14.3,12.5,1.096,5,8,0,0,8
102.5,10,isocontour,11.283791670955125,29554.29,62.19,18.8,6.5,1.041,-1.7,2.5,3.0,14.3,12.5,1.096,5,8,0,0,8
102.5,11,isocontour,11.283791670955125,31459.39,66.2,-16.8,-10.1,1.054,-0.5,0.6,0.8,-4.5,-18.3,1.101,21,3,0,0,3
102.5,12,isocontour,11.283791670955125,29010.74,61.05,-12.5,-16.9,0.973,-1.4,-0.9,1.7,-4.5,-18.3,1.101,21,3,0,0,3
102.5,13,isocontour,11.283791670955125,27322.58,57.5,20.8,0.3,0.988,-0.6,3.0,3.1,14.3,12.5,1.096,5,2,0,0,2
102.5,14,isocontour,11.283791670955125,29813.94,62.74,10.2,-17.3,1.027,0.6,0.7,0.9,-4.5,-18.3,1.101,21,2,0,0,2
102.5,15,isocontour,11.283791670955125,26295.75,55.34,1.2,20.7,0.993,-4.4,0.7,4.5,14.3,12.5,1.096,5,3,0,0,3
102.5,16,isocontour,11.283791670955125,45511.36,95.77,-17.8,15.2,0.856,-0.2,-2.7,2.7,-4.7,-18.3,1.099,21,4,0,0,4
102.5,17,isocontour,11.283791670955125,27450.36,57.77,12.8,15.1,1.046,-0.5,0.6,0.8,14.3,12.5,1.096,5,9,0,0,9
102.5,18,isocontour,11.283791670955125,32753.38,68.93,-7.8,19.3,0.984,2.7,0.7,2.8,14.3,12.5,1.096,5,4,0,0,4
102.5,19,isocontour,11.283791670955125,28464.45,59.9,-20.7,-1.3,0.99,-0.1,-3.0,3.0,-4.5,-18.3,1.101,21,3,0,0,3
102.5,20,isocontour,11.283791670955125,29931.87,62.99,14.1,-15.2,0.99,0.3,-0.8,0.9,-4.5,-18.3,1.101,21,1,0,0,1
102.5,21,isocontour,11.283791670955125,29586.48,62.26,-4.8,-18.3,1.097,-1.1,-0.7,1.3,-4.8,-18.3,1.101,21,2,0,0,2
102.5,22,isocontour,11.283791670955125,32067.86,67.48,-18.0,-10.4,0.99,-1.5,3.5,3.8,-4.5,-18.3,1.101,21,3,0,0,3
102.5,23,isocontour,11.283791670955125,32131.43,67.62,-19.0,7.9,1.001,0.8,0.9,1.2,-4.5,-18.3,1.101,21,4,0,0,4
102.5,24,isocontour,11.283791670955125,30240.59,63.64,3.7,-20.6,0.98,0.2,1.5,1.5,-4.5,-18.3,1.101,21,2,0,0,2
102.5,25,isocontour,11.283791670955125,30011.13,63.15,-14.3,13.5,1.053,-1.8,-2.3,2.9,-4.7,-18.3,1.099,21,4,0,0,4
102.5,Target,,,,,0.0,0.0,4.023,0.0,0.0,,,,,,,,,
102.6,1,isocontour,11.283791670955125,27393.34,57.65,13.8,15.6,0.986,-2.6,0.8,2.7,14.3,12.5,1.096,5,9,0,0,9
102.6,2,isocontour,11.283791670955125,26245.31,55.23,6.7,19.6,0.995,0.1,-0.5,0.5,14.3,12.5,1.096,5,6,0,0,6
102.6,3,isocontour,11.283791670955125,26382.87,55.52,10.2,18.1,0.99,-2.4,0.7,2.5,14.3,12.5,1.096,5,8,0,0,8
102.6,4,isocontour,11.283791670955125,31647.57,66.6,17.0,12.1,0.983,-1.0,1.4,1.7,14.3,12.5,1.096,5,8,0,0,8
102.6,5,isocontour,11.283791670955125,29675.32,62.45,13.7,13.2,1.091,-1.9,2.1,2.8,13.7,13.2,1.096,5,9,0,0,9
102.6,6,isocontour,11.283791670955125,31293.01,65.85,14.5,12.7,1.078,-1.7,0.5,1.8,14.3,12.5,1.096,5,9,0,0,9
102.6,7,isocontour,11.283791670955125,29468.83,62.01,-15.1,14.6,0.976,-1.1,-1.0,1.5,-4.5,-18.3,1.101,21,4,0,0,4
102.6,8,isocontour,11.283791670955125,31471.95,66.23,16.1,11.6,1.04,-2.2,1.5,2.7,14.3,12.5,1.096,5,8,0,0,8
102.6,9,isocontour,11.283791670955125,29687.38,62.47,19.2,8.5,0.977,1.8,-1.2,2.2,14.3,12.5,1.096,5,8,0,0,8
102.6,10,isocontour,11.283791670955125,29517.37,62.12,18.6,6.8,1.044,-1.6,2.6,3.1,14.3,12.5,1.096,5,8,0,0,8
102.6,11,isocontour,11.283791670955125,31449.99,66.18,-16.8,-9.9,1.059,0.1,1.9,1.9,-4.5,-18.3,1.101,21,3,0,0,3
102.6,12,isocontour,11.283791670955125,28987.46,61.0,-12.7,-16.8,0.976,-1.4,2.2,2.6,-4.5,-18.3,1.101,21,3,0,0,3
102.6,13,isocontour,11.283791670955125,27285.66,57.42,20.7,0.6,0.991,-0.7,3.0,3.1,14.3,12.5,1.096,5,2,0,0,2
102.6,14,isocontour,11.283791670955125,29805.1,62.72,10.3,-17.2,1.033,0.7,1.8,1.9,-4.5,-18.3,1.101,21,2,0,0,2
102.6,15,isocontour,11.283791670955125,26274.28,55.29,0.9,20.7,0.991,-2.5,0.5,2.5,14.3,12.5,1.096,5,3,0,0,3
102.6,16,isocontour,11.283791670955125,45478.91,95.7,-17.7,14.9,0.866,0.6,-2.9,3.0,-4.5,-18.3,1.101,21,4,0,0,4
102.6,17,isocontour,11.283791670955125,27449.6,57.76,12.8,15.1,1.049,-0.8,0.0,0.8,14.3,12.5,1.096,5,9,0,0,9
102.6,18,isocontour,11.283791670955125,32752.38,68.92,-7.7,19.3,0.986,0.9,-0.2,0.9,-4.7,-18.3,1.099,21,4,0,0,4
102.6,19,isocontour,11.283791670955125,28441.96,59.85,-20.7,-1.2,0.993,0.5,2.5,2.5,-4.5,-18.3,1.101,21,3,0,0,3
102.6,20,isocontour,11.283791670955125,29930.34,62.98,14.1,-15.2,0.991,0.5,0.9,1.0,-4.5,-18.3,1.101,21,1,0,0,1
102.6,21,isocontour,11.283791670955125,29560.18,62.21,-4.6,-18.4,1.094,2.6,-0.9,2.8,-4.6,-18.4,1.101,21,2,0,0,2
102.6,22,isocontour,11.283791670955125,32066.79,67.48,-18.0,-10.3,0.99,-0.4,0.8,0.9,-4.5,-18.3,1.101,21,3,0,0,3
102.6,23,isocontour,11.283791670955125,32102.16,67.56,-19.0,7.7,1.004,-0.5,-2.8,2.8,-4.5,-18.3,1.101,21,4,0,0,4
102.6,24,isocontour,11.283791670955125,30219.85,63.59,3.9,-20.5,0.986,2.0,1.5,2.5,-4.5,-18.3,1.101,21,2,0,0,2
102.6,25,isocontour,11.283791670955125,29979.66,63.09,-14.4,13.3,1.058,-1.3,-2.6,2.9,-4.5,-18.3,1.101,21,4,0,0,4
102.6,Target,,,,,0.0,0.0,4.023,0.0,0.0,,,,,,,,,
102.7,1,isocontour,11.283791670955125,27371.61,57.6,13.5,15.7,0.99,-2.3,1.2,2.6,14.3,12.5,1.096,5,9,0,0,9
102.7,2,isocontour,11.283791670955125,26241.81,55.22,6.8,19.6,0.992,1.4,0.3,1.4,14.3,12.5,1.096,5,6,0,0,6
102.7,3,isocontour,11.283791670955125,26379.94,55.51,10.2,18.0,0.992,1.0,-0.8,1.3,14.3,12.5,1.096,5,8,0,0,8
102.7,4,isocontour,11.283791670955125,31645.2,66.59,16.9,12.2,0.986,-1.1,0.6,1.3,14.3,12.5,1.096,5,8,0,0,8
102.7,5,isocontour,11.283791670955125,29645.12,62.38,13.5,13.4,1.09,-1.9,2.1,2.8,13.5,13.4,1.096,5,9,0,0,9
102.7,6,isocontour,11.283791670955125,31289.13,65.84,14.3,12.7,1.083,-1.4,0.4,1.5,14.3,12.5,1.096,5,9,0,0,9
102.7,7,isocontour,11.283791670955125,29461.55,62.0,-15.2,14.5,0.977,-1.1,-1.4,1.8,-4.5,-18.3,1.101,21,4,0,0,4
102.7,8,isocontour,11.283791670955125,31461.34,66.21,16.1,11.8,1.037,-0.4,2.0,2.0,14.3,12.5,1.096,5,8,0,0,8
102.7,9,isocontour,11.283791670955125,29661.08,62.42,19.0,8.5,0.988,-2.7,-0.2,2.7,14.3,12.5,1.096,5,8,0,0,8
102.7,10,isocontour,11.283791670955125,29511.87,62.1,18.5,6.9,1.049,-1.3,1.0,1.6,14.3,12.5,1.096,5,8,0,0,8
102.7,11,isocontour,11.283791670955125,31429.0,66.14,-16.9,-9.7,1.063,-0.8,2.4,2.5,-4.5,-18.3,1.101,21,3,0,0,3
102.7,12,isocontour,11.283791670955125,28986.75,61.0,-12.8,-16.7,0.977,-0.6,0.6,0.8,-4.5,-18.3,1.101,21,3,0,0,3
102.7,13,isocontour,11.283791670955125,27283.86,57.42,20.6,0.7,0.997,-1.1,0.3,1.1,14.3,12.5,1.096,5,2,0,0,2
102.7,14,isocontour,11.283791670955125,29774.27,62.66,10.1,-17.3,1.033,-2.4,-1.7,2.9,-4.5,-18.3,1.101,21,2,0,0,2
102.7,15,isocontour,11.283791670955125,26149.97,55.03,0.5,20.8,0.989,-4.6,0.5,4.6,-4.7,-18.3,1.099,21,3,0,0,3
102.7,16,isocontour,11.283791670955125,45443.41,95.63,-17.6,14.7,0.879,1.5,-2.7,3.1,-4.5,-18.3,1.101,21,4,0,0,4
102.7,17,isocontour,11.283791670955125,27427.87,57.72,12.6,15.2,1.051,-2.2,1.4,2.6,14.3,12.5,1.096,5,9,0,0,9
102.7,18,isocontour,11.283791670955125,32724.91,68.87,-7.5,19.3,0.993,2.8,-0.3,2.8,-4.5,-18.3,1.101,21,4,0,0,4
102.7,19,isocontour,11.283791670955125,28406.8,59.78,-20.7,-1.4,0.992,-0.1,-3.0,3.0,-4.5,-18.3,1.101,21,3,0,0,3
102.7,20,isocontour,11.283791670955125,29929.21,62.98,14.2,-15.1,0.993,0.5,0.8,0.9,-4.5,-18.3,1.101,21,1,0,0,1
102.7,21,isocontour,11.283791670955125,29559.15,62.2,-4.5,-18.5,1.093,0.8,-0.5,0.9,-4.5,-18.5,1.101,21,2,0,0,2
102.7,22,isocontour,11.283791670955125,32064.64,67.48,-18.0,-10.3,0.988,0.2,-1.2,1.2,-4.5,-18.3,1.101,21,3,0,0,3
102.7,23,isocontour,11.283791670955125,32100.96,67.55,-19.1,7.5,1.005,-0.3,-0.9,0.9,-4.5,-18.3,1.101,21,4,0,0,4
102.7,24,isocontour,11.283791670955125,30203.21,63.56,4.0,-20.3,0.992,1.9,1.4,2.4,-4.5,-18.3,1.101,21,2,0,0,2
102.7,25,isocontour,11.283791670955125,29946.21,63.02,-14.5,13.0,1.062,-1.4,-2.6,3.0,-4.5,-18.3,1.101,21,4,0,0,4
102.7,Target,,,,,0.0,0.0,4.023,0.0,0.0,,,,,,,,,
102.8,1,isocontour,11.283791670955125,27348.59,57.55,13.3,15.8,0.998,-2.6,0.1,2.6,14.3,12.5,1.096,5,9,0,0,9
102.8,2,isocontour,11.283791670955125,26214.35,55.16,6.6,19.7,0.989,-2.4,1.5,2.8,-4.7,-18.3,1.099,21,6,0,0,6
102.8,3,isocontour,11.283791670955125,26379.94,55.51,10.2,18.0,0.992,0.0,0.0,0.0,-4.7,-18.3,1.099,21,8,0,0,8
102.8,4,isocontour,11.283791670955125,31629.79,66.56,16.7,12.2,0.994,-2.3,0.2,2.3,14.3,12.5,1.096,5,8,0,0,8
102.8,5,isocontour,11.283791670955125,29643.8,62.38,13.4,13.5,1.089,-0.6,0.8,1.0,13.4,13.5,1.096,5,9,0,0,9
102.8,6,isocontour,11.283791670955125,31277.39,65.82,14.3,12.9,1.078,-0.4,2.1,2.1,14.3,12.5,1.096,5,9,0,0,9
102.8,7,isocontour,11.283791670955125,29425.34,61.92,-15.1,14.2,0.991,1.6,-2.6,3.1,-4.5,-18.3,1.101,21,4,0,0,4
102.8,8,isocontour,11.283791670955125,31450.73,66.18,15.9,11.9,1.041,-1.9,0.8,2.1,14.3,12.5,1.096,5,8,0,0,8
102.8,9,isocontour,11.283791670955125,29635.91,62.37,18.9,8.3,0.999,-0.8,-2.6,2.7,14.3,12.5,1.096,5,8,0,0,8
102.8,10,isocontour,11.283791670955125,29510.73,62.1,18.5,6.8,1.049,0.5,-0.8,0.9,14.3,12.5,1.096,5,8,0,0,8
102.8,11,isocontour,11.283791670955125,31427.56,66.14,-17.0,-9.6,1.061,-0.9,0.5,1.0,-4.5,-18.3,1.101,21,3,0,0,3
102.8,12,isocontour,11.283791670955125,28985.94,61.0,-12.8,-16.6,0.98,-0.1,0.8,0.8,-4.5,-18.3,1.101,21,3,0,0,3
102.8,13,isocontour,11.283791670955125,27262.88,57.37,20.7,0.5,0.996,0.4,-2.5,2.5,14.3,12.5,1.096,5,2,0,0,2
102.8,14,isocontour,11.283791670955125,29744.07,62.59,9.8,-17.4,1.037,-2.8,-0.6,2.9,-4.5,-18.3,1.101,21,2,0,0,2
102.8,15,isocontour,11.283791670955125,26149.87,55.03,0.5,20.8,0.988,0.4,0.2,0.4,-4.5,-18.3,1.101,21,3,0,0,3
102.8,16,isocontour,11.283791670955125,45424.1,95.59,-17.4,14.6,0.89,2.4,-0.5,2.5,-4.5,-18.3,1.101,21,4,0,0,4
102.8,17,isocontour,11.283791670955125,27403.25,57.67,12.8,15.1,1.045,2.6,-0.6,2.7,14.3,12.5,1.096,5,9,0,0,9
102.8,18,isocontour,11.283791670955125,32723.74,68.86,-7.4,19.3,0.997,0.9,-0.4,1.0,-4.5,-18.3,1.101,21,4,0,0,4
102.8,19,isocontour,11.283791670955125,28404.81,59.77,-20.7,-1.5,0.991,-0.2,-1.1,1.1,-4.5,-18.3,1.101,21,3,0,0,3
102.8,20,isocontour,11.283791670955125,29927.93,62.98,14.3,-15.1,0.99,1.0,-0.0,1.0,-4.5,-18.3,1.101,21,1,0,0,1
102.8,21,isocontour,11.283791670955125,29533.97,62.15,-4.2,-18.5,1.095,2.7,-0.3,2.7,-4.2,-18.5,1.101,21,2,0,0,2
102.8,22,isocontour,11.283791670955125,31980.22,67.3,-18.2,-10.1,0.988,-2.0,3.5,4.0,-4.5,-18.3,1.101,21,3,0,0,3
102.8,23,isocontour,11.283791670955125,32100.08,67.55,-19.0,7.6,1.004,0.2,0.8,0.8,-4.5,-18.3,1.101,21,4,0,0,4
102.8,24,isocontour,11.283791670955125,30202.82,63.56,4.1,-20.3,0.991,0.6,-0.2,0.6,-4.5,-18.3,1.101,21,2,0,0,2
102.8,25,isocontour,11.283791670955125,29910.01,62.94,-14.5,12.7,1.077,1.4,-2.7,3.0,-4.5,-18.3,1.101,21,4,0,0,4
102.8,Target,,,,,0.0,0.0,4.023,0.0,0.0,,,,,,,,,
102.9,1,isocontour,11.283791670955125,27336.51,57.53,13.1,15.8,1.002,-1.9,0.8,2.1,-4.7,-18.3,1.099,21,9,0,0,9
102.9,2,isocontour,11.283791670955125,26213.76,55.16,6.5,19.8,0.986,-0.3,0.7,0.8,-4.5,-18.3,1.101,21,6,0,0,6
102.9,3,isocontour,11.283791670955125,26291.72,55.33,10.0,18.2,0.99,-3.4,2.4,4.2,-4.5,-18.3,1.101,21,8,0,0,8
102.9,4,isocontour,11.283791670955125,31611.4,66.52,16.8,12.0,0.997,1.1,-2.1,2.4,-4.7,-18.3,1.099,21,8,0,0,8
102.9,5,isocontour,11.283791670955125,29617.78,62.33,13.6,13.4,1.09,1.8,-2.0,2.7,-4.7,-18.3,1.099,21,9,0,0,9
102.9,6,isocontour,11.283791670955125,31264.61,65.79,14.3,12.8,1.08,1.0,-1.9,2.1,-4.7,-18.3,1.099,21,9,0,0,9
102.9,7,isocontour,11.283791670955125,29418.06,61.91,-15.2,14.3,0.985,-1.2,1.3,1.8,-4.5,-18.3,1.101,21,4,0,0,4
102.9,8,isocontour,11.283791670955125,31440.58,66.16,16.0,11.9,1.036,1.9,-0.5,2.0,-4.7,-18.3,1.099,21,8,0,0,8
102.9,9,isocontour,11.283791670955125,29623.66,62.34,19.0,8.1,0.998,1.2,-1.7,2.1,14.3,12.5,1.096,5,8,0,0,8
102.9,10,isocontour,11.283791670955125,29478.61,62.03,18.5,7.1,1.046,-0.6,2.9,3.0,14.3,12.5,1.096,5,8,0,0,8
102.9,11,isocontour,11.283791670955125,31426.8,66.13,-17.1,-9.6,1.059,-0.7,0.5,0.9,-4.5,-18.3,1.101,21,3,0,0,3
102.9,12,isocontour,11.283791670955125,28982.06,60.99,-12.9,-16.5,0.98,-1.3,0.7,1.5,-4.5,-18.3,1.101,21,3,0,0,3
102.9,13,isocontour,11.283791670955125,27156.2,57.15,20.7,0.1,0.993,0.7,-4.3,4.4,14.3,12.5,1.096,5,2,0,0,2
102.9,14,isocontour,11.283791670955125,29714.18,62.53,9.5,-17.5,1.04,-2.7,-0.9,2.8,-4.5,-18.3,1.101,21,2,0,0,2
102.9,15,isocontour,11.283791670955125,26141.3,55.01,0.4,20.6,0.997,-0.4,-1.8,1.8,-4.5,-18.3,1.101,21,3,0,0,3
102.9,16,isocontour,11.283791670955125,45392.63,95.52,-17.1,14.6,0.902,2.9,-0.0,2.9,-4.5,-18.3,1.101,21,4,0,0,4
102.9,17,isocontour,11.283791670955125,27401.4,57.66,12.9,15.1,1.044,0.8,-0.8,1.1,-4.7,-18.3,1.099,21,9,0,0,9
102.9,18,isocontour,11.283791670955125,32722.09,68.86,-7.3,19.4,0.994,0.4,1.0,1.1,-4.5,-18.3,1.101,21,4,0,0,4
102.9,19,isocontour,11.283791670955125,28369.65,59.7,-20.7,-1.8,0.988,-0.2,-3.0,3.0,-4.5,-18.3,1.101,21,3,0,0,3
102.9,20,isocontour,11.283791670955125,29925.66,62.97,14.2,-15.1,0.99,-1.0,-0.7,1.2,-4.5,-18.3,1.101,21,1,0,0,1
102.9,21,isocontour,11.283791670955125,29531.87,62.15,-4.1,-18.6,1.093,1.0,-0.6,1.2,-4.1,-18.6,1.101,21,2,0,0,2
102.9,22,isocontour,11.283791670955125,31955.33,67.25,-18.2,-9.8,0.994,-0.1,2.7,2.7,-4.5,-18.3,1.101,21,3,0,0,3
102.9,23,isocontour,11.283791670955125,32091.51,67.53,-19.2,7.7,0.995,-1.8,0.5,1.9,-4.5,-18.3,1.101,21,4,0,0,4
102.9,24,isocontour,11.283791670955125,30169.37,63.49,3.9,-20.4,0.99,-2.9,-0.7,3.0,-4.5,-18.3,1.101,21,2,0,0,2
102.9,25,isocontour,11.283791670955125,29908.35,62.94,-14.3,12.7,1.084,1.1,0.2,1.1,-4.5,-18.3,1.101,21,4,0,0,4
102.9,Target,,,,,0.0,0.0,4.023,0.0,0.0,,,,,,,,,
103.0,1,isocontour,11.283791670955125,27291.94,57.43,13.0,16.1,0.994,-0.8,3.2,3.3,-4.5,-18.3,1.101,21,9,0,0,9
103.0,2,isocontour,11.283791670955125,26197.33,55.13,6.7,19.7,0.987,2.0,-1.1,2.3,-4.5,-18.3,1.101,21,6,0,0,6
103.0,3,isocontour,11.283791670955125,26290.32,55.32,9.8,18.3,0.99,-1.0,0.3,1.0,-4.5,-18.3,1.101,21,8,0,0,8
103.0,4,isocontour,11.283791670955125,31574.84,66.45,17.0,12.0,0.984,3.0,0.5,3.0,-4.5,-18.3,1.101,21,8,0,0,8
103.0,5,isocontour,11.283791670955125,29592.61,62.27,13.8,13.2,1.087,2.2,-1.5,2.7,-4.5,-18.3,1.101,21,9,0,0,9
103.0,6,isocontour,11.283791670955125,31259.5,65.78,14.5,12.8,1.073,1.5,0.6,1.6,-4.5,-18.3,1.101,21,9,0,0,9
103.0,7,isocontour,11.283791670955125,29343.79,61.75,-14.9,14.2,1.0,3.7,-1.1,3.9,-4.5,-18.3,1.101,21,4,0,0,4
103.0,8,isocontour,11.283791670955125,31438.92,66.16,16.1,11.9,1.032,-0.2,1.1,1.1,-4.5,-18.3,1.101,21,8,0,0,8
103.0,9,isocontour,11.283791670955125,29529.55,62.14,19.3,7.9,0.986,3.6,-2.1,4.2,-4.7,-18.3,1.099,21,8,0,0,8
103.0,10,isocontour,11.283791670955125,29477.17,62.03,18.4,7.2,1.046,-0.3,1.0,1.0,-4.7,-18.3,1.099,21,8,0,0,8
103.0,11,isocontour,11.283791670955125,31409.3,66.1,-17.2,-9.5,1.052,-2.1,1.1,2.4,-4.5,-18.3,1.101,21,3,0,0,3
103.0,12,isocontour,11.283791670955125,28975.25,60.97,-13.0,-16.4,0.978,-1.5,0.8,1.7,-4.5,-18.3,1.101,21,3,0,0,3
103.0,13,isocontour,11.283791670955125,27046.58,56.92,20.8,-0.4,0.988,0.7,-4.4,4.5,14.3,12.5,1.096,5,2,0,0,2
103.0,14,isocontour,11.283791670955125,29709.71,62.52,9.3,-17.5,1.044,-1.5,-0.0,1.5,-4.5,-18.3,1.101,21,2,0,0,2
103.0,15,isocontour,11.283791670955125,26140.48,55.01,0.5,20.6,0.997,0.8,0.2,0.8,-4.5,-18.3,1.101,21,3,0,0,3
103.0,16,isocontour,11.283791670955125,45387.62,95.51,-16.9,14.6,0.909,1.6,-0.1,1.6,-4.5,-18.3,1.101,21,4,0,0,4
103.0,17,isocontour,11.283791670955125,27367.62,57.59,13.0,14.9,1.046,2.0,-2.2,3.0,-4.5,-18.3,1.101,21,9,0,0,9
103.0,18,isocontour,11.283791670955125,32599.38,68.6,-7.7,19.3,0.987,-4.6,-0.3,4.6,-4.5,-18.3,1.101,21,4,0,0,4
103.0,19,isocontour,11.283791670955125,28309.28,59.57,-20.6,-1.6,0.995,1.1,3.4,3.6,-4.5,-18.3,1.101,21,3,0,0,3
103.0,20,isocontour,11.283791670955125,29924.34,62.97,14.2,-15.2,0.987,-0.1,-1.0,1.0,-4.5,-18.3,1.101,21,1,0,0,1
103.0,21,isocontour,11.283791670955125,29524.47,62.13,-4.0,-18.5,1.097,1.7,0.5,1.8,-4.0,-18.5,1.101,21,2,0,0,2
103.0,22,isocontour,11.283791670955125,31954.04,67.24,-18.2,-9.8,0.993,0.0,-1.0,1.0,-4.5,-18.3,1.101,21,3,0,0,3
103.0,23,isocontour,11.283791670955125,32090.3,67.53,-19.3,7.6,0.993,-0.4,-0.9,1.0,-4.5,-18.3,1.101,21,4,0,0,4
103.0,24,isocontour,11.283791670955125,30164.73,63.48,3.9,-20.5,0.983,0.8,-1.3,1.5,-4.5,-18.3,1.101,21,2,0,0,2
103.0,25,isocontour,11.283791670955125,29885.6,62.89,-14.2,12.9,1.081,1.2,2.3,2.6,-4.5,-18.3,1.101,21,4,0,0,4
103.0,Target,,,,,0.0,0.0,4.023,0.0,0.0,,,,,,,,,
103.1,1,isocontour,11.283791670955125,27288.67,57.43,12.9,16.2,0.992,-1.1,0.8,1.4,-4.5,-18.3,1.101,21,9,0,0,9
103.1,2,isocontour,11.283791670955125,26176.83,55.09,6.6,19.5,0.998,-1.8,-1.7,2.5,-4.5,-18.3,1.101,21,6,0,0,6
103.1,3,isocontour,11.283791670955125,26285.12,55.31,9.9,18.3,0.985,1.5,0.6,1.6,-4.5,-18.3,1.101,21,8,0,0,8
103.1,4,isocontour,11.283791670955125,31574.8,66.45,17.1,12.0,0.982,0.2,-0.2,0.3,-4.5,-18.3,1.101,21,8,0,0,8
103.1,5,isocontour,11.283791670955125,29572.11,62.23,13.8,13.4,1.08,-0.5,2.5,2.5,-4.5,-18.3,1.101,21,9,0,0,9
103.1,6,isocontour,11.283791670955125,31257.45,65.78,14.5,12.9,1.069,-0.3,1.1,1.1,-4.5,-18.3,1.101,21,9,0,0,9
103.1,7,isocontour,11.283791670955125,29343.02,61.75,-14.8,14.3,1.003,0.7,0.5,0.9,-4.5,-18.3,1.101,21,4,0,0,4
103.1,8,isocontour,11.283791670955125,31416.94,66.11,15.9,12.1,1.038,-2.3,1.2,2.6,-4.5,-18.3,1.101,21,8,0,0,8
103.1,9,isocontour,11.283791670955125,29529.42,62.14,19.4,7.8,0.982,0.4,-0.1,0.4,-4.5,-18.3,1.101,21,8,0,0,8
103.1,10,isocontour,11.283791670955125,29447.9,61.97,18.3,7.4,1.048,-1.4,2.5,2.9,-4.5,-18.3,1.101,21,8,0,0,8
103.1,11,isocontour,11.283791670955125,31387.57,66.05,-17.4,-9.3,1.052,-1.0,2.4,2.6,-4.5,-18.3,1.101,21,3,0,0,3
103.1,12,isocontour,11.283791670955125,28974.04,60.97,-13.1,-16.3,0.982,-0.0,1.0,1.0,-4.5,-18.3,1.101,21,3,0,0,3
103.1,13,isocontour,11.283791670955125,27045.48,56.91,20.8,-0.3,0.989,-0.3,0.9,0.9,-4.7,-18.3,1.099,21,2,0,0,2
103.1,14,isocontour,11.283791670955125,29684.54,62.47,9.6,-17.5,1.038,2.7,-0.1,2.7,-4.5,-18.3,1.101,21,2,0,0,2
103.1,15,isocontour,11.283791670955125,26111.52,54.95,0.3,20.7,0.994,-2.8,0.6,2.9,-4.5,-18.3,1.101,21,3,0,0,3
103.1,16,isocontour,11.283791670955125,45352.46,95.44,-16.6,14.5,0.921,2.9,-0.8,3.0,-4.5,-18.3,1.101,21,4,0,0,4
103.1,17,isocontour,11.283791670955125,27348.31,57.55,13.1,15.1,1.037,-0.1,2.5,2.5,-4.5,-18.3,1.101,21,9,0,0,9
103.1,18,isocontour,11.283791670955125,32554.4,68.51,-8.0,19.2,0.99,-2.6,-2.0,3.3,-4.5,-18.3,1.101,21,4,0,0,4
103.1,19,isocontour,11.283791670955125,28303.14,59.56,-20.7,-1.5,0.988,-1.7,0.3,1.7,-4.5,-18.3,1.101,21,3,0,0,3
103.1,20,isocontour,11.283791670955125,29923.8,62.97,14.2,-15.3,0.983,0.6,-0.4,0.7,-4.5,-18.3,1.101,21,1,0,0,1
103.1,21,isocontour,11.283791670955125,29522.94,62.13,-3.8,-18.5,1.097,1.0,-0.3,1.0,-3.8,-18.5,1.101,21,2,0,0,2
103.1,22,isocontour,11.283791670955125,31953.64,67.24,-18.2,-9.9,0.991,0.0,-0.7,0.7,-4.5,-18.3,1.101,21,3,0,0,3
103.1,23,isocontour,11.283791670955125,32057.52,67.46,-19.5,7.5,0.984,-2.6,-1.4,3.0,-4.5,-18.3,1.101,21,4,0,0,4
103.1,24,isocontour,11.283791670955125,30164.65,63.48,3.9,-20.5,0.984,-0.1,0.4,0.4,-4.5,-18.3,1.101,21,2,0,0,2
103.1,25,isocontour,11.283791670955125,29882.73,62.88,-14.3,13.0,1.074,-1.2,0.6,1.3,-4.5,-18.3,1.101,21,4,0,0,4
103.1,Target,,,,,0.0,0.0,4.023,0.0,0.0,,,,,,,,,
103.2,1,isocontour,11.283791670955125,27282.31,57.41,13.0,16.2,0.987,1.7,0.0,1.7,-4.5,-18.3,1.101,21,9,0,0,9
103.2,2,isocontour,11.283791670955125,26164.41,55.06,6.5,19.7,0.993,-0.9,1.9,2.1,-4.5,-18.3,1.101,21,6,0,0,6
103.2,3,isocontour,11.283791670955125,26269.1,55.28,9.8,18.4,0.983,-2.0,1.2,2.3,-4.5,-18.3,1.101,21,8,0,0,8
103.2,4,isocontour,11.283791670955125,31572.7,66.44,17.0,12.0,0.986,-1.1,0.3,1.1,-4.5,-18.3,1.101,21,8,0,0,8
103.2,5,isocontour,11.283791670955125,29569.18,62.22,13.7,13.5,1.076,-0.6,1.2,1.3,-4.5,-18.3,1.101,21,9,0,0,9
103.2,6,isocontour,11.283791670955125,31244.14,65.75,14.4,13.1,1.066,-1.0,1.9,2.1,-4.5,-18.3,1.101,21,9,0,0,9
103.2,7,isocontour,11.283791670955125,29340.76,61.74,-14.7,14.3,1.005,1.0,0.6,1.2,-4.5,-18.3,1.101,21,4,0,0,4
103.2,8,isocontour,11.283791670955125,31392.86,66.06,15.6,12.2,1.043,-2.3,1.4,2.7,-4.5,-18.3,1.101,21,8,0,0,8
103.2,9,isocontour,11.283791670955125,29506.41,62.09,19.3,8.0,0.985,-1.6,2.0,2.6,-4.5,-18.3,1.101,21,8,0,0,8
103.2,10,isocontour,11.283791670955125,29439.99,61.95,18.1,7.5,1.055,-1.7,0.7,1.8,-4.5,-18.3,1.101,21,8,0,0,8
103.2,11,isocontour,11.283791670955125,31379.79,66.03,-17.5,-9.2,1.047,-1.7,0.7,1.8,-4.5,-18.3,1.101,21,3,0,0,3
103.2,12,isocontour,11.283791670955125,28957.4,60.94,-13.2,-16.2,0.983,-1.7,1.6,2.3,-4.5,-18.3,1.101,21,3,0,0,3
103.2,13,isocontour,11.283791670955125,27016.82,56.85,20.7,-0.1,0.993,-0.7,2.7,2.8,-4.5,-18.3,1.101,21,2,0,0,2
103.2,14,isocontour,11.283791670955125,29677.85,62.45,9.5,-17.6,1.032,-0.8,-1.5,1.7,-4.5,-18.3,1.101,21,2,0,0,2
103.2,15,isocontour,11.283791670955125,25996.63,54.71,-0.2,20.8,0.989,-4.4,1.0,4.5,-4.5,-18.3,1.101,21,3,0,0,3
103.2,16,isocontour,11.283791670955125,45334.74,95.4,-16.4,14.4,0.934,2.0,-1.2,2.3,-4.5,-18.3,1.101,21,4,0,0,4
103.2,17,isocontour,11.283791670955125,27343.39,57.54,12.9,15.1,1.041,-1.6,-0.1,1.6,-4.5,-18.3,1.101,21,9,0,0,9
103.2,18,isocontour,11.283791670955125,32534.15,68.46,-8.2,19.3,0.98,-1.7,1.9,2.5,-4.5,-18.3,1.101,21,4,0,0,4
103.2,19,isocontour,11.283791670955125,28300.47,59.55,-20.7,-1.6,0.99,0.7,-1.1,1.3,-4.5,-18.3,1.101,21,3,0,0,3
103.2,20,isocontour,11.283791670955125,29886.16,62.89,14.0,-15.4,0.986,-2.7,-1.4,3.0,-4.5,-18.3,1.101,21,1,0,0,1
103.2,21,isocontour,11.283791670955125,29497.21,62.07,-4.1,-18.5,1.094,-2.7,-0.0,2.7,-4.1,-18.5,1.101,21,2,0,0,2
103.2,22,isocontour,11.283791670955125,31944.37,67.22,-18.3,-9.8,0.99,-1.1,1.6,1.9,-4.5,-18.3,1.101,21,3,0,0,3
103.2,23,isocontour,11.283791670955125,32053.48,67.45,-19.5,7.3,0.988,0.7,-1.3,1.5,-4.5,-18.3,1.101,21,4,0,0,4
103.2,24,isocontour,11.283791670955125,30150.98,63.45,4.1,-20.4,0.989,1.7,1.4,2.2,-4.5,-18.3,1.101,21,2,0,0,2
103.2,25,isocontour,11.283791670955125,29866.08,62.85,-14.3,13.2,1.064,-0.2,2.3,2.3,-4.5,-18.3,1.101,21,4,0,0,4
103.2,Target,,,,,0.0,0.0,4.023,0.0,0.0,,,,,,,,,
103.3,1,isocontour,11.283791670955125,27266.7,57.38,12.9,16.3,0.989,-2.1,1.0,2.3,-4.5,-18.3,1.101,21,9,0,0,9
103.3,2,isocontour,11.283791670955125,26162.26,55.06,6.4,19.8,0.988,-0.7,0.9,1.1,-4.5,-18.3,1.101,21,6,0,0,6
103.3,3,isocontour,11.283791670955125,26262.96,55.27,9.8,18.3,0.99,0.1,-1.7,1.7,-4.5,-18.3,1.101,21,8,0,0,8
103.3,4,isocontour,11.283791670955125,31557.09,66.41,16.8,12.1,0.995,-2.3,0.2,2.3,-4.5,-18.3,1.101,21,8,0,0,8
103.3,5,isocontour,11.283791670955125,29567.7,62.22,13.6,13.6,1.078,-0.9,0.5,1.0,-4.5,-18.3,1.101,21,9,0,0,9
103.3,6,isocontour,11.283791670955125,31239.31,65.74,14.3,13.2,1.062,-0.5,1.5,1.6,-4.5,-18.3,1.101,21,9,0,0,9
103.3,7,isocontour,11.283791670955125,29324.74,61.71,-14.8,14.2,1.007,-1.4,-1.8,2.3,-4.5,-18.3,1.101,21,4,0,0,4
103.3,8,isocontour,11.283791670955125,31374.25,66.02,15.5,12.4,1.04,-0.7,2.3,2.4,-4.5,-18.3,1.101,21,8,0,0,8
103.3,9,isocontour,11.283791670955125,29491.2,62.06,19.1,8.0,0.996,-2.2,-0.6,2.3,-4.5,-18.3,1.101,21,8,0,0,8
103.3,10,isocontour,11.283791670955125,29431.83,61.94,18.0,7.6,1.064,-1.8,0.4,1.8,-4.5,-18.3,1.101,21,8,0,0,8
103.3,11,isocontour,11.283791670955125,31377.99,66.03,-17.6,-9.1,1.043,-0.9,0.7,1.1,-4.5,-18.3,1.101,21,3,0,0,3
103.3,12,isocontour,11.283791670955125,28946.15,60.91,-13.2,-16.0,0.991,-0.0,2.1,2.1,-4.5,-18.3,1.101,21,3,0,0,3
103.3,13,isocontour,11.283791670955125,27015.72,56.85,20.7,0.0,0.994,-0.2,0.9,0.9,-4.5,-18.3,1.101,21,2,0,0,2
103.3,14,isocontour,11.283791670955125,29646.69,62.39,9.3,-17.7,1.032,-2.7,-1.2,3.0,-4.5,-18.3,1.101,21,2,0,0,2
103.3,15,isocontour,11.283791670955125,25994.08,54.7,-0.1,20.8,0.986,1.2,0.4,1.3,-4.5,-18.3,1.101,21,3,0,0,3
103.3,16,isocontour,11.283791670955125,45302.94,95.33,-16.2,14.2,0.948,1.9,-2.2,2.9,-4.5,-18.3,1.101,21,4,0,0,4
103.3,17,isocontour,11.283791670955125,27327.57,57.51,12.7,15.1,1.049,-2.3,0.1,2.3,-4.5,-18.3,1.101,21,9,0,0,9
103.3,18,isocontour,11.283791670955125,32498.3,68.39,-8.4,19.1,0.983,-2.2,-2.1,3.0,-4.5,-18.3,1.101,21,4,0,0,4
103.3,19,isocontour,11.283791670955125,28264.26,59.48,-20.6,-1.8,0.992,0.7,-3.0,3.1,-4.5,-18.3,1.101,21,3,0,0,3
103.3,20,isocontour,11.283791670955125,29849.95,62.82,13.8,-15.6,0.989,-2.6,-1.6,3.1,-4.5,-18.3,1.101,21,2,0,0,2
103.3,21,isocontour,11.283791670955125,29495.22,62.07,-4.0,-18.6,1.092,1.0,-0.5,1.1,-4.0,-18.6,1.101,21,2,0,0,2
103.3,22,isocontour,11.283791670955125,31851.6,67.03,-18.5,-9.4,0.987,-2.4,3.4,4.2,-4.5,-18.3,1.101,21,3,0,0,3
103.3,23,isocontour,11.283791670955125,32023.59,67.39,-19.3,7.5,0.996,2.3,1.7,2.9,-4.5,-18.3,1.101,21,4,0,0,4
103.3,24,isocontour,11.283791670955125,30150.1,63.45,4.1,-20.3,0.992,0.5,0.7,0.9,-4.5,-18.3,1.101,21,3,0,0,3
103.3,25,isocontour,11.283791670955125,29861.79,62.84,-14.5,13.2,1.059,-1.3,-0.7,1.5,-4.5,-18.3,1.101,21,4,0,0,4
103.3,Target,,,,,0.0,0.0,4.023,0.0,0.0,,,,,,,,,
103.4,1,isocontour,11.283791670955125,27256.25,57.36,13.0,16.3,0.988,1.7,-1.1,2.0,-4.5,-18.3,1.101,21,9,0,0,9
103.4,2,isocontour,11.283791670955125,26161.6,55.05,6.3,19.8,0.987,-0.7,0.4,0.8,-4.5,-18.3,1.101,21,6,0,0,6
103.4,3,isocontour,11.283791670955125,26249.47,55.24,9.9,18.2,0.99,2.0,-0.8,2.2,-4.5,-18.3,1.101,21,8,0,0,8
103.4,4,isocontour,11.283791670955125,31546.48,66.39,16.7,12.2,0.992,-0.3,2.0,2.0,-4.5,-18.3,1.101,21,8,0,0,8
103.4,5,isocontour,11.283791670955125,29566.26,62.22,13.7,13.5,1.079,0.6,-0.9,1.1,-4.5,-18.3,1.101,21,9,0,0,9
103.4,6,isocontour,11.283791670955125,31221.37,65.7,14.5,13.2,1.054,2.4,-0.4,2.4,-4.5,-18.3,1.101,21,9,0,0,9
103.4,7,isocontour,11.283791670955125,29229.96,61.51,-14.6,14.5,0.999,1.6,3.9,4.2,-4.5,-18.3,1.101,21,4,0,0,4
103.4,8,isocontour,11.283791670955125,31372.64,66.02,15.6,12.4,1.036,1.0,-0.3,1.0,-4.5,-18.3,1.101,21,8,0,0,8
103.4,9,isocontour,11.283791670955125,29465.47,62.01,19.0,8.2,0.993,-0.1,2.7,2.7,-4.5,-18.3,1.101,21,8,0,0,8
103.4,10,isocontour,11.283791670955125,29429.98,61.93,17.9,7.7,1.062,0.1,1.1,1.1,-4.5,-18.3,1.101,21,8,0,0,8
103.4,11,isocontour,11.283791670955125,31351.69,65.98,-17.5,-8.9,1.053,1.1,2.5,2.7,-4.5,-18.3,1.101,21,3,0,0,3
103.4,12,isocontour,11.283791670955125,28944.49,60.91,-13.2,-15.9,0.997,0.8,0.7,1.1,-4.5,-18.3,1.101,21,3,0,0,3
103.4,13,isocontour,11.283791670955125,26986.76,56.79,20.7,-0.2,0.991,0.7,-2.7,2.8,-4.5,-18.3,1.101,21,2,0,0,2
103.4,14,isocontour,11.283791670955125,29630.88,62.35,9.1,-17.8,1.037,-2.3,-0.1,2.3,-4.5,-18.3,1.101,21,2,0,0,2
103.4,15,isocontour,11.283791670955125,25992.09,54.7,-0.0,20.8,0.989,1.0,-0.6,1.2,-4.5,-18.3,1.101,21,3,0,0,3
103.4,16,isocontour,11.283791670955125,45295.29,95.32,-16.1,14.0,0.958,0.8,-1.6,1.8,-4.5,-18.3,1.101,21,4,0,0,4
103.4,17,isocontour,11.283791670955125,27325.02,57.5,12.7,15.0,1.053,0.5,-1.2,1.3,-4.5,-18.3,1.101,21,9,0,0,9
103.4,18,isocontour,11.283791670955125,32470.54,68.33,-8.5,18.9,0.994,-0.7,-2.7,2.8,-4.5,-18.3,1.101,21,4,0,0,4
103.4,19,isocontour,11.283791670955125,28229.45,59.41,-20.7,-2.1,0.989,-0.4,-3.0,3.0,-4.5,-18.3,1.101,21,3,0,0,3
103.4,20,isocontour,11.283791670955125,29821.6,62.76,13.5,-15.8,0.99,-2.1,-1.8,2.8,-4.5,-18.3,1.101,21,2,0,0,2
103.4,21,isocontour,11.283791670955125,29493.73,62.07,-4.0,-18.5,1.097,0.4,1.0,1.1,-4.0,-18.5,1.101,21,2,0,0,2
103.4,22,isocontour,11.283791670955125,31833.21,66.99,-18.5,-9.2,0.997,1.5,1.9,2.4,-4.5,-18.3,1.101,21,3,0,0,3
103.4,23,isocontour,11.283791670955125,32022.35,67.39,-19.3,7.5,0.993,-1.0,0.2,1.0,-4.5,-18.3,1.101,21,4,0,0,4
103.4,24,isocontour,11.283791670955125,30149.71,63.45,4.2,-20.3,0.992,0.7,-0.1,0.7,-4.5,-18.3,1.101,21,3,0,0,3
103.4,25,isocontour,11.283791670955125,29846.18,62.81,-14.5,13.0,1.064,-0.6,-2.2,2.3,-4.5,-18.3,1.101,21,4,0,0,4
103.4,Target,,,,,0.0,0.0,4.023,0.0,0.0,,,,,,,,,
103.5,1,isocontour,11.283791670955125,27241.43,57.33,13.0,16.0,0.996,0.1,-2.3,2.3,-4.5,-18.3,1.101,21,9,0,0,9
103.5,2,isocontour,11.283791670955125,26155.02,55.04,6.4,19.7,0.993,0.5,-1.7,1.8,-4.5,-18.3,1.101,21,6,0,0,6
103.5,3,isocontour,11.283791670955125,26237.9,55.21,10.0,18.0,0.997,0.5,-2.0,2.1,-4.5,-18.3,1.101,21,8,0,0,8
103.5,4,isocontour,11.283791670955125,31546.42,66.39,16.7,12.3,0.99,0.1,0.3,0.3,-4.5,-18.3,1.101,21,8,0,0,8
103.5,5,isocontour,11.283791670955125,29550.03,62.18,13.8,13.7,1.067,1.6,1.7,2.3,-4.5,-18.3,1.101,21,9,0,0,9
103.5,6,isocontour,11.283791670955125,31191.8,65.64,14.4,13.4,1.054,-2.0,2.0,2.8,-4.5,-18.3,1.101,21,9,0,0,9
103.5,7,isocontour,11.283791670955125,29208.73,61.47,-14.6,14.8,0.991,0.5,2.5,2.5,-4.5,-18.3,1.101,21,4,0,0,4
103.5,8,isocontour,11.283791670955125,31371.11,66.02,15.6,12.5,1.034,-0.4,1.0,1.1,-4.5,-18.3,1.101,21,8,0,0,8
103.5,9,isocontour,11.283791670955125,29441.12,61.96,19.2,8.4,0.981,1.7,2.1,2.7,-4.5,-18.3,1.101,21,8,0,0,8
103.5,10,isocontour,11.283791670955125,29427.77,61.93,17.9,7.7,1.065,-0.9,0.7,1.1,-4.5,-18.3,1.101,21,8,0,0,8
103.5,11,isocontour,11.283791670955125,31328.41,65.93,-17.5,-9.1,1.052,0.5,-2.6,2.6,-4.5,-18.3,1.101,21,3,0,0,3
103.5,12,isocontour,11.283791670955125,28794.4,60.59,-12.9,-16.2,0.991,2.8,-4.0,4.9,-4.5,-18.3,1.101,21,3,0,0,3
103.5,13,isocontour,11.283791670955125,26858.38,56.52,20.8,-0.6,0.986,0.8,-4.6,4.7,-4.5,-18.3,1.101,21,2,0,0,2
103.5,14,isocontour,11.283791670955125,29614.44,62.32,8.9,-17.9,1.032,-1.3,-1.9,2.3,-4.5,-18.3,1.101,21,2,0,0,2
103.5,15,isocontour,11.283791670955125,25985.16,54.68,-0.0,20.6,0.997,-0.3,-1.7,1.7,-4.5,-18.3,1.101,21,3,0,0,3
103.5,16,isocontour,11.283791670955125,45287.38,95.3,-16.0,13.9,0.968,1.6,-0.8,1.8,-4.5,-18.3,1.101,21,4,0,0,4
103.5,17,isocontour,11.283791670955125,27323.27,57.5,12.8,14.9,1.055,0.7,-0.9,1.1,-4.5,-18.3,1.101,21,9,0,0,9
103.5,18,isocontour,11.283791670955125,32467.4,68.32,-8.4,18.9,0.992,0.6,1.2,1.3,-4.5,-18.3,1.101,21,4,0,0,4
103.5,19,isocontour,11.283791670955125,28228.21,59.4,-20.6,-2.2,0.991,0.6,-0.8,1.0,-4.5,-18.3,1.101,21,3,0,0,3
103.5,20,isocontour,11.283791670955125,29817.39,62.75,13.4,-15.9,0.989,-1.0,-1.1,1.5,-4.5,-18.3,1.101,21,2,0,0,2
103.5,21,isocontour,11.283791670955125,29467.43,62.01,-4.2,-18.4,1.099,-2.7,0.6,2.8,-4.2,-18.4,1.101,21,2,0,0,2
103.5,22,isocontour,11.283791670955125,31832.07,66.99,-18.5,-9.2,0.997,-0.8,0.5,0.9,-4.5,-18.3,1.101,21,3,0,0,3
103.5,23,isocontour,11.283791670955125,31991.2,67.32,-19.5,7.3,0.988,-1.7,-2.3,2.9,-4.5,-18.3,1.101,21,4,0,0,4
103.5,24,isocontour,11.283791670955125,30129.94,63.4,4.1,-20.5,0.982,-0.9,-2.3,2.5,-4.5,-18.3,1.101,21,3,0,0,3
103.5,25,isocontour,11.283791670955125,29824.7,62.76,-14.5,13.2,1.058,0.3,2.5,2.5,-4.5,-18.3,1.101,21,4,0,0,4
103.5,Target,,,,,0.0,0.0,4.023,0.0,0.0,,,,,,,,,
103.6,1,isocontour,11.283791670955125,27219.95,57.28,13.1,15.8,1.001,1.4,-2.1,2.5,-4.5,-18.3,1.101,21,9,0,0,9
103.6,2,isocontour,11.283791670955125,26131.74,54.99,6.2,19.8,0.988,-1.8,2.0,2.7,-4.5,-18.3,1.101,21,6,0,0,6
103.6,3,isocontour,11.283791670955125,26235.95,55.21,10.1,18.0,0.999,0.9,-0.7,1.1,-4.5,-18.3,1.101,21,8,0,0,8
103.6,4,isocontour,11.283791670955125,31546.03,66.38,16.8,12.3,0.988,0.6,-0.2,0.6,-4.5,-18.3,1.101,21,8,0,0,8
103.6,5,isocontour,11.283791670955125,29521.37,62.12,13.7,13.9,1.064,-1.9,2.1,2.8,-4.5,-18.3,1.101,21,9,0,0,9
103.6,6,isocontour,11.283791670955125,31190.18,65.64,14.3,13.5,1.056,-1.0,0.5,1.1,-4.5,-18.3,1.101,21,9,0,0,9
103.6,7,isocontour,11.283791670955125,29162.93,61.37,-14.9,14.8,0.978,-3.3,0.4,3.3,-4.5,-18.3,1.101,21,4,0,0,4
103.6,8,isocontour,11.283791670955125,31341.22,65.95,15.4,12.7,1.037,-2.3,1.7,2.9,-4.5,-18.3,1.101,21,8,0,0,8
103.6,9,isocontour,11.283791670955125,29434.98,61.94,19.2,8.6,0.975,0.3,1.7,1.7,-4.5,-18.3,1.101,21,8,0,0,8
103.6,10,isocontour,11.283791670955125,29425.83,61.92,17.8,7.9,1.064,-0.3,1.1,1.1,-4.5,-18.3,1.101,21,8,0,0,8
103.6,11,isocontour,11.283791670955125,31326.04,65.92,-17.6,-9.1,1.046,-1.2,0.0,1.2,-4.5,-18.3,1.101,21,3,0,0,3
103.6,12,isocontour,11.283791670955125,28773.17,60.55,-12.7,-16.4,0.993,2.3,-1.1,2.5,-4.5,-18.3,1.101,21,3,0,0,3
103.6,13,isocontour,11.283791670955125,26856.23,56.52,20.8,-0.6,0.99,-0.9,0.8,1.2,-4.5,-18.3,1.101,21,2,0,0,2
103.6,14,isocontour,11.283791670955125,29613.68,62.32,9.0,-17.9,1.031,0.8,0.3,0.9,-4.5,-18.3,1.101,21,2,0,0,2
103.6,15,isocontour,11.283791670955125,25957.99,54.63,-0.3,20.7,0.994,-2.6,0.9,2.8,-4.5,-18.3,1.101,21,3,0,0,3
103.6,16,isocontour,11.283791670955125,45274.61,95.27,-15.8,13.8,0.978,2.0,-0.8,2.2,-4.5,-18.3,1.101,21,4,0,0,4
103.6,17,isocontour,11.283791670955125,27307.66,57.47,12.6,15.0,1.058,-2.1,1.0,2.3,-4.5,-18.3,1.101,21,9,0,0,9
103.6,18,isocontour,11.283791670955125,32458.56,68.31,-8.5,19.1,0.982,-0.6,1.8,1.9,-4.5,-18.3,1.101,21,4,0,0,4
103.6,19,isocontour,11.283791670955125,28227.07,59.4,-20.7,-2.2,0.989,-0.7,0.7,1.0,-4.5,-18.3,1.101,21,3,0,0,3
103.6,20,isocontour,11.283791670955125,29814.95,62.74,13.3,-15.9,0.99,-1.1,-0.6,1.3,-4.5,-18.3,1.101,21,2,0,0,2
103.6,21,isocontour,11.283791670955125,29466.43,62.01,-4.3,-18.4,1.1,-0.8,0.5,0.9,-4.3,-18.4,1.101,21,2,0,0,2
103.6,22,isocontour,11.283791670955125,31781.12,66.88,-18.8,-9.2,0.981,-3.4,-0.2,3.4,-4.5,-18.3,1.101,21,3,0,0,3
103.6,23,isocontour,11.283791670955125,31985.38,67.31,-19.4,7.2,0.995,1.1,-1.2,1.6,-4.5,-18.3,1.101,21,4,0,0,4
103.6,24,isocontour,11.283791670955125,30127.5,63.4,4.0,-20.5,0.981,-1.2,-0.0,1.2,-4.5,-18.3,1.101,21,3,0,0,3
103.6,25,isocontour,11.283791670955125,29823.73,62.76,-14.5,13.3,1.055,0.3,0.8,0.9,-4.5,-18.3,1.101,21,4,0,0,4
103.6,Target,,,,,0.0,0.0,4.023,0.0,0.0,,,,,,,,,
103.7,1,isocontour,11.283791670955125,27218.3,57.28,13.2,15.9,0.997,0.3,1.0,1.0,-4.5,-18.3,1.101,21,9,0,0,9
103.7,2,isocontour,11.283791670955125,26130.84,54.99,6.1,19.9,0.989,-0.9,-0.1,0.9,-4.5,-18.3,1.101,21,6,0,0,6
103.7,3,isocontour,11.283791670955125,26235.49,55.21,10.2,18.0,0.997,0.7,0.2,0.7,-4.5,-18.3,1.101,21,8,0,0,8
103.7,4,isocontour,11.283791670955125,31515.83,66.32,16.6,12.4,0.99,-2.1,1.9,2.8,-4.5,-18.3,1.101,21,8,0,0,8
103.7,5,isocontour,11.283791670955125,29513.21,62.11,13.5,13.9,1.068,-1.7,0.6,1.8,-4.5,-18.3,1.101,21,9,0,0,9
103.7,6,isocontour,11.283791670955125,31178.11,65.61,14.2,13.6,1.051,-0.6,2.0,2.1,-4.5,-18.3,1.101,21,9,0,0,9
103.7,7,isocontour,11.283791670955125,29125.65,61.29,-15.2,14.8,0.967,-3.0,-0.5,3.0,-4.5,-18.3,1.101,21,4,0,0,4
103.7,8,isocontour,11.283791670955125,31310.71,65.89,15.2,12.9,1.039,-2.1,2.0,2.9,-4.5,-18.3,1.101,21,8,0,0,8
103.7,9,isocontour,11.283791670955125,29420.17,61.91,19.0,8.7,0.982,-2.2,0.6,2.3,-4.5,-18.3,1.101,21,8,0,0,8
103.7,10,isocontour,11.283791670955125,29401.21,61.87,17.7,8.1,1.067,-1.6,2.2,2.7,-4.5,-18.3,1.101,21,8,0,0,8
103.7,11,isocontour,11.283791670955125,31294.56,65.86,-17.4,-9.3,1.047,1.8,-2.3,2.9,-4.5,-18.3,1.101,21,3,0,0,3
103.7,12,isocontour,11.283791670955125,28771.13,60.55,-12.6,-16.5,0.992,0.8,-0.9,1.2,-4.5,-18.3,1.101,21,3,0,0,3
103.7,13,isocontour,11.283791670955125,26826.96,56.45,20.7,-0.4,0.995,-0.9,2.7,2.8,-4.5,-18.3,1.101,21,2,0,0,2
103.7,14,isocontour,11.283791670955125,29587.38,62.26,9.2,-17.8,1.031,2.5,1.2,2.8,-4.5,-18.3,1.101,21,2,0,0,2
103.7,15,isocontour,11.283791670955125,25931.4,54.57,-0.5,20.8,0.988,-2.5,1.1,2.7,-4.5,-18.3,1.101,21,3,0,0,3
103.7,16,isocontour,11.283791670955125,45272.56,95.27,-15.8,13.7,0.982,-0.4,-1.1,1.2,-4.5,-18.3,1.101,21,4,0,0,4
103.7,17,isocontour,11.283791670955125,27306.56,57.46,12.6,15.1,1.055,-0.1,0.9,0.9,-4.5,-18.3,1.101,21,9,0,0,9
103.7,18,isocontour,11.283791670955125,32428.05,68.24,-8.3,19.3,0.974,1.7,2.3,2.9,-4.5,-18.3,1.101,21,4,0,0,4
103.7,19,isocontour,11.283791670955125,28207.3,59.36,-20.7,-2.0,0.989,-0.0,2.5,2.5,-4.5,-18.3,1.101,21,3,0,0,3
103.7,20,isocontour,11.283791670955125,29813.01,62.74,13.2,-15.9,0.995,-1.0,0.5,1.1,-4.5,-18.3,1.101,21,2,0,0,2
103.7,21,isocontour,11.283791670955125,29446.18,61.97,-4.5,-18.4,1.097,-2.5,-0.1,2.5,-4.5,-18.4,1.101,21,2,0,0,2
103.7,22,isocontour,11.283791670955125,31777.32,66.87,-18.9,-9.3,0.974,-0.4,-1.4,1.5,-4.5,-18.3,1.101,21,3,0,0,3
103.7,23,isocontour,11.283791670955125,31984.73,67.31,-19.4,7.2,0.993,-0.4,0.7,0.8,-4.5,-18.3,1.101,21,4,0,0,4
103.7,24,isocontour,11.283791670955125,30125.56,63.4,4.0,-20.4,0.986,0.4,1.1,1.2,-4.5,-18.3,1.101,21,3,0,0,3
103.7,25,isocontour,11.283791670955125,29789.94,62.69,-14.6,13.1,1.057,-1.7,-2.5,3.0,-4.5,-18.3,1.101,21,4,0,0,4
103.7,Target,,,,,0.0,0.0,4.023,0.0,0.0,,,,,,,,,
103.8,1,isocontour,11.283791670955125,27206.89,57.25,13.3,16.0,0.986,1.5,1.4,2.1,-4.5,-18.3,1.101,21,9,0,0,9
103.8,2,isocontour,11.283791670955125,26098.72,54.92,6.3,19.7,0.992,2.6,-1.3,2.9,-4.5,-18.3,1.101,21,6,0,0,6
103.8,3,isocontour,11.283791670955125,26125.13,54.98,9.9,18.2,0.994,-3.6,2.6,4.4,-4.5,-18.3,1.101,21,8,0,0,8
103.8,4,isocontour,11.283791670955125,31509.37,66.31,16.7,12.4,0.986,1.6,-0.5,1.7,-4.5,-18.3,1.101,21,8,0,0,8
103.8,5,isocontour,11.283791670955125,29512.11,62.1,13.4,14.0,1.068,-0.5,0.8,0.9,-4.5,-18.3,1.101,21,9,0,0,9
103.8,6,isocontour,11.283791670955125,31161.67,65.58,14.1,13.9,1.046,-0.9,2.2,2.4,-4.5,-18.3,1.101,21,9,0,0,9
103.8,7,isocontour,11.283791670955125,29105.4,61.25,-15.2,14.6,0.975,0.3,-2.5,2.5,-4.5,-18.3,1.101,21,4,0,0,4
103.8,8,isocontour,11.283791670955125,31287.96,65.84,15.0,13.1,1.037,-1.2,2.3,2.6,-4.5,-18.3,1.101,21,8,0,0,8
103.8,9,isocontour,11.283791670955125,29389.33,61.85,18.8,8.8,0.991,-2.4,1.7,2.9,-4.5,-18.3,1.101,21,8,0,0,8
103.8,10,isocontour,11.283791670955125,29371.32,61.81,17.5,8.3,1.072,-2.0,2.1,2.9,-4.5,-18.3,1.101,21,8,0,0,8
103.8,11,isocontour,11.283791670955125,31283.48,65.83,-17.3,-9.4,1.055,1.9,-0.6,2.0,-4.5,-18.3,1.101,21,3,0,0,3
103.8,12,isocontour,11.283791670955125,28750.39,60.5,-12.8,-16.5,0.986,-2.5,0.3,2.5,-4.5,-18.3,1.101,21,3,0,0,3
103.8,13,isocontour,11.283791670955125,26825.86,56.45,20.6,-0.3,0.997,-0.2,0.9,0.9,-4.5,-18.3,1.101,21,2,0,0,2
103.8,14,isocontour,11.283791670955125,29586.48,62.26,9.3,-17.8,1.03,0.8,0.3,0.9,-4.5,-18.3,1.101,21,2,0,0,2
103.8,15,isocontour,11.283791670955125,25929.46,54.57,-0.5,20.8,0.987,1.1,0.1,1.1,-4.5,-18.3,1.101,21,3,0,0,3
103.8,16,isocontour,11.283791670955125,45245.1,95.21,-15.9,13.5,0.984,-1.6,-2.3,2.8,-4.5,-18.3,1.101,21,4,0,0,4
103.8,17,isocontour,11.283791670955125,27306.04,57.46,12.6,15.1,1.053,-0.3,0.7,0.8,-4.5,-18.3,1.101,21,9,0,0,9
103.8,18,isocontour,11.283791670955125,32416.96,68.22,-8.3,19.2,0.981,-0.3,-2.0,2.0,-4.5,-18.3,1.101,21,4,0,0,4
103.8,19,isocontour,11.283791670955125,28184.28,59.31,-20.6,-1.7,0.993,0.5,2.6,2.6,-4.5,-18.3,1.101,21,3,0,0,3
103.8,20,isocontour,11.283791670955125,29808.71,62.73,13.3,-15.9,0.991,1.5,-0.2,1.5,-4.5,-18.3,1.101,21,2,0,0,2
103.8,21,isocontour,11.283791670955125,29444.48,61.96,-4.6,-18.4,1.097,-1.0,0.5,1.1,-4.6,-18.4,1.101,21,2,0,0,2
103.8,22,isocontour,11.283791670955125,31741.11,66.8,-18.7,-9.4,0.982,2.7,-1.4,3.0,-4.5,-18.3,1.101,21,3,0,0,3
103.8,23,isocontour,11.283791670955125,31981.59,67.3,-19.5,7.2,0.989,-1.1,-0.8,1.4,-4.5,-18.3,1.101,21,4,0,0,4
103.8,24,isocontour,11.283791670955125,30124.59,63.39,4.1,-20.4,0.99,0.5,0.8,0.9,-4.5,-18.3,1.101,21,3,0,0,3
103.8,25,isocontour,11.283791670955125,29788.1,62.69,-14.7,13.0,1.058,-0.6,-1.0,1.2,-4.5,-18.3,1.101,21,4,0,0,4
103.8,Target,,,,,0.0,0.0,4.023,0.0,0.0,,,,,,,,,
103.9,1,isocontour,11.283791670955125,27186.63,57.21,13.2,16.2,0.983,-1.6,1.9,2.5,-4.5,-18.3,1.101,21,9,0,0,9
103.9,2,isocontour,11.283791670955125,26095.78,54.92,6.3,19.8,0.989,-0.9,1.0,1.3,-4.5,-18.3,1.101,21,7,0,0,7
103.9,3,isocontour,11.283791670955125,26123.99,54.97,9.9,18.2,0.992,0.9,-0.4,1.0,-4.5,-18.3,1.101,21,8,0,0,8
103.9,4,isocontour,11.283791670955125,31508.49,66.31,16.7,12.4,0.989,-0.8,-0.4,0.9,-4.5,-18.3,1.101,21,8,0,0,8
103.9,5,isocontour,11.283791670955125,29502.98,62.09,13.4,14.2,1.062,-0.4,1.9,1.9,-4.5,-18.3,1.101,21,9,0,0,9
103.9,6,isocontour,11.283791670955125,31160.8,65.57,14.0,13.9,1.045,-0.6,0.7,0.9,-4.5,-18.3,1.101,21,9,0,0,9
103.9,7,isocontour,11.283791670955125,29072.28,61.18,-15.2,14.3,0.983,-0.8,-2.9,3.0,-4.5,-18.3,1.101,21,4,0,0,4
103.9,8,isocontour,11.283791670955125,31281.71,65.83,14.9,13.1,1.042,-1.7,0.1,1.7,-4.5,-18.3,1.101,21,9,0,0,9
103.9,9,isocontour,11.283791670955125,29383.73,61.83,18.6,8.9,0.995,-1.3,1.0,1.6,-4.5,-18.3,1.101,21,8,0,0,8
103.9,10,isocontour,11.283791670955125,29336.17,61.73,17.5,8.0,1.076,0.7,-2.9,3.0,-4.5,-18.3,1.101,21,8,0,0,8
103.9,11,isocontour,11.283791670955125,31261.5,65.79,-17.3,-9.2,1.058,-0.9,2.4,2.6,-4.5,-18.3,1.101,21,3,0,0,3
103.9,12,isocontour,11.283791670955125,28731.08,60.46,-13.0,-16.4,0.981,-2.3,0.8,2.4,-4.5,-18.3,1.101,21,3,0,0,3
103.9,13,isocontour,11.283791670955125,26797.2,56.39,20.7,-0.5,0.996,0.2,-2.8,2.8,-4.5,-18.3,1.101,21,2,0,0,2
103.9,14,isocontour,11.283791670955125,29555.96,62.2,9.1,-17.9,1.029,-2.5,-1.4,2.9,-4.5,-18.3,1.101,21,2,0,0,2
103.9,15,isocontour,11.283791670955125,25898.31,54.5,-0.2,20.8,0.989,2.9,-0.5,2.9,-4.5,-18.3,1.101,21,3,0,0,3
103.9,16,isocontour,11.283791670955125,45211.99,95.14,-16.0,13.2,0.988,-1.1,-2.8,3.0,-4.5,-18.3,1.101,21,4,0,0,4
103.9,17,isocontour,11.283791670955125,27305.45,57.46,12.5,15.2,1.052,-0.5,0.6,0.8,-4.5,-18.3,1.101,21,9,0,0,9
103.9,18,isocontour,11.283791670955125,32406.81,68.2,-8.4,19.0,0.989,-0.8,-1.8,2.0,-4.5,-18.3,1.101,21,4,0,0,4
103.9,19,isocontour,11.283791670955125,28183.76,59.31,-20.6,-1.6,0.995,0.1,0.7,0.7,-4.5,-18.3,1.101,21,3,0,0,3
103.9,20,isocontour,11.283791670955125,29808.17,62.73,13.4,-15.9,0.988,0.7,0.1,0.7,-4.5,-18.3,1.101,21,2,0,0,2
103.9,21,isocontour,11.283791670955125,29421.2,61.91,-4.4,-18.4,1.1,2.6,-0.1,2.6,-4.4,-18.4,1.101,21,2,0,0,2
103.9,22,isocontour,11.283791670955125,31739.98,66.79,-18.6,-9.4,0.987,0.5,0.8,0.9,-4.5,-18.3,1.101,21,3,0,0,3
103.9,23,isocontour,11.283791670955125,31947.47,67.23,-19.6,6.9,0.987,-1.3,-2.7,3.0,-4.5,-18.3,1.101,21,4,0,0,4
103.9,24,isocontour,11.283791670955125,30120.46,63.38,4.1,-20.2,0.996,0.5,1.4,1.5,-4.5,-18.3,1.101,21,3,0,0,3
103.9,25,isocontour,11.283791670955125,29757.27,62.62,-14.9,12.8,1.053,-2.5,-1.4,2.9,-4.5,-18.3,1.101,21,4,0,0,4
103.9,Target,,,,,0.0,0.0,4.023,0.0,0.0,,,,,,,,,
104.0,1,isocontour,11.283791670955125,27184.48,57.21,13.2,16.1,0.985,0.4,-1.1,1.2,13.2,16.1,0.983,1,9,0,0,9
104.0,2,isocontour,11.283791670955125,26095.66,54.92,6.3,19.8,0.988,-0.4,0.2,0.4,6.3,19.8,0.989,2,7,0,0,7
104.0,3,isocontour,11.283791670955125,26116.71,54.96,9.9,18.3,0.986,-0.3,1.8,1.8,9.9,18.3,0.992,3,8,0,0,8
104.0,4,isocontour,11.283791670955125,31477.66,66.24,16.4,12.4,1.0,-2.9,0.2,2.9,16.4,12.4,0.989,4,8,0,0,8
104.0,5,isocontour,11.283791670955125,29472.15,62.02,13.6,14.1,1.057,2.5,-1.4,2.9,13.6,14.1,1.062,5,9,0,0,9
104.0,6,isocontour,11.283791670955125,31159.66,65.57,14.0,14.0,1.048,-0.9,0.2,0.9,14.0,14.0,1.045,6,9,0,0,9
104.0,7,isocontour,11.283791670955125,29043.93,61.12,-15.2,14.0,0.996,1.1,-2.6,2.8,-15.2,14.0,0.983,7,4,0,0,4
104.0,8,isocontour,11.283791670955125,31255.98,65.77,14.7,13.3,1.046,-2.2,1.6,2.7,14.7,13.3,1.042,8,9,0,0,9
104.0,9,isocontour,11.283791670955125,29381.52,61.83,18.7,9.0,0.99,1.2,0.3,1.2,18.7,9.0,0.995,9,8,0,0,8
104.0,10,isocontour,11.283791670955125,29308.11,61.68,17.7,7.8,1.072,1.8,-2.1,2.8,17.7,7.8,1.076,10,8,0,0,8
104.0,11,isocontour,11.283791670955125,31254.92,65.77,-17.3,-9.0,1.064,0.4,1.7,1.7,-17.3,-9.0,1.058,11,3,0,0,3
104.0,12,isocontour,11.283791670955125,28710.35,60.42,-13.1,-16.2,0.988,-0.6,2.5,2.6,-13.1,-16.2,0.981,12,3,0,0,3
104.0,13,isocontour,11.283791670955125,26768.84,56.33,20.7,-0.8,0.994,0.1,-2.8,2.8,20.7,-0.8,0.996,13,2,0,0,2
104.0,14,isocontour,11.283791670955125,29524.49,62.13,8.8,-18.0,1.03,-2.6,-1.2,2.9,8.8,-18.0,1.029,14,2,0,0,2
104.0,15,isocontour,11.283791670955125,25866.51,54.43,0.1,20.7,0.993,2.8,-0.7,2.9,0.1,20.7,0.989,15,3,0,0,3
104.0,16,isocontour,11.283791670955125,45206.87,95.13,-16.0,13.3,0.988,0.9,1.3,1.6,-16.0,13.3,0.988,16,4,0,0,4
104.0,17,isocontour,11.283791670955125,27299.64,57.45,12.6,15.2,1.049,1.6,-0.6,1.7,12.6,15.2,1.052,17,9,0,0,9
104.0,18,isocontour,11.283791670955125,32403.47,68.19,-8.3,18.9,0.996,1.1,-0.8,1.4,-8.3,18.9,0.989,18,4,0,0,4
104.0,19,isocontour,11.283791670955125,28162.78,59.27,-20.6,-1.4,0.994,-0.3,2.5,2.5,-20.6,-1.4,0.995,19,3,0,0,3
104.0,20,isocontour,11.283791670955125,29806.27,62.72,13.4,-16.0,0.987,-0.6,-0.9,1.1,13.4,-16.0,0.988,20,2,0,0,2
104.0,21,isocontour,11.283791670955125,29391.31,61.85,-4.2,-18.4,1.101,2.8,-0.6,2.9,-4.2,-18.4,1.1,21,2,0,0,2
104.0,22,isocontour,11.283791670955125,31738.81,66.79,-18.5,-9.3,0.991,0.3,0.9,0.9,-18.5,-9.3,0.987,22,3,0,0,3
104.0,23,isocontour,11.283791670955125,31915.99,67.16,-19.6,6.6,0.995,1.0,-2.7,2.9,-19.6,6.6,0.987,23,4,0,0,4
104.0,24,isocontour,11.283791670955125,30118.98,63.38,4.1,-20.3,0.994,-0.7,-0.8,1.1,4.1,-20.3,0.996,24,3,0,0,3
104.0,25,isocontour,11.283791670955125,29738.42,62.58,-14.9,13.0,1.048,0.8,2.3,2.4,-14.9,13.0,1.053,25,4,0,0,4
104.0,Target,,,,,0.0,0.0,4.023,0.0,0.0,,,,,,,,,
104.1,1,isocontour,11.283791670955125,27164.23,57.16,13.4,16.0,0.984,2.2,-1.2,2.5,17.7,7.8,1.076,10,9,0,0,9
104.1,2,isocontour,11.283791670955125,26084.9,54.89,6.1,19.7,0.995,-1.7,-1.1,2.0,13.6,14.1,1.062,5,7,0,0,7
104.1,3,isocontour,11.283791670955125,26112.83,54.95,10.0,18.4,0.982,1.4,-0.2,1.4,13.6,14.1,1.062,5,8,0,0,8
104.1,4,isocontour,11.283791670955125,31477.27,66.24,16.4,12.5,1.001,-0.1,0.7,0.7,17.7,7.8,1.076,10,8,0,0,8
104.1,5,isocontour,11.283791670955125,29467.23,62.01,13.7,14.0,1.06,0.6,-1.4,1.5,17.7,7.8,1.076,10,9,0,0,9
104.1,6,isocontour,11.283791670955125,31061.48,65.37,14.3,13.9,1.038,4.1,-1.2,4.3,17.7,7.8,1.076,10,9,0,0,9
104.1,7,isocontour,11.283791670955125,29043.47,61.12,-15.2,14.0,0.995,-0.5,0.5,0.7,-14.9,13.0,1.053,25,4,0,0,4
104.1,8,isocontour,11.283791670955125,31244.24,65.75,14.7,13.1,1.048,1.1,-1.7,2.0,17.7,7.8,1.076,10,9,0,0,9
104.1,9,isocontour,11.283791670955125,29344.96,61.75,18.9,9.2,0.976,2.0,2.3,3.0,17.7,7.8,1.076,10,8,0,0,8
104.1,10,isocontour,11.283791670955125,29284.83,61.63,17.7,8.0,1.067,-0.2,2.6,2.6,17.7,8.0,1.076,10,8,0,0,8
104.1,11,isocontour,11.283791670955125,31253.6,65.77,-17.3,-8.9,1.067,-0.1,1.0,1.0,-17.3,-8.9,1.064,11,3,0,0,3
104.1,12,isocontour,11.283791670955125,28705.33,60.41,-13.2,-16.1,0.988,-1.4,0.8,1.6,-4.2,-18.4,1.101,21,3,0,0,3
104.1,13,isocontour,11.283791670955125,26766.41,56.33,20.6,-0.7,0.997,-0.4,1.1,1.2,17.7,7.8,1.076,10,2,0,0,2
104.1,14,isocontour,11.283791670955125,29501.21,62.08,8.6,-18.2,1.027,-2.1,-1.6,2.6,8.6,-18.2,1.03,14,2,0,0,2
104.1,15,isocontour,11.283791670955125,25866.03,54.43,0.2,20.7,0.992,0.6,0.3,0.7,-8.3,18.9,0.996,18,3,0,0,3
104.1,16,isocontour,11.283791670955125,45173.43,95.06,-15.7,13.3,0.999,3.0,-0.2,3.0,-14.9,13.0,1.053,25,4,0,0,4
104.1,17,isocontour,11.283791670955125,27262.36,57.37,12.8,15.0,1.049,2.3,-2.1,3.1,17.7,7.8,1.076,10,9,0,0,9
104.1,18,isocontour,11.283791670955125,32383.92,68.15,-8.5,19.0,0.986,-2.0,1.5,2.5,-14.9,13.0,1.053,25,4,0,0,4
104.1,19,isocontour,11.283791670955125,28128.31,59.19,-20.9,-1.3,0.98,-3.0,0.1,3.0,-17.3,-9.0,1.064,11,3,0,0,3
104.1,20,isocontour,11.283791670955125,29777.01,62.66,13.1,-16.0,0.993,-2.8,-0.5,2.8,8.8,-18.0,1.03,14,2,0,0,2
104.1,21,isocontour,11.283791670955125,29388.82,61.85,-4.0,-18.5,1.099,1.0,-0.7,1.2,-4.0,-18.5,1.101,21,2,0,0,2
104.1,22,isocontour,11.283791670955125,31736.96,66.79,-18.5,-9.4,0.989,0.1,-1.1,1.1,-17.3,-9.0,1.064,11,3,0,0,3
104.1,23,isocontour,11.283791670955125,31900.58,67.13,-19.7,6.7,0.987,-1.7,1.6,2.3,-14.9,13.0,1.053,25,4,0,0,4
104.1,24,isocontour,11.283791670955125,30082.78,63.31,3.8,-20.4,0.992,-2.9,-0.9,3.0,-4.2,-18.4,1.101,21,3,0,0,3
104.1,25,isocontour,11.283791670955125,29737.58,62.58,-14.8,13.1,1.047,0.6,0.6,0.8,-14.8,13.1,1.053,25,4,0,0,4
104.1,Target,,,,,0.0,0.0,4.023,0.0,0.0,,,,,,,,,
104.2,1,isocontour,11.283791670955125,27128.37,57.09,13.6,15.8,0.987,1.8,-2.4,3.0,17.7,7.8,1.076,10,9,0,0,9
104.2,2,isocontour,11.283791670955125,26049.39,54.82,6.3,19.7,0.994,3.0,-0.4,3.0,17.7,7.8,1.076,10,7,0,0,7
104.2,3,isocontour,11.283791670955125,26095.76,54.92,10.2,18.3,0.981,2.1,-1.1,2.4,17.7,7.8,1.076,10,8,0,0,8
104.2,4,isocontour,11.283791670955125,31442.11,66.17,16.6,12.3,0.994,2.7,-1.4,3.0,17.7,7.8,1.076,10,8,0,0,8
104.2,5,isocontour,11.283791670955125,29465.29,62.01,13.8,13.9,1.057,1.1,-0.3,1.1,17.7,7.8,1.076,10,9,0,0,9
104.2,6,isocontour,11.283791670955125,31030.65,65.3,14.6,13.8,1.03,2.7,-1.0,2.9,17.7,7.8,1.076,10,9,0,0,9
104.2,7,isocontour,11.283791670955125,29020.97,61.07,-15.2,14.3,0.986,0.1,2.6,2.6,-14.9,13.0,1.053,25,4,0,0,4
104.2,8,isocontour,11.283791670955125,31243.8,65.75,14.8,13.2,1.046,-0.0,0.7,0.7,17.7,7.8,1.076,10,9,0,0,9
104.2,9,isocontour,11.283791670955125,29341.46,61.75,18.9,9.1,0.978,-0.4,-1.3,1.4,17.7,7.8,1.076,10,8,0,0,8
104.2,10,isocontour,11.283791670955125,29263.85,61.58,17.7,8.3,1.064,-0.6,2.5,2.6,17.7,7.8,1.076,10,8,0,0,8
104.2,11,isocontour,11.283791670955125,31251.05,65.76,-17.3,-9.0,1.064,-0.0,-1.3,1.3,-4.2,-18.4,1.101,21,3,0,0,3
104.2,12,isocontour,11.283791670955125,28682.31,60.36,-13.3,-15.9,0.993,-1.0,2.4,2.6,-4.2,-18.4,1.101,21,3,0,0,3
104.2,13,isocontour,11.283791670955125,26765.99,56.33,20.6,-0.8,0.997,-0.1,-0.7,0.7,17.7,7.8,1.076,10,2,0,0,2
104.2,14,isocontour,11.283791670955125,29495.71,62.07,8.6,-18.1,1.032,0.5,1.5,1.6,-4.2,-18.4,1.101,21,2,0,0,2
104.2,15,isocontour,11.283791670955125,25844.3,54.39,-0.0,20.8,0.989,-2.5,0.5,2.5,13.6,14.1,1.062,5,3,0,0,3
104.2,16,isocontour,11.283791670955125,45147.69,95.01,-15.8,13.1,1.002,-1.6,-2.2,2.7,-14.9,13.0,1.053,25,4,0,0,4
104.2,17,isocontour,11.283791670955125,27241.62,57.33,13.1,14.9,1.044,2.4,-0.6,2.5,17.7,7.8,1.076,10,9,0,0,9
104.2,18,isocontour,11.283791670955125,32382.57,68.15,-8.4,19.0,0.989,0.8,-0.7,1.1,-14.9,13.0,1.053,25,4,0,0,4
104.2,19,isocontour,11.283791670955125,28126.61,59.19,-20.9,-1.3,0.979,0.3,1.0,1.0,-17.3,-8.9,1.067,11,3,0,0,3
104.2,20,isocontour,11.283791670955125,29757.7,62.62,13.3,-16.0,0.99,2.4,0.7,2.5,-4.2,-18.4,1.101,21,2,0,0,2
104.2,21,isocontour,11.283791670955125,29385.75,61.84,-3.9,-18.5,1.101,1.3,0.3,1.3,-3.9,-18.5,1.101,21,2,0,0,2
104.2,22,isocontour,11.283791670955125,31735.96,66.78,-18.5,-9.4,0.993,0.9,0.2,0.9,-4.2,-18.4,1.101,21,3,0,0,3
104.2,23,isocontour,11.283791670955125,31899.99,67.13,-19.8,6.7,0.983,-0.6,-0.5,0.8,-17.3,-9.0,1.064,11,4,0,0,4
104.2,24,isocontour,11.283791670955125,29942.52,63.01,3.4,-20.6,0.982,-3.9,-2.8,4.8,-4.2,-18.4,1.101,21,3,0,0,3
104.2,25,isocontour,11.283791670955125,29707.38,62.52,-15.0,13.2,1.034,-2.7,1.0,2.9,-14.9,13.0,1.053,25,4,0,0,4
104.2,Target,,,,,0.0,0.0,4.023,0.0,0.0,,,,,,,,,
104.3,1,isocontour,11.283791670955125,27124.73,57.08,13.5,15.6,0.994,-0.7,-1.2,1.4,17.7,7.8,1.076,10,9,0,0,9
104.3,2,isocontour,11.283791670955125,26028.9,54.77,6.2,19.8,0.994,-2.4,0.7,2.5,17.7,7.8,1.076,10,7,0,0,7
104.3,3,isocontour,11.283791670955125,26075.26,54.87,10.4,18.1,0.987,1.3,-2.2,2.6,17.7,7.8,1.076,10,8,0,0,8
104.3,4,isocontour,11.283791670955125,31406.96,66.09,16.9,12.2,0.988,2.5,-1.7,3.0,17.7,7.8,1.076,10,8,0,0,8
104.3,5,isocontour,11.283791670955125,29446.9,61.97,13.6,14.0,1.059,-2.0,1.4,2.4,17.7,7.8,1.076,10,9,0,0,9
104.3,6,isocontour,11.283791670955125,31020.8,65.28,14.6,13.9,1.026,-0.9,1.8,2.0,17.7,7.8,1.076,10,9,0,0,9
104.3,7,isocontour,11.283791670955125,29020.26,61.07,-15.1,14.3,0.987,0.8,0.2,0.8,-17.3,-9.0,1.064,11,4,0,0,4
104.3,8,isocontour,11.283791670955125,31228.98,65.72,14.7,13.4,1.043,-1.0,2.0,2.2,17.7,7.8,1.076,10,9,0,0,9
104.3,9,isocontour,11.283791670955125,29309.01,61.68,18.8,8.8,0.988,-0.7,-2.9,3.0,17.7,7.8,1.076,10,8,0,0,8
104.3,10,isocontour,11.283791670955125,29226.57,61.5,17.7,8.0,1.068,0.3,-3.1,3.1,17.7,7.8,1.076,10,8,0,0,8
104.3,11,isocontour,11.283791670955125,31247.84,65.76,-17.2,-9.1,1.065,0.9,-1.0,1.3,-4.2,-18.4,1.101,21,3,0,0,3
104.3,12,isocontour,11.283791670955125,28680.16,60.35,-13.3,-15.9,0.993,0.8,-0.9,1.2,-4.2,-18.4,1.101,21,3,0,0,3
104.3,13,isocontour,11.283791670955125,26765.56,56.32,20.6,-0.8,0.997,-0.1,-0.7,0.7,17.7,7.8,1.076,10,2,0,0,2
104.3,14,isocontour,11.283791670955125,29469.4,62.01,8.8,-18.0,1.033,2.5,1.1,2.7,-4.2,-18.4,1.101,21,2,0,0,2
104.3,15,isocontour,11.283791670955125,25843.82,54.39,-0.1,20.8,0.989,-0.7,-0.1,0.7,17.7,7.8,1.076,10,3,0,0,3
104.3,16,isocontour,11.283791670955125,45122.24,94.95,-16.0,12.9,1.004,-1.5,-2.2,2.7,-17.3,-9.0,1.064,11,4,0,0,4
104.3,17,isocontour,11.283791670955125,27241.21,57.33,13.1,14.9,1.043,-0.5,0.4,0.6,17.7,7.8,1.076,10,9,0,0,9
104.3,18,isocontour,11.283791670955125,32357.94,68.09,-8.5,18.8,0.997,-1.3,-2.3,2.6,13.6,14.1,1.062,5,4,0,0,4
104.3,19,isocontour,11.283791670955125,28122.57,59.18,-20.8,-1.3,0.985,1.1,-0.9,1.4,-4.2,-18.4,1.101,21,3,0,0,3
104.3,20,isocontour,11.283791670955125,29757.24,62.62,13.4,-16.0,0.986,0.7,-0.2,0.7,-4.2,-18.4,1.101,21,2,0,0,2
104.3,21,isocontour,11.283791670955125,29382.62,61.83,-4.0,-18.4,1.106,-0.9,1.0,1.3,-4.0,-18.4,1.101,21,2,0,0,2
104.3,22,isocontour,11.283791670955125,31725.35,66.76,-18.6,-9.3,0.989,-1.8,1.0,2.1,-4.2,-18.4,1.101,21,3,0,0,3
104.3,23,isocontour,11.283791670955125,31873.69,67.07,-19.7,6.9,0.985,1.3,2.4,2.7,-17.3,-8.9,1.067,11,4,0,0,4
104.3,24,isocontour,11.283791670955125,29938.87,63.0,3.5,-20.7,0.976,1.2,-0.7,1.4,-4.2,-18.4,1.101,21,3,0,0,3
104.3,25,isocontour,11.283791670955125,29685.65,62.47,-15.1,13.4,1.021,-0.6,2.5,2.6,-17.3,-9.0,1.064,11,4,0,0,4
104.3,Target,,,,,0.0,0.0,4.023,0.0,0.0,,,,,,,,,
104.4,1,isocontour,11.283791670955125,27122.35,57.08,13.6,15.6,0.995,0.9,-0.8,1.2,17.7,7.8,1.076,10,9,0,0,9
104.4,2,isocontour,11.283791670955125,26006.92,54.73,5.9,19.9,0.992,-2.3,1.1,2.5,17.7,7.8,1.076,10,7,0,0,7
104.4,3,isocontour,11.283791670955125,26052.25,54.82,10.3,17.8,1.0,-1.2,-2.3,2.6,17.7,7.8,1.076,10,8,0,0,8
104.4,4,isocontour,11.283791670955125,31404.09,66.09,17.0,12.2,0.982,1.3,0.2,1.3,17.7,7.8,1.076,10,8,0,0,8
104.4,5,isocontour,11.283791670955125,29443.62,61.96,13.6,14.2,1.055,-0.1,1.4,1.4,17.7,7.8,1.076,10,9,0,0,9
104.4,6,isocontour,11.283791670955125,30970.73,65.17,14.4,14.2,1.018,-1.1,3.2,3.4,17.7,7.8,1.076,10,9,0,0,9
104.4,7,isocontour,11.283791670955125,28995.37,61.02,-14.9,14.4,0.992,2.5,1.1,2.7,-17.3,-8.9,1.067,11,4,0,0,4
104.4,8,isocontour,11.283791670955125,31227.18,65.71,14.6,13.3,1.047,-0.1,-1.1,1.1,17.7,7.8,1.076,10,9,0,0,9
104.4,9,isocontour,11.283791670955125,29306.01,61.67,18.7,8.7,0.995,-1.1,-0.8,1.4,17.7,7.8,1.076,10,8,0,0,8
104.4,10,isocontour,11.283791670955125,29222.53,61.5,17.6,7.9,1.075,-0.6,-1.3,1.4,17.7,7.8,1.076,10,8,0,0,8
104.4,11,isocontour,11.283791670955125,31221.54,65.7,-17.2,-9.3,1.061,0.4,-2.7,2.7,-4.2,-18.4,1.101,21,3,0,0,3
104.4,12,isocontour,11.283791670955125,28644.31,60.28,-13.1,-16.1,0.989,1.7,-2.5,3.0,-4.0,-18.4,1.106,21,3,0,0,3
104.4,13,isocontour,11.283791670955125,26765.14,56.32,20.6,-0.9,0.998,-0.1,-0.7,0.7,17.7,7.8,1.076,10,2,0,0,2
104.4,14,isocontour,11.283791670955125,29443.95,61.96,9.1,-17.9,1.029,2.7,0.5,2.7,-4.2,-18.4,1.101,21,2,0,0,2
104.4,15,isocontour,11.283791670955125,25817.23,54.33,-0.3,20.7,0.994,-2.6,-0.9,2.8,17.7,7.8,1.076,10,3,0,0,3
104.4,16,isocontour,11.283791670955125,45092.04,94.89,-16.2,12.7,1.002,-2.1,-2.0,2.9,-17.3,-8.9,1.067,11,4,0,0,4
104.4,17,isocontour,11.283791670955125,27219.98,57.28,12.9,15.1,1.044,-2.1,1.5,2.6,17.7,7.8,1.076,10,9,0,0,9
104.4,18,isocontour,11.283791670955125,32356.81,68.09,-8.5,18.8,0.998,0.8,0.5,0.9,17.7,7.8,1.076,10,4,0,0,4
104.4,19,isocontour,11.283791670955125,28090.12,59.11,-20.7,-1.5,0.993,1.7,-2.4,2.9,-4.2,-18.4,1.101,21,3,0,0,3
104.4,20,isocontour,11.283791670955125,29725.76,62.55,13.1,-16.0,0.992,-2.9,-0.5,2.9,-4.2,-18.4,1.101,21,2,0,0,2
104.4,21,isocontour,11.283791670955125,29381.52,61.83,-4.0,-18.3,1.108,-0.8,0.5,0.9,-4.0,-18.3,1.106,21,2,0,0,2
104.4,22,isocontour,11.283791670955125,31672.6,66.65,-18.6,-9.6,0.982,0.4,-3.4,3.4,-4.2,-18.4,1.101,21,3,0,0,3
104.4,23,isocontour,11.283791670955125,31856.19,67.04,-19.5,7.0,0.993,2.2,1.0,2.4,-4.2,-18.4,1.101,21,4,0,0,4
104.4,24,isocontour,11.283791670955125,29935.3,63.0,3.6,-20.6,0.981,0.5,1.3,1.4,-4.0,-18.4,1.106,21,3,0,0,3
104.4,25,isocontour,11.283791670955125,29683.21,62.46,-15.0,13.4,1.023,1.2,0.1,1.2,-17.3,-8.9,1.067,11,4,0,0,4
104.4,Target,,,,,0.0,0.0,4.023,0.0,0.0,,,,,,,,,
104.5,1,isocontour,11.283791670955125,27114.7,57.06,13.8,15.6,0.987,1.6,0.8,1.8,17.7,7.8,1.076,10,9,0,0,9
104.5,2,isocontour,11.283791670955125,25983.9,54.68,5.7,20.0,0.986,-1.9,1.8,2.6,17.7,7.8,1.076,10,7,0,0,7
104.5,3,isocontour,11.283791670955125,26024.19,54.76,10.5,17.8,0.996,2.8,-0.1,2.8,17.7,7.8,1.076,10,8,0,0,8
104.5,4,isocontour,11.283791670955125,31400.13,66.08,16.9,12.2,0.987,-1.5,-0.0,1.5,17.7,7.8,1.076,10,8,0,0,8
104.5,5,isocontour,11.283791670955125,29423.37,61.92,13.4,14.3,1.055,-2.0,1.6,2.6,17.7,7.8,1.076,10,9,0,0,9
104.5,6,isocontour,11.283791670955125,30963.92,65.16,14.3,14.3,1.023,-1.7,0.1,1.7,17.7,7.8,1.076,10,9,0,0,9
104.5,7,isocontour,11.283791670955125,28992.02,61.01,-14.8,14.5,0.992,0.7,1.2,1.4,-4.2,-18.4,1.101,21,4,0,0,4
104.5,8,isocontour,11.283791670955125,31225.29,65.71,14.5,13.3,1.051,-1.1,0.2,1.1,17.7,7.8,1.076,10,9,0,0,9
104.5,9,isocontour,11.283791670955125,29300.71,61.66,18.9,8.7,0.989,1.6,0.1,1.6,17.7,7.8,1.076,10,8,0,0,8
104.5,10,isocontour,11.283791670955125,29184.88,61.42,17.7,7.6,1.077,1.0,-2.9,3.1,17.7,7.8,1.076,10,8,0,0,8
104.5,11,isocontour,11.283791670955125,31202.92,65.66,-17.2,-9.2,1.065,-0.2,2.4,2.4,-4.0,-18.4,1.106,21,3,0,0,3
104.5,12,isocontour,11.283791670955125,28643.21,60.28,-13.0,-16.1,0.993,0.7,0.6,0.9,-4.0,-18.3,1.108,21,3,0,0,3
104.5,13,isocontour,11.283791670955125,26764.73,56.32,20.6,-1.0,0.997,0.2,-0.6,0.6,17.7,7.8,1.076,10,2,0,0,2
104.5,14,isocontour,11.283791670955125,29442.95,61.96,9.2,-17.9,1.028,0.9,0.2,0.9,-4.0,-18.4,1.106,21,2,0,0,2
104.5,15,isocontour,11.283791670955125,25798.39,54.29,-0.6,20.8,0.99,-2.3,0.9,2.5,17.7,7.8,1.076,10,3,0,0,3
104.5,16,isocontour,11.283791670955125,44988.96,94.67,-16.5,12.5,0.992,-4.0,-1.7,4.3,-4.2,-18.4,1.101,21,4,0,0,4
104.5,17,isocontour,11.283791670955125,27215.6,57.27,12.8,15.2,1.039,-0.3,1.5,1.5,17.7,7.8,1.076,10,9,0,0,9
104.5,18,isocontour,11.283791670955125,32340.99,68.06,-8.6,19.0,0.987,-1.6,1.7,2.3,17.7,7.8,1.076,10,4,0,0,4
104.5,19,isocontour,11.283791670955125,28054.61,59.04,-20.6,-1.8,0.992,-0.2,-3.0,3.0,-4.2,-18.4,1.101,21,3,0,0,3
104.5,20,isocontour,11.283791670955125,29723.72,62.55,13.0,-16.1,0.993,-0.8,-0.9,1.2,-4.0,-18.4,1.106,21,2,0,0,2
104.5,21,isocontour,11.283791670955125,29355.5,61.78,-4.3,-18.3,1.108,-2.7,0.4,2.7,-4.3,-18.3,1.108,21,2,0,0,2
104.5,22,isocontour,11.283791670955125,31667.77,66.64,-18.5,-9.6,0.988,1.3,0.8,1.5,-4.0,-18.4,1.106,21,3,0,0,3
104.5,23,isocontour,11.283791670955125,31853.81,67.03,-19.5,7.0,0.994,-0.5,-1.1,1.2,-4.2,-18.4,1.101,21,4,0,0,4
104.5,24,isocontour,11.283791670955125,29934.16,62.99,3.6,-20.5,0.986,0.5,0.8,0.9,-4.0,-18.3,1.108,21,3,0,0,3
104.5,25,isocontour,11.283791670955125,29657.76,62.41,-14.8,13.6,1.026,2.0,1.8,2.7,-4.2,-18.4,1.101,21,4,0,0,4
104.5,Target,,,,,0.0,0.0,4.023,0.0,0.0,,,,,,,,,
104.6,1,isocontour,11.283791670955125,27114.27,57.06,13.7,15.6,0.989,-0.5,-0.5,0.7,17.7,7.6,1.077,10,9,0,0,9
104.6,2,isocontour,11.283791670955125,25981.23,54.67,5.8,20.1,0.982,1.3,0.2,1.3,17.7,7.8,1.076,10,7,0,0,7
104.6,3,isocontour,11.283791670955125,26022.2,54.76,10.5,17.9,0.99,0.1,1.1,1.1,17.7,7.8,1.076,10,7,0,0,7
104.6,4,isocontour,11.283791670955125,31389.05,66.05,16.8,12.3,0.987,-1.1,1.7,2.0,17.7,7.6,1.077,10,8,0,0,8
104.6,5,isocontour,11.283791670955125,29404.29,61.88,13.3,14.5,1.054,-1.7,1.8,2.5,17.7,7.6,1.077,10,9,0,0,9
104.6,6,isocontour,11.283791670955125,30941.94,65.11,14.1,14.4,1.027,-2.2,1.3,2.6,17.7,7.6,1.077,10,9,0,0,9
104.6,7,isocontour,11.283791670955125,28952.53,60.93,-14.8,14.8,0.98,-0.1,3.1,3.1,-4.2,-18.4,1.101,21,4,0,0,4
104.6,8,isocontour,11.283791670955125,31221.24,65.7,14.4,13.3,1.056,-1.4,0.3,1.4,17.7,7.6,1.077,10,9,0,0,9
104.6,9,isocontour,11.283791670955125,29253.23,61.56,19.1,8.5,0.981,2.5,-2.2,3.3,17.7,7.6,1.077,10,8,0,0,8
104.6,10,isocontour,11.283791670955125,29157.72,61.36,17.7,7.3,1.082,0.2,-2.8,2.8,17.7,7.3,1.077,10,8,0,0,8
104.6,11,isocontour,11.283791670955125,31200.88,65.66,-17.1,-9.2,1.067,0.7,-1.0,1.2,-4.0,-18.3,1.108,21,3,0,0,3
104.6,12,isocontour,11.283791670955125,28641.68,60.27,-13.0,-16.0,0.998,0.7,0.8,1.1,-4.0,-18.3,1.108,21,3,0,0,3
104.6,13,isocontour,11.283791670955125,26764.29,56.32,20.6,-1.0,0.997,-0.2,-0.7,0.7,17.7,7.6,1.077,10,2,0,0,2
104.6,14,isocontour,11.283791670955125,29426.1,61.92,9.4,-17.8,1.023,2.3,0.2,2.3,-4.0,-18.3,1.108,21,2,0,0,2
104.6,15,isocontour,11.283791670955125,25786.65,54.26,-0.5,20.9,0.981,1.1,1.8,2.1,17.7,7.8,1.076,10,2,0,0,2
104.6,16,isocontour,11.283791670955125,44980.12,94.66,-16.7,12.6,0.981,-1.3,1.4,1.9,-4.2,-18.4,1.101,21,4,0,0,4
104.6,17,isocontour,11.283791670955125,27203.35,57.25,12.7,15.3,1.039,-1.8,1.2,2.2,17.7,7.6,1.077,10,9,0,0,9
104.6,18,isocontour,11.283791670955125,32332.83,68.04,-8.8,19.0,0.979,-1.6,0.9,1.8,-4.2,-18.4,1.101,21,4,0,0,4
104.6,19,isocontour,11.283791670955125,28050.96,59.03,-20.7,-2.0,0.988,-0.7,-1.2,1.4,-4.0,-18.4,1.106,21,3,0,0,3
104.6,20,isocontour,11.283791670955125,29722.32,62.55,13.0,-16.1,0.994,0.5,0.9,1.0,-4.0,-18.3,1.108,21,2,0,0,2
104.6,21,isocontour,11.283791670955125,29354.63,61.77,-4.4,-18.2,1.108,-0.8,0.3,0.9,-4.4,-18.2,1.108,21,2,0,0,2
104.6,22,isocontour,11.283791670955125,31658.79,66.62,-18.3,-9.6,0.995,1.7,-0.8,1.9,-4.0,-18.3,1.108,21,3,0,0,3
104.6,23,isocontour,11.283791670955125,31813.95,66.95,-19.7,6.8,0.986,-2.6,-1.8,3.2,-4.2,-18.4,1.101,21,4,0,0,4
104.6,24,isocontour,11.283791670955125,29932.12,62.99,3.6,-20.4,0.991,0.5,1.1,1.2,-4.0,-18.3,1.108,21,3,0,0,3
104.6,25,isocontour,11.283791670955125,29654.12,62.4,-14.8,13.5,1.03,-0.1,-1.4,1.4,-4.2,-18.4,1.101,21,4,0,0,4
104.6,Target,,,,,0.0,0.0,4.023,0.0,0.0,,,,,,,,,
104.7,1,isocontour,11.283791670955125,27091.52,57.01,13.5,15.6,0.997,-2.6,0.3,2.6,17.7,7.3,1.082,10,9,0,0,9
104.7,2,isocontour,11.283791670955125,25976.58,54.66,5.9,20.0,0.986,0.9,-1.3,1.6,17.7,7.6,1.077,10,7,0,0,7
104.7,3,isocontour,11.283791670955125,26001.22,54.72,10.4,18.1,0.985,-1.6,2.0,2.6,17.7,7.6,1.077,10,7,0,0,7
104.7,4,isocontour,11.283791670955125,31366.81,66.01,16.6,12.5,0.99,-2.0,1.7,2.6,17.7,7.3,1.082,10,8,0,0,8
104.7,5,isocontour,11.283791670955125,29394.14,61.86,13.3,14.7,1.045,0.7,1.9,2.0,17.7,7.3,1.082,10,9,0,0,9
104.7,6,isocontour,11.283791670955125,30922.87,65.07,13.9,14.6,1.026,-1.6,1.8,2.4,17.7,7.3,1.082,10,9,0,0,9
104.7,7,isocontour,11.283791670955125,28911.13,60.84,-15.1,14.8,0.969,-3.2,-0.2,3.2,-4.2,-18.4,1.101,21,4,0,0,4
104.7,8,isocontour,11.283791670955125,31200.26,65.66,14.2,13.5,1.056,-1.6,1.9,2.5,17.7,7.3,1.082,10,9,0,0,9
104.7,9,isocontour,11.283791670955125,29218.07,61.49,19.1,8.3,0.99,-1.0,-2.9,3.1,17.7,7.3,1.082,10,8,0,0,8
104.7,10,isocontour,11.283791670955125,29130.55,61.3,17.7,7.0,1.088,-0.0,-2.8,2.8,17.7,7.0,1.082,10,8,0,0,8
104.7,11,isocontour,11.283791670955125,31198.72,65.65,-17.0,-9.3,1.068,0.7,-0.9,1.1,-4.0,-18.3,1.108,21,3,0,0,3
104.7,12,isocontour,11.283791670955125,28582.79,60.15,-12.8,-16.3,0.992,1.6,-3.2,3.6,-4.0,-18.3,1.108,21,3,0,0,3
104.7,13,isocontour,11.283791670955125,26761.97,56.32,20.6,-0.9,0.998,-0.1,1.2,1.2,17.7,7.3,1.082,10,2,0,0,2
104.7,14,isocontour,11.283791670955125,29422.29,61.92,9.3,-17.9,1.023,-1.4,-0.5,1.5,-4.0,-18.3,1.108,21,2,0,0,2
104.7,15,isocontour,11.283791670955125,25785.88,54.26,-0.6,21.0,0.979,-0.8,0.1,0.8,-4.2,-18.4,1.101,21,2,0,0,2
104.7,16,isocontour,11.283791670955125,44935.14,94.56,-16.9,12.5,0.975,-2.6,-2.0,3.3,-4.2,-18.4,1.101,21,4,0,0,4
104.7,17,isocontour,11.283791670955125,27200.8,57.24,12.8,15.3,1.037,1.2,-0.3,1.2,17.7,7.3,1.082,10,9,0,0,9
104.7,18,isocontour,11.283791670955125,32317.42,68.01,-8.8,18.9,0.986,-0.4,-2.3,2.3,-4.2,-18.4,1.101,21,4,0,0,4
104.7,19,isocontour,11.283791670955125,28048.81,59.03,-20.7,-2.1,0.987,0.0,-1.2,1.2,-4.0,-18.3,1.108,21,3,0,0,3
104.7,20,isocontour,11.283791670955125,29611.96,62.31,13.4,-15.9,0.99,3.9,2.1,4.4,-4.0,-18.3,1.108,21,2,0,0,2
104.7,21,isocontour,11.283791670955125,29350.07,61.76,-4.5,-18.1,1.113,-1.0,1.1,1.5,-4.5,-18.1,1.108,21,2,0,0,2
104.7,22,isocontour,11.283791670955125,31658.08,66.62,-18.3,-9.6,0.997,-0.2,0.8,0.8,-4.0,-18.3,1.108,21,3,0,0,3
104.7,23,isocontour,11.283791670955125,31767.31,66.85,-19.9,6.5,0.983,-1.3,-3.1,3.4,-4.0,-18.4,1.106,21,4,0,0,4
104.7,24,isocontour,11.283791670955125,29903.15,62.93,3.4,-20.4,0.993,-2.8,-0.3,2.8,-4.0,-18.3,1.108,21,3,0,0,3
104.7,25,isocontour,11.283791670955125,29648.71,62.39,-14.9,13.4,1.028,-1.4,-0.7,1.6,-4.2,-18.4,1.101,21,4,0,0,4
104.7,Target,,,,,0.0,0.0,4.023,0.0,0.0,,,,,,,,,
104.8,1,isocontour,11.283791670955125,27089.14,57.01,13.5,15.5,0.999,0.7,-1.0,1.2,17.7,7.0,1.088,10,9,0,0,9
104.8,2,isocontour,11.283791670955125,25945.75,54.6,6.1,19.8,0.989,2.6,-1.3,2.9,-4.2,-18.4,1.101,21,7,0,0,7
104.8,3,isocontour,11.283791670955125,25999.01,54.71,10.5,18.1,0.98,1.1,0.4,1.2,17.7,7.3,1.082,10,7,0,0,7
104.8,4,isocontour,11.283791670955125,31344.82,65.96,16.4,12.6,0.997,-2.4,0.9,2.6,17.7,7.0,1.088,10,8,0,0,8
104.8,5,isocontour,11.283791670955125,29389.59,61.85,13.4,14.8,1.036,1.2,0.9,1.5,17.7,7.0,1.088,10,9,0,0,9
104.8,6,isocontour,11.283791670955125,30901.88,65.03,13.7,14.7,1.025,-1.7,1.9,2.5,17.7,7.0,1.088,10,9,0,0,9
104.8,7,isocontour,11.283791670955125,28904.44,60.83,-15.0,14.7,0.975,1.1,-1.3,1.7,-4.0,-18.4,1.106,21,4,0,0,4
104.8,8,isocontour,11.283791670955125,31196.98,65.65,14.1,13.6,1.058,-1.2,0.7,1.4,17.7,7.0,1.088,10,9,0,0,9
104.8,9,isocontour,11.283791670955125,29212.67,61.47,18.9,8.2,0.999,-1.6,-0.2,1.6,17.7,7.0,1.088,10,8,0,0,8
104.8,10,isocontour,11.283791670955125,29105.93,61.25,17.6,7.2,1.094,-1.8,2.0,2.7,17.6,7.2,1.088,10,8,0,0,8
104.8,11,isocontour,11.283791670955125,31196.88,65.65,-17.0,-9.4,1.066,0.1,-1.1,1.1,-4.0,-18.3,1.108,21,3,0,0,3
104.8,12,isocontour,11.283791670955125,28544.78,60.07,-12.6,-16.6,0.986,1.7,-2.6,3.1,-4.5,-18.1,1.113,21,3,0,0,3
104.8,13,isocontour,11.283791670955125,26740.74,56.27,20.7,-1.1,0.994,0.8,-2.4,2.5,17.7,7.0,1.088,10,2,0,0,2
104.8,14,isocontour,11.283791670955125,29415.13,61.9,9.2,-17.9,1.029,-1.7,0.3,1.7,-4.0,-18.3,1.108,21,2,0,0,2
104.8,15,isocontour,11.283791670955125,25776.19,54.24,-0.6,20.8,0.988,0.1,-2.0,2.0,-4.2,-18.4,1.101,21,2,0,0,2
104.8,16,isocontour,11.283791670955125,44931.86,94.55,-16.9,12.5,0.977,1.1,0.8,1.4,-4.0,-18.4,1.106,21,4,0,0,4
104.8,17,isocontour,11.283791670955125,27163.52,57.16,13.0,15.2,1.035,2.5,-1.8,3.1,17.7,7.0,1.088,10,9,0,0,9
104.8,18,isocontour,11.283791670955125,32287.22,67.94,-9.0,18.7,0.99,-2.4,-1.6,2.9,-4.2,-18.4,1.101,21,4,0,0,4
104.8,19,isocontour,11.283791670955125,28045.39,59.02,-20.6,-2.2,0.99,0.9,-1.1,1.4,-4.0,-18.3,1.108,21,3,0,0,3
104.8,20,isocontour,11.283791670955125,29517.85,62.12,13.7,-15.6,0.988,3.4,2.5,4.2,-4.0,-18.3,1.108,21,2,0,0,2
104.8,21,isocontour,11.283791670955125,29344.96,61.75,-4.5,-18.3,1.106,0.5,-1.5,1.6,-4.5,-18.3,1.113,21,2,0,0,2
104.8,22,isocontour,11.283791670955125,31610.6,66.52,-18.6,-9.5,0.983,-3.3,0.1,3.3,-4.0,-18.3,1.108,21,3,0,0,3
104.8,23,isocontour,11.283791670955125,31763.59,66.84,-19.8,6.4,0.989,1.0,-1.0,1.4,-4.0,-18.3,1.108,21,4,0,0,4
104.8,24,isocontour,11.283791670955125,29887.94,62.9,3.3,-20.6,0.984,-0.9,-2.1,2.3,-4.5,-18.1,1.113,21,3,0,0,3
104.8,25,isocontour,11.283791670955125,29646.56,62.39,-14.9,13.4,1.032,1.2,0.1,1.2,-4.0,-18.4,1.106,21,4,0,0,4
104.8,Target,,,,,0.0,0.0,4.023,0.0,0.0,,,,,,,,,
104.9,1,isocontour,11.283791670955125,27007.8,56.83,13.4,15.8,0.994,-2.1,3.4,4.0,-4.2,-18.4,1.101,21,9,0,0,9
104.9,2,isocontour,11.283791670955125,25912.64,54.53,6.4,19.7,0.995,2.2,-2.0,3.0,-4.2,-18.4,1.101,21,7,0,0,7
104.9,3,isocontour,11.283791670955125,25991.73,54.7,10.5,18.0,0.986,0.4,-1.7,1.7,-4.2,-18.4,1.101,21,7,0,0,7
104.9,4,isocontour,11.283791670955125,31332.58,65.94,16.4,12.7,0.988,1.4,1.6,2.1,17.6,7.2,1.094,10,8,0,0,8
104.9,5,isocontour,11.283791670955125,29379.74,61.83,13.4,14.6,1.042,-0.1,-2.0,2.0,-4.2,-18.4,1.101,21,9,0,0,9
104.9,6,isocontour,11.283791670955125,30819.93,64.86,13.9,14.5,1.026,2.8,-2.9,4.0,-4.2,-18.4,1.101,21,9,0,0,9
104.9,7,isocontour,11.283791670955125,28884.67,60.78,-15.1,14.5,0.983,-0.5,-2.4,2.5,-4.0,-18.3,1.108,21,4,0,0,4
104.9,8,isocontour,11.283791670955125,31191.78,65.64,14.2,13.5,1.061,0.5,-1.5,1.6,-4.2,-18.4,1.101,21,9,0,0,9
104.9,9,isocontour,11.283791670955125,29190.43,61.43,19.0,8.0,0.995,1.9,-1.7,2.5,17.6,7.2,1.094,10,8,0,0,8
104.9,10,isocontour,11.283791670955125,29104.93,61.25,17.5,7.3,1.095,-0.5,0.8,0.9,17.5,7.3,1.094,10,8,0,0,8
104.9,11,isocontour,11.283791670955125,31191.77,65.64,-17.1,-9.4,1.061,-1.4,0.7,1.6,-4.5,-18.1,1.113,21,3,0,0,3
104.9,12,isocontour,11.283791670955125,28543.72,60.07,-12.7,-16.5,0.986,-0.5,0.8,0.9,-4.5,-18.1,1.113,21,3,0,0,3
104.9,13,isocontour,11.283791670955125,26719.76,56.23,20.7,-1.4,0.991,0.2,-2.5,2.5,17.6,7.2,1.094,10,2,0,0,2
104.9,14,isocontour,11.283791670955125,29394.88,61.86,9.2,-17.6,1.04,0.3,2.5,2.5,-4.5,-18.1,1.113,21,2,0,0,2
104.9,15,isocontour,11.283791670955125,25746.92,54.18,-0.8,20.6,0.998,-2.2,-1.8,2.8,-4.2,-18.4,1.101,21,2,0,0,2
104.9,16,isocontour,11.283791670955125,44902.59,94.49,-16.6,12.6,0.985,2.7,0.8,2.8,-4.0,-18.3,1.108,21,4,0,0,4
104.9,17,isocontour,11.283791670955125,27162.45,57.16,13.1,15.1,1.034,0.8,-0.4,0.9,-4.2,-18.4,1.101,21,9,0,0,9
104.9,18,isocontour,11.283791670955125,32265.23,67.9,-9.3,18.6,0.99,-2.3,-1.1,2.5,-4.0,-18.4,1.106,21,4,0,0,4
104.9,19,isocontour,11.283791670955125,28043.18,59.01,-20.6,-2.3,0.992,0.3,-1.1,1.1,-4.0,-18.3,1.108,21,3,0,0,3
104.9,20,isocontour,11.283791670955125,29515.48,62.11,13.7,-15.6,0.991,-1.2,-0.1,1.2,-4.0,-18.3,1.108,21,1,0,0,1
104.9,21,isocontour,11.283791670955125,29343.86,61.75,-4.5,-18.3,1.102,-0.9,-0.4,1.0,-4.5,-18.1,1.113,21,2,0,0,2
104.9,22,isocontour,11.283791670955125,31608.8,66.52,-18.6,-9.4,0.984,0.3,1.1,1.1,-4.5,-18.1,1.113,21,3,0,0,3
104.9,23,isocontour,11.283791670955125,31762.02,66.84,-19.8,6.3,0.992,0.1,-1.1,1.1,-4.0,-18.3,1.108,21,4,0,0,4
104.9,24,isocontour,11.283791670955125,29874.27,62.87,3.5,-20.7,0.979,2.2,-0.3,2.2,-4.5,-18.1,1.113,21,2,0,0,2
104.9,25,isocontour,11.283791670955125,29638.12,62.37,-14.9,13.3,1.038,-0.0,-1.9,1.9,-4.0,-18.3,1.108,21,4,0,0,4
104.9,Target,,,,,0.0,0.0,4.023,0.0,0.0,,,,,,,,,
105.0,1,isocontour,11.283791670955125,26906.13,56.62,13.4,16.2,0.974,1.1,4.2,4.3,-4.2,-18.4,1.101,21,9,0,0,9
105.0,2,isocontour,11.283791670955125,25908.59,54.52,6.3,19.7,0.992,-0.7,1.3,1.5,-4.2,-18.4,1.101,21,7,0,0,7
105.0,3,isocontour,11.283791670955125,25989.46,54.69,10.6,17.9,0.989,0.7,-1.0,1.2,-4.2,-18.4,1.101,21,7,0,0,7
105.0,4,isocontour,11.283791670955125,31324.79,65.92,16.6,12.6,0.987,1.0,-1.5,1.8,-4.2,-18.4,1.101,21,8,0,0,8
105.0,5,isocontour,11.283791670955125,29345.96,61.75,13.2,14.6,1.055,-2.9,-0.4,2.9,-4.2,-18.4,1.101,21,9,0,0,9
105.0,6,isocontour,11.283791670955125,30818.36,64.85,14.0,14.4,1.025,0.8,-0.6,1.0,-4.2,-18.4,1.101,21,9,0,0,9
105.0,7,isocontour,11.283791670955125,28850.2,60.71,-15.0,14.2,0.994,0.2,-3.0,3.0,-4.0,-18.3,1.108,21,4,0,0,4
105.0,8,isocontour,11.283791670955125,31166.88,65.59,14.0,13.6,1.063,-2.0,1.8,2.7,-4.2,-18.4,1.101,21,9,0,0,9
105.0,9,isocontour,11.283791670955125,29125.98,61.29,19.4,7.9,0.98,3.5,-1.0,3.6,-4.2,-18.4,1.101,21,8,0,0,8
105.0,10,isocontour,11.283791670955125,29081.38,61.2,17.4,7.5,1.095,-1.0,2.4,2.6,-4.2,-18.4,1.101,21,8,0,0,8
105.0,11,isocontour,11.283791670955125,31180.84,65.62,-17.1,-9.2,1.066,0.1,2.0,2.0,-4.5,-18.1,1.113,21,3,0,0,3
105.0,12,isocontour,11.283791670955125,28539.34,60.06,-12.7,-16.4,0.991,-0.4,1.4,1.5,-4.5,-18.1,1.113,21,3,0,0,3
105.0,13,isocontour,11.283791670955125,26698.77,56.18,20.7,-1.6,0.989,0.2,-2.5,2.5,17.5,7.3,1.095,10,2,0,0,2
105.0,14,isocontour,11.283791670955125,29380.45,61.83,9.3,-17.5,1.045,1.5,1.6,2.2,-4.5,-18.1,1.113,21,2,0,0,2
105.0,15,isocontour,11.283791670955125,25745.89,54.18,-0.9,20.6,0.999,-0.9,-0.0,0.9,-4.0,-18.4,1.106,21,2,0,0,2
105.0,16,isocontour,11.283791670955125,44881.86,94.45,-16.4,12.6,0.996,2.5,-0.2,2.5,-4.0,-18.3,1.108,21,4,0,0,4
105.0,17,isocontour,11.283791670955125,27130.66,57.09,13.2,14.8,1.043,0.6,-2.9,3.0,-4.2,-18.4,1.101,21,9,0,0,9
105.0,18,isocontour,11.283791670955125,32245.46,67.86,-9.5,18.4,0.993,-1.9,-1.6,2.5,-4.0,-18.3,1.108,21,4,0,0,4
105.0,19,isocontour,11.283791670955125,28038.54,59.0,-20.7,-2.4,0.987,-0.9,-1.2,1.5,-4.5,-18.1,1.113,21,3,0,0,3
105.0,20,isocontour,11.283791670955125,29513.86,62.11,13.6,-15.5,0.997,-0.8,0.7,1.1,-4.5,-18.1,1.113,21,1,0,0,1
105.0,21,isocontour,11.283791670955125,29315.2,61.69,-4.8,-18.3,1.102,-2.7,0.7,2.8,-4.5,-18.1,1.113,21,2,0,0,2
105.0,22,isocontour,11.283791670955125,31602.78,66.5,-18.5,-9.4,0.993,1.5,0.7,1.7,-4.5,-18.1,1.113,21,3,0,0,3
105.0,23,isocontour,11.283791670955125,31735.14,66.78,-19.7,6.5,0.99,0.4,2.7,2.7,-4.0,-18.3,1.108,21,4,0,0,4
105.0,24,isocontour,11.283791670955125,29860.03,62.84,3.6,-20.6,0.984,1.7,1.5,2.3,-4.5,-18.1,1.113,21,2,0,0,2
105.0,25,isocontour,11.283791670955125,29622.1,62.34,-15.0,13.1,1.038,-1.8,-1.5,2.3,-4.0,-18.3,1.108,21,4,0,0,4
105.0,Target,,,,,0.0,0.0,4.023,0.0,0.0,,,,,,,,,
105.1,1,isocontour,11.283791670955125,26888.41,56.58,13.3,16.4,0.972,-2.0,1.4,2.4,-4.2,-18.4,1.101,21,9,0,0,9
105.1,2,isocontour,11.283791670955125,25907.53,54.52,6.3,19.8,0.989,-0.7,0.6,0.9,-4.0,-18.4,1.106,21,7,0,0,7
105.1,3,isocontour,11.283791670955125,25984.06,54.68,10.5,17.9,0.994,-1.6,-0.1,1.6,-4.2,-18.4,1.101,21,7,0,0,7
105.1,4,isocontour,11.283791670955125,31305.49,65.88,16.4,12.8,0.988,-1.7,1.8,2.5,-4.2,-18.4,1.101,21,8,0,0,8
105.1,5,isocontour,11.283791670955125,29342.15,61.75,13.1,14.4,1.065,-0.7,-1.2,1.4,-4.2,-18.4,1.101,21,9,0,0,9
105.1,6,isocontour,11.283791670955125,30792.06,64.8,13.8,14.5,1.03,-2.5,1.2,2.8,-4.2,-18.4,1.101,21,9,0,0,9
105.1,7,isocontour,11.283791670955125,28828.97,60.67,-15.2,14.0,0.999,-1.3,-2.2,2.6,-4.0,-18.3,1.108,21,4,0,0,4
105.1,8,isocontour,11.283791670955125,31143.07,65.54,13.8,13.7,1.065,-2.2,1.5,2.7,-4.2,-18.4,1.101,21,9,0,0,9
105.1,9,isocontour,11.283791670955125,29125.97,61.29,19.4,7.9,0.977,0.2,0.1,0.2,-4.2,-18.4,1.101,21,8,0,0,8
105.1,10,isocontour,11.283791670955125,29060.89,61.16,17.4,7.7,1.092,-0.4,2.5,2.5,-4.2,-18.4,1.101,21,8,0,0,8
105.1,11,isocontour,11.283791670955125,31150.64,65.55,-17.1,-9.4,1.064,0.8,-2.8,2.9,-4.5,-18.1,1.113,21,3,0,0,3
105.1,12,isocontour,11.283791670955125,28525.47,60.03,-12.6,-16.6,0.986,0.7,-2.1,2.2,-4.5,-18.1,1.113,21,3,0,0,3
105.1,13,isocontour,11.283791670955125,26668.89,56.12,20.6,-1.4,0.994,-1.0,2.7,2.9,-4.2,-18.4,1.101,21,2,0,0,2
105.1,14,isocontour,11.283791670955125,29359.71,61.78,9.6,-17.4,1.042,2.5,0.4,2.5,-4.5,-18.1,1.113,21,2,0,0,2
105.1,15,isocontour,11.283791670955125,25737.85,54.16,-0.9,20.7,0.991,-0.1,1.8,1.8,-4.0,-18.3,1.108,21,2,0,0,2
105.1,16,isocontour,11.283791670955125,44854.39,94.39,-16.5,12.4,0.996,-2.1,-1.8,2.8,-4.0,-18.3,1.108,21,4,0,0,4
105.1,17,isocontour,11.283791670955125,27056.96,56.94,13.1,15.1,1.035,-1.3,3.7,3.9,-4.2,-18.4,1.101,21,9,0,0,9
105.1,18,isocontour,11.283791670955125,32192.7,67.75,-9.2,18.6,0.992,2.9,1.9,3.5,-4.0,-18.3,1.108,21,4,0,0,4
105.1,19,isocontour,11.283791670955125,28025.59,58.98,-20.6,-2.3,0.993,1.3,1.7,2.1,-4.5,-18.1,1.113,21,3,0,0,3
105.1,20,isocontour,11.283791670955125,29500.73,62.08,13.8,-15.5,0.991,2.2,0.1,2.2,-4.5,-18.1,1.113,21,2,0,0,2
105.1,21,isocontour,11.283791670955125,29288.61,61.63,-5.1,-18.2,1.1,-2.7,0.5,2.7,-4.5,-18.1,1.113,21,2,0,0,2
105.1,22,isocontour,11.283791670955125,31601.78,66.5,-18.5,-9.3,0.992,-0.8,0.4,0.9,-4.5,-18.1,1.113,21,3,0,0,3
105.1,23,isocontour,11.283791670955125,31733.49,66.78,-19.7,6.4,0.993,0.7,-0.9,1.1,-4.5,-18.1,1.113,21,4,0,0,4
105.1,24,isocontour,11.283791670955125,29858.23,62.83,3.7,-20.4,0.989,0.5,1.0,1.1,-4.5,-18.1,1.113,21,3,0,0,3
105.1,25,isocontour,11.283791670955125,29610.36,62.31,-15.0,13.3,1.033,0.7,2.0,2.1,-4.0,-18.3,1.108,21,4,0,0,4
105.1,Target,,,,,0.0,0.0,4.023,0.0,0.0,,,,,,,,,
105.2,1,isocontour,11.283791670955125,26885.54,56.58,13.1,16.4,0.978,-1.2,-0.5,1.3,-4.0,-18.4,1.106,21,9,0,0,9
105.2,2,isocontour,11.283791670955125,25901.17,54.51,6.2,19.7,0.996,-1.3,-1.1,1.7,-4.0,-18.3,1.108,21,7,0,0,7
105.2,3,isocontour,11.283791670955125,25982.01,54.68,10.4,17.8,1.0,-0.6,-1.0,1.2,-4.0,-18.4,1.106,21,7,0,0,7
105.2,4,isocontour,11.283791670955125,31282.99,65.83,16.2,12.9,0.99,-1.9,1.8,2.6,-4.2,-18.4,1.101,21,8,0,0,8
105.2,5,isocontour,11.283791670955125,29335.34,61.73,12.9,14.5,1.069,-1.6,0.6,1.7,-4.0,-18.4,1.106,21,9,0,0,9
105.2,6,isocontour,11.283791670955125,30780.65,64.77,13.7,14.7,1.028,-1.0,1.8,2.1,-4.0,-18.4,1.106,21,9,0,0,9
105.2,7,isocontour,11.283791670955125,28760.27,60.52,-15.3,14.2,0.982,-1.8,3.3,3.8,-4.5,-18.1,1.113,21,4,0,0,4
105.2,8,isocontour,11.283791670955125,31118.72,65.49,13.6,13.9,1.065,-1.8,2.0,2.7,-4.0,-18.4,1.106,21,9,0,0,9
105.2,9,isocontour,11.283791670955125,29118.68,61.28,19.3,7.9,0.985,-1.7,-0.4,1.7,-4.2,-18.4,1.101,21,8,0,0,8
105.2,10,isocontour,11.283791670955125,29058.89,61.15,17.4,7.7,1.093,0.2,-1.1,1.1,-4.2,-18.4,1.101,21,8,0,0,8
105.2,11,isocontour,11.283791670955125,31149.12,65.55,-17.1,-9.4,1.06,-0.9,0.5,1.0,-4.5,-18.1,1.113,21,3,0,0,3
105.2,12,isocontour,11.283791670955125,28482.51,59.94,-12.9,-16.6,0.976,-3.2,0.2,3.2,-4.5,-18.1,1.113,21,3,0,0,3
105.2,13,isocontour,11.283791670955125,26667.75,56.12,20.6,-1.3,0.996,-0.2,0.9,0.9,-4.2,-18.4,1.101,21,2,0,0,2
105.2,14,isocontour,11.283791670955125,29342.85,61.75,9.4,-17.5,1.043,-2.2,-0.8,2.3,-4.5,-18.1,1.113,21,2,0,0,2
105.2,15,isocontour,11.283791670955125,25735.64,54.16,-1.0,20.8,0.987,-1.1,0.5,1.2,-4.0,-18.3,1.108,21,2,0,0,2
105.2,16,isocontour,11.283791670955125,44741.03,94.15,-16.9,12.2,0.989,-3.6,-2.6,4.4,-4.5,-18.1,1.113,21,4,0,0,4
105.2,17,isocontour,11.283791670955125,27055.99,56.94,13.0,15.2,1.035,-0.9,0.3,0.9,-4.0,-18.4,1.106,21,9,0,0,9
105.2,18,isocontour,11.283791670955125,32126.68,67.61,-8.9,18.8,0.989,3.1,2.0,3.7,-4.0,-18.3,1.108,21,4,0,0,4
105.2,19,isocontour,11.283791670955125,28023.59,58.97,-20.7,-2.3,0.989,-1.1,-0.3,1.1,-4.5,-18.1,1.113,21,3,0,0,3
105.2,20,isocontour,11.283791670955125,29500.15,62.08,13.8,-15.5,0.99,0.5,0.6,0.8,-4.5,-18.1,1.113,21,2,0,0,2
105.2,21,isocontour,11.283791670955125,29264.53,61.58,-4.9,-18.3,1.096,2.3,-1.4,2.7,-4.5,-18.1,1.113,21,2,0,0,2
105.2,22,isocontour,11.283791670955125,31589.87,66.48,-18.6,-9.5,0.983,-1.1,-1.8,2.1,-4.5,-18.1,1.113,21,3,0,0,3
105.2,23,isocontour,11.283791670955125,31709.41,66.73,-19.8,6.3,0.99,-1.7,-2.1,2.7,-4.5,-18.1,1.113,21,4,0,0,4
105.2,24,isocontour,11.283791670955125,29838.69,62.79,3.9,-20.4,0.992,2.3,0.9,2.5,-4.5,-18.1,1.113,21,3,0,0,3
105.2,25,isocontour,11.283791670955125,29608.88,62.31,-15.0,13.3,1.027,-0.7,0.7,1.0,-4.5,-18.1,1.113,21,4,0,0,4
105.2,Target,,,,,0.0,0.0,4.023,0.0,0.0,,,,,,,,,
105.3,1,isocontour,11.283791670955125,26884.61,56.58,13.1,16.4,0.979,-0.8,0.4,0.9,-4.0,-18.3,1.108,21,9,0,0,9
105.3,2,isocontour,11.283791670955125,25889.09,54.48,6.0,19.7,1.001,-2.1,-0.3,2.1,-4.0,-18.3,1.108,21,7,0,0,7
105.3,3,isocontour,11.283791670955125,25979.34,54.67,10.5,17.7,0.998,1.3,-0.0,1.3,-4.0,-18.3,1.108,21,7,0,0,7
105.3,4,isocontour,11.283791670955125,31261.76,65.79,16.1,13.1,0.991,-1.7,1.9,2.5,-4.0,-18.4,1.106,21,8,0,0,8
105.3,5,isocontour,11.283791670955125,29334.53,61.73,12.9,14.6,1.068,-0.4,0.8,0.9,-4.0,-18.3,1.108,21,9,0,0,9
105.3,6,isocontour,11.283791670955125,30773.84,64.76,13.7,14.9,1.023,-0.7,1.6,1.7,-4.0,-18.3,1.108,21,9,0,0,9
105.3,7,isocontour,11.283791670955125,28757.9,60.52,-15.4,14.2,0.978,-0.9,-0.8,1.2,-4.5,-18.1,1.113,21,4,0,0,4
105.3,8,isocontour,11.283791670955125,31094.37,65.43,13.4,14.1,1.064,-1.8,2.0,2.7,-4.0,-18.3,1.108,21,9,0,0,9
105.3,9,isocontour,11.283791670955125,29082.47,61.2,19.2,7.6,0.997,-1.4,-2.7,3.0,-4.0,-18.4,1.106,21,8,0,0,8
105.3,10,isocontour,11.283791670955125,29026.44,61.08,17.5,7.4,1.093,1.2,-2.7,3.0,-4.0,-18.4,1.106,21,8,0,0,8
105.3,11,isocontour,11.283791670955125,31130.04,65.51,-17.3,-9.2,1.056,-1.7,1.7,2.4,-4.5,-18.1,1.113,21,3,0,0,3
105.3,12,isocontour,11.283791670955125,28470.09,59.91,-13.0,-16.4,0.983,0.0,2.1,2.1,-4.5,-18.1,1.113,21,3,0,0,3
105.3,13,isocontour,11.283791670955125,26666.47,56.12,20.6,-1.4,0.998,-0.3,-1.0,1.0,-4.2,-18.4,1.101,21,2,0,0,2
105.3,14,isocontour,11.283791670955125,29337.14,61.74,9.3,-17.6,1.039,-0.8,-1.4,1.6,-4.5,-18.1,1.113,21,2,0,0,2
105.3,15,isocontour,11.283791670955125,25731.76,54.15,-0.9,20.9,0.981,0.8,1.2,1.4,-4.0,-18.3,1.108,21,2,0,0,2
105.3,16,isocontour,11.283791670955125,44741.01,94.15,-16.9,12.1,0.989,0.1,-0.2,0.2,-4.5,-18.1,1.113,21,4,0,0,4
105.3,17,isocontour,11.283791670955125,27048.46,56.92,12.9,15.3,1.03,-0.6,1.7,1.8,-4.0,-18.3,1.108,21,9,0,0,9
105.3,18,isocontour,11.283791670955125,32105.45,67.56,-9.1,18.9,0.98,-2.3,1.1,2.5,-4.5,-18.1,1.113,21,4,0,0,4
105.3,19,isocontour,11.283791670955125,28004.05,58.93,-20.7,-2.1,0.988,-0.1,2.5,2.5,-4.5,-18.1,1.113,21,3,0,0,3
105.3,20,isocontour,11.283791670955125,29395.63,61.86,14.2,-15.3,0.983,4.1,1.5,4.4,-4.5,-18.1,1.113,21,2,0,0,2
105.3,21,isocontour,11.283791670955125,29263.05,61.58,-4.8,-18.4,1.095,1.0,-0.4,1.1,-4.5,-18.1,1.113,21,2,0,0,2
105.3,22,isocontour,11.283791670955125,31585.13,66.47,-18.8,-9.5,0.975,-1.5,-0.1,1.5,-4.5,-18.1,1.113,21,3,0,0,3
105.3,23,isocontour,11.283791670955125,31709.24,66.73,-19.9,6.2,0.987,-0.5,0.1,0.5,-4.5,-18.1,1.113,21,4,0,0,4
105.3,24,isocontour,11.283791670955125,29836.37,62.79,3.8,-20.3,0.993,-1.2,-0.1,1.2,-4.5,-18.1,1.113,21,3,0,0,3
105.3,25,isocontour,11.283791670955125,29607.48,62.31,-15.1,13.3,1.029,-0.2,-1.0,1.0,-4.5,-18.1,1.113,21,4,0,0,4
105.3,Target,,,,,0.0,0.0,4.023,0.0,0.0,,,,,,,,,
105.4,1,isocontour,11.283791670955125,26854.41,56.51,12.8,16.4,0.988,-2.9,-0.1,2.9,-4.0,-18.3,1.108,21,9,0,0,9
105.4,2,isocontour,11.283791670955125,25790.22,54.27,5.6,19.8,1.003,-4.2,0.9,4.3,-4.0,-18.3,1.108,21,7,0,0,7
105.4,3,isocontour,11.283791670955125,25933.12,54.57,10.4,18.0,0.987,-1.1,3.1,3.3,-4.0,-18.3,1.108,21,7,0,0,7
105.4,4,isocontour,11.283791670955125,31259.56,65.78,16.1,13.2,0.986,0.8,0.8,1.1,-4.0,-18.3,1.108,21,8,0,0,8
105.4,5,isocontour,11.283791670955125,29322.28,61.71,12.7,14.6,1.074,-2.1,0.2,2.1,-4.0,-18.3,1.108,21,9,0,0,9
105.4,6,isocontour,11.283791670955125,30752.61,64.72,13.5,15.0,1.024,-2.1,1.5,2.6,-4.0,-18.3,1.108,21,9,0,0,9
105.4,7,isocontour,11.283791670955125,28748.49,60.5,-15.5,14.1,0.979,-1.1,-1.6,1.9,-4.5,-18.1,1.113,21,4,0,0,4
105.4,8,isocontour,11.283791670955125,31093.13,65.43,13.3,14.2,1.066,-1.0,0.2,1.0,-4.0,-18.3,1.108,21,9,0,0,9
105.4,9,isocontour,11.283791670955125,29062.46,61.16,19.2,7.8,0.993,0.3,2.5,2.5,-4.0,-18.3,1.108,21,8,0,0,8
105.4,10,isocontour,11.283791670955125,28997.48,61.02,17.6,7.2,1.096,0.5,-2.8,2.8,-4.0,-18.3,1.108,21,8,0,0,8
105.4,11,isocontour,11.283791670955125,31107.55,65.46,-17.4,-9.0,1.059,-0.6,2.5,2.6,-4.5,-18.1,1.113,21,3,0,0,3
105.4,12,isocontour,11.283791670955125,28448.36,59.87,-12.8,-16.2,0.996,1.3,2.2,2.6,-4.5,-18.1,1.113,21,3,0,0,3
105.4,13,isocontour,11.283791670955125,26637.51,56.06,20.6,-1.6,0.996,0.2,-2.8,2.8,-4.0,-18.4,1.106,21,2,0,0,2
105.4,14,isocontour,11.283791670955125,29314.39,61.69,9.1,-17.6,1.043,-2.6,-0.3,2.6,-4.5,-18.1,1.113,21,2,0,0,2
105.4,15,isocontour,11.283791670955125,25729.86,54.15,-0.8,20.9,0.983,1.0,-0.5,1.1,-4.5,-18.1,1.113,21,2,0,0,2
105.4,16,isocontour,11.283791670955125,44735.61,94.14,-16.8,12.1,0.995,1.6,-0.0,1.6,-4.5,-18.1,1.113,21,4,0,0,4
105.4,17,isocontour,11.283791670955125,27035.86,56.89,12.7,15.3,1.038,-2.1,-0.3,2.1,-4.0,-18.3,1.108,21,9,0,0,9
105.4,18,isocontour,11.283791670955125,32094.84,67.54,-9.1,18.7,0.986,-0.2,-2.0,2.0,-4.5,-18.1,1.113,21,4,0,0,4
105.4,19,isocontour,11.283791670955125,27969.59,58.86,-20.6,-2.3,0.991,0.9,-2.9,3.0,-4.5,-18.1,1.113,21,3,0,0,3
105.4,20,isocontour,11.283791670955125,29394.57,61.86,14.3,-15.4,0.978,0.1,-0.9,0.9,-4.5,-18.1,1.113,21,1,0,0,1
105.4,21,isocontour,11.283791670955125,29235.0,61.52,-4.5,-18.4,1.098,2.8,-0.0,2.8,-4.5,-18.1,1.113,21,2,0,0,2
105.4,22,isocontour,11.283791670955125,31582.7,66.46,-18.7,-9.5,0.979,1.2,0.4,1.3,-4.5,-18.1,1.113,21,3,0,0,3
105.4,23,isocontour,11.283791670955125,31686.22,66.68,-19.7,6.2,0.998,2.6,-0.4,2.6,-4.5,-18.1,1.113,21,4,0,0,4
105.4,24,isocontour,11.283791670955125,29802.25,62.72,3.6,-20.4,0.992,-2.9,-0.7,3.0,-4.5,-18.1,1.113,21,2,0,0,2
105.4,25,isocontour,11.283791670955125,29591.67,62.27,-15.1,13.1,1.036,-0.4,-2.3,2.3,-4.5,-18.1,1.113,21,4,0,0,4
105.4,Target,,,,,0.0,0.0,4.023,0.0,0.0,,,,,,,,,
105.5,1,isocontour,11.283791670955125,26822.61,56.44,12.5,16.3,1.002,-2.7,-1.2,3.0,-4.0,-18.3,1.108,21,9,0,0,9
105.5,2,isocontour,11.283791670955125,25765.6,54.22,5.3,19.8,1.004,-2.6,0.6,2.7,-4.5,-18.1,1.113,21,7,0,0,7
105.5,3,isocontour,11.283791670955125,25833.55,54.36,10.1,18.2,0.989,-4.0,1.5,4.3,-4.0,-18.3,1.108,21,7,0,0,7
105.5,4,isocontour,11.283791670955125,31259.51,65.78,16.1,13.2,0.986,-0.3,-0.0,0.3,-4.0,-18.3,1.108,21,8,0,0,8
105.5,5,isocontour,11.283791670955125,29315.81,61.69,12.6,14.7,1.071,-0.7,1.6,1.7,-4.0,-18.3,1.108,21,9,0,0,9
105.5,6,isocontour,11.283791670955125,30751.58,64.71,13.4,15.0,1.027,-0.9,0.1,0.9,-4.0,-18.3,1.108,21,9,0,0,9
105.5,7,isocontour,11.283791670955125,28731.42,60.46,-15.6,13.8,0.987,0.2,-2.4,2.4,-4.5,-18.1,1.113,21,4,0,0,4
105.5,8,isocontour,11.283791670955125,31069.85,65.38,13.1,14.3,1.067,-2.0,1.8,2.7,-4.0,-18.3,1.108,21,9,0,0,9
105.5,9,isocontour,11.283791670955125,29055.65,61.14,19.2,8.0,0.987,0.6,1.6,1.7,-4.0,-18.3,1.108,21,8,0,0,8
105.5,10,isocontour,11.283791670955125,28963.36,60.95,17.6,6.9,1.098,0.8,-2.9,3.0,-4.0,-18.3,1.108,21,8,0,0,8
105.5,11,isocontour,11.283791670955125,31101.08,65.45,-17.3,-9.0,1.065,1.6,-0.7,1.7,-4.5,-18.1,1.113,21,3,0,0,3
105.5,12,isocontour,11.283791670955125,28447.22,59.86,-12.8,-16.1,1.003,0.4,0.9,1.0,-4.5,-18.1,1.113,21,3,0,0,3
105.5,13,isocontour,11.283791670955125,26636.37,56.05,20.6,-1.8,0.995,-0.0,-0.9,0.9,-4.0,-18.3,1.108,21,2,0,0,2
105.5,14,isocontour,11.283791670955125,29307.58,61.67,8.9,-17.6,1.048,-1.7,0.1,1.7,-4.5,-18.1,1.113,21,2,0,0,2
105.5,15,isocontour,11.283791670955125,25697.08,54.08,-0.6,20.8,0.988,2.8,-1.0,3.0,-4.5,-18.1,1.113,21,2,0,0,2
105.5,16,isocontour,11.283791670955125,44719.17,94.11,-16.7,12.3,0.991,0.4,2.3,2.3,-4.5,-18.1,1.113,21,4,0,0,4
105.5,17,isocontour,11.283791670955125,27034.86,56.89,12.6,15.4,1.04,-0.9,0.3,0.9,-4.0,-18.3,1.108,21,9,0,0,9
105.5,18,isocontour,11.283791670955125,32088.82,67.53,-9.2,18.6,0.993,-0.5,-1.6,1.7,-4.5,-18.1,1.113,21,4,0,0,4
105.5,19,isocontour,11.283791670955125,27963.23,58.85,-20.5,-2.5,0.994,0.7,-1.5,1.7,-4.5,-18.1,1.113,21,3,0,0,3
105.5,20,isocontour,11.283791670955125,29370.22,61.81,14.0,-15.4,0.985,-2.7,-0.1,2.7,-4.5,-18.1,1.113,21,1,0,0,1
105.5,21,isocontour,11.283791670955125,29208.12,61.46,-4.7,-18.3,1.102,-2.5,1.2,2.8,-4.5,-18.1,1.113,21,2,0,0,2
105.5,22,isocontour,11.283791670955125,31563.39,66.42,-18.6,-9.6,0.982,1.4,-2.0,2.4,-4.5,-18.1,1.113,21,3,0,0,3
105.5,23,isocontour,11.283791670955125,31677.1,66.66,-19.6,6.4,0.997,-0.1,1.9,1.9,-4.5,-18.1,1.113,21,4,0,0,4
105.5,24,isocontour,11.283791670955125,29777.35,62.66,3.5,-20.6,0.98,-0.5,-2.7,2.7,-4.5,-18.1,1.113,21,2,0,0,2
105.5,25,isocontour,11.283791670955125,29586.65,62.26,-15.1,12.9,1.042,-0.0,-1.6,1.6,-4.5,-18.1,1.113,21,4,0,0,4
105.5,Target,,,,,0.0,0.0,4.023,0.0,0.0,,,,,,,,,
105.6,1,isocontour,11.283791670955125,26803.77,56.41,12.6,16.1,1.008,1.4,-2.0,2.4,-4.5,-18.1,1.113,21,9,0,0,9
105.6,2,isocontour,11.283791670955125,25733.15,54.15,5.0,20.0,1.0,-2.4,1.7,2.9,-4.5,-18.1,1.113,21,7,0,0,7
105.6,3,isocontour,11.283791670955125,25820.78,54.34,10.1,18.1,0.992,1.4,-1.6,2.1,-4.5,-18.1,1.113,21,8,0,0,8
105.6,4,isocontour,11.283791670955125,31256.44,65.78,16.0,13.2,0.991,-1.3,-0.1,1.3,-4.0,-18.3,1.108,21,8,0,0,8
105.6,5,isocontour,11.283791670955125,29304.07,61.67,12.5,14.9,1.065,-0.5,2.0,2.1,-4.5,-18.1,1.113,21,9,0,0,9
105.6,6,isocontour,11.283791670955125,30728.83,64.67,13.1,15.1,1.033,-2.5,0.7,2.6,-4.5,-18.1,1.113,21,9,0,0,9
105.6,7,isocontour,11.283791670955125,28728.14,60.45,-15.5,13.7,0.994,0.2,-1.3,1.3,-4.5,-18.1,1.113,21,4,0,0,4
105.6,8,isocontour,11.283791670955125,31055.8,65.35,12.9,14.4,1.071,-2.1,0.7,2.2,-4.5,-18.1,1.113,21,9,0,0,9
105.6,9,isocontour,11.283791670955125,29055.13,61.14,19.3,8.0,0.985,0.4,-0.6,0.7,-4.0,-18.3,1.108,21,8,0,0,8
105.6,10,isocontour,11.283791670955125,28961.26,60.95,17.6,6.9,1.103,-1.1,0.5,1.2,-4.0,-18.3,1.108,21,8,0,0,8
105.6,11,isocontour,11.283791670955125,31099.29,65.44,-17.2,-9.1,1.068,0.8,-0.7,1.1,-4.5,-18.1,1.113,21,3,0,0,3
105.6,12,isocontour,11.283791670955125,28442.11,59.85,-12.9,-16.0,1.001,-1.5,0.5,1.6,-4.5,-18.1,1.113,21,3,0,0,3
105.6,13,isocontour,11.283791670955125,26635.27,56.05,20.6,-1.7,0.997,-0.2,0.9,0.9,-4.0,-18.3,1.108,21,2,0,0,2
105.6,14,isocontour,11.283791670955125,29306.65,61.67,8.9,-17.6,1.049,0.8,0.4,0.9,-4.5,-18.1,1.113,21,2,0,0,2
105.6,15,isocontour,11.283791670955125,25666.25,54.01,-0.3,20.7,0.995,2.6,-1.3,2.9,-4.5,-18.1,1.113,21,3,0,0,3
105.6,16,isocontour,11.283791670955125,44603.52,93.86,-17.1,12.2,0.979,-4.2,-1.6,4.5,-4.5,-18.1,1.113,21,4,0,0,4
105.6,17,isocontour,11.283791670955125,27013.63,56.85,12.5,15.5,1.039,-1.7,1.9,2.5,-4.5,-18.1,1.113,21,9,0,0,9
105.6,18,isocontour,11.283791670955125,32086.5,67.52,-9.1,18.6,0.99,0.5,1.1,1.2,-4.5,-18.1,1.113,21,4,0,0,4
105.6,19,isocontour,11.283791670955125,27961.03,58.84,-20.6,-2.5,0.99,-1.1,0.5,1.2,-4.5,-18.1,1.113,21,3,0,0,3
105.6,20,isocontour,11.283791670955125,29367.15,61.8,13.9,-15.4,0.99,-1.3,-0.2,1.3,-4.5,-18.1,1.113,21,1,0,0,1
105.6,21,isocontour,11.283791670955125,29180.95,61.41,-5.0,-18.2,1.102,-2.7,0.7,2.8,-4.5,-18.1,1.113,21,2,0,0,2
105.6,22,isocontour,11.283791670955125,31526.47,66.34,-18.3,-9.8,0.991,2.7,-1.4,3.0,-4.5,-18.1,1.113,21,3,0,0,3
105.6,23,isocontour,11.283791670955125,31666.33,66.64,-19.8,6.5,0.987,-1.9,0.8,2.1,-4.5,-18.1,1.113,21,4,0,0,4
105.6,24,isocontour,11.283791670955125,29776.51,62.66,3.5,-20.6,0.982,-0.3,0.8,0.9,-4.5,-18.1,1.113,21,2,0,0,2
105.6,25,isocontour,11.283791670955125,29562.3,62.21,-15.2,12.7,1.049,-0.6,-2.6,2.7,-4.5,-18.1,1.113,21,4,0,0,4
105.6,Target,,,,,0.0,0.0,4.023,0.0,0.0,,,,,,,,,
105.7,1,isocontour,11.283791670955125,26780.75,56.36,12.8,16.2,0.996,2.1,1.6,2.6,-4.5,-18.1,1.113,21,9,0,0,9
105.7,2,isocontour,11.283791670955125,25707.98,54.1,4.8,20.1,0.994,-2.2,1.5,2.7,-4.5,-18.1,1.113,21,7,0,0,7
105.7,3,isocontour,11.283791670955125,25794.19,54.28,10.4,18.1,0.985,2.7,0.3,2.7,-4.5,-18.1,1.113,21,8,0,0,8
105.7,4,isocontour,11.283791670955125,31251.61,65.77,16.0,13.1,0.995,0.4,-1.5,1.6,-4.5,-18.1,1.113,21,8,0,0,8
105.7,5,isocontour,11.283791670955125,29300.19,61.66,12.4,14.9,1.069,-1.4,-0.1,1.4,-4.5,-18.1,1.113,21,9,0,0,9
105.7,6,isocontour,11.283791670955125,30714.4,64.63,12.9,15.1,1.042,-2.2,-0.0,2.2,-4.5,-18.1,1.113,21,9,0,0,9
105.7,7,isocontour,11.283791670955125,28726.97,60.45,-15.4,13.7,0.998,1.0,0.1,1.0,-4.5,-18.1,1.113,21,4,0,0,4
105.7,8,isocontour,11.283791670955125,31049.45,65.34,12.8,14.6,1.07,-0.9,1.5,1.7,-4.5,-18.1,1.113,21,9,0,0,9
105.7,9,isocontour,11.283791670955125,29028.25,61.09,19.1,7.9,0.998,-2.6,-1.0,2.8,-4.5,-18.1,1.113,21,8,0,0,8
105.7,10,isocontour,11.283791670955125,28945.03,60.91,17.4,6.7,1.115,-1.5,-1.8,2.3,-4.5,-18.1,1.113,21,8,0,0,8
105.7,11,isocontour,11.283791670955125,31083.27,65.41,-17.0,-9.2,1.074,2.0,-1.2,2.3,-4.5,-18.1,1.113,21,3,0,0,3
105.7,12,isocontour,11.283791670955125,28353.9,59.67,-12.9,-16.3,0.989,1.1,-4.0,4.1,-4.5,-18.1,1.113,21,3,0,0,3
105.7,13,isocontour,11.283791670955125,26634.17,56.05,20.6,-1.6,0.998,-0.2,0.9,0.9,-4.0,-18.3,1.108,21,2,0,0,2
105.7,14,isocontour,11.283791670955125,29291.83,61.64,9.1,-17.5,1.052,1.7,1.5,2.3,-4.5,-18.1,1.113,21,2,0,0,2
105.7,15,isocontour,11.283791670955125,25665.44,54.01,-0.4,20.7,0.995,-0.8,0.1,0.8,-4.5,-18.1,1.113,21,3,0,0,3
105.7,16,isocontour,11.283791670955125,44602.7,93.86,-17.2,12.1,0.976,-0.5,-0.7,0.9,-4.5,-18.1,1.113,21,4,0,0,4
105.7,17,isocontour,11.283791670955125,27003.33,56.83,12.3,15.5,1.045,-2.0,-0.2,2.0,-4.5,-18.1,1.113,21,9,0,0,9
105.7,18,isocontour,11.283791670955125,32072.82,67.49,-9.0,18.8,0.984,1.1,1.9,2.2,-4.5,-18.1,1.113,21,4,0,0,4
105.7,19,isocontour,11.283791670955125,27880.89,58.67,-20.7,-2.1,0.99,-0.3,4.0,4.0,-4.5,-18.1,1.113,21,3,0,0,3
105.7,20,isocontour,11.283791670955125,29366.36,61.8,13.9,-15.5,0.987,0.4,-0.8,0.9,-4.5,-18.1,1.113,21,1,0,0,1
105.7,21,isocontour,11.283791670955125,29155.78,61.35,-5.2,-18.1,1.101,-2.7,0.5,2.7,-4.5,-18.1,1.113,21,2,0,0,2
105.7,22,isocontour,11.283791670955125,31509.19,66.31,-18.4,-9.7,0.987,-1.9,1.4,2.4,-4.5,-18.1,1.113,21,3,0,0,3
105.7,23,isocontour,11.283791670955125,31664.59,66.63,-19.7,6.5,0.99,1.1,0.2,1.1,-4.5,-18.1,1.113,21,4,0,0,4
105.7,24,isocontour,11.283791670955125,29759.44,62.63,3.6,-20.4,0.991,1.2,2.0,2.3,-4.5,-18.1,1.113,21,2,0,0,2
105.7,25,isocontour,11.283791670955125,29557.47,62.2,-15.0,12.7,1.052,1.3,0.8,1.5,-4.5,-18.1,1.113,21,4,0,0,4
105.7,Target,,,,,0.0,0.0,4.023,0.0,0.0,,,,,,,,,
105.8,1,isocontour,11.283791670955125,26698.19,56.18,12.9,16.5,0.977,0.9,3.9,4.0,17.4,6.7,1.115,10,9,0,0,9
105.8,2,isocontour,11.283791670955125,25593.09,53.86,4.5,20.4,0.984,-3.5,2.8,4.5,-4.5,-18.1,1.113,21,7,0,0,7
105.8,3,isocontour,11.283791670955125,25774.65,54.24,10.2,18.2,0.985,-2.2,1.1,2.5,-4.5,-18.1,1.113,21,8,0,0,8
105.8,4,isocontour,11.283791670955125,31234.33,65.73,16.1,13.2,0.984,1.5,1.8,2.3,17.4,6.7,1.115,10,8,0,0,8
105.8,5,isocontour,11.283791670955125,29295.89,61.65,12.3,14.8,1.077,-0.7,-1.3,1.5,17.4,6.7,1.115,10,9,0,0,9
105.8,6,isocontour,11.283791670955125,30712.45,64.63,13.0,15.1,1.038,1.1,0.3,1.1,17.4,6.7,1.115,10,9,0,0,9
105.8,7,isocontour,11.283791670955125,28722.93,60.44,-15.4,13.8,0.998,0.9,1.1,1.4,-4.5,-18.1,1.113,21,4,0,0,4
105.8,8,isocontour,11.283791670955125,30938.34,65.11,12.9,14.2,1.081,1.3,-4.3,4.5,17.4,6.7,1.115,10,9,0,0,9
105.8,9,isocontour,11.283791670955125,29017.64,61.06,19.1,7.7,0.999,0.9,-1.8,2.0,17.4,6.7,1.115,10,8,0,0,8
105.8,10,isocontour,11.283791670955125,28917.28,60.85,17.5,6.9,1.103,1.9,2.0,2.8,17.5,6.9,1.115,10,8,0,0,8
105.8,11,isocontour,11.283791670955125,31065.55,65.37,-17.1,-9.1,1.068,-2.1,1.1,2.4,-4.5,-18.1,1.113,21,3,0,0,3
105.8,12,isocontour,11.283791670955125,28331.92,59.62,-13.0,-16.2,0.988,-1.9,1.8,2.6,-4.5,-18.1,1.113,21,3,0,0,3
105.8,13,isocontour,11.283791670955125,26613.19,56.0,20.6,-1.8,0.997,0.1,-2.5,2.5,17.4,6.7,1.115,10,2,0,0,2
105.8,14,isocontour,11.283791670955125,29290.17,61.64,9.0,-17.5,1.051,-0.8,-0.8,1.1,-4.5,-18.1,1.113,21,2,0,0,2
105.8,15,isocontour,11.283791670955125,25525.18,53.71,-0.8,20.7,0.993,-4.8,0.3,4.8,-4.5,-18.1,1.113,21,3,0,0,3
105.8,16,isocontour,11.283791670955125,44601.22,93.86,-17.1,12.2,0.978,0.9,0.5,1.0,-4.5,-18.1,1.113,21,4,0,0,4
105.8,17,isocontour,11.283791670955125,26979.26,56.77,12.3,15.3,1.053,1.0,-2.5,2.7,17.4,6.7,1.115,10,9,0,0,9
105.8,18,isocontour,11.283791670955125,32067.81,67.48,-8.9,18.8,0.989,1.3,-0.9,1.6,-4.5,-18.1,1.113,21,4,0,0,4
105.8,19,isocontour,11.283791670955125,27777.81,58.45,-20.7,-1.7,0.992,0.1,4.3,4.3,-4.5,-18.1,1.113,21,3,0,0,3
105.8,20,isocontour,11.283791670955125,29365.97,61.8,14.0,-15.5,0.985,0.6,0.2,0.6,-4.5,-18.1,1.113,21,1,0,0,1
105.8,21,isocontour,11.283791670955125,29151.39,61.35,-5.2,-18.2,1.097,1.1,-1.0,1.5,-4.5,-18.1,1.113,21,2,0,0,2
105.8,22,isocontour,11.283791670955125,31506.51,66.3,-18.4,-9.8,0.984,0.0,-1.3,1.3,-4.5,-18.1,1.113,21,3,0,0,3
105.8,23,isocontour,11.283791670955125,31663.34,66.63,-19.7,6.5,0.992,0.6,0.8,1.0,-4.5,-18.1,1.113,21,4,0,0,4
105.8,24,isocontour,11.283791670955125,29759.05,62.62,3.6,-20.4,0.992,0.7,-0.0,0.7,-4.5,-18.1,1.113,21,2,0,0,2
105.8,25,isocontour,11.283791670955125,29550.89,62.19,-15.1,12.8,1.045,-0.7,1.6,1.7,-4.5,-18.1,1.113,21,4,0,0,4
105.8,Target,,,,,0.0,0.0,4.023,0.0,0.0,,,,,,,,,
105.9,1,isocontour,11.283791670955125,26697.96,56.18,13.0,16.6,0.973,0.5,-0.2,0.5,17.4,6.7,1.115,10,9,0,0,9
105.9,2,isocontour,11.283791670955125,25591.88,53.85,4.5,20.3,0.986,0.4,-0.9,1.0,17.4,6.7,1.115,10,7,0,0,7
105.9,3,isocontour,11.283791670955125,25768.41,54.23,10.2,18.1,0.991,0.3,-1.7,1.7,17.4,6.7,1.115,10,7,0,0,7
105.9,4,isocontour,11.283791670955125,31160.06,65.57,16.4,13.1,0.976,3.4,-1.9,3.9,17.4,6.7,1.115,10,8,0,0,8
105.9,5,isocontour,11.283791670955125,29243.59,61.54,12.3,14.5,1.09,0.6,-3.4,3.5,17.4,6.7,1.115,10,9,0,0,9
105.9,6,isocontour,11.283791670955125,30690.22,64.58,13.2,15.0,1.035,2.2,-1.4,2.6,17.4,6.7,1.115,10,9,0,0,9
105.9,7,isocontour,11.283791670955125,28717.62,60.43,-15.4,13.9,0.99,-1.1,1.2,1.6,-4.5,-18.1,1.113,21,4,0,0,4
105.9,8,isocontour,11.283791670955125,30917.36,65.06,13.0,13.9,1.089,0.9,-2.4,2.6,17.4,6.7,1.115,10,9,0,0,9
105.9,9,isocontour,11.283791670955125,29005.4,61.04,19.2,7.8,0.991,1.0,1.9,2.1,17.4,6.7,1.115,10,8,0,0,8
105.9,10,isocontour,11.283791670955125,28915.48,60.85,17.7,6.9,1.096,1.1,-0.1,1.1,17.4,6.7,1.115,10,8,0,0,8
105.9,11,isocontour,11.283791670955125,31060.43,65.36,-17.3,-9.0,1.063,-1.4,0.8,1.6,-4.5,-18.1,1.113,21,3,0,0,3
105.9,12,isocontour,11.283791670955125,28330.6,59.62,-13.0,-16.1,0.992,0.2,1.0,1.0,-4.5,-18.1,1.113,21,3,0,0,3
105.9,13,isocontour,11.283791670955125,26591.96,55.96,20.6,-2.1,0.994,0.3,-2.5,2.5,17.4,6.7,1.115,10,2,0,0,2
105.9,14,isocontour,11.283791670955125,29261.82,61.58,8.8,-17.7,1.047,-2.2,-1.8,2.8,-4.5,-18.1,1.113,21,2,0,0,2
105.9,15,isocontour,11.283791670955125,25494.98,53.65,-1.1,20.7,0.99,-2.8,0.4,2.8,-4.5,-18.1,1.113,21,3,0,0,3
105.9,16,isocontour,11.283791670955125,44589.14,93.83,-17.0,12.3,0.98,1.4,1.6,2.1,-4.5,-18.1,1.113,21,4,0,0,4
105.9,17,isocontour,11.283791670955125,26979.04,56.77,12.4,15.3,1.053,0.5,0.0,0.5,17.4,6.7,1.115,10,9,0,0,9
105.9,18,isocontour,11.283791670955125,32062.4,67.47,-8.9,18.6,0.996,-0.4,-1.6,1.6,-4.5,-18.1,1.113,21,4,0,0,4
105.9,19,isocontour,11.283791670955125,27742.3,58.38,-20.7,-1.9,0.991,0.0,-3.0,3.0,-4.5,-18.1,1.113,21,3,0,0,3
105.9,20,isocontour,11.283791670955125,29360.77,61.79,13.8,-15.5,0.99,-1.6,0.1,1.6,-4.5,-18.1,1.113,21,1,0,0,1
105.9,21,isocontour,11.283791670955125,29121.51,61.28,-4.9,-18.3,1.096,2.7,-0.9,2.8,-4.5,-18.1,1.113,21,2,0,0,2
105.9,22,isocontour,11.283791670955125,31476.0,66.24,-18.3,-9.6,0.994,1.3,2.6,2.9,-4.5,-18.1,1.113,21,3,0,0,3
105.9,23,isocontour,11.283791670955125,31654.91,66.61,-19.8,6.5,0.985,-1.8,-0.5,1.9,-4.5,-18.1,1.113,21,4,0,0,4
105.9,24,isocontour,11.283791670955125,29755.16,62.62,3.6,-20.5,0.988,-1.0,-1.0,1.4,-4.5,-18.1,1.113,21,2,0,0,2
105.9,25,isocontour,11.283791670955125,29550.28,62.18,-15.2,12.9,1.04,-0.7,0.3,0.8,-4.5,-18.1,1.113,21,4,0,0,4
105.9,Target,,,,,0.0,0.0,4.023,0.0,0.0,,,,,,,,,
106.0,1,isocontour,11.283791670955125,26690.92,56.17,13.1,16.5,0.977,0.8,-1.6,1.8,13.1,16.5,0.973,1,9,0,0,9
106.0,2,isocontour,11.283791670955125,25588.0,53.85,4.5,20.2,0.992,0.7,-1.3,1.5,4.5,20.2,0.986,2,7,0,0,7
106.0,3,isocontour,11.283791670955125,25767.75,54.23,10.2,18.0,0.994,-0.8,-0.1,0.8,10.2,18.0,0.991,3,7,0,0,7
106.0,4,isocontour,11.283791670955125,31157.06,65.57,16.4,13.0,0.981,-1.1,-0.8,1.4,16.4,13.0,0.976,4,8,0,0,8
106.0,5,isocontour,11.283791670955125,29223.34,61.5,12.6,14.5,1.083,2.5,0.1,2.5,12.6,14.5,1.09,5,9,0,0,9
106.0,6,isocontour,11.283791670955125,30686.79,64.58,13.2,14.9,1.041,-0.5,-1.3,1.4,13.2,14.9,1.035,6,9,0,0,9
106.0,7,isocontour,11.283791670955125,28652.65,60.3,-15.8,13.9,0.976,-3.7,0.2,3.7,-15.8,13.9,0.99,7,4,0,0,4
106.0,8,isocontour,11.283791670955125,30908.93,65.04,12.9,14.0,1.089,-1.3,1.4,1.9,12.9,14.0,1.089,8,9,0,0,9
106.0,9,isocontour,11.283791670955125,28997.23,61.02,19.4,7.9,0.982,1.8,0.2,1.8,19.4,7.9,0.991,9,8,0,0,8
106.0,10,isocontour,11.283791670955125,28886.52,60.79,17.8,6.7,1.092,1.4,-2.5,2.9,17.8,6.7,1.096,10,8,0,0,8
106.0,11,isocontour,11.283791670955125,31057.37,65.36,-17.2,-9.1,1.062,0.6,-1.2,1.3,-17.2,-9.1,1.063,11,3,0,0,3
106.0,12,isocontour,11.283791670955125,28321.33,59.6,-13.0,-16.3,0.988,0.6,-1.8,1.9,-13.0,-16.3,0.992,12,3,0,0,3
106.0,13,isocontour,11.283791670955125,26591.44,55.96,20.6,-2.2,0.992,0.3,-0.7,0.8,20.6,-2.2,0.994,13,2,0,0,2
106.0,14,isocontour,11.283791670955125,29238.54,61.53,9.0,-17.8,1.037,2.4,-1.0,2.6,9.0,-17.8,1.047,14,2,0,0,2
106.0,15,isocontour,11.283791670955125,25444.47,53.54,-0.9,20.9,0.98,2.6,2.2,3.4,-0.9,20.9,0.99,15,2,0,0,2
106.0,16,isocontour,11.283791670955125,44585.18,93.82,-16.9,12.4,0.98,0.8,1.2,1.4,-16.9,12.4,0.98,16,4,0,0,4
106.0,17,isocontour,11.283791670955125,26976.43,56.77,12.4,15.2,1.055,0.6,-1.1,1.3,12.4,15.2,1.053,17,9,0,0,9
106.0,18,isocontour,11.283791670955125,32061.64,67.47,-8.9,18.6,0.998,0.8,0.1,0.8,-8.9,18.6,0.996,18,4,0,0,4
106.0,19,isocontour,11.283791670955125,27645.49,58.18,-20.8,-1.6,0.985,-1.7,3.9,4.3,-20.8,-1.6,0.991,19,3,0,0,3
106.0,20,isocontour,11.283791670955125,29360.24,61.79,13.9,-15.5,0.988,0.6,-0.4,0.7,13.9,-15.5,0.99,20,1,0,0,1
106.0,21,isocontour,11.283791670955125,29112.94,61.26,-5.0,-18.4,1.091,-1.9,-0.3,1.9,-5.0,-18.4,1.096,21,2,0,0,2
106.0,22,isocontour,11.283791670955125,31453.76,66.19,-18.5,-9.6,0.984,-2.5,-0.8,2.6,-18.5,-9.6,0.994,22,3,0,0,3
106.0,23,isocontour,11.283791670955125,31625.33,66.55,-19.8,6.3,0.991,0.7,-2.8,2.9,-19.8,6.3,0.985,23,4,0,0,4
106.0,24,isocontour,11.283791670955125,29748.81,62.6,3.5,-20.4,0.995,-0.7,1.6,1.7,3.5,-20.4,0.988,24,2,0,0,2
106.0,25,isocontour,11.283791670955125,29526.74,62.14,-15.0,13.1,1.038,1.6,2.1,2.6,-15.0,13.1,1.04,25,4,0,0,4
106.0,Target,,,,,0.0,0.0,4.023,0.0,0.0,,,,,,,,,
106.1,1,isocontour,11.283791670955125,26677.79,56.14,12.9,16.5,0.982,-2.1,0.3,2.1,17.8,6.7,1.096,10,9,0,0,9
106.1,2,isocontour,11.283791670955125,25566.52,53.8,4.3,20.3,0.992,-2.4,0.8,2.5,12.6,14.5,1.09,5,7,0,0,7
106.1,3,isocontour,11.283791670955125,25762.64,54.21,10.2,18.1,0.987,0.6,1.5,1.6,12.6,14.5,1.09,5,7,0,0,7
106.1,4,isocontour,11.283791670955125,31145.65,65.54,16.2,13.0,0.99,-2.1,-0.2,2.1,17.8,6.7,1.096,10,8,0,0,8
106.1,5,isocontour,11.283791670955125,29220.34,61.49,12.6,14.6,1.077,-0.1,1.3,1.3,17.8,6.7,1.096,10,9,0,0,9
106.1,6,isocontour,11.283791670955125,30669.07,64.54,13.0,15.0,1.041,-1.6,1.8,2.4,17.8,6.7,1.096,10,9,0,0,9
106.1,7,isocontour,11.283791670955125,28651.62,60.29,-15.9,14.0,0.969,-0.7,0.5,0.9,-15.0,13.1,1.04,25,4,0,0,4
106.1,8,isocontour,11.283791670955125,30908.14,65.04,12.9,14.1,1.087,-0.2,0.8,0.8,17.8,6.7,1.096,10,9,0,0,9
106.1,9,isocontour,11.283791670955125,28932.78,60.89,19.5,7.6,0.981,1.2,-3.5,3.7,17.8,6.7,1.096,10,8,0,0,8
106.1,10,isocontour,11.283791670955125,28885.08,60.79,17.7,6.7,1.095,-0.9,0.5,1.0,17.7,6.7,1.096,10,8,0,0,8
106.1,11,isocontour,11.283791670955125,31049.33,65.34,-17.1,-9.2,1.066,1.4,-1.2,1.8,-17.1,-9.2,1.063,11,3,0,0,3
106.1,12,isocontour,11.283791670955125,28296.16,59.55,-13.1,-16.2,0.988,-2.0,1.8,2.7,-5.0,-18.4,1.096,21,3,0,0,3
106.1,13,isocontour,11.283791670955125,26591.03,55.96,20.6,-2.2,0.991,-0.0,-0.7,0.7,17.8,6.7,1.096,10,2,0,0,2
106.1,14,isocontour,11.283791670955125,29237.63,61.53,9.0,-17.8,1.036,-0.8,-0.2,0.8,9.0,-17.8,1.047,14,2,0,0,2
106.1,15,isocontour,11.283791670955125,25438.65,53.53,-1.0,21.0,0.973,-1.2,1.1,1.6,-8.9,18.6,0.998,18,2,0,0,2
106.1,16,isocontour,11.283791670955125,44554.66,93.76,-16.7,12.6,0.981,2.0,2.1,2.9,-15.0,13.1,1.04,25,4,0,0,4
106.1,17,isocontour,11.283791670955125,26975.98,56.77,12.4,15.2,1.055,-0.5,0.5,0.7,17.8,6.7,1.096,10,9,0,0,9
106.1,18,isocontour,11.283791670955125,32054.47,67.45,-9.0,18.7,0.992,-1.6,0.7,1.7,-15.0,13.1,1.04,25,4,0,0,4
106.1,19,isocontour,11.283791670955125,27632.54,58.15,-20.9,-1.4,0.981,-0.8,2.0,2.2,-17.2,-9.1,1.063,11,3,0,0,3
106.1,20,isocontour,11.283791670955125,29359.72,61.78,13.9,-15.5,0.989,0.2,0.7,0.7,9.0,-17.8,1.047,14,1,0,0,1
106.1,21,isocontour,11.283791670955125,29088.04,61.21,-4.8,-18.4,1.093,2.7,-0.3,2.7,-4.8,-18.4,1.096,21,2,0,0,2
106.1,22,isocontour,11.283791670955125,31444.35,66.17,-18.6,-9.8,0.978,0.1,-1.9,1.9,-17.2,-9.1,1.063,11,3,0,0,3
106.1,23,isocontour,11.283791670955125,31622.9,66.55,-19.7,6.3,0.994,0.7,1.0,1.2,-15.0,13.1,1.04,25,4,0,0,4
106.1,24,isocontour,11.283791670955125,29748.42,62.6,3.5,-20.4,0.995,0.7,-0.1,0.7,-5.0,-18.4,1.096,21,2,0,0,2
106.1,25,isocontour,11.283791670955125,29524.69,62.13,-15.0,13.2,1.037,0.6,1.0,1.2,-15.0,13.2,1.04,25,4,0,0,4
106.1,Target,,,,,0.0,0.0,4.023,0.0,0.0,,,,,,,,,
106.2,1,isocontour,11.283791670955125,26677.05,56.14,12.8,16.5,0.986,-0.8,-0.0,0.8,17.8,6.7,1.096,10,9,0,0,9
106.2,2,isocontour,11.283791670955125,25564.77,53.8,4.3,20.4,0.987,-0.5,1.0,1.1,17.8,6.7,1.096,10,7,0,0,7
106.2,3,isocontour,11.283791670955125,25762.09,54.21,10.2,18.1,0.989,0.1,-0.7,0.7,17.8,6.7,1.096,10,7,0,0,7
106.2,4,isocontour,11.283791670955125,31140.53,65.53,16.1,12.9,0.998,-1.4,-0.7,1.6,17.8,6.7,1.096,10,8,0,0,8
106.2,5,isocontour,11.283791670955125,29219.68,61.49,12.6,14.7,1.074,-0.2,0.8,0.8,17.8,6.7,1.096,10,9,0,0,9
106.2,6,isocontour,11.283791670955125,30651.35,64.5,12.8,15.1,1.047,-2.4,0.4,2.4,17.8,6.7,1.096,10,9,0,0,9
106.2,7,isocontour,11.283791670955125,28649.36,60.29,-15.9,13.9,0.973,0.5,-1.1,1.2,-15.0,13.1,1.04,25,4,0,0,4
106.2,8,isocontour,11.283791670955125,30905.76,65.04,12.9,14.0,1.088,0.6,-1.1,1.3,17.8,6.7,1.096,10,9,0,0,9
106.2,9,isocontour,11.283791670955125,28898.66,60.81,19.3,7.6,0.993,-2.9,0.5,2.9,17.8,6.7,1.096,10,8,0,0,8
106.2,10,isocontour,11.283791670955125,28868.64,60.75,17.7,6.9,1.091,0.1,2.3,2.3,17.8,6.7,1.096,10,8,0,0,8
106.2,11,isocontour,11.283791670955125,31042.97,65.33,-17.0,-9.3,1.07,1.3,-1.1,1.7,-5.0,-18.4,1.096,21,3,0,0,3
106.2,12,isocontour,11.283791670955125,28286.46,59.53,-13.0,-16.0,0.997,1.6,1.1,1.9,-5.0,-18.4,1.096,21,3,0,0,3
106.2,13,isocontour,11.283791670955125,26590.61,55.96,20.6,-2.3,0.992,-0.1,-0.7,0.7,17.8,6.7,1.096,10,2,0,0,2
106.2,14,isocontour,11.283791670955125,29214.09,61.48,8.7,-17.8,1.041,-2.6,-0.3,2.6,-5.0,-18.4,1.096,21,2,0,0,2
106.2,15,isocontour,11.283791670955125,25418.88,53.49,-1.2,20.9,0.979,-1.9,-1.6,2.5,12.6,14.5,1.09,5,2,0,0,2
106.2,16,isocontour,11.283791670955125,44540.61,93.73,-16.5,12.7,0.99,2.2,0.1,2.2,-15.0,13.1,1.04,25,4,0,0,4
106.2,17,isocontour,11.283791670955125,26962.67,56.74,12.3,15.4,1.051,-1.2,1.8,2.2,17.8,6.7,1.096,10,9,0,0,9
106.2,18,isocontour,11.283791670955125,32048.23,67.44,-9.2,18.7,0.985,-1.6,0.7,1.7,-15.0,13.1,1.04,25,4,0,0,4
106.2,19,isocontour,11.283791670955125,27631.22,58.15,-20.8,-1.3,0.984,0.7,0.7,1.0,-17.1,-9.2,1.066,11,3,0,0,3
106.2,20,isocontour,11.283791670955125,29347.64,61.76,13.8,-15.6,0.988,-1.3,-1.6,2.1,9.0,-17.8,1.047,14,1,0,0,1
106.2,21,isocontour,11.283791670955125,29085.84,61.21,-4.7,-18.5,1.09,0.8,-0.9,1.2,-5.0,-18.4,1.096,21,2,0,0,2
106.2,22,isocontour,11.283791670955125,31414.46,66.11,-18.3,-9.9,0.985,2.5,-1.3,2.8,-5.0,-18.4,1.096,21,3,0,0,3
106.2,23,isocontour,11.283791670955125,31596.31,66.49,-19.8,6.1,0.991,-1.6,-2.3,2.8,-17.2,-9.1,1.063,11,4,0,0,4
106.2,24,isocontour,11.283791670955125,29746.32,62.6,3.5,-20.4,0.994,-1.1,-0.4,1.2,-5.0,-18.4,1.096,21,2,0,0,2
106.2,25,isocontour,11.283791670955125,29493.54,62.07,-15.1,13.0,1.041,-1.2,-2.6,2.9,-15.0,13.1,1.04,25,4,0,0,4
106.2,Target,,,,,0.0,0.0,4.023,0.0,0.0,,,,,,,,,
106.3,1,isocontour,11.283791670955125,26660.82,56.1,12.8,16.3,0.994,0.3,-2.3,2.3,17.8,6.7,1.096,10,9,0,0,9
106.3,2,isocontour,11.283791670955125,25562.1,53.79,4.3,20.4,0.983,1.2,0.5,1.3,17.8,6.7,1.096,10,7,0,0,7
106.3,3,isocontour,11.283791670955125,25754.06,54.2,10.3,17.9,0.995,0.6,-1.7,1.8,17.8,6.7,1.096,10,7,0,0,7
106.3,4,isocontour,11.283791670955125,31119.3,65.49,15.9,13.1,0.999,-1.6,2.0,2.6,17.8,6.7,1.096,10,8,0,0,8
106.3,5,isocontour,11.283791670955125,29162.25,61.37,12.7,14.4,1.079,1.9,-3.0,3.6,17.8,6.7,1.096,10,9,0,0,9
106.3,6,isocontour,11.283791670955125,30643.82,64.49,12.9,15.0,1.044,1.8,-0.4,1.8,17.8,6.7,1.096,10,9,0,0,9
106.3,7,isocontour,11.283791670955125,28645.93,60.28,-15.9,13.7,0.976,-0.5,-1.3,1.4,-17.2,-9.1,1.063,11,4,0,0,4
106.3,8,isocontour,11.283791670955125,30890.35,65.0,13.1,13.9,1.089,1.6,-1.6,2.3,17.8,6.7,1.096,10,9,0,0,9
106.3,9,isocontour,11.283791670955125,28875.9,60.77,19.3,7.8,0.988,0.5,2.6,2.6,17.8,6.7,1.096,10,8,0,0,8
106.3,10,isocontour,11.283791670955125,28868.25,60.75,17.7,7.0,1.09,-0.2,0.6,0.6,17.8,6.7,1.096,10,8,0,0,8
106.3,11,isocontour,11.283791670955125,31017.24,65.27,-16.9,-9.6,1.067,0.7,-2.6,2.7,-5.0,-18.4,1.096,21,3,0,0,3
106.3,12,isocontour,11.283791670955125,28286.0,59.52,-13.0,-16.0,0.999,-0.4,0.6,0.7,-5.0,-18.4,1.096,21,3,0,0,3
106.3,13,isocontour,11.283791670955125,26589.9,55.96,20.6,-2.4,0.989,0.4,-0.7,0.8,17.8,6.7,1.096,10,2,0,0,2
106.3,14,isocontour,11.283791670955125,29183.26,61.41,8.5,-17.9,1.043,-2.7,-0.9,2.8,-5.0,-18.4,1.096,21,2,0,0,2
106.3,15,isocontour,11.283791670955125,25412.52,53.48,-1.2,20.8,0.988,0.2,-1.7,1.7,17.8,6.7,1.096,10,2,0,0,2
106.3,16,isocontour,11.283791670955125,44538.3,93.73,-16.5,12.6,0.991,-0.8,-0.9,1.2,-17.2,-9.1,1.063,11,4,0,0,4
106.3,17,isocontour,11.283791670955125,26928.55,56.67,12.5,15.3,1.048,2.6,-1.5,3.0,17.8,6.7,1.096,10,9,0,0,9
106.3,18,isocontour,11.283791670955125,32044.51,67.43,-9.3,18.7,0.982,-1.4,-0.2,1.4,12.6,14.5,1.09,5,4,0,0,4
106.3,19,isocontour,11.283791670955125,27623.57,58.13,-20.7,-1.3,0.993,1.8,-0.5,1.9,-5.0,-18.4,1.096,21,3,0,0,3
106.3,20,isocontour,11.283791670955125,29326.41,61.71,13.6,-15.8,0.987,-1.9,-1.8,2.6,-5.0,-18.4,1.096,21,1,0,0,1
106.3,21,isocontour,11.283791670955125,29054.36,61.14,-5.0,-18.4,1.087,-2.9,0.4,2.9,-5.0,-18.4,1.096,21,2,0,0,2
106.3,22,isocontour,11.283791670955125,31392.23,66.06,-18.2,-10.1,0.986,1.1,-2.3,2.5,-5.0,-18.4,1.096,21,3,0,0,3
106.3,23,isocontour,11.283791670955125,31570.29,66.44,-20.0,5.9,0.986,-1.6,-2.2,2.7,-17.1,-9.2,1.066,11,4,0,0,4
106.3,24,isocontour,11.283791670955125,29736.18,62.58,3.4,-20.6,0.986,-1.0,-1.7,2.0,-5.0,-18.4,1.096,21,2,0,0,2
106.3,25,isocontour,11.283791670955125,29462.07,62.0,-15.2,12.7,1.043,-1.7,-2.4,2.9,-17.2,-9.1,1.063,11,4,0,0,4
106.3,Target,,,,,0.0,0.0,4.023,0.0,0.0,,,,,,,,,
106.4,1,isocontour,11.283791670955125,26654.91,56.09,12.7,16.3,0.996,-1.3,1.0,1.6,17.8,6.7,1.096,10,9,0,0,9
106.4,2,isocontour,11.283791670955125,25523.72,53.71,4.6,20.3,0.987,2.7,-1.6,3.1,17.8,6.7,1.096,10,7,0,0,7
106.4,3,isocontour,11.283791670955125,25753.02,54.19,10.3,18.0,0.993,-0.4,0.8,0.9,17.8,6.7,1.096,10,7,0,0,7
106.4,4,isocontour,11.283791670955125,31069.23,65.38,16.1,13.0,0.991,3.2,-1.2,3.4,17.8,6.7,1.096,10,8,0,0,8
106.4,5,isocontour,11.283791670955125,29160.09,61.36,12.9,14.3,1.078,1.1,-0.5,1.2,17.8,6.7,1.096,10,9,0,0,9
106.4,6,isocontour,11.283791670955125,30490.97,64.16,13.3,14.8,1.038,4.3,-2.5,5.0,17.8,6.7,1.096,10,9,0,0,9
106.4,7,isocontour,11.283791670955125,28633.34,60.26,-15.8,13.6,0.987,1.2,-1.7,2.1,12.6,14.5,1.09,5,4,0,0,4
106.4,8,isocontour,11.283791670955125,30867.34,64.96,13.3,13.9,1.076,2.5,0.9,2.7,17.8,6.7,1.096,10,9,0,0,9
106.4,9,isocontour,11.283791670955125,28872.83,60.76,19.4,7.9,0.981,1.3,0.4,1.4,17.8,6.7,1.096,10,8,0,0,8
106.4,10,isocontour,11.283791670955125,28867.59,60.75,17.7,7.0,1.091,-0.5,0.6,0.8,17.8,6.7,1.096,10,8,0,0,8
106.4,11,isocontour,11.283791670955125,30984.13,65.2,-16.7,-9.8,1.07,2.1,-2.1,3.0,-5.0,-18.4,1.096,21,3,0,0,3
106.4,12,isocontour,11.283791670955125,28261.92,59.47,-13.0,-16.2,0.989,-0.0,-2.7,2.7,-5.0,-18.4,1.096,21,3,0,0,3
106.4,13,isocontour,11.283791670955125,26587.46,55.95,20.6,-2.3,0.992,-0.5,1.1,1.2,17.8,6.7,1.096,10,2,0,0,2
106.4,14,isocontour,11.283791670955125,29181.26,61.41,8.5,-18.0,1.038,0.3,-1.1,1.1,-5.0,-18.4,1.096,21,2,0,0,2
106.4,15,isocontour,11.283791670955125,25410.42,53.47,-1.1,20.7,0.991,1.2,-0.2,1.2,17.8,6.7,1.096,10,2,0,0,2
106.4,16,isocontour,11.283791670955125,44536.73,93.72,-16.5,12.6,0.99,0.5,0.9,1.0,12.6,14.5,1.09,5,4,0,0,4
106.4,17,isocontour,11.283791670955125,26928.12,56.67,12.5,15.3,1.049,-0.6,0.2,0.6,17.8,6.7,1.096,10,9,0,0,9
106.4,18,isocontour,11.283791670955125,32028.49,67.4,-9.3,18.5,0.992,0.2,-2.3,2.3,17.8,6.7,1.096,10,4,0,0,4
106.4,19,isocontour,11.283791670955125,27621.47,58.13,-20.6,-1.4,0.994,0.1,-1.2,1.2,-5.0,-18.4,1.096,21,3,0,0,3
106.4,20,isocontour,11.283791670955125,29301.79,61.66,13.3,-15.8,0.995,-2.7,-0.1,2.7,-5.0,-18.4,1.096,21,1,0,0,1
106.4,21,isocontour,11.283791670955125,29051.36,61.14,-5.1,-18.4,1.089,-1.0,0.8,1.3,-5.0,-18.4,1.096,21,2,0,0,2
106.4,22,isocontour,11.283791670955125,31368.15,66.01,-18.1,-10.4,0.986,1.4,-2.3,2.7,-5.0,-18.4,1.096,21,3,0,0,3
106.4,23,isocontour,11.283791670955125,31541.94,66.38,-19.9,5.7,0.992,0.7,-2.7,2.8,-5.0,-18.4,1.096,21,4,0,0,4
106.4,24,isocontour,11.283791670955125,29729.82,62.56,3.2,-20.6,0.987,-1.7,0.1,1.7,-5.0,-18.4,1.096,21,2,0,0,2
106.4,25,isocontour,11.283791670955125,29461.59,62.0,-15.3,12.6,1.043,-0.5,-0.5,0.7,12.6,14.5,1.09,5,4,0,0,4
106.4,Target,,,,,0.0,0.0,4.023,0.0,0.0,,,,,,,,,
106.5,1,isocontour,11.283791670955125,26573.56,55.92,12.5,16.6,0.989,-2.1,3.4,4.0,17.8,6.7,1.096,10,9,0,0,9
106.5,2,isocontour,11.283791670955125,25485.35,53.63,4.9,20.1,0.992,2.7,-1.6,3.1,17.8,6.7,1.096,10,7,0,0,7
106.5,3,isocontour,11.283791670955125,25728.4,54.14,10.1,18.1,0.992,-2.2,1.5,2.7,17.8,6.7,1.096,10,7,0,0,7
106.5,4,isocontour,11.283791670955125,31031.23,65.3,16.4,12.9,0.983,2.8,-1.2,3.0,17.8,6.7,1.096,10,8,0,0,8
106.5,5,isocontour,11.283791670955125,29148.68,61.34,12.9,14.5,1.068,0.4,2.0,2.0,17.8,6.7,1.096,10,9,0,0,9
106.5,6,isocontour,11.283791670955125,30480.21,64.14,13.2,14.8,1.041,-1.9,0.6,2.0,17.8,6.7,1.096,10,9,0,0,9
106.5,7,isocontour,11.283791670955125,28598.87,60.18,-15.6,13.4,1.002,1.8,-2.4,3.0,17.8,6.7,1.096,10,4,0,0,4
106.5,8,isocontour,11.283791670955125,30865.63,64.95,13.4,13.9,1.074,0.8,-0.7,1.1,17.8,6.7,1.096,10,9,0,0,9
106.5,9,isocontour,11.283791670955125,28852.34,60.72,19.3,8.0,0.983,-1.6,2.0,2.6,17.8,6.7,1.096,10,8,0,0,8
106.5,10,isocontour,11.283791670955125,28867.19,60.75,17.6,7.1,1.092,-0.4,0.6,0.7,17.8,6.7,1.096,10,8,0,0,8
106.5,11,isocontour,11.283791670955125,30967.69,65.17,-16.7,-9.6,1.076,-0.2,2.3,2.3,-5.0,-18.4,1.096,21,3,0,0,3
106.5,12,isocontour,11.283791670955125,28247.87,59.44,-12.9,-16.3,0.989,1.9,-1.1,2.2,-5.0,-18.4,1.096,21,3,0,0,3
106.5,13,isocontour,11.283791670955125,26587.0,55.95,20.6,-2.3,0.993,-0.2,-0.7,0.7,17.8,6.7,1.096,10,2,0,0,2
106.5,14,isocontour,11.283791670955125,29180.26,61.41,8.5,-18.0,1.036,0.9,0.2,0.9,-5.0,-18.4,1.096,21,2,0,0,2
106.5,15,isocontour,11.283791670955125,25380.85,53.41,-0.8,20.7,0.99,2.8,0.4,2.8,17.8,6.7,1.096,10,2,0,0,2
106.5,16,isocontour,11.283791670955125,44536.61,93.72,-16.5,12.6,0.991,-0.1,-0.4,0.4,17.8,6.7,1.096,10,4,0,0,4
106.5,17,isocontour,11.283791670955125,26925.81,56.66,12.4,15.4,1.048,-0.8,0.9,1.2,17.8,6.7,1.096,10,9,0,0,9
106.5,18,isocontour,11.283791670955125,32005.99,67.35,-9.5,18.5,0.989,-2.6,-0.3,2.6,17.8,6.7,1.096,10,4,0,0,4
106.5,19,isocontour,11.283791670955125,27469.55,57.81,-20.7,-1.9,0.991,-0.2,-4.9,4.9,-5.0,-18.4,1.096,21,3,0,0,3
106.5,20,isocontour,11.283791670955125,29299.58,61.66,13.2,-15.8,1.001,-1.2,0.2,1.2,-5.0,-18.4,1.096,21,2,0,0,2
106.5,21,isocontour,11.283791670955125,29025.35,61.08,-5.3,-18.3,1.09,-2.6,0.8,2.7,-5.0,-18.4,1.096,21,2,0,0,2
106.5,22,isocontour,11.283791670955125,31340.98,65.95,-18.0,-10.2,0.996,0.8,2.6,2.7,-5.0,-18.4,1.096,21,3,0,0,3
106.5,23,isocontour,11.283791670955125,31540.97,66.37,-19.9,5.7,0.992,0.0,0.9,0.9,-5.0,-18.4,1.096,21,4,0,0,4
106.5,24,isocontour,11.283791670955125,29711.88,62.52,3.4,-20.5,0.989,2.3,0.7,2.4,-5.0,-18.4,1.096,21,3,0,0,3
106.5,25,isocontour,11.283791670955125,29460.23,62.0,-15.3,12.6,1.046,0.2,-1.0,1.0,17.8,6.7,1.096,10,4,0,0,4
106.5,Target,,,,,0.0,0.0,4.023,0.0,0.0,,,,,,,,,
106.6,1,isocontour,11.283791670955125,26539.78,55.85,12.2,16.8,0.989,-2.5,1.6,3.0,17.8,6.7,1.096,10,9,0,0,9
106.6,2,isocontour,11.283791670955125,25484.89,53.63,4.8,20.1,0.993,-0.6,0.3,0.7,17.8,6.7,1.096,10,7,0,0,7
106.6,3,isocontour,11.283791670955125,25728.14,54.14,10.0,18.2,0.99,-0.2,0.5,0.5,17.8,6.7,1.096,10,8,0,0,8
106.6,4,isocontour,11.283791670955125,31028.43,65.3,16.6,13.0,0.976,0.9,0.9,1.3,17.8,6.7,1.096,10,8,0,0,8
106.6,5,isocontour,11.283791670955125,29099.92,61.24,12.6,14.5,1.079,-3.4,-0.1,3.4,17.8,6.7,1.096,10,9,0,0,9
106.6,6,isocontour,11.283791670955125,30435.23,64.05,13.1,15.1,1.031,-0.3,3.3,3.3,17.8,6.7,1.096,10,9,0,0,9
106.6,7,isocontour,11.283791670955125,28569.3,60.12,-15.4,13.5,1.005,1.9,2.1,2.8,17.8,6.7,1.096,10,4,0,0,4
106.6,8,isocontour,11.283791670955125,30858.82,64.94,13.4,14.0,1.069,-0.3,1.7,1.7,17.8,6.7,1.096,10,9,0,0,9
106.6,9,isocontour,11.283791670955125,28839.39,60.69,19.1,8.1,0.992,-2.1,0.3,2.1,17.8,6.7,1.096,10,8,0,0,8
106.6,10,isocontour,11.283791670955125,28862.27,60.74,17.5,7.1,1.099,-1.5,0.4,1.6,17.8,6.7,1.096,10,8,0,0,8
106.6,11,isocontour,11.283791670955125,30963.48,65.16,-16.8,-9.5,1.075,-1.0,1.1,1.5,-5.0,-18.4,1.096,21,3,0,0,3
106.6,12,isocontour,11.283791670955125,28229.93,59.41,-13.0,-16.2,0.99,-1.8,1.6,2.4,-5.0,-18.4,1.096,21,3,0,0,3
106.6,13,isocontour,11.283791670955125,26584.63,55.94,20.6,-2.2,0.995,-0.2,1.2,1.2,17.8,6.7,1.096,10,2,0,0,2
106.6,14,isocontour,11.283791670955125,29160.01,61.36,8.8,-18.0,1.033,2.5,0.5,2.5,-5.0,-18.4,1.096,21,2,0,0,2
106.6,15,isocontour,11.283791670955125,25378.53,53.41,-0.7,20.7,0.991,1.2,-0.3,1.2,17.8,6.7,1.096,10,3,0,0,3
106.6,16,isocontour,11.283791670955125,44519.32,93.69,-16.4,12.8,0.985,0.3,2.4,2.4,17.8,6.7,1.096,10,4,0,0,4
106.6,17,isocontour,11.283791670955125,26909.58,56.63,12.2,15.4,1.052,-2.2,0.7,2.3,17.8,6.7,1.096,10,9,0,0,9
106.6,18,isocontour,11.283791670955125,32005.64,67.35,-9.6,18.5,0.985,-0.5,0.4,0.6,17.8,6.7,1.096,10,4,0,0,4
106.6,19,isocontour,11.283791670955125,27438.4,57.74,-20.8,-2.1,0.983,-1.4,-2.5,2.9,-5.0,-18.4,1.096,21,3,0,0,3
106.6,20,isocontour,11.283791670955125,29288.82,61.63,13.4,-15.8,0.995,2.0,0.0,2.0,-5.0,-18.4,1.096,21,2,0,0,2
106.6,21,isocontour,11.283791670955125,28994.52,61.02,-5.2,-18.3,1.09,2.8,-0.9,2.9,-5.0,-18.4,1.096,21,2,0,0,2
106.6,22,isocontour,11.283791670955125,31312.02,65.89,-17.8,-10.3,0.999,1.7,-2.3,2.9,-5.0,-18.4,1.096,21,3,0,0,3
106.6,23,isocontour,11.283791670955125,31509.18,66.31,-20.1,5.6,0.983,-2.4,-1.7,2.9,-5.0,-18.4,1.096,21,4,0,0,4
106.6,24,isocontour,11.283791670955125,29691.14,62.48,3.6,-20.4,0.991,2.4,0.9,2.6,-5.0,-18.4,1.096,21,3,0,0,3
106.6,25,isocontour,11.283791670955125,29450.08,61.97,-15.4,12.5,1.04,-2.0,-0.3,2.0,17.8,6.7,1.096,10,4,0,0,4
106.6,Target,,,,,0.0,0.0,4.023,0.0,0.0,,,,,,,,,
106.7,1,isocontour,11.283791670955125,26533.75,55.84,12.2,16.7,0.994,0.2,-1.7,1.7,17.5,7.1,1.099,10,9,0,0,9
106.7,2,isocontour,11.283791670955125,25479.38,53.62,5.0,20.2,0.987,1.4,0.8,1.6,17.8,6.7,1.096,10,7,0,0,7
106.7,3,isocontour,11.283791670955125,25642.46,53.96,9.7,18.3,0.992,-3.8,1.4,4.0,17.8,6.7,1.096,10,8,0,0,8
106.7,4,isocontour,11.283791670955125,31019.3,65.28,16.5,13.1,0.976,-1.5,1.3,2.0,17.5,7.1,1.099,10,8,0,0,8
106.7,5,isocontour,11.283791670955125,29098.98,61.24,12.6,14.6,1.078,-0.2,0.9,0.9,17.5,7.1,1.099,10,9,0,0,9
106.7,6,isocontour,11.283791670955125,30430.31,64.04,13.0,15.3,1.029,-1.2,1.1,1.6,17.5,7.1,1.099,10,9,0,0,9
106.7,7,isocontour,11.283791670955125,28549.99,60.08,-15.6,13.5,0.995,-2.5,0.2,2.5,17.8,6.7,1.096,10,4,0,0,4
106.7,8,isocontour,11.283791670955125,30842.81,64.9,13.2,14.1,1.072,-2.2,0.9,2.4,17.5,7.1,1.099,10,9,0,0,9
106.7,9,isocontour,11.283791670955125,28838.36,60.69,19.0,8.2,0.995,-0.5,0.8,0.9,17.5,7.1,1.099,10,8,0,0,8
106.7,10,isocontour,11.283791670955125,28849.32,60.71,17.4,7.0,1.111,-1.5,-1.5,2.1,17.4,7.0,1.099,10,8,0,0,8
106.7,11,isocontour,11.283791670955125,30945.09,65.12,-16.9,-9.7,1.066,-0.5,-2.4,2.5,-5.0,-18.4,1.096,21,3,0,0,3
106.7,12,isocontour,11.283791670955125,28227.25,59.4,-13.1,-16.1,0.988,-1.2,0.5,1.3,-5.0,-18.4,1.096,21,3,0,0,3
106.7,13,isocontour,11.283791670955125,26563.89,55.9,20.6,-2.4,0.993,0.0,-2.5,2.5,17.5,7.1,1.099,10,2,0,0,2
106.7,14,isocontour,11.283791670955125,29142.73,61.33,9.0,-18.0,1.028,2.4,0.3,2.4,-5.0,-18.4,1.096,21,2,0,0,2
106.7,15,isocontour,11.283791670955125,25378.08,53.41,-0.7,20.7,0.991,-0.7,0.1,0.7,17.8,6.7,1.096,10,3,0,0,3
106.7,16,isocontour,11.283791670955125,44519.2,93.69,-16.5,12.9,0.982,-0.4,0.1,0.4,17.8,6.7,1.096,10,4,0,0,4
106.7,17,isocontour,11.283791670955125,26908.34,56.63,12.1,15.4,1.057,-0.9,-0.4,1.0,17.5,7.1,1.099,10,9,0,0,9
106.7,18,isocontour,11.283791670955125,31998.83,67.34,-9.6,18.4,0.993,0.4,-1.7,1.7,17.8,6.7,1.096,10,4,0,0,4
106.7,19,isocontour,11.283791670955125,27431.47,57.73,-20.8,-2.3,0.979,-0.3,-1.7,1.7,-5.0,-18.4,1.096,21,3,0,0,3
106.7,20,isocontour,11.283791670955125,29185.02,61.42,13.7,-15.6,0.987,4.1,1.5,4.4,-5.0,-18.4,1.096,21,2,0,0,2
106.7,21,isocontour,11.283791670955125,28992.99,61.01,-5.0,-18.4,1.09,1.0,-0.2,1.0,-5.0,-18.4,1.096,21,2,0,0,2
106.7,22,isocontour,11.283791670955125,31309.28,65.89,-17.9,-10.4,0.994,-1.3,-0.2,1.3,-5.0,-18.4,1.096,21,3,0,0,3
106.7,23,isocontour,11.283791670955125,31507.08,66.3,-20.3,5.5,0.977,-1.2,-0.2,1.2,-5.0,-18.4,1.096,21,4,0,0,4
106.7,24,isocontour,11.283791670955125,29656.33,62.41,3.4,-20.5,0.991,-2.9,-0.7,3.0,-5.0,-18.4,1.096,21,3,0,0,3
106.7,25,isocontour,11.283791670955125,29444.27,61.96,-15.5,12.7,1.033,-0.3,1.6,1.6,17.8,6.7,1.096,10,4,0,0,4
106.7,Target,,,,,0.0,0.0,4.023,0.0,0.0,,,,,,,,,
106.8,1,isocontour,11.283791670955125,26532.05,55.83,12.2,16.8,0.991,0.0,1.1,1.1,17.4,7.0,1.111,10,9,0,0,9
106.8,2,isocontour,11.283791670955125,25478.75,53.62,4.9,20.2,0.988,-0.7,-0.3,0.8,17.5,7.1,1.099,10,7,0,0,7
106.8,3,isocontour,11.283791670955125,25637.54,53.95,9.7,18.3,0.994,1.3,-0.9,1.6,17.5,7.1,1.099,10,8,0,0,8
106.8,4,isocontour,11.283791670955125,31011.52,65.26,16.3,13.2,0.979,-1.4,1.1,1.8,17.4,7.0,1.111,10,8,0,0,8
106.8,5,isocontour,11.283791670955125,29094.69,61.23,12.7,14.5,1.077,1.2,-0.9,1.5,17.4,7.0,1.111,10,9,0,0,9
106.8,6,isocontour,11.283791670955125,30409.81,63.99,13.2,15.1,1.031,1.7,-1.9,2.5,17.4,7.0,1.111,10,9,0,0,9
106.8,7,isocontour,11.283791670955125,28513.78,60.0,-15.9,13.4,0.989,-2.6,-1.5,3.0,17.8,6.7,1.096,10,4,0,0,4
106.8,8,isocontour,11.283791670955125,30841.49,64.9,13.2,14.2,1.071,-0.3,1.0,1.0,17.4,7.0,1.111,10,9,0,0,9
106.8,9,isocontour,11.283791670955125,28810.3,60.63,19.2,8.1,0.985,2.7,-0.8,2.8,17.4,7.0,1.111,10,8,0,0,8
106.8,10,isocontour,11.283791670955125,28841.28,60.69,17.2,7.1,1.117,-1.4,1.2,1.8,17.2,7.1,1.111,10,8,0,0,8
106.8,11,isocontour,11.283791670955125,30916.13,65.06,-16.9,-10.0,1.055,-0.6,-2.8,2.9,-5.0,-18.4,1.096,21,3,0,0,3
106.8,12,isocontour,11.283791670955125,28224.58,59.4,-13.2,-16.1,0.987,-1.1,0.5,1.2,-5.0,-18.4,1.096,21,3,0,0,3
106.8,13,isocontour,11.283791670955125,26563.41,55.9,20.6,-2.5,0.991,0.3,-0.7,0.8,17.4,7.0,1.111,10,2,0,0,2
106.8,14,isocontour,11.283791670955125,29114.37,61.27,8.8,-18.0,1.032,-2.8,-0.5,2.8,-5.0,-18.4,1.096,21,2,0,0,2
106.8,15,isocontour,11.283791670955125,25308.84,53.26,-1.0,20.9,0.982,-3.3,1.8,3.8,17.8,6.7,1.096,10,3,0,0,3
106.8,16,isocontour,11.283791670955125,44517.2,93.68,-16.4,12.9,0.984,1.0,0.6,1.2,17.8,6.7,1.096,10,4,0,0,4
106.8,17,isocontour,11.283791670955125,26905.9,56.62,12.2,15.3,1.059,0.8,-0.9,1.2,17.4,7.0,1.111,10,9,0,0,9
106.8,18,isocontour,11.283791670955125,31976.08,67.29,-9.8,18.5,0.984,-2.2,1.4,2.6,17.8,6.7,1.096,10,4,0,0,4
106.8,19,isocontour,11.283791670955125,27394.91,57.65,-20.7,-2.6,0.984,1.5,-2.7,3.1,-5.0,-18.4,1.096,21,3,0,0,3
106.8,20,isocontour,11.283791670955125,29184.52,61.42,13.9,-15.6,0.982,0.6,-0.3,0.7,-5.0,-18.4,1.096,21,1,0,0,1
106.8,21,isocontour,11.283791670955125,28961.84,60.95,-4.8,-18.4,1.092,2.9,-0.5,2.9,-5.0,-18.4,1.096,21,2,0,0,2
106.8,22,isocontour,11.283791670955125,31304.9,65.88,-18.1,-10.4,0.986,-1.5,-0.2,1.5,-5.0,-18.4,1.096,21,3,0,0,3
106.8,23,isocontour,11.283791670955125,31504.4,66.3,-20.3,5.6,0.976,0.3,1.2,1.2,-5.0,-18.4,1.096,21,4,0,0,4
106.8,24,isocontour,11.283791670955125,29653.66,62.4,3.3,-20.5,0.988,-1.1,-0.7,1.3,-5.0,-18.4,1.096,21,2,0,0,2
106.8,25,isocontour,11.283791670955125,29442.01,61.96,-15.5,12.8,1.031,0.5,1.1,1.2,17.8,6.7,1.096,10,4,0,0,4
106.8,Target,,,,,0.0,0.0,4.023,0.0,0.0,,,,,,,,,
106.9,1,isocontour,11.283791670955125,26514.98,55.8,12.4,16.9,0.98,1.8,1.5,2.3,17.2,7.1,1.117,10,9,0,0,9
106.9,2,isocontour,11.283791670955125,25442.54,53.54,5.1,20.1,0.991,2.8,-1.1,3.0,17.4,7.0,1.111,10,7,0,0,7
106.9,3,isocontour,11.283791670955125,25582.95,53.84,9.6,18.5,0.987,-2.1,2.8,3.5,17.4,7.0,1.111,10,8,0,0,8
106.9,4,isocontour,11.283791670955125,30999.44,65.23,16.1,13.2,0.987,-2.1,-0.1,2.1,17.2,7.1,1.117,10,8,0,0,8
106.9,5,isocontour,11.283791670955125,29093.29,61.22,12.6,14.5,1.078,-0.9,0.4,1.0,17.2,7.1,1.117,10,9,0,0,9
106.9,6,isocontour,11.283791670955125,30409.1,63.99,13.1,15.1,1.033,-0.8,0.1,0.8,17.2,7.1,1.117,10,9,0,0,9
106.9,7,isocontour,11.283791670955125,28502.7,59.98,-16.0,13.3,0.986,-1.6,-1.3,2.1,17.8,6.7,1.096,10,4,0,0,4
106.9,8,isocontour,11.283791670955125,30836.56,64.89,13.3,14.3,1.064,1.5,0.4,1.6,17.2,7.1,1.117,10,9,0,0,9
106.9,9,isocontour,11.283791670955125,28806.88,60.62,19.2,8.0,0.986,-0.2,-1.4,1.4,17.2,7.1,1.117,10,8,0,0,8
106.9,10,isocontour,11.283791670955125,28815.26,60.64,17.1,7.3,1.118,-1.1,2.5,2.7,17.1,7.3,1.117,10,8,0,0,8
106.9,11,isocontour,11.283791670955125,30894.65,65.01,-17.1,-10.1,1.041,-1.9,-1.7,2.5,-5.0,-18.4,1.096,21,3,0,0,3
106.9,12,isocontour,11.283791670955125,28203.1,59.35,-13.2,-15.9,0.997,0.3,2.5,2.5,-5.0,-18.4,1.096,21,3,0,0,3
106.9,13,isocontour,11.283791670955125,26561.03,55.89,20.6,-2.4,0.993,-0.2,1.2,1.2,17.2,7.1,1.117,10,2,0,0,2
106.9,14,isocontour,11.283791670955125,29091.09,61.22,8.5,-18.0,1.037,-2.6,-0.2,2.6,-5.0,-18.4,1.096,21,2,0,0,2
106.9,15,isocontour,11.283791670955125,25306.35,53.25,-1.0,20.9,0.984,1.1,-0.6,1.3,17.5,7.1,1.099,10,3,0,0,3
106.9,16,isocontour,11.283791670955125,44499.48,93.64,-16.2,13.0,0.992,2.4,0.4,2.4,17.8,6.7,1.096,10,4,0,0,4
106.9,17,isocontour,11.283791670955125,26898.74,56.61,12.0,15.4,1.061,-1.6,0.7,1.7,17.2,7.1,1.117,10,9,0,0,9
106.9,18,isocontour,11.283791670955125,31974.72,67.29,-9.7,18.5,0.983,1.0,0.2,1.0,17.8,6.7,1.096,10,4,0,0,4
106.9,19,isocontour,11.283791670955125,27359.75,57.58,-20.6,-2.9,0.987,0.7,-2.9,3.0,-5.0,-18.4,1.096,21,3,0,0,3
106.9,20,isocontour,11.283791670955125,29159.07,61.36,13.6,-15.7,0.989,-2.7,-0.3,2.7,-5.0,-18.4,1.096,21,1,0,0,1
106.9,21,isocontour,11.283791670955125,28960.99,60.94,-4.7,-18.4,1.095,0.8,0.4,0.9,-5.0,-18.4,1.096,21,2,0,0,2
106.9,22,isocontour,11.283791670955125,31302.09,65.87,-18.1,-10.5,0.98,-0.4,-1.2,1.3,-5.0,-18.4,1.096,21,3,0,0,3
106.9,23,isocontour,11.283791670955125,31500.68,66.29,-20.1,5.7,0.981,1.4,0.4,1.5,-5.0,-18.4,1.096,21,4,0,0,4
106.9,24,isocontour,11.283791670955125,29653.64,62.4,3.3,-20.6,0.988,0.2,0.0,0.2,-5.0,-18.4,1.096,21,2,0,0,2
106.9,25,isocontour,11.283791670955125,29412.12,61.89,-15.4,13.0,1.025,0.9,2.7,2.8,17.8,6.7,1.096,10,4,0,0,4
106.9,Target,,,,,0.0,0.0,4.023,0.0,0.0,,,,,,,,,
107.0,1,isocontour,11.283791670955125,26513.45,55.79,12.4,16.8,0.982,-0.0,-1.0,1.0,17.1,7.3,1.118,10,9,0,0,9
107.0,2,isocontour,11.283791670955125,25441.93,53.54,5.1,20.1,0.993,-0.7,-0.2,0.7,17.2,7.1,1.117,10,7,0,0,7
107.0,3,isocontour,11.283791670955125,25582.68,53.84,9.6,18.5,0.984,0.6,-0.0,0.6,17.2,7.1,1.117,10,8,0,0,8
107.0,4,isocontour,11.283791670955125,30996.02,65.23,16.0,13.3,0.987,-0.7,1.2,1.4,17.1,7.3,1.118,10,8,0,0,8
107.0,5,isocontour,11.283791670955125,29079.24,61.19,12.6,14.7,1.071,-0.4,2.2,2.2,17.1,7.3,1.118,10,9,0,0,9
107.0,6,isocontour,11.283791670955125,30388.36,63.95,12.9,15.1,1.04,-2.5,0.4,2.5,17.1,7.3,1.118,10,9,0,0,9
107.0,7,isocontour,11.283791670955125,28497.39,59.97,-15.9,13.3,0.989,1.5,0.7,1.7,17.8,6.7,1.096,10,4,0,0,4
107.0,8,isocontour,11.283791670955125,30823.07,64.86,13.2,14.4,1.058,-0.9,2.0,2.2,17.1,7.3,1.118,10,9,0,0,9
107.0,9,isocontour,11.283791670955125,28796.43,60.6,19.2,7.8,0.994,-0.7,-1.9,2.0,17.1,7.3,1.118,10,8,0,0,8
107.0,10,isocontour,11.283791670955125,28789.81,60.58,17.1,7.6,1.112,-0.0,2.7,2.7,17.1,7.6,1.118,10,8,0,0,8
107.0,11,isocontour,11.283791670955125,30888.84,65.0,-17.0,-10.2,1.043,1.4,-0.8,1.6,-5.0,-18.4,1.096,21,3,0,0,3
107.0,12,isocontour,11.283791670955125,28201.53,59.35,-13.2,-15.9,0.995,0.3,-1.0,1.0,-5.0,-18.4,1.096,21,3,0,0,3
107.0,13,isocontour,11.283791670955125,26558.71,55.89,20.6,-2.3,0.994,-0.0,1.2,1.2,17.1,7.3,1.118,10,2,0,0,2
107.0,14,isocontour,11.283791670955125,29087.29,61.21,8.6,-18.0,1.038,1.3,0.6,1.4,-5.0,-18.4,1.096,21,2,0,0,2
107.0,15,isocontour,11.283791670955125,25302.3,53.25,-0.8,20.8,0.988,1.2,-0.8,1.4,17.4,7.0,1.111,10,3,0,0,3
107.0,16,isocontour,11.283791670955125,44473.46,93.59,-16.2,12.7,0.998,-0.7,-2.6,2.7,17.8,6.7,1.096,10,4,0,0,4
107.0,17,isocontour,11.283791670955125,26882.3,56.57,11.9,15.5,1.061,-1.7,1.6,2.3,17.1,7.3,1.118,10,9,0,0,9
107.0,18,isocontour,11.283791670955125,31971.58,67.28,-9.7,18.4,0.989,-0.2,-1.3,1.3,17.5,7.1,1.099,10,4,0,0,4
107.0,19,isocontour,11.283791670955125,27357.08,57.57,-20.5,-3.0,0.99,0.8,-1.0,1.3,-5.0,-18.4,1.096,21,3,0,0,3
107.0,20,isocontour,11.283791670955125,29121.06,61.28,13.4,-15.8,0.994,-2.8,-1.4,3.1,-5.0,-18.4,1.096,21,1,0,0,1
107.0,21,isocontour,11.283791670955125,28929.2,60.88,-4.9,-18.3,1.096,-2.8,0.8,2.9,-5.0,-18.4,1.096,21,2,0,0,2
107.0,22,isocontour,11.283791670955125,31298.82,65.86,-18.0,-10.6,0.984,1.3,-0.4,1.4,-5.0,-18.4,1.096,21,3,0,0,3
107.0,23,isocontour,11.283791670955125,31476.05,66.24,-20.0,5.9,0.985,1.4,2.3,2.7,-5.0,-18.4,1.096,21,4,0,0,4
107.0,24,isocontour,11.283791670955125,29634.79,62.36,3.4,-20.4,0.995,1.7,1.8,2.5,-5.0,-18.4,1.096,21,2,0,0,2
107.0,25,isocontour,11.283791670955125,29390.64,61.85,-15.5,12.9,1.023,-1.8,-1.9,2.6,17.8,6.7,1.096,10,4,0,0,4
107.0,Target,,,,,0.0,0.0,4.023,0.0,0.0,,,,,,,,,
107.1,1,isocontour,11.283791670955125,26509.07,55.79,12.3,16.7,0.989,-1.2,-0.9,1.5,17.1,7.3,1.118,10,8,0,0,8
107.1,2,isocontour,11.283791670955125,25420.95,53.5,4.9,20.2,0.99,-2.2,1.2,2.5,17.1,7.3,1.118,10,7,0,0,7
107.1,3,isocontour,11.283791670955125,25581.47,53.83,9.5,18.5,0.988,-0.7,-0.7,1.0,17.1,7.3,1.118,10,8,0,0,8
107.1,4,isocontour,11.283791670955125,30960.87,65.15,16.1,13.1,0.99,1.4,-2.7,3.0,17.1,7.3,1.118,10,8,0,0,8
107.1,5,isocontour,11.283791670955125,29067.99,61.17,12.6,14.6,1.077,0.2,-2.1,2.1,17.1,7.3,1.118,10,9,0,0,9
107.1,6,isocontour,11.283791670955125,30380.96,63.93,12.9,15.0,1.044,1.0,-1.5,1.8,17.1,7.3,1.118,10,9,0,0,9
107.1,7,isocontour,11.283791670955125,28481.16,59.94,-15.9,13.1,0.999,0.5,-2.3,2.4,17.5,7.1,1.099,10,4,0,0,4
107.1,8,isocontour,11.283791670955125,30805.78,64.83,13.0,14.5,1.063,-2.3,0.6,2.4,17.1,7.3,1.118,10,9,0,0,9
107.1,9,isocontour,11.283791670955125,28795.22,60.6,19.1,7.9,0.994,-0.1,1.0,1.0,17.1,7.3,1.118,10,8,0,0,8
107.1,10,isocontour,11.283791670955125,28773.58,60.55,17.2,7.5,1.109,1.3,-1.9,2.3,17.1,7.3,1.118,10,8,0,0,8
107.1,11,isocontour,11.283791670955125,30854.37,64.93,-16.8,-10.5,1.043,1.5,-2.6,3.0,-5.0,-18.4,1.096,21,3,0,0,3
107.1,12,isocontour,11.283791670955125,28172.26,59.29,-13.1,-16.1,0.989,1.3,-2.5,2.8,-5.0,-18.4,1.096,21,3,0,0,3
107.1,13,isocontour,11.283791670955125,26537.48,55.84,20.6,-2.5,0.991,0.3,-2.5,2.5,17.1,7.3,1.118,10,2,0,0,2
107.1,14,isocontour,11.283791670955125,29085.81,61.21,8.5,-18.0,1.039,-1.0,-0.3,1.0,-5.0,-18.4,1.096,21,2,0,0,2
107.1,15,isocontour,11.283791670955125,25284.8,53.21,-0.7,20.6,0.998,1.5,-1.9,2.4,17.2,7.1,1.117,10,3,0,0,3
107.1,16,isocontour,11.283791670955125,44458.05,93.56,-16.3,12.5,1.001,-1.0,-2.1,2.3,17.5,7.1,1.099,10,4,0,0,4
107.1,17,isocontour,11.283791670955125,26871.06,56.55,11.9,15.4,1.067,0.5,-2.0,2.1,17.1,7.3,1.118,10,9,0,0,9
107.1,18,isocontour,11.283791670955125,31970.41,67.28,-9.8,18.3,0.991,-0.7,-0.7,1.0,17.4,7.0,1.111,10,4,0,0,4
107.1,19,isocontour,11.283791670955125,27354.87,57.56,-20.5,-3.1,0.991,0.3,-1.1,1.1,-5.0,-18.4,1.096,21,3,0,0,3
107.1,20,isocontour,11.283791670955125,29117.86,61.27,13.4,-15.7,0.997,0.6,1.2,1.3,-5.0,-18.4,1.096,21,2,0,0,2
107.1,21,isocontour,11.283791670955125,28927.1,60.87,-4.9,-18.2,1.102,0.4,1.1,1.2,-5.0,-18.4,1.096,21,2,0,0,2
107.1,22,isocontour,11.283791670955125,31276.58,65.82,-17.8,-10.7,0.988,1.9,-1.7,2.5,-5.0,-18.4,1.096,21,3,0,0,3
107.1,23,isocontour,11.283791670955125,31449.18,66.18,-19.9,6.1,0.989,1.3,2.4,2.7,-5.0,-18.4,1.096,21,4,0,0,4
107.1,24,isocontour,11.283791670955125,29632.06,62.36,3.3,-20.4,0.993,-1.0,-0.7,1.2,-5.0,-18.4,1.096,21,3,0,0,3
107.1,25,isocontour,11.283791670955125,29388.59,61.84,-15.6,12.8,1.023,-0.8,-0.8,1.1,17.5,7.1,1.099,10,4,0,0,4
107.1,Target,,,,,0.0,0.0,4.023,0.0,0.0,,,,,,,,,
107.2,1,isocontour,11.283791670955125,26478.56,55.72,12.3,16.5,0.999,0.6,-2.8,2.9,17.1,7.3,1.118,10,9,0,0,9
107.2,2,isocontour,11.283791670955125,25415.74,53.48,5.0,20.3,0.983,1.1,1.1,1.6,17.1,7.3,1.118,10,7,0,0,7
107.2,3,isocontour,11.283791670955125,25580.66,53.83,9.5,18.4,0.992,-0.8,-0.3,0.9,17.1,7.3,1.118,10,8,0,0,8
107.2,4,isocontour,11.283791670955125,30941.09,65.11,16.1,12.8,0.998,-0.2,-2.5,2.5,17.1,7.3,1.118,10,8,0,0,8
107.2,5,isocontour,11.283791670955125,29066.2,61.17,12.6,14.5,1.078,0.9,-0.7,1.1,17.1,7.3,1.118,10,9,0,0,9
107.2,6,isocontour,11.283791670955125,30372.92,63.92,13.1,14.9,1.041,1.7,-0.7,1.8,17.1,7.3,1.118,10,9,0,0,9
107.2,7,isocontour,11.283791670955125,28469.59,59.91,-16.0,13.2,0.991,-1.9,0.9,2.1,17.4,7.0,1.111,10,4,0,0,4
107.2,8,isocontour,11.283791670955125,30769.22,64.75,13.1,14.3,1.068,1.7,-2.6,3.1,17.1,7.3,1.118,10,9,0,0,9
107.2,9,isocontour,11.283791670955125,28792.96,60.59,19.2,7.9,0.988,1.2,-0.1,1.2,17.1,7.3,1.118,10,8,0,0,8
107.2,10,isocontour,11.283791670955125,28769.78,60.54,17.3,7.6,1.103,0.5,1.3,1.4,17.1,7.3,1.118,10,8,0,0,8
107.2,11,isocontour,11.283791670955125,30833.39,64.89,-16.9,-10.3,1.046,-0.7,2.4,2.5,-5.0,-18.4,1.096,21,3,0,0,3
107.2,12,isocontour,11.283791670955125,28168.62,59.28,-12.9,-16.2,0.991,1.3,-0.5,1.4,-4.9,-18.2,1.102,21,3,0,0,3
107.2,13,isocontour,11.283791670955125,26537.08,55.84,20.6,-2.6,0.99,0.1,-0.7,0.7,17.1,7.3,1.118,10,2,0,0,2
107.2,14,isocontour,11.283791670955125,29084.64,61.21,8.6,-17.9,1.04,0.7,0.7,1.0,-5.0,-18.4,1.096,21,2,0,0,2
107.2,15,isocontour,11.283791670955125,25254.91,53.15,-0.4,20.6,0.999,2.8,0.3,2.8,17.1,7.3,1.118,10,3,0,0,3
107.2,16,isocontour,11.283791670955125,44403.92,93.44,-16.6,12.4,0.994,-3.1,-1.5,3.4,17.4,7.0,1.111,10,4,0,0,4
107.2,17,isocontour,11.283791670955125,26867.41,56.54,11.9,15.2,1.071,0.7,-1.2,1.4,17.1,7.3,1.118,10,9,0,0,9
107.2,18,isocontour,11.283791670955125,31944.11,67.22,-9.7,18.5,0.984,1.4,2.4,2.8,17.2,7.1,1.117,10,4,0,0,4
107.2,19,isocontour,11.283791670955125,27333.64,57.52,-20.6,-2.9,0.99,-0.6,2.5,2.6,-5.0,-18.4,1.096,21,3,0,0,3
107.2,20,isocontour,11.283791670955125,29090.69,61.22,13.6,-15.6,0.992,2.7,0.7,2.8,-5.0,-18.4,1.096,21,2,0,0,2
107.2,21,isocontour,11.283791670955125,28899.04,60.81,-4.6,-18.2,1.105,2.8,-0.3,2.8,-4.6,-18.2,1.102,21,2,0,0,2
107.2,22,isocontour,11.283791670955125,31265.01,65.79,-17.8,-10.6,0.995,0.2,2.1,2.1,-5.0,-18.4,1.096,21,3,0,0,3
107.2,23,isocontour,11.283791670955125,31413.67,66.11,-19.7,6.4,0.994,1.8,2.4,3.0,17.5,7.1,1.099,10,4,0,0,4
107.2,24,isocontour,11.283791670955125,29588.69,62.27,3.1,-20.6,0.987,-2.8,-1.7,3.3,-4.9,-18.2,1.102,21,3,0,0,3
107.2,25,isocontour,11.283791670955125,29387.63,61.84,-15.7,12.8,1.021,-0.8,-0.4,0.9,17.4,7.0,1.111,10,4,0,0,4
107.2,Target,,,,,0.0,0.0,4.023,0.0,0.0,,,,,,,,,
107.3,1,isocontour,11.283791670955125,26460.61,55.68,12.2,16.6,0.998,-1.6,1.8,2.4,17.1,7.3,1.118,10,9,0,0,9
107.3,2,isocontour,11.283791670955125,25410.72,53.47,5.0,20.2,0.989,-0.3,-1.5,1.5,17.1,7.3,1.118,10,7,0,0,7
107.3,3,isocontour,11.283791670955125,25565.04,53.8,9.5,18.6,0.982,1.2,2.0,2.3,17.1,7.3,1.118,10,8,0,0,8
107.3,4,isocontour,11.283791670955125,30912.74,65.05,16.2,12.6,1.002,1.4,-2.5,2.9,17.1,7.3,1.118,10,8,0,0,8
107.3,5,isocontour,11.283791670955125,29043.44,61.12,12.5,14.7,1.074,-1.3,2.2,2.6,17.1,7.3,1.118,10,9,0,0,9
107.3,6,isocontour,11.283791670955125,30366.34,63.9,13.3,15.0,1.032,1.5,0.8,1.7,17.1,7.3,1.118,10,9,0,0,9
107.3,7,isocontour,11.283791670955125,28362.18,59.68,-15.9,13.6,0.981,1.3,4.2,4.4,17.2,7.1,1.117,10,4,0,0,4
107.3,8,isocontour,11.283791670955125,30762.64,64.74,13.3,14.3,1.062,1.7,0.2,1.7,17.1,7.3,1.118,10,9,0,0,9
107.3,9,isocontour,11.283791670955125,28789.39,60.58,19.3,8.0,0.983,0.6,1.2,1.3,17.1,7.3,1.118,10,8,0,0,8
107.3,10,isocontour,11.283791670955125,28769.04,60.54,17.2,7.6,1.104,-0.6,0.5,0.8,17.1,7.3,1.118,10,8,0,0,8
107.3,11,isocontour,11.283791670955125,30832.91,64.88,-16.9,-10.3,1.044,-0.7,0.1,0.7,-4.9,-18.2,1.102,21,3,0,0,3
107.3,12,isocontour,11.283791670955125,28150.23,59.24,-12.7,-16.3,0.994,2.2,-0.9,2.4,-4.6,-18.2,1.105,21,3,0,0,3
107.3,13,isocontour,11.283791670955125,26535.94,55.84,20.7,-2.6,0.986,0.8,0.4,0.9,17.1,7.3,1.118,10,2,0,0,2
107.3,14,isocontour,11.283791670955125,29058.91,61.15,8.8,-17.8,1.042,2.3,1.4,2.7,-4.9,-18.2,1.102,21,2,0,0,2
107.3,15,isocontour,11.283791670955125,25228.61,53.09,-0.6,20.6,0.997,-2.7,0.3,2.7,17.1,7.3,1.118,10,3,0,0,3
107.3,16,isocontour,11.283791670955125,44398.21,93.43,-16.7,12.5,0.986,-0.9,1.4,1.7,17.2,7.1,1.117,10,4,0,0,4
107.3,17,isocontour,11.283791670955125,26836.58,56.47,12.2,15.3,1.061,2.9,0.3,2.9,17.1,7.3,1.118,10,9,0,0,9
107.3,18,isocontour,11.283791670955125,31907.9,67.15,-9.4,18.7,0.982,2.6,1.6,3.1,17.1,7.3,1.118,10,4,0,0,4
107.3,19,isocontour,11.283791670955125,27300.53,57.45,-20.8,-2.7,0.981,-2.3,1.9,3.0,17.5,7.1,1.099,10,3,0,0,3
107.3,20,isocontour,11.283791670955125,29081.13,61.2,13.8,-15.6,0.985,2.0,-0.1,2.0,-5.0,-18.4,1.096,21,1,0,0,1
107.3,21,isocontour,11.283791670955125,28898.01,60.81,-4.7,-18.2,1.106,-0.8,0.3,0.9,-4.7,-18.2,1.105,21,2,0,0,2
107.3,22,isocontour,11.283791670955125,31257.72,65.78,-17.8,-10.4,0.999,-0.1,1.8,1.8,-4.9,-18.2,1.102,21,3,0,0,3
107.3,23,isocontour,11.283791670955125,31390.13,66.06,-19.7,6.2,0.995,-0.8,-2.5,2.6,17.4,7.0,1.111,10,4,0,0,4
107.3,24,isocontour,11.283791670955125,29579.14,62.25,3.2,-20.7,0.982,1.9,-0.5,2.0,-4.6,-18.2,1.105,21,2,0,0,2
107.3,25,isocontour,11.283791670955125,29344.26,61.75,-15.6,12.5,1.034,1.1,-3.1,3.3,17.2,7.1,1.117,10,4,0,0,4
107.3,Target,,,,,0.0,0.0,4.023,0.0,0.0,,,,,,,,,
107.4,1,isocontour,11.283791670955125,26393.53,55.54,12.1,16.9,0.987,-0.9,3.6,3.7,17.1,7.3,1.118,10,9,0,0,9
107.4,2,isocontour,11.283791670955125,25382.36,53.41,5.2,20.0,0.993,2.5,-1.2,2.8,17.1,7.3,1.118,10,7,0,0,7
107.4,3,isocontour,11.283791670955125,25564.69,53.8,9.6,18.6,0.979,0.6,-0.0,0.6,17.1,7.3,1.118,10,8,0,0,8
107.4,4,isocontour,11.283791670955125,30828.94,64.88,16.6,12.4,0.993,3.7,-1.6,4.0,17.1,7.3,1.118,10,8,0,0,8
107.4,5,isocontour,11.283791670955125,29016.27,61.06,12.8,14.8,1.061,2.6,0.8,2.7,17.1,7.3,1.118,10,9,0,0,9
107.4,6,isocontour,11.283791670955125,30361.04,63.89,13.4,15.0,1.026,1.6,-0.1,1.6,17.1,7.3,1.118,10,9,0,0,9
107.4,7,isocontour,11.283791670955125,28361.52,59.68,-15.9,13.5,0.983,0.1,-0.8,0.8,17.1,7.3,1.118,10,4,0,0,4
107.4,8,isocontour,11.283791670955125,30758.09,64.73,13.4,14.4,1.053,1.3,0.7,1.5,17.1,7.3,1.118,10,9,0,0,9
107.4,9,isocontour,11.283791670955125,28756.61,60.51,19.1,8.1,0.988,-2.3,1.8,2.9,17.1,7.3,1.118,10,8,0,0,8
107.4,10,isocontour,11.283791670955125,28751.32,60.5,17.2,7.8,1.101,-0.5,2.4,2.5,17.1,7.3,1.118,10,8,0,0,8
107.4,11,isocontour,11.283791670955125,30827.2,64.87,-17.1,-10.4,1.036,-1.2,-1.1,1.6,-4.6,-18.2,1.105,21,3,0,0,3
107.4,12,isocontour,11.283791670955125,28096.56,59.13,-12.5,-16.5,0.992,2.4,-2.6,3.5,-4.7,-18.2,1.106,21,3,0,0,3
107.4,13,isocontour,11.283791670955125,26497.57,55.76,20.6,-2.3,0.992,-1.1,2.9,3.1,17.1,7.3,1.118,10,2,0,0,2
107.4,14,isocontour,11.283791670955125,29039.6,61.11,9.0,-17.9,1.031,1.7,-1.8,2.5,-4.6,-18.2,1.105,21,2,0,0,2
107.4,15,isocontour,11.283791670955125,25227.74,53.09,-0.7,20.6,0.996,-0.9,0.1,0.9,17.1,7.3,1.118,10,3,0,0,3
107.4,16,isocontour,11.283791670955125,44356.82,93.34,-17.0,12.3,0.979,-2.7,-1.7,3.2,17.1,7.3,1.118,10,4,0,0,4
107.4,17,isocontour,11.283791670955125,26808.22,56.41,12.5,15.2,1.051,2.8,-0.3,2.8,17.1,7.3,1.118,10,9,0,0,9
107.4,18,isocontour,11.283791670955125,31882.73,67.09,-9.2,18.6,0.991,2.6,-0.9,2.8,17.1,7.3,1.118,10,4,0,0,4
107.4,19,isocontour,11.283791670955125,27299.25,57.45,-20.8,-2.8,0.98,0.4,-0.9,1.0,17.4,7.0,1.111,10,3,0,0,3
107.4,20,isocontour,11.283791670955125,29078.82,61.19,13.7,-15.7,0.985,-1.1,-0.5,1.2,-4.9,-18.2,1.102,21,1,0,0,1
107.4,21,isocontour,11.283791670955125,28870.25,60.75,-4.9,-18.1,1.108,-2.6,1.0,2.8,-4.9,-18.1,1.106,21,2,0,0,2
107.4,22,isocontour,11.283791670955125,31243.86,65.75,-18.0,-10.3,0.992,-2.2,0.3,2.2,-4.6,-18.2,1.105,21,3,0,0,3
107.4,23,isocontour,11.283791670955125,31366.59,66.01,-19.8,5.9,0.995,-0.8,-2.5,2.6,17.2,7.1,1.117,10,4,0,0,4
107.4,24,isocontour,11.283791670955125,29572.56,62.23,3.2,-20.5,0.99,-0.2,1.7,1.7,-4.7,-18.2,1.106,21,2,0,0,2
107.4,25,isocontour,11.283791670955125,29331.14,61.72,-15.6,12.3,1.043,-0.1,-2.2,2.2,17.1,7.3,1.118,10,4,0,0,4
107.4,Target,,,,,0.0,0.0,4.023,0.0,0.0,,,,,,,,,
107.5,1,isocontour,11.283791670955125,26391.43,55.54,12.2,17.0,0.982,1.1,-0.2,1.1,17.1,7.3,1.118,10,9,0,0,9
107.5,2,isocontour,11.283791670955125,25348.24,53.34,5.5,20.0,0.99,3.0,-0.1,3.0,17.1,7.3,1.118,10,7,0,0,7
107.5,3,isocontour,11.283791670955125,25554.54,53.78,9.5,18.5,0.988,-1.0,-1.7,2.0,17.1,7.3,1.118,10,8,0,0,8
107.5,4,isocontour,11.283791670955125,30802.64,64.82,16.8,12.2,0.99,1.9,-2.0,2.8,17.1,7.3,1.118,10,8,0,0,8
107.5,5,isocontour,11.283791670955125,29016.01,61.06,12.8,14.8,1.056,0.5,0.3,0.6,17.1,7.3,1.118,10,9,0,0,9
107.5,6,isocontour,11.283791670955125,30338.28,63.84,13.2,15.0,1.032,-2.6,0.5,2.6,17.1,7.3,1.118,10,9,0,0,9
107.5,7,isocontour,11.283791670955125,28359.87,59.68,-15.9,13.4,0.986,0.0,-1.1,1.1,17.1,7.3,1.118,10,4,0,0,4
107.5,8,isocontour,11.283791670955125,30757.56,64.73,13.4,14.4,1.053,-0.7,0.3,0.8,17.1,7.3,1.118,10,9,0,0,9
107.5,9,isocontour,11.283791670955125,28737.53,60.47,18.9,8.2,0.999,-2.4,0.6,2.5,17.1,7.3,1.118,10,8,0,0,8
107.5,10,isocontour,11.283791670955125,28750.86,60.5,17.1,7.9,1.101,-0.4,0.6,0.7,17.1,7.3,1.118,10,8,0,0,8
107.5,11,isocontour,11.283791670955125,30811.99,64.84,-17.0,-10.6,1.031,0.6,-2.2,2.3,17.4,7.0,1.111,10,3,0,0,3
107.5,12,isocontour,11.283791670955125,28017.62,58.96,-12.4,-16.9,0.98,1.1,-3.8,4.0,-4.9,-18.1,1.108,21,3,0,0,3
107.5,13,isocontour,11.283791670955125,26497.14,55.76,20.6,-2.3,0.993,-0.1,-0.7,0.7,17.1,7.3,1.118,10,2,0,0,2
107.5,14,isocontour,11.283791670955125,29013.01,61.05,8.8,-18.0,1.033,-2.7,-0.4,2.7,-4.7,-18.2,1.106,21,2,0,0,2
107.5,15,isocontour,11.283791670955125,25222.53,53.08,-0.7,20.8,0.989,0.4,1.5,1.6,17.1,7.3,1.118,10,3,0,0,3
107.5,16,isocontour,11.283791670955125,44347.55,93.32,-16.8,12.2,0.987,1.8,-0.7,1.9,17.1,7.3,1.118,10,4,0,0,4
107.5,17,isocontour,11.283791670955125,26770.94,56.34,12.3,15.2,1.06,-3.1,-0.0,3.1,17.1,7.3,1.118,10,9,0,0,9
107.5,18,isocontour,11.283791670955125,31855.85,67.04,-9.3,18.5,0.991,-2.6,-1.0,2.8,17.1,7.3,1.118,10,4,0,0,4
107.5,19,isocontour,11.283791670955125,27269.98,57.39,-20.6,-2.6,0.991,1.9,2.1,2.8,17.2,7.1,1.117,10,3,0,0,3
107.5,20,isocontour,11.283791670955125,29041.17,61.11,13.5,-15.8,0.989,-2.7,-1.4,3.0,-4.6,-18.2,1.105,21,1,0,0,1
107.5,21,isocontour,11.283791670955125,28855.63,60.72,-5.1,-18.2,1.098,-1.8,-1.3,2.2,-5.1,-18.2,1.108,21,2,0,0,2
107.5,22,isocontour,11.283791670955125,31219.51,65.7,-18.2,-10.2,0.986,-2.0,1.7,2.6,17.4,7.0,1.111,10,3,0,0,3
107.5,23,isocontour,11.283791670955125,31347.28,65.97,-19.8,5.7,0.997,-0.2,-2.5,2.5,17.1,7.3,1.118,10,4,0,0,4
107.5,24,isocontour,11.283791670955125,29547.67,62.18,3.4,-20.3,0.999,1.8,2.0,2.7,-4.9,-18.1,1.108,21,2,0,0,2
107.5,25,isocontour,11.283791670955125,29315.92,61.69,-15.7,12.1,1.043,-1.5,-1.7,2.3,17.1,7.3,1.118,10,4,0,0,4
107.5,Target,,,,,0.0,0.0,4.023,0.0,0.0,,,,,,,,,
107.6,1,isocontour,11.283791670955125,26377.38,55.51,12.4,16.9,0.981,1.9,-1.1,2.2,17.1,7.3,1.118,10,9,0,0,9
107.6,2,isocontour,11.283791670955125,25328.46,53.3,5.3,20.1,0.99,-2.4,0.6,2.5,17.1,7.3,1.118,10,7,0,0,7
107.6,3,isocontour,11.283791670955125,25538.73,53.74,9.4,18.3,1.0,-1.7,-1.6,2.3,17.1,7.3,1.118,10,8,0,0,8
107.6,4,isocontour,11.283791670955125,30756.0,64.72,17.1,12.0,0.984,2.8,-1.8,3.3,17.1,7.3,1.118,10,8,0,0,8
107.6,5,isocontour,11.283791670955125,29011.45,61.05,12.8,14.7,1.063,-0.4,-1.5,1.6,17.1,7.3,1.118,10,9,0,0,9
107.6,6,isocontour,11.283791670955125,30325.86,63.82,13.4,15.0,1.027,2.1,-0.3,2.1,17.1,7.3,1.118,10,9,0,0,9
107.6,7,isocontour,11.283791670955125,28329.03,59.61,-16.0,13.2,0.993,-0.7,-2.8,2.9,17.1,7.3,1.118,10,4,0,0,4
107.6,8,isocontour,11.283791670955125,30719.19,64.64,13.6,14.2,1.055,2.0,-2.4,3.1,17.1,7.3,1.118,10,9,0,0,9
107.6,9,isocontour,11.283791670955125,28729.23,60.46,18.7,8.3,1.004,-1.4,1.3,1.9,17.1,7.3,1.118,10,8,0,0,8
107.6,10,isocontour,11.283791670955125,28747.65,60.5,17.2,7.9,1.097,1.2,-0.6,1.3,17.1,7.3,1.118,10,8,0,0,8
107.6,11,isocontour,11.283791670955125,30785.69,64.78,-17.1,-10.4,1.033,-1.1,2.5,2.7,17.2,7.1,1.117,10,3,0,0,3
107.6,12,isocontour,11.283791670955125,27995.63,58.91,-12.6,-16.9,0.971,-2.6,0.1,2.6,17.4,7.0,1.111,10,3,0,0,3
107.6,13,isocontour,11.283791670955125,26478.07,55.72,20.6,-2.5,0.988,0.8,-2.3,2.4,17.1,7.3,1.118,10,2,0,0,2
107.6,14,isocontour,11.283791670955125,28983.12,60.99,8.5,-18.1,1.033,-2.5,-1.4,2.9,-4.9,-18.1,1.108,21,2,0,0,2
107.6,15,isocontour,11.283791670955125,25202.75,53.04,-0.9,20.7,0.992,-2.2,-1.2,2.5,17.1,7.3,1.118,10,3,0,0,3
107.6,16,isocontour,11.283791670955125,44317.35,93.26,-16.8,12.0,0.997,0.1,-2.9,2.9,17.1,7.3,1.118,10,4,0,0,4
107.6,17,isocontour,11.283791670955125,26737.83,56.27,12.3,15.0,1.067,1.5,-2.5,2.9,17.1,7.3,1.118,10,9,0,0,9
107.6,18,isocontour,11.283791670955125,31826.89,66.98,-9.2,18.6,0.99,2.4,1.5,2.8,17.1,7.3,1.118,10,4,0,0,4
107.6,19,isocontour,11.283791670955125,27240.09,57.32,-20.6,-2.8,0.991,0.1,-2.9,2.9,17.1,7.3,1.118,10,3,0,0,3
107.6,20,isocontour,11.283791670955125,29018.68,61.07,13.3,-16.0,0.989,-1.9,-1.8,2.6,-4.9,-18.1,1.108,21,2,0,0,2
107.6,21,isocontour,11.283791670955125,28853.37,60.72,-5.0,-18.2,1.1,1.2,0.3,1.2,-4.9,-18.1,1.108,21,2,0,0,2
107.6,22,isocontour,11.283791670955125,31175.35,65.6,-18.4,-9.9,0.982,-2.1,2.5,3.3,17.2,7.1,1.117,10,3,0,0,3
107.6,23,isocontour,11.283791670955125,31334.69,65.94,-20.0,5.7,0.987,-2.0,0.9,2.2,17.1,7.3,1.118,10,4,0,0,4
107.6,24,isocontour,11.283791670955125,29546.7,62.18,3.4,-20.4,0.996,-0.2,-0.9,0.9,-4.9,-18.1,1.108,21,3,0,0,3
107.6,25,isocontour,11.283791670955125,29292.38,61.64,-15.8,11.8,1.049,-0.4,-2.6,2.6,17.1,7.3,1.118,10,4,0,0,4
107.6,Target,,,,,0.0,0.0,4.023,0.0,0.0,,,,,,,,,
107.7,1,isocontour,11.283791670955125,26354.63,55.46,12.2,16.9,0.985,-2.5,0.8,2.6,17.1,7.3,1.118,10,9,0,0,9
107.7,2,isocontour,11.283791670955125,25316.22,53.27,5.2,20.3,0.982,-0.6,2.0,2.1,17.1,7.3,1.118,10,7,0,0,7
107.7,3,isocontour,11.283791670955125,25534.43,53.73,9.5,18.2,1.003,1.1,-1.0,1.5,17.1,7.3,1.118,10,8,0,0,8
107.7,4,isocontour,11.283791670955125,30755.1,64.72,17.1,12.1,0.983,-0.5,0.7,0.9,17.1,7.3,1.118,10,8,0,0,8
107.7,5,isocontour,11.283791670955125,28991.67,61.01,12.7,14.9,1.061,-1.5,2.0,2.5,17.1,7.3,1.118,10,9,0,0,9
107.7,6,isocontour,11.283791670955125,30323.19,63.81,13.3,15.0,1.03,-1.3,0.0,1.3,17.1,7.3,1.118,10,9,0,0,9
107.7,7,isocontour,11.283791670955125,28327.83,59.61,-15.9,13.2,0.994,0.6,0.7,0.9,17.1,7.3,1.118,10,4,0,0,4
107.7,8,isocontour,11.283791670955125,30698.45,64.6,13.4,14.3,1.054,-1.7,1.9,2.5,17.1,7.3,1.118,10,9,0,0,9
107.7,9,isocontour,11.283791670955125,28727.53,60.45,18.8,8.3,1.004,0.5,-1.0,1.1,17.1,7.3,1.118,10,8,0,0,8
107.7,10,isocontour,11.283791670955125,28726.92,60.45,17.3,8.1,1.088,0.5,2.5,2.5,17.1,7.3,1.118,10,8,0,0,8
107.7,11,isocontour,11.283791670955125,30784.69,64.78,-17.2,-10.3,1.033,-0.5,0.8,0.9,17.1,7.3,1.118,10,3,0,0,3
107.7,12,isocontour,11.283791670955125,27967.88,58.85,-12.7,-16.7,0.977,-1.0,2.6,2.8,17.2,7.1,1.117,10,3,0,0,3
107.7,13,isocontour,11.283791670955125,26440.79,55.64,20.6,-2.3,0.991,-0.3,3.1,3.1,17.1,7.3,1.118,10,2,0,0,2
107.7,14,isocontour,11.283791670955125,28980.63,60.99,8.4,-18.2,1.03,-0.9,-0.9,1.3,-4.9,-18.1,1.108,21,2,0,0,2
107.7,15,isocontour,11.283791670955125,25181.52,52.99,-1.2,20.7,0.992,-2.5,0.2,2.5,17.1,7.3,1.118,10,3,0,0,3
107.7,16,isocontour,11.283791670955125,44291.9,93.21,-16.9,11.8,0.999,-1.4,-2.3,2.7,17.1,7.3,1.118,10,4,0,0,4
107.7,17,isocontour,11.283791670955125,26631.88,56.04,12.1,15.2,1.066,-3.1,3.1,4.4,17.1,7.3,1.118,10,9,0,0,9
107.7,18,isocontour,11.283791670955125,31807.58,66.94,-9.3,18.5,0.991,-2.1,-1.3,2.5,17.1,7.3,1.118,10,4,0,0,4
107.7,19,isocontour,11.283791670955125,27214.36,57.27,-20.6,-2.6,0.991,-0.4,2.7,2.7,17.1,7.3,1.118,10,3,0,0,3
107.7,20,isocontour,11.283791670955125,28982.47,60.99,13.0,-16.1,0.994,-2.9,-0.8,3.0,-4.9,-18.1,1.108,21,2,0,0,2
107.7,21,isocontour,11.283791670955125,28842.91,60.7,-4.9,-18.3,1.096,1.6,-1.2,2.0,17.4,7.0,1.111,10,2,0,0,2
107.7,22,isocontour,11.283791670955125,31153.62,65.56,-18.5,-9.7,0.982,-1.0,2.3,2.5,17.1,7.3,1.118,10,3,0,0,3
107.7,23,isocontour,11.283791670955125,31333.25,65.94,-20.0,5.8,0.986,0.4,0.9,1.0,17.1,7.3,1.118,10,4,0,0,4
107.7,24,isocontour,11.283791670955125,29544.38,62.17,3.3,-20.4,0.994,-1.1,-0.6,1.3,-4.9,-18.1,1.108,21,3,0,0,3
107.7,25,isocontour,11.283791670955125,29266.65,61.59,-15.8,12.0,1.042,0.1,2.7,2.7,17.1,7.3,1.118,10,4,0,0,4
107.7,Target,,,,,0.0,0.0,4.023,0.0,0.0,,,,,,,,,
107.8,1,isocontour,11.283791670955125,26333.4,55.42,12.2,16.7,0.995,0.1,-2.5,2.5,17.1,7.3,1.118,10,9,0,0,9
107.8,2,isocontour,11.283791670955125,25313.78,53.27,5.3,20.2,0.982,1.0,-0.7,1.2,17.1,7.3,1.118,10,7,0,0,7
107.8,3,isocontour,11.283791670955125,25532.38,53.73,9.5,18.3,0.999,-0.1,1.2,1.2,17.1,7.3,1.118,10,8,0,0,8
107.8,4,isocontour,11.283791670955125,30745.97,64.7,16.9,12.2,0.983,-1.2,1.5,1.9,17.1,7.3,1.118,10,8,0,0,8
107.8,5,isocontour,11.283791670955125,28984.75,60.99,12.7,14.8,1.064,0.7,-1.6,1.7,17.1,7.3,1.118,10,9,0,0,9
107.8,6,isocontour,11.283791670955125,30312.89,63.79,13.1,14.9,1.041,-1.4,-1.4,2.0,17.1,7.3,1.118,10,9,0,0,9
107.8,7,isocontour,11.283791670955125,28321.47,59.6,-16.0,13.3,0.987,-0.9,1.4,1.7,17.1,7.3,1.118,10,4,0,0,4
107.8,8,isocontour,11.283791670955125,30680.06,64.56,13.2,14.4,1.061,-2.4,0.5,2.5,17.1,7.3,1.118,10,9,0,0,9
107.8,9,isocontour,11.283791670955125,28725.48,60.45,18.9,8.2,1.0,1.1,-0.2,1.1,17.1,7.3,1.118,10,8,0,0,8
107.8,10,isocontour,11.283791670955125,28709.63,60.42,17.4,8.3,1.077,1.0,2.2,2.4,17.1,7.3,1.118,10,8,0,0,8
107.8,11,isocontour,11.283791670955125,30762.7,64.74,-17.3,-10.1,1.032,-1.4,2.2,2.6,17.1,7.3,1.118,10,3,0,0,3
107.8,12,isocontour,11.283791670955125,27959.58,58.84,-12.8,-16.6,0.978,-1.5,1.1,1.9,17.1,7.3,1.118,10,3,0,0,3
107.8,13,isocontour,11.283791670955125,26420.77,55.6,20.6,-2.5,0.99,-0.0,-2.5,2.5,17.1,7.3,1.118,10,2,0,0,2
107.8,14,isocontour,11.283791670955125,28948.83,60.92,8.1,-18.3,1.034,-2.9,-0.4,2.9,-4.9,-18.1,1.108,21,2,0,0,2
107.8,15,isocontour,11.283791670955125,25156.63,52.94,-1.3,20.9,0.98,-1.5,2.3,2.7,17.1,7.3,1.118,10,3,0,0,3
107.8,16,isocontour,11.283791670955125,44267.55,93.16,-17.1,11.6,0.997,-1.8,-1.9,2.6,17.1,7.3,1.118,10,4,0,0,4
107.8,17,isocontour,11.283791670955125,26629.14,56.04,12.2,15.2,1.064,1.1,-0.6,1.3,17.1,7.3,1.118,10,9,0,0,9
107.8,18,isocontour,11.283791670955125,31794.63,66.91,-9.2,18.6,0.991,1.9,1.0,2.1,17.1,7.3,1.118,10,4,0,0,4
107.8,19,isocontour,11.283791670955125,27194.58,57.23,-20.7,-2.4,0.988,-0.9,2.3,2.5,17.1,7.3,1.118,10,3,0,0,3
107.8,20,isocontour,11.283791670955125,28963.86,60.95,13.2,-16.0,0.99,2.4,0.5,2.5,-4.9,-18.1,1.108,21,2,0,0,2
107.8,21,isocontour,11.283791670955125,28815.45,60.64,-4.6,-18.3,1.1,2.8,0.0,2.8,17.2,7.1,1.117,10,2,0,0,2
107.8,22,isocontour,11.283791670955125,31152.37,65.56,-18.6,-9.6,0.983,-0.3,0.9,0.9,17.1,7.3,1.118,10,3,0,0,3
107.8,23,isocontour,11.283791670955125,31329.9,65.93,-19.9,5.9,0.99,1.1,0.8,1.4,17.1,7.3,1.118,10,4,0,0,4
107.8,24,isocontour,11.283791670955125,29431.02,61.93,2.9,-20.5,0.992,-4.4,-1.0,4.5,17.4,7.0,1.111,10,3,0,0,3
107.8,25,isocontour,11.283791670955125,29259.72,61.57,-15.9,12.0,1.035,-1.7,-0.4,1.7,17.1,7.3,1.118,10,4,0,0,4
107.8,Target,,,,,0.0,0.0,4.023,0.0,0.0,,,,,,,,,
107.9,1,isocontour,11.283791670955125,26312.41,55.37,12.1,16.9,0.992,-1.4,2.1,2.5,17.1,7.3,1.118,10,9,0,0,9
107.9,2,isocontour,11.283791670955125,25311.11,53.26,5.4,20.1,0.985,1.0,-0.8,1.3,17.1,7.3,1.118,10,7,0,0,7
107.9,3,isocontour,11.283791670955125,25512.13,53.69,9.3,18.4,0.996,-2.0,1.5,2.5,17.1,7.3,1.118,10,8,0,0,8
107.9,4,isocontour,11.283791670955125,30708.33,64.62,17.0,12.0,0.986,1.3,-2.8,3.1,17.1,7.3,1.118,10,8,0,0,8
107.9,5,isocontour,11.283791670955125,28958.16,60.94,12.6,14.5,1.079,-1.3,-2.4,2.7,17.1,7.3,1.118,10,9,0,0,9
107.9,6,isocontour,11.283791670955125,30304.45,63.77,13.3,14.8,1.04,1.7,-0.7,1.8,17.1,7.3,1.118,10,9,0,0,9
107.9,7,isocontour,11.283791670955125,28320.27,59.6,-16.0,13.3,0.989,0.2,-0.9,0.9,17.1,7.3,1.118,10,4,0,0,4
107.9,8,isocontour,11.283791670955125,30644.21,64.49,13.3,14.2,1.068,1.2,-2.8,3.0,17.1,7.3,1.118,10,9,0,0,9
107.9,9,isocontour,11.283791670955125,28701.13,60.4,19.0,8.1,0.994,1.9,-1.9,2.7,17.1,7.3,1.118,10,8,0,0,8
107.9,10,isocontour,11.283791670955125,28694.62,60.38,17.6,8.2,1.07,1.8,-1.3,2.2,17.1,7.3,1.118,10,8,0,0,8
107.9,11,isocontour,11.283791670955125,30740.21,64.69,-17.3,-9.8,1.038,-0.2,2.6,2.6,17.1,7.3,1.118,10,3,0,0,3
107.9,12,isocontour,11.283791670955125,27957.63,58.83,-12.9,-16.5,0.978,-0.9,0.7,1.1,17.1,7.3,1.118,10,3,0,0,3
107.9,13,isocontour,11.283791670955125,26385.62,55.53,20.6,-2.2,0.992,-0.1,3.0,3.0,17.1,7.3,1.118,10,2,0,0,2
107.9,14,isocontour,11.283791670955125,28948.29,60.92,8.0,-18.3,1.035,-0.7,-0.2,0.7,17.4,7.0,1.111,10,2,0,0,2
107.9,15,isocontour,11.283791670955125,25153.76,52.93,-1.2,20.9,0.978,1.3,0.1,1.3,17.1,7.3,1.118,10,3,0,0,3
107.9,16,isocontour,11.283791670955125,44203.1,93.02,-17.4,11.4,0.988,-3.3,-1.7,3.7,17.1,7.3,1.118,10,4,0,0,4
107.9,17,isocontour,11.283791670955125,26591.13,55.96,12.4,15.0,1.065,2.2,-2.2,3.1,17.1,7.3,1.118,10,9,0,0,9
107.9,18,isocontour,11.283791670955125,31793.46,66.91,-9.1,18.7,0.989,0.6,0.7,0.9,17.1,7.3,1.118,10,4,0,0,4
107.9,19,isocontour,11.283791670955125,27108.28,57.05,-20.7,-2.0,0.989,-0.1,4.1,4.1,17.1,7.3,1.118,10,3,0,0,3
107.9,20,isocontour,11.283791670955125,28880.68,60.78,13.5,-16.0,0.981,3.9,0.9,4.0,17.4,7.0,1.111,10,2,0,0,2
107.9,21,isocontour,11.283791670955125,28786.18,60.58,-4.3,-18.3,1.104,2.8,-0.0,2.8,17.1,7.3,1.118,10,2,0,0,2
107.9,22,isocontour,11.283791670955125,31138.13,65.53,-18.5,-9.4,0.991,0.7,2.1,2.2,17.1,7.3,1.118,10,3,0,0,3
107.9,23,isocontour,11.283791670955125,31329.16,65.93,-19.9,5.8,0.992,-0.1,-0.8,0.8,17.1,7.3,1.118,10,4,0,0,4
107.9,24,isocontour,11.283791670955125,29428.76,61.93,2.8,-20.6,0.986,-0.3,-1.2,1.2,17.2,7.1,1.117,10,3,0,0,3
107.9,25,isocontour,11.283791670955125,29254.22,61.56,-16.0,12.2,1.03,0.1,1.6,1.6,17.1,7.3,1.118,10,4,0,0,4
107.9,Target,,,,,0.0,0.0,4.023,0.0,0.0,,,,,,,,,
108.0,1,isocontour,11.283791670955125,26291.68,55.33,12.0,17.1,0.984,-0.7,2.4,2.5,12.0,17.1,0.992,1,9,0,0,9
108.0,2,isocontour,11.283791670955125,25284.52,53.21,5.6,20.0,0.992,1.9,-2.0,2.8,5.6,20.0,0.985,2,7,0,0,7
108.0,3,isocontour,11.283791670955125,25411.87,53.48,9.0,18.7,0.993,-3.5,2.5,4.3,9.0,18.7,0.996,3,8,0,0,8
108.0,4,isocontour,11.283791670955125,30702.93,64.61,16.9,11.9,0.993,-1.6,-0.0,1.6,16.9,11.9,0.986,4,8,0,0,8
108.0,5,isocontour,11.283791670955125,28957.16,60.94,12.7,14.5,1.077,0.7,0.6,0.9,12.7,14.5,1.079,5,9,0,0,9
108.0,6,isocontour,11.283791670955125,30299.05,63.76,13.2,14.9,1.038,-1.1,1.2,1.6,13.2,14.9,1.04,6,9,0,0,9
108.0,7,isocontour,11.283791670955125,28317.65,59.59,-16.0,13.2,0.994,0.1,-1.3,1.3,-16.0,13.2,0.989,7,4,0,0,4
108.0,8,isocontour,11.283791670955125,30643.21,64.48,13.2,14.2,1.07,-0.7,0.6,0.9,13.2,14.2,1.068,8,9,0,0,9
108.0,9,isocontour,11.283791670955125,28642.73,60.28,19.3,7.9,0.982,3.2,-1.5,3.5,19.3,7.9,0.994,9,8,0,0,8
108.0,10,isocontour,11.283791670955125,28678.39,60.35,17.5,8.4,1.068,-0.9,2.1,2.3,17.5,8.4,1.07,10,8,0,0,8
108.0,11,isocontour,11.283791670955125,30731.77,64.67,-17.5,-9.7,1.035,-1.5,1.2,1.9,-17.5,-9.7,1.038,11,3,0,0,3
108.0,12,isocontour,11.283791670955125,27947.79,58.81,-13.1,-16.4,0.977,-1.6,1.1,1.9,-13.1,-16.4,0.978,12,3,0,0,3
108.0,13,isocontour,11.283791670955125,26364.64,55.48,20.6,-2.4,0.99,0.1,-2.5,2.5,20.6,-2.4,0.992,13,2,0,0,2
108.0,14,isocontour,11.283791670955125,28923.12,60.87,7.8,-18.3,1.038,-2.6,-0.6,2.7,7.8,-18.3,1.035,14,2,0,0,2
108.0,15,isocontour,11.283791670955125,25116.84,52.86,-1.0,20.9,0.983,2.9,-0.9,3.0,-1.0,20.9,0.978,15,3,0,0,3
108.0,16,isocontour,11.283791670955125,44202.68,93.02,-17.4,11.4,0.988,0.6,0.3,0.7,-17.4,11.4,0.988,16,4,0,0,4
108.0,17,isocontour,11.283791670955125,26559.01,55.89,12.6,15.0,1.055,2.9,0.3,2.9,12.6,15.0,1.065,17,9,0,0,9
108.0,18,isocontour,11.283791670955125,31762.31,66.84,-9.3,18.5,0.993,-2.1,-2.0,2.9,-9.3,18.5,0.989,18,4,0,0,4
108.0,19,isocontour,11.283791670955125,27094.6,57.02,-20.5,-1.9,0.999,2.1,0.7,2.2,-20.5,-1.9,0.989,19,3,0,0,3
108.0,20,isocontour,11.283791670955125,28879.23,60.77,13.5,-15.9,0.983,-1.0,0.3,1.0,13.5,-15.9,0.981,20,1,0,0,1
108.0,21,isocontour,11.283791670955125,28758.72,60.52,-4.1,-18.4,1.104,2.7,-0.6,2.8,-4.1,-18.4,1.104,21,2,0,0,2
108.0,22,isocontour,11.283791670955125,31137.71,65.53,-18.5,-9.4,0.989,-0.6,-0.2,0.6,-18.5,-9.4,0.991,22,3,0,0,3
108.0,23,isocontour,11.283791670955125,31326.96,65.92,-20.0,5.8,0.988,-1.1,-0.5,1.2,-20.0,5.8,0.992,23,4,0,0,4
108.0,24,isocontour,11.283791670955125,29413.94,61.9,3.0,-20.7,0.984,2.3,-0.0,2.3,3.0,-20.7,0.986,24,2,0,0,2
108.0,25,isocontour,11.283791670955125,29249.3,61.55,-15.9,12.1,1.037,0.8,-1.3,1.5,-15.9,12.1,1.03,25,4,0,0,4
108.0,Target,,,,,0.0,0.0,4.023,0.0,0.0,,,,,,,,,
108.1,1,isocontour,11.283791670955125,26275.24,55.29,11.8,17.1,0.99,-2.3,-0.1,2.3,12.7,14.5,1.079,5,8,0,0,8
108.1,2,isocontour,11.283791670955125,25264.26,53.17,5.4,20.0,0.994,-2.5,0.4,2.5,12.7,14.5,1.079,5,7,0,0,7
108.1,3,isocontour,11.283791670955125,25338.17,53.32,8.7,18.9,0.988,-3.0,2.4,3.8,12.7,14.5,1.079,5,8,0,0,8
108.1,4,isocontour,11.283791670955125,30702.48,64.61,16.9,11.9,0.994,0.4,-0.6,0.7,12.7,14.5,1.079,5,8,0,0,8
108.1,5,isocontour,11.283791670955125,28950.12,60.92,12.5,14.6,1.081,-1.8,0.1,1.8,12.5,14.6,1.079,5,9,0,0,9
108.1,6,isocontour,11.283791670955125,30281.1,63.72,13.0,15.1,1.037,-1.6,1.8,2.4,12.7,14.5,1.079,5,9,0,0,9
108.1,7,isocontour,11.283791670955125,28315.71,59.59,-16.1,13.1,0.993,-0.9,-0.7,1.1,-15.9,12.1,1.037,25,4,0,0,4
108.1,8,isocontour,11.283791670955125,30631.3,64.46,13.1,14.2,1.074,-2.0,0.8,2.2,12.7,14.5,1.079,5,9,0,0,9
108.1,9,isocontour,11.283791670955125,28642.37,60.27,19.3,7.9,0.983,-0.6,0.0,0.6,12.7,14.5,1.079,5,7,0,0,7
108.1,10,isocontour,11.283791670955125,28673.47,60.34,17.4,8.5,1.074,-1.4,0.6,1.5,12.7,14.5,1.079,5,8,0,0,8
108.1,11,isocontour,11.283791670955125,30706.32,64.62,-17.5,-9.5,1.038,-0.7,2.6,2.7,-17.5,-9.5,1.038,11,3,0,0,3
108.1,12,isocontour,11.283791670955125,27947.2,58.81,-13.1,-16.3,0.979,-0.3,0.7,0.8,-4.1,-18.4,1.104,21,3,0,0,3
108.1,13,isocontour,11.283791670955125,26364.17,55.48,20.6,-2.5,0.991,-0.2,-0.7,0.7,17.5,8.4,1.07,10,2,0,0,2
108.1,14,isocontour,11.283791670955125,28920.74,60.86,7.8,-18.3,1.038,1.1,0.5,1.2,7.8,-18.3,1.038,14,2,0,0,2
108.1,15,isocontour,11.283791670955125,25113.04,52.85,-0.8,20.8,0.989,0.9,-1.1,1.4,9.0,18.7,0.996,3,3,0,0,3
108.1,16,isocontour,11.283791670955125,44195.99,93.01,-17.2,11.4,0.994,1.7,0.5,1.8,-15.9,12.1,1.037,25,4,0,0,4
108.1,17,isocontour,11.283791670955125,26465.57,55.69,12.5,15.4,1.043,-1.7,3.8,4.2,12.7,14.5,1.079,5,9,0,0,9
108.1,18,isocontour,11.283791670955125,31759.94,66.83,-9.3,18.6,0.989,0.4,1.2,1.3,-15.9,12.1,1.037,25,4,0,0,4
108.1,19,isocontour,11.283791670955125,27092.23,57.01,-20.5,-2.0,1.001,0.2,-1.2,1.2,-17.5,-9.7,1.038,11,3,0,0,3
108.1,20,isocontour,11.283791670955125,28860.16,60.73,13.4,-16.1,0.983,-1.7,-1.7,2.4,7.8,-18.3,1.038,14,1,0,0,1
108.1,21,isocontour,11.283791670955125,28736.23,60.47,-3.8,-18.5,1.1,2.2,-1.3,2.6,-3.8,-18.5,1.104,21,2,0,0,2
108.1,22,isocontour,11.283791670955125,31097.08,65.44,-18.7,-9.2,0.984,-2.2,2.2,3.1,-17.5,-9.7,1.038,11,3,0,0,3
108.1,23,isocontour,11.283791670955125,31301.5,65.87,-20.1,5.6,0.983,-1.4,-2.3,2.7,-15.9,12.1,1.037,25,4,0,0,4
108.1,24,isocontour,11.283791670955125,29405.64,61.88,3.0,-20.5,0.992,-0.1,1.9,1.9,-4.1,-18.4,1.104,21,2,0,0,2
108.1,25,isocontour,11.283791670955125,29247.9,61.55,-15.8,12.1,1.04,0.9,0.5,1.0,-15.8,12.1,1.037,25,4,0,0,4
108.1,Target,,,,,0.0,0.0,4.023,0.0,0.0,,,,,,,,,
108.2,1,isocontour,11.283791670955125,26270.03,55.28,11.8,17.0,0.995,0.6,-1.5,1.6,12.5,14.6,1.081,5,8,0,0,8
108.2,2,isocontour,11.283791670955125,25244.01,53.12,5.2,20.0,0.995,-2.4,0.6,2.5,12.5,14.6,1.081,5,7,0,0,7
108.2,3,isocontour,11.283791670955125,25336.51,53.32,8.7,18.9,0.989,0.7,-0.8,1.1,12.5,14.6,1.081,5,8,0,0,8
108.2,4,isocontour,11.283791670955125,30697.27,64.6,17.0,11.8,0.995,0.8,-1.4,1.6,12.5,14.6,1.081,5,8,0,0,8
108.2,5,isocontour,11.283791670955125,28941.14,60.9,12.3,14.6,1.084,-1.6,1.0,1.9,12.3,14.6,1.081,5,9,0,0,9
108.2,6,isocontour,11.283791670955125,30253.93,63.67,12.8,15.2,1.038,-2.3,1.5,2.7,12.5,14.6,1.081,5,9,0,0,9
108.2,7,isocontour,11.283791670955125,28291.63,59.54,-16.0,13.3,0.99,1.2,2.4,2.7,-15.8,12.1,1.04,25,4,0,0,4
108.2,8,isocontour,11.283791670955125,30626.65,64.45,12.9,14.3,1.077,-1.4,0.7,1.6,12.5,14.6,1.081,5,9,0,0,9
108.2,9,isocontour,11.283791670955125,28623.76,60.24,19.1,7.9,0.995,-2.4,-0.6,2.5,12.5,14.6,1.081,5,7,0,0,7
108.2,10,isocontour,11.283791670955125,28667.76,60.33,17.2,8.6,1.078,-1.2,1.1,1.6,12.5,14.6,1.081,5,7,0,0,7
108.2,11,isocontour,11.283791670955125,30705.71,64.62,-17.6,-9.4,1.038,-0.5,0.6,0.8,-4.1,-18.4,1.104,21,3,0,0,3
108.2,12,isocontour,11.283791670955125,27937.2,58.79,-13.3,-16.2,0.979,-1.6,1.2,2.0,-4.1,-18.4,1.104,21,3,0,0,3
108.2,13,isocontour,11.283791670955125,26362.73,55.48,20.6,-2.4,0.992,-0.2,1.0,1.0,12.7,14.5,1.079,5,1,0,0,1
108.2,14,isocontour,11.283791670955125,28918.37,60.86,7.8,-18.4,1.037,-1.0,-0.6,1.2,-4.1,-18.4,1.104,21,2,0,0,2
108.2,15,isocontour,11.283791670955125,25110.48,52.84,-0.7,20.7,0.991,1.2,-0.0,1.2,12.7,14.5,1.079,5,3,0,0,3
108.2,16,isocontour,11.283791670955125,44194.63,93.0,-17.3,11.4,0.993,-0.9,-0.5,1.0,-15.8,12.1,1.04,25,4,0,0,4
108.2,17,isocontour,11.283791670955125,26439.84,55.64,12.3,15.5,1.046,-2.5,1.0,2.7,12.5,14.6,1.081,5,9,0,0,9
108.2,18,isocontour,11.283791670955125,31736.39,66.79,-9.4,18.4,0.995,-1.3,-2.3,2.6,-15.8,12.1,1.04,25,4,0,0,4
108.2,19,isocontour,11.283791670955125,27074.94,56.98,-20.5,-1.8,0.998,-0.9,2.2,2.4,-17.5,-9.7,1.038,11,3,0,0,3
108.2,20,isocontour,11.283791670955125,28824.31,60.66,13.1,-16.2,0.989,-3.0,-0.7,3.1,-4.1,-18.4,1.104,21,2,0,0,2
108.2,21,isocontour,11.283791670955125,28734.66,60.47,-3.7,-18.6,1.097,0.9,-0.5,1.0,-3.7,-18.6,1.104,21,2,0,0,2
108.2,22,isocontour,11.283791670955125,31090.16,65.43,-18.7,-9.0,0.989,0.7,1.6,1.7,-4.1,-18.4,1.104,21,3,0,0,3
108.2,23,isocontour,11.283791670955125,31300.33,65.87,-20.1,5.5,0.987,0.6,-0.7,0.9,-15.8,12.1,1.04,25,4,0,0,4
108.2,24,isocontour,11.283791670955125,29403.2,61.88,2.9,-20.5,0.996,-1.2,0.3,1.2,-4.1,-18.4,1.104,21,3,0,0,3
108.2,25,isocontour,11.283791670955125,29237.6,61.53,-15.8,12.3,1.032,-0.6,1.9,2.0,-15.8,12.3,1.04,25,4,0,0,4
108.2,Target,,,,,0.0,0.0,4.023,0.0,0.0,,,,,,,,,
108.3,1,isocontour,11.283791670955125,26247.28,55.23,11.9,17.2,0.983,1.4,2.2,2.6,12.3,14.6,1.084,5,8,0,0,8
108.3,2,isocontour,11.283791670955125,25224.47,53.08,5.0,20.2,0.986,-1.2,2.2,2.5,12.3,14.6,1.084,5,7,0,0,7
108.3,3,isocontour,11.283791670955125,25321.3,53.29,8.7,18.7,0.999,0.2,-2.3,2.3,12.3,14.6,1.084,5,8,0,0,8
108.3,4,isocontour,11.283791670955125,30625.82,64.45,17.3,11.7,0.982,3.8,-0.6,3.8,12.3,14.6,1.084,5,8,0,0,8
108.3,5,isocontour,11.283791670955125,28937.09,60.89,12.4,14.7,1.077,1.3,0.7,1.5,12.4,14.7,1.084,5,9,0,0,9
108.3,6,isocontour,11.283791670955125,30249.72,63.66,12.8,15.1,1.043,0.4,-1.4,1.5,12.3,14.6,1.084,5,9,0,0,9
108.3,7,isocontour,11.283791670955125,28272.79,59.5,-15.9,13.5,0.983,0.3,2.4,2.4,-15.8,12.1,1.04,25,4,0,0,4
108.3,8,isocontour,11.283791670955125,30621.82,64.44,12.8,14.4,1.077,-1.1,1.1,1.6,12.3,14.6,1.084,5,9,0,0,9
108.3,9,isocontour,11.283791670955125,28620.55,60.23,19.1,8.0,0.993,0.5,1.3,1.4,12.3,14.6,1.084,5,7,0,0,7
108.3,10,isocontour,11.283791670955125,28639.1,60.27,17.2,8.8,1.074,-0.4,2.8,2.8,12.3,14.6,1.084,5,7,0,0,7
108.3,11,isocontour,11.283791670955125,30705.12,64.62,-17.6,-9.3,1.037,-0.4,0.6,0.7,-4.1,-18.4,1.104,21,3,0,0,3
108.3,12,isocontour,11.283791670955125,27921.99,58.76,-13.4,-16.1,0.98,-1.7,1.6,2.3,-4.1,-18.4,1.104,21,3,0,0,3
108.3,13,isocontour,11.283791670955125,26342.0,55.43,20.6,-2.6,0.991,0.0,-2.5,2.5,12.5,14.6,1.081,5,1,0,0,1
108.3,14,isocontour,11.283791670955125,28887.53,60.79,7.5,-18.4,1.041,-2.9,-0.4,2.9,-4.1,-18.4,1.104,21,2,0,0,2
108.3,15,isocontour,11.283791670955125,25106.27,52.83,-0.7,20.9,0.984,0.6,1.4,1.5,12.5,14.6,1.081,5,3,0,0,3
108.3,16,isocontour,11.283791670955125,44127.01,92.86,-17.5,11.1,0.992,-2.1,-3.1,3.7,-15.8,12.1,1.04,25,4,0,0,4
108.3,17,isocontour,11.283791670955125,26417.6,55.59,12.3,15.3,1.056,0.3,-2.6,2.6,12.3,14.6,1.084,5,9,0,0,9
108.3,18,isocontour,11.283791670955125,31733.59,66.78,-9.4,18.5,0.993,0.5,1.2,1.3,12.7,14.5,1.079,5,4,0,0,4
108.3,19,isocontour,11.283791670955125,27073.19,56.97,-20.6,-1.7,0.993,-1.0,0.4,1.1,-4.1,-18.4,1.104,21,3,0,0,3
108.3,20,isocontour,11.283791670955125,28821.87,60.65,12.9,-16.2,0.991,-1.1,-0.5,1.2,-4.1,-18.4,1.104,21,2,0,0,2
108.3,21,isocontour,11.283791670955125,28702.86,60.4,-3.5,-18.6,1.096,2.8,-0.7,2.9,-3.5,-18.6,1.104,21,2,0,0,2
108.3,22,isocontour,11.283791670955125,31085.05,65.41,-18.8,-8.9,0.989,-1.0,1.2,1.6,-4.1,-18.4,1.104,21,3,0,0,3
108.3,23,isocontour,11.283791670955125,31299.3,65.87,-20.1,5.4,0.989,0.1,-0.9,0.9,-15.8,12.1,1.04,25,4,0,0,4
108.3,24,isocontour,11.283791670955125,29400.0,61.87,2.9,-20.6,0.991,-0.6,-1.2,1.3,-4.1,-18.4,1.104,21,3,0,0,3
108.3,25,isocontour,11.283791670955125,29228.19,61.51,-15.7,12.3,1.036,1.8,0.6,1.9,-15.7,12.3,1.04,25,4,0,0,4
108.3,Target,,,,,0.0,0.0,4.023,0.0,0.0,,,,,,,,,
108.4,1,isocontour,11.283791670955125,26217.7,55.17,11.8,17.4,0.973,-0.9,2.7,2.8,12.3,14.6,1.084,5,8,0,0,8
108.4,2,isocontour,11.283791670955125,25222.32,53.08,5.1,20.2,0.986,1.0,-0.6,1.2,12.3,14.6,1.084,5,7,0,0,7
108.4,3,isocontour,11.283791670955125,25320.86,53.28,8.7,18.7,0.998,-0.2,0.7,0.7,12.3,14.6,1.084,5,8,0,0,8
108.4,4,isocontour,11.283791670955125,30625.76,64.45,17.4,11.7,0.98,0.1,-0.3,0.3,12.3,14.6,1.084,5,8,0,0,8
108.4,5,isocontour,11.283791670955125,28802.01,60.61,12.1,15.0,1.077,-3.7,2.9,4.7,12.1,15.0,1.084,5,9,0,0,9
108.4,6,isocontour,11.283791670955125,30247.29,63.65,12.9,15.2,1.037,1.0,0.7,1.2,12.3,14.6,1.084,5,9,0,0,9
108.4,7,isocontour,11.283791670955125,28245.91,59.44,-15.7,13.5,0.995,2.5,-1.2,2.8,12.7,14.5,1.079,5,4,0,0,4
108.4,8,isocontour,11.283791670955125,30619.98,64.44,12.8,14.5,1.071,0.7,0.9,1.1,12.3,14.6,1.084,5,9,0,0,9
108.4,9,isocontour,11.283791670955125,28620.01,60.23,19.2,7.9,0.989,0.7,-0.2,0.7,12.3,14.6,1.084,5,7,0,0,7
108.4,10,isocontour,11.283791670955125,28636.36,60.26,17.2,9.0,1.07,-0.1,1.3,1.3,12.3,14.6,1.084,5,7,0,0,7
108.4,11,isocontour,11.283791670955125,30704.39,64.61,-17.7,-9.2,1.036,-0.5,0.6,0.8,-4.1,-18.4,1.104,21,3,0,0,3
108.4,12,isocontour,11.283791670955125,27901.74,58.72,-13.5,-15.8,0.987,-0.5,2.5,2.5,-4.1,-18.4,1.104,21,3,0,0,3
108.4,13,isocontour,11.283791670955125,26341.51,55.43,20.6,-2.7,0.991,-0.1,-0.7,0.7,12.3,14.6,1.084,5,1,0,0,1
108.4,14,isocontour,11.283791670955125,28885.59,60.79,7.6,-18.5,1.036,0.9,-0.7,1.1,-4.1,-18.4,1.104,21,3,0,0,3
108.4,15,isocontour,11.283791670955125,25105.46,52.83,-0.7,20.8,0.985,-0.7,-0.4,0.8,12.3,14.6,1.084,5,3,0,0,3
108.4,16,isocontour,11.283791670955125,44104.51,92.81,-17.7,10.9,0.988,-2.0,-1.7,2.6,12.7,14.5,1.079,5,4,0,0,4
108.4,17,isocontour,11.283791670955125,26304.24,55.35,12.0,15.5,1.06,-3.8,2.3,4.4,12.3,14.6,1.084,5,9,0,0,9
108.4,18,isocontour,11.283791670955125,31601.05,66.5,-9.0,18.8,0.987,3.6,3.1,4.8,12.5,14.6,1.081,5,4,0,0,4
108.4,19,isocontour,11.283791670955125,27054.58,56.93,-20.7,-1.6,0.988,-1.0,2.2,2.4,-4.1,-18.4,1.104,21,3,0,0,3
108.4,20,isocontour,11.283791670955125,28805.65,60.62,13.1,-16.2,0.986,2.3,0.3,2.3,-4.1,-18.4,1.104,21,2,0,0,2
108.4,21,isocontour,11.283791670955125,28676.85,60.35,-3.2,-18.7,1.097,2.7,-0.4,2.7,-3.2,-18.7,1.104,21,3,0,0,3
108.4,22,isocontour,11.283791670955125,31083.25,65.41,-18.9,-8.8,0.987,-0.7,0.9,1.1,-4.1,-18.4,1.104,21,3,0,0,3
108.4,23,isocontour,11.283791670955125,31281.8,65.83,-19.9,5.3,1.0,1.8,-1.5,2.3,-4.1,-18.4,1.104,21,4,0,0,4
108.4,24,isocontour,11.283791670955125,29288.14,61.63,2.5,-20.7,0.984,-4.0,-1.9,4.4,-4.1,-18.4,1.104,21,3,0,0,3
108.4,25,isocontour,11.283791670955125,29205.69,61.46,-15.4,12.4,1.046,2.5,0.5,2.5,12.7,14.5,1.079,5,4,0,0,4
108.4,Target,,,,,0.0,0.0,4.023,0.0,0.0,,,,,,,,,
108.5,1,isocontour,11.283791670955125,26216.09,55.17,11.8,17.5,0.973,-1.0,0.4,1.1,12.3,14.6,1.084,5,8,0,0,8
108.5,2,isocontour,11.283791670955125,25188.53,53.01,5.3,20.1,0.987,2.9,-0.8,3.0,12.3,14.6,1.084,5,7,0,0,7
108.5,3,isocontour,11.283791670955125,25315.25,53.27,8.7,18.8,0.991,-0.2,1.6,1.6,12.3,14.6,1.084,5,8,0,0,8
108.5,4,isocontour,11.283791670955125,30596.19,64.39,17.2,11.7,0.988,-2.7,1.0,2.9,12.3,14.6,1.084,5,8,0,0,8
108.5,5,isocontour,11.283791670955125,28797.09,60.6,11.9,15.0,1.08,-1.5,0.3,1.5,11.9,15.0,1.084,5,9,0,0,9
108.5,6,isocontour,11.283791670955125,30241.26,63.64,12.9,15.3,1.034,-0.9,1.4,1.7,12.3,14.6,1.084,5,9,0,0,9
108.5,7,isocontour,11.283791670955125,28238.99,59.43,-15.5,13.5,1.0,1.6,0.7,1.7,-4.1,-18.4,1.104,21,4,0,0,4
108.5,8,isocontour,11.283791670955125,30617.72,64.43,12.8,14.6,1.07,-0.8,0.9,1.2,12.3,14.6,1.084,5,9,0,0,9
108.5,9,isocontour,11.283791670955125,28608.92,60.2,19.2,7.8,0.993,-0.2,-2.0,2.0,12.3,14.6,1.084,5,7,0,0,7
108.5,10,isocontour,11.283791670955125,28631.44,60.25,17.1,9.1,1.072,-1.1,1.1,1.6,12.3,14.6,1.084,5,7,0,0,7
108.5,11,isocontour,11.283791670955125,30703.45,64.61,-17.7,-9.2,1.036,-0.4,0.8,0.9,-4.1,-18.4,1.104,21,3,0,0,3
108.5,12,isocontour,11.283791670955125,27894.45,58.7,-13.6,-15.7,0.987,-1.5,1.0,1.8,-4.1,-18.4,1.104,21,3,0,0,3
108.5,13,isocontour,11.283791670955125,26340.61,55.43,20.6,-2.8,0.991,-0.2,-0.9,0.9,12.3,14.6,1.084,5,1,0,0,1
108.5,14,isocontour,11.283791670955125,28865.82,60.74,7.8,-18.4,1.032,2.5,0.3,2.5,-4.1,-18.4,1.104,21,3,0,0,3
108.5,15,isocontour,11.283791670955125,25102.84,52.83,-0.6,20.8,0.988,1.1,-0.6,1.3,12.3,14.6,1.084,5,3,0,0,3
108.5,16,isocontour,11.283791670955125,44031.38,92.66,-17.9,10.6,0.988,-1.9,-3.4,3.9,-4.1,-18.4,1.104,21,3,0,0,3
108.5,17,isocontour,11.283791670955125,26245.34,55.23,11.8,15.8,1.05,-1.0,3.4,3.5,12.3,14.6,1.084,5,9,0,0,9
108.5,18,isocontour,11.283791670955125,31600.01,66.5,-9.0,18.7,0.987,-0.6,-0.7,0.9,12.3,14.6,1.084,5,3,0,0,3
108.5,19,isocontour,11.283791670955125,27030.23,56.88,-20.9,-1.3,0.982,-1.3,2.3,2.6,-4.1,-18.4,1.104,21,3,0,0,3
108.5,20,isocontour,11.283791670955125,28803.49,60.61,13.1,-16.3,0.984,-0.9,-0.8,1.2,-4.1,-18.4,1.104,21,1,0,0,1
108.5,21,isocontour,11.283791670955125,28650.83,60.29,-3.4,-18.6,1.1,-2.6,1.0,2.8,-3.4,-18.6,1.104,21,3,0,0,3
108.5,22,isocontour,11.283791670955125,31059.97,65.36,-18.9,-8.6,0.993,0.1,2.6,2.6,-4.1,-18.4,1.104,21,3,0,0,3
108.5,23,isocontour,11.283791670955125,31256.35,65.78,-20.0,5.0,0.997,-1.5,-2.2,2.7,-4.1,-18.4,1.104,21,4,0,0,4
108.5,24,isocontour,11.283791670955125,29277.38,61.61,2.6,-20.8,0.981,2.0,-0.1,2.0,-4.1,-18.4,1.104,21,2,0,0,2
108.5,25,isocontour,11.283791670955125,29176.12,61.4,-15.5,12.2,1.05,-1.2,-2.6,2.9,-4.1,-18.4,1.104,21,4,0,0,4
108.5,Target,,,,,0.0,0.0,4.023,0.0,0.0,,,,,,,,,
108.6,1,isocontour,11.283791670955125,26197.02,55.13,11.6,17.4,0.984,-1.8,-1.6,2.4,12.3,14.6,1.084,5,8,0,0,8
108.6,2,isocontour,11.283791670955125,25183.98,53.0,5.4,20.0,0.993,0.6,-1.4,1.5,12.3,14.6,1.084,5,7,0,0,7
108.6,3,isocontour,11.283791670955125,25314.75,53.27,8.6,18.9,0.987,-0.3,0.7,0.8,12.3,14.6,1.084,5,8,0,0,8
108.6,4,isocontour,11.283791670955125,30574.96,64.34,17.0,11.9,0.991,-1.8,1.8,2.5,12.3,14.6,1.084,5,8,0,0,8
108.6,5,isocontour,11.283791670955125,28783.41,60.57,12.1,15.0,1.076,2.2,-0.4,2.2,12.1,15.0,1.084,5,9,0,0,9
108.6,6,isocontour,11.283791670955125,30235.24,63.63,12.8,15.2,1.041,-0.5,-1.6,1.7,12.3,14.6,1.084,5,9,0,0,9
108.6,7,isocontour,11.283791670955125,28233.78,59.41,-15.5,13.6,0.996,-0.1,1.6,1.6,-4.1,-18.4,1.104,21,4,0,0,4
108.6,8,isocontour,11.283791670955125,30605.81,64.41,12.9,14.5,1.065,2.0,-0.6,2.1,12.3,14.6,1.084,5,9,0,0,9
108.6,9,isocontour,11.283791670955125,28604.88,60.2,19.1,7.8,0.996,-0.8,1.2,1.4,12.3,14.6,1.084,5,7,0,0,7
108.6,10,isocontour,11.283791670955125,28594.16,60.17,17.0,9.4,1.069,-0.8,3.0,3.1,12.3,14.6,1.084,5,7,0,0,7
108.6,11,isocontour,11.283791670955125,30689.02,64.58,-17.9,-9.1,1.026,-2.2,0.1,2.2,-4.1,-18.4,1.104,21,3,0,0,3
108.6,12,isocontour,11.283791670955125,27872.47,58.65,-13.8,-15.5,0.99,-1.5,2.1,2.6,-4.1,-18.4,1.104,21,3,0,0,3
108.6,13,isocontour,11.283791670955125,26340.13,55.43,20.5,-2.9,0.991,-0.1,-0.7,0.7,12.3,14.6,1.084,5,1,0,0,1
108.6,14,isocontour,11.283791670955125,28844.59,60.7,8.0,-18.4,1.029,2.5,0.5,2.5,-4.1,-18.4,1.104,21,3,0,0,3
108.6,15,isocontour,11.283791670955125,25100.17,52.82,-0.5,20.7,0.991,1.2,-0.5,1.3,12.3,14.6,1.084,5,3,0,0,3
108.6,16,isocontour,11.283791670955125,44022.95,92.64,-17.9,10.7,0.986,0.5,1.8,1.9,-4.1,-18.4,1.104,21,3,0,0,3
108.6,17,isocontour,11.283791670955125,26225.33,55.19,11.9,15.6,1.055,0.7,-2.4,2.5,12.3,14.6,1.084,5,9,0,0,9
108.6,18,isocontour,11.283791670955125,31566.9,66.43,-9.3,18.6,0.99,-2.4,-1.7,2.9,-4.1,-18.4,1.104,21,3,0,0,3
108.6,19,isocontour,11.283791670955125,27008.5,56.84,-20.8,-1.1,0.988,1.3,2.2,2.6,-4.1,-18.4,1.104,21,3,0,0,3
108.6,20,isocontour,11.283791670955125,28785.1,60.57,12.9,-16.3,0.992,-2.4,0.1,2.4,-4.1,-18.4,1.104,21,1,0,0,1
108.6,21,isocontour,11.283791670955125,28624.82,60.24,-3.6,-18.5,1.104,-2.4,1.2,2.7,-3.6,-18.5,1.104,21,3,0,0,3
108.6,22,isocontour,11.283791670955125,31058.18,65.36,-18.8,-8.6,0.992,0.2,-1.1,1.1,-4.1,-18.4,1.104,21,3,0,0,3
108.6,23,isocontour,11.283791670955125,31250.74,65.76,-20.2,5.0,0.99,-1.5,-0.5,1.6,-4.1,-18.4,1.104,21,4,0,0,4
108.6,24,isocontour,11.283791670955125,29259.87,61.57,2.8,-20.7,0.985,2.0,1.3,2.4,-4.1,-18.4,1.104,21,2,0,0,2
108.6,25,isocontour,11.283791670955125,29175.15,61.4,-15.5,12.2,1.048,-0.2,0.9,0.9,-4.1,-18.4,1.104,21,4,0,0,4
108.6,Target,,,,,0.0,0.0,4.023,0.0,0.0,,,,,,,,,
108.7,1,isocontour,11.283791670955125,26178.17,55.09,11.4,17.2,0.996,-2.1,-1.3,2.5,12.3,14.6,1.084,5,8,0,0,8
108.7,2,isocontour,11.283791670955125,25157.68,52.94,5.7,20.0,0.989,2.7,0.3,2.7,12.3,14.6,1.084,5,7,0,0,7
108.7,3,isocontour,11.283791670955125,25291.99,53.22,8.4,18.9,0.994,-2.6,-0.5,2.6,12.3,14.6,1.084,5,8,0,0,8
108.7,4,isocontour,11.283791670955125,30564.81,64.32,16.8,12.0,0.995,-1.7,1.1,2.0,12.3,14.6,1.084,5,8,0,0,8
108.7,5,isocontour,11.283791670955125,28782.44,60.57,12.2,14.9,1.076,0.5,-0.8,0.9,12.2,14.9,1.084,5,9,0,0,9
108.7,6,isocontour,11.283791670955125,30230.22,63.62,12.9,15.1,1.043,1.2,-1.0,1.6,12.3,14.6,1.084,5,9,0,0,9
108.7,7,isocontour,11.283791670955125,28220.47,59.39,-15.7,13.8,0.984,-1.5,1.6,2.2,-4.1,-18.4,1.104,21,4,0,0,4
108.7,8,isocontour,11.283791670955125,30601.6,64.4,13.0,14.4,1.07,-0.1,-1.5,1.5,12.3,14.6,1.084,5,9,0,0,9
108.7,9,isocontour,11.283791670955125,28602.83,60.19,19.2,7.8,0.992,1.1,-0.3,1.1,12.3,14.6,1.084,5,7,0,0,7
108.7,10,isocontour,11.283791670955125,28557.6,60.1,16.9,9.7,1.063,-0.5,3.0,3.0,12.3,14.6,1.084,5,7,0,0,7
108.7,11,isocontour,11.283791670955125,30688.08,64.58,-17.9,-9.1,1.029,0.7,0.6,0.9,-4.1,-18.4,1.104,21,3,0,0,3
108.7,12,isocontour,11.283791670955125,27871.47,58.65,-13.8,-15.4,0.994,-0.0,0.9,0.9,-4.1,-18.4,1.104,21,3,0,0,3
108.7,13,isocontour,11.283791670955125,26339.16,55.43,20.6,-3.0,0.988,0.5,-0.7,0.9,12.3,14.6,1.084,5,1,0,0,1
108.7,14,isocontour,11.283791670955125,28827.3,60.66,8.3,-18.4,1.025,2.4,0.2,2.4,-4.1,-18.4,1.104,21,2,0,0,2
108.7,15,isocontour,11.283791670955125,25099.35,52.82,-0.6,20.7,0.991,-0.9,0.0,0.9,-4.1,-18.4,1.104,21,3,0,0,3
108.7,16,isocontour,11.283791670955125,44008.71,92.61,-17.7,10.7,0.995,2.2,-0.3,2.2,-4.1,-18.4,1.104,21,3,0,0,3
108.7,17,isocontour,11.283791670955125,26204.83,55.14,12.1,15.5,1.055,2.2,-1.3,2.6,12.3,14.6,1.084,5,9,0,0,9
108.7,18,isocontour,11.283791670955125,31547.13,66.39,-9.5,18.4,0.993,-1.9,-1.6,2.5,-4.1,-18.4,1.104,21,3,0,0,3
108.7,19,isocontour,11.283791670955125,26976.05,56.77,-20.7,-1.3,0.993,1.1,-2.7,2.9,-4.1,-18.4,1.104,21,3,0,0,3
108.7,20,isocontour,11.283791670955125,28782.9,60.57,12.8,-16.3,0.993,-0.9,-0.8,1.2,-4.1,-18.4,1.104,21,2,0,0,2
108.7,21,isocontour,11.283791670955125,28623.37,60.23,-3.7,-18.4,1.107,-0.8,0.6,1.0,-3.7,-18.4,1.104,21,2,0,0,2
108.7,22,isocontour,11.283791670955125,31053.96,65.35,-18.9,-8.7,0.985,-1.1,-1.0,1.5,-4.1,-18.4,1.104,21,3,0,0,3
108.7,23,isocontour,11.283791670955125,31190.86,65.64,-20.2,5.3,0.984,-0.1,3.6,3.6,-4.1,-18.4,1.104,21,4,0,0,4
108.7,24,isocontour,11.283791670955125,29237.89,61.53,3.1,-20.6,0.989,2.4,1.0,2.6,-4.1,-18.4,1.104,21,3,0,0,3
108.7,25,isocontour,11.283791670955125,29172.22,61.39,-15.5,12.3,1.046,0.7,1.1,1.3,-4.1,-18.4,1.104,21,4,0,0,4
108.7,Target,,,,,0.0,0.0,4.023,0.0,0.0,,,,,,,,,
108.8,1,isocontour,11.283791670955125,26171.93,55.08,11.3,17.4,0.992,-0.1,1.7,1.7,12.3,14.6,1.084,5,8,0,0,8
108.8,2,isocontour,11.283791670955125,25156.11,52.94,5.8,20.0,0.988,1.0,-0.2,1.0,-4.1,-18.4,1.104,21,7,0,0,7
108.8,3,isocontour,11.283791670955125,25269.76,53.18,8.3,19.1,0.986,-0.8,2.5,2.6,-4.1,-18.4,1.104,21,8,0,0,8
108.8,4,isocontour,11.283791670955125,30492.8,64.17,17.1,12.0,0.984,3.7,-1.0,3.8,12.3,14.6,1.084,5,8,0,0,8
108.8,5,isocontour,11.283791670955125,28752.87,60.51,12.4,14.9,1.07,2.7,-0.8,2.8,12.4,14.9,1.084,5,9,0,0,9
108.8,6,isocontour,11.283791670955125,30222.05,63.6,12.8,15.2,1.042,-1.3,1.3,1.8,12.3,14.6,1.084,5,9,0,0,9
108.8,7,isocontour,11.283791670955125,28220.0,59.39,-15.7,13.9,0.979,-0.6,0.4,0.7,-4.1,-18.4,1.104,21,4,0,0,4
108.8,8,isocontour,11.283791670955125,30589.86,64.37,12.8,14.5,1.072,-1.6,1.3,2.1,12.3,14.6,1.084,5,9,0,0,9
108.8,9,isocontour,11.283791670955125,28508.72,59.99,19.4,7.5,0.99,1.7,-3.8,4.2,12.3,14.6,1.084,5,7,0,0,7
108.8,10,isocontour,11.283791670955125,28550.55,60.08,16.8,9.8,1.066,-1.5,1.0,1.8,12.3,14.6,1.084,5,7,0,0,7
108.8,11,isocontour,11.283791670955125,30656.93,64.51,-17.7,-9.0,1.044,2.8,0.7,2.9,-4.1,-18.4,1.104,21,3,0,0,3
108.8,12,isocontour,11.283791670955125,27870.97,58.65,-13.9,-15.4,0.991,-0.6,-0.3,0.7,-3.7,-18.4,1.107,21,3,0,0,3
108.8,13,isocontour,11.283791670955125,26304.35,55.35,20.5,-2.7,0.994,-0.9,2.9,3.0,12.3,14.6,1.084,5,1,0,0,1
108.8,14,isocontour,11.283791670955125,28824.98,60.66,8.4,-18.3,1.027,0.6,1.0,1.2,-4.1,-18.4,1.104,21,2,0,0,2
108.8,15,isocontour,11.283791670955125,25088.1,52.79,-0.6,20.9,0.982,-0.9,1.9,2.1,-4.1,-18.4,1.104,21,3,0,0,3
108.8,16,isocontour,11.283791670955125,43980.65,92.55,-17.8,10.5,0.995,-1.7,-2.2,2.8,-4.1,-18.4,1.104,21,4,0,0,4
108.8,17,isocontour,11.283791670955125,26202.79,55.14,12.2,15.4,1.055,0.9,-0.7,1.1,12.3,14.6,1.084,5,9,0,0,9
108.8,18,isocontour,11.283791670955125,31515.0,66.32,-9.7,18.3,0.99,-2.8,-0.9,2.9,-4.1,-18.4,1.104,21,3,0,0,3
108.8,19,isocontour,11.283791670955125,26975.55,56.77,-20.6,-1.3,0.994,0.1,0.7,0.7,-4.1,-18.4,1.104,21,3,0,0,3
108.8,20,isocontour,11.283791670955125,28782.43,60.57,12.8,-16.3,0.992,0.7,0.2,0.7,-4.1,-18.4,1.104,21,2,0,0,2
108.8,21,isocontour,11.283791670955125,28621.89,60.23,-3.8,-18.3,1.11,-0.8,0.7,1.1,-3.8,-18.3,1.107,21,2,0,0,2
108.8,22,isocontour,11.283791670955125,31052.22,65.35,-18.9,-8.7,0.989,1.0,0.5,1.1,-4.1,-18.4,1.104,21,3,0,0,3
108.8,23,isocontour,11.283791670955125,31169.63,65.59,-20.1,5.5,0.986,1.3,2.2,2.6,-4.1,-18.4,1.104,21,4,0,0,4
108.8,24,isocontour,11.283791670955125,29237.15,61.53,3.1,-20.5,0.992,0.5,0.6,0.8,-3.7,-18.4,1.107,21,3,0,0,3
108.8,25,isocontour,11.283791670955125,29171.05,61.39,-15.4,12.4,1.047,0.7,0.7,1.0,-4.1,-18.4,1.104,21,4,0,0,4
108.8,Target,,,,,0.0,0.0,4.023,0.0,0.0,,,,,,,,,
108.9,1,isocontour,11.283791670955125,26150.45,55.03,11.3,17.6,0.982,-0.6,2.5,2.6,-4.1,-18.4,1.104,21,8,0,0,8
108.9,2,isocontour,11.283791670955125,25152.38,52.93,5.9,19.9,0.992,0.7,-1.2,1.4,-4.1,-18.4,1.104,21,7,0,0,7
108.9,3,isocontour,11.283791670955125,25268.27,53.17,8.4,19.1,0.983,1.0,-0.1,1.0,-4.1,-18.4,1.104,21,7,0,0,7
108.9,4,isocontour,11.283791670955125,30488.84,64.16,17.1,12.1,0.98,-0.4,1.4,1.5,12.3,14.6,1.084,5,7,0,0,7
108.9,5,isocontour,11.283791670955125,28741.13,60.48,12.4,15.0,1.066,-1.2,1.7,2.1,-4.1,-18.4,1.104,21,9,0,0,9
108.9,6,isocontour,11.283791670955125,30220.65,63.6,12.7,15.2,1.045,-1.0,0.0,1.0,-4.1,-18.4,1.104,21,9,0,0,9
108.9,7,isocontour,11.283791670955125,28204.99,59.35,-15.7,13.7,0.988,0.8,-2.1,2.2,-4.1,-18.4,1.104,21,4,0,0,4
108.9,8,isocontour,11.283791670955125,30564.96,64.32,12.7,14.7,1.069,-1.6,2.2,2.7,-4.1,-18.4,1.104,21,9,0,0,9
108.9,9,isocontour,11.283791670955125,28506.88,59.99,19.5,7.4,0.986,1.1,-0.3,1.1,12.3,14.6,1.084,5,7,0,0,7
108.9,10,isocontour,11.283791670955125,28532.61,60.04,16.6,9.9,1.072,-1.9,1.4,2.4,12.3,14.6,1.084,5,7,0,0,7
108.9,11,isocontour,11.283791670955125,30634.7,64.47,-17.7,-8.8,1.049,-0.6,2.5,2.6,-3.7,-18.4,1.107,21,3,0,0,3
108.9,12,isocontour,11.283791670955125,27868.87,58.65,-13.8,-15.5,0.99,0.8,-0.9,1.2,-3.8,-18.3,1.11,21,3,0,0,3
108.9,13,isocontour,11.283791670955125,26303.14,55.35,20.5,-2.6,0.993,0.4,0.9,1.0,12.3,14.6,1.084,5,1,0,0,1
108.9,14,isocontour,11.283791670955125,28795.09,60.6,8.1,-18.3,1.032,-2.8,-0.3,2.8,-3.7,-18.4,1.107,21,2,0,0,2
108.9,15,isocontour,11.283791670955125,25067.85,52.75,-0.8,20.8,0.988,-2.0,-1.6,2.6,-4.1,-18.4,1.104,21,3,0,0,3
108.9,16,isocontour,11.283791670955125,43954.92,92.5,-17.9,10.3,0.995,-1.3,-2.4,2.7,-4.1,-18.4,1.104,21,4,0,0,4
108.9,17,isocontour,11.283791670955125,26202.1,55.14,12.2,15.5,1.052,-0.1,0.8,0.8,-4.1,-18.4,1.104,21,9,0,0,9
108.9,18,isocontour,11.283791670955125,31429.33,66.14,-9.5,18.5,0.99,3.6,1.8,4.0,-4.1,-18.4,1.104,21,4,0,0,4
108.9,19,isocontour,11.283791670955125,26956.7,56.73,-20.7,-1.1,0.991,-1.0,2.2,2.4,-4.1,-18.4,1.104,21,3,0,0,3
108.9,20,isocontour,11.283791670955125,28750.96,60.5,13.0,-16.2,0.991,2.3,1.8,2.9,-3.7,-18.4,1.107,21,2,0,0,2
108.9,21,isocontour,11.283791670955125,28620.79,60.23,-3.9,-18.3,1.113,-0.8,0.5,0.9,-3.9,-18.3,1.11,21,2,0,0,2
108.9,22,isocontour,11.283791670955125,31023.86,65.29,-18.7,-8.5,1.001,1.4,2.4,2.8,-3.7,-18.4,1.107,21,3,0,0,3
108.9,23,isocontour,11.283791670955125,31135.84,65.52,-19.8,5.5,1.0,3.0,-0.2,3.0,-4.1,-18.4,1.104,21,4,0,0,4
108.9,24,isocontour,11.283791670955125,29235.06,61.52,3.1,-20.5,0.991,-1.1,-0.5,1.2,-3.8,-18.3,1.11,21,3,0,0,3
108.9,25,isocontour,11.283791670955125,29169.95,61.38,-15.5,12.4,1.045,-0.8,-0.6,1.0,-4.1,-18.4,1.104,21,4,0,0,4
108.9,Target,,,,,0.0,0.0,4.023,0.0,0.0,,,,,,,,,
109.0,1,isocontour,11.283791670955125,26138.2,55.0,11.2,17.8,0.979,-1.5,1.5,2.1,-4.1,-18.4,1.104,21,8,0,0,8
109.0,2,isocontour,11.283791670955125,25151.65,52.93,5.8,19.9,0.993,-0.8,0.3,0.9,-4.1,-18.4,1.104,21,7,0,0,7
109.0,3,isocontour,11.283791670955125,25267.03,53.17,8.3,19.1,0.985,-1.0,-0.1,1.0,-4.1,-18.4,1.104,21,8,0,0,8
109.0,4,isocontour,11.283791670955125,30487.67,64.16,17.0,12.1,0.982,-0.9,0.3,0.9,-4.1,-18.4,1.104,21,8,0,0,8
109.0,5,isocontour,11.283791670955125,28717.32,60.43,12.1,15.1,1.068,-2.3,1.3,2.6,-4.1,-18.4,1.104,21,9,0,0,9
109.0,6,isocontour,11.283791670955125,30184.45,63.52,12.5,15.4,1.045,-2.2,2.1,3.0,-4.1,-18.4,1.104,21,9,0,0,9
109.0,7,isocontour,11.283791670955125,28202.62,59.35,-15.7,13.5,0.993,-0.2,-1.2,1.2,-4.1,-18.4,1.104,21,4,0,0,4
109.0,8,isocontour,11.283791670955125,30564.68,64.32,12.6,14.7,1.071,-0.5,-0.2,0.5,-4.1,-18.4,1.104,21,9,0,0,9
109.0,9,isocontour,11.283791670955125,28409.38,59.78,19.5,7.1,0.992,0.0,-4.2,4.2,-4.1,-18.4,1.104,21,7,0,0,7
109.0,10,isocontour,11.283791670955125,28532.0,60.04,16.5,10.0,1.073,-0.4,0.6,0.7,-4.1,-18.4,1.104,21,7,0,0,7
109.0,11,isocontour,11.283791670955125,30632.99,64.46,-17.7,-8.7,1.049,-0.6,0.9,1.1,-3.8,-18.3,1.11,21,3,0,0,3
109.0,12,isocontour,11.283791670955125,27866.93,58.64,-13.7,-15.6,0.991,1.1,-0.4,1.2,-3.9,-18.3,1.113,21,3,0,0,3
109.0,13,isocontour,11.283791670955125,26301.7,55.35,20.5,-2.5,0.994,-0.1,1.0,1.0,12.3,14.6,1.084,5,1,0,0,1
109.0,14,isocontour,11.283791670955125,28778.24,60.56,8.0,-18.5,1.027,-1.4,-1.9,2.4,-3.8,-18.3,1.11,21,2,0,0,2
109.0,15,isocontour,11.283791670955125,25053.99,52.72,-0.8,20.6,0.999,0.9,-2.0,2.2,-4.1,-18.4,1.104,21,3,0,0,3
109.0,16,isocontour,11.283791670955125,43952.71,92.49,-17.9,10.4,0.992,0.0,1.2,1.2,-4.1,-18.4,1.104,21,3,0,0,3
109.0,17,isocontour,11.283791670955125,26179.09,55.09,12.0,15.7,1.048,-1.6,2.1,2.6,-4.1,-18.4,1.104,21,9,0,0,9
109.0,18,isocontour,11.283791670955125,31426.72,66.13,-9.3,18.5,0.993,1.3,-0.0,1.3,-4.1,-18.4,1.104,21,3,0,0,3
109.0,19,isocontour,11.283791670955125,26922.24,56.65,-21.0,-1.0,0.976,-2.9,0.8,3.0,-3.7,-18.4,1.107,21,3,0,0,3
109.0,20,isocontour,11.283791670955125,28721.69,60.44,13.3,-16.1,0.985,2.8,0.6,2.9,-3.8,-18.3,1.11,21,2,0,0,2
109.0,21,isocontour,11.283791670955125,28619.51,60.23,-4.0,-18.2,1.114,-0.9,0.5,1.0,-4.0,-18.2,1.113,21,2,0,0,2
109.0,22,isocontour,11.283791670955125,30988.7,65.21,-18.6,-8.7,1.003,1.2,-2.8,3.0,-3.8,-18.3,1.11,21,3,0,0,3
109.0,23,isocontour,11.283791670955125,31119.82,65.49,-19.8,5.7,0.999,-0.2,2.3,2.3,-4.1,-18.4,1.104,21,4,0,0,4
109.0,24,isocontour,11.283791670955125,29107.49,61.25,2.7,-20.7,0.983,-4.1,-2.2,4.7,-3.9,-18.3,1.113,21,3,0,0,3
109.0,25,isocontour,11.283791670955125,29140.68,61.32,-15.6,12.2,1.047,-1.5,-2.4,2.8,-4.1,-18.4,1.104,21,4,0,0,4
109.0,Target,,,,,0.0,0.0,4.023,0.0,0.0,,,,,,,,,
109.1,1,isocontour,11.283791670955125,26113.58,54.95,11.0,17.6,0.99,-1.8,-1.9,2.6,-4.1,-18.4,1.104,21,8,0,0,8
109.1,2,isocontour,11.283791670955125,25146.63,52.92,5.9,20.0,0.987,1.2,1.0,1.6,-4.1,-18.4,1.104,21,7,0,0,7
109.1,3,isocontour,11.283791670955125,25239.27,53.11,8.1,19.1,0.99,-2.8,0.2,2.8,-4.1,-18.4,1.104,21,8,0,0,8
109.1,4,isocontour,11.283791670955125,30471.24,64.12,16.9,12.0,0.993,-2.1,-1.1,2.4,-4.1,-18.4,1.104,21,8,0,0,8
109.1,5,isocontour,11.283791670955125,28622.54,60.23,11.9,14.9,1.09,-2.8,-3.1,4.2,-4.1,-18.4,1.104,21,9,0,0,9
109.1,6,isocontour,11.283791670955125,30182.13,63.51,12.4,15.3,1.051,-0.5,-1.1,1.2,-4.1,-18.4,1.104,21,9,0,0,9
109.1,7,isocontour,11.283791670955125,28182.12,59.31,-15.6,13.7,0.987,0.4,2.5,2.5,-4.1,-18.4,1.104,21,4,0,0,4
109.1,8,isocontour,11.283791670955125,30560.64,64.31,12.5,14.7,1.077,-1.4,-0.3,1.4,-4.1,-18.4,1.104,21,9,0,0,9
109.1,9,isocontour,11.283791670955125,28407.49,59.78,19.4,7.1,0.994,-0.7,0.9,1.1,-4.1,-18.4,1.104,21,6,0,0,6
109.1,10,isocontour,11.283791670955125,28509.76,60.0,16.4,10.2,1.073,-1.3,2.2,2.6,-4.1,-18.4,1.104,21,7,0,0,7
109.1,11,isocontour,11.283791670955125,30628.16,64.45,-17.7,-8.8,1.049,0.8,-1.3,1.5,-3.9,-18.3,1.113,21,3,0,0,3
109.1,12,isocontour,11.283791670955125,27862.8,58.63,-13.6,-15.6,0.993,1.3,-0.7,1.5,-4.0,-18.2,1.114,21,3,0,0,3
109.1,13,isocontour,11.283791670955125,26268.26,55.28,20.5,-2.7,0.994,-0.3,-3.0,3.0,-4.1,-18.4,1.104,21,1,0,0,1
109.1,14,isocontour,11.283791670955125,28761.59,60.53,8.1,-18.5,1.024,2.3,0.5,2.4,-3.9,-18.3,1.113,21,2,0,0,2
109.1,15,isocontour,11.283791670955125,25036.27,52.69,-0.6,20.7,0.994,1.9,1.4,2.4,-4.1,-18.4,1.104,21,3,0,0,3
109.1,16,isocontour,11.283791670955125,43915.43,92.41,-18.2,10.5,0.977,-2.7,1.5,3.1,-4.1,-18.4,1.104,21,3,0,0,3
109.1,17,isocontour,11.283791670955125,26064.96,54.85,11.7,15.9,1.05,-3.8,2.3,4.4,-4.1,-18.4,1.104,21,8,0,0,8
109.1,18,isocontour,11.283791670955125,31414.64,66.11,-9.2,18.7,0.988,1.1,1.8,2.1,-4.1,-18.4,1.104,21,3,0,0,3
109.1,19,isocontour,11.283791670955125,26913.67,56.64,-21.1,-0.8,0.973,-0.3,1.9,1.9,-3.8,-18.3,1.11,21,3,0,0,3
109.1,20,isocontour,11.283791670955125,28720.9,60.44,13.3,-16.1,0.98,0.4,-0.8,0.9,-3.8,-18.3,1.11,21,1,0,0,1
109.1,21,isocontour,11.283791670955125,28618.31,60.22,-4.0,-18.2,1.117,-0.8,0.5,0.9,-4.0,-18.2,1.114,21,2,0,0,2
109.1,22,isocontour,11.283791670955125,30960.35,65.15,-18.8,-8.8,0.99,-2.8,-0.4,2.8,-3.9,-18.3,1.113,21,3,0,0,3
109.1,23,isocontour,11.283791670955125,31027.71,65.29,-19.9,5.4,0.997,-1.4,-3.9,4.1,-3.7,-18.4,1.107,21,4,0,0,4
109.1,24,isocontour,11.283791670955125,29106.62,61.25,2.7,-20.8,0.978,0.3,-0.8,0.9,-4.0,-18.2,1.114,21,2,0,0,2
109.1,25,isocontour,11.283791670955125,29134.1,61.31,-15.7,12.0,1.044,-1.5,-0.9,1.7,-4.1,-18.4,1.104,21,4,0,0,4
109.1,Target,,,,,0.0,0.0,4.023,0.0,0.0,,,,,,,,,
109.2,1,isocontour,11.283791670955125,26102.01,54.93,10.8,17.6,0.996,-2.1,0.3,2.1,-4.1,-18.4,1.104,21,8,0,0,8
109.2,2,isocontour,11.283791670955125,25125.15,52.87,5.7,19.9,0.994,-2.2,-1.3,2.6,-4.1,-18.4,1.104,21,7,0,0,7
109.2,3,isocontour,11.283791670955125,25212.68,53.06,7.8,19.1,0.996,-2.7,-0.2,2.7,-4.1,-18.4,1.104,21,7,0,0,7
109.2,4,isocontour,11.283791670955125,30467.74,64.12,16.7,12.1,0.998,-1.2,0.6,1.3,-4.1,-18.4,1.104,21,8,0,0,8
109.2,5,isocontour,11.283791670955125,28595.66,60.18,12.0,14.7,1.095,2.1,-1.8,2.8,-4.1,-18.4,1.104,21,9,0,0,9
109.2,6,isocontour,11.283791670955125,30177.2,63.5,12.4,15.2,1.057,0.1,-1.6,1.6,-4.1,-18.4,1.104,21,9,0,0,9
109.2,7,isocontour,11.283791670955125,28177.47,59.3,-15.8,13.7,0.983,-1.4,-0.5,1.5,-3.7,-18.4,1.107,21,4,0,0,4
109.2,8,isocontour,11.283791670955125,30535.18,64.26,12.6,14.6,1.077,2.3,-1.5,2.7,-4.1,-18.4,1.104,21,9,0,0,9
109.2,9,isocontour,11.283791670955125,28391.26,59.75,19.6,7.1,0.984,2.3,0.4,2.3,-4.1,-18.4,1.104,21,6,0,0,6
109.2,10,isocontour,11.283791670955125,28490.92,59.96,16.3,10.4,1.074,-1.5,1.9,2.4,-4.1,-18.4,1.104,21,7,0,0,7
109.2,11,isocontour,11.283791670955125,30594.72,64.38,-17.6,-9.0,1.047,0.9,-2.8,2.9,-4.0,-18.2,1.114,21,3,0,0,3
109.2,12,isocontour,11.283791670955125,27848.94,58.6,-13.4,-15.7,0.996,1.9,-1.0,2.1,-4.0,-18.2,1.117,21,3,0,0,3
109.2,13,isocontour,11.283791670955125,26266.31,55.27,20.5,-2.9,0.993,0.1,-1.1,1.1,-4.1,-18.4,1.104,21,1,0,0,1
109.2,14,isocontour,11.283791670955125,28754.55,60.51,8.2,-18.3,1.03,0.4,1.7,1.7,-4.0,-18.2,1.114,21,2,0,0,2
109.2,15,isocontour,11.283791670955125,25034.82,52.68,-0.7,20.7,0.992,-1.0,0.0,1.0,-4.1,-18.4,1.104,21,3,0,0,3
109.2,16,isocontour,11.283791670955125,43899.82,92.38,-18.3,10.4,0.973,-1.5,-1.7,2.3,-3.7,-18.4,1.107,21,3,0,0,3
109.2,17,isocontour,11.283791670955125,26060.32,54.84,11.6,16.0,1.044,0.0,1.5,1.5,-4.1,-18.4,1.104,21,8,0,0,8
109.2,18,isocontour,11.283791670955125,31384.44,66.04,-9.0,18.8,0.986,2.4,1.5,2.8,-4.1,-18.4,1.104,21,3,0,0,3
109.2,19,isocontour,11.283791670955125,26911.12,56.63,-21.0,-0.7,0.979,1.2,0.4,1.3,-3.9,-18.3,1.113,21,3,0,0,3
109.2,20,isocontour,11.283791670955125,28689.43,60.37,13.1,-16.3,0.98,-2.4,-1.7,2.9,-3.9,-18.3,1.113,21,1,0,0,1
109.2,21,isocontour,11.283791670955125,28593.13,60.17,-4.3,-18.2,1.115,-2.7,0.3,2.7,-4.3,-18.2,1.117,21,2,0,0,2
109.2,22,isocontour,11.283791670955125,30903.39,65.03,-19.2,-8.7,0.975,-3.4,1.0,3.5,-4.0,-18.2,1.114,21,3,0,0,3
109.2,23,isocontour,11.283791670955125,31025.87,65.29,-20.0,5.3,0.993,-1.0,-0.6,1.2,-3.8,-18.3,1.11,21,4,0,0,4
109.2,24,isocontour,11.283791670955125,29104.24,61.25,2.7,-20.7,0.982,0.3,1.2,1.2,-4.0,-18.2,1.117,21,2,0,0,2
109.2,25,isocontour,11.283791670955125,29132.06,61.3,-15.8,11.9,1.044,-0.6,-1.0,1.2,-3.7,-18.4,1.107,21,4,0,0,4
109.2,Target,,,,,0.0,0.0,4.023,0.0,0.0,,,,,,,,,
109.3,1,isocontour,11.283791670955125,26074.25,54.87,10.7,17.9,0.986,-0.1,2.8,2.8,-4.1,-18.4,1.104,21,8,0,0,8
109.3,2,isocontour,11.283791670955125,25116.98,52.86,5.6,20.0,0.992,-1.4,1.2,1.8,-4.1,-18.4,1.104,21,7,0,0,7
109.3,3,isocontour,11.283791670955125,25211.12,53.05,7.8,19.1,0.995,1.1,-0.0,1.1,-4.1,-18.4,1.104,21,7,0,0,7
109.3,4,isocontour,11.283791670955125,30422.76,64.02,17.0,12.0,0.99,3.1,-1.0,3.3,-4.1,-18.4,1.104,21,7,0,0,7
109.3,5,isocontour,11.283791670955125,28594.9,60.17,12.0,14.7,1.091,0.0,0.8,0.8,-4.1,-18.4,1.104,21,9,0,0,9
109.3,6,isocontour,11.283791670955125,30156.71,63.46,12.3,15.3,1.055,-1.5,2.0,2.5,-4.1,-18.4,1.104,21,9,0,0,9
109.3,7,isocontour,11.283791670955125,28169.17,59.28,-15.7,13.6,0.99,0.7,-1.7,1.8,-3.8,-18.3,1.11,21,4,0,0,4
109.3,8,isocontour,11.283791670955125,30526.48,64.24,12.5,14.6,1.077,-1.5,1.1,1.9,-4.1,-18.4,1.104,21,9,0,0,9
109.3,9,isocontour,11.283791670955125,28388.4,59.74,19.6,7.0,0.985,-0.2,-1.3,1.3,-4.1,-18.4,1.104,21,6,0,0,6
109.3,10,isocontour,11.283791670955125,28483.63,59.94,16.1,10.5,1.078,-1.5,0.9,1.7,-4.1,-18.4,1.104,21,7,0,0,7
109.3,11,isocontour,11.283791670955125,30560.25,64.31,-17.5,-9.3,1.046,1.3,-2.7,3.0,-4.0,-18.2,1.117,21,3,0,0,3
109.3,12,isocontour,11.283791670955125,27846.84,58.6,-13.3,-15.8,0.995,0.6,-1.0,1.2,-4.0,-18.2,1.117,21,3,0,0,3
109.3,13,isocontour,11.283791670955125,26264.27,55.27,20.5,-3.0,0.993,-0.3,-1.1,1.1,-4.1,-18.4,1.104,21,1,0,0,1
109.3,14,isocontour,11.283791670955125,28727.09,60.45,8.0,-18.3,1.034,-2.7,-0.7,2.8,-4.0,-18.2,1.117,21,2,0,0,2
109.3,15,isocontour,11.283791670955125,25008.81,52.63,-0.9,20.7,0.99,-2.7,0.3,2.7,-4.1,-18.4,1.104,21,3,0,0,3
109.3,16,isocontour,11.283791670955125,43867.37,92.31,-18.4,10.1,0.979,-0.0,-2.9,2.9,-3.8,-18.3,1.11,21,3,0,0,3
109.3,17,isocontour,11.283791670955125,26036.51,54.79,11.8,16.0,1.038,2.5,-0.7,2.6,-4.1,-18.4,1.104,21,8,0,0,8
109.3,18,isocontour,11.283791670955125,31370.39,66.02,-8.8,18.8,0.994,2.0,-1.0,2.2,-3.7,-18.4,1.107,21,3,0,0,3
109.3,19,isocontour,11.283791670955125,26910.05,56.63,-20.9,-0.7,0.983,0.7,0.6,0.9,-4.0,-18.2,1.114,21,3,0,0,3
109.3,20,isocontour,11.283791670955125,28682.74,60.36,13.0,-16.4,0.979,-1.2,-1.2,1.7,-4.0,-18.2,1.114,21,1,0,0,1
109.3,21,isocontour,11.283791670955125,28592.31,60.17,-4.4,-18.1,1.117,-0.6,0.6,0.8,-4.0,-18.2,1.117,21,2,0,0,2
109.3,22,isocontour,11.283791670955125,30869.27,64.96,-19.2,-8.9,0.966,-0.4,-3.0,3.0,-4.0,-18.2,1.117,21,3,0,0,3
109.3,23,isocontour,11.283791670955125,31023.43,65.28,-20.1,5.2,0.988,-1.1,-0.6,1.3,-3.9,-18.3,1.113,21,4,0,0,4
109.3,24,isocontour,11.283791670955125,29101.87,61.24,2.7,-20.6,0.989,0.2,1.2,1.2,-4.0,-18.2,1.117,21,2,0,0,2
109.3,25,isocontour,11.283791670955125,29129.9,61.3,-15.9,11.8,1.045,-0.6,-1.0,1.2,-3.8,-18.3,1.11,21,4,0,0,4
109.3,Target,,,,,0.0,0.0,4.023,0.0,0.0,,,,,,,,,
109.4,1,isocontour,11.283791670955125,26073.97,54.87,10.7,17.9,0.983,-0.3,0.5,0.6,-4.1,-18.4,1.104,21,8,0,0,8
109.4,2,isocontour,11.283791670955125,24999.01,52.61,5.2,20.1,0.989,-4.2,1.7,4.5,-4.1,-18.4,1.104,21,7,0,0,7
109.4,3,isocontour,11.283791670955125,25210.48,53.05,7.8,19.2,0.993,-0.5,0.6,0.8,-4.1,-18.4,1.104,21,7,0,0,7
109.4,4,isocontour,11.283791670955125,30421.94,64.02,17.1,12.0,0.984,0.8,0.1,0.8,-4.1,-18.4,1.104,21,7,0,0,7
109.4,5,isocontour,11.283791670955125,28510.48,60.0,11.8,15.0,1.089,-2.9,2.8,4.0,-4.1,-18.4,1.104,21,9,0,0,9
109.4,6,isocontour,11.283791670955125,30138.32,63.42,12.1,15.4,1.061,-2.4,0.3,2.4,-4.1,-18.4,1.104,21,9,0,0,9
109.4,7,isocontour,11.283791670955125,28150.78,59.24,-15.6,13.7,0.991,1.7,1.8,2.5,-3.9,-18.3,1.113,21,4,0,0,4
109.4,8,isocontour,11.283791670955125,30523.41,64.23,12.5,14.8,1.074,-0.5,1.2,1.3,-4.1,-18.4,1.104,21,9,0,0,9
109.4,9,isocontour,11.283791670955125,28385.9,59.73,19.5,6.9,0.991,-1.1,-0.6,1.3,-4.1,-18.4,1.104,21,6,0,0,6
109.4,10,isocontour,11.283791670955125,28482.39,59.94,16.1,10.6,1.079,-0.6,0.7,0.9,-4.1,-18.4,1.104,21,7,0,0,7
109.4,11,isocontour,11.283791670955125,30539.51,64.27,-17.2,-9.5,1.053,2.2,-1.3,2.6,-4.0,-18.2,1.117,21,3,0,0,3
109.4,12,isocontour,11.283791670955125,27843.19,58.59,-13.3,-16.0,0.991,0.4,-1.4,1.5,-4.0,-18.2,1.117,21,3,0,0,3
109.4,13,isocontour,11.283791670955125,26262.32,55.27,20.5,-3.1,0.993,-0.1,-1.1,1.1,-4.1,-18.4,1.104,21,1,0,0,1
109.4,14,isocontour,11.283791670955125,28708.7,60.41,7.7,-18.3,1.039,-2.4,0.0,2.4,-4.0,-18.2,1.117,21,2,0,0,2
109.4,15,isocontour,11.283791670955125,24981.35,52.57,-1.1,20.9,0.982,-2.3,1.5,2.7,-3.7,-18.4,1.107,21,3,0,0,3
109.4,16,isocontour,11.283791670955125,43839.01,92.25,-18.4,9.8,0.985,-0.3,-2.8,2.8,-4.0,-18.2,1.114,21,4,0,0,4
109.4,17,isocontour,11.283791670955125,26035.66,54.79,11.8,16.0,1.038,-0.8,0.4,0.9,-4.1,-18.4,1.104,21,8,0,0,8
109.4,18,isocontour,11.283791670955125,31368.99,66.01,-8.8,18.7,0.994,-1.0,-0.3,1.0,-3.8,-18.3,1.11,21,3,0,0,3
109.4,19,isocontour,11.283791670955125,26888.32,56.58,-20.8,-0.5,0.988,0.8,2.4,2.5,-4.0,-18.2,1.117,21,4,0,0,4
109.4,20,isocontour,11.283791670955125,28646.18,60.28,12.7,-16.5,0.985,-3.0,-0.7,3.1,-4.0,-18.2,1.117,21,2,0,0,2
109.4,21,isocontour,11.283791670955125,28591.25,60.17,-4.5,-18.1,1.116,-0.9,-0.1,0.9,-4.5,-18.1,1.117,21,2,0,0,2
109.4,22,isocontour,11.283791670955125,30846.52,64.91,-19.1,-9.1,0.966,1.4,-2.2,2.6,-4.0,-18.2,1.117,21,3,0,0,3
109.4,23,isocontour,11.283791670955125,31022.99,65.28,-20.1,5.2,0.988,0.1,-0.7,0.7,-4.0,-18.2,1.114,21,4,0,0,4
109.4,24,isocontour,11.283791670955125,29081.37,61.2,2.9,-20.5,0.995,2.0,1.5,2.5,-4.0,-18.2,1.117,21,3,0,0,3
109.4,25,isocontour,11.283791670955125,29106.09,61.25,-15.7,12.0,1.048,1.9,1.8,2.6,-3.9,-18.3,1.113,21,4,0,0,4
109.4,Target,,,,,0.0,0.0,4.023,0.0,0.0,,,,,,,,,
109.5,1,isocontour,11.283791670955125,26049.62,54.82,10.5,17.9,0.993,-2.5,-1.1,2.7,-4.1,-18.4,1.104,21,8,0,0,8
109.5,2,isocontour,11.283791670955125,24997.61,52.6,5.2,20.1,0.993,0.2,-1.0,1.0,-3.7,-18.4,1.107,21,7,0,0,7
109.5,3,isocontour,11.283791670955125,25208.49,53.05,7.8,19.3,0.989,-0.4,1.1,1.2,-3.7,-18.4,1.107,21,7,0,0,7
109.5,4,isocontour,11.283791670955125,30389.82,63.95,17.0,11.7,0.994,-0.5,-2.9,2.9,-4.1,-18.4,1.104,21,7,0,0,7
109.5,5,isocontour,11.283791670955125,28502.7,59.98,11.6,15.1,1.089,-1.5,1.0,1.8,-4.1,-18.4,1.104,21,9,0,0,9
109.5,6,isocontour,11.283791670955125,30125.37,63.4,12.0,15.5,1.055,-0.6,2.1,2.2,-4.1,-18.4,1.104,21,9,0,0,9
109.5,7,isocontour,11.283791670955125,28140.17,59.22,-15.7,13.7,0.986,-1.9,-0.6,2.0,-4.0,-18.2,1.114,21,4,0,0,4
109.5,8,isocontour,11.283791670955125,30492.9,64.17,12.2,14.9,1.076,-2.5,1.4,2.9,-4.1,-18.4,1.104,21,9,0,0,9
109.5,9,isocontour,11.283791670955125,28360.73,59.68,19.5,7.2,0.988,-0.1,2.7,2.7,-4.1,-18.4,1.104,21,6,0,0,6
109.5,10,isocontour,11.283791670955125,28454.63,59.88,16.0,10.8,1.076,-1.0,2.6,2.8,-4.1,-18.4,1.104,21,7,0,0,7
109.5,11,isocontour,11.283791670955125,30510.55,64.21,-17.0,-9.4,1.068,2.6,1.2,2.9,-4.0,-18.2,1.117,21,3,0,0,3
109.5,12,isocontour,11.283791670955125,27840.87,58.59,-13.2,-16.0,0.99,0.9,-0.8,1.2,-4.0,-18.2,1.117,21,3,0,0,3
109.5,13,isocontour,11.283791670955125,26232.12,55.2,20.5,-3.4,0.987,0.6,-2.8,2.9,-4.1,-18.4,1.104,21,1,0,0,1
109.5,14,isocontour,11.283791670955125,28679.74,60.35,7.5,-18.5,1.037,-2.3,-1.6,2.8,-4.0,-18.2,1.117,21,2,0,0,2
109.5,15,isocontour,11.283791670955125,24980.38,52.57,-1.2,20.8,0.985,0.4,-0.8,0.9,-3.8,-18.3,1.11,21,3,0,0,3
109.5,16,isocontour,11.283791670955125,43834.0,92.24,-18.4,9.7,0.987,-0.6,-1.5,1.6,-4.0,-18.2,1.117,21,4,0,0,4
109.5,17,isocontour,11.283791670955125,26009.36,54.73,11.6,16.2,1.039,-2.3,1.5,2.7,-4.1,-18.4,1.104,21,8,0,0,8
109.5,18,isocontour,11.283791670955125,31364.25,66.0,-8.9,18.8,0.988,-1.3,0.8,1.5,-3.9,-18.3,1.113,21,3,0,0,3
109.5,19,isocontour,11.283791670955125,26886.71,56.58,-20.7,-0.4,0.993,0.9,0.6,1.1,-4.0,-18.2,1.117,21,4,0,0,4
109.5,20,isocontour,11.283791670955125,28633.76,60.26,12.6,-16.6,0.985,-1.5,-1.5,2.1,-4.0,-18.2,1.117,21,2,0,0,2
109.5,21,isocontour,11.283791670955125,28587.37,60.16,-4.4,-18.2,1.111,0.9,-1.1,1.4,-4.4,-18.2,1.117,21,2,0,0,2
109.5,22,isocontour,11.283791670955125,30826.26,64.87,-18.9,-9.1,0.978,2.4,0.6,2.5,-4.0,-18.2,1.117,21,3,0,0,3
109.5,23,isocontour,11.283791670955125,31020.94,65.28,-20.1,5.2,0.992,1.0,0.6,1.2,-4.0,-18.2,1.117,21,4,0,0,4
109.5,24,isocontour,11.283791670955125,29079.05,61.19,2.8,-20.4,0.997,-1.2,0.0,1.2,-4.0,-18.2,1.117,21,3,0,0,3
109.5,25,isocontour,11.283791670955125,29102.82,61.24,-15.6,12.0,1.052,1.3,0.3,1.3,-4.0,-18.2,1.114,21,4,0,0,4
109.5,Target,,,,,0.0,0.0,4.023,0.0,0.0,,,,,,,,,
109.6,1,isocontour,11.283791670955125,26042.09,54.8,10.5,18.0,0.987,0.3,1.8,1.8,-3.7,-18.4,1.107,21,8,0,0,8
109.6,2,isocontour,11.283791670955125,24974.6,52.56,4.9,20.1,0.996,-2.6,0.2,2.6,-3.8,-18.3,1.11,21,7,0,0,7
109.6,3,isocontour,11.283791670955125,25207.32,53.05,7.7,19.3,0.99,-1.0,-0.1,1.0,-3.8,-18.3,1.11,21,7,0,0,7
109.6,4,isocontour,11.283791670955125,30388.89,63.95,17.1,11.6,0.995,0.6,-0.7,0.9,-4.1,-18.4,1.104,21,7,0,0,7
109.6,5,isocontour,11.283791670955125,28501.13,59.98,11.5,15.2,1.088,-0.7,0.8,1.1,-3.7,-18.4,1.107,21,9,0,0,9
109.6,6,isocontour,11.283791670955125,30093.57,63.33,11.7,15.5,1.065,-2.9,-0.5,2.9,-3.7,-18.4,1.107,21,9,0,0,9
109.6,7,isocontour,11.283791670955125,28139.49,59.22,-15.7,13.7,0.986,0.6,0.5,0.8,-4.0,-18.2,1.117,21,4,0,0,4
109.6,8,isocontour,11.283791670955125,30465.14,64.11,12.0,15.1,1.075,-1.9,2.1,2.8,-3.7,-18.4,1.107,21,9,0,0,9
109.6,9,isocontour,11.283791670955125,28360.12,59.68,19.5,7.3,0.985,0.3,0.7,0.8,-4.1,-18.4,1.104,21,6,0,0,6
109.6,10,isocontour,11.283791670955125,28431.88,59.83,15.9,11.1,1.071,-0.7,2.5,2.6,-4.1,-18.4,1.104,21,7,0,0,7
109.6,11,isocontour,11.283791670955125,30499.63,64.18,-16.9,-9.2,1.077,0.4,2.0,2.0,-4.0,-18.2,1.117,21,3,0,0,3
109.6,12,isocontour,11.283791670955125,27820.13,58.54,-13.0,-16.1,0.995,2.5,-0.5,2.5,-4.0,-18.2,1.117,21,3,0,0,3
109.6,13,isocontour,11.283791670955125,26203.16,55.14,20.5,-3.2,0.99,-0.3,2.8,2.8,-4.1,-18.4,1.104,21,1,0,0,1
109.6,14,isocontour,11.283791670955125,28648.9,60.29,7.2,-18.5,1.04,-2.9,-0.3,2.9,-4.0,-18.2,1.117,21,2,0,0,2
109.6,15,isocontour,11.283791670955125,24977.38,52.56,-1.1,20.7,0.99,0.9,-1.0,1.3,-3.9,-18.3,1.113,21,3,0,0,3
109.6,16,isocontour,11.283791670955125,43805.34,92.18,-18.5,9.4,0.989,-0.9,-2.7,2.8,-4.0,-18.2,1.117,21,4,0,0,4
109.6,17,isocontour,11.283791670955125,26008.15,54.73,11.5,16.2,1.042,-1.0,0.1,1.0,-3.7,-18.4,1.107,21,8,0,0,8
109.6,18,isocontour,11.283791670955125,31254.64,65.77,-9.3,18.7,0.984,-4.2,-1.4,4.4,-4.0,-18.2,1.114,21,3,0,0,3
109.6,19,isocontour,11.283791670955125,26850.86,56.5,-20.7,-0.6,0.993,-0.1,-3.0,3.0,-4.0,-18.2,1.117,21,4,0,0,4
109.6,20,isocontour,11.283791670955125,28604.79,60.2,12.3,-16.8,0.985,-2.3,-1.6,2.8,-4.0,-18.2,1.117,21,2,0,0,2
109.6,21,isocontour,11.283791670955125,28585.42,60.15,-4.3,-18.3,1.108,0.9,-0.6,1.1,-4.3,-18.3,1.117,21,2,0,0,2
109.6,22,isocontour,11.283791670955125,30796.06,64.81,-18.7,-8.9,0.992,1.6,2.3,2.8,-4.0,-18.2,1.117,21,3,0,0,3
109.6,23,isocontour,11.283791670955125,31019.97,65.28,-20.0,5.3,0.993,0.3,0.9,0.9,-4.0,-18.2,1.117,21,4,0,0,4
109.6,24,isocontour,11.283791670955125,29054.16,61.14,2.6,-20.5,0.993,-2.4,-1.2,2.7,-4.0,-18.2,1.117,21,3,0,0,3
109.6,25,isocontour,11.283791670955125,29101.21,61.24,-15.6,11.9,1.055,-0.2,-1.0,1.0,-4.0,-18.2,1.117,21,4,0,0,4
109.6,Target,,,,,0.0,0.0,4.023,0.0,0.0,,,,,,,,,
109.7,1,isocontour,11.283791670955125,26040.43,54.8,10.4,18.0,0.988,-1.1,-0.1,1.1,-3.8,-18.3,1.11,21,8,0,0,8
109.7,2,isocontour,11.283791670955125,24949.98,52.5,4.7,20.2,0.994,-2.4,1.1,2.6,-3.9,-18.3,1.113,21,7,0,0,7
109.7,3,isocontour,11.283791670955125,25204.7,53.04,7.7,19.2,0.993,0.9,-0.9,1.3,-3.9,-18.3,1.113,21,7,0,0,7
109.7,4,isocontour,11.283791670955125,30380.32,63.93,17.3,11.7,0.987,1.9,0.3,1.9,-3.7,-18.4,1.107,21,7,0,0,7
109.7,5,isocontour,11.283791670955125,28474.83,59.92,11.3,15.3,1.094,-2.7,0.6,2.8,-3.8,-18.3,1.11,21,9,0,0,9
109.7,6,isocontour,11.283791670955125,30033.7,63.2,11.6,15.8,1.058,-1.4,3.3,3.6,-3.8,-18.3,1.11,21,8,0,0,8
109.7,7,isocontour,11.283791670955125,28108.02,59.15,-15.8,13.5,0.988,-1.6,-2.4,2.9,-4.0,-18.2,1.117,21,4,0,0,4
109.7,8,isocontour,11.283791670955125,30464.32,64.11,12.1,15.1,1.075,0.6,-0.6,0.8,-3.8,-18.3,1.11,21,9,0,0,9
109.7,9,isocontour,11.283791670955125,28332.36,59.62,19.3,7.3,0.996,-2.7,0.5,2.7,-3.7,-18.4,1.107,21,4,0,0,4
109.7,10,isocontour,11.283791670955125,28404.42,59.77,15.8,11.3,1.065,-0.7,2.7,2.8,-3.7,-18.4,1.107,21,7,0,0,7
109.7,11,isocontour,11.283791670955125,30472.46,64.13,-16.8,-9.4,1.079,1.5,-2.3,2.7,-4.0,-18.2,1.117,21,3,0,0,3
109.7,12,isocontour,11.283791670955125,27817.64,58.54,-12.9,-16.2,0.994,0.6,-1.1,1.3,-4.0,-18.2,1.117,21,3,0,0,3
109.7,13,isocontour,11.283791670955125,26200.95,55.14,20.5,-3.2,0.993,-0.7,-0.9,1.1,-4.1,-18.4,1.104,21,1,0,0,1
109.7,14,isocontour,11.283791670955125,28644.86,60.28,7.1,-18.6,1.038,-1.0,-1.0,1.4,-4.0,-18.2,1.117,21,2,0,0,2
109.7,15,isocontour,11.283791670955125,24975.94,52.56,-1.1,20.7,0.993,-0.9,-0.4,1.0,-4.0,-18.2,1.114,21,3,0,0,3
109.7,16,isocontour,11.283791670955125,43792.21,92.16,-18.6,9.2,0.988,-1.2,-1.8,2.2,-4.0,-18.2,1.117,21,4,0,0,4
109.7,17,isocontour,11.283791670955125,25980.4,54.67,11.3,16.3,1.047,-2.7,0.8,2.8,-3.8,-18.3,1.11,21,8,0,0,8
109.7,18,isocontour,11.283791670955125,31245.37,65.75,-9.4,18.5,0.993,0.3,-1.9,1.9,-4.0,-18.2,1.117,21,3,0,0,3
109.7,19,isocontour,11.283791670955125,26834.42,56.47,-20.8,-0.8,0.985,-1.5,-1.8,2.3,-4.0,-18.2,1.117,21,4,0,0,4
109.7,20,isocontour,11.283791670955125,28566.79,60.12,12.1,-16.9,0.988,-2.9,-1.2,3.1,-4.0,-18.2,1.117,21,2,0,0,2
109.7,21,isocontour,11.283791670955125,28561.88,60.1,-4.5,-18.2,1.109,-2.5,0.9,2.7,-4.5,-18.2,1.117,21,2,0,0,2
109.7,22,isocontour,11.283791670955125,30782.75,64.78,-18.9,-8.9,0.984,-2.2,0.1,2.2,-4.0,-18.2,1.117,21,3,0,0,3
109.7,23,isocontour,11.283791670955125,31014.77,65.27,-20.1,5.4,0.988,-0.8,1.4,1.6,-4.0,-18.2,1.117,21,4,0,0,4
109.7,24,isocontour,11.283791670955125,29034.62,61.1,2.4,-20.6,0.989,-2.3,-1.0,2.5,-4.0,-18.2,1.117,21,3,0,0,3
109.7,25,isocontour,11.283791670955125,29099.59,61.24,-15.6,11.8,1.058,-0.3,-1.0,1.0,-4.0,-18.2,1.117,21,4,0,0,4
109.7,Target,,,,,0.0,0.0,4.023,0.0,0.0,,,,,,,,,
109.8,1,isocontour,11.283791670955125,26038.91,54.8,10.3,18.0,0.989,-1.0,0.4,1.1,-3.9,-18.3,1.113,21,8,0,0,8
109.8,2,isocontour,11.283791670955125,24944.47,52.49,4.6,20.3,0.987,-0.5,1.5,1.6,-4.0,-18.2,1.114,21,7,0,0,7
109.8,3,isocontour,11.283791670955125,25204.68,53.04,7.8,19.2,0.994,0.2,-0.2,0.3,-4.0,-18.2,1.114,21,7,0,0,7
109.8,4,isocontour,11.283791670955125,30379.53,63.93,17.3,11.6,0.988,-0.2,-0.8,0.8,-3.8,-18.3,1.11,21,7,0,0,7
109.8,5,isocontour,11.283791670955125,28473.8,59.92,11.3,15.2,1.096,0.6,-0.7,0.9,-3.9,-18.3,1.113,21,9,0,0,9
109.8,6,isocontour,11.283791670955125,30028.39,63.19,11.4,15.8,1.062,-1.6,-0.4,1.6,-3.9,-18.3,1.113,21,8,0,0,8
109.8,7,isocontour,11.283791670955125,28089.85,59.11,-15.8,13.3,0.997,0.7,-2.3,2.4,-4.0,-18.2,1.117,21,4,0,0,4
109.8,8,isocontour,11.283791670955125,30456.15,64.09,12.2,15.0,1.075,1.4,-1.2,1.8,-3.9,-18.3,1.113,21,9,0,0,9
109.8,9,isocontour,11.283791670955125,28327.89,59.61,19.2,7.4,1.0,-1.0,1.1,1.5,-3.8,-18.3,1.11,21,4,0,0,4
109.8,10,isocontour,11.283791670955125,28401.35,59.77,15.8,11.3,1.066,0.5,-1.3,1.4,-3.8,-18.3,1.11,21,7,0,0,7
109.8,11,isocontour,11.283791670955125,30436.6,64.05,-16.7,-9.6,1.077,1.1,-2.8,3.0,-4.0,-18.2,1.117,21,3,0,0,3
109.8,12,isocontour,11.283791670955125,27795.4,58.49,-12.8,-16.4,0.987,0.7,-2.5,2.6,-4.0,-18.2,1.117,21,3,0,0,3
109.8,13,isocontour,11.283791670955125,26172.3,55.08,20.5,-3.5,0.991,0.1,-2.8,2.8,-3.7,-18.4,1.107,21,1,0,0,1
109.8,14,isocontour,11.283791670955125,28633.45,60.26,6.9,-18.7,1.034,-1.6,-1.4,2.1,-4.0,-18.2,1.117,21,2,0,0,2
109.8,15,isocontour,11.283791670955125,24953.19,52.51,-1.4,20.8,0.988,-2.4,0.9,2.6,-4.0,-18.2,1.117,21,3,0,0,3
109.8,16,isocontour,11.283791670955125,43787.19,92.14,-18.5,9.2,0.994,1.6,0.2,1.6,-4.0,-18.2,1.117,21,4,0,0,4
109.8,17,isocontour,11.283791670955125,25955.22,54.62,11.0,16.4,1.047,-2.2,1.6,2.7,-3.9,-18.3,1.113,21,8,0,0,8
109.8,18,isocontour,11.283791670955125,31239.66,65.74,-9.4,18.4,0.997,-1.1,-1.2,1.6,-4.0,-18.2,1.117,21,3,0,0,3
109.8,19,isocontour,11.283791670955125,26808.4,56.41,-21.0,-0.6,0.979,-1.2,2.4,2.7,-4.0,-18.2,1.117,21,4,0,0,4
109.8,20,isocontour,11.283791670955125,28562.32,60.11,11.9,-16.9,0.993,-1.5,0.1,1.5,-4.0,-18.2,1.117,21,2,0,0,2
109.8,21,isocontour,11.283791670955125,28535.58,60.05,-4.8,-18.1,1.109,-2.7,0.6,2.8,-4.8,-18.1,1.117,21,2,0,0,2
109.8,22,isocontour,11.283791670955125,30781.23,64.78,-18.9,-9.0,0.983,0.4,-1.0,1.1,-4.0,-18.2,1.117,21,3,0,0,3
109.8,23,isocontour,11.283791670955125,31014.15,65.27,-20.1,5.4,0.985,-0.5,-0.6,0.8,-4.0,-18.2,1.117,21,4,0,0,4
109.8,24,isocontour,11.283791670955125,29032.36,61.1,2.2,-20.6,0.99,-1.2,0.2,1.2,-4.0,-18.2,1.117,21,3,0,0,3
109.8,25,isocontour,11.283791670955125,29071.84,61.18,-15.4,12.0,1.061,2.1,1.9,2.8,-4.0,-18.2,1.117,21,4,0,0,4
109.8,Target,,,,,0.0,0.0,4.023,0.0,0.0,,,,,,,,,
109.9,1,isocontour,11.283791670955125,26010.55,54.74,10.0,18.0,0.997,-2.8,-0.3,2.8,-4.0,-18.2,1.114,21,8,0,0,8
109.9,2,isocontour,11.283791670955125,24943.65,52.49,4.5,20.3,0.986,-0.8,0.1,0.8,-4.0,-18.2,1.117,21,7,0,0,7
109.9,3,isocontour,11.283791670955125,25204.06,53.04,7.7,19.2,0.993,-0.6,0.5,0.8,-4.0,-18.2,1.117,21,8,0,0,8
109.9,4,isocontour,11.283791670955125,30371.87,63.91,17.2,11.4,0.995,-0.3,-1.8,1.8,-3.9,-18.3,1.113,21,7,0,0,7
109.9,5,isocontour,11.283791670955125,28458.78,59.89,11.4,15.0,1.104,0.6,-2.2,2.3,-4.0,-18.2,1.114,21,9,0,0,9
109.9,6,isocontour,11.283791670955125,30021.46,63.18,11.2,15.8,1.067,-1.7,0.2,1.7,-4.0,-18.2,1.114,21,8,0,0,8
109.9,7,isocontour,11.283791670955125,28064.96,59.06,-16.0,13.1,0.996,-2.1,-1.6,2.6,-4.0,-18.2,1.117,21,4,0,0,4
109.9,8,isocontour,11.283791670955125,30447.99,64.07,12.2,14.8,1.082,0.2,-1.8,1.8,-4.0,-18.2,1.114,21,9,0,0,9
109.9,9,isocontour,11.283791670955125,28325.57,59.61,19.2,7.5,0.997,0.5,1.1,1.2,-3.9,-18.3,1.113,21,5,0,0,5
109.9,10,isocontour,11.283791670955125,28400.28,59.76,15.9,11.2,1.066,0.7,-0.7,1.0,-3.9,-18.3,1.113,21,7,0,0,7
109.9,11,isocontour,11.283791670955125,30432.05,64.04,-16.8,-9.8,1.069,-1.3,-0.8,1.5,-4.0,-18.2,1.117,21,3,0,0,3
109.9,12,isocontour,11.283791670955125,27777.24,58.45,-13.0,-16.3,0.986,-1.8,1.6,2.4,-4.0,-18.2,1.117,21,3,0,0,3
109.9,13,isocontour,11.283791670955125,26143.64,55.02,20.5,-3.7,0.988,0.0,-2.8,2.8,-3.8,-18.3,1.11,21,1,0,0,1
109.9,14,isocontour,11.283791670955125,28632.93,60.25,7.0,-18.8,1.032,0.7,0.1,0.7,-4.0,-18.2,1.117,21,2,0,0,2
109.9,15,isocontour,11.283791670955125,24934.8,52.47,-1.6,20.7,0.99,-2.3,-0.8,2.4,-4.0,-18.2,1.117,21,3,0,0,3
109.9,16,isocontour,11.283791670955125,43780.84,92.13,-18.5,9.1,0.999,0.1,-1.7,1.7,-4.0,-18.2,1.117,21,4,0,0,4
109.9,17,isocontour,11.283791670955125,25938.15,54.58,10.8,16.5,1.051,-2.3,0.6,2.4,-4.0,-18.2,1.114,21,8,0,0,8
109.9,18,isocontour,11.283791670955125,31234.74,65.73,-9.4,18.5,0.992,0.3,1.5,1.5,-4.0,-18.2,1.117,21,3,0,0,3
109.9,19,isocontour,11.283791670955125,26785.13,56.37,-20.9,-0.4,0.983,1.0,2.4,2.6,-4.0,-18.2,1.117,21,4,0,0,4
109.9,20,isocontour,11.283791670955125,28559.94,60.1,11.8,-17.0,0.997,-1.2,-0.1,1.2,-4.0,-18.2,1.117,21,2,0,0,2
109.9,21,isocontour,11.283791670955125,28534.14,60.05,-4.8,-18.2,1.104,0.4,-0.9,1.0,-4.8,-18.2,1.117,21,2,0,0,2
109.9,22,isocontour,11.283791670955125,30753.17,64.72,-18.7,-9.1,0.99,2.4,-1.4,2.8,-4.0,-18.2,1.117,21,3,0,0,3
109.9,23,isocontour,11.283791670955125,30984.89,65.2,-20.0,5.6,0.989,1.5,2.4,2.8,-4.0,-18.2,1.117,21,4,0,0,4
109.9,24,isocontour,11.283791670955125,29031.59,61.09,2.3,-20.6,0.993,0.6,0.6,0.8,-4.0,-18.2,1.117,21,3,0,0,3
109.9,25,isocontour,11.283791670955125,29057.21,61.15,-15.4,12.2,1.057,0.5,2.2,2.3,-4.0,-18.2,1.117,21,4,0,0,4
109.9,Target,,,,,0.0,0.0,4.023,0.0,0.0,,,,,,,,,
110.0,1,isocontour,11.283791670955125,26005.34,54.73,10.0,18.2,0.993,-0.4,1.5,1.6,10.0,18.2,0.997,1,8,0,0,8
110.0,2,isocontour,11.283791670955125,24909.87,52.42,4.7,20.2,0.991,2.5,-1.6,3.0,4.7,20.2,0.986,2,7,0,0,7
110.0,3,isocontour,11.283791670955125,25122.72,52.87,7.4,19.3,0.993,-3.7,1.5,4.0,7.4,19.3,0.993,3,7,0,0,7
110.0,4,isocontour,11.283791670955125,30349.89,63.87,17.4,11.2,0.994,1.8,-1.8,2.5,17.4,11.2,0.995,4,7,0,0,7
110.0,5,isocontour,11.283791670955125,28454.57,59.88,11.4,14.9,1.109,0.6,-1.4,1.5,11.4,14.9,1.104,5,9,0,0,9
110.0,6,isocontour,11.283791670955125,30007.03,63.15,11.2,16.0,1.058,0.1,2.2,2.2,11.2,16.0,1.067,6,8,0,0,8
110.0,7,isocontour,11.283791670955125,28058.82,59.05,-16.1,13.1,0.989,-1.7,0.2,1.7,-16.1,13.1,0.996,7,4,0,0,4
110.0,8,isocontour,11.283791670955125,30434.12,64.04,12.4,14.7,1.079,2.1,-0.7,2.2,12.4,14.7,1.082,8,9,0,0,9
110.0,9,isocontour,11.283791670955125,28196.36,59.34,19.4,7.2,0.995,1.9,-4.3,4.7,19.4,7.2,0.997,9,4,0,0,4
110.0,10,isocontour,11.283791670955125,28398.76,59.76,15.8,11.2,1.067,-0.8,0.6,1.0,15.8,11.2,1.066,10,7,0,0,7
110.0,11,isocontour,11.283791670955125,30410.82,64.0,-16.9,-9.6,1.064,-1.9,1.7,2.5,-16.9,-9.6,1.069,11,3,0,0,3
110.0,12,isocontour,11.283791670955125,27762.61,58.42,-13.0,-16.1,0.994,-0.2,2.2,2.2,-13.0,-16.1,0.986,12,3,0,0,3
110.0,13,isocontour,11.283791670955125,26142.82,55.01,20.4,-3.7,0.989,-0.1,0.8,0.8,20.4,-3.7,0.988,13,0,0,0,0
110.0,14,isocontour,11.283791670955125,28632.38,60.25,7.0,-18.7,1.033,0.6,0.4,0.7,7.0,-18.7,1.032,14,2,0,0,2
110.0,15,isocontour,11.283791670955125,24918.98,52.44,-1.5,20.6,0.997,2.0,-1.2,2.3,-1.5,20.6,0.99,15,3,0,0,3
110.0,16,isocontour,11.283791670955125,43679.88,91.92,-18.6,8.7,1.001,-1.7,-4.0,4.3,-18.6,8.7,0.999,16,4,0,0,4
110.0,17,isocontour,11.283791670955125,25936.0,54.58,10.8,16.6,1.046,0.2,1.2,1.2,10.8,16.6,1.051,17,8,0,0,8
110.0,18,isocontour,11.283791670955125,31231.02,65.72,-9.5,18.5,0.986,-1.3,0.5,1.4,-9.5,18.5,0.992,18,3,0,0,3
110.0,19,isocontour,11.283791670955125,26783.73,56.36,-20.8,-0.3,0.987,0.8,0.6,1.0,-20.8,-0.3,0.983,19,4,0,0,4
110.0,20,isocontour,11.283791670955125,28448.84,59.87,12.1,-16.8,0.993,4.1,1.7,4.4,12.1,-16.8,0.997,20,2,0,0,2
110.0,21,isocontour,11.283791670955125,28532.66,60.04,-4.7,-18.3,1.102,0.9,-0.6,1.1,-4.7,-18.3,1.104,21,2,0,0,2
110.0,22,isocontour,11.283791670955125,30745.26,64.7,-18.5,-9.1,0.999,1.8,0.1,1.8,-18.5,-9.1,0.99,22,3,0,0,3
110.0,23,isocontour,11.283791670955125,30956.83,65.14,-19.9,5.9,0.991,1.1,2.6,2.8,-19.9,5.9,0.989,23,4,0,0,4
110.0,24,isocontour,11.283791670955125,28995.74,61.02,2.0,-20.6,0.992,-3.0,-0.6,3.1,2.0,-20.6,0.993,24,3,0,0,3
110.0,25,isocontour,11.283791670955125,29034.72,61.1,-15.4,12.0,1.058,-1.2,-2.3,2.6,-15.4,12.0,1.057,25,4,0,0,4
110.0,Target,,,,,0.0,0.0,4.023,0.0,0.0,,,,,,,,,
110.1,1,isocontour,11.283791670955125,25917.13,54.54,10.1,18.5,0.973,1.3,3.9,4.1,11.4,14.9,1.109,5,8,0,0,8
110.1,2,isocontour,11.283791670955125,24904.36,52.41,4.8,20.3,0.984,0.1,1.6,1.6,11.4,14.9,1.109,5,7,0,0,7
110.1,3,isocontour,11.283791670955125,25118.84,52.86,7.5,19.4,0.989,1.4,0.3,1.4,11.4,14.9,1.109,5,7,0,0,7
110.1,4,isocontour,11.283791670955125,30303.25,63.77,17.7,11.2,0.98,3.3,-0.2,3.3,11.4,14.9,1.109,5,7,0,0,7
110.1,5,isocontour,11.283791670955125,28428.27,59.82,11.7,14.8,1.105,2.6,-1.0,2.8,11.7,14.8,1.109,5,9,0,0,9
110.1,6,isocontour,11.283791670955125,29990.39,63.11,11.0,16.1,1.059,-2.2,0.9,2.4,11.4,14.9,1.109,5,8,0,0,8
110.1,7,isocontour,11.283791670955125,28057.76,59.04,-16.1,13.0,0.991,0.1,-0.9,0.9,-15.4,12.0,1.058,25,4,0,0,4
110.1,8,isocontour,11.283791670955125,30425.42,64.03,12.6,14.6,1.075,1.8,-0.6,1.9,11.4,14.9,1.109,5,9,0,0,9
110.1,9,isocontour,11.283791670955125,28172.02,59.28,19.5,6.9,0.991,1.6,-2.1,2.6,11.4,14.9,1.109,5,5,0,0,5
110.1,10,isocontour,11.283791670955125,28365.31,59.69,15.8,11.5,1.06,-0.2,3.0,3.0,11.4,14.9,1.109,5,7,0,0,7
110.1,11,isocontour,11.283791670955125,30387.27,63.95,-17.2,-9.5,1.054,-2.5,0.8,2.6,-17.2,-9.5,1.069,11,3,0,0,3
110.1,12,isocontour,11.283791670955125,27760.46,58.42,-12.9,-16.1,0.995,0.8,-0.8,1.1,-4.7,-18.3,1.104,21,3,0,0,3
110.1,13,isocontour,11.283791670955125,26106.26,54.94,20.5,-3.4,0.991,0.1,3.1,3.1,19.4,7.2,0.997,9,1,0,0,1
110.1,14,isocontour,11.283791670955125,28606.65,60.2,7.3,-18.7,1.032,2.6,0.6,2.7,7.3,-18.7,1.033,14,2,0,0,2
110.1,15,isocontour,11.283791670955125,24917.41,52.44,-1.5,20.6,0.996,-1.0,0.3,1.0,-1.5,20.6,0.997,15,3,0,0,3
110.1,16,isocontour,11.283791670955125,43675.92,91.91,-18.7,8.8,0.997,-0.3,1.4,1.4,-15.4,12.0,1.058,25,4,0,0,4
110.1,17,isocontour,11.283791670955125,25916.22,54.54,10.6,16.7,1.043,-1.8,1.7,2.5,11.4,14.9,1.109,5,8,0,0,8
110.1,18,isocontour,11.283791670955125,31229.81,65.72,-9.5,18.5,0.989,0.8,-0.5,0.9,-15.4,12.0,1.058,25,3,0,0,3
110.1,19,isocontour,11.283791670955125,26771.13,56.34,-20.6,-0.4,0.997,1.9,-0.9,2.1,-16.9,-9.6,1.069,11,4,0,0,4
110.1,20,isocontour,11.283791670955125,28426.6,59.82,12.4,-16.7,0.987,2.5,0.7,2.6,7.0,-18.7,1.033,14,2,0,0,2
110.1,21,isocontour,11.283791670955125,28531.84,60.04,-4.8,-18.3,1.101,-0.9,0.1,0.9,-4.8,-18.3,1.104,21,2,0,0,2
110.1,22,isocontour,11.283791670955125,30727.1,64.66,-18.5,-8.9,1.002,-0.7,2.3,2.4,-16.9,-9.6,1.069,11,3,0,0,3
110.1,23,isocontour,11.283791670955125,30937.05,65.1,-19.9,5.7,0.993,-0.5,-2.4,2.5,-15.4,12.0,1.058,25,4,0,0,4
110.1,24,isocontour,11.283791670955125,28910.07,60.84,1.7,-20.9,0.979,-2.9,-2.9,4.1,-4.7,-18.3,1.104,21,3,0,0,3
110.1,25,isocontour,11.283791670955125,29017.86,61.06,-15.6,11.9,1.053,-2.1,-1.0,2.3,-15.6,11.9,1.058,25,4,0,0,4
110.1,Target,,,,,0.0,0.0,4.023,0.0,0.0,,,,,,,,,
110.2,1,isocontour,11.283791670955125,25917.04,54.54,10.1,18.6,0.97,-0.4,0.2,0.4,11.4,14.9,1.109,5,8,0,0,8
110.2,2,isocontour,11.283791670955125,24813.56,52.22,4.4,20.4,0.986,-4.1,0.3,4.1,11.4,14.9,1.109,5,7,0,0,7
110.2,3,isocontour,11.283791670955125,25101.98,52.82,7.3,19.5,0.988,-2.1,1.0,2.3,11.4,14.9,1.109,5,7,0,0,7
110.2,4,isocontour,11.283791670955125,30303.03,63.77,17.7,11.2,0.979,0.1,-0.5,0.5,11.4,14.9,1.109,5,7,0,0,7
110.2,5,isocontour,11.283791670955125,28426.95,59.82,11.8,14.7,1.105,0.7,-0.7,1.0,11.8,14.7,1.109,5,9,0,0,9
110.2,6,isocontour,11.283791670955125,29989.78,63.11,10.9,16.2,1.061,-0.7,0.3,0.8,11.4,14.9,1.109,5,8,0,0,8
110.2,7,isocontour,11.283791670955125,28040.47,59.01,-16.1,13.2,0.987,0.7,2.3,2.4,-15.4,12.0,1.058,25,4,0,0,4
110.2,8,isocontour,11.283791670955125,30423.89,64.02,12.6,14.6,1.079,-0.7,-0.8,1.1,11.4,14.9,1.109,5,9,0,0,9
110.2,9,isocontour,11.283791670955125,28172.0,59.28,19.6,6.9,0.992,-0.2,-0.2,0.3,11.4,14.9,1.109,5,5,0,0,5
110.2,10,isocontour,11.283791670955125,28344.33,59.65,16.0,11.4,1.055,2.0,-1.6,2.6,11.4,14.9,1.109,5,7,0,0,7
110.2,11,isocontour,11.283791670955125,30365.54,63.9,-17.3,-9.3,1.054,-0.9,2.4,2.6,-4.7,-18.3,1.104,21,3,0,0,3
110.2,12,isocontour,11.283791670955125,27758.52,58.41,-13.0,-16.2,0.989,-0.4,-1.1,1.2,-4.7,-18.3,1.104,21,3,0,0,3
110.2,13,isocontour,11.283791670955125,26105.32,54.94,20.5,-3.5,0.99,0.2,-0.9,0.9,11.4,14.9,1.109,5,1,0,0,1
110.2,14,isocontour,11.283791670955125,28597.24,60.18,7.4,-18.5,1.036,1.2,1.5,1.9,-4.7,-18.3,1.104,21,2,0,0,2
110.2,15,isocontour,11.283791670955125,24892.24,52.38,-1.8,20.6,0.992,-2.6,0.6,2.7,11.4,14.9,1.109,5,3,0,0,3
110.2,16,isocontour,11.283791670955125,43665.46,91.89,-18.9,8.8,0.987,-2.0,0.2,2.0,-16.9,-9.6,1.069,11,4,0,0,4
110.2,17,isocontour,11.283791670955125,25899.15,54.5,10.4,16.8,1.046,-2.3,0.7,2.4,11.4,14.9,1.109,5,8,0,0,8
110.2,18,isocontour,11.283791670955125,31225.34,65.71,-9.3,18.5,0.991,1.5,0.4,1.6,-15.4,12.0,1.058,25,3,0,0,3
110.2,19,isocontour,11.283791670955125,26768.06,56.33,-20.7,-0.5,0.994,-1.0,-0.9,1.3,-16.9,-9.6,1.069,11,4,0,0,4
110.2,20,isocontour,11.283791670955125,28424.6,59.82,12.4,-16.8,0.984,-0.6,-1.0,1.2,7.0,-18.7,1.033,14,1,0,0,1
110.2,21,isocontour,11.283791670955125,28506.11,59.99,-5.0,-18.2,1.099,-2.7,0.4,2.7,-5.0,-18.2,1.104,21,2,0,0,2
110.2,22,isocontour,11.283791670955125,30669.18,64.54,-18.8,-8.9,0.986,-3.4,-0.9,3.5,-4.7,-18.3,1.104,21,3,0,0,3
110.2,23,isocontour,11.283791670955125,30905.26,65.04,-20.1,5.5,0.986,-2.1,-2.0,2.9,-16.9,-9.6,1.069,11,4,0,0,4
110.2,24,isocontour,11.283791670955125,28909.38,60.84,1.7,-21.0,0.973,0.2,-0.8,0.8,-4.7,-18.3,1.104,21,2,0,0,2
110.2,25,isocontour,11.283791670955125,28991.84,61.01,-15.8,11.7,1.05,-1.9,-2.0,2.8,-15.8,11.7,1.058,25,4,0,0,4
110.2,Target,,,,,0.0,0.0,4.023,0.0,0.0,,,,,,,,,
110.3,1,isocontour,11.283791670955125,25890.16,54.48,10.1,18.3,0.98,0.4,-2.7,2.7,11.4,14.9,1.109,5,8,0,0,8
110.3,2,isocontour,11.283791670955125,24793.78,52.18,4.2,20.2,0.997,-1.4,-2.0,2.4,11.4,14.9,1.109,5,7,0,0,7
110.3,3,isocontour,11.283791670955125,25077.63,52.77,7.0,19.4,0.994,-2.6,-0.5,2.6,11.4,14.9,1.109,5,7,0,0,7
110.3,4,isocontour,11.283791670955125,30299.82,63.76,17.6,11.1,0.986,-1.3,-0.4,1.4,11.4,14.9,1.109,5,7,0,0,7
110.3,5,isocontour,11.283791670955125,28399.19,59.76,12.0,14.6,1.102,2.5,-1.2,2.8,12.0,14.6,1.109,5,9,0,0,9
110.3,6,isocontour,11.283791670955125,29986.13,63.1,10.9,16.3,1.057,-0.4,1.3,1.4,11.4,14.9,1.109,5,8,0,0,8
110.3,7,isocontour,11.283791670955125,28016.12,58.96,-15.9,13.4,0.989,2.1,1.7,2.7,-16.9,-9.6,1.069,11,4,0,0,4
110.3,8,isocontour,11.283791670955125,30400.62,63.97,12.6,14.3,1.09,0.3,-2.6,2.6,11.4,14.9,1.109,5,9,0,0,9
110.3,9,isocontour,11.283791670955125,28171.45,59.28,19.6,6.8,0.99,0.5,-0.5,0.7,11.4,14.9,1.109,5,5,0,0,5
110.3,10,isocontour,11.283791670955125,28331.02,59.62,16.1,11.2,1.057,0.8,-2.0,2.2,11.4,14.9,1.109,5,7,0,0,7
110.3,11,isocontour,11.283791670955125,30346.93,63.86,-17.3,-9.1,1.06,0.0,2.4,2.4,-4.7,-18.3,1.104,21,3,0,0,3
110.3,12,isocontour,11.283791670955125,27752.6,58.4,-13.0,-16.1,0.992,-0.6,1.5,1.6,-4.7,-18.3,1.104,21,3,0,0,3
110.3,13,isocontour,11.283791670955125,26100.85,54.93,20.5,-3.4,0.989,0.4,1.5,1.6,11.4,14.9,1.109,5,1,0,0,1
110.3,14,isocontour,11.283791670955125,28596.11,60.18,7.5,-18.5,1.034,0.9,-0.1,0.9,-4.7,-18.3,1.104,21,2,0,0,2
110.3,15,isocontour,11.283791670955125,24889.17,52.38,-1.9,20.7,0.986,-0.8,1.0,1.3,11.4,14.9,1.109,5,3,0,0,3
110.3,16,isocontour,11.283791670955125,43633.34,91.82,-19.0,8.6,0.983,-1.7,-2.4,2.9,-16.9,-9.6,1.069,11,4,0,0,4
110.3,17,isocontour,11.283791670955125,25897.98,54.5,10.3,16.9,1.044,-0.4,0.9,1.0,11.4,14.9,1.109,5,8,0,0,8
110.3,18,isocontour,11.283791670955125,31199.04,65.65,-9.5,18.4,0.99,-2.5,-1.0,2.7,11.4,14.9,1.109,5,3,0,0,3
110.3,19,isocontour,11.283791670955125,26731.86,56.25,-20.7,-0.7,0.992,-0.0,-3.0,3.0,-4.7,-18.3,1.104,21,4,0,0,4
110.3,20,isocontour,11.283791670955125,28419.2,59.8,12.3,-16.9,0.983,-1.2,-1.1,1.6,-4.7,-18.3,1.104,21,1,0,0,1
110.3,21,isocontour,11.283791670955125,28480.65,59.93,-5.3,-18.2,1.096,-2.7,0.2,2.7,-5.3,-18.2,1.104,21,2,0,0,2
110.3,22,isocontour,11.283791670955125,30665.45,64.53,-18.9,-8.9,0.982,-0.8,1.2,1.4,-4.7,-18.3,1.104,21,3,0,0,3
110.3,23,isocontour,11.283791670955125,30884.52,64.99,-20.1,5.2,0.99,0.6,-2.5,2.6,-16.9,-9.6,1.069,11,4,0,0,4
110.3,24,isocontour,11.283791670955125,28889.37,60.79,1.9,-20.9,0.979,2.0,1.5,2.5,-4.7,-18.3,1.104,21,2,0,0,2
110.3,25,isocontour,11.283791670955125,28977.79,60.98,-15.8,11.9,1.047,0.8,2.1,2.2,-16.9,-9.6,1.069,11,4,0,0,4
110.3,Target,,,,,0.0,0.0,4.023,0.0,0.0,,,,,,,,,
110.4,1,isocontour,11.283791670955125,25866.62,54.43,9.9,18.3,0.988,-2.6,0.1,2.6,11.4,14.9,1.109,5,8,0,0,8
110.4,2,isocontour,11.283791670955125,24792.79,52.17,4.2,20.2,0.997,-0.7,0.6,0.9,11.4,14.9,1.109,5,7,0,0,7
110.4,3,isocontour,11.283791670955125,25075.37,52.77,7.1,19.4,0.996,1.1,-0.5,1.2,11.4,14.9,1.109,5,7,0,0,7
110.4,4,isocontour,11.283791670955125,30280.75,63.72,17.5,11.0,0.998,-1.7,-1.8,2.5,11.4,14.9,1.109,5,7,0,0,7
110.4,5,isocontour,11.283791670955125,28373.46,59.71,11.9,14.7,1.1,-1.9,1.9,2.7,11.9,14.7,1.109,5,9,0,0,9
110.4,6,isocontour,11.283791670955125,29985.61,63.1,10.8,16.3,1.057,-0.7,0.2,0.7,11.4,14.9,1.109,5,8,0,0,8
110.4,7,isocontour,11.283791670955125,27995.39,58.91,-15.8,13.2,0.999,0.7,-2.4,2.5,11.4,14.9,1.109,5,4,0,0,4
110.4,8,isocontour,11.283791670955125,30397.88,63.97,12.5,14.4,1.091,-0.9,0.9,1.3,11.4,14.9,1.109,5,9,0,0,9
110.4,9,isocontour,11.283791670955125,28152.15,59.24,19.7,6.6,0.99,0.7,-2.4,2.5,11.4,14.9,1.109,5,5,0,0,5
110.4,10,isocontour,11.283791670955125,28326.72,59.61,16.0,11.3,1.06,-1.1,0.9,1.4,11.4,14.9,1.109,5,7,0,0,7
110.4,11,isocontour,11.283791670955125,30345.53,63.86,-17.3,-9.0,1.066,0.7,0.7,1.0,-4.7,-18.3,1.104,21,3,0,0,3
110.4,12,isocontour,11.283791670955125,27752.19,58.4,-13.1,-16.1,0.993,-0.5,0.4,0.6,-4.7,-18.3,1.104,21,3,0,0,3
110.4,13,isocontour,11.283791670955125,26065.35,54.85,20.5,-3.1,0.991,0.1,3.0,3.0,11.4,14.9,1.109,5,1,0,0,1
110.4,14,isocontour,11.283791670955125,28594.36,60.17,7.5,-18.6,1.029,0.1,-1.1,1.1,-4.7,-18.3,1.104,21,2,0,0,2
110.4,15,isocontour,11.283791670955125,24888.92,52.38,-1.9,20.8,0.984,-0.6,0.2,0.6,11.4,14.9,1.109,5,3,0,0,3
110.4,16,isocontour,11.283791670955125,43631.59,91.82,-19.0,8.5,0.986,0.3,-1.0,1.0,-4.7,-18.3,1.104,21,4,0,0,4
110.4,17,isocontour,11.283791670955125,25880.04,54.46,10.2,17.1,1.041,-1.8,1.6,2.4,11.4,14.9,1.109,5,8,0,0,8
110.4,18,isocontour,11.283791670955125,31198.07,65.65,-9.7,18.4,0.989,-0.9,-0.3,0.9,11.4,14.9,1.109,5,3,0,0,3
110.4,19,isocontour,11.283791670955125,26727.56,56.24,-20.8,-0.7,0.986,-1.4,0.5,1.5,-4.7,-18.3,1.104,21,4,0,0,4
110.4,20,isocontour,11.283791670955125,28389.62,59.74,12.0,-17.1,0.984,-2.4,-1.5,2.8,-4.7,-18.3,1.104,21,2,0,0,2
110.4,21,isocontour,11.283791670955125,28454.07,59.88,-5.5,-18.2,1.093,-2.7,0.4,2.7,-5.5,-18.2,1.104,21,2,0,0,2
110.4,22,isocontour,11.283791670955125,30650.44,64.5,-18.8,-8.9,0.99,2.2,-0.7,2.3,-4.7,-18.3,1.104,21,3,0,0,3
110.4,23,isocontour,11.283791670955125,30858.51,64.94,-20.1,5.4,0.989,0.2,2.7,2.7,-4.7,-18.3,1.104,21,4,0,0,4
110.4,24,isocontour,11.283791670955125,28868.39,60.75,2.1,-20.8,0.983,2.4,0.9,2.6,-4.7,-18.3,1.104,21,3,0,0,3
110.4,25,isocontour,11.283791670955125,28956.32,60.94,-15.8,11.7,1.053,-0.2,-2.6,2.6,11.4,14.9,1.109,5,4,0,0,4
110.4,Target,,,,,0.0,0.0,4.023,0.0,0.0,,,,,,,,,
110.5,1,isocontour,11.283791670955125,25844.12,54.39,9.8,18.1,0.999,0.2,-2.6,2.6,11.4,14.9,1.109,5,8,0,0,8
110.5,2,isocontour,11.283791670955125,24683.17,51.94,3.8,20.3,0.994,-4.2,1.4,4.4,11.4,14.9,1.109,5,7,0,0,7
110.5,3,isocontour,11.283791670955125,25074.78,52.77,7.1,19.5,0.993,-0.3,0.7,0.8,11.4,14.9,1.109,5,7,0,0,7
110.5,4,isocontour,11.283791670955125,30280.3,63.72,17.5,10.9,0.997,0.7,-0.1,0.7,11.4,14.9,1.109,5,7,0,0,7
110.5,5,isocontour,11.283791670955125,28347.73,59.65,11.7,14.9,1.097,-1.8,2.1,2.8,11.7,14.9,1.109,5,8,0,0,8
110.5,6,isocontour,11.283791670955125,29958.14,63.04,10.9,16.1,1.063,1.4,-2.4,2.8,11.4,14.9,1.109,5,8,0,0,8
110.5,7,isocontour,11.283791670955125,27994.84,58.91,-15.8,13.2,0.998,-0.6,0.5,0.8,11.4,14.9,1.109,5,4,0,0,4
110.5,8,isocontour,11.283791670955125,30374.07,63.92,12.4,14.6,1.086,-1.3,2.3,2.6,11.4,14.9,1.109,5,9,0,0,9
110.5,9,isocontour,11.283791670955125,28148.34,59.23,19.8,6.6,0.985,1.3,-0.5,1.4,11.4,14.9,1.109,5,5,0,0,5
110.5,10,isocontour,11.283791670955125,28300.42,59.55,16.1,11.4,1.046,2.1,1.8,2.8,11.4,14.9,1.109,5,7,0,0,7
110.5,11,isocontour,11.283791670955125,30343.27,63.85,-17.2,-9.0,1.067,0.5,-1.1,1.2,-4.7,-18.3,1.104,21,3,0,0,3
110.5,12,isocontour,11.283791670955125,27731.45,58.36,-13.3,-16.1,0.984,-2.5,-0.4,2.5,-4.7,-18.3,1.104,21,3,0,0,3
110.5,13,isocontour,11.283791670955125,26064.44,54.85,20.5,-3.1,0.991,-0.1,-0.9,0.9,11.4,14.9,1.109,5,1,0,0,1
110.5,14,isocontour,11.283791670955125,28583.28,60.15,7.4,-18.7,1.03,-2.0,-0.3,2.0,-4.7,-18.3,1.104,21,2,0,0,2
110.5,15,isocontour,11.283791670955125,24886.48,52.37,-1.8,20.7,0.986,1.2,-0.4,1.3,11.4,14.9,1.109,5,3,0,0,3
110.5,16,isocontour,11.283791670955125,43617.54,91.79,-18.9,8.5,0.994,2.0,0.9,2.2,11.4,14.9,1.109,5,4,0,0,4
110.5,17,isocontour,11.283791670955125,25872.76,54.45,10.3,17.0,1.041,1.5,-0.9,1.7,11.4,14.9,1.109,5,8,0,0,8
110.5,18,isocontour,11.283791670955125,31093.56,65.43,-10.0,18.2,0.988,-4.0,-1.8,4.4,11.4,14.9,1.109,5,3,0,0,3
110.5,19,isocontour,11.283791670955125,26722.45,56.23,-20.9,-0.6,0.985,-0.0,1.6,1.6,-4.7,-18.3,1.104,21,4,0,0,4
110.5,20,isocontour,11.283791670955125,28352.7,59.66,11.8,-17.2,0.987,-2.8,-1.2,3.0,-4.7,-18.3,1.104,21,2,0,0,2
110.5,21,isocontour,11.283791670955125,28451.63,59.87,-5.7,-18.1,1.095,-1.0,0.8,1.3,-5.7,-18.1,1.104,21,2,0,0,2
110.5,22,isocontour,11.283791670955125,30647.7,64.49,-18.6,-9.0,0.994,1.1,-0.7,1.3,-4.7,-18.3,1.104,21,3,0,0,3
110.5,23,isocontour,11.283791670955125,30858.24,64.94,-20.1,5.4,0.987,-0.3,-0.5,0.6,11.4,14.9,1.109,5,4,0,0,4
110.5,24,isocontour,11.283791670955125,28845.37,60.7,2.3,-20.7,0.988,2.4,1.1,2.6,-4.7,-18.3,1.104,21,3,0,0,3
110.5,25,isocontour,11.283791670955125,28924.52,60.87,-15.8,11.9,1.046,0.2,2.9,2.9,11.4,14.9,1.109,5,4,0,0,4
110.5,Target,,,,,0.0,0.0,4.023,0.0,0.0,,,,,,,,,
110.6,1,isocontour,11.283791670955125,25843.12,54.38,9.9,18.1,0.997,0.7,0.6,0.9,11.4,14.9,1.109,5,8,0,0,8
110.6,2,isocontour,11.283791670955125,24577.21,51.72,3.4,20.5,0.991,-4.2,1.3,4.4,11.4,14.9,1.109,5,7,0,0,7
110.6,3,isocontour,11.283791670955125,25055.48,52.73,7.0,19.7,0.983,-0.7,2.4,2.5,11.4,14.9,1.109,5,7,0,0,7
110.6,4,isocontour,11.283791670955125,30244.1,63.64,17.8,10.8,0.987,2.9,-0.9,3.0,11.4,14.9,1.109,5,7,0,0,7
110.6,5,isocontour,11.283791670955125,28346.29,59.65,11.6,15.0,1.096,-0.8,0.6,1.0,11.6,15.0,1.109,5,8,0,0,8
110.6,6,isocontour,11.283791670955125,29954.1,63.03,11.0,16.2,1.057,0.3,1.4,1.4,11.4,14.9,1.109,5,8,0,0,8
110.6,7,isocontour,11.283791670955125,27955.35,58.83,-16.0,13.5,0.984,-1.3,2.9,3.2,11.4,14.9,1.109,5,4,0,0,4
110.6,8,isocontour,11.283791670955125,30344.8,63.86,12.2,14.7,1.086,-2.3,1.6,2.8,11.4,14.9,1.109,5,9,0,0,9
110.6,9,isocontour,11.283791670955125,28143.42,59.22,19.7,6.4,0.99,-0.9,-1.3,1.6,11.4,14.9,1.109,5,4,0,0,4
110.6,10,isocontour,11.283791670955125,28273.54,59.5,16.0,11.6,1.05,-2.4,1.3,2.7,11.4,14.9,1.109,5,7,0,0,7
110.6,11,isocontour,11.283791670955125,30323.96,63.81,-17.4,-9.0,1.058,-2.4,0.7,2.5,-4.7,-18.3,1.104,21,3,0,0,3
110.6,12,isocontour,11.283791670955125,27675.45,58.24,-13.6,-15.9,0.98,-3.0,1.9,3.6,-4.7,-18.3,1.104,21,3,0,0,3
110.6,13,isocontour,11.283791670955125,26063.57,54.85,20.5,-3.2,0.991,-0.1,-0.9,0.9,11.4,14.9,1.109,5,1,0,0,1
110.6,14,isocontour,11.283791670955125,28557.26,60.1,7.1,-18.7,1.031,-2.6,-0.9,2.8,-4.7,-18.3,1.104,21,2,0,0,2
110.6,15,isocontour,11.283791670955125,24883.99,52.37,-1.7,20.7,0.988,1.2,-0.2,1.2,11.4,14.9,1.109,5,3,0,0,3
110.6,16,isocontour,11.283791670955125,43603.68,91.76,-18.8,8.4,0.998,-0.2,-2.2,2.2,11.4,14.9,1.109,5,4,0,0,4
110.6,17,isocontour,11.283791670955125,25849.22,54.4,10.5,17.0,1.033,2.6,0.3,2.6,11.4,14.9,1.109,5,8,0,0,8
110.6,18,isocontour,11.283791670955125,31078.55,65.4,-10.2,18.1,0.986,-2.1,-0.9,2.3,11.4,14.9,1.109,5,3,0,0,3
110.6,19,isocontour,11.283791670955125,26713.74,56.22,-20.7,-0.6,0.994,1.9,-0.0,1.9,11.4,14.9,1.109,5,4,0,0,4
110.6,20,isocontour,11.283791670955125,28314.33,59.58,11.5,-17.3,0.991,-2.9,-1.0,3.1,-4.7,-18.3,1.104,21,2,0,0,2
110.6,21,isocontour,11.283791670955125,28427.28,59.82,-5.5,-18.1,1.097,2.6,-0.6,2.7,-5.5,-18.1,1.104,21,2,0,0,2
110.6,22,isocontour,11.283791670955125,30646.46,64.49,-18.6,-9.1,0.992,-0.1,-1.0,1.0,-4.7,-18.3,1.104,21,3,0,0,3
110.6,23,isocontour,11.283791670955125,30822.03,64.86,-20.0,5.7,0.991,1.5,2.7,3.1,11.4,14.9,1.109,5,4,0,0,4
110.6,24,isocontour,11.283791670955125,28834.61,60.68,2.4,-20.5,0.998,0.2,2.0,2.0,-4.7,-18.3,1.104,21,3,0,0,3
110.6,25,isocontour,11.283791670955125,28920.39,60.86,-15.9,12.0,1.038,-0.8,1.2,1.4,11.4,14.9,1.109,5,4,0,0,4
110.6,Target,,,,,0.0,0.0,4.023,0.0,0.0,,,,,,,,,
110.7,1,isocontour,11.283791670955125,25803.26,54.3,10.2,18.2,0.984,2.8,1.4,3.1,11.4,14.9,1.109,5,8,0,0,8
110.7,2,isocontour,11.283791670955125,24466.85,51.49,3.0,20.6,0.986,-4.2,1.5,4.5,11.4,14.9,1.109,5,7,0,0,7
110.7,3,isocontour,11.283791670955125,25045.02,52.7,6.9,19.6,0.99,-1.5,-1.4,2.1,11.4,14.9,1.109,5,7,0,0,7
110.7,4,isocontour,11.283791670955125,30243.97,63.64,17.8,10.8,0.985,0.4,-0.2,0.4,11.4,14.9,1.109,5,7,0,0,7
110.7,5,isocontour,11.283791670955125,28322.74,59.6,11.5,15.2,1.09,-1.2,2.4,2.7,11.5,15.2,1.109,5,8,0,0,8
110.7,6,isocontour,11.283791670955125,29935.03,62.99,10.9,16.4,1.052,-1.5,2.0,2.5,11.4,14.9,1.109,5,8,0,0,8
110.7,7,isocontour,11.283791670955125,27915.86,58.75,-16.2,13.5,0.972,-3.1,-0.5,3.1,11.4,14.9,1.109,5,4,0,0,4
110.7,8,isocontour,11.283791670955125,30342.59,63.85,12.1,14.8,1.086,-0.9,0.8,1.2,11.4,14.9,1.109,5,9,0,0,9
110.7,9,isocontour,11.283791670955125,28107.21,59.15,19.7,6.7,0.99,-0.6,3.0,3.1,11.4,14.9,1.109,5,4,0,0,4
110.7,10,isocontour,11.283791670955125,28259.87,59.47,15.9,11.8,1.048,-0.7,2.1,2.2,11.4,14.9,1.109,5,7,0,0,7
110.7,11,isocontour,11.283791670955125,30319.49,63.8,-17.5,-8.9,1.053,-1.2,0.9,1.5,11.4,14.9,1.109,5,3,0,0,3
110.7,12,isocontour,11.283791670955125,27652.17,58.19,-13.7,-15.7,0.985,-1.2,2.3,2.6,-4.7,-18.3,1.104,21,3,0,0,3
110.7,13,isocontour,11.283791670955125,26062.69,54.85,20.5,-3.3,0.991,-0.1,-0.9,0.9,11.4,14.9,1.109,5,1,0,0,1
110.7,14,isocontour,11.283791670955125,28525.46,60.03,6.8,-18.8,1.032,-2.8,-0.8,2.9,-4.7,-18.3,1.104,21,2,0,0,2
110.7,15,isocontour,11.283791670955125,24881.62,52.36,-1.6,20.7,0.99,1.2,-0.2,1.2,11.4,14.9,1.109,5,3,0,0,3
110.7,16,isocontour,11.283791670955125,43602.4,91.76,-18.9,8.3,0.996,-0.9,-0.4,1.0,11.4,14.9,1.109,5,4,0,0,4
110.7,17,isocontour,11.283791670955125,25833.6,54.36,10.4,17.2,1.028,-1.5,1.7,2.3,11.4,14.9,1.109,5,8,0,0,8
110.7,18,isocontour,11.283791670955125,31070.38,65.38,-10.1,18.1,0.993,1.7,-0.8,1.9,11.4,14.9,1.109,5,3,0,0,3
110.7,19,isocontour,11.283791670955125,26711.95,56.21,-20.7,-0.6,0.991,-0.9,-0.6,1.1,11.4,14.9,1.109,5,4,0,0,4
110.7,20,isocontour,11.283791670955125,28313.88,59.58,11.5,-17.3,0.991,0.7,0.1,0.7,-4.7,-18.3,1.104,21,2,0,0,2
110.7,21,isocontour,11.283791670955125,28425.67,59.82,-5.3,-18.2,1.096,1.0,-0.5,1.1,-5.3,-18.2,1.104,21,2,0,0,2
110.7,22,isocontour,11.283791670955125,30643.66,64.49,-18.7,-9.2,0.986,-0.9,-0.9,1.3,11.4,14.9,1.109,5,3,0,0,3
110.7,23,isocontour,11.283791670955125,30789.25,64.79,-19.9,5.9,0.987,-0.0,2.9,2.9,11.4,14.9,1.109,5,4,0,0,4
110.7,24,isocontour,11.283791670955125,28832.4,60.67,2.3,-20.5,0.998,-1.1,-0.4,1.2,-4.7,-18.3,1.104,21,3,0,0,3
110.7,25,isocontour,11.283791670955125,28917.96,60.85,-16.0,12.0,1.034,-1.1,-0.5,1.2,11.4,14.9,1.109,5,4,0,0,4
110.7,Target,,,,,0.0,0.0,4.023,0.0,0.0,,,,,,,,,
110.8,1,isocontour,11.283791670955125,25802.22,54.3,10.3,18.2,0.98,0.9,-0.2,0.9,11.4,14.9,1.109,5,8,0,0,8
110.8,2,isocontour,11.283791670955125,24464.3,51.48,2.8,20.6,0.989,-1.0,-0.8,1.3,11.4,14.9,1.109,5,7,0,0,7
110.8,3,isocontour,11.283791670955125,25043.99,52.7,6.8,19.5,0.996,-0.6,-0.7,0.9,11.4,14.9,1.109,5,7,0,0,7
110.8,4,isocontour,11.283791670955125,30230.66,63.62,17.7,10.9,0.989,-1.8,1.2,2.2,11.4,14.9,1.109,5,7,0,0,7
110.8,5,isocontour,11.283791670955125,28314.04,59.58,11.3,15.3,1.092,-1.8,0.6,1.9,11.3,15.3,1.109,5,8,0,0,8
110.8,6,isocontour,11.283791670955125,29913.3,62.95,10.7,16.6,1.051,-2.1,1.4,2.5,11.4,14.9,1.109,5,8,0,0,8
110.8,7,isocontour,11.283791670955125,27884.39,58.68,-16.3,13.2,0.979,0.2,-2.9,2.9,11.4,14.9,1.109,5,4,0,0,4
110.8,8,isocontour,11.283791670955125,30330.0,63.83,11.9,14.8,1.093,-2.1,0.0,2.1,11.4,14.9,1.109,5,9,0,0,9
110.8,9,isocontour,11.283791670955125,28088.14,59.11,19.7,6.5,0.99,0.7,-2.4,2.5,11.4,14.9,1.109,5,4,0,0,4
110.8,10,isocontour,11.283791670955125,28251.83,59.45,15.8,11.9,1.046,-0.9,1.6,1.8,11.4,14.9,1.109,5,7,0,0,7
110.8,11,isocontour,11.283791670955125,30318.32,63.8,-17.6,-8.8,1.052,-0.5,0.8,0.9,11.4,14.9,1.109,5,3,0,0,3
110.8,12,isocontour,11.283791670955125,27622.9,58.13,-13.8,-15.5,0.991,-1.2,2.6,2.9,11.4,14.9,1.109,5,3,0,0,3
110.8,13,isocontour,11.283791670955125,26061.82,54.84,20.5,-3.4,0.99,-0.0,-0.9,0.9,11.4,14.9,1.109,5,1,0,0,1
110.8,14,isocontour,11.283791670955125,28523.42,60.02,6.7,-18.9,1.032,-1.1,-0.5,1.2,-4.7,-18.3,1.104,21,2,0,0,2
110.8,15,isocontour,11.283791670955125,24860.63,52.32,-1.7,20.6,0.997,-2.0,-1.6,2.6,11.4,14.9,1.109,5,3,0,0,3
110.8,16,isocontour,11.283791670955125,43601.0,91.75,-18.9,8.4,0.994,0.3,1.0,1.0,11.4,14.9,1.109,5,4,0,0,4
110.8,17,isocontour,11.283791670955125,25831.81,54.36,10.3,17.3,1.027,-0.8,0.7,1.1,11.4,14.9,1.109,5,8,0,0,8
110.8,18,isocontour,11.283791670955125,31069.72,65.38,-10.2,18.1,0.991,-0.7,0.3,0.8,11.4,14.9,1.109,5,3,0,0,3
110.8,19,isocontour,11.283791670955125,26581.08,55.94,-20.8,-1.0,0.987,-0.4,-4.7,4.7,11.4,14.9,1.109,5,4,0,0,4
110.8,20,isocontour,11.283791670955125,28288.15,59.53,11.7,-17.2,0.989,2.4,1.3,2.7,-4.7,-18.3,1.104,21,2,0,0,2
110.8,21,isocontour,11.283791670955125,28395.16,59.75,-5.1,-18.2,1.097,2.8,-0.5,2.8,-5.1,-18.2,1.104,21,2,0,0,2
110.8,22,isocontour,11.283791670955125,30576.04,64.34,-18.9,-8.9,0.98,-2.6,2.7,3.7,11.4,14.9,1.109,5,3,0,0,3
110.8,23,isocontour,11.283791670955125,30788.86,64.79,-19.9,6.0,0.99,0.6,-0.2,0.6,11.4,14.9,1.109,5,4,0,0,4
110.8,24,isocontour,11.283791670955125,28699.01,60.39,1.9,-20.7,0.991,-4.3,-2.0,4.7,-4.7,-18.3,1.104,21,3,0,0,3
110.8,25,isocontour,11.283791670955125,28917.35,60.85,-16.0,12.0,1.035,-0.2,-0.8,0.8,11.4,14.9,1.109,5,4,0,0,4
110.8,Target,,,,,0.0,0.0,4.023,0.0,0.0,,,,,,,,,
110.9,1,isocontour,11.283791670955125,25771.39,54.23,10.1,18.1,0.993,-2.2,-1.9,2.9,11.4,14.9,1.109,5,8,0,0,8
110.9,2,isocontour,11.283791670955125,24444.53,51.44,2.9,20.4,0.998,1.5,-2.0,2.5,11.4,14.9,1.109,5,7,0,0,7
110.9,3,isocontour,11.283791670955125,25043.2,52.7,6.8,19.6,0.993,-0.3,0.8,0.9,11.4,14.9,1.109,5,7,0,0,7
110.9,4,isocontour,11.283791670955125,30204.64,63.56,17.5,11.0,0.997,-2.5,1.1,2.7,11.4,14.9,1.109,5,7,0,0,7
110.9,5,isocontour,11.283791670955125,28313.16,59.58,11.2,15.4,1.093,-0.7,0.5,0.9,11.2,15.4,1.109,5,8,0,0,8
110.9,6,isocontour,11.283791670955125,29891.06,62.9,10.4,16.7,1.053,-2.4,1.1,2.6,11.4,14.9,1.109,5,8,0,0,8
110.9,7,isocontour,11.283791670955125,27853.56,58.61,-16.3,12.9,0.989,-0.1,-2.9,2.9,11.4,14.9,1.109,5,4,0,0,4
110.9,8,isocontour,11.283791670955125,30309.74,63.78,11.7,15.0,1.09,-1.3,2.2,2.6,11.4,14.9,1.109,5,8,0,0,8
110.9,9,isocontour,11.283791670955125,28086.57,59.1,19.7,6.4,0.994,-0.6,-0.8,1.0,11.4,14.9,1.109,5,3,0,0,3
110.9,10,isocontour,11.283791670955125,28231.58,59.41,15.9,11.8,1.045,1.7,-1.9,2.5,11.4,14.9,1.109,5,7,0,0,7
110.9,11,isocontour,11.283791670955125,30315.77,63.8,-17.5,-8.9,1.056,1.1,-0.5,1.2,11.4,14.9,1.109,5,3,0,0,3
110.9,12,isocontour,11.283791670955125,27620.86,58.12,-13.8,-15.4,0.996,1.2,0.1,1.2,11.4,14.9,1.109,5,3,0,0,3
110.9,13,isocontour,11.283791670955125,26023.81,54.76,20.5,-3.1,0.994,-0.4,3.1,3.1,11.4,14.9,1.109,5,1,0,0,1
110.9,14,isocontour,11.283791670955125,28516.72,60.01,6.6,-19.0,1.027,-1.0,-1.4,1.7,-4.7,-18.3,1.104,21,2,0,0,2
110.9,15,isocontour,11.283791670955125,24857.28,52.31,-1.8,20.6,0.992,-0.6,1.2,1.3,11.4,14.9,1.109,5,3,0,0,3
110.9,16,isocontour,11.283791670955125,43600.45,91.75,-18.9,8.4,0.993,-0.5,-0.5,0.7,11.4,14.9,1.109,5,4,0,0,4
110.9,17,isocontour,11.283791670955125,25809.05,54.31,10.1,17.3,1.031,-2.6,0.4,2.6,11.4,14.9,1.109,5,8,0,0,8
110.9,18,isocontour,11.283791670955125,31067.04,65.38,-10.1,18.2,0.987,0.5,1.2,1.3,11.4,14.9,1.109,5,3,0,0,3
110.9,19,isocontour,11.283791670955125,26555.35,55.88,-20.9,-0.9,0.983,-0.8,2.6,2.7,11.4,14.9,1.109,5,4,0,0,4
110.9,20,isocontour,11.283791670955125,28287.73,59.53,11.8,-17.1,0.989,0.6,0.3,0.7,-4.7,-18.3,1.104,21,2,0,0,2
110.9,21,isocontour,11.283791670955125,28394.22,59.75,-5.1,-18.2,1.099,-0.7,0.5,0.9,11.4,14.9,1.109,5,2,0,0,2
110.9,22,isocontour,11.283791670955125,30555.54,64.3,-18.8,-8.9,0.99,2.5,0.5,2.5,11.4,14.9,1.109,5,3,0,0,3
110.9,23,isocontour,11.283791670955125,30785.06,64.78,-19.9,6.1,0.989,0.2,1.4,1.4,11.4,14.9,1.109,5,4,0,0,4
110.9,24,isocontour,11.283791670955125,28673.0,60.34,1.7,-20.8,0.985,-2.5,-1.2,2.8,-4.7,-18.3,1.104,21,3,0,0,3
110.9,25,isocontour,11.283791670955125,28904.22,60.83,-16.1,11.8,1.033,-1.6,-1.5,2.2,11.4,14.9,1.109,5,4,0,0,4
110.9,Target,,,,,0.0,0.0,4.023,0.0,0.0,,,,,,,,,
111.0,1,isocontour,11.283791670955125,25770.57,54.23,10.1,18.1,0.991,0.6,0.6,0.8,11.4,14.9,1.109,5,8,0,0,8
111.0,2,isocontour,11.283791670955125,24444.1,51.44,2.9,20.4,0.999,-0.6,0.4,0.7,11.4,14.9,1.109,5,7,0,0,7
111.0,3,isocontour,11.283791670955125,25042.38,52.7,6.8,19.6,0.99,-0.2,0.8,0.8,11.4,14.9,1.109,5,7,0,0,7
111.0,4,isocontour,11.283791670955125,30204.22,63.56,17.5,11.0,0.997,0.6,-0.4,0.7,11.4,14.9,1.109,5,7,0,0,7
111.0,5,isocontour,11.283791670955125,28287.15,59.53,11.0,15.5,1.092,-2.1,1.8,2.8,11.0,15.5,1.109,5,8,0,0,8
111.0,6,isocontour,11.283791670955125,29868.04,62.85,10.2,16.7,1.059,-2.6,0.1,2.6,11.4,14.9,1.109,5,8,0,0,8
111.0,7,isocontour,11.283791670955125,27849.26,58.61,-16.3,12.7,0.995,0.2,-1.5,1.5,11.4,14.9,1.109,5,4,0,0,4
111.0,8,isocontour,11.283791670955125,30298.34,63.76,11.5,15.1,1.095,-2.1,0.2,2.1,11.4,14.9,1.109,5,8,0,0,8
111.0,9,isocontour,11.283791670955125,28084.63,59.1,19.7,6.5,0.993,0.0,1.1,1.1,11.4,14.9,1.109,5,3,0,0,3
111.0,10,isocontour,11.283791670955125,28228.64,59.4,16.0,11.8,1.039,1.3,0.1,1.3,11.4,14.9,1.109,5,7,0,0,7
111.0,11,isocontour,11.283791670955125,30307.33,63.78,-17.3,-8.9,1.062,1.6,-0.9,1.8,11.4,14.9,1.109,5,3,0,0,3
111.0,12,isocontour,11.283791670955125,27616.03,58.11,-13.7,-15.5,0.992,0.3,-1.5,1.5,11.4,14.9,1.109,5,3,0,0,3
111.0,13,isocontour,11.283791670955125,26022.9,54.76,20.5,-3.2,0.994,0.1,-0.9,0.9,11.4,14.9,1.109,5,1,0,0,1
111.0,14,isocontour,11.283791670955125,28497.42,59.97,6.8,-19.0,1.024,2.4,0.4,2.4,-4.7,-18.3,1.104,21,2,0,0,2
111.0,15,isocontour,11.283791670955125,24803.61,52.2,-2.1,20.8,0.984,-3.3,1.1,3.5,11.4,14.9,1.109,5,3,0,0,3
111.0,16,isocontour,11.283791670955125,43599.97,91.75,-19.0,8.3,0.992,-0.4,-0.6,0.7,11.4,14.9,1.109,5,4,0,0,4
111.0,17,isocontour,11.283791670955125,25784.98,54.26,9.8,17.3,1.039,-2.7,-0.1,2.7,11.4,14.9,1.109,5,8,0,0,8
111.0,18,isocontour,11.283791670955125,31059.14,65.36,-10.0,18.2,0.992,1.8,-0.3,1.8,11.4,14.9,1.109,5,3,0,0,3
111.0,19,isocontour,11.283791670955125,26525.15,55.82,-20.8,-0.6,0.99,1.4,2.5,2.9,11.4,14.9,1.109,5,4,0,0,4
111.0,20,isocontour,11.283791670955125,28285.35,59.52,11.7,-17.2,0.99,-1.1,-0.4,1.2,-4.7,-18.3,1.104,21,2,0,0,2
111.0,21,isocontour,11.283791670955125,28388.72,59.74,-5.3,-18.2,1.095,-1.6,-0.2,1.6,11.4,14.9,1.109,5,2,0,0,2
111.0,22,isocontour,11.283791670955125,30527.78,64.24,-18.9,-8.6,0.991,-1.5,2.4,2.8,11.4,14.9,1.109,5,3,0,0,3
111.0,23,isocontour,11.283791670955125,30782.57,64.78,-19.8,6.2,0.992,0.9,0.9,1.3,11.4,14.9,1.109,5,4,0,0,4
111.0,24,isocontour,11.283791670955125,28672.59,60.34,1.6,-20.8,0.982,-0.5,-0.4,0.6,11.4,14.9,1.109,5,3,0,0,3
111.0,25,isocontour,11.283791670955125,28891.09,60.8,-16.2,11.6,1.038,-0.2,-2.2,2.2,11.4,14.9,1.109,5,4,0,0,4
111.0,Target,,,,,0.0,0.0,4.023,0.0,0.0,,,,,,,,,
111.1,1,isocontour,11.283791670955125,25719.17,54.12,10.3,18.4,0.975,1.8,2.9,3.4,11.4,14.9,1.109,5,8,0,0,8
111.1,2,isocontour,11.283791670955125,24368.68,51.28,2.6,20.4,0.999,-3.9,0.4,3.9,11.4,14.9,1.109,5,7,0,0,7
111.1,3,isocontour,11.283791670955125,24956.71,52.52,6.4,19.7,0.99,-3.9,1.1,4.1,11.4,14.9,1.109,5,7,0,0,7
111.1,4,isocontour,11.283791670955125,30144.83,63.44,17.8,11.0,0.984,3.5,-0.6,3.6,11.4,14.9,1.109,5,7,0,0,7
111.1,5,isocontour,11.283791670955125,28270.08,59.49,10.9,15.7,1.088,-1.4,1.9,2.4,10.9,15.7,1.109,5,8,0,0,8
111.1,6,isocontour,11.283791670955125,29846.06,62.81,9.9,16.8,1.063,-2.4,1.0,2.6,11.4,14.9,1.109,5,8,0,0,8
111.1,7,isocontour,11.283791670955125,27830.65,58.57,-16.2,12.9,0.994,1.0,2.2,2.4,11.4,14.9,1.109,5,4,0,0,4
111.1,8,isocontour,11.283791670955125,30283.91,63.73,11.3,15.1,1.102,-2.2,0.1,2.2,11.4,14.9,1.109,5,8,0,0,8
111.1,9,isocontour,11.283791670955125,28078.6,59.09,19.7,6.6,0.986,1.0,1.3,1.6,11.4,14.9,1.109,5,3,0,0,3
111.1,10,isocontour,11.283791670955125,28218.5,59.38,16.2,11.7,1.032,1.9,-0.5,2.0,11.4,14.9,1.109,5,7,0,0,7
111.1,11,isocontour,11.283791670955125,30287.79,63.74,-17.4,-8.8,1.063,-1.1,2.2,2.5,11.4,14.9,1.109,5,3,0,0,3
111.1,12,isocontour,11.283791670955125,27559.07,57.99,-13.6,-15.8,0.983,1.3,-3.3,3.5,11.4,14.9,1.109,5,3,0,0,3
111.1,13,isocontour,11.283791670955125,25996.32,54.71,20.5,-3.4,0.99,0.2,-2.7,2.7,11.4,14.9,1.109,5,1,0,0,1
111.1,14,isocontour,11.283791670955125,28493.21,59.96,6.9,-18.9,1.027,1.0,1.1,1.5,11.4,14.9,1.109,5,2,0,0,2
111.1,15,isocontour,11.283791670955125,24803.21,52.2,-2.2,20.8,0.981,-0.5,0.4,0.6,11.4,14.9,1.109,5,3,0,0,3
111.1,16,isocontour,11.283791670955125,43487.36,91.51,-19.2,8.0,0.987,-2.6,-3.6,4.4,11.4,14.9,1.109,5,4,0,0,4
111.1,17,isocontour,11.283791670955125,25762.22,54.21,9.6,17.3,1.046,-2.6,0.2,2.6,11.4,14.9,1.109,5,8,0,0,8
111.1,18,isocontour,11.283791670955125,31032.83,65.3,-9.7,18.3,0.994,2.5,1.1,2.7,11.4,14.9,1.109,5,3,0,0,3
111.1,19,isocontour,11.283791670955125,26521.8,55.81,-20.6,-0.5,0.997,1.2,0.6,1.3,11.4,14.9,1.109,5,4,0,0,4
111.1,20,isocontour,11.283791670955125,28283.51,59.52,11.6,-17.1,0.996,-0.3,1.1,1.1,11.4,14.9,1.109,5,2,0,0,2
111.1,21,isocontour,11.283791670955125,28379.73,59.72,-5.4,-18.2,1.091,-1.9,-0.2,1.9,11.4,14.9,1.109,5,2,0,0,2
111.1,22,isocontour,11.283791670955125,30507.77,64.2,-19.1,-8.6,0.98,-2.5,0.0,2.5,11.4,14.9,1.109,5,3,0,0,3
111.1,23,isocontour,11.283791670955125,30782.02,64.78,-19.8,6.1,0.992,-0.2,-0.7,0.7,11.4,14.9,1.109,5,4,0,0,4
111.1,24,isocontour,11.283791670955125,28645.13,60.28,1.8,-20.8,0.985,2.6,0.8,2.7,11.4,14.9,1.109,5,3,0,0,3
111.1,25,isocontour,11.283791670955125,28870.35,60.75,-16.3,11.4,1.039,-1.5,-2.0,2.5,11.4,14.9,1.109,5,4,0,0,4
111.1,Target,,,,,0.0,0.0,4.023,0.0,0.0,,,,,,,,,
111.2,1,isocontour,11.283791670955125,25710.61,54.1,10.2,18.5,0.97,-1.5,1.2,1.9,11.4,14.9,1.109,5,8,0,0,8
111.2,2,isocontour,11.283791670955125,24367.92,51.28,2.5,20.5,0.996,-0.6,0.6,0.8,11.4,14.9,1.109,5,7,0,0,7
111.2,3,isocontour,11.283791670955125,24956.12,52.52,6.3,19.8,0.992,-0.7,-0.1,0.7,11.4,14.9,1.109,5,7,0,0,7
111.2,4,isocontour,11.283791670955125,30144.72,63.44,17.8,11.0,0.98,0.2,0.4,0.4,11.4,14.9,1.109,5,7,0,0,7
111.2,5,isocontour,11.283791670955125,28267.87,59.49,10.8,15.8,1.084,-0.6,1.0,1.2,10.8,15.8,1.109,5,8,0,0,8
111.2,6,isocontour,11.283791670955125,29842.34,62.8,9.8,16.9,1.06,-0.8,1.2,1.4,11.4,14.9,1.109,5,8,0,0,8
111.2,7,isocontour,11.283791670955125,27820.65,58.55,-16.2,13.1,0.985,-0.7,1.9,2.0,11.4,14.9,1.109,5,4,0,0,4
111.2,8,isocontour,11.283791670955125,30263.41,63.69,11.1,15.2,1.103,-2.0,1.6,2.6,11.4,14.9,1.109,5,8,0,0,8
111.2,9,isocontour,11.283791670955125,27976.94,58.87,19.8,6.3,0.987,0.9,-4.2,4.3,11.4,14.9,1.109,5,3,0,0,3
111.2,10,isocontour,11.283791670955125,28197.27,59.34,16.4,11.6,1.03,1.6,-2.0,2.6,11.4,14.9,1.109,5,7,0,0,7
111.2,11,isocontour,11.283791670955125,30286.59,63.73,-17.4,-8.7,1.065,-0.0,1.0,1.0,11.4,14.9,1.109,5,3,0,0,3
111.2,12,isocontour,11.283791670955125,27542.43,57.96,-13.4,-15.8,0.992,2.1,1.1,2.4,11.4,14.9,1.109,5,3,0,0,3
111.2,13,isocontour,11.283791670955125,25994.92,54.7,20.5,-3.4,0.991,-0.1,1.0,1.0,11.4,14.9,1.109,5,1,0,0,1
111.2,14,isocontour,11.283791670955125,28459.76,59.89,7.2,-18.8,1.027,2.8,0.9,2.9,11.4,14.9,1.109,5,2,0,0,2
111.2,15,isocontour,11.283791670955125,24773.01,52.13,-2.0,20.7,0.988,2.6,-1.3,2.9,11.4,14.9,1.109,5,3,0,0,3
111.2,16,isocontour,11.283791670955125,43449.36,91.43,-19.4,7.7,0.984,-1.7,-2.6,3.1,11.4,14.9,1.109,5,4,0,0,4
111.2,17,isocontour,11.283791670955125,25746.0,54.18,9.3,17.3,1.053,-2.3,-0.0,2.3,11.4,14.9,1.109,5,8,0,0,8
111.2,18,isocontour,11.283791670955125,31032.72,65.3,-9.7,18.3,0.993,0.2,0.4,0.4,11.4,14.9,1.109,5,3,0,0,3
111.2,19,isocontour,11.283791670955125,26520.73,55.81,-20.6,-0.6,0.997,-0.0,-0.9,0.9,11.4,14.9,1.109,5,4,0,0,4
111.2,20,isocontour,11.283791670955125,28259.7,59.47,11.9,-17.0,0.992,2.6,0.6,2.7,11.4,14.9,1.109,5,2,0,0,2
111.2,21,isocontour,11.283791670955125,28369.89,59.7,-5.4,-18.4,1.085,1.3,-1.5,2.0,11.4,14.9,1.109,5,2,0,0,2
111.2,22,isocontour,11.283791670955125,30473.65,64.13,-19.3,-8.5,0.972,-2.3,1.9,3.0,11.4,14.9,1.109,5,3,0,0,3
111.2,23,isocontour,11.283791670955125,30753.37,64.72,-20.0,6.1,0.981,-2.8,-0.5,2.8,11.4,14.9,1.109,5,4,0,0,4
111.2,24,isocontour,11.283791670955125,28642.33,60.27,1.9,-20.7,0.99,0.8,1.0,1.3,11.4,14.9,1.109,5,3,0,0,3
111.2,25,isocontour,11.283791670955125,28836.9,60.68,-16.1,11.5,1.042,2.2,2.0,3.0,11.4,14.9,1.109,5,4,0,0,4
111.2,Target,,,,,0.0,0.0,4.023,0.0,0.0,,,,,,,,,
111.3,1,isocontour,11.283791670955125,25683.44,54.05,9.9,18.5,0.979,-2.7,-0.6,2.8,11.4,14.9,1.109,5,8,0,0,8
111.3,2,isocontour,11.283791670955125,24346.44,51.23,2.2,20.6,0.995,-2.5,0.5,2.5,11.4,14.9,1.109,5,7,0,0,7
111.3,3,isocontour,11.283791670955125,24928.95,52.46,6.5,19.8,0.988,2.8,0.1,2.8,11.4,14.9,1.109,5,7,0,0,7
111.3,4,isocontour,11.283791670955125,30107.8,63.36,17.6,11.0,0.992,-3.1,0.1,3.1,11.4,14.9,1.109,5,7,0,0,7
111.3,5,isocontour,11.283791670955125,28265.13,59.48,10.7,15.9,1.081,-0.6,1.1,1.3,10.7,15.9,1.109,5,8,0,0,8
111.3,6,isocontour,11.283791670955125,29841.85,62.8,9.8,16.9,1.06,-0.7,0.2,0.7,11.4,14.9,1.109,5,8,0,0,8
111.3,7,isocontour,11.283791670955125,27800.4,58.5,-16.1,13.3,0.982,1.3,2.1,2.5,11.4,14.9,1.109,5,4,0,0,4
111.3,8,isocontour,11.283791670955125,30256.95,63.67,11.0,15.4,1.098,-0.7,1.6,1.7,11.4,14.9,1.109,5,8,0,0,8
111.3,9,isocontour,11.283791670955125,27953.39,58.82,19.8,6.0,0.993,-0.5,-2.6,2.6,11.4,14.9,1.109,5,3,0,0,3
111.3,10,isocontour,11.283791670955125,28181.25,59.3,16.4,11.3,1.035,0.4,-2.3,2.3,11.4,14.9,1.109,5,7,0,0,7
111.3,11,isocontour,11.283791670955125,30261.69,63.68,-17.4,-8.4,1.071,0.0,2.7,2.7,11.4,14.9,1.109,5,3,0,0,3
111.3,12,isocontour,11.283791670955125,27541.82,57.96,-13.4,-15.8,0.991,-0.1,-0.8,0.8,11.4,14.9,1.109,5,3,0,0,3
111.3,13,isocontour,11.283791670955125,25993.95,54.7,20.4,-3.4,0.992,-0.3,-0.8,0.9,11.4,14.9,1.109,5,1,0,0,1
111.3,14,isocontour,11.283791670955125,28424.26,59.82,7.4,-18.6,1.029,2.7,1.5,3.1,11.4,14.9,1.109,5,2,0,0,2
111.3,15,isocontour,11.283791670955125,24769.36,52.12,-1.9,20.6,0.994,1.0,-1.0,1.4,11.4,14.9,1.109,5,3,0,0,3
111.3,16,isocontour,11.283791670955125,43425.81,91.38,-19.5,7.4,0.986,-0.2,-2.6,2.6,11.4,14.9,1.109,5,4,0,0,4
111.3,17,isocontour,11.283791670955125,25745.47,54.18,9.3,17.3,1.053,-0.6,0.4,0.7,11.4,14.9,1.109,5,8,0,0,8
111.3,18,isocontour,11.283791670955125,31008.37,65.25,-9.9,18.3,0.988,-2.6,-0.4,2.6,11.4,14.9,1.109,5,3,0,0,3
111.3,19,isocontour,11.283791670955125,26494.43,55.75,-20.7,-0.8,0.995,-0.5,-2.7,2.7,11.4,14.9,1.109,5,4,0,0,4
111.3,20,isocontour,11.283791670955125,28239.92,59.43,12.0,-16.8,0.993,1.7,1.8,2.5,11.4,14.9,1.109,5,2,0,0,2
111.3,21,isocontour,11.283791670955125,28368.72,59.7,-5.4,-18.3,1.086,-0.7,0.7,1.0,11.4,14.9,1.109,5,2,0,0,2
111.3,22,isocontour,11.283791670955125,30470.37,64.12,-19.3,-8.3,0.976,0.9,1.0,1.3,11.4,14.9,1.109,5,3,0,0,3
111.3,23,isocontour,11.283791670955125,30662.56,64.53,-20.1,5.7,0.982,-0.5,-4.1,4.1,11.4,14.9,1.109,5,4,0,0,4
111.3,24,isocontour,11.283791670955125,28618.25,60.22,2.1,-20.6,0.992,2.6,0.6,2.7,11.4,14.9,1.109,5,3,0,0,3
111.3,25,isocontour,11.283791670955125,28829.0,60.67,-16.0,11.6,1.048,1.7,0.5,1.8,11.4,14.9,1.109,5,4,0,0,4
111.3,Target,,,,,0.0,0.0,4.023,0.0,0.0,,,,,,,,,
111.4,1,isocontour,11.283791670955125,25675.78,54.03,9.8,18.4,0.987,-1.6,-0.8,1.8,11.4,14.9,1.109,5,8,0,0,8
111.4,2,isocontour,11.283791670955125,24345.76,51.23,2.2,20.6,0.992,-0.6,0.6,0.8,11.4,14.9,1.109,5,7,0,0,7
111.4,3,isocontour,11.283791670955125,24912.52,52.43,6.4,19.8,0.986,-2.1,1.0,2.3,11.4,14.9,1.109,5,7,0,0,7
111.4,4,isocontour,11.283791670955125,30102.69,63.35,17.5,11.1,0.99,-0.1,1.6,1.6,11.4,14.9,1.109,5,7,0,0,7
111.4,5,isocontour,11.283791670955125,28253.72,59.46,10.6,15.9,1.086,-2.1,0.1,2.1,10.6,15.9,1.109,5,8,0,0,8
111.4,6,isocontour,11.283791670955125,29841.27,62.8,9.7,16.9,1.063,-0.8,-0.1,0.8,11.4,14.9,1.109,5,8,0,0,8
111.4,7,isocontour,11.283791670955125,27789.15,58.48,-16.0,13.2,0.992,1.7,-1.2,2.1,11.4,14.9,1.109,5,4,0,0,4
111.4,8,isocontour,11.283791670955125,30255.42,63.67,10.9,15.4,1.101,-1.0,0.0,1.0,11.4,14.9,1.109,5,8,0,0,8
111.4,9,isocontour,11.283791670955125,27922.24,58.76,19.8,6.2,0.989,0.2,2.9,2.9,11.4,14.9,1.109,5,3,0,0,3
111.4,10,isocontour,11.283791670955125,28159.52,59.26,16.6,11.1,1.037,1.2,-2.2,2.5,11.4,14.9,1.109,5,7,0,0,7
111.4,11,isocontour,11.283791670955125,30260.29,63.68,-17.5,-8.3,1.072,-0.5,0.9,1.0,11.4,14.9,1.109,5,3,0,0,3
111.4,12,isocontour,11.283791670955125,27541.31,57.96,-13.5,-15.9,0.988,-0.7,-0.0,0.7,11.4,14.9,1.109,5,3,0,0,3
111.4,13,isocontour,11.283791670955125,25993.52,54.7,20.4,-3.5,0.992,-0.0,-0.7,0.7,11.4,14.9,1.109,5,1,0,0,1
111.4,14,isocontour,11.283791670955125,28419.87,59.81,7.5,-18.5,1.037,-0.2,1.5,1.5,11.4,14.9,1.109,5,2,0,0,2
111.4,15,isocontour,11.283791670955125,24747.88,52.08,-2.1,20.6,0.994,-2.6,0.0,2.6,11.4,14.9,1.109,5,3,0,0,3
111.4,16,isocontour,11.283791670955125,43424.97,91.38,-19.5,7.3,0.988,-0.2,-0.8,0.8,11.4,14.9,1.109,5,4,0,0,4
111.4,17,isocontour,11.283791670955125,25720.58,54.13,9.0,17.3,1.063,-2.6,-0.8,2.7,11.4,14.9,1.109,5,8,0,0,8
111.4,18,isocontour,11.283791670955125,31008.02,65.25,-9.9,18.2,0.991,0.4,-0.5,0.6,11.4,14.9,1.109,5,3,0,0,3
111.4,19,isocontour,11.283791670955125,26484.28,55.73,-20.8,-1.0,0.986,-1.6,-1.1,1.9,11.4,14.9,1.109,5,4,0,0,4
111.4,20,isocontour,11.283791670955125,28123.5,59.18,12.4,-16.6,0.992,3.9,2.3,4.5,11.4,14.9,1.109,5,2,0,0,2
111.4,21,isocontour,11.283791670955125,28366.62,59.69,-5.3,-18.3,1.09,1.1,0.3,1.1,11.4,14.9,1.109,5,2,0,0,2
111.4,22,isocontour,11.283791670955125,30444.92,64.07,-19.2,-8.1,0.985,0.8,2.6,2.7,11.4,14.9,1.109,5,3,0,0,3
111.4,23,isocontour,11.283791670955125,30658.01,64.52,-20.0,5.6,0.989,1.3,-0.8,1.5,11.4,14.9,1.109,5,4,0,0,4
111.4,24,isocontour,11.283791670955125,28591.08,60.17,1.9,-20.6,0.992,-2.7,-0.4,2.7,11.4,14.9,1.109,5,3,0,0,3
111.4,25,isocontour,11.283791670955125,28826.84,60.66,-15.9,11.7,1.05,0.8,0.8,1.1,11.4,14.9,1.109,5,4,0,0,4
111.4,Target,,,,,0.0,0.0,4.023,0.0,0.0,,,,,,,,,
111.5,1,isocontour,11.283791670955125,25638.5,53.95,9.8,18.1,1.0,0.4,-3.0,3.0,11.4,14.9,1.109,5,8,0,0,8
111.5,2,isocontour,11.283791670955125,24343.96,51.23,2.1,20.7,0.987,-0.5,1.0,1.1,11.4,14.9,1.109,5,7,0,0,7
111.5,3,isocontour,11.283791670955125,24911.91,52.42,6.3,19.8,0.987,-0.8,-0.1,0.8,11.4,14.9,1.109,5,7,0,0,7
111.5,4,isocontour,11.283791670955125,30095.28,63.33,17.7,11.2,0.981,1.6,0.8,1.8,11.4,14.9,1.109,5,7,0,0,7
111.5,5,isocontour,11.283791670955125,28252.48,59.45,10.5,16.0,1.085,-0.5,0.8,0.9,10.5,16.0,1.109,5,8,0,0,8
111.5,6,isocontour,11.283791670955125,29820.28,62.75,9.5,17.0,1.066,-2.5,0.7,2.6,11.4,14.9,1.109,5,8,0,0,8
111.5,7,isocontour,11.283791670955125,27762.85,58.42,-16.1,13.1,0.992,-1.9,-2.0,2.8,11.4,14.9,1.109,5,4,0,0,4
111.5,8,isocontour,11.283791670955125,30254.57,63.67,10.8,15.4,1.103,-0.8,0.2,0.8,11.4,14.9,1.109,5,8,0,0,8
111.5,9,isocontour,11.283791670955125,27835.31,58.58,19.8,5.9,0.994,0.1,-4.1,4.1,11.4,14.9,1.109,5,3,0,0,3
111.5,10,isocontour,11.283791670955125,28139.98,59.22,16.5,11.3,1.036,-1.1,2.2,2.5,11.4,14.9,1.109,5,7,0,0,7
111.5,11,isocontour,11.283791670955125,30258.89,63.68,-17.5,-8.4,1.072,0.4,-0.9,1.0,11.4,14.9,1.109,5,3,0,0,3
111.5,12,isocontour,11.283791670955125,27525.9,57.92,-13.5,-15.7,0.996,0.1,2.3,2.3,11.4,14.9,1.109,5,3,0,0,3
111.5,13,isocontour,11.283791670955125,25992.08,54.7,20.4,-3.4,0.994,-0.2,1.0,1.0,11.4,14.9,1.109,5,1,0,0,1
111.5,14,isocontour,11.283791670955125,28417.88,59.8,7.4,-18.5,1.036,-0.8,-0.8,1.1,11.4,14.9,1.109,5,2,0,0,2
111.5,15,isocontour,11.283791670955125,24739.04,52.06,-2.2,20.7,0.986,-1.1,1.5,1.9,11.4,14.9,1.109,5,3,0,0,3
111.5,16,isocontour,11.283791670955125,43419.46,91.37,-19.4,7.4,0.993,1.4,0.7,1.6,11.4,14.9,1.109,5,4,0,0,4
111.5,17,isocontour,11.283791670955125,25697.03,54.08,9.2,17.1,1.066,2.1,-1.5,2.6,11.4,14.9,1.109,5,8,0,0,8
111.5,18,isocontour,11.283791670955125,31002.1,65.24,-10.0,18.3,0.985,-1.5,0.7,1.7,11.4,14.9,1.109,5,3,0,0,3
111.5,19,isocontour,11.283791670955125,26479.73,55.72,-20.9,-0.9,0.979,-1.3,0.7,1.5,11.4,14.9,1.109,5,4,0,0,4
111.5,20,isocontour,11.283791670955125,28012.39,58.95,12.8,-16.5,0.983,4.3,1.1,4.4,11.4,14.9,1.109,5,2,0,0,2
111.5,21,isocontour,11.283791670955125,28343.6,59.65,-5.1,-18.4,1.086,2.2,-1.4,2.6,11.4,14.9,1.109,5,2,0,0,2
111.5,22,isocontour,11.283791670955125,30435.37,64.05,-19.1,-8.2,0.991,1.4,-1.3,1.9,11.4,14.9,1.109,5,3,0,0,3
111.5,23,isocontour,11.283791670955125,30625.23,64.45,-19.9,5.8,0.992,1.1,2.7,2.9,11.4,14.9,1.109,5,4,0,0,4
111.5,24,isocontour,11.283791670955125,28538.78,60.06,1.6,-20.7,0.989,-3.3,-1.0,3.4,11.4,14.9,1.109,5,3,0,0,3
111.5,25,isocontour,11.283791670955125,28805.11,60.62,-16.1,11.6,1.043,-2.4,-1.0,2.6,11.4,14.9,1.109,5,4,0,0,4
111.5,Target,,,,,0.0,0.0,4.023,0.0,0.0,,,,,,,,,
111.6,1,isocontour,11.283791670955125,25636.24,53.95,9.9,18.0,1.004,0.9,-0.8,1.2,11.4,14.9,1.109,5,8,0,0,8
111.6,2,isocontour,11.283791670955125,24343.62,51.23,2.1,20.7,0.987,-0.6,0.0,0.6,11.4,14.9,1.109,5,7,0,0,7
111.6,3,isocontour,11.283791670955125,24906.2,52.41,6.4,19.7,0.992,1.0,-1.3,1.6,11.4,14.9,1.109,5,7,0,0,7
111.6,4,isocontour,11.283791670955125,30074.3,63.29,17.7,11.4,0.972,0.4,2.5,2.5,11.4,14.9,1.109,5,7,0,0,7
111.6,5,isocontour,11.283791670955125,28233.17,59.41,10.5,16.2,1.074,0.0,2.5,2.5,10.5,16.2,1.109,5,8,0,0,8
111.6,6,isocontour,11.283791670955125,29811.44,62.73,9.6,17.0,1.062,1.9,0.1,1.9,11.4,14.9,1.109,5,8,0,0,8
111.6,7,isocontour,11.283791670955125,27642.53,58.17,-16.0,13.4,0.987,1.9,4.1,4.5,11.4,14.9,1.109,5,4,0,0,4
111.6,8,isocontour,11.283791670955125,30245.31,63.65,10.9,15.6,1.094,0.4,1.9,1.9,11.4,14.9,1.109,5,8,0,0,8
111.6,9,isocontour,11.283791670955125,27832.87,58.57,19.8,5.9,0.995,-0.4,1.2,1.3,11.4,14.9,1.109,5,3,0,0,3
111.6,10,isocontour,11.283791670955125,28137.54,59.21,16.4,11.4,1.036,-0.8,0.9,1.2,11.4,14.9,1.109,5,7,0,0,7
111.6,11,isocontour,11.283791670955125,30237.16,63.63,-17.3,-8.5,1.077,1.9,-1.7,2.5,11.4,14.9,1.109,5,3,0,0,3
111.6,12,isocontour,11.283791670955125,27501.83,57.87,-13.3,-15.8,0.993,1.3,-2.3,2.6,11.4,14.9,1.109,5,3,0,0,3
111.6,13,isocontour,11.283791670955125,25991.64,54.7,20.4,-3.4,0.993,0.1,-0.7,0.7,11.4,14.9,1.109,5,1,0,0,1
111.6,14,isocontour,11.283791670955125,28417.22,59.8,7.3,-18.6,1.037,-0.8,-0.1,0.8,11.4,14.9,1.109,5,2,0,0,2
111.6,15,isocontour,11.283791670955125,24735.54,52.05,-2.2,20.8,0.979,0.8,1.2,1.4,11.4,14.9,1.109,5,3,0,0,3
111.6,16,isocontour,11.283791670955125,43401.52,91.33,-19.4,7.2,0.996,-0.5,-2.4,2.5,11.4,14.9,1.109,5,4,0,0,4
111.6,17,isocontour,11.283791670955125,25683.54,54.05,9.2,17.3,1.056,0.4,2.1,2.1,11.4,14.9,1.109,5,8,0,0,8
111.6,18,isocontour,11.283791670955125,30915.8,65.06,-10.3,18.1,0.984,-3.5,-2.1,4.1,11.4,14.9,1.109,5,3,0,0,3
111.6,19,isocontour,11.283791670955125,26451.67,55.66,-20.9,-0.7,0.983,1.0,2.6,2.8,11.4,14.9,1.109,5,4,0,0,4
111.6,20,isocontour,11.283791670955125,28010.64,58.94,12.9,-16.4,0.986,-0.0,1.1,1.1,11.4,14.9,1.109,5,1,0,0,1
111.6,21,isocontour,11.283791670955125,28338.49,59.63,-5.2,-18.5,1.082,-1.6,-0.2,1.6,11.4,14.9,1.109,5,2,0,0,2
111.6,22,isocontour,11.283791670955125,30431.24,64.04,-19.2,-8.1,0.987,-1.3,0.8,1.5,11.4,14.9,1.109,5,3,0,0,3
111.6,23,isocontour,11.283791670955125,30602.21,64.4,-20.0,5.6,0.991,-0.9,-2.5,2.7,11.4,14.9,1.109,5,4,0,0,4
111.6,24,isocontour,11.283791670955125,28538.66,60.06,1.6,-20.8,0.987,0.3,-0.3,0.4,11.4,14.9,1.109,5,2,0,0,2
111.6,25,isocontour,11.283791670955125,28803.67,60.61,-16.2,11.6,1.04,-0.9,-0.4,1.0,11.4,14.9,1.109,5,4,0,0,4
111.6,Target,,,,,0.0,0.0,4.023,0.0,0.0,,,,,,,,,
111.7,1,isocontour,11.283791670955125,25624.67,53.92,10.0,18.0,0.997,2.0,0.5,2.1,11.4,14.9,1.109,5,8,0,0,8
111.7,2,isocontour,11.283791670955125,24305.25,51.15,2.3,20.6,0.99,2.9,-1.1,3.1,11.4,14.9,1.109,5,7,0,0,7
111.7,3,isocontour,11.283791670955125,24905.77,52.41,6.3,19.7,0.992,-0.6,0.3,0.7,11.4,14.9,1.109,5,7,0,0,7
111.7,4,isocontour,11.283791670955125,30071.87,63.28,17.6,11.5,0.974,-1.1,0.5,1.2,11.4,14.9,1.109,5,7,0,0,7
111.7,5,isocontour,11.283791670955125,28224.74,59.4,10.4,16.4,1.065,-0.5,1.8,1.9,10.4,16.4,1.109,5,8,0,0,8
111.7,6,isocontour,11.283791670955125,29810.98,62.73,9.6,17.1,1.059,-0.3,0.6,0.7,11.4,14.9,1.109,5,8,0,0,8
111.7,7,isocontour,11.283791670955125,27620.03,58.12,-16.2,13.5,0.976,-2.6,0.2,2.6,11.4,14.9,1.109,5,4,0,0,4
111.7,8,isocontour,11.283791670955125,30230.3,63.62,10.7,15.7,1.093,-2.0,1.1,2.3,11.4,14.9,1.109,5,8,0,0,8
111.7,9,isocontour,11.283791670955125,27826.85,58.56,19.9,6.1,0.988,1.2,1.2,1.7,11.4,14.9,1.109,5,3,0,0,3
111.7,10,isocontour,11.283791670955125,28132.43,59.2,16.2,11.4,1.042,-1.6,0.3,1.6,11.4,14.9,1.109,5,7,0,0,7
111.7,11,isocontour,11.283791670955125,30230.12,63.62,-17.1,-8.6,1.083,1.5,-1.0,1.8,11.4,14.9,1.109,5,3,0,0,3
111.7,12,isocontour,11.283791670955125,27484.54,57.84,-13.2,-16.0,0.994,2.0,-1.3,2.4,11.4,14.9,1.109,5,3,0,0,3
111.7,13,isocontour,11.283791670955125,25990.77,54.69,20.4,-3.5,0.994,-0.4,-0.8,0.9,11.4,14.9,1.109,5,1,0,0,1
111.7,14,isocontour,11.283791670955125,28414.42,59.79,7.2,-18.6,1.033,-0.8,-1.0,1.3,11.4,14.9,1.109,5,2,0,0,2
111.7,15,isocontour,11.283791670955125,24698.26,51.97,-1.9,20.8,0.983,3.0,-0.8,3.1,11.4,14.9,1.109,5,3,0,0,3
111.7,16,isocontour,11.283791670955125,43391.97,91.31,-19.5,7.3,0.989,-1.0,1.7,2.0,11.4,14.9,1.109,5,4,0,0,4
111.7,17,isocontour,11.283791670955125,25661.56,54.0,9.1,17.5,1.048,-1.5,2.1,2.6,11.4,14.9,1.109,5,8,0,0,8
111.7,18,isocontour,11.283791670955125,30890.9,65.01,-10.6,18.0,0.986,-2.2,-1.6,2.7,11.4,14.9,1.109,5,3,0,0,3
111.7,19,isocontour,11.283791670955125,26448.99,55.66,-20.8,-0.6,0.988,0.9,0.9,1.3,11.4,14.9,1.109,5,4,0,0,4
111.7,20,isocontour,11.283791670955125,27980.44,58.88,12.6,-16.4,0.991,-2.7,-0.9,2.8,11.4,14.9,1.109,5,1,0,0,1
111.7,21,isocontour,11.283791670955125,28318.48,59.59,-5.4,-18.4,1.079,-2.5,0.3,2.5,11.4,14.9,1.109,5,2,0,0,2
111.7,22,isocontour,11.283791670955125,30398.46,63.97,-19.2,-8.4,0.978,-0.8,-2.8,2.9,11.4,14.9,1.109,5,3,0,0,3
111.7,23,isocontour,11.283791670955125,30496.26,64.18,-20.1,5.3,0.987,-1.8,-4.0,4.4,11.4,14.9,1.109,5,4,0,0,4
111.7,24,isocontour,11.283791670955125,28514.31,60.0,1.8,-20.6,0.993,2.1,1.6,2.6,11.4,14.9,1.109,5,2,0,0,2
111.7,25,isocontour,11.283791670955125,28787.86,60.58,-16.3,11.5,1.036,-1.8,-1.4,2.3,11.4,14.9,1.109,5,4,0,0,4
111.7,Target,,,,,0.0,0.0,4.023,0.0,0.0,,,,,,,,,
111.8,1,isocontour,11.283791670955125,25534.52,53.73,10.4,18.1,0.985,4.1,0.5,4.1,11.4,14.9,1.109,5,8,0,0,8
111.8,2,isocontour,11.283791670955125,24284.26,51.1,2.1,20.6,0.99,-2.5,0.4,2.5,11.4,14.9,1.109,5,7,0,0,7
111.8,3,isocontour,11.283791670955125,24872.99,52.34,6.2,20.0,0.983,-1.7,2.4,2.9,11.4,14.9,1.109,5,7,0,0,7
111.8,4,isocontour,11.283791670955125,30052.79,63.24,17.4,11.6,0.982,-2.4,0.5,2.5,11.4,14.9,1.109,5,7,0,0,7
111.8,5,isocontour,11.283791670955125,28215.19,59.38,10.4,16.6,1.058,-0.6,1.9,2.0,10.4,16.6,1.109,5,8,0,0,8
111.8,6,isocontour,11.283791670955125,29801.43,62.71,9.6,17.2,1.051,-0.4,1.9,1.9,11.4,14.9,1.109,5,8,0,0,8
111.8,7,isocontour,11.283791670955125,27594.02,58.07,-16.2,13.2,0.983,0.2,-2.7,2.7,11.4,14.9,1.109,5,4,0,0,4
111.8,8,isocontour,11.283791670955125,30215.28,63.58,10.5,15.8,1.094,-2.0,1.1,2.3,11.4,14.9,1.109,5,8,0,0,8
111.8,9,isocontour,11.283791670955125,27724.48,58.34,20.0,5.7,0.989,0.9,-4.2,4.3,11.4,14.9,1.109,5,3,0,0,3
111.8,10,isocontour,11.283791670955125,28109.15,59.15,16.1,11.6,1.041,-1.1,2.4,2.6,11.4,14.9,1.109,5,7,0,0,7
111.8,11,isocontour,11.283791670955125,30209.14,63.57,-17.1,-8.9,1.08,0.6,-2.5,2.6,11.4,14.9,1.109,5,3,0,0,3
111.8,12,isocontour,11.283791670955125,27466.15,57.8,-13.3,-15.9,0.989,-2.3,0.6,2.4,11.4,14.9,1.109,5,3,0,0,3
111.8,13,isocontour,11.283791670955125,25989.92,54.69,20.4,-3.6,0.993,0.1,-0.9,0.9,11.4,14.9,1.109,5,1,0,0,1
111.8,14,isocontour,11.283791670955125,28396.7,59.76,7.0,-18.8,1.032,-2.1,-1.1,2.4,11.4,14.9,1.109,5,2,0,0,2
111.8,15,isocontour,11.283791670955125,24694.46,51.97,-1.8,20.7,0.989,1.1,-1.0,1.5,11.4,14.9,1.109,5,3,0,0,3
111.8,16,isocontour,11.283791670955125,43388.0,91.3,-19.5,7.5,0.984,-0.2,1.4,1.4,11.4,14.9,1.109,5,4,0,0,4
111.8,17,isocontour,11.283791670955125,25642.48,53.96,9.0,17.7,1.043,-1.7,1.8,2.5,11.4,14.9,1.109,5,8,0,0,8
111.8,18,isocontour,11.283791670955125,30885.59,64.99,-10.6,17.8,0.992,-0.2,-1.6,1.6,11.4,14.9,1.109,5,3,0,0,3
111.8,19,isocontour,11.283791670955125,26447.6,55.66,-20.7,-0.5,0.992,0.5,0.9,1.0,11.4,14.9,1.109,5,4,0,0,4
111.8,20,isocontour,11.283791670955125,27978.65,58.88,12.6,-16.4,0.997,-0.2,1.1,1.1,11.4,14.9,1.109,5,1,0,0,1
111.8,21,isocontour,11.283791670955125,28315.68,59.59,-5.5,-18.3,1.083,-0.7,1.1,1.3,11.4,14.9,1.109,5,2,0,0,2
111.8,22,isocontour,11.283791670955125,30391.42,63.95,-19.1,-8.4,0.984,1.8,-0.0,1.8,11.4,14.9,1.109,5,3,0,0,3
111.8,23,isocontour,11.283791670955125,30463.48,64.11,-20.1,5.0,0.995,1.1,-2.7,2.9,11.4,14.9,1.109,5,4,0,0,4
111.8,24,isocontour,11.283791670955125,28513.34,60.0,1.9,-20.6,0.994,0.9,0.1,0.9,11.4,14.9,1.109,5,2,0,0,2
111.8,25,isocontour,11.283791670955125,28787.1,60.58,-16.4,11.4,1.038,-0.1,-0.8,0.8,11.4,14.9,1.109,5,4,0,0,4
111.8,Target,,,,,0.0,0.0,4.023,0.0,0.0,,,,,,,,,
111.9,1,isocontour,11.283791670955125,25523.11,53.71,10.4,18.2,0.976,-0.6,2.0,2.1,11.4,14.9,1.109,5,8,0,0,8
111.9,2,isocontour,11.283791670955125,24263.03,51.06,1.9,20.7,0.987,-2.4,0.9,2.6,11.4,14.9,1.109,5,7,0,0,7
111.9,3,isocontour,11.283791670955125,24808.54,52.21,5.8,20.0,0.984,-3.6,0.6,3.6,11.4,14.9,1.109,5,7,0,0,7
111.9,4,isocontour,11.283791670955125,30049.22,63.23,17.3,11.6,0.989,-1.4,0.1,1.4,11.4,14.9,1.109,5,7,0,0,7
111.9,5,isocontour,11.283791670955125,28208.94,59.36,10.3,16.8,1.053,-0.9,1.4,1.7,10.3,16.8,1.109,5,8,0,0,8
111.9,6,isocontour,11.283791670955125,29800.55,62.71,9.5,17.3,1.048,-0.7,0.6,0.9,11.4,14.9,1.109,5,8,0,0,8
111.9,7,isocontour,11.283791670955125,27581.77,58.04,-16.3,13.0,0.986,-1.1,-1.8,2.1,11.4,14.9,1.109,5,4,0,0,4
111.9,8,isocontour,11.283791670955125,30214.6,63.58,10.4,15.9,1.096,-0.8,0.3,0.9,11.4,14.9,1.109,5,8,0,0,8
111.9,9,isocontour,11.283791670955125,27710.61,58.31,19.9,5.5,0.997,-1.2,-1.9,2.2,11.4,14.9,1.109,5,3,0,0,3
111.9,10,isocontour,11.283791670955125,28101.87,59.14,16.2,11.5,1.039,1.3,-1.2,1.8,11.4,14.9,1.109,5,7,0,0,7
111.9,11,isocontour,11.283791670955125,30181.67,63.51,-17.1,-8.7,1.081,-1.0,2.6,2.8,11.4,14.9,1.109,5,3,0,0,3
111.9,12,isocontour,11.283791670955125,27466.05,57.8,-13.4,-15.9,0.989,-0.3,0.3,0.4,11.4,14.9,1.109,5,3,0,0,3
111.9,13,isocontour,11.283791670955125,25988.68,54.69,20.4,-3.5,0.992,0.3,0.9,0.9,11.4,14.9,1.109,5,1,0,0,1
111.9,14,isocontour,11.283791670955125,28391.77,59.75,7.1,-18.8,1.029,1.6,-0.0,1.6,11.4,14.9,1.109,5,2,0,0,2
111.9,15,isocontour,11.283791670955125,24692.67,51.96,-1.8,20.6,0.995,-0.2,-1.1,1.1,11.4,14.9,1.109,5,4,0,0,4
111.9,16,isocontour,11.283791670955125,43363.11,91.25,-19.5,7.2,0.987,-0.2,-2.7,2.7,11.4,14.9,1.109,5,4,0,0,4
111.9,17,isocontour,11.283791670955125,25619.99,53.91,8.7,17.7,1.048,-2.6,0.1,2.6,11.4,14.9,1.109,5,9,0,0,9
111.9,18,isocontour,11.283791670955125,30884.42,64.99,-10.6,17.8,0.992,0.7,0.7,1.0,11.4,14.9,1.109,5,3,0,0,3
111.9,19,isocontour,11.283791670955125,26418.94,55.6,-20.7,-0.7,0.992,0.0,-2.8,2.8,11.4,14.9,1.109,5,4,0,0,4
111.9,20,isocontour,11.283791670955125,27950.89,58.82,12.8,-16.2,0.997,2.3,1.6,2.8,11.4,14.9,1.109,5,1,0,0,1
111.9,21,isocontour,11.283791670955125,28283.55,59.52,-5.3,-18.4,1.087,2.9,-0.3,2.9,11.4,14.9,1.109,5,2,0,0,2
111.9,22,isocontour,11.283791670955125,30378.64,63.93,-18.9,-8.4,0.995,2.1,0.5,2.2,11.4,14.9,1.109,5,3,0,0,3
111.9,23,isocontour,11.283791670955125,30461.22,64.1,-20.0,5.0,0.998,0.5,1.1,1.2,11.4,14.9,1.109,5,4,0,0,4
111.9,24,isocontour,11.283791670955125,28502.74,59.98,2.0,-20.7,0.986,0.9,-1.8,2.0,11.4,14.9,1.109,5,2,0,0,2
111.9,25,isocontour,11.283791670955125,28783.37,60.57,-16.5,11.3,1.037,-1.0,-1.0,1.4,11.4,14.9,1.109,5,4,0,0,4
111.9,Target,,,,,0.0,0.0,4.023,0.0,0.0,,,,,,,,,
112.0,1,isocontour,11.283791670955125,25486.9,53.63,10.4,18.0,0.988,-0.8,-3.0,3.1,10.4,18.0,0.976,1,8,0,0,8
112.0,2,isocontour,11.283791670955125,24255.25,51.04,1.7,20.7,0.991,-1.6,-0.9,1.8,1.7,20.7,0.987,2,7,0,0,7
112.0,3,isocontour,11.283791670955125,24788.29,52.16,5.6,20.0,0.992,-2.3,-0.9,2.5,5.6,20.0,0.984,3,7,0,0,7
112.0,4,isocontour,11.283791670955125,30026.21,63.19,17.3,11.4,0.994,0.5,-2.6,2.6,17.3,11.4,0.989,4,7,0,0,7
112.0,5,isocontour,11.283791670955125,28182.07,59.31,10.0,16.8,1.059,-2.8,0.2,2.8,10.0,16.8,1.053,5,8,0,0,8
112.0,6,isocontour,11.283791670955125,29777.8,62.66,9.6,17.2,1.052,1.9,-1.8,2.6,9.6,17.2,1.048,6,8,0,0,8
112.0,7,isocontour,11.283791670955125,27559.53,58.0,-16.4,12.8,0.988,-1.3,-2.2,2.6,-16.4,12.8,0.986,7,4,0,0,4
112.0,8,isocontour,11.283791670955125,30201.47,63.56,10.2,16.0,1.096,-1.8,1.2,2.2,10.2,16.0,1.096,8,8,0,0,8
112.0,9,isocontour,11.283791670955125,27691.31,58.27,19.9,5.7,0.992,0.6,2.4,2.5,19.9,5.7,0.997,9,3,0,0,3
112.0,10,isocontour,11.283791670955125,28101.35,59.14,16.3,11.5,1.04,0.2,-0.7,0.7,16.3,11.5,1.039,10,7,0,0,7
112.0,11,isocontour,11.283791670955125,30180.43,63.51,-17.2,-8.6,1.078,-0.9,0.4,1.0,-17.2,-8.6,1.081,11,3,0,0,3
112.0,12,isocontour,11.283791670955125,27453.28,57.77,-13.5,-15.8,0.988,-1.7,1.3,2.1,-13.5,-15.8,0.989,12,3,0,0,3
112.0,13,isocontour,11.283791670955125,25967.69,54.65,20.4,-3.7,0.991,-0.2,-2.5,2.5,20.4,-3.7,0.992,13,1,0,0,1
112.0,14,isocontour,11.283791670955125,28389.4,59.74,7.2,-18.7,1.031,0.7,1.0,1.2,7.2,-18.7,1.029,14,2,0,0,2
112.0,15,isocontour,11.283791670955125,24656.81,51.89,-1.5,20.6,0.995,3.0,0.4,3.0,-1.5,20.6,0.995,15,4,0,0,4
112.0,16,isocontour,11.283791670955125,43352.02,91.23,-19.6,7.1,0.986,-1.0,-1.8,2.1,-19.6,7.1,0.987,16,4,0,0,4
112.0,17,isocontour,11.283791670955125,25606.31,53.89,8.5,17.7,1.057,-2.1,-0.8,2.2,8.5,17.7,1.048,17,9,0,0,9
112.0,18,isocontour,11.283791670955125,30884.08,64.99,-10.5,17.9,0.993,0.6,0.1,0.6,-10.5,17.9,0.992,18,3,0,0,3
112.0,19,isocontour,11.283791670955125,26396.95,55.55,-20.9,-0.9,0.981,-2.1,-1.5,2.6,-20.9,-0.9,0.992,19,4,0,0,4
112.0,20,isocontour,11.283791670955125,27945.28,58.81,12.9,-16.1,0.999,0.8,1.4,1.6,12.9,-16.1,0.997,20,1,0,0,1
112.0,21,isocontour,11.283791670955125,28258.93,59.47,-5.5,-18.3,1.09,-2.4,1.2,2.7,-5.5,-18.3,1.087,21,2,0,0,2
112.0,22,isocontour,11.283791670955125,30377.08,63.92,-18.8,-8.4,0.998,0.7,-0.8,1.1,-18.8,-8.4,0.995,22,3,0,0,3
112.0,23,isocontour,11.283791670955125,30457.33,64.09,-20.0,5.2,0.994,-0.4,1.4,1.5,-20.0,5.2,0.998,23,4,0,0,4
112.0,24,isocontour,11.283791670955125,28502.55,59.98,2.0,-20.8,0.982,0.4,-0.3,0.5,2.0,-20.8,0.986,24,2,0,0,2
112.0,25,isocontour,11.283791670955125,28782.4,60.57,-16.5,11.2,1.039,0.0,-0.9,0.9,-16.5,11.2,1.037,25,4,0,0,4
112.0,Target,,,,,0.0,0.0,4.023,0.0,0.0,,,,,,,,,
112.1,1,isocontour,11.283791670955125,25458.85,53.58,10.3,17.7,1.003,-0.1,-2.8,2.8,10.2,16.0,1.096,8,8,0,0,8
112.1,2,isocontour,11.283791670955125,24239.64,51.01,1.5,20.8,0.987,-2.0,1.2,2.3,10.2,16.0,1.096,8,7,0,0,7
112.1,3,isocontour,11.283791670955125,24785.97,52.16,5.6,19.9,0.993,1.1,-0.4,1.2,10.2,16.0,1.096,8,7,0,0,7
112.1,4,isocontour,11.283791670955125,30021.56,63.18,17.3,11.5,0.992,-0.2,1.5,1.5,10.2,16.0,1.096,8,7,0,0,7
112.1,5,isocontour,11.283791670955125,28180.5,59.3,9.9,16.7,1.065,-0.8,-0.7,1.1,10.2,16.0,1.096,8,8,0,0,8
112.1,6,isocontour,11.283791670955125,29775.9,62.66,9.7,17.0,1.056,0.4,-1.1,1.2,10.2,16.0,1.096,8,8,0,0,8
112.1,7,isocontour,11.283791670955125,27553.92,57.98,-16.3,12.7,0.996,1.1,-1.2,1.6,-16.5,11.2,1.039,25,4,0,0,4
112.1,8,isocontour,11.283791670955125,30196.36,63.54,10.2,16.1,1.089,0.0,1.6,1.6,10.2,16.1,1.096,8,8,0,0,8
112.1,9,isocontour,11.283791670955125,27675.29,58.24,20.1,5.8,0.98,2.0,1.1,2.3,16.3,11.5,1.04,10,3,0,0,3
112.1,10,isocontour,11.283791670955125,28085.94,59.1,16.3,11.3,1.044,0.6,-2.2,2.3,10.2,16.0,1.096,8,7,0,0,7
112.1,11,isocontour,11.283791670955125,30170.58,63.49,-17.4,-8.5,1.071,-1.9,0.6,2.0,-17.4,-8.5,1.081,11,3,0,0,3
112.1,12,isocontour,11.283791670955125,27437.67,57.74,-13.7,-15.6,0.988,-1.7,1.5,2.3,-5.5,-18.3,1.09,21,3,0,0,3
112.1,13,isocontour,11.283791670955125,25946.46,54.6,20.4,-4.0,0.988,0.2,-2.5,2.5,19.9,5.7,0.997,9,1,0,0,1
112.1,14,isocontour,11.283791670955125,28363.1,59.69,7.4,-18.6,1.033,2.5,1.1,2.7,7.4,-18.6,1.031,14,2,0,0,2
112.1,15,isocontour,11.283791670955125,24592.36,51.75,-1.7,20.8,0.985,-3.3,1.7,3.7,8.5,17.7,1.057,17,4,0,0,4
112.1,16,isocontour,11.283791670955125,43327.13,91.18,-19.5,7.2,0.987,1.2,2.4,2.7,-16.5,11.2,1.039,25,4,0,0,4
112.1,17,isocontour,11.283791670955125,25583.04,53.84,8.2,17.6,1.066,-2.6,-0.3,2.6,10.2,16.0,1.096,8,9,0,0,9
112.1,18,isocontour,11.283791670955125,30881.15,64.99,-10.6,17.8,0.99,-1.3,-0.1,1.3,-16.5,11.2,1.039,25,3,0,0,3
112.1,19,isocontour,11.283791670955125,26374.97,55.5,-20.9,-1.1,0.98,0.1,-2.6,2.6,-17.2,-8.6,1.081,11,4,0,0,4
112.1,20,isocontour,11.283791670955125,27936.44,58.79,13.0,-15.9,1.002,1.1,1.5,1.9,7.2,-18.7,1.031,14,1,0,0,1
112.1,21,isocontour,11.283791670955125,28257.93,59.47,-5.6,-18.2,1.092,-0.8,0.4,0.9,-5.6,-18.2,1.09,21,2,0,0,2
112.1,22,isocontour,11.283791670955125,30374.08,63.92,-18.9,-8.4,0.993,-1.3,0.2,1.3,-17.2,-8.6,1.081,11,3,0,0,3
112.1,23,isocontour,11.283791670955125,30456.6,64.09,-20.1,5.1,0.991,-0.7,-0.5,0.9,-16.5,11.2,1.039,25,4,0,0,4
112.1,24,isocontour,11.283791670955125,28497.72,59.97,2.0,-20.7,0.989,0.0,1.5,1.5,-5.5,-18.3,1.09,21,2,0,0,2
112.1,25,isocontour,11.283791670955125,28755.81,60.51,-16.4,10.9,1.05,0.8,-2.6,2.7,-16.4,10.9,1.039,25,4,0,0,4
112.1,Target,,,,,0.0,0.0,4.023,0.0,0.0,,,,,,,,,
112.2,1,isocontour,11.283791670955125,25436.61,53.53,10.2,17.9,1.0,-1.6,2.1,2.6,10.2,16.0,1.096,8,8,0,0,8
112.2,2,isocontour,11.283791670955125,24237.49,51.0,1.6,20.8,0.986,1.2,-0.1,1.2,10.2,16.0,1.096,8,7,0,0,7
112.2,3,isocontour,11.283791670955125,24687.1,51.95,5.4,20.1,0.987,-3.6,2.3,4.3,10.2,16.0,1.096,8,7,0,0,7
112.2,4,isocontour,11.283791670955125,30014.63,63.16,17.4,11.5,0.985,1.7,-0.2,1.7,10.2,16.0,1.096,8,7,0,0,7
112.2,5,isocontour,11.283791670955125,28180.49,59.3,9.9,16.7,1.066,-0.0,-0.1,0.1,10.2,16.0,1.096,8,8,0,0,8
112.2,6,isocontour,11.283791670955125,29715.53,62.53,9.7,17.3,1.041,-0.0,3.6,3.6,10.2,16.0,1.096,8,8,0,0,8
112.2,7,isocontour,11.283791670955125,27546.14,57.97,-16.3,12.8,0.992,-0.0,1.8,1.8,-16.4,10.9,1.05,25,4,0,0,4
112.2,8,isocontour,11.283791670955125,30174.88,63.5,10.1,16.3,1.083,-1.5,2.1,2.6,10.1,16.3,1.096,8,8,0,0,8
112.2,9,isocontour,11.283791670955125,27654.79,58.2,20.1,5.6,0.987,-1.1,-2.2,2.5,10.2,16.0,1.096,8,3,0,0,3
112.2,10,isocontour,11.283791670955125,28051.13,59.03,16.2,11.5,1.044,-1.7,2.5,3.0,10.2,16.0,1.096,8,7,0,0,7
112.2,11,isocontour,11.283791670955125,30139.43,63.42,-17.5,-8.8,1.059,-0.8,-2.8,2.9,-5.5,-18.3,1.09,21,3,0,0,3
112.2,12,isocontour,11.283791670955125,27422.26,57.71,-13.8,-15.4,0.995,-0.2,2.3,2.3,-5.6,-18.2,1.092,21,3,0,0,3
112.2,13,isocontour,11.283791670955125,25945.1,54.6,20.4,-4.0,0.987,0.3,1.0,1.0,16.3,11.5,1.04,10,1,0,0,1
112.2,14,isocontour,11.283791670955125,28346.03,59.65,7.7,-18.5,1.03,2.3,0.4,2.3,-5.5,-18.3,1.09,21,2,0,0,2
112.2,15,isocontour,11.283791670955125,24586.55,51.74,-1.9,20.7,0.989,-1.1,-1.2,1.6,10.2,16.0,1.096,8,4,0,0,4
112.2,16,isocontour,11.283791670955125,43325.23,91.17,-19.4,7.3,0.991,1.0,0.5,1.1,-17.2,-8.6,1.081,11,4,0,0,4
112.2,17,isocontour,11.283791670955125,25547.18,53.76,8.5,17.6,1.063,3.0,-0.6,3.1,10.2,16.0,1.096,8,9,0,0,9
112.2,18,isocontour,11.283791670955125,30833.67,64.89,-10.4,18.0,0.991,3.0,1.5,3.4,8.5,17.7,1.057,17,3,0,0,3
112.2,19,isocontour,11.283791670955125,26358.33,55.47,-20.8,-1.1,0.989,1.9,1.3,2.3,-17.2,-8.6,1.081,11,4,0,0,4
112.2,20,isocontour,11.283791670955125,27916.43,58.75,13.2,-15.8,0.998,2.4,0.7,2.5,7.4,-18.6,1.033,14,1,0,0,1
112.2,21,isocontour,11.283791670955125,28252.01,59.45,-5.5,-18.3,1.084,0.4,-1.6,1.6,-5.5,-18.3,1.092,21,2,0,0,2
112.2,22,isocontour,11.283791670955125,30361.3,63.89,-19.0,-8.6,0.984,-1.1,-1.8,2.1,-5.5,-18.3,1.09,21,3,0,0,3
112.2,23,isocontour,11.283791670955125,30334.69,63.84,-20.2,4.8,0.988,-1.6,-4.3,4.6,-17.2,-8.6,1.081,11,4,0,0,4
112.2,24,isocontour,11.283791670955125,28477.71,59.93,2.2,-20.5,0.997,1.9,1.6,2.5,-5.6,-18.2,1.092,21,2,0,0,2
112.2,25,isocontour,11.283791670955125,28753.82,60.51,-16.4,11.0,1.047,-0.6,1.0,1.2,-16.4,11.0,1.05,25,4,0,0,4
112.2,Target,,,,,0.0,0.0,4.023,0.0,0.0,,,,,,,,,
112.3,1,isocontour,11.283791670955125,25435.21,53.53,10.3,17.9,0.997,1.0,0.1,1.0,10.2,16.0,1.096,8,8,0,0,8
112.3,2,isocontour,11.283791670955125,24200.92,50.93,1.9,20.7,0.988,3.0,-0.7,3.1,10.2,16.0,1.096,8,7,0,0,7
112.3,3,isocontour,11.283791670955125,24680.41,51.94,5.4,20.2,0.982,1.7,0.5,1.8,10.2,16.0,1.096,8,7,0,0,7
112.3,4,isocontour,11.283791670955125,29971.27,63.07,17.4,11.7,0.976,-0.0,3.2,3.2,10.2,16.0,1.096,8,7,0,0,7
112.3,5,isocontour,11.283791670955125,28100.96,59.14,9.8,17.0,1.052,-1.0,3.8,3.9,10.2,16.0,1.096,8,8,0,0,8
112.3,6,isocontour,11.283791670955125,29713.37,62.53,9.7,17.5,1.033,0.4,1.1,1.2,10.2,16.0,1.096,8,8,0,0,8
112.3,7,isocontour,11.283791670955125,27447.27,57.76,-16.7,12.9,0.974,-4.3,0.3,4.3,-17.2,-8.6,1.081,11,4,0,0,4
112.3,8,isocontour,11.283791670955125,30169.06,63.49,10.2,16.3,1.081,1.5,-0.7,1.7,10.2,16.3,1.096,8,8,0,0,8
112.3,9,isocontour,11.283791670955125,27653.95,58.19,20.0,5.5,0.991,-0.5,-0.7,0.9,10.2,16.0,1.096,8,3,0,0,3
112.3,10,isocontour,11.283791670955125,28028.11,58.98,16.1,11.7,1.041,-1.1,2.4,2.6,10.2,16.0,1.096,8,7,0,0,7
112.3,11,isocontour,11.283791670955125,30135.39,63.42,-17.4,-8.9,1.061,1.1,-0.9,1.4,-5.6,-18.2,1.092,21,3,0,0,3
112.3,12,isocontour,11.283791670955125,27421.47,57.71,-13.7,-15.3,1.0,0.1,0.8,0.8,-5.6,-18.2,1.092,21,3,0,0,3
112.3,13,isocontour,11.283791670955125,25942.04,54.59,20.4,-3.8,0.99,-0.5,1.3,1.4,10.2,16.0,1.096,8,1,0,0,1
112.3,14,isocontour,11.283791670955125,28337.99,59.63,7.9,-18.5,1.027,1.8,0.3,1.8,-5.6,-18.2,1.092,21,2,0,0,2
112.3,15,isocontour,11.283791670955125,24585.34,51.74,-1.9,20.6,0.994,-0.5,-0.8,0.9,10.2,16.0,1.096,8,4,0,0,4
112.3,16,isocontour,11.283791670955125,43295.03,91.11,-19.5,7.1,0.992,-1.0,-2.7,2.9,-17.2,-8.6,1.081,11,4,0,0,4
112.3,17,isocontour,11.283791670955125,25545.03,53.76,8.6,17.6,1.058,1.1,0.3,1.1,10.2,16.0,1.096,8,9,0,0,9
112.3,18,isocontour,11.283791670955125,30747.37,64.7,-10.0,18.1,0.992,3.7,1.8,4.1,10.2,16.0,1.096,8,3,0,0,3
112.3,19,isocontour,11.283791670955125,26357.16,55.47,-20.7,-1.0,0.994,0.7,0.7,1.0,-5.5,-18.3,1.09,21,4,0,0,4
112.3,20,isocontour,11.283791670955125,27916.0,58.75,13.3,-15.8,0.997,0.6,0.4,0.7,-5.5,-18.3,1.09,21,1,0,0,1
112.3,21,isocontour,11.283791670955125,28241.56,59.43,-5.4,-18.3,1.09,1.9,0.8,2.1,-5.6,-18.2,1.092,21,2,0,0,2
112.3,22,isocontour,11.283791670955125,30336.41,63.84,-19.0,-8.8,0.98,0.7,-2.6,2.7,-5.6,-18.2,1.092,21,3,0,0,3
112.3,23,isocontour,11.283791670955125,30333.82,63.83,-20.3,4.6,0.989,0.1,-0.9,0.9,-17.2,-8.6,1.081,11,4,0,0,4
112.3,24,isocontour,11.283791670955125,28477.27,59.93,2.3,-20.5,0.999,0.7,0.2,0.7,-5.6,-18.2,1.092,21,2,0,0,2
112.3,25,isocontour,11.283791670955125,28727.23,60.45,-16.3,11.2,1.046,1.5,2.3,2.7,-17.2,-8.6,1.081,11,4,0,0,4
112.3,Target,,,,,0.0,0.0,4.023,0.0,0.0,,,,,,,,,
112.4,1,isocontour,11.283791670955125,25412.71,53.48,10.5,18.0,0.987,2.5,0.8,2.6,10.2,16.0,1.096,8,8,0,0,8
112.4,2,isocontour,11.283791670955125,24197.2,50.92,2.0,20.6,0.993,1.0,-1.0,1.4,10.2,16.0,1.096,8,7,0,0,7
112.4,3,isocontour,11.283791670955125,24656.33,51.89,5.6,20.0,0.987,2.0,-1.8,2.7,10.2,16.0,1.096,8,7,0,0,7
112.4,4,isocontour,11.283791670955125,29959.02,63.05,17.3,11.8,0.981,-2.1,0.3,2.1,10.2,16.0,1.096,8,7,0,0,7
112.4,5,isocontour,11.283791670955125,28098.58,59.13,9.7,17.1,1.053,-1.2,-0.0,1.2,10.2,16.0,1.096,8,8,0,0,8
112.4,6,isocontour,11.283791670955125,29681.9,62.46,9.6,17.7,1.028,-2.1,2.0,2.9,10.2,16.0,1.096,8,8,0,0,8
112.4,7,isocontour,11.283791670955125,27438.56,57.74,-16.6,12.8,0.98,1.7,-0.8,1.9,10.2,16.0,1.096,8,4,0,0,4
112.4,8,isocontour,11.283791670955125,30167.86,63.48,10.1,16.3,1.08,-0.7,0.6,0.9,10.1,16.3,1.096,8,8,0,0,8
112.4,9,isocontour,11.283791670955125,27653.38,58.19,20.0,5.5,0.993,-0.2,-0.7,0.7,10.2,16.0,1.096,8,3,0,0,3
112.4,10,isocontour,11.283791670955125,28024.54,58.97,15.9,11.8,1.044,-1.3,0.6,1.4,10.2,16.0,1.096,8,7,0,0,7
112.4,11,isocontour,11.283791670955125,30097.38,63.34,-17.2,-9.1,1.062,1.6,-2.7,3.1,-5.6,-18.2,1.092,21,3,0,0,3
112.4,12,isocontour,11.283791670955125,27387.0,57.63,-13.6,-15.5,0.996,1.5,-2.6,3.0,-5.6,-18.2,1.092,21,3,0,0,3
112.4,13,isocontour,11.283791670955125,25904.76,54.51,20.4,-3.6,0.993,-0.0,3.1,3.1,10.2,16.0,1.096,8,1,0,0,1
112.4,14,isocontour,11.283791670955125,28303.18,59.56,7.7,-18.6,1.029,-2.9,-0.8,3.0,-5.6,-18.2,1.092,21,2,0,0,2
112.4,15,isocontour,11.283791670955125,24549.84,51.66,-1.7,20.6,0.994,3.0,0.4,3.0,10.2,16.0,1.096,8,4,0,0,4
112.4,16,isocontour,11.283791670955125,43237.11,90.99,-19.6,7.3,0.981,-1.0,3.4,3.5,-5.5,-18.3,1.09,21,4,0,0,4
112.4,17,isocontour,11.283791670955125,25523.55,53.71,8.4,17.7,1.058,-2.4,1.0,2.6,10.2,16.0,1.096,8,9,0,0,9
112.4,18,isocontour,11.283791670955125,30742.45,64.69,-10.0,18.1,0.995,-1.0,-1.2,1.6,10.2,16.0,1.096,8,3,0,0,3
112.4,19,isocontour,11.283791670955125,26355.11,55.46,-20.7,-1.1,0.994,-0.1,-1.2,1.2,-5.6,-18.2,1.092,21,4,0,0,4
112.4,20,isocontour,11.283791670955125,27912.28,58.74,13.4,-15.7,1.0,0.6,1.3,1.4,-5.6,-18.2,1.092,21,1,0,0,1
112.4,21,isocontour,11.283791670955125,28229.48,59.41,-5.5,-18.2,1.096,-1.5,1.5,2.1,-5.6,-18.2,1.092,21,2,0,0,2
112.4,22,isocontour,11.283791670955125,30334.09,63.83,-18.9,-8.9,0.982,0.9,-0.8,1.2,-5.6,-18.2,1.092,21,3,0,0,3
112.4,23,isocontour,11.283791670955125,30332.2,63.83,-20.2,4.5,0.992,0.4,-1.0,1.1,-5.5,-18.3,1.09,21,4,0,0,4
112.4,24,isocontour,11.283791670955125,28465.69,59.9,2.2,-20.6,0.991,-1.2,-1.7,2.1,-5.6,-18.2,1.092,21,2,0,0,2
112.4,25,isocontour,11.283791670955125,28718.25,60.43,-16.2,11.1,1.055,1.3,-1.4,1.9,10.2,16.0,1.096,8,4,0,0,4
112.4,Target,,,,,0.0,0.0,4.023,0.0,0.0,,,,,,,,,
112.5,1,isocontour,11.283791670955125,25412.71,53.48,10.5,18.0,0.985,0.1,0.0,0.1,10.2,16.0,1.096,8,8,0,0,8
112.5,2,isocontour,11.283791670955125,24183.34,50.89,2.2,20.7,0.989,2.1,0.8,2.2,10.2,16.0,1.096,8,7,0,0,7
112.5,3,isocontour,11.283791670955125,24631.98,51.83,5.4,20.0,0.994,-2.6,-0.7,2.7,10.2,16.0,1.096,8,7,0,0,7
112.5,4,isocontour,11.283791670955125,29950.32,63.03,17.1,11.9,0.986,-1.6,1.0,1.9,10.2,16.0,1.096,8,7,0,0,7
112.5,5,isocontour,11.283791670955125,28079.28,59.09,9.5,17.1,1.058,-2.5,0.3,2.5,10.2,16.0,1.096,8,8,0,0,8
112.5,6,isocontour,11.283791670955125,29658.63,62.41,9.3,17.8,1.029,-2.5,0.8,2.6,10.2,16.0,1.096,8,8,0,0,8
112.5,7,isocontour,11.283791670955125,27429.01,57.72,-16.4,12.8,0.988,1.9,0.1,1.9,10.2,16.0,1.096,8,4,0,0,4
112.5,8,isocontour,11.283791670955125,30152.84,63.45,10.0,16.5,1.075,-1.2,1.9,2.2,10.0,16.5,1.096,8,8,0,0,8
112.5,9,isocontour,11.283791670955125,27646.57,58.18,20.1,5.5,0.986,1.3,1.1,1.7,10.2,16.0,1.096,8,3,0,0,3
112.5,10,isocontour,11.283791670955125,28023.72,58.97,15.9,11.7,1.048,-0.3,-0.8,0.9,10.2,16.0,1.096,8,7,0,0,7
112.5,11,isocontour,11.283791670955125,30084.43,63.31,-17.1,-9.2,1.07,2.0,-0.7,2.1,-5.6,-18.2,1.092,21,3,0,0,3
112.5,12,isocontour,11.283791670955125,27383.65,57.63,-13.5,-15.6,0.996,1.1,-0.8,1.4,-5.5,-18.2,1.096,21,3,0,0,3
112.5,13,isocontour,11.283791670955125,25904.23,54.51,20.4,-3.6,0.994,-0.2,-0.7,0.7,10.2,16.0,1.096,8,1,0,0,1
112.5,14,isocontour,11.283791670955125,28301.34,59.56,7.7,-18.5,1.032,0.6,1.0,1.2,-5.6,-18.2,1.092,21,2,0,0,2
112.5,15,isocontour,11.283791670955125,24546.34,51.65,-1.7,20.7,0.988,-0.9,1.1,1.4,10.2,16.0,1.096,8,4,0,0,4
112.5,16,isocontour,11.283791670955125,43161.12,90.83,-19.7,7.1,0.983,-0.7,-3.9,4.0,10.2,16.0,1.096,8,4,0,0,4
112.5,17,isocontour,11.283791670955125,25504.48,53.67,8.2,17.8,1.058,-2.2,1.1,2.5,10.2,16.0,1.096,8,9,0,0,9
112.5,18,isocontour,11.283791670955125,30740.92,64.69,-10.2,18.1,0.993,-1.0,0.1,1.0,10.2,16.0,1.096,8,3,0,0,3
112.5,19,isocontour,11.283791670955125,26214.85,55.17,-20.8,-1.5,0.987,-1.2,-4.6,4.8,-5.6,-18.2,1.092,21,4,0,0,4
112.5,20,isocontour,11.283791670955125,27909.96,58.73,13.5,-15.7,0.996,1.2,-0.1,1.2,-5.6,-18.2,1.092,21,1,0,0,1
112.5,21,isocontour,11.283791670955125,28226.28,59.4,-5.6,-18.0,1.101,-0.9,1.0,1.3,-5.6,-18.0,1.096,21,2,0,0,2
112.5,22,isocontour,11.283791670955125,30329.53,63.82,-18.8,-8.9,0.989,1.5,0.1,1.5,-5.6,-18.2,1.092,21,3,0,0,3
112.5,23,isocontour,11.283791670955125,30330.05,63.83,-20.2,4.6,0.991,-0.0,1.2,1.2,10.2,16.0,1.096,8,4,0,0,4
112.5,24,isocontour,11.283791670955125,28458.53,59.89,2.2,-20.8,0.982,0.7,-1.6,1.7,-5.5,-18.2,1.096,21,2,0,0,2
112.5,25,isocontour,11.283791670955125,28680.61,60.35,-16.0,11.2,1.062,2.5,1.9,3.1,10.2,16.0,1.096,8,4,0,0,4
112.5,Target,,,,,0.0,0.0,4.023,0.0,0.0,,,,,,,,,
112.6,1,isocontour,11.283791670955125,25388.64,53.43,10.3,18.0,0.99,-2.6,0.3,2.6,10.2,16.0,1.096,8,8,0,0,8
112.6,2,isocontour,11.283791670955125,24180.6,50.89,2.3,20.7,0.987,1.3,-0.0,1.3,10.2,16.0,1.096,8,7,0,0,7
112.6,3,isocontour,11.283791670955125,24630.5,51.83,5.4,19.9,1.0,-0.2,-1.0,1.0,10.2,16.0,1.096,8,7,0,0,7
112.6,4,isocontour,11.283791670955125,29942.41,63.01,16.9,11.9,0.993,-1.8,0.3,1.8,10.2,16.0,1.096,8,7,0,0,7
112.6,5,isocontour,11.283791670955125,28057.55,59.04,9.3,17.2,1.058,-2.2,1.3,2.6,10.2,16.0,1.096,8,8,0,0,8
112.6,6,isocontour,11.283791670955125,29657.99,62.41,9.2,17.8,1.032,-0.8,0.0,0.8,10.2,16.0,1.096,8,8,0,0,8
112.6,7,isocontour,11.283791670955125,27426.86,57.72,-16.3,12.8,0.994,1.2,-0.3,1.2,10.2,16.0,1.096,8,4,0,0,4
112.6,8,isocontour,11.283791670955125,30149.91,63.45,10.0,16.6,1.069,-0.5,1.2,1.3,10.0,16.6,1.096,8,8,0,0,8
112.6,9,isocontour,11.283791670955125,27607.46,58.1,20.1,5.3,0.989,-0.2,-3.1,3.1,10.2,16.0,1.096,8,3,0,0,3
112.6,10,isocontour,11.283791670955125,28019.43,58.96,15.8,11.8,1.048,-0.6,1.3,1.4,10.2,16.0,1.096,8,7,0,0,7
112.6,11,isocontour,11.283791670955125,30053.92,63.24,-17.0,-9.5,1.067,0.7,-2.8,2.9,-5.5,-18.2,1.096,21,3,0,0,3
112.6,12,isocontour,11.283791670955125,27369.22,57.6,-13.7,-15.6,0.99,-2.2,0.2,2.2,-5.6,-18.0,1.101,21,3,0,0,3
112.6,13,isocontour,11.283791670955125,25902.91,54.51,20.4,-3.5,0.994,0.2,1.0,1.0,10.2,16.0,1.096,8,1,0,0,1
112.6,14,isocontour,11.283791670955125,28300.02,59.55,7.7,-18.4,1.036,0.5,0.9,1.0,-5.5,-18.2,1.096,21,2,0,0,2
112.6,15,isocontour,11.283791670955125,24536.35,51.63,-1.9,20.6,0.994,-1.3,-1.5,2.0,10.2,16.0,1.096,8,4,0,0,4
112.6,16,isocontour,11.283791670955125,43146.3,90.8,-19.6,6.8,0.989,0.4,-2.2,2.2,10.2,16.0,1.096,8,4,0,0,4
112.6,17,isocontour,11.283791670955125,25504.03,53.67,8.1,17.8,1.059,-0.7,0.1,0.7,10.2,16.0,1.096,8,9,0,0,9
112.6,18,isocontour,11.283791670955125,30716.85,64.64,-10.0,18.2,0.988,1.7,2.1,2.7,10.2,16.0,1.096,8,3,0,0,3
112.6,19,isocontour,11.283791670955125,26214.84,55.17,-20.8,-1.6,0.986,0.1,0.2,0.2,10.2,16.0,1.096,8,4,0,0,4
112.6,20,isocontour,11.283791670955125,27889.94,58.69,13.7,-15.6,0.991,2.4,0.8,2.5,-5.6,-18.2,1.092,21,1,0,0,1
112.6,21,isocontour,11.283791670955125,28199.97,59.34,-5.8,-18.0,1.1,-2.7,0.5,2.7,-5.8,-18.0,1.101,21,2,0,0,2
112.6,22,isocontour,11.283791670955125,30305.18,63.77,-18.6,-9.1,0.99,1.0,-2.5,2.7,-5.5,-18.2,1.096,21,3,0,0,3
112.6,23,isocontour,11.283791670955125,30309.31,63.78,-20.3,4.5,0.988,-1.1,-2.3,2.5,10.2,16.0,1.096,8,4,0,0,4
112.6,24,isocontour,11.283791670955125,28456.58,59.88,2.3,-20.8,0.983,1.0,0.5,1.1,-5.6,-18.0,1.101,21,2,0,0,2
112.6,25,isocontour,11.283791670955125,28646.48,60.28,-15.8,11.5,1.062,1.6,2.5,3.0,10.2,16.0,1.096,8,4,0,0,4
112.6,Target,,,,,0.0,0.0,4.023,0.0,0.0,,,,,,,,,
112.7,1,isocontour,11.283791670955125,25387.35,53.42,10.3,18.1,0.987,0.1,1.0,1.0,10.2,16.0,1.096,8,8,0,0,8
112.7,2,isocontour,11.283791670955125,24143.68,50.81,2.6,20.6,0.988,3.0,-0.6,3.1,10.2,16.0,1.096,8,7,0,0,7
112.7,3,isocontour,11.283791670955125,24618.93,51.81,5.5,20.0,0.993,1.6,1.3,2.1,10.2,16.0,1.096,8,7,0,0,7
112.7,4,isocontour,11.283791670955125,29941.8,63.01,16.9,11.9,0.996,-0.0,-0.8,0.8,10.2,16.0,1.096,8,7,0,0,7
112.7,5,isocontour,11.283791670955125,28056.02,59.04,9.2,17.2,1.063,-0.2,-1.0,1.0,10.2,16.0,1.096,8,8,0,0,8
112.7,6,isocontour,11.283791670955125,29635.75,62.36,9.0,17.9,1.033,-2.4,1.1,2.6,10.2,16.0,1.096,8,8,0,0,8
112.7,7,isocontour,11.283791670955125,27425.02,57.71,-16.2,12.7,1.0,0.7,-0.9,1.1,10.2,16.0,1.096,8,4,0,0,4
112.7,8,isocontour,11.283791670955125,30148.51,63.44,9.9,16.7,1.07,-1.0,0.2,1.0,9.9,16.7,1.096,8,8,0,0,8
112.7,9,isocontour,11.283791670955125,27591.23,58.06,20.0,5.1,0.999,-1.4,-1.9,2.4,10.2,16.0,1.096,8,3,0,0,3
112.7,10,isocontour,11.283791670955125,28016.43,58.96,15.7,11.9,1.05,-1.1,0.7,1.3,10.2,16.0,1.096,8,7,0,0,7
112.7,11,isocontour,11.283791670955125,30036.63,63.21,-17.2,-9.5,1.057,-2.4,0.2,2.4,-5.6,-18.0,1.101,21,3,0,0,3
112.7,12,isocontour,11.283791670955125,27367.74,57.59,-13.7,-15.7,0.985,0.1,-1.0,1.0,-5.6,-18.0,1.101,21,3,0,0,3
112.7,13,isocontour,11.283791670955125,25901.95,54.51,20.4,-3.5,0.994,-0.3,-0.8,0.9,10.2,16.0,1.096,8,1,0,0,1
112.7,14,isocontour,11.283791670955125,28285.0,59.52,7.9,-18.4,1.034,2.3,0.3,2.3,-5.6,-18.0,1.101,21,2,0,0,2
112.7,15,isocontour,11.283791670955125,24514.87,51.59,-2.1,20.6,0.993,-2.6,0.1,2.6,10.2,16.0,1.096,8,4,0,0,4
112.7,16,isocontour,11.283791670955125,43141.09,90.79,-19.5,6.9,0.994,1.4,0.8,1.6,10.2,16.0,1.096,8,4,0,0,4
112.7,17,isocontour,11.283791670955125,25503.44,53.67,8.0,17.8,1.059,-0.7,0.2,0.7,10.2,16.0,1.096,8,9,0,0,9
112.7,18,isocontour,11.283791670955125,30685.05,64.57,-10.2,18.1,0.991,-2.0,-2.1,2.9,10.2,16.0,1.096,8,3,0,0,3
112.7,19,isocontour,11.283791670955125,26188.82,55.11,-20.6,-1.4,0.994,1.6,2.2,2.7,10.2,16.0,1.096,8,4,0,0,4
112.7,20,isocontour,11.283791670955125,27869.69,58.65,13.9,-15.5,0.989,2.0,1.5,2.5,-5.5,-18.2,1.096,21,1,0,0,1
112.7,21,isocontour,11.283791670955125,28197.36,59.34,-6.0,-18.0,1.096,-1.2,-0.3,1.2,-5.6,-18.0,1.101,21,2,0,0,2
112.7,22,isocontour,11.283791670955125,30298.61,63.76,-18.5,-9.2,0.995,1.6,-0.7,1.7,-5.6,-18.0,1.101,21,3,0,0,3
112.7,23,isocontour,11.283791670955125,30305.19,63.77,-20.4,4.5,0.984,-0.4,1.4,1.5,10.2,16.0,1.096,8,4,0,0,4
112.7,24,isocontour,11.283791670955125,28449.54,59.87,2.3,-20.6,0.991,-0.1,1.8,1.8,-5.6,-18.0,1.101,21,2,0,0,2
112.7,25,isocontour,11.283791670955125,28625.25,60.24,-15.9,11.4,1.059,-1.9,-1.7,2.5,10.2,16.0,1.096,8,4,0,0,4
112.7,Target,,,,,0.0,0.0,4.023,0.0,0.0,,,,,,,,,
112.8,1,isocontour,11.283791670955125,25325.47,53.29,10.5,18.0,0.986,3.2,-1.8,3.7,10.2,16.0,1.096,8,8,0,0,8
112.8,2,isocontour,11.283791670955125,24134.42,50.79,2.7,20.5,0.997,0.4,-1.9,1.9,10.2,16.0,1.096,8,7,0,0,7
112.8,3,isocontour,11.283791670955125,24617.86,51.81,5.5,20.1,0.988,-0.1,0.9,0.9,10.2,16.0,1.096,8,7,0,0,7
112.8,4,isocontour,11.283791670955125,29922.72,62.97,16.9,12.1,0.991,-0.3,2.5,2.5,10.2,16.0,1.096,8,7,0,0,7
112.8,5,isocontour,11.283791670955125,28018.38,58.96,9.4,17.0,1.065,2.7,-1.5,3.1,10.2,16.0,1.096,8,8,0,0,8
112.8,6,isocontour,11.283791670955125,29625.91,62.34,9.0,17.7,1.039,0.7,-1.9,2.0,10.2,16.0,1.096,8,8,0,0,8
112.8,7,isocontour,11.283791670955125,27381.25,57.62,-16.4,12.8,0.986,-2.8,1.7,3.3,10.2,16.0,1.096,8,4,0,0,4
112.8,8,isocontour,11.283791670955125,30138.96,63.42,10.0,16.5,1.075,1.1,-1.6,1.9,10.0,16.5,1.096,8,8,0,0,8
112.8,9,isocontour,11.283791670955125,27589.58,58.06,20.0,5.1,0.995,1.0,0.4,1.1,10.2,16.0,1.096,8,3,0,0,3
112.8,10,isocontour,11.283791670955125,28011.87,58.95,15.7,11.8,1.056,-0.1,-1.5,1.5,10.2,16.0,1.096,8,7,0,0,7
112.8,11,isocontour,11.283791670955125,30016.14,63.17,-17.3,-9.3,1.053,-1.5,2.0,2.5,-5.6,-18.0,1.101,21,3,0,0,3
112.8,12,isocontour,11.283791670955125,27346.01,57.55,-13.8,-15.6,0.987,-1.5,2.1,2.6,-5.6,-18.0,1.101,21,3,0,0,3
112.8,13,isocontour,11.283791670955125,25901.5,54.51,20.4,-3.6,0.994,-0.1,-0.7,0.7,10.2,16.0,1.096,8,1,0,0,1
112.8,14,isocontour,11.283791670955125,28279.5,59.51,7.8,-18.3,1.04,-1.4,0.8,1.6,-5.6,-18.0,1.101,21,2,0,0,2
112.8,15,isocontour,11.283791670955125,24502.27,51.56,-2.2,20.8,0.983,-0.4,2.1,2.1,10.2,16.0,1.096,8,4,0,0,4
112.8,16,isocontour,11.283791670955125,43114.21,90.73,-19.6,7.1,0.985,-1.3,2.4,2.7,10.2,16.0,1.096,8,4,0,0,4
112.8,17,isocontour,11.283791670955125,25488.43,53.64,8.0,17.6,1.07,0.2,-2.3,2.3,10.2,16.0,1.096,8,9,0,0,9
112.8,18,isocontour,11.283791670955125,30682.5,64.57,-10.3,18.1,0.987,-1.1,0.5,1.2,10.2,16.0,1.096,8,3,0,0,3
112.8,19,isocontour,11.283791670955125,26175.51,55.08,-20.8,-1.4,0.988,-1.7,-1.4,2.2,-5.6,-18.0,1.101,21,4,0,0,4
112.8,20,isocontour,11.283791670955125,27867.59,58.64,13.8,-15.4,0.994,-1.1,0.4,1.2,-5.6,-18.0,1.101,21,1,0,0,1
112.8,21,isocontour,11.283791670955125,28169.01,59.28,-5.7,-18.0,1.098,2.8,-0.3,2.8,-5.6,-18.0,1.101,21,2,0,0,2
112.8,22,isocontour,11.283791670955125,30270.25,63.7,-18.4,-9.5,0.991,0.3,-2.8,2.8,-5.6,-18.0,1.101,21,3,0,0,3
112.8,23,isocontour,11.283791670955125,30276.23,63.71,-20.3,4.8,0.984,0.8,2.7,2.8,10.2,16.0,1.096,8,4,0,0,4
112.8,24,isocontour,11.283791670955125,28447.11,59.86,2.2,-20.5,0.995,-1.2,0.4,1.3,-5.6,-18.0,1.101,21,2,0,0,2
112.8,25,isocontour,11.283791670955125,28594.74,60.17,-16.0,11.6,1.05,0.0,2.9,2.9,10.2,16.0,1.096,8,4,0,0,4
112.8,Target,,,,,0.0,0.0,4.023,0.0,0.0,,,,,,,,,
112.9,1,isocontour,11.283791670955125,25319.55,53.28,10.5,18.0,0.987,-1.5,0.7,1.7,10.2,16.0,1.096,8,8,0,0,8
112.9,2,isocontour,11.283791670955125,24132.04,50.78,2.8,20.4,1.0,1.1,-0.5,1.2,10.2,16.0,1.096,8,7,0,0,7
112.9,3,isocontour,11.283791670955125,24547.52,51.66,5.2,20.1,0.987,-3.7,0.9,3.8,10.2,16.0,1.096,8,7,0,0,7
112.9,4,isocontour,11.283791670955125,29881.72,62.88,17.0,12.3,0.976,1.7,2.7,3.2,10.2,16.0,1.096,8,7,0,0,7
112.9,5,isocontour,11.283791670955125,28014.5,58.95,9.4,17.1,1.061,-0.7,1.2,1.4,10.2,16.0,1.096,8,8,0,0,8
112.9,6,isocontour,11.283791670955125,29621.26,62.33,8.9,17.7,1.046,-1.4,-0.5,1.5,10.2,16.0,1.096,8,8,0,0,8
112.9,7,isocontour,11.283791670955125,27376.24,57.61,-16.5,13.0,0.977,-0.9,1.3,1.6,10.2,16.0,1.096,8,4,0,0,4
112.9,8,isocontour,11.283791670955125,30112.94,63.37,9.8,16.6,1.077,-2.4,1.2,2.7,9.8,16.6,1.096,8,8,0,0,8
112.9,9,isocontour,11.283791670955125,27557.45,57.99,20.3,5.0,0.984,2.6,-1.3,2.9,10.2,16.0,1.096,8,3,0,0,3
112.9,10,isocontour,11.283791670955125,28009.32,58.94,15.8,11.7,1.053,1.1,-0.5,1.2,10.2,16.0,1.096,8,7,0,0,7
112.9,11,isocontour,11.283791670955125,29995.4,63.12,-17.5,-9.1,1.051,-1.5,2.1,2.6,-5.6,-18.0,1.101,21,3,0,0,3
112.9,12,isocontour,11.283791670955125,27324.03,57.5,-13.9,-15.3,0.994,-0.8,2.5,2.6,-5.6,-18.0,1.101,21,3,0,0,3
112.9,13,isocontour,11.283791670955125,25881.01,54.46,20.3,-3.8,0.994,-0.4,-2.5,2.5,10.2,16.0,1.096,8,1,0,0,1
112.9,14,isocontour,11.283791670955125,28276.56,59.5,7.7,-18.2,1.046,-1.1,0.7,1.3,-5.6,-18.0,1.101,21,2,0,0,2
112.9,15,isocontour,11.283791670955125,24501.4,51.56,-2.2,20.8,0.983,-0.7,-0.5,0.9,10.2,16.0,1.096,8,4,0,0,4
112.9,16,isocontour,11.283791670955125,43100.35,90.7,-19.6,6.9,0.99,0.8,-2.1,2.2,-5.6,-18.0,1.101,21,4,0,0,4
112.9,17,isocontour,11.283791670955125,25487.84,53.64,8.0,17.7,1.07,-0.5,0.6,0.8,10.2,16.0,1.096,8,9,0,0,9
112.9,18,isocontour,11.283791670955125,30682.23,64.57,-10.4,18.1,0.985,-0.6,0.1,0.6,10.2,16.0,1.096,8,3,0,0,3
112.9,19,isocontour,11.283791670955125,26169.8,55.07,-20.9,-1.6,0.981,-1.0,-1.3,1.6,-5.6,-18.0,1.101,21,4,0,0,4
112.9,20,isocontour,11.283791670955125,27865.39,58.64,13.7,-15.5,0.995,-0.9,-0.7,1.1,-5.6,-18.0,1.101,21,1,0,0,1
112.9,21,isocontour,11.283791670955125,28132.09,59.2,-5.4,-18.1,1.099,3.0,-0.8,3.1,-5.6,-18.0,1.101,21,2,0,0,2
112.9,22,isocontour,11.283791670955125,30267.32,63.69,-18.5,-9.6,0.985,-0.8,-1.0,1.3,-5.6,-18.0,1.101,21,3,0,0,3
112.9,23,isocontour,11.283791670955125,30255.0,63.67,-20.2,5.0,0.988,1.4,2.1,2.5,-5.6,-18.0,1.101,21,4,0,0,4
112.9,24,isocontour,11.283791670955125,28436.02,59.84,2.1,-20.7,0.988,-1.1,-1.7,2.0,-5.6,-18.0,1.101,21,2,0,0,2
112.9,25,isocontour,11.283791670955125,28592.69,60.17,-16.0,11.6,1.045,-1.1,-0.4,1.2,10.2,16.0,1.096,8,4,0,0,4
112.9,Target,,,,,0.0,0.0,4.023,0.0,0.0,,,,,,,,,
113.0,1,isocontour,11.283791670955125,25312.15,53.27,10.3,18.1,0.986,-1.4,1.1,1.8,10.2,16.0,1.096,8,8,0,0,8
113.0,2,isocontour,11.283791670955125,24130.6,50.78,2.8,20.5,0.997,-0.5,0.9,1.0,10.2,16.0,1.096,8,7,0,0,7
113.0,3,isocontour,11.283791670955125,24525.03,51.61,4.9,20.2,0.991,-2.6,-0.1,2.6,10.2,16.0,1.096,8,7,0,0,7
113.0,4,isocontour,11.283791670955125,29859.73,62.84,16.9,12.6,0.972,-1.2,2.3,2.6,10.2,16.0,1.096,8,7,0,0,7
113.0,5,isocontour,11.283791670955125,28012.5,58.95,9.3,17.2,1.057,-0.6,1.0,1.2,10.2,16.0,1.096,8,8,0,0,8
113.0,6,isocontour,11.283791670955125,29619.9,62.33,8.8,17.7,1.045,-0.6,0.8,1.0,10.2,16.0,1.096,8,8,0,0,8
113.0,7,isocontour,11.283791670955125,27342.45,57.54,-16.6,12.7,0.98,-0.9,-2.8,2.9,-5.6,-18.0,1.101,21,4,0,0,4
113.0,8,isocontour,11.283791670955125,30087.21,63.31,9.5,16.7,1.079,-2.6,0.9,2.8,9.5,16.7,1.096,8,8,0,0,8
113.0,9,isocontour,11.283791670955125,27458.58,57.78,20.4,4.6,0.984,0.6,-4.2,4.2,10.2,16.0,1.096,8,3,0,0,3
113.0,10,isocontour,11.283791670955125,27970.94,58.86,15.6,11.9,1.056,-2.3,2.1,3.1,10.2,16.0,1.096,8,7,0,0,7
113.0,11,isocontour,11.283791670955125,29993.02,63.12,-17.4,-9.2,1.052,0.7,-1.0,1.2,-5.6,-18.0,1.101,21,3,0,0,3
113.0,12,isocontour,11.283791670955125,27322.75,57.5,-13.9,-15.4,0.991,-0.0,-1.0,1.0,-5.6,-18.0,1.101,21,3,0,0,3
113.0,13,isocontour,11.283791670955125,25879.61,54.46,20.3,-3.8,0.995,-0.1,1.0,1.0,10.2,16.0,1.096,8,1,0,0,1
113.0,14,isocontour,11.283791670955125,28274.19,59.5,7.8,-18.2,1.044,1.2,-0.2,1.2,-5.6,-18.0,1.101,21,2,0,0,2
113.0,15,isocontour,11.283791670955125,24498.96,51.56,-2.1,20.7,0.985,1.2,-0.3,1.2,10.2,16.0,1.096,8,4,0,0,4
113.0,16,isocontour,11.283791670955125,43099.66,90.7,-19.6,7.0,0.989,-0.3,0.7,0.8,-5.6,-18.0,1.101,21,4,0,0,4
113.0,17,isocontour,11.283791670955125,25485.74,53.63,7.9,17.8,1.066,-0.5,1.0,1.1,10.2,16.0,1.096,8,9,0,0,9
113.0,18,isocontour,11.283791670955125,30668.74,64.54,-10.5,18.0,0.984,-1.9,-1.0,2.1,10.2,16.0,1.096,8,3,0,0,3
113.0,19,isocontour,11.283791670955125,26146.79,55.02,-20.8,-1.4,0.986,1.1,2.4,2.6,-5.6,-18.0,1.101,21,4,0,0,4
113.0,20,isocontour,11.283791670955125,27864.68,58.64,13.8,-15.4,0.995,0.5,0.6,0.8,-5.6,-18.0,1.101,21,1,0,0,1
113.0,21,isocontour,11.283791670955125,28102.51,59.14,-5.6,-18.1,1.098,-2.8,0.6,2.9,-5.6,-18.0,1.101,21,2,0,0,2
113.0,22,isocontour,11.283791670955125,30222.34,63.6,-18.5,-9.9,0.977,0.0,-3.3,3.3,-5.6,-18.0,1.101,21,3,0,0,3
113.0,23,isocontour,11.283791670955125,30253.05,63.66,-20.1,5.1,0.992,0.9,0.7,1.1,-5.6,-18.0,1.101,21,4,0,0,4
113.0,24,isocontour,11.283791670955125,28436.01,59.84,2.1,-20.7,0.987,-0.2,-0.1,0.2,-5.6,-18.0,1.101,21,2,0,0,2
113.0,25,isocontour,11.283791670955125,28566.68,60.12,-16.1,11.4,1.049,-0.8,-2.6,2.7,-5.6,-18.0,1.101,21,4,0,0,4
113.0,Target,,,,,0.0,0.0,4.023,0.0,0.0,,,,,,,,,
113.1,1,isocontour,11.283791670955125,25283.18,53.21,10.1,18.1,0.991,-2.8,0.2,2.8,10.2,16.0,1.096,8,8,0,0,8
113.1,2,isocontour,11.283791670955125,24107.85,50.73,2.5,20.6,0.992,-2.4,1.0,2.6,10.2,16.0,1.096,8,7,0,0,7
113.1,3,isocontour,11.283791670955125,24522.41,51.6,5.0,20.1,0.992,1.1,-0.5,1.2,10.2,16.0,1.096,8,7,0,0,7
113.1,4,isocontour,11.283791670955125,29856.01,62.83,16.8,12.6,0.977,-1.4,-0.1,1.4,10.2,16.0,1.096,8,7,0,0,7
113.1,5,isocontour,11.283791670955125,27988.15,58.9,9.2,17.4,1.049,-1.1,2.4,2.6,10.2,16.0,1.096,8,8,0,0,8
113.1,6,isocontour,11.283791670955125,29598.17,62.29,8.6,17.8,1.045,-2.3,1.1,2.5,10.2,16.0,1.096,8,8,0,0,8
113.1,7,isocontour,11.283791670955125,27307.3,57.46,-16.6,12.4,0.989,-0.2,-3.0,3.0,-5.6,-18.0,1.101,21,4,0,0,4
113.1,8,isocontour,11.283791670955125,30078.09,63.3,9.3,16.7,1.088,-1.8,-0.7,1.9,9.3,16.7,1.096,8,8,0,0,8
113.1,9,isocontour,11.283791670955125,27457.26,57.78,20.3,4.5,0.988,-0.6,-0.8,1.0,10.2,16.0,1.096,8,3,0,0,3
113.1,10,isocontour,11.283791670955125,27965.23,58.85,15.4,11.9,1.061,-1.6,0.4,1.6,10.2,16.0,1.096,8,7,0,0,7
113.1,11,isocontour,11.283791670955125,29959.24,63.05,-17.3,-9.4,1.051,1.2,-2.7,3.0,-5.6,-18.0,1.101,21,3,0,0,3
113.1,12,isocontour,11.283791670955125,27287.24,57.42,-13.8,-15.6,0.987,1.7,-2.5,3.0,-5.6,-18.0,1.101,21,3,0,0,3
113.1,13,isocontour,11.283791670955125,25854.44,54.41,20.3,-4.0,0.995,-0.5,-2.6,2.6,10.2,16.0,1.096,8,1,0,0,1
113.1,14,isocontour,11.283791670955125,28272.39,59.5,7.9,-18.1,1.047,0.5,1.0,1.1,-5.6,-18.0,1.101,21,2,0,0,2
113.1,15,isocontour,11.283791670955125,24460.95,51.48,-1.9,20.7,0.988,3.1,-0.2,3.1,10.2,16.0,1.096,8,4,0,0,4
113.1,16,isocontour,11.283791670955125,43083.02,90.66,-19.7,6.8,0.987,-1.1,-2.1,2.4,-5.6,-18.0,1.101,21,4,0,0,4
113.1,17,isocontour,11.283791670955125,25465.25,53.59,7.7,17.8,1.066,-2.4,0.9,2.6,10.2,16.0,1.096,8,9,0,0,9
113.1,18,isocontour,11.283791670955125,30646.5,64.49,-10.3,17.9,0.993,2.5,-0.8,2.6,-5.6,-18.0,1.101,21,3,0,0,3
113.1,19,isocontour,11.283791670955125,26123.77,54.97,-20.7,-1.1,0.99,0.5,2.6,2.6,-5.6,-18.0,1.101,21,4,0,0,4
113.1,20,isocontour,11.283791670955125,27863.91,58.64,13.8,-15.4,0.993,0.8,0.0,0.8,-5.6,-18.0,1.101,21,1,0,0,1
113.1,21,isocontour,11.283791670955125,28101.66,59.14,-5.7,-18.0,1.099,-0.7,0.5,0.9,-5.6,-18.0,1.101,21,2,0,0,2
113.1,22,isocontour,11.283791670955125,30217.13,63.59,-18.4,-9.9,0.983,1.4,0.7,1.6,-5.6,-18.0,1.101,21,3,0,0,3
113.1,23,isocontour,11.283791670955125,30251.77,63.66,-20.1,5.0,0.993,-0.1,-1.0,1.0,-5.6,-18.0,1.101,21,4,0,0,4
113.1,24,isocontour,11.283791670955125,28418.51,59.8,2.2,-20.6,0.994,1.7,1.7,2.4,-5.6,-18.0,1.101,21,2,0,0,2
113.1,25,isocontour,11.283791670955125,28560.43,60.1,-16.1,11.2,1.055,-0.0,-1.7,1.7,-5.6,-18.0,1.101,21,4,0,0,4
113.1,Target,,,,,0.0,0.0,4.023,0.0,0.0,,,,,,,,,
113.2,1,isocontour,11.283791670955125,25255.13,53.15,10.3,18.1,0.989,2.7,-0.8,2.8,10.2,16.0,1.096,8,8,0,0,8
113.2,2,isocontour,11.283791670955125,24002.61,50.51,2.1,20.7,0.988,-4.2,1.2,4.4,10.2,16.0,1.096,8,7,0,0,7
113.2,3,isocontour,11.283791670955125,24429.64,51.41,4.7,20.3,0.987,-3.6,2.1,4.2,10.2,16.0,1.096,8,7,0,0,7
113.2,4,isocontour,11.283791670955125,29852.87,62.82,16.7,12.6,0.983,-1.3,0.0,1.3,10.2,16.0,1.096,8,7,0,0,7
113.2,5,isocontour,11.283791670955125,27979.98,58.88,9.1,17.6,1.043,-1.0,1.6,1.9,10.2,16.0,1.096,8,8,0,0,8
113.2,6,isocontour,11.283791670955125,29597.69,62.28,8.5,17.9,1.045,-0.7,0.2,0.7,10.2,16.0,1.096,8,9,0,0,9
113.2,7,isocontour,11.283791670955125,27270.73,57.39,-16.4,12.2,1.005,2.4,-1.8,3.0,-5.6,-18.0,1.101,21,4,0,0,4
113.2,8,isocontour,11.283791670955125,30058.55,63.25,9.1,16.7,1.091,-2.3,0.9,2.5,9.1,16.7,1.096,8,8,0,0,8
113.2,9,isocontour,11.283791670955125,27433.98,57.73,20.3,4.3,0.993,-0.4,-2.6,2.6,10.2,16.0,1.096,8,3,0,0,3
113.2,10,isocontour,11.283791670955125,27955.53,58.83,15.3,12.0,1.069,-1.9,0.4,1.9,10.2,16.0,1.096,8,7,0,0,7
113.2,11,isocontour,11.283791670955125,29937.26,63.0,-17.4,-9.2,1.052,-0.9,2.4,2.6,-5.6,-18.0,1.101,21,3,0,0,3
113.2,12,isocontour,11.283791670955125,27287.22,57.42,-13.8,-15.6,0.985,-0.2,-0.1,0.2,-5.6,-18.0,1.101,21,3,0,0,3
113.2,13,isocontour,11.283791670955125,25853.34,54.41,20.2,-4.1,0.998,-0.6,-0.7,0.9,10.2,16.0,1.096,8,1,0,0,1
113.2,14,isocontour,11.283791670955125,28267.74,59.49,7.8,-18.2,1.046,-1.3,-0.9,1.6,-5.6,-18.0,1.101,21,2,0,0,2
113.2,15,isocontour,11.283791670955125,24454.15,51.46,-1.8,20.6,0.997,0.4,-1.7,1.7,-5.6,-18.0,1.101,21,5,0,0,5
113.2,16,isocontour,11.283791670955125,43053.75,90.6,-19.6,6.6,0.998,1.7,-2.3,2.9,-5.6,-18.0,1.101,21,4,0,0,4
113.2,17,isocontour,11.283791670955125,25444.51,53.54,7.5,17.9,1.066,-2.3,1.0,2.5,10.2,16.0,1.096,8,9,0,0,9
113.2,18,isocontour,11.283791670955125,30646.0,64.49,-10.3,18.0,0.994,0.5,0.5,0.7,-5.6,-18.0,1.101,21,3,0,0,3
113.2,19,isocontour,11.283791670955125,26121.72,54.97,-20.7,-1.2,0.991,0.0,-1.2,1.2,-5.6,-18.0,1.101,21,4,0,0,4
113.2,20,isocontour,11.283791670955125,27860.34,58.63,14.0,-15.4,0.987,1.4,-0.2,1.4,-5.6,-18.0,1.101,21,1,0,0,1
113.2,21,isocontour,11.283791670955125,28066.85,59.06,-5.5,-18.1,1.101,3.0,-0.5,3.0,-5.6,-18.0,1.101,21,2,0,0,2
113.2,22,isocontour,11.283791670955125,30190.83,63.53,-18.2,-9.7,0.996,1.6,2.2,2.7,-5.6,-18.0,1.101,21,3,0,0,3
113.2,23,isocontour,11.283791670955125,30233.15,63.62,-20.1,4.8,0.995,-0.3,-2.4,2.4,-5.6,-18.0,1.101,21,4,0,0,4
113.2,24,isocontour,11.283791670955125,28416.13,59.8,2.2,-20.5,0.996,-1.2,0.2,1.2,-5.6,-18.0,1.101,21,2,0,0,2
113.2,25,isocontour,11.283791670955125,28531.78,60.04,-16.2,10.9,1.058,-1.1,-2.6,2.8,-5.6,-18.0,1.101,21,4,0,0,4
113.2,Target,,,,,0.0,0.0,4.023,0.0,0.0,,,,,,,,,
113.3,1,isocontour,11.283791670955125,25255.06,53.15,10.3,18.0,0.99,-0.0,-0.4,0.4,10.2,16.0,1.096,8,8,0,0,8
113.3,2,isocontour,11.283791670955125,23961.99,50.43,1.8,20.6,0.994,-3.0,-1.1,3.2,-5.6,-18.0,1.101,21,7,0,0,7
113.3,3,isocontour,11.283791670955125,24359.85,51.26,4.3,20.3,0.989,-3.8,0.3,3.8,-5.6,-18.0,1.101,21,7,0,0,7
113.3,4,isocontour,11.283791670955125,29847.06,62.81,16.5,12.5,0.992,-1.1,-1.2,1.6,10.2,16.0,1.096,8,7,0,0,7
113.3,5,isocontour,11.283791670955125,27976.71,58.87,9.1,17.7,1.039,-0.7,1.2,1.4,10.2,16.0,1.096,8,8,0,0,8
113.3,6,isocontour,11.283791670955125,29596.55,62.28,8.5,17.9,1.046,-0.9,0.3,0.9,-5.6,-18.0,1.101,21,9,0,0,9
113.3,7,isocontour,11.283791670955125,27258.49,57.36,-16.3,12.4,1.007,1.2,1.8,2.2,-5.6,-18.0,1.101,21,4,0,0,4
113.3,8,isocontour,11.283791670955125,30033.65,63.2,8.9,16.9,1.087,-1.9,1.9,2.7,8.9,16.9,1.096,8,8,0,0,8
113.3,9,isocontour,11.283791670955125,27406.23,57.67,20.3,4.4,0.989,0.5,2.7,2.7,10.2,16.0,1.096,8,3,0,0,3
113.3,10,isocontour,11.283791670955125,27932.78,58.78,15.2,11.8,1.08,-0.7,-2.5,2.6,10.2,16.0,1.096,8,7,0,0,7
113.3,11,isocontour,11.283791670955125,29929.09,62.98,-17.4,-9.1,1.055,-0.4,1.8,1.8,-5.6,-18.0,1.101,21,3,0,0,3
113.3,12,isocontour,11.283791670955125,27266.24,57.38,-13.9,-15.5,0.987,-1.6,2.0,2.6,-5.6,-18.0,1.101,21,3,0,0,3
113.3,13,isocontour,11.283791670955125,25821.21,54.34,20.2,-4.4,0.998,-0.6,-2.9,3.0,10.2,16.0,1.096,8,1,0,0,1
113.3,14,isocontour,11.283791670955125,28252.73,59.45,7.5,-18.2,1.051,-2.3,0.2,2.3,-5.6,-18.0,1.101,21,2,0,0,2
113.3,15,isocontour,11.283791670955125,24452.87,51.46,-1.7,20.6,0.997,0.9,0.3,0.9,-5.6,-18.0,1.101,21,6,0,0,6
113.3,16,isocontour,11.283791670955125,43053.04,90.6,-19.5,6.6,0.997,-0.2,0.8,0.8,-5.6,-18.0,1.101,21,4,0,0,4
113.3,17,isocontour,11.283791670955125,25443.57,53.54,7.4,18.0,1.066,-0.8,0.3,0.9,-5.6,-18.0,1.101,21,9,0,0,9
113.3,18,isocontour,11.283791670955125,30601.02,64.4,-10.3,18.3,0.979,-0.4,3.3,3.3,-5.6,-18.0,1.101,21,3,0,0,3
113.3,19,isocontour,11.283791670955125,26090.89,54.91,-20.8,-1.4,0.984,-1.2,-2.6,2.9,-5.6,-18.0,1.101,21,4,0,0,4
113.3,20,isocontour,11.283791670955125,27859.86,58.63,14.0,-15.5,0.983,0.6,-0.3,0.7,-5.6,-18.0,1.101,21,1,0,0,1
113.3,21,isocontour,11.283791670955125,28041.12,59.01,-5.2,-18.1,1.105,2.7,-0.1,2.7,-5.2,-18.1,1.101,21,2,0,0,2
113.3,22,isocontour,11.283791670955125,30172.44,63.49,-18.2,-9.9,0.993,0.0,-2.4,2.4,-5.6,-18.0,1.101,21,3,0,0,3
113.3,23,isocontour,11.283791670955125,30196.23,63.54,-20.3,4.6,0.986,-2.4,-1.9,3.1,-5.6,-18.0,1.101,21,4,0,0,4
113.3,24,isocontour,11.283791670955125,28406.58,59.78,2.2,-20.7,0.988,0.8,-1.8,2.0,-5.6,-18.0,1.101,21,2,0,0,2
113.3,25,isocontour,11.283791670955125,28530.61,60.04,-16.3,10.8,1.059,-0.5,-0.8,0.9,-5.6,-18.0,1.101,21,4,0,0,4
113.3,Target,,,,,0.0,0.0,4.023,0.0,0.0,,,,,,,,,
113.4,1,isocontour,11.283791670955125,25253.35,53.14,10.4,18.1,0.987,1.0,0.3,1.0,-5.6,-18.0,1.101,21,8,0,0,8
113.4,2,isocontour,11.283791670955125,23931.48,50.36,2.0,20.6,0.995,2.9,-0.2,2.9,-5.6,-18.0,1.101,21,7,0,0,7
113.4,3,isocontour,11.283791670955125,24358.6,51.26,4.2,20.3,0.991,-0.9,-0.2,0.9,-5.6,-18.0,1.101,21,7,0,0,7
113.4,4,isocontour,11.283791670955125,29845.85,62.81,16.5,12.5,0.993,-0.7,0.7,1.0,-5.6,-18.0,1.101,21,7,0,0,7
113.4,5,isocontour,11.283791670955125,27974.33,58.87,9.0,17.8,1.038,-1.1,0.6,1.3,-5.6,-18.0,1.101,21,9,0,0,9
113.4,6,isocontour,11.283791670955125,29578.16,62.24,8.2,17.8,1.054,-2.3,-0.6,2.4,-5.6,-18.0,1.101,21,9,0,0,9
113.4,7,isocontour,11.283791670955125,27228.29,57.3,-16.3,12.6,0.998,-0.0,2.9,2.9,-5.6,-18.0,1.101,21,4,0,0,4
113.4,8,isocontour,11.283791670955125,30007.35,63.15,8.7,17.0,1.089,-2.6,0.9,2.8,-5.6,-18.0,1.101,21,9,0,0,9
113.4,9,isocontour,11.283791670955125,27394.98,57.65,20.2,4.4,0.996,-1.4,-1.5,2.1,10.2,16.0,1.096,8,3,0,0,3
113.4,10,isocontour,11.283791670955125,27929.43,58.77,15.1,11.8,1.086,-1.3,0.5,1.4,-5.6,-18.0,1.101,21,7,0,0,7
113.4,11,isocontour,11.283791670955125,29901.03,62.92,-17.4,-9.3,1.049,-0.1,-2.8,2.8,-5.6,-18.0,1.101,21,3,0,0,3
113.4,12,isocontour,11.283791670955125,27253.99,57.35,-14.1,-15.3,0.986,-1.7,1.3,2.1,-5.2,-18.1,1.105,21,3,0,0,3
113.4,13,isocontour,11.283791670955125,25820.18,54.34,20.1,-4.5,1.0,-0.5,-0.8,0.9,10.2,16.0,1.096,8,1,0,0,1
113.4,14,isocontour,11.283791670955125,28215.81,59.38,7.3,-18.3,1.049,-2.6,-1.6,3.1,-5.6,-18.0,1.101,21,2,0,0,2
113.4,15,isocontour,11.283791670955125,24425.7,51.4,-1.9,20.6,0.997,-2.8,-0.2,2.8,-5.6,-18.0,1.101,21,7,0,0,7
113.4,16,isocontour,11.283791670955125,43043.78,90.58,-19.7,6.6,0.989,-1.9,-0.2,1.9,-5.6,-18.0,1.101,21,4,0,0,4
113.4,17,isocontour,11.283791670955125,25417.56,53.49,7.2,18.1,1.068,-2.6,0.8,2.7,-5.6,-18.0,1.101,21,9,0,0,9
113.4,18,isocontour,11.283791670955125,30504.21,64.19,-10.0,18.4,0.982,4.1,0.9,4.2,-5.6,-18.0,1.101,21,3,0,0,3
113.4,19,isocontour,11.283791670955125,26087.96,54.9,-20.8,-1.6,0.985,0.4,-1.2,1.3,-5.6,-18.0,1.101,21,4,0,0,4
113.4,20,isocontour,11.283791670955125,27845.81,58.6,13.9,-15.6,0.982,-1.5,-1.6,2.2,-5.6,-18.0,1.101,21,1,0,0,1
113.4,21,isocontour,11.283791670955125,28022.5,58.97,-5.4,-18.1,1.101,-2.4,-0.2,2.4,-5.4,-18.1,1.105,21,2,0,0,2
113.4,22,isocontour,11.283791670955125,30167.61,63.48,-18.3,-9.8,0.991,-0.8,1.3,1.5,-5.6,-18.0,1.101,21,3,0,0,3
113.4,23,isocontour,11.283791670955125,30193.49,63.54,-20.4,4.7,0.983,-0.2,1.3,1.3,-5.6,-18.0,1.101,21,4,0,0,4
113.4,24,isocontour,11.283791670955125,28401.75,59.77,2.3,-20.7,0.985,1.6,-0.0,1.6,-5.2,-18.1,1.105,21,2,0,0,2
113.4,25,isocontour,11.283791670955125,28518.87,60.01,-16.3,10.6,1.064,-0.3,-2.1,2.1,-5.6,-18.0,1.101,21,4,0,0,4
113.4,Target,,,,,0.0,0.0,4.023,0.0,0.0,,,,,,,,,
113.5,1,isocontour,11.283791670955125,25250.08,53.14,10.4,18.2,0.98,0.1,1.4,1.4,-5.6,-18.0,1.101,21,8,0,0,8
113.5,2,isocontour,11.283791670955125,23926.17,50.35,2.2,20.7,0.989,1.1,1.1,1.6,-5.6,-18.0,1.101,21,7,0,0,7
113.5,3,isocontour,11.283791670955125,24353.68,51.25,4.3,20.4,0.988,1.5,0.5,1.6,-5.6,-18.0,1.101,21,7,0,0,7
113.5,4,isocontour,11.283791670955125,29834.6,62.78,16.6,12.7,0.984,1.2,1.7,2.1,-5.6,-18.0,1.101,21,7,0,0,7
113.5,5,isocontour,11.283791670955125,27973.01,58.87,8.9,17.8,1.039,-1.0,0.1,1.0,-5.6,-18.0,1.101,21,9,0,0,9
113.5,6,isocontour,11.283791670955125,29550.99,62.19,8.0,17.8,1.061,-2.8,0.0,2.8,-5.6,-18.0,1.101,21,9,0,0,9
113.5,7,isocontour,11.283791670955125,27205.79,57.25,-16.2,12.9,0.994,1.1,2.4,2.6,-5.6,-18.0,1.101,21,4,0,0,4
113.5,8,isocontour,11.283791670955125,30006.48,63.14,8.5,17.0,1.09,-0.9,0.2,0.9,-5.6,-18.0,1.101,21,9,0,0,9
113.5,9,isocontour,11.283791670955125,27379.97,57.62,20.3,4.4,0.987,1.9,1.2,2.2,-5.6,-18.0,1.101,21,3,0,0,3
113.5,10,isocontour,11.283791670955125,27928.26,58.77,15.1,11.7,1.088,0.3,-0.9,0.9,-5.6,-18.0,1.101,21,7,0,0,7
113.5,11,isocontour,11.283791670955125,29885.01,62.89,-17.6,-9.2,1.041,-2.0,1.1,2.3,-5.2,-18.1,1.105,21,3,0,0,3
113.5,12,isocontour,11.283791670955125,27231.49,57.31,-14.2,-15.1,0.992,-0.9,2.4,2.6,-5.2,-18.1,1.105,21,3,0,0,3
113.5,13,isocontour,11.283791670955125,25818.66,54.33,20.1,-4.6,0.997,0.4,-1.0,1.1,10.2,16.0,1.096,8,1,0,0,1
113.5,14,isocontour,11.283791670955125,28210.4,59.37,7.3,-18.5,1.041,1.1,-1.2,1.6,-5.2,-18.1,1.105,21,2,0,0,2
113.5,15,isocontour,11.283791670955125,24396.73,51.34,-2.2,20.5,0.997,-2.8,-0.3,2.8,-5.6,-18.0,1.101,21,7,0,0,7
113.5,16,isocontour,11.283791670955125,43029.92,90.55,-19.9,6.7,0.979,-1.4,1.7,2.2,-5.6,-18.0,1.101,21,4,0,0,4
113.5,17,isocontour,11.283791670955125,25390.68,53.43,6.9,18.1,1.071,-2.7,0.3,2.7,-5.6,-18.0,1.101,21,9,0,0,9
113.5,18,isocontour,11.283791670955125,30488.8,64.16,-9.9,18.2,0.994,0.4,-2.3,2.3,-5.6,-18.0,1.101,21,3,0,0,3
113.5,19,isocontour,11.283791670955125,26063.61,54.85,-20.7,-1.8,0.991,1.4,-2.2,2.6,-5.6,-18.0,1.101,21,4,0,0,4
113.5,20,isocontour,11.283791670955125,27808.53,58.52,13.6,-15.7,0.988,-3.0,-0.9,3.1,-5.6,-18.0,1.101,21,1,0,0,1
113.5,21,isocontour,11.283791670955125,28006.07,58.94,-5.6,-18.1,1.095,-2.3,-0.3,2.3,-5.6,-18.1,1.105,21,2,0,0,2
113.5,22,isocontour,11.283791670955125,30147.36,63.44,-18.4,-9.6,0.987,-1.9,1.6,2.5,-5.2,-18.1,1.105,21,3,0,0,3
113.5,23,isocontour,11.283791670955125,30172.51,63.49,-20.3,4.9,0.983,0.7,2.4,2.5,-5.6,-18.0,1.101,21,4,0,0,4
113.5,24,isocontour,11.283791670955125,28390.34,59.74,2.5,-20.6,0.992,1.2,1.7,2.1,-5.2,-18.1,1.105,21,2,0,0,2
113.5,25,isocontour,11.283791670955125,28499.56,59.97,-16.4,10.8,1.054,-1.1,2.2,2.5,-5.6,-18.0,1.101,21,4,0,0,4
113.5,Target,,,,,0.0,0.0,4.023,0.0,0.0,,,,,,,,,
113.6,1,isocontour,11.283791670955125,25247.01,53.13,10.3,18.2,0.981,-1.3,0.3,1.3,-5.6,-18.0,1.101,21,8,0,0,8
113.6,2,isocontour,11.283791670955125,23904.94,50.31,2.0,20.7,0.987,-2.5,0.4,2.5,-5.6,-18.0,1.101,21,7,0,0,7
113.6,3,isocontour,11.283791670955125,24333.9,51.21,4.2,20.5,0.984,-2.2,1.2,2.5,-5.6,-18.0,1.101,21,7,0,0,7
113.6,4,isocontour,11.283791670955125,29823.52,62.76,16.7,12.6,0.983,1.1,-1.7,2.0,-5.6,-18.0,1.101,21,7,0,0,7
113.6,5,isocontour,11.283791670955125,27968.72,58.86,8.8,17.9,1.038,-1.1,1.0,1.5,-5.6,-18.0,1.101,21,8,0,0,8
113.6,6,isocontour,11.283791670955125,29528.24,62.14,7.7,17.8,1.068,-2.6,-0.3,2.6,-5.6,-18.0,1.101,21,9,0,0,9
113.6,7,isocontour,11.283791670955125,27171.67,57.18,-16.4,12.9,0.981,-3.0,0.4,3.0,-5.6,-18.0,1.101,21,4,0,0,4
113.6,8,isocontour,11.283791670955125,29980.46,63.09,8.4,17.2,1.087,-2.1,1.7,2.7,-5.6,-18.0,1.101,21,8,0,0,8
113.6,9,isocontour,11.283791670955125,27353.09,57.56,20.4,4.2,0.987,0.2,-2.8,2.8,-5.6,-18.0,1.101,21,3,0,0,3
113.6,10,isocontour,11.283791670955125,27900.5,58.71,14.9,11.9,1.092,-2.2,1.7,2.8,-5.6,-18.0,1.101,21,7,0,0,7
113.6,11,isocontour,11.283791670955125,29884.2,62.89,-17.6,-9.1,1.043,0.3,0.8,0.9,-5.2,-18.1,1.105,21,3,0,0,3
113.6,12,isocontour,11.283791670955125,27231.07,57.3,-14.2,-15.0,0.993,-0.5,0.5,0.7,-5.2,-18.1,1.105,21,3,0,0,3
113.6,13,isocontour,11.283791670955125,25817.97,54.33,20.1,-4.5,0.999,-0.3,0.8,0.9,-5.6,-18.0,1.101,21,1,0,0,1
113.6,14,isocontour,11.283791670955125,28175.6,59.29,7.1,-18.5,1.042,-2.9,-0.7,3.0,-5.2,-18.1,1.105,21,2,0,0,2
113.6,15,isocontour,11.283791670955125,24394.94,51.34,-2.3,20.6,0.994,-0.9,0.6,1.1,-5.6,-18.0,1.101,21,6,0,0,6
113.6,16,isocontour,11.283791670955125,43011.75,90.51,-19.7,6.8,0.985,2.2,1.0,2.4,-5.6,-18.0,1.101,21,4,0,0,4
113.6,17,isocontour,11.283791670955125,25387.47,53.42,6.7,18.1,1.076,-1.3,-0.5,1.4,-5.6,-18.0,1.101,21,9,0,0,9
113.6,18,isocontour,11.283791670955125,30486.48,64.16,-9.8,18.3,0.991,0.1,1.2,1.2,-5.6,-18.0,1.101,21,3,0,0,3
113.6,19,isocontour,11.283791670955125,26061.35,54.84,-20.6,-1.9,0.993,0.3,-1.1,1.1,-5.2,-18.1,1.105,21,4,0,0,4
113.6,20,isocontour,11.283791670955125,27787.79,58.48,13.4,-15.9,0.988,-1.8,-1.7,2.5,-5.2,-18.1,1.105,21,1,0,0,1
113.6,21,isocontour,11.283791670955125,28004.71,58.93,-5.7,-18.0,1.098,-0.3,1.0,1.0,-5.7,-18.0,1.105,21,2,0,0,2
113.6,22,isocontour,11.283791670955125,30146.74,63.44,-18.5,-9.7,0.983,-0.5,-0.6,0.8,-5.2,-18.1,1.105,21,3,0,0,3
113.6,23,isocontour,11.283791670955125,30168.79,63.49,-20.2,5.0,0.989,1.4,0.3,1.4,-5.6,-18.0,1.101,21,4,0,0,4
113.6,24,isocontour,11.283791670955125,28387.96,59.74,2.4,-20.5,0.995,-1.2,0.2,1.2,-5.2,-18.1,1.105,21,2,0,0,2
113.6,25,isocontour,11.283791670955125,28497.62,59.97,-16.4,10.9,1.05,0.3,1.1,1.1,-5.6,-18.0,1.101,21,4,0,0,4
113.6,Target,,,,,0.0,0.0,4.023,0.0,0.0,,,,,,,,,
113.7,1,isocontour,11.283791670955125,25241.6,53.12,10.1,18.3,0.983,-1.6,0.4,1.6,-5.6,-18.0,1.101,21,8,0,0,8
113.7,2,isocontour,11.283791670955125,23901.66,50.3,1.9,20.6,0.993,-0.6,-1.2,1.3,-5.6,-18.0,1.101,21,7,0,0,7
113.7,3,isocontour,11.283791670955125,24304.94,51.15,3.9,20.4,0.988,-2.8,-0.5,2.8,-5.6,-18.0,1.101,21,7,0,0,7
113.7,4,isocontour,11.283791670955125,29820.02,62.75,16.6,12.5,0.99,-1.0,-1.0,1.4,-5.6,-18.0,1.101,21,6,0,0,6
113.7,5,isocontour,11.283791670955125,27943.54,58.8,8.5,17.9,1.043,-2.7,0.1,2.7,-5.6,-18.0,1.101,21,8,0,0,8
113.7,6,isocontour,11.283791670955125,29527.24,62.14,7.6,17.8,1.069,-0.8,0.4,0.9,-5.6,-18.0,1.101,21,9,0,0,9
113.7,7,isocontour,11.283791670955125,27168.6,57.17,-16.4,12.9,0.985,0.8,-1.1,1.4,-5.6,-18.0,1.101,21,4,0,0,4
113.7,8,isocontour,11.283791670955125,29979.14,63.09,8.3,17.3,1.086,-0.8,0.6,1.0,-5.6,-18.0,1.101,21,9,0,0,9
113.7,9,isocontour,11.283791670955125,27348.88,57.55,20.3,4.1,0.993,-0.9,-1.2,1.5,-5.6,-18.0,1.101,21,3,0,0,3
113.7,10,isocontour,11.283791670955125,27876.16,58.66,14.7,12.0,1.096,-2.1,1.6,2.6,-5.6,-18.0,1.101,21,7,0,0,7
113.7,11,isocontour,11.283791670955125,29880.92,62.88,-17.7,-9.0,1.044,-0.5,1.2,1.3,-5.2,-18.1,1.105,21,3,0,0,3
113.7,12,isocontour,11.283791670955125,27196.6,57.23,-14.1,-15.2,0.992,2.1,-2.1,3.0,-5.2,-18.1,1.105,21,3,0,0,3
113.7,13,isocontour,11.283791670955125,25815.87,54.33,20.1,-4.6,1.0,-0.4,-1.1,1.2,-5.6,-18.0,1.101,21,1,0,0,1
113.7,14,isocontour,11.283791670955125,28168.43,59.28,7.0,-18.7,1.039,-1.2,-1.3,1.8,-5.2,-18.1,1.105,21,2,0,0,2
113.7,15,isocontour,11.283791670955125,24393.24,51.33,-2.4,20.6,0.99,-0.9,0.5,1.0,-5.6,-18.0,1.101,21,6,0,0,6
113.7,16,isocontour,11.283791670955125,43010.27,90.51,-19.7,6.8,0.989,0.1,-1.0,1.0,-5.2,-18.1,1.105,21,4,0,0,4
113.7,17,isocontour,11.283791670955125,25367.93,53.38,6.5,18.1,1.082,-2.5,-0.0,2.5,-5.6,-18.0,1.101,21,8,0,0,8
113.7,18,isocontour,11.283791670955125,30448.11,64.07,-10.1,18.2,0.99,-2.7,-1.5,3.1,-5.6,-18.0,1.101,21,3,0,0,3
113.7,19,isocontour,11.283791670955125,26044.49,54.81,-20.7,-1.7,0.992,-0.5,2.3,2.4,-5.2,-18.1,1.105,21,4,0,0,4
113.7,20,isocontour,11.283791670955125,27749.79,58.4,13.2,-16.0,0.993,-2.9,-1.0,3.1,-5.2,-18.1,1.105,21,1,0,0,1
113.7,21,isocontour,11.283791670955125,27996.14,58.91,-5.6,-18.1,1.095,1.5,-1.2,1.9,-5.6,-18.1,1.105,21,2,0,0,2
113.7,22,isocontour,11.283791670955125,30132.12,63.41,-18.4,-9.5,0.991,0.9,2.1,2.3,-5.2,-18.1,1.105,21,3,0,0,3
113.7,23,isocontour,11.283791670955125,30164.49,63.48,-20.2,4.9,0.989,-0.6,-1.4,1.5,-5.2,-18.1,1.105,21,4,0,0,4
113.7,24,isocontour,11.283791670955125,28384.54,59.73,2.3,-20.6,0.992,-1.1,-0.9,1.4,-5.2,-18.1,1.105,21,2,0,0,2
113.7,25,isocontour,11.283791670955125,28474.07,59.92,-16.2,11.0,1.059,2.6,0.6,2.7,-5.6,-18.0,1.101,21,4,0,0,4
113.7,Target,,,,,0.0,0.0,4.023,0.0,0.0,,,,,,,,,
113.8,1,isocontour,11.283791670955125,25210.77,53.05,9.9,18.2,0.994,-2.7,-0.9,2.8,-5.6,-18.0,1.101,21,8,0,0,8
113.8,2,isocontour,11.283791670955125,23900.42,50.3,2.0,20.6,0.994,1.0,-0.1,1.0,-5.6,-18.0,1.101,21,7,0,0,7
113.8,3,isocontour,11.283791670955125,24303.46,51.14,3.8,20.4,0.992,-0.9,-0.6,1.1,-5.6,-18.0,1.101,21,7,0,0,7
113.8,4,isocontour,11.283791670955125,29796.22,62.7,16.5,12.7,0.987,-0.9,2.5,2.7,-5.6,-18.0,1.101,21,6,0,0,6
113.8,5,isocontour,11.283791670955125,27916.08,58.75,8.2,17.9,1.049,-2.8,0.1,2.8,-5.6,-18.0,1.101,21,9,0,0,9
113.8,6,isocontour,11.283791670955125,29526.11,62.13,7.5,17.9,1.069,-0.8,0.5,0.9,-5.6,-18.0,1.101,21,9,0,0,9
113.8,7,isocontour,11.283791670955125,27165.25,57.17,-16.4,12.7,0.992,0.4,-1.3,1.4,-5.2,-18.1,1.105,21,4,0,0,4
113.8,8,isocontour,11.283791670955125,29977.44,63.08,8.2,17.3,1.083,-0.8,0.8,1.1,-5.6,-18.0,1.101,21,9,0,0,9
113.8,9,isocontour,11.283791670955125,27347.71,57.55,20.3,4.1,0.994,-0.3,0.9,0.9,-5.6,-18.0,1.101,21,3,0,0,3
113.8,10,isocontour,11.283791670955125,27846.58,58.6,14.8,11.9,1.094,2.1,-1.9,2.8,-5.6,-18.0,1.101,21,7,0,0,7
113.8,11,isocontour,11.283791670955125,29863.85,62.84,-17.6,-8.8,1.051,0.4,2.3,2.3,-5.2,-18.1,1.105,21,3,0,0,3
113.8,12,isocontour,11.283791670955125,27044.68,56.91,-13.8,-15.6,0.989,3.1,-3.8,4.9,-5.2,-18.1,1.105,21,3,0,0,3
113.8,13,isocontour,11.283791670955125,25813.61,54.32,20.0,-4.7,1.001,-0.4,-1.1,1.2,-5.6,-18.0,1.101,21,1,0,0,1
113.8,14,isocontour,11.283791670955125,28149.82,59.24,7.1,-18.6,1.036,2.4,0.5,2.5,-5.2,-18.1,1.105,21,2,0,0,2
113.8,15,isocontour,11.283791670955125,24389.11,51.32,-2.4,20.5,0.996,0.6,-1.4,1.5,-5.6,-18.0,1.101,21,7,0,0,7
113.8,16,isocontour,11.283791670955125,42979.12,90.44,-19.6,6.5,0.994,0.1,-2.9,2.9,-5.2,-18.1,1.105,21,4,0,0,4
113.8,17,isocontour,11.283791670955125,25358.67,53.36,6.4,18.2,1.077,-1.2,1.5,1.9,-5.6,-18.0,1.101,21,8,0,0,8
113.8,18,isocontour,11.283791670955125,30446.86,64.07,-10.1,18.2,0.989,0.7,0.7,1.0,-5.6,-18.0,1.101,21,3,0,0,3
113.8,19,isocontour,11.283791670955125,26021.74,54.76,-20.8,-1.5,0.986,-1.3,2.3,2.6,-5.2,-18.1,1.105,21,4,0,0,4
113.8,20,isocontour,11.283791670955125,27749.38,58.4,13.2,-16.0,0.992,0.7,0.0,0.7,-5.2,-18.1,1.105,21,1,0,0,1
113.8,21,isocontour,11.283791670955125,27976.6,58.87,-5.7,-18.1,1.095,-2.4,0.7,2.5,-5.7,-18.1,1.105,21,2,0,0,2
113.8,22,isocontour,11.283791670955125,30107.77,63.36,-18.5,-9.7,0.982,-1.4,-2.3,2.7,-5.2,-18.1,1.105,21,3,0,0,3
113.8,23,isocontour,11.283791670955125,30132.37,63.41,-20.2,4.6,0.994,0.6,-2.9,3.0,-5.2,-18.1,1.105,21,4,0,0,4
113.8,24,isocontour,11.283791670955125,28373.78,59.71,2.3,-20.8,0.982,0.7,-1.9,2.0,-5.2,-18.1,1.105,21,2,0,0,2
113.8,25,isocontour,11.283791670955125,28453.82,59.88,-16.2,10.8,1.063,-1.0,-2.3,2.5,-5.2,-18.1,1.105,21,4,0,0,4
113.8,Target,,,,,0.0,0.0,4.023,0.0,0.0,,,,,,,,,
113.9,1,isocontour,11.283791670955125,25179.3,52.99,10.1,18.1,0.995,2.6,-1.3,2.9,-5.6,-18.0,1.101,21,8,0,0,8
113.9,2,isocontour,11.283791670955125,23786.29,50.06,1.6,20.7,0.989,-4.3,1.3,4.5,-5.6,-18.0,1.101,21,7,0,0,7
113.9,3,isocontour,11.283791670955125,24285.52,51.11,3.9,20.4,0.987,2.3,0.8,2.4,-5.6,-18.0,1.101,21,7,0,0,7
113.9,4,isocontour,11.283791670955125,29795.73,62.7,16.6,12.7,0.983,0.6,0.4,0.7,-5.6,-18.0,1.101,21,6,0,0,6
113.9,5,isocontour,11.283791670955125,27915.05,58.74,8.1,17.9,1.052,-0.9,-0.0,0.9,-5.6,-18.0,1.101,21,9,0,0,9
113.9,6,isocontour,11.283791670955125,29524.54,62.13,7.4,18.0,1.067,-0.8,0.7,1.1,-5.6,-18.0,1.101,21,9,0,0,9
113.9,7,isocontour,11.283791670955125,27152.48,57.14,-16.3,12.9,0.987,0.3,2.1,2.1,-5.2,-18.1,1.105,21,4,0,0,4
113.9,8,isocontour,11.283791670955125,29975.64,63.08,8.1,17.4,1.081,-0.8,0.8,1.1,-5.6,-18.0,1.101,21,9,0,0,9
113.9,9,isocontour,11.283791670955125,27321.12,57.49,20.3,4.4,0.991,0.1,2.7,2.7,-5.6,-18.0,1.101,21,3,0,0,3
113.9,10,isocontour,11.283791670955125,27844.92,58.6,14.8,11.9,1.098,-1.1,0.2,1.1,-5.6,-18.0,1.101,21,7,0,0,7
113.9,11,isocontour,11.283791670955125,29841.09,62.8,-17.6,-9.0,1.049,0.6,-2.5,2.6,-5.2,-18.1,1.105,21,3,0,0,3
113.9,12,isocontour,11.283791670955125,27044.16,56.91,-13.7,-15.7,0.989,0.7,-0.3,0.8,-5.2,-18.1,1.105,21,3,0,0,3
113.9,13,isocontour,11.283791670955125,25803.16,54.3,20.1,-4.9,0.995,0.7,-1.9,2.0,-5.6,-18.0,1.101,21,1,0,0,1
113.9,14,isocontour,11.283791670955125,28128.34,59.19,7.4,-18.5,1.037,2.3,1.0,2.5,-5.2,-18.1,1.105,21,2,0,0,2
113.9,15,isocontour,11.283791670955125,24362.23,51.27,-2.6,20.5,0.998,-2.7,-0.5,2.7,-5.6,-18.0,1.101,21,7,0,0,7
113.9,16,isocontour,11.283791670955125,42950.46,90.38,-19.7,6.3,0.993,-1.1,-2.6,2.8,-5.2,-18.1,1.105,21,4,0,0,4
113.9,17,isocontour,11.283791670955125,25355.53,53.36,6.3,18.3,1.073,-0.9,1.0,1.3,-5.6,-18.0,1.101,21,8,0,0,8
113.9,18,isocontour,11.283791670955125,30445.54,64.07,-10.0,18.2,0.992,0.9,-0.5,1.0,-5.2,-18.1,1.105,21,3,0,0,3
113.9,19,isocontour,11.283791670955125,26020.98,54.76,-20.8,-1.4,0.984,-0.2,0.8,0.8,-5.2,-18.1,1.105,21,4,0,0,4
113.9,20,isocontour,11.283791670955125,27744.64,58.39,13.3,-15.9,0.995,0.8,1.3,1.5,-5.2,-18.1,1.105,21,1,0,0,1
113.9,21,isocontour,11.283791670955125,27973.6,58.87,-5.9,-18.0,1.098,-0.9,0.9,1.3,-5.9,-18.0,1.105,21,2,0,0,2
113.9,22,isocontour,11.283791670955125,30099.34,63.34,-18.6,-9.5,0.983,-0.3,1.9,1.9,-5.2,-18.1,1.105,21,3,0,0,3
113.9,23,isocontour,11.283791670955125,30121.12,63.39,-20.3,4.4,0.99,-1.5,-1.4,2.1,-5.2,-18.1,1.105,21,4,0,0,4
113.9,24,isocontour,11.283791670955125,28373.76,59.71,2.3,-20.8,0.98,-0.2,-0.1,0.2,-5.2,-18.1,1.105,21,2,0,0,2
113.9,25,isocontour,11.283791670955125,28447.24,59.86,-16.2,10.6,1.068,-0.1,-1.7,1.7,-5.2,-18.1,1.105,21,4,0,0,4
113.9,Target,,,,,0.0,0.0,4.023,0.0,0.0,,,,,,,,,
114.0,1,isocontour,11.283791670955125,25156.02,52.94,10.3,18.1,0.988,2.6,0.2,2.6,10.3,18.1,0.995,1,8,0,0,8
114.0,2,isocontour,11.283791670955125,23770.48,50.02,1.4,20.7,0.991,-2.3,-0.4,2.3,1.4,20.7,0.989,2,7,0,0,7
114.0,3,isocontour,11.283791670955125,24269.91,51.07,3.8,20.5,0.983,-2.1,1.0,2.3,3.8,20.5,0.987,3,7,0,0,7
114.0,4,isocontour,11.283791670955125,29762.95,62.63,16.3,12.8,0.993,-2.9,0.2,2.9,16.3,12.8,0.983,4,6,0,0,6
114.0,5,isocontour,11.283791670955125,27882.93,58.68,7.9,18.1,1.051,-2.5,1.5,2.9,7.9,18.1,1.052,5,9,0,0,9
114.0,6,isocontour,11.283791670955125,29523.47,62.13,7.3,18.0,1.067,-0.9,0.4,1.0,7.3,18.0,1.067,6,9,0,0,9
114.0,7,isocontour,11.283791670955125,27148.35,57.13,-16.5,12.9,0.982,-1.4,-0.4,1.5,-16.5,12.9,0.987,7,4,0,0,4
114.0,8,isocontour,11.283791670955125,29958.57,63.04,7.9,17.4,1.089,-2.3,-0.7,2.4,7.9,17.4,1.081,8,9,0,0,9
114.0,9,isocontour,11.283791670955125,27293.36,57.44,20.3,4.7,0.988,-0.1,2.8,2.8,20.3,4.7,0.991,9,3,0,0,3
114.0,10,isocontour,11.283791670955125,27838.0,58.58,14.7,12.0,1.094,-0.4,1.7,1.7,14.7,12.0,1.098,10,7,0,0,7
114.0,11,isocontour,11.283791670955125,29837.75,62.79,-17.5,-9.1,1.051,1.0,-0.9,1.3,-17.5,-9.1,1.049,11,3,0,0,3
114.0,12,isocontour,11.283791670955125,27041.78,56.91,-13.7,-15.6,0.992,-0.4,1.2,1.3,-13.7,-15.6,0.989,12,3,0,0,3
114.0,13,isocontour,11.283791670955125,25768.0,54.23,20.1,-5.2,0.992,-0.2,-3.0,3.0,20.1,-5.2,0.995,13,1,0,0,1
114.0,14,isocontour,11.283791670955125,28106.86,59.15,7.6,-18.4,1.037,2.3,1.0,2.5,7.6,-18.4,1.037,14,2,0,0,2
114.0,15,isocontour,11.283791670955125,24360.87,51.26,-2.6,20.5,0.997,0.9,0.4,1.0,-2.6,20.5,0.998,15,7,0,0,7
114.0,16,isocontour,11.283791670955125,42947.04,90.38,-19.9,6.2,0.987,-1.4,-0.3,1.4,-19.9,6.2,0.993,16,4,0,0,4
114.0,17,isocontour,11.283791670955125,25354.43,53.36,6.2,18.3,1.074,-0.9,-0.1,0.9,6.2,18.3,1.073,17,8,0,0,8
114.0,18,isocontour,11.283791670955125,30443.89,64.07,-10.0,18.1,0.993,-0.9,-0.6,1.1,-10.0,18.1,0.992,18,3,0,0,3
114.0,19,isocontour,11.283791670955125,25997.7,54.71,-20.8,-1.2,0.987,0.5,2.6,2.6,-20.8,-1.2,0.984,19,4,0,0,4
114.0,20,isocontour,11.283791670955125,27723.16,58.34,13.5,-15.8,0.992,2.3,1.1,2.5,13.5,-15.8,0.995,20,1,0,0,1
114.0,21,isocontour,11.283791670955125,27944.64,58.81,-6.1,-18.0,1.095,-2.8,0.3,2.8,-6.1,-18.0,1.098,21,2,0,0,2
114.0,22,isocontour,11.283791670955125,30066.56,63.27,-18.3,-9.6,0.993,2.8,-0.9,2.9,-18.3,-9.6,0.983,22,3,0,0,3
114.0,23,isocontour,11.283791670955125,30087.34,63.32,-20.5,4.2,0.983,-1.9,-2.3,3.0,-20.5,4.2,0.99,23,4,0,0,4
114.0,24,isocontour,11.283791670955125,28367.63,59.7,2.3,-20.7,0.988,-0.3,1.7,1.7,2.3,-20.7,0.98,24,2,0,0,2
114.0,25,isocontour,11.283791670955125,28422.62,59.81,-16.4,10.4,1.07,-1.2,-2.4,2.7,-16.4,10.4,1.068,25,4,0,0,4
114.0,Target,,,,,0.0,0.0,4.023,0.0,0.0,,,,,,,,,
114.1,1,isocontour,11.283791670955125,25148.74,52.92,10.4,17.9,0.993,0.3,-1.8,1.8,14.7,12.0,1.098,10,8,0,0,8
114.1,2,isocontour,11.283791670955125,23733.2,49.94,1.6,20.7,0.991,3.1,-0.0,3.1,7.9,17.4,1.089,8,7,0,0,7
114.1,3,isocontour,11.283791670955125,24246.36,51.02,3.6,20.5,0.988,-2.6,-0.6,2.7,7.9,17.4,1.089,8,7,0,0,7
114.1,4,isocontour,11.283791670955125,29762.08,62.63,16.2,12.8,0.994,-0.3,0.8,0.9,14.7,12.0,1.098,10,6,0,0,6
114.1,5,isocontour,11.283791670955125,27865.86,58.64,7.7,18.2,1.051,-2.2,0.9,2.4,14.7,12.0,1.098,10,9,0,0,9
114.1,6,isocontour,11.283791670955125,29413.86,61.9,7.0,18.0,1.077,-4.4,-0.3,4.4,14.7,12.0,1.098,10,9,0,0,9
114.1,7,isocontour,11.283791670955125,27142.85,57.12,-16.4,12.8,0.988,0.6,-1.5,1.6,-16.4,10.4,1.07,25,4,0,0,4
114.1,8,isocontour,11.283791670955125,29958.15,63.04,7.8,17.4,1.091,-0.7,0.2,0.7,14.7,12.0,1.098,10,9,0,0,9
114.1,9,isocontour,11.283791670955125,27280.41,57.41,20.1,4.8,0.995,-1.8,1.2,2.2,14.7,12.0,1.098,10,3,0,0,3
114.1,10,isocontour,11.283791670955125,27834.65,58.57,14.7,12.2,1.087,0.4,1.3,1.4,14.7,12.2,1.098,10,7,0,0,7
114.1,11,isocontour,11.283791670955125,29813.67,62.74,-17.4,-9.3,1.046,0.2,-2.7,2.7,-17.4,-9.3,1.051,11,3,0,0,3
114.1,12,isocontour,11.283791670955125,27021.53,56.86,-13.6,-15.7,0.987,0.9,-2.4,2.6,-6.1,-18.0,1.098,21,3,0,0,3
114.1,13,isocontour,11.283791670955125,25766.52,54.22,20.1,-5.3,0.99,0.2,-1.0,1.0,20.1,-5.3,0.995,13,1,0,0,1
114.1,14,isocontour,11.283791670955125,28084.62,59.1,7.9,-18.4,1.035,2.5,0.5,2.5,7.9,-18.4,1.037,14,2,0,0,2
114.1,15,isocontour,11.283791670955125,24359.7,51.26,-2.6,20.5,0.994,-0.8,0.5,0.9,7.9,17.4,1.089,8,7,0,0,7
114.1,16,isocontour,11.283791670955125,42938.06,90.36,-20.0,6.3,0.98,-0.9,1.7,1.9,-16.4,10.4,1.07,25,4,0,0,4
114.1,17,isocontour,11.283791670955125,25353.72,53.35,6.1,18.3,1.076,-0.8,-0.1,0.8,14.7,12.0,1.098,10,8,0,0,8
114.1,18,isocontour,11.283791670955125,30309.65,63.78,-10.4,18.1,0.984,-4.7,-0.4,4.7,-16.4,10.4,1.07,25,3,0,0,3
114.1,19,isocontour,11.283791670955125,25994.49,54.7,-20.7,-1.2,0.991,0.8,-1.1,1.4,-17.5,-9.1,1.051,11,4,0,0,4
114.1,20,isocontour,11.283791670955125,27722.76,58.34,13.6,-15.7,0.99,0.6,0.2,0.6,7.6,-18.4,1.037,14,1,0,0,1
114.1,21,isocontour,11.283791670955125,27943.16,58.8,-6.2,-17.9,1.094,-1.0,0.2,1.0,-6.2,-17.9,1.098,21,2,0,0,2
114.1,22,isocontour,11.283791670955125,30062.18,63.26,-18.4,-9.5,0.991,-1.3,0.8,1.5,-17.5,-9.1,1.051,11,3,0,0,3
114.1,23,isocontour,11.283791670955125,30017.55,63.17,-20.6,3.9,0.981,-0.8,-3.7,3.8,-16.4,10.4,1.07,25,4,0,0,4
114.1,24,isocontour,11.283791670955125,28348.32,59.66,2.4,-20.5,0.997,1.7,1.8,2.5,-6.1,-18.0,1.098,21,2,0,0,2
114.1,25,isocontour,11.283791670955125,28421.26,59.81,-16.3,10.4,1.071,0.6,0.8,1.0,-16.3,10.4,1.07,25,4,0,0,4
114.1,Target,,,,,0.0,0.0,4.023,0.0,0.0,,,,,,,,,
114.2,1,isocontour,11.283791670955125,25126.76,52.88,10.6,18.0,0.985,2.4,0.9,2.6,14.7,12.0,1.098,10,8,0,0,8
114.2,2,isocontour,11.283791670955125,23630.12,49.73,1.3,20.8,0.984,-4.0,1.8,4.4,14.7,12.0,1.098,10,7,0,0,7
114.2,3,isocontour,11.283791670955125,24231.74,50.99,3.6,20.3,0.997,1.0,-2.0,2.2,14.7,12.0,1.098,10,7,0,0,7
114.2,4,isocontour,11.283791670955125,29715.44,62.53,16.5,12.9,0.979,3.1,1.2,3.3,14.7,12.0,1.098,10,6,0,0,6
114.2,5,isocontour,11.283791670955125,27864.5,58.64,7.6,18.1,1.055,-0.8,-0.6,1.0,14.7,12.0,1.098,10,9,0,0,9
114.2,6,isocontour,11.283791670955125,29412.65,61.9,6.8,18.0,1.077,-0.8,0.6,1.0,14.7,12.0,1.098,10,9,0,0,9
114.2,7,isocontour,11.283791670955125,27139.57,57.11,-16.4,12.6,0.992,-0.3,-1.3,1.3,-16.3,10.4,1.071,25,4,0,0,4
114.2,8,isocontour,11.283791670955125,29956.71,63.04,7.7,17.4,1.088,-0.6,0.9,1.1,14.7,12.0,1.098,10,9,0,0,9
114.2,9,isocontour,11.283791670955125,27275.58,57.4,20.1,4.7,0.999,-0.3,-1.5,1.5,14.7,12.0,1.098,10,3,0,0,3
114.2,10,isocontour,11.283791670955125,27832.85,58.57,14.8,12.1,1.088,0.5,-1.0,1.1,14.7,12.0,1.098,10,7,0,0,7
114.2,11,isocontour,11.283791670955125,29795.28,62.7,-17.5,-9.2,1.049,-0.3,2.4,2.4,-6.1,-18.0,1.098,21,3,0,0,3
114.2,12,isocontour,11.283791670955125,27017.48,56.85,-13.7,-15.9,0.979,-0.6,-1.3,1.4,-6.1,-18.0,1.098,21,3,0,0,3
114.2,13,isocontour,11.283791670955125,25764.15,54.22,20.1,-5.2,0.991,0.0,1.2,1.2,14.7,12.0,1.098,10,1,0,0,1
114.2,14,isocontour,11.283791670955125,28082.41,59.1,7.8,-18.4,1.034,-1.1,-0.4,1.2,-6.1,-18.0,1.098,21,2,0,0,2
114.2,15,isocontour,11.283791670955125,24337.97,51.22,-2.8,20.5,0.992,-2.6,-0.1,2.6,14.7,12.0,1.098,10,7,0,0,7
114.2,16,isocontour,11.283791670955125,42919.21,90.32,-19.9,6.2,0.986,0.9,-2.3,2.5,-16.3,10.4,1.071,25,4,0,0,4
114.2,17,isocontour,11.283791670955125,25353.01,53.35,6.1,18.3,1.074,-0.5,0.6,0.8,14.7,12.0,1.098,10,8,0,0,8
114.2,18,isocontour,11.283791670955125,30307.04,63.78,-10.4,18.0,0.988,0.8,-1.0,1.3,7.9,17.4,1.089,8,3,0,0,3
114.2,19,isocontour,11.283791670955125,25992.7,54.7,-20.7,-1.2,0.99,-0.5,1.0,1.1,-16.4,10.4,1.07,25,4,0,0,4
114.2,20,isocontour,11.283791670955125,27702.5,58.3,13.7,-15.6,0.988,2.1,1.4,2.5,7.6,-18.4,1.037,14,1,0,0,1
114.2,21,isocontour,11.283791670955125,27939.95,58.8,-6.2,-18.0,1.091,1.0,-0.9,1.3,-6.1,-18.0,1.098,21,2,0,0,2
114.2,22,isocontour,11.283791670955125,30055.82,63.25,-18.5,-9.7,0.986,-0.3,-1.7,1.7,-6.1,-18.0,1.098,21,3,0,0,3
114.2,23,isocontour,11.283791670955125,30011.94,63.16,-20.5,3.9,0.983,0.8,1.4,1.6,-16.3,10.4,1.071,25,4,0,0,4
114.2,24,isocontour,11.283791670955125,28347.84,59.65,2.5,-20.4,0.999,0.7,0.3,0.8,-6.1,-18.0,1.098,21,2,0,0,2
114.2,25,isocontour,11.283791670955125,28392.6,59.75,-16.4,10.7,1.06,-0.7,2.7,2.8,-16.4,10.7,1.071,25,4,0,0,4
114.2,Target,,,,,0.0,0.0,4.023,0.0,0.0,,,,,,,,,
114.3,1,isocontour,11.283791670955125,25123.26,52.87,10.7,18.1,0.977,0.9,1.0,1.3,14.7,12.0,1.098,10,8,0,0,8
114.3,2,isocontour,11.283791670955125,23629.79,49.73,1.2,20.9,0.983,-0.6,-0.0,0.6,14.7,12.0,1.098,10,7,0,0,7
114.3,3,isocontour,11.283791670955125,24196.24,50.92,3.9,20.3,0.996,3.0,-0.0,3.0,14.7,12.0,1.098,10,7,0,0,7
114.3,4,isocontour,11.283791670955125,29656.55,62.41,16.8,12.8,0.972,2.8,-2.3,3.6,14.7,12.0,1.098,10,6,0,0,6
114.3,5,isocontour,11.283791670955125,27848.06,58.6,7.4,18.2,1.053,-1.9,1.4,2.4,14.7,12.0,1.098,10,9,0,0,9
114.3,6,isocontour,11.283791670955125,29392.87,61.85,6.6,18.1,1.074,-2.0,1.5,2.5,14.7,12.0,1.098,10,9,0,0,9
114.3,7,isocontour,11.283791670955125,27138.33,57.11,-16.4,12.7,0.992,0.6,0.8,1.0,7.9,17.4,1.089,8,4,0,0,4
114.3,8,isocontour,11.283791670955125,29935.48,63.0,7.5,17.6,1.087,-2.3,1.1,2.5,14.7,12.0,1.098,10,9,0,0,9
114.3,9,isocontour,11.283791670955125,27273.09,57.39,20.0,4.8,1.0,-0.4,1.2,1.3,14.7,12.0,1.098,10,3,0,0,3
114.3,10,isocontour,11.283791670955125,27812.36,58.53,14.8,11.9,1.094,0.5,-2.5,2.5,14.7,12.0,1.098,10,7,0,0,7
114.3,11,isocontour,11.283791670955125,29794.62,62.7,-17.5,-9.1,1.052,-0.0,0.8,0.8,-6.1,-18.0,1.098,21,3,0,0,3
114.3,12,isocontour,11.283791670955125,26997.71,56.81,-13.7,-15.7,0.985,-0.5,2.4,2.5,-6.1,-18.0,1.098,21,3,0,0,3
114.3,13,isocontour,11.283791670955125,25742.67,54.17,20.1,-5.4,0.988,-0.1,-2.6,2.6,14.7,12.0,1.098,10,1,0,0,1
114.3,14,isocontour,11.283791670955125,28045.13,59.02,7.5,-18.5,1.036,-2.9,-1.0,3.1,-6.1,-18.0,1.098,21,2,0,0,2
114.3,15,isocontour,11.283791670955125,24315.99,51.17,-3.1,20.6,0.989,-2.6,0.2,2.6,14.7,12.0,1.098,10,7,0,0,7
114.3,16,isocontour,11.283791670955125,42909.22,90.3,-19.8,6.3,0.991,1.3,1.5,2.0,-16.3,10.4,1.071,25,4,0,0,4
114.3,17,isocontour,11.283791670955125,25336.58,53.32,5.9,18.5,1.068,-1.6,1.7,2.3,14.7,12.0,1.098,10,8,0,0,8
114.3,18,isocontour,11.283791670955125,30302.91,63.77,-10.5,17.8,0.994,-0.2,-1.5,1.5,14.7,12.0,1.098,10,3,0,0,3
114.3,19,isocontour,11.283791670955125,25878.57,54.46,-20.7,-1.5,0.988,-0.0,-4.5,4.5,-6.1,-18.0,1.098,21,4,0,0,4
114.3,20,isocontour,11.283791670955125,27702.1,58.3,13.8,-15.6,0.987,0.6,0.3,0.7,-6.1,-18.0,1.098,21,1,0,0,1
114.3,21,isocontour,11.283791670955125,27938.34,58.79,-6.1,-18.1,1.09,1.0,-0.5,1.1,-6.1,-18.0,1.098,21,2,0,0,2
114.3,22,isocontour,11.283791670955125,29965.02,63.06,-18.6,-9.4,0.984,-2.1,3.6,4.2,-6.1,-18.0,1.098,21,3,0,0,3
114.3,23,isocontour,11.283791670955125,29999.86,63.13,-20.3,4.0,0.991,1.8,1.0,2.1,-16.3,10.4,1.071,25,4,0,0,4
114.3,24,isocontour,11.283791670955125,28313.03,59.58,2.3,-20.5,0.999,-3.0,-0.5,3.0,-6.1,-18.0,1.098,21,2,0,0,2
114.3,25,isocontour,11.283791670955125,28361.13,59.68,-16.3,11.0,1.054,0.7,2.8,2.9,7.9,17.4,1.089,8,4,0,0,4
114.3,Target,,,,,0.0,0.0,4.023,0.0,0.0,,,,,,,,,
114.4,1,isocontour,11.283791670955125,25100.25,52.82,10.5,18.1,0.98,-2.6,0.5,2.6,14.7,12.0,1.098,10,8,0,0,8
114.4,2,isocontour,11.283791670955125,23621.22,49.71,1.3,20.9,0.983,1.9,-0.1,1.9,14.7,12.0,1.098,10,7,0,0,7
114.4,3,isocontour,11.283791670955125,24194.75,50.91,3.9,20.4,0.991,-0.1,1.0,1.0,14.7,12.0,1.098,10,7,0,0,7
114.4,4,isocontour,11.283791670955125,29655.27,62.41,16.8,12.6,0.974,0.1,-1.0,1.0,14.7,12.0,1.098,10,5,0,0,5
114.4,5,isocontour,11.283791670955125,27846.31,58.6,7.3,18.3,1.05,-0.7,0.9,1.1,14.7,12.0,1.098,10,9,0,0,9
114.4,6,isocontour,11.283791670955125,29374.71,61.82,6.5,18.3,1.068,-1.8,1.6,2.4,14.7,12.0,1.098,10,8,0,0,8
114.4,7,isocontour,11.283791670955125,27105.21,57.04,-16.4,12.9,0.982,-0.3,2.9,2.9,14.7,12.0,1.098,10,4,0,0,4
114.4,8,isocontour,11.283791670955125,29915.22,62.95,7.3,17.6,1.087,-2.3,0.9,2.5,14.7,12.0,1.098,10,9,0,0,9
114.4,9,isocontour,11.283791670955125,27270.65,57.39,20.0,4.9,1.002,-0.7,1.0,1.2,14.7,12.0,1.098,10,3,0,0,3
114.4,10,isocontour,11.283791670955125,27807.53,58.52,15.0,11.8,1.091,1.4,-0.6,1.5,14.7,12.0,1.098,10,7,0,0,7
114.4,11,isocontour,11.283791670955125,29774.84,62.66,-17.5,-8.8,1.055,-0.6,2.4,2.5,-6.1,-18.0,1.098,21,3,0,0,3
114.4,12,isocontour,11.283791670955125,26995.86,56.81,-13.7,-15.6,0.99,-0.2,1.1,1.1,-6.1,-18.0,1.098,21,3,0,0,3
114.4,13,isocontour,11.283791670955125,25740.05,54.17,20.1,-5.3,0.989,0.2,1.2,1.2,14.7,12.0,1.098,10,1,0,0,1
114.4,14,isocontour,11.283791670955125,28008.57,58.94,7.3,-18.6,1.035,-2.8,-1.3,3.1,-6.1,-18.0,1.098,21,2,0,0,2
114.4,15,isocontour,11.283791670955125,24309.96,51.16,-3.1,20.4,0.996,0.7,-1.5,1.7,14.7,12.0,1.098,10,7,0,0,7
114.4,16,isocontour,11.283791670955125,42902.41,90.28,-19.8,6.1,0.994,0.0,-1.7,1.7,-6.1,-18.0,1.098,21,4,0,0,4
114.4,17,isocontour,11.283791670955125,25336.12,53.32,5.8,18.6,1.066,-0.5,0.5,0.7,14.7,12.0,1.098,10,8,0,0,8
114.4,18,isocontour,11.283791670955125,30301.71,63.77,-10.4,17.9,0.995,0.8,0.6,1.0,14.7,12.0,1.098,10,3,0,0,3
114.4,19,isocontour,11.283791670955125,25855.56,54.41,-20.7,-1.4,0.99,0.4,2.6,2.6,-6.1,-18.0,1.098,21,4,0,0,4
114.4,20,isocontour,11.283791670955125,27684.37,58.26,13.6,-15.6,0.994,-2.4,-0.0,2.4,-6.1,-18.0,1.098,21,1,0,0,1
114.4,21,isocontour,11.283791670955125,27927.57,58.77,-5.9,-18.2,1.086,1.6,-1.3,2.1,-6.1,-18.0,1.098,21,2,0,0,2
114.4,22,isocontour,11.283791670955125,29939.29,63.0,-18.6,-9.1,0.994,1.3,2.4,2.7,-6.1,-18.0,1.098,21,3,0,0,3
114.4,23,isocontour,11.283791670955125,29998.5,63.13,-20.4,4.0,0.991,-0.5,-0.9,1.0,-6.1,-18.0,1.098,21,4,0,0,4
114.4,24,isocontour,11.283791670955125,28278.9,59.51,2.0,-20.5,0.998,-3.0,-0.4,3.0,-6.1,-18.0,1.098,21,2,0,0,2
114.4,25,isocontour,11.283791670955125,28348.0,59.65,-16.2,11.1,1.053,1.3,1.7,2.1,14.7,12.0,1.098,10,4,0,0,4
114.4,Target,,,,,0.0,0.0,4.023,0.0,0.0,,,,,,,,,
114.5,1,isocontour,11.283791670955125,25077.23,52.77,10.3,18.1,0.986,-2.6,0.2,2.6,14.7,12.0,1.098,10,8,0,0,8
114.5,2,isocontour,11.283791670955125,23618.29,49.7,1.3,20.7,0.989,-0.4,-1.3,1.4,14.7,12.0,1.098,10,7,0,0,7
114.5,3,isocontour,11.283791670955125,24179.94,50.88,4.1,20.5,0.983,1.9,1.3,2.3,14.7,12.0,1.098,10,7,0,0,7
114.5,4,isocontour,11.283791670955125,29637.55,62.37,16.9,12.4,0.976,1.2,-2.1,2.4,14.7,12.0,1.098,10,5,0,0,5
114.5,5,isocontour,11.283791670955125,27845.83,58.6,7.2,18.3,1.05,-0.7,-0.0,0.7,14.7,12.0,1.098,10,9,0,0,9
114.5,6,isocontour,11.283791670955125,29373.94,61.81,6.4,18.4,1.066,-0.6,0.5,0.8,14.7,12.0,1.098,10,8,0,0,8
114.5,7,isocontour,11.283791670955125,27083.98,56.99,-16.6,12.8,0.979,-1.8,-1.8,2.5,14.7,12.0,1.098,10,4,0,0,4
114.5,8,isocontour,11.283791670955125,29898.79,62.92,7.1,17.7,1.092,-2.3,-0.0,2.3,14.7,12.0,1.098,10,9,0,0,9
114.5,9,isocontour,11.283791670955125,27250.88,57.35,20.1,4.7,0.999,1.2,-2.2,2.5,14.7,12.0,1.098,10,3,0,0,3
114.5,10,isocontour,11.283791670955125,27806.5,58.52,15.0,11.7,1.092,0.3,-0.9,0.9,14.7,12.0,1.098,10,6,0,0,6
114.5,11,isocontour,11.283791670955125,29757.12,62.62,-17.7,-8.8,1.044,-2.4,-0.4,2.4,-6.1,-18.0,1.098,21,3,0,0,3
114.5,12,isocontour,11.283791670955125,26995.32,56.81,-13.8,-15.5,0.992,-0.2,0.7,0.7,-6.1,-18.0,1.098,21,3,0,0,3
114.5,13,isocontour,11.283791670955125,25736.56,54.16,20.1,-5.2,0.992,-0.5,1.3,1.4,14.7,12.0,1.098,10,1,0,0,1
114.5,14,isocontour,11.283791670955125,27976.78,58.87,7.0,-18.7,1.033,-2.6,-1.4,3.0,-6.1,-18.0,1.098,21,2,0,0,2
114.5,15,isocontour,11.283791670955125,24292.68,51.12,-2.9,20.6,0.989,1.5,1.9,2.4,14.7,12.0,1.098,10,7,0,0,7
114.5,16,isocontour,11.283791670955125,42857.43,90.19,-19.9,6.3,0.982,-2.0,2.6,3.3,-6.1,-18.0,1.098,21,4,0,0,4
114.5,17,isocontour,11.283791670955125,25315.38,53.27,5.6,18.6,1.068,-2.5,0.3,2.5,14.7,12.0,1.098,10,7,0,0,7
114.5,18,isocontour,11.283791670955125,30196.47,63.54,-10.8,17.9,0.985,-4.3,-0.3,4.3,14.7,12.0,1.098,10,3,0,0,3
114.5,19,isocontour,11.283791670955125,25825.04,54.35,-20.8,-1.6,0.986,-0.8,-2.8,2.9,-6.1,-18.0,1.098,21,4,0,0,4
114.5,20,isocontour,11.283791670955125,27683.13,58.26,13.6,-15.6,0.992,-0.0,-1.0,1.0,-6.1,-18.0,1.098,21,1,0,0,1
114.5,21,isocontour,11.283791670955125,27911.76,58.74,-5.7,-18.2,1.09,2.3,0.2,2.3,-6.1,-18.0,1.098,21,2,0,0,2
114.5,22,isocontour,11.283791670955125,29938.16,63.0,-18.6,-9.2,0.993,-0.1,-0.9,0.9,-6.1,-18.0,1.098,21,3,0,0,3
114.5,23,isocontour,11.283791670955125,29910.29,62.94,-20.4,3.6,0.99,-0.9,-4.0,4.1,-6.1,-18.0,1.098,21,4,0,0,4
114.5,24,isocontour,11.283791670955125,28267.16,59.48,2.0,-20.7,0.988,0.7,-2.0,2.1,-6.1,-18.0,1.098,21,2,0,0,2
114.5,25,isocontour,11.283791670955125,28346.39,59.65,-16.1,11.1,1.059,0.8,-0.7,1.1,14.7,12.0,1.098,10,4,0,0,4
114.5,Target,,,,,0.0,0.0,4.023,0.0,0.0,,,,,,,,,
114.6,1,isocontour,11.283791670955125,25061.82,52.74,10.0,18.1,0.995,-2.2,-0.7,2.3,14.7,12.0,1.098,10,8,0,0,8
114.6,2,isocontour,11.283791670955125,23601.43,49.67,1.2,20.6,0.999,-1.4,-1.9,2.4,14.7,12.0,1.098,10,7,0,0,7
114.6,3,isocontour,11.283791670955125,24145.47,50.81,3.8,20.6,0.981,-2.9,0.6,3.0,14.7,12.0,1.098,10,7,0,0,7
114.6,4,isocontour,11.283791670955125,29613.2,62.32,17.0,12.2,0.983,0.1,-2.7,2.7,14.7,12.0,1.098,10,4,0,0,4
114.6,5,isocontour,11.283791670955125,27822.29,58.55,7.0,18.4,1.053,-2.6,0.6,2.7,14.7,12.0,1.098,10,8,0,0,8
114.6,6,isocontour,11.283791670955125,29352.71,61.77,6.2,18.5,1.066,-2.4,0.8,2.5,14.7,12.0,1.098,10,8,0,0,8
114.6,7,isocontour,11.283791670955125,27082.58,56.99,-16.6,12.7,0.982,-0.1,-1.0,1.0,14.7,12.0,1.098,10,4,0,0,4
114.6,8,isocontour,11.283791670955125,29885.66,62.89,6.9,17.7,1.097,-2.2,-0.0,2.2,14.7,12.0,1.098,10,9,0,0,9
114.6,9,isocontour,11.283791670955125,27248.01,57.34,20.2,4.7,0.993,1.3,-0.2,1.3,14.7,12.0,1.098,10,3,0,0,3
114.6,10,isocontour,11.283791670955125,27804.29,58.51,15.1,11.6,1.09,1.1,-0.5,1.2,14.7,12.0,1.098,10,6,0,0,6
114.6,11,isocontour,11.283791670955125,29720.91,62.54,-17.6,-9.1,1.043,1.5,-2.7,3.1,-6.1,-18.0,1.098,21,3,0,0,3
114.6,12,isocontour,11.283791670955125,26992.18,56.8,-13.7,-15.5,0.994,1.2,-0.7,1.4,-6.1,-18.0,1.098,21,3,0,0,3
114.6,13,isocontour,11.283791670955125,25735.03,54.16,20.0,-5.3,0.995,-0.6,-0.8,1.0,14.7,12.0,1.098,10,1,0,0,1
114.6,14,isocontour,11.283791670955125,27976.09,58.87,7.0,-18.7,1.035,0.5,0.6,0.8,-6.1,-18.0,1.098,21,2,0,0,2
114.6,15,isocontour,11.283791670955125,24290.58,51.12,-2.8,20.6,0.99,1.1,-0.3,1.1,14.7,12.0,1.098,10,7,0,0,7
114.6,16,isocontour,11.283791670955125,42853.3,90.18,-20.1,6.3,0.974,-1.4,-0.4,1.5,-6.1,-18.0,1.098,21,4,0,0,4
114.6,17,isocontour,11.283791670955125,25298.52,53.24,5.4,18.6,1.07,-2.3,0.4,2.3,14.7,12.0,1.098,10,7,0,0,7
114.6,18,isocontour,11.283791670955125,30195.66,63.54,-10.9,17.9,0.981,-0.8,0.1,0.8,14.7,12.0,1.098,10,3,0,0,3
114.6,19,isocontour,11.283791670955125,25820.75,54.34,-20.9,-1.7,0.981,-0.9,-1.2,1.5,-6.1,-18.0,1.098,21,4,0,0,4
114.6,20,isocontour,11.283791670955125,27681.85,58.25,13.7,-15.7,0.988,1.0,-0.1,1.0,-6.1,-18.0,1.098,21,1,0,0,1
114.6,21,isocontour,11.283791670955125,27909.02,58.73,-5.7,-18.1,1.094,-1.0,0.9,1.3,-6.1,-18.0,1.098,21,2,0,0,2
114.6,22,isocontour,11.283791670955125,29922.74,62.97,-18.7,-9.2,0.983,-2.3,-0.2,2.3,-6.1,-18.0,1.098,21,3,0,0,3
114.6,23,isocontour,11.283791670955125,29909.36,62.94,-20.5,3.6,0.989,-0.1,0.9,0.9,-6.1,-18.0,1.098,21,4,0,0,4
114.6,24,isocontour,11.283791670955125,28267.12,59.48,2.0,-20.8,0.985,-0.0,-0.3,0.3,-6.1,-18.0,1.098,21,2,0,0,2
114.6,25,isocontour,11.283791670955125,28345.03,59.65,-16.1,11.0,1.063,0.0,-1.0,1.0,14.7,12.0,1.098,10,4,0,0,4
114.6,Target,,,,,0.0,0.0,4.023,0.0,0.0,,,,,,,,,
114.7,1,isocontour,11.283791670955125,25039.33,52.69,10.2,18.1,0.99,2.6,-0.1,2.6,14.7,12.0,1.098,10,8,0,0,8
114.7,2,isocontour,11.283791670955125,23600.93,49.67,1.1,20.6,0.999,-0.6,0.3,0.7,14.7,12.0,1.098,10,7,0,0,7
114.7,3,isocontour,11.283791670955125,24120.85,50.76,3.6,20.5,0.989,-2.4,-1.3,2.7,14.7,12.0,1.098,10,7,0,0,7
114.7,4,isocontour,11.283791670955125,29603.93,62.3,16.8,12.1,0.993,-1.8,-0.7,1.9,14.7,12.0,1.098,10,3,0,0,3
114.7,5,isocontour,11.283791670955125,27798.75,58.5,6.7,18.4,1.054,-2.5,0.7,2.6,14.7,12.0,1.098,10,8,0,0,8
114.7,6,isocontour,11.283791670955125,29340.29,61.74,5.9,18.5,1.07,-2.1,-0.1,2.1,14.7,12.0,1.098,10,8,0,0,8
114.7,7,isocontour,11.283791670955125,27080.38,56.99,-16.7,12.6,0.982,-0.7,-0.9,1.1,14.7,12.0,1.098,10,4,0,0,4
114.7,8,isocontour,11.283791670955125,29866.58,62.85,6.6,17.7,1.099,-2.4,0.7,2.5,14.7,12.0,1.098,10,8,0,0,8
114.7,9,isocontour,11.283791670955125,27244.36,57.33,20.3,4.7,0.986,1.4,-0.1,1.4,14.7,12.0,1.098,10,3,0,0,3
114.7,10,isocontour,11.283791670955125,27799.73,58.5,15.0,11.7,1.092,-1.3,0.7,1.5,14.7,12.0,1.098,10,6,0,0,6
114.7,11,isocontour,11.283791670955125,29682.91,62.46,-17.5,-9.3,1.044,1.6,-2.6,3.1,-6.1,-18.0,1.098,21,3,0,0,3
114.7,12,isocontour,11.283791670955125,26976.77,56.77,-13.7,-15.7,0.985,-0.4,-2.3,2.3,-6.1,-18.0,1.098,21,3,0,0,3
114.7,13,isocontour,11.283791670955125,25716.19,54.12,19.9,-5.5,0.997,-0.9,-2.3,2.5,14.7,12.0,1.098,10,1,0,0,1
114.7,14,isocontour,11.283791670955125,27963.67,58.85,7.2,-18.7,1.032,2.1,0.2,2.1,-6.1,-18.0,1.098,21,2,0,0,2
114.7,15,isocontour,11.283791670955125,24252.94,51.04,-2.5,20.6,0.992,3.1,-0.1,3.1,14.7,12.0,1.098,10,7,0,0,7
114.7,16,isocontour,11.283791670955125,42846.26,90.16,-20.0,6.3,0.981,1.6,-0.7,1.7,-6.1,-18.0,1.098,21,4,0,0,4
114.7,17,isocontour,11.283791670955125,25292.71,53.23,5.3,18.8,1.064,-0.8,1.4,1.6,14.7,12.0,1.098,10,7,0,0,7
114.7,18,isocontour,11.283791670955125,30178.8,63.51,-10.8,17.7,0.991,1.8,-1.6,2.4,14.7,12.0,1.098,10,3,0,0,3
114.7,19,isocontour,11.283791670955125,25797.73,54.29,-20.7,-1.9,0.987,1.7,-2.0,2.6,-6.1,-18.0,1.098,21,4,0,0,4
114.7,20,isocontour,11.283791670955125,27680.1,58.25,13.6,-15.6,0.993,-0.9,0.6,1.1,-6.1,-18.0,1.098,21,1,0,0,1
114.7,21,isocontour,11.283791670955125,27907.41,58.73,-5.8,-18.1,1.095,-1.0,0.4,1.1,-6.1,-18.0,1.098,21,2,0,0,2
114.7,22,isocontour,11.283791670955125,29894.99,62.91,-18.8,-9.5,0.975,0.0,-2.8,2.8,-6.1,-18.0,1.098,21,3,0,0,3
114.7,23,isocontour,11.283791670955125,29884.46,62.89,-20.4,3.9,0.991,0.9,2.5,2.7,-6.1,-18.0,1.098,21,4,0,0,4
114.7,24,isocontour,11.283791670955125,28249.18,59.45,2.1,-20.6,0.992,1.8,1.6,2.4,-6.1,-18.0,1.098,21,2,0,0,2
114.7,25,isocontour,11.283791670955125,28340.99,59.64,-16.2,10.9,1.059,-1.3,-0.6,1.4,14.7,12.0,1.098,10,4,0,0,4
114.7,Target,,,,,0.0,0.0,4.023,0.0,0.0,,,,,,,,,
114.8,1,isocontour,11.283791670955125,24984.73,52.58,10.5,18.1,0.978,3.4,0.8,3.5,6.6,17.7,1.099,8,8,0,0,8
114.8,2,isocontour,11.283791670955125,23596.29,49.66,1.2,20.6,0.995,1.4,0.7,1.6,6.6,17.7,1.099,8,7,0,0,7
114.8,3,isocontour,11.283791670955125,24120.24,50.76,3.5,20.4,0.991,-0.8,-0.1,0.8,6.6,17.7,1.099,8,7,0,0,7
114.8,4,isocontour,11.283791670955125,29601.67,62.29,16.7,12.0,1.001,-1.1,-0.5,1.2,14.7,12.0,1.098,10,3,0,0,3
114.8,5,isocontour,11.283791670955125,27782.52,58.46,6.5,18.4,1.06,-2.3,-0.4,2.3,6.6,17.7,1.099,8,8,0,0,8
114.8,6,isocontour,11.283791670955125,29325.28,61.71,5.7,18.5,1.074,-2.3,-0.0,2.3,6.6,17.7,1.099,8,7,0,0,7
114.8,7,isocontour,11.283791670955125,27071.25,56.97,-16.5,12.5,0.991,1.7,-0.9,1.9,14.7,12.0,1.098,10,4,0,0,4
114.8,8,isocontour,11.283791670955125,29865.62,62.85,6.5,17.8,1.097,-0.7,0.6,0.9,6.5,17.8,1.099,8,8,0,0,8
114.8,9,isocontour,11.283791670955125,27149.59,57.13,20.3,4.3,0.989,-0.1,-4.2,4.2,14.7,12.0,1.098,10,3,0,0,3
114.8,10,isocontour,11.283791670955125,27768.9,58.44,14.9,11.9,1.087,-0.8,2.8,2.9,6.6,17.7,1.099,8,5,0,0,5
114.8,11,isocontour,11.283791670955125,29675.74,62.45,-17.4,-9.2,1.05,0.5,1.7,1.8,-6.1,-18.0,1.098,21,3,0,0,3
114.8,12,isocontour,11.283791670955125,26973.05,56.76,-13.6,-15.8,0.986,1.4,-0.3,1.4,-6.1,-18.0,1.098,21,3,0,0,3
114.8,13,isocontour,11.283791670955125,25714.75,54.11,19.9,-5.4,0.998,-0.1,1.0,1.0,14.7,12.0,1.098,10,1,0,0,1
114.8,14,isocontour,11.283791670955125,27949.99,58.82,7.3,-18.5,1.039,1.0,2.0,2.2,-6.1,-18.0,1.098,21,2,0,0,2
114.8,15,isocontour,11.283791670955125,24223.36,50.98,-2.3,20.7,0.986,2.2,1.8,2.8,6.6,17.7,1.099,8,7,0,0,7
114.8,16,isocontour,11.283791670955125,42844.42,90.16,-19.9,6.2,0.986,0.6,-1.0,1.2,-6.1,-18.0,1.098,21,4,0,0,4
114.8,17,isocontour,11.283791670955125,25271.23,53.18,5.1,18.9,1.061,-2.3,1.0,2.5,6.6,17.7,1.099,8,7,0,0,7
114.8,18,isocontour,11.283791670955125,30171.27,63.49,-10.8,17.6,0.997,-1.1,-1.5,1.9,14.7,12.0,1.098,10,3,0,0,3
114.8,19,isocontour,11.283791670955125,25774.19,54.24,-20.7,-1.7,0.992,0.7,2.5,2.6,-6.1,-18.0,1.098,21,4,0,0,4
114.8,20,isocontour,11.283791670955125,27679.28,58.25,13.6,-15.7,0.99,0.3,-0.8,0.9,-6.1,-18.0,1.098,21,1,0,0,1
114.8,21,isocontour,11.283791670955125,27897.86,58.71,-5.7,-18.0,1.1,1.9,0.4,1.9,-6.1,-18.0,1.098,21,2,0,0,2
114.8,22,isocontour,11.283791670955125,29867.23,62.85,-18.6,-9.3,0.987,2.0,2.0,2.8,-6.1,-18.0,1.098,21,3,0,0,3
114.8,23,isocontour,11.283791670955125,29883.14,62.89,-20.4,3.8,0.992,-0.1,-1.0,1.0,-6.1,-18.0,1.098,21,4,0,0,4
114.8,24,isocontour,11.283791670955125,28246.97,59.44,2.1,-20.6,0.993,-1.2,-0.2,1.2,-6.1,-18.0,1.098,21,2,0,0,2
114.8,25,isocontour,11.283791670955125,28338.99,59.64,-16.3,10.9,1.057,-0.9,-0.7,1.1,14.7,12.0,1.098,10,4,0,0,4
114.8,Target,,,,,0.0,0.0,4.023,0.0,0.0,,,,,,,,,
114.9,1,isocontour,11.283791670955125,24969.32,52.54,10.7,18.0,0.979,1.6,-1.6,2.3,6.6,17.7,1.099,8,8,0,0,8
114.9,2,isocontour,11.283791670955125,23575.06,49.61,1.1,20.7,0.991,-2.4,0.9,2.6,6.6,17.7,1.099,8,7,0,0,7
114.9,3,isocontour,11.283791670955125,24083.68,50.68,3.7,20.4,0.991,3.0,-0.5,3.0,6.6,17.7,1.099,8,7,0,0,7
114.9,4,isocontour,11.283791670955125,29593.24,62.28,16.8,12.1,0.993,1.5,1.2,1.9,6.6,17.7,1.099,8,3,0,0,3
114.9,5,isocontour,11.283791670955125,27773.95,58.45,6.4,18.5,1.057,-1.3,1.3,1.8,6.6,17.7,1.099,8,8,0,0,8
114.9,6,isocontour,11.283791670955125,29304.54,61.67,5.5,18.5,1.074,-2.4,0.8,2.5,6.6,17.7,1.099,8,8,0,0,8
114.9,7,isocontour,11.283791670955125,27066.33,56.96,-16.5,12.6,0.989,0.3,1.5,1.5,14.7,12.0,1.098,10,4,0,0,4
114.9,8,isocontour,11.283791670955125,29859.15,62.83,6.4,17.8,1.101,-1.7,-0.2,1.7,6.6,17.7,1.099,8,8,0,0,8
114.9,9,isocontour,11.283791670955125,27140.18,57.11,20.2,4.3,0.998,-1.9,0.4,1.9,6.6,17.7,1.099,8,3,0,0,3
114.9,10,isocontour,11.283791670955125,27765.25,58.43,15.0,11.9,1.085,1.1,-0.9,1.4,6.6,17.7,1.099,8,5,0,0,5
114.9,11,isocontour,11.283791670955125,29675.2,62.45,-17.4,-9.2,1.051,-0.5,0.6,0.8,-6.1,-18.0,1.098,21,3,0,0,3
114.9,12,isocontour,11.283791670955125,26967.34,56.75,-13.7,-15.7,0.986,-1.4,0.9,1.7,-5.7,-18.0,1.1,21,3,0,0,3
114.9,13,isocontour,11.283791670955125,25713.96,54.11,19.9,-5.5,0.996,0.3,-0.8,0.9,14.7,12.0,1.098,10,1,0,0,1
114.9,14,isocontour,11.283791670955125,27913.07,58.74,7.1,-18.5,1.042,-3.0,-0.7,3.1,-6.1,-18.0,1.098,21,2,0,0,2
114.9,15,isocontour,11.283791670955125,24188.89,50.9,-2.5,20.7,0.984,-3.0,-0.3,3.0,6.6,17.7,1.099,8,7,0,0,7
114.9,16,isocontour,11.283791670955125,42841.35,90.15,-19.8,6.1,0.993,1.1,-0.8,1.4,-6.1,-18.0,1.098,21,4,0,0,4
114.9,17,isocontour,11.283791670955125,25269.08,53.18,5.0,19.0,1.057,-0.6,1.0,1.2,6.6,17.7,1.099,8,7,0,0,7
114.9,18,isocontour,11.283791670955125,30107.34,63.36,-10.7,17.8,0.99,2.2,3.0,3.7,6.6,17.7,1.099,8,3,0,0,3
114.9,19,isocontour,11.283791670955125,25772.09,54.23,-20.6,-1.8,0.993,0.1,-1.2,1.2,-6.1,-18.0,1.098,21,4,0,0,4
114.9,20,isocontour,11.283791670955125,27678.74,58.25,13.7,-15.6,0.99,0.3,0.7,0.8,-6.1,-18.0,1.098,21,1,0,0,1
114.9,21,isocontour,11.283791670955125,27896.69,58.71,-5.6,-18.0,1.1,0.9,-0.4,1.0,-5.6,-18.0,1.1,21,2,0,0,2
114.9,22,isocontour,11.283791670955125,29865.91,62.85,-18.6,-9.2,0.988,-0.5,0.8,0.9,-6.1,-18.0,1.098,21,3,0,0,3
114.9,23,isocontour,11.283791670955125,29760.44,62.63,-20.6,3.5,0.983,-2.6,-3.7,4.5,-6.1,-18.0,1.098,21,4,0,0,4
114.9,24,isocontour,11.283791670955125,28234.38,59.42,2.0,-20.8,0.985,-1.2,-1.8,2.2,-5.7,-18.0,1.1,21,2,0,0,2
114.9,25,isocontour,11.283791670955125,28302.79,59.56,-16.1,11.0,1.06,2.2,2.1,3.0,14.7,12.0,1.098,10,4,0,0,4
114.9,Target,,,,,0.0,0.0,4.023,0.0,0.0,,,,,,,,,
115.0,1,isocontour,11.283791670955125,24936.21,52.48,10.5,18.0,0.987,-3.0,-0.1,3.0,6.4,17.8,1.101,8,8,0,0,8
115.0,2,isocontour,11.283791670955125,23469.1,49.39,0.7,20.8,0.986,-4.2,1.1,4.3,6.4,17.8,1.101,8,7,0,0,7
115.0,3,isocontour,11.283791670955125,24080.74,50.67,3.9,20.4,0.989,1.3,0.3,1.3,6.4,17.8,1.101,8,7,0,0,7
115.0,4,isocontour,11.283791670955125,29553.37,62.19,16.9,12.4,0.978,1.4,2.8,3.1,6.6,17.7,1.099,8,3,0,0,3
115.0,5,isocontour,11.283791670955125,27751.72,58.4,6.1,18.6,1.06,-2.6,0.2,2.6,6.4,17.8,1.101,8,8,0,0,8
115.0,6,isocontour,11.283791670955125,29303.75,61.67,5.4,18.6,1.071,-0.4,0.7,0.8,6.4,17.8,1.101,8,7,0,0,7
115.0,7,isocontour,11.283791670955125,27065.05,56.96,-16.5,12.6,0.991,-0.1,-1.0,1.0,6.6,17.7,1.099,8,4,0,0,4
115.0,8,isocontour,11.283791670955125,29838.9,62.79,6.1,17.8,1.102,-2.4,0.7,2.5,6.1,17.8,1.101,8,8,0,0,8
115.0,9,isocontour,11.283791670955125,27122.24,57.08,20.2,4.4,0.992,1.3,2.0,2.4,6.6,17.7,1.099,8,3,0,0,3
115.0,10,isocontour,11.283791670955125,27744.27,58.38,15.1,11.7,1.084,1.6,-1.9,2.5,6.4,17.8,1.101,8,5,0,0,5
115.0,11,isocontour,11.283791670955125,29653.47,62.4,-17.5,-8.9,1.053,-0.8,2.4,2.5,-5.7,-18.0,1.1,21,3,0,0,3
115.0,12,isocontour,11.283791670955125,26965.81,56.75,-13.7,-15.6,0.989,0.1,1.0,1.0,-5.7,-18.0,1.1,21,3,0,0,3
115.0,13,isocontour,11.283791670955125,25693.46,54.07,19.9,-5.7,0.996,-0.6,-2.4,2.5,6.6,17.7,1.099,8,1,0,0,1
115.0,14,isocontour,11.283791670955125,27912.44,58.74,7.1,-18.5,1.044,0.5,0.6,0.8,-5.7,-18.0,1.1,21,2,0,0,2
115.0,15,isocontour,11.283791670955125,24151.25,50.82,-2.3,20.6,0.992,2.8,-1.3,3.1,6.4,17.8,1.101,8,7,0,0,7
115.0,16,isocontour,11.283791670955125,42814.47,90.1,-19.7,6.3,0.993,0.6,2.7,2.8,-6.1,-18.0,1.098,21,4,0,0,4
115.0,17,isocontour,11.283791670955125,25257.5,53.15,4.8,19.0,1.058,-2.1,0.0,2.1,6.4,17.8,1.101,8,7,0,0,7
115.0,18,isocontour,11.283791670955125,30081.89,63.3,-10.4,18.0,0.991,2.5,1.1,2.7,6.6,17.7,1.099,8,3,0,0,3
115.0,19,isocontour,11.283791670955125,25699.52,54.08,-20.8,-2.1,0.982,-1.9,-3.3,3.8,-6.1,-18.0,1.098,21,4,0,0,4
115.0,20,isocontour,11.283791670955125,27678.35,58.25,13.7,-15.6,0.989,0.6,0.2,0.6,-6.1,-18.0,1.098,21,1,0,0,1
115.0,21,isocontour,11.283791670955125,27879.18,58.67,-5.8,-18.2,1.09,-2.0,-1.3,2.4,-5.8,-18.2,1.1,21,2,0,0,2
115.0,22,isocontour,11.283791670955125,29850.09,62.82,-18.6,-9.0,0.996,0.6,2.2,2.3,-5.7,-18.0,1.1,21,3,0,0,3
115.0,23,isocontour,11.283791670955125,29669.64,62.44,-20.6,3.8,0.983,1.0,4.0,4.1,-6.1,-18.0,1.098,21,4,0,0,4
115.0,24,isocontour,11.283791670955125,28228.03,59.4,2.1,-20.8,0.982,1.7,-0.3,1.7,-5.7,-18.0,1.1,21,2,0,0,2
115.0,25,isocontour,11.283791670955125,28295.26,59.54,-16.1,10.9,1.065,-0.2,-1.8,1.8,6.6,17.7,1.099,8,4,0,0,4
115.0,Target,,,,,0.0,0.0,4.023,0.0,0.0,,,,,,,,,
115.1,1,isocontour,11.283791670955125,24908.74,52.42,10.3,18.1,0.989,-2.5,1.3,2.8,6.1,17.8,1.102,8,8,0,0,8
115.1,2,isocontour,11.283791670955125,23468.76,49.39,0.5,20.8,0.985,-0.6,0.0,0.6,6.1,17.8,1.102,8,7,0,0,7
115.1,3,isocontour,11.283791670955125,24015.25,50.54,3.6,20.5,0.985,-3.4,1.4,3.7,6.1,17.8,1.102,8,7,0,0,7
115.1,4,isocontour,11.283791670955125,29531.89,62.15,17.1,12.3,0.973,2.0,-1.7,2.6,6.4,17.8,1.101,8,3,0,0,3
115.1,5,isocontour,11.283791670955125,27745.9,58.39,6.0,18.7,1.057,-1.2,1.2,1.7,6.1,17.8,1.102,8,7,0,0,7
115.1,6,isocontour,11.283791670955125,29302.88,61.66,5.4,18.7,1.068,-0.6,0.7,0.9,6.1,17.8,1.102,8,7,0,0,7
115.1,7,isocontour,11.283791670955125,27054.13,56.93,-16.6,12.7,0.982,-1.5,1.4,2.1,6.6,17.7,1.099,8,4,0,0,4
115.1,8,isocontour,11.283791670955125,29820.28,62.75,5.9,17.9,1.103,-2.4,0.5,2.5,5.9,17.9,1.102,8,8,0,0,8
115.1,9,isocontour,11.283791670955125,27120.08,57.07,20.3,4.6,0.989,0.1,1.2,1.2,6.4,17.8,1.101,8,3,0,0,3
115.1,10,isocontour,11.283791670955125,27739.25,58.37,15.3,11.7,1.079,1.5,-0.5,1.6,6.1,17.8,1.102,8,4,0,0,4
115.1,11,isocontour,11.283791670955125,29622.96,62.34,-17.6,-9.1,1.043,-0.8,-2.8,2.9,-5.7,-18.0,1.1,21,3,0,0,3
115.1,12,isocontour,11.283791670955125,26950.2,56.71,-13.7,-15.4,0.997,-0.3,2.3,2.3,-5.7,-18.0,1.1,21,3,0,0,3
115.1,13,isocontour,11.283791670955125,25666.59,54.01,19.8,-6.0,0.994,-0.4,-2.7,2.7,6.6,17.7,1.099,8,1,0,0,1
115.1,14,isocontour,11.283791670955125,27890.96,58.69,7.3,-18.4,1.046,2.3,1.2,2.6,-5.7,-18.0,1.1,21,2,0,0,2
115.1,15,isocontour,11.283791670955125,24117.47,50.75,-2.0,20.6,0.994,3.0,0.2,3.0,6.1,17.8,1.102,8,7,0,0,7
115.1,16,isocontour,11.283791670955125,42748.45,89.96,-19.8,6.0,0.993,-1.0,-3.6,3.7,6.6,17.7,1.099,8,4,0,0,4
115.1,17,isocontour,11.283791670955125,25257.0,53.15,4.7,19.0,1.057,-0.6,0.4,0.7,6.1,17.8,1.102,8,7,0,0,7
115.1,18,isocontour,11.283791670955125,30074.61,63.29,-10.3,18.1,0.985,0.3,1.7,1.7,6.4,17.8,1.101,8,3,0,0,3
115.1,19,isocontour,11.283791670955125,25698.76,54.08,-20.8,-2.2,0.984,0.8,-0.3,0.9,-5.7,-18.0,1.1,21,4,0,0,4
115.1,20,isocontour,11.283791670955125,27676.03,58.24,13.6,-15.6,0.993,-1.2,0.0,1.2,-5.7,-18.0,1.1,21,1,0,0,1
115.1,21,isocontour,11.283791670955125,27877.74,58.67,-5.9,-18.1,1.091,-0.8,0.7,1.1,-5.9,-18.1,1.1,21,2,0,0,2
115.1,22,isocontour,11.283791670955125,29849.22,62.81,-18.6,-8.9,0.999,0.2,0.8,0.8,-5.7,-18.0,1.1,21,3,0,0,3
115.1,23,isocontour,11.283791670955125,29632.72,62.36,-20.4,4.1,0.987,1.4,2.7,3.0,6.6,17.7,1.099,8,4,0,0,4
115.1,24,isocontour,11.283791670955125,28212.61,59.37,2.2,-20.7,0.99,1.3,1.9,2.3,-5.7,-18.0,1.1,21,2,0,0,2
115.1,25,isocontour,11.283791670955125,28290.96,59.53,-16.2,10.8,1.067,-0.6,-1.4,1.5,6.6,17.7,1.099,8,4,0,0,4
115.1,Target,,,,,0.0,0.0,4.023,0.0,0.0,,,,,,,,,
115.2,1,isocontour,11.283791670955125,24870.74,52.34,10.0,18.0,0.999,-3.0,-0.7,3.1,5.9,17.9,1.103,8,8,0,0,8
115.2,2,isocontour,11.283791670955125,23465.12,49.38,0.6,20.8,0.99,1.0,-1.0,1.4,5.9,17.9,1.103,8,8,0,0,8
115.2,3,isocontour,11.283791670955125,24006.55,50.52,3.6,20.4,0.993,0.1,-1.9,1.9,5.9,17.9,1.103,8,7,0,0,7
115.2,4,isocontour,11.283791670955125,29526.29,62.13,17.0,12.3,0.978,-1.6,0.1,1.6,6.1,17.8,1.102,8,3,0,0,3
115.2,5,isocontour,11.283791670955125,27744.58,58.39,5.9,18.7,1.055,-0.9,0.5,1.0,5.9,17.9,1.103,8,7,0,0,7
115.2,6,isocontour,11.283791670955125,29302.19,61.66,5.3,18.7,1.069,-0.8,-0.0,0.8,5.9,17.9,1.103,8,7,0,0,7
115.2,7,isocontour,11.283791670955125,27044.72,56.91,-16.8,12.6,0.98,-1.1,-1.6,1.9,6.4,17.8,1.101,8,4,0,0,4
115.2,8,isocontour,11.283791670955125,29819.35,62.75,5.8,17.9,1.102,-0.7,0.6,0.9,5.8,17.9,1.103,8,8,0,0,8
115.2,9,isocontour,11.283791670955125,27099.59,57.03,20.3,4.4,0.989,0.4,-2.5,2.5,6.1,17.8,1.102,8,3,0,0,3
115.2,10,isocontour,11.283791670955125,27726.12,58.35,15.5,11.6,1.07,2.2,-0.1,2.2,6.1,17.8,1.102,8,3,0,0,3
115.2,11,isocontour,11.283791670955125,29593.69,62.28,-17.6,-9.4,1.034,-0.3,-2.8,2.8,-5.7,-18.0,1.1,21,3,0,0,3
115.2,12,isocontour,11.283791670955125,26948.05,56.71,-13.6,-15.5,0.998,0.8,-0.9,1.2,-5.7,-18.0,1.1,21,3,0,0,3
115.2,13,isocontour,11.283791670955125,25665.77,54.01,19.8,-6.1,0.991,0.2,-0.8,0.8,6.4,17.8,1.101,8,1,0,0,1
115.2,14,isocontour,11.283791670955125,27889.96,58.69,7.4,-18.4,1.044,0.9,-0.1,0.9,-5.7,-18.0,1.1,21,2,0,0,2
115.2,15,isocontour,11.283791670955125,24096.24,50.71,-2.2,20.6,0.991,-2.5,0.3,2.5,5.9,17.9,1.103,8,7,0,0,7
115.2,16,isocontour,11.283791670955125,42727.47,89.91,-20.0,6.1,0.982,-2.1,1.4,2.5,-5.7,-18.0,1.1,21,4,0,0,4
115.2,17,isocontour,11.283791670955125,25256.32,53.15,4.7,19.1,1.055,-0.6,0.5,0.8,5.9,17.9,1.103,8,7,0,0,7
115.2,18,isocontour,11.283791670955125,29960.48,63.05,-10.0,18.3,0.988,4.3,1.3,4.5,6.1,17.8,1.102,8,4,0,0,4
115.2,19,isocontour,11.283791670955125,25664.98,54.01,-20.7,-2.4,0.987,0.8,-2.9,3.0,-5.7,-18.0,1.1,21,4,0,0,4
115.2,20,isocontour,11.283791670955125,27674.71,58.24,13.6,-15.5,0.998,-0.5,0.8,0.9,-5.7,-18.0,1.1,21,1,0,0,1
115.2,21,isocontour,11.283791670955125,27876.09,58.66,-5.9,-18.1,1.092,-0.9,0.6,1.1,-5.9,-18.1,1.1,21,2,0,0,2
115.2,22,isocontour,11.283791670955125,29820.86,62.75,-18.7,-8.7,0.995,-2.0,2.0,2.8,-5.7,-18.0,1.1,21,3,0,0,3
115.2,23,isocontour,11.283791670955125,29630.04,62.35,-20.3,4.2,0.991,1.0,0.7,1.2,-5.7,-18.0,1.1,21,4,0,0,4
115.2,24,isocontour,11.283791670955125,28201.53,59.35,2.2,-20.5,1.0,-0.7,1.9,2.0,-5.7,-18.0,1.1,21,2,0,0,2
115.2,25,isocontour,11.283791670955125,28269.98,59.49,-16.3,10.6,1.069,-1.1,-2.3,2.5,6.4,17.8,1.101,8,4,0,0,4
115.2,Target,,,,,0.0,0.0,4.023,0.0,0.0,,,,,,,,,
115.3,1,isocontour,11.283791670955125,24865.13,52.33,10.1,18.1,0.996,1.6,0.3,1.6,5.9,17.9,1.103,8,8,0,0,8
115.3,2,isocontour,11.283791670955125,23427.47,49.3,0.9,20.7,0.994,3.0,-0.7,3.1,5.9,17.9,1.103,8,8,0,0,8
115.3,3,isocontour,11.283791670955125,24001.34,50.51,3.6,20.5,0.987,0.6,1.5,1.6,5.9,17.9,1.103,8,7,0,0,7
115.3,4,isocontour,11.283791670955125,29511.47,62.1,16.8,12.3,0.987,-2.2,0.4,2.2,5.9,17.9,1.103,8,3,0,0,3
115.3,5,isocontour,11.283791670955125,27715.31,58.32,6.1,18.7,1.052,2.8,-0.3,2.8,5.9,17.9,1.103,8,7,0,0,7
115.3,6,isocontour,11.283791670955125,29276.18,61.61,5.5,18.6,1.07,2.5,-1.0,2.7,5.9,17.9,1.103,8,7,0,0,7
115.3,7,isocontour,11.283791670955125,27022.48,56.87,-16.7,12.3,0.991,1.0,-2.4,2.6,6.1,17.8,1.102,8,4,0,0,4
115.3,8,isocontour,11.283791670955125,29798.85,62.71,6.0,18.0,1.097,2.5,0.0,2.5,6.0,18.0,1.103,8,7,0,0,7
115.3,9,isocontour,11.283791670955125,27098.85,57.03,20.3,4.3,0.992,-0.4,-0.7,0.8,6.1,17.8,1.102,8,3,0,0,3
115.3,10,isocontour,11.283791670955125,27723.12,58.34,15.5,11.7,1.067,-0.6,1.2,1.3,5.9,17.9,1.103,8,3,0,0,3
115.3,11,isocontour,11.283791670955125,29558.88,62.2,-17.5,-9.7,1.032,1.3,-2.7,3.0,-5.7,-18.0,1.1,21,3,0,0,3
115.3,12,isocontour,11.283791670955125,26821.3,56.44,-13.5,-15.9,0.986,1.5,-4.4,4.6,-5.7,-18.0,1.1,21,3,0,0,3
115.3,13,isocontour,11.283791670955125,25664.2,54.01,19.7,-6.1,0.996,-1.0,0.3,1.0,6.1,17.8,1.102,8,1,0,0,1
115.3,14,isocontour,11.283791670955125,27852.32,58.61,7.1,-18.5,1.044,-2.9,-1.1,3.1,-5.7,-18.0,1.1,21,2,0,0,2
115.3,15,isocontour,11.283791670955125,23990.28,50.48,-2.6,20.7,0.987,-4.4,0.2,4.4,5.9,17.9,1.103,8,7,0,0,7
115.3,16,isocontour,11.283791670955125,42709.52,89.88,-20.1,5.9,0.98,-0.7,-2.3,2.4,6.4,17.8,1.101,8,4,0,0,4
115.3,17,isocontour,11.283791670955125,25253.38,53.14,4.7,19.0,1.056,1.1,-0.6,1.3,5.9,17.9,1.103,8,7,0,0,7
115.3,18,isocontour,11.283791670955125,29948.57,63.02,-9.7,18.2,0.996,2.0,-0.6,2.1,5.9,17.9,1.103,8,4,0,0,4
115.3,19,isocontour,11.283791670955125,25661.17,54.0,-20.6,-2.5,0.992,1.2,-0.8,1.4,-5.7,-18.0,1.1,21,4,0,0,4
115.3,20,isocontour,11.283791670955125,27672.56,58.23,13.7,-15.5,0.995,1.2,-0.2,1.2,-5.7,-18.0,1.1,21,1,0,0,1
115.3,21,isocontour,11.283791670955125,27874.38,58.66,-5.9,-18.1,1.09,0.8,-0.8,1.1,-5.9,-18.1,1.1,21,2,0,0,2
115.3,22,isocontour,11.283791670955125,29769.91,62.65,-19.0,-8.5,0.988,-2.5,2.3,3.4,-5.7,-18.0,1.1,21,3,0,0,3
115.3,23,isocontour,11.283791670955125,29628.2,62.35,-20.3,4.3,0.992,0.1,1.1,1.1,6.4,17.8,1.101,8,4,0,0,4
115.3,24,isocontour,11.283791670955125,28199.15,59.34,2.1,-20.4,1.004,-1.2,0.2,1.2,-5.7,-18.0,1.1,21,2,0,0,2
115.3,25,isocontour,11.283791670955125,28263.4,59.48,-16.3,10.4,1.074,0.0,-1.7,1.7,6.1,17.8,1.102,8,4,0,0,4
115.3,Target,,,,,0.0,0.0,4.023,0.0,0.0,,,,,,,,,
115.4,1,isocontour,11.283791670955125,24837.37,52.27,10.3,18.0,0.993,2.6,-1.1,2.8,5.9,17.9,1.103,8,8,0,0,8
115.4,2,isocontour,11.283791670955125,23422.26,49.29,0.9,20.8,0.987,-0.2,1.6,1.6,5.9,17.9,1.103,8,8,0,0,8
115.4,3,isocontour,11.283791670955125,23991.34,50.49,3.8,20.6,0.982,1.9,0.7,2.0,5.9,17.9,1.103,8,7,0,0,7
115.4,4,isocontour,11.283791670955125,29507.17,62.09,16.6,12.3,0.994,-1.5,-0.1,1.5,5.9,17.9,1.103,8,3,0,0,3
115.4,5,isocontour,11.283791670955125,27714.31,58.32,6.1,18.7,1.052,-0.9,0.2,0.9,5.9,17.9,1.103,8,7,0,0,7
115.4,6,isocontour,11.283791670955125,29274.56,61.6,5.5,18.7,1.065,0.0,1.1,1.1,5.9,17.9,1.103,8,7,0,0,7
115.4,7,isocontour,11.283791670955125,26999.47,56.82,-16.9,12.4,0.98,-2.3,1.3,2.6,5.9,17.9,1.103,8,4,0,0,4
115.4,8,isocontour,11.283791670955125,29780.46,62.67,5.9,18.1,1.093,-2.0,1.4,2.4,5.9,18.1,1.103,8,7,0,0,7
115.4,9,isocontour,11.283791670955125,27096.81,57.02,20.3,4.4,0.991,0.0,1.2,1.2,5.9,17.9,1.103,8,3,0,0,3
115.4,10,isocontour,11.283791670955125,27714.14,58.32,15.3,11.8,1.072,-1.8,0.6,1.9,5.9,17.9,1.103,8,3,0,0,3
115.4,11,isocontour,11.283791670955125,29558.33,62.2,-17.5,-9.7,1.031,-0.4,0.6,0.7,-5.7,-18.0,1.1,21,3,0,0,3
115.4,12,isocontour,11.283791670955125,26795.85,56.39,-13.7,-15.8,0.985,-2.0,1.9,2.8,-5.7,-18.0,1.1,21,3,0,0,3
115.4,13,isocontour,11.283791670955125,25644.66,53.97,19.9,-6.1,0.985,2.3,-1.0,2.5,6.1,17.8,1.102,8,2,0,0,2
115.4,14,isocontour,11.283791670955125,27834.15,58.57,7.2,-18.3,1.051,1.3,2.0,2.4,-5.7,-18.0,1.1,21,2,0,0,2
115.4,15,isocontour,11.283791670955125,23982.38,50.47,-2.8,20.5,0.992,-1.1,-1.4,1.8,5.9,17.9,1.103,8,7,0,0,7
115.4,16,isocontour,11.283791670955125,42702.12,89.86,-20.1,5.7,0.984,0.4,-1.7,1.7,6.1,17.8,1.102,8,4,0,0,4
115.4,17,isocontour,11.283791670955125,25243.69,53.12,4.7,19.2,1.047,-0.2,2.0,2.0,5.9,17.9,1.103,8,7,0,0,7
115.4,18,isocontour,11.283791670955125,29932.96,62.99,-9.9,18.3,0.989,-2.1,0.9,2.3,5.9,17.9,1.103,8,4,0,0,4
115.4,19,isocontour,11.283791670955125,25660.14,54.0,-20.5,-2.6,0.993,0.1,-0.9,0.9,6.4,17.8,1.101,8,4,0,0,4
115.4,20,isocontour,11.283791670955125,27669.21,58.23,13.7,-15.6,0.989,-0.1,-1.4,1.4,6.1,17.8,1.102,8,2,0,0,2
115.4,21,isocontour,11.283791670955125,27871.45,58.65,-5.8,-18.1,1.093,1.3,0.3,1.3,-5.8,-18.1,1.1,21,2,0,0,2
115.4,22,isocontour,11.283791670955125,29725.74,62.55,-19.1,-8.2,0.986,-1.5,2.9,3.3,-5.7,-18.0,1.1,21,3,0,0,3
115.4,23,isocontour,11.283791670955125,29534.76,62.15,-20.6,4.1,0.977,-3.6,-2.2,4.2,6.1,17.8,1.102,8,4,0,0,4
115.4,24,isocontour,11.283791670955125,28179.61,59.3,2.0,-20.6,0.994,-1.0,-2.3,2.5,-5.7,-18.0,1.1,21,2,0,0,2
115.4,25,isocontour,11.283791670955125,28230.29,59.41,-16.1,10.5,1.08,2.3,1.8,2.9,5.9,17.9,1.103,8,4,0,0,4
115.4,Target,,,,,0.0,0.0,4.023,0.0,0.0,,,,,,,,,
115.5,1,isocontour,11.283791670955125,24835.89,52.26,10.3,18.0,0.992,-0.7,0.8,1.1,5.9,17.9,1.103,8,8,0,0,8
115.5,2,isocontour,11.283791670955125,23408.02,49.26,0.7,20.7,0.991,-1.9,-1.1,2.2,5.9,17.9,1.103,8,8,0,0,8
115.5,3,isocontour,11.283791670955125,23977.1,50.46,3.7,20.4,0.991,-0.8,-2.1,2.2,5.9,17.9,1.103,8,7,0,0,7
115.5,4,isocontour,11.283791670955125,29506.51,62.09,16.7,12.3,0.991,0.6,0.6,0.8,5.9,17.9,1.103,8,3,0,0,3
115.5,5,isocontour,11.283791670955125,27697.88,58.29,5.9,18.7,1.058,-2.3,-0.4,2.3,5.9,17.9,1.103,8,7,0,0,7
115.5,6,isocontour,11.283791670955125,29273.93,61.6,5.5,18.7,1.063,-0.6,0.5,0.8,5.9,17.9,1.103,8,7,0,0,7
115.5,7,isocontour,11.283791670955125,26917.51,56.64,-16.6,12.6,0.985,3.5,2.0,4.0,5.9,17.9,1.103,8,4,0,0,4
115.5,8,isocontour,11.283791670955125,29773.06,62.65,5.8,18.2,1.085,-0.7,1.6,1.7,5.8,18.2,1.103,8,7,0,0,7
115.5,9,isocontour,11.283791670955125,27079.74,56.99,20.4,4.2,0.985,1.5,-1.8,2.3,5.9,17.9,1.103,8,3,0,0,3
115.5,10,isocontour,11.283791670955125,27712.04,58.32,15.3,11.9,1.068,0.6,1.0,1.2,5.9,17.9,1.103,8,3,0,0,3
115.5,11,isocontour,11.283791670955125,29557.13,62.2,-17.6,-9.6,1.031,-0.4,0.9,1.0,6.4,17.8,1.101,8,3,0,0,3
115.5,12,isocontour,11.283791670955125,26787.81,56.37,-13.8,-15.6,0.984,-1.5,1.0,1.8,-5.7,-18.0,1.1,21,3,0,0,3
115.5,13,isocontour,11.283791670955125,25642.4,53.96,20.0,-6.0,0.985,-0.0,1.2,1.2,5.9,17.9,1.103,8,1,0,0,1
115.5,14,isocontour,11.283791670955125,27831.66,58.57,7.2,-18.4,1.05,-0.9,-0.9,1.3,6.1,17.8,1.102,8,2,0,0,2
115.5,15,isocontour,11.283791670955125,23980.06,50.46,-2.7,20.5,0.994,1.2,0.0,1.2,5.9,17.9,1.103,8,7,0,0,7
115.5,16,isocontour,11.283791670955125,42691.51,89.84,-20.1,5.6,0.984,-0.7,-1.9,2.0,5.9,17.9,1.103,8,4,0,0,4
115.5,17,isocontour,11.283791670955125,25243.22,53.12,4.7,19.2,1.046,-0.7,0.1,0.7,5.9,17.9,1.103,8,7,0,0,7
115.5,18,isocontour,11.283791670955125,29930.59,62.99,-9.9,18.2,0.993,0.5,-1.1,1.2,5.9,17.9,1.103,8,4,0,0,4
115.5,19,isocontour,11.283791670955125,25643.5,53.96,-20.7,-2.6,0.983,-2.3,0.4,2.3,6.1,17.8,1.102,8,4,0,0,4
115.5,20,isocontour,11.283791670955125,27668.62,58.23,13.7,-15.7,0.985,0.7,-0.4,0.8,6.1,17.8,1.102,8,1,0,0,1
115.5,21,isocontour,11.283791670955125,27867.65,58.64,-5.7,-18.2,1.091,1.0,-1.0,1.4,-5.7,-18.2,1.1,21,2,0,0,2
115.5,22,isocontour,11.283791670955125,29716.04,62.53,-19.3,-8.1,0.984,-1.0,1.7,2.0,6.4,17.8,1.101,8,3,0,0,3
115.5,23,isocontour,11.283791670955125,29500.63,62.08,-20.6,3.8,0.981,0.9,-2.9,3.0,5.9,17.9,1.103,8,4,0,0,4
115.5,24,isocontour,11.283791670955125,28172.08,59.28,2.0,-20.8,0.984,0.8,-1.6,1.8,-5.7,-18.0,1.1,21,2,0,0,2
115.5,25,isocontour,11.283791670955125,28209.3,59.36,-16.0,10.8,1.074,0.2,2.5,2.5,5.9,17.9,1.103,8,4,0,0,4
115.5,Target,,,,,0.0,0.0,4.023,0.0,0.0,,,,,,,,,
115.6,1,isocontour,11.283791670955125,24727.75,52.04,10.6,18.0,0.98,4.4,0.2,4.4,5.9,17.9,1.103,8,8,0,0,8
115.6,2,isocontour,11.283791670955125,23400.86,49.24,0.7,20.9,0.984,-0.2,1.8,1.8,5.9,17.9,1.103,8,8,0,0,8
115.6,3,isocontour,11.283791670955125,23949.34,50.4,4.0,20.4,0.987,2.7,0.8,2.8,5.9,17.9,1.103,8,7,0,0,7
115.6,4,isocontour,11.283791670955125,29489.87,62.06,16.9,12.4,0.982,2.4,0.1,2.4,5.9,17.9,1.103,8,3,0,0,3
115.6,5,isocontour,11.283791670955125,27662.02,58.21,5.7,18.9,1.049,-1.7,2.5,3.0,5.9,17.9,1.103,8,7,0,0,7
115.6,6,isocontour,11.283791670955125,29165.05,61.37,5.1,18.8,1.067,-4.4,0.3,4.4,5.9,17.9,1.103,8,7,0,0,7
115.6,7,isocontour,11.283791670955125,26900.01,56.61,-16.4,12.8,0.986,1.3,2.0,2.4,5.9,17.9,1.103,8,4,0,0,4
115.6,8,isocontour,11.283791670955125,29771.44,62.65,5.8,18.2,1.089,0.0,-1.1,1.1,5.8,18.2,1.103,8,7,0,0,7
115.6,9,isocontour,11.283791670955125,27049.22,56.92,20.4,4.4,0.985,-0.7,2.8,2.9,5.9,17.9,1.103,8,3,0,0,3
115.6,10,isocontour,11.283791670955125,27709.72,58.31,15.3,12.0,1.065,-0.5,1.1,1.2,5.9,17.9,1.103,8,3,0,0,3
115.6,11,isocontour,11.283791670955125,29528.77,62.14,-17.7,-9.4,1.033,-1.1,2.6,2.8,6.1,17.8,1.102,8,3,0,0,3
115.6,12,isocontour,11.283791670955125,26758.85,56.31,-13.8,-15.4,0.995,0.3,2.8,2.8,6.4,17.8,1.101,8,3,0,0,3
115.6,13,isocontour,11.283791670955125,25641.15,53.96,20.0,-5.9,0.985,0.3,0.9,0.9,5.9,17.9,1.103,8,1,0,0,1
115.6,14,isocontour,11.283791670955125,27804.2,58.51,7.4,-18.3,1.05,2.6,1.0,2.8,6.1,17.8,1.102,8,2,0,0,2
115.6,15,isocontour,11.283791670955125,23886.62,50.27,-3.0,20.6,0.985,-3.9,1.4,4.1,5.9,17.9,1.103,8,7,0,0,7
115.6,16,isocontour,11.283791670955125,42654.23,89.76,-20.0,5.8,0.988,1.6,2.6,3.1,5.9,17.9,1.103,8,4,0,0,4
115.6,17,isocontour,11.283791670955125,25223.45,53.08,4.5,19.2,1.048,-2.5,0.1,2.5,5.9,17.9,1.103,8,7,0,0,7
115.6,18,isocontour,11.283791670955125,29910.57,62.94,-10.1,18.2,0.988,-2.5,-0.1,2.5,5.9,17.9,1.103,8,4,0,0,4
115.6,19,isocontour,11.283791670955125,25643.37,53.96,-20.7,-2.6,0.983,0.4,0.2,0.4,5.9,17.9,1.103,8,4,0,0,4
115.6,20,isocontour,11.283791670955125,27663.88,58.22,13.6,-15.8,0.984,-1.1,-1.1,1.6,6.1,17.8,1.102,8,1,0,0,1
115.6,21,isocontour,11.283791670955125,27842.2,58.59,-5.9,-18.2,1.084,-2.7,-0.5,2.7,-5.9,-18.2,1.1,21,2,0,0,2
115.6,22,isocontour,11.283791670955125,29687.69,62.47,-19.1,-8.2,0.988,1.9,-2.1,2.8,6.1,17.8,1.102,8,3,0,0,3
115.6,23,isocontour,11.283791670955125,29483.35,62.04,-20.5,4.0,0.984,0.8,2.3,2.4,5.9,17.9,1.103,8,4,0,0,4
115.6,24,isocontour,11.283791670955125,28168.12,59.28,2.1,-20.8,0.983,1.4,0.2,1.4,6.1,17.8,1.102,8,2,0,0,2
115.6,25,isocontour,11.283791670955125,28186.29,59.31,-16.0,11.0,1.069,0.8,2.5,2.6,5.9,17.9,1.103,8,4,0,0,4
115.6,Target,,,,,0.0,0.0,4.023,0.0,0.0,,,,,,,,,
115.7,1,isocontour,11.283791670955125,24725.75,52.03,10.6,18.0,0.981,-1.1,-0.1,1.1,5.9,17.9,1.103,8,8,0,0,8
115.7,2,isocontour,11.283791670955125,23387.91,49.22,0.5,20.8,0.985,-2.1,-0.6,2.2,5.9,17.9,1.103,8,8,0,0,8
115.7,3,isocontour,11.283791670955125,23943.94,50.39,4.1,20.5,0.984,1.6,0.0,1.6,5.9,17.9,1.103,8,7,0,0,7
115.7,4,isocontour,11.283791670955125,29436.66,61.95,17.2,12.2,0.974,2.9,-1.9,3.5,5.9,17.9,1.103,8,3,0,0,3
115.7,5,isocontour,11.283791670955125,27649.25,58.18,5.5,18.9,1.053,-2.1,-0.4,2.1,5.9,17.9,1.103,8,7,0,0,7
115.7,6,isocontour,11.283791670955125,29147.33,61.34,4.8,18.8,1.068,-2.3,0.5,2.4,5.9,17.9,1.103,8,7,0,0,7
115.7,7,isocontour,11.283791670955125,26884.6,56.58,-16.2,12.8,0.995,2.3,-0.3,2.3,5.9,17.9,1.103,8,4,0,0,4
115.7,8,isocontour,11.283791670955125,29758.32,62.62,5.6,18.2,1.092,-2.1,0.3,2.1,5.6,18.2,1.103,8,7,0,0,7
115.7,9,isocontour,11.283791670955125,27014.41,56.85,20.3,4.7,0.988,-1.3,2.7,3.0,5.9,17.9,1.103,8,3,0,0,3
115.7,10,isocontour,11.283791670955125,27688.49,58.27,15.4,11.9,1.064,1.6,-2.0,2.6,5.9,17.9,1.103,8,3,0,0,3
115.7,11,isocontour,11.283791670955125,29526.93,62.14,-17.6,-9.4,1.036,0.9,-0.6,1.1,5.9,17.9,1.103,8,3,0,0,3
115.7,12,isocontour,11.283791670955125,26758.33,56.31,-13.9,-15.4,0.994,-0.7,-0.2,0.7,6.1,17.8,1.102,8,3,0,0,3
115.7,13,isocontour,11.283791670955125,25639.63,53.96,19.9,-5.9,0.989,-0.5,0.9,1.0,5.9,17.9,1.103,8,1,0,0,1
115.7,14,isocontour,11.283791670955125,27783.7,58.47,7.6,-18.3,1.044,2.5,-0.2,2.5,6.1,17.8,1.102,8,2,0,0,2
115.7,15,isocontour,11.283791670955125,23882.49,50.26,-3.1,20.6,0.988,-0.9,-1.2,1.5,5.9,17.9,1.103,8,7,0,0,7
115.7,16,isocontour,11.283791670955125,42644.82,89.74,-19.8,5.9,0.995,1.8,0.8,2.0,5.9,17.9,1.103,8,4,0,0,4
115.7,17,isocontour,11.283791670955125,25222.31,53.08,4.4,19.3,1.046,-0.5,0.8,0.9,5.9,17.9,1.103,8,7,0,0,7
115.7,18,isocontour,11.283791670955125,29892.85,62.91,-10.3,18.1,0.988,-2.1,-1.2,2.4,5.9,17.9,1.103,8,4,0,0,4
115.7,19,isocontour,11.283791670955125,25617.92,53.91,-20.6,-2.4,0.989,1.1,2.5,2.7,5.9,17.9,1.103,8,4,0,0,4
115.7,20,isocontour,11.283791670955125,27647.66,58.18,13.5,-15.9,0.984,-1.8,-1.5,2.3,6.1,17.8,1.102,8,1,0,0,1
115.7,21,isocontour,11.283791670955125,27813.54,58.53,-6.1,-18.2,1.084,-2.6,1.1,2.8,6.1,17.8,1.102,8,2,0,0,2
115.7,22,isocontour,11.283791670955125,29659.33,62.41,-18.9,-8.4,0.995,2.2,-1.7,2.8,5.9,17.9,1.103,8,3,0,0,3
115.7,23,isocontour,11.283791670955125,29480.79,62.04,-20.4,4.1,0.987,0.8,1.0,1.3,5.9,17.9,1.103,8,4,0,0,4
115.7,24,isocontour,11.283791670955125,28155.35,59.25,2.1,-20.6,0.992,-0.8,2.0,2.2,6.1,17.8,1.102,8,2,0,0,2
115.7,25,isocontour,11.283791670955125,28185.01,59.31,-16.0,11.0,1.071,-0.2,-1.0,1.0,5.9,17.9,1.103,8,4,0,0,4
115.7,Target,,,,,0.0,0.0,4.023,0.0,0.0,,,,,,,,,
115.8,1,isocontour,11.283791670955125,24723.08,52.03,10.5,18.1,0.983,-1.2,0.5,1.3,5.9,17.9,1.103,8,8,0,0,8
115.8,2,isocontour,11.283791670955125,23386.67,49.21,0.4,20.8,0.99,-0.6,-0.8,1.0,5.9,17.9,1.103,8,8,0,0,8
115.8,3,isocontour,11.283791670955125,23942.87,50.38,4.1,20.4,0.987,-0.8,-0.5,0.9,5.9,17.9,1.103,8,7,0,0,7
115.8,4,isocontour,11.283791670955125,29435.41,61.94,17.2,12.1,0.977,-0.5,-0.9,1.0,5.9,17.9,1.103,8,3,0,0,3
115.8,5,isocontour,11.283791670955125,27644.24,58.17,5.4,19.0,1.05,-1.1,1.1,1.6,5.9,17.9,1.103,8,7,0,0,7
115.8,6,isocontour,11.283791670955125,29145.44,61.33,4.7,18.8,1.071,-1.1,-0.2,1.1,5.9,17.9,1.103,8,7,0,0,7
115.8,7,isocontour,11.283791670955125,26879.29,56.56,-16.1,12.9,1.0,1.4,0.7,1.6,5.9,17.9,1.103,8,4,0,0,4
115.8,8,isocontour,11.283791670955125,29755.88,62.62,5.5,18.3,1.088,-0.6,1.1,1.3,5.5,18.3,1.103,8,7,0,0,7
115.8,9,isocontour,11.283791670955125,26990.33,56.8,20.2,4.5,0.995,-0.7,-2.6,2.7,5.9,17.9,1.103,8,3,0,0,3
115.8,10,isocontour,11.283791670955125,27687.91,58.27,15.5,11.8,1.066,0.2,-0.7,0.7,5.9,17.9,1.103,8,3,0,0,3
115.8,11,isocontour,11.283791670955125,29525.53,62.13,-17.5,-9.4,1.038,0.7,-0.7,1.0,5.9,17.9,1.103,8,3,0,0,3
115.8,12,isocontour,11.283791670955125,26757.01,56.31,-13.9,-15.4,0.99,0.1,-1.0,1.0,5.9,17.9,1.103,8,3,0,0,3
115.8,13,isocontour,11.283791670955125,25638.56,53.95,19.9,-5.9,0.991,-0.5,-0.8,0.9,5.9,17.9,1.103,8,1,0,0,1
115.8,14,isocontour,11.283791670955125,27771.79,58.44,7.5,-18.4,1.039,-1.5,-1.5,2.1,6.1,17.8,1.102,8,2,0,0,2
115.8,15,isocontour,11.283791670955125,23868.06,50.23,-3.1,20.4,0.999,0.9,-2.1,2.3,5.9,17.9,1.103,8,7,0,0,7
115.8,16,isocontour,11.283791670955125,42642.27,89.74,-19.9,5.8,0.993,-1.1,-0.7,1.3,5.9,17.9,1.103,8,4,0,0,4
115.8,17,isocontour,11.283791670955125,25221.5,53.08,4.3,19.4,1.043,-0.6,0.6,0.8,5.9,17.9,1.103,8,7,0,0,7
115.8,18,isocontour,11.283791670955125,29875.78,62.87,-10.4,17.9,0.997,-0.3,-2.3,2.3,5.9,17.9,1.103,8,4,0,0,4
115.8,19,isocontour,11.283791670955125,25606.51,53.89,-20.4,-2.3,1.0,2.1,-0.2,2.1,5.9,17.9,1.103,8,4,0,0,4
115.8,20,isocontour,11.283791670955125,27643.27,58.17,13.4,-16.0,0.984,-1.1,-1.0,1.5,6.1,17.8,1.102,8,1,0,0,1
115.8,21,isocontour,11.283791670955125,27806.96,58.52,-6.2,-18.0,1.09,-0.8,1.5,1.7,6.1,17.8,1.102,8,2,0,0,2
115.8,22,isocontour,11.283791670955125,29650.63,62.4,-18.9,-8.3,1.0,0.0,1.9,1.9,5.9,17.9,1.103,8,3,0,0,3
115.8,23,isocontour,11.283791670955125,29447.01,61.97,-20.3,4.3,0.99,1.2,2.7,3.0,5.9,17.9,1.103,8,4,0,0,4
115.8,24,isocontour,11.283791670955125,28154.67,59.25,2.0,-20.6,0.991,-0.5,-0.6,0.8,6.1,17.8,1.102,8,2,0,0,2
115.8,25,isocontour,11.283791670955125,28164.27,59.27,-16.1,10.8,1.07,-1.6,-1.9,2.5,5.9,17.9,1.103,8,4,0,0,4
115.8,Target,,,,,0.0,0.0,4.023,0.0,0.0,,,,,,,,,
115.9,1,isocontour,11.283791670955125,24720.01,52.02,10.4,18.1,0.984,-1.2,0.6,1.3,5.9,17.9,1.103,8,8,0,0,8
115.9,2,isocontour,11.283791670955125,23385.93,49.21,0.4,20.7,0.993,-0.7,-0.5,0.9,5.9,17.9,1.103,8,8,0,0,8
115.9,3,isocontour,11.283791670955125,23918.25,50.33,3.9,20.4,0.991,-2.7,-0.3,2.7,5.9,17.9,1.103,8,7,0,0,7
115.9,4,isocontour,11.283791670955125,29421.17,61.91,17.1,11.9,0.987,-0.9,-2.1,2.3,5.9,17.9,1.103,8,3,0,0,3
115.9,5,isocontour,11.283791670955125,27643.5,58.17,5.3,19.0,1.05,-0.8,-0.1,0.8,5.9,17.9,1.103,8,7,0,0,7
115.9,6,isocontour,11.283791670955125,29144.82,61.33,4.6,18.8,1.07,-0.7,0.4,0.8,5.9,17.9,1.103,8,7,0,0,7
115.9,7,isocontour,11.283791670955125,26801.54,56.4,-16.2,13.2,0.982,-2.4,3.1,3.9,5.9,17.9,1.103,8,4,0,0,4
115.9,8,isocontour,11.283791670955125,29729.87,62.56,5.3,18.4,1.087,-2.6,0.9,2.8,5.3,18.4,1.103,8,7,0,0,7
115.9,9,isocontour,11.283791670955125,26987.72,56.79,20.1,4.6,0.996,-0.4,1.2,1.3,5.9,17.9,1.103,8,3,0,0,3
115.9,10,isocontour,11.283791670955125,27667.17,58.22,15.6,11.6,1.066,1.6,-2.0,2.6,5.9,17.9,1.103,8,3,0,0,3
115.9,11,isocontour,11.283791670955125,29524.46,62.13,-17.6,-9.4,1.039,-0.3,0.9,0.9,5.9,17.9,1.103,8,3,0,0,3
115.9,12,isocontour,11.283791670955125,26750.66,56.29,-14.0,-15.6,0.982,-1.3,-1.1,1.7,5.9,17.9,1.103,8,3,0,0,3
115.9,13,isocontour,11.283791670955125,25616.58,53.91,19.9,-6.1,0.989,-0.3,-2.6,2.6,5.9,17.9,1.103,8,1,0,0,1
115.9,14,isocontour,11.283791670955125,27748.52,58.39,7.3,-18.4,1.043,-2.6,0.0,2.6,6.1,17.8,1.102,8,2,0,0,2
115.9,15,isocontour,11.283791670955125,23832.56,50.15,-2.8,20.4,1.001,3.0,0.4,3.0,5.9,17.9,1.103,8,7,0,0,7
115.9,16,isocontour,11.283791670955125,42542.7,89.53,-20.2,6.0,0.973,-3.6,2.3,4.3,5.9,17.9,1.103,8,4,0,0,4
115.9,17,isocontour,11.283791670955125,25199.0,53.03,4.1,19.4,1.045,-2.6,0.1,2.6,5.9,17.9,1.103,8,7,0,0,7
115.9,18,isocontour,11.283791670955125,29859.96,62.84,-10.5,17.9,0.988,-1.8,1.4,2.3,5.9,17.9,1.103,8,4,0,0,4
115.9,19,isocontour,11.283791670955125,25605.37,53.88,-20.5,-2.4,0.998,-0.9,-0.4,1.0,5.9,17.9,1.103,8,4,0,0,4
115.9,20,isocontour,11.283791670955125,27620.0,58.12,13.1,-16.1,0.991,-2.6,0.0,2.6,6.1,17.8,1.102,8,1,0,0,1
115.9,21,isocontour,11.283791670955125,27779.79,58.46,-6.0,-18.0,1.094,2.7,-0.4,2.7,5.9,17.9,1.103,8,2,0,0,2
115.9,22,isocontour,11.283791670955125,29649.81,62.39,-18.9,-8.3,0.997,-0.7,-0.5,0.9,5.9,17.9,1.103,8,3,0,0,3
115.9,23,isocontour,11.283791670955125,29434.59,61.94,-20.4,4.2,0.988,-1.0,-1.9,2.1,5.9,17.9,1.103,8,4,0,0,4
115.9,24,isocontour,11.283791670955125,28126.31,59.19,1.8,-20.7,0.99,-2.8,-0.6,2.9,6.1,17.8,1.102,8,2,0,0,2
115.9,25,isocontour,11.283791670955125,28143.29,59.22,-16.2,11.0,1.06,-0.6,2.5,2.6,5.9,17.9,1.103,8,4,0,0,4
115.9,Target,,,,,0.0,0.0,4.023,0.0,0.0,,,,,,,,,
116.0,1,isocontour,11.283791670955125,24716.51,52.01,10.2,18.1,0.988,-1.3,-0.4,1.4,10.2,18.1,0.984,1,8,0,0,8
116.0,2,isocontour,11.283791670955125,23371.5,49.18,0.2,20.8,0.986,-1.6,1.5,2.2,0.2,20.8,0.993,2,8,0,0,8
116.0,3,isocontour,11.283791670955125,23916.2,50.33,3.9,20.3,0.992,1.1,-0.3,1.1,3.9,20.3,0.991,3,7,0,0,7
116.0,4,isocontour,11.283791670955125,29403.01,61.88,17.2,11.7,0.989,1.3,-2.0,2.4,17.2,11.7,0.987,4,3,0,0,3
116.0,5,isocontour,11.283791670955125,27618.88,58.12,5.1,19.0,1.052,-2.6,0.4,2.6,5.1,19.0,1.05,5,7,0,0,7
116.0,6,isocontour,11.283791670955125,29144.4,61.33,4.5,18.8,1.07,-0.7,0.1,0.7,4.5,18.8,1.07,6,7,0,0,7
116.0,7,isocontour,11.283791670955125,26789.96,56.38,-16.4,13.1,0.976,-1.8,-1.1,2.1,-16.4,13.1,0.982,7,4,0,0,4
116.0,8,isocontour,11.283791670955125,29725.57,62.55,5.1,18.3,1.091,-1.4,-0.4,1.5,5.1,18.3,1.087,8,7,0,0,7
116.0,9,isocontour,11.283791670955125,26987.24,56.79,20.2,4.6,0.995,0.5,-0.5,0.7,20.2,4.6,0.996,9,3,0,0,3
116.0,10,isocontour,11.283791670955125,27657.02,58.2,15.7,11.4,1.071,0.1,-2.0,2.0,15.7,11.4,1.066,10,3,0,0,3
116.0,11,isocontour,11.283791670955125,29522.09,62.13,-17.6,-9.3,1.037,-0.9,0.8,1.2,-17.6,-9.3,1.039,11,3,0,0,3
116.0,12,isocontour,11.283791670955125,26697.45,56.18,-14.3,-15.5,0.972,-3.4,0.7,3.5,-14.3,-15.5,0.982,12,3,0,0,3
116.0,13,isocontour,11.283791670955125,25612.86,53.9,19.8,-6.1,0.993,-0.5,1.3,1.4,19.8,-6.1,0.989,13,1,0,0,1
116.0,14,isocontour,11.283791670955125,27746.42,58.39,7.3,-18.4,1.047,0.7,0.9,1.1,7.3,-18.4,1.043,14,2,0,0,2
116.0,15,isocontour,11.283791670955125,23810.32,50.11,-3.0,20.4,1.0,-2.6,-0.1,2.6,-3.0,20.4,1.001,15,7,0,0,7
116.0,16,isocontour,11.283791670955125,42521.72,89.48,-20.4,5.9,0.965,-1.5,-2.1,2.6,-20.4,5.9,0.973,16,4,0,0,4
116.0,17,isocontour,11.283791670955125,25177.52,52.98,3.8,19.4,1.048,-2.6,-0.0,2.6,3.8,19.4,1.045,17,7,0,0,7
116.0,18,isocontour,11.283791670955125,29856.39,62.83,-10.6,18.1,0.98,-0.4,1.3,1.4,-10.6,18.1,0.988,18,4,0,0,4
116.0,19,isocontour,11.283791670955125,25556.61,53.78,-20.7,-2.2,0.987,-2.3,2.5,3.4,-20.7,-2.2,0.998,19,4,0,0,4
116.0,20,isocontour,11.283791670955125,27619.43,58.12,13.1,-16.1,0.989,0.6,-0.4,0.7,13.1,-16.1,0.991,20,1,0,0,1
116.0,21,isocontour,11.283791670955125,27753.2,58.4,-5.8,-18.0,1.098,2.7,-0.1,2.7,-5.8,-18.0,1.094,21,2,0,0,2
116.0,22,isocontour,11.283791670955125,29631.87,62.36,-19.0,-8.5,0.987,-1.0,-2.2,2.4,-19.0,-8.5,0.997,22,3,0,0,3
116.0,23,isocontour,11.283791670955125,29412.35,61.89,-20.4,4.0,0.989,-0.2,-2.6,2.6,-20.4,4.0,0.988,23,4,0,0,4
116.0,24,isocontour,11.283791670955125,28118.27,59.17,1.9,-20.7,0.989,1.8,0.1,1.8,1.9,-20.7,0.99,24,2,0,0,2
116.0,25,isocontour,11.283791670955125,28140.55,59.22,-16.3,10.9,1.055,-1.1,-0.7,1.3,-16.3,10.9,1.06,25,4,0,0,4
116.0,Target,,,,,0.0,0.0,4.023,0.0,0.0,,,,,,,,,
116.1,1,isocontour,11.283791670955125,24706.96,51.99,10.1,18.0,0.998,-1.0,-1.7,2.0,5.1,18.3,1.091,8,8,0,0,8
116.1,2,isocontour,11.283791670955125,23271.94,48.97,-0.2,20.9,0.983,-4.3,0.5,4.3,5.1,18.3,1.091,8,8,0,0,8
116.1,3,isocontour,11.283791670955125,23870.82,50.23,4.2,20.5,0.982,2.8,1.7,3.3,5.1,18.3,1.091,8,7,0,0,7
116.1,4,isocontour,11.283791670955125,29401.48,61.87,17.2,11.6,0.989,0.6,-0.9,1.1,15.7,11.4,1.071,10,3,0,0,3
116.1,5,isocontour,11.283791670955125,27617.88,58.12,4.9,19.0,1.054,-0.9,-0.1,0.9,5.1,18.3,1.091,8,7,0,0,7
116.1,6,isocontour,11.283791670955125,29143.86,61.33,4.5,18.8,1.072,-0.7,-0.1,0.7,5.1,18.3,1.091,8,7,0,0,7
116.1,7,isocontour,11.283791670955125,26757.51,56.31,-16.4,12.8,0.985,0.4,-2.9,2.9,-16.3,10.9,1.06,25,4,0,0,4
116.1,8,isocontour,11.283791670955125,29724.09,62.55,5.0,18.4,1.089,-0.8,0.6,1.0,5.0,18.4,1.091,8,7,0,0,7
116.1,9,isocontour,11.283791670955125,26985.19,56.79,20.3,4.5,0.99,1.1,-0.4,1.2,15.7,11.4,1.071,10,3,0,0,3
116.1,10,isocontour,11.283791670955125,27647.18,58.18,15.7,11.2,1.077,0.2,-2.0,2.0,15.7,11.2,1.071,10,3,0,0,3
116.1,11,isocontour,11.283791670955125,29504.14,62.09,-17.7,-9.1,1.04,-0.4,2.4,2.4,-17.7,-9.1,1.039,11,3,0,0,3
116.1,12,isocontour,11.283791670955125,26696.68,56.18,-14.3,-15.4,0.973,-0.1,0.8,0.8,-5.8,-18.0,1.098,21,3,0,0,3
116.1,13,isocontour,11.283791670955125,25604.01,53.88,19.9,-6.2,0.987,0.9,-1.7,1.9,20.2,4.6,0.996,9,1,0,0,1
116.1,14,isocontour,11.283791670955125,27745.6,58.39,7.4,-18.4,1.045,0.8,-0.2,0.8,7.4,-18.4,1.047,14,2,0,0,2
116.1,15,isocontour,11.283791670955125,23700.7,49.88,-3.4,20.4,0.994,-4.4,0.4,4.4,5.1,18.3,1.091,8,7,0,0,7
116.1,16,isocontour,11.283791670955125,42502.18,89.44,-20.3,5.6,0.971,0.8,-2.3,2.4,-16.3,10.9,1.06,25,4,0,0,4
116.1,17,isocontour,11.283791670955125,25176.96,52.98,3.7,19.4,1.048,-0.7,0.2,0.7,5.1,18.3,1.091,8,7,0,0,7
116.1,18,isocontour,11.283791670955125,29840.98,62.8,-10.4,18.1,0.986,2.3,-0.4,2.3,-16.3,10.9,1.06,25,4,0,0,4
116.1,19,isocontour,11.283791670955125,25537.54,53.74,-20.8,-1.9,0.982,-1.1,2.2,2.5,-17.6,-9.3,1.039,11,4,0,0,4
116.1,20,isocontour,11.283791670955125,27618.75,58.12,13.2,-16.2,0.985,0.6,-0.6,0.8,7.3,-18.4,1.047,14,1,0,0,1
116.1,21,isocontour,11.283791670955125,27722.05,58.34,-5.5,-18.1,1.099,2.8,-0.8,2.9,-5.5,-18.1,1.098,21,2,0,0,2
116.1,22,isocontour,11.283791670955125,29631.69,62.36,-19.0,-8.5,0.987,0.5,-0.2,0.5,-17.6,-9.3,1.039,11,3,0,0,3
116.1,23,isocontour,11.283791670955125,29409.92,61.89,-20.4,4.0,0.991,0.6,1.1,1.3,-16.3,10.9,1.06,25,4,0,0,4
116.1,24,isocontour,11.283791670955125,28100.99,59.14,2.1,-20.5,0.997,1.5,1.9,2.4,-5.8,-18.0,1.098,21,2,0,0,2
116.1,25,isocontour,11.283791670955125,28139.55,59.22,-16.3,10.9,1.056,-0.3,-0.9,0.9,-16.3,10.9,1.06,25,4,0,0,4
116.1,Target,,,,,0.0,0.0,4.023,0.0,0.0,,,,,,,,,
116.2,1,isocontour,11.283791670955125,24705.44,51.99,10.1,17.9,1.005,-0.6,-0.9,1.1,5.1,18.3,1.091,8,8,0,0,8
116.2,2,isocontour,11.283791670955125,23268.66,48.97,-0.1,20.8,0.987,1.0,-0.9,1.3,5.1,18.3,1.091,8,8,0,0,8
116.2,3,isocontour,11.283791670955125,23869.42,50.23,4.3,20.6,0.976,0.8,0.6,1.0,5.1,18.3,1.091,8,7,0,0,7
116.2,4,isocontour,11.283791670955125,29395.77,61.86,17.1,11.6,0.994,-1.6,0.3,1.6,5.1,18.3,1.091,8,3,0,0,3
116.2,5,isocontour,11.283791670955125,27496.76,57.86,5.3,19.1,1.045,4.5,0.6,4.5,5.1,18.3,1.091,8,7,0,0,7
116.2,6,isocontour,11.283791670955125,29137.94,61.32,4.6,18.7,1.076,1.2,-1.1,1.6,5.1,18.3,1.091,8,7,0,0,7
116.2,7,isocontour,11.283791670955125,26744.02,56.28,-16.5,12.6,0.989,-0.9,-2.0,2.2,-16.3,10.9,1.06,25,4,0,0,4
116.2,8,isocontour,11.283791670955125,29722.65,62.55,5.1,18.4,1.085,0.9,0.5,1.0,5.1,18.3,1.091,8,7,0,0,7
116.2,9,isocontour,11.283791670955125,26965.18,56.74,20.4,4.3,0.987,0.9,-2.3,2.5,15.7,11.2,1.077,10,3,0,0,3
116.2,10,isocontour,11.283791670955125,27644.91,58.18,15.6,11.2,1.08,-1.0,0.7,1.2,5.1,18.3,1.091,8,3,0,0,3
116.2,11,isocontour,11.283791670955125,29483.89,62.05,-17.8,-8.9,1.041,-1.1,2.3,2.5,-5.8,-18.0,1.098,21,3,0,0,3
116.2,12,isocontour,11.283791670955125,26695.58,56.18,-14.4,-15.4,0.974,-0.7,0.6,0.9,-5.5,-18.1,1.099,21,3,0,0,3
116.2,13,isocontour,11.283791670955125,25600.67,53.87,19.9,-6.1,0.99,-0.4,1.3,1.4,15.7,11.4,1.071,10,1,0,0,1
116.2,14,isocontour,11.283791670955125,27743.22,58.38,7.3,-18.4,1.044,-1.1,-0.5,1.2,-5.8,-18.0,1.098,21,2,0,0,2
116.2,15,isocontour,11.283791670955125,23679.96,49.83,-3.7,20.4,0.991,-2.5,0.1,2.5,5.1,18.3,1.091,8,7,0,0,7
116.2,16,isocontour,11.283791670955125,42489.58,89.41,-20.2,5.7,0.98,1.9,1.0,2.1,-16.3,10.9,1.06,25,4,0,0,4
116.2,17,isocontour,11.283791670955125,25174.64,52.98,3.8,19.4,1.049,1.1,-0.4,1.2,5.1,18.3,1.091,8,7,0,0,7
116.2,18,isocontour,11.283791670955125,29812.93,62.74,-10.1,18.1,0.993,2.8,-0.0,2.8,5.1,18.3,1.091,8,4,0,0,4
116.2,19,isocontour,11.283791670955125,25515.04,53.69,-20.6,-2.0,0.992,2.4,-0.9,2.6,-16.3,10.9,1.06,25,4,0,0,4
116.2,20,isocontour,11.283791670955125,27613.44,58.11,13.1,-16.3,0.984,-1.1,-1.1,1.6,7.3,-18.4,1.047,14,1,0,0,1
116.2,21,isocontour,11.283791670955125,27691.85,58.27,-5.2,-18.2,1.097,2.6,-1.2,2.9,-5.2,-18.2,1.099,21,2,0,0,2
116.2,22,isocontour,11.283791670955125,29594.77,62.28,-18.8,-8.7,0.996,2.6,-1.6,3.1,-5.8,-18.0,1.098,21,3,0,0,3
116.2,23,isocontour,11.283791670955125,29409.35,61.89,-20.3,4.0,0.993,0.3,-0.7,0.8,-16.3,10.9,1.06,25,4,0,0,4
116.2,24,isocontour,11.283791670955125,28100.58,59.13,2.1,-20.5,0.998,0.7,0.0,0.7,-5.5,-18.1,1.099,21,2,0,0,2
116.2,25,isocontour,11.283791670955125,28127.3,59.19,-16.5,10.7,1.053,-1.7,-1.3,2.1,-16.3,10.9,1.06,25,4,0,0,4
116.2,Target,,,,,0.0,0.0,4.023,0.0,0.0,,,,,,,,,
116.3,1,isocontour,11.283791670955125,24702.16,51.98,10.0,17.9,1.003,-0.8,1.1,1.4,5.1,18.3,1.091,8,8,0,0,8
116.3,2,isocontour,11.283791670955125,23243.21,48.91,0.1,20.7,0.996,2.0,-1.8,2.7,5.1,18.3,1.091,8,8,0,0,8
116.3,3,isocontour,11.283791670955125,23854.6,50.2,4.4,20.4,0.984,0.9,-2.1,2.3,5.1,18.3,1.091,8,7,0,0,7
116.3,4,isocontour,11.283791670955125,29386.22,61.84,17.1,11.5,0.998,0.5,-1.9,2.0,5.1,18.3,1.091,8,3,0,0,3
116.3,5,isocontour,11.283791670955125,27482.14,57.83,5.2,19.0,1.05,-2.1,-0.8,2.2,5.1,18.3,1.091,8,7,0,0,7
116.3,6,isocontour,11.283791670955125,29124.63,61.29,4.4,18.8,1.072,-1.7,1.3,2.1,5.1,18.3,1.091,8,7,0,0,7
116.3,7,isocontour,11.283791670955125,26710.91,56.21,-16.3,12.4,1.003,2.1,-2.1,3.0,5.1,18.3,1.091,8,4,0,0,4
116.3,8,isocontour,11.283791670955125,29722.43,62.55,5.1,18.4,1.085,-0.5,0.0,0.5,5.1,18.3,1.091,8,7,0,0,7
116.3,9,isocontour,11.283791670955125,26962.86,56.74,20.3,4.3,0.992,-1.2,0.2,1.2,5.1,18.3,1.091,8,3,0,0,3
116.3,10,isocontour,11.283791670955125,27609.06,58.1,15.4,11.5,1.08,-1.6,2.6,3.1,5.1,18.3,1.091,8,3,0,0,3
116.3,11,isocontour,11.283791670955125,29478.68,62.03,-17.9,-8.8,1.036,-1.5,0.6,1.6,-5.5,-18.1,1.099,21,3,0,0,3
116.3,12,isocontour,11.283791670955125,26683.51,56.15,-14.4,-15.2,0.981,0.0,2.1,2.1,-5.5,-18.1,1.099,21,3,0,0,3
116.3,13,isocontour,11.283791670955125,25599.18,53.87,19.8,-6.0,0.993,-0.3,1.0,1.0,15.7,11.2,1.077,10,1,0,0,1
116.3,14,isocontour,11.283791670955125,27708.76,58.31,7.0,-18.5,1.047,-3.0,-0.5,3.0,-5.5,-18.1,1.099,21,2,0,0,2
116.3,15,isocontour,11.283791670955125,23675.67,49.82,-3.6,20.5,0.987,1.1,1.0,1.5,5.1,18.3,1.091,8,7,0,0,7
116.3,16,isocontour,11.283791670955125,42485.11,89.4,-20.0,5.7,0.988,1.5,-0.4,1.6,-16.3,10.9,1.06,25,4,0,0,4
116.3,17,isocontour,11.283791670955125,25171.96,52.97,3.9,19.3,1.051,1.2,-0.5,1.3,5.1,18.3,1.091,8,7,0,0,7
116.3,18,isocontour,11.283791670955125,29797.52,62.71,-10.3,18.1,0.989,-2.3,-0.0,2.3,5.1,18.3,1.091,8,4,0,0,4
116.3,19,isocontour,11.283791670955125,25504.43,53.67,-20.8,-2.0,0.985,-2.0,-0.5,2.1,-5.8,-18.0,1.098,21,4,0,0,4
116.3,20,isocontour,11.283791670955125,27605.14,58.09,13.0,-16.4,0.983,-1.3,-1.3,1.8,-5.8,-18.0,1.098,21,1,0,0,1
116.3,21,isocontour,11.283791670955125,27690.37,58.27,-5.1,-18.3,1.097,1.0,-0.3,1.0,-5.1,-18.3,1.099,21,2,0,0,2
116.3,22,isocontour,11.283791670955125,29568.18,62.22,-18.6,-8.9,1.0,1.7,-2.2,2.8,-5.5,-18.1,1.099,21,3,0,0,3
116.3,23,isocontour,11.283791670955125,29409.1,61.89,-20.4,3.9,0.992,-0.4,-0.4,0.6,-16.3,10.9,1.06,25,4,0,0,4
116.3,24,isocontour,11.283791670955125,28089.17,59.11,2.1,-20.7,0.991,-1.1,-1.7,2.0,-5.5,-18.1,1.099,21,2,0,0,2
116.3,25,isocontour,11.283791670955125,28101.0,59.14,-16.3,10.7,1.065,2.7,-0.5,2.7,5.1,18.3,1.091,8,4,0,0,4
116.3,Target,,,,,0.0,0.0,4.023,0.0,0.0,,,,,,,,,
116.4,1,isocontour,11.283791670955125,24648.03,51.87,10.3,18.0,0.992,3.4,0.6,3.5,5.1,18.3,1.091,8,8,0,0,8
116.4,2,isocontour,11.283791670955125,23242.68,48.91,0.0,20.7,0.996,-0.6,0.4,0.7,5.1,18.3,1.091,8,8,0,0,8
116.4,3,isocontour,11.283791670955125,23846.94,50.18,4.4,20.2,0.994,-0.3,-1.8,1.8,5.1,18.3,1.091,8,7,0,0,7
116.4,4,isocontour,11.283791670955125,29355.39,61.77,17.3,11.6,0.986,1.8,2.3,2.9,5.1,18.3,1.091,8,3,0,0,3
116.4,5,isocontour,11.283791670955125,27475.1,57.82,5.0,19.0,1.055,-1.7,-0.2,1.7,5.1,18.3,1.091,8,7,0,0,7
116.4,6,isocontour,11.283791670955125,29099.73,61.24,4.6,19.0,1.059,1.7,2.1,2.7,5.1,18.3,1.091,8,7,0,0,7
116.4,7,isocontour,11.283791670955125,26706.87,56.2,-16.2,12.5,1.008,1.3,0.8,1.5,5.1,18.3,1.091,8,4,0,0,4
116.4,8,isocontour,11.283791670955125,29710.86,62.52,4.9,18.6,1.081,-1.6,1.3,2.1,5.1,18.3,1.091,8,7,0,0,7
116.4,9,isocontour,11.283791670955125,26935.98,56.68,20.4,4.5,0.984,1.4,2.4,2.8,5.1,18.3,1.091,8,3,0,0,3
116.4,10,isocontour,11.283791670955125,27572.85,58.02,15.3,11.7,1.075,-1.1,2.8,3.0,5.1,18.3,1.091,8,3,0,0,3
116.4,11,isocontour,11.283791670955125,29477.16,62.03,-18.0,-8.8,1.031,-1.0,0.1,1.0,-5.5,-18.1,1.099,21,3,0,0,3
116.4,12,isocontour,11.283791670955125,26660.75,56.1,-14.5,-15.0,0.986,-1.3,2.2,2.6,-5.5,-18.1,1.099,21,3,0,0,3
116.4,13,isocontour,11.283791670955125,25574.29,53.82,19.8,-6.2,0.989,0.2,-2.7,2.7,5.1,18.3,1.091,8,1,0,0,1
116.4,14,isocontour,11.283791670955125,27706.27,58.3,6.9,-18.5,1.045,-1.0,-0.8,1.3,-5.5,-18.1,1.099,21,2,0,0,2
116.4,15,isocontour,11.283791670955125,23675.03,49.82,-3.7,20.5,0.987,-0.7,-0.3,0.8,5.1,18.3,1.091,8,7,0,0,7
116.4,16,isocontour,11.283791670955125,42462.62,89.36,-19.9,5.9,0.99,0.9,2.4,2.6,-5.8,-18.0,1.098,21,4,0,0,4
116.4,17,isocontour,11.283791670955125,25136.81,52.9,4.2,19.3,1.047,3.0,0.2,3.0,5.1,18.3,1.091,8,7,0,0,7
116.4,18,isocontour,11.283791670955125,29792.69,62.7,-10.3,17.9,0.994,-0.2,-1.5,1.5,5.1,18.3,1.091,8,4,0,0,4
116.4,19,isocontour,11.283791670955125,25452.58,53.56,-20.9,-2.3,0.976,-1.2,-3.2,3.4,-5.5,-18.1,1.099,21,4,0,0,4
116.4,20,isocontour,11.283791670955125,27581.86,58.04,12.7,-16.4,0.99,-2.6,0.1,2.6,-5.5,-18.1,1.099,21,1,0,0,1
116.4,21,isocontour,11.283791670955125,27688.89,58.27,-5.0,-18.3,1.096,1.0,-0.3,1.0,-5.0,-18.3,1.099,21,2,0,0,2
116.4,22,isocontour,11.283791670955125,29556.93,62.2,-18.7,-8.9,0.993,-2.0,0.4,2.0,-5.5,-18.1,1.099,21,3,0,0,3
116.4,23,isocontour,11.283791670955125,29379.21,61.82,-20.5,3.7,0.986,-1.6,-2.4,2.9,-5.8,-18.0,1.098,21,4,0,0,4
116.4,24,isocontour,11.283791670955125,28078.25,59.09,1.9,-20.8,0.982,-1.1,-1.7,2.0,-5.5,-18.1,1.099,21,2,0,0,2
116.4,25,isocontour,11.283791670955125,28100.39,59.13,-16.3,10.7,1.065,-0.7,-0.2,0.7,5.1,18.3,1.091,8,4,0,0,4
116.4,Target,,,,,0.0,0.0,4.023,0.0,0.0,,,,,,,,,
116.5,1,isocontour,11.283791670955125,24542.8,51.65,10.7,17.9,0.985,4.2,-1.3,4.4,5.1,18.3,1.091,8,8,0,0,8
116.5,2,isocontour,11.283791670955125,23218.34,48.86,-0.1,20.8,0.985,-1.7,2.1,2.7,5.1,18.3,1.091,8,8,0,0,8
116.5,3,isocontour,11.283791670955125,23845.5,50.18,4.3,20.3,0.991,-0.2,1.0,1.0,5.1,18.3,1.091,8,7,0,0,7
116.5,4,isocontour,11.283791670955125,29282.82,61.62,17.2,12.0,0.978,-1.2,3.7,3.9,5.1,18.3,1.091,8,3,0,0,3
116.5,5,isocontour,11.283791670955125,27451.82,57.77,4.9,19.2,1.047,-1.6,2.1,2.6,5.1,18.3,1.091,8,7,0,0,7
116.5,6,isocontour,11.283791670955125,29067.61,61.17,4.4,19.2,1.05,-2.1,2.0,2.9,5.1,18.3,1.091,8,7,0,0,7
116.5,7,isocontour,11.283791670955125,26634.86,56.05,-16.5,12.4,0.999,-3.6,-1.3,3.8,-5.8,-18.0,1.098,21,4,0,0,4
116.5,8,isocontour,11.283791670955125,29710.85,62.52,4.9,18.6,1.08,-0.2,0.0,0.2,5.1,18.3,1.091,8,7,0,0,7
116.5,9,isocontour,11.283791670955125,26874.61,56.55,20.4,4.2,0.987,-0.1,-3.6,3.6,5.1,18.3,1.091,8,3,0,0,3
116.5,10,isocontour,11.283791670955125,27570.42,58.02,15.3,11.9,1.073,-0.5,1.1,1.2,5.1,18.3,1.091,8,3,0,0,3
116.5,11,isocontour,11.283791670955125,29447.89,61.97,-18.0,-9.0,1.024,-0.0,-2.8,2.8,-5.5,-18.1,1.099,21,3,0,0,3
116.5,12,isocontour,11.283791670955125,26655.83,56.09,-14.7,-14.8,0.985,-1.3,0.8,1.5,-5.5,-18.1,1.099,21,3,0,0,3
116.5,13,isocontour,11.283791670955125,25573.44,53.82,19.8,-6.3,0.986,0.1,-0.8,0.8,5.1,18.3,1.091,8,1,0,0,1
116.5,14,isocontour,11.283791670955125,27686.96,58.26,7.1,-18.5,1.042,2.4,0.4,2.4,-5.5,-18.1,1.099,21,2,0,0,2
116.5,15,isocontour,11.283791670955125,23672.54,49.82,-3.6,20.5,0.99,1.1,-0.5,1.2,5.1,18.3,1.091,8,7,0,0,7
116.5,16,isocontour,11.283791670955125,42435.16,89.3,-19.8,6.1,0.992,1.3,2.5,2.8,-5.5,-18.1,1.099,21,4,0,0,4
116.5,17,isocontour,11.283791670955125,25031.58,52.68,3.9,19.5,1.041,-3.9,1.9,4.3,5.1,18.3,1.091,8,7,0,0,7
116.5,18,isocontour,11.283791670955125,29791.98,62.69,-10.4,17.9,0.992,-0.6,0.5,0.8,5.1,18.3,1.091,8,4,0,0,4
116.5,19,isocontour,11.283791670955125,25430.09,53.51,-20.7,-2.3,0.986,2.4,1.0,2.6,-5.5,-18.1,1.099,21,4,0,0,4
116.5,20,isocontour,11.283791670955125,27580.9,58.04,12.7,-16.5,0.988,0.2,-0.9,0.9,-5.5,-18.1,1.099,21,1,0,0,1
116.5,21,isocontour,11.283791670955125,27663.44,58.21,-5.2,-18.2,1.096,-2.6,0.6,2.7,-5.2,-18.2,1.099,21,2,0,0,2
116.5,22,isocontour,11.283791670955125,29556.43,62.2,-18.8,-8.9,0.988,-0.7,-0.2,0.7,-5.5,-18.1,1.099,21,3,0,0,3
116.5,23,isocontour,11.283791670955125,29378.55,61.82,-20.5,3.6,0.984,-0.3,-0.7,0.8,-5.5,-18.1,1.099,21,4,0,0,4
116.5,24,isocontour,11.283791670955125,28078.2,59.09,1.9,-20.9,0.98,-0.3,-0.1,0.3,-5.5,-18.1,1.099,21,2,0,0,2
116.5,25,isocontour,11.283791670955125,28088.98,59.11,-16.3,10.8,1.061,0.5,2.0,2.1,-5.8,-18.0,1.098,21,4,0,0,4
116.5,Target,,,,,0.0,0.0,4.023,0.0,0.0,,,,,,,,,
116.6,1,isocontour,11.283791670955125,24541.52,51.64,10.8,18.0,0.98,0.5,0.9,1.0,5.1,18.3,1.091,8,8,0,0,8
116.6,2,isocontour,11.283791670955125,23138.2,48.69,-0.5,20.8,0.986,-3.9,-0.5,3.9,5.1,18.3,1.091,8,8,0,0,8
116.6,3,isocontour,11.283791670955125,23843.18,50.18,4.3,20.4,0.986,-0.4,1.1,1.2,5.1,18.3,1.091,8,7,0,0,7
116.6,4,isocontour,11.283791670955125,29269.87,61.59,17.1,11.9,0.986,-1.0,-1.9,2.1,5.1,18.3,1.091,8,3,0,0,3
116.6,5,isocontour,11.283791670955125,27421.31,57.7,4.6,19.3,1.039,-2.2,1.9,2.9,5.1,18.3,1.091,8,7,0,0,7
116.6,6,isocontour,11.283791670955125,28959.47,60.94,4.0,19.3,1.048,-4.3,1.0,4.4,5.1,18.3,1.091,8,7,0,0,7
116.6,7,isocontour,11.283791670955125,26578.38,55.93,-16.8,12.3,0.984,-3.5,0.1,3.5,-5.5,-18.1,1.099,21,4,0,0,4
116.6,8,isocontour,11.283791670955125,29689.62,62.48,4.7,18.7,1.078,-2.3,1.1,2.5,5.1,18.3,1.091,8,7,0,0,7
116.6,9,isocontour,11.283791670955125,26842.16,56.49,20.3,4.4,0.99,-1.1,2.7,2.9,5.1,18.3,1.091,8,3,0,0,3
116.6,10,isocontour,11.283791670955125,27555.01,57.99,15.4,11.8,1.067,2.0,-1.1,2.3,5.1,18.3,1.091,8,3,0,0,3
116.6,11,isocontour,11.283791670955125,29425.65,61.92,-18.1,-8.8,1.026,-0.5,2.5,2.5,-5.5,-18.1,1.099,21,3,0,0,3
116.6,12,isocontour,11.283791670955125,26655.29,56.09,-14.7,-14.8,0.986,-0.3,0.7,0.8,-5.5,-18.1,1.099,21,3,0,0,3
116.6,13,isocontour,11.283791670955125,25570.16,53.81,19.9,-6.2,0.986,0.4,1.3,1.4,5.1,18.3,1.091,8,1,0,0,1
116.6,14,isocontour,11.283791670955125,27684.96,58.26,7.2,-18.4,1.045,0.7,0.9,1.1,-5.5,-18.1,1.099,21,2,0,0,2
116.6,15,isocontour,11.283791670955125,23670.05,49.81,-3.5,20.4,0.995,1.0,-0.8,1.3,5.1,18.3,1.091,8,7,0,0,7
116.6,16,isocontour,11.283791670955125,42433.95,89.3,-19.8,6.1,0.993,-0.3,-0.9,0.9,-5.5,-18.1,1.099,21,4,0,0,4
116.6,17,isocontour,11.283791670955125,24924.17,52.45,3.5,19.6,1.037,-4.2,1.4,4.4,5.1,18.3,1.091,8,7,0,0,7
116.6,18,isocontour,11.283791670955125,29788.48,62.69,-10.5,18.0,0.986,-1.3,0.4,1.4,-5.8,-18.0,1.098,21,4,0,0,4
116.6,19,isocontour,11.283791670955125,25422.18,53.5,-20.5,-2.3,0.997,1.8,-0.2,1.8,-5.5,-18.1,1.099,21,4,0,0,4
116.6,20,isocontour,11.283791670955125,27580.43,58.04,12.8,-16.5,0.984,0.6,-0.3,0.7,-5.5,-18.1,1.099,21,1,0,0,1
116.6,21,isocontour,11.283791670955125,27638.54,58.16,-5.5,-18.2,1.094,-2.6,0.5,2.6,-5.5,-18.2,1.099,21,2,0,0,2
116.6,22,isocontour,11.283791670955125,29553.15,62.19,-18.8,-9.0,0.986,0.3,-1.3,1.3,-5.5,-18.1,1.099,21,3,0,0,3
116.6,23,isocontour,11.283791670955125,29350.49,61.76,-20.5,3.9,0.987,1.1,2.6,2.8,-5.5,-18.1,1.099,21,4,0,0,4
116.6,24,isocontour,11.283791670955125,28070.54,59.07,1.9,-20.7,0.989,-0.2,1.8,1.8,-5.5,-18.1,1.099,21,2,0,0,2
116.6,25,isocontour,11.283791670955125,28088.16,59.11,-16.3,10.9,1.057,-0.2,0.8,0.8,-5.5,-18.1,1.099,21,4,0,0,4
116.6,Target,,,,,0.0,0.0,4.023,0.0,0.0,,,,,,,,,
116.7,1,isocontour,11.283791670955125,24539.25,51.64,10.7,17.9,0.983,-1.1,-0.5,1.2,5.1,18.3,1.091,8,7,0,0,7
116.7,2,isocontour,11.283791670955125,23134.07,48.68,-0.6,20.7,0.993,-0.5,-1.4,1.5,-5.8,-18.0,1.098,21,7,0,0,7
116.7,3,isocontour,11.283791670955125,23819.91,50.13,4.1,20.6,0.979,-2.0,1.7,2.6,5.1,18.3,1.091,8,7,0,0,7
116.7,4,isocontour,11.283791670955125,29246.86,61.55,17.2,11.6,0.991,1.0,-2.4,2.6,5.1,18.3,1.091,8,3,0,0,3
116.7,5,isocontour,11.283791670955125,27398.55,57.66,4.4,19.4,1.038,-2.5,0.6,2.6,5.1,18.3,1.091,8,7,0,0,7
116.7,6,isocontour,11.283791670955125,28937.23,60.89,3.7,19.4,1.049,-2.6,0.3,2.6,5.1,18.3,1.091,8,7,0,0,7
116.7,7,isocontour,11.283791670955125,26576.58,55.93,-16.8,12.3,0.986,1.1,-0.1,1.1,-5.5,-18.1,1.099,21,4,0,0,4
116.7,8,isocontour,11.283791670955125,29668.63,62.43,4.4,18.7,1.079,-2.5,0.4,2.5,5.1,18.3,1.091,8,7,0,0,7
116.7,9,isocontour,11.283791670955125,26811.01,56.42,20.2,4.7,0.992,-1.0,2.7,2.9,5.1,18.3,1.091,8,3,0,0,3
116.7,10,isocontour,11.283791670955125,27552.57,57.98,15.5,11.7,1.07,0.1,-1.2,1.2,5.1,18.3,1.091,8,3,0,0,3
116.7,11,isocontour,11.283791670955125,29425.04,61.92,-18.1,-8.7,1.028,-0.1,0.8,0.8,-5.5,-18.1,1.099,21,3,0,0,3
116.7,12,isocontour,11.283791670955125,26649.37,56.08,-14.8,-14.7,0.985,-1.4,1.0,1.7,-5.5,-18.1,1.099,21,3,0,0,3
116.7,13,isocontour,11.283791670955125,25538.37,53.74,19.9,-6.0,0.987,0.6,2.9,3.0,5.1,18.3,1.091,8,1,0,0,1
116.7,14,isocontour,11.283791670955125,27677.68,58.24,7.1,-18.4,1.049,-1.8,0.0,1.8,-5.5,-18.1,1.099,21,2,0,0,2
116.7,15,isocontour,11.283791670955125,23669.08,49.81,-3.5,20.3,0.996,-0.9,-0.3,0.9,-5.8,-18.0,1.098,21,7,0,0,7
116.7,16,isocontour,11.283791670955125,42418.74,89.27,-20.0,6.2,0.983,-1.7,1.5,2.3,-5.5,-18.1,1.099,21,4,0,0,4
116.7,17,isocontour,11.283791670955125,24923.66,52.45,3.4,19.6,1.037,-0.7,-0.0,0.7,5.1,18.3,1.091,8,7,0,0,7
116.7,18,isocontour,11.283791670955125,29787.94,62.69,-10.6,18.0,0.983,-0.7,0.3,0.8,-5.5,-18.1,1.099,21,4,0,0,4
116.7,19,isocontour,11.283791670955125,25386.33,53.42,-20.5,-2.6,0.996,-0.1,-3.0,3.0,-5.5,-18.1,1.099,21,4,0,0,4
116.7,20,isocontour,11.283791670955125,27546.65,57.97,12.5,-16.5,0.991,-3.0,-0.4,3.0,-5.5,-18.1,1.099,21,1,0,0,1
116.7,21,isocontour,11.283791670955125,27631.96,58.15,-5.5,-18.0,1.103,0.3,1.7,1.7,-5.5,-18.0,1.099,21,2,0,0,2
116.7,22,isocontour,11.283791670955125,29552.22,62.19,-18.8,-8.9,0.988,0.2,0.9,0.9,-5.5,-18.1,1.099,21,3,0,0,3
116.7,23,isocontour,11.283791670955125,29348.84,61.76,-20.4,3.8,0.99,0.4,-1.0,1.1,-5.5,-18.1,1.099,21,4,0,0,4
116.7,24,isocontour,11.283791670955125,28067.12,59.06,1.8,-20.6,0.997,-0.3,1.4,1.4,-5.5,-18.1,1.099,21,2,0,0,2
116.7,25,isocontour,11.283791670955125,28082.24,59.1,-16.4,10.9,1.053,-1.4,-0.8,1.6,-5.5,-18.1,1.099,21,4,0,0,4
116.7,Target,,,,,0.0,0.0,4.023,0.0,0.0,,,,,,,,,
116.8,1,isocontour,11.283791670955125,24526.48,51.61,10.6,17.8,0.994,-0.6,-2.1,2.2,5.1,18.3,1.091,8,7,0,0,7
116.8,2,isocontour,11.283791670955125,23103.87,48.62,-0.3,20.7,0.993,2.9,0.2,2.9,-5.5,-18.1,1.099,21,7,0,0,7
116.8,3,isocontour,11.283791670955125,23817.7,50.12,4.0,20.5,0.982,-1.0,-0.7,1.2,-5.8,-18.0,1.098,21,7,0,0,7
116.8,4,isocontour,11.283791670955125,29244.54,61.54,17.2,11.7,0.989,-0.3,1.2,1.2,5.1,18.3,1.091,8,3,0,0,3
116.8,5,isocontour,11.283791670955125,27370.2,57.6,4.1,19.4,1.042,-2.8,-0.3,2.8,-5.8,-18.0,1.098,21,7,0,0,7
116.8,6,isocontour,11.283791670955125,28932.93,60.89,3.6,19.3,1.054,-1.2,-0.9,1.5,-5.8,-18.0,1.098,21,7,0,0,7
116.8,7,isocontour,11.283791670955125,26574.15,55.92,-16.8,12.2,0.99,-0.1,-1.2,1.2,-5.5,-18.1,1.099,21,4,0,0,4
116.8,8,isocontour,11.283791670955125,29667.79,62.43,4.3,18.7,1.079,-0.9,0.1,0.9,-5.8,-18.0,1.098,21,7,0,0,7
116.8,9,isocontour,11.283791670955125,26790.27,56.38,20.2,4.5,0.993,0.6,-2.5,2.6,5.1,18.3,1.091,8,3,0,0,3
116.8,10,isocontour,11.283791670955125,27531.59,57.94,15.6,11.5,1.068,1.9,-1.7,2.5,5.1,18.3,1.091,8,3,0,0,3
116.8,11,isocontour,11.283791670955125,29404.3,61.88,-18.1,-8.5,1.032,-0.2,2.5,2.5,-5.5,-18.1,1.099,21,3,0,0,3
116.8,12,isocontour,11.283791670955125,26626.61,56.03,-14.9,-14.5,0.99,-0.8,2.5,2.6,-5.5,-18.0,1.103,21,3,0,0,3
116.8,13,isocontour,11.283791670955125,25536.11,53.74,20.0,-5.8,0.989,0.0,1.2,1.2,5.1,18.3,1.091,8,1,0,0,1
116.8,14,isocontour,11.283791670955125,27673.96,58.24,6.9,-18.4,1.052,-1.4,0.1,1.4,-5.5,-18.1,1.099,21,2,0,0,2
116.8,15,isocontour,11.283791670955125,23643.35,49.75,-3.8,20.3,0.995,-2.7,-0.1,2.7,-5.5,-18.1,1.099,21,7,0,0,7
116.8,16,isocontour,11.283791670955125,42396.24,89.22,-20.0,6.0,0.982,-0.7,-2.5,2.6,-5.5,-18.1,1.099,21,4,0,0,4
116.8,17,isocontour,11.283791670955125,24816.98,52.22,3.0,19.7,1.036,-4.3,1.0,4.4,-5.8,-18.0,1.098,21,7,0,0,7
116.8,18,isocontour,11.283791670955125,29760.77,62.63,-10.4,18.0,0.988,2.8,0.1,2.8,-5.5,-18.1,1.099,21,4,0,0,4
116.8,19,isocontour,11.283791670955125,25385.64,53.42,-20.6,-2.6,0.993,-0.6,0.5,0.8,-5.5,-18.1,1.099,21,4,0,0,4
116.8,20,isocontour,11.283791670955125,27546.26,57.97,12.5,-16.5,0.991,0.6,0.2,0.6,-5.5,-18.1,1.099,21,1,0,0,1
116.8,21,isocontour,11.283791670955125,27603.61,58.09,-5.2,-18.0,1.107,2.8,-0.4,2.8,-5.2,-18.0,1.103,21,2,0,0,2
116.8,22,isocontour,11.283791670955125,29531.48,62.15,-18.9,-8.7,0.989,-1.0,2.3,2.5,-5.5,-18.1,1.099,21,3,0,0,3
116.8,23,isocontour,11.283791670955125,29322.54,61.71,-20.4,4.0,0.991,0.5,2.7,2.7,-5.5,-18.1,1.099,21,4,0,0,4
116.8,24,isocontour,11.283791670955125,28066.68,59.06,1.9,-20.5,0.998,0.7,0.1,0.7,-5.5,-18.0,1.103,21,2,0,0,2
116.8,25,isocontour,11.283791670955125,28077.41,59.09,-16.5,10.8,1.049,-1.3,-0.8,1.5,-5.5,-18.1,1.099,21,4,0,0,4
116.8,Target,,,,,0.0,0.0,4.023,0.0,0.0,,,,,,,,,
116.9,1,isocontour,11.283791670955125,24525.94,51.61,10.7,17.7,0.993,0.7,0.1,0.7,-5.8,-18.0,1.098,21,7,0,0,7
116.9,2,isocontour,11.283791670955125,23102.47,48.62,-0.4,20.8,0.99,-0.8,0.7,1.1,-5.5,-18.1,1.099,21,7,0,0,7
116.9,3,isocontour,11.283791670955125,23815.33,50.12,3.9,20.4,0.988,-0.8,-0.9,1.2,-5.5,-18.1,1.099,21,7,0,0,7
116.9,4,isocontour,11.283791670955125,29240.89,61.53,17.1,11.8,0.992,-1.2,0.7,1.4,5.1,18.3,1.091,8,3,0,0,3
116.9,5,isocontour,11.283791670955125,27368.25,57.59,4.0,19.5,1.041,-1.0,0.6,1.2,-5.5,-18.1,1.099,21,7,0,0,7
116.9,6,isocontour,11.283791670955125,28819.57,60.65,3.2,19.3,1.057,-4.5,0.4,4.5,-5.5,-18.1,1.099,21,7,0,0,7
116.9,7,isocontour,11.283791670955125,26537.94,55.85,-16.9,12.0,0.994,-1.0,-2.9,3.1,-5.5,-18.1,1.099,21,4,0,0,4
116.9,8,isocontour,11.283791670955125,29667.0,62.43,4.2,18.8,1.079,-0.8,0.3,0.9,-5.5,-18.1,1.099,21,7,0,0,7
116.9,9,isocontour,11.283791670955125,26771.19,56.34,20.3,4.3,0.992,0.7,-2.4,2.5,5.1,18.3,1.091,8,3,0,0,3
116.9,10,isocontour,11.283791670955125,27528.98,57.93,15.6,11.6,1.067,-0.5,1.2,1.3,5.1,18.3,1.091,8,3,0,0,3
116.9,11,isocontour,11.283791670955125,29379.41,61.83,-18.2,-8.2,1.036,-0.5,2.6,2.6,-5.5,-18.0,1.103,21,3,0,0,3
116.9,12,isocontour,11.283791670955125,26601.16,55.98,-14.9,-14.2,1.0,-0.1,2.7,2.7,-5.2,-18.0,1.107,21,3,0,0,3
116.9,13,isocontour,11.283791670955125,25499.54,53.66,19.9,-5.5,0.994,-0.3,3.0,3.0,5.1,18.3,1.091,8,1,0,0,1
116.9,14,isocontour,11.283791670955125,27642.48,58.17,6.7,-18.5,1.056,-2.9,-0.4,2.9,-5.5,-18.0,1.103,21,2,0,0,2
116.9,15,isocontour,11.283791670955125,23521.44,49.5,-4.2,20.3,0.99,-4.6,0.1,4.6,-5.5,-18.1,1.099,21,7,0,0,7
116.9,16,isocontour,11.283791670955125,42393.98,89.21,-20.0,5.9,0.986,0.8,-0.9,1.2,-5.5,-18.1,1.099,21,4,0,0,4
116.9,17,isocontour,11.283791670955125,24815.89,52.22,2.9,19.7,1.037,-0.9,-0.1,0.9,-5.5,-18.1,1.099,21,7,0,0,7
116.9,18,isocontour,11.283791670955125,29748.35,62.6,-10.2,17.9,0.998,1.8,-1.1,2.1,-5.5,-18.1,1.099,21,4,0,0,4
116.9,19,isocontour,11.283791670955125,25384.03,53.42,-20.6,-2.5,0.988,-1.0,0.5,1.1,-5.5,-18.1,1.099,21,4,0,0,4
116.9,20,isocontour,11.283791670955125,27545.8,57.97,12.6,-16.5,0.989,0.7,0.1,0.7,-5.5,-18.1,1.099,21,1,0,0,1
116.9,21,isocontour,11.283791670955125,27601.66,58.08,-5.1,-18.1,1.105,0.9,-0.7,1.1,-5.1,-18.1,1.107,21,2,0,0,2
116.9,22,isocontour,11.283791670955125,29525.45,62.13,-18.7,-8.6,0.997,1.5,0.7,1.7,-5.5,-18.0,1.103,21,3,0,0,3
116.9,23,isocontour,11.283791670955125,29317.89,61.7,-20.4,4.2,0.986,-0.9,1.2,1.5,-5.5,-18.1,1.099,21,4,0,0,4
116.9,24,isocontour,11.283791670955125,28057.97,59.04,2.0,-20.7,0.99,0.7,-1.7,1.8,-5.2,-18.0,1.107,21,2,0,0,2
116.9,25,isocontour,11.283791670955125,28053.33,59.03,-16.6,10.5,1.054,-0.4,-2.6,2.6,-5.5,-18.1,1.099,21,4,0,0,4
116.9,Target,,,,,0.0,0.0,4.023,0.0,0.0,,,,,,,,,
117.0,1,isocontour,11.283791670955125,24522.37,51.6,10.8,17.8,0.987,1.2,0.7,1.4,-5.5,-18.1,1.099,21,7,0,0,7
117.0,2,isocontour,11.283791670955125,23099.74,48.61,-0.5,20.9,0.985,-0.8,1.0,1.3,-5.5,-18.1,1.099,21,7,0,0,7
117.0,3,isocontour,11.283791670955125,23797.82,50.08,3.7,20.3,0.997,-1.9,-1.4,2.4,-5.5,-18.1,1.099,21,7,0,0,7
117.0,4,isocontour,11.283791670955125,29219.16,61.49,17.2,11.9,0.98,2.3,1.2,2.6,-5.8,-18.0,1.098,21,3,0,0,3
117.0,5,isocontour,11.283791670955125,27363.14,57.58,3.9,19.5,1.038,-1.4,0.8,1.6,-5.5,-18.1,1.099,21,7,0,0,7
117.0,6,isocontour,11.283791670955125,28788.42,60.58,3.4,19.3,1.055,2.9,0.1,2.9,-5.5,-18.1,1.099,21,7,0,0,7
117.0,7,isocontour,11.283791670955125,26506.79,55.78,-17.0,11.7,0.995,-1.6,-2.4,2.9,-5.5,-18.1,1.099,21,4,0,0,4
117.0,8,isocontour,11.283791670955125,29666.15,62.43,4.2,18.8,1.076,-0.5,0.7,0.9,-5.5,-18.1,1.099,21,7,0,0,7
117.0,9,isocontour,11.283791670955125,26744.32,56.28,20.5,4.1,0.983,2.4,-1.4,2.8,5.1,18.3,1.091,8,3,0,0,3
117.0,10,isocontour,11.283791670955125,27514.55,57.9,15.8,11.6,1.056,2.2,0.4,2.2,-5.8,-18.0,1.098,21,3,0,0,3
117.0,11,isocontour,11.283791670955125,29373.05,61.81,-18.1,-8.3,1.042,1.5,-0.9,1.7,-5.2,-18.0,1.107,21,3,0,0,3
117.0,12,isocontour,11.283791670955125,26579.18,55.93,-14.9,-14.4,0.996,0.8,-2.5,2.6,-5.2,-18.0,1.107,21,3,0,0,3
117.0,13,isocontour,11.283791670955125,25473.24,53.61,19.9,-5.7,0.994,-0.5,-2.7,2.7,5.1,18.3,1.091,8,1,0,0,1
117.0,14,isocontour,11.283791670955125,27620.5,58.12,6.8,-18.6,1.046,2.1,-1.4,2.5,-5.2,-18.0,1.107,21,2,0,0,2
117.0,15,isocontour,11.283791670955125,23412.56,49.27,-4.7,20.3,0.989,-4.3,-0.9,4.4,-5.5,-18.1,1.099,21,7,0,0,7
117.0,16,isocontour,11.283791670955125,42370.97,89.16,-19.8,6.0,0.992,1.7,2.0,2.6,-5.5,-18.1,1.099,21,4,0,0,4
117.0,17,isocontour,11.283791670955125,24815.67,52.22,2.8,19.8,1.035,-0.3,0.4,0.5,-5.5,-18.1,1.099,21,7,0,0,7
117.0,18,isocontour,11.283791670955125,29746.35,62.6,-10.0,17.9,1.002,1.2,0.1,1.2,-5.5,-18.1,1.099,21,4,0,0,4
117.0,19,isocontour,11.283791670955125,25330.82,53.31,-20.8,-2.8,0.98,-1.3,-3.2,3.5,-5.5,-18.0,1.103,21,4,0,0,4
117.0,20,isocontour,11.283791670955125,27543.48,57.96,12.5,-16.6,0.99,-1.1,-0.5,1.2,-5.5,-18.0,1.103,21,1,0,0,1
117.0,21,isocontour,11.283791670955125,27573.31,58.02,-5.3,-18.1,1.104,-2.7,0.7,2.8,-5.2,-18.0,1.107,21,2,0,0,2
117.0,22,isocontour,11.283791670955125,29503.21,62.09,-18.8,-8.4,1.0,-0.8,2.4,2.5,-5.2,-18.0,1.107,21,3,0,0,3
117.0,23,isocontour,11.283791670955125,29316.53,61.69,-20.4,4.3,0.983,-0.1,1.0,1.0,-5.5,-18.1,1.099,21,4,0,0,4
117.0,24,isocontour,11.283791670955125,28055.48,59.04,2.1,-20.7,0.988,1.2,0.1,1.2,-5.2,-18.0,1.107,21,2,0,0,2
117.0,25,isocontour,11.283791670955125,28033.08,58.99,-16.5,10.7,1.053,1.1,2.3,2.5,-5.5,-18.1,1.099,21,4,0,0,4
117.0,Target,,,,,0.0,0.0,4.023,0.0,0.0,,,,,,,,,
117.1,1,isocontour,11.283791670955125,24521.73,51.6,10.9,17.8,0.987,0.6,-0.5,0.8,-5.5,-18.1,1.099,21,7,0,0,7
117.1,2,isocontour,11.283791670955125,22998.07,48.4,-0.8,20.8,0.985,-4.3,-0.4,4.3,-5.5,-18.1,1.099,21,7,0,0,7
117.1,3,isocontour,11.283791670955125,23796.17,50.08,3.6,20.2,1.001,-0.9,-0.6,1.1,-5.5,-18.1,1.099,21,7,0,0,7
117.1,4,isocontour,11.283791670955125,29193.43,61.43,17.1,12.0,0.982,-2.1,1.7,2.7,-5.5,-18.1,1.099,21,3,0,0,3
117.1,5,isocontour,11.283791670955125,27355.86,57.57,3.9,19.7,1.03,0.9,1.5,1.7,-5.5,-18.1,1.099,21,7,0,0,7
117.1,6,isocontour,11.283791670955125,28711.25,60.42,3.1,19.4,1.054,-3.9,0.7,4.0,-5.5,-18.1,1.099,21,7,0,0,7
117.1,7,isocontour,11.283791670955125,26485.81,55.74,-17.2,11.9,0.985,-1.1,2.3,2.5,-5.5,-18.1,1.099,21,4,0,0,4
117.1,8,isocontour,11.283791670955125,29647.99,62.39,4.0,18.9,1.074,-2.3,0.8,2.4,-5.5,-18.1,1.099,21,7,0,0,7
117.1,9,isocontour,11.283791670955125,26687.36,56.16,20.5,3.8,0.987,-0.6,-3.5,3.6,-5.8,-18.0,1.098,21,3,0,0,3
117.1,10,isocontour,11.283791670955125,27510.16,57.89,15.7,11.7,1.059,-1.4,0.4,1.5,-5.5,-18.1,1.099,21,3,0,0,3
117.1,11,isocontour,11.283791670955125,29369.78,61.81,-18.1,-8.2,1.038,-1.3,0.5,1.4,-5.2,-18.0,1.107,21,3,0,0,3
117.1,12,isocontour,11.283791670955125,26434.51,55.63,-14.6,-14.7,0.993,3.1,-3.7,4.8,-5.2,-18.0,1.107,21,3,0,0,3
117.1,13,isocontour,11.283791670955125,25471.92,53.6,19.9,-5.7,0.995,0.1,1.0,1.0,5.1,18.3,1.091,8,1,0,0,1
117.1,14,isocontour,11.283791670955125,27620.09,58.12,6.9,-18.6,1.043,0.7,0.1,0.7,-5.2,-18.0,1.107,21,2,0,0,2
117.1,15,isocontour,11.283791670955125,23391.08,49.22,-4.5,20.1,0.998,2.0,-1.5,2.5,-5.5,-18.1,1.099,21,7,0,0,7
117.1,16,isocontour,11.283791670955125,42341.7,89.1,-19.9,5.8,0.993,-0.9,-2.7,2.8,-5.5,-18.0,1.103,21,4,0,0,4
117.1,17,isocontour,11.283791670955125,24806.4,52.2,2.9,19.9,1.026,1.0,1.6,1.9,-5.5,-18.1,1.099,21,7,0,0,7
117.1,18,isocontour,11.283791670955125,29743.42,62.59,-10.1,17.9,0.999,-1.3,0.2,1.3,-5.5,-18.1,1.099,21,4,0,0,4
117.1,19,isocontour,11.283791670955125,25325.9,53.3,-20.7,-2.9,0.983,1.1,-1.1,1.6,-5.2,-18.0,1.107,21,4,0,0,4
117.1,20,isocontour,11.283791670955125,27541.16,57.96,12.4,-16.6,0.991,-1.1,-0.5,1.2,-5.2,-18.0,1.107,21,2,0,0,2
117.1,21,isocontour,11.283791670955125,27572.81,58.02,-5.4,-18.0,1.105,-0.7,0.3,0.8,-5.2,-18.0,1.107,21,2,0,0,2
117.1,22,isocontour,11.283791670955125,29449.08,61.97,-19.1,-8.2,0.991,-2.8,2.0,3.4,-5.2,-18.0,1.107,21,3,0,0,3
117.1,23,isocontour,11.283791670955125,29315.4,61.69,-20.4,4.4,0.984,0.5,0.8,0.9,-5.5,-18.0,1.103,21,4,0,0,4
117.1,24,isocontour,11.283791670955125,28054.42,59.04,2.2,-20.6,0.991,0.5,0.8,0.9,-5.2,-18.0,1.107,21,3,0,0,3
117.1,25,isocontour,11.283791670955125,28024.1,58.97,-16.3,10.8,1.059,1.8,0.5,1.9,-5.5,-18.1,1.099,21,4,0,0,4
117.1,Target,,,,,0.0,0.0,4.023,0.0,0.0,,,,,,,,,
117.2,1,isocontour,11.283791670955125,24519.98,51.6,10.8,17.8,0.988,-1.0,0.4,1.1,-5.5,-18.1,1.099,21,7,0,0,7
117.2,2,isocontour,11.283791670955125,22994.86,48.39,-0.9,20.7,0.991,-0.6,-1.2,1.3,-5.5,-18.1,1.099,21,7,0,0,7
117.2,3,isocontour,11.283791670955125,23712.99,49.9,3.9,20.4,0.991,3.7,1.6,4.0,-5.5,-18.1,1.099,21,7,0,0,7
117.2,4,isocontour,11.283791670955125,29156.87,61.36,16.9,11.9,0.996,-2.1,-2.2,3.0,-5.5,-18.1,1.099,21,3,0,0,3
117.2,5,isocontour,11.283791670955125,27344.77,57.54,3.8,19.6,1.034,-1.8,-0.9,2.0,-5.5,-18.1,1.099,21,7,0,0,7
117.2,6,isocontour,11.283791670955125,28708.76,60.41,3.0,19.3,1.06,-0.1,-1.2,1.2,-5.5,-18.1,1.099,21,7,0,0,7
117.2,7,isocontour,11.283791670955125,26465.79,55.69,-17.0,12.1,0.984,1.7,1.9,2.5,-5.5,-18.0,1.103,21,4,0,0,4
117.2,8,isocontour,11.283791670955125,29624.18,62.34,3.7,19.0,1.074,-2.6,0.4,2.6,-5.5,-18.1,1.099,21,7,0,0,7
117.2,9,isocontour,11.283791670955125,26685.92,56.16,20.4,3.7,0.99,-0.3,-1.0,1.0,-5.5,-18.1,1.099,21,3,0,0,3
117.2,10,isocontour,11.283791670955125,27484.15,57.84,15.8,11.5,1.059,1.7,-2.2,2.8,-5.5,-18.1,1.099,21,3,0,0,3
117.2,11,isocontour,11.283791670955125,29360.65,61.79,-18.0,-8.3,1.042,1.6,-1.1,1.9,-5.2,-18.0,1.107,21,3,0,0,3
117.2,12,isocontour,11.283791670955125,26281.66,55.31,-14.3,-15.1,0.988,2.8,-4.1,5.0,-5.2,-18.0,1.107,21,3,0,0,3
117.2,13,isocontour,11.283791670955125,25471.19,53.6,19.8,-5.6,0.998,-0.3,0.8,0.9,-5.8,-18.0,1.098,21,1,0,0,1
117.2,14,isocontour,11.283791670955125,27599.36,58.08,7.1,-18.6,1.038,2.5,-0.3,2.5,-5.2,-18.0,1.107,21,2,0,0,2
117.2,15,isocontour,11.283791670955125,23368.33,49.18,-4.7,20.2,0.991,-2.3,1.3,2.6,-5.5,-18.1,1.099,21,7,0,0,7
117.2,16,isocontour,11.283791670955125,42314.24,89.05,-20.0,5.6,0.992,-0.9,-2.6,2.8,-5.2,-18.0,1.107,21,4,0,0,4
117.2,17,isocontour,11.283791670955125,24793.81,52.18,2.8,20.1,1.019,-1.7,1.3,2.1,-5.5,-18.1,1.099,21,7,0,0,7
117.2,18,isocontour,11.283791670955125,29701.64,62.5,-10.4,17.9,0.994,-3.1,-0.8,3.2,-5.5,-18.1,1.099,21,4,0,0,4
117.2,19,isocontour,11.283791670955125,25324.2,53.29,-20.6,-2.9,0.988,0.9,0.6,1.1,-5.2,-18.0,1.107,21,4,0,0,4
117.2,20,isocontour,11.283791670955125,27512.5,57.9,12.6,-16.6,0.986,2.8,0.5,2.8,-5.2,-18.0,1.107,21,2,0,0,2
117.2,21,isocontour,11.283791670955125,27553.5,57.98,-5.6,-18.0,1.104,-2.4,0.5,2.5,-5.2,-18.0,1.107,21,2,0,0,2
117.2,22,isocontour,11.283791670955125,29438.16,61.95,-19.2,-8.1,0.984,-1.8,1.0,2.1,-5.2,-18.0,1.107,21,3,0,0,3
117.2,23,isocontour,11.283791670955125,29314.26,61.69,-20.4,4.4,0.986,0.5,0.8,0.9,-5.2,-18.0,1.107,21,4,0,0,4
117.2,24,isocontour,11.283791670955125,28050.99,59.03,2.0,-20.6,0.993,-1.4,0.1,1.4,-5.2,-18.0,1.107,21,3,0,0,3
117.2,25,isocontour,11.283791670955125,28000.02,58.92,-16.2,11.0,1.06,1.4,2.3,2.7,-5.5,-18.0,1.103,21,4,0,0,4
117.2,Target,,,,,0.0,0.0,4.023,0.0,0.0,,,,,,,,,
117.3,1,isocontour,11.283791670955125,24495.91,51.55,10.7,17.6,1.0,-1.0,-2.5,2.7,-5.5,-18.1,1.099,21,7,0,0,7
117.3,2,isocontour,11.283791670955125,22967.4,48.33,-0.7,20.7,0.99,2.7,0.5,2.7,-5.5,-18.1,1.099,21,7,0,0,7
117.3,3,isocontour,11.283791670955125,23699.49,49.87,4.1,20.5,0.982,1.8,1.3,2.2,-5.5,-18.1,1.099,21,7,0,0,7
117.3,4,isocontour,11.283791670955125,29154.97,61.35,16.8,11.8,1.002,-0.1,-1.1,1.1,-5.5,-18.1,1.099,21,3,0,0,3
117.3,5,isocontour,11.283791670955125,27343.49,57.54,3.7,19.6,1.036,-1.0,0.1,1.0,-5.5,-18.1,1.099,21,7,0,0,7
117.3,6,isocontour,11.283791670955125,28706.81,60.41,3.0,19.4,1.057,-0.7,0.9,1.1,-5.5,-18.1,1.099,21,7,0,0,7
117.3,7,isocontour,11.283791670955125,26453.37,55.67,-16.9,11.9,0.993,0.8,-2.0,2.2,-5.2,-18.0,1.107,21,4,0,0,4
117.3,8,isocontour,11.283791670955125,29623.27,62.34,3.6,19.0,1.072,-0.7,0.5,0.9,-5.5,-18.1,1.099,21,7,0,0,7
117.3,9,isocontour,11.283791670955125,26665.42,56.11,20.6,3.7,0.979,2.3,1.1,2.5,-5.5,-18.1,1.099,21,3,0,0,3
117.3,10,isocontour,11.283791670955125,27468.74,57.8,16.0,11.3,1.059,1.4,-1.8,2.3,-5.5,-18.1,1.099,21,3,0,0,3
117.3,11,isocontour,11.283791670955125,29332.0,61.73,-17.9,-8.6,1.043,1.3,-2.5,2.8,-5.2,-18.0,1.107,21,3,0,0,3
117.3,12,isocontour,11.283791670955125,26271.05,55.28,-14.1,-15.2,0.993,2.0,-0.1,2.0,-5.2,-18.0,1.107,21,3,0,0,3
117.3,13,isocontour,11.283791670955125,25469.98,53.6,19.9,-5.7,0.995,0.5,-0.8,0.9,-5.5,-18.1,1.099,21,1,0,0,1
117.3,14,isocontour,11.283791670955125,27562.79,58.0,6.9,-18.7,1.038,-3.0,-0.8,3.1,-5.2,-18.0,1.107,21,2,0,0,2
117.3,15,isocontour,11.283791670955125,23342.88,49.12,-5.0,20.2,0.986,-2.7,0.2,2.7,-5.5,-18.1,1.099,21,7,0,0,7
117.3,16,isocontour,11.283791670955125,42313.1,89.04,-20.0,5.5,0.99,-0.5,-0.8,0.9,-5.2,-18.0,1.107,21,4,0,0,4
117.3,17,isocontour,11.283791670955125,24792.33,52.17,2.7,20.0,1.022,-0.9,-0.5,1.0,-5.5,-18.1,1.099,21,7,0,0,7
117.3,18,isocontour,11.283791670955125,29667.51,62.43,-10.7,17.8,0.991,-2.8,-1.0,3.0,-5.5,-18.0,1.103,21,4,0,0,4
117.3,19,isocontour,11.283791670955125,25323.58,53.29,-20.6,-2.8,0.99,0.1,0.8,0.8,-5.2,-18.0,1.107,21,4,0,0,4
117.3,20,isocontour,11.283791670955125,27512.0,57.9,12.7,-16.5,0.985,0.4,0.6,0.7,-5.2,-18.0,1.107,21,1,0,0,1
117.3,21,isocontour,11.283791670955125,27518.0,57.91,-5.4,-18.0,1.105,3.0,-0.6,3.1,-5.2,-18.0,1.107,21,2,0,0,2
117.3,22,isocontour,11.283791670955125,29417.42,61.91,-19.3,-8.3,0.978,0.1,-2.5,2.5,-5.2,-18.0,1.107,21,3,0,0,3
117.3,23,isocontour,11.283791670955125,29312.05,61.68,-20.3,4.4,0.991,0.7,-1.0,1.2,-5.2,-18.0,1.107,21,4,0,0,4
117.3,24,isocontour,11.283791670955125,28041.44,59.01,2.1,-20.8,0.984,0.7,-1.8,1.9,-5.2,-18.0,1.107,21,2,0,0,2
117.3,25,isocontour,11.283791670955125,27985.01,58.89,-16.0,11.2,1.061,1.4,1.8,2.3,-5.2,-18.0,1.107,21,4,0,0,4
117.3,Target,,,,,0.0,0.0,4.023,0.0,0.0,,,,,,,,,
117.4,1,isocontour,11.283791670955125,24486.21,51.53,10.6,17.7,0.997,-0.8,1.8,2.0,-5.5,-18.1,1.099,21,7,0,0,7
117.4,2,isocontour,11.283791670955125,22964.6,48.33,-0.7,20.8,0.985,-0.9,1.0,1.3,-5.5,-18.0,1.103,21,7,0,0,7
117.4,3,isocontour,11.283791670955125,23690.79,49.85,4.3,20.6,0.976,1.8,0.6,1.9,-5.5,-18.1,1.099,21,7,0,0,7
117.4,4,isocontour,11.283791670955125,29142.89,61.33,17.0,11.7,0.998,1.9,-0.9,2.1,-5.5,-18.1,1.099,21,3,0,0,3
117.4,5,isocontour,11.283791670955125,27317.19,57.49,3.9,19.6,1.036,2.7,-0.6,2.8,-5.5,-18.1,1.099,21,7,0,0,7
117.4,6,isocontour,11.283791670955125,28675.66,60.34,3.2,19.3,1.057,2.8,-0.6,2.9,-5.5,-18.1,1.099,21,7,0,0,7
117.4,7,isocontour,11.283791670955125,26450.02,55.66,-17.0,12.0,0.989,-0.7,1.2,1.4,-5.2,-18.0,1.107,21,4,0,0,4
117.4,8,isocontour,11.283791670955125,29591.48,62.27,3.9,18.9,1.073,2.8,-0.9,2.9,-5.5,-18.1,1.099,21,7,0,0,7
117.4,9,isocontour,11.283791670955125,26644.93,56.07,20.6,3.9,0.981,-1.2,2.2,2.5,-5.5,-18.1,1.099,21,3,0,0,3
117.4,10,isocontour,11.283791670955125,27467.38,57.8,15.9,11.3,1.061,-0.8,0.6,1.0,-5.5,-18.1,1.099,21,3,0,0,3
117.4,11,isocontour,11.283791670955125,29299.22,61.66,-17.7,-8.8,1.046,1.8,-2.4,3.0,-5.2,-18.0,1.107,21,3,0,0,3
117.4,12,isocontour,11.283791670955125,26269.73,55.28,-14.0,-15.1,0.999,0.6,0.8,1.0,-5.2,-18.0,1.107,21,3,0,0,3
117.4,13,isocontour,11.283791670955125,25469.1,53.6,19.8,-5.6,0.998,-0.5,0.7,0.9,-5.5,-18.1,1.099,21,1,0,0,1
117.4,14,isocontour,11.283791670955125,27541.81,57.96,7.1,-18.6,1.037,2.5,0.7,2.6,-5.2,-18.0,1.107,21,2,0,0,2
117.4,15,isocontour,11.283791670955125,23339.38,49.11,-4.9,20.1,0.991,0.8,-1.1,1.4,-5.5,-18.0,1.103,21,7,0,0,7
117.4,16,isocontour,11.283791670955125,42282.59,88.98,-20.3,5.4,0.977,-2.9,-0.2,2.9,-5.2,-18.0,1.107,21,4,0,0,4
117.4,17,isocontour,11.283791670955125,24761.81,52.11,2.9,20.0,1.024,2.8,-0.8,2.9,-5.5,-18.1,1.099,21,7,0,0,7
117.4,18,isocontour,11.283791670955125,29650.44,62.4,-10.7,17.9,0.984,1.0,2.1,2.3,-5.2,-18.0,1.107,21,4,0,0,4
117.4,19,isocontour,11.283791670955125,25323.0,53.29,-20.6,-2.7,0.991,0.1,0.8,0.8,-5.2,-18.0,1.107,21,4,0,0,4
117.4,20,isocontour,11.283791670955125,27509.39,57.89,12.6,-16.5,0.988,-1.2,-0.2,1.2,-5.2,-18.0,1.107,21,1,0,0,1
117.4,21,isocontour,11.283791670955125,27496.77,57.86,-5.6,-18.0,1.105,-2.5,0.6,2.6,-5.2,-18.0,1.107,21,2,0,0,2
117.4,22,isocontour,11.283791670955125,29412.59,61.9,-19.1,-8.3,0.984,1.5,-0.3,1.5,-5.2,-18.0,1.107,21,3,0,0,3
117.4,23,isocontour,11.283791670955125,29282.79,61.62,-20.3,4.1,0.99,-0.8,-2.7,2.8,-5.2,-18.0,1.107,21,4,0,0,4
117.4,24,isocontour,11.283791670955125,28034.04,58.99,2.2,-20.8,0.981,1.8,-0.1,1.8,-5.2,-18.0,1.107,21,2,0,0,2
117.4,25,isocontour,11.283791670955125,27977.48,58.88,-16.2,11.1,1.056,-1.6,-0.8,1.8,-5.2,-18.0,1.107,21,4,0,0,4
117.4,Target,,,,,0.0,0.0,4.023,0.0,0.0,,,,,,,,,
117.5,1,isocontour,11.283791670955125,24483.83,51.52,10.7,17.8,0.992,1.2,0.4,1.3,-5.5,-18.1,1.099,21,7,0,0,7
117.5,2,isocontour,11.283791670955125,22956.03,48.31,-0.9,20.7,0.991,-1.2,-1.4,1.8,-5.2,-18.0,1.107,21,7,0,0,7
117.5,3,isocontour,11.283791670955125,23671.94,49.81,4.4,20.4,0.986,0.1,-2.4,2.4,-5.5,-18.0,1.103,21,7,0,0,7
117.5,4,isocontour,11.283791670955125,29130.3,61.3,17.2,11.6,0.99,2.1,-0.6,2.2,-5.5,-18.1,1.099,21,3,0,0,3
117.5,5,isocontour,11.283791670955125,27315.58,57.48,4.0,19.5,1.039,0.8,-0.7,1.1,-5.5,-18.0,1.103,21,7,0,0,7
117.5,6,isocontour,11.283791670955125,28644.51,60.28,3.5,19.3,1.058,2.8,-0.6,2.9,-5.5,-18.0,1.103,21,7,0,0,7
117.5,7,isocontour,11.283791670955125,26447.87,55.66,-17.1,11.9,0.987,-0.8,-0.9,1.2,-5.2,-18.0,1.107,21,4,0,0,4
117.5,8,isocontour,11.283791670955125,29590.12,62.27,4.0,18.9,1.073,1.0,-0.0,1.0,-5.5,-18.0,1.103,21,7,0,0,7
117.5,9,isocontour,11.283791670955125,26624.44,56.03,20.3,4.0,0.993,-2.5,0.1,2.5,-5.5,-18.1,1.099,21,3,0,0,3
117.5,10,isocontour,11.283791670955125,27464.31,57.8,15.8,11.4,1.064,-1.2,0.7,1.4,-5.5,-18.1,1.099,21,3,0,0,3
117.5,11,isocontour,11.283791670955125,29272.05,61.6,-17.6,-9.1,1.044,0.8,-2.6,2.7,-5.2,-18.0,1.107,21,3,0,0,3
117.5,12,isocontour,11.283791670955125,26243.43,55.23,-13.8,-15.3,1.001,2.2,-1.7,2.8,-5.2,-18.0,1.107,21,3,0,0,3
117.5,13,isocontour,11.283791670955125,25467.01,53.59,19.8,-5.7,0.999,-0.5,-1.1,1.2,-5.5,-18.1,1.099,21,1,0,0,1
117.5,14,isocontour,11.283791670955125,27540.45,57.96,7.1,-18.6,1.04,0.6,0.8,1.0,-5.2,-18.0,1.107,21,2,0,0,2
117.5,15,isocontour,11.283791670955125,23338.14,49.11,-4.8,20.1,0.993,1.0,0.2,1.0,-5.2,-18.0,1.107,21,7,0,0,7
117.5,16,isocontour,11.283791670955125,42274.15,88.96,-20.4,5.3,0.976,-0.4,-1.8,1.8,-5.2,-18.0,1.107,21,4,0,0,4
117.5,17,isocontour,11.283791670955125,24759.66,52.1,3.0,19.9,1.028,0.8,-0.8,1.1,-5.5,-18.0,1.103,21,7,0,0,7
117.5,18,isocontour,11.283791670955125,29640.89,62.38,-10.7,17.8,0.987,-1.0,-1.7,2.0,-5.2,-18.0,1.107,21,4,0,0,4
117.5,19,isocontour,11.283791670955125,25321.2,53.29,-20.6,-2.8,0.99,-0.1,-1.1,1.1,-5.2,-18.0,1.107,21,4,0,0,4
117.5,20,isocontour,11.283791670955125,27472.11,57.81,12.3,-16.7,0.992,-2.8,-1.3,3.1,-5.2,-18.0,1.107,21,2,0,0,2
117.5,21,isocontour,11.283791670955125,27480.12,57.83,-5.8,-17.9,1.102,-2.3,0.2,2.3,-5.2,-18.0,1.107,21,2,0,0,2
117.5,22,isocontour,11.283791670955125,29409.24,61.89,-19.0,-8.4,0.988,1.2,-0.7,1.4,-5.2,-18.0,1.107,21,3,0,0,3
117.5,23,isocontour,11.283791670955125,29280.11,61.62,-20.4,4.2,0.986,-0.6,1.1,1.3,-5.2,-18.0,1.107,21,4,0,0,4
117.5,24,isocontour,11.283791670955125,28011.54,58.95,2.5,-20.7,0.985,2.4,1.1,2.6,-5.2,-18.0,1.107,21,3,0,0,3
117.5,25,isocontour,11.283791670955125,27948.82,58.81,-16.3,10.9,1.055,-1.7,-2.2,2.8,-5.2,-18.0,1.107,21,4,0,0,4
117.5,Target,,,,,0.0,0.0,4.023,0.0,0.0,,,,,,,,,
117.6,1,isocontour,11.283791670955125,24458.94,51.47,10.9,17.7,0.989,2.6,-0.8,2.7,-5.5,-18.0,1.103,21,7,0,0,7
117.6,2,isocontour,11.283791670955125,22954.75,48.31,-0.8,20.7,0.993,1.0,-0.0,1.0,-5.2,-18.0,1.107,21,7,0,0,7
117.6,3,isocontour,11.283791670955125,23667.56,49.81,4.3,20.2,0.995,-1.0,-1.2,1.6,-5.2,-18.0,1.107,21,7,0,0,7
117.6,4,isocontour,11.283791670955125,29037.52,61.11,17.5,11.8,0.97,3.4,2.5,4.2,-5.5,-18.1,1.099,21,3,0,0,3
117.6,5,isocontour,11.283791670955125,27312.78,57.48,3.9,19.5,1.037,-1.1,0.7,1.3,-5.2,-18.0,1.107,21,7,0,0,7
117.6,6,isocontour,11.283791670955125,28643.55,60.28,3.4,19.3,1.057,-0.8,0.3,0.9,-5.2,-18.0,1.107,21,7,0,0,7
117.6,7,isocontour,11.283791670955125,26430.59,55.62,-16.9,11.8,0.998,2.0,-1.3,2.4,-5.2,-18.0,1.107,21,4,0,0,4
117.6,8,isocontour,11.283791670955125,29564.67,62.22,3.8,19.0,1.073,-2.7,0.5,2.7,-5.2,-18.0,1.107,21,7,0,0,7
117.6,9,isocontour,11.283791670955125,26623.47,56.03,20.3,4.1,0.994,-0.1,0.9,0.9,-5.5,-18.1,1.099,21,3,0,0,3
117.6,10,isocontour,11.283791670955125,27461.94,57.79,15.8,11.3,1.068,-0.0,-1.2,1.2,-5.5,-18.1,1.099,21,3,0,0,3
117.6,11,isocontour,11.283791670955125,29269.73,61.59,-17.6,-9.2,1.044,0.7,-1.0,1.2,-5.2,-18.0,1.107,21,3,0,0,3
117.6,12,isocontour,11.283791670955125,26241.86,55.22,-13.9,-15.2,0.999,-1.0,0.3,1.0,-5.2,-18.0,1.107,21,3,0,0,3
117.6,13,isocontour,11.283791670955125,25462.96,53.58,19.7,-5.8,1.001,-0.8,-1.3,1.5,-5.5,-18.1,1.099,21,1,0,0,1
117.6,14,isocontour,11.283791670955125,27518.47,57.91,7.4,-18.5,1.039,2.5,0.7,2.6,-5.2,-18.0,1.107,21,2,0,0,2
117.6,15,isocontour,11.283791670955125,23212.21,48.85,-5.2,20.1,0.99,-4.6,-0.5,4.6,-5.2,-18.0,1.107,21,7,0,0,7
117.6,16,isocontour,11.283791670955125,42239.69,88.89,-20.2,5.1,0.988,2.2,-2.0,3.0,-5.2,-18.0,1.107,21,4,0,0,4
117.6,17,isocontour,11.283791670955125,24757.61,52.1,2.9,19.8,1.033,-0.9,-0.7,1.1,-5.2,-18.0,1.107,21,7,0,0,7
117.6,18,isocontour,11.283791670955125,29615.99,62.32,-10.5,17.8,0.995,2.7,-0.0,2.7,-5.2,-18.0,1.107,21,4,0,0,4
117.6,19,isocontour,11.283791670955125,25277.44,53.19,-20.6,-3.1,0.984,-0.7,-3.2,3.3,-5.2,-18.0,1.107,21,4,0,0,4
117.6,20,isocontour,11.283791670955125,27471.66,57.81,12.3,-16.6,0.993,0.5,0.4,0.6,-5.2,-18.0,1.107,21,2,0,0,2
117.6,21,isocontour,11.283791670955125,27479.27,57.83,-5.9,-17.9,1.102,-0.8,0.4,0.9,-5.2,-18.0,1.107,21,2,0,0,2
117.6,22,isocontour,11.283791670955125,29402.08,61.87,-18.9,-8.5,0.995,1.6,-0.7,1.7,-5.2,-18.0,1.107,21,3,0,0,3
117.6,23,isocontour,11.283791670955125,29250.22,61.55,-20.3,4.0,0.994,1.2,-2.6,2.9,-5.2,-18.0,1.107,21,4,0,0,4
117.6,24,isocontour,11.283791670955125,27990.56,58.9,2.7,-20.6,0.988,2.4,0.9,2.6,-5.2,-18.0,1.107,21,3,0,0,3
117.6,25,isocontour,11.283791670955125,27934.39,58.78,-16.4,10.7,1.059,-0.4,-2.2,2.2,-5.2,-18.0,1.107,21,4,0,0,4
117.6,Target,,,,,0.0,0.0,4.023,0.0,0.0,,,,,,,,,
117.7,1,isocontour,11.283791670955125,24457.28,51.47,10.9,17.7,0.989,-1.0,0.3,1.0,-5.2,-18.0,1.107,21,7,0,0,7
117.7,2,isocontour,11.283791670955125,22946.04,48.29,-0.9,20.8,0.985,-1.1,1.5,1.9,-5.2,-18.0,1.107,21,7,0,0,7
117.7,3,isocontour,11.283791670955125,23642.11,49.75,4.5,20.2,0.994,2.7,-0.2,2.7,-5.2,-18.0,1.107,21,7,0,0,7
117.7,4,isocontour,11.283791670955125,29034.85,61.1,17.6,11.7,0.969,0.1,-1.3,1.3,-5.5,-18.0,1.103,21,3,0,0,3
117.7,5,isocontour,11.283791670955125,27306.96,57.46,3.9,19.7,1.029,-0.2,1.6,1.6,-5.2,-18.0,1.107,21,7,0,0,7
117.7,6,isocontour,11.283791670955125,28617.53,60.22,3.2,19.4,1.053,-2.4,1.3,2.7,-5.2,-18.0,1.107,21,7,0,0,7
117.7,7,isocontour,11.283791670955125,26422.8,55.6,-16.9,11.9,0.992,-1.0,1.5,1.8,-5.2,-18.0,1.107,21,4,0,0,4
117.7,8,isocontour,11.283791670955125,29564.31,62.21,3.8,18.9,1.075,0.4,-0.5,0.6,-5.2,-18.0,1.107,21,7,0,0,7
117.7,9,isocontour,11.283791670955125,26620.73,56.02,20.4,4.0,0.99,1.0,-0.7,1.2,-5.5,-18.1,1.099,21,3,0,0,3
117.7,10,isocontour,11.283791670955125,27435.35,57.73,15.9,11.1,1.069,1.6,-2.3,2.8,-5.5,-18.0,1.103,21,3,0,0,3
117.7,11,isocontour,11.283791670955125,29231.72,61.51,-17.4,-9.4,1.046,1.7,-2.6,3.1,-5.2,-18.0,1.107,21,3,0,0,3
117.7,12,isocontour,11.283791670955125,26210.07,55.16,-13.8,-15.5,0.994,1.4,-2.6,3.0,-5.2,-18.0,1.107,21,3,0,0,3
117.7,13,isocontour,11.283791670955125,25451.39,53.56,19.8,-6.0,0.996,0.7,-2.0,2.1,-5.5,-18.1,1.099,21,1,0,0,1
117.7,14,isocontour,11.283791670955125,27517.79,57.91,7.5,-18.4,1.04,0.6,0.5,0.8,-5.2,-18.0,1.107,21,2,0,0,2
117.7,15,isocontour,11.283791670955125,23090.3,48.59,-5.7,20.1,0.983,-4.6,0.2,4.6,-5.2,-18.0,1.107,21,7,0,0,7
117.7,16,isocontour,11.283791670955125,42216.41,88.84,-20.1,5.3,0.991,0.8,2.5,2.6,-5.2,-18.0,1.107,21,4,0,0,4
117.7,17,isocontour,11.283791670955125,24730.15,52.04,2.7,19.8,1.036,-2.8,-0.1,2.8,-5.2,-18.0,1.107,21,7,0,0,7
117.7,18,isocontour,11.283791670955125,29613.32,62.32,-10.5,17.9,0.99,-0.5,1.2,1.3,-5.2,-18.0,1.107,21,4,0,0,4
117.7,19,isocontour,11.283791670955125,25274.82,53.19,-20.5,-3.1,0.989,1.2,0.3,1.2,-5.2,-18.0,1.107,21,4,0,0,4
117.7,20,isocontour,11.283791670955125,27470.6,57.81,12.4,-16.6,0.994,0.6,0.7,0.9,-5.2,-18.0,1.107,21,2,0,0,2
117.7,21,isocontour,11.283791670955125,27476.96,57.82,-6.0,-17.8,1.105,-0.8,0.9,1.2,-5.2,-18.0,1.107,21,2,0,0,2
117.7,22,isocontour,11.283791670955125,29401.54,61.87,-18.9,-8.5,0.994,-0.6,0.5,0.8,-5.2,-18.0,1.107,21,3,0,0,3
117.7,23,isocontour,11.283791670955125,29225.33,61.5,-20.3,3.7,0.996,-0.2,-2.7,2.7,-5.2,-18.0,1.107,21,4,0,0,4
117.7,24,isocontour,11.283791670955125,27968.83,58.86,3.0,-20.5,0.991,2.4,1.0,2.6,-5.2,-18.0,1.107,21,3,0,0,3
117.7,25,isocontour,11.283791670955125,27909.5,58.73,-16.4,10.9,1.053,0.1,2.7,2.7,-5.2,-18.0,1.107,21,4,0,0,4
117.7,Target,,,,,0.0,0.0,4.023,0.0,0.0,,,,,,,,,
117.8,1,isocontour,11.283791670955125,24424.5,51.4,10.6,17.8,0.994,-2.9,0.7,3.0,-5.2,-18.0,1.107,21,7,0,0,7
117.8,2,isocontour,11.283791670955125,22943.67,48.28,-0.9,20.8,0.99,0.3,-1.2,1.2,-5.2,-18.0,1.107,21,7,0,0,7
117.8,3,isocontour,11.283791670955125,23640.17,49.75,4.6,20.3,0.988,0.3,1.1,1.1,-5.2,-18.0,1.107,21,7,0,0,7
117.8,4,isocontour,11.283791670955125,29032.47,61.1,17.5,11.7,0.976,-0.9,-0.8,1.2,-5.2,-18.0,1.107,21,3,0,0,3
117.8,5,isocontour,11.283791670955125,27305.56,57.46,3.8,19.7,1.029,-1.0,-0.1,1.0,-5.2,-18.0,1.107,21,7,0,0,7
117.8,6,isocontour,11.283791670955125,28614.03,60.21,3.2,19.5,1.045,0.4,1.3,1.4,-5.2,-18.0,1.107,21,7,0,0,7
117.8,7,isocontour,11.283791670955125,26322.54,55.39,-16.9,12.3,0.983,0.9,4.2,4.3,-5.2,-18.0,1.107,21,4,0,0,4
117.8,8,isocontour,11.283791670955125,29544.3,62.17,3.7,19.1,1.066,-1.4,2.1,2.5,-5.2,-18.0,1.107,21,7,0,0,7
117.8,9,isocontour,11.283791670955125,26617.73,56.01,20.4,4.1,0.985,0.7,1.1,1.3,-5.5,-18.0,1.103,21,3,0,0,3
117.8,10,isocontour,11.283791670955125,27406.38,57.67,16.1,10.9,1.07,1.3,-2.5,2.8,-5.2,-18.0,1.107,21,3,0,0,3
117.8,11,isocontour,11.283791670955125,29226.8,61.5,-17.3,-9.5,1.048,1.1,-1.1,1.6,-5.2,-18.0,1.107,21,3,0,0,3
117.8,12,isocontour,11.283791670955125,26188.84,55.11,-13.7,-15.7,0.985,0.3,-2.5,2.5,-5.2,-18.0,1.107,21,3,0,0,3
117.8,13,isocontour,11.283791670955125,25449.73,53.56,19.8,-6.1,0.993,0.1,-1.1,1.1,-5.5,-18.1,1.099,21,1,0,0,1
117.8,14,isocontour,11.283791670955125,27497.05,57.86,7.7,-18.4,1.037,2.5,0.4,2.5,-5.2,-18.0,1.107,21,2,0,0,2
117.8,15,isocontour,11.283791670955125,23087.87,48.59,-5.7,20.1,0.986,1.0,-0.7,1.2,-5.2,-18.0,1.107,21,7,0,0,7
117.8,16,isocontour,11.283791670955125,42215.13,88.84,-20.1,5.2,0.989,-0.6,-0.8,1.0,-5.2,-18.0,1.107,21,4,0,0,4
117.8,17,isocontour,11.283791670955125,24728.35,52.04,2.7,19.7,1.038,1.0,-0.5,1.1,-5.2,-18.0,1.107,21,7,0,0,7
117.8,18,isocontour,11.283791670955125,29613.02,62.32,-10.5,17.9,0.991,0.0,-0.6,0.6,-5.2,-18.0,1.107,21,4,0,0,4
117.8,19,isocontour,11.283791670955125,25252.07,53.14,-20.5,-2.9,0.995,0.6,2.5,2.6,-5.2,-18.0,1.107,21,4,0,0,4
117.8,20,isocontour,11.283791670955125,27443.14,57.75,12.6,-16.4,0.993,2.3,1.6,2.8,-5.2,-18.0,1.107,21,2,0,0,2
117.8,21,isocontour,11.283791670955125,27453.94,57.77,-6.2,-17.8,1.103,-2.6,0.2,2.6,-5.2,-18.0,1.107,21,2,0,0,2
117.8,22,isocontour,11.283791670955125,29359.36,61.78,-19.2,-8.4,0.982,-3.1,0.7,3.2,-5.2,-18.0,1.107,21,3,0,0,3
117.8,23,isocontour,11.283791670955125,29190.52,61.43,-20.5,3.4,0.991,-1.7,-2.5,3.0,-5.2,-18.0,1.107,21,4,0,0,4
117.8,24,isocontour,11.283791670955125,27934.02,58.78,2.7,-20.6,0.991,-3.0,-0.6,3.1,-5.2,-18.0,1.107,21,3,0,0,3
117.8,25,isocontour,11.283791670955125,27907.5,58.73,-16.4,10.9,1.05,-0.8,-0.8,1.1,-5.2,-18.0,1.107,21,4,0,0,4
117.8,Target,,,,,0.0,0.0,4.023,0.0,0.0,,,,,,,,,
117.9,1,isocontour,11.283791670955125,24423.76,51.4,10.5,17.8,0.995,-0.7,0.4,0.8,-5.2,-18.0,1.107,21,7,0,0,7
117.9,2,isocontour,11.283791670955125,22926.6,48.25,-1.1,20.7,0.994,-2.3,-0.7,2.4,-5.2,-18.0,1.107,21,7,0,0,7
117.9,3,isocontour,11.283791670955125,23634.76,49.74,4.7,20.3,0.987,1.6,-0.4,1.6,-5.2,-18.0,1.107,21,7,0,0,7
117.9,4,isocontour,11.283791670955125,29028.43,61.09,17.4,11.6,0.983,-1.5,-0.2,1.5,-5.2,-18.0,1.107,21,3,0,0,3
117.9,5,isocontour,11.283791670955125,27295.42,57.44,3.7,19.5,1.039,-0.2,-2.0,2.0,-5.2,-18.0,1.107,21,7,0,0,7
117.9,6,isocontour,11.283791670955125,28582.24,60.15,3.5,19.5,1.046,2.8,-1.0,3.0,-5.2,-18.0,1.107,21,7,0,0,7
117.9,7,isocontour,11.283791670955125,26321.48,55.39,-16.9,12.3,0.984,-0.1,-0.9,0.9,-5.2,-18.0,1.107,21,4,0,0,4
117.9,8,isocontour,11.283791670955125,29526.35,62.13,3.8,19.3,1.055,1.8,1.6,2.4,-5.2,-18.0,1.107,21,7,0,0,7
117.9,9,isocontour,11.283791670955125,26593.11,55.96,20.5,3.9,0.985,0.5,-2.6,2.6,-5.2,-18.0,1.107,21,3,0,0,3
117.9,10,isocontour,11.283791670955125,27380.65,57.62,15.9,11.0,1.072,-1.8,2.1,2.8,-5.2,-18.0,1.107,21,3,0,0,3
117.9,11,isocontour,11.283791670955125,29206.3,61.46,-17.4,-9.4,1.047,-1.3,2.1,2.5,-5.2,-18.0,1.107,21,3,0,0,3
117.9,12,isocontour,11.283791670955125,26180.93,55.09,-13.9,-15.7,0.98,-1.8,0.5,1.9,-5.2,-18.0,1.107,21,3,0,0,3
117.9,13,isocontour,11.283791670955125,25449.19,53.55,19.8,-6.1,0.993,0.1,0.7,0.7,-5.5,-18.0,1.103,21,1,0,0,1
117.9,14,isocontour,11.283791670955125,27494.79,57.86,7.8,-18.3,1.039,0.8,0.9,1.2,-5.2,-18.0,1.107,21,2,0,0,2
117.9,15,isocontour,11.283791670955125,23086.25,48.58,-5.6,20.0,0.989,1.0,-0.3,1.0,-5.2,-18.0,1.107,21,7,0,0,7
117.9,16,isocontour,11.283791670955125,42209.1,88.82,-20.3,5.2,0.982,-1.6,-0.4,1.6,-5.2,-18.0,1.107,21,4,0,0,4
117.9,17,isocontour,11.283791670955125,24727.69,52.04,2.7,19.7,1.038,-0.8,0.2,0.8,-5.2,-18.0,1.107,21,7,0,0,7
117.9,18,isocontour,11.283791670955125,29611.13,62.31,-10.6,17.8,0.993,-0.9,-0.7,1.1,-5.2,-18.0,1.107,21,4,0,0,4
117.9,19,isocontour,11.283791670955125,25216.22,53.06,-20.5,-3.1,0.994,0.0,-3.0,3.0,-5.2,-18.0,1.107,21,4,0,0,4
117.9,20,isocontour,11.283791670955125,27393.5,57.65,12.9,-16.4,0.985,3.4,0.5,3.4,-5.2,-18.0,1.107,21,2,0,0,2
117.9,21,isocontour,11.283791670955125,27452.0,57.77,-6.2,-17.8,1.1,0.9,-0.6,1.1,-5.2,-18.0,1.107,21,2,0,0,2
117.9,22,isocontour,11.283791670955125,29330.7,61.72,-19.3,-8.2,0.98,-1.0,2.7,2.9,-5.2,-18.0,1.107,21,3,0,0,3
117.9,23,isocontour,11.283791670955125,29137.76,61.32,-20.6,3.7,0.982,-1.0,3.3,3.4,-5.2,-18.0,1.107,21,4,0,0,4
117.9,24,isocontour,11.283791670955125,27796.36,58.49,2.3,-20.7,0.988,-4.6,-1.1,4.7,-5.2,-18.0,1.107,21,3,0,0,3
117.9,25,isocontour,11.283791670955125,27882.05,58.67,-16.6,10.6,1.051,-1.2,-2.4,2.7,-5.2,-18.0,1.107,21,4,0,0,4
117.9,Target,,,,,0.0,0.0,4.023,0.0,0.0,,,,,,,,,
118.0,1,isocontour,11.283791670955125,24421.61,51.39,10.6,17.7,0.996,0.9,-0.8,1.2,10.6,17.7,0.995,1,7,0,0,7
118.0,2,isocontour,11.283791670955125,22925.36,48.24,-1.0,20.7,0.993,0.9,0.3,0.9,-1.0,20.7,0.994,2,7,0,0,7
118.0,3,isocontour,11.283791670955125,23622.68,49.71,4.6,20.2,0.991,-2.1,-0.3,2.1,4.6,20.2,0.987,3,7,0,0,7
118.0,4,isocontour,11.283791670955125,29017.18,61.06,17.2,11.8,0.985,-1.3,1.6,2.1,17.2,11.8,0.983,4,3,0,0,3
118.0,5,isocontour,11.283791670955125,27259.91,57.37,3.5,19.7,1.035,-2.5,1.8,3.1,3.5,19.7,1.039,5,7,0,0,7
118.0,6,isocontour,11.283791670955125,28463.48,59.9,3.1,19.5,1.051,-4.5,-0.1,4.5,3.1,19.5,1.046,6,7,0,0,7
118.0,7,isocontour,11.283791670955125,26312.35,55.37,-16.7,12.3,0.991,1.9,0.1,1.9,-16.7,12.3,0.984,7,4,0,0,4
118.0,8,isocontour,11.283791670955125,29525.39,62.13,3.9,19.2,1.056,0.5,-0.7,0.9,3.9,19.2,1.055,8,7,0,0,7
118.0,9,isocontour,11.283791670955125,26585.95,55.95,20.5,3.7,0.984,0.5,-1.7,1.8,20.5,3.7,0.985,9,3,0,0,3
118.0,10,isocontour,11.283791670955125,27378.9,57.62,15.8,11.1,1.075,-1.0,0.4,1.1,15.8,11.1,1.072,10,3,0,0,3
118.0,11,isocontour,11.283791670955125,29199.5,61.45,-17.4,-9.2,1.052,0.2,1.7,1.7,-17.4,-9.2,1.047,11,3,0,0,3
118.0,12,isocontour,11.283791670955125,26158.94,55.05,-13.8,-15.5,0.991,1.1,2.3,2.5,-13.8,-15.5,0.98,12,3,0,0,3
118.0,13,isocontour,11.283791670955125,25447.34,53.55,19.8,-6.2,0.992,-0.1,-1.1,1.1,19.8,-6.2,0.993,13,1,0,0,1
118.0,14,isocontour,11.283791670955125,27493.3,57.86,7.7,-18.3,1.04,-1.0,-0.3,1.0,7.7,-18.3,1.039,14,2,0,0,2
118.0,15,isocontour,11.283791670955125,23083.25,48.58,-5.5,19.9,0.995,1.0,-0.9,1.3,-5.5,19.9,0.989,15,7,0,0,7
118.0,16,isocontour,11.283791670955125,42206.61,88.82,-20.2,5.1,0.986,0.8,-1.0,1.3,-20.2,5.1,0.982,16,4,0,0,4
118.0,17,isocontour,11.283791670955125,24709.08,52.0,2.9,19.7,1.038,2.4,-0.4,2.4,2.9,19.7,1.038,17,7,0,0,7
118.0,18,isocontour,11.283791670955125,29575.63,62.24,-10.9,17.8,0.988,-3.0,-0.4,3.0,-10.9,17.8,0.993,18,4,0,0,4
118.0,19,isocontour,11.283791670955125,25210.91,53.05,-20.6,-3.1,0.986,-1.6,0.4,1.6,-20.6,-3.1,0.994,19,4,0,0,4
118.0,20,isocontour,11.283791670955125,27392.15,57.64,12.9,-16.3,0.989,-0.5,0.9,1.0,12.9,-16.3,0.985,20,1,0,0,1
118.0,21,isocontour,11.283791670955125,27449.32,57.76,-6.1,-17.8,1.103,1.3,0.1,1.3,-6.1,-17.8,1.1,21,2,0,0,2
118.0,22,isocontour,11.283791670955125,29324.57,61.71,-19.4,-8.0,0.979,-1.0,1.3,1.6,-19.4,-8.0,0.98,22,3,0,0,3
118.0,23,isocontour,11.283791670955125,29125.17,61.29,-20.6,3.6,0.983,0.1,-2.1,2.1,-20.6,3.6,0.982,23,4,0,0,4
118.0,24,isocontour,11.283791670955125,27794.96,58.49,2.2,-20.6,0.993,-0.1,1.0,1.0,2.2,-20.6,0.988,24,2,0,0,2
118.0,25,isocontour,11.283791670955125,27865.61,58.64,-16.5,10.8,1.05,1.0,2.1,2.3,-16.5,10.8,1.051,25,4,0,0,4
118.0,Target,,,,,0.0,0.0,4.023,0.0,0.0,,,,,,,,,
118.1,1,isocontour,11.283791670955125,24379.04,51.3,10.8,17.6,0.996,2.9,-1.5,3.3,15.8,11.1,1.075,10,7,0,0,7
118.1,2,isocontour,11.283791670955125,22833.9,48.05,-1.3,20.8,0.983,-3.7,1.8,4.1,3.9,19.2,1.056,8,7,0,0,7
118.1,3,isocontour,11.283791670955125,23599.4,49.66,4.7,20.3,0.988,2.6,0.2,2.6,3.9,19.2,1.056,8,7,0,0,7
118.1,4,isocontour,11.283791670955125,29014.38,61.06,17.1,11.8,0.989,-1.3,0.3,1.3,15.8,11.1,1.075,10,3,0,0,3
118.1,5,isocontour,11.283791670955125,27257.65,57.36,3.6,19.7,1.034,1.1,-0.4,1.2,3.9,19.2,1.056,8,7,0,0,7
118.1,6,isocontour,11.283791670955125,28368.03,59.7,2.7,19.3,1.065,-3.7,-2.1,4.3,3.9,19.2,1.056,8,7,0,0,7
118.1,7,isocontour,11.283791670955125,26311.97,55.37,-16.7,12.3,0.99,0.0,0.7,0.7,-16.5,10.8,1.051,25,4,0,0,4
118.1,8,isocontour,11.283791670955125,29500.21,62.08,3.6,19.2,1.06,-2.7,-0.0,2.7,3.6,19.2,1.056,8,7,0,0,7
118.1,9,isocontour,11.283791670955125,26561.87,55.9,20.4,3.5,0.992,-1.4,-2.3,2.7,15.8,11.1,1.075,10,3,0,0,3
118.1,10,isocontour,11.283791670955125,27348.39,57.55,15.6,11.3,1.077,-1.9,2.2,2.9,15.6,11.3,1.075,10,3,0,0,3
118.1,11,isocontour,11.283791670955125,29171.14,61.39,-17.3,-9.4,1.049,0.6,-2.8,2.9,-17.3,-9.4,1.052,11,3,0,0,3
118.1,12,isocontour,11.283791670955125,26156.62,55.04,-13.7,-15.5,0.994,1.0,-0.6,1.2,-6.1,-17.8,1.103,21,3,0,0,3
118.1,13,isocontour,11.283791670955125,25446.52,53.55,19.8,-6.1,0.994,-0.2,0.8,0.8,19.8,-6.1,0.993,13,1,0,0,1
118.1,14,isocontour,11.283791670955125,27479.99,57.83,7.5,-18.3,1.045,-2.2,0.1,2.2,7.5,-18.3,1.04,14,2,0,0,2
118.1,15,isocontour,11.283791670955125,23079.61,48.57,-5.5,20.0,0.991,-1.2,0.7,1.4,3.9,19.2,1.056,8,7,0,0,7
118.1,16,isocontour,11.283791670955125,42204.18,88.81,-20.1,5.1,0.99,1.0,0.7,1.2,-16.5,10.8,1.051,25,4,0,0,4
118.1,17,isocontour,11.283791670955125,24707.68,51.99,2.8,19.6,1.042,-0.8,-0.7,1.1,3.9,19.2,1.056,8,7,0,0,7
118.1,18,isocontour,11.283791670955125,29574.31,62.24,-10.9,17.7,0.991,0.5,-0.9,1.0,-16.5,10.8,1.051,25,4,0,0,4
118.1,19,isocontour,11.283791670955125,25206.61,53.04,-20.7,-3.3,0.982,-0.4,-1.4,1.5,-17.4,-9.2,1.052,11,4,0,0,4
118.1,20,isocontour,11.283791670955125,27368.87,57.59,12.7,-16.3,0.997,-2.6,-0.1,2.6,7.7,-18.3,1.04,14,1,0,0,1
118.1,21,isocontour,11.283791670955125,27446.77,57.76,-6.0,-17.9,1.099,0.8,-1.0,1.3,-6.0,-17.9,1.103,21,2,0,0,2
118.1,22,isocontour,11.283791670955125,29322.08,61.7,-19.3,-8.0,0.981,1.0,-0.7,1.2,-17.4,-9.2,1.052,11,3,0,0,3
118.1,23,isocontour,11.283791670955125,29120.15,61.28,-20.5,3.6,0.989,1.3,0.8,1.5,-16.5,10.8,1.051,25,4,0,0,4
118.1,24,isocontour,11.283791670955125,27792.59,58.49,2.1,-20.6,0.995,-1.2,0.1,1.2,-6.1,-17.8,1.103,21,2,0,0,2
118.1,25,isocontour,11.283791670955125,27848.54,58.6,-16.5,10.6,1.053,-0.7,-2.3,2.4,-16.5,10.6,1.051,25,4,0,0,4
118.1,Target,,,,,0.0,0.0,4.023,0.0,0.0,,,,,,,,,
118.2,1,isocontour,11.283791670955125,24375.98,51.3,11.0,17.6,0.992,1.3,0.1,1.3,15.6,11.3,1.077,10,7,0,0,7
118.2,2,isocontour,11.283791670955125,22822.33,48.03,-1.5,20.8,0.984,-1.9,-0.8,2.1,2.7,19.3,1.065,6,7,0,0,7
118.2,3,isocontour,11.283791670955125,23594.29,49.65,4.9,20.2,0.99,1.3,-0.9,1.6,15.8,11.1,1.075,10,7,0,0,7
118.2,4,isocontour,11.283791670955125,28998.36,61.02,16.9,11.8,1.0,-2.3,-0.4,2.3,15.6,11.3,1.077,10,3,0,0,3
118.2,5,isocontour,11.283791670955125,27250.24,57.34,3.8,19.6,1.034,1.8,-0.2,1.8,15.8,11.1,1.075,10,7,0,0,7
118.2,6,isocontour,11.283791670955125,28349.19,59.66,2.7,19.0,1.079,0.7,-2.3,2.4,15.8,11.1,1.075,10,7,0,0,7
118.2,7,isocontour,11.283791670955125,26297.73,55.34,-16.9,12.3,0.983,-2.2,-0.4,2.2,-16.5,10.6,1.053,25,4,0,0,4
118.2,8,isocontour,11.283791670955125,29453.58,61.98,3.7,19.0,1.074,1.4,-3.0,3.3,15.8,11.1,1.075,10,7,0,0,7
118.2,9,isocontour,11.283791670955125,26525.31,55.82,20.4,3.7,0.99,0.1,3.1,3.1,15.6,11.3,1.077,10,3,0,0,3
118.2,10,isocontour,11.283791670955125,27346.73,57.55,15.5,11.3,1.078,-0.8,0.7,1.1,15.5,11.3,1.077,10,3,0,0,3
118.2,11,isocontour,11.283791670955125,29168.14,61.38,-17.3,-9.5,1.05,1.0,-0.9,1.3,-6.1,-17.8,1.103,21,3,0,0,3
118.2,12,isocontour,11.283791670955125,26145.05,55.02,-13.8,-15.5,0.989,-2.0,0.4,2.0,-6.1,-17.8,1.103,21,3,0,0,3
118.2,13,isocontour,11.283791670955125,25445.42,53.55,19.7,-6.2,0.994,-0.4,-0.9,1.0,15.8,11.1,1.075,10,1,0,0,1
118.2,14,isocontour,11.283791670955125,27471.56,57.81,7.6,-18.3,1.041,1.9,-0.2,1.9,-6.1,-17.8,1.103,21,2,0,0,2
118.2,15,isocontour,11.283791670955125,23079.18,48.57,-5.6,20.0,0.989,-0.6,0.2,0.6,2.7,19.3,1.065,6,7,0,0,7
118.2,16,isocontour,11.283791670955125,42203.52,88.81,-20.1,5.1,0.994,0.4,-0.7,0.8,-16.5,10.6,1.053,25,4,0,0,4
118.2,17,isocontour,11.283791670955125,24698.84,51.98,3.0,19.7,1.037,1.7,0.8,1.9,15.8,11.1,1.075,10,7,0,0,7
118.2,18,isocontour,11.283791670955125,29571.57,62.23,-10.9,17.6,0.995,-0.7,-1.1,1.3,3.9,19.2,1.056,8,4,0,0,4
118.2,19,isocontour,11.283791670955125,25205.82,53.04,-20.7,-3.2,0.981,-0.2,0.8,0.8,-17.4,-9.2,1.052,11,4,0,0,4
118.2,20,isocontour,11.283791670955125,27367.51,57.59,12.6,-16.2,1.003,-0.7,0.7,1.0,7.5,-18.3,1.045,14,1,0,0,1
118.2,21,isocontour,11.283791670955125,27446.2,57.76,-5.9,-18.0,1.098,0.6,-0.4,0.7,-6.1,-17.8,1.103,21,2,0,0,2
118.2,22,isocontour,11.283791670955125,29304.13,61.67,-19.1,-8.1,0.99,2.2,-1.0,2.4,-6.1,-17.8,1.103,21,3,0,0,3
118.2,23,isocontour,11.283791670955125,29083.23,61.2,-20.4,3.9,0.992,1.0,2.9,3.1,-16.5,10.6,1.053,25,4,0,0,4
118.2,24,isocontour,11.283791670955125,27790.15,58.48,2.0,-20.6,0.993,-1.1,-0.6,1.3,-6.1,-17.8,1.103,21,2,0,0,2
118.2,25,isocontour,11.283791670955125,27845.87,58.6,-16.6,10.5,1.051,-1.0,-0.8,1.3,-16.6,10.5,1.053,25,4,0,0,4
118.2,Target,,,,,0.0,0.0,4.023,0.0,0.0,,,,,,,,,
118.3,1,isocontour,11.283791670955125,24363.9,51.27,11.0,17.8,0.984,-0.5,2.0,2.1,2.7,19.0,1.079,6,7,0,0,7
118.3,2,isocontour,11.283791670955125,22820.8,48.02,-1.7,20.8,0.986,-1.0,-0.3,1.0,2.7,19.0,1.079,6,7,0,0,7
118.3,3,isocontour,11.283791670955125,23559.14,49.58,4.7,20.2,0.99,-2.9,0.8,3.0,2.7,19.0,1.079,6,7,0,0,7
118.3,4,isocontour,11.283791670955125,28980.42,60.99,16.9,11.6,1.005,0.7,-2.3,2.4,15.5,11.3,1.078,10,3,0,0,3
118.3,5,isocontour,11.283791670955125,27212.6,57.27,3.6,19.5,1.043,-2.8,-1.3,3.1,2.7,19.0,1.079,6,7,0,0,7
118.3,6,isocontour,11.283791670955125,28347.24,59.65,2.8,19.1,1.076,0.7,0.9,1.1,2.8,19.1,1.079,6,7,0,0,7
118.3,7,isocontour,11.283791670955125,26278.88,55.3,-17.1,12.2,0.977,-2.1,-1.2,2.4,3.9,19.2,1.056,8,4,0,0,4
118.3,8,isocontour,11.283791670955125,29446.17,61.97,3.7,19.1,1.068,-0.5,1.7,1.8,2.7,19.0,1.079,6,7,0,0,7
118.3,9,isocontour,11.283791670955125,26503.58,55.77,20.6,3.9,0.98,1.7,1.9,2.5,15.5,11.3,1.078,10,3,0,0,3
118.3,10,isocontour,11.283791670955125,27320.43,57.49,15.8,11.4,1.066,2.7,0.7,2.8,15.8,11.4,1.078,10,3,0,0,3
118.3,11,isocontour,11.283791670955125,29161.22,61.37,-17.2,-9.7,1.046,-0.0,-1.7,1.7,-6.1,-17.8,1.103,21,3,0,0,3
118.3,12,isocontour,11.283791670955125,26084.18,54.89,-14.1,-15.3,0.985,-3.0,2.0,3.6,-6.1,-17.8,1.103,21,3,0,0,3
118.3,13,isocontour,11.283791670955125,25444.63,53.55,19.8,-6.3,0.992,0.3,-0.8,0.9,15.6,11.3,1.077,10,1,0,0,1
118.3,14,isocontour,11.283791670955125,27449.32,57.76,7.9,-18.3,1.038,2.5,0.6,2.6,-6.1,-17.8,1.103,21,2,0,0,2
118.3,15,isocontour,11.283791670955125,23075.69,48.56,-5.6,19.9,0.994,0.9,-1.1,1.4,2.7,19.0,1.079,6,7,0,0,7
118.3,16,isocontour,11.283791670955125,42183.02,88.77,-20.2,5.2,0.984,-1.7,1.9,2.5,-16.5,10.6,1.053,25,4,0,0,4
118.3,17,isocontour,11.283791670955125,24670.48,51.92,3.2,19.6,1.042,2.3,-1.6,2.8,2.7,19.0,1.079,6,7,0,0,7
118.3,18,isocontour,11.283791670955125,29547.22,62.18,-11.1,17.5,0.992,-2.5,-0.9,2.7,2.7,19.3,1.065,6,4,0,0,4
118.3,19,isocontour,11.283791670955125,25187.88,53.0,-20.6,-3.0,0.989,1.5,1.9,2.4,-6.1,-17.8,1.103,21,4,0,0,4
118.3,20,isocontour,11.283791670955125,27365.94,57.59,12.6,-16.1,1.006,0.6,0.9,1.1,-6.1,-17.8,1.103,21,1,0,0,1
118.3,21,isocontour,11.283791670955125,27424.22,57.71,-5.7,-18.0,1.1,2.6,-0.4,2.6,-6.1,-17.8,1.103,21,2,0,0,2
118.3,22,isocontour,11.283791670955125,29300.09,61.66,-19.0,-8.2,0.996,1.4,-0.4,1.5,-6.1,-17.8,1.103,21,3,0,0,3
118.3,23,isocontour,11.283791670955125,29082.17,61.2,-20.4,3.8,0.99,-0.6,-0.7,0.9,-16.5,10.6,1.053,25,4,0,0,4
118.3,24,isocontour,11.283791670955125,27781.99,58.46,2.1,-20.8,0.984,0.7,-1.7,1.8,-6.1,-17.8,1.103,21,2,0,0,2
118.3,25,isocontour,11.283791670955125,27844.87,58.6,-16.6,10.5,1.055,0.5,-0.7,0.9,3.9,19.2,1.056,8,4,0,0,4
118.3,Target,,,,,0.0,0.0,4.023,0.0,0.0,,,,,,,,,
118.4,1,isocontour,11.283791670955125,24355.33,51.25,11.1,17.7,0.984,1.4,-1.2,1.8,2.7,19.0,1.079,6,7,0,0,7
118.4,2,isocontour,11.283791670955125,22817.52,48.02,-1.7,20.7,0.992,-0.2,-1.3,1.3,2.7,19.0,1.079,6,7,0,0,7
118.4,3,isocontour,11.283791670955125,23541.85,49.54,4.8,20.3,0.983,2.2,1.0,2.4,2.7,19.0,1.079,6,7,0,0,7
118.4,4,isocontour,11.283791670955125,28970.42,60.96,17.1,11.7,0.996,1.5,1.3,2.0,2.7,19.0,1.079,6,3,0,0,3
118.4,5,isocontour,11.283791670955125,27206.58,57.25,3.4,19.6,1.04,-1.3,1.1,1.7,2.7,19.0,1.079,6,7,0,0,7
118.4,6,isocontour,11.283791670955125,28345.67,59.65,2.7,19.1,1.073,-1.0,0.4,1.1,2.7,19.0,1.079,6,7,0,0,7
118.4,7,isocontour,11.283791670955125,26277.31,55.3,-17.1,12.1,0.98,0.3,-1.0,1.0,2.7,19.3,1.065,6,4,0,0,4
118.4,8,isocontour,11.283791670955125,29411.71,61.89,3.5,19.0,1.076,-2.7,-1.3,3.0,2.7,19.0,1.079,6,7,0,0,7
118.4,9,isocontour,11.283791670955125,26484.5,55.73,20.5,4.1,0.984,-1.6,1.9,2.5,15.5,11.3,1.078,10,3,0,0,3
118.4,10,isocontour,11.283791670955125,27313.27,57.48,15.9,11.4,1.056,1.8,-0.2,1.8,2.7,19.0,1.079,6,3,0,0,3
118.4,11,isocontour,11.283791670955125,29160.12,61.36,-17.3,-9.6,1.047,-0.1,0.9,0.9,-6.1,-17.8,1.103,21,3,0,0,3
118.4,12,isocontour,11.283791670955125,26065.79,54.85,-14.2,-15.1,0.992,-0.4,2.4,2.4,-6.1,-17.8,1.103,21,3,0,0,3
118.4,13,isocontour,11.283791670955125,25443.76,53.54,19.7,-6.3,0.991,-0.2,-0.8,0.8,15.5,11.3,1.078,10,1,0,0,1
118.4,14,isocontour,11.283791670955125,27423.87,57.71,8.1,-18.2,1.04,2.2,1.6,2.7,-6.1,-17.8,1.103,21,2,0,0,2
118.4,15,isocontour,11.283791670955125,23038.41,48.48,-5.3,20.0,0.994,2.9,1.1,3.1,2.7,19.0,1.079,6,7,0,0,7
118.4,16,isocontour,11.283791670955125,42157.01,88.71,-20.3,5.1,0.979,-1.4,-2.3,2.7,-6.1,-17.8,1.103,21,4,0,0,4
118.4,17,isocontour,11.283791670955125,24524.02,51.61,2.8,19.6,1.045,-4.9,0.4,4.9,2.7,19.0,1.079,6,7,0,0,7
118.4,18,isocontour,11.283791670955125,29502.24,62.08,-11.4,17.3,0.991,-2.8,-1.7,3.3,2.7,19.0,1.079,6,4,0,0,4
118.4,19,isocontour,11.283791670955125,25182.48,52.99,-20.4,-3.1,0.996,1.3,-0.9,1.6,-6.1,-17.8,1.103,21,4,0,0,4
118.4,20,isocontour,11.283791670955125,27349.08,57.55,12.8,-16.1,1.0,2.3,0.4,2.3,-6.1,-17.8,1.103,21,1,0,0,1
118.4,21,isocontour,11.283791670955125,27416.81,57.7,-5.8,-17.9,1.103,-1.4,1.1,1.8,-6.1,-17.8,1.103,21,2,0,0,2
118.4,22,isocontour,11.283791670955125,29298.92,61.66,-19.0,-8.3,0.994,-0.4,-0.9,1.0,-6.1,-17.8,1.103,21,3,0,0,3
118.4,23,isocontour,11.283791670955125,29081.07,61.2,-20.3,3.9,0.993,0.8,0.5,0.9,-6.1,-17.8,1.103,21,4,0,0,4
118.4,24,isocontour,11.283791670955125,27781.69,58.46,2.1,-20.8,0.98,0.1,-0.6,0.6,-6.1,-17.8,1.103,21,2,0,0,2
118.4,25,isocontour,11.283791670955125,27812.75,58.53,-16.4,10.4,1.07,2.8,-0.9,2.9,2.7,19.3,1.065,6,4,0,0,4
118.4,Target,,,,,0.0,0.0,4.023,0.0,0.0,,,,,,,,,
118.5,1,isocontour,11.283791670955125,24350.68,51.24,11.1,17.5,0.991,-0.2,-1.5,1.5,2.7,19.0,1.079,6,7,0,0,7
118.5,2,isocontour,11.283791670955125,22785.73,47.95,-1.4,20.6,0.994,2.9,0.0,2.9,2.7,19.0,1.079,6,7,0,0,7
118.5,3,isocontour,11.283791670955125,23539.18,49.54,4.7,20.4,0.983,-1.3,0.1,1.3,2.7,19.0,1.079,6,7,0,0,7
118.5,4,isocontour,11.283791670955125,28966.62,60.96,17.1,11.8,0.992,-0.3,1.4,1.4,2.7,19.0,1.079,6,3,0,0,3
118.5,5,isocontour,11.283791670955125,27173.8,57.18,3.1,19.6,1.042,-3.0,-0.1,3.0,2.7,19.0,1.079,6,7,0,0,7
118.5,6,isocontour,11.283791670955125,28338.39,59.63,2.6,19.0,1.081,-1.1,-1.4,1.8,2.7,19.0,1.079,6,7,0,0,7
118.5,7,isocontour,11.283791670955125,26245.52,55.23,-17.1,11.8,0.99,0.2,-2.9,2.9,-6.1,-17.8,1.103,21,4,0,0,4
118.5,8,isocontour,11.283791670955125,29380.23,61.83,3.2,19.0,1.078,-2.9,0.4,2.9,2.7,19.0,1.079,6,7,0,0,7
118.5,9,isocontour,11.283791670955125,26462.01,55.69,20.3,4.3,0.989,-1.2,2.3,2.6,2.7,19.0,1.079,6,3,0,0,3
118.5,10,isocontour,11.283791670955125,27301.19,57.45,16.1,11.4,1.049,2.0,-0.7,2.1,2.7,19.0,1.079,6,3,0,0,3
118.5,11,isocontour,11.283791670955125,29155.38,61.35,-17.4,-9.6,1.043,-1.4,0.7,1.6,-6.1,-17.8,1.103,21,3,0,0,3
118.5,12,isocontour,11.283791670955125,26062.79,54.85,-14.2,-15.2,0.99,0.5,-1.2,1.3,-6.1,-17.8,1.103,21,3,0,0,3
118.5,13,isocontour,11.283791670955125,25442.94,53.54,19.7,-6.4,0.99,-0.0,-0.9,0.9,15.5,11.3,1.078,10,1,0,0,1
118.5,14,isocontour,11.283791670955125,27421.19,57.7,8.2,-18.0,1.044,0.7,1.0,1.2,-6.1,-17.8,1.103,21,2,0,0,2
118.5,15,isocontour,11.283791670955125,23037.62,48.48,-5.2,20.1,0.992,0.6,0.6,0.8,2.7,19.0,1.079,6,7,0,0,7
118.5,16,isocontour,11.283791670955125,42154.91,88.71,-20.3,4.9,0.982,0.6,-1.0,1.2,-6.1,-17.8,1.103,21,4,0,0,4
118.5,17,isocontour,11.283791670955125,24514.17,51.59,2.7,19.8,1.037,-0.4,1.9,1.9,2.7,19.0,1.079,6,7,0,0,7
118.5,18,isocontour,11.283791670955125,29389.63,61.85,-11.8,17.2,0.982,-4.4,-0.7,4.5,2.7,19.0,1.079,6,4,0,0,4
118.5,19,isocontour,11.283791670955125,25177.36,52.98,-20.5,-3.2,0.99,-1.4,-0.8,1.6,-6.1,-17.8,1.103,21,4,0,0,4
118.5,20,isocontour,11.283791670955125,27330.01,57.51,13.0,-15.9,0.999,1.9,1.5,2.4,-6.1,-17.8,1.103,21,1,0,0,1
118.5,21,isocontour,11.283791670955125,27415.94,57.69,-5.9,-17.9,1.103,-0.8,0.2,0.8,-5.9,-17.9,1.103,21,2,0,0,2
118.5,22,isocontour,11.283791670955125,29199.35,61.45,-19.3,-8.1,0.982,-3.6,2.3,4.3,-6.1,-17.8,1.103,21,3,0,0,3
118.5,23,isocontour,11.283791670955125,29054.76,61.14,-20.3,4.1,0.991,0.0,2.7,2.7,-6.1,-17.8,1.103,21,4,0,0,4
118.5,24,isocontour,11.283791670955125,27773.78,58.45,2.1,-20.7,0.988,-0.0,1.8,1.8,-6.1,-17.8,1.103,21,2,0,0,2
118.5,25,isocontour,11.283791670955125,27811.27,58.53,-16.4,10.3,1.072,-0.7,-0.7,1.0,-6.1,-17.8,1.103,21,4,0,0,4
118.5,Target,,,,,0.0,0.0,4.023,0.0,0.0,,,,,,,,,
118.6,1,isocontour,11.283791670955125,24327.67,51.19,10.9,17.6,0.995,-2.5,0.9,2.7,2.6,19.0,1.081,6,7,0,0,7
118.6,2,isocontour,11.283791670955125,22781.6,47.94,-1.3,20.7,0.991,1.3,0.7,1.5,2.6,19.0,1.081,6,7,0,0,7
118.6,3,isocontour,11.283791670955125,23501.9,49.46,4.5,20.3,0.989,-3.0,-0.6,3.1,2.6,19.0,1.081,6,7,0,0,7
118.6,4,isocontour,11.283791670955125,28956.77,60.94,17.2,11.8,0.986,1.9,-0.6,2.0,2.7,19.0,1.079,6,3,0,0,3
118.6,5,isocontour,11.283791670955125,27166.14,57.17,3.0,19.5,1.05,-1.2,-1.4,1.8,2.6,19.0,1.081,6,7,0,0,7
118.6,6,isocontour,11.283791670955125,28316.41,59.59,2.4,19.1,1.081,-2.5,0.6,2.6,2.4,19.1,1.081,6,7,0,0,7
118.6,7,isocontour,11.283791670955125,26212.74,55.16,-17.2,11.6,0.993,-1.3,-2.6,2.9,-6.1,-17.8,1.103,21,4,0,0,4
118.6,8,isocontour,11.283791670955125,29342.95,61.75,2.9,19.1,1.076,-3.0,0.9,3.1,2.6,19.0,1.081,6,7,0,0,7
118.6,9,isocontour,11.283791670955125,26437.93,55.64,20.1,4.3,1.002,-2.6,-0.6,2.7,2.7,19.0,1.079,6,3,0,0,3
118.6,10,isocontour,11.283791670955125,27266.03,57.38,16.0,11.5,1.05,-2.0,2.2,3.0,2.7,19.0,1.079,6,3,0,0,3
118.6,11,isocontour,11.283791670955125,29154.94,61.35,-17.4,-9.5,1.042,-0.5,0.5,0.7,-6.1,-17.8,1.103,21,3,0,0,3
118.6,12,isocontour,11.283791670955125,26031.31,54.78,-14.0,-15.3,0.99,2.1,-2.0,2.9,-6.1,-17.8,1.103,21,3,0,0,3
118.6,13,isocontour,11.283791670955125,25441.94,53.54,19.7,-6.5,0.99,-0.3,-0.9,0.9,2.7,19.0,1.079,6,1,0,0,1
118.6,14,isocontour,11.283791670955125,27419.25,57.7,8.3,-18.0,1.047,0.7,0.9,1.1,-6.1,-17.8,1.103,21,2,0,0,2
118.6,15,isocontour,11.283791670955125,23000.34,48.4,-5.4,20.0,0.992,-2.9,-0.9,3.0,2.6,19.0,1.081,6,7,0,0,7
118.6,16,isocontour,11.283791670955125,42145.21,88.69,-20.1,4.9,0.991,2.0,0.1,2.0,-6.1,-17.8,1.103,21,4,0,0,4
118.6,17,isocontour,11.283791670955125,24390.67,51.33,2.3,19.8,1.034,-4.5,0.7,4.6,2.6,19.0,1.081,6,7,0,0,7
118.6,18,isocontour,11.283791670955125,29355.17,61.77,-11.6,17.3,0.984,2.8,1.0,3.0,-6.1,-17.8,1.103,21,4,0,0,4
118.6,19,isocontour,11.283791670955125,25163.5,52.95,-20.7,-3.3,0.981,-1.6,-1.5,2.2,-6.1,-17.8,1.103,21,4,0,0,4
118.6,20,isocontour,11.283791670955125,27310.47,57.47,13.3,-15.9,0.994,2.4,0.6,2.5,-6.1,-17.8,1.103,21,1,0,0,1
118.6,21,isocontour,11.283791670955125,27403.69,57.67,-6.0,-17.8,1.107,-1.6,1.4,2.1,-6.0,-17.8,1.103,21,2,0,0,2
118.6,22,isocontour,11.283791670955125,29198.22,61.44,-19.3,-8.1,0.983,0.9,-0.4,1.0,-6.1,-17.8,1.103,21,3,0,0,3
118.6,23,isocontour,11.283791670955125,29053.06,61.14,-20.4,4.1,0.988,-0.7,-0.8,1.1,-6.1,-17.8,1.103,21,4,0,0,4
118.6,24,isocontour,11.283791670955125,27768.07,58.43,2.1,-20.5,0.997,-0.1,1.6,1.6,-6.1,-17.8,1.103,21,2,0,0,2
118.6,25,isocontour,11.283791670955125,27802.14,58.51,-16.6,10.2,1.065,-1.8,-0.7,1.9,-6.1,-17.8,1.103,21,4,0,0,4
118.6,Target,,,,,0.0,0.0,4.023,0.0,0.0,,,,,,,,,
118.7,1,isocontour,11.283791670955125,24323.94,51.19,10.9,17.5,0.995,1.2,-0.8,1.4,2.6,19.0,1.081,6,7,0,0,7
118.7,2,isocontour,11.283791670955125,22779.85,47.94,-1.3,20.8,0.987,-0.8,0.8,1.1,-6.1,-17.8,1.103,21,7,0,0,7
118.7,3,isocontour,11.283791670955125,23463.52,49.38,4.2,20.1,1.001,-2.5,-1.9,3.1,2.6,19.0,1.081,6,7,0,0,7
118.7,4,isocontour,11.283791670955125,28953.2,60.93,17.3,11.8,0.978,1.2,0.6,1.3,2.6,19.0,1.081,6,3,0,0,3
118.7,5,isocontour,11.283791670955125,27134.35,57.1,3.2,19.5,1.046,2.8,0.7,2.9,2.6,19.0,1.081,6,7,0,0,7
118.7,6,isocontour,11.283791670955125,28315.72,59.59,2.3,19.1,1.081,-0.8,-0.0,0.8,2.6,19.0,1.081,6,7,0,0,7
118.7,7,isocontour,11.283791670955125,26192.96,55.12,-17.1,11.7,0.99,0.7,2.4,2.5,-6.1,-17.8,1.103,21,4,0,0,4
118.7,8,isocontour,11.283791670955125,29260.39,61.57,3.2,19.1,1.072,4.0,0.1,4.0,2.6,19.0,1.081,6,7,0,0,7
118.7,9,isocontour,11.283791670955125,26437.17,55.63,20.0,4.3,1.007,-0.4,-0.7,0.8,2.7,19.0,1.079,6,3,0,0,3
118.7,10,isocontour,11.283791670955125,27244.05,57.33,16.1,11.4,1.052,1.1,-2.3,2.5,2.6,19.0,1.081,6,3,0,0,3
118.7,11,isocontour,11.283791670955125,29146.23,61.33,-17.4,-9.7,1.037,-0.1,-1.9,1.9,-6.1,-17.8,1.103,21,3,0,0,3
118.7,12,isocontour,11.283791670955125,25991.45,54.7,-14.2,-15.2,0.99,-2.3,2.1,3.1,-6.0,-17.8,1.107,21,3,0,0,3
118.7,13,isocontour,11.283791670955125,25441.12,53.54,19.7,-6.6,0.991,-0.4,-0.7,0.8,2.7,19.0,1.079,6,1,0,0,1
118.7,14,isocontour,11.283791670955125,27392.66,57.64,8.0,-18.0,1.052,-2.7,-0.4,2.7,-6.1,-17.8,1.103,21,2,0,0,2
118.7,15,isocontour,11.283791670955125,22879.22,48.15,-5.9,20.0,0.987,-4.6,-0.2,4.6,-6.1,-17.8,1.103,21,7,0,0,7
118.7,16,isocontour,11.283791670955125,42118.04,88.63,-20.2,4.7,0.994,-0.4,-2.7,2.7,-6.1,-17.8,1.103,21,4,0,0,4
118.7,17,isocontour,11.283791670955125,24387.32,51.32,2.3,19.8,1.039,0.8,-1.1,1.4,2.6,19.0,1.081,6,7,0,0,7
118.7,18,isocontour,11.283791670955125,29337.66,61.74,-11.5,17.2,0.996,1.8,-1.6,2.4,-6.1,-17.8,1.103,21,4,0,0,4
118.7,19,isocontour,11.283791670955125,25161.24,52.95,-20.8,-3.3,0.974,-1.1,0.4,1.2,-6.1,-17.8,1.103,21,4,0,0,4
118.7,20,isocontour,11.283791670955125,27307.19,57.46,13.4,-15.8,0.996,0.7,1.2,1.4,-6.1,-17.8,1.103,21,1,0,0,1
118.7,21,isocontour,11.283791670955125,27402.81,57.67,-6.0,-17.8,1.108,0.8,-0.3,0.9,-6.0,-17.8,1.107,21,2,0,0,2
118.7,22,isocontour,11.283791670955125,29161.66,61.37,-19.1,-8.3,0.986,1.7,-2.6,3.1,-6.1,-17.8,1.103,21,3,0,0,3
118.7,23,isocontour,11.283791670955125,29051.22,61.13,-20.5,4.1,0.982,-1.1,-0.1,1.1,-6.1,-17.8,1.103,21,4,0,0,4
118.7,24,isocontour,11.283791670955125,27765.7,58.43,2.0,-20.5,1.0,-1.2,0.1,1.2,-6.0,-17.8,1.107,21,2,0,0,2
118.7,25,isocontour,11.283791670955125,27774.97,58.45,-16.7,10.0,1.064,-1.6,-2.3,2.8,-6.1,-17.8,1.103,21,4,0,0,4
118.7,Target,,,,,0.0,0.0,4.023,0.0,0.0,,,,,,,,,
118.8,1,isocontour,11.283791670955125,24219.43,50.97,11.3,17.5,0.988,4.3,-0.8,4.4,2.6,19.0,1.081,6,7,0,0,7
118.8,2,isocontour,11.283791670955125,22777.81,47.93,-1.4,20.7,0.989,-1.0,-0.6,1.2,-6.1,-17.8,1.103,21,7,0,0,7
118.8,3,isocontour,11.283791670955125,23461.2,49.37,4.1,20.2,1.001,-1.0,0.7,1.2,-6.1,-17.8,1.103,21,7,0,0,7
118.8,4,isocontour,11.283791670955125,28942.12,60.91,17.2,11.8,0.986,-1.9,-0.7,2.0,2.6,19.0,1.081,6,3,0,0,3
118.8,5,isocontour,11.283791670955125,27090.18,57.01,3.5,19.7,1.033,2.7,1.9,3.3,-6.1,-17.8,1.103,21,7,0,0,7
118.8,6,isocontour,11.283791670955125,28291.38,59.54,2.5,19.1,1.079,2.7,0.2,2.7,-6.1,-17.8,1.103,21,7,0,0,7
118.8,7,isocontour,11.283791670955125,26182.51,55.1,-17.0,11.9,0.988,0.9,1.8,2.0,-6.1,-17.8,1.103,21,4,0,0,4
118.8,8,isocontour,11.283791670955125,29258.18,61.57,3.3,19.0,1.076,0.4,-1.1,1.2,-6.1,-17.8,1.103,21,7,0,0,7
118.8,9,isocontour,11.283791670955125,26436.35,55.63,20.1,4.2,1.005,0.7,-0.6,0.9,2.6,19.0,1.081,6,3,0,0,3
118.8,10,isocontour,11.283791670955125,27231.46,57.31,16.0,11.5,1.052,-1.2,1.8,2.2,2.6,19.0,1.081,6,3,0,0,3
118.8,11,isocontour,11.283791670955125,29136.38,61.31,-17.3,-9.8,1.039,1.5,-1.3,2.0,-6.0,-17.8,1.107,21,3,0,0,3
118.8,12,isocontour,11.283791670955125,25980.84,54.67,-14.3,-15.0,0.993,-0.9,1.8,2.0,-6.0,-17.8,1.108,21,3,0,0,3
118.8,13,isocontour,11.283791670955125,25438.57,53.53,19.8,-6.6,0.986,1.2,0.3,1.2,-6.1,-17.8,1.103,21,2,0,0,2
118.8,14,isocontour,11.283791670955125,27361.19,57.58,7.8,-18.1,1.054,-2.8,-0.9,2.9,-6.0,-17.8,1.107,21,2,0,0,2
118.8,15,isocontour,11.283791670955125,22877.02,48.14,-5.9,19.9,0.991,0.8,-0.9,1.2,-6.1,-17.8,1.103,21,7,0,0,7
118.8,16,isocontour,11.283791670955125,42110.26,88.62,-20.3,4.6,0.986,-1.8,-0.5,1.9,-6.1,-17.8,1.103,21,4,0,0,4
118.8,17,isocontour,11.283791670955125,24386.07,51.32,2.4,19.7,1.041,0.9,-0.4,1.0,-6.1,-17.8,1.103,21,7,0,0,7
118.8,18,isocontour,11.283791670955125,29336.56,61.74,-11.3,17.2,1.001,0.9,-0.2,0.9,-6.1,-17.8,1.103,21,4,0,0,4
118.8,19,isocontour,11.283791670955125,25159.99,52.95,-20.8,-3.2,0.977,0.7,0.7,1.0,-6.1,-17.8,1.103,21,4,0,0,4
118.8,20,isocontour,11.283791670955125,27307.07,57.46,13.4,-15.7,0.995,0.4,0.1,0.4,-6.1,-17.8,1.103,21,2,0,0,2
118.8,21,isocontour,11.283791670955125,27395.53,57.65,-5.8,-17.8,1.113,1.7,0.4,1.7,-5.8,-17.8,1.108,21,2,0,0,2
118.8,22,isocontour,11.283791670955125,29140.67,61.32,-19.0,-8.5,0.985,0.8,-2.4,2.5,-6.0,-17.8,1.107,21,3,0,0,3
118.8,23,isocontour,11.283791670955125,29024.63,61.08,-20.4,4.3,0.983,1.0,2.6,2.8,-6.1,-17.8,1.103,21,4,0,0,4
118.8,24,isocontour,11.283791670955125,27754.45,58.41,1.8,-20.6,0.992,-1.1,-1.7,2.0,-6.0,-17.8,1.108,21,2,0,0,2
118.8,25,isocontour,11.283791670955125,27747.51,58.39,-16.6,10.2,1.063,1.5,2.4,2.8,-6.1,-17.8,1.103,21,4,0,0,4
118.8,Target,,,,,0.0,0.0,4.023,0.0,0.0,,,,,,,,,
118.9,1,isocontour,11.283791670955125,24209.29,50.95,11.4,17.6,0.977,0.5,1.9,2.0,-6.1,-17.8,1.103,21,7,0,0,7
118.9,2,isocontour,11.283791670955125,22746.01,47.87,-1.6,20.6,0.998,-2.1,-2.0,2.9,-6.1,-17.8,1.103,21,7,0,0,7
118.9,3,isocontour,11.283791670955125,23443.48,49.33,4.3,20.2,0.994,2.3,0.8,2.4,-6.1,-17.8,1.103,21,7,0,0,7
118.9,4,isocontour,11.283791670955125,28914.95,60.85,17.2,11.5,0.996,-0.2,-2.8,2.8,2.6,19.0,1.081,6,3,0,0,3
118.9,5,isocontour,11.283791670955125,27074.77,56.98,3.4,19.8,1.027,-1.9,1.3,2.3,-6.1,-17.8,1.103,21,7,0,0,7
118.9,6,isocontour,11.283791670955125,28289.53,59.53,2.6,19.2,1.072,0.3,1.1,1.1,-6.1,-17.8,1.103,21,7,0,0,7
118.9,7,isocontour,11.283791670955125,26173.1,55.08,-16.9,12.0,0.994,1.9,0.2,1.9,-6.1,-17.8,1.103,21,4,0,0,4
118.9,8,isocontour,11.283791670955125,29249.48,61.55,3.2,19.1,1.07,-1.0,1.6,1.9,-6.1,-17.8,1.103,21,7,0,0,7
118.9,9,isocontour,11.283791670955125,26435.25,55.63,20.1,4.1,1.003,0.5,-0.8,0.9,-6.1,-17.8,1.103,21,3,0,0,3
118.9,10,isocontour,11.283791670955125,27209.98,57.26,16.1,11.3,1.053,1.3,-2.2,2.6,2.6,19.0,1.081,6,3,0,0,3
118.9,11,isocontour,11.283791670955125,29107.12,61.25,-17.2,-10.1,1.036,0.6,-2.8,2.9,-6.0,-17.8,1.108,21,3,0,0,3
118.9,12,isocontour,11.283791670955125,25980.32,54.67,-14.3,-14.9,0.995,-0.3,0.7,0.8,-5.8,-17.8,1.113,21,3,0,0,3
118.9,13,isocontour,11.283791670955125,25423.75,53.5,19.6,-6.6,0.995,-2.2,-0.4,2.2,-6.1,-17.8,1.103,21,2,0,0,2
118.9,14,isocontour,11.283791670955125,27359.25,57.57,7.8,-18.0,1.057,0.7,0.9,1.1,-6.0,-17.8,1.108,21,2,0,0,2
118.9,15,isocontour,11.283791670955125,22871.71,48.13,-5.9,20.0,0.985,-0.9,1.3,1.6,-6.1,-17.8,1.103,21,7,0,0,7
118.9,16,isocontour,11.283791670955125,42106.46,88.61,-20.4,4.7,0.981,-0.6,1.3,1.4,-6.1,-17.8,1.103,21,4,0,0,4
118.9,17,isocontour,11.283791670955125,24361.45,51.27,2.7,19.7,1.039,2.7,0.1,2.7,-6.1,-17.8,1.103,21,7,0,0,7
118.9,18,isocontour,11.283791670955125,29282.9,61.62,-11.6,17.0,1.002,-2.8,-2.1,3.5,-6.1,-17.8,1.103,21,4,0,0,4
118.9,19,isocontour,11.283791670955125,25149.85,52.92,-20.7,-3.1,0.98,0.3,2.0,2.0,-6.0,-17.8,1.107,21,4,0,0,4
118.9,20,isocontour,11.283791670955125,27291.66,57.43,13.6,-15.7,0.989,2.3,0.2,2.3,-6.0,-17.8,1.107,21,2,0,0,2
118.9,21,isocontour,11.283791670955125,27394.36,57.65,-5.9,-17.7,1.114,-0.8,0.5,0.9,-5.9,-17.7,1.113,21,2,0,0,2
118.9,22,isocontour,11.283791670955125,29137.61,61.32,-18.9,-8.6,0.988,1.1,-0.8,1.4,-6.0,-17.8,1.108,21,3,0,0,3
118.9,23,isocontour,11.283791670955125,29023.63,61.08,-20.4,4.4,0.985,0.4,0.8,0.9,-6.1,-17.8,1.103,21,4,0,0,4
118.9,24,isocontour,11.283791670955125,27746.15,58.39,1.9,-20.8,0.983,0.7,-1.7,1.8,-5.8,-17.8,1.113,21,2,0,0,2
118.9,25,isocontour,11.283791670955125,27744.71,58.39,-16.5,10.3,1.068,1.2,0.5,1.3,-6.1,-17.8,1.103,21,4,0,0,4
118.9,Target,,,,,0.0,0.0,4.023,0.0,0.0,,,,,,,,,
119.0,1,isocontour,11.283791670955125,24186.01,50.9,11.3,17.5,0.988,-1.8,-1.9,2.6,-6.1,-17.8,1.103,21,7,0,0,7
119.0,2,isocontour,11.283791670955125,22726.7,47.83,-1.5,20.6,0.996,2.3,0.8,2.4,-6.1,-17.8,1.103,21,7,0,0,7
119.0,3,isocontour,11.283791670955125,23344.61,49.13,4.6,20.3,0.985,4.2,0.7,4.3,-6.1,-17.8,1.103,21,7,0,0,7
119.0,4,isocontour,11.283791670955125,28894.45,60.8,17.0,11.6,1.0,-1.8,1.7,2.5,-6.1,-17.8,1.103,21,3,0,0,3
119.0,5,isocontour,11.283791670955125,27043.3,56.91,3.1,19.8,1.029,-2.9,-0.2,2.9,-6.1,-17.8,1.103,21,7,0,0,7
119.0,6,isocontour,11.283791670955125,28281.88,59.52,2.5,19.1,1.079,-1.3,-1.3,1.8,-6.1,-17.8,1.103,21,7,0,0,7
119.0,7,isocontour,11.283791670955125,26158.09,55.05,-16.9,11.8,0.999,-0.6,-2.2,2.3,-6.1,-17.8,1.103,21,4,0,0,4
119.0,8,isocontour,11.283791670955125,29218.65,61.49,2.9,19.2,1.069,-2.8,0.5,2.8,-6.1,-17.8,1.103,21,7,0,0,7
119.0,9,isocontour,11.283791670955125,26418.6,55.59,20.3,4.0,0.995,1.9,-1.4,2.4,-6.1,-17.8,1.103,21,3,0,0,3
119.0,10,isocontour,11.283791670955125,27185.36,57.21,16.2,11.1,1.052,1.8,-2.0,2.7,-6.1,-17.8,1.103,21,3,0,0,3
119.0,11,isocontour,11.283791670955125,29104.12,61.25,-17.1,-10.2,1.037,1.0,-0.9,1.3,-5.8,-17.8,1.113,21,3,0,0,3
119.0,12,isocontour,11.283791670955125,25945.16,54.6,-14.1,-15.1,0.995,2.1,-2.2,3.0,-5.9,-17.7,1.114,21,3,0,0,3
119.0,13,isocontour,11.283791670955125,25395.4,53.44,19.6,-6.8,0.993,-0.2,-2.8,2.8,-6.0,-17.8,1.107,21,2,0,0,2
119.0,14,isocontour,11.283791670955125,27334.35,57.52,8.0,-17.9,1.056,2.5,0.9,2.7,-5.8,-17.8,1.113,21,2,0,0,2
119.0,15,isocontour,11.283791670955125,22863.54,48.11,-6.1,19.9,0.989,-1.1,-1.5,1.9,-6.1,-17.8,1.103,21,7,0,0,7
119.0,16,isocontour,11.283791670955125,41987.7,88.36,-20.3,5.1,0.98,1.0,4.4,4.5,-6.0,-17.8,1.107,21,4,0,0,4
119.0,17,isocontour,11.283791670955125,24348.86,51.24,2.6,19.9,1.03,-0.8,2.0,2.2,-6.1,-17.8,1.103,21,7,0,0,7
119.0,18,isocontour,11.283791670955125,29257.72,61.57,-11.7,17.2,0.991,-0.4,2.7,2.7,-6.1,-17.8,1.103,21,4,0,0,4
119.0,19,isocontour,11.283791670955125,25127.61,52.88,-20.6,-2.9,0.99,1.7,2.0,2.6,-6.0,-17.8,1.108,21,4,0,0,4
119.0,20,isocontour,11.283791670955125,27228.25,57.3,13.8,-15.4,0.992,2.0,3.1,3.7,-6.0,-17.8,1.108,21,2,0,0,2
119.0,21,isocontour,11.283791670955125,27368.91,57.59,-6.1,-17.7,1.113,-2.7,0.5,2.7,-6.1,-17.7,1.114,21,2,0,0,2
119.0,22,isocontour,11.283791670955125,29099.6,61.24,-18.7,-8.9,0.992,2.0,-2.4,3.1,-5.8,-17.8,1.113,21,3,0,0,3
119.0,23,isocontour,11.283791670955125,29022.46,61.07,-20.4,4.3,0.987,0.3,-0.9,0.9,-6.0,-17.8,1.107,21,4,0,0,4
119.0,24,isocontour,11.283791670955125,27741.5,58.38,2.0,-20.8,0.98,1.5,-0.1,1.5,-5.9,-17.7,1.114,21,2,0,0,2
119.0,25,isocontour,11.283791670955125,27743.57,58.38,-16.4,10.3,1.069,0.7,0.7,1.0,-6.1,-17.8,1.103,21,4,0,0,4
119.0,Target,,,,,0.0,0.0,4.023,0.0,0.0,,,,,,,,,
119.1,1,isocontour,11.283791670955125,24182.44,50.89,11.3,17.4,0.989,1.3,-0.6,1.4,-6.1,-17.8,1.103,21,7,0,0,7
119.1,2,isocontour,11.283791670955125,22724.38,47.82,-1.5,20.7,0.992,-0.9,0.8,1.2,-6.1,-17.8,1.103,21,7,0,0,7
119.1,3,isocontour,11.283791670955125,23343.82,49.12,4.8,20.4,0.981,0.6,0.6,0.8,-6.1,-17.8,1.103,21,7,0,0,7
119.1,4,isocontour,11.283791670955125,28838.45,60.69,17.1,11.9,0.987,1.2,3.3,3.5,-6.1,-17.8,1.103,21,3,0,0,3
119.1,5,isocontour,11.283791670955125,27040.3,56.9,3.0,19.8,1.035,-0.9,-0.9,1.3,-6.1,-17.8,1.103,21,7,0,0,7
119.1,6,isocontour,11.283791670955125,28171.52,59.28,2.1,19.1,1.08,-4.4,0.5,4.4,-6.1,-17.8,1.103,21,7,0,0,7
119.1,7,isocontour,11.283791670955125,26147.16,55.02,-17.1,11.7,0.993,-2.0,-0.4,2.0,-6.0,-17.8,1.107,21,4,0,0,4
119.1,8,isocontour,11.283791670955125,29217.25,61.48,2.8,19.2,1.067,-0.9,0.4,1.0,-6.1,-17.8,1.103,21,7,0,0,7
119.1,9,isocontour,11.283791670955125,26411.91,55.58,20.5,4.0,0.985,1.7,0.3,1.7,-6.0,-17.8,1.107,21,3,0,0,3
119.1,10,isocontour,11.283791670955125,27184.0,57.21,16.4,11.1,1.047,1.0,0.2,1.0,-6.1,-17.8,1.103,21,3,0,0,3
119.1,11,isocontour,11.283791670955125,29101.74,61.24,-17.1,-10.3,1.037,0.7,-1.0,1.2,-5.9,-17.7,1.114,21,3,0,0,3
119.1,12,isocontour,11.283791670955125,25914.33,54.53,-14.0,-15.4,0.99,1.3,-2.6,2.9,-5.9,-17.7,1.114,21,3,0,0,3
119.1,13,isocontour,11.283791670955125,25388.36,53.43,19.7,-6.9,0.985,1.7,0.2,1.7,-6.0,-17.8,1.108,21,2,0,0,2
119.1,14,isocontour,11.283791670955125,27332.83,57.52,8.1,-17.9,1.054,1.1,0.0,1.1,-5.9,-17.7,1.114,21,2,0,0,2
119.1,15,isocontour,11.283791670955125,22860.67,48.11,-6.0,19.9,0.99,1.3,0.2,1.3,-6.1,-17.8,1.103,21,7,0,0,7
119.1,16,isocontour,11.283791670955125,41960.83,88.3,-20.2,5.4,0.982,1.2,2.5,2.8,-6.0,-17.8,1.108,21,4,0,0,4
119.1,17,isocontour,11.283791670955125,24214.62,50.96,2.2,19.9,1.031,-4.7,-0.0,4.7,-6.1,-17.8,1.103,21,7,0,0,7
119.1,18,isocontour,11.283791670955125,29224.61,61.5,-11.7,17.5,0.976,-0.5,2.9,2.9,-6.1,-17.8,1.103,21,4,0,0,4
119.1,19,isocontour,11.283791670955125,25126.9,52.88,-20.6,-2.8,0.99,-0.5,0.6,0.8,-5.8,-17.8,1.113,21,4,0,0,4
119.1,20,isocontour,11.283791670955125,27211.39,57.26,13.7,-15.5,0.995,-2.1,-1.1,2.4,-5.8,-17.8,1.113,21,2,0,0,2
119.1,21,isocontour,11.283791670955125,27367.59,57.59,-6.2,-17.6,1.112,-1.0,0.2,1.0,-6.2,-17.6,1.114,21,2,0,0,2
119.1,22,isocontour,11.283791670955125,29098.39,61.23,-18.8,-8.9,0.99,-0.9,0.4,1.0,-5.9,-17.7,1.114,21,3,0,0,3
119.1,23,isocontour,11.283791670955125,28994.4,61.02,-20.3,4.5,0.991,1.2,2.5,2.8,-6.0,-17.8,1.108,21,4,0,0,4
119.1,24,isocontour,11.283791670955125,27732.24,58.36,2.0,-20.7,0.989,-0.5,1.9,2.0,-5.9,-17.7,1.114,21,2,0,0,2
119.1,25,isocontour,11.283791670955125,27741.63,58.38,-16.4,10.4,1.068,0.3,1.1,1.1,-6.0,-17.8,1.107,21,4,0,0,4
119.1,Target,,,,,0.0,0.0,4.023,0.0,0.0,,,,,,,,,
119.2,1,isocontour,11.283791670955125,24180.59,50.89,11.3,17.4,0.991,-1.1,0.1,1.1,-6.1,-17.8,1.103,21,7,0,0,7
119.2,2,isocontour,11.283791670955125,22719.46,47.81,-1.6,20.8,0.986,-1.1,1.1,1.6,-6.1,-17.8,1.103,21,7,0,0,7
119.2,3,isocontour,11.283791670955125,23325.43,49.09,4.6,20.4,0.982,-2.4,0.2,2.4,-6.1,-17.8,1.103,21,7,0,0,7
119.2,4,isocontour,11.283791670955125,28838.31,60.69,17.1,11.9,0.985,0.2,-0.4,0.4,-6.0,-17.8,1.107,21,3,0,0,3
119.2,5,isocontour,11.283791670955125,27038.6,56.9,2.9,19.7,1.038,-1.1,-0.2,1.1,-6.1,-17.8,1.103,21,7,0,0,7
119.2,6,isocontour,11.283791670955125,28164.94,59.27,1.9,19.2,1.072,-0.6,1.6,1.7,-6.1,-17.8,1.103,21,7,0,0,7
119.2,7,isocontour,11.283791670955125,26123.89,54.97,-17.0,11.9,0.989,1.0,2.5,2.7,-6.0,-17.8,1.108,21,4,0,0,4
119.2,8,isocontour,11.283791670955125,29185.77,61.42,2.5,19.3,1.065,-2.8,0.6,2.9,-6.1,-17.8,1.103,21,7,0,0,7
119.2,9,isocontour,11.283791670955125,26410.94,55.58,20.5,3.9,0.985,-0.1,-0.9,0.9,-6.0,-17.8,1.108,21,3,0,0,3
119.2,10,isocontour,11.283791670955125,27175.83,57.19,16.2,11.2,1.052,-1.8,0.6,1.9,-6.0,-17.8,1.107,21,3,0,0,3
119.2,11,isocontour,11.283791670955125,29083.13,61.2,-17.2,-10.1,1.035,-1.6,1.9,2.5,-5.9,-17.7,1.114,21,3,0,0,3
119.2,12,isocontour,11.283791670955125,25914.29,54.53,-13.9,-15.4,0.99,0.3,0.1,0.3,-5.9,-17.7,1.114,21,3,0,0,3
119.2,13,isocontour,11.283791670955125,25376.95,53.4,19.6,-6.9,0.991,-2.0,-0.5,2.1,-5.8,-17.8,1.113,21,2,0,0,2
119.2,14,isocontour,11.283791670955125,27329.62,57.51,8.2,-17.8,1.057,0.8,1.1,1.4,-5.9,-17.7,1.114,21,2,0,0,2
119.2,15,isocontour,11.283791670955125,22859.64,48.11,-6.0,19.9,0.991,-0.8,-0.4,0.9,-6.1,-17.8,1.103,21,7,0,0,7
119.2,16,isocontour,11.283791670955125,41950.83,88.28,-20.0,5.4,0.992,1.8,-0.8,2.0,-5.8,-17.8,1.113,21,4,0,0,4
119.2,17,isocontour,11.283791670955125,24182.17,50.89,1.9,19.8,1.037,-2.8,-0.9,2.9,-6.1,-17.8,1.103,21,7,0,0,7
119.2,18,isocontour,11.283791670955125,29217.2,61.48,-11.8,17.4,0.979,-0.5,-1.7,1.8,-6.0,-17.8,1.107,21,4,0,0,4
119.2,19,isocontour,11.283791670955125,25125.87,52.87,-20.7,-2.8,0.986,-0.7,-0.5,0.9,-5.9,-17.7,1.114,21,4,0,0,4
119.2,20,isocontour,11.283791670955125,27198.97,57.24,13.8,-15.5,0.989,2.1,0.0,2.1,-5.9,-17.7,1.114,21,2,0,0,2
119.2,21,isocontour,11.283791670955125,27363.71,57.58,-6.2,-17.8,1.105,0.0,-1.4,1.4,-6.2,-17.8,1.114,21,2,0,0,2
119.2,22,isocontour,11.283791670955125,29096.78,61.23,-18.8,-8.8,0.991,0.1,1.1,1.1,-5.9,-17.7,1.114,21,3,0,0,3
119.2,23,isocontour,11.283791670955125,28991.91,61.01,-20.3,4.5,0.988,-0.9,-0.9,1.3,-5.8,-17.8,1.113,21,4,0,0,4
119.2,24,isocontour,11.283791670955125,27717.81,58.33,2.1,-20.5,0.997,1.5,1.7,2.3,-5.9,-17.7,1.114,21,2,0,0,2
119.2,25,isocontour,11.283791670955125,27713.58,58.32,-16.5,10.3,1.064,-2.1,-1.9,2.8,-6.0,-17.8,1.108,21,4,0,0,4
119.2,Target,,,,,0.0,0.0,4.023,0.0,0.0,,,,,,,,,
119.3,1,isocontour,11.283791670955125,24180.11,50.88,11.3,17.5,0.988,0.5,0.5,0.7,-6.0,-17.8,1.107,21,7,0,0,7
119.3,2,isocontour,11.283791670955125,22640.52,47.64,-2.0,20.7,0.988,-3.8,-1.0,3.9,-6.0,-17.8,1.107,21,7,0,0,7
119.3,3,isocontour,11.283791670955125,23294.28,49.02,4.3,20.3,0.988,-2.8,-0.7,2.9,-6.1,-17.8,1.103,21,7,0,0,7
119.3,4,isocontour,11.283791670955125,28811.72,60.63,16.9,12.0,0.992,-2.5,1.1,2.7,-6.0,-17.8,1.108,21,3,0,0,3
119.3,5,isocontour,11.283791670955125,27038.44,56.9,2.9,19.7,1.036,0.3,0.4,0.5,-6.1,-17.8,1.103,21,7,0,0,7
119.3,6,isocontour,11.283791670955125,28162.68,59.26,1.8,19.3,1.072,-1.2,-0.1,1.2,-6.1,-17.8,1.103,21,7,0,0,7
119.3,7,isocontour,11.283791670955125,26121.39,54.97,-17.1,12.0,0.983,-0.9,0.8,1.2,-5.8,-17.8,1.113,21,4,0,0,4
119.3,8,isocontour,11.283791670955125,29166.7,61.38,2.3,19.2,1.072,-2.2,-1.1,2.5,-6.1,-17.8,1.103,21,7,0,0,7
119.3,9,isocontour,11.283791670955125,26382.29,55.52,20.4,3.7,0.993,-1.3,-2.5,2.8,-5.8,-17.8,1.113,21,3,0,0,3
119.3,10,isocontour,11.283791670955125,27150.09,57.13,16.1,11.4,1.051,-1.4,2.3,2.7,-6.0,-17.8,1.108,21,3,0,0,3
119.3,11,isocontour,11.283791670955125,29082.56,61.2,-17.2,-10.0,1.036,-0.2,0.7,0.7,-5.9,-17.7,1.114,21,3,0,0,3
119.3,12,isocontour,11.283791670955125,25908.79,54.52,-14.1,-15.3,0.989,-1.4,0.8,1.6,-5.9,-17.7,1.114,21,3,0,0,3
119.3,13,isocontour,11.283791670955125,25376.26,53.4,19.6,-6.9,0.992,0.3,0.7,0.8,-5.9,-17.7,1.114,21,2,0,0,2
119.3,14,isocontour,11.283791670955125,27323.27,57.5,8.1,-17.9,1.054,-1.1,-1.3,1.7,-5.9,-17.7,1.114,21,2,0,0,2
119.3,15,isocontour,11.283791670955125,22858.58,48.1,-6.1,19.9,0.989,-0.9,0.1,0.9,-6.0,-17.8,1.107,21,7,0,0,7
119.3,16,isocontour,11.283791670955125,41950.01,88.28,-20.0,5.4,0.993,0.0,0.9,0.9,-5.9,-17.7,1.114,21,4,0,0,4
119.3,17,isocontour,11.283791670955125,24162.4,50.85,2.0,19.7,1.047,1.6,-1.9,2.5,-6.1,-17.8,1.103,21,7,0,0,7
119.3,18,isocontour,11.283791670955125,29193.66,61.43,-11.5,17.3,0.987,2.6,0.1,2.6,-6.0,-17.8,1.108,21,4,0,0,4
119.3,19,isocontour,11.283791670955125,25101.25,52.82,-20.6,-2.6,0.992,1.3,2.4,2.7,-5.9,-17.7,1.114,21,4,0,0,4
119.3,20,isocontour,11.283791670955125,27163.47,57.16,14.0,-15.3,0.992,1.6,2.6,3.1,-5.9,-17.7,1.114,21,2,0,0,2
119.3,21,isocontour,11.283791670955125,27340.43,57.53,-6.0,-17.8,1.106,2.6,-0.3,2.6,-6.0,-17.8,1.114,21,2,0,0,2
119.3,22,isocontour,11.283791670955125,29095.26,61.23,-18.8,-8.8,0.989,-0.1,-1.0,1.0,-5.9,-17.7,1.114,21,3,0,0,3
119.3,23,isocontour,11.283791670955125,28991.17,61.01,-20.3,4.4,0.988,-0.0,-0.8,0.8,-5.9,-17.7,1.114,21,4,0,0,4
119.3,24,isocontour,11.283791670955125,27717.35,58.33,2.2,-20.5,0.999,0.7,0.2,0.7,-5.9,-17.7,1.114,21,2,0,0,2
119.3,25,isocontour,11.283791670955125,27703.88,58.3,-16.7,10.2,1.058,-1.8,-0.8,2.0,-5.8,-17.8,1.113,21,4,0,0,4
119.3,Target,,,,,0.0,0.0,4.023,0.0,0.0,,,,,,,,,
119.4,1,isocontour,11.283791670955125,24172.2,50.87,11.1,17.5,0.993,-1.8,-0.0,1.8,-6.0,-17.8,1.108,21,7,0,0,7
119.4,2,isocontour,11.283791670955125,22636.23,47.64,-1.9,20.7,0.989,1.5,-0.1,1.5,-6.0,-17.8,1.108,21,7,0,0,7
119.4,3,isocontour,11.283791670955125,23263.13,48.95,4.0,20.3,0.992,-2.9,-0.1,2.9,-6.0,-17.8,1.107,21,7,0,0,7
119.4,4,isocontour,11.283791670955125,28808.0,60.62,16.7,12.1,0.996,-1.3,0.7,1.5,-5.8,-17.8,1.113,21,3,0,0,3
119.4,5,isocontour,11.283791670955125,27011.27,56.84,2.6,19.8,1.037,-2.8,0.1,2.8,-6.0,-17.8,1.107,21,7,0,0,7
119.4,6,isocontour,11.283791670955125,28124.67,59.18,1.6,19.4,1.068,-2.9,1.1,3.1,-6.0,-17.8,1.107,21,7,0,0,7
119.4,7,isocontour,11.283791670955125,26119.02,54.96,-17.1,11.9,0.985,0.0,-1.2,1.2,-5.9,-17.7,1.114,21,4,0,0,4
119.4,8,isocontour,11.283791670955125,29166.07,61.38,2.2,19.2,1.071,-0.6,0.5,0.8,-6.0,-17.8,1.107,21,7,0,0,7
119.4,9,isocontour,11.283791670955125,26363.21,55.48,20.5,3.8,0.986,1.7,1.8,2.5,-5.9,-17.7,1.114,21,3,0,0,3
119.4,10,isocontour,11.283791670955125,27148.96,57.13,16.1,11.3,1.051,0.6,-0.8,1.0,-5.8,-17.8,1.113,21,3,0,0,3
119.4,11,isocontour,11.283791670955125,29061.08,61.16,-17.3,-9.8,1.037,-1.2,2.3,2.6,-5.9,-17.7,1.114,21,3,0,0,3
119.4,12,isocontour,11.283791670955125,25893.18,54.49,-14.1,-15.1,0.996,-0.2,2.3,2.3,-5.9,-17.7,1.114,21,3,0,0,3
119.4,13,isocontour,11.283791670955125,25359.62,53.37,19.7,-7.0,0.982,1.6,-1.7,2.3,-5.9,-17.7,1.114,21,2,0,0,2
119.4,14,isocontour,11.283791670955125,27318.88,57.49,8.0,-18.0,1.05,-1.0,-1.1,1.5,-5.9,-17.7,1.114,21,2,0,0,2
119.4,15,isocontour,11.283791670955125,22857.64,48.1,-6.2,19.8,0.989,-0.9,-0.3,0.9,-6.0,-17.8,1.108,21,7,0,0,7
119.4,16,isocontour,11.283791670955125,41938.77,88.25,-20.0,5.6,0.987,-0.7,1.9,2.0,-5.9,-17.7,1.114,21,4,0,0,4
119.4,17,isocontour,11.283791670955125,24109.19,50.73,1.7,19.7,1.045,-3.3,1.1,3.5,-6.0,-17.8,1.107,21,7,0,0,7
119.4,18,isocontour,11.283791670955125,29168.77,61.38,-11.3,17.4,0.991,2.5,0.9,2.7,-5.8,-17.8,1.113,21,4,0,0,4
119.4,19,isocontour,11.283791670955125,25067.8,52.75,-20.5,-2.8,0.994,0.5,-2.9,2.9,-5.9,-17.7,1.114,21,4,0,0,4
119.4,20,isocontour,11.283791670955125,27127.61,57.09,13.8,-15.4,0.992,-2.0,-2.3,3.0,-5.9,-17.7,1.114,21,2,0,0,2
119.4,21,isocontour,11.283791670955125,27321.58,57.49,-5.8,-17.8,1.112,2.4,0.1,2.4,-5.8,-17.8,1.114,21,2,0,0,2
119.4,22,isocontour,11.283791670955125,29082.83,61.2,-18.9,-8.7,0.986,-1.5,1.6,2.2,-5.9,-17.7,1.114,21,3,0,0,3
119.4,23,isocontour,11.283791670955125,28959.38,60.94,-20.3,4.2,0.993,0.4,-2.9,2.9,-5.9,-17.7,1.114,21,4,0,0,4
119.4,24,isocontour,11.283791670955125,27715.09,58.32,2.1,-20.5,0.997,-1.1,-0.6,1.3,-5.9,-17.7,1.114,21,2,0,0,2
119.4,25,isocontour,11.283791670955125,27686.81,58.26,-16.9,10.1,1.052,-1.9,-1.4,2.4,-5.9,-17.7,1.114,21,4,0,0,4
119.4,Target,,,,,0.0,0.0,4.023,0.0,0.0,,,,,,,,,
119.5,1,isocontour,11.283791670955125,24152.66,50.83,11.3,17.6,0.982,1.7,1.8,2.5,-5.8,-17.8,1.113,21,7,0,0,7
119.5,2,isocontour,11.283791670955125,22611.33,47.58,-1.8,20.5,1.002,0.9,-2.5,2.7,-5.8,-17.8,1.113,21,7,0,0,7
119.5,3,isocontour,11.283791670955125,23233.86,48.89,3.7,20.4,0.994,-2.8,0.4,2.8,-6.0,-17.8,1.108,21,7,0,0,7
119.5,4,isocontour,11.283791670955125,28738.21,60.48,17.0,12.0,0.987,3.6,-1.3,3.8,-5.9,-17.7,1.114,21,3,0,0,3
119.5,5,isocontour,11.283791670955125,26986.92,56.79,2.8,19.6,1.044,2.2,-1.6,2.7,-6.0,-17.8,1.108,21,7,0,0,7
119.5,6,isocontour,11.283791670955125,28120.63,59.18,1.6,19.3,1.074,0.5,-1.4,1.5,-6.0,-17.8,1.108,21,7,0,0,7
119.5,7,isocontour,11.283791670955125,26105.71,54.94,-17.2,11.7,0.988,-0.9,-2.0,2.2,-5.9,-17.7,1.114,21,4,0,0,4
119.5,8,isocontour,11.283791670955125,29138.01,61.32,2.5,19.3,1.067,2.8,0.2,2.8,-6.0,-17.8,1.108,21,7,0,0,7
119.5,9,isocontour,11.283791670955125,26359.09,55.47,20.4,3.9,0.989,-1.3,0.8,1.5,-5.9,-17.7,1.114,21,3,0,0,3
119.5,10,isocontour,11.283791670955125,27129.18,57.09,16.1,11.5,1.046,-0.4,2.5,2.5,-5.9,-17.7,1.114,21,3,0,0,3
119.5,11,isocontour,11.283791670955125,29051.67,61.14,-17.2,-9.9,1.039,1.3,-1.5,2.0,-5.9,-17.7,1.114,21,3,0,0,3
119.5,12,isocontour,11.283791670955125,25891.43,54.49,-14.0,-15.0,1.002,0.9,0.6,1.1,-5.9,-17.7,1.114,21,3,0,0,3
119.5,13,isocontour,11.283791670955125,25334.44,53.31,19.6,-7.2,0.987,-2.0,-1.8,2.7,-5.9,-17.7,1.114,21,2,0,0,2
119.5,14,isocontour,11.283791670955125,27288.68,57.43,7.8,-18.1,1.052,-2.8,-0.6,2.9,-5.9,-17.7,1.114,21,2,0,0,2
119.5,15,isocontour,11.283791670955125,22825.84,48.03,-6.0,19.8,0.994,2.9,-0.2,2.9,-5.8,-17.8,1.113,21,7,0,0,7
119.5,16,isocontour,11.283791670955125,41904.64,88.18,-20.2,5.5,0.98,-1.9,-2.3,3.0,-5.9,-17.7,1.114,21,4,0,0,4
119.5,17,isocontour,11.283791670955125,24045.26,50.6,2.0,19.8,1.038,3.5,1.0,3.6,-6.0,-17.8,1.108,21,7,0,0,7
119.5,18,isocontour,11.283791670955125,29168.18,61.38,-11.2,17.5,0.992,0.6,0.4,0.7,-5.9,-17.7,1.114,21,4,0,0,4
119.5,19,isocontour,11.283791670955125,25052.19,52.72,-20.6,-3.0,0.985,-1.8,-1.5,2.3,-5.9,-17.7,1.114,21,4,0,0,4
119.5,20,isocontour,11.283791670955125,27106.13,57.04,14.0,-15.4,0.988,2.3,1.1,2.5,-5.9,-17.7,1.114,21,2,0,0,2
119.5,21,isocontour,11.283791670955125,27308.27,57.47,-5.6,-17.9,1.107,1.5,-1.6,2.2,-5.6,-17.9,1.114,21,2,0,0,2
119.5,22,isocontour,11.283791670955125,29078.45,61.19,-18.8,-8.7,0.991,1.5,-0.3,1.5,-5.9,-17.7,1.114,21,3,0,0,3
119.5,23,isocontour,11.283791670955125,28958.21,60.94,-20.3,4.2,0.994,0.4,0.9,1.0,-5.9,-17.7,1.114,21,4,0,0,4
119.5,24,isocontour,11.283791670955125,27706.38,58.3,2.2,-20.7,0.988,0.7,-1.7,1.8,-5.9,-17.7,1.114,21,2,0,0,2
119.5,25,isocontour,11.283791670955125,27659.64,58.21,-17.0,9.8,1.057,-0.4,-2.7,2.7,-5.9,-17.7,1.114,21,4,0,0,4
119.5,Target,,,,,0.0,0.0,4.023,0.0,0.0,,,,,,,,,
119.6,1,isocontour,11.283791670955125,24109.3,50.74,11.1,17.8,0.978,-2.5,2.0,3.2,-5.9,-17.7,1.114,21,7,0,0,7
119.6,2,isocontour,11.283791670955125,22584.45,47.53,-1.5,20.5,1.003,2.7,0.5,2.7,-5.9,-17.7,1.114,21,7,0,0,7
119.6,3,isocontour,11.283791670955125,23210.85,48.84,3.9,20.5,0.987,2.4,1.1,2.6,-5.8,-17.8,1.113,21,7,0,0,7
119.6,4,isocontour,11.283791670955125,28630.8,60.25,17.3,11.7,0.984,2.6,-3.5,4.4,-5.9,-17.7,1.114,21,3,0,0,3
119.6,5,isocontour,11.283791670955125,26969.42,56.75,2.8,19.8,1.033,-0.4,2.4,2.4,-5.8,-17.8,1.113,21,7,0,0,7
119.6,6,isocontour,11.283791670955125,28118.63,59.17,1.5,19.3,1.072,-0.9,0.7,1.1,-5.8,-17.8,1.113,21,7,0,0,7
119.6,7,isocontour,11.283791670955125,26080.81,54.88,-17.2,11.5,0.995,0.1,-2.7,2.7,-5.9,-17.7,1.114,21,4,0,0,4
119.6,8,isocontour,11.283791670955125,29032.06,61.09,2.1,19.2,1.075,-4.2,-1.1,4.3,-5.8,-17.8,1.113,21,7,0,0,7
119.6,9,isocontour,11.283791670955125,26355.95,55.46,20.3,4.0,0.995,-1.2,0.7,1.4,-5.9,-17.7,1.114,21,3,0,0,3
119.6,10,isocontour,11.283791670955125,27100.83,57.03,16.2,11.4,1.048,1.2,-2.6,2.9,-5.9,-17.7,1.114,21,3,0,0,3
119.6,11,isocontour,11.283791670955125,29049.0,61.13,-17.2,-10.0,1.041,0.9,-0.9,1.3,-5.9,-17.7,1.114,21,3,0,0,3
119.6,12,isocontour,11.283791670955125,25833.02,54.36,-13.8,-15.2,1.004,2.8,-2.3,3.6,-5.9,-17.7,1.114,21,3,0,0,3
119.6,13,isocontour,11.283791670955125,25314.19,53.27,19.4,-7.0,0.997,-1.3,2.1,2.5,-5.9,-17.7,1.114,21,2,0,0,2
119.6,14,isocontour,11.283791670955125,27268.43,57.38,8.0,-18.0,1.05,2.4,0.6,2.5,-5.9,-17.7,1.114,21,2,0,0,2
119.6,15,isocontour,11.283791670955125,22808.77,48.0,-6.1,19.7,0.995,-2.2,-0.8,2.3,-5.9,-17.7,1.114,21,7,0,0,7
119.6,16,isocontour,11.283791670955125,41874.44,88.12,-20.1,5.2,0.991,2.0,-2.0,2.8,-5.9,-17.7,1.114,21,4,0,0,4
119.6,17,isocontour,11.283791670955125,24043.86,50.6,2.0,19.8,1.037,-1.0,0.0,1.0,-5.8,-17.8,1.113,21,7,0,0,7
119.6,18,isocontour,11.283791670955125,29136.06,61.31,-11.4,17.4,0.987,-2.9,-0.7,3.0,-5.9,-17.7,1.114,21,4,0,0,4
119.6,19,isocontour,11.283791670955125,25015.27,52.64,-20.7,-2.8,0.983,-0.6,3.0,3.1,-5.9,-17.7,1.114,21,4,0,0,4
119.6,20,isocontour,11.283791670955125,27105.75,57.04,14.1,-15.4,0.985,0.7,0.1,0.7,-5.9,-17.7,1.114,21,2,0,0,2
119.6,21,isocontour,11.283791670955125,27301.92,57.45,-5.7,-17.8,1.111,-1.1,1.3,1.7,-5.7,-17.8,1.114,21,2,0,0,2
119.6,22,isocontour,11.283791670955125,29078.03,61.19,-18.8,-8.7,0.991,-0.4,0.5,0.6,-5.9,-17.7,1.114,21,3,0,0,3
119.6,23,isocontour,11.283791670955125,28957.07,60.94,-20.3,4.1,0.994,-0.4,-0.9,1.0,-5.9,-17.7,1.114,21,4,0,0,4
119.6,24,isocontour,11.283791670955125,27701.46,58.29,2.3,-20.7,0.985,1.5,-0.2,1.5,-5.9,-17.7,1.114,21,2,0,0,2
119.6,25,isocontour,11.283791670955125,27635.56,58.16,-17.0,9.5,1.065,0.1,-2.7,2.7,-5.9,-17.7,1.114,21,4,0,0,4
119.6,Target,,,,,0.0,0.0,4.023,0.0,0.0,,,,,,,,,
119.7,1,isocontour,11.283791670955125,24073.8,50.66,10.8,17.8,0.988,-2.9,-0.7,3.0,-5.9,-17.7,1.114,21,7,0,0,7
119.7,2,isocontour,11.283791670955125,22582.75,47.52,-1.6,20.5,0.999,-0.8,0.7,1.1,-5.9,-17.7,1.114,21,7,0,0,7
119.7,3,isocontour,11.283791670955125,23206.11,48.83,3.8,20.5,0.983,-1.4,0.7,1.6,-5.9,-17.7,1.114,21,7,0,0,7
119.7,4,isocontour,11.283791670955125,28628.42,60.25,17.3,11.5,0.988,-0.2,-1.2,1.2,-5.9,-17.7,1.114,21,3,0,0,3
119.7,5,isocontour,11.283791670955125,26967.67,56.75,2.7,19.8,1.033,-1.1,-0.3,1.1,-5.9,-17.7,1.114,21,7,0,0,7
119.7,6,isocontour,11.283791670955125,28092.9,59.12,1.3,19.3,1.071,-2.7,0.3,2.7,-5.9,-17.7,1.114,21,7,0,0,7
119.7,7,isocontour,11.283791670955125,26077.09,54.88,-17.2,11.6,0.993,-0.1,1.4,1.4,-5.9,-17.7,1.114,21,4,0,0,4
119.7,8,isocontour,11.283791670955125,29004.59,61.04,1.8,19.2,1.077,-2.8,0.2,2.8,-5.9,-17.7,1.114,21,7,0,0,7
119.7,9,isocontour,11.283791670955125,26354.74,55.46,20.3,4.1,0.994,0.2,0.9,0.9,-5.9,-17.7,1.114,21,3,0,0,3
119.7,10,isocontour,11.283791670955125,27092.66,57.01,16.2,11.2,1.054,-0.1,-1.8,1.8,-5.9,-17.7,1.114,21,3,0,0,3
119.7,11,isocontour,11.283791670955125,29022.98,61.08,-17.1,-10.3,1.038,0.7,-2.6,2.7,-5.9,-17.7,1.114,21,3,0,0,3
119.7,12,isocontour,11.283791670955125,25781.17,54.25,-13.6,-15.5,0.998,1.6,-3.1,3.5,-5.9,-17.7,1.114,21,3,0,0,3
119.7,13,isocontour,11.283791670955125,25297.12,53.23,19.3,-7.2,1.001,-1.2,-2.0,2.3,-5.9,-17.7,1.114,21,2,0,0,2
119.7,14,isocontour,11.283791670955125,27267.95,57.38,8.0,-18.0,1.049,0.7,0.2,0.7,-5.9,-17.7,1.114,21,2,0,0,2
119.7,15,isocontour,11.283791670955125,22781.6,47.94,-6.4,19.7,0.994,-2.7,-0.6,2.8,-5.9,-17.7,1.114,21,7,0,0,7
119.7,16,isocontour,11.283791670955125,41845.18,88.06,-20.1,5.0,0.992,-1.0,-2.7,2.9,-5.9,-17.7,1.114,21,4,0,0,4
119.7,17,isocontour,11.283791670955125,24014.59,50.54,1.7,19.8,1.038,-2.8,-0.0,2.8,-5.9,-17.7,1.114,21,7,0,0,7
119.7,18,isocontour,11.283791670955125,29135.37,61.31,-11.5,17.4,0.983,-0.7,0.4,0.8,-5.9,-17.7,1.114,21,4,0,0,4
119.7,19,isocontour,11.283791670955125,24995.25,52.6,-20.7,-2.5,0.986,0.5,2.4,2.5,-5.9,-17.7,1.114,21,4,0,0,4
119.7,20,isocontour,11.283791670955125,27104.57,57.04,14.1,-15.3,0.989,-0.0,1.0,1.0,-5.9,-17.7,1.114,21,2,0,0,2
119.7,21,isocontour,11.283791670955125,27299.87,57.45,-5.8,-17.8,1.114,-0.8,0.8,1.1,-5.8,-17.8,1.114,21,2,0,0,2
119.7,22,isocontour,11.283791670955125,29005.46,61.04,-19.1,-8.4,0.986,-2.4,3.0,3.8,-5.9,-17.7,1.114,21,3,0,0,3
119.7,23,isocontour,11.283791670955125,28831.96,60.67,-20.4,3.7,0.991,-1.4,-4.4,4.6,-5.9,-17.7,1.114,21,4,0,0,4
119.7,24,isocontour,11.283791670955125,27692.48,58.28,2.3,-20.6,0.994,-0.3,1.9,1.9,-5.9,-17.7,1.114,21,2,0,0,2
119.7,25,isocontour,11.283791670955125,27608.68,58.1,-17.1,9.3,1.064,-1.7,-2.2,2.8,-5.9,-17.7,1.114,21,4,0,0,4
119.7,Target,,,,,0.0,0.0,4.023,0.0,0.0,,,,,,,,,
119.8,1,isocontour,11.283791670955125,24040.01,50.59,10.5,17.8,0.996,-3.0,0.2,3.0,-5.9,-17.7,1.114,21,7,0,0,7
119.8,2,isocontour,11.283791670955125,22581.51,47.52,-1.7,20.6,0.995,-0.8,0.6,1.0,-5.9,-17.7,1.114,21,7,0,0,7
119.8,3,isocontour,11.283791670955125,23172.66,48.76,3.5,20.5,0.988,-2.9,-0.7,3.0,-5.9,-17.7,1.114,21,7,0,0,7
119.8,4,isocontour,11.283791670955125,28594.64,60.17,17.3,11.2,0.997,-0.2,-3.0,3.0,-5.9,-17.7,1.114,21,3,0,0,3
119.8,5,isocontour,11.283791670955125,26935.55,56.68,2.4,19.8,1.035,-2.9,0.1,2.9,-5.9,-17.7,1.114,21,7,0,0,7
119.8,6,isocontour,11.283791670955125,28064.54,59.06,1.0,19.4,1.066,-2.6,1.1,2.8,-5.9,-17.7,1.114,21,7,0,0,7
119.8,7,isocontour,11.283791670955125,26062.07,54.84,-17.3,11.7,0.981,-1.6,1.6,2.3,-5.9,-17.7,1.114,21,4,0,0,4
119.8,8,isocontour,11.283791670955125,29003.35,61.03,1.9,19.2,1.076,1.0,0.1,1.0,-5.9,-17.7,1.114,21,7,0,0,7
119.8,9,isocontour,11.283791670955125,26327.57,55.4,20.4,3.8,0.992,0.7,-2.7,2.8,-5.9,-17.7,1.114,21,2,0,0,2
119.8,10,isocontour,11.283791670955125,27088.7,57.0,16.3,11.1,1.052,1.2,-0.8,1.4,-5.9,-17.7,1.114,21,3,0,0,3
119.8,11,isocontour,11.283791670955125,29000.23,61.03,-17.0,-10.5,1.034,0.7,-2.5,2.6,-5.9,-17.7,1.114,21,3,0,0,3
119.8,12,isocontour,11.283791670955125,25770.41,54.23,-13.7,-15.7,0.987,-1.5,-1.4,2.1,-5.9,-17.7,1.114,21,3,0,0,3
119.8,13,isocontour,11.283791670955125,25296.09,53.23,19.3,-7.3,0.999,0.0,-0.9,0.9,-5.9,-17.7,1.114,21,1,0,0,1
119.8,14,isocontour,11.283791670955125,27262.64,57.37,8.0,-18.1,1.046,-1.1,-1.2,1.6,-5.9,-17.7,1.114,21,2,0,0,2
119.8,15,isocontour,11.283791670955125,22694.67,47.76,-6.7,19.7,0.986,-4.1,0.3,4.1,-5.9,-17.7,1.114,21,7,0,0,7
119.8,16,isocontour,11.283791670955125,41829.96,88.03,-20.3,4.9,0.981,-2.3,-0.2,2.3,-5.9,-17.7,1.114,21,4,0,0,4
119.8,17,isocontour,11.283791670955125,24013.46,50.53,1.6,19.8,1.039,-1.0,-0.1,1.0,-5.9,-17.7,1.114,21,7,0,0,7
119.8,18,isocontour,11.283791670955125,29132.17,61.31,-11.4,17.5,0.982,1.1,0.8,1.4,-5.9,-17.7,1.114,21,4,0,0,4
119.8,19,isocontour,11.283791670955125,24981.01,52.57,-20.7,-2.3,0.987,-0.3,2.2,2.2,-5.9,-17.7,1.114,21,4,0,0,4
119.8,20,isocontour,11.283791670955125,27099.07,57.03,14.1,-15.1,0.995,-0.2,1.6,1.6,-5.9,-17.7,1.114,21,2,0,0,2
119.8,21,isocontour,11.283791670955125,27269.36,57.39,-6.0,-17.7,1.115,-2.7,1.0,2.9,-6.0,-17.7,1.114,21,2,0,0,2
119.8,22,isocontour,11.283791670955125,28994.38,61.02,-19.2,-8.5,0.979,-0.7,-1.9,2.0,-5.9,-17.7,1.114,21,3,0,0,3
119.8,23,isocontour,11.283791670955125,28705.21,60.41,-20.6,3.3,0.985,-2.0,-4.2,4.7,-5.9,-17.7,1.114,21,4,0,0,4
119.8,24,isocontour,11.283791670955125,27692.03,58.27,2.4,-20.5,0.995,0.7,0.1,0.7,-5.9,-17.7,1.114,21,2,0,0,2
119.8,25,isocontour,11.283791670955125,27596.09,58.07,-17.2,9.1,1.066,-0.6,-2.1,2.2,-5.9,-17.7,1.114,21,4,0,0,4
119.8,Target,,,,,0.0,0.0,4.023,0.0,0.0,,,,,,,,,
119.9,1,isocontour,11.283791670955125,24010.44,50.53,10.2,17.9,0.997,-2.4,1.6,2.9,-5.9,-17.7,1.114,21,7,0,0,7
119.9,2,isocontour,11.283791670955125,22556.89,47.47,-1.9,20.7,0.99,-2.5,0.8,2.6,-5.9,-17.7,1.114,21,7,0,0,7
119.9,3,isocontour,11.283791670955125,23144.31,48.7,3.6,20.3,0.997,1.9,-2.0,2.8,-5.9,-17.7,1.114,21,7,0,0,7
119.9,4,isocontour,11.283791670955125,28587.36,60.16,17.4,11.1,0.994,1.6,-0.7,1.7,-5.9,-17.7,1.114,21,3,0,0,3
119.9,5,isocontour,11.283791670955125,26932.62,56.68,2.4,19.7,1.041,0.7,-1.1,1.3,-5.9,-17.7,1.114,21,7,0,0,7
119.9,6,isocontour,11.283791670955125,28062.93,59.05,1.0,19.4,1.067,1.0,-0.4,1.1,-5.9,-17.7,1.114,21,7,0,0,7
119.9,7,isocontour,11.283791670955125,26043.0,54.8,-17.5,11.6,0.98,-1.4,-2.0,2.4,-5.9,-17.7,1.114,21,4,0,0,4
119.9,8,isocontour,11.283791670955125,28974.08,60.97,2.1,19.2,1.075,2.8,-0.0,2.8,-5.9,-17.7,1.114,21,7,0,0,7
119.9,9,isocontour,11.283791670955125,26312.36,55.37,20.5,3.7,0.985,1.8,-1.4,2.3,-5.9,-17.7,1.114,21,3,0,0,3
119.9,10,isocontour,11.283791670955125,27087.6,57.0,16.3,11.1,1.051,-0.4,0.9,1.0,-5.9,-17.7,1.114,21,3,0,0,3
119.9,11,isocontour,11.283791670955125,28977.99,60.98,-17.1,-10.3,1.036,-0.8,2.5,2.6,-5.9,-17.7,1.114,21,3,0,0,3
119.9,12,isocontour,11.283791670955125,25730.16,54.15,-14.0,-15.6,0.981,-2.9,1.2,3.1,-6.0,-17.7,1.115,21,3,0,0,3
119.9,13,isocontour,11.283791670955125,25293.77,53.23,19.4,-7.3,0.993,1.1,-0.4,1.2,-5.9,-17.7,1.114,21,2,0,0,2
119.9,14,isocontour,11.283791670955125,27255.48,57.36,8.1,-18.1,1.045,1.7,0.6,1.8,-5.9,-17.7,1.114,21,2,0,0,2
119.9,15,isocontour,11.283791670955125,22693.85,47.76,-6.9,19.7,0.983,-0.8,0.1,0.8,-5.9,-17.7,1.114,21,7,0,0,7
119.9,16,isocontour,11.283791670955125,41807.47,87.98,-20.6,4.9,0.969,-2.4,-0.9,2.6,-5.9,-17.7,1.114,21,4,0,0,4
119.9,17,isocontour,11.283791670955125,24011.36,50.53,1.6,19.8,1.043,0.9,-0.8,1.2,-5.9,-17.7,1.114,21,7,0,0,7
119.9,18,isocontour,11.283791670955125,29130.96,61.3,-11.3,17.5,0.985,1.0,-0.2,1.0,-5.9,-17.7,1.114,21,4,0,0,4
119.9,19,isocontour,11.283791670955125,24976.63,52.56,-20.6,-2.3,0.991,1.1,-1.0,1.5,-5.9,-17.7,1.114,21,4,0,0,4
119.9,20,isocontour,11.283791670955125,27083.66,56.99,13.9,-15.2,0.999,-2.0,-1.0,2.2,-5.9,-17.7,1.114,21,2,0,0,2
119.9,21,isocontour,11.283791670955125,27245.82,57.34,-5.8,-17.7,1.118,2.6,-0.4,2.6,-5.8,-17.7,1.115,21,2,0,0,2
119.9,22,isocontour,11.283791670955125,28981.6,60.99,-19.0,-8.6,0.987,2.1,0.1,2.1,-5.9,-17.7,1.114,21,3,0,0,3
119.9,23,isocontour,11.283791670955125,28593.36,60.17,-20.7,2.9,0.983,-0.8,-4.4,4.5,-5.9,-17.7,1.114,21,4,0,0,4
119.9,24,isocontour,11.283791670955125,27657.22,58.2,2.1,-20.6,0.994,-2.9,-0.6,3.0,-6.0,-17.7,1.115,21,2,0,0,2
119.9,25,isocontour,11.283791670955125,27588.05,58.06,-17.3,9.0,1.063,-1.4,-1.2,1.8,-5.9,-17.7,1.114,21,4,0,0,4
119.9,Target,,,,,0.0,0.0,4.023,0.0,0.0,,,,,,,,,
120.0,1,isocontour,11.283791670955125,24002.91,50.51,10.3,18.1,0.988,0.6,1.7,1.8,10.3,18.1,0.997,1,7,0,0,7
120.0,2,isocontour,11.283791670955125,22556.07,47.47,-2.0,20.7,0.987,-0.8,0.4,0.9,-2.0,20.7,0.99,2,7,0,0,7
120.0,3,isocontour,11.283791670955125,23113.79,48.64,3.4,20.3,0.999,-2.8,0.5,2.8,3.4,20.3,0.997,3,7,0,0,7
120.0,4,isocontour,11.283791670955125,28559.89,60.1,17.7,11.1,0.984,2.7,-0.6,2.8,17.7,11.1,0.994,4,3,0,0,3
120.0,5,isocontour,11.283791670955125,26931.22,56.67,2.5,19.7,1.044,0.8,-0.6,1.0,2.5,19.7,1.041,5,7,0,0,7
120.0,6,isocontour,11.283791670955125,28031.78,58.99,1.3,19.4,1.068,2.9,-0.3,2.9,1.3,19.4,1.067,6,7,0,0,7
120.0,7,isocontour,11.283791670955125,26007.84,54.73,-17.3,11.4,0.994,2.5,-1.7,3.0,-17.3,11.4,0.98,7,4,0,0,4
120.0,8,isocontour,11.283791670955125,28972.72,60.97,2.3,19.2,1.075,1.0,-0.2,1.0,2.3,19.2,1.075,8,7,0,0,7
120.0,9,isocontour,11.283791670955125,26270.97,55.28,20.5,3.4,0.99,-0.9,-3.1,3.2,20.5,3.4,0.985,9,3,0,0,3
120.0,10,isocontour,11.283791670955125,27064.84,56.95,16.1,11.3,1.05,-1.3,2.3,2.6,16.1,11.3,1.051,10,3,0,0,3
120.0,11,isocontour,11.283791670955125,28956.51,60.94,-17.1,-10.1,1.04,-0.8,2.4,2.5,-17.1,-10.1,1.036,11,3,0,0,3
120.0,12,isocontour,11.283791670955125,25728.72,54.14,-14.1,-15.5,0.98,-0.8,0.6,1.0,-14.1,-15.5,0.981,12,3,0,0,3
120.0,13,isocontour,11.283791670955125,25291.88,53.22,19.5,-7.3,0.988,1.0,0.5,1.1,19.5,-7.3,0.993,13,2,0,0,2
120.0,14,isocontour,11.283791670955125,27232.73,57.31,8.3,-18.0,1.044,2.5,0.8,2.6,8.3,-18.0,1.045,14,2,0,0,2
120.0,15,isocontour,11.283791670955125,22674.31,47.72,-6.7,19.6,0.991,2.3,-1.0,2.5,-6.7,19.6,0.983,15,7,0,0,7
120.0,16,isocontour,11.283791670955125,41804.4,87.97,-20.5,4.8,0.973,1.0,-0.9,1.3,-20.5,4.8,0.969,16,4,0,0,4
120.0,17,isocontour,11.283791670955125,23980.84,50.46,1.9,19.7,1.045,2.8,-0.5,2.8,1.9,19.7,1.043,17,7,0,0,7
120.0,18,isocontour,11.283791670955125,29129.06,61.3,-11.2,17.5,0.986,1.0,0.6,1.2,-11.2,17.5,0.985,18,4,0,0,4
120.0,19,isocontour,11.283791670955125,24974.48,52.56,-20.6,-2.5,0.992,0.2,-1.2,1.2,-20.6,-2.5,0.991,19,4,0,0,4
120.0,20,isocontour,11.283791670955125,27083.66,56.99,13.9,-15.2,1.0,-0.1,0.1,0.1,13.9,-15.2,0.999,20,2,0,0,2
120.0,21,isocontour,11.283791670955125,27218.94,57.28,-5.6,-17.7,1.12,2.7,-0.6,2.8,-5.6,-17.7,1.118,21,2,0,0,2
120.0,22,isocontour,11.283791670955125,28962.99,60.95,-19.0,-8.4,0.989,-0.9,2.3,2.5,-19.0,-8.4,0.987,22,3,0,0,3
120.0,23,isocontour,11.283791670955125,28562.21,60.11,-20.7,2.6,0.986,0.4,-2.9,2.9,-20.7,2.6,0.983,23,4,0,0,4
120.0,24,isocontour,11.283791670955125,27649.94,58.19,2.1,-20.7,0.986,0.7,-1.6,1.7,2.1,-20.7,0.994,24,2,0,0,2
120.0,25,isocontour,11.283791670955125,27563.97,58.0,-17.2,9.1,1.063,1.4,2.3,2.7,-17.2,9.1,1.063,25,4,0,0,4
120.0,Target,,,,,0.0,0.0,4.023,0.0,0.0,,,,,,,,,
120.1,1,isocontour,11.283791670955125,24001.74,50.51,10.3,18.2,0.982,0.4,0.9,1.0,2.3,19.2,1.075,8,7,0,0,7
120.1,2,isocontour,11.283791670955125,22552.79,47.46,-1.9,20.7,0.99,1.2,-0.6,1.3,2.3,19.2,1.075,8,7,0,0,7
120.1,3,isocontour,11.283791670955125,23092.06,48.59,3.6,20.4,0.991,2.3,1.2,2.6,2.3,19.2,1.075,8,7,0,0,7
120.1,4,isocontour,11.283791670955125,28558.96,60.1,17.7,11.0,0.986,-0.9,-0.3,0.9,16.1,11.3,1.051,10,3,0,0,3
120.1,5,isocontour,11.283791670955125,26861.98,56.53,2.7,19.9,1.028,2.1,3.1,3.7,2.3,19.2,1.075,8,7,0,0,7
120.1,6,isocontour,11.283791670955125,28028.36,58.98,1.4,19.5,1.063,1.0,1.0,1.4,2.3,19.2,1.075,8,7,0,0,7
120.1,7,isocontour,11.283791670955125,26007.34,54.73,-17.3,11.4,0.993,-0.5,0.5,0.7,-17.2,9.1,1.063,25,4,0,0,4
120.1,8,isocontour,11.283791670955125,28955.44,60.93,2.4,19.3,1.065,1.7,1.7,2.4,2.4,19.3,1.075,8,7,0,0,7
120.1,9,isocontour,11.283791670955125,26268.03,55.28,20.4,3.4,0.994,-0.9,1.0,1.3,16.1,11.3,1.051,10,3,0,0,3
120.1,10,isocontour,11.283791670955125,27064.03,56.95,16.1,11.3,1.051,0.2,-0.8,0.8,16.1,11.3,1.051,10,3,0,0,3
120.1,11,isocontour,11.283791670955125,28955.6,60.93,-17.2,-10.0,1.039,-0.5,0.7,0.9,-17.2,-10.0,1.04,11,3,0,0,3
120.1,12,isocontour,11.283791670955125,25720.29,54.13,-14.2,-15.4,0.979,-1.5,1.1,1.9,-5.6,-17.7,1.12,21,3,0,0,3
120.1,13,isocontour,11.283791670955125,25256.72,53.15,19.4,-7.5,0.989,-1.3,-2.7,3.0,13.9,-15.2,1.0,20,2,0,0,2
120.1,14,isocontour,11.283791670955125,27205.56,57.25,8.6,-17.9,1.04,2.7,0.6,2.8,8.6,-17.9,1.045,14,2,0,0,2
120.1,15,isocontour,11.283791670955125,22653.57,47.67,-6.9,19.6,0.988,-2.5,0.0,2.5,2.3,19.2,1.075,8,7,0,0,7
120.1,16,isocontour,11.283791670955125,41790.73,87.94,-20.3,4.7,0.984,2.2,-0.3,2.2,-17.2,9.1,1.063,25,4,0,0,4
120.1,17,isocontour,11.283791670955125,23979.32,50.46,2.0,19.8,1.042,0.9,0.5,1.0,2.3,19.2,1.075,8,7,0,0,7
120.1,18,isocontour,11.283791670955125,29105.26,61.25,-11.1,17.3,0.998,1.0,-2.4,2.6,-17.2,9.1,1.063,25,4,0,0,4
120.1,19,isocontour,11.283791670955125,24964.18,52.53,-20.7,-2.6,0.985,-1.4,-1.5,2.1,-17.1,-10.1,1.04,11,4,0,0,4
120.1,20,isocontour,11.283791670955125,27081.71,56.99,13.9,-15.1,1.002,0.5,1.0,1.1,8.3,-18.0,1.045,14,2,0,0,2
120.1,21,isocontour,11.283791670955125,27217.54,57.28,-5.5,-17.8,1.117,0.6,-0.8,1.0,-5.5,-17.8,1.12,21,2,0,0,2
120.1,22,isocontour,11.283791670955125,28944.37,60.91,-19.0,-8.1,0.995,0.4,2.4,2.4,-17.1,-10.1,1.04,11,4,0,0,4
120.1,23,isocontour,11.283791670955125,28545.14,60.07,-20.5,2.6,0.996,2.1,1.1,2.4,-17.2,9.1,1.063,25,5,0,0,5
120.1,24,isocontour,11.283791670955125,27640.24,58.17,2.3,-20.8,0.982,1.9,-0.2,1.9,-5.6,-17.7,1.12,21,2,0,0,2
120.1,25,isocontour,11.283791670955125,27562.65,58.0,-17.2,9.3,1.062,0.3,1.0,1.0,-17.2,9.3,1.063,25,4,0,0,4
120.1,Target,,,,,0.0,0.0,4.023,0.0,0.0,,,,,,,,,
120.2,1,isocontour,11.283791670955125,23998.67,50.5,10.2,18.2,0.984,-1.3,0.0,1.3,2.3,19.2,1.075,8,7,0,0,7
120.2,2,isocontour,11.283791670955125,22551.27,47.46,-1.9,20.6,0.994,-0.5,-0.9,1.0,2.3,19.2,1.075,8,7,0,0,7
120.2,3,isocontour,11.283791670955125,23072.52,48.55,3.8,20.5,0.984,2.3,1.0,2.5,2.3,19.2,1.075,8,7,0,0,7
120.2,4,isocontour,11.283791670955125,28538.94,60.06,17.6,10.8,0.994,-0.1,-2.5,2.5,2.3,19.2,1.075,8,3,0,0,3
120.2,5,isocontour,11.283791670955125,26859.82,56.52,2.6,20.0,1.025,-1.2,0.2,1.2,2.3,19.2,1.075,8,7,0,0,7
120.2,6,isocontour,11.283791670955125,28025.92,58.98,1.4,19.6,1.056,-0.2,1.2,1.2,2.3,19.2,1.075,8,7,0,0,7
120.2,7,isocontour,11.283791670955125,25955.49,54.62,-17.3,11.7,0.983,-0.0,3.4,3.4,-17.2,9.1,1.063,25,4,0,0,4
120.2,8,isocontour,11.283791670955125,28927.08,60.87,2.2,19.4,1.06,-2.6,1.0,2.8,2.3,19.2,1.075,8,7,0,0,7
120.2,9,isocontour,11.283791670955125,26265.66,55.27,20.4,3.6,0.996,-0.3,1.2,1.2,16.1,11.3,1.051,10,3,0,0,3
120.2,10,isocontour,11.283791670955125,27042.04,56.91,16.2,11.1,1.053,1.3,-2.2,2.6,2.3,19.2,1.075,8,3,0,0,3
120.2,11,isocontour,11.283791670955125,28954.51,60.93,-17.3,-10.0,1.037,-0.8,0.4,0.9,-5.6,-17.7,1.12,21,3,0,0,3
120.2,12,isocontour,11.283791670955125,25697.01,54.08,-14.3,-15.2,0.984,-1.0,2.4,2.6,-5.6,-17.7,1.12,21,3,0,0,3
120.2,13,isocontour,11.283791670955125,25241.51,53.12,19.2,-7.6,0.998,-2.2,-0.4,2.2,16.1,11.3,1.051,10,2,0,0,2
120.2,14,isocontour,11.283791670955125,27189.12,57.22,8.8,-17.9,1.036,2.3,0.3,2.3,-5.6,-17.7,1.12,21,2,0,0,2
120.2,15,isocontour,11.283791670955125,22649.1,47.66,-6.9,19.5,0.994,-0.0,-1.5,1.5,2.3,19.2,1.075,8,7,0,0,7
120.2,16,isocontour,11.283791670955125,41783.56,87.93,-20.2,4.7,0.994,1.7,-0.6,1.8,-17.2,9.1,1.063,25,4,0,0,4
120.2,17,isocontour,11.283791670955125,23978.68,50.46,2.0,19.8,1.041,-0.8,0.1,0.8,2.3,19.2,1.075,8,7,0,0,7
120.2,18,isocontour,11.283791670955125,29099.34,61.24,-11.1,17.4,0.996,0.6,1.6,1.7,2.3,19.2,1.075,8,4,0,0,4
120.2,19,isocontour,11.283791670955125,24962.19,52.53,-20.7,-2.7,0.984,0.2,-1.1,1.1,-17.2,9.1,1.063,25,4,0,0,4
120.2,20,isocontour,11.283791670955125,27062.87,56.95,14.1,-15.0,0.997,2.4,0.6,2.5,8.3,-18.0,1.045,14,2,0,0,2
120.2,21,isocontour,11.283791670955125,27198.23,57.24,-5.3,-18.0,1.108,1.3,-2.1,2.5,-5.6,-17.7,1.12,21,2,0,0,2
120.2,22,isocontour,11.283791670955125,28937.91,60.9,-19.0,-8.2,0.992,-0.4,-1.7,1.7,-5.6,-17.7,1.12,21,4,0,0,4
120.2,23,isocontour,11.283791670955125,28523.41,60.02,-20.6,2.8,0.988,-1.7,1.9,2.5,-17.2,9.1,1.063,25,5,0,0,5
120.2,24,isocontour,11.283791670955125,27615.62,58.11,2.5,-20.6,0.99,1.8,1.9,2.6,-5.6,-17.7,1.12,21,2,0,0,2
120.2,25,isocontour,11.283791670955125,27561.17,58.0,-17.1,9.3,1.063,0.7,0.8,1.1,-17.1,9.3,1.063,25,4,0,0,4
120.2,Target,,,,,0.0,0.0,4.023,0.0,0.0,,,,,,,,,
120.3,1,isocontour,11.283791670955125,23995.6,50.5,10.3,18.1,0.986,1.0,-0.9,1.3,2.3,19.2,1.075,8,7,0,0,7
120.3,2,isocontour,11.283791670955125,22514.35,47.38,-1.7,20.6,0.993,3.0,0.8,3.1,2.3,19.2,1.075,8,7,0,0,7
120.3,3,isocontour,11.283791670955125,23071.93,48.55,3.9,20.6,0.979,0.5,0.6,0.8,2.3,19.2,1.075,8,7,0,0,7
120.3,4,isocontour,11.283791670955125,28509.68,60.0,17.5,11.0,0.997,-1.8,2.2,2.8,2.3,19.2,1.075,8,3,0,0,3
120.3,5,isocontour,11.283791670955125,26826.38,56.45,2.4,20.0,1.027,-3.0,-0.2,3.0,2.3,19.2,1.075,8,7,0,0,7
120.3,6,isocontour,11.283791670955125,28004.69,58.93,1.2,19.6,1.055,-2.5,0.1,2.5,2.3,19.2,1.075,8,7,0,0,7
120.3,7,isocontour,11.283791670955125,25953.23,54.62,-17.3,11.7,0.985,0.0,-1.2,1.2,2.3,19.2,1.075,8,4,0,0,4
120.3,8,isocontour,11.283791670955125,28923.66,60.87,2.2,19.3,1.066,0.2,-1.4,1.4,2.3,19.2,1.075,8,7,0,0,7
120.3,9,isocontour,11.283791670955125,26258.25,55.26,20.5,3.6,0.987,1.6,0.7,1.7,2.3,19.2,1.075,8,3,0,0,3
120.3,10,isocontour,11.283791670955125,27022.03,56.86,16.3,10.9,1.057,0.7,-2.4,2.5,2.3,19.2,1.075,8,3,0,0,3
120.3,11,isocontour,11.283791670955125,28949.49,60.92,-17.3,-9.8,1.04,0.0,1.6,1.6,-5.6,-17.7,1.12,21,3,0,0,3
120.3,12,isocontour,11.283791670955125,25695.88,54.07,-14.4,-15.1,0.984,-0.7,0.6,0.9,-5.6,-17.7,1.12,21,3,0,0,3
120.3,13,isocontour,11.283791670955125,25240.48,53.12,19.2,-7.6,0.996,0.8,-0.5,0.9,16.1,11.3,1.051,10,2,0,0,2
120.3,14,isocontour,11.283791670955125,27166.11,57.17,9.1,-17.8,1.034,2.5,0.9,2.7,-5.6,-17.7,1.12,21,2,0,0,2
120.3,15,isocontour,11.283791670955125,22644.46,47.65,-6.9,19.6,0.989,-0.0,1.5,1.5,2.3,19.2,1.075,8,7,0,0,7
120.3,16,isocontour,11.283791670955125,41783.12,87.93,-20.1,4.6,0.996,-0.0,-0.7,0.7,-17.2,9.1,1.063,25,4,0,0,4
120.3,17,isocontour,11.283791670955125,23964.25,50.43,1.8,19.9,1.036,-1.8,1.3,2.2,2.3,19.2,1.075,8,7,0,0,7
120.3,18,isocontour,11.283791670955125,29072.46,61.18,-11.3,17.3,0.994,-2.4,-1.4,2.8,2.3,19.2,1.075,8,4,0,0,4
120.3,19,isocontour,11.283791670955125,24939.17,52.48,-20.6,-2.5,0.99,1.0,2.4,2.6,-5.6,-17.7,1.12,21,4,0,0,4
120.3,20,isocontour,11.283791670955125,27059.3,56.94,14.3,-15.1,0.99,1.3,-0.6,1.4,-5.6,-17.7,1.12,21,2,0,0,2
120.3,21,isocontour,11.283791670955125,27192.21,57.22,-5.2,-18.1,1.101,1.1,-1.2,1.6,-5.6,-17.7,1.12,21,2,0,0,2
120.3,22,isocontour,11.283791670955125,28936.38,60.89,-19.1,-8.3,0.986,-1.0,-0.2,1.0,-5.6,-17.7,1.12,21,4,0,0,4
120.3,23,isocontour,11.283791670955125,28498.79,59.97,-20.7,2.6,0.982,-1.2,-2.4,2.7,-5.6,-17.7,1.12,21,5,0,0,5
120.3,24,isocontour,11.283791670955125,27598.12,58.08,2.7,-20.5,0.996,2.0,1.3,2.4,-5.6,-17.7,1.12,21,2,0,0,2
120.3,25,isocontour,11.283791670955125,27555.35,57.99,-17.0,9.4,1.069,1.5,0.7,1.7,2.3,19.2,1.075,8,4,0,0,4
120.3,Target,,,,,0.0,0.0,4.023,0.0,0.0,,,,,,,,,
120.4,1,isocontour,11.283791670955125,23982.11,50.47,10.4,18.0,0.987,1.8,-1.3,2.2,2.3,19.2,1.075,8,7,0,0,7
120.4,2,isocontour,11.283791670955125,22509.61,47.37,-1.5,20.7,0.988,1.2,1.0,1.6,2.3,19.2,1.075,8,7,0,0,7
120.4,3,isocontour,11.283791670955125,23069.67,48.55,3.8,20.6,0.982,-1.1,-0.4,1.2,2.3,19.2,1.075,8,7,0,0,7
120.4,4,isocontour,11.283791670955125,28508.43,59.99,17.5,11.1,0.994,0.1,1.0,1.0,2.3,19.2,1.075,8,3,0,0,3
120.4,5,isocontour,11.283791670955125,26794.9,56.39,2.1,19.9,1.033,-2.8,-0.6,2.9,2.3,19.2,1.075,8,7,0,0,7
120.4,6,isocontour,11.283791670955125,28003.88,58.93,1.1,19.7,1.052,-0.6,0.6,0.8,2.3,19.2,1.075,8,7,0,0,7
120.4,7,isocontour,11.283791670955125,25950.23,54.61,-17.2,11.6,0.991,0.7,-1.1,1.3,-5.6,-17.7,1.12,21,4,0,0,4
120.4,8,isocontour,11.283791670955125,28923.16,60.87,2.2,19.3,1.067,-0.7,0.3,0.8,2.3,19.2,1.075,8,7,0,0,7
120.4,9,isocontour,11.283791670955125,26257.79,55.26,20.5,3.6,0.987,-0.1,-0.7,0.7,2.3,19.2,1.075,8,2,0,0,2
120.4,10,isocontour,11.283791670955125,27016.42,56.85,16.5,10.8,1.053,1.5,-0.7,1.7,2.3,19.2,1.075,8,3,0,0,3
120.4,11,isocontour,11.283791670955125,28927.76,60.87,-17.4,-9.6,1.042,-1.0,2.4,2.6,-5.6,-17.7,1.12,21,3,0,0,3
120.4,12,isocontour,11.283791670955125,25691.5,54.06,-14.5,-15.0,0.983,-1.2,0.9,1.5,-5.6,-17.7,1.12,21,3,0,0,3
120.4,13,isocontour,11.283791670955125,25239.38,53.11,19.2,-7.7,0.994,-0.1,-0.9,0.9,-5.6,-17.7,1.12,21,1,0,0,1
120.4,14,isocontour,11.283791670955125,27163.85,57.16,9.0,-17.8,1.037,-1.2,0.0,1.2,-5.6,-17.7,1.12,21,2,0,0,2
120.4,15,isocontour,11.283791670955125,22643.49,47.65,-6.8,19.6,0.988,0.9,0.2,0.9,2.3,19.2,1.075,8,7,0,0,7
120.4,16,isocontour,11.283791670955125,41772.82,87.91,-20.3,4.7,0.988,-1.4,1.4,2.0,-5.6,-17.7,1.12,21,4,0,0,4
120.4,17,isocontour,11.283791670955125,23940.17,50.38,1.5,19.9,1.036,-2.7,-0.2,2.7,2.3,19.2,1.075,8,7,0,0,7
120.4,18,isocontour,11.283791670955125,29024.98,61.08,-11.6,17.2,0.994,-2.8,-1.7,3.3,2.3,19.2,1.075,8,4,0,0,4
120.4,19,isocontour,11.283791670955125,24937.13,52.48,-20.6,-2.6,0.991,0.0,-1.2,1.2,-5.6,-17.7,1.12,21,4,0,0,4
120.4,20,isocontour,11.283791670955125,27057.45,56.94,14.4,-15.1,0.985,1.1,-0.2,1.1,-5.6,-17.7,1.12,21,2,0,0,2
120.4,21,isocontour,11.283791670955125,27191.3,57.22,-5.1,-18.2,1.101,0.9,-0.2,0.9,-5.6,-17.7,1.12,21,2,0,0,2
120.4,22,isocontour,11.283791670955125,28932.08,60.88,-19.3,-8.3,0.978,-1.5,-0.1,1.5,-5.6,-17.7,1.12,21,4,0,0,4
120.4,23,isocontour,11.283791670955125,28482.56,59.94,-20.6,2.5,0.991,1.9,-1.3,2.3,-5.6,-17.7,1.12,21,5,0,0,5
120.4,24,isocontour,11.283791670955125,27595.86,58.07,2.6,-20.5,0.997,-1.2,-0.1,1.2,-5.6,-17.7,1.12,21,2,0,0,2
120.4,25,isocontour,11.283791670955125,27545.21,57.97,-17.1,9.3,1.065,-1.6,-1.2,2.0,-5.6,-17.7,1.12,21,4,0,0,4
120.4,Target,,,,,0.0,0.0,4.023,0.0,0.0,,,,,,,,,
120.5,1,isocontour,11.283791670955125,23959.36,50.42,10.5,17.8,0.998,0.2,-2.6,2.6,2.3,19.2,1.075,8,7,0,0,7
120.5,2,isocontour,11.283791670955125,22427.04,47.19,-1.8,20.8,0.985,-4.0,0.2,4.0,2.3,19.2,1.075,8,7,0,0,7
120.5,3,isocontour,11.283791670955125,23066.67,48.54,3.7,20.5,0.987,-1.1,-0.8,1.4,2.3,19.2,1.075,8,7,0,0,7
120.5,4,isocontour,11.283791670955125,28493.02,59.96,17.4,11.3,0.989,-0.2,2.3,2.3,2.3,19.2,1.075,8,3,0,0,3
120.5,5,isocontour,11.283791670955125,26765.94,56.33,1.8,19.8,1.039,-2.7,-0.9,2.8,2.3,19.2,1.075,8,7,0,0,7
120.5,6,isocontour,11.283791670955125,28002.91,58.93,1.0,19.7,1.05,-0.8,0.4,0.9,2.3,19.2,1.075,8,7,0,0,7
120.5,7,isocontour,11.283791670955125,25947.02,54.6,-17.3,11.6,0.986,-1.3,0.4,1.4,-5.6,-17.7,1.12,21,4,0,0,4
120.5,8,isocontour,11.283791670955125,28922.63,60.86,2.1,19.4,1.064,-0.6,0.4,0.7,2.3,19.2,1.075,8,7,0,0,7
120.5,9,isocontour,11.283791670955125,26231.77,55.2,20.5,3.8,0.987,-0.4,2.7,2.7,2.3,19.2,1.075,8,2,0,0,2
120.5,10,isocontour,11.283791670955125,27009.84,56.84,16.6,10.9,1.044,1.1,1.3,1.7,2.3,19.2,1.075,8,3,0,0,3
120.5,11,isocontour,11.283791670955125,28926.19,60.87,-17.5,-9.5,1.04,-0.9,0.6,1.1,-5.6,-17.7,1.12,21,3,0,0,3
120.5,12,isocontour,11.283791670955125,25683.71,54.05,-14.4,-14.9,0.991,1.4,1.1,1.8,-5.6,-17.7,1.12,21,3,0,0,3
120.5,13,isocontour,11.283791670955125,25238.35,53.11,19.2,-7.6,0.995,0.2,0.9,0.9,-5.6,-17.7,1.12,21,1,0,0,1
120.5,14,isocontour,11.283791670955125,27162.19,57.16,8.9,-17.8,1.037,-0.9,-0.6,1.1,-5.6,-17.7,1.12,21,2,0,0,2
120.5,15,isocontour,11.283791670955125,22626.42,47.61,-6.9,19.4,0.998,-0.6,-2.3,2.4,2.3,19.2,1.075,8,7,0,0,7
120.5,16,isocontour,11.283791670955125,41772.75,87.91,-20.3,4.8,0.988,0.2,0.3,0.4,-5.6,-17.7,1.12,21,4,0,0,4
120.5,17,isocontour,11.283791670955125,23938.69,50.38,1.6,19.9,1.037,1.0,-0.1,1.0,2.3,19.2,1.075,8,7,0,0,7
120.5,18,isocontour,11.283791670955125,29021.56,61.07,-11.7,17.2,0.989,-1.4,0.2,1.4,-5.6,-17.7,1.12,21,4,0,0,4
120.5,19,isocontour,11.283791670955125,24866.23,52.33,-20.7,-2.9,0.98,-1.8,-3.4,3.8,-5.6,-17.7,1.12,21,4,0,0,4
120.5,20,isocontour,11.283791670955125,26976.11,56.77,14.7,-14.9,0.981,3.3,2.3,4.0,-5.6,-17.7,1.12,21,2,0,0,2
120.5,21,isocontour,11.283791670955125,27189.82,57.22,-5.1,-18.2,1.099,0.8,-0.6,1.0,-5.6,-17.7,1.12,21,2,0,0,2
120.5,22,isocontour,11.283791670955125,28930.88,60.88,-19.2,-8.2,0.981,0.5,0.8,0.9,-5.6,-17.7,1.12,21,4,0,0,4
120.5,23,isocontour,11.283791670955125,28479.76,59.93,-20.7,2.4,0.988,-1.2,-0.6,1.3,-5.6,-17.7,1.12,21,5,0,0,5
120.5,24,isocontour,11.283791670955125,27587.42,58.05,2.7,-20.6,0.989,0.8,-1.7,1.9,-5.6,-17.7,1.12,21,2,0,0,2
120.5,25,isocontour,11.283791670955125,27533.47,57.94,-17.1,9.5,1.061,0.3,2.1,2.1,-5.6,-17.7,1.12,21,4,0,0,4
120.5,Target,,,,,0.0,0.0,4.023,0.0,0.0,,,,,,,,,
120.6,1,isocontour,11.283791670955125,23957.09,50.41,10.4,17.7,1.003,-1.2,-0.3,1.2,2.3,19.2,1.075,8,7,0,0,7
120.6,2,isocontour,11.283791670955125,22424.18,47.19,-2.0,20.7,0.989,-0.7,-1.1,1.3,-5.6,-17.7,1.12,21,7,0,0,7
120.6,3,isocontour,11.283791670955125,23063.74,48.53,3.6,20.4,0.991,-1.1,-0.6,1.3,2.3,19.2,1.075,8,7,0,0,7
120.6,4,isocontour,11.283791670955125,28404.81,59.77,17.3,11.7,0.984,-1.6,3.8,4.1,2.3,19.2,1.075,8,3,0,0,3
120.6,5,isocontour,11.283791670955125,26765.59,56.32,1.8,19.8,1.04,0.6,-0.1,0.6,2.3,19.2,1.075,8,7,0,0,7
120.6,6,isocontour,11.283791670955125,27997.89,58.92,1.1,19.6,1.057,0.6,-1.5,1.6,2.3,19.2,1.075,8,7,0,0,7
120.6,7,isocontour,11.283791670955125,25940.22,54.59,-17.5,11.5,0.98,-1.7,-0.4,1.7,-5.6,-17.7,1.12,21,4,0,0,4
120.6,8,isocontour,11.283791670955125,28875.16,60.76,2.2,19.1,1.08,1.0,-3.2,3.4,2.3,19.2,1.075,8,7,0,0,7
120.6,9,isocontour,11.283791670955125,26194.13,55.12,20.4,4.1,0.99,-1.4,2.8,3.1,2.3,19.2,1.075,8,2,0,0,2
120.6,10,isocontour,11.283791670955125,26983.83,56.78,16.4,11.0,1.048,-2.3,1.5,2.7,2.3,19.2,1.075,8,3,0,0,3
120.6,11,isocontour,11.283791670955125,28923.19,60.87,-17.4,-9.6,1.041,0.9,-1.0,1.3,-5.6,-17.7,1.12,21,3,0,0,3
120.6,12,isocontour,11.283791670955125,25683.21,54.05,-14.5,-14.9,0.99,-0.6,-0.3,0.7,-5.6,-17.7,1.12,21,3,0,0,3
120.6,13,isocontour,11.283791670955125,25237.28,53.11,19.2,-7.6,0.996,0.1,0.9,0.9,-5.6,-17.7,1.12,21,1,0,0,1
120.6,14,isocontour,11.283791670955125,27130.39,57.09,8.7,-18.0,1.037,-2.7,-1.2,3.0,-5.6,-17.7,1.12,21,2,0,0,2
120.6,15,isocontour,11.283791670955125,22624.72,47.61,-6.8,19.4,1.003,1.0,-0.3,1.0,-5.6,-17.7,1.12,21,7,0,0,7
120.6,16,isocontour,11.283791670955125,41771.23,87.9,-20.2,4.7,0.99,0.3,-1.0,1.0,-5.6,-17.7,1.12,21,4,0,0,4
120.6,17,isocontour,11.283791670955125,23926.27,50.35,1.4,19.8,1.041,-2.0,-0.7,2.1,2.3,19.2,1.075,8,7,0,0,7
120.6,18,isocontour,11.283791670955125,29019.18,61.07,-11.8,17.2,0.983,-1.0,0.7,1.2,-5.6,-17.7,1.12,21,4,0,0,4
120.6,19,isocontour,11.283791670955125,24864.91,52.33,-20.8,-2.9,0.974,-0.9,0.3,0.9,-5.6,-17.7,1.12,21,4,0,0,4
120.6,20,isocontour,11.283791670955125,26975.5,56.77,14.7,-14.8,0.982,0.3,0.7,0.8,-5.6,-17.7,1.12,21,2,0,0,2
120.6,21,isocontour,11.283791670955125,27188.16,57.21,-5.1,-18.2,1.101,-0.8,0.7,1.1,-5.6,-17.7,1.12,21,2,0,0,2
120.6,22,isocontour,11.283791670955125,28914.02,60.85,-19.0,-8.3,0.99,2.3,-0.6,2.4,-5.6,-17.7,1.12,21,4,0,0,4
120.6,23,isocontour,11.283791670955125,28477.02,59.93,-20.7,2.5,0.983,-0.7,1.1,1.3,-5.6,-17.7,1.12,21,5,0,0,5
120.6,24,isocontour,11.283791670955125,27582.78,58.04,2.8,-20.7,0.981,0.8,-1.3,1.5,-5.6,-17.7,1.12,21,2,0,0,2
120.6,25,isocontour,11.283791670955125,27530.47,57.93,-17.1,9.4,1.063,-0.1,-1.3,1.3,-5.6,-17.7,1.12,21,4,0,0,4
120.6,Target,,,,,0.0,0.0,4.023,0.0,0.0,,,,,,,,,
120.7,1,isocontour,11.283791670955125,23883.96,50.26,10.7,17.7,0.996,3.8,-0.4,3.8,2.2,19.1,1.08,8,7,0,0,7
120.7,2,isocontour,11.283791670955125,22397.88,47.13,-2.2,20.6,0.995,-2.4,-1.4,2.8,-5.6,-17.7,1.12,21,7,0,0,7
120.7,3,isocontour,11.283791670955125,23058.03,48.52,3.6,20.6,0.984,0.4,1.6,1.6,-5.6,-17.7,1.12,21,7,0,0,7
120.7,4,isocontour,11.283791670955125,28402.71,59.77,17.2,11.8,0.986,-1.0,0.6,1.2,2.3,19.2,1.075,8,3,0,0,3
120.7,5,isocontour,11.283791670955125,26760.18,56.31,1.9,19.7,1.045,1.0,-1.2,1.6,-5.6,-17.7,1.12,21,7,0,0,7
120.7,6,isocontour,11.283791670955125,27968.93,58.86,1.0,19.3,1.072,-1.0,-2.6,2.8,-5.6,-17.7,1.12,21,7,0,0,7
120.7,7,isocontour,11.283791670955125,25937.95,54.58,-17.5,11.4,0.982,-0.0,-1.2,1.2,-5.6,-17.7,1.12,21,4,0,0,4
120.7,8,isocontour,11.283791670955125,28847.4,60.71,2.0,19.0,1.088,-2.7,-0.8,2.8,-5.6,-17.7,1.12,21,7,0,0,7
120.7,9,isocontour,11.283791670955125,26193.61,55.12,20.3,4.1,0.992,-0.0,-0.7,0.7,2.3,19.2,1.075,8,2,0,0,2
120.7,10,isocontour,11.283791670955125,26952.68,56.72,16.2,11.2,1.053,-2.2,1.8,2.8,2.3,19.2,1.075,8,3,0,0,3
120.7,11,isocontour,11.283791670955125,28920.12,60.86,-17.4,-9.7,1.037,-0.3,-1.3,1.3,-5.6,-17.7,1.12,21,3,0,0,3
120.7,12,isocontour,11.283791670955125,25681.46,54.04,-14.4,-14.9,0.994,0.9,0.7,1.1,-5.6,-17.7,1.12,21,3,0,0,3
120.7,13,isocontour,11.283791670955125,25236.11,53.11,19.2,-7.5,0.998,-0.1,1.0,1.0,-5.6,-17.7,1.12,21,1,0,0,1
120.7,14,isocontour,11.283791670955125,27118.98,57.07,8.8,-17.9,1.037,1.8,0.9,2.0,-5.6,-17.7,1.12,21,2,0,0,2
120.7,15,isocontour,11.283791670955125,22589.56,47.54,-7.0,19.3,1.003,-2.8,-1.0,3.0,-5.6,-17.7,1.12,21,7,0,0,7
120.7,16,isocontour,11.283791670955125,41770.49,87.9,-20.3,4.6,0.987,-0.8,-0.3,0.9,-5.6,-17.7,1.12,21,4,0,0,4
120.7,17,isocontour,11.283791670955125,23896.38,50.29,1.6,19.7,1.046,2.7,-1.0,2.9,-5.6,-17.7,1.12,21,7,0,0,7
120.7,18,isocontour,11.283791670955125,28993.17,61.01,-11.6,17.3,0.986,2.6,0.7,2.7,-5.6,-17.7,1.12,21,4,0,0,4
120.7,19,isocontour,11.283791670955125,24838.32,52.27,-20.7,-2.7,0.983,1.9,2.0,2.8,-5.6,-17.7,1.12,21,4,0,0,4
120.7,20,isocontour,11.283791670955125,26954.27,56.72,14.9,-14.6,0.985,1.4,2.1,2.5,-5.6,-17.7,1.12,21,2,0,0,2
120.7,21,isocontour,11.283791670955125,27186.6,57.21,-5.2,-18.1,1.103,-0.9,0.6,1.1,-5.6,-17.7,1.12,21,2,0,0,2
120.7,22,isocontour,11.283791670955125,28913.43,60.84,-19.0,-8.2,0.993,0.0,0.8,0.8,-5.6,-17.7,1.12,21,4,0,0,4
120.7,23,isocontour,11.283791670955125,28445.22,59.86,-20.7,2.3,0.988,0.9,-2.8,2.9,-5.6,-17.7,1.12,21,5,0,0,5
120.7,24,isocontour,11.283791670955125,27564.16,58.01,2.9,-20.6,0.986,1.9,1.6,2.5,-5.6,-17.7,1.12,21,2,0,0,2
120.7,25,isocontour,11.283791670955125,27501.5,57.87,-17.2,9.2,1.064,-1.3,-2.5,2.8,-5.6,-17.7,1.12,21,4,0,0,4
120.7,Target,,,,,0.0,0.0,4.023,0.0,0.0,,,,,,,,,
120.8,1,isocontour,11.283791670955125,23883.02,50.26,10.8,17.6,0.996,0.7,-0.6,0.9,-5.6,-17.7,1.12,21,7,0,0,7
120.8,2,isocontour,11.283791670955125,22367.99,47.07,-2.0,20.6,0.996,2.8,0.3,2.8,-5.6,-17.7,1.12,21,7,0,0,7
120.8,3,isocontour,11.283791670955125,23057.75,48.52,3.7,20.6,0.983,0.6,0.0,0.6,-5.6,-17.7,1.12,21,7,0,0,7
120.8,4,isocontour,11.283791670955125,28400.22,59.76,17.1,11.8,0.99,-1.2,0.2,1.2,2.2,19.1,1.08,8,3,0,0,3
120.8,5,isocontour,11.283791670955125,26757.25,56.31,2.0,19.6,1.05,1.0,-0.9,1.3,-5.6,-17.7,1.12,21,7,0,0,7
120.8,6,isocontour,11.283791670955125,27941.17,58.8,0.7,19.3,1.077,-2.8,-0.4,2.8,-5.6,-17.7,1.12,21,7,0,0,7
120.8,7,isocontour,11.283791670955125,25935.52,54.58,-17.5,11.3,0.984,-0.2,-1.2,1.2,-5.6,-17.7,1.12,21,4,0,0,4
120.8,8,isocontour,11.283791670955125,28819.94,60.65,1.7,19.0,1.09,-2.8,0.1,2.8,-5.6,-17.7,1.12,21,7,0,0,7
120.8,9,isocontour,11.283791670955125,26193.18,55.12,20.4,4.0,0.991,0.3,-0.6,0.7,2.3,19.2,1.075,8,2,0,0,2
120.8,10,isocontour,11.283791670955125,26942.83,56.7,16.0,11.3,1.059,-1.9,0.6,2.0,2.2,19.1,1.08,8,3,0,0,3
120.8,11,isocontour,11.283791670955125,28882.84,60.78,-17.3,-10.0,1.034,1.2,-2.9,3.1,-5.6,-17.7,1.12,21,3,0,0,3
120.8,12,isocontour,11.283791670955125,25666.25,54.01,-14.3,-15.0,0.989,0.6,-2.2,2.3,-5.6,-17.7,1.12,21,3,0,0,3
120.8,13,isocontour,11.283791670955125,25210.09,53.05,19.3,-7.2,0.999,0.9,2.6,2.8,-5.6,-17.7,1.12,21,1,0,0,1
120.8,14,isocontour,11.283791670955125,27095.18,57.02,8.6,-17.7,1.05,-2.0,1.8,2.7,-5.6,-17.7,1.12,21,2,0,0,2
120.8,15,isocontour,11.283791670955125,22562.68,47.48,-7.3,19.2,1.002,-2.7,-0.7,2.8,-5.6,-17.7,1.12,21,7,0,0,7
120.8,16,isocontour,11.283791670955125,41768.39,87.9,-20.4,4.6,0.983,-1.1,-0.5,1.2,-5.6,-17.7,1.12,21,4,0,0,4
120.8,17,isocontour,11.283791670955125,23777.63,50.04,1.3,19.7,1.05,-4.5,-0.3,4.5,-5.6,-17.7,1.12,21,7,0,0,7
120.8,18,isocontour,11.283791670955125,28973.15,60.97,-11.3,17.3,0.994,2.5,-0.2,2.5,-5.6,-17.7,1.12,21,4,0,0,4
120.8,19,isocontour,11.283791670955125,24820.16,52.23,-20.5,-2.8,0.994,2.2,-1.1,2.5,-5.6,-17.7,1.12,21,4,0,0,4
120.8,20,isocontour,11.283791670955125,26934.01,56.68,15.0,-14.4,0.987,1.5,2.0,2.5,-5.6,-17.7,1.12,21,2,0,0,2
120.8,21,isocontour,11.283791670955125,27183.79,57.2,-5.3,-18.0,1.106,-0.9,0.9,1.3,-5.6,-17.7,1.12,21,2,0,0,2
120.8,22,isocontour,11.283791670955125,28874.69,60.76,-19.2,-8.1,0.984,-2.8,1.3,3.1,-5.6,-17.7,1.12,21,4,0,0,4
120.8,23,isocontour,11.283791670955125,28413.75,59.79,-20.6,2.0,0.993,0.6,-2.9,3.0,-5.6,-17.7,1.12,21,5,0,0,5
120.8,24,isocontour,11.283791670955125,27559.86,58.0,3.0,-20.5,0.994,-0.0,1.5,1.5,-5.6,-17.7,1.12,21,2,0,0,2
120.8,25,isocontour,11.283791670955125,27500.3,57.87,-17.3,9.0,1.064,-0.4,-0.9,1.0,-5.6,-17.7,1.12,21,4,0,0,4
120.8,Target,,,,,0.0,0.0,4.023,0.0,0.0,,,,,,,,,
120.9,1,isocontour,11.283791670955125,23880.87,50.25,10.9,17.5,0.997,0.9,-0.8,1.2,-5.6,-17.7,1.12,21,7,0,0,7
120.9,2,isocontour,11.283791670955125,22363.78,47.06,-1.8,20.7,0.991,1.0,1.0,1.4,-5.6,-17.7,1.12,21,7,0,0,7
120.9,3,isocontour,11.283791670955125,23025.63,48.45,3.4,20.5,0.988,-2.9,-0.6,3.0,-5.6,-17.7,1.12,21,7,0,0,7
120.9,4,isocontour,11.283791670955125,28395.01,59.75,17.1,11.9,0.985,0.6,1.5,1.6,-5.6,-17.7,1.12,21,3,0,0,3
120.9,5,isocontour,11.283791670955125,26724.8,56.24,1.8,19.6,1.055,-2.9,-0.5,2.9,-5.6,-17.7,1.12,21,7,0,0,7
120.9,6,isocontour,11.283791670955125,27940.2,58.8,0.6,19.2,1.078,-0.9,-0.0,0.9,-5.6,-17.7,1.12,21,7,0,0,7
120.9,7,isocontour,11.283791670955125,25899.31,54.5,-17.3,11.1,0.999,2.4,-1.8,3.0,-5.6,-17.7,1.12,21,4,0,0,4
120.9,8,isocontour,11.283791670955125,28791.88,60.59,1.4,19.0,1.092,-2.8,-0.2,2.8,-5.6,-17.7,1.12,21,7,0,0,7
120.9,9,isocontour,11.283791670955125,26187.88,55.11,20.5,4.0,0.984,1.6,-0.3,1.6,-5.6,-17.7,1.12,21,3,0,0,3
120.9,10,isocontour,11.283791670955125,26927.22,56.67,15.8,11.3,1.067,-2.2,0.8,2.3,-5.6,-17.7,1.12,21,3,0,0,3
120.9,11,isocontour,11.283791670955125,28882.4,60.78,-17.3,-10.0,1.034,-0.2,0.7,0.7,-5.6,-17.7,1.12,21,3,0,0,3
120.9,12,isocontour,11.283791670955125,25662.53,54.0,-14.2,-15.1,0.99,1.2,-0.8,1.4,-5.6,-17.7,1.12,21,3,0,0,3
120.9,13,isocontour,11.283791670955125,25203.52,53.04,19.4,-7.2,0.991,1.6,-0.7,1.7,-5.6,-17.7,1.12,21,2,0,0,2
120.9,14,isocontour,11.283791670955125,27061.05,56.95,8.4,-17.8,1.05,-2.5,-1.6,3.0,-5.6,-17.7,1.12,21,2,0,0,2
120.9,15,isocontour,11.283791670955125,22539.41,47.43,-7.6,19.2,0.997,-2.6,0.1,2.6,-5.6,-17.7,1.12,21,7,0,0,7
120.9,16,isocontour,11.283791670955125,41741.52,87.84,-20.4,4.3,0.985,-0.0,-2.8,2.8,-5.6,-17.7,1.12,21,4,0,0,4
120.9,17,isocontour,11.283791670955125,23747.43,49.97,1.0,19.6,1.055,-2.8,-0.7,2.9,-5.6,-17.7,1.12,21,7,0,0,7
120.9,18,isocontour,11.283791670955125,28968.94,60.96,-11.4,17.2,0.998,-0.9,-1.2,1.5,-5.6,-17.7,1.12,21,4,0,0,4
120.9,19,isocontour,11.283791670955125,24818.06,52.23,-20.5,-2.9,0.996,0.1,-1.2,1.2,-5.6,-17.7,1.12,21,4,0,0,4
120.9,20,isocontour,11.283791670955125,26928.61,56.67,15.2,-14.3,0.985,1.3,0.9,1.6,-5.6,-17.7,1.12,21,2,0,0,2
120.9,21,isocontour,11.283791670955125,27180.37,57.2,-5.2,-18.0,1.111,1.3,0.5,1.4,-5.6,-17.7,1.12,21,2,0,0,2
120.9,22,isocontour,11.283791670955125,28868.56,60.75,-19.4,-8.1,0.975,-1.7,-0.1,1.7,-5.6,-17.7,1.12,21,4,0,0,4
120.9,23,isocontour,11.283791670955125,28412.84,59.79,-20.6,2.0,0.994,0.1,0.9,0.9,-5.6,-17.7,1.12,21,5,0,0,5
120.9,24,isocontour,11.283791670955125,27559.46,58.0,3.0,-20.5,0.994,0.7,-0.0,0.7,-5.6,-17.7,1.12,21,2,0,0,2
120.9,25,isocontour,11.283791670955125,27477.02,57.82,-17.1,9.2,1.067,1.7,2.0,2.6,-5.6,-17.7,1.12,21,4,0,0,4
120.9,Target,,,,,0.0,0.0,4.023,0.0,0.0,,,,,,,,,
121.0,1,isocontour,11.283791670955125,23855.98,50.2,10.8,17.7,0.992,-1.5,2.2,2.7,-5.6,-17.7,1.12,21,7,0,0,7
121.0,2,isocontour,11.283791670955125,22359.22,47.05,-1.7,20.8,0.986,1.1,1.0,1.5,-5.6,-17.7,1.12,21,7,0,0,7
121.0,3,isocontour,11.283791670955125,22992.85,48.39,3.2,20.4,0.997,-2.5,-1.5,2.9,-5.6,-17.7,1.12,21,7,0,0,7
121.0,4,isocontour,11.283791670955125,28394.8,59.75,17.1,11.9,0.986,-0.2,-0.5,0.5,-5.6,-17.7,1.12,21,3,0,0,3
121.0,5,isocontour,11.283791670955125,26713.06,56.21,1.7,19.4,1.066,-0.1,-2.1,2.1,-5.6,-17.7,1.12,21,7,0,0,7
121.0,6,isocontour,11.283791670955125,27921.81,58.76,0.6,19.0,1.09,-0.5,-2.4,2.5,-5.6,-17.7,1.12,21,7,0,0,7
121.0,7,isocontour,11.283791670955125,25898.47,54.5,-17.4,11.1,0.998,-0.8,0.3,0.9,-5.6,-17.7,1.12,21,4,0,0,4
121.0,8,isocontour,11.283791670955125,28784.1,60.57,1.4,18.8,1.102,0.1,-1.8,1.8,-5.6,-17.7,1.12,21,7,0,0,7
121.0,9,isocontour,11.283791670955125,26165.38,55.06,20.4,3.8,0.989,-0.9,-2.4,2.6,-5.6,-17.7,1.12,21,3,0,0,3
121.0,10,isocontour,11.283791670955125,26915.48,56.64,15.7,11.5,1.065,-0.6,2.0,2.1,-5.6,-17.7,1.12,21,3,0,0,3
121.0,11,isocontour,11.283791670955125,28881.81,60.78,-17.3,-9.9,1.036,-0.0,0.8,0.8,-5.6,-17.7,1.12,21,3,0,0,3
121.0,12,isocontour,11.283791670955125,25660.15,54.0,-14.1,-15.1,0.996,0.7,1.0,1.2,-5.6,-17.7,1.12,21,3,0,0,3
121.0,13,isocontour,11.283791670955125,25177.78,52.98,19.5,-7.0,0.99,0.9,2.6,2.8,-5.6,-17.7,1.12,21,1,0,0,1
121.0,14,isocontour,11.283791670955125,27023.77,56.87,8.1,-18.0,1.049,-2.7,-1.4,3.0,-5.6,-17.7,1.12,21,2,0,0,2
121.0,15,isocontour,11.283791670955125,22515.06,47.38,-7.8,19.2,0.991,-2.7,0.1,2.7,-5.6,-17.7,1.12,21,7,0,0,7
121.0,16,isocontour,11.283791670955125,41716.06,87.79,-20.3,4.5,0.988,1.2,2.4,2.7,-5.6,-17.7,1.12,21,4,0,0,4
121.0,17,isocontour,11.283791670955125,23735.69,49.95,1.1,19.5,1.062,1.6,-1.3,2.1,-5.6,-17.7,1.12,21,7,0,0,7
121.0,18,isocontour,11.283791670955125,28918.43,60.86,-11.7,17.2,0.99,-3.4,-0.1,3.4,-5.6,-17.7,1.12,21,4,0,0,4
121.0,19,isocontour,11.283791670955125,24748.82,52.08,-20.6,-3.2,0.985,-1.7,-3.4,3.8,-5.6,-17.7,1.12,21,4,0,0,4
121.0,20,isocontour,11.283791670955125,26917.2,56.64,15.3,-14.2,0.985,1.5,1.5,2.1,-5.6,-17.7,1.12,21,2,0,0,2
121.0,21,isocontour,11.283791670955125,27154.07,57.14,-5.0,-18.0,1.113,2.7,-0.6,2.8,-5.6,-17.7,1.12,21,2,0,0,2
121.0,22,isocontour,11.283791670955125,28843.94,60.7,-19.4,-7.9,0.981,0.6,2.6,2.7,-5.6,-17.7,1.12,21,4,0,0,4
121.0,23,isocontour,11.283791670955125,28379.06,59.72,-20.8,2.0,0.98,-3.0,-0.2,3.0,-5.6,-17.7,1.12,21,5,0,0,5
121.0,24,isocontour,11.283791670955125,27557.41,57.99,2.9,-20.5,0.993,-1.1,-0.4,1.2,-5.6,-17.7,1.12,21,2,0,0,2
121.0,25,isocontour,11.283791670955125,27449.85,57.76,-17.0,9.4,1.068,1.5,2.3,2.7,-5.6,-17.7,1.12,21,4,0,0,4
121.0,Target,,,,,0.0,0.0,4.023,0.0,0.0,,,,,,,,,
121.1,1,isocontour,11.283791670955125,23750.74,49.98,11.1,17.7,0.982,4.3,-0.4,4.3,-5.6,-17.7,1.12,21,7,0,0,7
121.1,2,isocontour,11.283791670955125,22340.38,47.01,-1.9,20.7,0.99,-2.2,-1.1,2.5,-5.6,-17.7,1.12,21,7,0,0,7
121.1,3,isocontour,11.283791670955125,22977.23,48.35,3.3,20.5,0.993,2.0,1.0,2.2,-5.6,-17.7,1.12,21,7,0,0,7
121.1,4,isocontour,11.283791670955125,28389.09,59.74,17.0,11.8,0.994,-1.4,-0.9,1.7,-5.6,-17.7,1.12,21,3,0,0,3
121.1,5,isocontour,11.283791670955125,26711.66,56.21,1.8,19.4,1.063,0.5,0.9,1.0,-5.6,-17.7,1.12,21,7,0,0,7
121.1,6,isocontour,11.283791670955125,27893.76,58.7,0.8,19.0,1.089,2.8,0.5,2.8,-5.6,-17.7,1.12,21,7,0,0,7
121.1,7,isocontour,11.283791670955125,25894.17,54.49,-17.5,11.1,0.993,-1.4,-0.5,1.5,-5.6,-17.7,1.12,21,4,0,0,4
121.1,8,isocontour,11.283791670955125,28764.56,60.53,1.6,18.9,1.097,2.2,1.1,2.5,-5.6,-17.7,1.12,21,7,0,0,7
121.1,9,isocontour,11.283791670955125,26133.91,55.0,20.4,3.5,0.996,-0.7,-2.8,2.9,-5.6,-17.7,1.12,21,3,0,0,3
121.1,10,isocontour,11.283791670955125,26889.18,56.58,15.5,11.7,1.069,-2.3,1.4,2.7,-5.6,-17.7,1.12,21,3,0,0,3
121.1,11,isocontour,11.283791670955125,28870.89,60.76,-17.3,-10.0,1.033,0.3,-2.0,2.0,-5.6,-17.7,1.12,21,3,0,0,3
121.1,12,isocontour,11.283791670955125,25658.26,53.99,-14.0,-15.0,1.002,1.0,0.5,1.1,-5.6,-17.7,1.12,21,3,0,0,3
121.1,13,isocontour,11.283791670955125,25172.86,52.97,19.7,-6.9,0.985,1.4,0.7,1.6,-5.6,-17.7,1.12,21,2,0,0,2
121.1,14,isocontour,11.283791670955125,27018.94,56.86,8.0,-18.1,1.046,-1.1,-1.1,1.6,-5.6,-17.7,1.12,21,2,0,0,2
121.1,15,isocontour,11.283791670955125,22486.7,47.32,-8.1,19.2,0.988,-2.7,-0.7,2.8,-5.6,-17.7,1.12,21,7,0,0,7
121.1,16,isocontour,11.283791670955125,41714.27,87.78,-20.2,4.6,0.992,0.9,0.7,1.1,-5.6,-17.7,1.12,21,4,0,0,4
121.1,17,isocontour,11.283791670955125,23734.62,49.95,1.2,19.5,1.062,0.9,0.2,0.9,-5.6,-17.7,1.12,21,7,0,0,7
121.1,18,isocontour,11.283791670955125,28885.32,60.79,-11.9,17.0,0.99,-2.2,-2.0,3.0,-5.6,-17.7,1.12,21,4,0,0,4
121.1,19,isocontour,11.283791670955125,24745.82,52.07,-20.7,-3.2,0.978,-1.3,0.3,1.3,-5.6,-17.7,1.12,21,4,0,0,4
121.1,20,isocontour,11.283791670955125,26916.32,56.64,15.4,-14.1,0.985,0.5,0.7,0.9,-5.6,-17.7,1.12,21,2,0,0,2
121.1,21,isocontour,11.283791670955125,27148.26,57.13,-5.1,-18.1,1.109,-1.6,-0.3,1.6,-5.6,-17.7,1.12,21,2,0,0,2
121.1,22,isocontour,11.283791670955125,28818.2,60.64,-19.3,-8.0,0.982,1.1,-2.5,2.7,-5.6,-17.7,1.12,21,4,0,0,4
121.1,23,isocontour,11.283791670955125,28342.5,59.64,-21.0,2.2,0.972,-1.0,2.9,3.1,-5.6,-17.7,1.12,21,5,0,0,5
121.1,24,isocontour,11.283791670955125,27548.15,57.97,2.8,-20.6,0.986,-1.1,-1.6,1.9,-5.6,-17.7,1.12,21,2,0,0,2
121.1,25,isocontour,11.283791670955125,27428.87,57.72,-17.0,9.7,1.058,-1.0,2.4,2.6,-5.6,-17.7,1.12,21,4,0,0,4
121.1,Target,,,,,0.0,0.0,4.023,0.0,0.0,,,,,,,,,
121.2,1,isocontour,11.283791670955125,23692.82,49.86,10.9,17.7,0.988,-3.6,0.2,3.6,-5.6,-17.7,1.12,21,7,0,0,7
121.2,2,isocontour,11.283791670955125,22323.52,46.98,-2.0,20.5,1.0,-1.2,-2.0,2.3,-5.6,-17.7,1.12,21,7,0,0,7
121.2,3,isocontour,11.283791670955125,22976.39,48.35,3.4,20.5,0.988,0.5,0.7,0.9,-5.6,-17.7,1.12,21,6,0,0,6
121.2,4,isocontour,11.283791670955125,28378.95,59.72,16.8,11.9,0.999,-1.7,1.0,2.0,-5.6,-17.7,1.12,21,3,0,0,3
121.2,5,isocontour,11.283791670955125,26671.03,56.13,1.6,19.6,1.052,-2.2,2.3,3.2,-5.6,-17.7,1.12,21,7,0,0,7
121.2,6,isocontour,11.283791670955125,27880.08,58.67,0.9,19.2,1.078,0.6,2.1,2.2,-5.6,-17.7,1.12,21,7,0,0,7
121.2,7,isocontour,11.283791670955125,25890.21,54.48,-17.5,11.2,0.987,-0.3,1.4,1.4,-5.6,-17.7,1.12,21,4,0,0,4
121.2,8,isocontour,11.283791670955125,28747.91,60.5,1.4,19.0,1.092,-2.2,0.8,2.3,-5.6,-17.7,1.12,21,7,0,0,7
121.2,9,isocontour,11.283791670955125,26132.85,54.99,20.4,3.4,0.995,0.4,-0.9,1.0,-5.6,-17.7,1.12,21,3,0,0,3
121.2,10,isocontour,11.283791670955125,26861.12,56.53,15.6,11.5,1.072,1.5,-2.4,2.8,-5.6,-17.7,1.12,21,3,0,0,3
121.2,11,isocontour,11.283791670955125,28832.88,60.68,-17.2,-10.3,1.033,1.7,-2.6,3.1,-5.6,-17.7,1.12,21,3,0,0,3
121.2,12,isocontour,11.283791670955125,25653.52,53.98,-14.0,-15.1,0.999,0.4,-1.5,1.6,-5.6,-17.7,1.12,21,3,0,0,3
121.2,13,isocontour,11.283791670955125,25150.37,52.93,19.6,-6.7,0.992,-1.1,2.4,2.6,-5.6,-17.7,1.12,21,2,0,0,2
121.2,14,isocontour,11.283791670955125,27018.04,56.86,8.0,-18.0,1.049,0.4,0.8,0.9,-5.6,-17.7,1.12,21,2,0,0,2
121.2,15,isocontour,11.283791670955125,22482.06,47.31,-8.1,19.0,0.995,0.9,-1.3,1.6,-5.6,-17.7,1.12,21,6,0,0,6
121.2,16,isocontour,11.283791670955125,41701.14,87.75,-20.2,4.4,0.996,0.3,-2.1,2.1,-5.6,-17.7,1.12,21,4,0,0,4
121.2,17,isocontour,11.283791670955125,23712.13,49.9,1.0,19.5,1.059,-2.5,0.7,2.6,-5.6,-17.7,1.12,21,7,0,0,7
121.2,18,isocontour,11.283791670955125,28863.84,60.74,-11.8,17.1,0.987,1.6,2.0,2.6,-5.6,-17.7,1.12,21,4,0,0,4
121.2,19,isocontour,11.283791670955125,24743.77,52.07,-20.7,-3.2,0.982,1.0,0.5,1.1,-5.6,-17.7,1.12,21,4,0,0,4
121.2,20,isocontour,11.283791670955125,26878.31,56.56,15.1,-14.2,0.99,-2.8,-1.4,3.1,-5.6,-17.7,1.12,21,2,0,0,2
121.2,21,isocontour,11.283791670955125,27116.78,57.06,-5.3,-18.0,1.109,-2.8,0.9,2.9,-5.6,-17.7,1.12,21,2,0,0,2
121.2,22,isocontour,11.283791670955125,28781.64,60.57,-19.1,-8.3,0.988,2.2,-2.1,3.0,-5.6,-17.7,1.12,21,4,0,0,4
121.2,23,isocontour,11.283791670955125,28338.45,59.63,-20.9,2.3,0.977,1.4,0.4,1.5,-5.6,-17.7,1.12,21,5,0,0,5
121.2,24,isocontour,11.283791670955125,27542.23,57.96,3.0,-20.7,0.984,1.7,-0.1,1.7,-5.6,-17.7,1.12,21,2,0,0,2
121.2,25,isocontour,11.283791670955125,27427.34,57.72,-17.1,9.7,1.052,-1.0,-0.1,1.0,-5.6,-17.7,1.12,21,4,0,0,4
121.2,Target,,,,,0.0,0.0,4.023,0.0,0.0,,,,,,,,,
121.3,1,isocontour,11.283791670955125,23686.25,49.84,10.8,17.6,0.996,0.2,-1.7,1.7,-5.6,-17.7,1.12,21,7,0,0,7
121.3,2,isocontour,11.283791670955125,22293.63,46.91,-1.8,20.5,1.001,2.8,0.3,2.8,-5.6,-17.7,1.12,21,7,0,0,7
121.3,3,isocontour,11.283791670955125,22971.08,48.34,3.3,20.6,0.984,-1.4,0.8,1.6,-5.6,-17.7,1.12,21,6,0,0,6
121.3,4,isocontour,11.283791670955125,28368.34,59.7,16.9,12.0,0.99,1.6,1.2,2.0,-5.6,-17.7,1.12,21,3,0,0,3
121.3,5,isocontour,11.283791670955125,26641.77,56.06,1.3,19.7,1.05,-2.8,0.1,2.8,-5.6,-17.7,1.12,21,7,0,0,7
121.3,6,isocontour,11.283791670955125,27869.0,58.65,0.8,19.2,1.083,-1.6,-1.3,2.1,-5.6,-17.7,1.12,21,7,0,0,7
121.3,7,isocontour,11.283791670955125,25882.55,54.47,-17.7,11.2,0.982,-1.6,-0.8,1.8,-5.6,-17.7,1.12,21,4,0,0,4
121.3,8,isocontour,11.283791670955125,28746.67,60.49,1.4,19.0,1.093,0.9,-0.3,0.9,-5.6,-17.7,1.12,21,7,0,0,7
121.3,9,isocontour,11.283791670955125,26126.6,54.98,20.5,3.3,0.988,1.7,-0.4,1.7,-5.6,-17.7,1.12,21,3,0,0,3
121.3,10,isocontour,11.283791670955125,26855.41,56.51,15.7,11.3,1.072,0.9,-1.4,1.7,-5.6,-17.7,1.12,21,3,0,0,3
121.3,11,isocontour,11.283791670955125,28830.08,60.67,-17.1,-10.4,1.032,0.5,-1.2,1.3,-5.6,-17.7,1.12,21,3,0,0,3
121.3,12,isocontour,11.283791670955125,25647.71,53.97,-13.9,-15.2,1.0,1.5,-0.7,1.7,-5.6,-17.7,1.12,21,3,0,0,3
121.3,13,isocontour,11.283791670955125,25121.71,52.87,19.5,-6.9,0.992,-0.6,-2.8,2.9,-5.6,-17.7,1.12,21,2,0,0,2
121.3,14,isocontour,11.283791670955125,27016.29,56.85,8.1,-18.0,1.047,1.1,-0.0,1.1,-5.6,-17.7,1.12,21,2,0,0,2
121.3,15,isocontour,11.283791670955125,22480.57,47.31,-8.1,19.0,0.997,-0.8,-0.7,1.1,-5.6,-17.7,1.12,21,6,0,0,6
121.3,16,isocontour,11.283791670955125,41681.83,87.71,-20.3,4.5,0.986,-2.1,1.3,2.5,-5.6,-17.7,1.12,21,4,0,0,4
121.3,17,isocontour,11.283791670955125,23699.36,49.87,0.9,19.7,1.048,-0.4,2.1,2.1,-5.6,-17.7,1.12,21,7,0,0,7
121.3,18,isocontour,11.283791670955125,28862.63,60.74,-11.9,17.1,0.987,-0.7,-0.7,1.0,-5.6,-17.7,1.12,21,4,0,0,4
121.3,19,isocontour,11.283791670955125,24742.89,52.07,-20.6,-3.1,0.986,0.6,0.7,0.9,-5.6,-17.7,1.12,21,4,0,0,4
121.3,20,isocontour,11.283791670955125,26845.53,56.49,15.0,-14.5,0.987,-1.3,-2.6,2.9,-5.6,-17.7,1.12,21,2,0,0,2
121.3,21,isocontour,11.283791670955125,27110.86,57.05,-5.4,-17.9,1.114,-1.1,1.3,1.7,-5.6,-17.7,1.12,21,2,0,0,2
121.3,22,isocontour,11.283791670955125,28745.08,60.49,-18.9,-8.5,0.991,1.6,-2.6,3.1,-5.6,-17.7,1.12,21,4,0,0,4
121.3,23,isocontour,11.283791670955125,28321.38,59.6,-20.7,2.4,0.987,2.0,1.3,2.4,-5.6,-17.7,1.12,21,5,0,0,5
121.3,24,isocontour,11.283791670955125,27528.55,57.93,3.1,-20.5,0.991,1.3,1.8,2.2,-5.6,-17.7,1.12,21,2,0,0,2
121.3,25,isocontour,11.283791670955125,27399.59,57.66,-17.2,9.5,1.055,-0.8,-2.7,2.8,-5.6,-17.7,1.12,21,4,0,0,4
121.3,Target,,,,,0.0,0.0,4.023,0.0,0.0,,,,,,,,,
121.4,1,isocontour,11.283791670955125,23685.74,49.84,10.9,17.6,0.994,0.4,0.6,0.7,-5.6,-17.7,1.12,21,7,0,0,7
121.4,2,isocontour,11.283791670955125,22291.14,46.91,-1.8,20.6,0.996,-0.8,0.9,1.2,-5.6,-17.7,1.12,21,7,0,0,7
121.4,3,isocontour,11.283791670955125,22965.47,48.33,3.1,20.5,0.99,-1.1,-1.2,1.6,-5.6,-17.7,1.12,21,6,0,0,6
121.4,4,isocontour,11.283791670955125,28367.9,59.7,17.0,12.0,0.987,0.5,-0.5,0.7,-5.6,-17.7,1.12,21,3,0,0,3
121.4,5,isocontour,11.283791670955125,26640.52,56.06,1.4,19.6,1.052,0.9,-0.4,1.0,-5.6,-17.7,1.12,21,7,0,0,7
121.4,6,isocontour,11.283791670955125,27843.54,58.59,0.5,19.2,1.082,-2.6,0.6,2.7,-5.6,-17.7,1.12,21,7,0,0,7
121.4,7,isocontour,11.283791670955125,25864.16,54.43,-17.8,11.0,0.984,-0.7,-2.3,2.4,-5.6,-17.7,1.12,21,4,0,0,4
121.4,8,isocontour,11.283791670955125,28745.82,60.49,1.4,19.0,1.092,-0.8,0.3,0.9,-5.6,-17.7,1.12,21,7,0,0,7
121.4,9,isocontour,11.283791670955125,26120.02,54.97,20.4,3.3,0.994,-1.7,0.0,1.7,-5.6,-17.7,1.12,21,3,0,0,3
121.4,10,isocontour,11.283791670955125,26843.33,56.49,15.5,11.4,1.078,-2.0,0.8,2.2,-5.6,-17.7,1.12,21,3,0,0,3
121.4,11,isocontour,11.283791670955125,28793.87,60.59,-17.0,-10.7,1.031,1.5,-2.7,3.1,-5.6,-17.7,1.12,21,3,0,0,3
121.4,12,isocontour,11.283791670955125,25598.51,53.87,-13.7,-15.5,0.995,1.5,-3.0,3.4,-5.6,-17.7,1.12,21,3,0,0,3
121.4,13,isocontour,11.283791670955125,25119.96,52.86,19.5,-7.1,0.992,-0.5,-1.0,1.1,-5.6,-17.7,1.12,21,2,0,0,2
121.4,14,isocontour,11.283791670955125,27013.79,56.85,8.0,-18.0,1.049,-1.2,0.0,1.2,-5.6,-17.7,1.12,21,2,0,0,2
121.4,15,isocontour,11.283791670955125,22360.25,47.05,-8.5,18.8,0.997,-4.2,-1.6,4.5,-5.6,-17.7,1.12,21,6,0,0,6
121.4,16,isocontour,11.283791670955125,41654.37,87.66,-20.5,4.3,0.979,-1.5,-2.4,2.8,-5.6,-17.7,1.12,21,4,0,0,4
121.4,17,isocontour,11.283791670955125,23688.9,49.85,0.8,19.9,1.038,-1.1,1.7,2.0,-5.6,-17.7,1.12,21,7,0,0,7
121.4,18,isocontour,11.283791670955125,28838.01,60.69,-11.7,17.2,0.99,2.5,0.9,2.7,-5.6,-17.7,1.12,21,4,0,0,4
121.4,19,isocontour,11.283791670955125,24739.96,52.06,-20.5,-3.2,0.991,1.0,-0.8,1.3,-5.6,-17.7,1.12,21,4,0,0,4
121.4,20,isocontour,11.283791670955125,26820.91,56.44,15.2,-14.4,0.984,2.2,1.5,2.7,-5.6,-17.7,1.12,21,2,0,0,2
121.4,21,isocontour,11.283791670955125,27074.3,56.97,-5.7,-17.7,1.116,-2.8,1.2,3.0,-5.6,-17.7,1.12,21,2,0,0,2
121.4,22,isocontour,11.283791670955125,28742.81,60.49,-19.0,-8.5,0.987,-1.1,0.4,1.2,-5.6,-17.7,1.12,21,4,0,0,4
121.4,23,isocontour,11.283791670955125,28319.49,59.59,-20.6,2.4,0.992,0.6,-1.0,1.2,-5.6,-17.7,1.12,21,5,0,0,5
121.4,24,isocontour,11.283791670955125,27526.23,57.93,3.0,-20.5,0.993,-1.2,0.1,1.2,-5.6,-17.7,1.12,21,2,0,0,2
121.4,25,isocontour,11.283791670955125,27378.85,57.62,-17.4,9.3,1.052,-1.7,-1.9,2.5,-5.6,-17.7,1.12,21,4,0,0,4
121.4,Target,,,,,0.0,0.0,4.023,0.0,0.0,,,,,,,,,
121.5,1,isocontour,11.283791670955125,23684.34,49.84,10.8,17.7,0.991,-0.5,0.9,1.0,-5.6,-17.7,1.12,21,7,0,0,7
121.5,2,isocontour,11.283791670955125,22288.53,46.9,-1.8,20.6,0.992,1.0,0.7,1.2,-5.6,-17.7,1.12,21,7,0,0,7
121.5,3,isocontour,11.283791670955125,22963.68,48.32,3.1,20.6,0.987,-0.5,1.0,1.1,-5.6,-17.7,1.12,21,6,0,0,6
121.5,4,isocontour,11.283791670955125,28330.25,59.62,16.8,11.8,1.001,-2.0,-2.4,3.1,-5.6,-17.7,1.12,21,3,0,0,3
121.5,5,isocontour,11.283791670955125,26609.05,56.0,1.1,19.6,1.056,-2.8,-0.7,2.9,-5.6,-17.7,1.12,21,7,0,0,7
121.5,6,isocontour,11.283791670955125,27842.64,58.59,0.4,19.2,1.082,-0.9,-0.0,0.9,-5.6,-17.7,1.12,21,7,0,0,7
121.5,7,isocontour,11.283791670955125,25831.38,54.36,-17.6,10.7,0.998,1.9,-2.3,3.0,-5.6,-17.7,1.12,21,4,0,0,4
121.5,8,isocontour,11.283791670955125,28718.36,60.43,1.1,19.0,1.093,-2.8,-0.1,2.8,-5.6,-17.7,1.12,21,7,0,0,7
121.5,9,isocontour,11.283791670955125,26118.28,54.96,20.4,3.4,0.997,-0.5,1.0,1.1,-5.6,-17.7,1.12,21,3,0,0,3
121.5,10,isocontour,11.283791670955125,26836.05,56.47,15.6,11.3,1.076,1.4,-1.0,1.7,-5.6,-17.7,1.12,21,3,0,0,3
121.5,11,isocontour,11.283791670955125,28787.63,60.58,-16.8,-10.6,1.039,1.3,1.1,1.7,-5.6,-17.7,1.12,21,3,0,0,3
121.5,12,isocontour,11.283791670955125,25594.71,53.86,-13.8,-15.5,0.991,-1.4,0.5,1.5,-5.6,-17.7,1.12,21,3,0,0,3
121.5,13,isocontour,11.283791670955125,25094.23,52.81,19.5,-7.3,0.988,0.1,-2.7,2.7,-5.6,-17.7,1.12,21,2,0,0,2
121.5,14,isocontour,11.283791670955125,27006.99,56.83,7.9,-18.1,1.046,-1.2,-1.3,1.8,-5.6,-17.7,1.12,21,2,0,0,2
121.5,15,isocontour,11.283791670955125,22264.12,46.85,-8.9,18.6,0.998,-3.7,-2.0,4.2,-5.6,-17.7,1.12,21,6,0,0,6
121.5,16,isocontour,11.283791670955125,41621.26,87.59,-20.4,4.1,0.986,1.1,-2.7,2.9,-5.6,-17.7,1.12,21,4,0,0,4
121.5,17,isocontour,11.283791670955125,23687.01,49.85,0.7,19.9,1.04,-0.9,-0.7,1.1,-5.6,-17.7,1.12,21,7,0,0,7
121.5,18,isocontour,11.283791670955125,28812.0,60.63,-11.8,17.1,0.986,-2.7,-0.6,2.8,-5.6,-17.7,1.12,21,4,0,0,4
121.5,19,isocontour,11.283791670955125,24703.4,51.99,-20.5,-3.5,0.99,0.2,-3.0,3.0,-5.6,-17.7,1.12,21,4,0,0,4
121.5,20,isocontour,11.283791670955125,26810.92,56.42,15.2,-14.2,0.991,-0.3,2.0,2.0,-5.6,-17.7,1.12,21,2,0,0,2
121.5,21,isocontour,11.283791670955125,27060.99,56.95,-5.9,-17.8,1.11,-2.1,-0.4,2.1,-5.6,-17.7,1.12,21,2,0,0,2
121.5,22,isocontour,11.283791670955125,28742.03,60.48,-19.0,-8.4,0.988,-0.1,0.8,0.8,-5.6,-17.7,1.12,21,4,0,0,4
121.5,23,isocontour,11.283791670955125,28296.74,59.55,-20.5,2.6,0.995,0.8,2.5,2.6,-5.6,-17.7,1.12,21,5,0,0,5
121.5,24,isocontour,11.283791670955125,27523.36,57.92,2.9,-20.6,0.99,-1.0,-0.8,1.3,-5.6,-17.7,1.12,21,2,0,0,2
121.5,25,isocontour,11.283791670955125,27377.19,57.61,-17.4,9.1,1.055,0.2,-1.1,1.1,-5.6,-17.7,1.12,21,4,0,0,4
121.5,Target,,,,,0.0,0.0,4.023,0.0,0.0,,,,,,,,,
121.6,1,isocontour,11.283791670955125,23647.78,49.76,10.6,17.8,0.99,-2.5,1.7,3.0,-5.6,-17.7,1.12,21,7,0,0,7
121.6,2,isocontour,11.283791670955125,22283.79,46.89,-1.7,20.7,0.987,1.1,1.1,1.6,-5.6,-17.7,1.12,21,7,0,0,7
121.6,3,isocontour,11.283791670955125,22924.93,48.24,3.3,20.5,0.99,2.9,-1.1,3.1,-5.6,-17.7,1.12,21,6,0,0,6
121.6,4,isocontour,11.283791670955125,28327.64,59.61,16.9,11.8,0.999,1.2,0.2,1.2,-5.6,-17.7,1.12,21,3,0,0,3
121.6,5,isocontour,11.283791670955125,26595.19,55.97,1.0,19.4,1.066,-1.3,-1.8,2.2,-5.6,-17.7,1.12,21,7,0,0,7
121.6,6,isocontour,11.283791670955125,27814.88,58.53,0.1,19.2,1.083,-2.8,-0.3,2.8,-5.6,-17.7,1.12,21,7,0,0,7
121.6,7,isocontour,11.283791670955125,25830.1,54.36,-17.6,10.8,0.998,-0.1,1.0,1.0,-5.6,-17.7,1.12,21,4,0,0,4
121.6,8,isocontour,11.283791670955125,28717.26,60.43,1.0,19.0,1.094,-0.9,-0.2,0.9,-5.6,-17.7,1.12,21,7,0,0,7
121.6,9,isocontour,11.283791670955125,26117.07,54.96,20.4,3.3,0.996,0.5,-0.8,0.9,-5.6,-17.7,1.12,21,3,0,0,3
121.6,10,isocontour,11.283791670955125,26815.31,56.43,15.8,11.1,1.076,1.5,-2.0,2.5,-5.6,-17.7,1.12,21,3,0,0,3
121.6,11,isocontour,11.283791670955125,28786.87,60.58,-16.9,-10.6,1.039,-0.7,0.5,0.9,-5.6,-17.7,1.12,21,3,0,0,3
121.6,12,isocontour,11.283791670955125,25574.93,53.82,-14.0,-15.6,0.98,-2.2,-1.2,2.5,-5.6,-17.7,1.12,21,3,0,0,3
121.6,13,isocontour,11.283791670955125,25067.64,52.75,19.6,-7.1,0.987,0.9,2.6,2.8,-5.6,-17.7,1.12,21,2,0,0,2
121.6,14,isocontour,11.283791670955125,27005.71,56.83,7.9,-18.1,1.049,0.4,0.9,1.0,-5.6,-17.7,1.12,21,2,0,0,2
121.6,15,isocontour,11.283791670955125,22140.61,46.59,-9.3,18.5,0.993,-4.5,-1.0,4.6,-5.6,-17.7,1.12,21,6,0,0,6
121.6,16,isocontour,11.283791670955125,41597.18,87.54,-20.3,4.2,0.99,1.0,2.5,2.7,-5.6,-17.7,1.12,21,4,0,0,4
121.6,17,isocontour,11.283791670955125,23667.23,49.8,0.5,19.9,1.039,-2.4,0.5,2.5,-5.6,-17.7,1.12,21,7,0,0,7
121.6,18,isocontour,11.283791670955125,28775.08,60.55,-12.1,17.0,0.987,-2.2,-2.1,3.0,-5.6,-17.7,1.12,21,4,0,0,4
121.6,19,isocontour,11.283791670955125,24690.09,51.96,-20.6,-3.6,0.982,-1.5,-1.5,2.1,-5.6,-17.7,1.12,21,4,0,0,4
121.6,20,isocontour,11.283791670955125,26810.01,56.42,15.2,-14.2,0.989,0.3,-0.8,0.9,-5.6,-17.7,1.12,21,2,0,0,2
121.6,21,isocontour,11.283791670955125,27039.26,56.9,-5.8,-18.0,1.101,1.4,-2.1,2.5,-5.6,-17.7,1.12,21,2,0,0,2
121.6,22,isocontour,11.283791670955125,28717.68,60.43,-19.0,-8.2,0.994,0.4,2.6,2.6,-5.6,-17.7,1.12,21,4,0,0,4
121.6,23,isocontour,11.283791670955125,28246.67,59.44,-20.7,2.4,0.985,-2.4,-2.4,3.4,-5.6,-17.7,1.12,21,5,0,0,5
121.6,24,isocontour,11.283791670955125,27520.63,57.91,2.8,-20.6,0.987,-1.0,-0.8,1.3,-5.6,-17.7,1.12,21,2,0,0,2
121.6,25,isocontour,11.283791670955125,27373.84,57.6,-17.4,9.0,1.056,-0.6,-1.2,1.3,-5.6,-17.7,1.12,21,4,0,0,4
121.6,Target,,,,,0.0,0.0,4.023,0.0,0.0,,,,,,,,,
121.7,1,isocontour,11.283791670955125,23561.48,49.58,10.8,17.6,0.996,2.6,-3.1,4.0,-5.6,-17.7,1.12,21,7,0,0,7
121.7,2,isocontour,11.283791670955125,22273.02,46.87,-1.8,20.7,0.988,-2.0,-0.5,2.1,-5.6,-17.7,1.12,21,7,0,0,7
121.7,3,isocontour,11.283791670955125,22922.67,48.24,3.4,20.4,0.995,0.6,-1.1,1.3,-5.6,-17.7,1.12,21,6,0,0,6
121.7,4,isocontour,11.283791670955125,28320.6,59.6,16.9,11.9,0.992,0.1,1.8,1.8,-5.6,-17.7,1.12,21,3,0,0,3
121.7,5,isocontour,11.283791670955125,26551.83,55.88,0.7,19.5,1.062,-2.9,1.4,3.2,-5.6,-17.7,1.12,21,7,0,0,7
121.7,6,isocontour,11.283791670955125,27790.53,58.48,-0.1,19.2,1.081,-2.6,0.5,2.6,-5.6,-17.7,1.12,21,7,0,0,7
121.7,7,isocontour,11.283791670955125,25822.07,54.34,-17.7,10.9,0.989,-1.3,1.3,1.8,-5.6,-17.7,1.12,21,4,0,0,4
121.7,8,isocontour,11.283791670955125,28681.05,60.36,0.8,18.8,1.103,-2.6,-1.5,3.0,-5.6,-17.7,1.12,21,7,0,0,7
121.7,9,isocontour,11.283791670955125,26115.86,54.96,20.4,3.3,0.994,0.5,-0.8,0.9,-5.6,-17.7,1.12,21,3,0,0,3
121.7,10,isocontour,11.283791670955125,26804.7,56.41,16.0,11.1,1.067,2.0,0.1,2.0,-5.6,-17.7,1.12,21,3,0,0,3
121.7,11,isocontour,11.283791670955125,28771.85,60.55,-16.9,-10.4,1.042,-0.6,2.2,2.3,-5.6,-17.7,1.12,21,3,0,0,3
121.7,12,isocontour,11.283791670955125,25574.34,53.82,-14.1,-15.6,0.975,-0.7,-0.3,0.8,-5.6,-17.7,1.12,21,3,0,0,3
121.7,13,isocontour,11.283791670955125,25065.48,52.75,19.6,-7.0,0.988,0.2,1.2,1.2,-5.6,-17.7,1.12,21,2,0,0,2
121.7,14,isocontour,11.283791670955125,27004.64,56.83,8.0,-18.0,1.052,0.4,0.8,0.9,-5.6,-17.7,1.12,21,2,0,0,2
121.7,15,isocontour,11.283791670955125,22113.45,46.54,-9.6,18.4,0.99,-2.6,-0.8,2.7,-5.6,-17.7,1.12,21,6,0,0,6
121.7,16,isocontour,11.283791670955125,41570.59,87.48,-20.2,4.5,0.992,0.9,2.6,2.8,-5.6,-17.7,1.12,21,4,0,0,4
121.7,17,isocontour,11.283791670955125,23661.21,49.79,0.4,19.8,1.047,-0.4,-1.6,1.6,-5.6,-17.7,1.12,21,7,0,0,7
121.7,18,isocontour,11.283791670955125,28760.45,60.52,-12.3,16.8,0.987,-1.9,-1.1,2.2,-5.6,-17.7,1.12,21,4,0,0,4
121.7,19,isocontour,11.283791670955125,24688.73,51.95,-20.7,-3.6,0.976,-1.0,0.2,1.0,-5.6,-17.7,1.12,21,4,0,0,4
121.7,20,isocontour,11.283791670955125,26761.68,56.32,15.1,-14.5,0.981,-1.0,-3.2,3.4,-5.6,-17.7,1.12,21,2,0,0,2
121.7,21,isocontour,11.283791670955125,27035.54,56.89,-5.7,-18.1,1.096,1.1,-0.9,1.4,-5.6,-17.7,1.12,21,2,0,0,2
121.7,22,isocontour,11.283791670955125,28715.78,60.43,-19.0,-8.2,0.994,0.2,-1.1,1.1,-5.6,-17.7,1.12,21,4,0,0,4
121.7,23,isocontour,11.283791670955125,28244.87,59.44,-20.8,2.4,0.98,-0.7,0.9,1.1,-5.6,-17.7,1.12,21,5,0,0,5
121.7,24,isocontour,11.283791670955125,27493.16,57.86,2.6,-20.5,0.994,-2.4,1.4,2.8,-5.6,-17.7,1.12,21,2,0,0,2
121.7,25,isocontour,11.283791670955125,27348.39,57.55,-17.5,9.2,1.047,-0.7,2.6,2.7,-5.6,-17.7,1.12,21,4,0,0,4
121.7,Target,,,,,0.0,0.0,4.023,0.0,0.0,,,,,,,,,
121.8,1,isocontour,11.283791670955125,23548.53,49.55,11.0,17.7,0.987,1.5,1.5,2.1,-5.6,-17.7,1.12,21,7,0,0,7
121.8,2,isocontour,11.283791670955125,22243.45,46.81,-1.6,20.6,0.997,2.4,-1.6,2.9,-5.6,-17.7,1.12,21,7,0,0,7
121.8,3,isocontour,11.283791670955125,22921.35,48.24,3.3,20.4,0.995,-1.0,0.3,1.0,-5.6,-17.7,1.12,21,6,0,0,6
121.8,4,isocontour,11.283791670955125,28297.58,59.55,17.1,12.1,0.979,2.3,1.3,2.6,-5.6,-17.7,1.12,21,3,0,0,3
121.8,5,isocontour,11.283791670955125,26431.5,55.62,1.0,19.4,1.069,4.2,-1.9,4.6,-5.6,-17.7,1.12,21,7,0,0,7
121.8,6,isocontour,11.283791670955125,27789.05,58.48,-0.1,19.2,1.082,1.0,-0.3,1.0,-5.6,-17.7,1.12,21,7,0,0,7
121.8,7,isocontour,11.283791670955125,25821.58,54.34,-17.8,10.9,0.986,-0.6,-0.4,0.7,-5.6,-17.7,1.12,21,5,0,0,5
121.8,8,isocontour,11.283791670955125,28652.09,60.29,1.0,18.8,1.105,2.8,-0.1,2.8,-5.6,-17.7,1.12,21,7,0,0,7
121.8,9,isocontour,11.283791670955125,26088.69,54.9,20.5,3.0,0.993,0.5,-2.7,2.7,-5.6,-17.7,1.12,21,3,0,0,3
121.8,10,isocontour,11.283791670955125,26773.55,56.34,15.8,11.3,1.069,-2.2,1.9,2.9,-5.6,-17.7,1.12,21,3,0,0,3
121.8,11,isocontour,11.283791670955125,28770.28,60.54,-17.0,-10.3,1.039,-1.0,0.3,1.0,-5.6,-17.7,1.12,21,3,0,0,3
121.8,12,isocontour,11.283791670955125,25552.36,53.77,-14.2,-15.4,0.98,-0.7,2.5,2.6,-5.6,-17.7,1.12,21,3,0,0,3
121.8,13,isocontour,11.283791670955125,25062.06,52.74,19.5,-6.9,0.993,-0.7,1.2,1.4,-5.6,-17.7,1.12,21,2,0,0,2
121.8,14,isocontour,11.283791670955125,26967.0,56.75,7.7,-18.1,1.054,-2.9,-1.0,3.1,-5.6,-17.7,1.12,21,2,0,0,2
121.8,15,isocontour,11.283791670955125,22111.96,46.53,-9.7,18.3,0.991,-0.7,-0.7,1.0,-5.6,-17.7,1.12,21,7,0,0,7
121.8,16,isocontour,11.283791670955125,41569.93,87.48,-20.3,4.5,0.988,-0.8,-0.1,0.8,-5.6,-17.7,1.12,21,4,0,0,4
121.8,17,isocontour,11.283791670955125,23656.19,49.78,0.6,19.8,1.045,1.4,0.6,1.5,-5.6,-17.7,1.12,21,7,0,0,7
121.8,18,isocontour,11.283791670955125,28753.05,60.51,-12.2,16.7,0.995,0.9,-1.5,1.7,-5.6,-17.7,1.12,21,4,0,0,4
121.8,19,isocontour,11.283791670955125,24663.56,51.9,-20.5,-3.6,0.987,2.5,1.0,2.7,-5.6,-17.7,1.12,21,4,0,0,4
121.8,20,isocontour,11.283791670955125,26760.74,56.31,15.1,-14.5,0.98,0.5,0.7,0.9,-5.6,-17.7,1.12,21,2,0,0,2
121.8,21,isocontour,11.283791670955125,27004.71,56.83,-5.5,-18.1,1.099,2.9,-0.3,2.9,-5.6,-17.7,1.12,21,2,0,0,2
121.8,22,isocontour,11.283791670955125,28708.86,60.41,-19.1,-8.3,0.986,-1.7,-0.3,1.7,-5.6,-17.7,1.12,21,4,0,0,4
121.8,23,isocontour,11.283791670955125,28240.66,59.43,-20.7,2.4,0.986,1.4,-0.3,1.4,-5.6,-17.7,1.12,21,5,0,0,5
121.8,24,isocontour,11.283791670955125,27491.17,57.85,2.5,-20.5,0.995,-1.1,-0.4,1.2,-5.6,-17.7,1.12,21,2,0,0,2
121.8,25,isocontour,11.283791670955125,27328.62,57.51,-17.5,9.1,1.049,-0.4,-2.5,2.5,-5.6,-17.7,1.12,21,4,0,0,4
121.8,Target,,,,,0.0,0.0,4.023,0.0,0.0,,,,,,,,,
121.9,1,isocontour,11.283791670955125,23512.68,49.48,10.7,17.8,0.989,-2.9,0.9,3.0,-5.6,-17.7,1.12,21,7,0,0,7
121.9,2,isocontour,11.283791670955125,22215.98,46.75,-1.4,20.6,0.996,2.7,0.6,2.8,-5.6,-17.7,1.12,21,7,0,0,7
121.9,3,isocontour,11.283791670955125,22810.24,48.0,3.7,20.5,0.988,4.4,0.7,4.5,-5.6,-17.7,1.12,21,6,0,0,6
121.9,4,isocontour,11.283791670955125,28232.61,59.41,17.3,11.8,0.982,1.1,-3.5,3.7,-5.6,-17.7,1.12,21,3,0,0,3
121.9,5,isocontour,11.283791670955125,26420.26,55.6,1.0,19.5,1.064,-1.5,1.4,2.1,-5.6,-17.7,1.12,21,7,0,0,7
121.9,6,isocontour,11.283791670955125,27779.93,58.46,0.0,19.3,1.074,0.9,1.7,1.9,-5.6,-17.7,1.12,21,7,0,0,7
121.9,7,isocontour,11.283791670955125,25800.85,54.29,-17.6,10.9,0.995,2.5,0.0,2.5,-5.6,-17.7,1.12,21,5,0,0,5
121.9,8,isocontour,11.283791670955125,28631.35,60.25,0.8,18.9,1.099,-2.3,1.1,2.5,-5.6,-17.7,1.12,21,7,0,0,7
121.9,9,isocontour,11.283791670955125,26061.23,54.84,20.5,3.2,0.991,0.0,2.8,2.8,-5.6,-17.7,1.12,21,3,0,0,3
121.9,10,isocontour,11.283791670955125,26766.15,56.33,15.9,11.2,1.066,1.4,-1.1,1.8,-5.6,-17.7,1.12,21,3,0,0,3
121.9,11,isocontour,11.283791670955125,28750.03,60.5,-17.2,-10.2,1.037,-1.6,1.9,2.5,-5.6,-17.7,1.12,21,3,0,0,3
121.9,12,isocontour,11.283791670955125,25542.21,53.75,-14.2,-15.2,0.989,0.2,2.0,2.0,-5.6,-17.7,1.12,21,3,0,0,3
121.9,13,isocontour,11.283791670955125,25033.1,52.68,19.5,-7.1,0.991,-0.4,-2.8,2.8,-5.6,-17.7,1.12,21,2,0,0,2
121.9,14,isocontour,11.283791670955125,26933.21,56.68,7.4,-18.1,1.057,-2.9,-0.6,3.0,-5.6,-17.7,1.12,21,2,0,0,2
121.9,15,isocontour,11.283791670955125,22093.35,46.49,-9.9,18.4,0.984,-2.4,0.3,2.4,-5.6,-17.7,1.12,21,7,0,0,7
121.9,16,isocontour,11.283791670955125,41566.73,87.47,-20.4,4.6,0.983,-0.7,1.1,1.3,-5.6,-17.7,1.12,21,4,0,0,4
121.9,17,isocontour,11.283791670955125,23655.16,49.78,0.5,19.8,1.045,-0.9,0.0,0.9,-5.6,-17.7,1.12,21,7,0,0,7
121.9,18,isocontour,11.283791670955125,28747.34,60.5,-12.3,16.5,1.0,-0.7,-1.5,1.7,-5.6,-17.7,1.12,21,3,0,0,3
121.9,19,isocontour,11.283791670955125,24662.74,51.9,-20.4,-3.5,0.992,0.5,0.7,0.9,-5.6,-17.7,1.12,21,4,0,0,4
121.9,20,isocontour,11.283791670955125,26740.01,56.27,15.1,-14.3,0.988,0.2,2.5,2.5,-5.6,-17.7,1.12,21,2,0,0,2
121.9,21,isocontour,11.283791670955125,26981.16,56.78,-5.2,-18.2,1.097,2.4,-1.2,2.7,-5.6,-17.7,1.12,21,2,0,0,2
121.9,22,isocontour,11.283791670955125,28704.56,60.41,-19.3,-8.3,0.978,-1.5,-0.2,1.5,-5.6,-17.7,1.12,21,4,0,0,4
121.9,23,isocontour,11.283791670955125,28237.45,59.42,-20.6,2.4,0.993,1.2,-0.7,1.4,-5.6,-17.7,1.12,21,5,0,0,5
121.9,24,isocontour,11.283791670955125,27473.88,57.82,2.4,-20.7,0.985,-1.0,-2.2,2.4,-5.6,-17.7,1.12,21,2,0,0,2
121.9,25,isocontour,11.283791670955125,27320.71,57.49,-17.4,9.1,1.056,1.7,0.6,1.8,-5.6,-17.7,1.12,21,4,0,0,4
121.9,Target,,,,,0.0,0.0,4.023,0.0,0.0,,,,,,,,,
122.0,1,isocontour,11.283791670955125,23504.64,49.46,10.6,17.7,0.998,-1.6,-1.0,1.9,10.6,17.7,0.989,1,7,0,0,7
122.0,2,isocontour,11.283791670955125,22215.02,46.75,-1.4,20.7,0.993,-0.7,0.6,0.9,-1.4,20.7,0.996,2,6,0,0,6
122.0,3,isocontour,11.283791670955125,22809.68,48.0,3.8,20.5,0.986,0.8,-0.0,0.8,3.8,20.5,0.988,3,6,0,0,6
122.0,4,isocontour,11.283791670955125,28230.0,59.41,17.2,11.6,0.989,-0.9,-0.9,1.3,17.2,11.6,0.982,4,3,0,0,3
122.0,5,isocontour,11.283791670955125,26419.32,55.6,0.9,19.4,1.065,-0.7,-0.5,0.9,0.9,19.4,1.064,5,7,0,0,7
122.0,6,isocontour,11.283791670955125,27778.27,58.46,0.1,19.4,1.068,0.6,0.9,1.1,0.1,19.4,1.074,6,7,0,0,7
122.0,7,isocontour,11.283791670955125,25790.24,54.27,-17.6,11.1,0.99,-0.5,2.0,2.1,-17.6,11.1,0.995,7,5,0,0,5
122.0,8,isocontour,11.283791670955125,28619.28,60.23,0.7,19.0,1.09,-1.4,1.6,2.1,0.7,19.0,1.099,8,7,0,0,7
122.0,9,isocontour,11.283791670955125,26033.77,54.78,20.5,3.5,0.989,-0.1,2.8,2.8,20.5,3.5,0.991,9,3,0,0,3
122.0,10,isocontour,11.283791670955125,26739.27,56.27,15.9,11.0,1.072,0.4,-2.7,2.7,15.9,11.0,1.066,10,3,0,0,3
122.0,11,isocontour,11.283791670955125,28746.96,60.49,-17.2,-10.0,1.041,0.3,1.3,1.3,-17.2,-10.0,1.037,11,3,0,0,3
122.0,12,isocontour,11.283791670955125,25540.27,53.75,-14.1,-15.1,0.996,0.7,0.9,1.1,-14.1,-15.1,0.989,12,3,0,0,3
122.0,13,isocontour,11.283791670955125,25030.61,52.67,19.5,-7.2,0.987,0.4,-1.2,1.3,19.5,-7.2,0.991,13,2,0,0,2
122.0,14,isocontour,11.283791670955125,26919.35,56.65,7.6,-18.1,1.054,2.2,0.3,2.2,7.6,-18.1,1.057,14,2,0,0,2
122.0,15,isocontour,11.283791670955125,22091.55,46.49,-9.9,18.3,0.987,1.0,-0.4,1.1,-9.9,18.3,0.984,15,7,0,0,7
122.0,16,isocontour,11.283791670955125,41552.3,87.44,-20.2,4.7,0.991,2.1,0.9,2.3,-20.2,4.7,0.983,16,4,0,0,4
122.0,17,isocontour,11.283791670955125,23653.5,49.78,0.6,19.8,1.047,0.9,-0.6,1.1,0.6,19.8,1.045,17,7,0,0,7
122.0,18,isocontour,11.283791670955125,28744.34,60.49,-12.4,16.6,0.995,-1.2,0.5,1.3,-12.4,16.6,1.0,18,3,0,0,3
122.0,19,isocontour,11.283791670955125,24626.53,51.82,-20.4,-3.7,0.991,0.2,-3.0,3.0,-20.4,-3.7,0.992,19,4,0,0,4
122.0,20,isocontour,11.283791670955125,26715.93,56.22,15.2,-14.0,0.994,0.9,2.5,2.7,15.2,-14.0,0.988,20,2,0,0,2
122.0,21,isocontour,11.283791670955125,26977.12,56.77,-5.3,-18.1,1.101,-0.9,1.1,1.4,-5.3,-18.1,1.097,21,2,0,0,2
122.0,22,isocontour,11.283791670955125,28703.83,60.4,-19.3,-8.2,0.979,0.3,0.8,0.9,-19.3,-8.2,0.978,22,4,0,0,4
122.0,23,isocontour,11.283791670955125,28236.09,59.42,-20.6,2.3,0.99,-0.9,-0.4,1.0,-20.6,2.3,0.993,23,5,0,0,5
122.0,24,isocontour,11.283791670955125,27472.04,57.81,2.4,-20.7,0.984,1.1,0.3,1.1,2.4,-20.7,0.985,24,2,0,0,2
122.0,25,isocontour,11.283791670955125,27292.35,57.43,-17.2,9.3,1.059,1.6,2.3,2.8,-17.2,9.3,1.056,25,4,0,0,4
122.0,Target,,,,,0.0,0.0,4.023,0.0,0.0,,,,,,,,,
122.1,1,isocontour,11.283791670955125,23502.54,49.46,10.5,17.8,0.998,-0.9,0.8,1.2,0.7,19.0,1.099,8,7,0,0,7
122.1,2,isocontour,11.283791670955125,22213.53,46.75,-1.4,20.8,0.988,-0.5,0.9,1.0,0.7,19.0,1.099,8,6,0,0,6
122.1,3,isocontour,11.283791670955125,22808.15,48.0,3.9,20.4,0.99,0.4,-1.0,1.1,0.7,19.0,1.099,8,6,0,0,6
122.1,4,isocontour,11.283791670955125,28214.79,59.37,17.1,11.8,0.99,-1.3,1.9,2.3,15.9,11.0,1.072,10,3,0,0,3
122.1,5,isocontour,11.283791670955125,26400.93,55.56,1.1,19.5,1.061,2.3,0.8,2.4,0.7,19.0,1.099,8,7,0,0,7
122.1,6,isocontour,11.283791670955125,27775.78,58.45,0.2,19.4,1.069,1.2,-0.4,1.3,0.7,19.0,1.099,8,7,0,0,7
122.1,7,isocontour,11.283791670955125,25706.44,54.1,-17.9,11.1,0.973,-4.0,0.2,4.0,-17.2,9.3,1.059,25,5,0,0,5
122.1,8,isocontour,11.283791670955125,28610.98,60.21,0.7,18.9,1.099,-0.0,-1.9,1.9,0.7,18.9,1.099,8,7,0,0,7
122.1,9,isocontour,11.283791670955125,26031.09,54.78,20.4,3.6,0.991,-0.7,1.0,1.2,15.9,11.0,1.072,10,3,0,0,3
122.1,10,isocontour,11.283791670955125,26713.82,56.22,15.9,11.1,1.071,-1.2,2.4,2.7,15.9,11.1,1.072,10,3,0,0,3
122.1,11,isocontour,11.283791670955125,28742.13,60.48,-17.2,-10.1,1.038,0.1,-1.5,1.5,-17.2,-10.1,1.041,11,3,0,0,3
122.1,12,isocontour,11.283791670955125,25538.99,53.74,-14.1,-15.2,0.993,-0.0,-1.0,1.0,-5.3,-18.1,1.101,21,3,0,0,3
122.1,13,isocontour,11.283791670955125,25030.28,52.67,19.5,-7.2,0.989,-0.6,0.0,0.6,15.2,-14.0,0.994,20,2,0,0,2
122.1,14,isocontour,11.283791670955125,26893.33,56.59,7.8,-18.0,1.054,2.5,1.2,2.8,7.8,-18.0,1.057,14,2,0,0,2
122.1,15,isocontour,11.283791670955125,22058.44,46.42,-9.7,18.2,1.001,2.4,-1.7,2.9,0.7,19.0,1.099,8,7,0,0,7
122.1,16,isocontour,11.283791670955125,41515.38,87.36,-20.2,5.0,0.99,0.2,3.1,3.1,-17.2,9.3,1.059,25,4,0,0,4
122.1,17,isocontour,11.283791670955125,23652.71,49.77,0.5,19.8,1.044,-0.4,0.8,0.9,0.7,19.0,1.099,8,7,0,0,7
122.1,18,isocontour,11.283791670955125,28720.79,60.44,-12.6,16.5,0.988,-2.6,-0.4,2.6,-17.2,9.3,1.059,25,3,0,0,3
122.1,19,isocontour,11.283791670955125,24568.61,51.7,-20.5,-4.1,0.982,-1.3,-3.3,3.5,-17.2,-10.0,1.041,11,4,0,0,4
122.1,20,isocontour,11.283791670955125,26714.4,56.22,15.2,-13.9,1.0,-0.9,0.6,1.1,7.6,-18.1,1.057,14,2,0,0,2
122.1,21,isocontour,11.283791670955125,26952.77,56.72,-5.5,-18.1,1.1,-2.6,0.5,2.6,-5.5,-18.1,1.101,21,2,0,0,2
122.1,22,isocontour,11.283791670955125,28693.53,60.38,-19.1,-8.3,0.984,1.5,-1.3,2.0,-17.2,-10.0,1.041,11,4,0,0,4
122.1,23,isocontour,11.283791670955125,28206.21,59.36,-20.8,2.4,0.977,-2.4,1.5,2.8,-17.2,9.3,1.059,25,5,0,0,5
122.1,24,isocontour,11.283791670955125,27456.22,57.78,2.5,-20.6,0.993,1.1,2.0,2.3,-5.3,-18.1,1.101,21,2,0,0,2
122.1,25,isocontour,11.283791670955125,27290.83,57.43,-17.2,9.4,1.059,0.4,0.9,1.0,-17.2,9.4,1.059,25,4,0,0,4
122.1,Target,,,,,0.0,0.0,4.023,0.0,0.0,,,,,,,,,
122.2,1,isocontour,11.283791670955125,23492.99,49.44,10.6,17.6,1.001,1.2,-1.6,2.0,0.7,19.0,1.099,8,7,0,0,7
122.2,2,isocontour,11.283791670955125,22198.72,46.71,-1.6,20.8,0.985,-2.3,0.2,2.3,0.7,19.0,1.099,8,6,0,0,6
122.2,3,isocontour,11.283791670955125,22775.7,47.93,3.6,20.4,0.992,-2.9,0.3,2.9,0.7,19.0,1.099,8,6,0,0,6
122.2,4,isocontour,11.283791670955125,28198.14,59.34,17.2,12.0,0.98,1.2,2.0,2.3,0.7,19.0,1.099,8,3,0,0,3
122.2,5,isocontour,11.283791670955125,26364.37,55.48,0.9,19.4,1.068,-2.8,-1.3,3.1,0.7,19.0,1.099,8,7,0,0,7
122.2,6,isocontour,11.283791670955125,27743.66,58.38,0.1,19.2,1.082,-1.7,-2.4,2.9,0.7,19.0,1.099,8,7,0,0,7
122.2,7,isocontour,11.283791670955125,25702.23,54.09,-17.9,11.2,0.97,0.7,1.3,1.5,0.7,19.0,1.099,8,5,0,0,5
122.2,8,isocontour,11.283791670955125,28581.71,60.15,0.4,18.8,1.103,-2.8,-0.4,2.8,0.4,18.8,1.099,8,7,0,0,7
122.2,9,isocontour,11.283791670955125,26030.65,54.78,20.4,3.6,0.992,0.0,-0.7,0.7,15.9,11.0,1.072,10,3,0,0,3
122.2,10,isocontour,11.283791670955125,26694.28,56.17,15.8,11.4,1.067,-0.8,2.3,2.4,0.7,19.0,1.099,8,3,0,0,3
122.2,11,isocontour,11.283791670955125,28735.21,60.47,-17.0,-10.2,1.041,1.4,-1.0,1.7,-5.3,-18.1,1.101,21,3,0,0,3
122.2,12,isocontour,11.283791670955125,25508.16,53.68,-14.0,-15.4,0.987,1.2,-2.6,2.9,-5.3,-18.1,1.101,21,3,0,0,3
122.2,13,isocontour,11.283791670955125,25007.53,52.63,19.4,-7.4,0.989,-1.0,-2.4,2.6,15.9,11.0,1.072,10,2,0,0,2
122.2,14,isocontour,11.283791670955125,26877.92,56.56,8.0,-18.0,1.052,2.2,0.5,2.3,-5.3,-18.1,1.101,21,2,0,0,2
122.2,15,isocontour,11.283791670955125,22056.96,46.42,-9.6,18.1,1.008,0.6,-0.9,1.1,0.7,19.0,1.099,8,7,0,0,7
122.2,16,isocontour,11.283791670955125,41514.79,87.36,-20.1,5.0,0.991,0.1,-0.8,0.8,-17.2,9.3,1.059,25,4,0,0,4
122.2,17,isocontour,11.283791670955125,23652.4,49.77,0.6,19.8,1.042,0.5,0.3,0.6,0.7,19.0,1.099,8,7,0,0,7
122.2,18,isocontour,11.283791670955125,28718.75,60.44,-12.6,16.6,0.986,0.8,0.9,1.2,0.7,19.0,1.099,8,3,0,0,3
122.2,19,isocontour,11.283791670955125,24468.35,51.49,-20.6,-3.7,0.981,-0.6,4.2,4.2,-17.2,9.3,1.059,25,4,0,0,4
122.2,20,isocontour,11.283791670955125,26694.86,56.18,15.2,-14.1,0.991,0.7,-2.4,2.5,7.6,-18.1,1.057,14,2,0,0,2
122.2,21,isocontour,11.283791670955125,26950.4,56.71,-5.6,-18.0,1.105,-0.4,1.1,1.2,-5.3,-18.1,1.101,21,2,0,0,2
122.2,22,isocontour,11.283791670955125,28691.09,60.38,-19.1,-8.5,0.986,0.7,-1.0,1.2,-5.3,-18.1,1.101,21,4,0,0,4
122.2,23,isocontour,11.283791670955125,28192.53,59.33,-21.1,2.4,0.967,-2.0,-1.0,2.2,-17.2,9.3,1.059,25,5,0,0,5
122.2,24,isocontour,11.283791670955125,27453.96,57.77,2.5,-20.5,0.995,-1.2,-0.1,1.2,-5.3,-18.1,1.101,21,2,0,0,2
122.2,25,isocontour,11.283791670955125,27260.31,57.37,-17.4,9.3,1.053,-2.3,-1.7,2.9,-17.2,9.3,1.059,25,4,0,0,4
122.2,Target,,,,,0.0,0.0,4.023,0.0,0.0,,,,,,,,,
122.3,1,isocontour,11.283791670955125,23471.76,49.39,10.8,17.6,0.997,2.5,-0.4,2.5,0.4,18.8,1.103,8,7,0,0,7
122.3,2,isocontour,11.283791670955125,22179.18,46.67,-1.8,20.6,0.994,-1.5,-2.0,2.5,0.4,18.8,1.103,8,6,0,0,6
122.3,3,isocontour,11.283791670955125,22772.13,47.92,3.7,20.5,0.986,0.7,1.2,1.4,0.4,18.8,1.103,8,6,0,0,6
122.3,4,isocontour,11.283791670955125,28173.79,59.29,17.1,12.2,0.974,-0.7,2.6,2.7,0.7,19.0,1.099,8,3,0,0,3
122.3,5,isocontour,11.283791670955125,26267.56,55.28,1.1,19.2,1.079,3.6,-2.2,4.2,0.4,18.8,1.103,8,7,0,0,7
122.3,6,isocontour,11.283791670955125,27742.56,58.38,0.0,19.2,1.079,-0.1,0.9,0.9,0.4,18.8,1.103,8,7,0,0,7
122.3,7,isocontour,11.283791670955125,25677.61,54.04,-17.7,11.2,0.98,2.7,0.2,2.7,0.7,19.0,1.099,8,5,0,0,5
122.3,8,isocontour,11.283791670955125,28480.04,59.93,0.7,18.7,1.111,4.0,-1.5,4.3,0.7,18.7,1.103,8,7,0,0,7
122.3,9,isocontour,11.283791670955125,26030.04,54.78,20.4,3.5,0.994,-0.2,-0.7,0.7,0.7,19.0,1.099,8,3,0,0,3
122.3,10,isocontour,11.283791670955125,26673.05,56.13,15.7,11.6,1.063,-0.9,2.4,2.6,0.7,19.0,1.099,8,3,0,0,3
122.3,11,isocontour,11.283791670955125,28720.0,60.44,-17.1,-10.1,1.04,-1.3,1.8,2.2,-5.3,-18.1,1.101,21,3,0,0,3
122.3,12,isocontour,11.283791670955125,25506.16,53.67,-13.9,-15.5,0.987,0.9,-0.7,1.1,-5.6,-18.0,1.105,21,3,0,0,3
122.3,13,isocontour,11.283791670955125,25001.5,52.61,19.3,-7.4,0.997,-1.3,1.1,1.7,15.9,11.0,1.072,10,2,0,0,2
122.3,14,isocontour,11.283791670955125,26875.43,56.56,8.0,-18.0,1.052,-1.2,-0.5,1.3,-5.3,-18.1,1.101,21,2,0,0,2
122.3,15,isocontour,11.283791670955125,22056.53,46.42,-9.6,18.0,1.008,-0.7,-0.2,0.7,0.4,18.8,1.103,8,7,0,0,7
122.3,16,isocontour,11.283791670955125,41512.84,87.36,-20.1,5.1,0.99,0.2,1.1,1.1,0.7,19.0,1.099,8,4,0,0,4
122.3,17,isocontour,11.283791670955125,23645.48,49.76,0.7,19.9,1.038,1.6,0.7,1.7,0.4,18.8,1.103,8,7,0,0,7
122.3,18,isocontour,11.283791670955125,28707.66,60.41,-12.4,16.7,0.987,1.7,1.2,2.1,0.7,19.0,1.099,8,3,0,0,3
122.3,19,isocontour,11.283791670955125,24451.06,51.45,-20.5,-3.5,0.986,0.6,2.3,2.4,-5.3,-18.1,1.101,21,4,0,0,4
122.3,20,isocontour,11.283791670955125,26694.05,56.17,15.3,-14.2,0.985,0.6,-0.6,0.8,-5.3,-18.1,1.101,21,2,0,0,2
122.3,21,isocontour,11.283791670955125,26948.4,56.71,-5.5,-18.0,1.104,1.0,-0.7,1.2,-5.5,-18.0,1.105,21,2,0,0,2
122.3,22,isocontour,11.283791670955125,28681.69,60.36,-18.9,-8.5,0.992,1.8,-0.8,2.0,-5.3,-18.1,1.101,21,4,0,0,4
122.3,23,isocontour,11.283791670955125,28185.49,59.31,-21.0,2.2,0.969,0.7,-1.6,1.7,-5.3,-18.1,1.101,21,5,0,0,5
122.3,24,isocontour,11.283791670955125,27444.26,57.75,2.5,-20.7,0.986,0.8,-1.8,2.0,-5.6,-18.0,1.105,21,2,0,0,2
122.3,25,isocontour,11.283791670955125,27246.64,57.34,-17.5,9.1,1.053,-0.8,-2.0,2.2,0.7,19.0,1.099,8,4,0,0,4
122.3,Target,,,,,0.0,0.0,4.023,0.0,0.0,,,,,,,,,
122.4,1,isocontour,11.283791670955125,23468.03,49.39,10.7,17.6,0.998,-1.3,0.5,1.4,0.7,18.7,1.111,8,7,0,0,7
122.4,2,isocontour,11.283791670955125,22145.05,46.6,-1.6,20.6,0.994,3.0,0.4,3.0,0.7,18.7,1.111,8,6,0,0,6
122.4,3,isocontour,11.283791670955125,22697.86,47.76,4.0,20.5,0.983,3.9,-0.4,3.9,0.7,18.7,1.111,8,6,0,0,6
122.4,4,isocontour,11.283791670955125,28162.87,59.27,17.0,12.4,0.976,-1.6,1.2,2.0,0.4,18.8,1.103,8,3,0,0,3
122.4,5,isocontour,11.283791670955125,26242.1,55.22,1.4,19.1,1.084,2.6,-0.8,2.7,0.7,18.7,1.111,8,7,0,0,7
122.4,6,isocontour,11.283791670955125,27705.64,58.3,0.3,19.2,1.081,3.0,-0.5,3.0,0.7,18.7,1.111,8,7,0,0,7
122.4,7,isocontour,11.283791670955125,25671.25,54.02,-17.5,11.2,0.988,1.7,-0.1,1.7,0.4,18.8,1.103,8,5,0,0,5
122.4,8,isocontour,11.283791670955125,28478.91,59.93,0.9,18.7,1.112,0.9,-0.0,0.9,0.9,18.7,1.111,8,7,0,0,7
122.4,9,isocontour,11.283791670955125,25996.59,54.71,20.4,3.7,0.993,-0.4,2.9,2.9,0.7,19.0,1.099,8,3,0,0,3
122.4,10,isocontour,11.283791670955125,26636.13,56.05,15.4,11.8,1.068,-2.5,1.7,3.0,0.4,18.8,1.103,8,3,0,0,3
122.4,11,isocontour,11.283791670955125,28700.46,60.4,-17.2,-9.9,1.041,-1.2,2.2,2.5,-5.6,-18.0,1.105,21,3,0,0,3
122.4,12,isocontour,11.283791670955125,25496.31,53.65,-13.9,-15.3,0.994,0.1,2.0,2.0,-5.6,-18.0,1.105,21,3,0,0,3
122.4,13,isocontour,11.283791670955125,24977.43,52.56,19.3,-7.6,0.992,0.4,-2.6,2.6,-5.3,-18.1,1.101,21,2,0,0,2
122.4,14,isocontour,11.283791670955125,26857.93,56.52,8.1,-17.9,1.051,2.3,0.8,2.4,-5.6,-18.0,1.105,21,2,0,0,2
122.4,15,isocontour,11.283791670955125,22026.96,46.35,-9.8,17.9,1.008,-2.4,-1.5,2.8,0.7,18.7,1.111,8,7,0,0,7
122.4,16,isocontour,11.283791670955125,41484.79,87.3,-20.2,4.8,0.989,-0.9,-2.7,2.8,-5.3,-18.1,1.101,21,4,0,0,4
122.4,17,isocontour,11.283791670955125,23642.68,49.75,0.8,19.8,1.042,0.8,-1.0,1.3,0.7,18.7,1.111,8,7,0,0,7
122.4,18,isocontour,11.283791670955125,28677.15,60.35,-12.2,16.7,0.996,2.9,-0.3,2.9,0.4,18.8,1.103,8,3,0,0,3
122.4,19,isocontour,11.283791670955125,24420.86,51.39,-20.3,-3.4,1.001,2.8,0.7,2.9,-5.3,-18.1,1.101,21,4,0,0,4
122.4,20,isocontour,11.283791670955125,26683.9,56.15,15.4,-14.1,0.982,1.7,1.1,2.0,-5.3,-18.1,1.101,21,2,0,0,2
122.4,21,isocontour,11.283791670955125,26918.51,56.65,-5.7,-18.0,1.097,-2.8,-0.3,2.8,-5.6,-18.0,1.105,21,2,0,0,2
122.4,22,isocontour,11.283791670955125,28679.31,60.35,-18.8,-8.6,0.994,0.8,-0.9,1.2,-5.6,-18.0,1.105,21,4,0,0,4
122.4,23,isocontour,11.283791670955125,28154.66,59.25,-20.9,2.0,0.978,1.4,-2.5,2.9,-5.3,-18.1,1.101,21,5,0,0,5
122.4,24,isocontour,11.283791670955125,27440.54,57.75,2.6,-20.7,0.985,1.4,0.4,1.5,-5.6,-18.0,1.105,21,2,0,0,2
122.4,25,isocontour,11.283791670955125,27222.56,57.29,-17.4,9.3,1.049,0.5,2.6,2.6,-5.3,-18.1,1.101,21,4,0,0,4
122.4,Target,,,,,0.0,0.0,4.023,0.0,0.0,,,,,,,,,
122.5,1,isocontour,11.283791670955125,23434.25,49.31,10.5,17.8,0.997,-2.5,1.7,3.0,0.9,18.7,1.112,8,7,0,0,7
122.5,2,isocontour,11.283791670955125,22141.56,46.59,-1.6,20.7,0.988,-0.6,1.2,1.3,0.9,18.7,1.112,8,6,0,0,6
122.5,3,isocontour,11.283791670955125,22678.56,47.72,4.2,20.4,0.985,2.3,-1.0,2.5,0.9,18.7,1.112,8,6,0,0,6
122.5,4,isocontour,11.283791670955125,28125.95,59.19,16.7,12.5,0.983,-2.7,1.5,3.1,0.7,18.7,1.111,8,3,0,0,3
122.5,5,isocontour,11.283791670955125,26241.49,55.22,1.5,19.1,1.086,0.7,-0.2,0.7,0.9,18.7,1.112,8,7,0,0,7
122.5,6,isocontour,11.283791670955125,27703.09,58.3,0.4,19.2,1.084,1.1,-0.5,1.2,0.9,18.7,1.112,8,7,0,0,7
122.5,7,isocontour,11.283791670955125,25653.53,53.98,-17.3,11.3,0.998,2.4,0.5,2.5,0.7,18.7,1.111,8,5,0,0,5
122.5,8,isocontour,11.283791670955125,28477.74,59.93,1.0,18.7,1.113,1.0,-0.1,1.0,1.0,18.7,1.112,8,7,0,0,7
122.5,9,isocontour,11.283791670955125,25995.74,54.7,20.3,3.7,0.996,-0.5,-0.7,0.9,0.4,18.8,1.103,8,2,0,0,2
122.5,10,isocontour,11.283791670955125,26599.56,55.98,15.2,12.0,1.069,-1.9,2.4,3.1,0.7,18.7,1.111,8,3,0,0,3
122.5,11,isocontour,11.283791670955125,28683.39,60.36,-17.3,-9.6,1.046,-0.2,2.4,2.4,-5.6,-18.0,1.105,21,3,0,0,3
122.5,12,isocontour,11.283791670955125,25477.47,53.61,-13.7,-15.4,0.998,2.2,-1.1,2.5,-5.6,-18.0,1.105,21,3,0,0,3
122.5,13,isocontour,11.283791670955125,24975.72,52.56,19.4,-7.6,0.988,0.9,0.7,1.1,-5.3,-18.1,1.101,21,1,0,0,1
122.5,14,isocontour,11.283791670955125,26844.07,56.49,8.4,-17.9,1.05,2.0,0.9,2.2,-5.6,-18.0,1.105,21,2,0,0,2
122.5,15,isocontour,11.283791670955125,22026.43,46.35,-9.8,17.9,1.011,0.6,-0.4,0.7,0.9,18.7,1.112,8,6,0,0,6
122.5,16,isocontour,11.283791670955125,41477.13,87.28,-20.4,4.8,0.981,-1.8,-0.2,1.8,0.4,18.8,1.103,8,4,0,0,4
122.5,17,isocontour,11.283791670955125,23615.51,49.7,1.1,19.8,1.046,2.7,-0.6,2.8,0.9,18.7,1.112,8,7,0,0,7
122.5,18,isocontour,11.283791670955125,28676.33,60.35,-12.2,16.7,0.997,-0.7,-0.4,0.8,0.7,18.7,1.111,8,4,0,0,4
122.5,19,isocontour,11.283791670955125,24420.23,51.39,-20.3,-3.3,1.001,-0.4,0.7,0.8,-5.6,-18.0,1.105,21,4,0,0,4
122.5,20,isocontour,11.283791670955125,26678.59,56.14,15.4,-14.0,0.988,-0.4,1.5,1.6,-5.6,-18.0,1.105,21,2,0,0,2
122.5,21,isocontour,11.283791670955125,26917.38,56.64,-5.8,-18.0,1.098,-0.7,0.6,0.9,-5.6,-18.0,1.105,21,2,0,0,2
122.5,22,isocontour,11.283791670955125,28632.68,60.25,-19.1,-8.6,0.982,-3.3,0.5,3.3,-5.6,-18.0,1.105,21,4,0,0,4
122.5,23,isocontour,11.283791670955125,28123.18,59.18,-20.8,1.7,0.983,0.6,-2.8,2.9,-5.6,-18.0,1.105,21,5,0,0,5
122.5,24,isocontour,11.283791670955125,27410.34,57.68,2.7,-20.4,0.998,0.4,2.8,2.8,-5.6,-18.0,1.105,21,2,0,0,2
122.5,25,isocontour,11.283791670955125,27206.95,57.25,-17.2,9.4,1.055,2.0,1.1,2.3,0.4,18.8,1.103,8,4,0,0,4
122.5,Target,,,,,0.0,0.0,4.023,0.0,0.0,,,,,,,,,
122.6,1,isocontour,11.283791670955125,23407.08,49.26,10.3,18.0,0.991,-1.4,2.4,2.8,1.0,18.7,1.113,8,7,0,0,7
122.6,2,isocontour,11.283791670955125,22128.25,46.57,-1.8,20.7,0.987,-2.2,-0.3,2.2,1.0,18.7,1.113,8,6,0,0,6
122.6,3,isocontour,11.283791670955125,22659.25,47.68,4.5,20.3,0.988,2.3,-1.0,2.5,1.0,18.7,1.113,8,6,0,0,6
122.6,4,isocontour,11.283791670955125,28091.14,59.11,16.4,12.4,0.998,-2.7,-1.2,3.0,0.9,18.7,1.112,8,3,0,0,3
122.6,5,isocontour,11.283791670955125,26225.06,55.19,1.7,19.0,1.091,2.0,-1.1,2.3,1.0,18.7,1.113,8,6,0,0,6
122.6,6,isocontour,11.283791670955125,27700.82,58.29,0.5,19.1,1.086,1.2,-0.4,1.3,1.0,18.7,1.113,8,7,0,0,7
122.6,7,isocontour,11.283791670955125,25629.45,53.93,-17.3,11.1,1.0,-1.3,-2.3,2.6,0.9,18.7,1.112,8,5,0,0,5
122.6,8,isocontour,11.283791670955125,28476.38,59.93,1.1,18.7,1.111,1.0,0.2,1.0,1.1,18.7,1.113,8,7,0,0,7
122.6,9,isocontour,11.283791670955125,25995.13,54.7,20.3,3.7,0.998,-0.2,-0.7,0.7,0.7,18.7,1.111,8,2,0,0,2
122.6,10,isocontour,11.283791670955125,26597.13,55.97,15.1,12.0,1.075,-1.0,-0.7,1.2,0.9,18.7,1.112,8,3,0,0,3
122.6,11,isocontour,11.283791670955125,28681.86,60.36,-17.3,-9.6,1.045,-0.8,0.7,1.1,-5.6,-18.0,1.105,21,3,0,0,3
122.6,12,isocontour,11.283791670955125,25476.47,53.61,-13.7,-15.4,0.997,-0.9,0.2,0.9,-5.6,-18.0,1.105,21,3,0,0,3
122.6,13,isocontour,11.283791670955125,24950.83,52.51,19.4,-7.3,0.989,0.8,2.6,2.7,-5.6,-18.0,1.105,21,1,0,0,1
122.6,14,isocontour,11.283791670955125,26822.33,56.44,8.2,-18.0,1.046,-1.9,-1.7,2.5,-5.6,-18.0,1.105,21,2,0,0,2
122.6,15,isocontour,11.283791670955125,22022.14,46.34,-9.7,17.8,1.016,1.5,-0.2,1.5,1.0,18.7,1.113,8,7,0,0,7
122.6,16,isocontour,11.283791670955125,41474.46,87.28,-20.3,4.7,0.985,1.1,-0.7,1.3,0.7,18.7,1.111,8,4,0,0,4
122.6,17,isocontour,11.283791670955125,23586.24,49.63,1.3,19.7,1.049,2.7,-0.8,2.8,1.0,18.7,1.113,8,7,0,0,7
122.6,18,isocontour,11.283791670955125,28669.17,60.33,-12.3,16.7,0.989,-1.3,1.2,1.8,0.9,18.7,1.112,8,3,0,0,3
122.6,19,isocontour,11.283791670955125,24414.72,51.38,-20.4,-3.3,0.994,-1.6,0.3,1.6,-5.6,-18.0,1.105,21,4,0,0,4
122.6,20,isocontour,11.283791670955125,26674.55,56.13,15.3,-14.0,0.994,-1.4,-0.2,1.4,-5.6,-18.0,1.105,21,2,0,0,2
122.6,21,isocontour,11.283791670955125,26915.72,56.64,-5.8,-18.0,1.1,1.1,0.1,1.1,-5.6,-18.0,1.105,21,2,0,0,2
122.6,22,isocontour,11.283791670955125,28631.86,60.25,-19.2,-8.6,0.976,-0.7,-0.5,0.9,-5.6,-18.0,1.105,21,4,0,0,4
122.6,23,isocontour,11.283791670955125,28103.88,59.14,-20.6,1.8,0.994,2.2,1.1,2.5,0.7,18.7,1.111,8,5,0,0,5
122.6,24,isocontour,11.283791670955125,27407.96,57.68,2.6,-20.4,1.002,-1.2,0.2,1.2,-5.6,-18.0,1.105,21,2,0,0,2
122.6,25,isocontour,11.283791670955125,27204.57,57.25,-17.2,9.5,1.057,0.7,1.0,1.2,0.7,18.7,1.111,8,4,0,0,4
122.6,Target,,,,,0.0,0.0,4.023,0.0,0.0,,,,,,,,,
122.7,1,isocontour,11.283791670955125,23256.99,48.94,10.0,18.3,0.985,-3.7,3.3,5.0,1.0,18.7,1.113,8,7,0,0,7
122.7,2,isocontour,11.283791670955125,22124.2,46.56,-1.8,20.6,0.994,-0.3,-1.4,1.4,1.0,18.7,1.113,8,7,0,0,7
122.7,3,isocontour,11.283791670955125,22655.68,47.68,4.5,20.2,0.994,0.4,-1.3,1.4,1.0,18.7,1.113,8,6,0,0,6
122.7,4,isocontour,11.283791670955125,28075.93,59.08,16.4,12.6,0.993,0.2,2.3,2.3,1.0,18.7,1.113,8,3,0,0,3
122.7,5,isocontour,11.283791670955125,26224.61,55.19,1.8,19.0,1.091,0.7,0.2,0.7,1.0,18.7,1.113,8,6,0,0,6
122.7,6,isocontour,11.283791670955125,27698.78,58.29,0.7,19.1,1.086,1.2,-0.1,1.2,1.0,18.7,1.113,8,7,0,0,7
122.7,7,isocontour,11.283791670955125,25592.17,53.86,-17.5,11.3,0.986,-1.9,2.4,3.1,1.0,18.7,1.113,8,5,0,0,5
122.7,8,isocontour,11.283791670955125,28455.64,59.88,1.3,18.7,1.108,2.5,0.5,2.5,1.0,18.7,1.113,8,7,0,0,7
122.7,9,isocontour,11.283791670955125,25994.0,54.7,20.4,3.6,0.995,0.7,-0.6,0.9,0.9,18.7,1.112,8,3,0,0,3
122.7,10,isocontour,11.283791670955125,26594.98,55.97,15.2,11.9,1.073,1.1,-0.4,1.2,1.0,18.7,1.113,8,3,0,0,3
122.7,11,isocontour,11.283791670955125,28655.27,60.3,-17.3,-9.8,1.042,1.0,-2.6,2.8,-5.6,-18.0,1.105,21,3,0,0,3
122.7,12,isocontour,11.283791670955125,25459.83,53.58,-13.9,-15.4,0.99,-2.3,0.2,2.3,-5.6,-18.0,1.105,21,3,0,0,3
122.7,13,isocontour,11.283791670955125,24923.95,52.45,19.4,-7.1,0.998,-1.1,2.6,2.8,0.7,18.7,1.111,8,2,0,0,2
122.7,14,isocontour,11.283791670955125,26814.17,56.43,8.1,-18.1,1.042,-1.3,-1.3,1.8,-5.6,-18.0,1.105,21,2,0,0,2
122.7,15,isocontour,11.283791670955125,22010.23,46.32,-9.7,17.7,1.024,-0.6,-2.0,2.1,1.0,18.7,1.113,8,7,0,0,7
122.7,16,isocontour,11.283791670955125,41439.65,87.2,-20.2,5.0,0.988,1.0,2.8,3.0,0.9,18.7,1.112,8,4,0,0,4
122.7,17,isocontour,11.283791670955125,23582.82,49.63,1.4,19.6,1.056,0.6,-1.2,1.3,1.0,18.7,1.113,8,7,0,0,7
122.7,18,isocontour,11.283791670955125,28631.89,60.25,-12.5,16.6,0.989,-2.3,-2.1,3.1,1.0,18.7,1.113,8,4,0,0,4
122.7,19,isocontour,11.283791670955125,24407.07,51.36,-20.6,-3.4,0.986,-1.2,-1.4,1.8,0.7,18.7,1.111,8,4,0,0,4
122.7,20,isocontour,11.283791670955125,26673.02,56.13,15.2,-13.9,1.0,-0.8,0.7,1.1,-5.6,-18.0,1.105,21,2,0,0,2
122.7,21,isocontour,11.283791670955125,26914.2,56.64,-5.7,-18.0,1.101,1.0,-0.3,1.0,-5.6,-18.0,1.105,21,2,0,0,2
122.7,22,isocontour,11.283791670955125,28629.31,60.25,-19.1,-8.6,0.981,1.1,0.6,1.3,0.7,18.7,1.111,8,4,0,0,4
122.7,23,isocontour,11.283791670955125,28102.35,59.14,-20.7,1.8,0.991,-1.0,-0.3,1.0,0.9,18.7,1.112,8,5,0,0,5
122.7,24,isocontour,11.283791670955125,27404.0,57.67,2.5,-20.5,0.999,-1.1,-0.9,1.4,-5.6,-18.0,1.105,21,2,0,0,2
122.7,25,isocontour,11.283791670955125,27181.56,57.2,-17.1,9.7,1.054,0.6,2.5,2.6,1.0,18.7,1.113,8,5,0,0,5
122.7,Target,,,,,0.0,0.0,4.023,0.0,0.0,,,,,,,,,
122.8,1,isocontour,11.283791670955125,23256.9,48.94,9.9,18.3,0.985,0.1,-0.4,0.4,1.0,18.7,1.113,8,7,0,0,7
122.8,2,isocontour,11.283791670955125,22101.97,46.51,-2.0,20.6,0.994,-2.6,-0.0,2.6,1.0,18.7,1.113,8,6,0,0,6
122.8,3,isocontour,11.283791670955125,22633.95,47.63,4.8,20.2,0.993,2.6,-0.1,2.6,1.0,18.7,1.113,8,6,0,0,6
122.8,4,isocontour,11.283791670955125,28051.85,59.03,16.5,12.8,0.98,1.4,2.2,2.6,1.0,18.7,1.113,8,3,0,0,3
122.8,5,isocontour,11.283791670955125,26137.04,55.0,2.1,19.1,1.078,3.5,2.1,4.1,1.0,18.7,1.113,8,6,0,0,6
122.8,6,isocontour,11.283791670955125,27670.12,58.23,0.9,19.2,1.081,2.7,0.9,2.8,1.0,18.7,1.113,8,7,0,0,7
122.8,7,isocontour,11.283791670955125,25589.91,53.85,-17.7,11.3,0.98,-1.2,-0.3,1.2,1.0,18.7,1.113,8,5,0,0,5
122.8,8,isocontour,11.283791670955125,28449.18,59.87,1.3,18.9,1.099,-0.6,1.6,1.7,1.0,18.7,1.113,8,7,0,0,7
122.8,9,isocontour,11.283791670955125,25976.5,54.66,20.5,3.7,0.986,1.6,1.8,2.4,1.0,18.7,1.113,8,3,0,0,3
122.8,10,isocontour,11.283791670955125,26576.36,55.93,15.4,11.8,1.07,1.8,-1.6,2.4,1.0,18.7,1.113,8,3,0,0,3
122.8,11,isocontour,11.283791670955125,28628.4,60.24,-17.2,-10.0,1.037,0.4,-2.7,2.7,0.7,18.7,1.111,8,3,0,0,3
122.8,12,isocontour,11.283791670955125,25449.22,53.55,-13.8,-15.3,0.998,1.6,1.3,2.1,0.7,18.7,1.111,8,3,0,0,3
122.8,13,isocontour,11.283791670955125,24911.7,52.42,19.5,-7.1,0.989,1.9,-1.0,2.1,0.9,18.7,1.112,8,2,0,0,2
122.8,14,isocontour,11.283791670955125,26795.55,56.39,8.3,-18.1,1.041,2.3,0.8,2.4,-5.6,-18.0,1.105,21,2,0,0,2
122.8,15,isocontour,11.283791670955125,22002.19,46.3,-9.6,17.6,1.033,1.6,-1.0,1.9,1.0,18.7,1.113,8,7,0,0,7
122.8,16,isocontour,11.283791670955125,41438.83,87.2,-20.2,4.9,0.991,0.4,-0.8,0.9,1.0,18.7,1.113,8,4,0,0,4
122.8,17,isocontour,11.283791670955125,23581.02,49.62,1.4,19.6,1.051,0.1,1.1,1.1,1.0,18.7,1.113,8,7,0,0,7
122.8,18,isocontour,11.283791670955125,28626.78,60.24,-12.5,16.5,0.996,1.3,-0.9,1.6,1.0,18.7,1.113,8,3,0,0,3
122.8,19,isocontour,11.283791670955125,24378.41,51.3,-20.7,-3.2,0.981,-1.3,2.5,2.8,0.9,18.7,1.112,8,4,0,0,4
122.8,20,isocontour,11.283791670955125,26624.69,56.03,15.3,-14.2,0.987,1.0,-3.2,3.4,0.7,18.7,1.111,8,2,0,0,2
122.8,21,isocontour,11.283791670955125,26878.34,56.56,-5.4,-18.1,1.103,3.0,-0.6,3.1,-5.6,-18.0,1.105,21,2,0,0,2
122.8,22,isocontour,11.283791670955125,28603.0,60.19,-19.0,-8.3,0.988,0.3,2.7,2.7,0.9,18.7,1.112,8,4,0,0,4
122.8,23,isocontour,11.283791670955125,28067.2,59.06,-20.7,2.0,0.989,0.0,3.0,3.0,1.0,18.7,1.113,8,5,0,0,5
122.8,24,isocontour,11.283791670955125,27401.2,57.66,2.4,-20.5,0.995,-1.1,-0.7,1.3,-5.6,-18.0,1.105,21,2,0,0,2
122.8,25,isocontour,11.283791670955125,27176.15,57.19,-17.0,9.7,1.061,1.1,-1.2,1.6,1.0,18.7,1.113,8,5,0,0,5
122.8,Target,,,,,0.0,0.0,4.023,0.0,0.0,,,,,,,,,
122.9,1,isocontour,11.283791670955125,23227.01,48.88,9.7,18.4,0.986,-2.6,1.2,2.9,1.0,18.7,1.113,8,7,0,0,7
122.9,2,isocontour,11.283791670955125,22089.37,46.48,-2.0,20.8,0.985,0.7,2.0,2.1,1.0,18.7,1.113,8,7,0,0,7
122.9,3,isocontour,11.283791670955125,22613.21,47.59,5.0,20.2,0.988,2.5,0.6,2.6,1.0,18.7,1.113,8,6,0,0,6
122.9,4,isocontour,11.283791670955125,28049.7,59.03,16.7,12.9,0.974,1.1,-0.3,1.1,1.0,18.7,1.113,8,3,0,0,3
122.9,5,isocontour,11.283791670955125,26123.73,54.97,2.1,19.4,1.064,0.1,2.2,2.2,1.0,18.7,1.113,8,6,0,0,6
122.9,6,isocontour,11.283791670955125,27656.44,58.2,1.0,19.4,1.07,1.0,1.9,2.1,1.0,18.7,1.113,8,7,0,0,7
122.9,7,isocontour,11.283791670955125,25564.74,53.8,-17.5,11.2,0.992,2.5,-1.0,2.7,1.0,18.7,1.113,8,5,0,0,5
122.9,8,isocontour,11.283791670955125,28410.8,59.79,1.5,18.9,1.094,3.1,0.3,3.1,1.0,18.7,1.113,8,7,0,0,7
122.9,9,isocontour,11.283791670955125,25973.88,54.66,20.4,3.7,0.989,-1.0,-0.8,1.3,1.0,18.7,1.113,8,3,0,0,3
122.9,10,isocontour,11.283791670955125,26554.12,55.88,15.5,11.6,1.073,1.1,-2.4,2.6,1.0,18.7,1.113,8,3,0,0,3
122.9,11,isocontour,11.283791670955125,28627.08,60.24,-17.2,-10.1,1.038,0.7,-0.7,1.0,0.9,18.7,1.112,8,3,0,0,3
122.9,12,isocontour,11.283791670955125,25448.69,53.55,-13.9,-15.3,0.996,-0.5,-0.5,0.7,0.9,18.7,1.112,8,3,0,0,3
122.9,13,isocontour,11.283791670955125,24887.35,52.37,19.6,-6.9,0.989,0.6,2.6,2.7,1.0,18.7,1.113,8,2,0,0,2
122.9,14,isocontour,11.283791670955125,26791.67,56.38,8.2,-18.1,1.039,-1.1,-0.9,1.4,0.7,18.7,1.111,8,2,0,0,2
122.9,15,isocontour,11.283791670955125,21996.27,46.29,-9.5,17.4,1.043,1.1,-1.3,1.7,1.0,18.7,1.113,8,7,0,0,7
122.9,16,isocontour,11.283791670955125,41436.99,87.2,-20.1,5.0,0.99,0.1,1.1,1.1,1.0,18.7,1.113,8,4,0,0,4
122.9,17,isocontour,11.283791670955125,23579.81,49.62,1.5,19.7,1.046,0.6,0.8,1.0,1.0,18.7,1.113,8,7,0,0,7
122.9,18,isocontour,11.283791670955125,28607.47,60.2,-12.6,16.3,0.999,-1.8,-1.7,2.5,1.0,18.7,1.113,8,4,0,0,4
122.9,19,isocontour,11.283791670955125,24376.84,51.3,-20.7,-3.1,0.982,0.4,1.0,1.1,1.0,18.7,1.113,8,4,0,0,4
122.9,20,isocontour,11.283791670955125,26601.15,55.98,15.5,-14.2,0.975,2.6,0.0,2.6,0.9,18.7,1.112,8,2,0,0,2
122.9,21,isocontour,11.283791670955125,26877.41,56.56,-5.4,-18.0,1.104,-0.8,0.4,0.9,0.7,18.7,1.111,8,2,0,0,2
122.9,22,isocontour,11.283791670955125,28594.3,60.17,-18.9,-8.3,0.997,1.9,-0.4,1.9,1.0,18.7,1.113,8,4,0,0,4
122.9,23,isocontour,11.283791670955125,28032.73,58.99,-20.7,2.3,0.989,0.4,3.0,3.0,1.0,18.7,1.113,8,5,0,0,5
122.9,24,isocontour,11.283791670955125,27389.79,57.64,2.4,-20.7,0.985,0.7,-1.9,2.0,-5.6,-18.0,1.105,21,2,0,0,2
122.9,25,isocontour,11.283791670955125,27168.11,57.17,-16.8,9.7,1.068,1.7,0.7,1.8,1.0,18.7,1.113,8,5,0,0,5
122.9,Target,,,,,0.0,0.0,4.023,0.0,0.0,,,,,,,,,
123.0,1,isocontour,11.283791670955125,23188.64,48.8,9.4,18.5,0.991,-3.1,0.4,3.1,1.0,18.7,1.113,8,7,0,0,7
123.0,2,isocontour,11.283791670955125,22089.1,46.48,-2.1,20.8,0.983,-0.6,0.0,0.6,1.0,18.7,1.113,8,6,0,0,6
123.0,3,isocontour,11.283791670955125,22612.85,47.59,5.1,20.2,0.987,0.6,-0.2,0.6,1.0,18.7,1.113,8,6,0,0,6
123.0,4,isocontour,11.283791670955125,28048.18,59.02,16.6,12.8,0.978,-0.4,-1.0,1.1,1.0,18.7,1.113,8,3,0,0,3
123.0,5,isocontour,11.283791670955125,26109.49,54.94,2.3,19.5,1.056,1.9,1.1,2.2,1.0,18.7,1.113,8,6,0,0,6
123.0,6,isocontour,11.283791670955125,27655.16,58.2,1.1,19.4,1.068,1.0,-0.1,1.0,1.0,18.7,1.113,8,7,0,0,7
123.0,7,isocontour,11.283791670955125,25563.26,53.79,-17.5,11.1,0.992,-0.9,-0.5,1.0,1.0,18.7,1.113,8,5,0,0,5
123.0,8,isocontour,11.283791670955125,28387.26,59.74,1.8,19.0,1.089,2.5,0.8,2.6,1.0,18.7,1.113,8,7,0,0,7
123.0,9,isocontour,11.283791670955125,25941.1,54.59,20.3,3.9,0.993,-1.1,2.7,2.9,1.0,18.7,1.113,8,3,0,0,3
123.0,10,isocontour,11.283791670955125,26551.97,55.88,15.6,11.5,1.072,0.8,-0.8,1.1,1.0,18.7,1.113,8,3,0,0,3
123.0,11,isocontour,11.283791670955125,28619.79,60.23,-17.2,-10.3,1.031,-0.5,-1.7,1.8,1.0,18.7,1.113,8,3,0,0,3
123.0,12,isocontour,11.283791670955125,25377.8,53.4,-13.7,-15.6,0.988,1.5,-3.5,3.8,1.0,18.7,1.113,8,3,0,0,3
123.0,13,isocontour,11.283791670955125,24884.8,52.37,19.6,-6.8,0.99,0.3,1.2,1.2,1.0,18.7,1.113,8,2,0,0,2
123.0,14,isocontour,11.283791670955125,26788.17,56.37,8.1,-18.2,1.038,-1.2,-0.7,1.4,0.9,18.7,1.112,8,2,0,0,2
123.0,15,isocontour,11.283791670955125,21990.76,46.28,-9.5,17.3,1.048,-0.8,-1.4,1.6,1.0,18.7,1.113,8,7,0,0,7
123.0,16,isocontour,11.283791670955125,41400.42,87.12,-20.4,4.9,0.981,-2.4,-1.9,3.1,1.0,18.7,1.113,8,4,0,0,4
123.0,17,isocontour,11.283791670955125,23560.51,49.58,1.7,19.8,1.043,2.5,0.2,2.5,1.0,18.7,1.113,8,7,0,0,7
123.0,18,isocontour,11.283791670955125,28487.93,59.95,-12.4,16.6,0.992,2.6,3.7,4.5,1.0,18.7,1.113,8,3,0,0,3
123.0,19,isocontour,11.283791670955125,24361.03,51.26,-20.6,-3.2,0.987,1.2,-2.0,2.3,1.0,18.7,1.113,8,4,0,0,4
123.0,20,isocontour,11.283791670955125,26578.91,55.93,15.7,-14.0,0.976,1.3,2.2,2.6,1.0,18.7,1.113,8,2,0,0,2
123.0,21,isocontour,11.283791670955125,26876.05,56.56,-5.5,-18.0,1.107,-0.7,0.7,1.0,0.9,18.7,1.112,8,2,0,0,2
123.0,22,isocontour,11.283791670955125,28566.24,60.11,-19.0,-8.1,0.997,-1.2,2.5,2.8,1.0,18.7,1.113,8,4,0,0,4
123.0,23,isocontour,11.283791670955125,28030.98,58.99,-20.6,2.3,0.994,1.0,-0.5,1.1,1.0,18.7,1.113,8,5,0,0,5
123.0,24,isocontour,11.283791670955125,27389.53,57.64,2.5,-20.8,0.981,0.3,-0.5,0.6,0.7,18.7,1.111,8,2,0,0,2
123.0,25,isocontour,11.283791670955125,27136.96,57.11,-16.7,9.9,1.07,1.7,2.3,2.9,1.0,18.7,1.113,8,5,0,0,5
123.0,Target,,,,,0.0,0.0,4.023,0.0,0.0,,,,,,,,,
123.1,1,isocontour,11.283791670955125,23188.25,48.8,9.4,18.5,0.991,0.7,-0.0,0.7,1.0,18.7,1.113,8,7,0,0,7
123.1,2,isocontour,11.283791670955125,22083.49,46.47,-2.1,20.7,0.99,-0.1,-1.6,1.6,1.0,18.7,1.113,8,7,0,0,7
123.1,3,isocontour,11.283791670955125,22590.1,47.54,5.3,20.0,0.992,2.0,-1.6,2.6,1.0,18.7,1.113,8,6,0,0,6
123.1,4,isocontour,11.283791670955125,28022.72,58.97,16.5,12.6,0.992,-2.0,-1.9,2.8,1.0,18.7,1.113,8,3,0,0,3
123.1,5,isocontour,11.283791670955125,26087.0,54.9,2.6,19.5,1.054,2.6,-0.2,2.6,1.0,18.7,1.113,8,6,0,0,6
123.1,6,isocontour,11.283791670955125,27642.39,58.17,1.3,19.3,1.073,1.8,-1.1,2.1,1.0,18.7,1.113,8,7,0,0,7
123.1,7,isocontour,11.283791670955125,25545.97,53.76,-17.7,11.2,0.98,-2.1,1.2,2.4,1.0,18.7,1.113,8,5,0,0,5
123.1,8,isocontour,11.283791670955125,28366.52,59.69,2.0,19.0,1.086,2.5,0.2,2.5,1.0,18.7,1.113,8,6,0,0,6
123.1,9,isocontour,11.283791670955125,25940.54,54.59,20.3,3.9,0.995,-0.1,-0.7,0.7,1.0,18.7,1.113,8,3,0,0,3
123.1,10,isocontour,11.283791670955125,26549.98,55.87,15.6,11.4,1.073,0.5,-1.0,1.1,1.0,18.7,1.113,8,3,0,0,3
123.1,11,isocontour,11.283791670955125,28617.69,60.22,-17.3,-10.3,1.028,-1.0,0.7,1.2,1.0,18.7,1.113,8,3,0,0,3
123.1,12,isocontour,11.283791670955125,25377.19,53.4,-13.7,-15.7,0.983,-0.2,-0.7,0.7,1.0,18.7,1.113,8,3,0,0,3
123.1,13,isocontour,11.283791670955125,24882.59,52.36,19.6,-6.7,0.992,-0.0,1.2,1.2,1.0,18.7,1.113,8,2,0,0,2
123.1,14,isocontour,11.283791670955125,26786.73,56.37,8.1,-18.1,1.041,0.3,1.0,1.0,1.0,18.7,1.113,8,2,0,0,2
123.1,15,isocontour,11.283791670955125,21982.73,46.26,-9.6,17.1,1.055,-0.7,-1.7,1.8,1.0,18.7,1.113,8,5,0,0,5
123.1,16,isocontour,11.283791670955125,41398.53,87.12,-20.4,4.7,0.981,0.0,-1.1,1.1,1.0,18.7,1.113,8,4,0,0,4
123.1,17,isocontour,11.283791670955125,23533.92,49.52,2.0,19.7,1.043,2.7,-0.3,2.7,1.0,18.7,1.113,8,6,0,0,6
123.1,18,isocontour,11.283791670955125,28445.37,59.86,-12.2,16.9,0.988,2.2,2.4,3.3,1.0,18.7,1.113,8,4,0,0,4
123.1,19,isocontour,11.283791670955125,24330.2,51.2,-20.4,-3.5,0.994,1.9,-2.2,2.9,1.0,18.7,1.113,8,4,0,0,4
123.1,20,isocontour,11.283791670955125,26577.47,55.93,15.7,-13.9,0.979,0.1,1.0,1.0,1.0,18.7,1.113,8,2,0,0,2
123.1,21,isocontour,11.283791670955125,26850.88,56.5,-5.7,-17.9,1.104,-2.7,0.3,2.7,1.0,18.7,1.113,8,2,0,0,2
123.1,22,isocontour,11.283791670955125,28493.67,59.96,-19.1,-8.4,0.985,-1.3,-3.6,3.8,1.0,18.7,1.113,8,4,0,0,4
123.1,23,isocontour,11.283791670955125,28025.97,58.98,-20.7,2.3,0.987,-1.6,-0.1,1.6,1.0,18.7,1.113,8,5,0,0,5
123.1,24,isocontour,11.283791670955125,27381.63,57.62,2.5,-20.6,0.989,0.1,1.8,1.8,0.9,18.7,1.112,8,2,0,0,2
123.1,25,isocontour,11.283791670955125,27110.37,57.05,-16.8,9.7,1.07,-1.4,-2.4,2.8,1.0,18.7,1.113,8,5,0,0,5
123.1,Target,,,,,0.0,0.0,4.023,0.0,0.0,,,,,,,,,
123.2,1,isocontour,11.283791670955125,23186.26,48.79,9.4,18.6,0.987,-0.4,1.1,1.2,1.0,18.7,1.113,8,7,0,0,7
123.2,2,isocontour,11.283791670955125,22083.05,46.47,-2.1,20.6,0.991,-0.7,0.0,0.7,1.0,18.7,1.113,8,7,0,0,7
123.2,3,isocontour,11.283791670955125,22556.65,47.47,5.1,20.1,0.995,-3.0,0.4,3.0,1.0,18.7,1.113,8,6,0,0,6
123.2,4,isocontour,11.283791670955125,28010.3,58.94,16.6,12.6,0.984,2.0,0.7,2.1,1.0,18.7,1.113,8,3,0,0,3
123.2,5,isocontour,11.283791670955125,26084.26,54.89,2.7,19.4,1.056,1.1,-0.7,1.3,1.0,18.7,1.113,8,6,0,0,6
123.2,6,isocontour,11.283791670955125,27641.29,58.17,1.4,19.3,1.074,0.9,-0.0,0.9,1.0,18.7,1.113,8,7,0,0,7
123.2,7,isocontour,11.283791670955125,25532.48,53.73,-17.8,11.1,0.982,-0.4,-2.2,2.2,1.0,18.7,1.113,8,5,0,0,5
123.2,8,isocontour,11.283791670955125,28365.73,59.69,2.2,19.0,1.086,0.8,-0.1,0.8,1.0,18.7,1.113,8,6,0,0,6
123.2,9,isocontour,11.283791670955125,25933.73,54.57,20.5,3.9,0.987,1.7,-0.0,1.7,1.0,18.7,1.113,8,3,0,0,3
123.2,10,isocontour,11.283791670955125,26527.48,55.82,15.7,11.1,1.078,0.7,-2.5,2.6,1.0,18.7,1.113,8,3,0,0,3
123.2,11,isocontour,11.283791670955125,28616.13,60.22,-17.4,-10.2,1.027,-0.7,0.8,1.1,1.0,18.7,1.113,8,3,0,0,3
123.2,12,isocontour,11.283791670955125,25348.23,53.34,-13.9,-15.5,0.986,-1.5,2.4,2.8,1.0,18.7,1.113,8,3,0,0,3
123.2,13,isocontour,11.283791670955125,24863.05,52.32,19.6,-6.9,0.992,-0.9,-2.3,2.5,1.0,18.7,1.113,8,2,0,0,2
123.2,14,isocontour,11.283791670955125,26754.94,56.3,7.8,-18.1,1.047,-2.9,-0.1,2.9,1.0,18.7,1.113,8,2,0,0,2
123.2,15,isocontour,11.283791670955125,21956.71,46.21,-9.4,17.2,1.055,2.2,1.6,2.7,1.0,18.7,1.113,8,5,0,0,5
123.2,16,isocontour,11.283791670955125,41374.18,87.07,-20.4,4.5,0.986,0.4,-2.6,2.6,1.0,18.7,1.113,8,4,0,0,4
123.2,17,isocontour,11.283791670955125,23533.01,49.52,2.1,19.7,1.044,0.8,-0.3,0.9,1.0,18.7,1.113,8,6,0,0,6
123.2,18,isocontour,11.283791670955125,28441.72,59.85,-12.2,17.0,0.981,-0.7,1.2,1.4,1.0,18.7,1.113,8,4,0,0,4
123.2,19,isocontour,11.283791670955125,24328.95,51.2,-20.4,-3.4,0.997,0.0,1.0,1.0,1.0,18.7,1.113,8,4,0,0,4
123.2,20,isocontour,11.283791670955125,26549.71,55.87,15.7,-13.6,0.987,0.2,2.8,2.8,1.0,18.7,1.113,8,2,0,0,2
123.2,21,isocontour,11.283791670955125,26824.86,56.45,-5.5,-18.0,1.106,2.7,-0.5,2.7,1.0,18.7,1.113,8,2,0,0,2
123.2,22,isocontour,11.283791670955125,28482.43,59.94,-19.3,-8.4,0.974,-2.1,0.1,2.1,1.0,18.7,1.113,8,4,0,0,4
123.2,23,isocontour,11.283791670955125,28020.76,58.97,-20.8,2.2,0.979,-1.5,-0.4,1.6,1.0,18.7,1.113,8,5,0,0,5
123.2,24,isocontour,11.283791670955125,27363.01,57.58,2.6,-20.5,0.997,1.9,1.6,2.5,1.0,18.7,1.113,8,2,0,0,2
123.2,25,isocontour,11.283791670955125,27093.94,57.02,-16.8,9.5,1.072,-0.8,-2.2,2.3,1.0,18.7,1.113,8,5,0,0,5
123.2,Target,,,,,0.0,0.0,4.023,0.0,0.0,,,,,,,,,
123.3,1,isocontour,11.283791670955125,23184.77,48.79,9.4,18.7,0.982,-0.2,1.0,1.0,1.0,18.7,1.113,8,7,0,0,7
123.3,2,isocontour,11.283791670955125,22062.31,46.43,-2.4,20.7,0.987,-2.5,0.6,2.6,1.0,18.7,1.113,8,7,0,0,7
123.3,3,isocontour,11.283791670955125,22535.92,47.42,5.2,20.1,0.99,2.5,0.4,2.5,1.0,18.7,1.113,8,6,0,0,6
123.3,4,isocontour,11.283791670955125,28005.19,58.93,16.5,12.6,0.988,-1.6,0.1,1.6,1.0,18.7,1.113,8,3,0,0,3
123.3,5,isocontour,11.283791670955125,26063.03,54.85,2.9,19.5,1.049,2.3,1.1,2.5,1.0,18.7,1.113,8,6,0,0,6
123.3,6,isocontour,11.283791670955125,27614.7,58.11,1.6,19.3,1.071,2.7,0.3,2.7,1.0,18.7,1.113,8,7,0,0,7
123.3,7,isocontour,11.283791670955125,25514.31,53.69,-17.8,10.8,0.985,-0.7,-2.3,2.4,1.0,18.7,1.113,8,5,0,0,5
123.3,8,isocontour,11.283791670955125,28345.0,59.65,2.4,19.1,1.078,2.3,1.1,2.5,1.0,18.7,1.113,8,6,0,0,6
123.3,9,isocontour,11.283791670955125,25932.99,54.57,20.5,3.8,0.988,-0.4,-0.7,0.8,1.0,18.7,1.113,8,3,0,0,3
123.3,10,isocontour,11.283791670955125,26501.47,55.77,15.6,11.3,1.081,-2.0,1.9,2.8,1.0,18.7,1.113,8,3,0,0,3
123.3,11,isocontour,11.283791670955125,28608.09,60.2,-17.5,-10.1,1.024,-1.4,1.2,1.8,1.0,18.7,1.113,8,3,0,0,3
123.3,12,isocontour,11.283791670955125,25317.4,53.28,-13.9,-15.3,0.996,-0.2,2.9,2.9,1.0,18.7,1.113,8,3,0,0,3
123.3,13,isocontour,11.283791670955125,24859.56,52.31,19.6,-6.8,0.989,1.1,0.8,1.4,1.0,18.7,1.113,8,2,0,0,2
123.3,14,isocontour,11.283791670955125,26743.03,56.28,7.7,-18.3,1.045,-1.5,-1.4,2.1,1.0,18.7,1.113,8,2,0,0,2
123.3,15,isocontour,11.283791670955125,21922.59,46.13,-9.1,17.2,1.063,3.0,-0.2,3.0,1.0,18.7,1.113,8,5,0,0,5
123.3,16,isocontour,11.283791670955125,41372.38,87.06,-20.3,4.4,0.99,0.7,-0.9,1.1,1.0,18.7,1.113,8,4,0,0,4
123.3,17,isocontour,11.283791670955125,23527.41,49.51,2.2,19.6,1.048,1.4,-0.8,1.6,1.0,18.7,1.113,8,6,0,0,6
123.3,18,isocontour,11.283791670955125,28437.42,59.84,-12.1,17.0,0.986,1.3,-0.7,1.5,1.0,18.7,1.113,8,4,0,0,4
123.3,19,isocontour,11.283791670955125,24319.55,51.18,-20.5,-3.5,0.989,-1.5,-1.2,1.9,1.0,18.7,1.113,8,4,0,0,4
123.3,20,isocontour,11.283791670955125,26541.14,55.85,15.8,-13.5,0.988,1.3,1.3,1.8,1.0,18.7,1.113,8,2,0,0,2
123.3,21,isocontour,11.283791670955125,26794.35,56.39,-5.3,-18.0,1.109,2.9,-0.3,2.9,1.0,18.7,1.113,8,2,0,0,2
123.3,22,isocontour,11.283791670955125,28460.45,59.89,-19.4,-8.2,0.975,-0.6,2.5,2.6,1.0,18.7,1.113,8,4,0,0,4
123.3,23,isocontour,11.283791670955125,27998.0,58.92,-20.8,2.0,0.982,0.7,-2.5,2.6,1.0,18.7,1.113,8,5,0,0,5
123.3,24,isocontour,11.283791670955125,27361.4,57.58,2.6,-20.4,1.0,-1.0,0.2,1.0,1.0,18.7,1.113,8,2,0,0,2
123.3,25,isocontour,11.283791670955125,27092.77,57.01,-16.9,9.5,1.069,-0.9,-0.3,0.9,1.0,18.7,1.113,8,5,0,0,5
123.3,Target,,,,,0.0,0.0,4.023,0.0,0.0,,,,,,,,,
123.4,1,isocontour,11.283791670955125,23175.08,48.77,9.4,18.5,0.99,-0.2,-1.9,1.9,1.0,18.7,1.113,8,7,0,0,7
123.4,2,isocontour,11.283791670955125,22059.51,46.42,-2.3,20.7,0.986,1.3,0.2,1.3,1.0,18.7,1.113,8,7,0,0,7
123.4,3,isocontour,11.283791670955125,22517.53,47.39,5.5,20.1,0.986,2.4,0.2,2.4,1.0,18.7,1.113,8,6,0,0,6
123.4,4,isocontour,11.283791670955125,27990.37,58.9,16.3,12.6,1.0,-2.0,-1.0,2.2,1.0,18.7,1.113,8,3,0,0,3
123.4,5,isocontour,11.283791670955125,26062.06,54.84,3.0,19.6,1.044,0.4,0.8,0.9,1.0,18.7,1.113,8,6,0,0,6
123.4,6,isocontour,11.283791670955125,27613.57,58.11,1.8,19.3,1.067,0.8,0.6,1.0,1.0,18.7,1.113,8,7,0,0,7
123.4,7,isocontour,11.283791670955125,25511.25,53.69,-17.7,10.8,0.991,1.3,-0.0,1.3,1.0,18.7,1.113,8,5,0,0,5
123.4,8,isocontour,11.283791670955125,28342.06,59.64,2.5,19.0,1.081,0.9,-1.0,1.3,1.0,18.7,1.113,8,6,0,0,6
123.4,9,isocontour,11.283791670955125,25901.2,54.51,20.2,3.7,1.002,-2.8,-0.9,2.9,1.0,18.7,1.113,8,3,0,0,3
123.4,10,isocontour,11.283791670955125,26489.39,55.74,15.6,11.1,1.083,1.0,-1.9,2.1,1.0,18.7,1.113,8,3,0,0,3
123.4,11,isocontour,11.283791670955125,28577.89,60.14,-17.3,-10.2,1.028,2.1,-1.9,2.8,1.0,18.7,1.113,8,3,0,0,3
123.4,12,isocontour,11.283791670955125,25316.76,53.28,-14.0,-15.2,0.996,-0.8,0.1,0.8,1.0,18.7,1.113,8,3,0,0,3
123.4,13,isocontour,11.283791670955125,24858.24,52.31,19.7,-6.7,0.987,0.6,0.8,1.0,1.0,18.7,1.113,8,2,0,0,2
123.4,14,isocontour,11.283791670955125,26727.01,56.24,7.5,-18.4,1.04,-1.7,-1.5,2.3,1.0,18.7,1.113,8,2,0,0,2
123.4,15,isocontour,11.283791670955125,21919.65,46.13,-9.2,17.2,1.061,-1.3,-0.0,1.3,1.0,18.7,1.113,8,5,0,0,5
123.4,16,isocontour,11.283791670955125,41370.01,87.06,-20.2,4.4,0.995,1.0,0.7,1.2,1.0,18.7,1.113,8,4,0,0,4
123.4,17,isocontour,11.283791670955125,23516.8,49.49,2.4,19.7,1.042,1.6,1.2,2.0,1.0,18.7,1.113,8,6,0,0,6
123.4,18,isocontour,11.283791670955125,28416.44,59.8,-11.9,17.1,0.988,2.2,1.3,2.6,1.0,18.7,1.113,8,4,0,0,4
123.4,19,isocontour,11.283791670955125,24318.3,51.17,-20.6,-3.5,0.985,-0.6,0.7,0.9,1.0,18.7,1.113,8,4,0,0,4
123.4,20,isocontour,11.283791670955125,26525.53,55.82,16.0,-13.3,0.989,1.4,1.9,2.4,1.0,18.7,1.113,8,2,0,0,2
123.4,21,isocontour,11.283791670955125,26763.83,56.32,-5.0,-18.0,1.112,2.9,-0.3,2.9,1.0,18.7,1.113,8,2,0,0,2
123.4,22,isocontour,11.283791670955125,28449.36,59.87,-19.2,-8.2,0.984,2.1,-0.1,2.1,1.0,18.7,1.113,8,4,0,0,4
123.4,23,isocontour,11.283791670955125,27993.79,58.91,-20.7,2.1,0.989,1.3,0.7,1.5,1.0,18.7,1.113,8,5,0,0,5
123.4,24,isocontour,11.283791670955125,27352.56,57.56,2.6,-20.6,0.992,0.9,-1.7,1.9,1.0,18.7,1.113,8,2,0,0,2
123.4,25,isocontour,11.283791670955125,27091.89,57.01,-17.0,9.4,1.068,-0.5,-0.7,0.9,1.0,18.7,1.113,8,5,0,0,5
123.4,Target,,,,,0.0,0.0,4.023,0.0,0.0,,,,,,,,,
123.5,1,isocontour,11.283791670955125,23144.56,48.7,9.2,18.6,0.99,-2.4,1.6,2.9,1.0,18.7,1.113,8,7,0,0,7
123.5,2,isocontour,11.283791670955125,22040.21,46.38,-2.5,20.6,0.99,-2.2,-1.2,2.5,1.0,18.7,1.113,8,7,0,0,7
123.5,3,isocontour,11.283791670955125,22516.49,47.38,5.6,20.1,0.987,0.7,-0.6,0.9,1.0,18.7,1.113,8,6,0,0,6
123.5,4,isocontour,11.283791670955125,27988.89,58.9,16.2,12.6,1.001,-0.6,0.8,1.0,1.0,18.7,1.113,8,3,0,0,3
123.5,5,isocontour,11.283791670955125,26061.56,54.84,3.0,19.6,1.042,0.7,0.0,0.7,1.0,18.7,1.113,8,6,0,0,6
123.5,6,isocontour,11.283791670955125,27611.77,58.11,1.9,19.3,1.069,1.0,-0.5,1.1,1.0,18.7,1.113,8,7,0,0,7
123.5,7,isocontour,11.283791670955125,25481.05,53.62,-17.6,11.0,0.992,1.6,2.4,2.9,1.0,18.7,1.113,8,5,0,0,5
123.5,8,isocontour,11.283791670955125,28323.9,59.6,2.7,19.0,1.08,2.4,0.1,2.4,1.0,18.7,1.113,8,6,0,0,6
123.5,9,isocontour,11.283791670955125,25893.29,54.49,20.1,3.6,1.007,-0.3,-1.8,1.8,1.0,18.7,1.113,8,3,0,0,3
123.5,10,isocontour,11.283791670955125,26488.11,55.74,15.7,11.2,1.078,0.6,0.8,1.0,1.0,18.7,1.113,8,3,0,0,3
123.5,11,isocontour,11.283791670955125,28562.28,60.11,-17.2,-10.4,1.026,0.7,-2.2,2.3,1.0,18.7,1.113,8,3,0,0,3
123.5,12,isocontour,11.283791670955125,25301.75,53.24,-13.8,-15.3,0.998,2.0,-1.0,2.2,1.0,18.7,1.113,8,3,0,0,3
123.5,13,isocontour,11.283791670955125,24820.96,52.23,19.7,-6.5,0.991,-0.1,3.1,3.1,1.0,18.7,1.113,8,2,0,0,2
123.5,14,isocontour,11.283791670955125,26725.76,56.24,7.5,-18.4,1.042,0.6,0.8,1.0,1.0,18.7,1.113,8,2,0,0,2
123.5,15,isocontour,11.283791670955125,21897.67,46.08,-9.4,17.1,1.06,-2.4,-1.0,2.6,1.0,18.7,1.113,8,5,0,0,5
123.5,16,isocontour,11.283791670955125,41336.22,86.99,-20.4,4.3,0.987,-2.3,-1.9,3.0,1.0,18.7,1.113,8,4,0,0,4
123.5,17,isocontour,11.283791670955125,23512.75,49.48,2.5,19.8,1.037,1.3,0.6,1.4,1.0,18.7,1.113,8,6,0,0,6
123.5,18,isocontour,11.283791670955125,28388.68,59.74,-12.0,16.9,0.993,-1.6,-2.3,2.8,1.0,18.7,1.113,8,4,0,0,4
123.5,19,isocontour,11.283791670955125,24288.1,51.11,-20.6,-3.2,0.988,0.2,2.9,2.9,1.0,18.7,1.113,8,4,0,0,4
123.5,20,isocontour,11.283791670955125,26521.89,55.81,15.9,-13.3,0.994,-1.4,0.0,1.4,1.0,18.7,1.113,8,2,0,0,2
123.5,21,isocontour,11.283791670955125,26762.77,56.32,-5.0,-18.0,1.114,-0.8,0.5,0.9,1.0,18.7,1.113,8,2,0,0,2
123.5,22,isocontour,11.283791670955125,28440.1,59.85,-19.1,-8.3,0.988,1.2,-1.5,1.9,1.0,18.7,1.113,8,4,0,0,4
123.5,23,isocontour,11.283791670955125,27991.12,58.9,-20.6,2.2,0.993,0.7,1.1,1.3,1.0,18.7,1.113,8,5,0,0,5
123.5,24,isocontour,11.283791670955125,27341.79,57.54,2.7,-20.7,0.981,0.9,-1.8,2.0,1.0,18.7,1.113,8,2,0,0,2
123.5,25,isocontour,11.283791670955125,27086.39,57.0,-17.1,9.3,1.064,-1.5,-0.7,1.7,1.0,18.7,1.113,8,5,0,0,5
123.5,Target,,,,,0.0,0.0,4.023,0.0,0.0,,,,,,,,,
123.6,1,isocontour,11.283791670955125,23044.3,48.49,9.5,18.5,0.989,3.9,-1.8,4.3,1.0,18.7,1.113,8,7,0,0,7
123.6,2,isocontour,11.283791670955125,22005.74,46.31,-2.2,20.6,0.99,3.0,0.5,3.0,1.0,18.7,1.113,8,7,0,0,7
123.6,3,isocontour,11.283791670955125,22480.29,47.31,5.3,20.0,0.992,-3.0,-0.3,3.0,1.0,18.7,1.113,8,6,0,0,6
123.6,4,isocontour,11.283791670955125,27966.65,58.85,16.2,12.8,0.994,0.0,2.6,2.6,1.0,18.7,1.113,8,3,0,0,3
123.6,5,isocontour,11.283791670955125,26060.83,54.84,3.1,19.6,1.04,0.7,0.4,0.8,1.0,18.7,1.113,8,6,0,0,6
123.6,6,isocontour,11.283791670955125,27585.75,58.05,2.1,19.3,1.066,2.7,0.3,2.7,1.0,18.7,1.113,8,6,0,0,6
123.6,7,isocontour,11.283791670955125,25374.37,53.4,-17.9,11.2,0.972,-3.7,2.3,4.4,1.0,18.7,1.113,8,5,0,0,5
123.6,8,isocontour,11.283791670955125,28320.69,59.6,2.8,19.1,1.073,0.4,1.3,1.4,1.0,18.7,1.113,8,6,0,0,6
123.6,9,isocontour,11.283791670955125,25874.44,54.45,20.3,3.7,0.998,1.9,1.5,2.4,1.0,18.7,1.113,8,3,0,0,3
123.6,10,isocontour,11.283791670955125,26477.96,55.72,15.8,11.3,1.067,1.5,1.3,2.0,1.0,18.7,1.113,8,3,0,0,3
123.6,11,isocontour,11.283791670955125,28559.72,60.1,-17.2,-10.5,1.024,0.4,-1.2,1.3,1.0,18.7,1.113,8,3,0,0,3
123.6,12,isocontour,11.283791670955125,25298.61,53.24,-13.7,-15.4,1.0,1.1,-0.7,1.3,-5.0,-18.0,1.114,21,3,0,0,3
123.6,13,isocontour,11.283791670955125,24803.67,52.2,19.8,-6.6,0.984,1.3,-2.0,2.4,1.0,18.7,1.113,8,2,0,0,2
123.6,14,isocontour,11.283791670955125,26724.66,56.24,7.6,-18.3,1.044,0.7,0.6,0.9,1.0,18.7,1.113,8,2,0,0,2
123.6,15,isocontour,11.283791670955125,21892.84,46.07,-9.5,17.0,1.064,-0.6,-1.4,1.5,1.0,18.7,1.113,8,4,0,0,4
123.6,16,isocontour,11.283791670955125,41332.34,86.98,-20.4,4.4,0.983,-0.3,1.4,1.4,1.0,18.7,1.113,8,4,0,0,4
123.6,17,isocontour,11.283791670955125,23511.51,49.48,2.5,19.8,1.035,-0.9,0.3,0.9,1.0,18.7,1.113,8,6,0,0,6
123.6,18,isocontour,11.283791670955125,28386.48,59.74,-12.0,16.9,0.991,0.5,1.1,1.2,1.0,18.7,1.113,8,4,0,0,4
123.6,19,isocontour,11.283791670955125,24273.29,51.08,-20.4,-3.2,0.999,2.2,-0.4,2.2,1.0,18.7,1.113,8,4,0,0,4
123.6,20,isocontour,11.283791670955125,26501.87,55.77,15.7,-13.4,0.998,-2.0,-1.5,2.5,1.0,18.7,1.113,8,2,0,0,2
123.6,21,isocontour,11.283791670955125,26736.75,56.26,-5.2,-17.9,1.114,-2.6,0.7,2.7,-5.2,-17.9,1.114,21,2,0,0,2
123.6,22,isocontour,11.283791670955125,28431.39,59.83,-18.9,-8.4,0.996,1.9,-0.2,1.9,1.0,18.7,1.113,8,4,0,0,4
123.6,23,isocontour,11.283791670955125,27990.46,58.9,-20.6,2.1,0.991,-0.5,-0.6,0.8,1.0,18.7,1.113,8,5,0,0,5
123.6,24,isocontour,11.283791670955125,27334.98,57.52,2.9,-20.8,0.977,1.7,-0.3,1.7,-5.0,-18.0,1.114,21,2,0,0,2
123.6,25,isocontour,11.283791670955125,27066.85,56.96,-16.9,9.3,1.074,2.5,-0.0,2.5,1.0,18.7,1.113,8,5,0,0,5
123.6,Target,,,,,0.0,0.0,4.023,0.0,0.0,,,,,,,,,
123.7,1,isocontour,11.283791670955125,23035.46,48.48,9.6,18.3,0.994,1.0,-1.6,1.9,1.0,18.7,1.113,8,7,0,0,7
123.7,2,isocontour,11.283791670955125,21987.57,46.27,-2.3,20.8,0.981,-1.6,1.8,2.4,1.0,18.7,1.113,8,7,0,0,7
123.7,3,isocontour,11.283791670955125,22479.9,47.31,5.3,20.0,0.992,0.7,0.1,0.7,1.0,18.7,1.113,8,6,0,0,6
123.7,4,isocontour,11.283791670955125,27939.48,58.8,16.2,13.1,0.988,-0.8,2.6,2.7,1.0,18.7,1.113,8,3,0,0,3
123.7,5,isocontour,11.283791670955125,26038.33,54.79,3.3,19.7,1.037,2.6,0.2,2.6,1.0,18.7,1.113,8,6,0,0,6
123.7,6,isocontour,11.283791670955125,27584.91,58.05,2.2,19.4,1.064,0.8,0.2,0.8,1.0,18.7,1.113,8,6,0,0,6
123.7,7,isocontour,11.283791670955125,25373.37,53.4,-18.0,11.2,0.965,-0.9,-0.3,0.9,1.0,18.7,1.113,8,5,0,0,5
123.7,8,isocontour,11.283791670955125,28300.44,59.55,3.0,19.2,1.065,2.3,0.9,2.5,1.0,18.7,1.113,8,6,0,0,6
123.7,9,isocontour,11.283791670955125,25852.71,54.4,20.4,3.5,0.994,0.9,-2.4,2.6,1.0,18.7,1.113,8,3,0,0,3
123.7,10,isocontour,11.283791670955125,26476.96,55.72,15.9,11.2,1.067,0.3,-0.9,0.9,1.0,18.7,1.113,8,3,0,0,3
123.7,11,isocontour,11.283791670955125,28525.26,60.03,-17.1,-10.8,1.022,1.4,-2.7,3.0,-5.0,-18.0,1.114,21,3,0,0,3
123.7,12,isocontour,11.283791670955125,25252.4,53.14,-13.5,-15.6,1.0,2.5,-2.2,3.3,-5.0,-18.0,1.114,21,3,0,0,3
123.7,13,isocontour,11.283791670955125,24748.14,52.08,19.7,-6.3,0.993,-1.4,3.2,3.5,1.0,18.7,1.113,8,2,0,0,2
123.7,14,isocontour,11.283791670955125,26705.59,56.2,7.8,-18.2,1.044,2.3,0.9,2.5,-5.0,-18.0,1.114,21,2,0,0,2
123.7,15,isocontour,11.283791670955125,21883.58,46.05,-9.4,17.1,1.059,0.7,1.8,1.9,1.0,18.7,1.113,8,4,0,0,4
123.7,16,isocontour,11.283791670955125,41331.61,86.98,-20.4,4.3,0.982,-0.1,-0.8,0.8,1.0,18.7,1.113,8,4,0,0,4
123.7,17,isocontour,11.283791670955125,23510.54,49.48,2.5,19.8,1.036,0.8,-0.3,0.9,1.0,18.7,1.113,8,6,0,0,6
123.7,18,isocontour,11.283791670955125,28361.85,59.68,-12.2,17.1,0.979,-2.3,1.3,2.6,1.0,18.7,1.113,8,4,0,0,4
123.7,19,isocontour,11.283791670955125,24263.14,51.06,-20.5,-3.1,0.993,-1.8,0.9,2.0,1.0,18.7,1.113,8,4,0,0,4
123.7,20,isocontour,11.283791670955125,26495.41,55.76,15.6,-13.6,0.994,-0.2,-1.7,1.7,1.0,18.7,1.113,8,2,0,0,2
123.7,21,isocontour,11.283791670955125,26730.17,56.25,-5.4,-17.9,1.11,-1.7,-0.3,1.7,-5.4,-17.9,1.114,21,2,0,0,2
123.7,22,isocontour,11.283791670955125,28429.64,59.83,-18.9,-8.5,0.995,-0.2,-1.1,1.1,-5.0,-18.0,1.114,21,4,0,0,4
123.7,23,isocontour,11.283791670955125,27918.45,58.75,-20.8,2.4,0.98,-1.9,3.3,3.8,1.0,18.7,1.113,8,5,0,0,5
123.7,24,isocontour,11.283791670955125,27317.26,57.49,3.0,-20.6,0.985,1.4,1.9,2.4,-5.0,-18.0,1.114,21,2,0,0,2
123.7,25,isocontour,11.283791670955125,27064.04,56.95,-16.8,9.2,1.082,0.9,-0.9,1.3,1.0,18.7,1.113,8,5,0,0,5
123.7,Target,,,,,0.0,0.0,4.023,0.0,0.0,,,,,,,,,
123.8,1,isocontour,11.283791670955125,23021.22,48.45,9.8,18.3,0.99,2.2,-0.0,2.2,1.0,18.7,1.113,8,7,0,0,7
123.8,2,isocontour,11.283791670955125,21985.02,46.26,-2.2,20.8,0.98,1.3,0.0,1.3,1.0,18.7,1.113,8,7,0,0,7
123.8,3,isocontour,11.283791670955125,22473.87,47.29,5.2,20.1,0.987,-1.1,1.2,1.6,1.0,18.7,1.113,8,6,0,0,6
123.8,4,isocontour,11.283791670955125,27935.91,58.79,16.2,13.1,0.986,0.9,-1.0,1.3,1.0,18.7,1.113,8,3,0,0,3
123.8,5,isocontour,11.283791670955125,26037.43,54.79,3.4,19.6,1.038,0.7,-0.5,0.9,1.0,18.7,1.113,8,6,0,0,6
123.8,6,isocontour,11.283791670955125,27578.21,58.03,2.2,19.2,1.073,-0.2,-1.7,1.7,1.0,18.7,1.113,8,6,0,0,6
123.8,7,isocontour,11.283791670955125,25341.57,53.33,-17.9,11.0,0.976,1.3,-2.6,2.9,1.0,18.7,1.113,8,5,0,0,5
123.8,8,isocontour,11.283791670955125,28299.44,59.55,3.1,19.3,1.061,0.8,0.4,0.9,1.0,18.7,1.113,8,6,0,0,6
123.8,9,isocontour,11.283791670955125,25817.9,54.33,20.4,3.7,0.99,0.1,3.0,3.0,1.0,18.7,1.113,8,3,0,0,3
123.8,10,isocontour,11.283791670955125,26452.34,55.67,15.7,11.3,1.074,-2.4,1.2,2.7,1.0,18.7,1.113,8,3,0,0,3
123.8,11,isocontour,11.283791670955125,28518.1,60.01,-16.9,-10.9,1.026,1.6,-0.8,1.8,-5.0,-18.0,1.114,21,3,0,0,3
123.8,12,isocontour,11.283791670955125,25249.53,53.13,-13.4,-15.7,0.996,0.3,-1.3,1.3,-5.0,-18.0,1.114,21,3,0,0,3
123.8,13,isocontour,11.283791670955125,24726.91,52.03,19.9,-6.4,0.984,1.9,-1.7,2.5,1.0,18.7,1.113,8,2,0,0,2
123.8,14,isocontour,11.283791670955125,26687.65,56.16,8.0,-18.1,1.043,2.3,0.8,2.4,-5.0,-18.0,1.114,21,2,0,0,2
123.8,15,isocontour,11.283791670955125,21857.56,46.0,-9.4,17.4,1.047,0.5,2.7,2.7,1.0,18.7,1.113,8,4,0,0,4
123.8,16,isocontour,11.283791670955125,41307.26,86.93,-20.4,4.1,0.988,0.5,-2.6,2.6,1.0,18.7,1.113,8,4,0,0,4
123.8,17,isocontour,11.283791670955125,23426.74,49.3,2.9,19.9,1.028,3.9,1.1,4.1,1.0,18.7,1.113,8,6,0,0,6
123.8,18,isocontour,11.283791670955125,28353.82,59.67,-12.1,17.2,0.975,1.3,1.3,1.8,1.0,18.7,1.113,8,4,0,0,4
123.8,19,isocontour,11.283791670955125,24248.12,51.03,-20.7,-3.1,0.981,-2.3,0.3,2.3,-5.0,-18.0,1.114,21,4,0,0,4
123.8,20,isocontour,11.283791670955125,26394.44,55.54,15.5,-13.9,0.985,-1.4,-4.0,4.2,-5.0,-18.0,1.114,21,2,0,0,2
123.8,21,isocontour,11.283791670955125,26727.91,56.25,-5.5,-18.0,1.107,-1.2,-0.1,1.2,-5.5,-18.0,1.114,21,2,0,0,2
123.8,22,isocontour,11.283791670955125,28378.24,59.72,-19.1,-8.6,0.978,-3.2,-1.2,3.4,-5.0,-18.0,1.114,21,4,0,0,4
123.8,23,isocontour,11.283791670955125,27914.49,58.74,-20.9,2.4,0.973,-1.3,-0.6,1.4,-5.0,-18.0,1.114,21,5,0,0,5
123.8,24,isocontour,11.283791670955125,27306.96,57.46,3.2,-20.5,0.992,1.3,1.5,2.0,-5.0,-18.0,1.114,21,2,0,0,2
123.8,25,isocontour,11.283791670955125,27061.3,56.95,-16.8,9.1,1.084,-0.6,-1.1,1.3,1.0,18.7,1.113,8,5,0,0,5
123.8,Target,,,,,0.0,0.0,4.023,0.0,0.0,,,,,,,,,
123.9,1,isocontour,11.283791670955125,23019.12,48.44,9.8,18.2,0.994,-0.6,-1.0,1.2,1.0,18.7,1.113,8,7,0,0,7
123.9,2,isocontour,11.283791670955125,21982.41,46.26,-2.1,20.8,0.983,1.1,-0.6,1.3,1.0,18.7,1.113,8,7,0,0,7
123.9,3,isocontour,11.283791670955125,22461.1,47.27,5.4,20.1,0.988,2.0,-0.9,2.2,1.0,18.7,1.113,8,6,0,0,6
123.9,4,isocontour,11.283791670955125,27911.29,58.74,16.2,12.8,0.997,-0.7,-2.6,2.7,1.0,18.7,1.113,8,3,0,0,3
123.9,5,isocontour,11.283791670955125,25951.75,54.61,3.8,19.7,1.029,3.9,1.1,4.1,1.0,18.7,1.113,8,6,0,0,6
123.9,6,isocontour,11.283791670955125,27557.96,57.99,2.4,19.2,1.07,2.4,0.5,2.5,1.0,18.7,1.113,8,6,0,0,6
123.9,7,isocontour,11.283791670955125,25338.64,53.32,-17.9,10.9,0.98,-0.3,-1.3,1.3,-5.0,-18.0,1.114,21,5,0,0,5
123.9,8,isocontour,11.283791670955125,28296.09,59.55,3.0,19.2,1.067,-0.7,-1.2,1.4,1.0,18.7,1.113,8,6,0,0,6
123.9,9,isocontour,11.283791670955125,25815.8,54.33,20.3,3.8,0.995,-1.1,0.3,1.1,1.0,18.7,1.113,8,3,0,0,3
123.9,10,isocontour,11.283791670955125,26428.26,55.62,15.4,11.4,1.082,-2.5,1.0,2.7,1.0,18.7,1.113,8,3,0,0,3
123.9,11,isocontour,11.283791670955125,28485.32,59.94,-16.7,-11.1,1.032,2.3,-1.8,2.9,-5.0,-18.0,1.114,21,3,0,0,3
123.9,12,isocontour,11.283791670955125,25247.38,53.13,-13.5,-15.7,0.994,-1.1,0.4,1.2,-5.0,-18.0,1.114,21,3,0,0,3
123.9,13,isocontour,11.283791670955125,24695.11,51.97,19.8,-6.2,0.992,-1.4,2.6,3.0,-5.0,-18.0,1.114,21,2,0,0,2
123.9,14,isocontour,11.283791670955125,26649.64,56.08,7.8,-18.2,1.047,-3.1,-0.5,3.1,-5.0,-18.0,1.114,21,2,0,0,2
123.9,15,isocontour,11.283791670955125,21832.11,45.94,-9.6,17.3,1.048,-2.1,-1.7,2.7,1.0,18.7,1.113,8,4,0,0,4
123.9,16,isocontour,11.283791670955125,41304.39,86.92,-20.3,4.1,0.993,1.2,0.5,1.3,-5.0,-18.0,1.114,21,4,0,0,4
123.9,17,isocontour,11.283791670955125,23426.13,49.3,3.0,19.9,1.028,0.7,-0.3,0.8,1.0,18.7,1.113,8,6,0,0,6
123.9,18,isocontour,11.283791670955125,28332.83,59.62,-11.9,17.2,0.984,2.5,-0.6,2.6,1.0,18.7,1.113,8,4,0,0,4
123.9,19,isocontour,11.283791670955125,24242.62,51.02,-20.6,-3.2,0.983,1.0,-1.3,1.6,-5.0,-18.0,1.114,21,4,0,0,4
123.9,20,isocontour,11.283791670955125,26369.55,55.49,15.2,-14.0,0.992,-2.7,-0.4,2.7,-5.0,-18.0,1.114,21,2,0,0,2
123.9,21,isocontour,11.283791670955125,26696.11,56.18,-5.8,-17.9,1.106,-2.8,0.8,2.9,-5.8,-17.9,1.114,21,2,0,0,2
123.9,22,isocontour,11.283791670955125,28372.74,59.71,-19.2,-8.7,0.971,-0.3,-1.6,1.6,-5.0,-18.0,1.114,21,4,0,0,4
123.9,23,isocontour,11.283791670955125,27907.68,58.73,-20.8,2.4,0.98,1.7,-0.2,1.7,-5.0,-18.0,1.114,21,5,0,0,5
123.9,24,isocontour,11.283791670955125,27304.64,57.46,3.1,-20.4,0.997,-1.0,0.6,1.2,-5.0,-18.0,1.114,21,2,0,0,2
123.9,25,isocontour,11.283791670955125,27031.42,56.88,-17.0,8.9,1.08,-1.9,-2.2,2.9,-5.0,-18.0,1.114,21,5,0,0,5
123.9,Target,,,,,0.0,0.0,4.023,0.0,0.0,,,,,,,,,
124.0,1,isocontour,11.283791670955125,23016.05,48.43,9.7,18.2,0.997,-1.3,0.3,1.3,9.7,18.2,0.994,1,7,0,0,7
124.0,2,isocontour,11.283791670955125,21950.94,46.19,-1.9,20.6,0.992,2.4,-1.6,2.9,-1.9,20.6,0.983,2,7,0,0,7
124.0,3,isocontour,11.283791670955125,22443.81,47.23,5.6,20.0,0.99,2.2,-0.9,2.4,5.6,20.0,0.988,3,6,0,0,6
124.0,4,isocontour,11.283791670955125,27885.84,58.68,16.3,13.0,0.987,1.2,2.4,2.7,16.3,13.0,0.997,4,3,0,0,3
124.0,5,isocontour,11.283791670955125,25951.27,54.61,3.9,19.7,1.028,0.7,-0.2,0.7,3.9,19.7,1.029,5,6,0,0,6
124.0,6,isocontour,11.283791670955125,27536.48,57.95,2.7,19.2,1.068,2.6,-0.1,2.6,2.7,19.2,1.07,6,6,0,0,6
124.0,7,isocontour,11.283791670955125,25336.02,53.32,-17.9,10.7,0.985,0.3,-1.2,1.2,-17.9,10.7,0.98,7,5,0,0,5
124.0,8,isocontour,11.283791670955125,28295.38,59.54,3.1,19.2,1.066,0.7,0.4,0.8,3.1,19.2,1.067,8,6,0,0,6
124.0,9,isocontour,11.283791670955125,25806.96,54.31,20.4,3.9,0.988,1.4,1.2,1.8,20.4,3.9,0.995,9,3,0,0,3
124.0,10,isocontour,11.283791670955125,26424.54,55.61,15.5,11.5,1.076,1.0,1.0,1.4,15.5,11.5,1.082,10,3,0,0,3
124.0,11,isocontour,11.283791670955125,28465.78,59.9,-16.6,-11.3,1.03,0.9,-2.3,2.5,-16.6,-11.3,1.032,11,3,0,0,3
124.0,12,isocontour,11.283791670955125,25244.03,53.12,-13.6,-15.6,0.991,-1.3,0.5,1.4,-13.6,-15.6,0.994,12,3,0,0,3
124.0,13,isocontour,11.283791670955125,24677.17,51.93,19.9,-6.4,0.984,1.5,-1.9,2.4,19.9,-6.4,0.992,13,2,0,0,2
124.0,14,isocontour,11.283791670955125,26628.66,56.04,7.5,-18.2,1.053,-2.5,0.1,2.5,7.5,-18.2,1.047,14,2,0,0,2
124.0,15,isocontour,11.283791670955125,21828.61,45.94,-9.6,17.2,1.053,-0.5,-1.3,1.4,-9.6,17.2,1.048,15,4,0,0,4
124.0,16,isocontour,11.283791670955125,41303.33,86.92,-20.2,4.2,0.996,0.4,0.8,0.9,-20.2,4.2,0.993,16,4,0,0,4
124.0,17,isocontour,11.283791670955125,23402.32,49.25,3.2,19.8,1.03,2.6,-0.7,2.7,3.2,19.8,1.028,17,6,0,0,6
124.0,18,isocontour,11.283791670955125,28306.25,59.57,-11.8,16.9,0.997,0.4,-2.7,2.7,-11.8,16.9,0.984,18,4,0,0,4
124.0,19,isocontour,11.283791670955125,24218.54,50.96,-20.6,-3.0,0.989,0.7,2.6,2.7,-20.6,-3.0,0.983,19,4,0,0,4
124.0,20,isocontour,11.283791670955125,26334.74,55.42,15.1,-14.3,0.99,-1.5,-2.6,3.0,15.1,-14.3,0.992,20,2,0,0,2
124.0,21,isocontour,11.283791670955125,26671.22,56.13,-5.6,-17.9,1.108,2.7,-0.4,2.7,-5.6,-17.9,1.106,21,2,0,0,2
124.0,22,isocontour,11.283791670955125,28365.57,59.69,-19.1,-8.9,0.972,1.2,-1.3,1.8,-19.1,-8.9,0.971,22,4,0,0,4
124.0,23,isocontour,11.283791670955125,27881.95,58.67,-20.7,2.6,0.985,1.2,2.5,2.8,-20.7,2.6,0.98,23,5,0,0,5
124.0,24,isocontour,11.283791670955125,27270.18,57.39,2.8,-20.5,0.997,-2.9,-0.7,3.0,2.8,-20.5,0.997,24,2,0,0,2
124.0,25,isocontour,11.283791670955125,27027.12,56.88,-17.2,8.8,1.075,-1.4,-0.6,1.5,-17.2,8.8,1.08,25,5,0,0,5
124.0,Target,,,,,0.0,0.0,4.023,0.0,0.0,,,,,,,,,
124.1,1,isocontour,11.283791670955125,22985.22,48.37,9.9,18.1,0.997,2.6,-1.2,2.9,15.5,11.5,1.082,10,7,0,0,7
124.1,2,isocontour,11.283791670955125,21948.56,46.19,-1.8,20.7,0.992,1.1,0.5,1.2,2.7,19.2,1.07,6,7,0,0,7
124.1,3,isocontour,11.283791670955125,22429.19,47.2,5.7,19.8,0.997,1.3,-1.8,2.2,2.7,19.2,1.07,6,6,0,0,6
124.1,4,isocontour,11.283791670955125,27883.46,58.68,16.3,13.1,0.982,-0.2,1.2,1.2,15.5,11.5,1.082,10,3,0,0,3
124.1,5,isocontour,11.283791670955125,25928.78,54.56,4.1,19.6,1.029,2.5,-0.7,2.6,2.7,19.2,1.07,6,6,0,0,6
124.1,6,isocontour,11.283791670955125,27535.61,57.95,2.8,19.3,1.066,0.8,0.2,0.8,2.8,19.3,1.07,6,6,0,0,6
124.1,7,isocontour,11.283791670955125,25332.53,53.31,-17.8,10.7,0.992,1.2,-0.8,1.4,-17.2,8.8,1.08,25,5,0,0,5
124.1,8,isocontour,11.283791670955125,28271.3,59.49,3.3,19.2,1.062,2.6,0.4,2.6,2.7,19.2,1.07,6,6,0,0,6
124.1,9,isocontour,11.283791670955125,25772.84,54.24,20.4,4.1,0.989,-1.1,2.8,3.0,15.5,11.5,1.082,10,3,0,0,3
124.1,10,isocontour,11.283791670955125,26398.23,55.55,15.3,11.7,1.075,-1.6,2.2,2.7,15.3,11.7,1.082,10,3,0,0,3
124.1,11,isocontour,11.283791670955125,28444.05,59.86,-16.7,-11.1,1.03,-1.4,2.1,2.5,-16.7,-11.1,1.032,11,3,0,0,3
124.1,12,isocontour,11.283791670955125,25243.56,53.12,-13.7,-15.7,0.988,-0.7,-0.2,0.7,-5.6,-17.9,1.108,21,3,0,0,3
124.1,13,isocontour,11.283791670955125,24675.42,51.93,19.8,-6.4,0.987,-1.1,-0.1,1.1,20.4,3.9,0.995,9,2,0,0,2
124.1,14,isocontour,11.283791670955125,26624.61,56.03,7.4,-18.2,1.057,-1.5,0.0,1.5,7.4,-18.2,1.053,14,2,0,0,2
124.1,15,isocontour,11.283791670955125,21826.12,45.93,-9.7,17.1,1.051,-1.2,-0.2,1.2,-17.2,8.8,1.08,25,4,0,0,4
124.1,16,isocontour,11.283791670955125,41299.36,86.91,-20.4,4.2,0.989,-1.4,-0.1,1.4,-17.2,8.8,1.08,25,4,0,0,4
124.1,17,isocontour,11.283791670955125,23377.43,49.19,3.5,19.7,1.031,2.6,-0.7,2.7,2.7,19.2,1.07,6,6,0,0,6
124.1,18,isocontour,11.283791670955125,28302.52,59.56,-11.9,16.8,1.0,-1.0,-1.0,1.4,-17.2,8.8,1.08,25,4,0,0,4
124.1,19,isocontour,11.283791670955125,24217.97,50.96,-20.5,-2.9,0.992,0.3,0.7,0.8,-16.6,-11.3,1.032,11,4,0,0,4
124.1,20,isocontour,11.283791670955125,26306.38,55.36,14.9,-14.5,0.99,-2.0,-1.9,2.8,7.5,-18.2,1.053,14,2,0,0,2
124.1,21,isocontour,11.283791670955125,26661.37,56.11,-5.4,-17.9,1.114,1.9,0.4,1.9,-5.4,-17.9,1.108,21,2,0,0,2
124.1,22,isocontour,11.283791670955125,28343.84,59.65,-19.0,-9.1,0.976,1.6,-2.0,2.6,-16.6,-11.3,1.032,11,3,0,0,3
124.1,23,isocontour,11.283791670955125,27865.3,58.64,-20.5,2.7,0.995,2.1,1.0,2.3,-17.2,8.8,1.08,25,4,0,0,4
124.1,24,isocontour,11.283791670955125,27265.88,57.38,2.7,-20.6,0.992,-1.1,-1.0,1.5,-5.6,-17.9,1.108,21,2,0,0,2
124.1,25,isocontour,11.283791670955125,27005.64,56.83,-17.1,9.0,1.072,0.8,2.4,2.5,-17.1,9.0,1.08,25,5,0,0,5
124.1,Target,,,,,0.0,0.0,4.023,0.0,0.0,,,,,,,,,
124.2,1,isocontour,11.283791670955125,22938.58,48.27,10.2,18.1,0.989,3.3,-0.0,3.3,15.5,11.5,1.082,10,7,0,0,7
124.2,2,isocontour,11.283791670955125,21934.51,46.16,-1.8,20.9,0.981,-0.1,2.2,2.2,-17.2,8.8,1.08,25,7,0,0,7
124.2,3,isocontour,11.283791670955125,22401.14,47.14,6.0,19.9,0.99,2.7,0.8,2.8,15.5,11.5,1.082,10,6,0,0,6
124.2,4,isocontour,11.283791670955125,27866.39,58.64,16.1,13.1,0.991,-2.4,-0.2,2.4,15.5,11.5,1.082,10,3,0,0,3
124.2,5,isocontour,11.283791670955125,25897.95,54.5,4.4,19.6,1.029,2.9,-0.4,2.9,15.5,11.5,1.082,10,6,0,0,6
124.2,6,isocontour,11.283791670955125,27534.21,57.94,2.9,19.3,1.064,1.0,0.1,1.0,15.5,11.5,1.082,10,6,0,0,6
124.2,7,isocontour,11.283791670955125,25317.91,53.28,-17.9,10.8,0.983,-1.6,1.6,2.3,-17.2,8.8,1.08,25,5,0,0,5
124.2,8,isocontour,11.283791670955125,28246.68,59.44,3.5,19.1,1.068,2.0,-1.8,2.7,15.5,11.5,1.082,10,6,0,0,6
124.2,9,isocontour,11.283791670955125,25738.37,54.16,20.2,4.4,0.993,-1.2,2.7,3.0,15.5,11.5,1.082,10,3,0,0,3
124.2,10,isocontour,11.283791670955125,26381.8,55.52,15.2,11.9,1.071,-0.8,2.2,2.3,15.2,11.9,1.082,10,3,0,0,3
124.2,11,isocontour,11.283791670955125,28423.31,59.81,-16.7,-10.9,1.035,-0.5,2.5,2.5,-5.6,-17.9,1.108,21,3,0,0,3
124.2,12,isocontour,11.283791670955125,25240.5,53.12,-13.7,-15.6,0.993,0.7,1.1,1.3,-5.4,-17.9,1.114,21,3,0,0,3
124.2,13,isocontour,11.283791670955125,24657.92,51.89,19.6,-6.3,0.999,-1.7,1.6,2.3,15.5,11.5,1.082,10,2,0,0,2
124.2,14,isocontour,11.283791670955125,26624.15,56.03,7.4,-18.1,1.057,0.7,0.1,0.7,-5.6,-17.9,1.108,21,2,0,0,2
124.2,15,isocontour,11.283791670955125,21823.75,45.93,-9.9,17.1,1.048,-1.2,-0.0,1.2,-17.2,8.8,1.08,25,4,0,0,4
124.2,16,isocontour,11.283791670955125,41299.02,86.91,-20.4,4.2,0.985,-0.5,0.4,0.6,-17.2,8.8,1.08,25,4,0,0,4
124.2,17,isocontour,11.283791670955125,23365.35,49.17,3.6,19.9,1.023,1.5,1.5,2.1,15.5,11.5,1.082,10,6,0,0,6
124.2,18,isocontour,11.283791670955125,28192.16,59.33,-12.3,16.9,0.984,-4.3,1.1,4.4,-17.2,8.8,1.08,25,4,0,0,4
124.2,19,isocontour,11.283791670955125,24216.65,50.96,-20.6,-3.0,0.99,-0.3,-0.9,0.9,-17.2,8.8,1.08,25,4,0,0,4
124.2,20,isocontour,11.283791670955125,26303.45,55.35,14.7,-14.5,0.993,-1.3,-0.3,1.3,7.4,-18.2,1.057,14,2,0,0,2
124.2,21,isocontour,11.283791670955125,26660.27,56.1,-5.3,-17.9,1.114,0.8,-0.4,0.9,-5.3,-17.9,1.114,21,2,0,0,2
124.2,22,isocontour,11.283791670955125,28310.4,59.58,-18.7,-9.0,0.99,2.9,0.7,3.0,-5.6,-17.9,1.108,21,3,0,0,3
124.2,23,isocontour,11.283791670955125,27848.66,58.6,-20.6,2.5,0.992,-1.3,-2.0,2.4,-17.2,8.8,1.08,25,4,0,0,4
124.2,24,isocontour,11.283791670955125,27263.14,57.37,2.6,-20.6,0.988,-1.0,-0.8,1.3,-5.4,-17.9,1.114,21,2,0,0,2
124.2,25,isocontour,11.283791670955125,27003.03,56.82,-17.0,9.1,1.075,1.1,0.6,1.3,-17.0,9.1,1.08,25,5,0,0,5
124.2,Target,,,,,0.0,0.0,4.023,0.0,0.0,,,,,,,,,
124.3,1,isocontour,11.283791670955125,22937.06,48.27,10.2,18.0,0.993,-0.3,-1.0,1.0,15.5,11.5,1.082,10,7,0,0,7
124.3,2,isocontour,11.283791670955125,21930.63,46.15,-1.7,20.8,0.985,0.7,-1.3,1.5,15.5,11.5,1.082,10,7,0,0,7
124.3,3,isocontour,11.283791670955125,22399.89,47.14,6.1,19.9,0.987,1.0,0.2,1.0,15.5,11.5,1.082,10,6,0,0,6
124.3,4,isocontour,11.283791670955125,27861.75,58.63,15.9,13.2,0.996,-1.4,0.6,1.5,15.5,11.5,1.082,10,3,0,0,3
124.3,5,isocontour,11.283791670955125,25895.74,54.49,4.5,19.6,1.026,1.2,0.2,1.2,15.5,11.5,1.082,10,6,0,0,6
124.3,6,isocontour,11.283791670955125,27527.4,57.93,3.0,19.2,1.067,1.6,-0.7,1.7,15.5,11.5,1.082,10,6,0,0,6
124.3,7,isocontour,11.283791670955125,25313.08,53.27,-18.0,10.7,0.978,-1.3,-0.9,1.6,-17.2,8.8,1.08,25,5,0,0,5
124.3,8,isocontour,11.283791670955125,28216.17,59.38,3.8,19.1,1.064,2.8,0.5,2.8,15.5,11.5,1.082,10,6,0,0,6
124.3,9,isocontour,11.283791670955125,25728.67,54.14,20.4,4.5,0.984,2.0,0.1,2.0,15.5,11.5,1.082,10,3,0,0,3
124.3,10,isocontour,11.283791670955125,26355.21,55.46,15.4,11.8,1.07,1.8,-2.1,2.8,15.4,11.8,1.082,10,3,0,0,3
124.3,11,isocontour,11.283791670955125,28422.7,59.81,-16.8,-10.8,1.038,-0.0,0.8,0.8,-5.4,-17.9,1.114,21,3,0,0,3
124.3,12,isocontour,11.283791670955125,25240.09,53.11,-13.7,-15.5,0.994,-0.5,0.4,0.6,-5.4,-17.9,1.114,21,3,0,0,3
124.3,13,isocontour,11.283791670955125,24645.84,51.86,19.8,-6.2,0.991,2.1,0.1,2.1,15.5,11.5,1.082,10,2,0,0,2
124.3,14,isocontour,11.283791670955125,26622.98,56.02,7.5,-18.1,1.055,1.0,-0.0,1.0,-5.4,-17.9,1.114,21,2,0,0,2
124.3,15,isocontour,11.283791670955125,21788.94,45.85,-10.0,16.9,1.053,-1.8,-2.4,3.0,-17.2,8.8,1.08,25,4,0,0,4
124.3,16,isocontour,11.283791670955125,41276.79,86.86,-20.4,4.0,0.987,0.0,-2.6,2.6,-17.2,8.8,1.08,25,4,0,0,4
124.3,17,isocontour,11.283791670955125,23363.46,49.17,3.7,19.8,1.022,1.1,-0.4,1.2,15.5,11.5,1.082,10,6,0,0,6
124.3,18,isocontour,11.283791670955125,28141.65,59.22,-12.6,16.8,0.978,-3.1,-1.4,3.4,-17.2,8.8,1.08,25,4,0,0,4
124.3,19,isocontour,11.283791670955125,24127.16,50.77,-20.4,-3.3,0.995,1.7,-3.8,4.2,-5.6,-17.9,1.108,21,4,0,0,4
124.3,20,isocontour,11.283791670955125,26301.4,55.35,14.7,-14.6,0.993,-0.7,-0.9,1.1,-5.6,-17.9,1.108,21,2,0,0,2
124.3,21,isocontour,11.283791670955125,26658.66,56.1,-5.4,-17.9,1.113,-1.1,0.2,1.1,-5.4,-17.9,1.114,21,2,0,0,2
124.3,22,isocontour,11.283791670955125,28307.96,59.57,-18.6,-9.1,0.995,1.0,-0.7,1.2,-5.4,-17.9,1.114,21,3,0,0,3
124.3,23,isocontour,11.283791670955125,27831.15,58.57,-20.7,2.3,0.989,-0.8,-2.3,2.4,-17.2,8.8,1.08,25,4,0,0,4
124.3,24,isocontour,11.283791670955125,27262.74,57.37,2.5,-20.6,0.989,-0.7,0.1,0.7,-5.4,-17.9,1.114,21,2,0,0,2
124.3,25,isocontour,11.283791670955125,26998.9,56.82,-17.1,9.1,1.072,-1.3,-0.7,1.5,-17.1,9.1,1.08,25,5,0,0,5
124.3,Target,,,,,0.0,0.0,4.023,0.0,0.0,,,,,,,,,
124.4,1,isocontour,11.283791670955125,22931.45,48.26,10.2,18.1,0.988,-0.5,1.6,1.7,15.5,11.5,1.082,10,7,0,0,7
124.4,2,isocontour,11.283791670955125,21927.56,46.14,-1.6,20.7,0.99,1.1,-0.7,1.3,15.5,11.5,1.082,10,6,0,0,6
124.4,3,isocontour,11.283791670955125,22309.74,46.95,6.5,19.9,0.983,4.1,-0.6,4.1,15.5,11.5,1.082,10,6,0,0,6
124.4,4,isocontour,11.283791670955125,27775.44,58.45,16.1,13.0,0.993,3.0,-2.8,4.1,15.5,11.5,1.082,10,3,0,0,3
124.4,5,isocontour,11.283791670955125,25893.31,54.49,4.6,19.5,1.028,1.0,-0.8,1.3,15.5,11.5,1.082,10,6,0,0,6
124.4,6,isocontour,11.283791670955125,27526.04,57.93,3.1,19.2,1.066,1.0,-0.1,1.0,15.5,11.5,1.082,10,6,0,0,6
124.4,7,isocontour,11.283791670955125,25280.63,53.2,-18.0,10.5,0.985,0.2,-2.9,2.9,-17.2,8.8,1.08,25,5,0,0,5
124.4,8,isocontour,11.283791670955125,28214.85,59.37,3.9,19.1,1.062,1.0,0.0,1.0,15.5,11.5,1.082,10,6,0,0,6
124.4,9,isocontour,11.283791670955125,25701.51,54.09,20.3,4.7,0.986,-1.4,2.4,2.8,15.5,11.5,1.082,10,3,0,0,3
124.4,10,isocontour,11.283791670955125,26349.4,55.45,15.3,11.9,1.072,-1.3,1.0,1.6,15.3,11.9,1.082,10,3,0,0,3
124.4,11,isocontour,11.283791670955125,28420.02,59.81,-16.8,-10.7,1.035,-1.1,0.6,1.3,-5.4,-17.9,1.114,21,3,0,0,3
124.4,12,isocontour,11.283791670955125,25157.52,52.94,-13.6,-15.8,0.987,1.7,-3.6,4.0,-5.4,-17.9,1.114,21,3,0,0,3
124.4,13,isocontour,11.283791670955125,24629.41,51.83,19.9,-6.0,0.991,0.4,2.3,2.3,-5.6,-17.9,1.108,21,2,0,0,2
124.4,14,isocontour,11.283791670955125,26602.24,55.98,7.7,-18.1,1.054,2.4,0.9,2.6,-5.4,-17.9,1.114,21,2,0,0,2
124.4,15,isocontour,11.283791670955125,21755.15,45.78,-9.8,16.8,1.066,2.8,-1.1,3.0,15.5,11.5,1.082,10,4,0,0,4
124.4,16,isocontour,11.283791670955125,41275.3,86.86,-20.4,3.9,0.989,-0.0,-1.0,1.0,-5.6,-17.9,1.108,21,4,0,0,4
124.4,17,isocontour,11.283791670955125,23332.94,49.1,4.0,19.8,1.022,2.8,-0.5,2.8,15.5,11.5,1.082,10,6,0,0,6
124.4,18,isocontour,11.283791670955125,28123.93,59.18,-12.6,16.6,0.988,0.5,-2.3,2.4,-17.2,8.8,1.08,25,3,0,0,3
124.4,19,isocontour,11.283791670955125,24125.5,50.77,-20.5,-3.3,0.993,-0.8,0.7,1.1,-5.4,-17.9,1.114,21,4,0,0,4
124.4,20,isocontour,11.283791670955125,26292.42,55.33,14.7,-14.8,0.985,0.9,-1.7,1.9,-5.4,-17.9,1.114,21,2,0,0,2
124.4,21,isocontour,11.283791670955125,26650.88,56.08,-5.5,-17.8,1.117,-1.4,1.2,1.8,-5.4,-17.9,1.114,21,2,0,0,2
124.4,22,isocontour,11.283791670955125,28294.1,59.54,-18.7,-9.0,0.99,-1.9,1.1,2.2,-5.4,-17.9,1.114,21,3,0,0,3
124.4,23,isocontour,11.283791670955125,27807.61,58.52,-20.7,2.1,0.986,-0.8,-2.5,2.6,-5.6,-17.9,1.108,21,4,0,0,4
124.4,24,isocontour,11.283791670955125,27245.45,57.33,2.6,-20.5,0.998,1.2,2.1,2.4,-5.4,-17.9,1.114,21,2,0,0,2
124.4,25,isocontour,11.283791670955125,26972.02,56.76,-17.2,8.8,1.073,-1.0,-2.6,2.8,-17.2,8.8,1.08,25,5,0,0,5
124.4,Target,,,,,0.0,0.0,4.023,0.0,0.0,,,,,,,,,
124.5,1,isocontour,11.283791670955125,22838.68,48.06,10.5,18.0,0.988,3.6,-2.1,4.2,15.5,11.5,1.082,10,7,0,0,7
124.5,2,isocontour,11.283791670955125,21927.1,46.14,-1.6,20.7,0.991,-0.7,-0.1,0.7,15.5,11.5,1.082,10,6,0,0,6
124.5,3,isocontour,11.283791670955125,22308.64,46.95,6.5,19.8,0.985,-0.9,-0.3,0.9,15.5,11.5,1.082,10,6,0,0,6
124.5,4,isocontour,11.283791670955125,27773.07,58.45,16.3,12.8,0.993,0.8,-0.9,1.2,15.5,11.5,1.082,10,3,0,0,3
124.5,5,isocontour,11.283791670955125,25867.85,54.44,4.4,19.6,1.029,-2.7,0.5,2.7,15.5,11.5,1.082,10,6,0,0,6
124.5,6,isocontour,11.283791670955125,27511.42,57.89,3.3,19.3,1.058,1.7,1.4,2.2,15.5,11.5,1.082,10,6,0,0,6
124.5,7,isocontour,11.283791670955125,25251.36,53.14,-18.0,10.2,0.994,0.1,-2.8,2.8,-5.6,-17.9,1.108,21,5,0,0,5
124.5,8,isocontour,11.283791670955125,28210.38,59.37,4.0,19.2,1.055,0.4,1.4,1.5,15.5,11.5,1.082,10,6,0,0,6
124.5,9,isocontour,11.283791670955125,25681.25,54.04,20.1,4.8,0.996,-2.2,1.2,2.5,-5.6,-17.9,1.108,21,3,0,0,3
124.5,10,isocontour,11.283791670955125,26347.87,55.45,15.3,12.0,1.07,-0.2,1.0,1.0,15.3,12.0,1.082,10,3,0,0,3
124.5,11,isocontour,11.283791670955125,28408.94,59.78,-16.9,-10.5,1.04,0.1,2.0,2.0,-5.4,-17.9,1.114,21,3,0,0,3
124.5,12,isocontour,11.283791670955125,25124.74,52.87,-13.8,-15.9,0.977,-3.0,0.2,3.0,-5.5,-17.8,1.117,21,3,0,0,3
124.5,13,isocontour,11.283791670955125,24627.92,51.83,19.9,-6.1,0.989,0.2,-1.0,1.0,-5.4,-17.9,1.114,21,2,0,0,2
124.5,14,isocontour,11.283791670955125,26589.65,55.95,7.6,-18.0,1.059,-2.1,0.1,2.1,-5.4,-17.9,1.114,21,2,0,0,2
124.5,15,isocontour,11.283791670955125,21726.19,45.72,-9.6,16.6,1.081,2.5,-1.4,2.9,15.5,11.5,1.082,10,4,0,0,4
124.5,16,isocontour,11.283791670955125,41245.42,86.8,-20.4,3.6,0.991,-0.1,-2.9,2.9,-5.4,-17.9,1.114,21,4,0,0,4
124.5,17,isocontour,11.283791670955125,23330.57,49.1,4.1,19.7,1.025,0.9,-0.9,1.3,15.5,11.5,1.082,10,6,0,0,6
124.5,18,isocontour,11.283791670955125,28107.07,59.15,-12.5,16.3,1.0,0.6,-2.3,2.4,15.5,11.5,1.082,10,3,0,0,3
124.5,19,isocontour,11.283791670955125,24113.76,50.74,-20.6,-3.4,0.984,-1.4,-1.5,2.1,-5.4,-17.9,1.114,21,4,0,0,4
124.5,20,isocontour,11.283791670955125,26194.93,55.12,15.0,-14.5,0.985,2.7,3.3,4.3,-5.4,-17.9,1.114,21,2,0,0,2
124.5,21,isocontour,11.283791670955125,26622.82,56.02,-5.3,-17.8,1.118,2.7,-0.8,2.8,-5.3,-17.8,1.117,21,2,0,0,2
124.5,22,isocontour,11.283791670955125,28265.14,59.48,-19.0,-8.9,0.981,-2.5,1.3,2.8,-5.4,-17.9,1.114,21,4,0,0,4
124.5,23,isocontour,11.283791670955125,27804.81,58.51,-20.8,1.9,0.985,-0.2,-1.3,1.3,-5.4,-17.9,1.114,21,5,0,0,5
124.5,24,isocontour,11.283791670955125,27243.51,57.33,2.6,-20.3,1.004,-0.6,1.0,1.2,-5.5,-17.8,1.117,21,2,0,0,2
124.5,25,isocontour,11.283791670955125,26958.35,56.73,-17.4,8.8,1.064,-2.2,-0.3,2.2,-5.6,-17.9,1.108,21,5,0,0,5
124.5,Target,,,,,0.0,0.0,4.023,0.0,0.0,,,,,,,,,
124.6,1,isocontour,11.283791670955125,22828.98,48.04,10.5,17.8,0.996,-0.2,-2.0,2.0,15.5,11.5,1.082,10,7,0,0,7
124.6,2,isocontour,11.283791670955125,21901.36,46.09,-1.9,20.7,0.989,-2.7,0.2,2.7,15.5,11.5,1.082,10,6,0,0,6
124.6,3,isocontour,11.283791670955125,22280.88,46.89,6.2,19.8,0.991,-2.8,-0.3,2.8,15.5,11.5,1.082,10,6,0,0,6
124.6,4,isocontour,11.283791670955125,27760.65,58.42,16.4,13.0,0.983,1.1,1.9,2.2,-5.6,-17.9,1.108,21,3,0,0,3
124.6,5,isocontour,11.283791670955125,25866.53,54.43,4.5,19.6,1.029,1.0,-0.1,1.0,15.5,11.5,1.082,10,6,0,0,6
124.6,6,isocontour,11.283791670955125,27510.17,57.89,3.4,19.3,1.054,1.0,0.2,1.0,15.5,11.5,1.082,10,6,0,0,6
124.6,7,isocontour,11.283791670955125,25241.51,53.12,-18.2,10.1,0.989,-1.8,-0.8,2.0,-5.4,-17.9,1.114,21,5,0,0,5
124.6,8,isocontour,11.283791670955125,28210.34,59.37,4.0,19.3,1.052,0.2,0.2,0.3,15.5,11.5,1.082,10,6,0,0,6
124.6,9,isocontour,11.283791670955125,25654.08,53.99,20.1,4.6,0.998,0.6,-2.7,2.8,-5.4,-17.9,1.114,21,3,0,0,3
124.6,10,isocontour,11.283791670955125,26319.82,55.39,15.4,11.8,1.072,1.3,-2.5,2.8,-5.6,-17.9,1.108,21,3,0,0,3
124.6,11,isocontour,11.283791670955125,28401.28,59.77,-17.0,-10.4,1.036,-1.6,0.8,1.8,-5.5,-17.8,1.117,21,3,0,0,3
124.6,12,isocontour,11.283791670955125,25123.57,52.87,-13.8,-15.8,0.979,0.1,1.0,1.0,-5.3,-17.8,1.118,21,3,0,0,3
124.6,13,isocontour,11.283791670955125,24626.22,51.82,19.9,-6.0,0.989,0.3,1.1,1.1,-5.4,-17.9,1.114,21,2,0,0,2
124.6,14,isocontour,11.283791670955125,26560.99,55.89,7.3,-18.1,1.064,-2.8,-0.3,2.8,-5.5,-17.8,1.117,21,2,0,0,2
124.6,15,isocontour,11.283791670955125,21724.44,45.72,-9.6,16.6,1.084,-0.9,-0.6,1.1,-5.6,-17.9,1.108,21,4,0,0,4
124.6,16,isocontour,11.283791670955125,41215.84,86.73,-20.5,3.3,0.99,-0.7,-2.8,2.9,-5.4,-17.9,1.114,21,4,0,0,4
124.6,17,isocontour,11.283791670955125,23330.43,49.1,4.1,19.7,1.026,-0.4,0.1,0.4,15.5,11.5,1.082,10,6,0,0,6
124.6,18,isocontour,11.283791670955125,28082.72,59.1,-12.3,16.4,1.004,2.3,1.3,2.6,-5.6,-17.9,1.108,21,3,0,0,3
124.6,19,isocontour,11.283791670955125,24094.91,50.7,-20.7,-3.2,0.979,-1.2,2.2,2.5,-5.4,-17.9,1.114,21,4,0,0,4
124.6,20,isocontour,11.283791670955125,26192.72,55.12,15.0,-14.4,0.99,-0.3,1.2,1.2,-5.4,-17.9,1.114,21,2,0,0,2
124.6,21,isocontour,11.283791670955125,26621.54,56.02,-5.2,-17.9,1.117,0.9,-0.3,0.9,-5.2,-17.9,1.118,21,2,0,0,2
124.6,22,isocontour,11.283791670955125,28243.41,59.43,-19.0,-8.6,0.985,0.3,2.6,2.6,-5.5,-17.8,1.117,21,4,0,0,4
124.6,23,isocontour,11.283791670955125,27776.75,58.45,-20.7,2.1,0.988,0.9,2.7,2.8,-5.4,-17.9,1.114,21,5,0,0,5
124.6,24,isocontour,11.283791670955125,27229.64,57.3,2.5,-20.5,0.997,-1.1,-1.9,2.2,-5.3,-17.8,1.118,21,2,0,0,2
124.6,25,isocontour,11.283791670955125,26951.06,56.72,-17.4,8.9,1.059,0.3,1.8,1.8,-5.4,-17.9,1.114,21,5,0,0,5
124.6,Target,,,,,0.0,0.0,4.023,0.0,0.0,,,,,,,,,
124.7,1,isocontour,11.283791670955125,22797.83,47.98,10.7,17.6,0.999,2.3,-1.8,2.9,-5.6,-17.9,1.108,21,7,0,0,7
124.7,2,isocontour,11.283791670955125,21801.1,45.88,-2.3,20.6,0.992,-4.1,-1.2,4.3,-5.6,-17.9,1.108,21,7,0,0,7
124.7,3,isocontour,11.283791670955125,22255.15,46.83,6.0,19.9,0.992,-2.6,0.9,2.8,15.5,11.5,1.082,10,6,0,0,6
124.7,4,isocontour,11.283791670955125,27674.35,58.24,16.6,12.7,0.981,2.7,-3.1,4.1,-5.4,-17.9,1.114,21,3,0,0,3
124.7,5,isocontour,11.283791670955125,25775.08,54.24,4.8,19.4,1.031,3.9,-1.4,4.1,15.5,11.5,1.082,10,6,0,0,6
124.7,6,isocontour,11.283791670955125,27478.7,57.83,3.7,19.3,1.054,2.9,-0.6,3.0,15.5,11.5,1.082,10,6,0,0,6
124.7,7,isocontour,11.283791670955125,25219.78,53.07,-18.0,10.2,0.991,1.7,1.9,2.5,-5.4,-17.9,1.114,21,5,0,0,5
124.7,8,isocontour,11.283791670955125,28194.53,59.33,4.0,19.1,1.062,0.5,-2.3,2.4,15.5,11.5,1.082,10,6,0,0,6
124.7,9,isocontour,11.283791670955125,25652.29,53.98,20.0,4.5,1.002,-0.8,-0.8,1.1,-5.4,-17.9,1.114,21,3,0,0,3
124.7,10,isocontour,11.283791670955125,26318.16,55.38,15.4,11.6,1.075,0.2,-1.1,1.1,-5.4,-17.9,1.114,21,3,0,0,3
124.7,11,isocontour,11.283791670955125,28400.78,59.77,-17.1,-10.4,1.034,-0.6,0.5,0.8,-5.3,-17.8,1.118,21,3,0,0,3
124.7,12,isocontour,11.283791670955125,25121.73,52.87,-13.8,-15.7,0.984,0.1,1.1,1.1,-5.3,-17.8,1.118,21,3,0,0,3
124.7,13,isocontour,11.283791670955125,24596.95,51.76,19.8,-5.8,0.996,-0.8,2.7,2.8,-5.4,-17.9,1.114,21,2,0,0,2
124.7,14,isocontour,11.283791670955125,26551.14,55.87,7.2,-18.2,1.059,-1.2,-1.5,1.9,-5.3,-17.8,1.118,21,2,0,0,2
124.7,15,isocontour,11.283791670955125,21698.14,45.66,-9.8,16.4,1.085,-2.2,-1.6,2.7,-5.4,-17.9,1.114,21,4,0,0,4
124.7,16,isocontour,11.283791670955125,41205.07,86.71,-20.6,3.4,0.982,-1.5,1.4,2.1,-5.4,-17.9,1.114,21,4,0,0,4
124.7,17,isocontour,11.283791670955125,23326.63,49.09,4.2,19.7,1.023,1.4,0.4,1.5,15.5,11.5,1.082,10,6,0,0,6
124.7,18,isocontour,11.283791670955125,28063.18,59.06,-12.5,16.5,0.996,-2.5,0.3,2.5,-5.4,-17.9,1.114,21,4,0,0,4
124.7,19,isocontour,11.283791670955125,24070.57,50.65,-20.6,-3.0,0.985,1.1,2.4,2.6,-5.5,-17.8,1.117,21,4,0,0,4
124.7,20,isocontour,11.283791670955125,26154.35,55.04,14.7,-14.5,0.996,-2.8,-1.3,3.1,-5.5,-17.8,1.117,21,2,0,0,2
124.7,21,isocontour,11.283791670955125,26600.06,55.98,-5.0,-17.9,1.121,2.6,-0.1,2.6,-5.3,-17.8,1.118,21,2,0,0,2
124.7,22,isocontour,11.283791670955125,28241.66,59.43,-19.0,-8.5,0.986,-0.5,1.0,1.1,-5.3,-17.8,1.118,21,4,0,0,4
124.7,23,isocontour,11.283791670955125,27749.88,58.4,-20.6,2.4,0.99,0.7,2.7,2.8,-5.5,-17.8,1.117,21,5,0,0,5
124.7,24,isocontour,11.283791670955125,27219.19,57.28,2.5,-20.7,0.986,0.8,-1.8,2.0,-5.3,-17.8,1.118,21,2,0,0,2
124.7,25,isocontour,11.283791670955125,26949.78,56.71,-17.3,9.0,1.061,0.8,0.6,1.0,-5.4,-17.9,1.114,21,5,0,0,5
124.7,Target,,,,,0.0,0.0,4.023,0.0,0.0,,,,,,,,,
124.8,1,isocontour,11.283791670955125,22757.2,47.89,11.0,17.4,0.999,2.7,-1.6,3.1,-5.4,-17.9,1.114,21,7,0,0,7
124.8,2,isocontour,11.283791670955125,21796.09,45.87,-2.4,20.7,0.986,-0.3,1.5,1.5,-5.4,-17.9,1.114,21,7,0,0,7
124.8,3,isocontour,11.283791670955125,22155.59,46.62,6.3,19.9,0.982,4.2,0.8,4.3,-5.6,-17.9,1.108,21,6,0,0,6
124.8,4,isocontour,11.283791670955125,27658.33,58.2,16.5,12.8,0.985,-2.1,1.0,2.3,-5.4,-17.9,1.114,21,3,0,0,3
124.8,5,isocontour,11.283791670955125,25752.06,54.19,5.1,19.4,1.031,2.6,-0.5,2.6,-5.6,-17.9,1.108,21,6,0,0,6
124.8,6,isocontour,11.283791670955125,27477.94,57.82,3.7,19.3,1.052,-0.7,0.5,0.9,-5.6,-17.9,1.108,21,6,0,0,6
124.8,7,isocontour,11.283791670955125,25191.12,53.01,-18.2,10.1,0.99,-1.6,-2.4,2.9,-5.5,-17.8,1.117,21,5,0,0,5
124.8,8,isocontour,11.283791670955125,28167.65,59.28,4.2,18.9,1.069,2.4,-1.3,2.7,-5.6,-17.9,1.108,21,6,0,0,6
124.8,9,isocontour,11.283791670955125,25651.32,53.98,20.0,4.5,1.002,-0.1,0.9,0.9,-5.4,-17.9,1.114,21,3,0,0,3
124.8,10,isocontour,11.283791670955125,26315.67,55.38,15.3,11.6,1.079,-1.2,0.3,1.2,-5.4,-17.9,1.114,21,3,0,0,3
124.8,11,isocontour,11.283791670955125,28399.65,59.76,-17.1,-10.3,1.032,-0.8,0.5,0.9,-5.3,-17.8,1.118,21,3,0,0,3
124.8,12,isocontour,11.283791670955125,25120.49,52.86,-13.8,-15.6,0.988,0.0,1.0,1.0,-5.0,-17.9,1.121,21,3,0,0,3
124.8,13,isocontour,11.283791670955125,24592.12,51.75,20.0,-5.7,0.991,1.5,0.4,1.6,-5.5,-17.8,1.117,21,2,0,0,2
124.8,14,isocontour,11.283791670955125,26550.35,55.87,7.2,-18.2,1.057,0.8,0.0,0.8,-5.3,-17.8,1.118,21,2,0,0,2
124.8,15,isocontour,11.283791670955125,21695.53,45.66,-10.0,16.4,1.082,-1.3,0.1,1.3,-5.4,-17.9,1.114,21,4,0,0,4
124.8,16,isocontour,11.283791670955125,41183.84,86.67,-20.7,3.6,0.978,-0.1,2.6,2.6,-5.5,-17.8,1.117,21,4,0,0,4
124.8,17,isocontour,11.283791670955125,23298.57,49.03,4.4,19.7,1.023,2.7,-0.9,2.8,-5.6,-17.9,1.108,21,6,0,0,6
124.8,18,isocontour,11.283791670955125,27974.97,58.87,-12.9,16.6,0.979,-4.0,1.0,4.1,-5.4,-17.9,1.114,21,4,0,0,4
124.8,19,isocontour,11.283791670955125,24043.4,50.6,-20.4,-3.1,0.995,2.2,-1.7,2.8,-5.3,-17.8,1.118,21,4,0,0,4
124.8,20,isocontour,11.283791670955125,26118.49,54.96,14.6,-14.7,0.995,-1.8,-2.5,3.1,-5.3,-17.8,1.118,21,2,0,0,2
124.8,21,isocontour,11.283791670955125,26594.66,55.97,-4.9,-18.0,1.114,0.4,-1.6,1.6,-4.9,-18.0,1.121,21,2,0,0,2
124.8,22,isocontour,11.283791670955125,28219.93,59.39,-19.1,-8.3,0.989,-0.4,2.5,2.5,-5.3,-17.8,1.118,21,4,0,0,4
124.8,23,isocontour,11.283791670955125,27721.22,58.34,-20.6,2.2,0.99,-0.4,-2.8,2.8,-5.3,-17.8,1.118,21,5,0,0,5
124.8,24,isocontour,11.283791670955125,27216.45,57.27,2.7,-20.7,0.984,1.3,0.1,1.3,-5.0,-17.9,1.121,21,2,0,0,2
124.8,25,isocontour,11.283791670955125,26942.13,56.7,-17.2,9.1,1.067,1.7,0.7,1.8,-5.5,-17.8,1.117,21,5,0,0,5
124.8,Target,,,,,0.0,0.0,4.023,0.0,0.0,,,,,,,,,
124.9,1,isocontour,11.283791670955125,22753.99,47.88,11.1,17.4,1.0,1.1,-0.8,1.4,-5.4,-17.9,1.114,21,7,0,0,7
124.9,2,isocontour,11.283791670955125,21794.04,45.86,-2.5,20.7,0.986,-1.1,-0.5,1.2,-5.4,-17.9,1.114,21,6,0,0,6
124.9,3,isocontour,11.283791670955125,22145.74,46.6,6.5,20.0,0.975,1.9,0.6,2.0,-5.4,-17.9,1.114,21,6,0,0,6
124.9,4,isocontour,11.283791670955125,27649.62,58.19,16.3,12.9,0.99,-1.7,0.9,1.9,-5.4,-17.9,1.114,21,3,0,0,3
124.9,5,isocontour,11.283791670955125,25726.89,54.14,5.4,19.3,1.031,2.6,-0.8,2.7,-5.4,-17.9,1.114,21,6,0,0,6
124.9,6,isocontour,11.283791670955125,27446.47,57.76,3.9,19.3,1.053,2.8,-0.8,2.9,-5.4,-17.9,1.114,21,6,0,0,6
124.9,7,isocontour,11.283791670955125,25167.31,52.96,-18.2,10.2,0.982,-0.5,2.6,2.6,-5.3,-17.8,1.118,21,5,0,0,5
124.9,8,isocontour,11.283791670955125,28164.58,59.27,4.3,18.8,1.073,0.9,-1.0,1.3,-5.4,-17.9,1.114,21,6,0,0,6
124.9,9,isocontour,11.283791670955125,25649.11,53.98,20.1,4.7,0.999,0.4,1.1,1.2,-5.5,-17.8,1.117,21,3,0,0,3
124.9,10,isocontour,11.283791670955125,26287.91,55.32,15.1,11.8,1.085,-2.3,1.5,2.7,-5.4,-17.9,1.114,21,3,0,0,3
124.9,11,isocontour,11.283791670955125,28378.91,59.72,-17.2,-10.1,1.036,-0.6,2.5,2.6,-5.0,-17.9,1.121,21,3,0,0,3
124.9,12,isocontour,11.283791670955125,25119.92,52.86,-13.8,-15.5,0.99,-0.3,0.7,0.8,-5.0,-17.9,1.121,21,3,0,0,3
124.9,13,isocontour,11.283791670955125,24570.89,51.71,20.2,-5.7,0.978,2.5,-0.0,2.5,-5.3,-17.8,1.118,21,2,0,0,2
124.9,14,isocontour,11.283791670955125,26549.87,55.87,7.3,-18.2,1.058,0.5,0.5,0.7,-5.0,-17.9,1.121,21,2,0,0,2
124.9,15,isocontour,11.283791670955125,21694.24,45.65,-10.0,16.3,1.083,-0.6,-0.8,1.0,-5.5,-17.8,1.117,21,4,0,0,4
124.9,16,isocontour,11.283791670955125,41180.5,86.66,-20.6,3.6,0.983,1.1,-0.8,1.4,-5.3,-17.8,1.118,21,4,0,0,4
124.9,17,isocontour,11.283791670955125,23296.77,49.03,4.6,19.6,1.027,0.8,-0.8,1.1,-5.4,-17.9,1.114,21,6,0,0,6
124.9,18,isocontour,11.283791670955125,27974.76,58.87,-12.9,16.5,0.979,0.1,-0.5,0.5,-5.5,-17.8,1.117,21,4,0,0,4
124.9,19,isocontour,11.283791670955125,24041.24,50.59,-20.4,-3.2,0.997,0.2,-1.2,1.2,-5.3,-17.8,1.118,21,4,0,0,4
124.9,20,isocontour,11.283791670955125,26110.45,54.95,14.6,-14.8,0.985,1.3,-1.3,1.8,-5.3,-17.8,1.118,21,2,0,0,2
124.9,21,isocontour,11.283791670955125,26591.66,55.96,-5.0,-18.0,1.115,-1.1,0.8,1.4,-5.0,-17.9,1.121,21,2,0,0,2
124.9,22,isocontour,11.283791670955125,28196.65,59.34,-19.1,-8.0,0.993,-0.3,2.6,2.6,-5.0,-17.9,1.121,21,4,0,0,4
124.9,23,isocontour,11.283791670955125,27718.73,58.33,-20.7,2.1,0.985,-1.1,-0.5,1.2,-5.3,-17.8,1.118,21,5,0,0,5
124.9,24,isocontour,11.283791670955125,27200.43,57.24,2.8,-20.5,0.993,1.0,2.1,2.3,-5.0,-17.9,1.121,21,2,0,0,2
124.9,25,isocontour,11.283791670955125,26924.63,56.66,-17.3,9.0,1.062,-2.0,-1.3,2.4,-5.3,-17.8,1.118,21,5,0,0,5
124.9,Target,,,,,0.0,0.0,4.023,0.0,0.0,,,,,,,,,
125.0,1,isocontour,11.283791670955125,22749.61,47.87,11.2,17.3,1.001,1.2,-1.0,1.6,-5.4,-17.9,1.114,21,7,0,0,7
125.0,2,isocontour,11.283791670955125,21766.28,45.8,-2.3,20.6,0.992,2.6,-0.9,2.8,-5.5,-17.8,1.117,21,7,0,0,7
125.0,3,isocontour,11.283791670955125,22138.08,46.59,6.7,20.0,0.973,1.8,-0.3,1.8,-5.4,-17.9,1.114,21,6,0,0,6
125.0,4,isocontour,11.283791670955125,27648.41,58.18,16.2,12.9,0.992,-0.9,0.4,1.0,-5.5,-17.8,1.117,21,3,0,0,3
125.0,5,isocontour,11.283791670955125,25723.47,54.13,5.5,19.2,1.036,0.8,-1.1,1.4,-5.4,-17.9,1.114,21,6,0,0,6
125.0,6,isocontour,11.283791670955125,27414.67,57.69,4.2,19.2,1.055,2.7,-1.0,2.9,-5.4,-17.9,1.114,21,6,0,0,6
125.0,7,isocontour,11.283791670955125,25155.74,52.94,-18.3,10.1,0.98,-1.2,-1.7,2.1,-5.3,-17.8,1.118,21,5,0,0,5
125.0,8,isocontour,11.283791670955125,28163.02,59.27,4.4,18.8,1.077,0.8,-0.7,1.1,-5.4,-17.9,1.114,21,6,0,0,6
125.0,9,isocontour,11.283791670955125,25647.75,53.97,20.1,4.6,1.0,-0.2,-1.0,1.0,-5.3,-17.8,1.118,21,3,0,0,3
125.0,10,isocontour,11.283791670955125,26261.61,55.26,14.9,11.9,1.089,-2.2,1.6,2.7,-5.5,-17.8,1.117,21,3,0,0,3
125.0,11,isocontour,11.283791670955125,28375.49,59.71,-17.3,-10.0,1.033,-1.2,0.7,1.4,-5.0,-17.9,1.121,21,3,0,0,3
125.0,12,isocontour,11.283791670955125,25083.71,52.79,-13.7,-15.7,0.988,1.9,-2.4,3.1,-5.0,-17.9,1.121,21,3,0,0,3
125.0,13,isocontour,11.283791670955125,24541.93,51.65,20.2,-5.5,0.98,-0.1,2.8,2.8,-5.3,-17.8,1.118,21,2,0,0,2
125.0,14,isocontour,11.283791670955125,26547.61,55.87,7.2,-18.2,1.058,-1.1,-0.5,1.2,-5.0,-17.9,1.121,21,2,0,0,2
125.0,15,isocontour,11.283791670955125,21665.28,45.59,-10.2,16.2,1.086,-2.1,-1.9,2.8,-5.3,-17.8,1.118,21,4,0,0,4
125.0,16,isocontour,11.283791670955125,41159.51,86.62,-20.6,3.4,0.984,-0.5,-2.5,2.5,-5.3,-17.8,1.118,21,4,0,0,4
125.0,17,isocontour,11.283791670955125,23293.91,49.02,4.6,19.5,1.031,0.8,-1.0,1.3,-5.4,-17.9,1.114,21,6,0,0,6
125.0,18,isocontour,11.283791670955125,27971.18,58.86,-12.8,16.4,0.986,0.9,-1.0,1.3,-5.3,-17.8,1.118,21,4,0,0,4
125.0,19,isocontour,11.283791670955125,24026.23,50.56,-20.6,-3.2,0.987,-2.3,0.3,2.3,-5.0,-17.9,1.121,21,4,0,0,4
125.0,20,isocontour,11.283791670955125,26108.56,54.94,14.6,-14.9,0.983,-0.6,-0.9,1.1,-5.0,-17.9,1.121,21,2,0,0,2
125.0,21,isocontour,11.283791670955125,26576.44,55.93,-4.8,-18.1,1.11,1.6,-1.6,2.3,-5.0,-17.9,1.121,21,2,0,0,2
125.0,22,isocontour,11.283791670955125,28166.45,59.27,-19.1,-8.2,0.99,0.3,-2.9,2.9,-5.0,-17.9,1.121,21,4,0,0,4
125.0,23,isocontour,11.283791670955125,27712.26,58.32,-20.9,2.1,0.977,-1.6,-0.7,1.7,-5.0,-17.9,1.121,21,5,0,0,5
125.0,24,isocontour,11.283791670955125,27199.95,57.24,2.8,-20.5,0.996,0.7,0.3,0.8,-5.0,-17.9,1.121,21,2,0,0,2
125.0,25,isocontour,11.283791670955125,26895.66,56.6,-17.5,8.7,1.061,-1.4,-2.5,2.9,-5.3,-17.8,1.118,21,5,0,0,5
125.0,Target,,,,,0.0,0.0,4.023,0.0,0.0,,,,,,,,,
125.1,1,isocontour,11.283791670955125,22744.5,47.86,11.3,17.3,0.994,1.4,0.8,1.6,-5.5,-17.8,1.117,21,7,0,0,7
125.1,2,isocontour,11.283791670955125,21764.44,45.8,-2.3,20.6,0.994,-1.0,-0.5,1.1,-5.3,-17.8,1.118,21,6,0,0,6
125.1,3,isocontour,11.283791670955125,22110.03,46.53,6.9,19.8,0.977,2.2,-1.7,2.8,-5.5,-17.8,1.117,21,6,0,0,6
125.1,4,isocontour,11.283791670955125,27646.52,58.18,16.2,13.0,0.988,0.8,0.8,1.1,-5.3,-17.8,1.118,21,3,0,0,3
125.1,5,isocontour,11.283791670955125,25722.3,54.13,5.5,19.1,1.038,0.7,-0.6,0.9,-5.5,-17.8,1.117,21,6,0,0,6
125.1,6,isocontour,11.283791670955125,27413.31,57.69,4.1,19.1,1.058,-1.0,-0.3,1.0,-5.5,-17.8,1.117,21,6,0,0,6
125.1,7,isocontour,11.283791670955125,25133.5,52.89,-18.1,10.2,0.987,2.3,1.1,2.5,-5.0,-17.9,1.121,21,5,0,0,5
125.1,8,isocontour,11.283791670955125,28140.52,59.22,4.6,18.6,1.085,1.7,-2.0,2.6,-5.5,-17.8,1.117,21,6,0,0,6
125.1,9,isocontour,11.283791670955125,25646.72,53.97,20.1,4.5,1.0,0.3,-0.9,0.9,-5.3,-17.8,1.118,21,3,0,0,3
125.1,10,isocontour,11.283791670955125,26254.8,55.25,15.0,11.9,1.087,1.5,-0.9,1.7,-5.3,-17.8,1.118,21,3,0,0,3
125.1,11,isocontour,11.283791670955125,28361.81,59.68,-17.5,-9.9,1.029,-1.7,1.4,2.2,-5.0,-17.9,1.121,21,3,0,0,3
125.1,12,isocontour,11.283791670955125,25081.51,52.78,-13.6,-15.8,0.987,0.9,-0.8,1.2,-5.0,-17.9,1.121,21,3,0,0,3
125.1,13,isocontour,11.283791670955125,24512.97,51.58,20.2,-5.2,0.984,-0.0,2.8,2.8,-5.0,-17.9,1.121,21,2,0,0,2
125.1,14,isocontour,11.283791670955125,26515.16,55.8,7.0,-18.4,1.053,-2.3,-1.8,2.9,-5.0,-17.9,1.121,21,2,0,0,2
125.1,15,isocontour,11.283791670955125,21635.4,45.53,-10.0,16.2,1.088,2.6,1.2,2.9,-5.3,-17.8,1.118,21,4,0,0,4
125.1,16,isocontour,11.283791670955125,41127.72,86.55,-20.6,3.1,0.988,0.4,-2.9,2.9,-5.0,-17.9,1.121,21,4,0,0,4
125.1,17,isocontour,11.283791670955125,23199.13,48.82,5.0,19.5,1.026,4.2,0.2,4.2,-5.5,-17.8,1.117,21,6,0,0,6
125.1,18,isocontour,11.283791670955125,27955.57,58.83,-12.9,16.3,0.989,-1.4,-1.8,2.3,-5.3,-17.8,1.118,21,3,0,0,3
125.1,19,isocontour,11.283791670955125,24020.31,50.55,-20.7,-3.4,0.981,-0.6,-1.5,1.6,-5.0,-17.9,1.121,21,4,0,0,4
125.1,20,isocontour,11.283791670955125,26092.54,54.91,14.5,-15.1,0.982,-1.6,-1.7,2.3,-5.0,-17.9,1.121,21,2,0,0,2
125.1,21,isocontour,11.283791670955125,26550.71,55.87,-4.6,-18.2,1.11,2.7,-0.3,2.7,-5.0,-17.9,1.121,21,2,0,0,2
125.1,22,isocontour,11.283791670955125,28148.51,59.24,-19.2,-8.4,0.98,-1.2,-2.1,2.4,-5.0,-17.9,1.121,21,4,0,0,4
125.1,23,isocontour,11.283791670955125,27683.6,58.26,-20.8,1.8,0.981,0.8,-2.7,2.8,-5.0,-17.9,1.121,21,5,0,0,5
125.1,24,isocontour,11.283791670955125,27194.74,57.23,2.9,-20.6,0.989,0.8,-1.4,1.6,-5.0,-17.9,1.121,21,2,0,0,2
125.1,25,isocontour,11.283791670955125,26891.62,56.59,-17.6,8.7,1.053,-1.3,0.6,1.4,-5.0,-17.9,1.121,21,5,0,0,5
125.1,Target,,,,,0.0,0.0,4.023,0.0,0.0,,,,,,,,,
125.2,1,isocontour,11.283791670955125,22722.01,47.82,11.6,17.2,0.991,2.4,-1.1,2.6,-5.3,-17.8,1.118,21,7,0,0,7
125.2,2,isocontour,11.283791670955125,21763.04,45.8,-2.4,20.6,0.993,-1.0,0.2,1.0,-5.3,-17.8,1.118,21,6,0,0,6
125.2,3,isocontour,11.283791670955125,22074.17,46.45,6.7,19.7,0.988,-2.7,-1.3,3.0,-5.3,-17.8,1.118,21,6,0,0,6
125.2,4,isocontour,11.283791670955125,27545.56,57.97,16.5,12.8,0.982,3.3,-2.7,4.3,-5.3,-17.8,1.118,21,3,0,0,3
125.2,5,isocontour,11.283791670955125,25689.52,54.06,5.3,19.1,1.044,-2.9,-0.1,2.9,-5.3,-17.8,1.118,21,6,0,0,6
125.2,6,isocontour,11.283791670955125,27385.85,57.63,4.3,19.1,1.056,2.8,-0.0,2.8,-5.3,-17.8,1.118,21,6,0,0,6
125.2,7,isocontour,11.283791670955125,25130.89,52.88,-18.0,10.2,0.994,1.2,-0.5,1.3,-5.0,-17.9,1.121,21,5,0,0,5
125.2,8,isocontour,11.283791670955125,28137.78,59.21,4.6,18.7,1.08,-0.3,1.2,1.2,-5.3,-17.8,1.118,21,6,0,0,6
125.2,9,isocontour,11.283791670955125,25645.72,53.97,20.1,4.6,1.0,-0.1,0.9,0.9,-5.0,-17.9,1.121,21,3,0,0,3
125.2,10,isocontour,11.283791670955125,26251.8,55.24,15.0,11.8,1.091,0.0,-1.3,1.3,-5.3,-17.8,1.118,21,3,0,0,3
125.2,11,isocontour,11.283791670955125,28359.26,59.68,-17.4,-9.9,1.031,1.0,-0.7,1.2,-5.0,-17.9,1.121,21,3,0,0,3
125.2,12,isocontour,11.283791670955125,25079.71,52.78,-13.5,-15.7,0.992,0.4,1.0,1.1,-5.0,-17.9,1.121,21,3,0,0,3
125.2,13,isocontour,11.283791670955125,24484.01,51.52,20.2,-4.9,0.988,-0.1,2.8,2.8,-5.0,-17.9,1.121,21,1,0,0,1
125.2,14,isocontour,11.283791670955125,26493.18,55.75,7.1,-18.5,1.043,2.4,-1.0,2.6,-5.0,-17.9,1.121,21,2,0,0,2
125.2,15,isocontour,11.283791670955125,21633.74,45.53,-9.9,16.3,1.091,1.1,0.1,1.1,-5.0,-17.9,1.121,21,4,0,0,4
125.2,16,isocontour,11.283791670955125,41100.25,86.49,-20.5,3.3,0.992,1.1,2.5,2.7,-5.0,-17.9,1.121,21,4,0,0,4
125.2,17,isocontour,11.283791670955125,23183.72,48.79,5.1,19.3,1.036,-0.1,-2.3,2.3,-5.3,-17.8,1.118,21,6,0,0,6
125.2,18,isocontour,11.283791670955125,27948.88,58.81,-12.9,16.1,0.997,0.4,-1.7,1.7,-5.0,-17.9,1.121,21,3,0,0,3
125.2,19,isocontour,11.283791670955125,24018.47,50.54,-20.6,-3.3,0.985,0.9,0.6,1.1,-5.0,-17.9,1.121,21,4,0,0,4
125.2,20,isocontour,11.283791670955125,26070.3,54.86,14.2,-15.1,0.99,-2.6,-0.1,2.6,-5.0,-17.9,1.121,21,1,0,0,1
125.2,21,isocontour,11.283791670955125,26547.43,55.87,-4.5,-18.3,1.104,0.2,-1.3,1.3,-5.0,-17.9,1.121,21,2,0,0,2
125.2,22,isocontour,11.283791670955125,28147.78,59.23,-19.1,-8.4,0.982,0.4,0.7,0.8,-5.0,-17.9,1.121,21,4,0,0,4
125.2,23,isocontour,11.283791670955125,27654.64,58.2,-20.7,2.0,0.986,1.1,2.6,2.8,-5.0,-17.9,1.121,21,5,0,0,5
125.2,24,isocontour,11.283791670955125,27194.06,57.23,2.9,-20.6,0.989,-0.7,0.3,0.8,-5.0,-17.9,1.121,21,2,0,0,2
125.2,25,isocontour,11.283791670955125,26863.56,56.53,-17.7,8.5,1.053,-1.1,-2.6,2.8,-5.0,-17.9,1.121,21,5,0,0,5
125.2,Target,,,,,0.0,0.0,4.023,0.0,0.0,,,,,,,,,
125.3,1,isocontour,11.283791670955125,22720.61,47.81,11.7,17.2,0.987,1.0,0.2,1.0,-5.3,-17.8,1.118,21,7,0,0,7
125.3,2,isocontour,11.283791670955125,21732.21,45.73,-2.7,20.6,0.99,-2.9,0.3,2.9,-5.0,-17.9,1.121,21,6,0,0,6
125.3,3,isocontour,11.283791670955125,22043.02,46.39,6.4,19.7,0.995,-2.9,-0.3,2.9,-5.3,-17.8,1.118,21,6,0,0,6
125.3,4,isocontour,11.283791670955125,27512.78,57.9,16.7,12.5,0.986,1.0,-2.8,3.0,-5.0,-17.9,1.121,21,3,0,0,3
125.3,5,isocontour,11.283791670955125,25683.81,54.05,5.3,19.0,1.052,0.2,-1.6,1.6,-5.3,-17.8,1.118,21,6,0,0,6
125.3,6,isocontour,11.283791670955125,27354.05,57.56,4.5,19.3,1.042,1.6,2.4,2.9,-5.3,-17.8,1.118,21,6,0,0,6
125.3,7,isocontour,11.283791670955125,25113.17,52.85,-18.2,10.2,0.985,-2.4,0.0,2.4,-5.0,-17.9,1.121,21,5,0,0,5
125.3,8,isocontour,11.283791670955125,28137.53,59.21,4.6,18.7,1.076,-0.0,0.6,0.6,-5.3,-17.8,1.118,21,6,0,0,6
125.3,9,isocontour,11.283791670955125,25644.79,53.97,20.1,4.7,0.999,-0.1,0.9,0.9,-5.0,-17.9,1.121,21,3,0,0,3
125.3,10,isocontour,11.283791670955125,26250.56,55.24,15.0,11.7,1.092,0.6,-0.8,1.0,-5.0,-17.9,1.121,21,3,0,0,3
125.3,11,isocontour,11.283791670955125,28328.43,59.61,-17.3,-10.2,1.031,1.4,-2.5,2.9,-5.0,-17.9,1.121,21,3,0,0,3
125.3,12,isocontour,11.283791670955125,25077.39,52.77,-13.4,-15.8,0.994,1.0,-0.7,1.2,-5.0,-17.9,1.121,21,3,0,0,3
125.3,13,isocontour,11.283791670955125,24454.74,51.46,20.2,-4.6,0.993,-0.2,2.8,2.8,-5.0,-17.9,1.121,21,1,0,0,1
125.3,14,isocontour,11.283791670955125,26476.11,55.72,7.4,-18.5,1.04,2.3,0.5,2.4,-5.0,-17.9,1.121,21,2,0,0,2
125.3,15,isocontour,11.283791670955125,21606.28,45.47,-10.1,16.2,1.089,-2.6,-1.1,2.8,-5.0,-17.9,1.121,21,4,0,0,4
125.3,16,isocontour,11.283791670955125,41099.05,86.49,-20.5,3.2,0.992,-0.3,-0.9,0.9,-5.0,-17.9,1.121,21,4,0,0,4
125.3,17,isocontour,11.283791670955125,23072.61,48.55,4.7,19.3,1.04,-4.4,0.7,4.5,-5.3,-17.8,1.118,21,6,0,0,6
125.3,18,isocontour,11.283791670955125,27923.71,58.76,-12.8,16.2,0.995,1.6,2.2,2.7,-5.0,-17.9,1.121,21,3,0,0,3
125.3,19,isocontour,11.283791670955125,23995.71,50.5,-20.6,-3.1,0.989,0.2,2.6,2.6,-5.0,-17.9,1.121,21,4,0,0,4
125.3,20,isocontour,11.283791670955125,26067.98,54.86,14.1,-15.2,0.993,-1.1,-0.6,1.3,-5.0,-17.9,1.121,21,1,0,0,1
125.3,21,isocontour,11.283791670955125,26543.71,55.86,-4.6,-18.2,1.106,-1.0,1.0,1.4,-5.0,-17.9,1.121,21,2,0,0,2
125.3,22,isocontour,11.283791670955125,28145.46,59.23,-19.0,-8.4,0.987,1.2,-0.1,1.2,-5.0,-17.9,1.121,21,4,0,0,4
125.3,23,isocontour,11.283791670955125,27626.29,58.14,-20.6,2.3,0.99,0.9,2.7,2.8,-5.0,-17.9,1.121,21,5,0,0,5
125.3,24,isocontour,11.283791670955125,27183.13,57.2,3.0,-20.4,0.996,1.3,1.5,2.0,-5.0,-17.9,1.121,21,2,0,0,2
125.3,25,isocontour,11.283791670955125,26835.81,56.47,-17.6,8.7,1.057,1.9,2.1,2.8,-5.0,-17.9,1.121,21,5,0,0,5
125.3,Target,,,,,0.0,0.0,4.023,0.0,0.0,,,,,,,,,
125.4,1,isocontour,11.283791670955125,22720.2,47.81,11.6,17.2,0.989,-0.7,-0.1,0.7,-5.0,-17.9,1.121,21,7,0,0,7
125.4,2,isocontour,11.283791670955125,21681.69,45.63,-2.9,20.8,0.975,-1.8,2.9,3.4,-5.0,-17.9,1.121,21,7,0,0,7
125.4,3,isocontour,11.283791670955125,22041.5,46.38,6.3,19.6,0.998,-1.1,0.0,1.1,-5.0,-17.9,1.121,21,6,0,0,6
125.4,4,isocontour,11.283791670955125,27502.32,57.88,16.8,12.3,0.985,1.3,-1.5,2.0,-5.0,-17.9,1.121,21,3,0,0,3
125.4,5,isocontour,11.283791670955125,25682.15,54.04,5.2,19.0,1.048,-0.2,1.1,1.1,-5.0,-17.9,1.121,21,6,0,0,6
125.4,6,isocontour,11.283791670955125,27352.21,57.56,4.5,19.4,1.037,-0.9,0.6,1.1,-5.0,-17.9,1.121,21,6,0,0,6
125.4,7,isocontour,11.283791670955125,25093.63,52.81,-18.1,10.3,0.989,2.2,1.2,2.5,-5.0,-17.9,1.121,21,5,0,0,5
125.4,8,isocontour,11.283791670955125,28117.75,59.17,4.7,18.9,1.065,1.8,1.8,2.5,-5.0,-17.9,1.121,21,6,0,0,6
125.4,9,isocontour,11.283791670955125,25617.91,53.91,20.1,4.9,0.996,-0.0,2.8,2.8,-5.0,-17.9,1.121,21,3,0,0,3
125.4,10,isocontour,11.283791670955125,26227.01,55.19,15.2,11.5,1.09,1.9,-1.9,2.7,-5.0,-17.9,1.121,21,3,0,0,3
125.4,11,isocontour,11.283791670955125,28322.71,59.6,-17.1,-10.2,1.037,1.6,-0.4,1.6,-5.0,-17.9,1.121,21,3,0,0,3
125.4,12,isocontour,11.283791670955125,25053.31,52.72,-13.3,-16.0,0.988,1.0,-2.5,2.7,-5.0,-17.9,1.121,21,3,0,0,3
125.4,13,isocontour,11.283791670955125,24453.13,51.46,20.2,-4.6,0.994,-0.4,-1.0,1.1,-5.0,-17.9,1.121,21,1,0,0,1
125.4,14,isocontour,11.283791670955125,26467.67,55.7,7.3,-18.6,1.038,-1.6,-1.0,1.9,-5.0,-17.9,1.121,21,2,0,0,2
125.4,15,isocontour,11.283791670955125,21600.46,45.46,-10.3,16.2,1.082,-1.6,0.5,1.7,-5.0,-17.9,1.121,21,4,0,0,4
125.4,16,isocontour,11.283791670955125,41078.06,86.44,-20.7,3.3,0.98,-2.3,1.1,2.5,-5.0,-17.9,1.121,21,4,0,0,4
125.4,17,isocontour,11.283791670955125,22956.19,48.31,5.0,19.3,1.035,4.5,0.1,4.5,-5.0,-17.9,1.121,21,6,0,0,6
125.4,18,isocontour,11.283791670955125,27922.94,58.76,-12.8,16.3,0.991,-0.6,0.6,0.8,-5.0,-17.9,1.121,21,4,0,0,4
125.4,19,isocontour,11.283791670955125,23994.71,50.49,-20.5,-3.0,0.992,0.5,0.7,0.9,-5.0,-17.9,1.121,21,4,0,0,4
125.4,20,isocontour,11.283791670955125,26046.51,54.81,14.3,-15.1,0.99,2.3,1.2,2.6,-5.0,-17.9,1.121,21,1,0,0,1
125.4,21,isocontour,11.283791670955125,26517.12,55.8,-4.4,-18.3,1.107,2.7,-0.7,2.8,-5.0,-17.9,1.121,21,2,0,0,2
125.4,22,isocontour,11.283791670955125,28113.66,59.16,-18.8,-8.3,1.002,2.7,1.1,2.9,-5.0,-17.9,1.121,21,4,0,0,4
125.4,23,isocontour,11.283791670955125,27602.21,58.09,-20.6,2.5,0.991,0.4,2.6,2.6,-5.0,-17.9,1.121,21,5,0,0,5
125.4,24,isocontour,11.283791670955125,27182.67,57.2,3.0,-20.4,0.998,0.7,0.2,0.7,-5.0,-17.9,1.121,21,2,0,0,2
125.4,25,isocontour,11.283791670955125,26833.65,56.47,-17.5,8.7,1.061,1.1,0.4,1.2,-5.0,-17.9,1.121,21,5,0,0,5
125.4,Target,,,,,0.0,0.0,4.023,0.0,0.0,,,,,,,,,
125.5,1,isocontour,11.283791670955125,22692.74,47.75,11.4,17.3,0.994,-2.7,0.6,2.8,-5.0,-17.9,1.121,21,7,0,0,7
125.5,2,isocontour,11.283791670955125,21681.17,45.63,-2.8,20.9,0.973,0.7,-0.0,0.7,-5.0,-17.9,1.121,21,7,0,0,7
125.5,3,isocontour,11.283791670955125,22040.79,46.38,6.3,19.7,0.995,0.7,0.3,0.8,-5.0,-17.9,1.121,21,6,0,0,6
125.5,4,isocontour,11.283791670955125,27474.86,57.82,16.8,12.1,0.994,-0.4,-2.8,2.8,-5.0,-17.9,1.121,21,3,0,0,3
125.5,5,isocontour,11.283791670955125,25608.45,53.89,5.6,19.0,1.046,3.8,-0.7,3.9,-5.0,-17.9,1.121,21,6,0,0,6
125.5,6,isocontour,11.283791670955125,27351.14,57.56,4.4,19.5,1.036,-0.9,0.3,0.9,-5.0,-17.9,1.121,21,6,0,0,6
125.5,7,isocontour,11.283791670955125,25077.19,52.77,-17.9,10.2,1.001,1.6,-1.7,2.3,-5.0,-17.9,1.121,21,5,0,0,5
125.5,8,isocontour,11.283791670955125,28115.32,59.17,4.7,18.8,1.068,-0.9,-0.9,1.3,-5.0,-17.9,1.121,21,6,0,0,6
125.5,9,isocontour,11.283791670955125,25613.08,53.9,20.2,5.0,0.989,1.1,1.1,1.6,-5.0,-17.9,1.121,21,3,0,0,3
125.5,10,isocontour,11.283791670955125,26210.37,55.16,15.3,11.3,1.094,0.5,-2.3,2.4,-5.0,-17.9,1.121,21,3,0,0,3
125.5,11,isocontour,11.283791670955125,28317.98,59.59,-17.2,-10.2,1.033,-1.4,0.6,1.5,-5.0,-17.9,1.121,21,3,0,0,3
125.5,12,isocontour,11.283791670955125,25051.91,52.72,-13.3,-15.9,0.992,0.7,0.7,1.0,-5.0,-17.9,1.121,21,3,0,0,3
125.5,13,isocontour,11.283791670955125,24451.85,51.46,20.1,-4.7,0.995,-0.3,-0.9,0.9,-5.0,-17.9,1.121,21,1,0,0,1
125.5,14,isocontour,11.283791670955125,26465.35,55.69,7.1,-18.6,1.038,-1.1,-0.4,1.2,-5.0,-17.9,1.121,21,2,0,0,2
125.5,15,isocontour,11.283791670955125,21581.62,45.42,-10.4,16.0,1.086,-1.4,-2.0,2.4,-5.0,-17.9,1.121,21,4,0,0,4
125.5,16,isocontour,11.283791670955125,41077.97,86.44,-20.7,3.4,0.978,0.0,0.4,0.4,-5.0,-17.9,1.121,21,4,0,0,4
125.5,17,isocontour,11.283791670955125,22882.49,48.15,5.4,19.4,1.024,3.7,1.0,3.8,-5.0,-17.9,1.121,21,6,0,0,6
125.5,18,isocontour,11.283791670955125,27912.49,58.74,-13.0,16.3,0.984,-2.0,0.1,2.0,-5.0,-17.9,1.121,21,4,0,0,4
125.5,19,isocontour,11.283791670955125,23986.01,50.48,-20.7,-2.9,0.985,-1.8,0.5,1.9,-5.0,-17.9,1.121,21,4,0,0,4
125.5,20,isocontour,11.283791670955125,26039.81,54.8,14.4,-14.9,0.992,0.8,1.5,1.7,-5.0,-17.9,1.121,21,1,0,0,1
125.5,21,isocontour,11.283791670955125,26491.67,55.75,-4.1,-18.3,1.108,2.7,-0.4,2.7,-5.0,-17.9,1.121,21,2,0,0,2
125.5,22,isocontour,11.283791670955125,28078.51,59.09,-18.7,-8.6,1.001,0.6,-3.0,3.1,-5.0,-17.9,1.121,21,4,0,0,4
125.5,23,isocontour,11.283791670955125,27576.19,58.03,-20.6,2.8,0.99,0.1,2.7,2.7,-5.0,-17.9,1.121,21,5,0,0,5
125.5,24,isocontour,11.283791670955125,27173.26,57.18,3.1,-20.5,0.989,0.8,-1.8,2.0,-5.0,-17.9,1.121,21,2,0,0,2
125.5,25,isocontour,11.283791670955125,26828.35,56.46,-17.6,8.7,1.056,-1.5,-0.4,1.6,-5.0,-17.9,1.121,21,5,0,0,5
125.5,Target,,,,,0.0,0.0,4.023,0.0,0.0,,,,,,,,,
125.6,1,isocontour,11.283791670955125,22678.69,47.72,11.4,17.5,0.985,0.5,2.1,2.2,-5.0,-17.9,1.121,21,7,0,0,7
125.6,2,isocontour,11.283791670955125,21653.41,45.57,-2.6,20.8,0.979,2.6,-1.0,2.8,-5.0,-17.9,1.121,21,7,0,0,7
125.6,3,isocontour,11.283791670955125,22032.09,46.36,6.3,19.8,0.986,0.2,1.9,1.9,-5.0,-17.9,1.121,21,6,0,0,6
125.6,4,isocontour,11.283791670955125,27467.46,57.8,16.8,11.9,1.0,0.3,-1.8,1.8,-5.0,-17.9,1.121,21,3,0,0,3
125.6,5,isocontour,11.283791670955125,25552.45,53.77,5.8,18.7,1.056,2.0,-2.9,3.5,-5.0,-17.9,1.121,21,6,0,0,6
125.6,6,isocontour,11.283791670955125,27348.99,57.55,4.5,19.5,1.035,1.2,0.0,1.2,-5.0,-17.9,1.121,21,6,0,0,6
125.6,7,isocontour,11.283791670955125,25075.54,52.77,-17.8,10.1,1.006,0.3,-1.0,1.0,-5.0,-17.9,1.121,21,5,0,0,5
125.6,8,isocontour,11.283791670955125,28114.15,59.16,4.7,18.8,1.07,0.9,-0.4,1.0,-5.0,-17.9,1.121,21,6,0,0,6
125.6,9,isocontour,11.283791670955125,25534.73,53.73,20.2,4.7,0.993,-0.2,-3.9,3.9,-5.0,-17.9,1.121,21,3,0,0,3
125.6,10,isocontour,11.283791670955125,26193.08,55.12,15.2,11.4,1.092,-0.8,2.2,2.3,-5.0,-17.9,1.121,21,3,0,0,3
125.6,11,isocontour,11.283791670955125,28317.37,59.59,-17.3,-10.1,1.031,-0.7,0.4,0.8,-5.0,-17.9,1.121,21,3,0,0,3
125.6,12,isocontour,11.283791670955125,25035.48,52.68,-13.2,-16.1,0.986,0.7,-2.2,2.3,-5.0,-17.9,1.121,21,3,0,0,3
125.6,13,isocontour,11.283791670955125,24449.95,51.45,20.1,-4.8,0.994,-0.1,-1.1,1.1,-5.0,-17.9,1.121,21,1,0,0,1
125.6,14,isocontour,11.283791670955125,26464.03,55.69,7.2,-18.5,1.041,0.4,0.9,1.0,-5.0,-17.9,1.121,21,3,0,0,3
125.6,15,isocontour,11.283791670955125,21552.96,45.36,-10.6,15.8,1.09,-2.0,-2.0,2.8,-5.0,-17.9,1.121,21,4,0,0,4
125.6,16,isocontour,11.283791670955125,41075.47,86.44,-20.6,3.4,0.982,1.0,0.7,1.2,-5.0,-17.9,1.121,21,4,0,0,4
125.6,17,isocontour,11.283791670955125,22872.93,48.13,5.6,19.5,1.016,1.8,0.8,2.0,-5.0,-17.9,1.121,21,6,0,0,6
125.6,18,isocontour,11.283791670955125,27901.57,58.72,-13.2,16.3,0.981,-1.7,-1.1,2.0,-5.0,-17.9,1.121,21,4,0,0,4
125.6,19,isocontour,11.283791670955125,23960.27,50.42,-20.7,-3.2,0.981,-0.1,-2.7,2.7,-5.0,-17.9,1.121,21,4,0,0,4
125.6,20,isocontour,11.283791670955125,26033.23,54.78,14.4,-14.8,0.995,0.8,1.5,1.7,-5.0,-17.9,1.121,21,1,0,0,1
125.6,21,isocontour,11.283791670955125,26488.99,55.74,-4.2,-18.3,1.111,-1.0,0.7,1.2,-5.0,-17.9,1.121,21,3,0,0,3
125.6,22,isocontour,11.283791670955125,28044.72,59.02,-18.9,-8.5,0.991,-2.7,1.3,3.0,-5.0,-17.9,1.121,21,3,0,0,3
125.6,23,isocontour,11.283791670955125,27575.29,58.03,-20.6,2.9,0.99,0.2,0.9,0.9,-5.0,-17.9,1.121,21,4,0,0,4
125.6,24,isocontour,11.283791670955125,27173.25,57.18,3.1,-20.6,0.988,-0.1,0.1,0.1,-5.0,-17.9,1.121,21,2,0,0,2
125.6,25,isocontour,11.283791670955125,26827.66,56.46,-17.6,8.8,1.052,-0.2,0.8,0.8,-5.0,-17.9,1.121,21,5,0,0,5
125.6,Target,,,,,0.0,0.0,4.023,0.0,0.0,,,,,,,,,
125.7,1,isocontour,11.283791670955125,22591.75,47.54,11.7,17.4,0.977,4.0,-1.0,4.1,-5.0,-17.9,1.121,21,7,0,0,7
125.7,2,isocontour,11.283791670955125,21632.68,45.52,-2.3,20.8,0.982,2.5,-0.1,2.5,-5.0,-17.9,1.121,21,6,0,0,6
125.7,3,isocontour,11.283791670955125,22031.99,46.36,6.3,19.9,0.983,-0.1,0.4,0.4,-5.0,-17.9,1.121,21,6,0,0,6
125.7,4,isocontour,11.283791670955125,27463.49,57.79,16.8,12.0,0.996,0.2,1.4,1.4,-5.0,-17.9,1.121,21,3,0,0,3
125.7,5,isocontour,11.283791670955125,25550.5,53.77,5.8,18.8,1.052,0.2,1.1,1.1,-5.0,-17.9,1.121,21,6,0,0,6
125.7,6,isocontour,11.283791670955125,27347.47,57.55,4.6,19.4,1.036,0.9,-0.5,1.0,-5.0,-17.9,1.121,21,6,0,0,6
125.7,7,isocontour,11.283791670955125,25060.91,52.74,-17.7,10.2,1.007,1.0,2.0,2.2,-5.0,-17.9,1.121,21,5,0,0,5
125.7,8,isocontour,11.283791670955125,28092.17,59.12,5.0,18.8,1.064,2.5,0.6,2.6,-5.0,-17.9,1.121,21,6,0,0,6
125.7,9,isocontour,11.283791670955125,25513.25,53.69,20.3,4.8,0.984,1.7,1.9,2.5,-5.0,-17.9,1.121,21,3,0,0,3
125.7,10,isocontour,11.283791670955125,26176.86,55.09,15.4,11.6,1.079,2.0,1.3,2.4,-5.0,-17.9,1.121,21,3,0,0,3
125.7,11,isocontour,11.283791670955125,28296.14,59.55,-17.4,-10.0,1.03,-1.3,2.2,2.6,-5.0,-17.9,1.121,21,3,0,0,3
125.7,12,isocontour,11.283791670955125,25034.87,52.68,-13.2,-16.2,0.982,-0.5,-0.6,0.8,-5.0,-17.9,1.121,21,3,0,0,3
125.7,13,isocontour,11.283791670955125,24447.64,51.45,20.1,-5.0,0.995,-0.4,-1.1,1.2,-5.0,-17.9,1.121,21,1,0,0,1
125.7,14,isocontour,11.283791670955125,26462.19,55.69,7.2,-18.4,1.046,0.5,1.0,1.1,-5.0,-17.9,1.121,21,2,0,0,2
125.7,15,isocontour,11.283791670955125,21524.6,45.3,-10.8,15.7,1.091,-2.2,-1.7,2.8,-5.0,-17.9,1.121,21,4,0,0,4
125.7,16,isocontour,11.283791670955125,40985.33,86.25,-20.6,3.8,0.98,0.1,4.1,4.1,-5.0,-17.9,1.121,21,4,0,0,4
125.7,17,isocontour,11.283791670955125,22866.91,48.12,5.6,19.4,1.023,0.2,-1.7,1.7,-5.0,-17.9,1.121,21,6,0,0,6
125.7,18,isocontour,11.283791670955125,27900.04,58.71,-13.2,16.2,0.983,-0.4,-1.0,1.1,-5.0,-17.9,1.121,21,3,0,0,3
125.7,19,isocontour,11.283791670955125,23948.2,50.4,-20.5,-3.2,0.99,2.1,-0.3,2.1,-5.0,-17.9,1.121,21,4,0,0,4
125.7,20,isocontour,11.283791670955125,26026.77,54.77,14.6,-14.8,0.989,1.7,-0.1,1.7,-5.0,-17.9,1.121,21,1,0,0,1
125.7,21,isocontour,11.283791670955125,26483.98,55.73,-4.2,-18.4,1.103,-0.4,-1.5,1.6,-5.0,-17.9,1.121,21,2,0,0,2
125.7,22,isocontour,11.283791670955125,28043.82,59.01,-19.0,-8.4,0.988,-0.6,0.7,0.9,-5.0,-17.9,1.121,21,3,0,0,3
125.7,23,isocontour,11.283791670955125,27460.4,57.79,-20.6,2.5,0.988,-1.0,-4.4,4.5,-5.0,-17.9,1.121,21,4,0,0,4
125.7,24,isocontour,11.283791670955125,27156.39,57.15,3.2,-20.4,0.996,1.5,1.8,2.3,-5.0,-17.9,1.121,21,2,0,0,2
125.7,25,isocontour,11.283791670955125,26809.72,56.42,-17.7,8.6,1.053,-0.8,-2.3,2.4,-5.0,-17.9,1.121,21,5,0,0,5
125.7,Target,,,,,0.0,0.0,4.023,0.0,0.0,,,,,,,,,
125.8,1,isocontour,11.283791670955125,22566.3,47.49,11.9,17.2,0.981,1.4,-2.3,2.7,-5.0,-17.9,1.121,21,7,0,0,7
125.8,2,isocontour,11.283791670955125,21631.06,45.52,-2.2,20.7,0.986,0.8,-0.7,1.1,-5.0,-17.9,1.121,21,6,0,0,6
125.8,3,isocontour,11.283791670955125,22028.93,46.36,6.3,19.8,0.989,-0.8,-1.1,1.4,-5.0,-17.9,1.121,21,6,0,0,6
125.8,4,isocontour,11.283791670955125,27449.82,57.76,17.0,12.0,0.987,2.2,-0.3,2.2,-5.0,-17.9,1.121,21,3,0,0,3
125.8,5,isocontour,11.283791670955125,25549.3,53.77,5.8,18.8,1.05,-0.9,0.5,1.0,-5.0,-17.9,1.121,21,6,0,0,6
125.8,6,isocontour,11.283791670955125,27346.26,57.55,4.6,19.4,1.034,0.9,0.3,0.9,-5.0,-17.9,1.121,21,6,0,0,6
125.8,7,isocontour,11.283791670955125,25054.89,52.72,-17.6,10.3,1.008,1.1,1.3,1.7,-5.0,-17.9,1.121,21,5,0,0,5
125.8,8,isocontour,11.283791670955125,28077.35,59.09,4.9,19.0,1.054,-1.0,2.0,2.2,-5.0,-17.9,1.121,21,6,0,0,6
125.8,9,isocontour,11.283791670955125,25511.1,53.68,20.3,4.8,0.986,-0.4,-1.1,1.2,-5.0,-17.9,1.121,21,3,0,0,3
125.8,10,isocontour,11.283791670955125,26176.25,55.08,15.5,11.6,1.074,0.7,-0.2,0.7,-5.0,-17.9,1.121,21,3,0,0,3
125.8,11,isocontour,11.283791670955125,28274.15,59.5,-17.5,-9.7,1.032,-0.8,2.4,2.5,-5.0,-17.9,1.121,21,3,0,0,3
125.8,12,isocontour,11.283791670955125,25011.33,52.63,-13.3,-16.0,0.986,-1.1,2.4,2.6,-5.0,-17.9,1.121,21,3,0,0,3
125.8,13,isocontour,11.283791670955125,24446.15,51.44,20.1,-5.1,0.994,-0.1,-1.0,1.0,-5.0,-17.9,1.121,21,2,0,0,2
125.8,14,isocontour,11.283791670955125,26425.63,55.61,7.0,-18.5,1.044,-2.7,-1.5,3.1,-5.0,-17.9,1.121,21,2,0,0,2
125.8,15,isocontour,11.283791670955125,21495.64,45.23,-11.0,15.5,1.093,-2.1,-1.9,2.8,-5.0,-17.9,1.121,21,4,0,0,4
125.8,16,isocontour,11.283791670955125,40976.76,86.23,-20.4,3.8,0.988,1.9,-0.3,1.9,-5.0,-17.9,1.121,21,4,0,0,4
125.8,17,isocontour,11.283791670955125,22865.38,48.12,5.6,19.4,1.025,-1.0,0.2,1.0,-5.0,-17.9,1.121,21,6,0,0,6
125.8,18,isocontour,11.283791670955125,27887.27,58.69,-13.2,16.0,0.991,-0.1,-2.1,2.1,-5.0,-17.9,1.121,21,3,0,0,3
125.8,19,isocontour,11.283791670955125,23945.64,50.39,-20.4,-3.3,0.994,0.7,-1.0,1.2,-5.0,-17.9,1.121,21,4,0,0,4
125.8,20,isocontour,11.283791670955125,25928.59,54.56,14.9,-14.5,0.988,3.0,3.0,4.2,-5.0,-17.9,1.121,21,2,0,0,2
125.8,21,isocontour,11.283791670955125,26476.32,55.72,-4.1,-18.3,1.106,1.7,0.5,1.8,-5.0,-17.9,1.121,21,2,0,0,2
125.8,22,isocontour,11.283791670955125,28042.2,59.01,-19.1,-8.4,0.984,-1.1,0.1,1.1,-5.0,-17.9,1.121,21,4,0,0,4
125.8,23,isocontour,11.283791670955125,27459.66,57.79,-20.7,2.4,0.988,-0.1,-0.8,0.8,-5.0,-17.9,1.121,21,5,0,0,5
125.8,24,isocontour,11.283791670955125,27154.13,57.14,3.2,-20.4,0.997,-1.2,-0.2,1.2,-5.0,-17.9,1.121,21,2,0,0,2
125.8,25,isocontour,11.283791670955125,26785.64,56.37,-17.9,8.4,1.049,-1.9,-1.8,2.6,-5.0,-17.9,1.121,21,5,0,0,5
125.8,Target,,,,,0.0,0.0,4.023,0.0,0.0,,,,,,,,,
125.9,1,isocontour,11.283791670955125,22564.69,47.48,11.9,17.1,0.986,-1.0,-0.4,1.1,-5.0,-17.9,1.121,21,7,0,0,7
125.9,2,isocontour,11.283791670955125,21629.62,45.52,-2.1,20.7,0.99,0.8,-0.6,1.0,-5.0,-17.9,1.121,21,6,0,0,6
125.9,3,isocontour,11.283791670955125,22026.61,46.35,6.2,19.7,0.995,-0.9,-0.8,1.2,-5.0,-17.9,1.121,21,6,0,0,6
125.9,4,isocontour,11.283791670955125,27448.33,57.76,17.0,12.0,0.985,-0.5,0.9,1.0,-5.0,-17.9,1.121,21,3,0,0,3
125.9,5,isocontour,11.283791670955125,25528.07,53.72,5.6,18.9,1.052,-2.5,0.5,2.5,-5.0,-17.9,1.121,21,6,0,0,6
125.9,6,isocontour,11.283791670955125,27335.81,57.52,4.8,19.5,1.027,1.8,1.0,2.1,-5.0,-17.9,1.121,21,6,0,0,6
125.9,7,isocontour,11.283791670955125,24962.11,52.53,-17.9,10.1,1.002,-3.0,-2.9,4.2,-5.0,-17.9,1.121,21,5,0,0,5
125.9,8,isocontour,11.283791670955125,28077.1,59.08,5.0,19.1,1.05,0.4,0.4,0.6,-5.0,-17.9,1.121,21,6,0,0,6
125.9,9,isocontour,11.283791670955125,25482.75,53.63,20.2,4.5,0.992,-0.6,-2.7,2.8,-5.0,-17.9,1.121,21,3,0,0,3
125.9,10,isocontour,11.283791670955125,26174.89,55.08,15.6,11.6,1.07,1.0,-0.2,1.0,-5.0,-17.9,1.121,21,3,0,0,3
125.9,11,isocontour,11.283791670955125,28271.95,59.49,-17.5,-9.6,1.037,0.3,1.2,1.2,-5.0,-17.9,1.121,21,3,0,0,3
125.9,12,isocontour,11.283791670955125,25005.82,52.62,-13.4,-15.9,0.989,-1.0,1.3,1.6,-5.0,-17.9,1.121,21,3,0,0,3
125.9,13,isocontour,11.283791670955125,24445.39,51.44,20.1,-5.0,0.994,0.2,0.8,0.8,-5.0,-17.9,1.121,21,2,0,0,2
125.9,14,isocontour,11.283791670955125,26422.42,55.6,6.8,-18.6,1.046,-1.3,-0.1,1.3,-5.0,-17.9,1.121,21,3,0,0,3
125.9,15,isocontour,11.283791670955125,21494.51,45.23,-11.1,15.4,1.093,-0.8,-0.4,0.9,-5.0,-17.9,1.121,21,4,0,0,4
125.9,16,isocontour,11.283791670955125,40954.77,86.18,-20.3,3.7,0.999,1.5,-2.1,2.6,-5.0,-17.9,1.121,21,4,0,0,4
125.9,17,isocontour,11.283791670955125,22863.39,48.11,5.4,19.3,1.028,-1.1,-0.3,1.1,-5.0,-17.9,1.121,21,6,0,0,6
125.9,18,isocontour,11.283791670955125,27863.73,58.64,-13.0,16.1,0.994,2.2,1.4,2.6,-5.0,-17.9,1.121,21,3,0,0,3
125.9,19,isocontour,11.283791670955125,23943.27,50.39,-20.3,-3.4,0.998,0.9,-0.8,1.2,-5.0,-17.9,1.121,21,4,0,0,4
125.9,20,isocontour,11.283791670955125,25904.51,54.51,15.0,-14.3,0.993,0.8,2.5,2.6,-5.0,-17.9,1.121,21,2,0,0,2
125.9,21,isocontour,11.283791670955125,26463.73,55.69,-3.9,-18.5,1.102,1.7,-1.3,2.1,-5.0,-17.9,1.121,21,3,0,0,3
125.9,22,isocontour,11.283791670955125,28036.8,59.0,-19.0,-8.3,0.99,1.2,1.1,1.6,-5.0,-17.9,1.121,21,4,0,0,4
125.9,23,isocontour,11.283791670955125,27441.05,57.75,-20.5,2.5,0.995,1.7,1.8,2.5,-5.0,-17.9,1.121,21,5,0,0,5
125.9,24,isocontour,11.283791670955125,27136.19,57.1,3.1,-20.6,0.988,-0.9,-2.2,2.4,-5.0,-17.9,1.121,21,2,0,0,2
125.9,25,isocontour,11.283791670955125,26783.54,56.36,-17.8,8.4,1.051,1.0,0.6,1.2,-5.0,-17.9,1.121,21,5,0,0,5
125.9,Target,,,,,0.0,0.0,4.023,0.0,0.0,,,,,,,,,
126.0,1,isocontour,11.283791670955125,22538.1,47.43,11.6,17.2,0.99,-2.6,0.9,2.8,11.6,17.2,0.986,1,7,0,0,7
126.0,2,isocontour,11.283791670955125,21628.49,45.51,-2.1,20.6,0.993,0.8,-0.5,0.9,-2.1,20.6,0.99,2,6,0,0,6
126.0,3,isocontour,11.283791670955125,22025.13,46.35,6.1,19.7,0.997,-1.0,-0.1,1.0,6.1,19.7,0.995,3,6,0,0,6
126.0,4,isocontour,11.283791670955125,27443.22,57.75,16.9,11.9,0.992,-0.8,-1.4,1.6,16.9,11.9,0.985,4,3,0,0,3
126.0,5,isocontour,11.283791670955125,25527.79,53.72,5.5,18.9,1.054,0.4,-0.5,0.6,5.5,18.9,1.052,5,6,0,0,6
126.0,6,isocontour,11.283791670955125,27323.03,57.5,5.0,19.6,1.02,2.0,0.8,2.2,5.0,19.6,1.027,6,6,0,0,6
126.0,7,isocontour,11.283791670955125,24936.38,52.48,-17.9,10.3,0.995,0.1,2.7,2.7,-17.9,10.3,1.002,7,5,0,0,5
126.0,8,isocontour,11.283791670955125,28075.78,59.08,4.9,19.1,1.05,-1.0,0.3,1.0,4.9,19.1,1.05,8,6,0,0,6
126.0,9,isocontour,11.283791670955125,25455.87,53.57,20.2,4.7,0.992,-0.5,2.7,2.7,20.2,4.7,0.992,9,3,0,0,3
126.0,10,isocontour,11.283791670955125,26157.38,55.05,15.7,11.4,1.065,2.0,-1.3,2.4,15.7,11.4,1.07,10,3,0,0,3
126.0,11,isocontour,11.283791670955125,28271.4,59.49,-17.5,-9.5,1.037,-0.4,0.6,0.7,-17.5,-9.5,1.037,11,3,0,0,3
126.0,12,isocontour,11.283791670955125,24985.57,52.58,-13.6,-15.7,0.991,-1.6,1.9,2.5,-13.6,-15.7,0.989,12,3,0,0,3
126.0,13,isocontour,11.283791670955125,24428.53,51.41,20.3,-4.9,0.984,2.3,0.6,2.4,20.3,-4.9,0.994,13,2,0,0,2
126.0,14,isocontour,11.283791670955125,26412.42,55.58,7.0,-18.6,1.043,2.0,0.1,2.0,7.0,-18.6,1.046,14,3,0,0,3
126.0,15,isocontour,11.283791670955125,21480.08,45.2,-11.3,15.4,1.089,-2.1,-0.6,2.2,-11.3,15.4,1.093,15,4,0,0,4
126.0,16,isocontour,11.283791670955125,40951.64,86.18,-20.4,3.6,0.994,-1.3,0.2,1.3,-20.4,3.6,0.999,16,4,0,0,4
126.0,17,isocontour,11.283791670955125,22809.72,48.0,5.2,19.5,1.021,-2.6,2.3,3.5,5.2,19.5,1.028,17,6,0,0,6
126.0,18,isocontour,11.283791670955125,27808.2,58.52,-13.0,16.4,0.983,0.5,3.5,3.5,-13.0,16.4,0.994,18,3,0,0,3
126.0,19,isocontour,11.283791670955125,23876.18,50.24,-20.5,-3.7,0.989,-1.6,-3.4,3.8,-20.5,-3.7,0.998,19,4,0,0,4
126.0,20,isocontour,11.283791670955125,25902.25,54.51,15.0,-14.3,0.992,-0.5,-1.1,1.2,15.0,-14.3,0.993,20,2,0,0,2
126.0,21,isocontour,11.283791670955125,26456.07,55.67,-3.9,-18.3,1.109,-0.6,1.7,1.8,-3.9,-18.3,1.102,21,3,0,0,3
126.0,22,isocontour,11.283791670955125,28029.39,58.98,-18.9,-8.4,0.994,1.2,-1.3,1.8,-18.9,-8.4,0.99,22,4,0,0,4
126.0,23,isocontour,11.283791670955125,27437.77,57.74,-20.6,2.5,0.99,-1.3,-0.4,1.4,-20.6,2.5,0.995,23,5,0,0,5
126.0,24,isocontour,11.283791670955125,27133.64,57.1,3.1,-20.6,0.985,1.2,0.1,1.2,3.1,-20.6,0.988,24,2,0,0,2
126.0,25,isocontour,11.283791670955125,26761.81,56.32,-17.8,8.2,1.056,-0.4,-2.5,2.5,-17.8,8.2,1.051,25,5,0,0,5
126.0,Target,,,,,0.0,0.0,4.023,0.0,0.0,,,,,,,,,
126.1,1,isocontour,11.283791670955125,22528.84,47.41,11.7,17.3,0.982,1.3,1.5,2.0,15.7,11.4,1.07,10,7,0,0,7
126.1,2,isocontour,11.283791670955125,21591.57,45.44,-2.3,20.6,0.992,-3.1,0.1,3.1,-11.3,15.4,1.093,15,6,0,0,6
126.1,3,isocontour,11.283791670955125,21922.75,46.13,6.4,19.7,0.99,4.3,0.3,4.3,5.5,18.9,1.054,5,6,0,0,6
126.1,4,isocontour,11.283791670955125,27441.98,57.75,16.9,12.0,0.993,-0.4,0.9,1.0,15.7,11.4,1.07,10,3,0,0,3
126.1,5,isocontour,11.283791670955125,25505.29,53.67,5.4,19.0,1.049,-2.1,1.6,2.6,5.4,19.0,1.054,5,6,0,0,6
126.1,6,isocontour,11.283791670955125,27319.9,57.49,4.9,19.6,1.021,-1.3,-0.2,1.3,5.5,18.9,1.054,5,6,0,0,6
126.1,7,isocontour,11.283791670955125,24905.86,52.41,-17.9,10.6,0.989,0.5,2.8,2.8,-11.3,15.4,1.093,15,5,0,0,5
126.1,8,isocontour,11.283791670955125,28074.78,59.08,4.8,19.0,1.054,-0.4,-0.8,0.9,5.5,18.9,1.054,5,6,0,0,6
126.1,9,isocontour,11.283791670955125,25350.64,53.35,20.3,4.4,0.989,1.6,-4.0,4.3,15.7,11.4,1.07,10,3,0,0,3
126.1,10,isocontour,11.283791670955125,26154.71,55.04,15.9,11.4,1.06,1.3,-0.1,1.3,15.9,11.4,1.07,10,3,0,0,3
126.1,11,isocontour,11.283791670955125,28270.27,59.49,-17.6,-9.5,1.033,-1.0,0.0,1.0,-17.6,-9.5,1.037,11,3,0,0,3
126.1,12,isocontour,11.283791670955125,24983.3,52.57,-13.5,-15.7,0.992,0.9,-0.8,1.2,-3.9,-18.3,1.109,21,3,0,0,3
126.1,13,isocontour,11.283791670955125,24412.51,51.37,20.1,-4.8,0.993,-2.0,1.1,2.3,20.1,-4.8,0.994,13,2,0,0,2
126.1,14,isocontour,11.283791670955125,26398.18,55.55,7.2,-18.5,1.041,2.2,0.4,2.2,-3.9,-18.3,1.109,21,3,0,0,3
126.1,15,isocontour,11.283791670955125,21459.34,45.16,-11.4,15.1,1.096,-0.7,-2.4,2.5,-11.4,15.1,1.093,15,4,0,0,4
126.1,16,isocontour,11.283791670955125,40935.2,86.14,-20.6,3.6,0.982,-2.3,-0.1,2.3,-17.8,8.2,1.056,25,4,0,0,4
126.1,17,isocontour,11.283791670955125,22808.81,48.0,5.1,19.6,1.02,-0.9,0.1,0.9,5.5,18.9,1.054,5,6,0,0,6
126.1,18,isocontour,11.283791670955125,27805.76,58.51,-13.1,16.4,0.98,-1.1,-0.5,1.2,-11.3,15.4,1.093,15,3,0,0,3
126.1,19,isocontour,11.283791670955125,23859.33,50.21,-20.6,-3.6,0.983,-1.1,2.1,2.4,-17.5,-9.5,1.037,11,4,0,0,4
126.1,20,isocontour,11.283791670955125,25901.7,54.51,15.0,-14.4,0.989,0.7,-0.3,0.8,7.0,-18.6,1.046,14,2,0,0,2
126.1,21,isocontour,11.283791670955125,26452.5,55.67,-4.0,-18.2,1.115,-1.0,1.0,1.4,-4.0,-18.2,1.109,21,3,0,0,3
126.1,22,isocontour,11.283791670955125,28021.22,58.97,-19.0,-8.5,0.986,-1.8,-0.4,1.8,-17.5,-9.5,1.037,11,4,0,0,4
126.1,23,isocontour,11.283791670955125,27413.69,57.69,-20.8,2.6,0.977,-2.6,0.7,2.7,-17.8,8.2,1.056,25,5,0,0,5
126.1,24,isocontour,11.283791670955125,27113.14,57.06,3.3,-20.4,0.995,1.3,2.2,2.6,-3.9,-18.3,1.109,21,2,0,0,2
126.1,25,isocontour,11.283791670955125,26740.58,56.27,-18.0,8.0,1.051,-1.9,-1.7,2.5,-11.3,15.4,1.093,15,5,0,0,5
126.1,Target,,,,,0.0,0.0,4.023,0.0,0.0,,,,,,,,,
126.2,1,isocontour,11.283791670955125,22528.71,47.41,11.7,17.3,0.98,0.4,-0.2,0.4,15.7,11.4,1.07,10,7,0,0,7
126.2,2,isocontour,11.283791670955125,21589.52,45.43,-2.5,20.6,0.99,-1.2,0.1,1.2,-11.4,15.1,1.096,15,6,0,0,6
126.2,3,isocontour,11.283791670955125,21885.83,46.06,6.8,19.8,0.983,3.1,0.2,3.1,-11.3,15.4,1.093,15,6,0,0,6
126.2,4,isocontour,11.283791670955125,27439.24,57.74,17.0,12.0,0.988,1.3,-0.1,1.3,15.7,11.4,1.07,10,3,0,0,3
126.2,5,isocontour,11.283791670955125,25472.51,53.6,5.1,19.1,1.05,-2.9,0.5,2.9,-11.3,15.4,1.093,15,6,0,0,6
126.2,6,isocontour,11.283791670955125,27171.63,57.18,4.5,19.6,1.029,-4.9,-0.4,4.9,-11.3,15.4,1.093,15,6,0,0,6
126.2,7,isocontour,11.283791670955125,24904.73,52.41,-17.9,10.6,0.989,-0.4,-0.9,1.0,-11.4,15.1,1.096,15,5,0,0,5
126.2,8,isocontour,11.283791670955125,28033.38,58.99,4.6,18.9,1.065,-3.0,-1.2,3.2,-11.3,15.4,1.093,15,6,0,0,6
126.2,9,isocontour,11.283791670955125,25348.49,53.34,20.3,4.3,0.993,-0.8,-0.8,1.1,15.7,11.4,1.07,10,3,0,0,3
126.2,10,isocontour,11.283791670955125,26130.09,54.99,16.1,11.2,1.057,1.9,-1.9,2.7,16.1,11.2,1.07,10,3,0,0,3
126.2,11,isocontour,11.283791670955125,28264.66,59.48,-17.5,-9.6,1.037,1.4,-0.8,1.6,-3.9,-18.3,1.109,21,3,0,0,3
126.2,12,isocontour,11.283791670955125,24963.76,52.53,-13.3,-15.8,0.994,2.2,-1.2,2.5,-4.0,-18.2,1.115,21,3,0,0,3
126.2,13,isocontour,11.283791670955125,24410.57,51.37,20.1,-4.7,0.995,0.4,1.1,1.2,15.7,11.4,1.07,10,2,0,0,2
126.2,14,isocontour,11.283791670955125,26364.4,55.48,7.0,-18.5,1.048,-2.9,0.6,3.0,-4.0,-18.2,1.115,21,3,0,0,3
126.2,15,isocontour,11.283791670955125,21439.8,45.12,-11.3,15.3,1.094,1.6,1.9,2.5,-11.3,15.3,1.096,15,4,0,0,4
126.2,16,isocontour,11.283791670955125,40899.35,86.07,-20.7,3.9,0.976,-0.4,3.0,3.0,-11.3,15.4,1.093,15,4,0,0,4
126.2,17,isocontour,11.283791670955125,22808.23,48.0,5.1,19.6,1.02,0.7,-0.2,0.7,-11.3,15.4,1.093,15,6,0,0,6
126.2,18,isocontour,11.283791670955125,27775.88,58.45,-13.2,16.2,0.985,-1.3,-2.5,2.8,-11.4,15.1,1.096,15,3,0,0,3
126.2,19,isocontour,11.283791670955125,23835.52,50.16,-20.5,-3.8,0.983,0.6,-2.6,2.7,-17.8,8.2,1.056,25,4,0,0,4
126.2,20,isocontour,11.283791670955125,25900.05,54.5,15.0,-14.3,0.993,-0.3,1.0,1.0,-3.9,-18.3,1.109,21,2,0,0,2
126.2,21,isocontour,11.283791670955125,26450.35,55.66,-4.0,-18.3,1.113,0.9,-0.8,1.2,-4.0,-18.3,1.115,21,3,0,0,3
126.2,22,isocontour,11.283791670955125,27986.07,58.89,-19.2,-8.7,0.974,-1.1,-2.8,3.0,-3.9,-18.3,1.109,21,4,0,0,4
126.2,23,isocontour,11.283791670955125,27413.4,57.69,-20.9,2.7,0.975,0.2,0.6,0.6,-11.3,15.4,1.093,15,5,0,0,5
126.2,24,isocontour,11.283791670955125,27112.7,57.06,3.3,-20.4,0.996,0.7,0.2,0.7,-4.0,-18.2,1.115,21,2,0,0,2
126.2,25,isocontour,11.283791670955125,26738.54,56.27,-18.0,8.1,1.049,0.2,1.2,1.2,-11.4,15.1,1.096,15,5,0,0,5
126.2,Target,,,,,0.0,0.0,4.023,0.0,0.0,,,,,,,,,
126.3,1,isocontour,11.283791670955125,22507.23,47.36,11.5,17.4,0.985,-2.5,0.4,2.5,-11.3,15.4,1.093,15,7,0,0,7
126.3,2,isocontour,11.283791670955125,21553.32,45.36,-2.7,20.6,0.987,-3.0,0.2,3.0,-11.4,15.1,1.096,15,6,0,0,6
126.3,3,isocontour,11.283791670955125,21882.9,46.05,6.8,19.9,0.976,0.2,1.3,1.3,-11.4,15.1,1.096,15,6,0,0,6
126.3,4,isocontour,11.283791670955125,27431.71,57.73,17.2,12.0,0.979,1.8,0.3,1.8,15.7,11.4,1.07,10,3,0,0,3
126.3,5,isocontour,11.283791670955125,25467.95,53.59,4.9,19.0,1.055,-1.4,-0.6,1.5,-11.4,15.1,1.096,15,6,0,0,6
126.3,6,isocontour,11.283791670955125,27169.14,57.17,4.3,19.6,1.03,-1.2,0.3,1.2,-11.4,15.1,1.096,15,6,0,0,6
126.3,7,isocontour,11.283791670955125,24877.56,52.35,-17.7,10.6,0.997,2.6,1.0,2.8,-11.4,15.1,1.096,15,5,0,0,5
126.3,8,isocontour,11.283791670955125,27933.82,58.78,4.2,18.9,1.069,-4.3,0.4,4.3,-11.4,15.1,1.096,15,6,0,0,6
126.3,9,isocontour,11.283791670955125,25346.22,53.34,20.2,4.3,0.993,-0.2,1.2,1.2,15.7,11.4,1.07,10,3,0,0,3
126.3,10,isocontour,11.283791670955125,26118.18,54.96,16.1,11.0,1.061,0.3,-2.1,2.1,16.1,11.0,1.07,10,3,0,0,3
126.3,11,isocontour,11.283791670955125,28258.63,59.47,-17.4,-9.6,1.042,1.5,-0.8,1.7,-4.0,-18.2,1.115,21,3,0,0,3
126.3,12,isocontour,11.283791670955125,24949.14,52.5,-13.1,-15.9,0.997,2.0,-1.0,2.2,-4.0,-18.2,1.115,21,3,0,0,3
126.3,13,isocontour,11.283791670955125,24409.33,51.37,20.2,-4.7,0.99,0.9,-0.3,0.9,-3.9,-18.3,1.109,21,2,0,0,2
126.3,14,isocontour,11.283791670955125,26346.9,55.44,7.1,-18.4,1.048,2.3,0.6,2.4,-4.0,-18.2,1.115,21,3,0,0,3
126.3,15,isocontour,11.283791670955125,21438.4,45.11,-11.3,15.4,1.09,0.2,1.0,1.0,-11.4,15.1,1.096,15,4,0,0,4
126.3,16,isocontour,11.283791670955125,40889.65,86.05,-20.5,4.0,0.983,1.9,0.5,2.0,-11.4,15.1,1.096,15,4,0,0,4
126.3,17,isocontour,11.283791670955125,22796.49,47.97,5.1,19.7,1.013,-1.0,1.8,2.1,-11.4,15.1,1.096,15,6,0,0,6
126.3,18,isocontour,11.283791670955125,27771.49,58.44,-13.2,16.0,0.992,0.0,-1.5,1.5,-11.4,15.1,1.096,15,3,0,0,3
126.3,19,isocontour,11.283791670955125,23799.67,50.08,-20.4,-4.0,0.986,1.1,-2.8,3.0,-3.9,-18.3,1.109,21,4,0,0,4
126.3,20,isocontour,11.283791670955125,25897.18,54.5,14.9,-14.3,0.994,-1.0,-0.8,1.3,-4.0,-18.2,1.115,21,2,0,0,2
126.3,21,isocontour,11.283791670955125,26427.07,55.61,-3.7,-18.3,1.113,2.6,-0.3,2.6,-4.0,-18.2,1.115,21,3,0,0,3
126.3,22,isocontour,11.283791670955125,27948.79,58.81,-19.0,-8.9,0.977,2.1,-2.3,3.1,-4.0,-18.2,1.115,21,3,0,0,3
126.3,23,isocontour,11.283791670955125,27376.12,57.61,-20.7,2.9,0.98,1.5,2.7,3.1,-11.4,15.1,1.096,15,4,0,0,4
126.3,24,isocontour,11.283791670955125,27107.39,57.04,3.3,-20.5,0.991,-0.9,-1.3,1.6,-4.0,-18.2,1.115,21,2,0,0,2
126.3,25,isocontour,11.283791670955125,26736.16,56.26,-18.0,8.2,1.047,0.3,1.2,1.2,-11.4,15.1,1.096,15,5,0,0,5
126.3,Target,,,,,0.0,0.0,4.023,0.0,0.0,,,,,,,,,
126.4,1,isocontour,11.283791670955125,22485.5,47.32,11.3,17.5,0.986,-2.2,1.4,2.6,-11.4,15.1,1.096,15,7,0,0,7
126.4,2,isocontour,11.283791670955125,21550.7,45.35,-2.8,20.6,0.991,-0.8,-0.9,1.2,-11.4,15.1,1.096,15,6,0,0,6
126.4,3,isocontour,11.283791670955125,21867.89,46.02,6.6,19.9,0.977,-2.2,0.4,2.2,-11.4,15.1,1.096,15,6,0,0,6
126.4,4,isocontour,11.283791670955125,27419.29,57.7,17.3,11.9,0.98,0.8,-2.0,2.2,-11.3,15.4,1.093,15,3,0,0,3
126.4,5,isocontour,11.283791670955125,25447.94,53.55,4.7,19.1,1.052,-2.2,1.2,2.5,-11.4,15.1,1.096,15,6,0,0,6
126.4,6,isocontour,11.283791670955125,27148.88,57.13,4.5,19.5,1.03,2.4,-0.6,2.5,-11.4,15.1,1.096,15,6,0,0,6
126.4,7,isocontour,11.283791670955125,24856.82,52.31,-17.8,10.5,0.996,-1.8,-1.8,2.5,-11.4,15.1,1.096,15,5,0,0,5
126.4,8,isocontour,11.283791670955125,27912.59,58.74,4.2,19.1,1.058,1.5,2.0,2.5,-11.4,15.1,1.096,15,6,0,0,6
126.4,9,isocontour,11.283791670955125,25344.43,53.33,20.3,4.3,0.99,0.8,-0.8,1.1,-3.9,-18.3,1.109,21,3,0,0,3
126.4,10,isocontour,11.283791670955125,26092.16,54.91,16.2,10.8,1.064,1.1,-2.5,2.7,-11.3,15.4,1.093,15,3,0,0,3
126.4,11,isocontour,11.283791670955125,28252.05,59.45,-17.2,-9.7,1.047,1.5,-0.8,1.7,-4.0,-18.2,1.115,21,3,0,0,3
126.4,12,isocontour,11.283791670955125,24917.35,52.44,-13.0,-16.2,0.992,1.4,-2.6,3.0,-4.0,-18.2,1.115,21,3,0,0,3
126.4,13,isocontour,11.283791670955125,24394.31,51.33,20.0,-4.7,1.0,-2.3,0.1,2.3,-4.0,-18.2,1.115,21,2,0,0,2
126.4,14,isocontour,11.283791670955125,26345.54,55.44,7.2,-18.3,1.052,0.4,0.9,1.0,-4.0,-18.2,1.115,21,3,0,0,3
126.4,15,isocontour,11.283791670955125,21414.05,45.06,-11.4,15.2,1.093,-1.6,-2.1,2.6,-11.4,15.1,1.096,15,4,0,0,4
126.4,16,isocontour,11.283791670955125,40887.22,86.04,-20.4,4.0,0.989,1.1,0.6,1.3,-3.9,-18.3,1.109,21,4,0,0,4
126.4,17,isocontour,11.283791670955125,22765.34,47.91,4.8,19.6,1.02,-2.6,-1.2,2.9,-11.4,15.1,1.096,15,6,0,0,6
126.4,18,isocontour,11.283791670955125,27741.29,58.38,-13.0,16.2,0.99,1.8,2.2,2.8,-11.4,15.1,1.096,15,3,0,0,3
126.4,19,isocontour,11.283791670955125,23789.21,50.06,-20.3,-4.2,0.993,1.7,-1.1,2.0,-4.0,-18.2,1.115,21,4,0,0,4
126.4,20,isocontour,11.283791670955125,25895.57,54.49,14.8,-14.3,0.999,-0.8,0.7,1.1,-4.0,-18.2,1.115,21,2,0,0,2
126.4,21,isocontour,11.283791670955125,26424.33,55.61,-3.8,-18.3,1.112,-1.3,0.1,1.3,-4.0,-18.2,1.115,21,3,0,0,3
126.4,22,isocontour,11.283791670955125,27945.06,58.81,-18.9,-9.1,0.978,0.6,-1.3,1.4,-4.0,-18.2,1.115,21,3,0,0,3
126.4,23,isocontour,11.283791670955125,27349.53,57.55,-20.6,3.1,0.984,1.0,2.6,2.8,-3.9,-18.3,1.109,21,4,0,0,4
126.4,24,isocontour,11.283791670955125,27098.41,57.03,3.3,-20.6,0.981,0.9,-1.7,1.9,-4.0,-18.2,1.115,21,2,0,0,2
126.4,25,isocontour,11.283791670955125,26733.61,56.26,-17.9,8.3,1.048,0.6,1.1,1.3,-11.4,15.1,1.096,15,5,0,0,5
126.4,Target,,,,,0.0,0.0,4.023,0.0,0.0,,,,,,,,,
126.5,1,isocontour,11.283791670955125,22482.7,47.31,11.2,17.5,0.991,-1.2,-0.3,1.2,-11.4,15.1,1.096,15,7,0,0,7
126.5,2,isocontour,11.283791670955125,21550.16,45.35,-2.8,20.5,0.993,0.7,-0.2,0.7,-11.4,15.1,1.096,15,7,0,0,7
126.5,3,isocontour,11.283791670955125,21864.39,46.01,6.5,19.9,0.982,-1.2,-0.7,1.4,-11.4,15.1,1.096,15,6,0,0,6
126.5,4,isocontour,11.283791670955125,27388.14,57.63,17.2,11.6,0.99,-0.5,-2.9,2.9,-3.9,-18.3,1.109,21,3,0,0,3
126.5,5,isocontour,11.283791670955125,25438.82,53.53,4.5,19.1,1.057,-1.8,-0.6,1.9,-11.4,15.1,1.096,15,6,0,0,6
126.5,6,isocontour,11.283791670955125,27097.03,57.02,4.3,19.7,1.022,-2.6,2.3,3.5,-11.4,15.1,1.096,15,6,0,0,6
126.5,7,isocontour,11.283791670955125,24848.25,52.29,-17.9,10.6,0.987,-1.5,1.2,1.9,-3.9,-18.3,1.109,21,5,0,0,5
126.5,8,isocontour,11.283791670955125,27823.09,58.55,3.9,19.2,1.06,-4.1,-0.0,4.1,-11.4,15.1,1.096,15,6,0,0,6
126.5,9,isocontour,11.283791670955125,25340.78,53.33,20.4,4.2,0.985,1.3,-0.6,1.4,-4.0,-18.2,1.115,21,3,0,0,3
126.5,10,isocontour,11.283791670955125,26060.69,54.84,16.4,10.5,1.065,1.5,-2.5,2.9,-3.9,-18.3,1.109,21,3,0,0,3
126.5,11,isocontour,11.283791670955125,28245.81,59.44,-17.0,-9.7,1.057,1.6,0.7,1.7,-4.0,-18.2,1.115,21,3,0,0,3
126.5,12,isocontour,11.283791670955125,24913.77,52.43,-12.8,-16.3,0.992,1.2,-0.7,1.4,-4.0,-18.2,1.115,21,3,0,0,3
126.5,13,isocontour,11.283791670955125,24390.19,51.33,20.1,-4.7,0.996,1.3,0.7,1.5,-4.0,-18.2,1.115,21,2,0,0,2
126.5,14,isocontour,11.283791670955125,26344.63,55.44,7.3,-18.2,1.055,0.5,0.8,0.9,-4.0,-18.2,1.115,21,3,0,0,3
126.5,15,isocontour,11.283791670955125,21406.77,45.05,-11.5,15.0,1.098,-0.7,-1.6,1.7,-11.4,15.1,1.096,15,4,0,0,4
126.5,16,isocontour,11.283791670955125,40856.07,85.98,-20.1,4.2,1.001,2.6,1.4,3.0,-4.0,-18.2,1.115,21,4,0,0,4
126.5,17,isocontour,11.283791670955125,22763.98,47.9,4.8,19.7,1.017,0.2,1.0,1.0,-11.4,15.1,1.096,15,6,0,0,6
126.5,18,isocontour,11.283791670955125,27684.34,58.26,-13.2,16.4,0.973,-2.3,2.7,3.5,-11.4,15.1,1.096,15,4,0,0,4
126.5,19,isocontour,11.283791670955125,23788.69,50.06,-20.3,-4.1,0.995,0.1,0.7,0.7,-4.0,-18.2,1.115,21,4,0,0,4
126.5,20,isocontour,11.283791670955125,25893.52,54.49,14.8,-14.4,0.999,-0.6,-1.0,1.2,-4.0,-18.2,1.115,21,2,0,0,2
126.5,21,isocontour,11.283791670955125,26386.33,55.53,-4.1,-18.2,1.113,-3.0,0.8,3.1,-4.0,-18.2,1.115,21,3,0,0,3
126.5,22,isocontour,11.283791670955125,27942.63,58.8,-18.8,-9.1,0.982,1.1,-0.5,1.2,-4.0,-18.2,1.115,21,3,0,0,3
126.5,23,isocontour,11.283791670955125,27345.88,57.55,-20.5,3.2,0.99,1.3,0.4,1.4,-4.0,-18.2,1.115,21,4,0,0,4
126.5,24,isocontour,11.283791670955125,27096.15,57.02,3.5,-20.6,0.981,1.1,0.4,1.2,-4.0,-18.2,1.115,21,2,0,0,2
126.5,25,isocontour,11.283791670955125,26732.47,56.26,-17.9,8.4,1.048,0.5,0.8,0.9,-3.9,-18.3,1.109,21,5,0,0,5
126.5,Target,,,,,0.0,0.0,4.023,0.0,0.0,,,,,,,,,
126.6,1,isocontour,11.283791670955125,22481.82,47.31,11.1,17.5,0.993,-0.8,0.2,0.8,-3.9,-18.3,1.109,21,7,0,0,7
126.6,2,isocontour,11.283791670955125,21513.95,45.27,-3.0,20.5,0.99,-3.0,0.3,3.0,-11.5,15.0,1.098,15,7,0,0,7
126.6,3,isocontour,11.283791670955125,21827.47,45.93,6.2,19.8,0.991,-2.9,-1.0,3.1,-11.4,15.1,1.096,15,6,0,0,6
126.6,4,isocontour,11.283791670955125,27365.64,57.59,17.4,11.4,0.987,2.1,-1.5,2.6,-4.0,-18.2,1.115,21,3,0,0,3
126.6,5,isocontour,11.283791670955125,25404.35,53.46,4.3,19.2,1.055,-2.7,1.2,3.0,-11.4,15.1,1.096,15,6,0,0,6
126.6,6,isocontour,11.283791670955125,27067.77,56.96,4.1,19.6,1.031,-2.4,-1.6,2.9,-11.4,15.1,1.096,15,6,0,0,6
126.6,7,isocontour,11.283791670955125,24847.12,52.29,-18.0,10.6,0.981,-0.8,0.5,0.9,-4.0,-18.2,1.115,21,5,0,0,5
126.6,8,isocontour,11.283791670955125,27809.96,58.52,4.0,19.3,1.053,1.8,1.3,2.2,-11.4,15.1,1.096,15,6,0,0,6
126.6,9,isocontour,11.283791670955125,25248.67,53.13,20.5,3.9,0.983,0.9,-4.1,4.2,-4.0,-18.2,1.115,21,3,0,0,3
126.6,10,isocontour,11.283791670955125,26054.77,54.83,16.4,10.7,1.061,0.0,1.7,1.7,-4.0,-18.2,1.115,21,3,0,0,3
126.6,11,isocontour,11.283791670955125,28245.2,59.44,-17.1,-9.6,1.058,-0.4,0.7,0.8,-4.0,-18.2,1.115,21,3,0,0,3
126.6,12,isocontour,11.283791670955125,24909.81,52.42,-12.8,-16.4,0.988,0.4,-1.4,1.5,-4.0,-18.2,1.115,21,3,0,0,3
126.6,13,isocontour,11.283791670955125,24389.31,51.32,20.2,-4.6,0.993,0.7,0.5,0.9,-4.0,-18.2,1.115,21,2,0,0,2
126.6,14,isocontour,11.283791670955125,26344.21,55.44,7.3,-18.2,1.056,0.6,0.3,0.7,-4.0,-18.2,1.115,21,2,0,0,2
126.6,15,isocontour,11.283791670955125,21380.18,44.99,-11.3,15.1,1.104,2.6,0.8,2.7,-3.9,-18.3,1.109,21,4,0,0,4
126.6,16,isocontour,11.283791670955125,40829.48,85.92,-20.1,4.4,1.0,0.1,2.8,2.8,-4.0,-18.2,1.115,21,4,0,0,4
126.6,17,isocontour,11.283791670955125,22762.03,47.9,4.9,19.7,1.019,0.8,-0.8,1.1,-11.4,15.1,1.096,15,6,0,0,6
126.6,18,isocontour,11.283791670955125,27664.08,58.22,-13.2,16.7,0.965,1.0,2.3,2.5,-3.9,-18.3,1.109,21,4,0,0,4
126.6,19,isocontour,11.283791670955125,23716.68,49.91,-20.4,-4.4,0.984,-1.7,-3.5,3.9,-4.0,-18.2,1.115,21,4,0,0,4
126.6,20,isocontour,11.283791670955125,25893.21,54.49,14.8,-14.4,0.997,0.6,0.1,0.6,-4.0,-18.2,1.115,21,2,0,0,2
126.6,21,isocontour,11.283791670955125,26384.76,55.52,-4.2,-18.2,1.116,-0.7,0.8,1.1,-4.0,-18.2,1.115,21,2,0,0,2
126.6,22,isocontour,11.283791670955125,27926.2,58.77,-18.6,-9.2,0.99,2.2,-0.7,2.3,-4.0,-18.2,1.115,21,3,0,0,3
126.6,23,isocontour,11.283791670955125,27342.16,57.54,-20.5,3.3,0.987,-0.7,1.2,1.4,-4.0,-18.2,1.115,21,4,0,0,4
126.6,24,isocontour,11.283791670955125,27091.22,57.01,3.5,-20.5,0.987,0.6,1.4,1.5,-4.0,-18.2,1.115,21,2,0,0,2
126.6,25,isocontour,11.283791670955125,26714.53,56.22,-17.9,8.2,1.053,-0.1,-2.4,2.4,-4.0,-18.2,1.115,21,5,0,0,5
126.6,Target,,,,,0.0,0.0,4.023,0.0,0.0,,,,,,,,,
126.7,1,isocontour,11.283791670955125,22350.12,47.03,11.4,17.3,0.992,4.0,-2.4,4.7,-4.0,-18.2,1.115,21,7,0,0,7
126.7,2,isocontour,11.283791670955125,21512.47,45.27,-3.2,20.5,0.989,-1.0,-0.2,1.0,-3.9,-18.3,1.109,21,7,0,0,7
126.7,3,isocontour,11.283791670955125,21826.15,45.93,6.1,19.8,0.993,-1.0,0.2,1.0,-3.9,-18.3,1.109,21,6,0,0,6
126.7,4,isocontour,11.283791670955125,27349.21,57.55,17.3,11.6,0.986,-1.2,2.0,2.3,-4.0,-18.2,1.115,21,3,0,0,3
126.7,5,isocontour,11.283791670955125,25306.86,53.26,4.6,19.1,1.055,4.1,-1.1,4.2,-3.9,-18.3,1.109,21,6,0,0,6
126.7,6,isocontour,11.283791670955125,27064.63,56.95,4.1,19.7,1.027,0.9,1.0,1.3,-3.9,-18.3,1.109,21,6,0,0,6
126.7,7,isocontour,11.283791670955125,24821.67,52.23,-18.1,10.4,0.981,-1.2,-2.4,2.7,-4.0,-18.2,1.115,21,5,0,0,5
126.7,8,isocontour,11.283791670955125,27804.25,58.51,4.0,19.1,1.06,-0.3,-1.6,1.6,-3.9,-18.3,1.109,21,6,0,0,6
126.7,9,isocontour,11.283791670955125,25215.89,53.06,20.4,3.6,0.993,-1.6,-2.5,3.0,-4.0,-18.2,1.115,21,3,0,0,3
126.7,10,isocontour,11.283791670955125,26054.06,54.83,16.3,10.7,1.06,-0.5,0.6,0.8,-4.0,-18.2,1.115,21,3,0,0,3
126.7,11,isocontour,11.283791670955125,28243.59,59.44,-17.1,-9.7,1.055,-0.3,-1.0,1.0,-4.0,-18.2,1.115,21,3,0,0,3
126.7,12,isocontour,11.283791670955125,24909.31,52.42,-12.8,-16.4,0.987,-0.6,0.4,0.7,-4.2,-18.2,1.116,21,3,0,0,3
126.7,13,isocontour,11.283791670955125,24388.79,51.32,20.2,-4.6,0.991,0.5,0.6,0.8,-4.0,-18.2,1.115,21,2,0,0,2
126.7,14,isocontour,11.283791670955125,26328.19,55.4,7.5,-18.2,1.053,2.3,0.4,2.3,-4.0,-18.2,1.115,21,2,0,0,2
126.7,15,isocontour,11.283791670955125,21370.33,44.97,-11.1,15.2,1.101,1.0,1.7,2.0,-4.0,-18.2,1.115,21,4,0,0,4
126.7,16,isocontour,11.283791670955125,40806.72,85.87,-20.1,4.2,1.002,-0.1,-2.6,2.6,-4.0,-18.2,1.115,21,4,0,0,4
126.7,17,isocontour,11.283791670955125,22738.49,47.85,5.1,19.5,1.023,2.3,-1.4,2.7,-3.9,-18.3,1.109,21,6,0,0,6
126.7,18,isocontour,11.283791670955125,27662.24,58.21,-13.1,16.7,0.968,1.1,-0.4,1.2,-4.0,-18.2,1.115,21,4,0,0,4
126.7,19,isocontour,11.283791670955125,23622.57,49.71,-20.5,-4.1,0.981,-1.2,4.0,4.2,-4.0,-18.2,1.115,21,4,0,0,4
126.7,20,isocontour,11.283791670955125,25893.21,54.49,14.8,-14.4,0.996,0.1,-0.0,0.1,-4.0,-18.2,1.115,21,2,0,0,2
126.7,21,isocontour,11.283791670955125,26358.46,55.47,-4.4,-18.2,1.11,-2.6,-0.7,2.7,-4.4,-18.2,1.116,21,2,0,0,2
126.7,22,isocontour,11.283791670955125,27925.1,58.76,-18.6,-9.3,0.989,-0.3,-0.9,0.9,-4.0,-18.2,1.115,21,3,0,0,3
126.7,23,isocontour,11.283791670955125,27340.41,57.53,-20.6,3.4,0.984,-0.2,1.1,1.1,-4.0,-18.2,1.115,21,4,0,0,4
126.7,24,isocontour,11.283791670955125,27067.68,56.96,3.6,-20.3,1.0,0.5,2.6,2.6,-4.2,-18.2,1.116,21,2,0,0,2
126.7,25,isocontour,11.283791670955125,26695.46,56.18,-17.9,8.0,1.058,-0.2,-2.5,2.5,-4.0,-18.2,1.115,21,5,0,0,5
126.7,Target,,,,,0.0,0.0,4.023,0.0,0.0,,,,,,,,,
126.8,1,isocontour,11.283791670955125,22239.76,46.8,11.8,17.1,0.988,4.1,-1.6,4.4,-4.0,-18.2,1.115,21,7,0,0,7
126.8,2,isocontour,11.283791670955125,21492.69,45.23,-3.0,20.5,0.99,2.5,0.1,2.5,-4.0,-18.2,1.115,21,7,0,0,7
126.8,3,isocontour,11.283791670955125,21821.04,45.92,6.0,19.9,0.989,-1.1,1.2,1.6,-4.0,-18.2,1.115,21,6,0,0,6
126.8,4,isocontour,11.283791670955125,27345.33,57.54,17.2,11.5,0.993,-1.2,-0.8,1.4,-4.0,-18.2,1.115,21,3,0,0,3
126.8,5,isocontour,11.283791670955125,25306.17,53.25,4.7,19.1,1.053,0.8,0.1,0.8,-4.0,-18.2,1.115,21,6,0,0,6
126.8,6,isocontour,11.283791670955125,27033.8,56.89,4.4,19.6,1.029,2.6,-1.3,2.9,-4.0,-18.2,1.115,21,6,0,0,6
126.8,7,isocontour,11.283791670955125,24820.27,52.23,-18.2,10.3,0.982,-0.2,-1.0,1.0,-4.0,-18.2,1.115,21,5,0,0,5
126.8,8,isocontour,11.283791670955125,27803.51,58.51,4.1,19.1,1.061,0.8,-0.1,0.8,-4.0,-18.2,1.115,21,6,0,0,6
126.8,9,isocontour,11.283791670955125,25192.08,53.01,20.3,3.8,0.996,-0.8,2.5,2.6,-4.0,-18.2,1.115,21,3,0,0,3
126.8,10,isocontour,11.283791670955125,26049.68,54.82,16.4,10.6,1.061,0.8,-1.3,1.5,-4.0,-18.2,1.115,21,3,0,0,3
126.8,11,isocontour,11.283791670955125,28212.76,59.37,-17.0,-9.9,1.049,0.6,-2.8,2.9,-4.2,-18.2,1.116,21,3,0,0,3
126.8,12,isocontour,11.283791670955125,24907.21,52.41,-12.8,-16.3,0.991,0.1,1.2,1.2,-4.2,-18.2,1.116,21,3,0,0,3
126.8,13,isocontour,11.283791670955125,24352.23,51.25,20.4,-4.7,0.979,2.0,-2.3,3.0,-4.0,-18.2,1.115,21,2,0,0,2
126.8,14,isocontour,11.283791670955125,26325.81,55.4,7.5,-18.2,1.052,-1.0,-0.7,1.2,-4.2,-18.2,1.116,21,2,0,0,2
126.8,15,isocontour,11.283791670955125,21347.58,44.92,-10.9,15.3,1.105,2.5,0.8,2.6,-4.0,-18.2,1.115,21,4,0,0,4
126.8,16,isocontour,11.283791670955125,40795.8,85.85,-20.3,4.3,0.993,-1.6,1.2,2.0,-4.0,-18.2,1.115,21,4,0,0,4
126.8,17,isocontour,11.283791670955125,22722.88,47.82,5.2,19.3,1.033,0.7,-2.2,2.3,-4.0,-18.2,1.115,21,6,0,0,6
126.8,18,isocontour,11.283791670955125,27630.44,58.14,-12.8,16.6,0.979,2.9,-0.5,2.9,-4.0,-18.2,1.115,21,4,0,0,4
126.8,19,isocontour,11.283791670955125,23598.77,49.66,-20.5,-3.9,0.987,0.8,2.5,2.6,-4.0,-18.2,1.115,21,4,0,0,4
126.8,20,isocontour,11.283791670955125,25884.23,54.47,14.9,-14.5,0.988,0.7,-1.8,1.9,-4.0,-18.2,1.115,21,2,0,0,2
126.8,21,isocontour,11.283791670955125,26353.99,55.46,-4.4,-18.3,1.105,1.1,-1.0,1.5,-4.4,-18.3,1.116,21,2,0,0,2
126.8,22,isocontour,11.283791670955125,27914.33,58.74,-18.6,-9.5,0.984,0.1,-2.0,2.0,-4.2,-18.2,1.116,21,3,0,0,3
126.8,23,isocontour,11.283791670955125,27337.98,57.53,-20.5,3.5,0.989,1.1,0.6,1.3,-4.0,-18.2,1.115,21,4,0,0,4
126.8,24,isocontour,11.283791670955125,27067.22,56.96,3.6,-20.2,1.003,0.6,0.3,0.7,-4.2,-18.2,1.116,21,2,0,0,2
126.8,25,isocontour,11.283791670955125,26666.8,56.12,-18.0,7.7,1.059,-1.1,-2.6,2.8,-4.0,-18.2,1.115,21,5,0,0,5
126.8,Target,,,,,0.0,0.0,4.023,0.0,0.0,,,,,,,,,
126.9,1,isocontour,11.283791670955125,22232.35,46.79,11.8,16.9,0.995,-0.5,-1.7,1.8,-4.0,-18.2,1.115,21,7,0,0,7
126.9,2,isocontour,11.283791670955125,21491.63,45.23,-3.0,20.6,0.989,-0.9,0.2,0.9,-4.0,-18.2,1.115,21,7,0,0,7
126.9,3,isocontour,11.283791670955125,21806.03,45.89,5.8,20.0,0.985,-1.9,1.3,2.3,-4.0,-18.2,1.115,21,6,0,0,6
126.9,4,isocontour,11.283791670955125,27328.68,57.51,17.2,11.7,0.99,-0.4,2.3,2.3,-4.0,-18.2,1.115,21,3,0,0,3
126.9,5,isocontour,11.283791670955125,25221.75,53.08,4.4,19.1,1.054,-4.0,0.7,4.1,-4.0,-18.2,1.115,21,6,0,0,6
126.9,6,isocontour,11.283791670955125,27033.53,56.89,4.4,19.6,1.03,0.6,-0.2,0.6,-4.0,-18.2,1.115,21,6,0,0,6
126.9,7,isocontour,11.283791670955125,24790.07,52.17,-18.3,10.1,0.985,-0.8,-2.7,2.8,-4.0,-18.2,1.115,21,5,0,0,5
126.9,8,isocontour,11.283791670955125,27780.23,58.46,4.3,19.2,1.055,2.6,0.6,2.7,-4.0,-18.2,1.115,21,6,0,0,6
126.9,9,isocontour,11.283791670955125,25158.29,52.94,20.4,3.6,0.991,1.5,-2.5,2.9,-4.0,-18.2,1.115,21,3,0,0,3
126.9,10,isocontour,11.283791670955125,26031.06,54.78,16.4,10.4,1.066,0.2,-2.4,2.4,-4.0,-18.2,1.115,21,3,0,0,3
126.9,11,isocontour,11.283791670955125,28182.56,59.31,-16.9,-10.2,1.045,0.9,-2.7,2.8,-4.2,-18.2,1.116,21,3,0,0,3
126.9,12,isocontour,11.283791670955125,24904.89,52.41,-12.7,-16.3,0.993,1.1,-0.6,1.3,-4.2,-18.2,1.116,21,3,0,0,3
126.9,13,isocontour,11.283791670955125,24330.75,51.2,20.4,-4.6,0.981,-0.3,2.5,2.5,-4.0,-18.2,1.115,21,2,0,0,2
126.9,14,isocontour,11.283791670955125,26303.32,55.35,7.2,-18.2,1.056,-2.6,-0.2,2.6,-4.2,-18.2,1.116,21,2,0,0,2
126.9,15,isocontour,11.283791670955125,21340.05,44.91,-10.8,15.5,1.1,0.7,1.7,1.8,-4.0,-18.2,1.115,21,4,0,0,4
126.9,16,isocontour,11.283791670955125,40783.2,85.82,-20.4,4.4,0.983,-1.6,1.4,2.1,-4.0,-18.2,1.115,21,4,0,0,4
126.9,17,isocontour,11.283791670955125,22722.33,47.82,5.2,19.3,1.032,0.6,0.4,0.7,-4.0,-18.2,1.115,21,6,0,0,6
126.9,18,isocontour,11.283791670955125,27615.43,58.11,-12.6,16.5,0.991,1.7,-1.5,2.3,-4.0,-18.2,1.115,21,4,0,0,4
126.9,19,isocontour,11.283791670955125,23597.77,49.66,-20.4,-3.8,0.991,0.5,0.8,0.9,-4.2,-18.2,1.116,21,4,0,0,4
126.9,20,isocontour,11.283791670955125,25882.71,54.47,14.9,-14.6,0.984,-0.2,-1.0,1.0,-4.2,-18.2,1.116,21,2,0,0,2
126.9,21,isocontour,11.283791670955125,26334.91,55.42,-4.1,-18.3,1.109,2.4,0.3,2.4,-4.1,-18.3,1.116,21,2,0,0,2
126.9,22,isocontour,11.283791670955125,27885.06,58.68,-18.4,-9.7,0.987,1.9,-2.1,2.8,-4.2,-18.2,1.116,21,3,0,0,3
126.9,23,isocontour,11.283791670955125,27310.51,57.47,-20.4,3.7,0.991,0.9,2.6,2.8,-4.0,-18.2,1.115,21,4,0,0,4
126.9,24,isocontour,11.283791670955125,27052.21,56.93,3.6,-20.4,0.994,-1.0,-2.1,2.3,-4.2,-18.2,1.116,21,2,0,0,2
126.9,25,isocontour,11.283791670955125,26639.34,56.06,-18.1,7.5,1.055,-1.7,-2.2,2.8,-4.0,-18.2,1.115,21,5,0,0,5
126.9,Target,,,,,0.0,0.0,4.023,0.0,0.0,,,,,,,,,
127.0,1,isocontour,11.283791670955125,22231.14,46.78,11.9,16.9,0.995,0.9,-0.3,0.9,-4.0,-18.2,1.115,21,7,0,0,7
127.0,2,isocontour,11.283791670955125,21469.64,45.18,-3.2,20.4,0.995,-2.0,-1.7,2.6,-4.0,-18.2,1.115,21,7,0,0,7
127.0,3,isocontour,11.283791670955125,21778.27,45.83,5.9,19.8,0.994,1.5,-2.4,2.8,-4.0,-18.2,1.115,21,6,0,0,6
127.0,4,isocontour,11.283791670955125,27325.03,57.5,17.1,11.6,0.994,-0.5,-1.3,1.4,-4.0,-18.2,1.115,21,3,0,0,3
127.0,5,isocontour,11.283791670955125,25117.24,52.86,4.7,19.0,1.06,3.9,-2.0,4.4,-4.0,-18.2,1.115,21,6,0,0,6
127.0,6,isocontour,11.283791670955125,26992.91,56.8,4.7,19.6,1.024,3.1,0.7,3.2,-4.0,-18.2,1.115,21,6,0,0,6
127.0,7,isocontour,11.283791670955125,24786.5,52.16,-18.2,10.1,0.99,1.3,0.5,1.4,-4.0,-18.2,1.115,21,5,0,0,5
127.0,8,isocontour,11.283791670955125,27761.62,58.42,4.4,19.0,1.062,1.4,-2.0,2.4,-4.0,-18.2,1.115,21,6,0,0,6
127.0,9,isocontour,11.283791670955125,25146.38,52.92,20.6,3.7,0.982,1.6,1.4,2.1,-4.0,-18.2,1.115,21,3,0,0,3
127.0,10,isocontour,11.283791670955125,26025.04,54.77,16.4,10.5,1.064,-0.2,1.7,1.7,-4.0,-18.2,1.115,21,3,0,0,3
127.0,11,isocontour,11.283791670955125,28172.56,59.29,-16.9,-10.4,1.043,0.7,-1.9,2.0,-4.2,-18.2,1.116,21,3,0,0,3
127.0,12,isocontour,11.283791670955125,24876.84,52.35,-12.5,-16.5,0.994,2.3,-1.6,2.8,-4.2,-18.2,1.116,21,3,0,0,3
127.0,13,isocontour,11.283791670955125,24329.61,51.2,20.4,-4.4,0.983,-0.1,1.0,1.0,-4.0,-18.2,1.115,21,1,0,0,1
127.0,14,isocontour,11.283791670955125,26272.8,55.29,7.0,-18.4,1.054,-2.5,-1.4,2.9,-4.2,-18.2,1.116,21,2,0,0,2
127.0,15,isocontour,11.283791670955125,21315.97,44.86,-11.0,15.6,1.087,-2.4,1.2,2.7,-4.0,-18.2,1.115,21,4,0,0,4
127.0,16,isocontour,11.283791670955125,40764.13,85.78,-20.5,4.3,0.98,-0.9,-2.3,2.5,-4.2,-18.2,1.116,21,4,0,0,4
127.0,17,isocontour,11.283791670955125,22718.04,47.81,5.4,19.3,1.03,1.5,-0.2,1.5,-4.0,-18.2,1.115,21,6,0,0,6
127.0,18,isocontour,11.283791670955125,27613.17,58.11,-12.5,16.4,0.999,0.6,-1.1,1.3,-4.0,-18.2,1.115,21,4,0,0,4
127.0,19,isocontour,11.283791670955125,23589.2,49.64,-20.3,-3.9,0.994,1.0,-1.6,1.9,-4.2,-18.2,1.116,21,4,0,0,4
127.0,20,isocontour,11.283791670955125,25846.85,54.39,14.7,-14.8,0.987,-2.6,-1.6,3.1,-4.2,-18.2,1.116,21,1,0,0,1
127.0,21,isocontour,11.283791670955125,26305.95,55.36,-3.9,-18.4,1.104,2.4,-1.6,2.9,-3.9,-18.4,1.116,21,2,0,0,2
127.0,22,isocontour,11.283791670955125,27872.47,58.65,-18.2,-9.7,0.997,2.1,-0.0,2.1,-4.2,-18.2,1.116,21,3,0,0,3
127.0,23,isocontour,11.283791670955125,27286.7,57.42,-20.4,4.0,0.988,-0.3,2.6,2.6,-4.2,-18.2,1.116,21,4,0,0,4
127.0,24,isocontour,11.283791670955125,27039.43,56.9,3.6,-20.6,0.983,0.9,-1.9,2.1,-4.2,-18.2,1.116,21,2,0,0,2
127.0,25,isocontour,11.283791670955125,26638.3,56.06,-18.1,7.5,1.055,0.4,0.8,0.9,-4.0,-18.2,1.115,21,5,0,0,5
127.0,Target,,,,,0.0,0.0,4.023,0.0,0.0,,,,,,,,,
127.1,1,isocontour,11.283791670955125,22220.38,46.76,12.1,16.9,0.987,1.9,0.7,2.0,-4.0,-18.2,1.115,21,7,0,0,7
127.1,2,isocontour,11.283791670955125,21462.6,45.17,-3.2,20.5,0.99,0.9,1.5,1.7,-4.0,-18.2,1.115,21,7,0,0,7
127.1,3,isocontour,11.283791670955125,21777.48,45.83,6.0,19.9,0.991,0.5,0.7,0.9,-4.0,-18.2,1.115,21,6,0,0,6
127.1,4,isocontour,11.283791670955125,27323.42,57.5,17.2,11.6,0.994,0.8,-0.7,1.1,-4.0,-18.2,1.115,21,3,0,0,3
127.1,5,isocontour,11.283791670955125,25092.07,52.8,4.9,18.9,1.058,2.7,-0.1,2.7,-4.0,-18.2,1.115,21,6,0,0,6
127.1,6,isocontour,11.283791670955125,26981.98,56.78,4.7,19.5,1.032,-0.7,-1.9,2.0,-4.0,-18.2,1.115,21,6,0,0,6
127.1,7,isocontour,11.283791670955125,24769.21,52.12,-18.2,9.9,0.994,-0.6,-2.3,2.4,-4.2,-18.2,1.116,21,5,0,0,5
127.1,8,isocontour,11.283791670955125,27759.91,58.42,4.4,18.9,1.066,-1.1,-0.3,1.1,-4.0,-18.2,1.115,21,6,0,0,6
127.1,9,isocontour,11.283791670955125,25129.95,52.88,20.7,3.9,0.972,1.5,1.8,2.3,-4.0,-18.2,1.115,21,3,0,0,3
127.1,10,isocontour,11.283791670955125,26024.28,54.76,16.4,10.6,1.063,-0.5,0.6,0.8,-4.0,-18.2,1.115,21,3,0,0,3
127.1,11,isocontour,11.283791670955125,28152.55,59.24,-17.0,-10.3,1.038,-1.9,1.6,2.5,-4.2,-18.2,1.116,21,3,0,0,3
127.1,12,isocontour,11.283791670955125,24743.45,52.07,-12.2,-16.8,0.992,3.5,-3.1,4.7,-4.2,-18.2,1.116,21,3,0,0,3
127.1,13,isocontour,11.283791670955125,24327.86,51.19,20.4,-4.5,0.982,0.1,-1.1,1.1,-4.0,-18.2,1.115,21,1,0,0,1
127.1,14,isocontour,11.283791670955125,26251.32,55.24,7.1,-18.3,1.053,2.4,0.8,2.5,-4.2,-18.2,1.116,21,3,0,0,3
127.1,15,isocontour,11.283791670955125,21291.9,44.81,-11.2,15.8,1.071,-1.7,2.0,2.6,-4.0,-18.2,1.115,21,4,0,0,4
127.1,16,isocontour,11.283791670955125,40763.39,85.78,-20.5,4.3,0.978,-0.2,0.8,0.8,-4.2,-18.2,1.116,21,4,0,0,4
127.1,17,isocontour,11.283791670955125,22714.97,47.8,5.3,19.2,1.036,-0.9,-1.0,1.3,-4.0,-18.2,1.115,21,6,0,0,6
127.1,18,isocontour,11.283791670955125,27566.11,58.01,-12.8,16.3,0.99,-3.3,-0.1,3.3,-4.0,-18.2,1.115,21,4,0,0,4
127.1,19,isocontour,11.283791670955125,23575.7,49.61,-20.4,-3.8,0.989,-1.5,1.6,2.2,-4.2,-18.2,1.116,21,4,0,0,4
127.1,20,isocontour,11.283791670955125,25811.0,54.32,14.4,-15.0,0.99,-2.6,-1.6,3.1,-4.2,-18.2,1.116,21,1,0,0,1
127.1,21,isocontour,11.283791670955125,26274.48,55.29,-4.1,-18.4,1.102,-2.9,0.5,2.9,-4.1,-18.4,1.116,21,3,0,0,3
127.1,22,isocontour,11.283791670955125,27871.15,58.65,-18.3,-9.7,0.994,-0.9,-0.4,1.0,-4.2,-18.2,1.116,21,3,0,0,3
127.1,23,isocontour,11.283791670955125,27168.73,57.17,-20.4,3.7,0.993,0.3,-4.5,4.5,-4.2,-18.2,1.116,21,4,0,0,4
127.1,24,isocontour,11.283791670955125,27037.0,56.9,3.5,-20.6,0.982,-1.2,-0.1,1.2,-4.2,-18.2,1.116,21,2,0,0,2
127.1,25,isocontour,11.283791670955125,26616.32,56.01,-18.1,7.7,1.054,0.9,2.4,2.6,-4.2,-18.2,1.116,21,5,0,0,5
127.1,Target,,,,,0.0,0.0,4.023,0.0,0.0,,,,,,,,,
127.2,1,isocontour,11.283791670955125,22207.07,46.73,12.1,16.8,0.995,-0.3,-2.2,2.2,-4.0,-18.2,1.115,21,7,0,0,7
127.2,2,isocontour,11.283791670955125,21452.3,45.14,-3.3,20.4,0.993,-1.6,-1.3,2.1,-4.0,-18.2,1.115,21,7,0,0,7
127.2,3,isocontour,11.283791670955125,21763.24,45.8,6.0,20.1,0.98,0.1,2.2,2.2,-4.0,-18.2,1.115,21,6,0,0,6
127.2,4,isocontour,11.283791670955125,27323.02,57.5,17.2,11.6,0.991,0.4,0.5,0.6,-4.0,-18.2,1.115,21,3,0,0,3
127.2,5,isocontour,11.283791670955125,25082.81,52.78,4.8,18.9,1.063,-1.8,-0.6,1.9,-4.0,-18.2,1.115,21,6,0,0,6
127.2,6,isocontour,11.283791670955125,26976.06,56.77,4.6,19.3,1.042,-0.8,-1.5,1.7,-4.0,-18.2,1.115,21,6,0,0,6
127.2,7,isocontour,11.283791670955125,24743.76,52.07,-18.1,10.1,0.991,0.7,2.6,2.7,-4.2,-18.2,1.116,21,5,0,0,5
127.2,8,isocontour,11.283791670955125,27726.13,58.35,4.2,19.1,1.057,-1.8,2.4,3.0,-4.0,-18.2,1.115,21,6,0,0,6
127.2,9,isocontour,11.283791670955125,25126.22,52.88,20.6,3.9,0.976,-1.3,0.5,1.4,-4.0,-18.2,1.115,21,3,0,0,3
127.2,10,isocontour,11.283791670955125,26021.47,54.76,16.4,10.7,1.058,0.5,1.2,1.3,-4.0,-18.2,1.115,21,3,0,0,3
127.2,11,isocontour,11.283791670955125,28148.82,59.24,-17.0,-10.4,1.036,0.4,-1.4,1.5,-4.2,-18.2,1.116,21,3,0,0,3
127.2,12,isocontour,11.283791670955125,24727.63,52.04,-12.3,-17.0,0.981,-1.2,-1.9,2.2,-4.2,-18.2,1.116,21,3,0,0,3
127.2,13,isocontour,11.283791670955125,24325.71,51.19,20.4,-4.6,0.983,-0.5,-1.1,1.2,-4.0,-18.2,1.115,21,1,0,0,1
127.2,14,isocontour,11.283791670955125,26249.53,55.24,7.2,-18.2,1.057,0.6,0.9,1.1,-4.2,-18.2,1.116,21,3,0,0,3
127.2,15,isocontour,11.283791670955125,21264.14,44.75,-11.4,15.7,1.07,-2.1,-1.8,2.8,-4.2,-18.2,1.116,21,4,0,0,4
127.2,16,isocontour,11.283791670955125,40760.66,85.78,-20.4,4.3,0.983,1.3,-0.1,1.3,-4.2,-18.2,1.116,21,4,0,0,4
127.2,17,isocontour,11.283791670955125,22712.23,47.8,5.4,19.3,1.031,0.4,1.2,1.3,-4.0,-18.2,1.115,21,6,0,0,6
127.2,18,isocontour,11.283791670955125,27555.66,57.99,-12.8,16.5,0.984,0.7,1.9,2.0,-4.2,-18.2,1.116,21,4,0,0,4
127.2,19,isocontour,11.283791670955125,23566.58,49.59,-20.4,-3.9,0.99,0.7,-1.8,1.9,-4.2,-18.2,1.116,21,4,0,0,4
127.2,20,isocontour,11.283791670955125,25808.62,54.31,14.3,-15.0,0.993,-1.2,-0.4,1.3,-4.2,-18.2,1.116,21,1,0,0,1
127.2,21,isocontour,11.283791670955125,26272.68,55.29,-4.2,-18.4,1.104,-1.0,0.5,1.1,-4.2,-18.4,1.116,21,3,0,0,3
127.2,22,isocontour,11.283791670955125,27851.84,58.61,-18.5,-9.7,0.983,-2.5,0.3,2.5,-4.2,-18.2,1.116,21,3,0,0,3
127.2,23,isocontour,11.283791670955125,27139.77,57.11,-20.5,3.4,0.991,-0.9,-2.7,2.8,-4.2,-18.2,1.116,21,4,0,0,4
127.2,24,isocontour,11.283791670955125,27028.16,56.88,3.5,-20.5,0.99,0.5,1.8,1.9,-4.2,-18.2,1.116,21,2,0,0,2
127.2,25,isocontour,11.283791670955125,26605.24,55.99,-18.1,8.0,1.048,-0.6,2.0,2.1,-4.2,-18.2,1.116,21,5,0,0,5
127.2,Target,,,,,0.0,0.0,4.023,0.0,0.0,,,,,,,,,
127.3,1,isocontour,11.283791670955125,22205.86,46.73,12.0,16.8,0.996,-0.7,0.6,0.9,-4.0,-18.2,1.115,21,7,0,0,7
127.3,2,isocontour,11.283791670955125,21450.82,45.14,-3.4,20.4,0.994,-1.0,-0.2,1.0,-4.2,-18.2,1.116,21,7,0,0,7
127.3,3,isocontour,11.283791670955125,21761.63,45.79,5.9,20.0,0.983,-0.9,-0.6,1.1,-4.0,-18.2,1.115,21,6,0,0,6
127.3,4,isocontour,11.283791670955125,27279.25,57.41,17.5,11.5,0.981,3.1,-1.0,3.3,-4.0,-18.2,1.115,21,3,0,0,3
127.3,5,isocontour,11.283791670955125,24981.14,52.57,5.1,18.7,1.07,3.6,-2.3,4.3,-4.0,-18.2,1.115,21,6,0,0,6
127.3,6,isocontour,11.283791670955125,26915.19,56.64,4.9,19.3,1.037,3.6,0.5,3.6,-4.0,-18.2,1.115,21,6,0,0,6
127.3,7,isocontour,11.283791670955125,24621.05,51.81,-18.0,10.5,0.984,1.0,4.5,4.6,-4.2,-18.2,1.116,21,5,0,0,5
127.3,8,isocontour,11.283791670955125,27719.55,58.33,4.1,19.1,1.063,-0.9,-1.5,1.7,-4.0,-18.2,1.115,21,6,0,0,6
127.3,9,isocontour,11.283791670955125,25124.7,52.87,20.6,4.0,0.98,-0.8,0.7,1.1,-4.0,-18.2,1.115,21,3,0,0,3
127.3,10,isocontour,11.283791670955125,25994.01,54.7,16.2,10.9,1.059,-1.8,2.1,2.8,-4.0,-18.2,1.115,21,3,0,0,3
127.3,11,isocontour,11.283791670955125,28141.66,59.22,-17.2,-10.3,1.032,-1.5,1.0,1.8,-4.2,-18.2,1.116,21,3,0,0,3
127.3,12,isocontour,11.283791670955125,24663.7,51.9,-12.6,-16.9,0.973,-3.5,1.1,3.7,-4.2,-18.2,1.116,21,3,0,0,3
127.3,13,isocontour,11.283791670955125,24323.66,51.19,20.3,-4.7,0.983,-0.3,-1.1,1.1,-4.0,-18.2,1.115,21,1,0,0,1
127.3,14,isocontour,11.283791670955125,26249.08,55.24,7.3,-18.2,1.058,0.6,0.4,0.7,-4.2,-18.2,1.116,21,2,0,0,2
127.3,15,isocontour,11.283791670955125,21238.96,44.69,-11.2,15.5,1.083,2.2,-1.5,2.7,-4.2,-18.2,1.116,21,4,0,0,4
127.3,16,isocontour,11.283791670955125,40727.54,85.71,-20.2,4.1,0.997,2.3,-1.9,3.0,-4.2,-18.2,1.116,21,4,0,0,4
127.3,17,isocontour,11.283791670955125,22689.99,47.75,5.4,19.1,1.042,-0.0,-2.6,2.6,-4.0,-18.2,1.115,21,6,0,0,6
127.3,18,isocontour,11.283791670955125,27555.64,57.99,-12.8,16.5,0.982,-0.1,0.2,0.2,-4.2,-18.2,1.116,21,4,0,0,4
127.3,19,isocontour,11.283791670955125,23530.73,49.52,-20.4,-4.2,0.988,0.2,-3.0,3.0,-4.2,-18.2,1.116,21,4,0,0,4
127.3,20,isocontour,11.283791670955125,25803.97,54.3,14.3,-14.9,0.996,0.7,1.3,1.5,-4.2,-18.2,1.116,21,1,0,0,1
127.3,21,isocontour,11.283791670955125,26244.63,55.23,-4.0,-18.4,1.103,2.7,-0.7,2.8,-4.0,-18.4,1.116,21,2,0,0,2
127.3,22,isocontour,11.283791670955125,27833.45,58.57,-18.7,-9.7,0.973,-2.3,0.6,2.4,-4.2,-18.2,1.116,21,3,0,0,3
127.3,23,isocontour,11.283791670955125,27108.94,57.05,-20.6,3.1,0.987,-1.2,-2.6,2.9,-4.2,-18.2,1.116,21,4,0,0,4
127.3,24,isocontour,11.283791670955125,27025.78,56.87,3.5,-20.4,0.994,-1.2,0.2,1.2,-4.2,-18.2,1.116,21,2,0,0,2
127.3,25,isocontour,11.283791670955125,26584.25,55.94,-18.2,8.1,1.035,-1.7,1.9,2.5,-4.2,-18.2,1.116,21,5,0,0,5
127.3,Target,,,,,0.0,0.0,4.023,0.0,0.0,,,,,,,,,
127.4,1,isocontour,11.283791670955125,22204.46,46.73,12.1,16.8,0.992,1.0,0.3,1.0,-4.0,-18.2,1.115,21,7,0,0,7
127.4,2,isocontour,11.283791670955125,21449.46,45.14,-3.5,20.4,0.993,-1.0,-0.0,1.0,-4.2,-18.2,1.116,21,7,0,0,7
127.4,3,isocontour,11.283791670955125,21741.37,45.75,5.8,19.8,0.995,-1.3,-2.1,2.5,-4.2,-18.2,1.116,21,6,0,0,6
127.4,4,isocontour,11.283791670955125,27249.68,57.34,17.5,11.7,0.973,-0.3,2.8,2.8,-4.0,-18.2,1.115,21,3,0,0,3
127.4,5,isocontour,11.283791670955125,24950.63,52.51,5.3,18.5,1.081,1.7,-2.3,2.9,-4.2,-18.2,1.116,21,6,0,0,6
127.4,6,isocontour,11.283791670955125,26913.04,56.64,4.9,19.3,1.038,-1.2,-0.3,1.2,-4.2,-18.2,1.116,21,6,0,0,6
127.4,7,isocontour,11.283791670955125,24619.26,51.81,-18.1,10.6,0.978,-0.7,0.8,1.1,-4.2,-18.2,1.116,21,5,0,0,5
127.4,8,isocontour,11.283791670955125,27717.56,58.33,4.2,19.0,1.067,0.9,-0.7,1.1,-4.2,-18.2,1.116,21,6,0,0,6
127.4,9,isocontour,11.283791670955125,25110.27,52.84,20.4,4.1,0.989,-2.1,0.9,2.3,-4.0,-18.2,1.115,21,3,0,0,3
127.4,10,isocontour,11.283791670955125,25991.01,54.69,16.2,11.0,1.057,-0.3,1.3,1.3,-4.0,-18.2,1.115,21,3,0,0,3
127.4,11,isocontour,11.283791670955125,28128.89,59.19,-17.2,-10.1,1.036,0.0,2.2,2.2,-4.2,-18.2,1.116,21,3,0,0,3
127.4,12,isocontour,11.283791670955125,24637.97,51.85,-12.7,-16.7,0.981,-0.4,2.7,2.7,-4.2,-18.2,1.116,21,3,0,0,3
127.4,13,isocontour,11.283791670955125,24323.2,51.19,20.4,-4.7,0.982,0.4,0.6,0.7,-4.0,-18.2,1.115,21,1,0,0,1
127.4,14,isocontour,11.283791670955125,26231.14,55.2,7.5,-18.1,1.056,2.4,0.4,2.4,-4.2,-18.2,1.116,21,2,0,0,2
127.4,15,isocontour,11.283791670955125,21228.2,44.67,-11.1,15.6,1.082,1.2,1.6,2.0,-4.2,-18.2,1.116,21,4,0,0,4
127.4,16,isocontour,11.283791670955125,40726.64,85.7,-20.2,4.2,0.999,0.1,0.9,0.9,-4.2,-18.2,1.116,21,4,0,0,4
127.4,17,isocontour,11.283791670955125,22603.06,47.57,5.7,18.9,1.046,3.8,-1.5,4.1,-4.2,-18.2,1.116,21,6,0,0,6
127.4,18,isocontour,11.283791670955125,27522.86,57.92,-12.6,16.5,0.992,2.9,-0.5,2.9,-4.2,-18.2,1.116,21,4,0,0,4
127.4,19,isocontour,11.283791670955125,23502.67,49.46,-20.5,-4.0,0.982,-1.7,2.2,2.8,-4.2,-18.2,1.116,21,4,0,0,4
127.4,20,isocontour,11.283791670955125,25788.76,54.27,14.5,-14.7,0.997,1.5,1.7,2.3,-4.2,-18.2,1.116,21,1,0,0,1
127.4,21,isocontour,11.283791670955125,26213.8,55.16,-3.7,-18.5,1.103,2.8,-0.6,2.9,-3.7,-18.5,1.116,21,2,0,0,2
127.4,22,isocontour,11.283791670955125,27817.63,58.54,-18.7,-9.5,0.979,0.7,2.2,2.3,-4.2,-18.2,1.116,21,3,0,0,3
127.4,23,isocontour,11.283791670955125,27101.03,57.03,-20.5,2.9,0.99,0.7,-1.7,1.8,-4.2,-18.2,1.116,21,4,0,0,4
127.4,24,isocontour,11.283791670955125,27015.33,56.85,3.4,-20.6,0.986,-1.0,-1.8,2.1,-4.2,-18.2,1.116,21,2,0,0,2
127.4,25,isocontour,11.283791670955125,26555.6,55.88,-18.3,7.9,1.036,-0.6,-2.8,2.9,-4.2,-18.2,1.116,21,5,0,0,5
127.4,Target,,,,,0.0,0.0,4.023,0.0,0.0,,,,,,,,,
127.5,1,isocontour,11.283791670955125,22126.71,46.56,12.4,16.7,0.989,3.4,-1.9,3.9,-4.2,-18.2,1.116,21,7,0,0,7
127.5,2,isocontour,11.283791670955125,21436.86,45.11,-3.6,20.6,0.984,-1.1,1.8,2.1,-4.2,-18.2,1.116,21,7,0,0,7
127.5,3,isocontour,11.283791670955125,21740.71,45.75,5.8,19.9,0.993,0.5,0.6,0.8,-4.2,-18.2,1.116,21,6,0,0,6
127.5,4,isocontour,11.283791670955125,27213.12,57.27,17.2,11.7,0.985,-2.9,-0.8,3.0,-4.0,-18.2,1.115,21,3,0,0,3
127.5,5,isocontour,11.283791670955125,24946.66,52.5,5.3,18.5,1.076,-0.3,1.4,1.4,-4.2,-18.2,1.116,21,6,0,0,6
127.5,6,isocontour,11.283791670955125,26894.65,56.6,4.7,19.1,1.05,-1.2,-2.1,2.4,-4.2,-18.2,1.116,21,6,0,0,6
127.5,7,isocontour,11.283791670955125,24587.79,51.74,-18.1,10.4,0.982,-0.4,-2.9,2.9,-4.2,-18.2,1.116,21,5,0,0,5
127.5,8,isocontour,11.283791670955125,27716.53,58.33,4.3,19.0,1.066,0.9,0.2,0.9,-4.2,-18.2,1.116,21,6,0,0,6
127.5,9,isocontour,11.283791670955125,25091.43,52.8,20.3,4.3,0.991,-0.6,2.4,2.5,-4.0,-18.2,1.115,21,3,0,0,3
127.5,10,isocontour,11.283791670955125,25982.58,54.68,16.0,11.1,1.062,-1.8,0.6,1.9,-4.0,-18.2,1.115,21,3,0,0,3
127.5,11,isocontour,11.283791670955125,28115.03,59.16,-17.3,-10.0,1.032,-1.9,1.2,2.2,-4.2,-18.2,1.116,21,3,0,0,3
127.5,12,isocontour,11.283791670955125,24636.97,51.85,-12.7,-16.5,0.985,-0.3,0.9,0.9,-4.2,-18.2,1.116,21,3,0,0,3
127.5,13,isocontour,11.283791670955125,24322.0,51.18,20.4,-4.6,0.984,-0.2,0.9,0.9,-4.0,-18.2,1.115,21,1,0,0,1
127.5,14,isocontour,11.283791670955125,26227.1,55.19,7.6,-18.0,1.06,0.6,1.3,1.4,-4.2,-18.2,1.116,21,3,0,0,3
127.5,15,isocontour,11.283791670955125,21199.54,44.61,-10.9,15.8,1.08,2.1,1.9,2.8,-4.2,-18.2,1.116,21,4,0,0,4
127.5,16,isocontour,11.283791670955125,40712.4,85.67,-20.3,4.3,0.989,-1.8,1.3,2.2,-4.2,-18.2,1.116,21,4,0,0,4
127.5,17,isocontour,11.283791670955125,22599.71,47.56,5.6,19.0,1.045,-1.2,0.7,1.4,-4.2,-18.2,1.116,21,6,0,0,6
127.5,18,isocontour,11.283791670955125,27505.14,57.88,-12.7,16.5,0.988,-2.4,-0.4,2.4,-4.2,-18.2,1.116,21,4,0,0,4
127.5,19,isocontour,11.283791670955125,23501.31,49.46,-20.5,-3.9,0.985,0.6,0.8,1.0,-4.2,-18.2,1.116,21,4,0,0,4
127.5,20,isocontour,11.283791670955125,25771.04,54.23,14.6,-14.6,0.996,1.8,1.6,2.4,-4.2,-18.2,1.116,21,1,0,0,1
127.5,21,isocontour,11.283791670955125,26190.25,55.11,-3.5,-18.5,1.106,2.6,-0.1,2.6,-3.5,-18.5,1.116,21,3,0,0,3
127.5,22,isocontour,11.283791670955125,27813.99,58.53,-18.6,-9.4,0.986,1.4,-0.1,1.4,-4.2,-18.2,1.116,21,3,0,0,3
127.5,23,isocontour,11.283791670955125,27099.23,57.03,-20.6,2.8,0.989,-0.6,-1.0,1.2,-4.2,-18.2,1.116,21,4,0,0,4
127.5,24,isocontour,11.283791670955125,27013.63,56.85,3.4,-20.5,0.989,0.7,0.9,1.1,-4.2,-18.2,1.116,21,2,0,0,2
127.5,25,isocontour,11.283791670955125,26554.35,55.88,-18.4,7.8,1.036,-0.4,-0.9,1.0,-4.2,-18.2,1.116,21,5,0,0,5
127.5,Target,,,,,0.0,0.0,4.023,0.0,0.0,,,,,,,,,
127.6,1,isocontour,11.283791670955125,22124.81,46.56,12.5,16.7,0.983,0.9,0.7,1.1,-4.2,-18.2,1.116,21,7,0,0,7
127.6,2,isocontour,11.283791670955125,21432.13,45.1,-3.7,20.5,0.985,-1.2,-0.9,1.5,-4.2,-18.2,1.116,21,7,0,0,7
127.6,3,isocontour,11.283791670955125,21739.1,45.75,5.8,20.0,0.989,-0.5,0.9,1.0,-4.2,-18.2,1.116,21,6,0,0,6
127.6,4,isocontour,11.283791670955125,27177.26,57.19,17.1,11.4,0.999,-0.8,-2.9,3.0,-4.2,-18.2,1.116,21,3,0,0,3
127.6,5,isocontour,11.283791670955125,24945.05,52.49,5.4,18.5,1.074,1.1,-0.2,1.1,-4.2,-18.2,1.116,21,6,0,0,6
127.6,6,isocontour,11.283791670955125,26836.24,56.47,5.0,19.0,1.052,3.5,-0.8,3.6,-4.2,-18.2,1.116,21,6,0,0,6
127.6,7,isocontour,11.283791670955125,24578.23,51.72,-18.0,10.2,0.992,1.3,-1.5,2.0,-4.2,-18.2,1.116,21,5,0,0,5
127.6,8,isocontour,11.283791670955125,27715.76,58.32,4.2,19.0,1.068,-0.8,-0.3,0.9,-4.2,-18.2,1.116,21,6,0,0,6
127.6,9,isocontour,11.283791670955125,25090.52,52.8,20.3,4.4,0.991,-0.0,0.9,0.9,-4.0,-18.2,1.115,21,3,0,0,3
127.6,10,isocontour,11.283791670955125,25981.61,54.68,16.1,11.1,1.063,0.6,-0.7,0.9,-4.2,-18.2,1.116,21,3,0,0,3
127.6,11,isocontour,11.283791670955125,28092.53,59.12,-17.3,-9.8,1.04,0.6,2.5,2.6,-4.2,-18.2,1.116,21,3,0,0,3
127.6,12,isocontour,11.283791670955125,24624.38,51.82,-12.7,-16.4,0.993,-0.1,2.1,2.1,-4.2,-18.2,1.116,21,3,0,0,3
127.6,13,isocontour,11.283791670955125,24293.64,51.12,20.4,-4.4,0.987,0.0,2.8,2.8,-4.0,-18.2,1.115,21,1,0,0,1
127.6,14,isocontour,11.283791670955125,26223.37,55.18,7.6,-17.9,1.066,0.6,1.3,1.4,-4.2,-18.2,1.116,21,3,0,0,3
127.6,15,isocontour,11.283791670955125,21197.05,44.61,-10.9,15.8,1.083,-0.6,-1.1,1.3,-4.2,-18.2,1.116,21,4,0,0,4
127.6,16,isocontour,11.283791670955125,40676.19,85.6,-20.4,4.6,0.982,-0.6,3.0,3.1,-4.2,-18.2,1.116,21,4,0,0,4
127.6,17,isocontour,11.283791670955125,22598.86,47.56,5.7,19.0,1.044,0.9,-0.1,0.9,-4.2,-18.2,1.116,21,6,0,0,6
127.6,18,isocontour,11.283791670955125,27502.93,57.88,-12.8,16.4,0.986,-1.1,-0.6,1.3,-4.2,-18.2,1.116,21,4,0,0,4
127.6,19,isocontour,11.283791670955125,23478.3,49.41,-20.4,-3.7,0.991,0.6,2.5,2.6,-4.2,-18.2,1.116,21,4,0,0,4
127.6,20,isocontour,11.283791670955125,25754.19,54.2,14.8,-14.5,0.99,2.3,0.4,2.3,-4.2,-18.2,1.116,21,1,0,0,1
127.6,21,isocontour,11.283791670955125,26189.41,55.11,-3.4,-18.5,1.106,0.8,-0.1,0.8,-3.4,-18.5,1.116,21,3,0,0,3
127.6,22,isocontour,11.283791670955125,27809.16,58.52,-18.4,-9.5,0.994,1.6,-0.0,1.6,-4.2,-18.2,1.116,21,3,0,0,3
127.6,23,isocontour,11.283791670955125,27098.27,57.02,-20.6,2.9,0.987,-0.2,0.9,0.9,-4.2,-18.2,1.116,21,4,0,0,4
127.6,24,isocontour,11.283791670955125,27003.48,56.83,3.5,-20.3,0.997,0.8,1.8,2.0,-4.2,-18.2,1.116,21,2,0,0,2
127.6,25,isocontour,11.283791670955125,26552.99,55.88,-18.3,7.9,1.038,0.8,0.7,1.1,-4.2,-18.2,1.116,21,5,0,0,5
127.6,Target,,,,,0.0,0.0,4.023,0.0,0.0,,,,,,,,,
127.7,1,isocontour,11.283791670955125,22123.11,46.56,12.6,16.7,0.983,0.8,-0.8,1.1,-4.2,-18.2,1.116,21,7,0,0,7
127.7,2,isocontour,11.283791670955125,21426.92,45.09,-3.7,20.4,0.993,0.6,-1.5,1.6,-4.2,-18.2,1.116,21,7,0,0,7
127.7,3,isocontour,11.283791670955125,21738.99,45.75,5.8,20.0,0.987,-0.2,0.4,0.4,-4.2,-18.2,1.116,21,6,0,0,6
127.7,4,isocontour,11.283791670955125,27150.67,57.14,17.0,11.6,0.999,-1.3,2.4,2.7,-4.2,-18.2,1.116,21,3,0,0,3
127.7,5,isocontour,11.283791670955125,24940.92,52.49,5.3,18.5,1.076,-1.5,-0.1,1.5,-4.2,-18.2,1.116,21,6,0,0,6
127.7,6,isocontour,11.283791670955125,26833.86,56.47,5.0,19.1,1.047,-0.5,1.1,1.2,-4.2,-18.2,1.116,21,6,0,0,6
127.7,7,isocontour,11.283791670955125,24576.34,51.72,-18.0,10.1,0.998,0.7,-0.9,1.1,-4.2,-18.2,1.116,21,5,0,0,5
127.7,8,isocontour,11.283791670955125,27688.59,58.27,4.4,19.0,1.063,2.7,0.6,2.8,-4.2,-18.2,1.116,21,6,0,0,6
127.7,9,isocontour,11.283791670955125,25027.11,52.67,20.5,4.2,0.983,2.3,-2.9,3.7,-4.2,-18.2,1.116,21,3,0,0,3
127.7,10,isocontour,11.283791670955125,25980.25,54.67,16.1,11.1,1.058,0.9,0.4,1.0,-4.2,-18.2,1.116,21,3,0,0,3
127.7,11,isocontour,11.283791670955125,28073.46,59.08,-17.1,-9.9,1.047,2.0,-1.5,2.5,-4.2,-18.2,1.116,21,3,0,0,3
127.7,12,isocontour,11.283791670955125,24613.45,51.8,-12.7,-16.5,0.989,0.6,-1.9,2.0,-4.2,-18.2,1.116,21,3,0,0,3
127.7,13,isocontour,11.283791670955125,24291.98,51.12,20.3,-4.2,0.99,-0.4,1.0,1.1,-4.0,-18.2,1.115,21,1,0,0,1
127.7,14,isocontour,11.283791670955125,26220.94,55.18,7.6,-17.9,1.064,-0.9,-0.8,1.2,-4.2,-18.2,1.116,21,3,0,0,3
127.7,15,isocontour,11.283791670955125,21191.64,44.6,-11.0,15.6,1.088,-0.5,-1.5,1.6,-4.2,-18.2,1.116,21,4,0,0,4
127.7,16,isocontour,11.283791670955125,40670.88,85.59,-20.3,4.6,0.988,1.6,-0.3,1.6,-4.2,-18.2,1.116,21,4,0,0,4
127.7,17,isocontour,11.283791670955125,22597.42,47.55,5.6,19.0,1.045,-1.0,-0.1,1.0,-4.2,-18.2,1.116,21,6,0,0,6
127.7,18,isocontour,11.283791670955125,27500.99,57.87,-12.9,16.3,0.989,-0.3,-1.1,1.1,-4.2,-18.2,1.116,21,4,0,0,4
127.7,19,isocontour,11.283791670955125,23456.57,49.36,-20.5,-3.5,0.99,-0.7,2.5,2.6,-4.2,-18.2,1.116,21,4,0,0,4
127.7,20,isocontour,11.283791670955125,25753.5,54.2,14.9,-14.6,0.985,0.5,-0.6,0.8,-4.2,-18.2,1.116,21,1,0,0,1
127.7,21,isocontour,11.283791670955125,26182.71,55.1,-3.2,-18.5,1.11,1.7,0.5,1.8,-3.2,-18.5,1.116,21,3,0,0,3
127.7,22,isocontour,11.283791670955125,27797.25,58.5,-18.5,-9.3,0.991,-1.6,1.4,2.1,-4.2,-18.2,1.116,21,3,0,0,3
127.7,23,isocontour,11.283791670955125,27092.56,57.01,-20.5,2.9,0.995,1.6,0.2,1.6,-4.2,-18.2,1.116,21,4,0,0,4
127.7,24,isocontour,11.283791670955125,27001.87,56.82,3.4,-20.4,0.996,-0.8,-0.7,1.1,-4.2,-18.2,1.116,21,2,0,0,2
127.7,25,isocontour,11.283791670955125,26524.64,55.82,-18.2,8.1,1.039,1.2,2.5,2.8,-4.2,-18.2,1.116,21,5,0,0,5
127.7,Target,,,,,0.0,0.0,4.023,0.0,0.0,,,,,,,,,
127.8,1,isocontour,11.283791670955125,22097.38,46.5,12.8,16.5,0.985,1.8,-2.0,2.7,-4.2,-18.2,1.116,21,7,0,0,7
127.8,2,isocontour,11.283791670955125,21425.35,45.09,-3.6,20.3,0.999,0.6,-0.8,1.0,-4.2,-18.2,1.116,21,7,0,0,7
127.8,3,isocontour,11.283791670955125,21706.87,45.68,5.5,20.0,0.993,-2.9,-0.5,2.9,-4.2,-18.2,1.116,21,6,0,0,6
127.8,4,isocontour,11.283791670955125,27146.95,57.13,17.1,11.6,0.994,1.4,-0.2,1.4,-4.2,-18.2,1.116,21,3,0,0,3
127.8,5,isocontour,11.283791670955125,24877.51,52.35,5.0,18.4,1.092,-3.0,-2.1,3.7,-4.2,-18.2,1.116,21,6,0,0,6
127.8,6,isocontour,11.283791670955125,26811.37,56.42,4.8,19.2,1.046,-2.5,0.7,2.6,-4.2,-18.2,1.116,21,6,0,0,6
127.8,7,isocontour,11.283791670955125,24465.98,51.49,-17.9,10.5,0.991,0.6,4.4,4.4,-4.2,-18.2,1.116,21,5,0,0,5
127.8,8,isocontour,11.283791670955125,27662.29,58.21,4.2,19.0,1.062,-2.7,0.5,2.7,-4.2,-18.2,1.116,21,6,0,0,6
127.8,9,isocontour,11.283791670955125,25026.85,52.67,20.5,4.1,0.98,0.3,-0.5,0.6,-4.2,-18.2,1.116,21,3,0,0,3
127.8,10,isocontour,11.283791670955125,25976.45,54.66,16.2,11.2,1.051,0.7,1.2,1.4,-4.2,-18.2,1.116,21,3,0,0,3
127.8,11,isocontour,11.283791670955125,28056.17,59.04,-17.2,-9.7,1.049,-0.9,2.2,2.4,-4.2,-18.2,1.116,21,3,0,0,3
127.8,12,isocontour,11.283791670955125,24611.7,51.79,-12.6,-16.5,0.993,1.0,0.5,1.1,-4.2,-18.2,1.116,21,3,0,0,3
127.8,13,isocontour,11.283791670955125,24291.42,51.12,20.3,-4.2,0.992,-0.0,0.7,0.7,-4.2,-18.2,1.116,21,1,0,0,1
127.8,14,isocontour,11.283791670955125,26218.68,55.17,7.5,-18.0,1.063,-1.0,-0.7,1.2,-4.2,-18.2,1.116,21,3,0,0,3
127.8,15,isocontour,11.283791670955125,21181.03,44.57,-11.0,15.4,1.095,-0.7,-1.9,2.0,-4.2,-18.2,1.116,21,4,0,0,4
127.8,16,isocontour,11.283791670955125,40643.42,85.53,-20.1,4.8,0.993,1.4,2.4,2.8,-4.2,-18.2,1.116,21,4,0,0,4
127.8,17,isocontour,11.283791670955125,22595.98,47.55,5.5,19.0,1.046,-1.0,0.1,1.0,-4.2,-18.2,1.116,21,6,0,0,6
127.8,18,isocontour,11.283791670955125,27490.06,57.85,-13.0,16.2,0.991,-1.5,-1.4,2.1,-4.2,-18.2,1.116,21,4,0,0,4
127.8,19,isocontour,11.283791670955125,23416.32,49.28,-20.7,-3.6,0.976,-2.7,-1.6,3.1,-4.2,-18.2,1.116,21,4,0,0,4
127.8,20,isocontour,11.283791670955125,25751.07,54.19,14.8,-14.6,0.986,-1.1,-0.5,1.2,-4.2,-18.2,1.116,21,1,0,0,1
127.8,21,isocontour,11.283791670955125,26181.27,55.1,-3.1,-18.5,1.108,0.8,-0.7,1.1,-3.1,-18.5,1.116,21,3,0,0,3
127.8,22,isocontour,11.283791670955125,27793.6,58.49,-18.7,-9.3,0.986,-1.3,0.5,1.4,-4.2,-18.2,1.116,21,3,0,0,3
127.8,23,isocontour,11.283791670955125,27090.66,57.01,-20.5,2.8,0.994,-0.6,-0.9,1.1,-4.2,-18.2,1.116,21,4,0,0,4
127.8,24,isocontour,11.283791670955125,26992.75,56.8,3.5,-20.5,0.987,0.9,-1.7,1.9,-4.2,-18.2,1.116,21,2,0,0,2
127.8,25,isocontour,11.283791670955125,26522.14,55.81,-18.1,8.2,1.04,0.5,1.1,1.2,-4.2,-18.2,1.116,21,5,0,0,5
127.8,Target,,,,,0.0,0.0,4.023,0.0,0.0,,,,,,,,,
127.9,1,isocontour,11.283791670955125,22091.56,46.49,12.7,16.3,0.994,-1.2,-1.2,1.7,-4.2,-18.2,1.116,21,7,0,0,7
127.9,2,isocontour,11.283791670955125,21374.84,44.98,-3.8,20.4,0.988,-2.8,2.0,3.4,-4.2,-18.2,1.116,21,7,0,0,7
127.9,3,isocontour,11.283791670955125,21705.17,45.68,5.6,20.0,0.991,1.1,0.2,1.1,-4.2,-18.2,1.116,21,6,0,0,6
127.9,4,isocontour,11.283791670955125,27146.29,57.13,17.2,11.7,0.989,0.5,0.6,0.8,-4.2,-18.2,1.116,21,3,0,0,3
127.9,5,isocontour,11.283791670955125,24873.94,52.34,4.9,18.4,1.092,-1.1,0.8,1.4,-4.2,-18.2,1.116,21,6,0,0,6
127.9,6,isocontour,11.283791670955125,26810.05,56.42,4.7,19.2,1.048,-1.0,-0.2,1.0,-4.2,-18.2,1.116,21,6,0,0,6
127.9,7,isocontour,11.283791670955125,24343.27,51.23,-17.8,10.9,0.981,0.5,4.6,4.6,-4.2,-18.2,1.116,21,5,0,0,5
127.9,8,isocontour,11.283791670955125,27661.01,58.21,4.1,19.0,1.065,-1.0,-0.3,1.0,-4.2,-18.2,1.116,21,6,0,0,6
127.9,9,isocontour,11.283791670955125,25018.01,52.65,20.4,4.1,0.989,-1.9,-0.1,1.9,-4.2,-18.2,1.116,21,3,0,0,3
127.9,10,isocontour,11.283791670955125,25971.8,54.65,16.4,11.2,1.044,1.5,-0.2,1.5,-4.2,-18.2,1.116,21,3,0,0,3
127.9,11,isocontour,11.283791670955125,28021.71,58.97,-17.0,-9.9,1.051,1.8,-2.4,3.0,-4.2,-18.2,1.116,21,3,0,0,3
127.9,12,isocontour,11.283791670955125,24610.86,51.79,-12.6,-16.5,0.99,-0.3,-0.8,0.9,-4.2,-18.2,1.116,21,3,0,0,3
127.9,13,isocontour,11.283791670955125,24257.63,51.05,20.3,-4.4,0.989,0.0,-3.0,3.0,-4.2,-18.2,1.116,21,1,0,0,1
127.9,14,isocontour,11.283791670955125,26218.04,55.17,7.5,-18.0,1.063,0.6,0.5,0.8,-4.2,-18.2,1.116,21,3,0,0,3
127.9,15,isocontour,11.283791670955125,21173.25,44.56,-11.0,15.5,1.093,1.0,1.5,1.8,-4.2,-18.2,1.116,21,4,0,0,4
127.9,16,isocontour,11.283791670955125,40615.37,85.47,-20.2,4.6,0.993,-0.7,-2.7,2.8,-4.2,-18.2,1.116,21,4,0,0,4
127.9,17,isocontour,11.283791670955125,22579.55,47.52,5.3,19.1,1.045,-2.1,1.0,2.3,-4.2,-18.2,1.116,21,6,0,0,6
127.9,18,isocontour,11.283791670955125,27487.75,57.84,-13.1,16.1,0.989,-1.1,-0.4,1.2,-4.2,-18.2,1.116,21,4,0,0,4
127.9,19,isocontour,11.283791670955125,23415.42,49.27,-20.8,-3.5,0.971,-0.7,0.6,0.9,-4.2,-18.2,1.116,21,4,0,0,4
127.9,20,isocontour,11.283791670955125,25713.43,54.11,14.6,-14.7,0.993,-2.9,-1.0,3.1,-4.2,-18.2,1.116,21,1,0,0,1
127.9,21,isocontour,11.283791670955125,26178.96,55.09,-3.2,-18.5,1.11,-1.0,0.6,1.2,-3.2,-18.5,1.116,21,3,0,0,3
127.9,22,isocontour,11.283791670955125,27760.15,58.42,-18.7,-9.5,0.977,-0.6,-2.9,3.0,-4.2,-18.2,1.116,21,3,0,0,3
127.9,23,isocontour,11.283791670955125,27060.46,56.95,-20.6,2.6,0.989,-1.2,-2.6,2.9,-4.2,-18.2,1.116,21,4,0,0,4
127.9,24,isocontour,11.283791670955125,26991.39,56.8,3.6,-20.6,0.985,1.0,0.0,1.0,-4.2,-18.2,1.116,21,2,0,0,2
127.9,25,isocontour,11.283791670955125,26492.26,55.75,-18.2,8.0,1.041,-0.9,-2.7,2.8,-4.2,-18.2,1.116,21,5,0,0,5
127.9,Target,,,,,0.0,0.0,4.023,0.0,0.0,,,,,,,,,
128.0,1,isocontour,11.283791670955125,22065.26,46.43,12.9,16.2,0.995,2.2,-1.7,2.8,12.9,16.2,0.994,1,7,0,0,7
128.0,2,isocontour,11.283791670955125,21373.77,44.98,-3.8,20.4,0.991,0.4,-0.8,0.9,-3.8,20.4,0.988,2,7,0,0,7
128.0,3,isocontour,11.283791670955125,21655.97,45.57,5.4,20.2,0.983,-2.5,2.3,3.4,5.4,20.2,0.991,3,6,0,0,6
128.0,4,isocontour,11.283791670955125,27113.51,57.06,17.2,11.9,0.979,0.6,2.9,3.0,17.2,11.9,0.989,4,3,0,0,3
128.0,5,isocontour,11.283791670955125,24871.79,52.34,4.9,18.4,1.093,1.0,-0.6,1.2,4.9,18.4,1.092,5,6,0,0,6
128.0,6,isocontour,11.283791670955125,26780.47,56.36,4.9,19.1,1.05,2.7,-1.0,2.9,4.9,19.1,1.048,6,6,0,0,6
128.0,7,isocontour,11.283791670955125,24276.19,51.09,-18.0,10.8,0.976,-2.4,-2.8,3.7,-18.0,10.8,0.981,7,5,0,0,5
128.0,8,isocontour,11.283791670955125,27659.44,58.21,4.2,19.0,1.067,0.9,-0.5,1.0,4.2,19.0,1.065,8,6,0,0,6
128.0,9,isocontour,11.283791670955125,25015.46,52.64,20.3,4.1,0.995,-1.1,0.7,1.3,20.3,4.1,0.989,9,3,0,0,3
128.0,10,isocontour,11.283791670955125,25963.5,54.64,16.2,11.2,1.048,-1.7,0.7,1.8,16.2,11.2,1.044,10,3,0,0,3
128.0,11,isocontour,11.283791670955125,27985.14,58.89,-16.9,-10.1,1.052,1.8,-2.5,3.1,-16.9,-10.1,1.051,11,3,0,0,3
128.0,12,isocontour,11.283791670955125,24596.81,51.76,-12.4,-16.5,0.998,2.1,0.8,2.2,-12.4,-16.5,0.99,12,3,0,0,3
128.0,13,isocontour,11.283791670955125,24228.37,50.99,20.3,-4.2,0.992,-0.2,2.8,2.8,20.3,-4.2,0.989,13,1,0,0,1
128.0,14,isocontour,11.283791670955125,26206.96,55.15,7.7,-18.0,1.059,2.1,-0.1,2.1,7.7,-18.0,1.063,14,3,0,0,3
128.0,15,isocontour,11.283791670955125,21153.0,44.51,-11.2,15.6,1.08,-2.3,1.1,2.5,-11.2,15.6,1.093,15,4,0,0,4
128.0,16,isocontour,11.283791670955125,40605.22,85.45,-20.4,4.5,0.985,-1.9,-0.4,1.9,-20.4,4.5,0.993,16,4,0,0,4
128.0,17,isocontour,11.283791670955125,22573.2,47.5,5.4,19.1,1.043,1.7,-0.2,1.7,5.4,19.1,1.045,17,6,0,0,6
128.0,18,isocontour,11.283791670955125,27481.28,57.83,-13.3,16.1,0.982,-1.7,0.3,1.7,-13.3,16.1,0.989,18,4,0,0,4
128.0,19,isocontour,11.283791670955125,23396.57,49.24,-20.8,-3.3,0.973,0.1,2.4,2.4,-20.8,-3.3,0.971,19,4,0,0,4
128.0,20,isocontour,11.283791670955125,25711.05,54.11,14.4,-14.7,0.997,-1.2,-0.2,1.2,14.4,-14.7,0.993,20,1,0,0,1
128.0,21,isocontour,11.283791670955125,26177.47,55.09,-3.3,-18.4,1.11,-1.0,0.2,1.0,-3.3,-18.4,1.11,21,3,0,0,3
128.0,22,isocontour,11.283791670955125,27746.66,58.39,-18.6,-9.6,0.982,2.1,-0.7,2.2,-18.6,-9.6,0.977,22,3,0,0,3
128.0,23,isocontour,11.283791670955125,27059.02,56.94,-20.6,2.6,0.988,0.0,1.0,1.0,-20.6,2.6,0.989,23,4,0,0,4
128.0,24,isocontour,11.283791670955125,26978.97,56.77,3.7,-20.4,0.993,0.7,2.0,2.1,3.7,-20.4,0.985,24,2,0,0,2
128.0,25,isocontour,11.283791670955125,26490.9,55.75,-18.2,7.9,1.043,-0.1,-1.0,1.0,-18.2,7.9,1.041,25,5,0,0,5
128.0,Target,,,,,0.0,0.0,4.023,0.0,0.0,,,,,,,,,
128.1,1,isocontour,11.283791670955125,22044.03,46.39,13.1,16.2,0.985,2.4,0.8,2.5,4.9,18.4,1.093,5,7,0,0,7
128.1,2,isocontour,11.283791670955125,21373.29,44.98,-3.9,20.4,0.988,-0.4,0.6,0.7,4.9,18.4,1.093,5,7,0,0,7
128.1,3,isocontour,11.283791670955125,21637.81,45.53,5.5,20.2,0.981,2.4,-0.4,2.4,4.9,18.4,1.093,5,6,0,0,6
128.1,4,isocontour,11.283791670955125,27084.24,57.0,17.1,11.8,0.99,-1.8,-2.2,2.8,16.2,11.2,1.048,10,3,0,0,3
128.1,5,isocontour,11.283791670955125,24842.52,52.28,5.2,18.3,1.092,2.8,-0.6,2.9,5.2,18.3,1.093,5,6,0,0,6
128.1,6,isocontour,11.283791670955125,26780.12,56.36,5.0,19.0,1.052,0.4,-0.5,0.6,4.9,18.4,1.093,5,6,0,0,6
128.1,7,isocontour,11.283791670955125,24260.17,51.05,-18.0,10.5,0.985,1.1,-2.1,2.4,-11.2,15.6,1.093,15,5,0,0,5
128.1,8,isocontour,11.283791670955125,27621.8,58.13,4.5,18.9,1.068,2.9,-1.0,3.1,4.9,18.4,1.093,5,6,0,0,6
128.1,9,isocontour,11.283791670955125,25013.2,52.64,20.2,4.2,0.995,0.0,1.2,1.2,16.2,11.2,1.048,10,3,0,0,3
128.1,10,isocontour,11.283791670955125,25954.24,54.62,16.3,11.2,1.046,1.5,-1.2,1.9,16.3,11.2,1.048,10,3,0,0,3
128.1,11,isocontour,11.283791670955125,27953.67,58.83,-16.7,-10.4,1.053,1.6,-2.5,3.0,-16.7,-10.4,1.052,11,3,0,0,3
128.1,12,isocontour,11.283791670955125,24594.91,51.76,-12.3,-16.5,0.998,0.7,-0.9,1.1,-3.3,-18.4,1.11,21,3,0,0,3
128.1,13,isocontour,11.283791670955125,24207.13,50.94,20.3,-4.4,0.99,0.0,-2.5,2.5,20.3,4.1,0.995,9,1,0,0,1
128.1,14,isocontour,11.283791670955125,26191.14,55.12,7.9,-18.0,1.055,2.3,0.3,2.3,-3.3,-18.4,1.11,21,3,0,0,3
128.1,15,isocontour,11.283791670955125,21124.34,44.45,-11.0,15.8,1.081,2.6,1.2,2.9,-11.0,15.8,1.093,15,4,0,0,4
128.1,16,isocontour,11.283791670955125,40603.01,85.44,-20.5,4.5,0.978,-1.2,-0.1,1.2,-18.2,7.9,1.043,25,4,0,0,4
128.1,17,isocontour,11.283791670955125,22550.44,47.45,5.7,19.0,1.044,2.5,-0.9,2.7,4.9,18.4,1.093,5,6,0,0,6
128.1,18,isocontour,11.283791670955125,27478.85,57.83,-13.2,16.2,0.983,1.1,0.4,1.2,-11.2,15.6,1.093,15,4,0,0,4
128.1,19,isocontour,11.283791670955125,23395.09,49.23,-20.7,-3.2,0.978,0.9,0.5,1.0,-16.9,-10.1,1.052,11,4,0,0,4
128.1,20,isocontour,11.283791670955125,25696.81,54.08,14.5,-14.6,0.998,1.5,1.6,2.2,7.7,-18.0,1.063,14,1,0,0,1
128.1,21,isocontour,11.283791670955125,26146.64,55.02,-3.6,-18.4,1.109,-2.9,0.3,2.9,-3.6,-18.4,1.11,21,3,0,0,3
128.1,22,isocontour,11.283791670955125,27711.51,58.32,-18.4,-9.8,0.986,1.9,-2.4,3.1,-16.9,-10.1,1.052,11,3,0,0,3
128.1,23,isocontour,11.283791670955125,27024.21,56.87,-20.6,2.9,0.99,0.8,2.9,3.0,-18.2,7.9,1.043,25,4,0,0,4
128.1,24,isocontour,11.283791670955125,26976.53,56.77,3.6,-20.3,0.997,-1.2,0.3,1.2,-3.3,-18.4,1.11,21,2,0,0,2
128.1,25,isocontour,11.283791670955125,26488.1,55.74,-18.3,7.8,1.038,-1.2,-0.4,1.3,-11.2,15.6,1.093,15,5,0,0,5
128.1,Target,,,,,0.0,0.0,4.023,0.0,0.0,,,,,,,,,
128.2,1,isocontour,11.283791670955125,22032.95,46.37,13.2,16.1,0.989,0.5,-2.0,2.1,4.9,18.4,1.093,5,7,0,0,7
128.2,2,isocontour,11.283791670955125,21370.86,44.97,-3.8,20.4,0.99,1.2,-0.3,1.2,4.9,18.4,1.093,5,7,0,0,7
128.2,3,isocontour,11.283791670955125,21618.73,45.49,5.4,20.1,0.989,-2.2,-1.2,2.5,4.9,18.4,1.093,5,6,0,0,6
128.2,4,isocontour,11.283791670955125,27063.26,56.95,17.2,11.6,0.993,1.3,-2.2,2.6,4.9,18.4,1.093,5,3,0,0,3
128.2,5,isocontour,11.283791670955125,24835.94,52.26,5.2,18.4,1.085,-0.8,1.5,1.7,4.9,18.4,1.093,5,6,0,0,6
128.2,6,isocontour,11.283791670955125,26779.21,56.35,5.1,19.0,1.051,0.9,0.1,0.9,4.9,18.4,1.093,5,6,0,0,6
128.2,7,isocontour,11.283791670955125,24238.94,51.01,-18.0,10.3,0.993,0.1,-2.5,2.5,-11.2,15.6,1.093,15,5,0,0,5
128.2,8,isocontour,11.283791670955125,27532.95,57.94,4.2,19.0,1.069,-4.0,0.9,4.1,4.9,18.4,1.093,5,6,0,0,6
128.2,9,isocontour,11.283791670955125,24993.42,52.6,20.4,4.1,0.989,1.5,-2.0,2.5,16.2,11.2,1.048,10,3,0,0,3
128.2,10,isocontour,11.283791670955125,25953.27,54.62,16.4,11.1,1.043,0.8,-0.5,0.9,4.9,18.4,1.093,5,3,0,0,3
128.2,11,isocontour,11.283791670955125,27938.26,58.79,-16.5,-10.5,1.058,2.0,-1.1,2.3,-3.3,-18.4,1.11,21,3,0,0,3
128.2,12,isocontour,11.283791670955125,24591.78,51.75,-12.2,-16.6,0.998,1.2,-0.7,1.4,-3.3,-18.4,1.11,21,3,0,0,3
128.2,13,isocontour,11.283791670955125,24204.46,50.94,20.3,-4.3,0.992,-0.3,1.2,1.2,16.2,11.2,1.048,10,1,0,0,1
128.2,14,isocontour,11.283791670955125,26174.71,55.08,8.2,-17.9,1.052,2.3,0.4,2.3,-3.3,-18.4,1.11,21,2,0,0,2
128.2,15,isocontour,11.283791670955125,21120.69,44.45,-11.1,15.8,1.078,-1.4,-0.1,1.4,4.9,18.4,1.093,5,4,0,0,4
128.2,16,isocontour,11.283791670955125,40600.4,85.44,-20.4,4.5,0.983,1.2,-0.4,1.3,-11.2,15.6,1.093,15,4,0,0,4
128.2,17,isocontour,11.283791670955125,22514.94,47.38,5.4,19.0,1.049,-3.0,-0.1,3.0,4.9,18.4,1.093,5,6,0,0,6
128.2,18,isocontour,11.283791670955125,27470.0,57.81,-13.1,16.0,0.992,1.0,-1.6,1.9,-11.2,15.6,1.093,15,4,0,0,4
128.2,19,isocontour,11.283791670955125,23372.85,49.19,-20.6,-3.0,0.986,1.3,2.2,2.6,-16.7,-10.4,1.053,11,4,0,0,4
128.2,20,isocontour,11.283791670955125,25691.98,54.07,14.7,-14.6,0.993,1.5,-0.2,1.5,-3.3,-18.4,1.11,21,1,0,0,1
128.2,21,isocontour,11.283791670955125,26145.2,55.02,-3.7,-18.4,1.111,-0.9,0.6,1.1,-3.7,-18.4,1.11,21,2,0,0,2
128.2,22,isocontour,11.283791670955125,27709.13,58.31,-18.3,-9.9,0.989,0.9,-0.8,1.2,-3.3,-18.4,1.11,21,3,0,0,3
128.2,23,isocontour,11.283791670955125,26987.65,56.79,-20.4,3.2,0.996,1.7,2.6,3.1,-11.2,15.6,1.093,15,4,0,0,4
128.2,24,isocontour,11.283791670955125,26968.1,56.75,3.6,-20.5,0.989,0.9,-1.7,1.9,-3.3,-18.4,1.11,21,2,0,0,2
128.2,25,isocontour,11.283791670955125,26484.29,55.73,-18.4,7.7,1.035,-1.0,-1.0,1.4,-11.2,15.6,1.093,15,6,0,0,6
128.2,Target,,,,,0.0,0.0,4.023,0.0,0.0,,,,,,,,,
128.3,1,isocontour,11.283791670955125,21997.45,46.29,12.9,15.9,1.002,-2.8,-1.1,3.0,4.9,18.4,1.093,5,7,0,0,7
128.3,2,isocontour,11.283791670955125,21335.0,44.9,-3.5,20.5,0.989,2.9,0.9,3.0,4.9,18.4,1.093,5,7,0,0,7
128.3,3,isocontour,11.283791670955125,21602.71,45.46,5.3,19.9,1.001,-0.2,-2.3,2.3,4.9,18.4,1.093,5,6,0,0,6
128.3,4,isocontour,11.283791670955125,27062.16,56.95,17.2,11.5,0.997,-0.3,-0.9,0.9,4.9,18.4,1.093,5,3,0,0,3
128.3,5,isocontour,11.283791670955125,24828.78,52.25,5.1,18.6,1.076,-0.6,1.7,1.8,4.9,18.4,1.093,5,6,0,0,6
128.3,6,isocontour,11.283791670955125,26748.38,56.29,4.8,19.0,1.058,-2.8,-0.9,2.9,4.9,18.4,1.093,5,6,0,0,6
128.3,7,isocontour,11.283791670955125,24238.09,51.01,-18.0,10.3,0.99,-0.7,0.5,0.9,-11.2,15.6,1.093,15,5,0,0,5
128.3,8,isocontour,11.283791670955125,27530.33,57.93,4.2,19.0,1.067,1.3,0.1,1.3,4.9,18.4,1.093,5,6,0,0,6
128.3,9,isocontour,11.283791670955125,24991.21,52.59,20.3,4.1,0.994,-1.2,0.3,1.2,4.9,18.4,1.093,5,3,0,0,3
128.3,10,isocontour,11.283791670955125,25935.1,54.58,16.6,10.9,1.041,1.7,-1.7,2.4,4.9,18.4,1.093,5,3,0,0,3
128.3,11,isocontour,11.283791670955125,27915.25,58.74,-16.3,-10.6,1.065,2.2,-1.4,2.6,-3.3,-18.4,1.11,21,3,0,0,3
128.3,12,isocontour,11.283791670955125,24564.31,51.69,-12.1,-16.8,0.992,1.2,-2.5,2.8,-3.7,-18.4,1.111,21,3,0,0,3
128.3,13,isocontour,11.283791670955125,24203.06,50.93,20.3,-4.2,0.992,0.2,1.0,1.0,16.2,11.2,1.048,10,1,0,0,1
128.3,14,isocontour,11.283791670955125,26173.18,55.08,8.2,-17.8,1.055,0.5,0.9,1.0,-3.3,-18.4,1.11,21,2,0,0,2
128.3,15,isocontour,11.283791670955125,21098.96,44.4,-11.2,15.6,1.078,-2.0,-1.6,2.6,4.9,18.4,1.093,5,4,0,0,4
128.3,16,isocontour,11.283791670955125,40584.58,85.41,-20.2,4.6,0.991,1.8,1.4,2.3,-11.2,15.6,1.093,15,4,0,0,4
128.3,17,isocontour,11.283791670955125,22514.84,47.38,5.4,19.0,1.048,0.2,0.4,0.4,4.9,18.4,1.093,5,6,0,0,6
128.3,18,isocontour,11.283791670955125,27468.26,57.8,-13.0,16.1,0.993,0.8,0.8,1.1,-11.2,15.6,1.093,15,4,0,0,4
128.3,19,isocontour,11.283791670955125,23348.23,49.13,-20.5,-2.8,0.994,0.9,2.5,2.7,-3.3,-18.4,1.11,21,5,0,0,5
128.3,20,isocontour,11.283791670955125,25682.72,54.05,14.8,-14.5,0.994,1.0,1.6,1.9,-3.3,-18.4,1.11,21,1,0,0,1
128.3,21,isocontour,11.283791670955125,26120.58,54.97,-3.9,-18.3,1.109,-2.7,0.1,2.7,-3.9,-18.3,1.111,21,2,0,0,2
128.3,22,isocontour,11.283791670955125,27696.71,58.28,-18.1,-10.0,0.996,2.0,-0.7,2.1,-3.3,-18.4,1.11,21,3,0,0,3
128.3,23,isocontour,11.283791670955125,26987.04,56.79,-20.4,3.1,0.995,-0.5,-0.6,0.8,-11.2,15.6,1.093,15,4,0,0,4
128.3,24,isocontour,11.283791670955125,26963.89,56.74,3.8,-20.5,0.986,1.5,-0.1,1.5,-3.7,-18.4,1.111,21,2,0,0,2
128.3,25,isocontour,11.283791670955125,26464.04,55.69,-18.4,7.5,1.042,0.6,-2.4,2.5,-11.2,15.6,1.093,15,6,0,0,6
128.3,Target,,,,,0.0,0.0,4.023,0.0,0.0,,,,,,,,,
128.4,1,isocontour,11.283791670955125,21975.72,46.25,13.1,16.0,0.994,2.5,0.8,2.6,4.9,18.4,1.093,5,7,0,0,7
128.4,2,isocontour,11.283791670955125,21334.13,44.9,-3.5,20.5,0.99,-0.8,-0.4,0.9,4.9,18.4,1.093,5,7,0,0,7
128.4,3,isocontour,11.283791670955125,21601.31,45.46,5.3,19.9,1.001,-0.8,0.6,1.0,4.9,18.4,1.093,5,6,0,0,6
128.4,4,isocontour,11.283791670955125,26994.54,56.81,17.3,11.7,0.983,1.1,3.6,3.8,4.9,18.4,1.093,5,3,0,0,3
128.4,5,isocontour,11.283791670955125,24792.92,52.17,5.3,18.5,1.077,2.8,-1.2,3.0,4.9,18.4,1.093,5,6,0,0,6
128.4,6,isocontour,11.283791670955125,26745.45,56.28,4.9,19.0,1.057,1.3,0.2,1.3,4.9,18.4,1.093,5,6,0,0,6
128.4,7,isocontour,11.283791670955125,24093.42,50.7,-18.0,10.7,0.98,0.6,4.8,4.8,-11.2,15.6,1.093,15,5,0,0,5
128.4,8,isocontour,11.283791670955125,27527.84,57.93,4.3,19.0,1.065,1.2,0.0,1.2,4.9,18.4,1.093,5,6,0,0,6
128.4,9,isocontour,11.283791670955125,24988.95,52.59,20.4,4.1,0.989,1.2,-0.1,1.2,4.9,18.4,1.093,5,3,0,0,3
128.4,10,isocontour,11.283791670955125,25902.32,54.51,16.5,11.2,1.038,-1.2,2.7,3.0,4.9,18.4,1.093,5,3,0,0,3
128.4,11,isocontour,11.283791670955125,27904.32,58.72,-16.3,-10.5,1.069,-0.5,2.0,2.1,-3.7,-18.4,1.111,21,3,0,0,3
128.4,12,isocontour,11.283791670955125,24555.88,51.67,-12.2,-17.0,0.982,-1.0,-1.5,1.8,-3.7,-18.4,1.111,21,3,0,0,3
128.4,13,isocontour,11.283791670955125,24130.49,50.78,20.2,-4.5,0.994,-1.0,-3.7,3.8,4.9,18.4,1.093,5,1,0,0,1
128.4,14,isocontour,11.283791670955125,26170.38,55.07,8.3,-17.7,1.059,0.6,1.2,1.3,-3.7,-18.4,1.111,21,2,0,0,2
128.4,15,isocontour,11.283791670955125,21086.19,44.37,-11.4,15.5,1.081,-1.3,-1.7,2.1,4.9,18.4,1.093,5,4,0,0,4
128.4,16,isocontour,11.283791670955125,40558.28,85.35,-20.2,4.9,0.989,0.1,2.7,2.7,-3.3,-18.4,1.11,21,4,0,0,4
128.4,17,isocontour,11.283791670955125,22503.76,47.36,5.6,19.1,1.041,1.9,0.7,2.0,4.9,18.4,1.093,5,6,0,0,6
128.4,18,isocontour,11.283791670955125,27451.19,57.77,-13.2,16.2,0.983,-2.0,1.3,2.4,-11.2,15.6,1.093,15,4,0,0,4
128.4,19,isocontour,11.283791670955125,23323.89,49.08,-20.5,-3.0,0.993,-0.0,-2.7,2.7,-3.3,-18.4,1.11,21,5,0,0,5
128.4,20,isocontour,11.283791670955125,25682.03,54.04,14.9,-14.4,0.991,0.8,0.1,0.8,-3.3,-18.4,1.11,21,1,0,0,1
128.4,21,isocontour,11.283791670955125,26119.95,54.97,-4.0,-18.3,1.11,-0.7,0.3,0.8,-3.7,-18.4,1.111,21,2,0,0,2
128.4,22,isocontour,11.283791670955125,27674.73,58.24,-18.3,-10.1,0.985,-2.5,-0.8,2.6,-3.7,-18.4,1.111,21,3,0,0,3
128.4,23,isocontour,11.283791670955125,26981.43,56.78,-20.6,3.1,0.988,-1.6,-0.2,1.6,-3.3,-18.4,1.11,21,4,0,0,4
128.4,24,isocontour,11.283791670955125,26946.82,56.71,3.9,-20.3,0.995,0.9,2.2,2.4,-3.7,-18.4,1.111,21,2,0,0,2
128.4,25,isocontour,11.283791670955125,26435.38,55.63,-18.3,7.2,1.05,0.4,-2.8,2.8,-3.3,-18.4,1.11,21,6,0,0,6
128.4,Target,,,,,0.0,0.0,4.023,0.0,0.0,,,,,,,,,
128.5,1,isocontour,11.283791670955125,21878.9,46.04,13.5,15.9,0.984,4.1,-1.1,4.2,4.9,18.4,1.093,5,7,0,0,7
128.5,2,isocontour,11.283791670955125,21332.43,44.89,-3.5,20.4,0.992,1.0,-0.3,1.0,4.9,18.4,1.093,5,7,0,0,7
128.5,3,isocontour,11.283791670955125,21579.07,45.41,5.2,20.1,0.989,-0.4,2.6,2.6,4.9,18.4,1.093,5,6,0,0,6
128.5,4,isocontour,11.283791670955125,26990.82,56.8,17.3,11.9,0.976,0.3,1.4,1.4,4.9,18.4,1.093,5,3,0,0,3
128.5,5,isocontour,11.283791670955125,24774.31,52.13,5.5,18.7,1.065,1.3,2.1,2.5,4.9,18.4,1.093,5,6,0,0,6
128.5,6,isocontour,11.283791670955125,26718.57,56.23,5.1,19.1,1.047,2.5,1.2,2.8,4.9,18.4,1.093,5,6,0,0,6
128.5,7,isocontour,11.283791670955125,24091.16,50.7,-18.1,10.8,0.973,-1.0,0.6,1.2,-3.3,-18.4,1.11,21,5,0,0,5
128.5,8,isocontour,11.283791670955125,27494.73,57.86,4.6,19.0,1.059,2.9,0.3,2.9,4.9,18.4,1.093,5,6,0,0,6
128.5,9,isocontour,11.283791670955125,24885.87,52.37,20.4,3.7,0.99,0.5,-4.3,4.3,4.9,18.4,1.093,5,3,0,0,3
128.5,10,isocontour,11.283791670955125,25864.68,54.43,16.3,11.4,1.038,-1.9,2.4,3.1,4.9,18.4,1.093,5,3,0,0,3
128.5,11,isocontour,11.283791670955125,27900.75,58.71,-16.3,-10.3,1.074,0.1,1.4,1.4,-3.7,-18.4,1.111,21,3,0,0,3
128.5,12,isocontour,11.283791670955125,24495.5,51.55,-12.5,-17.0,0.974,-3.5,0.7,3.6,-3.7,-18.4,1.111,21,3,0,0,3
128.5,13,isocontour,11.283791670955125,24105.32,50.73,20.3,-4.4,0.989,1.5,2.3,2.7,-3.3,-18.4,1.11,21,2,0,0,2
128.5,14,isocontour,11.283791670955125,26161.26,55.05,8.2,-17.8,1.053,-0.7,-1.8,1.9,-3.7,-18.4,1.111,21,2,0,0,2
128.5,15,isocontour,11.283791670955125,21070.78,44.34,-11.3,15.6,1.078,1.4,1.8,2.3,-3.3,-18.4,1.11,21,4,0,0,4
128.5,16,isocontour,11.283791670955125,40549.98,85.33,-20.4,4.9,0.981,-1.8,-0.4,1.8,-3.3,-18.4,1.11,21,4,0,0,4
128.5,17,isocontour,11.283791670955125,22496.35,47.34,5.7,19.2,1.031,1.0,1.5,1.8,4.9,18.4,1.093,5,6,0,0,6
128.5,18,isocontour,11.283791670955125,27421.92,57.71,-13.1,16.4,0.975,1.3,2.5,2.8,-3.3,-18.4,1.11,21,4,0,0,4
128.5,19,isocontour,11.283791670955125,23288.73,49.01,-20.5,-3.3,0.989,-0.2,-3.0,3.0,-3.7,-18.4,1.111,21,5,0,0,5
128.5,20,isocontour,11.283791670955125,25681.3,54.04,14.9,-14.5,0.99,-0.4,-0.7,0.8,-3.7,-18.4,1.111,21,2,0,0,2
128.5,21,isocontour,11.283791670955125,26115.65,54.96,-3.9,-18.3,1.113,1.5,0.3,1.5,-3.7,-18.4,1.111,21,2,0,0,2
128.5,22,isocontour,11.283791670955125,27634.86,58.15,-18.5,-9.9,0.977,-2.4,2.0,3.1,-3.7,-18.4,1.111,21,3,0,0,3
128.5,23,isocontour,11.283791670955125,26865.01,56.53,-20.6,2.7,0.988,-0.3,-4.5,4.5,-3.3,-18.4,1.11,21,4,0,0,4
128.5,24,isocontour,11.283791670955125,26944.5,56.7,3.8,-20.3,0.997,-1.2,-0.1,1.2,-3.7,-18.4,1.111,21,2,0,0,2
128.5,25,isocontour,11.283791670955125,26433.9,55.63,-18.4,7.1,1.052,-0.4,-1.0,1.1,-3.3,-18.4,1.11,21,6,0,0,6
128.5,Target,,,,,0.0,0.0,4.023,0.0,0.0,,,,,,,,,
128.6,1,isocontour,11.283791670955125,21736.89,45.74,13.2,16.1,0.986,-4.1,2.4,4.8,4.9,18.4,1.093,5,7,0,0,7
128.6,2,isocontour,11.283791670955125,21330.72,44.89,-3.5,20.4,0.994,-1.0,-0.4,1.1,-3.3,-18.4,1.11,21,7,0,0,7
128.6,3,isocontour,11.283791670955125,21570.64,45.39,5.1,20.3,0.981,-1.0,1.6,1.9,4.9,18.4,1.093,5,6,0,0,6
128.6,4,isocontour,11.283791670955125,26989.61,56.8,17.3,11.9,0.979,-0.3,-0.9,0.9,4.9,18.4,1.093,5,3,0,0,3
128.6,5,isocontour,11.283791670955125,24749.41,52.08,5.3,18.7,1.067,-2.7,-0.1,2.7,4.9,18.4,1.093,5,6,0,0,6
128.6,6,isocontour,11.283791670955125,26716.42,56.22,5.1,19.1,1.045,-1.1,0.5,1.2,4.9,18.4,1.093,5,6,0,0,6
128.6,7,isocontour,11.283791670955125,24061.58,50.63,-18.0,10.6,0.981,0.5,-2.8,2.8,-3.3,-18.4,1.11,21,5,0,0,5
128.6,8,isocontour,11.283791670955125,27382.87,57.62,4.3,19.0,1.065,-4.4,-0.3,4.4,4.9,18.4,1.093,5,6,0,0,6
128.6,9,isocontour,11.283791670955125,24856.6,52.31,20.3,3.9,0.994,-1.3,2.5,2.8,-3.3,-18.4,1.11,21,3,0,0,3
128.6,10,isocontour,11.283791670955125,25863.89,54.43,16.4,11.4,1.037,0.7,-0.5,0.9,4.9,18.4,1.093,5,3,0,0,3
128.6,11,isocontour,11.283791670955125,27900.29,58.71,-16.3,-10.3,1.074,-0.5,0.5,0.7,-3.7,-18.4,1.111,21,3,0,0,3
128.6,12,isocontour,11.283791670955125,24471.96,51.5,-12.6,-16.8,0.977,-1.3,2.3,2.6,-3.9,-18.3,1.113,21,3,0,0,3
128.6,13,isocontour,11.283791670955125,24104.41,50.72,20.4,-4.4,0.986,0.3,-0.8,0.9,-3.3,-18.4,1.11,21,1,0,0,1
128.6,14,isocontour,11.283791670955125,26147.77,55.02,8.1,-18.0,1.047,-1.3,-1.8,2.2,-3.7,-18.4,1.111,21,2,0,0,2
128.6,15,isocontour,11.283791670955125,21068.11,44.34,-11.2,15.6,1.082,1.3,0.0,1.3,-3.3,-18.4,1.11,21,4,0,0,4
128.6,16,isocontour,11.283791670955125,40523.68,85.28,-20.4,4.6,0.981,-0.4,-2.7,2.7,-3.7,-18.4,1.111,21,4,0,0,4
128.6,17,isocontour,11.283791670955125,22468.89,47.28,5.5,19.4,1.026,-2.3,1.5,2.7,4.9,18.4,1.093,5,6,0,0,6
128.6,18,isocontour,11.283791670955125,27397.02,57.65,-12.9,16.6,0.978,2.5,1.1,2.7,-3.3,-18.4,1.11,21,4,0,0,4
128.6,19,isocontour,11.283791670955125,23288.07,49.01,-20.5,-3.3,0.992,0.6,0.5,0.8,-3.7,-18.4,1.111,21,5,0,0,5
128.6,20,isocontour,11.283791670955125,25680.39,54.04,14.9,-14.6,0.986,0.3,-0.8,0.9,-3.7,-18.4,1.111,21,1,0,0,1
128.6,21,isocontour,11.283791670955125,26114.25,54.95,-3.8,-18.3,1.112,1.0,-0.4,1.1,-3.8,-18.3,1.113,21,2,0,0,2
128.6,22,isocontour,11.283791670955125,27633.96,58.15,-18.6,-9.8,0.976,-0.4,0.8,0.9,-3.7,-18.4,1.111,21,3,0,0,3
128.6,23,isocontour,11.283791670955125,26833.54,56.47,-20.6,2.4,0.991,0.4,-2.9,2.9,-3.7,-18.4,1.111,21,4,0,0,4
128.6,24,isocontour,11.283791670955125,26919.6,56.65,3.7,-20.5,0.986,-0.4,-2.6,2.6,-3.9,-18.3,1.113,21,2,0,0,2
128.6,25,isocontour,11.283791670955125,26403.39,55.56,-18.4,6.9,1.054,-0.6,-2.8,2.9,-3.7,-18.4,1.111,21,6,0,0,6
128.6,Target,,,,,0.0,0.0,4.023,0.0,0.0,,,,,,,,,
128.7,1,isocontour,11.283791670955125,21715.16,45.7,12.9,16.1,0.996,-2.5,-0.3,2.5,4.9,18.4,1.093,5,7,0,0,7
128.7,2,isocontour,11.283791670955125,21329.4,44.89,-3.6,20.4,0.993,-1.0,0.0,1.0,-3.3,-18.4,1.11,21,7,0,0,7
128.7,3,isocontour,11.283791670955125,21568.49,45.39,5.1,20.2,0.985,-0.8,-0.8,1.1,-3.3,-18.4,1.11,21,6,0,0,6
128.7,4,isocontour,11.283791670955125,26984.4,56.79,17.4,11.7,0.98,0.8,-1.4,1.6,-3.3,-18.4,1.11,21,3,0,0,3
128.7,5,isocontour,11.283791670955125,24722.53,52.03,5.1,18.5,1.081,-1.8,-2.1,2.8,-3.3,-18.4,1.11,21,6,0,0,6
128.7,6,isocontour,11.283791670955125,26602.29,55.98,4.7,19.3,1.044,-4.3,1.2,4.5,-3.3,-18.4,1.11,21,6,0,0,6
128.7,7,isocontour,11.283791670955125,24060.18,50.63,-18.0,10.5,0.984,-0.2,-1.0,1.0,-3.7,-18.4,1.111,21,5,0,0,5
128.7,8,isocontour,11.283791670955125,27382.0,57.62,4.1,19.0,1.067,-0.9,0.0,0.9,-3.3,-18.4,1.11,21,6,0,0,6
128.7,9,isocontour,11.283791670955125,24855.47,52.31,20.3,3.8,0.995,0.1,-1.0,1.0,-3.3,-18.4,1.11,21,3,0,0,3
128.7,10,isocontour,11.283791670955125,25835.23,54.37,16.4,11.2,1.041,0.9,-2.7,2.8,-3.3,-18.4,1.11,21,3,0,0,3
128.7,11,isocontour,11.283791670955125,27883.22,58.68,-16.5,-10.1,1.071,-1.8,1.5,2.3,-3.9,-18.3,1.113,21,3,0,0,3
128.7,12,isocontour,11.283791670955125,24462.12,51.48,-12.5,-16.6,0.987,1.7,1.1,2.0,-3.9,-18.3,1.113,21,3,0,0,3
128.7,13,isocontour,11.283791670955125,24076.06,50.67,20.4,-4.2,0.989,-0.0,2.8,2.8,-3.3,-18.4,1.11,21,1,0,0,1
128.7,14,isocontour,11.283791670955125,26131.95,54.99,8.3,-18.0,1.042,2.3,0.2,2.3,-3.9,-18.3,1.113,21,2,0,0,2
128.7,15,isocontour,11.283791670955125,21063.81,44.33,-11.1,15.7,1.079,0.8,1.2,1.4,-3.3,-18.4,1.11,21,3,0,0,3
128.7,16,isocontour,11.283791670955125,40492.53,85.21,-20.4,4.3,0.985,0.3,-2.9,2.9,-3.7,-18.4,1.111,21,4,0,0,4
128.7,17,isocontour,11.283791670955125,22467.79,47.28,5.5,19.4,1.021,0.6,0.7,0.9,-3.3,-18.4,1.11,21,6,0,0,6
128.7,18,isocontour,11.283791670955125,27381.41,57.62,-12.7,16.7,0.981,2.1,0.9,2.3,-3.7,-18.4,1.111,21,4,0,0,4
128.7,19,isocontour,11.283791670955125,23251.86,48.93,-20.4,-3.5,0.992,0.4,-3.0,3.0,-3.7,-18.4,1.111,21,5,0,0,5
128.7,20,isocontour,11.283791670955125,25653.22,53.98,14.7,-14.6,0.993,-2.7,-0.4,2.7,-3.7,-18.4,1.111,21,1,0,0,1
128.7,21,isocontour,11.283791670955125,26093.51,54.91,-3.6,-18.4,1.111,2.4,-0.7,2.5,-3.9,-18.3,1.113,21,2,0,0,2
128.7,22,isocontour,11.283791670955125,27631.8,58.15,-18.6,-9.7,0.978,-0.3,1.2,1.2,-3.9,-18.3,1.113,21,3,0,0,3
128.7,23,isocontour,11.283791670955125,26832.6,56.47,-20.6,2.5,0.992,-0.0,0.9,0.9,-3.7,-18.4,1.111,21,4,0,0,4
128.7,24,isocontour,11.283791670955125,26919.5,56.65,3.7,-20.6,0.983,-0.3,-0.2,0.4,-3.9,-18.3,1.113,21,2,0,0,2
128.7,25,isocontour,11.283791670955125,26402.1,55.56,-18.4,6.7,1.056,-0.1,-1.0,1.0,-3.7,-18.4,1.111,21,5,0,0,5
128.7,Target,,,,,0.0,0.0,4.023,0.0,0.0,,,,,,,,,
128.8,1,isocontour,11.283791670955125,21713.11,45.69,12.8,16.0,1.003,-0.8,-0.9,1.2,-3.3,-18.4,1.11,21,7,0,0,7
128.8,2,isocontour,11.283791670955125,21328.37,44.88,-3.7,20.4,0.991,-0.9,0.3,0.9,-3.7,-18.4,1.111,21,7,0,0,7
128.8,3,isocontour,11.283791670955125,21559.78,45.37,5.0,20.1,0.994,0.1,-1.9,1.9,-3.3,-18.4,1.11,21,6,0,0,6
128.8,4,isocontour,11.283791670955125,26975.83,56.77,17.3,11.6,0.987,-0.7,-1.8,1.9,-3.3,-18.4,1.11,21,3,0,0,3
128.8,5,isocontour,11.283791670955125,24691.7,51.96,5.3,18.4,1.083,2.8,-0.8,2.9,-3.3,-18.4,1.11,21,6,0,0,6
128.8,6,isocontour,11.283791670955125,26573.33,55.92,4.9,19.2,1.046,2.6,-1.2,2.9,-3.3,-18.4,1.11,21,6,0,0,6
128.8,7,isocontour,11.283791670955125,24029.03,50.57,-18.1,10.2,0.989,-0.4,-2.9,2.9,-3.7,-18.4,1.111,21,5,0,0,5
128.8,8,isocontour,11.283791670955125,27379.95,57.62,4.2,18.9,1.07,0.9,-0.7,1.1,-3.3,-18.4,1.11,21,6,0,0,6
128.8,9,isocontour,11.283791670955125,24845.17,52.28,20.4,3.6,0.995,0.4,-2.0,2.0,-3.3,-18.4,1.11,21,3,0,0,3
128.8,10,isocontour,11.283791670955125,25803.76,54.3,16.4,10.9,1.052,-0.7,-2.8,2.9,-3.3,-18.4,1.11,21,3,0,0,3
128.8,11,isocontour,11.283791670955125,27861.49,58.63,-16.7,-9.9,1.069,-1.5,2.1,2.6,-3.9,-18.3,1.113,21,3,0,0,3
128.8,12,isocontour,11.283791670955125,24446.3,51.44,-12.3,-16.5,0.999,1.8,1.5,2.3,-3.9,-18.3,1.113,21,3,0,0,3
128.8,13,isocontour,11.283791670955125,24047.7,50.61,20.4,-3.9,0.992,-0.0,2.8,2.8,-3.3,-18.4,1.11,21,1,0,0,1
128.8,14,isocontour,11.283791670955125,26131.49,54.99,8.4,-18.0,1.042,0.5,0.4,0.6,-3.9,-18.3,1.113,21,2,0,0,2
128.8,15,isocontour,11.283791670955125,21061.43,44.32,-10.9,15.7,1.082,1.2,0.0,1.2,-3.7,-18.4,1.111,21,3,0,0,3
128.8,16,isocontour,11.283791670955125,40460.73,85.14,-20.4,4.1,0.99,0.3,-2.9,2.9,-3.7,-18.4,1.111,21,4,0,0,4
128.8,17,isocontour,11.283791670955125,22446.31,47.24,5.7,19.3,1.025,2.0,-1.6,2.6,-3.3,-18.4,1.11,21,6,0,0,6
128.8,18,isocontour,11.283791670955125,27377.11,57.61,-12.5,16.6,0.987,1.3,-0.6,1.4,-3.7,-18.4,1.111,21,3,0,0,3
128.8,19,isocontour,11.283791670955125,23125.94,48.67,-20.5,-4.0,0.985,-0.5,-4.6,4.6,-3.9,-18.3,1.113,21,5,0,0,5
128.8,20,isocontour,11.283791670955125,25650.85,53.98,14.5,-14.7,0.998,-1.2,-0.3,1.2,-3.9,-18.3,1.113,21,1,0,0,1
128.8,21,isocontour,11.283791670955125,26091.57,54.91,-3.6,-18.4,1.109,-1.1,-0.3,1.1,-3.9,-18.3,1.113,21,2,0,0,2
128.8,22,isocontour,11.283791670955125,27625.56,58.13,-18.5,-9.6,0.985,0.8,1.5,1.7,-3.9,-18.3,1.113,21,3,0,0,3
128.8,23,isocontour,11.283791670955125,26830.75,56.46,-20.7,2.4,0.988,-0.8,-0.8,1.1,-3.7,-18.4,1.111,21,4,0,0,4
128.8,24,isocontour,11.283791670955125,26910.1,56.63,3.7,-20.4,0.992,-0.3,1.9,1.9,-3.9,-18.3,1.113,21,2,0,0,2
128.8,25,isocontour,11.283791670955125,26399.84,55.56,-18.5,6.6,1.054,-0.8,-0.9,1.2,-3.7,-18.4,1.111,21,4,0,0,4
128.8,Target,,,,,0.0,0.0,4.023,0.0,0.0,,,,,,,,,
128.9,1,isocontour,11.283791670955125,21637.11,45.53,13.1,15.9,1.0,3.5,-1.8,3.9,-3.3,-18.4,1.11,21,7,0,0,7
128.9,2,isocontour,11.283791670955125,21205.67,44.62,-4.1,20.5,0.984,-4.6,0.4,4.6,-3.7,-18.4,1.111,21,7,0,0,7
128.9,3,isocontour,11.283791670955125,21558.08,45.37,5.1,20.1,0.992,0.9,0.7,1.1,-3.7,-18.4,1.111,21,6,0,0,6
128.9,4,isocontour,11.283791670955125,26965.98,56.75,17.2,11.4,0.998,-1.5,-1.2,1.9,-3.3,-18.4,1.11,21,3,0,0,3
128.9,5,isocontour,11.283791670955125,24687.82,51.95,5.4,18.3,1.087,1.0,-1.0,1.4,-3.7,-18.4,1.111,21,6,0,0,6
128.9,6,isocontour,11.283791670955125,26543.44,55.86,5.1,19.1,1.048,2.7,-1.0,2.9,-3.7,-18.4,1.111,21,6,0,0,6
128.9,7,isocontour,11.283791670955125,24022.11,50.55,-18.0,10.0,0.996,0.6,-1.6,1.7,-3.7,-18.4,1.111,21,5,0,0,5
128.9,8,isocontour,11.283791670955125,27378.06,57.61,4.3,18.9,1.073,0.9,-0.6,1.1,-3.7,-18.4,1.111,21,6,0,0,6
128.9,9,isocontour,11.283791670955125,24780.72,52.15,20.5,3.9,0.984,1.8,3.2,3.7,-3.3,-18.4,1.11,21,3,0,0,3
128.9,10,isocontour,11.283791670955125,25788.75,54.27,16.3,11.0,1.053,-1.1,2.0,2.3,-3.3,-18.4,1.11,21,3,0,0,3
128.9,11,isocontour,11.283791670955125,27826.33,58.56,-16.5,-10.1,1.069,1.6,-2.5,3.0,-3.9,-18.3,1.113,21,3,0,0,3
128.9,12,isocontour,11.283791670955125,24445.59,51.44,-12.3,-16.4,1.003,-0.1,0.8,0.8,-3.9,-18.3,1.113,21,3,0,0,3
128.9,13,isocontour,11.283791670955125,24046.22,50.6,20.3,-3.9,0.993,-0.4,-1.0,1.1,-3.3,-18.4,1.11,21,1,0,0,1
128.9,14,isocontour,11.283791670955125,26109.76,54.94,8.6,-17.9,1.044,2.2,1.3,2.6,-3.9,-18.3,1.113,21,2,0,0,2
128.9,15,isocontour,11.283791670955125,21059.49,44.32,-10.9,15.8,1.078,0.1,1.1,1.1,-3.7,-18.4,1.111,21,3,0,0,3
128.9,16,isocontour,11.283791670955125,40458.18,85.14,-20.3,4.1,0.995,1.1,0.5,1.2,-3.9,-18.3,1.113,21,4,0,0,4
128.9,17,isocontour,11.283791670955125,22444.1,47.23,5.8,19.2,1.03,0.6,-1.1,1.3,-3.7,-18.4,1.111,21,6,0,0,6
128.9,18,isocontour,11.283791670955125,27371.81,57.6,-12.4,16.5,0.996,1.0,-1.2,1.6,-3.7,-18.4,1.111,21,3,0,0,3
128.9,19,isocontour,11.283791670955125,23122.21,48.66,-20.6,-3.9,0.981,-1.0,1.0,1.4,-3.9,-18.3,1.113,21,5,0,0,5
128.9,20,isocontour,11.283791670955125,25640.08,53.96,14.7,-14.6,0.992,2.0,0.1,2.0,-3.9,-18.3,1.113,21,1,0,0,1
128.9,21,isocontour,11.283791670955125,26088.0,54.9,-3.8,-18.4,1.105,-1.4,-0.3,1.4,-3.9,-18.3,1.113,21,2,0,0,2
128.9,22,isocontour,11.283791670955125,27622.28,58.13,-18.4,-9.6,0.99,1.2,-0.6,1.3,-3.9,-18.3,1.113,21,3,0,0,3
128.9,23,isocontour,11.283791670955125,26829.47,56.46,-20.7,2.5,0.987,0.0,1.0,1.0,-3.9,-18.3,1.113,21,4,0,0,4
128.9,24,isocontour,11.283791670955125,26907.72,56.62,3.5,-20.4,0.994,-1.2,0.0,1.2,-3.9,-18.3,1.113,21,2,0,0,2
128.9,25,isocontour,11.283791670955125,26398.67,55.55,-18.5,6.5,1.054,-0.3,-0.9,0.9,-3.9,-18.3,1.113,21,4,0,0,4
128.9,Target,,,,,0.0,0.0,4.023,0.0,0.0,,,,,,,,,
129.0,1,isocontour,11.283791670955125,21611.66,45.48,13.4,15.8,0.991,2.7,-0.2,2.7,-3.7,-18.4,1.111,21,7,0,0,7
129.0,2,isocontour,11.283791670955125,21185.65,44.58,-4.0,20.4,0.991,2.2,-1.2,2.5,-3.7,-18.4,1.111,21,7,0,0,7
129.0,3,isocontour,11.283791670955125,21502.55,45.25,4.9,20.3,0.984,-2.7,2.2,3.5,-3.7,-18.4,1.111,21,6,0,0,6
129.0,4,isocontour,11.283791670955125,26954.41,56.72,17.3,11.3,0.995,1.8,-1.0,2.1,-3.3,-18.4,1.11,21,3,0,0,3
129.0,5,isocontour,11.283791670955125,24685.93,51.95,5.5,18.3,1.087,1.1,-0.2,1.1,-3.7,-18.4,1.111,21,6,0,0,6
129.0,6,isocontour,11.283791670955125,26515.69,55.8,5.4,19.0,1.049,2.7,-0.8,2.8,-3.7,-18.4,1.111,21,6,0,0,6
129.0,7,isocontour,11.283791670955125,24001.37,50.51,-18.2,10.0,0.987,-2.5,0.1,2.5,-3.9,-18.3,1.113,21,5,0,0,5
129.0,8,isocontour,11.283791670955125,27374.92,57.61,4.4,18.8,1.077,0.9,-1.0,1.3,-3.7,-18.4,1.111,21,6,0,0,6
129.0,9,isocontour,11.283791670955125,24777.92,52.14,20.6,4.0,0.98,0.2,1.3,1.3,-3.3,-18.4,1.11,21,3,0,0,3
129.0,10,isocontour,11.283791670955125,25786.26,54.26,16.3,11.1,1.051,-0.3,1.2,1.2,-3.3,-18.4,1.11,21,3,0,0,3
129.0,11,isocontour,11.283791670955125,27798.57,58.5,-16.4,-10.4,1.066,0.9,-2.6,2.8,-3.9,-18.3,1.113,21,3,0,0,3
129.0,12,isocontour,11.283791670955125,24415.08,51.38,-12.1,-16.5,1.003,2.2,-1.8,2.8,-3.9,-18.3,1.113,21,3,0,0,3
129.0,13,isocontour,11.283791670955125,24044.07,50.6,20.3,-4.1,0.994,-0.3,-1.1,1.1,-3.3,-18.4,1.11,21,1,0,0,1
129.0,14,isocontour,11.283791670955125,26107.38,54.94,8.5,-17.9,1.046,-1.2,-0.1,1.2,-3.9,-18.3,1.113,21,2,0,0,2
129.0,15,isocontour,11.283791670955125,21049.94,44.3,-11.1,15.8,1.073,-1.9,-0.3,1.9,-3.7,-18.4,1.111,21,3,0,0,3
129.0,16,isocontour,11.283791670955125,40429.82,85.08,-20.3,3.8,0.997,-0.4,-2.8,2.8,-3.9,-18.3,1.113,21,4,0,0,4
129.0,17,isocontour,11.283791670955125,22437.64,47.22,5.9,19.2,1.029,1.7,-0.1,1.7,-3.7,-18.4,1.111,21,6,0,0,6
129.0,18,isocontour,11.283791670955125,27370.24,57.6,-12.4,16.6,0.995,0.5,1.0,1.1,-3.7,-18.4,1.111,21,3,0,0,3
129.0,19,isocontour,11.283791670955125,23100.73,48.61,-20.5,-3.7,0.983,0.3,2.5,2.5,-3.9,-18.3,1.113,21,5,0,0,5
129.0,20,isocontour,11.283791670955125,25638.47,53.95,14.7,-14.6,0.992,0.5,1.0,1.1,-3.9,-18.3,1.113,21,1,0,0,1
129.0,21,isocontour,11.283791670955125,26083.53,54.89,-3.9,-18.3,1.109,-1.1,1.0,1.5,-3.9,-18.3,1.113,21,2,0,0,2
129.0,22,isocontour,11.283791670955125,27597.93,58.08,-18.3,-9.8,0.99,1.2,-2.4,2.7,-3.9,-18.3,1.113,21,3,0,0,3
129.0,23,isocontour,11.283791670955125,26827.48,56.46,-20.6,2.6,0.991,0.8,0.8,1.1,-3.9,-18.3,1.113,21,4,0,0,4
129.0,24,isocontour,11.283791670955125,26898.88,56.61,3.6,-20.5,0.986,0.8,-1.7,1.9,-3.9,-18.3,1.113,21,2,0,0,2
129.0,25,isocontour,11.283791670955125,26372.37,55.5,-18.7,6.3,1.05,-1.5,-2.3,2.7,-3.9,-18.3,1.113,21,4,0,0,4
129.0,Target,,,,,0.0,0.0,4.023,0.0,0.0,,,,,,,,,
129.1,1,isocontour,11.283791670955125,21591.65,45.44,13.5,16.0,0.98,0.5,2.5,2.5,-3.7,-18.4,1.111,21,7,0,0,7
129.1,2,isocontour,11.283791670955125,21157.3,44.52,-3.7,20.4,0.992,2.8,0.5,2.8,-3.7,-18.4,1.111,21,7,0,0,7
129.1,3,isocontour,11.283791670955125,21499.34,45.24,4.8,20.2,0.989,-0.4,-1.3,1.4,-3.7,-18.4,1.111,21,6,0,0,6
129.1,4,isocontour,11.283791670955125,26897.45,56.6,17.6,11.1,0.987,3.0,-2.0,3.6,-3.7,-18.4,1.111,21,3,0,0,3
129.1,5,isocontour,11.283791670955125,24662.91,51.9,5.3,18.3,1.087,-2.5,0.6,2.6,-3.7,-18.4,1.111,21,6,0,0,6
129.1,6,isocontour,11.283791670955125,26374.55,55.5,5.1,18.7,1.068,-3.9,-2.8,4.8,-3.7,-18.4,1.111,21,6,0,0,6
129.1,7,isocontour,11.283791670955125,23997.33,50.5,-18.2,10.1,0.988,1.2,0.8,1.4,-3.9,-18.3,1.113,21,5,0,0,5
129.1,8,isocontour,11.283791670955125,27344.09,57.54,4.6,18.7,1.077,2.8,-0.5,2.8,-3.7,-18.4,1.111,21,6,0,0,6
129.1,9,isocontour,11.283791670955125,24771.89,52.13,20.4,4.0,0.987,-1.6,-0.4,1.6,-3.3,-18.4,1.11,21,3,0,0,3
129.1,10,isocontour,11.283791670955125,25785.38,54.26,16.3,11.2,1.047,0.1,0.9,0.9,-3.7,-18.4,1.111,21,3,0,0,3
129.1,11,isocontour,11.283791670955125,27794.77,58.49,-16.3,-10.5,1.068,1.2,-0.8,1.4,-3.9,-18.3,1.113,21,3,0,0,3
129.1,12,isocontour,11.283791670955125,24400.65,51.35,-12.3,-16.6,0.997,-2.2,0.0,2.2,-3.9,-18.3,1.113,21,3,0,0,3
129.1,13,isocontour,11.283791670955125,24038.46,50.59,20.2,-4.2,0.996,-0.9,-1.4,1.7,-3.3,-18.4,1.11,21,1,0,0,1
129.1,14,isocontour,11.283791670955125,26085.9,54.89,8.7,-17.7,1.048,2.1,1.4,2.5,-3.9,-18.3,1.113,21,2,0,0,2
129.1,15,isocontour,11.283791670955125,21047.01,44.29,-11.2,15.9,1.065,-0.7,1.1,1.3,-3.9,-18.3,1.113,21,3,0,0,3
129.1,16,isocontour,11.283791670955125,40381.49,84.98,-20.4,4.1,0.99,-0.9,3.2,3.3,-3.9,-18.3,1.113,21,4,0,0,4
129.1,17,isocontour,11.283791670955125,22434.64,47.21,5.9,19.1,1.034,-0.8,-1.0,1.3,-3.7,-18.4,1.111,21,6,0,0,6
129.1,18,isocontour,11.283791670955125,27353.38,57.56,-12.5,16.6,0.989,-2.3,-0.4,2.3,-3.9,-18.3,1.113,21,3,0,0,3
129.1,19,isocontour,11.283791670955125,23076.38,48.56,-20.5,-3.5,0.989,0.7,2.6,2.7,-3.9,-18.3,1.113,21,5,0,0,5
129.1,20,isocontour,11.283791670955125,25617.49,53.91,14.9,-14.5,0.988,2.3,1.1,2.5,-3.9,-18.3,1.113,21,1,0,0,1
129.1,21,isocontour,11.283791670955125,26082.32,54.89,-4.0,-18.3,1.11,-0.9,0.3,0.9,-3.9,-18.3,1.113,21,2,0,0,2
129.1,22,isocontour,11.283791670955125,27594.59,58.07,-18.2,-9.9,0.993,1.2,-0.6,1.3,-3.9,-18.3,1.113,21,3,0,0,3
129.1,23,isocontour,11.283791670955125,26826.08,56.45,-20.6,2.5,0.99,-0.3,-1.0,1.0,-3.9,-18.3,1.113,21,4,0,0,4
129.1,24,isocontour,11.283791670955125,26892.64,56.59,3.8,-20.6,0.983,1.7,-0.0,1.7,-3.9,-18.3,1.113,21,2,0,0,2
129.1,25,isocontour,11.283791670955125,26345.2,55.44,-18.7,6.1,1.051,-0.7,-2.7,2.8,-3.9,-18.3,1.113,21,4,0,0,4
129.1,Target,,,,,0.0,0.0,4.023,0.0,0.0,,,,,,,,,
129.2,1,isocontour,11.283791670955125,21547.08,45.34,13.2,16.1,0.985,-3.2,0.7,3.3,-3.7,-18.4,1.111,21,7,0,0,7
129.2,2,isocontour,11.283791670955125,21155.64,44.52,-3.6,20.4,0.995,1.0,-0.4,1.1,-3.9,-18.3,1.113,21,7,0,0,7
129.2,3,isocontour,11.283791670955125,21468.83,45.18,4.6,20.2,0.995,-2.8,-0.5,2.8,-3.7,-18.4,1.111,21,6,0,0,6
129.2,4,isocontour,11.283791670955125,26896.97,56.6,17.7,11.1,0.984,0.7,-0.1,0.7,-3.7,-18.4,1.111,21,3,0,0,3
129.2,5,isocontour,11.283791670955125,24649.78,51.87,5.2,18.2,1.097,-1.5,-1.5,2.1,-3.7,-18.4,1.111,21,6,0,0,6
129.2,6,isocontour,11.283791670955125,26370.42,55.49,5.1,18.8,1.064,0.7,1.3,1.5,-3.7,-18.4,1.111,21,6,0,0,6
129.2,7,isocontour,11.283791670955125,23994.95,50.49,-18.1,10.0,0.994,0.7,-1.0,1.2,-3.9,-18.3,1.113,21,5,0,0,5
129.2,8,isocontour,11.283791670955125,27293.58,57.44,4.4,18.8,1.074,-3.1,1.3,3.4,-3.7,-18.4,1.111,21,6,0,0,6
129.2,9,isocontour,11.283791670955125,24740.74,52.06,20.3,3.8,0.994,-0.5,-2.9,2.9,-3.7,-18.4,1.111,21,3,0,0,3
129.2,10,isocontour,11.283791670955125,25757.92,54.2,16.4,11.1,1.046,1.8,-2.1,2.8,-3.7,-18.4,1.111,21,3,0,0,3
129.2,11,isocontour,11.283791670955125,27767.01,58.43,-16.3,-10.7,1.064,0.8,-2.7,2.8,-3.9,-18.3,1.113,21,3,0,0,3
129.2,12,isocontour,11.283791670955125,24347.44,51.24,-12.1,-16.8,0.996,2.8,-2.1,3.5,-3.9,-18.3,1.113,21,3,0,0,3
129.2,13,isocontour,11.283791670955125,24034.33,50.58,20.1,-4.3,0.999,-0.7,-1.3,1.5,-3.3,-18.4,1.11,21,1,0,0,1
129.2,14,isocontour,11.283791670955125,26077.6,54.88,8.8,-17.6,1.053,1.0,1.6,1.9,-3.9,-18.3,1.113,21,2,0,0,2
129.2,15,isocontour,11.283791670955125,21016.81,44.23,-11.0,16.1,1.066,2.5,1.3,2.8,-3.9,-18.3,1.113,21,3,0,0,3
129.2,16,isocontour,11.283791670955125,40379.93,84.97,-20.4,4.0,0.986,-0.7,-0.8,1.1,-3.9,-18.3,1.113,21,4,0,0,4
129.2,17,isocontour,11.283791670955125,22402.84,47.14,5.6,19.1,1.04,-2.9,-0.1,2.9,-3.7,-18.4,1.111,21,6,0,0,6
129.2,18,isocontour,11.283791670955125,27338.17,57.53,-12.6,16.7,0.981,0.4,2.3,2.3,-3.9,-18.3,1.113,21,3,0,0,3
129.2,19,isocontour,11.283791670955125,23073.03,48.55,-20.4,-3.4,0.997,1.3,0.3,1.3,-3.9,-18.3,1.113,21,5,0,0,5
129.2,20,isocontour,11.283791670955125,25617.1,53.91,15.0,-14.4,0.987,0.6,0.3,0.7,-3.9,-18.3,1.113,21,1,0,0,1
129.2,21,isocontour,11.283791670955125,26081.45,54.89,-4.1,-18.3,1.112,-0.7,0.6,0.9,-3.9,-18.3,1.113,21,2,0,0,2
129.2,22,isocontour,11.283791670955125,27578.15,58.03,-18.3,-9.8,0.989,-1.9,1.3,2.3,-3.9,-18.3,1.113,21,3,0,0,3
129.2,23,isocontour,11.283791670955125,26799.2,56.4,-20.7,2.2,0.989,-0.6,-2.7,2.8,-3.9,-18.3,1.113,21,4,0,0,4
129.2,24,isocontour,11.283791670955125,26869.36,56.54,3.9,-20.4,0.992,1.2,2.3,2.6,-3.9,-18.3,1.113,21,2,0,0,2
129.2,25,isocontour,11.283791670955125,26322.19,55.39,-18.8,5.8,1.054,-0.1,-2.6,2.6,-3.9,-18.3,1.113,21,4,0,0,4
129.2,Target,,,,,0.0,0.0,4.023,0.0,0.0,,,,,,,,,
129.3,1,isocontour,11.283791670955125,21541.57,45.33,13.1,16.2,0.986,-1.2,1.1,1.6,-3.7,-18.4,1.111,21,7,0,0,7
129.3,2,isocontour,11.283791670955125,21129.62,44.46,-3.8,20.4,0.993,-2.7,0.0,2.7,-3.9,-18.3,1.113,21,7,0,0,7
129.3,3,isocontour,11.283791670955125,21441.95,45.12,4.8,20.1,0.993,2.8,0.0,2.8,-3.9,-18.3,1.113,21,6,0,0,6
129.3,4,isocontour,11.283791670955125,26866.14,56.54,17.7,10.9,0.988,0.5,-2.9,2.9,-3.7,-18.4,1.111,21,3,0,0,3
129.3,5,isocontour,11.283791670955125,24635.92,51.84,5.0,18.3,1.093,-1.6,1.6,2.3,-3.9,-18.3,1.113,21,6,0,0,6
129.3,6,isocontour,11.283791670955125,26366.54,55.49,5.0,18.9,1.059,-1.1,0.9,1.4,-3.9,-18.3,1.113,21,6,0,0,6
129.3,7,isocontour,11.283791670955125,23994.32,50.49,-18.1,10.1,0.992,-0.3,0.7,0.8,-3.9,-18.3,1.113,21,5,0,0,5
129.3,8,isocontour,11.283791670955125,27292.82,57.43,4.3,18.9,1.073,-0.8,0.3,0.9,-3.9,-18.3,1.113,21,6,0,0,6
129.3,9,isocontour,11.283791670955125,24738.99,52.06,20.4,3.8,0.992,0.4,1.0,1.1,-3.7,-18.4,1.111,21,3,0,0,3
129.3,10,isocontour,11.283791670955125,25756.82,54.2,16.5,11.0,1.046,0.4,-0.9,1.0,-3.7,-18.4,1.111,21,3,0,0,3
129.3,11,isocontour,11.283791670955125,27766.28,58.43,-16.3,-10.7,1.062,-0.6,0.6,0.8,-3.9,-18.3,1.113,21,3,0,0,3
129.3,12,isocontour,11.283791670955125,24346.95,51.24,-12.1,-16.8,0.993,-0.6,-0.3,0.7,-3.9,-18.3,1.113,21,3,0,0,3
129.3,13,isocontour,11.283791670955125,23978.8,50.46,20.1,-4.6,1.0,-1.0,-3.4,3.5,-3.7,-18.4,1.111,21,1,0,0,1
129.3,14,isocontour,11.283791670955125,26070.2,54.86,8.7,-17.7,1.049,-0.9,-1.6,1.8,-3.9,-18.3,1.113,21,2,0,0,2
129.3,15,isocontour,11.283791670955125,21013.67,44.22,-10.9,16.0,1.073,0.8,-1.0,1.3,-3.9,-18.3,1.113,21,3,0,0,3
129.3,16,isocontour,11.283791670955125,40346.81,84.9,-20.4,3.8,0.992,0.9,-2.8,2.9,-3.9,-18.3,1.113,21,4,0,0,4
129.3,17,isocontour,11.283791670955125,22401.44,47.14,5.5,19.1,1.041,-1.0,0.2,1.0,-3.9,-18.3,1.113,21,6,0,0,6
129.3,18,isocontour,11.283791670955125,27314.36,57.48,-12.3,16.7,0.989,2.6,-0.4,2.6,-3.9,-18.3,1.113,21,3,0,0,3
129.3,19,isocontour,11.283791670955125,23070.99,48.55,-20.3,-3.5,0.998,0.1,-1.2,1.2,-3.9,-18.3,1.113,21,5,0,0,5
129.3,20,isocontour,11.283791670955125,25596.36,53.86,14.8,-14.4,0.994,-2.5,-0.2,2.5,-3.9,-18.3,1.113,21,1,0,0,1
129.3,21,isocontour,11.283791670955125,26080.81,54.88,-4.1,-18.2,1.112,-0.8,-0.0,0.8,-3.9,-18.3,1.113,21,2,0,0,2
129.3,22,isocontour,11.283791670955125,27575.01,58.03,-18.4,-9.7,0.991,-0.0,1.3,1.3,-3.9,-18.3,1.113,21,3,0,0,3
129.3,23,isocontour,11.283791670955125,26784.96,56.37,-20.6,2.0,0.993,0.8,-2.1,2.2,-3.9,-18.3,1.113,21,4,0,0,4
129.3,24,isocontour,11.283791670955125,26868.97,56.54,4.0,-20.3,0.993,0.7,-0.1,0.7,-3.9,-18.3,1.113,21,2,0,0,2
129.3,25,isocontour,11.283791670955125,26295.31,55.34,-18.8,5.5,1.059,0.1,-2.8,2.8,-3.9,-18.3,1.113,21,4,0,0,4
129.3,Target,,,,,0.0,0.0,4.023,0.0,0.0,,,,,,,,,
129.4,1,isocontour,11.283791670955125,21512.92,45.27,12.8,16.2,0.995,-2.8,-0.5,2.8,-3.9,-18.3,1.113,21,7,0,0,7
129.4,2,isocontour,11.283791670955125,21119.32,44.44,-4.0,20.5,0.985,-1.5,1.4,2.1,-3.9,-18.3,1.113,21,7,0,0,7
129.4,3,isocontour,11.283791670955125,21437.82,45.11,4.9,20.3,0.986,0.7,1.3,1.5,-3.9,-18.3,1.113,21,6,0,0,6
129.4,4,isocontour,11.283791670955125,26835.94,56.47,17.8,10.6,0.995,0.3,-2.9,2.9,-3.7,-18.4,1.111,21,3,0,0,3
129.4,5,isocontour,11.283791670955125,24635.13,51.84,4.9,18.4,1.092,-0.8,0.3,0.9,-3.9,-18.3,1.113,21,6,0,0,6
129.4,6,isocontour,11.283791670955125,26339.66,55.43,4.8,18.9,1.065,-2.7,-0.6,2.8,-3.9,-18.3,1.113,21,6,0,0,6
129.4,7,isocontour,11.283791670955125,23873.2,50.24,-18.0,10.5,0.986,1.1,4.4,4.5,-3.9,-18.3,1.113,21,5,0,0,5
129.4,8,isocontour,11.283791670955125,27267.64,57.38,4.1,18.9,1.07,-2.5,1.0,2.7,-3.9,-18.3,1.113,21,6,0,0,6
129.4,9,isocontour,11.283791670955125,24735.85,52.05,20.5,3.8,0.986,1.3,-0.4,1.4,-3.7,-18.4,1.111,21,3,0,0,3
129.4,10,isocontour,11.283791670955125,25729.06,54.14,16.6,10.7,1.049,1.1,-2.6,2.8,-3.7,-18.4,1.111,21,3,0,0,3
129.4,11,isocontour,11.283791670955125,27748.78,58.39,-16.3,-10.5,1.067,-0.4,2.4,2.4,-3.9,-18.3,1.113,21,3,0,0,3
129.4,12,isocontour,11.283791670955125,24340.26,51.22,-12.2,-16.9,0.984,-1.0,-1.4,1.7,-3.9,-18.3,1.113,21,3,0,0,3
129.4,13,isocontour,11.283791670955125,23951.04,50.4,20.2,-4.9,0.991,1.5,-2.4,2.8,-3.9,-18.3,1.113,21,2,0,0,2
129.4,14,isocontour,11.283791670955125,26052.7,54.82,8.9,-17.7,1.046,2.3,0.6,2.4,-3.9,-18.3,1.113,21,2,0,0,2
129.4,15,isocontour,11.283791670955125,21010.93,44.21,-10.9,15.9,1.08,-0.1,-1.3,1.3,-3.9,-18.3,1.113,21,3,0,0,3
129.4,16,isocontour,11.283791670955125,40344.44,84.9,-20.5,3.8,0.988,-1.1,0.5,1.2,-3.9,-18.3,1.113,21,4,0,0,4
129.4,17,isocontour,11.283791670955125,22398.31,47.13,5.4,19.1,1.04,-1.1,0.7,1.3,-3.9,-18.3,1.113,21,6,0,0,6
129.4,18,isocontour,11.283791670955125,27307.55,57.47,-12.2,16.6,0.999,0.8,-1.5,1.7,-3.9,-18.3,1.113,21,3,0,0,3
129.4,19,isocontour,11.283791670955125,23037.2,48.48,-20.4,-3.7,0.99,-1.2,-2.7,3.0,-3.9,-18.3,1.113,21,5,0,0,5
129.4,20,isocontour,11.283791670955125,25577.28,53.82,14.6,-14.6,0.998,-2.0,-1.4,2.4,-3.9,-18.3,1.113,21,2,0,0,2
129.4,21,isocontour,11.283791670955125,26070.2,54.86,-4.2,-18.4,1.101,-0.3,-2.0,2.0,-3.9,-18.3,1.113,21,2,0,0,2
129.4,22,isocontour,11.283791670955125,27561.7,58.0,-18.5,-9.5,0.986,-1.8,1.2,2.2,-3.9,-18.3,1.113,21,3,0,0,3
129.4,23,isocontour,11.283791670955125,26781.96,56.36,-20.7,1.9,0.989,-1.1,-0.7,1.3,-3.9,-18.3,1.113,21,4,0,0,4
129.4,24,isocontour,11.283791670955125,26866.76,56.54,3.9,-20.4,0.989,-0.6,-1.0,1.2,-3.9,-18.3,1.113,21,2,0,0,2
129.4,25,isocontour,11.283791670955125,26293.99,55.33,-18.8,5.4,1.06,-0.3,-1.0,1.0,-3.9,-18.3,1.113,21,4,0,0,4
129.4,Target,,,,,0.0,0.0,4.023,0.0,0.0,,,,,,,,,
129.5,1,isocontour,11.283791670955125,21497.3,45.24,12.6,16.3,1.001,-2.2,0.7,2.3,-3.9,-18.3,1.113,21,7,0,0,7
129.5,2,isocontour,11.283791670955125,21118.59,44.44,-4.0,20.5,0.981,0.5,0.6,0.8,-3.9,-18.3,1.113,21,7,0,0,7
129.5,3,isocontour,11.283791670955125,21436.76,45.11,4.9,20.3,0.981,0.7,0.6,0.9,-3.9,-18.3,1.113,21,6,0,0,6
129.5,4,isocontour,11.283791670955125,26807.59,56.41,17.9,10.3,0.996,1.5,-2.4,2.8,-3.9,-18.3,1.113,21,3,0,0,3
129.5,5,isocontour,11.283791670955125,24557.96,51.68,5.2,18.2,1.099,3.2,-2.3,3.9,-3.9,-18.3,1.113,21,6,0,0,6
129.5,6,isocontour,11.283791670955125,26337.62,55.42,4.8,19.0,1.061,0.3,1.1,1.1,-3.9,-18.3,1.113,21,6,0,0,6
129.5,7,isocontour,11.283791670955125,23769.41,50.02,-17.8,10.8,0.99,3.1,3.1,4.4,-3.9,-18.3,1.113,21,5,0,0,5
129.5,8,isocontour,11.283791670955125,27237.76,57.32,4.3,18.9,1.07,2.8,-0.6,2.9,-3.9,-18.3,1.113,21,6,0,0,6
129.5,9,isocontour,11.283791670955125,24730.14,52.04,20.4,3.8,0.993,-1.6,-0.1,1.6,-3.9,-18.3,1.113,21,3,0,0,3
129.5,10,isocontour,11.283791670955125,25727.12,54.14,16.6,10.8,1.047,-0.1,1.1,1.1,-3.9,-18.3,1.113,21,3,0,0,3
129.5,11,isocontour,11.283791670955125,27741.61,58.38,-16.5,-10.4,1.063,-1.7,0.6,1.8,-3.9,-18.3,1.113,21,3,0,0,3
129.5,12,isocontour,11.283791670955125,24331.42,51.2,-12.4,-16.9,0.978,-1.9,0.3,1.9,-3.9,-18.3,1.113,21,3,0,0,3
129.5,13,isocontour,11.283791670955125,23929.31,50.36,20.3,-4.7,0.986,1.3,2.2,2.6,-3.9,-18.3,1.113,21,2,0,0,2
129.5,14,isocontour,11.283791670955125,26046.23,54.81,9.1,-17.7,1.041,1.7,-0.0,1.7,-3.9,-18.3,1.113,21,2,0,0,2
129.5,15,isocontour,11.283791670955125,21010.08,44.21,-10.9,15.9,1.076,-0.6,0.6,0.8,-3.9,-18.3,1.113,21,3,0,0,3
129.5,16,isocontour,11.283791670955125,40341.23,84.89,-20.6,3.8,0.981,-1.3,-0.4,1.4,-3.9,-18.3,1.113,21,4,0,0,4
129.5,17,isocontour,11.283791670955125,22396.99,47.13,5.4,19.1,1.041,0.8,-0.5,0.9,-3.9,-18.3,1.113,21,6,0,0,6
129.5,18,isocontour,11.283791670955125,27306.31,57.46,-12.1,16.6,1.002,1.0,0.2,1.0,-3.9,-18.3,1.113,21,3,0,0,3
129.5,19,isocontour,11.283791670955125,23027.94,48.46,-20.4,-3.9,0.99,0.7,-1.8,1.9,-3.9,-18.3,1.113,21,5,0,0,5
129.5,20,isocontour,11.283791670955125,25573.94,53.82,14.6,-14.7,0.995,-0.3,-1.3,1.3,-3.9,-18.3,1.113,21,2,0,0,2
129.5,21,isocontour,11.283791670955125,26040.63,54.8,-3.9,-18.5,1.101,2.8,-0.2,2.8,-3.9,-18.3,1.113,21,2,0,0,2
129.5,22,isocontour,11.283791670955125,27509.4,57.89,-18.8,-9.3,0.98,-2.5,2.3,3.4,-3.9,-18.3,1.113,21,3,0,0,3
129.5,23,isocontour,11.283791670955125,26756.79,56.31,-20.8,1.7,0.985,-0.9,-2.5,2.7,-3.9,-18.3,1.113,21,4,0,0,4
129.5,24,isocontour,11.283791670955125,26862.29,56.53,4.0,-20.5,0.985,1.5,-0.4,1.6,-3.9,-18.3,1.113,21,2,0,0,2
129.5,25,isocontour,11.283791670955125,26290.99,55.33,-18.9,5.3,1.057,-0.9,-0.9,1.3,-3.9,-18.3,1.113,21,4,0,0,4
129.5,Target,,,,,0.0,0.0,4.023,0.0,0.0,,,,,,,,,
129.6,1,isocontour,11.283791670955125,21484.17,45.21,12.7,16.4,0.991,1.4,1.7,2.2,-3.9,-18.3,1.113,21,7,0,0,7
129.6,2,isocontour,11.283791670955125,21095.31,44.39,-4.2,20.5,0.983,-2.4,-1.1,2.6,-3.9,-18.3,1.113,21,7,0,0,7
129.6,3,isocontour,11.283791670955125,21403.98,45.04,5.2,20.2,0.986,2.4,-1.7,2.9,-3.9,-18.3,1.113,21,6,0,0,6
129.6,4,isocontour,11.283791670955125,26779.83,56.35,18.2,10.2,0.986,2.7,-0.5,2.7,-3.9,-18.3,1.113,21,3,0,0,3
129.6,5,isocontour,11.283791670955125,24527.13,51.61,5.4,18.0,1.103,2.6,-1.2,2.9,-3.9,-18.3,1.113,21,6,0,0,6
129.6,6,isocontour,11.283791670955125,26298.13,55.34,5.0,18.9,1.062,2.9,-1.2,3.1,-3.9,-18.3,1.113,21,6,0,0,6
129.6,7,isocontour,11.283791670955125,23765.91,50.01,-17.6,10.8,0.995,1.4,0.3,1.4,-3.9,-18.3,1.113,21,5,0,0,5
129.6,8,isocontour,11.283791670955125,27232.15,57.31,4.2,18.8,1.078,-0.9,-1.3,1.6,-3.9,-18.3,1.113,21,6,0,0,6
129.6,9,isocontour,11.283791670955125,24704.97,51.99,20.4,3.6,0.995,0.2,-2.7,2.7,-3.9,-18.3,1.113,21,3,0,0,3
129.6,10,isocontour,11.283791670955125,25722.38,54.13,16.5,10.9,1.043,-0.3,1.5,1.5,-3.9,-18.3,1.113,21,3,0,0,3
129.6,11,isocontour,11.283791670955125,27722.54,58.34,-16.7,-10.3,1.058,-1.8,1.7,2.5,-3.9,-18.3,1.113,21,3,0,0,3
129.6,12,isocontour,11.283791670955125,24320.49,51.18,-12.5,-16.8,0.978,-1.6,1.2,2.0,-3.9,-18.3,1.113,21,3,0,0,3
129.6,13,isocontour,11.283791670955125,23900.04,50.29,20.3,-4.4,0.99,-0.2,2.8,2.8,-3.9,-18.3,1.113,21,1,0,0,1
129.6,14,isocontour,11.283791670955125,26040.62,54.8,9.2,-17.5,1.045,0.7,1.5,1.7,-3.9,-18.3,1.113,21,2,0,0,2
129.6,15,isocontour,11.283791670955125,21007.71,44.21,-11.0,15.8,1.075,-1.0,-0.6,1.2,-3.9,-18.3,1.113,21,3,0,0,3
129.6,16,isocontour,11.283791670955125,40315.5,84.84,-20.4,3.6,0.991,1.9,-1.9,2.7,-3.9,-18.3,1.113,21,4,0,0,4
129.6,17,isocontour,11.283791670955125,22391.38,47.12,5.5,19.0,1.046,0.8,-1.4,1.6,-3.9,-18.3,1.113,21,6,0,0,6
129.6,18,isocontour,11.283791670955125,27305.7,57.46,-12.1,16.7,0.999,-0.3,0.7,0.8,-3.9,-18.3,1.113,21,3,0,0,3
129.6,19,isocontour,11.283791670955125,23027.28,48.46,-20.3,-3.9,0.993,0.3,0.7,0.8,-3.9,-18.3,1.113,21,5,0,0,5
129.6,20,isocontour,11.283791670955125,25554.16,53.78,14.7,-14.6,0.994,1.9,1.6,2.5,-3.9,-18.3,1.113,21,1,0,0,1
129.6,21,isocontour,11.283791670955125,26011.66,54.74,-3.7,-18.6,1.099,2.7,-0.9,2.8,-3.9,-18.3,1.113,21,2,0,0,2
129.6,22,isocontour,11.283791670955125,27490.33,57.85,-18.8,-9.1,0.986,0.5,2.4,2.5,-3.9,-18.3,1.113,21,4,0,0,4
129.6,23,isocontour,11.283791670955125,26751.96,56.3,-20.7,1.7,0.991,1.5,0.4,1.6,-3.9,-18.3,1.113,21,5,0,0,5
129.6,24,isocontour,11.283791670955125,26835.42,56.47,4.2,-20.3,0.995,1.2,2.5,2.8,-3.9,-18.3,1.113,21,2,0,0,2
129.6,25,isocontour,11.283791670955125,26270.5,55.28,-18.9,5.1,1.06,0.1,-2.5,2.5,-3.9,-18.3,1.113,21,4,0,0,4
129.6,Target,,,,,0.0,0.0,4.023,0.0,0.0,,,,,,,,,
129.7,1,isocontour,11.283791670955125,21460.1,45.16,12.9,16.4,0.982,2.7,-0.1,2.7,-3.9,-18.3,1.113,21,7,0,0,7
129.7,2,isocontour,11.283791670955125,21092.03,44.39,-4.2,20.3,0.989,-0.6,-1.2,1.3,-3.9,-18.3,1.113,21,7,0,0,7
129.7,3,isocontour,11.283791670955125,21401.77,45.04,5.2,20.1,0.99,0.7,-1.0,1.2,-3.9,-18.3,1.113,21,6,0,0,6
129.7,4,isocontour,11.283791670955125,26747.05,56.29,18.4,10.1,0.98,2.1,-2.1,3.0,-3.9,-18.3,1.113,21,3,0,0,3
129.7,5,isocontour,11.283791670955125,24526.07,51.61,5.5,18.1,1.099,0.6,0.7,0.9,-3.9,-18.3,1.113,21,6,0,0,6
129.7,6,isocontour,11.283791670955125,26295.26,55.34,5.1,18.8,1.066,0.9,-0.9,1.3,-3.9,-18.3,1.113,21,6,0,0,6
129.7,7,isocontour,11.283791670955125,23758.75,50.0,-17.6,11.0,0.989,-0.7,1.6,1.7,-3.9,-18.3,1.113,21,5,0,0,5
129.7,8,isocontour,11.283791670955125,27201.32,57.24,4.4,18.7,1.08,2.8,-0.9,2.9,-3.9,-18.3,1.113,21,6,0,0,6
129.7,9,isocontour,11.283791670955125,24681.16,51.94,20.5,3.3,0.992,1.2,-2.4,2.7,-3.9,-18.3,1.113,21,3,0,0,3
129.7,10,isocontour,11.283791670955125,25718.41,54.12,16.6,10.9,1.041,1.1,-0.9,1.4,-3.9,-18.3,1.113,21,3,0,0,3
129.7,11,isocontour,11.283791670955125,27704.37,58.3,-16.7,-10.1,1.061,-0.7,2.3,2.4,-3.9,-18.3,1.113,21,3,0,0,3
129.7,12,isocontour,11.283791670955125,24313.8,51.17,-12.7,-16.7,0.977,-1.5,0.9,1.7,-3.9,-18.3,1.113,21,3,0,0,3
129.7,13,isocontour,11.283791670955125,23898.34,50.29,20.2,-4.3,0.993,-0.4,1.0,1.1,-3.9,-18.3,1.113,21,1,0,0,1
129.7,14,isocontour,11.283791670955125,26004.42,54.72,9.0,-17.7,1.045,-2.6,-1.6,3.1,-3.9,-18.3,1.113,21,2,0,0,2
129.7,15,isocontour,11.283791670955125,21002.0,44.2,-11.1,15.9,1.068,-1.4,0.8,1.6,-3.9,-18.3,1.113,21,3,0,0,3
129.7,16,isocontour,11.283791670955125,40311.53,84.83,-20.5,3.6,0.986,-1.4,0.2,1.4,-3.9,-18.3,1.113,21,4,0,0,4
129.7,17,isocontour,11.283791670955125,22337.25,47.01,5.8,18.8,1.051,3.0,-1.7,3.4,-3.9,-18.3,1.113,21,6,0,0,6
129.7,18,isocontour,11.283791670955125,27279.97,57.41,-12.0,16.9,0.994,1.6,2.2,2.7,-3.9,-18.3,1.113,21,3,0,0,3
129.7,19,isocontour,11.283791670955125,22954.71,48.31,-20.3,-4.2,0.99,0.2,-3.8,3.8,-3.9,-18.3,1.113,21,5,0,0,5
129.7,20,isocontour,11.283791670955125,25552.64,53.77,14.8,-14.5,0.99,1.1,-0.1,1.1,-3.9,-18.3,1.113,21,1,0,0,1
129.7,21,isocontour,11.283791670955125,25993.27,54.7,-3.4,-18.5,1.104,2.4,0.5,2.5,-3.9,-18.3,1.113,21,2,0,0,2
129.7,22,isocontour,11.283791670955125,27489.42,57.85,-18.7,-9.0,0.99,0.3,0.8,0.9,-3.9,-18.3,1.113,21,4,0,0,4
129.7,23,isocontour,11.283791670955125,26724.2,56.24,-20.8,1.5,0.987,-1.3,-2.5,2.8,-3.9,-18.3,1.113,21,5,0,0,5
129.7,24,isocontour,11.283791670955125,26833.1,56.47,4.1,-20.2,0.997,-1.2,-0.1,1.2,-3.9,-18.3,1.113,21,2,0,0,2
129.7,25,isocontour,11.283791670955125,26269.18,55.28,-18.9,5.0,1.059,-0.5,-0.8,0.9,-3.9,-18.3,1.113,21,4,0,0,4
129.7,Target,,,,,0.0,0.0,4.023,0.0,0.0,,,,,,,,,
129.8,1,isocontour,11.283791670955125,21460.08,45.16,12.9,16.4,0.982,-0.1,-0.2,0.2,-3.9,-18.3,1.113,21,7,0,0,7
129.8,2,isocontour,11.283791670955125,21089.83,44.38,-4.3,20.2,0.995,0.0,-1.2,1.2,-3.9,-18.3,1.113,21,7,0,0,7
129.8,3,isocontour,11.283791670955125,21401.38,45.04,5.3,20.1,0.988,0.1,0.7,0.7,-3.9,-18.3,1.113,21,6,0,0,6
129.8,4,isocontour,11.283791670955125,26742.4,56.28,18.3,9.9,0.986,-1.0,-1.2,1.6,-3.9,-18.3,1.113,21,3,0,0,3
129.8,5,isocontour,11.283791670955125,24523.07,51.61,5.4,18.1,1.1,-1.3,-0.1,1.3,-3.9,-18.3,1.113,21,6,0,0,6
129.8,6,isocontour,11.283791670955125,26268.38,55.28,4.9,18.8,1.067,-2.7,0.6,2.8,-3.9,-18.3,1.113,21,6,0,0,6
129.8,7,isocontour,11.283791670955125,23749.63,49.98,-17.6,11.2,0.983,-0.1,1.9,1.9,-3.9,-18.3,1.113,21,5,0,0,5
129.8,8,isocontour,11.283791670955125,27189.07,57.22,4.3,18.7,1.081,-2.1,0.3,2.1,-3.9,-18.3,1.113,21,6,0,0,6
129.8,9,isocontour,11.283791670955125,24674.24,51.92,20.6,3.3,0.983,1.7,-0.2,1.7,-3.9,-18.3,1.113,21,3,0,0,3
129.8,10,isocontour,11.283791670955125,25689.45,54.06,16.7,10.6,1.043,1.1,-2.6,2.8,-3.9,-18.3,1.113,21,3,0,0,3
129.8,11,isocontour,11.283791670955125,27699.54,58.29,-16.9,-10.0,1.056,-1.5,0.4,1.6,-3.9,-18.3,1.113,21,3,0,0,3
129.8,12,isocontour,11.283791670955125,24301.03,51.14,-12.9,-16.6,0.977,-1.7,1.3,2.1,-3.9,-18.3,1.113,21,3,0,0,3
129.8,13,isocontour,11.283791670955125,23868.45,50.23,20.3,-4.5,0.989,0.3,-2.8,2.8,-3.9,-18.3,1.113,21,1,0,0,1
129.8,14,isocontour,11.283791670955125,26001.28,54.72,8.8,-17.7,1.047,-1.3,-0.2,1.3,-3.9,-18.3,1.113,21,2,0,0,2
129.8,15,isocontour,11.283791670955125,21001.45,44.19,-11.2,15.9,1.063,-0.6,0.4,0.7,-3.9,-18.3,1.113,21,3,0,0,3
129.8,16,isocontour,11.283791670955125,40311.46,84.83,-20.5,3.6,0.985,0.1,0.3,0.3,-3.9,-18.3,1.113,21,4,0,0,4
129.8,17,isocontour,11.283791670955125,22307.05,46.94,5.6,18.8,1.055,-2.9,0.2,2.9,-3.9,-18.3,1.113,21,6,0,0,6
129.8,18,isocontour,11.283791670955125,27262.9,57.37,-12.0,17.1,0.983,-0.5,2.3,2.4,-3.9,-18.3,1.113,21,3,0,0,3
129.8,19,isocontour,11.283791670955125,22953.19,48.3,-20.4,-4.4,0.987,-0.4,-1.0,1.1,-3.9,-18.3,1.113,21,5,0,0,5
129.8,20,isocontour,11.283791670955125,25550.32,53.77,14.8,-14.6,0.99,-1.0,-0.6,1.2,-3.9,-18.3,1.113,21,1,0,0,1
129.8,21,isocontour,11.283791670955125,25968.1,54.65,-3.1,-18.5,1.106,2.7,-0.2,2.7,-3.9,-18.3,1.113,21,2,0,0,2
129.8,22,isocontour,11.283791670955125,27465.88,57.8,-18.8,-8.7,0.994,-0.5,2.6,2.6,-3.9,-18.3,1.113,21,4,0,0,4
129.8,23,isocontour,11.283791670955125,26723.86,56.24,-20.8,1.4,0.984,-0.6,-0.3,0.7,-3.9,-18.3,1.113,21,5,0,0,5
129.8,24,isocontour,11.283791670955125,26823.4,56.45,4.1,-20.4,0.988,0.9,-1.7,1.9,-3.9,-18.3,1.113,21,2,0,0,2
129.8,25,isocontour,11.283791670955125,26267.82,55.28,-19.0,4.9,1.058,-0.5,-0.9,1.0,-3.9,-18.3,1.113,21,4,0,0,4
129.8,Target,,,,,0.0,0.0,4.023,0.0,0.0,,,,,,,,,
129.9,1,isocontour,11.283791670955125,21429.88,45.1,12.7,16.3,0.995,-2.5,-1.5,2.9,-3.9,-18.3,1.113,21,7,0,0,7
129.9,2,isocontour,11.283791670955125,21087.78,44.38,-4.2,20.1,1.001,0.8,-0.8,1.1,-3.9,-18.3,1.113,21,7,0,0,7
129.9,3,isocontour,11.283791670955125,21367.26,44.96,5.0,20.3,0.984,-2.6,1.5,3.0,-3.9,-18.3,1.113,21,6,0,0,6
129.9,4,isocontour,11.283791670955125,26740.14,56.27,18.2,10.0,0.99,-1.0,0.7,1.2,-3.9,-18.3,1.113,21,3,0,0,3
129.9,5,isocontour,11.283791670955125,24499.53,51.56,5.2,18.2,1.099,-2.4,1.0,2.6,-3.9,-18.3,1.113,21,6,0,0,6
129.9,6,isocontour,11.283791670955125,26267.32,55.28,4.8,18.8,1.069,-0.9,-0.1,0.9,-3.9,-18.3,1.113,21,6,0,0,6
129.9,7,isocontour,11.283791670955125,23722.46,49.92,-17.6,11.0,0.992,0.9,-2.6,2.8,-3.9,-18.3,1.113,21,5,0,0,5
129.9,8,isocontour,11.283791670955125,27162.77,57.16,4.0,18.7,1.084,-2.7,0.2,2.7,-3.9,-18.3,1.113,21,6,0,0,6
129.9,9,isocontour,11.283791670955125,24672.03,51.92,20.6,3.2,0.986,-0.9,-0.8,1.2,-3.9,-18.3,1.113,21,3,0,0,3
129.9,10,isocontour,11.283791670955125,25682.65,54.05,16.8,10.4,1.048,0.0,-1.7,1.7,-3.9,-18.3,1.113,21,3,0,0,3
129.9,11,isocontour,11.283791670955125,27692.62,58.28,-17.0,-10.0,1.049,-1.7,0.3,1.7,-3.9,-18.3,1.113,21,3,0,0,3
129.9,12,isocontour,11.283791670955125,24293.62,51.12,-13.0,-16.5,0.976,-1.5,0.9,1.7,-3.9,-18.3,1.113,21,3,0,0,3
129.9,13,isocontour,11.283791670955125,23832.95,50.15,20.2,-4.8,0.987,-0.4,-3.0,3.0,-3.9,-18.3,1.113,21,1,0,0,1
129.9,14,isocontour,11.283791670955125,25979.8,54.67,9.0,-17.6,1.046,2.4,1.0,2.6,-3.9,-18.3,1.113,21,2,0,0,2
129.9,15,isocontour,11.283791670955125,20998.84,44.19,-11.2,16.0,1.06,0.7,1.0,1.2,-3.9,-18.3,1.113,21,3,0,0,3
129.9,16,isocontour,11.283791670955125,40309.85,84.83,-20.5,3.5,0.987,0.3,-1.0,1.0,-3.9,-18.3,1.113,21,4,0,0,4
129.9,17,isocontour,11.283791670955125,22277.47,46.88,5.3,18.8,1.061,-2.8,-0.2,2.8,-3.9,-18.3,1.113,21,6,0,0,6
129.9,18,isocontour,11.283791670955125,27246.25,57.34,-11.9,17.3,0.98,1.7,1.6,2.3,-3.9,-18.3,1.113,21,3,0,0,3
129.9,19,isocontour,11.283791670955125,22934.11,48.26,-20.3,-4.6,0.986,0.4,-2.4,2.4,-3.9,-18.3,1.113,21,5,0,0,5
129.9,20,isocontour,11.283791670955125,25548.79,53.76,14.7,-14.7,0.988,-0.2,-1.0,1.0,-3.9,-18.3,1.113,21,1,0,0,1
129.9,21,isocontour,11.283791670955125,25967.04,54.64,-3.0,-18.6,1.104,0.7,-0.6,0.9,-3.9,-18.3,1.113,21,2,0,0,2
129.9,22,isocontour,11.283791670955125,27464.6,57.8,-18.7,-8.7,0.999,0.8,0.6,1.0,-3.9,-18.3,1.113,21,4,0,0,4
129.9,23,isocontour,11.283791670955125,26721.87,56.23,-20.8,1.4,0.987,0.6,-1.0,1.2,-3.9,-18.3,1.113,21,5,0,0,5
129.9,24,isocontour,11.283791670955125,26820.47,56.44,4.2,-20.3,0.989,1.0,0.8,1.3,-3.9,-18.3,1.113,21,2,0,0,2
129.9,25,isocontour,11.283791670955125,26265.77,55.27,-19.0,4.8,1.055,-0.7,-0.9,1.1,-3.9,-18.3,1.113,21,4,0,0,4
129.9,Target,,,,,0.0,0.0,4.023,0.0,0.0,,,,,,,,,
130.0,1,isocontour,11.283791670955125,21427.89,45.09,12.6,16.2,1.001,-1.1,-0.3,1.1,12.6,16.2,0.995,1,7,0,0,7
130.0,2,isocontour,11.283791670955125,21064.5,44.33,-4.0,20.2,0.999,2.4,1.0,2.6,-4.0,20.2,1.001,2,7,0,0,7
130.0,3,isocontour,11.283791670955125,21364.33,44.96,4.9,20.2,0.988,-1.0,-0.8,1.3,4.9,20.2,0.984,3,6,0,0,6
130.0,4,isocontour,11.283791670955125,26712.08,56.21,18.3,9.8,0.989,1.5,-2.3,2.7,18.3,9.8,0.99,4,3,0,0,3
130.0,5,isocontour,11.283791670955125,24473.51,51.5,4.9,18.2,1.104,-2.7,-0.1,2.7,4.9,18.2,1.099,5,6,0,0,6
130.0,6,isocontour,11.283791670955125,26238.36,55.22,4.5,18.8,1.074,-2.8,-0.2,2.8,4.5,18.8,1.069,6,6,0,0,6
130.0,7,isocontour,11.283791670955125,23721.06,49.92,-17.5,11.0,0.997,0.9,0.4,1.0,-17.5,11.0,0.992,7,5,0,0,5
130.0,8,isocontour,11.283791670955125,27161.8,57.16,3.9,18.7,1.085,-0.9,-0.1,0.9,3.9,18.7,1.084,8,6,0,0,6
130.0,9,isocontour,11.283791670955125,24665.34,51.91,20.4,3.2,0.995,-1.7,0.0,1.7,20.4,3.2,0.986,9,3,0,0,3
130.0,10,isocontour,11.283791670955125,25679.71,54.04,16.7,10.5,1.052,-1.2,0.6,1.3,16.7,10.5,1.048,10,3,0,0,3
130.0,11,isocontour,11.283791670955125,27689.41,58.27,-17.1,-9.8,1.049,-0.3,1.3,1.3,-17.1,-9.8,1.049,11,3,0,0,3
130.0,12,isocontour,11.283791670955125,24280.13,51.09,-13.0,-16.3,0.983,-0.2,2.2,2.2,-13.0,-16.3,0.976,12,3,0,0,3
130.0,13,isocontour,11.283791670955125,23831.06,50.15,20.2,-5.0,0.986,-0.1,-1.1,1.1,20.2,-5.0,0.987,13,1,0,0,1
130.0,14,isocontour,11.283791670955125,25958.57,54.63,9.2,-17.6,1.04,2.5,-0.2,2.5,9.2,-17.6,1.046,14,2,0,0,2
130.0,15,isocontour,11.283791670955125,20975.83,44.14,-11.0,16.2,1.06,2.1,1.5,2.6,-11.0,16.2,1.06,15,3,0,0,3
130.0,16,isocontour,11.283791670955125,40308.75,84.82,-20.5,3.6,0.989,0.4,0.8,0.9,-20.5,3.6,0.987,16,4,0,0,4
130.0,17,isocontour,11.283791670955125,22276.37,46.88,5.2,18.8,1.061,-0.8,0.5,0.9,5.2,18.8,1.061,17,6,0,0,6
130.0,18,isocontour,11.283791670955125,27244.89,57.33,-11.8,17.3,0.98,1.0,0.3,1.0,-11.8,17.3,0.98,18,3,0,0,3
130.0,19,isocontour,11.283791670955125,22932.54,48.26,-20.3,-4.7,0.987,0.5,-0.9,1.0,-20.3,-4.7,0.986,19,5,0,0,5
130.0,20,isocontour,11.283791670955125,25548.18,53.76,14.7,-14.7,0.989,0.2,0.7,0.7,14.7,-14.7,0.988,20,1,0,0,1
130.0,21,isocontour,11.283791670955125,25941.86,54.59,-2.8,-18.7,1.1,2.5,-1.0,2.7,-2.8,-18.7,1.104,21,2,0,0,2
130.0,22,isocontour,11.283791670955125,27463.57,57.79,-18.7,-8.7,0.996,-0.5,-0.8,0.9,-18.7,-8.7,0.999,22,4,0,0,4
130.0,23,isocontour,11.283791670955125,26690.72,56.17,-20.7,1.1,0.991,0.7,-2.8,2.9,-20.7,1.1,0.987,23,5,0,0,5
130.0,24,isocontour,11.283791670955125,26806.97,56.41,4.2,-20.1,1.0,-0.4,2.2,2.2,4.2,-20.1,0.989,24,2,0,0,2
130.0,25,isocontour,11.283791670955125,26263.28,55.27,-19.1,4.7,1.051,-1.0,-0.7,1.2,-19.1,4.7,1.055,25,4,0,0,4
130.0,Target,,,,,0.0,0.0,4.023,0.0,0.0,,,,,,,,,
130.1,1,isocontour,11.283791670955125,21407.88,45.05,12.8,16.3,0.994,2.5,0.3,2.5,4.9,18.2,1.104,5,7,0,0,7
130.1,2,isocontour,11.283791670955125,21033.35,44.26,-3.7,20.3,0.995,2.6,1.2,2.9,4.9,18.2,1.104,5,7,0,0,7
130.1,3,isocontour,11.283791670955125,21354.77,44.94,4.9,20.0,0.997,0.4,-1.9,1.9,4.9,18.2,1.104,5,6,0,0,6
130.1,4,isocontour,11.283791670955125,26651.71,56.09,18.3,10.0,0.983,-0.4,3.6,3.6,16.7,10.5,1.052,10,3,0,0,3
130.1,5,isocontour,11.283791670955125,24472.57,51.5,4.8,18.2,1.104,-0.9,0.2,0.9,4.8,18.2,1.104,5,6,0,0,6
130.1,6,isocontour,11.283791670955125,26228.51,55.19,4.5,18.6,1.084,0.4,-1.9,1.9,4.9,18.2,1.104,5,6,0,0,6
130.1,7,isocontour,11.283791670955125,23669.66,49.81,-17.3,11.2,0.996,1.6,3.0,3.4,-11.0,16.2,1.06,15,5,0,0,5
130.1,8,isocontour,11.283791670955125,27149.89,57.13,4.0,18.6,1.095,0.7,-2.0,2.1,4.9,18.2,1.104,5,6,0,0,6
130.1,9,isocontour,11.283791670955125,24663.02,51.9,20.4,3.3,0.997,-0.2,1.2,1.2,16.7,10.5,1.052,10,3,0,0,3
130.1,10,isocontour,11.283791670955125,25670.01,54.02,16.5,10.6,1.058,-1.8,0.9,2.0,16.5,10.6,1.052,10,3,0,0,3
130.1,11,isocontour,11.283791670955125,27687.71,58.27,-17.2,-9.8,1.046,-1.1,0.3,1.1,-17.2,-9.8,1.049,11,3,0,0,3
130.1,12,isocontour,11.283791670955125,24270.58,51.07,-13.2,-16.2,0.983,-1.6,1.1,1.9,-2.8,-18.7,1.104,21,3,0,0,3
130.1,13,isocontour,11.283791670955125,23796.25,50.08,20.1,-4.8,0.994,-1.0,2.8,3.0,20.4,3.2,0.995,9,2,0,0,2
130.1,14,isocontour,11.283791670955125,25956.58,54.62,9.2,-17.6,1.04,-1.1,-0.2,1.1,9.2,-17.6,1.046,14,2,0,0,2
130.1,15,isocontour,11.283791670955125,20973.51,44.14,-10.9,16.3,1.058,0.8,0.9,1.2,-10.9,16.3,1.06,15,3,0,0,3
130.1,16,isocontour,11.283791670955125,40275.64,84.76,-20.4,3.8,0.991,0.9,2.8,2.9,-19.1,4.7,1.055,25,4,0,0,4
130.1,17,isocontour,11.283791670955125,22239.45,46.8,5.0,18.7,1.073,-2.4,-1.9,3.1,4.9,18.2,1.104,5,6,0,0,6
130.1,18,isocontour,11.283791670955125,27241.61,57.33,-11.7,17.3,0.986,1.3,-0.5,1.4,-11.0,16.2,1.06,15,3,0,0,3
130.1,19,isocontour,11.283791670955125,22911.56,48.21,-20.1,-4.6,0.998,2.2,1.3,2.6,-19.1,4.7,1.055,25,5,0,0,5
130.1,20,isocontour,11.283791670955125,25535.23,53.74,14.6,-14.8,0.988,-1.3,-1.7,2.1,9.2,-17.6,1.046,14,2,0,0,2
130.1,21,isocontour,11.283791670955125,25913.51,54.53,-2.5,-18.7,1.101,2.8,-0.0,2.8,-2.5,-18.7,1.104,21,2,0,0,2
130.1,22,isocontour,11.283791670955125,27446.5,57.76,-18.8,-8.9,0.988,-0.7,-2.3,2.4,-17.1,-9.8,1.049,11,4,0,0,4
130.1,23,isocontour,11.283791670955125,26681.45,56.15,-20.9,1.0,0.984,-1.8,-0.7,1.9,-19.1,4.7,1.055,25,5,0,0,5
130.1,24,isocontour,11.283791670955125,26806.53,56.41,4.3,-20.1,1.003,0.7,0.2,0.7,-2.8,-18.7,1.104,21,2,0,0,2
130.1,25,isocontour,11.283791670955125,26261.53,55.26,-19.1,4.8,1.051,0.4,1.0,1.1,-19.1,4.8,1.055,25,4,0,0,4
130.1,Target,,,,,0.0,0.0,4.023,0.0,0.0,,,,,,,,,
130.2,1,isocontour,11.283791670955125,21352.81,44.93,13.1,16.3,0.98,3.5,0.6,3.6,4.9,18.2,1.104,5,7,0,0,7
130.2,2,isocontour,11.283791670955125,21028.62,44.25,-3.7,20.5,0.988,-0.1,1.5,1.5,4.9,18.2,1.104,5,7,0,0,7
130.2,3,isocontour,11.283791670955125,21345.93,44.92,5.0,20.1,0.991,1.3,1.4,1.9,4.9,18.2,1.104,5,6,0,0,6
130.2,4,isocontour,11.283791670955125,26650.77,56.08,18.3,10.0,0.985,-0.3,-0.8,0.9,4.9,18.2,1.104,5,3,0,0,3
130.2,5,isocontour,11.283791670955125,24470.53,51.5,4.7,18.2,1.108,-1.1,-0.4,1.2,4.7,18.2,1.104,5,6,0,0,6
130.2,6,isocontour,11.283791670955125,26189.77,55.11,4.5,18.8,1.071,-0.6,3.1,3.2,4.9,18.2,1.104,5,6,0,0,6
130.2,7,isocontour,11.283791670955125,23664.64,49.8,-17.4,11.4,0.988,-1.3,0.8,1.5,-11.0,16.2,1.06,15,5,0,0,5
130.2,8,isocontour,11.283791670955125,27144.97,57.12,4.0,18.7,1.089,0.3,1.5,1.5,4.9,18.2,1.104,5,6,0,0,6
130.2,9,isocontour,11.283791670955125,24659.74,51.89,20.5,3.3,0.99,1.3,-0.2,1.3,16.5,10.6,1.058,10,3,0,0,3
130.2,10,isocontour,11.283791670955125,25667.86,54.01,16.6,10.5,1.056,1.0,-0.6,1.2,4.9,18.2,1.104,5,3,0,0,3
130.2,11,isocontour,11.283791670955125,27677.86,58.24,-17.2,-9.6,1.051,0.1,2.0,2.0,-2.8,-18.7,1.104,21,3,0,0,3
130.2,12,isocontour,11.283791670955125,24264.76,51.06,-13.3,-16.1,0.982,-1.4,0.9,1.7,-2.8,-18.7,1.104,21,3,0,0,3
130.2,13,isocontour,11.283791670955125,23795.84,50.08,20.1,-4.8,0.995,-0.1,-0.7,0.7,16.7,10.5,1.052,10,1,0,0,1
130.2,14,isocontour,11.283791670955125,25954.2,54.62,9.1,-17.7,1.041,-1.1,-0.4,1.2,-2.8,-18.7,1.104,21,2,0,0,2
130.2,15,isocontour,11.283791670955125,20963.05,44.11,-10.9,16.1,1.067,0.2,-2.0,2.0,4.9,18.2,1.104,5,3,0,0,3
130.2,16,isocontour,11.283791670955125,40260.23,84.72,-20.5,4.0,0.982,-1.5,1.7,2.3,-11.0,16.2,1.06,15,4,0,0,4
130.2,17,isocontour,11.283791670955125,22230.33,46.78,4.9,18.8,1.068,-0.8,1.7,1.9,4.9,18.2,1.104,5,6,0,0,6
130.2,18,isocontour,11.283791670955125,27237.4,57.32,-11.7,17.1,0.992,-0.2,-1.5,1.5,4.9,18.2,1.104,5,3,0,0,3
130.2,19,isocontour,11.283791670955125,22902.01,48.19,-20.0,-4.7,1.003,1.0,-1.6,1.9,-19.1,4.7,1.055,25,5,0,0,5
130.2,20,isocontour,11.283791670955125,25512.48,53.69,14.5,-15.0,0.987,-1.8,-1.9,2.6,9.2,-17.6,1.046,14,1,0,0,1
130.2,21,isocontour,11.283791670955125,25887.21,54.48,-2.3,-18.8,1.1,2.7,-0.6,2.8,-2.8,-18.7,1.104,21,2,0,0,2
130.2,22,isocontour,11.283791670955125,27431.29,57.73,-19.0,-9.0,0.976,-2.3,-0.3,2.3,-2.8,-18.7,1.104,21,4,0,0,4
130.2,23,isocontour,11.283791670955125,26678.84,56.14,-20.9,0.9,0.981,-0.4,-1.2,1.3,-11.0,16.2,1.06,15,5,0,0,5
130.2,24,isocontour,11.283791670955125,26797.96,56.39,4.4,-20.2,0.994,0.9,-1.6,1.8,-2.8,-18.7,1.104,21,2,0,0,2
130.2,25,isocontour,11.283791670955125,26256.22,55.25,-19.0,4.7,1.057,0.9,-1.3,1.6,-11.0,16.2,1.06,15,4,0,0,4
130.2,Target,,,,,0.0,0.0,4.023,0.0,0.0,,,,,,,,,
130.3,1,isocontour,11.283791670955125,21312.19,44.85,12.9,16.4,0.985,-3.1,0.7,3.2,4.7,18.2,1.108,5,7,0,0,7
130.3,2,isocontour,11.283791670955125,21028.28,44.25,-3.6,20.5,0.987,0.6,-0.1,0.6,4.7,18.2,1.108,5,7,0,0,7
130.3,3,isocontour,11.283791670955125,21333.33,44.89,5.2,20.3,0.981,1.5,1.5,2.1,4.7,18.2,1.108,5,6,0,0,6
130.3,4,isocontour,11.283791670955125,26634.13,56.05,18.4,9.8,0.985,1.1,-2.1,2.4,4.9,18.2,1.104,5,3,0,0,3
130.3,5,isocontour,11.283791670955125,24452.36,51.46,4.6,18.4,1.098,-0.8,2.3,2.4,4.6,18.4,1.108,5,6,0,0,6
130.3,6,isocontour,11.283791670955125,26156.65,55.04,4.4,19.1,1.055,-0.6,2.9,3.0,4.7,18.2,1.108,5,6,0,0,6
130.3,7,isocontour,11.283791670955125,23656.73,49.78,-17.4,11.5,0.985,0.6,1.7,1.8,4.9,18.2,1.104,5,5,0,0,5
130.3,8,isocontour,11.283791670955125,27105.1,57.04,3.8,18.8,1.086,-3.0,0.9,3.1,4.7,18.2,1.108,5,6,0,0,6
130.3,9,isocontour,11.283791670955125,24656.17,51.89,20.6,3.3,0.983,1.4,-0.2,1.4,4.9,18.2,1.104,5,3,0,0,3
130.3,10,isocontour,11.283791670955125,25659.95,54.0,16.7,10.4,1.051,1.6,-0.8,1.8,4.9,18.2,1.104,5,3,0,0,3
130.3,11,isocontour,11.283791670955125,27674.44,58.24,-17.3,-9.5,1.048,-1.2,0.7,1.4,-2.8,-18.7,1.104,21,4,0,0,4
130.3,12,isocontour,11.283791670955125,24263.7,51.06,-13.4,-16.0,0.984,-0.3,0.9,0.9,-2.8,-18.7,1.104,21,2,0,0,2
130.3,13,isocontour,11.283791670955125,23769.54,50.02,20.1,-5.0,0.993,-0.2,-2.7,2.7,16.5,10.6,1.058,10,1,0,0,1
130.3,14,isocontour,11.283791670955125,25951.06,54.61,8.9,-17.7,1.043,-1.3,-0.3,1.3,-2.8,-18.7,1.104,21,2,0,0,2
130.3,15,isocontour,11.283791670955125,20955.02,44.1,-10.8,16.2,1.061,0.2,1.8,1.8,4.9,18.2,1.104,5,3,0,0,3
130.3,16,isocontour,11.283791670955125,40228.76,84.66,-20.7,3.8,0.975,-1.7,-2.4,2.9,-11.0,16.2,1.06,15,4,0,0,4
130.3,17,isocontour,11.283791670955125,22226.12,46.77,5.0,18.9,1.06,0.9,1.2,1.5,4.7,18.2,1.108,5,6,0,0,6
130.3,18,isocontour,11.283791670955125,27235.31,57.31,-11.6,17.1,0.995,1.2,0.2,1.2,4.9,18.2,1.104,5,3,0,0,3
130.3,19,isocontour,11.283791670955125,22882.0,48.15,-20.1,-4.6,1.0,-1.3,2.1,2.5,-2.8,-18.7,1.104,21,5,0,0,5
130.3,20,isocontour,11.283791670955125,25474.1,53.61,14.2,-15.1,0.991,-2.8,-1.4,3.1,-2.8,-18.7,1.104,21,1,0,0,1
130.3,21,isocontour,11.283791670955125,25866.71,54.43,-2.0,-18.8,1.1,2.5,-0.3,2.5,-2.8,-18.7,1.104,21,1,0,0,1
130.3,22,isocontour,11.283791670955125,27430.5,57.72,-19.0,-8.9,0.977,0.2,0.8,0.8,-2.8,-18.7,1.104,21,4,0,0,4
130.3,23,isocontour,11.283791670955125,26649.88,56.08,-20.8,0.6,0.987,1.3,-2.5,2.8,-2.8,-18.7,1.104,21,6,0,0,6
130.3,24,isocontour,11.283791670955125,26787.35,56.37,4.4,-20.4,0.983,0.9,-1.8,2.0,-2.8,-18.7,1.104,21,2,0,0,2
130.3,25,isocontour,11.283791670955125,26250.61,55.24,-18.9,4.6,1.064,0.8,-1.4,1.6,-11.0,16.2,1.06,15,4,0,0,4
130.3,Target,,,,,0.0,0.0,4.023,0.0,0.0,,,,,,,,,
130.4,1,isocontour,11.283791670955125,21296.98,44.82,12.9,16.2,0.993,0.4,-2.2,2.2,4.7,18.2,1.108,5,7,0,0,7
130.4,2,isocontour,11.283791670955125,21007.05,44.21,-3.8,20.4,0.992,-2.2,-1.2,2.5,4.7,18.2,1.108,5,7,0,0,7
130.4,3,isocontour,11.283791670955125,21331.44,44.89,5.1,20.3,0.979,-1.1,0.2,1.1,4.7,18.2,1.108,5,6,0,0,6
130.4,4,isocontour,11.283791670955125,26615.28,56.01,18.2,9.8,0.996,-2.5,-0.1,2.5,4.7,18.2,1.108,5,3,0,0,3
130.4,5,isocontour,11.283791670955125,24435.51,51.42,4.5,18.5,1.089,-1.6,1.8,2.4,4.5,18.5,1.108,5,6,0,0,6
130.4,6,isocontour,11.283791670955125,26128.3,54.98,4.3,19.0,1.065,-1.8,-2.1,2.8,4.7,18.2,1.108,5,6,0,0,6
130.4,7,isocontour,11.283791670955125,23624.61,49.72,-17.2,11.7,0.989,2.3,1.8,2.9,4.9,18.2,1.104,5,4,0,0,4
130.4,8,isocontour,11.283791670955125,27071.99,56.97,4.0,18.8,1.08,2.9,0.5,2.9,4.7,18.2,1.108,5,6,0,0,6
130.4,9,isocontour,11.283791670955125,24647.33,51.87,20.7,3.1,0.983,-0.0,-1.9,1.9,4.9,18.2,1.104,5,3,0,0,3
130.4,10,isocontour,11.283791670955125,25647.18,53.97,16.9,10.4,1.042,2.1,-0.5,2.2,4.7,18.2,1.108,5,3,0,0,3
130.4,11,isocontour,11.283791670955125,27664.29,58.22,-17.3,-9.4,1.052,0.0,2.0,2.0,-2.8,-18.7,1.104,21,4,0,0,4
130.4,12,isocontour,11.283791670955125,24237.97,51.01,-13.5,-15.8,0.988,-1.6,2.2,2.7,-2.8,-18.7,1.104,21,2,0,0,2
130.4,13,isocontour,11.283791670955125,23742.08,49.96,20.1,-5.3,0.991,-0.3,-2.8,2.8,4.9,18.2,1.104,5,1,0,0,1
130.4,14,isocontour,11.283791670955125,25936.25,54.58,9.1,-17.7,1.039,2.3,0.2,2.3,-2.8,-18.7,1.104,21,3,0,0,3
130.4,15,isocontour,11.283791670955125,20947.97,44.08,-10.8,16.4,1.055,0.8,1.6,1.8,4.7,18.2,1.108,5,3,0,0,3
130.4,16,isocontour,11.283791670955125,40204.13,84.6,-20.7,3.6,0.977,0.2,-2.7,2.7,4.9,18.2,1.104,5,4,0,0,4
130.4,17,isocontour,11.283791670955125,22194.97,46.71,4.7,19.0,1.061,-2.9,0.3,2.9,4.7,18.2,1.108,5,6,0,0,6
130.4,18,isocontour,11.283791670955125,27218.66,57.28,-11.4,17.3,0.991,1.3,2.0,2.4,4.7,18.2,1.108,5,3,0,0,3
130.4,19,isocontour,11.283791670955125,22854.53,48.09,-20.1,-4.8,0.995,-0.4,-2.8,2.8,-2.8,-18.7,1.104,21,5,0,0,5
130.4,20,isocontour,11.283791670955125,25471.79,53.6,14.0,-15.1,0.996,-1.2,-0.0,1.2,-2.8,-18.7,1.104,21,2,0,0,2
130.4,21,isocontour,11.283791670955125,25858.14,54.42,-1.8,-18.7,1.105,1.7,0.8,1.9,-2.8,-18.7,1.104,21,2,0,0,2
130.4,22,isocontour,11.283791670955125,27428.24,57.72,-19.0,-8.8,0.981,0.5,1.1,1.2,-2.8,-18.7,1.104,21,4,0,0,4
130.4,23,isocontour,11.283791670955125,26618.73,56.02,-20.7,0.4,0.991,0.4,-2.9,2.9,-2.8,-18.7,1.104,21,5,0,0,5
130.4,24,isocontour,11.283791670955125,26786.35,56.37,4.4,-20.5,0.979,-0.5,-0.7,0.9,-2.8,-18.7,1.104,21,3,0,0,3
130.4,25,isocontour,11.283791670955125,26249.74,55.24,-19.0,4.5,1.064,-0.3,-0.8,0.9,4.9,18.2,1.104,5,4,0,0,4
130.4,Target,,,,,0.0,0.0,4.023,0.0,0.0,,,,,,,,,
130.5,1,isocontour,11.283791670955125,21265.18,44.75,12.8,16.4,0.99,-1.6,2.5,3.0,4.7,18.2,1.108,5,7,0,0,7
130.5,2,isocontour,11.283791670955125,20971.19,44.13,-3.6,20.4,0.992,3.0,0.7,3.1,4.7,18.2,1.108,5,7,0,0,7
130.5,3,isocontour,11.283791670955125,21319.87,44.87,5.2,20.2,0.988,0.7,-1.9,2.0,4.7,18.2,1.108,5,6,0,0,6
130.5,4,isocontour,11.283791670955125,26613.88,56.01,18.2,9.7,1.0,0.1,-1.0,1.0,4.7,18.2,1.108,5,3,0,0,3
130.5,5,isocontour,11.283791670955125,24354.77,51.25,4.7,18.4,1.094,3.4,-2.0,3.9,4.7,18.4,1.108,5,6,0,0,6
130.5,6,isocontour,11.283791670955125,26117.69,54.96,4.4,19.0,1.062,2.0,0.5,2.1,4.7,18.2,1.108,5,6,0,0,6
130.5,7,isocontour,11.283791670955125,23607.54,49.68,-16.9,11.8,0.997,2.3,0.5,2.4,4.7,18.2,1.108,5,4,0,0,4
130.5,8,isocontour,11.283791670955125,27064.83,56.95,4.1,18.7,1.083,1.3,-1.2,1.8,4.7,18.2,1.108,5,6,0,0,6
130.5,9,isocontour,11.283791670955125,24613.88,51.8,20.5,3.3,0.988,-1.4,2.6,3.0,4.7,18.2,1.108,5,3,0,0,3
130.5,10,isocontour,11.283791670955125,25645.03,53.97,16.9,10.5,1.04,-0.4,1.1,1.2,4.7,18.2,1.108,5,3,0,0,3
130.5,11,isocontour,11.283791670955125,27652.88,58.19,-17.3,-9.2,1.059,0.2,2.1,2.1,-2.8,-18.7,1.104,21,4,0,0,4
130.5,12,isocontour,11.283791670955125,24214.69,50.96,-13.6,-15.6,0.996,-0.6,2.6,2.7,-2.8,-18.7,1.104,21,2,0,0,2
130.5,13,isocontour,11.283791670955125,23740.98,49.96,20.1,-5.4,0.989,0.1,-0.9,0.9,4.9,18.2,1.104,5,1,0,0,1
130.5,14,isocontour,11.283791670955125,25927.54,54.56,9.2,-17.6,1.043,0.9,1.7,1.9,-1.8,-18.7,1.105,21,3,0,0,3
130.5,15,isocontour,11.283791670955125,20921.1,44.03,-10.5,16.5,1.058,2.6,0.9,2.8,4.7,18.2,1.108,5,3,0,0,3
130.5,16,isocontour,11.283791670955125,40177.83,84.55,-20.6,3.3,0.984,0.9,-2.6,2.8,4.9,18.2,1.104,5,4,0,0,4
130.5,17,isocontour,11.283791670955125,22105.47,46.52,5.0,18.8,1.063,3.9,-1.5,4.2,4.7,18.2,1.108,5,6,0,0,6
130.5,18,isocontour,11.283791670955125,27169.03,57.17,-11.7,17.4,0.981,-3.4,0.3,3.4,4.7,18.2,1.108,5,3,0,0,3
130.5,19,isocontour,11.283791670955125,22733.42,47.84,-20.1,-5.2,0.988,-0.2,-4.6,4.6,-2.8,-18.7,1.104,21,5,0,0,5
130.5,20,isocontour,11.283791670955125,25467.49,53.59,14.1,-15.0,0.999,0.6,1.3,1.4,-2.8,-18.7,1.104,21,2,0,0,2
130.5,21,isocontour,11.283791670955125,25831.84,54.36,-1.6,-18.7,1.106,2.7,-0.3,2.7,-1.6,-18.7,1.105,21,2,0,0,2
130.5,22,isocontour,11.283791670955125,27402.22,57.66,-18.9,-8.6,0.99,0.5,2.7,2.7,-2.8,-18.7,1.104,21,4,0,0,4
130.5,23,isocontour,11.283791670955125,26591.56,55.96,-20.7,0.6,0.991,-0.0,2.8,2.8,-2.8,-18.7,1.104,21,5,0,0,5
130.5,24,isocontour,11.283791670955125,26784.87,56.37,4.4,-20.4,0.982,0.4,0.9,1.0,-1.8,-18.7,1.105,21,3,0,0,3
130.5,25,isocontour,11.283791670955125,26227.24,55.19,-19.0,4.2,1.067,-0.0,-2.6,2.6,4.9,18.2,1.104,5,4,0,0,4
130.5,Target,,,,,0.0,0.0,4.023,0.0,0.0,,,,,,,,,
130.6,1,isocontour,11.283791670955125,21213.78,44.64,13.0,16.2,0.991,2.5,-2.4,3.5,4.7,18.2,1.108,5,7,0,0,7
130.6,2,isocontour,11.283791670955125,20943.43,44.07,-3.4,20.6,0.982,1.7,2.2,2.8,4.7,18.2,1.108,5,7,0,0,7
130.6,3,isocontour,11.283791670955125,21315.4,44.86,5.1,20.0,0.996,-0.4,-1.5,1.6,4.7,18.2,1.108,5,6,0,0,6
130.6,4,isocontour,11.283791670955125,26612.98,56.0,18.2,9.8,0.996,0.6,0.6,0.8,4.7,18.2,1.108,5,3,0,0,3
130.6,5,isocontour,11.283791670955125,24311.8,51.16,4.5,18.3,1.101,-3.2,-0.4,3.2,4.5,18.3,1.108,5,6,0,0,6
130.6,6,isocontour,11.283791670955125,26115.08,54.96,4.5,19.1,1.055,0.5,1.2,1.3,4.7,18.2,1.108,5,6,0,0,6
130.6,7,isocontour,11.283791670955125,23606.48,49.68,-16.9,11.7,1.0,-0.2,-0.9,0.9,4.7,18.2,1.108,5,4,0,0,4
130.6,8,isocontour,11.283791670955125,27064.67,56.95,4.1,18.7,1.082,0.1,0.5,0.5,4.7,18.2,1.108,5,6,0,0,6
130.6,9,isocontour,11.283791670955125,24595.49,51.76,20.5,3.6,0.987,0.0,2.4,2.4,4.7,18.2,1.108,5,3,0,0,3
130.6,10,isocontour,11.283791670955125,25644.6,53.97,17.0,10.5,1.038,0.6,-0.3,0.7,4.7,18.2,1.108,5,3,0,0,3
130.6,11,isocontour,11.283791670955125,27619.77,58.12,-17.1,-9.3,1.062,1.7,-2.4,2.9,-2.8,-18.7,1.104,21,4,0,0,4
130.6,12,isocontour,11.283791670955125,24213.03,50.95,-13.5,-15.5,1.002,1.0,0.5,1.1,-2.8,-18.7,1.104,21,2,0,0,2
130.6,13,isocontour,11.283791670955125,23740.07,49.96,20.1,-5.5,0.988,-0.1,-0.9,0.9,4.7,18.2,1.108,5,1,0,0,1
130.6,14,isocontour,11.283791670955125,25908.0,54.52,9.4,-17.4,1.048,1.8,1.7,2.5,-1.6,-18.7,1.106,21,3,0,0,3
130.6,15,isocontour,11.283791670955125,20898.6,43.98,-10.7,16.4,1.06,-2.0,-1.6,2.6,4.7,18.2,1.108,5,3,0,0,3
130.6,16,isocontour,11.283791670955125,40175.4,84.54,-20.5,3.4,0.989,0.9,0.8,1.2,4.7,18.2,1.108,5,4,0,0,4
130.6,17,isocontour,11.283791670955125,22075.89,46.46,4.9,19.0,1.054,-1.6,2.4,2.9,4.7,18.2,1.108,5,6,0,0,6
130.6,18,isocontour,11.283791670955125,27163.11,57.16,-11.9,17.4,0.973,-1.6,0.6,1.7,4.7,18.2,1.108,5,3,0,0,3
130.6,19,isocontour,11.283791670955125,22675.5,47.72,-20.2,-5.0,0.987,-0.8,3.5,3.6,-2.8,-18.7,1.104,21,5,0,0,5
130.6,20,isocontour,11.283791670955125,25449.77,53.56,14.3,-15.0,0.994,2.3,0.6,2.4,-1.8,-18.7,1.105,21,2,0,0,2
130.6,21,isocontour,11.283791670955125,25805.83,54.31,-1.3,-18.8,1.106,2.7,-0.2,2.7,-1.3,-18.8,1.106,21,2,0,0,2
130.6,22,isocontour,11.283791670955125,27398.01,57.66,-18.8,-8.5,0.997,1.5,-0.3,1.5,-2.8,-18.7,1.104,21,4,0,0,4
130.6,23,isocontour,11.283791670955125,26580.95,55.94,-20.9,0.7,0.982,-1.7,1.1,2.0,-2.8,-18.7,1.104,21,5,0,0,5
130.6,24,isocontour,11.283791670955125,26782.83,56.36,4.5,-20.3,0.988,0.4,1.1,1.2,-1.6,-18.7,1.106,21,3,0,0,3
130.6,25,isocontour,11.283791670955125,26193.46,55.12,-18.9,4.5,1.066,0.5,2.9,2.9,4.7,18.2,1.108,5,4,0,0,4
130.6,Target,,,,,0.0,0.0,4.023,0.0,0.0,,,,,,,,,
130.7,1,isocontour,11.283791670955125,21205.21,44.62,13.1,16.2,0.983,1.7,0.7,1.8,4.7,18.2,1.108,5,7,0,0,7
130.7,2,isocontour,11.283791670955125,20942.19,44.07,-3.4,20.7,0.976,-0.4,0.9,1.0,4.7,18.2,1.108,5,7,0,0,7
130.7,3,isocontour,11.283791670955125,21297.01,44.82,4.9,20.0,1.001,-2.4,-0.1,2.4,4.7,18.2,1.108,5,6,0,0,6
130.7,4,isocontour,11.283791670955125,26520.86,55.81,18.5,9.5,0.988,3.1,-2.8,4.2,4.7,18.2,1.108,5,3,0,0,3
130.7,5,isocontour,11.283791670955125,24310.28,51.16,4.5,18.4,1.098,0.7,0.8,1.1,4.5,18.4,1.108,5,6,0,0,6
130.7,6,isocontour,11.283791670955125,26106.23,54.94,4.5,19.3,1.045,0.5,1.8,1.9,4.7,18.2,1.108,5,6,0,0,6
130.7,7,isocontour,11.283791670955125,23605.66,49.68,-17.0,11.6,0.999,-0.7,-0.5,0.9,4.7,18.2,1.108,5,4,0,0,4
130.7,8,isocontour,11.283791670955125,27063.28,56.95,4.1,18.7,1.087,-0.2,-1.0,1.0,4.7,18.2,1.108,5,6,0,0,6
130.7,9,isocontour,11.283791670955125,24560.34,51.68,20.4,3.8,0.991,-1.4,2.7,3.0,4.7,18.2,1.108,5,3,0,0,3
130.7,10,isocontour,11.283791670955125,25633.84,53.94,17.1,10.3,1.035,1.5,-1.4,2.1,4.7,18.2,1.108,5,3,0,0,3
130.7,11,isocontour,11.283791670955125,27584.96,58.05,-17.0,-9.6,1.059,0.9,-2.9,3.0,-2.8,-18.7,1.104,21,4,0,0,4
130.7,12,isocontour,11.283791670955125,24182.52,50.89,-13.4,-15.7,0.999,1.7,-2.3,2.9,-2.8,-18.7,1.104,21,2,0,0,2
130.7,13,isocontour,11.283791670955125,23712.02,49.9,19.9,-5.7,0.991,-1.3,-2.5,2.8,4.7,18.2,1.108,5,2,0,0,2
130.7,14,isocontour,11.283791670955125,25905.85,54.52,9.5,-17.3,1.051,0.6,1.0,1.2,-1.6,-18.7,1.106,21,3,0,0,3
130.7,15,isocontour,11.283791670955125,20897.08,43.98,-10.8,16.3,1.059,-1.0,-0.3,1.0,4.7,18.2,1.108,5,3,0,0,3
130.7,16,isocontour,11.283791670955125,40172.19,84.54,-20.4,3.4,0.993,1.0,0.9,1.3,4.7,18.2,1.108,5,4,0,0,4
130.7,17,isocontour,11.283791670955125,21951.58,46.19,5.3,19.0,1.051,4.5,-0.8,4.6,4.7,18.2,1.108,5,6,0,0,6
130.7,18,isocontour,11.283791670955125,27160.24,57.16,-11.9,17.3,0.977,-0.1,-1.3,1.3,4.7,18.2,1.108,5,3,0,0,3
130.7,19,isocontour,11.283791670955125,22668.92,47.7,-20.1,-4.9,0.995,1.7,0.1,1.7,4.7,18.2,1.108,5,5,0,0,5
130.7,20,isocontour,11.283791670955125,25448.7,53.55,14.4,-14.9,0.991,0.9,0.3,0.9,4.7,18.2,1.108,5,3,0,0,3
130.7,21,isocontour,11.283791670955125,25805.4,54.3,-1.2,-18.8,1.105,0.6,-0.2,0.6,-1.6,-18.7,1.106,21,2,0,0,2
130.7,22,isocontour,11.283791670955125,27392.99,57.65,-18.8,-8.4,1.001,0.0,1.6,1.6,-2.8,-18.7,1.104,21,4,0,0,4
130.7,23,isocontour,11.283791670955125,26558.97,55.89,-21.0,0.5,0.976,-1.1,-2.3,2.5,4.7,18.2,1.108,5,5,0,0,5
130.7,24,isocontour,11.283791670955125,26759.28,56.31,4.7,-20.2,0.993,2.1,1.6,2.6,-1.6,-18.7,1.106,21,3,0,0,3
130.7,25,isocontour,11.283791670955125,26187.22,55.11,-18.8,4.6,1.07,1.2,1.2,1.7,4.7,18.2,1.108,5,4,0,0,4
130.7,Target,,,,,0.0,0.0,4.023,0.0,0.0,,,,,,,,,
130.8,1,isocontour,11.283791670955125,21164.2,44.54,13.1,16.5,0.972,-0.6,3.1,3.2,4.7,18.2,1.108,5,7,0,0,7
130.8,2,isocontour,11.283791670955125,20939.39,44.06,-3.3,20.7,0.979,1.2,-0.5,1.3,4.7,18.2,1.108,5,7,0,0,7
130.8,3,isocontour,11.283791670955125,21291.8,44.81,4.9,20.1,0.994,-0.0,1.6,1.6,4.7,18.2,1.108,5,6,0,0,6
130.8,4,isocontour,11.283791670955125,26519.73,55.81,18.6,9.5,0.983,0.9,0.1,0.9,4.7,18.2,1.108,5,3,0,0,3
130.8,5,isocontour,11.283791670955125,24278.48,51.09,4.8,18.4,1.092,2.9,0.1,2.9,4.8,18.4,1.108,5,6,0,0,6
130.8,6,isocontour,11.283791670955125,26091.22,54.91,4.7,19.4,1.037,2.2,0.6,2.3,4.7,18.2,1.108,5,6,0,0,6
130.8,7,isocontour,11.283791670955125,23593.24,49.65,-17.1,11.8,0.99,-1.2,1.7,2.1,4.7,18.2,1.108,5,4,0,0,4
130.8,8,isocontour,11.283791670955125,27041.55,56.91,4.2,18.9,1.074,0.8,2.5,2.6,4.7,18.2,1.108,5,6,0,0,6
130.8,9,isocontour,11.283791670955125,24558.34,51.68,20.4,4.0,0.991,-0.1,1.2,1.2,4.7,18.2,1.108,5,3,0,0,3
130.8,10,isocontour,11.283791670955125,25631.22,53.94,17.1,10.2,1.039,-0.2,-1.2,1.2,4.7,18.2,1.108,5,3,0,0,3
130.8,11,isocontour,11.283791670955125,27583.83,58.05,-17.0,-9.7,1.057,0.3,-0.9,0.9,4.7,18.2,1.108,5,4,0,0,4
130.8,12,isocontour,11.283791670955125,24045.72,50.6,-13.1,-16.0,0.993,2.8,-3.9,4.8,-2.8,-18.7,1.104,21,2,0,0,2
130.8,13,isocontour,11.283791670955125,23703.04,49.88,20.1,-5.7,0.985,1.6,1.0,1.9,4.7,18.2,1.108,5,2,0,0,2
130.8,14,isocontour,11.283791670955125,25903.9,54.51,9.4,-17.3,1.053,-1.1,-0.3,1.1,4.7,18.2,1.108,5,3,0,0,3
130.8,15,isocontour,11.283791670955125,20885.0,43.95,-10.9,16.2,1.065,-0.8,-2.0,2.2,4.7,18.2,1.108,5,3,0,0,3
130.8,16,isocontour,11.283791670955125,40165.5,84.52,-20.5,3.6,0.987,-1.3,1.1,1.7,4.7,18.2,1.108,5,4,0,0,4
130.8,17,isocontour,11.283791670955125,21946.47,46.18,5.4,19.1,1.042,0.2,1.6,1.6,4.7,18.2,1.108,5,6,0,0,6
130.8,18,isocontour,11.283791670955125,27159.14,57.15,-12.0,17.2,0.977,-0.8,-0.6,1.0,4.7,18.2,1.108,5,3,0,0,3
130.8,19,isocontour,11.283791670955125,22668.31,47.7,-20.1,-5.0,0.994,-0.3,-0.7,0.8,4.7,18.2,1.108,5,5,0,0,5
130.8,20,isocontour,11.283791670955125,25412.49,53.48,14.7,-14.9,0.983,3.0,0.6,3.1,4.7,18.2,1.108,5,3,0,0,3
130.8,21,isocontour,11.283791670955125,25784.42,54.26,-1.0,-18.8,1.104,2.5,-0.3,2.5,-1.6,-18.7,1.106,21,2,0,0,2
130.8,22,isocontour,11.283791670955125,27363.42,57.58,-19.0,-8.5,0.988,-2.7,-0.7,2.8,4.7,18.2,1.108,5,4,0,0,4
130.8,23,isocontour,11.283791670955125,26558.0,55.89,-21.0,0.4,0.978,0.6,-0.7,0.9,4.7,18.2,1.108,5,5,0,0,5
130.8,24,isocontour,11.283791670955125,26750.3,56.29,4.5,-20.1,0.997,-1.9,0.2,1.9,4.7,18.2,1.108,5,3,0,0,3
130.8,25,isocontour,11.283791670955125,26182.39,55.1,-18.7,4.7,1.075,1.1,1.1,1.6,4.7,18.2,1.108,5,4,0,0,4
130.8,Target,,,,,0.0,0.0,4.023,0.0,0.0,,,,,,,,,
130.9,1,isocontour,11.283791670955125,21126.56,44.46,12.9,16.6,0.978,-3.1,0.2,3.1,4.7,18.2,1.108,5,7,0,0,7
130.9,2,isocontour,11.283791670955125,20901.01,43.98,-3.0,20.7,0.984,3.1,-0.5,3.1,4.7,18.2,1.108,5,7,0,0,7
130.9,3,isocontour,11.283791670955125,21284.52,44.79,5.0,20.2,0.987,1.5,1.0,1.8,4.7,18.2,1.108,5,6,0,0,6
130.9,4,isocontour,11.283791670955125,26518.76,55.81,18.7,9.4,0.982,0.5,-0.8,0.9,4.7,18.2,1.108,5,3,0,0,3
130.9,5,isocontour,11.283791670955125,24269.92,51.07,4.7,18.5,1.086,-1.2,1.4,1.8,4.7,18.5,1.108,5,6,0,0,6
130.9,6,isocontour,11.283791670955125,26085.19,54.89,4.7,19.5,1.028,-0.1,1.7,1.7,4.7,18.2,1.108,5,6,0,0,6
130.9,7,isocontour,11.283791670955125,23578.61,49.62,-17.1,11.6,0.993,-0.3,-2.2,2.2,4.7,18.2,1.108,5,4,0,0,4
130.9,8,isocontour,11.283791670955125,27020.81,56.86,4.4,19.0,1.062,2.0,1.5,2.5,4.7,18.2,1.108,5,6,0,0,6
130.9,9,isocontour,11.283791670955125,24557.24,51.68,20.4,3.9,0.988,0.7,-0.6,0.9,4.7,18.2,1.108,5,3,0,0,3
130.9,10,isocontour,11.283791670955125,25609.74,53.89,17.2,10.0,1.041,1.0,-2.4,2.6,4.7,18.2,1.108,5,3,0,0,3
130.9,11,isocontour,11.283791670955125,27555.77,57.99,-17.1,-9.5,1.058,-1.3,2.5,2.8,4.7,18.2,1.108,5,4,0,0,4
130.9,12,isocontour,11.283791670955125,24041.25,50.59,-13.1,-16.2,0.987,0.1,-1.5,1.5,4.7,18.2,1.108,5,2,0,0,2
130.9,13,isocontour,11.283791670955125,23674.68,49.82,20.1,-5.4,0.984,0.7,2.7,2.8,4.7,18.2,1.108,5,2,0,0,2
130.9,14,isocontour,11.283791670955125,25889.47,54.48,9.2,-17.3,1.058,-2.2,-0.0,2.2,4.7,18.2,1.108,5,3,0,0,3
130.9,15,isocontour,11.283791670955125,20867.06,43.91,-11.0,16.0,1.07,-1.4,-1.9,2.4,4.7,18.2,1.108,5,3,0,0,3
130.9,16,isocontour,11.283791670955125,40165.09,84.52,-20.6,3.6,0.984,-0.3,0.6,0.7,4.7,18.2,1.108,5,4,0,0,4
130.9,17,isocontour,11.283791670955125,21939.66,46.17,5.3,19.2,1.036,-1.0,1.4,1.7,4.7,18.2,1.108,5,6,0,0,6
130.9,18,isocontour,11.283791670955125,27132.55,57.1,-12.0,17.0,0.989,0.3,-2.7,2.7,4.7,18.2,1.108,5,3,0,0,3
130.9,19,isocontour,11.283791670955125,22663.0,47.69,-20.2,-4.9,0.987,-1.6,0.3,1.6,4.7,18.2,1.108,5,5,0,0,5
130.9,20,isocontour,11.283791670955125,25327.45,53.3,14.9,-14.6,0.987,2.0,3.5,4.0,4.7,18.2,1.108,5,2,0,0,2
130.9,21,isocontour,11.283791670955125,25758.4,54.21,-0.7,-18.8,1.103,2.7,-0.2,2.7,4.7,18.2,1.108,5,2,0,0,2
130.9,22,isocontour,11.283791670955125,27331.29,57.52,-19.0,-8.7,0.985,1.0,-2.8,3.0,4.7,18.2,1.108,5,4,0,0,4
130.9,23,isocontour,11.283791670955125,26533.65,55.84,-20.9,0.2,0.982,0.7,-2.6,2.7,4.7,18.2,1.108,5,5,0,0,5
130.9,24,isocontour,11.283791670955125,26743.84,56.28,4.6,-20.2,0.991,1.1,-1.3,1.7,4.7,18.2,1.108,5,2,0,0,2
130.9,25,isocontour,11.283791670955125,26181.86,55.1,-18.7,4.7,1.076,-0.2,-0.7,0.7,4.7,18.2,1.108,5,4,0,0,4
130.9,Target,,,,,0.0,0.0,4.023,0.0,0.0,,,,,,,,,
131.0,1,isocontour,11.283791670955125,21120.32,44.45,12.7,16.5,0.987,-1.5,-0.7,1.7,4.7,18.2,1.108,5,7,0,0,7
131.0,2,isocontour,11.283791670955125,20896.37,43.97,-2.9,20.5,0.992,0.4,-1.5,1.6,4.7,18.2,1.108,5,7,0,0,7
131.0,3,isocontour,11.283791670955125,21284.37,44.79,5.0,20.2,0.986,-0.5,-0.1,0.5,4.7,18.2,1.108,5,6,0,0,6
131.0,4,isocontour,11.283791670955125,26499.22,55.76,18.8,9.2,0.983,0.9,-2.3,2.5,4.7,18.2,1.108,5,3,0,0,3
131.0,5,isocontour,11.283791670955125,24261.21,51.05,4.7,18.7,1.075,0.3,1.9,1.9,4.7,18.7,1.108,5,6,0,0,6
131.0,6,isocontour,11.283791670955125,26072.77,54.87,4.6,19.6,1.027,-2.1,0.5,2.2,4.7,18.2,1.108,5,6,0,0,6
131.0,7,isocontour,11.283791670955125,23577.68,49.62,-17.2,11.5,0.994,-0.4,-0.8,0.9,4.7,18.2,1.108,5,4,0,0,4
131.0,8,isocontour,11.283791670955125,27014.12,56.85,4.3,19.2,1.053,-0.6,1.6,1.7,4.7,18.2,1.108,5,6,0,0,6
131.0,9,isocontour,11.283791670955125,24555.4,51.67,20.4,4.0,0.988,-0.2,1.1,1.1,4.7,18.2,1.108,5,3,0,0,3
131.0,10,isocontour,11.283791670955125,25592.67,53.86,17.2,9.8,1.045,0.4,-2.3,2.3,4.7,18.2,1.108,5,3,0,0,3
131.0,11,isocontour,11.283791670955125,27554.07,57.98,-17.1,-9.4,1.06,-0.1,1.1,1.1,4.7,18.2,1.108,5,4,0,0,4
131.0,12,isocontour,11.283791670955125,24040.59,50.59,-13.1,-16.3,0.982,-0.7,-0.3,0.8,4.7,18.2,1.108,5,2,0,0,2
131.0,13,isocontour,11.283791670955125,23663.43,49.8,20.0,-5.4,0.993,-2.0,-0.3,2.0,4.7,18.2,1.108,5,2,0,0,2
131.0,14,isocontour,11.283791670955125,25880.77,54.46,9.0,-17.4,1.06,-1.7,-0.8,1.9,4.7,18.2,1.108,5,3,0,0,3
131.0,15,isocontour,11.283791670955125,20853.19,43.88,-11.2,15.9,1.065,-2.2,-0.2,2.2,4.7,18.2,1.108,5,3,0,0,3
131.0,16,isocontour,11.283791670955125,40137.92,84.47,-20.4,3.8,0.988,1.5,2.3,2.7,4.7,18.2,1.108,5,4,0,0,4
131.0,17,isocontour,11.283791670955125,21938.01,46.17,5.2,19.3,1.035,-1.0,0.3,1.0,4.7,18.2,1.108,5,6,0,0,6
131.0,18,isocontour,11.283791670955125,27126.95,57.09,-12.0,16.8,0.997,-0.1,-1.6,1.6,4.7,18.2,1.108,5,3,0,0,3
131.0,19,isocontour,11.283791670955125,22660.8,47.69,-20.3,-4.8,0.987,-0.0,1.2,1.2,4.7,18.2,1.108,5,5,0,0,5
131.0,20,isocontour,11.283791670955125,25299.39,53.24,14.7,-14.5,0.995,-2.8,-0.5,2.8,4.7,18.2,1.108,5,2,0,0,2
131.0,21,isocontour,11.283791670955125,25732.1,54.15,-0.4,-18.8,1.103,2.7,-0.1,2.7,4.7,18.2,1.108,5,2,0,0,2
131.0,22,isocontour,11.283791670955125,27301.41,57.45,-18.8,-8.9,0.99,2.2,-1.9,2.9,4.7,18.2,1.108,5,4,0,0,4
131.0,23,isocontour,11.283791670955125,26509.57,55.79,-20.8,-0.1,0.986,0.8,-2.5,2.6,4.7,18.2,1.108,5,5,0,0,5
131.0,24,isocontour,11.283791670955125,26739.28,56.27,4.7,-20.4,0.983,1.0,-1.2,1.6,4.7,18.2,1.108,5,2,0,0,2
131.0,25,isocontour,11.283791670955125,26181.4,55.1,-18.8,4.6,1.073,-0.7,-0.2,0.7,4.7,18.2,1.108,5,4,0,0,4
131.0,Target,,,,,0.0,0.0,4.023,0.0,0.0,,,,,,,,,
131.1,1,isocontour,11.283791670955125,21087.87,44.38,12.4,16.5,0.997,-2.9,-0.1,2.9,4.7,18.2,1.108,5,7,0,0,7
131.1,2,isocontour,11.283791670955125,20872.29,43.92,-2.7,20.5,0.995,2.7,-0.0,2.7,4.7,18.2,1.108,5,7,0,0,7
131.1,3,isocontour,11.283791670955125,21255.1,44.73,4.8,20.1,0.996,-2.5,-1.4,2.9,4.7,18.2,1.108,5,6,0,0,6
131.1,4,isocontour,11.283791670955125,26466.44,55.7,18.6,9.3,0.99,-2.5,1.6,3.0,4.7,18.2,1.108,5,3,0,0,3
131.1,5,isocontour,11.283791670955125,24258.83,51.05,4.7,18.8,1.069,-0.6,1.0,1.2,4.7,18.8,1.108,5,6,0,0,6
131.1,6,isocontour,11.283791670955125,26070.83,54.86,4.5,19.7,1.021,0.1,1.1,1.1,4.7,18.2,1.108,5,6,0,0,6
131.1,7,isocontour,11.283791670955125,23553.33,49.57,-17.4,11.6,0.982,-2.6,0.6,2.7,4.7,18.2,1.108,5,4,0,0,4
131.1,8,isocontour,11.283791670955125,26940.41,56.69,4.0,19.1,1.062,-3.6,-1.4,3.9,4.7,18.2,1.108,5,6,0,0,6
131.1,9,isocontour,11.283791670955125,24535.14,51.63,20.4,3.8,0.99,0.0,-2.5,2.5,4.7,18.2,1.108,5,3,0,0,3
131.1,10,isocontour,11.283791670955125,25572.66,53.81,17.3,9.9,1.035,1.2,2.2,2.5,4.7,18.2,1.108,5,3,0,0,3
131.1,11,isocontour,11.283791670955125,27526.31,57.93,-17.3,-9.2,1.06,-1.5,2.4,2.8,4.7,18.2,1.108,5,4,0,0,4
131.1,12,isocontour,11.283791670955125,24020.34,50.55,-13.3,-16.1,0.981,-2.0,1.5,2.5,4.7,18.2,1.108,5,2,0,0,2
131.1,13,isocontour,11.283791670955125,23635.08,49.74,20.1,-5.2,0.991,1.4,2.4,2.8,4.7,18.2,1.108,5,2,0,0,2
131.1,14,isocontour,11.283791670955125,25859.29,54.42,9.2,-17.3,1.057,2.5,0.6,2.6,4.7,18.2,1.108,5,3,0,0,3
131.1,15,isocontour,11.283791670955125,20827.46,43.83,-11.4,16.0,1.052,-2.4,1.4,2.8,4.7,18.2,1.108,5,3,0,0,3
131.1,16,isocontour,11.283791670955125,40102.42,84.39,-20.3,4.1,0.992,1.2,2.8,3.0,4.7,18.2,1.108,5,4,0,0,4
131.1,17,isocontour,11.283791670955125,21904.56,46.1,4.9,19.3,1.039,-3.0,-0.2,3.0,4.7,18.2,1.108,5,6,0,0,6
131.1,18,isocontour,11.283791670955125,27125.46,57.08,-12.0,16.9,0.993,-0.6,0.9,1.1,4.7,18.2,1.108,5,3,0,0,3
131.1,19,isocontour,11.283791670955125,22656.91,47.68,-20.2,-4.7,0.993,1.1,0.9,1.4,4.7,18.2,1.108,5,5,0,0,5
131.1,20,isocontour,11.283791670955125,25271.64,53.18,14.5,-14.7,0.995,-1.6,-2.3,2.8,4.7,18.2,1.108,5,2,0,0,2
131.1,21,isocontour,11.283791670955125,25705.8,54.09,-0.2,-18.8,1.103,2.7,-0.1,2.7,4.7,18.2,1.108,5,2,0,0,2
131.1,22,isocontour,11.283791670955125,27278.65,57.4,-18.5,-9.0,0.997,2.2,-1.3,2.6,4.7,18.2,1.108,5,4,0,0,4
131.1,23,isocontour,11.283791670955125,26508.05,55.78,-20.7,-0.2,0.991,0.8,-0.6,1.0,4.7,18.2,1.108,5,5,0,0,5
131.1,24,isocontour,11.283791670955125,26732.59,56.26,4.9,-20.3,0.983,1.6,0.7,1.7,4.7,18.2,1.108,5,2,0,0,2
131.1,25,isocontour,11.283791670955125,26169.83,55.07,-18.9,4.7,1.062,-1.7,1.2,2.1,4.7,18.2,1.108,5,4,0,0,4
131.1,Target,,,,,0.0,0.0,4.023,0.0,0.0,,,,,,,,,
131.2,1,isocontour,11.283791670955125,21086.3,44.37,12.4,16.4,1.0,0.5,-0.9,1.0,4.7,18.2,1.108,5,7,0,0,7
131.2,2,isocontour,11.283791670955125,20850.56,43.88,-2.8,20.7,0.985,-1.8,1.9,2.6,4.7,18.2,1.108,5,7,0,0,7
131.2,3,isocontour,11.283791670955125,21205.91,44.63,4.8,20.4,0.982,0.1,3.4,3.4,4.7,18.2,1.108,5,6,0,0,6
131.2,4,isocontour,11.283791670955125,26460.2,55.68,18.4,9.4,0.997,-1.6,0.5,1.7,4.7,18.2,1.108,5,3,0,0,3
131.2,5,isocontour,11.283791670955125,24241.98,51.01,4.7,18.6,1.08,0.3,-2.3,2.3,4.7,18.6,1.108,5,6,0,0,6
131.2,6,isocontour,11.283791670955125,26045.38,54.81,4.6,19.5,1.031,1.1,-2.5,2.7,4.7,18.2,1.108,5,6,0,0,6
131.2,7,isocontour,11.283791670955125,23550.12,49.56,-17.4,11.7,0.979,0.6,1.2,1.3,4.7,18.2,1.108,5,4,0,0,4
131.2,8,isocontour,11.283791670955125,26937.41,56.69,4.1,19.0,1.066,1.1,-0.7,1.3,4.7,18.2,1.108,5,6,0,0,6
131.2,9,isocontour,11.283791670955125,24515.13,51.59,20.3,3.6,0.999,-1.5,-2.0,2.5,4.7,18.2,1.108,5,3,0,0,3
131.2,10,isocontour,11.283791670955125,25571.0,53.81,17.3,10.0,1.034,-0.6,0.9,1.1,4.7,18.2,1.108,5,3,0,0,3
131.2,11,isocontour,11.283791670955125,27516.16,57.9,-17.3,-9.0,1.064,-0.1,2.0,2.0,4.7,18.2,1.108,5,4,0,0,4
131.2,12,isocontour,11.283791670955125,24018.4,50.54,-13.4,-16.0,0.983,-0.7,0.9,1.1,4.7,18.2,1.108,5,2,0,0,2
131.2,13,isocontour,11.283791670955125,23608.78,49.68,20.2,-5.0,0.99,0.7,2.6,2.7,4.7,18.2,1.108,5,2,0,0,2
131.2,14,isocontour,11.283791670955125,25843.27,54.38,9.4,-17.3,1.052,2.3,0.3,2.3,4.7,18.2,1.108,5,3,0,0,3
131.2,15,isocontour,11.283791670955125,20795.99,43.76,-11.3,16.2,1.051,2.5,1.4,2.9,4.7,18.2,1.108,5,3,0,0,3
131.2,16,isocontour,11.283791670955125,40068.97,84.32,-20.3,4.4,0.991,0.3,3.0,3.0,4.7,18.2,1.108,5,4,0,0,4
131.2,17,isocontour,11.283791670955125,21899.05,46.08,5.0,19.3,1.035,1.4,0.7,1.6,4.7,18.2,1.108,5,6,0,0,6
131.2,18,isocontour,11.283791670955125,27114.7,57.06,-12.1,17.0,0.983,-0.8,1.9,2.1,4.7,18.2,1.108,5,3,0,0,3
131.2,19,isocontour,11.283791670955125,22634.42,47.63,-20.1,-4.9,0.991,-0.1,-2.6,2.6,4.7,18.2,1.108,5,5,0,0,5
131.2,20,isocontour,11.283791670955125,25264.11,53.17,14.5,-14.9,0.986,0.9,-1.6,1.8,4.7,18.2,1.108,5,3,0,0,3
131.2,21,isocontour,11.283791670955125,25704.95,54.09,-0.1,-18.9,1.103,0.9,-0.1,0.9,4.7,18.2,1.108,5,2,0,0,2
131.2,22,isocontour,11.283791670955125,27277.65,57.4,-18.5,-9.1,0.999,0.5,-0.8,0.9,4.7,18.2,1.108,5,4,0,0,4
131.2,23,isocontour,11.283791670955125,26475.27,55.71,-20.8,0.1,0.99,-0.4,2.9,2.9,4.7,18.2,1.108,5,5,0,0,5
131.2,24,isocontour,11.283791670955125,26730.69,56.25,5.0,-20.3,0.984,1.1,0.4,1.2,4.7,18.2,1.108,5,3,0,0,3
131.2,25,isocontour,11.283791670955125,26169.33,55.07,-19.0,4.7,1.06,-0.2,-0.7,0.7,4.7,18.2,1.108,5,4,0,0,4
131.2,Target,,,,,0.0,0.0,4.023,0.0,0.0,,,,,,,,,
131.3,1,isocontour,11.283791670955125,21080.49,44.36,12.5,16.5,0.993,1.3,1.0,1.6,4.7,18.2,1.108,5,7,0,0,7
131.3,2,isocontour,11.283791670955125,20849.03,43.87,-2.9,20.6,0.986,-0.8,-0.7,1.1,4.7,18.2,1.108,5,7,0,0,7
131.3,3,isocontour,11.283791670955125,21158.85,44.53,5.0,20.5,0.973,3.3,0.6,3.4,4.7,18.2,1.108,5,6,0,0,6
131.3,4,isocontour,11.283791670955125,26448.29,55.66,18.5,9.4,0.988,2.1,0.4,2.1,4.7,18.2,1.108,5,3,0,0,3
131.3,5,isocontour,11.283791670955125,24213.02,50.95,4.9,18.6,1.081,2.8,-0.6,2.9,4.9,18.6,1.108,5,6,0,0,6
131.3,6,isocontour,11.283791670955125,26043.72,54.81,4.7,19.4,1.034,1.0,-0.5,1.1,4.7,18.2,1.108,5,6,0,0,6
131.3,7,isocontour,11.283791670955125,23520.85,49.5,-17.4,11.5,0.987,0.3,-2.8,2.8,4.7,18.2,1.108,5,4,0,0,4
131.3,8,isocontour,11.283791670955125,26934.28,56.68,4.2,18.9,1.07,1.1,-0.8,1.4,4.7,18.2,1.108,5,6,0,0,6
131.3,9,isocontour,11.283791670955125,24514.19,51.59,20.3,3.5,0.998,0.6,-0.7,0.9,4.7,18.2,1.108,5,3,0,0,3
131.3,10,isocontour,11.283791670955125,25566.36,53.8,17.3,10.2,1.031,-0.3,1.5,1.5,4.7,18.2,1.108,5,3,0,0,3
131.3,11,isocontour,11.283791670955125,27508.26,57.89,-17.5,-8.9,1.056,-1.8,0.0,1.8,4.7,18.2,1.108,5,4,0,0,4
131.3,12,isocontour,11.283791670955125,24016.08,50.54,-13.4,-15.9,0.986,-0.4,1.2,1.3,4.7,18.2,1.108,5,2,0,0,2
131.3,13,isocontour,11.283791670955125,23586.79,49.64,20.1,-5.1,0.988,-0.2,-2.6,2.6,4.7,18.2,1.108,5,1,0,0,1
131.3,14,isocontour,11.283791670955125,25825.55,54.35,9.7,-17.2,1.048,2.3,0.5,2.4,4.7,18.2,1.108,5,3,0,0,3
131.3,15,isocontour,11.283791670955125,20778.92,43.73,-11.0,16.2,1.057,2.4,0.3,2.4,4.7,18.2,1.108,5,3,0,0,3
131.3,16,isocontour,11.283791670955125,40047.5,84.28,-20.5,4.6,0.979,-2.1,1.4,2.5,4.7,18.2,1.108,5,4,0,0,4
131.3,17,isocontour,11.283791670955125,21799.49,45.87,5.4,19.3,1.034,4.1,-1.1,4.2,4.7,18.2,1.108,5,6,0,0,6
131.3,18,isocontour,11.283791670955125,27077.78,56.98,-12.0,17.3,0.974,1.2,2.8,3.0,4.7,18.2,1.108,5,3,0,0,3
131.3,19,isocontour,11.283791670955125,22628.5,47.62,-20.3,-5.0,0.983,-1.7,-0.1,1.7,4.7,18.2,1.108,5,5,0,0,5
131.3,20,isocontour,11.283791670955125,25262.21,53.16,14.5,-14.9,0.99,-0.5,1.0,1.1,4.7,18.2,1.108,5,2,0,0,2
131.3,21,isocontour,11.283791670955125,25678.37,54.04,0.2,-18.9,1.102,2.7,-0.0,2.7,4.7,18.2,1.108,5,2,0,0,2
131.3,22,isocontour,11.283791670955125,27223.98,57.29,-18.5,-9.4,0.988,-1.0,-3.3,3.4,4.7,18.2,1.108,5,4,0,0,4
131.3,23,isocontour,11.283791670955125,26471.62,55.71,-20.9,0.1,0.984,-1.2,-0.7,1.4,4.7,18.2,1.108,5,5,0,0,5
131.3,24,isocontour,11.283791670955125,26722.78,56.23,5.0,-20.1,0.991,0.7,1.7,1.8,4.7,18.2,1.108,5,3,0,0,3
131.3,25,isocontour,11.283791670955125,26150.94,55.03,-19.0,4.5,1.064,0.1,-2.4,2.4,4.7,18.2,1.108,5,4,0,0,4
131.3,Target,,,,,0.0,0.0,4.023,0.0,0.0,,,,,,,,,
131.4,1,isocontour,11.283791670955125,21064.47,44.33,12.7,16.4,0.99,2.1,-1.1,2.4,4.7,18.2,1.108,5,7,0,0,7
131.4,2,isocontour,11.283791670955125,20815.92,43.8,-2.7,20.6,0.991,2.9,-0.4,2.9,4.7,18.2,1.108,5,7,0,0,7
131.4,3,isocontour,11.283791670955125,21127.7,44.46,5.3,20.3,0.979,2.0,-2.1,2.9,4.7,18.2,1.108,5,6,0,0,6
131.4,4,isocontour,11.283791670955125,26442.78,55.65,18.7,9.5,0.979,1.6,0.3,1.6,4.7,18.2,1.108,5,3,0,0,3
131.4,5,isocontour,11.283791670955125,24183.44,50.89,5.2,18.5,1.079,2.8,-0.4,2.8,5.2,18.5,1.108,5,6,0,0,6
131.4,6,isocontour,11.283791670955125,26011.27,54.74,5.0,19.3,1.037,2.6,-1.3,2.9,4.7,18.2,1.108,5,6,0,0,6
131.4,7,isocontour,11.283791670955125,23488.4,49.43,-17.1,11.4,1.002,2.9,-0.5,2.9,4.7,18.2,1.108,5,4,0,0,4
131.4,8,isocontour,11.283791670955125,26918.46,56.65,4.3,18.8,1.076,1.8,-1.5,2.3,4.7,18.2,1.108,5,6,0,0,6
131.4,9,isocontour,11.283791670955125,24493.94,51.54,20.4,3.3,0.997,0.4,-2.5,2.5,4.7,18.2,1.108,5,3,0,0,3
131.4,10,isocontour,11.283791670955125,25565.77,53.8,17.3,10.1,1.031,0.4,-0.6,0.7,4.7,18.2,1.108,5,3,0,0,3
131.4,11,isocontour,11.283791670955125,27482.8,57.83,-17.6,-8.8,1.052,-1.7,2.1,2.7,4.7,18.2,1.108,5,4,0,0,4
131.4,12,isocontour,11.283791670955125,23996.07,50.5,-13.5,-15.7,0.994,-0.4,2.5,2.5,4.7,18.2,1.108,5,2,0,0,2
131.4,13,isocontour,11.283791670955125,23584.18,49.63,20.1,-5.1,0.991,-0.3,1.2,1.2,4.7,18.2,1.108,5,1,0,0,1
131.4,14,isocontour,11.283791670955125,25804.07,54.3,9.5,-17.4,1.043,-1.7,-1.9,2.5,4.7,18.2,1.108,5,3,0,0,3
131.4,15,isocontour,11.283791670955125,20774.18,43.72,-10.9,16.1,1.065,1.2,-0.9,1.5,4.7,18.2,1.108,5,3,0,0,3
131.4,16,isocontour,11.283791670955125,40040.33,84.26,-20.6,4.5,0.975,-0.9,-1.5,1.7,4.7,18.2,1.108,5,4,0,0,4
131.4,17,isocontour,11.283791670955125,21776.21,45.83,5.6,19.1,1.042,1.5,-2.2,2.7,4.7,18.2,1.108,5,6,0,0,6
131.4,18,isocontour,11.283791670955125,27075.63,56.98,-11.9,17.3,0.978,0.8,-0.8,1.1,4.7,18.2,1.108,5,3,0,0,3
131.4,19,isocontour,11.283791670955125,22628.43,47.62,-20.3,-5.0,0.982,0.1,0.4,0.4,4.7,18.2,1.108,5,5,0,0,5
131.4,20,isocontour,11.283791670955125,25258.49,53.15,14.4,-14.8,0.996,-1.4,0.1,1.4,4.7,18.2,1.108,5,3,0,0,3
131.4,21,isocontour,11.283791670955125,25677.52,54.04,0.3,-18.9,1.102,0.9,-0.1,0.9,4.7,18.2,1.108,5,2,0,0,2
131.4,22,isocontour,11.283791670955125,27214.29,57.27,-18.4,-9.5,0.993,1.9,-0.4,1.9,4.7,18.2,1.108,5,4,0,0,4
131.4,23,isocontour,11.283791670955125,26447.54,55.66,-20.8,-0.2,0.987,0.8,-2.5,2.6,4.7,18.2,1.108,5,5,0,0,5
131.4,24,isocontour,11.283791670955125,26721.99,56.23,5.1,-20.1,0.991,0.8,0.1,0.8,4.7,18.2,1.108,5,3,0,0,3
131.4,25,isocontour,11.283791670955125,26129.46,54.99,-19.1,4.3,1.061,-1.3,-2.2,2.6,4.7,18.2,1.108,5,4,0,0,4
131.4,Target,,,,,0.0,0.0,4.023,0.0,0.0,,,,,,,,,
131.5,1,isocontour,11.283791670955125,21059.82,44.32,12.7,16.3,0.997,-1.0,-1.1,1.5,4.7,18.2,1.108,5,7,0,0,7
131.5,2,isocontour,11.283791670955125,20815.5,43.8,-2.7,20.6,0.991,-0.7,-0.1,0.7,4.7,18.2,1.108,5,7,0,0,7
131.5,3,isocontour,11.283791670955125,21116.45,44.44,5.3,20.1,0.989,0.3,-2.0,2.0,4.7,18.2,1.108,5,6,0,0,6
131.5,4,isocontour,11.283791670955125,26441.96,55.64,18.7,9.4,0.981,-0.3,-0.8,0.9,4.7,18.2,1.108,5,3,0,0,3
131.5,5,isocontour,11.283791670955125,24181.01,50.89,5.2,18.6,1.073,-0.3,1.2,1.2,5.2,18.6,1.108,5,6,0,0,6
131.5,6,isocontour,11.283791670955125,26001.86,54.72,5.0,19.1,1.047,-0.1,-1.9,1.9,4.7,18.2,1.108,5,6,0,0,6
131.5,7,isocontour,11.283791670955125,23487.44,49.43,-17.1,11.4,1.0,-0.4,0.8,0.9,4.7,18.2,1.108,5,4,0,0,4
131.5,8,isocontour,11.283791670955125,26885.68,56.58,4.6,18.8,1.07,2.9,0.6,3.0,4.7,18.2,1.108,5,6,0,0,6
131.5,9,isocontour,11.283791670955125,24485.9,51.53,20.5,3.4,0.992,1.0,1.6,1.9,4.7,18.2,1.108,5,3,0,0,3
131.5,10,isocontour,11.283791670955125,25546.46,53.76,17.3,9.9,1.036,0.2,-2.5,2.5,4.7,18.2,1.108,5,3,0,0,3
131.5,11,isocontour,11.283791670955125,27453.23,57.77,-17.5,-8.9,1.052,1.4,-2.5,2.9,4.7,18.2,1.108,5,4,0,0,4
131.5,12,isocontour,11.283791670955125,23980.45,50.46,-13.3,-15.8,0.998,2.1,-0.9,2.3,4.7,18.2,1.108,5,2,0,0,2
131.5,13,isocontour,11.283791670955125,23562.2,49.58,20.1,-5.3,0.99,-0.4,-2.5,2.5,4.7,18.2,1.108,5,1,0,0,1
131.5,14,isocontour,11.283791670955125,25776.01,54.24,9.7,-17.3,1.043,2.3,1.6,2.8,4.7,18.2,1.108,5,3,0,0,3
131.5,15,isocontour,11.283791670955125,20753.69,43.67,-11.1,16.0,1.064,-2.3,-1.1,2.5,4.7,18.2,1.108,5,3,0,0,3
131.5,16,isocontour,11.283791670955125,40036.69,84.25,-20.5,4.5,0.979,1.2,0.7,1.4,4.7,18.2,1.108,5,4,0,0,4
131.5,17,isocontour,11.283791670955125,21773.83,45.82,5.5,19.0,1.047,-1.1,-0.5,1.2,4.7,18.2,1.108,5,6,0,0,6
131.5,18,isocontour,11.283791670955125,27048.75,56.92,-12.0,17.1,0.985,-1.3,-2.5,2.8,4.7,18.2,1.108,5,3,0,0,3
131.5,19,isocontour,11.283791670955125,22611.78,47.58,-20.2,-5.1,0.988,1.6,-1.8,2.4,4.7,18.2,1.108,5,5,0,0,5
131.5,20,isocontour,11.283791670955125,25257.78,53.15,14.4,-14.9,0.993,0.7,-0.5,0.9,4.7,18.2,1.108,5,3,0,0,3
131.5,21,isocontour,11.283791670955125,25676.67,54.03,0.4,-18.9,1.101,0.9,-0.1,0.9,4.7,18.2,1.108,5,2,0,0,2
131.5,22,isocontour,11.283791670955125,27212.89,57.27,-18.4,-9.4,0.993,-0.6,0.8,1.0,4.7,18.2,1.108,5,4,0,0,4
131.5,23,isocontour,11.283791670955125,26423.46,55.6,-20.8,-0.4,0.99,0.8,-2.5,2.6,4.7,18.2,1.108,5,5,0,0,5
131.5,24,isocontour,11.283791670955125,26694.53,56.18,5.0,-20.3,0.983,-1.7,-2.2,2.8,4.7,18.2,1.108,5,3,0,0,3
131.5,25,isocontour,11.283791670955125,26092.89,54.91,-19.0,4.5,1.061,0.9,2.9,3.0,4.7,18.2,1.108,5,4,0,0,4
131.5,Target,,,,,0.0,0.0,4.023,0.0,0.0,,,,,,,,,
131.6,1,isocontour,11.283791670955125,21057.56,44.31,12.6,16.3,0.998,-1.0,0.7,1.2,4.7,18.2,1.108,5,7,0,0,7
131.6,2,isocontour,11.283791670955125,20815.11,43.8,-2.8,20.6,0.991,-0.7,0.1,0.7,4.7,18.2,1.108,5,7,0,0,7
131.6,3,isocontour,11.283791670955125,21084.01,44.37,5.5,19.9,0.999,1.8,-2.3,2.9,4.7,18.2,1.108,5,6,0,0,6
131.6,4,isocontour,11.283791670955125,26429.71,55.62,18.5,9.4,0.989,-2.1,0.5,2.2,4.7,18.2,1.108,5,3,0,0,3
131.6,5,isocontour,11.283791670955125,24099.66,50.71,5.5,18.4,1.081,3.0,-2.6,4.0,5.5,18.4,1.108,5,6,0,0,6
131.6,6,isocontour,11.283791670955125,26001.23,54.72,5.0,19.2,1.045,0.2,0.7,0.7,4.7,18.2,1.108,5,6,0,0,6
131.6,7,isocontour,11.283791670955125,23486.34,49.42,-17.2,11.5,0.995,-0.9,0.3,0.9,4.7,18.2,1.108,5,4,0,0,4
131.6,8,isocontour,11.283791670955125,26881.72,56.57,4.6,18.7,1.077,-0.4,-1.4,1.5,4.7,18.2,1.108,5,6,0,0,6
131.6,9,isocontour,11.283791670955125,24465.17,51.48,20.5,3.2,0.99,0.6,-2.5,2.6,4.7,18.2,1.108,5,3,0,0,3
131.6,10,isocontour,11.283791670955125,25543.39,53.75,17.2,9.9,1.04,-1.1,0.7,1.3,4.7,18.2,1.108,5,3,0,0,3
131.6,11,isocontour,11.283791670955125,27443.96,57.75,-17.4,-9.1,1.058,1.8,-0.8,2.0,4.7,18.2,1.108,5,4,0,0,4
131.6,12,isocontour,11.283791670955125,23892.88,50.28,-13.0,-16.0,0.999,3.2,-2.5,4.1,4.7,18.2,1.108,5,2,0,0,2
131.6,13,isocontour,11.283791670955125,23549.25,49.56,20.3,-5.3,0.98,2.1,-0.4,2.1,4.7,18.2,1.108,5,2,0,0,2
131.6,14,isocontour,11.283791670955125,25774.88,54.24,9.8,-17.2,1.044,0.7,0.6,0.9,4.7,18.2,1.108,5,3,0,0,3
131.6,15,isocontour,11.283791670955125,20752.78,43.67,-11.1,16.0,1.065,-0.6,-0.6,0.8,4.7,18.2,1.108,5,3,0,0,3
131.6,16,isocontour,11.283791670955125,40001.53,84.18,-20.3,4.7,0.983,1.4,2.7,3.0,4.7,18.2,1.108,5,4,0,0,4
131.6,17,isocontour,11.283791670955125,21664.22,45.59,5.8,18.9,1.045,4.4,-0.7,4.5,4.7,18.2,1.108,5,6,0,0,6
131.6,18,isocontour,11.283791670955125,27034.7,56.89,-12.1,16.8,0.993,-0.4,-2.2,2.2,4.7,18.2,1.108,5,3,0,0,3
131.6,19,isocontour,11.283791670955125,22598.83,47.56,-20.0,-5.1,0.999,2.0,0.8,2.2,4.7,18.2,1.108,5,5,0,0,5
131.6,20,isocontour,11.283791670955125,25256.3,53.15,14.5,-14.9,0.989,1.0,0.2,1.0,4.7,18.2,1.108,5,3,0,0,3
131.6,21,isocontour,11.283791670955125,25675.83,54.03,0.5,-18.9,1.101,0.9,0.0,0.9,4.7,18.2,1.108,5,2,0,0,2
131.6,22,isocontour,11.283791670955125,27200.29,57.24,-18.6,-9.4,0.987,-1.9,0.9,2.1,4.7,18.2,1.108,5,4,0,0,4
131.6,23,isocontour,11.283791670955125,26421.67,55.6,-20.8,-0.4,0.99,-0.2,1.1,1.1,4.7,18.2,1.108,5,5,0,0,5
131.6,24,isocontour,11.283791670955125,26689.13,56.16,5.1,-20.3,0.979,1.6,-0.4,1.6,4.7,18.2,1.108,5,3,0,0,3
131.6,25,isocontour,11.283791670955125,26056.33,54.83,-18.9,4.8,1.062,1.0,2.9,3.1,4.7,18.2,1.108,5,4,0,0,4
131.6,Target,,,,,0.0,0.0,4.023,0.0,0.0,,,,,,,,,
131.7,1,isocontour,11.283791670955125,20991.01,44.17,12.9,16.3,0.989,3.7,-0.5,3.7,4.7,18.2,1.108,5,7,0,0,7
131.7,2,isocontour,11.283791670955125,20803.7,43.78,-2.8,20.7,0.981,-0.2,2.1,2.1,4.7,18.2,1.108,5,7,0,0,7
131.7,3,isocontour,11.283791670955125,21078.4,44.36,5.5,20.0,0.994,-0.3,1.6,1.6,4.7,18.2,1.108,5,6,0,0,6
131.7,4,isocontour,11.283791670955125,26396.93,55.55,18.3,9.6,0.992,-1.7,2.4,2.9,4.7,18.2,1.108,5,3,0,0,3
131.7,5,isocontour,11.283791670955125,24097.96,50.71,5.6,18.4,1.078,0.9,0.6,1.1,5.6,18.4,1.108,5,6,0,0,6
131.7,6,isocontour,11.283791670955125,25998.68,54.71,5.1,19.1,1.047,1.0,-0.8,1.3,4.7,18.2,1.108,5,6,0,0,6
131.7,7,isocontour,11.283791670955125,23464.86,49.38,-17.4,11.5,0.983,-2.5,0.7,2.6,4.7,18.2,1.108,5,4,0,0,4
131.7,8,isocontour,11.283791670955125,26849.27,56.5,4.9,18.7,1.076,2.9,-0.3,2.9,4.7,18.2,1.108,5,6,0,0,6
131.7,9,isocontour,11.283791670955125,24464.72,51.48,20.5,3.1,0.99,0.1,-0.7,0.7,4.7,18.2,1.108,5,3,0,0,3
131.7,10,isocontour,11.283791670955125,25513.51,53.69,17.1,10.2,1.039,-1.1,2.6,2.8,4.7,18.2,1.108,5,3,0,0,3
131.7,11,isocontour,11.283791670955125,27426.24,57.72,-17.2,-9.2,1.065,2.0,-1.3,2.4,4.7,18.2,1.108,5,4,0,0,4
131.7,12,isocontour,11.283791670955125,23888.59,50.27,-12.9,-16.1,0.994,0.1,-1.5,1.5,4.7,18.2,1.108,5,2,0,0,2
131.7,13,isocontour,11.283791670955125,23537.84,49.53,20.1,-5.3,0.988,-1.8,1.1,2.1,4.7,18.2,1.108,5,2,0,0,2
131.7,14,isocontour,11.283791670955125,25773.48,54.24,9.9,-17.2,1.042,1.0,0.1,1.0,4.7,18.2,1.108,5,3,0,0,3
131.7,15,isocontour,11.283791670955125,20751.46,43.67,-11.2,15.9,1.063,-1.0,-0.2,1.0,4.7,18.2,1.108,5,3,0,0,3
131.7,16,isocontour,11.283791670955125,39981.99,84.14,-20.3,4.6,0.986,-0.2,-2.5,2.5,4.7,18.2,1.108,5,4,0,0,4
131.7,17,isocontour,11.283791670955125,21658.91,45.58,6.0,18.8,1.048,1.2,-1.1,1.6,4.7,18.2,1.108,5,6,0,0,6
131.7,18,isocontour,11.283791670955125,27021.02,56.86,-12.2,16.8,0.988,-2.2,-0.0,2.2,4.7,18.2,1.108,5,3,0,0,3
131.7,19,isocontour,11.283791670955125,22598.2,47.56,-19.9,-5.1,1.001,0.3,-0.7,0.8,4.7,18.2,1.108,5,5,0,0,5
131.7,20,isocontour,11.283791670955125,25254.59,53.15,14.4,-14.8,0.993,-1.1,0.1,1.1,4.7,18.2,1.108,5,3,0,0,3
131.7,21,isocontour,11.283791670955125,25649.53,53.98,0.7,-18.9,1.1,2.7,-0.1,2.7,4.7,18.2,1.108,5,2,0,0,2
131.7,22,isocontour,11.283791670955125,27191.03,57.22,-18.5,-9.4,0.989,1.4,-1.3,1.9,4.7,18.2,1.108,5,4,0,0,4
131.7,23,isocontour,11.283791670955125,26405.23,55.57,-20.9,-0.2,0.981,-2.0,1.2,2.3,4.7,18.2,1.108,5,5,0,0,5
131.7,24,isocontour,11.283791670955125,26682.99,56.15,5.2,-20.2,0.984,0.6,1.6,1.7,4.7,18.2,1.108,5,3,0,0,3
131.7,25,isocontour,11.283791670955125,26033.32,54.78,-18.9,4.6,1.067,0.2,-2.6,2.6,4.7,18.2,1.108,5,4,0,0,4
131.7,Target,,,,,0.0,0.0,4.023,0.0,0.0,,,,,,,,,
131.8,1,isocontour,11.283791670955125,20984.08,44.16,12.8,16.2,0.996,-1.0,-1.4,1.7,4.7,18.2,1.108,5,7,0,0,7
131.8,2,isocontour,11.283791670955125,20800.49,43.77,-2.7,20.7,0.984,0.9,-1.0,1.3,4.7,18.2,1.108,5,7,0,0,7
131.8,3,isocontour,11.283791670955125,21072.69,44.34,5.6,20.1,0.986,1.0,1.3,1.6,4.7,18.2,1.108,5,6,0,0,6
131.8,4,isocontour,11.283791670955125,26394.84,55.54,18.3,9.8,0.992,-0.6,1.0,1.2,4.7,18.2,1.108,5,3,0,0,3
131.8,5,isocontour,11.283791670955125,24096.99,50.71,5.7,18.4,1.077,0.9,-0.1,0.9,5.7,18.4,1.108,5,6,0,0,6
131.8,6,isocontour,11.283791670955125,25919.74,54.54,5.4,19.2,1.035,3.6,1.7,4.0,4.7,18.2,1.108,5,6,0,0,6
131.8,7,isocontour,11.283791670955125,23462.3,49.37,-17.5,11.7,0.977,-0.1,1.2,1.2,4.7,18.2,1.108,5,4,0,0,4
131.8,8,isocontour,11.283791670955125,26844.35,56.49,4.9,18.5,1.083,0.0,-1.6,1.6,4.7,18.2,1.108,5,6,0,0,6
131.8,9,isocontour,11.283791670955125,24429.91,51.41,20.5,3.4,0.991,-0.7,2.9,3.0,4.7,18.2,1.108,5,3,0,0,3
131.8,10,isocontour,11.283791670955125,25509.13,53.68,17.2,10.1,1.035,1.3,-0.8,1.5,4.7,18.2,1.108,5,3,0,0,3
131.8,11,isocontour,11.283791670955125,27425.11,57.71,-17.2,-9.1,1.065,-0.6,0.7,0.9,4.7,18.2,1.108,5,4,0,0,4
131.8,12,isocontour,11.283791670955125,23865.31,50.22,-12.8,-16.4,0.989,1.4,-2.2,2.6,4.7,18.2,1.108,5,2,0,0,2
131.8,13,isocontour,11.283791670955125,23515.86,49.49,20.0,-5.4,0.995,-1.7,-1.9,2.5,4.7,18.2,1.108,5,2,0,0,2
131.8,14,isocontour,11.283791670955125,25764.07,54.22,10.1,-17.2,1.037,1.9,0.1,1.9,4.7,18.2,1.108,5,3,0,0,3
131.8,15,isocontour,11.283791670955125,20724.58,43.61,-11.3,16.2,1.051,-0.1,2.8,2.8,4.7,18.2,1.108,5,3,0,0,3
131.8,16,isocontour,11.283791670955125,39955.4,84.08,-20.3,4.3,0.99,0.3,-2.7,2.7,4.7,18.2,1.108,5,4,0,0,4
131.8,17,isocontour,11.283791670955125,21637.93,45.53,6.2,19.0,1.037,1.7,1.9,2.5,4.7,18.2,1.108,5,6,0,0,6
131.8,18,isocontour,11.283791670955125,27020.15,56.86,-12.2,16.8,0.989,0.9,0.0,0.9,4.7,18.2,1.108,5,3,0,0,3
131.8,19,isocontour,11.283791670955125,22570.44,47.5,-20.1,-5.0,0.996,-1.8,2.1,2.8,4.7,18.2,1.108,5,5,0,0,5
131.8,20,isocontour,11.283791670955125,25252.98,53.14,14.3,-14.8,0.997,-1.1,0.0,1.1,4.7,18.2,1.108,5,3,0,0,3
131.8,21,isocontour,11.283791670955125,25648.68,53.97,0.8,-18.9,1.1,0.9,0.0,0.9,4.7,18.2,1.108,5,2,0,0,2
131.8,22,isocontour,11.283791670955125,27189.08,57.22,-18.5,-9.4,0.993,0.2,1.1,1.1,4.7,18.2,1.108,5,4,0,0,4
131.8,23,isocontour,11.283791670955125,26377.77,55.51,-21.1,-0.4,0.973,-1.2,-2.5,2.8,4.7,18.2,1.108,5,5,0,0,5
131.8,24,isocontour,11.283791670955125,26659.72,56.1,5.4,-20.1,0.987,2.4,1.0,2.6,4.7,18.2,1.108,5,3,0,0,3
131.8,25,isocontour,11.283791670955125,26010.56,54.74,-18.9,4.3,1.069,-0.3,-2.6,2.6,4.7,18.2,1.108,5,4,0,0,4
131.8,Target,,,,,0.0,0.0,4.023,0.0,0.0,,,,,,,,,
131.9,1,isocontour,11.283791670955125,20981.08,44.15,12.7,16.2,0.998,-1.2,0.6,1.3,4.7,18.2,1.108,5,7,0,0,7
131.9,2,isocontour,11.283791670955125,20797.14,43.77,-2.7,20.6,0.992,0.1,-1.4,1.4,4.7,18.2,1.108,5,7,0,0,7
131.9,3,isocontour,11.283791670955125,21071.44,44.34,5.6,20.2,0.98,0.6,0.8,1.0,4.7,18.2,1.108,5,6,0,0,6
131.9,4,isocontour,11.283791670955125,26366.18,55.48,18.5,9.8,0.98,2.8,0.5,2.8,4.7,18.2,1.108,5,3,0,0,3
131.9,5,isocontour,11.283791670955125,24096.06,50.71,5.8,18.4,1.077,0.8,-0.4,0.9,5.8,18.4,1.108,5,6,0,0,6
131.9,6,isocontour,11.283791670955125,25916.46,54.54,5.5,19.1,1.037,0.6,-1.2,1.3,4.7,18.2,1.108,5,6,0,0,6
131.9,7,isocontour,11.283791670955125,23436.57,49.32,-17.3,11.5,0.988,1.5,-2.3,2.7,4.7,18.2,1.108,5,4,0,0,4
131.9,8,isocontour,11.283791670955125,26843.35,56.49,5.0,18.5,1.086,0.7,-0.5,0.9,4.7,18.2,1.108,5,6,0,0,6
131.9,9,isocontour,11.283791670955125,24428.07,51.41,20.5,3.4,0.986,1.0,0.5,1.1,4.7,18.2,1.108,5,3,0,0,3
131.9,10,isocontour,11.283791670955125,25490.28,53.64,17.0,10.2,1.041,-2.2,1.2,2.5,4.7,18.2,1.108,5,3,0,0,3
131.9,11,isocontour,11.283791670955125,27409.5,57.68,-17.4,-9.0,1.058,-2.0,1.1,2.3,4.7,18.2,1.108,5,4,0,0,4
131.9,12,isocontour,11.283791670955125,23849.49,50.19,-13.0,-16.3,0.988,-1.9,1.2,2.2,4.7,18.2,1.108,5,2,0,0,2
131.9,13,isocontour,11.283791670955125,23497.24,49.45,20.1,-5.3,0.987,2.2,1.1,2.5,4.7,18.2,1.108,5,2,0,0,2
131.9,14,isocontour,11.283791670955125,25762.9,54.21,10.2,-17.2,1.036,0.9,0.4,1.0,4.7,18.2,1.108,5,3,0,0,3
131.9,15,isocontour,11.283791670955125,20693.75,43.55,-11.1,16.4,1.047,2.2,1.9,2.9,4.7,18.2,1.108,5,3,0,0,3
131.9,16,isocontour,11.283791670955125,39953.88,84.08,-20.3,4.3,0.991,0.2,1.0,1.0,4.7,18.2,1.108,5,4,0,0,4
131.9,17,isocontour,11.283791670955125,21633.46,45.52,6.3,19.0,1.033,1.5,0.0,1.5,4.7,18.2,1.108,5,6,0,0,6
131.9,18,isocontour,11.283791670955125,27017.53,56.86,-12.1,16.8,0.995,1.2,-0.4,1.3,4.7,18.2,1.108,5,3,0,0,3
131.9,19,isocontour,11.283791670955125,22541.78,47.44,-20.3,-4.7,0.988,-1.9,2.1,2.8,4.7,18.2,1.108,5,5,0,0,5
131.9,20,isocontour,11.283791670955125,25252.98,53.14,14.3,-14.8,0.998,-0.1,0.1,0.1,4.7,18.2,1.108,5,3,0,0,3
131.9,21,isocontour,11.283791670955125,25647.77,53.97,0.9,-18.9,1.1,0.9,0.1,0.9,4.7,18.2,1.108,5,2,0,0,2
131.9,22,isocontour,11.283791670955125,27187.68,57.21,-18.5,-9.4,0.992,0.1,-1.0,1.0,4.7,18.2,1.108,5,4,0,0,4
131.9,23,isocontour,11.283791670955125,26353.96,55.46,-21.0,-0.7,0.976,0.9,-2.5,2.7,4.7,18.2,1.108,5,5,0,0,5
131.9,24,isocontour,11.283791670955125,26637.22,56.05,5.6,-20.0,0.989,2.4,0.9,2.6,4.7,18.2,1.108,5,3,0,0,3
131.9,25,isocontour,11.283791670955125,26009.97,54.73,-18.9,4.2,1.069,-0.2,-0.7,0.7,4.7,18.2,1.108,5,4,0,0,4
131.9,Target,,,,,0.0,0.0,4.023,0.0,0.0,,,,,,,,,
132.0,1,isocontour,11.283791670955125,20963.58,44.12,12.9,16.1,0.997,2.0,-1.3,2.4,12.9,16.1,0.998,1,7,0,0,7
132.0,2,isocontour,11.283791670955125,20783.09,43.74,-2.5,20.7,0.987,1.7,1.5,2.3,-2.5,20.7,0.992,2,7,0,0,7
132.0,3,isocontour,11.283791670955125,21064.64,44.33,5.7,20.0,0.986,0.4,-1.7,1.7,5.7,20.0,0.98,3,6,0,0,6
132.0,4,isocontour,11.283791670955125,26352.69,55.46,18.5,10.0,0.977,-0.8,2.0,2.2,18.5,10.0,0.98,4,3,0,0,3
132.0,5,isocontour,11.283791670955125,24094.49,50.7,5.9,18.3,1.079,0.8,-0.7,1.1,5.9,18.3,1.077,5,6,0,0,6
132.0,6,isocontour,11.283791670955125,25914.2,54.53,5.6,19.0,1.043,0.6,-1.1,1.3,5.6,19.0,1.037,6,6,0,0,6
132.0,7,isocontour,11.283791670955125,23434.47,49.31,-17.2,11.4,0.995,1.2,0.0,1.2,-17.2,11.4,0.988,7,4,0,0,4
132.0,8,isocontour,11.283791670955125,26841.6,56.48,5.1,18.4,1.09,0.7,-0.8,1.1,5.1,18.4,1.086,8,6,0,0,6
132.0,9,isocontour,11.283791670955125,24333.96,51.21,20.6,3.1,0.985,0.6,-4.1,4.1,20.6,3.1,0.986,9,3,0,0,3
132.0,10,isocontour,11.283791670955125,25453.0,53.56,16.8,10.4,1.045,-2.1,2.3,3.1,16.8,10.4,1.041,10,3,0,0,3
132.0,11,isocontour,11.283791670955125,27402.92,57.67,-17.5,-9.0,1.049,-1.7,-0.3,1.7,-17.5,-9.0,1.058,11,4,0,0,4
132.0,12,isocontour,11.283791670955125,23823.48,50.13,-13.2,-16.1,0.988,-2.1,1.8,2.8,-13.2,-16.1,0.988,12,2,0,0,2
132.0,13,isocontour,11.283791670955125,23475.76,49.4,20.1,-5.5,0.987,-0.8,-2.4,2.5,20.1,-5.5,0.987,13,2,0,0,2
132.0,14,isocontour,11.283791670955125,25740.41,54.17,10.4,-17.1,1.033,2.4,0.9,2.6,10.4,-17.1,1.036,14,3,0,0,3
132.0,15,isocontour,11.283791670955125,20661.63,43.48,-10.8,16.5,1.047,2.4,1.6,2.9,-10.8,16.5,1.047,15,3,0,0,3
132.0,16,isocontour,11.283791670955125,39949.99,84.07,-20.4,4.4,0.984,-1.4,0.2,1.4,-20.4,4.4,0.991,16,4,0,0,4
132.0,17,isocontour,11.283791670955125,21612.23,45.48,6.5,18.9,1.033,2.3,-1.0,2.5,6.5,18.9,1.033,17,6,0,0,6
132.0,18,isocontour,11.283791670955125,26998.69,56.82,-12.3,16.7,0.991,-2.4,-0.5,2.5,-12.3,16.7,0.995,18,3,0,0,3
132.0,19,isocontour,11.283791670955125,22517.43,47.39,-20.4,-4.5,0.983,-1.3,2.3,2.6,-20.4,-4.5,0.988,19,5,0,0,5
132.0,20,isocontour,11.283791670955125,25231.75,53.1,14.5,-14.8,0.993,2.4,0.8,2.5,14.5,-14.8,0.998,20,3,0,0,3
132.0,21,isocontour,11.283791670955125,25621.19,53.92,1.2,-18.9,1.099,2.7,-0.0,2.7,1.2,-18.9,1.1,21,2,0,0,2
132.0,22,isocontour,11.283791670955125,27169.74,57.18,-18.5,-9.7,0.986,-0.1,-2.4,2.4,-18.5,-9.7,0.992,22,4,0,0,4
132.0,23,isocontour,11.283791670955125,26331.21,55.41,-20.9,-0.9,0.981,1.1,-2.4,2.6,-20.9,-0.9,0.976,23,5,0,0,5
132.0,24,isocontour,11.283791670955125,26633.09,56.05,5.7,-19.9,0.994,0.6,1.3,1.4,5.7,-19.9,0.989,24,3,0,0,3
132.0,25,isocontour,11.283791670955125,26009.34,54.73,-19.0,4.2,1.066,-0.6,-0.5,0.8,-19.0,4.2,1.069,25,4,0,0,4
132.0,Target,,,,,0.0,0.0,4.023,0.0,0.0,,,,,,,,,
132.1,1,isocontour,11.283791670955125,20960.44,44.11,13.0,16.0,0.997,1.1,-0.8,1.4,5.1,18.4,1.09,8,7,0,0,7
132.1,2,isocontour,11.283791670955125,20769.04,43.71,-2.7,20.6,0.99,-1.9,-1.2,2.2,5.1,18.4,1.09,8,7,0,0,7
132.1,3,isocontour,11.283791670955125,21032.51,44.26,5.8,19.8,0.995,2.0,-2.1,2.9,5.1,18.4,1.09,8,6,0,0,6
132.1,4,isocontour,11.283791670955125,26337.47,55.42,18.3,10.1,0.984,-2.2,0.6,2.3,16.8,10.4,1.045,10,3,0,0,3
132.1,5,isocontour,11.283791670955125,24073.51,50.66,6.1,18.3,1.078,2.5,-0.5,2.5,5.1,18.4,1.09,8,6,0,0,6
132.1,6,isocontour,11.283791670955125,25893.21,54.49,5.8,19.0,1.043,2.5,-0.6,2.6,5.1,18.4,1.09,8,6,0,0,6
132.1,7,isocontour,11.283791670955125,23399.32,49.24,-17.3,11.2,0.996,-1.6,-2.6,3.1,-19.0,4.2,1.069,25,4,0,0,4
132.1,8,isocontour,11.283791670955125,26839.55,56.48,5.1,18.3,1.093,0.9,-0.7,1.1,5.1,18.3,1.09,8,6,0,0,6
132.1,9,isocontour,11.283791670955125,24331.7,51.2,20.5,3.0,0.99,-1.0,-0.7,1.2,16.8,10.4,1.045,10,3,0,0,3
132.1,10,isocontour,11.283791670955125,25435.5,53.53,16.6,10.6,1.051,-2.0,1.3,2.4,16.6,10.6,1.045,10,3,0,0,3
132.1,11,isocontour,11.283791670955125,27382.66,57.62,-17.7,-8.8,1.048,-1.1,2.3,2.5,-17.7,-8.8,1.058,11,4,0,0,4
132.1,12,isocontour,11.283791670955125,23809.99,50.11,-13.2,-15.9,0.995,-0.2,2.2,2.2,-17.5,-9.0,1.058,11,2,0,0,2
132.1,13,isocontour,11.283791670955125,23466.35,49.38,19.9,-5.6,0.993,-1.6,-1.1,1.9,14.5,-14.8,0.998,20,2,0,0,2
132.1,14,isocontour,11.283791670955125,25720.15,54.12,10.2,-17.1,1.037,-2.5,-0.5,2.5,1.2,-18.9,1.1,21,3,0,0,3
132.1,15,isocontour,11.283791670955125,20655.16,43.47,-10.9,16.5,1.043,-1.7,-0.2,1.7,-10.9,16.5,1.047,15,3,0,0,3
132.1,16,isocontour,11.283791670955125,39948.51,84.07,-20.5,4.4,0.978,-1.0,0.1,1.0,-19.0,4.2,1.069,25,4,0,0,4
132.1,17,isocontour,11.283791670955125,21597.21,45.45,6.8,18.8,1.032,2.2,-0.5,2.3,5.1,18.4,1.09,8,6,0,0,6
132.1,18,isocontour,11.283791670955125,26979.84,56.78,-12.3,16.9,0.982,0.3,2.4,2.4,-10.8,16.5,1.047,15,3,0,0,3
132.1,19,isocontour,11.283791670955125,22512.22,47.37,-20.3,-4.4,0.99,1.4,0.7,1.6,-19.0,4.2,1.069,25,5,0,0,5
132.1,20,isocontour,11.283791670955125,25121.39,52.86,14.9,-14.6,0.987,3.8,2.3,4.4,10.4,-17.1,1.036,14,3,0,0,3
132.1,21,isocontour,11.283791670955125,25620.25,53.91,1.3,-18.9,1.097,0.8,-0.3,0.9,1.3,-18.9,1.1,21,2,0,0,2
132.1,22,isocontour,11.283791670955125,27089.61,57.01,-18.4,-10.0,0.981,1.2,-3.8,4.0,-17.5,-9.0,1.058,11,4,0,0,4
132.1,23,isocontour,11.283791670955125,26309.73,55.37,-20.8,-1.2,0.986,1.1,-2.3,2.5,-19.0,4.2,1.069,25,5,0,0,5
132.1,24,isocontour,11.283791670955125,26628.17,56.04,5.6,-20.0,0.991,-1.0,-1.2,1.6,1.2,-18.9,1.1,21,3,0,0,3
132.1,25,isocontour,11.283791670955125,26007.9,54.73,-19.0,4.3,1.065,0.2,1.0,1.0,-19.0,4.3,1.069,25,4,0,0,4
132.1,Target,,,,,0.0,0.0,4.023,0.0,0.0,,,,,,,,,
132.2,1,isocontour,11.283791670955125,20929.29,44.04,13.3,16.0,0.989,2.9,-0.1,2.9,5.1,18.3,1.093,8,7,0,0,7
132.2,2,isocontour,11.283791670955125,20768.54,43.7,-2.8,20.6,0.989,-0.7,0.3,0.8,5.1,18.3,1.093,8,7,0,0,7
132.2,3,isocontour,11.283791670955125,21005.34,44.2,5.6,19.8,0.997,-2.7,0.5,2.7,5.1,18.3,1.093,8,6,0,0,6
132.2,4,isocontour,11.283791670955125,26318.4,55.38,18.0,10.1,0.994,-2.4,0.6,2.5,5.1,18.4,1.09,8,3,0,0,3
132.2,5,isocontour,11.283791670955125,24052.77,50.62,6.3,18.2,1.074,2.5,-0.1,2.5,5.1,18.3,1.093,8,6,0,0,6
132.2,6,isocontour,11.283791670955125,25866.91,54.43,6.0,18.8,1.046,2.4,-1.4,2.8,5.1,18.3,1.093,8,6,0,0,6
132.2,7,isocontour,11.283791670955125,23386.9,49.21,-17.5,11.2,0.988,-2.1,-0.1,2.1,-19.0,4.2,1.069,25,4,0,0,4
132.2,8,isocontour,11.283791670955125,26812.97,56.42,5.4,18.2,1.092,2.7,-0.5,2.7,5.4,18.2,1.093,8,6,0,0,6
132.2,9,isocontour,11.283791670955125,24329.32,51.2,20.5,3.1,0.991,-0.2,1.2,1.2,16.6,10.6,1.051,10,3,0,0,3
132.2,10,isocontour,11.283791670955125,25406.54,53.46,16.5,10.8,1.049,-1.0,2.6,2.8,5.1,18.4,1.09,8,3,0,0,3
132.2,11,isocontour,11.283791670955125,27361.19,57.58,-17.5,-8.9,1.054,2.1,-1.5,2.6,-19.0,4.2,1.069,25,4,0,0,4
132.2,12,isocontour,11.283791670955125,23808.82,50.1,-13.2,-15.8,1.001,0.7,0.7,1.0,-17.5,-9.0,1.058,11,2,0,0,2
132.2,13,isocontour,11.283791670955125,23464.83,49.38,20.0,-5.6,0.99,1.0,0.3,1.0,16.8,10.4,1.045,10,2,0,0,2
132.2,14,isocontour,11.283791670955125,25683.95,54.05,10.0,-17.2,1.038,-2.6,-1.6,3.1,1.2,-18.9,1.1,21,3,0,0,3
132.2,15,isocontour,11.283791670955125,20654.2,43.46,-11.0,16.5,1.042,-0.8,-0.4,0.9,5.1,18.4,1.09,8,3,0,0,3
132.2,16,isocontour,11.283791670955125,39937.27,84.04,-20.4,4.4,0.987,2.1,-0.1,2.1,-19.0,4.2,1.069,25,4,0,0,4
132.2,17,isocontour,11.283791670955125,21594.84,45.44,6.8,18.7,1.037,0.4,-1.2,1.3,5.1,18.3,1.093,8,6,0,0,6
132.2,18,isocontour,11.283791670955125,26979.72,56.78,-12.3,16.9,0.982,0.2,-0.4,0.4,5.1,18.4,1.09,8,3,0,0,3
132.2,19,isocontour,11.283791670955125,22479.11,47.3,-20.1,-4.2,1.003,2.2,2.0,3.0,-19.0,4.2,1.069,25,5,0,0,5
132.2,20,isocontour,11.283791670955125,25077.22,52.77,14.9,-14.2,0.997,0.1,3.3,3.3,1.2,-18.9,1.1,21,3,0,0,3
132.2,21,isocontour,11.283791670955125,25619.34,53.91,1.4,-18.9,1.097,0.9,0.1,0.9,1.4,-18.9,1.1,21,2,0,0,2
132.2,22,isocontour,11.283791670955125,27080.76,56.99,-18.2,-10.0,0.989,1.5,1.2,1.9,-19.0,4.2,1.069,25,4,0,0,4
132.2,23,isocontour,11.283791670955125,26287.75,55.32,-20.7,-1.4,0.99,0.8,-2.4,2.5,-19.0,4.2,1.069,25,5,0,0,5
132.2,24,isocontour,11.283791670955125,26618.47,56.02,5.5,-20.1,0.989,-1.8,-0.8,2.0,1.2,-18.9,1.1,21,3,0,0,3
132.2,25,isocontour,11.283791670955125,26007.05,54.73,-19.0,4.3,1.066,0.3,0.8,0.9,-19.0,4.2,1.069,25,4,0,0,4
132.2,Target,,,,,0.0,0.0,4.023,0.0,0.0,,,,,,,,,
132.3,1,isocontour,11.283791670955125,20928.26,44.04,13.2,16.0,0.99,-0.9,-0.1,0.9,5.1,18.3,1.093,8,7,0,0,7
132.3,2,isocontour,11.283791670955125,20766.22,43.7,-2.7,20.6,0.99,1.2,-0.2,1.2,5.1,18.3,1.093,8,7,0,0,7
132.3,3,isocontour,11.283791670955125,21000.23,44.19,5.6,20.0,0.99,0.2,1.6,1.6,5.1,18.3,1.093,8,6,0,0,6
132.3,4,isocontour,11.283791670955125,26296.67,55.34,18.0,10.4,0.99,-0.2,2.6,2.6,5.1,18.3,1.093,8,3,0,0,3
132.3,5,isocontour,11.283791670955125,24042.31,50.59,6.3,18.4,1.065,-0.6,1.9,2.0,5.1,18.3,1.093,8,6,0,0,6
132.3,6,isocontour,11.283791670955125,25835.76,54.37,5.9,18.9,1.044,-2.6,1.2,2.9,5.1,18.3,1.093,8,6,0,0,6
132.3,7,isocontour,11.283791670955125,23386.81,49.21,-17.6,11.2,0.985,0.1,0.4,0.4,5.1,18.4,1.09,8,4,0,0,4
132.3,8,isocontour,11.283791670955125,26795.24,56.39,5.5,18.4,1.079,1.0,2.2,2.4,5.1,18.3,1.093,8,6,0,0,6
132.3,9,isocontour,11.283791670955125,24302.15,51.14,20.6,2.9,0.986,1.3,-2.4,2.7,5.1,18.4,1.09,8,3,0,0,3
132.3,10,isocontour,11.283791670955125,25405.66,53.46,16.6,10.8,1.046,0.8,-0.4,0.9,5.1,18.3,1.093,8,3,0,0,3
132.3,11,isocontour,11.283791670955125,27359.7,57.58,-17.4,-9.0,1.054,0.2,-1.0,1.0,-19.0,4.2,1.069,25,4,0,0,4
132.3,12,isocontour,11.283791670955125,23805.95,50.1,-13.1,-15.9,0.997,0.1,-1.3,1.3,-19.0,4.2,1.069,25,2,0,0,2
132.3,13,isocontour,11.283791670955125,23461.83,49.37,19.9,-5.7,0.993,-1.1,-0.7,1.3,1.2,-18.9,1.1,21,2,0,0,2
132.3,14,isocontour,11.283791670955125,25680.3,54.04,10.0,-17.2,1.042,0.5,1.3,1.4,1.2,-18.9,1.1,21,3,0,0,3
132.3,15,isocontour,11.283791670955125,20622.72,43.4,-10.8,16.4,1.054,2.7,-1.0,2.9,5.1,18.3,1.093,8,3,0,0,3
132.3,16,isocontour,11.283791670955125,39930.1,84.03,-20.2,4.3,0.995,1.2,-1.3,1.8,-19.0,4.2,1.069,25,4,0,0,4
132.3,17,isocontour,11.283791670955125,21592.63,45.44,6.7,18.8,1.037,-1.1,0.5,1.2,5.1,18.3,1.093,8,6,0,0,6
132.3,18,isocontour,11.283791670955125,26975.17,56.77,-12.1,16.9,0.986,1.5,0.2,1.5,5.1,18.3,1.093,8,3,0,0,3
132.3,19,isocontour,11.283791670955125,22478.71,47.3,-20.0,-4.3,1.005,0.1,-0.7,0.7,-19.0,4.2,1.069,25,5,0,0,5
132.3,20,isocontour,11.283791670955125,25076.29,52.77,14.9,-14.1,1.002,-0.3,0.8,0.9,1.2,-18.9,1.1,21,3,0,0,3
132.3,21,isocontour,11.283791670955125,25618.5,53.91,1.5,-18.9,1.096,0.8,-0.2,0.8,1.5,-18.9,1.1,21,2,0,0,2
132.3,22,isocontour,11.283791670955125,27067.45,56.96,-18.1,-10.1,0.992,1.3,-1.7,2.1,-19.0,4.2,1.069,25,4,0,0,4
132.3,23,isocontour,11.283791670955125,26285.31,55.31,-20.7,-1.3,0.989,-0.4,1.2,1.3,-19.0,4.2,1.069,25,5,0,0,5
132.3,24,isocontour,11.283791670955125,26614.75,56.01,5.6,-20.1,0.985,1.4,-0.4,1.5,1.2,-18.9,1.1,21,3,0,0,3
132.3,25,isocontour,11.283791670955125,26005.57,54.73,-19.0,4.3,1.066,-0.2,-1.0,1.0,-19.0,4.2,1.069,25,4,0,0,4
132.3,Target,,,,,0.0,0.0,4.023,0.0,0.0,,,,,,,,,
132.4,1,isocontour,11.283791670955125,20926.56,44.04,13.2,16.1,0.988,-0.4,1.0,1.1,5.1,18.3,1.093,8,7,0,0,7
132.4,2,isocontour,11.283791670955125,20765.78,43.7,-2.7,20.6,0.991,-0.7,-0.2,0.7,5.1,18.3,1.093,8,7,0,0,7
132.4,3,isocontour,11.283791670955125,20999.92,44.19,5.7,20.0,0.988,0.6,-0.1,0.6,5.1,18.3,1.093,8,6,0,0,6
132.4,4,isocontour,11.283791670955125,26289.14,55.32,18.1,10.3,0.985,1.5,-1.0,1.8,5.1,18.3,1.093,8,3,0,0,3
132.4,5,isocontour,11.283791670955125,23951.51,50.4,6.0,18.4,1.072,-4.1,-0.3,4.1,5.1,18.3,1.093,8,6,0,0,6
132.4,6,isocontour,11.283791670955125,25818.26,54.33,5.7,18.8,1.054,-1.9,-1.5,2.4,5.1,18.3,1.093,8,6,0,0,6
132.4,7,isocontour,11.283791670955125,23373.68,49.19,-17.5,11.1,0.994,1.0,-1.9,2.1,5.1,18.3,1.093,8,4,0,0,4
132.4,8,isocontour,11.283791670955125,26782.11,56.36,5.6,18.6,1.066,0.8,2.0,2.2,5.1,18.3,1.093,8,6,0,0,6
132.4,9,isocontour,11.283791670955125,24236.66,51.0,20.6,2.5,0.991,-0.6,-3.7,3.7,1.2,-18.9,1.1,21,3,0,0,3
132.4,10,isocontour,11.283791670955125,25389.85,53.43,16.7,10.6,1.047,1.1,-2.1,2.4,5.1,18.3,1.093,8,3,0,0,3
132.4,11,isocontour,11.283791670955125,27358.46,57.57,-17.4,-9.1,1.056,0.8,-0.5,0.9,-19.0,4.2,1.069,25,4,0,0,4
132.4,12,isocontour,11.283791670955125,23707.77,49.89,-12.9,-16.2,0.995,3.2,-2.9,4.3,-19.0,4.2,1.069,25,2,0,0,2
132.4,13,isocontour,11.283791670955125,23461.14,49.37,19.9,-5.7,0.992,0.6,0.5,0.8,1.2,-18.9,1.1,21,2,0,0,2
132.4,14,isocontour,11.283791670955125,25679.69,54.04,10.0,-17.1,1.045,0.4,0.6,0.7,1.2,-18.9,1.1,21,3,0,0,3
132.4,15,isocontour,11.283791670955125,20614.02,43.38,-10.6,16.4,1.061,1.9,-0.1,1.9,5.1,18.3,1.093,8,3,0,0,3
132.4,16,isocontour,11.283791670955125,39898.31,83.96,-20.2,4.5,0.996,0.5,2.9,2.9,5.1,18.4,1.09,8,4,0,0,4
132.4,17,isocontour,11.283791670955125,21585.59,45.42,6.6,18.8,1.036,-1.6,0.8,1.8,5.1,18.3,1.093,8,6,0,0,6
132.4,18,isocontour,11.283791670955125,26968.92,56.75,-12.0,17.0,0.986,1.3,1.1,1.7,5.1,18.3,1.093,8,3,0,0,3
132.4,19,isocontour,11.283791670955125,22451.83,47.25,-20.3,-4.2,0.994,-2.6,0.9,2.8,-19.0,4.2,1.069,25,5,0,0,5
132.4,20,isocontour,11.283791670955125,25076.27,52.77,14.9,-14.1,1.003,0.1,0.2,0.2,1.2,-18.9,1.1,21,3,0,0,3
132.4,21,isocontour,11.283791670955125,25617.68,53.91,1.5,-18.9,1.094,0.8,-0.1,0.8,1.5,-18.9,1.1,21,2,0,0,2
132.4,22,isocontour,11.283791670955125,27049.06,56.92,-18.3,-10.2,0.982,-2.4,-0.5,2.5,-19.0,4.2,1.069,25,4,0,0,4
132.4,23,isocontour,11.283791670955125,26283.87,55.31,-20.7,-1.2,0.989,0.0,1.0,1.0,-19.0,4.2,1.069,25,5,0,0,5
132.4,24,isocontour,11.283791670955125,26591.73,55.96,5.8,-20.0,0.988,2.2,1.4,2.6,1.2,-18.9,1.1,21,3,0,0,3
132.4,25,isocontour,11.283791670955125,26004.98,54.72,-19.0,4.2,1.065,-0.3,-0.7,0.8,5.1,18.4,1.09,8,4,0,0,4
132.4,Target,,,,,0.0,0.0,4.023,0.0,0.0,,,,,,,,,
132.5,1,isocontour,11.283791670955125,20924.12,44.03,13.1,16.1,0.99,-1.2,0.3,1.2,5.1,18.3,1.093,8,7,0,0,7
132.5,2,isocontour,11.283791670955125,20765.37,43.7,-2.8,20.6,0.99,-0.7,0.1,0.7,5.1,18.3,1.093,8,7,0,0,7
132.5,3,isocontour,11.283791670955125,20998.52,44.19,5.6,20.0,0.99,-1.0,-0.3,1.0,5.1,18.3,1.093,8,6,0,0,6
132.5,4,isocontour,11.283791670955125,26283.22,55.31,18.2,10.2,0.981,1.3,-1.0,1.6,1.2,-18.9,1.1,21,3,0,0,3
132.5,5,isocontour,11.283791670955125,23951.14,50.4,6.0,18.4,1.072,0.6,-0.1,0.6,5.1,18.3,1.093,8,6,0,0,6
132.5,6,isocontour,11.283791670955125,25806.85,54.31,5.5,18.9,1.049,-1.2,1.7,2.1,5.1,18.3,1.093,8,6,0,0,6
132.5,7,isocontour,11.283791670955125,23369.63,49.18,-17.5,11.2,0.992,-0.0,1.5,1.5,5.1,18.3,1.093,8,4,0,0,4
132.5,8,isocontour,11.283791670955125,26680.45,56.15,5.2,18.6,1.072,-4.3,-0.4,4.3,5.1,18.3,1.093,8,6,0,0,6
132.5,9,isocontour,11.283791670955125,24235.69,51.0,20.6,2.5,0.992,-0.1,0.9,0.9,1.2,-18.9,1.1,21,3,0,0,3
132.5,10,isocontour,11.283791670955125,25365.77,53.38,16.7,10.4,1.052,0.4,-2.6,2.6,1.2,-18.9,1.1,21,3,0,0,3
132.5,11,isocontour,11.283791670955125,27342.03,57.54,-17.3,-8.9,1.065,0.7,2.2,2.3,-19.0,4.2,1.069,25,4,0,0,4
132.5,12,isocontour,11.283791670955125,23686.29,49.84,-12.7,-16.4,0.993,1.7,-1.9,2.5,-19.0,4.2,1.069,25,2,0,0,2
132.5,13,isocontour,11.283791670955125,23422.03,49.29,20.1,-5.9,0.982,1.3,-2.9,3.2,1.2,-18.9,1.1,21,2,0,0,2
132.5,14,isocontour,11.283791670955125,25673.77,54.03,10.2,-17.1,1.041,1.7,0.0,1.7,1.2,-18.9,1.1,21,3,0,0,3
132.5,15,isocontour,11.283791670955125,20609.19,43.37,-10.6,16.3,1.069,-0.2,-1.5,1.5,5.1,18.3,1.093,8,3,0,0,3
132.5,16,isocontour,11.283791670955125,39828.52,83.81,-20.5,4.7,0.978,-3.6,1.3,3.8,5.1,18.3,1.093,8,4,0,0,4
132.5,17,isocontour,11.283791670955125,21575.29,45.4,6.4,18.9,1.034,-1.8,1.0,2.1,5.1,18.3,1.093,8,6,0,0,6
132.5,18,isocontour,11.283791670955125,26967.4,56.75,-12.0,17.0,0.99,0.4,-1.0,1.1,5.1,18.3,1.093,8,3,0,0,3
132.5,19,isocontour,11.283791670955125,22440.09,47.22,-20.4,-4.3,0.984,-1.4,-1.6,2.1,5.1,18.4,1.09,8,5,0,0,5
132.5,20,isocontour,11.283791670955125,25071.63,52.76,14.9,-14.2,0.999,-0.2,-1.5,1.5,1.2,-18.9,1.1,21,3,0,0,3
132.5,21,isocontour,11.283791670955125,25616.77,53.91,1.6,-18.9,1.093,0.8,-0.3,0.9,1.6,-18.9,1.1,21,2,0,0,2
132.5,22,isocontour,11.283791670955125,27047.45,56.92,-18.3,-10.1,0.984,0.6,0.9,1.1,-19.0,4.2,1.069,25,4,0,0,4
132.5,23,isocontour,11.283791670955125,26247.31,55.23,-20.7,-1.0,0.994,0.9,2.9,3.0,5.1,18.4,1.09,8,5,0,0,5
132.5,24,isocontour,11.283791670955125,26570.5,55.91,6.0,-19.9,0.991,2.2,1.2,2.5,1.2,-18.9,1.1,21,3,0,0,3
132.5,25,isocontour,11.283791670955125,25984.97,54.68,-19.1,4.0,1.063,-0.8,-2.4,2.5,5.1,18.3,1.093,8,4,0,0,4
132.5,Target,,,,,0.0,0.0,4.023,0.0,0.0,,,,,,,,,
132.6,1,isocontour,11.283791670955125,20923.54,44.03,13.1,16.2,0.988,0.1,0.7,0.7,1.2,-18.9,1.1,21,7,0,0,7
132.6,2,isocontour,11.283791670955125,20762.1,43.69,-2.9,20.7,0.985,-1.0,1.0,1.4,5.1,18.3,1.093,8,7,0,0,7
132.6,3,isocontour,11.283791670955125,20996.26,44.18,5.6,19.9,0.996,0.2,-1.2,1.2,5.1,18.3,1.093,8,6,0,0,6
132.6,4,isocontour,11.283791670955125,26273.07,55.29,18.1,10.1,0.99,-1.8,-0.9,2.0,1.2,-18.9,1.1,21,3,0,0,3
132.6,5,isocontour,11.283791670955125,23943.23,50.39,5.9,18.5,1.065,-0.8,1.7,1.9,5.1,18.3,1.093,8,6,0,0,6
132.6,6,isocontour,11.283791670955125,25800.61,54.29,5.4,19.1,1.044,-1.2,1.2,1.7,5.1,18.3,1.093,8,6,0,0,6
132.6,7,isocontour,11.283791670955125,23367.88,49.17,-17.5,11.3,0.988,-0.1,1.1,1.1,5.1,18.3,1.093,8,4,0,0,4
132.6,8,isocontour,11.283791670955125,26680.14,56.15,5.2,18.6,1.073,0.6,-0.1,0.6,5.1,18.3,1.093,8,6,0,0,6
132.6,9,isocontour,11.283791670955125,24220.28,50.97,20.7,2.4,0.984,1.8,-1.4,2.3,1.2,-18.9,1.1,21,3,0,0,3
132.6,10,isocontour,11.283791670955125,25349.75,53.35,16.9,10.2,1.051,1.6,-1.7,2.3,1.2,-18.9,1.1,21,3,0,0,3
132.6,11,isocontour,11.283791670955125,27313.97,57.48,-17.4,-8.7,1.068,-1.0,2.6,2.8,5.1,18.4,1.09,8,4,0,0,4
132.6,12,isocontour,11.283791670955125,23674.04,49.82,-12.6,-16.6,0.987,0.7,-2.0,2.1,-19.0,4.2,1.069,25,2,0,0,2
132.6,13,isocontour,11.283791670955125,23292.82,49.02,19.9,-6.3,0.984,-2.2,-4.1,4.7,1.2,-18.9,1.1,21,2,0,0,2
132.6,14,isocontour,11.283791670955125,25665.2,54.01,10.3,-16.9,1.045,0.8,1.7,1.9,1.2,-18.9,1.1,21,3,0,0,3
132.6,15,isocontour,11.283791670955125,20605.54,43.36,-10.6,16.1,1.074,-0.5,-1.3,1.4,5.1,18.3,1.093,8,3,0,0,3
132.6,16,isocontour,11.283791670955125,39790.51,83.73,-20.6,4.4,0.974,-0.8,-3.0,3.1,5.1,18.3,1.093,8,4,0,0,4
132.6,17,isocontour,11.283791670955125,21540.13,45.33,6.1,19.0,1.038,-3.0,0.1,3.0,5.1,18.3,1.093,8,6,0,0,6
132.6,18,isocontour,11.283791670955125,26932.93,56.68,-11.8,17.1,0.989,2.2,2.1,3.0,5.1,18.3,1.093,8,3,0,0,3
132.6,19,isocontour,11.283791670955125,22435.35,47.21,-20.5,-4.2,0.981,-0.6,1.4,1.5,5.1,18.3,1.093,8,5,0,0,5
132.6,20,isocontour,11.283791670955125,24969.25,52.54,15.2,-14.0,0.995,3.3,2.7,4.3,1.2,-18.9,1.1,21,3,0,0,3
132.6,21,isocontour,11.283791670955125,25615.74,53.91,1.7,-19.0,1.09,0.9,-0.3,0.9,1.7,-19.0,1.1,21,2,0,0,2
132.6,22,isocontour,11.283791670955125,27044.9,56.91,-18.2,-10.0,0.991,0.8,0.9,1.2,5.1,18.4,1.09,8,4,0,0,4
132.6,23,isocontour,11.283791670955125,26246.21,55.23,-20.6,-1.0,0.996,0.2,-0.9,0.9,5.1,18.3,1.093,8,5,0,0,5
132.6,24,isocontour,11.283791670955125,26558.08,55.89,5.8,-19.8,0.994,-2.1,-0.0,2.1,1.2,-18.9,1.1,21,3,0,0,3
132.6,25,isocontour,11.283791670955125,25965.43,54.64,-19.1,3.7,1.063,-0.5,-2.4,2.5,5.1,18.3,1.093,8,4,0,0,4
132.6,Target,,,,,0.0,0.0,4.023,0.0,0.0,,,,,,,,,
132.7,1,isocontour,11.283791670955125,20922.05,44.03,13.1,16.3,0.982,0.4,1.0,1.1,1.2,-18.9,1.1,21,7,0,0,7
132.7,2,isocontour,11.283791670955125,20759.54,43.69,-2.8,20.6,0.99,0.5,-1.2,1.3,5.1,18.3,1.093,8,7,0,0,7
132.7,3,isocontour,11.283791670955125,20991.43,44.17,5.6,20.0,0.99,0.2,1.5,1.5,1.2,-18.9,1.1,21,6,0,0,6
132.7,4,isocontour,11.283791670955125,26271.79,55.29,18.1,10.0,0.993,0.4,-0.9,1.0,1.2,-18.9,1.1,21,3,0,0,3
132.7,5,isocontour,11.283791670955125,23941.13,50.38,5.8,18.5,1.07,-0.8,-0.9,1.2,1.2,-18.9,1.1,21,6,0,0,6
132.7,6,isocontour,11.283791670955125,25715.56,54.12,5.7,19.3,1.028,3.3,2.3,4.0,1.2,-18.9,1.1,21,6,0,0,6
132.7,7,isocontour,11.283791670955125,23332.73,49.1,-17.4,11.5,0.984,0.9,2.9,3.0,5.1,18.3,1.093,8,4,0,0,4
132.7,8,isocontour,11.283791670955125,26674.63,56.13,5.4,18.6,1.074,1.5,-0.7,1.7,1.2,-18.9,1.1,21,6,0,0,6
132.7,9,isocontour,11.283791670955125,24213.59,50.95,20.7,2.3,0.987,-0.9,-1.5,1.7,1.2,-18.9,1.1,21,3,0,0,3
132.7,10,isocontour,11.283791670955125,25335.51,53.32,17.1,10.1,1.044,2.0,-0.9,2.2,1.2,-18.9,1.1,21,3,0,0,3
132.7,11,isocontour,11.283791670955125,27288.52,57.43,-17.4,-8.4,1.072,-0.4,2.7,2.7,5.1,18.3,1.093,8,4,0,0,4
132.7,12,isocontour,11.283791670955125,23670.83,49.81,-12.6,-16.5,0.99,-0.3,1.3,1.3,5.1,18.4,1.09,8,2,0,0,2
132.7,13,isocontour,11.283791670955125,23289.47,49.01,19.8,-6.4,0.988,-1.1,-0.9,1.4,1.2,-18.9,1.1,21,2,0,0,2
132.7,14,isocontour,11.283791670955125,25659.79,54.0,10.3,-16.8,1.05,0.8,1.4,1.6,1.2,-18.9,1.1,21,3,0,0,3
132.7,15,isocontour,11.283791670955125,20585.29,43.32,-10.9,16.1,1.066,-2.5,0.3,2.5,5.1,18.3,1.093,8,3,0,0,3
132.7,16,isocontour,11.283791670955125,39789.11,83.73,-20.5,4.3,0.978,0.6,-0.9,1.1,5.1,18.3,1.093,8,4,0,0,4
132.7,17,isocontour,11.283791670955125,21507.02,45.26,6.0,19.2,1.029,-1.6,2.5,3.0,1.2,-18.9,1.1,21,6,0,0,6
132.7,18,isocontour,11.283791670955125,26911.45,56.63,-11.5,17.2,0.994,2.5,0.4,2.5,5.1,18.3,1.093,8,3,0,0,3
132.7,19,isocontour,11.283791670955125,22426.37,47.19,-20.3,-4.2,0.989,1.9,0.3,1.9,5.1,18.3,1.093,8,5,0,0,5
132.7,20,isocontour,11.283791670955125,24874.47,52.35,15.5,-13.7,0.992,3.2,2.8,4.3,1.2,-18.9,1.1,21,3,0,0,3
132.7,21,isocontour,11.283791670955125,25597.35,53.87,1.9,-18.9,1.091,2.4,0.5,2.5,1.9,-18.9,1.1,21,2,0,0,2
132.7,22,isocontour,11.283791670955125,27021.09,56.86,-18.1,-10.2,0.989,0.8,-2.5,2.6,5.1,18.3,1.093,8,4,0,0,4
132.7,23,isocontour,11.283791670955125,26130.56,54.99,-20.8,-0.7,0.99,-1.5,4.3,4.6,5.1,18.3,1.093,8,5,0,0,5
132.7,24,isocontour,11.283791670955125,26517.46,55.8,5.6,-20.0,0.99,-2.7,-1.7,3.2,1.2,-18.9,1.1,21,3,0,0,3
132.7,25,isocontour,11.283791670955125,25964.74,54.64,-19.2,3.7,1.061,-0.5,-0.6,0.8,5.1,18.3,1.093,8,4,0,0,4
132.7,Target,,,,,0.0,0.0,4.023,0.0,0.0,,,,,,,,,
132.8,1,isocontour,11.283791670955125,20889.6,43.96,12.9,16.2,0.994,-2.7,-1.1,2.9,1.2,-18.9,1.1,21,7,0,0,7
132.8,2,isocontour,11.283791670955125,20737.81,43.64,-2.7,20.4,1.002,1.3,-2.2,2.6,1.2,-18.9,1.1,21,7,0,0,7
132.8,3,isocontour,11.283791670955125,20980.51,44.15,5.5,20.2,0.982,-1.2,1.7,2.1,1.2,-18.9,1.1,21,6,0,0,6
132.8,4,isocontour,11.283791670955125,26248.78,55.24,18.3,10.0,0.982,2.6,-0.2,2.6,1.2,-18.9,1.1,21,3,0,0,3
132.8,5,isocontour,11.283791670955125,23938.98,50.38,5.9,18.5,1.066,1.0,0.6,1.2,1.2,-18.9,1.1,21,6,0,0,6
132.8,6,isocontour,11.283791670955125,25635.43,53.95,5.4,19.3,1.033,-3.9,-0.6,3.9,1.2,-18.9,1.1,21,6,0,0,6
132.8,7,isocontour,11.283791670955125,23318.68,49.07,-17.3,11.7,0.982,1.0,2.0,2.2,5.1,18.3,1.093,8,4,0,0,4
132.8,8,isocontour,11.283791670955125,26557.44,55.89,5.0,18.7,1.073,-4.3,1.4,4.5,1.2,-18.9,1.1,21,6,0,0,6
132.8,9,isocontour,11.283791670955125,24187.86,50.9,20.5,2.5,0.994,-1.5,2.3,2.7,1.2,-18.9,1.1,21,3,0,0,3
132.8,10,isocontour,11.283791670955125,25308.63,53.26,17.2,9.9,1.04,1.8,-2.1,2.8,1.2,-18.9,1.1,21,3,0,0,3
132.8,11,isocontour,11.283791670955125,27263.9,57.37,-17.5,-8.2,1.072,-1.3,2.4,2.7,5.1,18.3,1.093,8,4,0,0,4
132.8,12,isocontour,11.283791670955125,23669.43,49.81,-12.5,-16.5,0.995,1.0,0.3,1.0,5.1,18.3,1.093,8,2,0,0,2
132.8,13,isocontour,11.283791670955125,23252.91,48.93,19.6,-6.7,0.991,-1.4,-2.7,3.0,1.2,-18.9,1.1,21,2,0,0,2
132.8,14,isocontour,11.283791670955125,25659.33,54.0,10.4,-16.8,1.049,0.7,0.1,0.7,1.2,-18.9,1.1,21,3,0,0,3
132.8,15,isocontour,11.283791670955125,20579.26,43.31,-10.9,16.3,1.059,0.4,1.6,1.6,5.1,18.3,1.093,8,3,0,0,3
132.8,16,isocontour,11.283791670955125,39759.54,83.67,-20.4,4.1,0.986,1.2,-2.6,2.9,5.1,18.3,1.093,8,4,0,0,4
132.8,17,isocontour,11.283791670955125,21504.47,45.25,6.0,19.1,1.032,0.6,-1.1,1.3,1.2,-18.9,1.1,21,6,0,0,6
132.8,18,isocontour,11.283791670955125,26910.09,56.63,-11.4,17.3,0.993,0.6,0.8,1.0,5.1,18.3,1.093,8,3,0,0,3
132.8,19,isocontour,11.283791670955125,22419.44,47.18,-20.4,-4.0,0.99,-0.6,1.6,1.7,5.1,18.3,1.093,8,5,0,0,5
132.8,20,isocontour,11.283791670955125,24873.6,52.34,15.6,-13.7,0.989,0.9,0.0,0.9,1.2,-18.9,1.1,21,2,0,0,2
132.8,21,isocontour,11.283791670955125,25572.18,53.81,2.2,-18.9,1.09,2.7,-0.0,2.7,2.2,-18.9,1.1,21,2,0,0,2
132.8,22,isocontour,11.283791670955125,27018.83,56.86,-18.0,-10.3,0.989,0.6,-1.0,1.2,5.1,18.3,1.093,8,4,0,0,4
132.8,23,isocontour,11.283791670955125,26127.75,54.98,-20.9,-0.6,0.983,-1.2,0.4,1.3,5.1,18.3,1.093,8,5,0,0,5
132.8,24,isocontour,11.283791670955125,26496.72,55.76,5.6,-20.2,0.978,0.7,-2.4,2.5,1.2,-18.9,1.1,21,2,0,0,2
132.8,25,isocontour,11.283791670955125,25964.22,54.64,-19.2,3.6,1.06,-0.3,-0.7,0.8,5.1,18.3,1.093,8,4,0,0,4
132.8,Target,,,,,0.0,0.0,4.023,0.0,0.0,,,,,,,,,
132.9,1,isocontour,11.283791670955125,20887.61,43.96,12.8,16.1,1.001,-0.8,-0.9,1.2,1.2,-18.9,1.1,21,7,0,0,7
132.9,2,isocontour,11.283791670955125,20736.49,43.64,-2.6,20.4,1.003,1.0,0.3,1.0,1.2,-18.9,1.1,21,7,0,0,7
132.9,3,isocontour,11.283791670955125,20970.51,44.13,5.3,20.2,0.983,-2.0,0.3,2.0,1.2,-18.9,1.1,21,6,0,0,6
132.9,4,isocontour,11.283791670955125,26245.21,55.23,18.4,9.9,0.985,-0.4,-1.3,1.4,1.2,-18.9,1.1,21,3,0,0,3
132.9,5,isocontour,11.283791670955125,23937.5,50.37,5.8,18.5,1.067,-1.0,0.0,1.0,1.2,-18.9,1.1,21,6,0,0,6
132.9,6,isocontour,11.283791670955125,25632.56,53.94,5.2,19.2,1.039,-1.1,-0.7,1.3,1.2,-18.9,1.1,21,6,0,0,6
132.9,7,isocontour,11.283791670955125,23304.63,49.04,-17.1,11.7,0.991,2.2,-0.5,2.3,5.1,18.3,1.093,8,4,0,0,4
132.9,8,isocontour,11.283791670955125,26555.82,55.88,4.9,18.7,1.075,-1.1,-0.2,1.1,1.2,-18.9,1.1,21,6,0,0,6
132.9,9,isocontour,11.283791670955125,24161.55,50.85,20.5,2.7,0.995,-0.2,2.7,2.7,1.2,-18.9,1.1,21,3,0,0,3
132.9,10,isocontour,11.283791670955125,25279.36,53.2,17.2,9.7,1.051,-1.2,-2.6,2.9,1.2,-18.9,1.1,21,3,0,0,3
132.9,11,isocontour,11.283791670955125,27235.84,57.31,-17.5,-8.3,1.072,1.2,-2.5,2.8,5.1,18.3,1.093,8,4,0,0,4
132.9,12,isocontour,11.283791670955125,23659.13,49.79,-12.3,-16.5,0.999,1.9,-0.5,2.0,5.1,18.3,1.093,8,2,0,0,2
132.9,13,isocontour,11.283791670955125,23225.45,48.88,19.5,-6.9,0.992,-0.9,-2.6,2.8,1.2,-18.9,1.1,21,2,0,0,2
132.9,14,isocontour,11.283791670955125,25646.2,53.97,10.5,-16.6,1.053,1.4,1.7,2.2,1.2,-18.9,1.1,21,3,0,0,3
132.9,15,isocontour,11.283791670955125,20559.25,43.26,-10.6,16.3,1.064,2.5,0.3,2.5,1.2,-18.9,1.1,21,3,0,0,3
132.9,16,isocontour,11.283791670955125,39758.47,83.67,-20.4,4.0,0.989,0.0,-0.9,0.9,5.1,18.3,1.093,8,4,0,0,4
132.9,17,isocontour,11.283791670955125,21472.67,45.19,5.7,19.1,1.039,-2.9,-0.4,2.9,1.2,-18.9,1.1,21,6,0,0,6
132.9,18,isocontour,11.283791670955125,26889.11,56.58,-11.6,17.4,0.983,-2.3,1.0,2.5,1.2,-18.9,1.1,21,3,0,0,3
132.9,19,isocontour,11.283791670955125,22394.27,47.13,-20.3,-3.8,0.997,1.2,2.4,2.7,5.1,18.3,1.093,8,5,0,0,5
132.9,20,isocontour,11.283791670955125,24851.1,52.3,15.9,-13.7,0.978,2.6,-0.4,2.6,1.2,-18.9,1.1,21,2,0,0,2
132.9,21,isocontour,11.283791670955125,25571.36,53.81,2.3,-18.9,1.089,0.9,-0.0,0.9,2.3,-18.9,1.1,21,2,0,0,2
132.9,22,isocontour,11.283791670955125,27006.05,56.83,-17.9,-10.5,0.991,1.4,-1.7,2.2,5.1,18.3,1.093,8,4,0,0,4
132.9,23,isocontour,11.283791670955125,26124.03,54.97,-20.9,-0.7,0.981,-0.3,-1.4,1.4,5.1,18.3,1.093,8,5,0,0,5
132.9,24,isocontour,11.283791670955125,26485.95,55.74,5.8,-20.3,0.972,2.0,-0.4,2.0,1.2,-18.9,1.1,21,2,0,0,2
132.9,25,isocontour,11.283791670955125,25942.49,54.59,-19.3,3.4,1.06,-0.4,-2.5,2.5,5.1,18.3,1.093,8,4,0,0,4
132.9,Target,,,,,0.0,0.0,4.023,0.0,0.0,,,,,,,,,
133.0,1,isocontour,11.283791670955125,20865.37,43.91,13.0,16.1,0.993,2.6,0.4,2.6,1.2,-18.9,1.1,21,7,0,0,7
133.0,2,isocontour,11.283791670955125,20711.87,43.59,-2.8,20.4,1.0,-2.7,0.3,2.7,1.2,-18.9,1.1,21,7,0,0,7
133.0,3,isocontour,11.283791670955125,20953.66,44.09,5.4,20.0,0.992,0.8,-2.2,2.3,1.2,-18.9,1.1,21,6,0,0,6
133.0,4,isocontour,11.283791670955125,26239.9,55.22,18.3,10.0,0.985,-0.7,1.4,1.6,1.2,-18.9,1.1,21,3,0,0,3
133.0,5,isocontour,11.283791670955125,23934.82,50.37,5.9,18.5,1.071,0.7,-1.1,1.3,1.2,-18.9,1.1,21,6,0,0,6
133.0,6,isocontour,11.283791670955125,25631.56,53.94,5.3,19.1,1.042,0.7,-0.6,0.9,1.2,-18.9,1.1,21,6,0,0,6
133.0,7,isocontour,11.283791670955125,23303.59,49.04,-17.1,11.7,0.993,-0.5,-0.8,0.9,1.2,-18.9,1.1,21,4,0,0,4
133.0,8,isocontour,11.283791670955125,26529.52,55.83,5.1,18.6,1.076,2.6,-0.8,2.7,1.2,-18.9,1.1,21,6,0,0,6
133.0,9,isocontour,11.283791670955125,24161.53,50.84,20.5,2.8,0.995,-0.2,0.2,0.3,1.2,-18.9,1.1,21,3,0,0,3
133.0,10,isocontour,11.283791670955125,25259.35,53.16,17.0,9.7,1.06,-2.2,1.2,2.5,1.2,-18.9,1.1,21,3,0,0,3
133.0,11,isocontour,11.283791670955125,27232.84,57.31,-17.3,-8.4,1.076,1.2,-0.6,1.3,5.1,18.3,1.093,8,4,0,0,4
133.0,12,isocontour,11.283791670955125,23556.05,49.57,-12.0,-16.7,1.0,3.5,-2.5,4.3,5.1,18.3,1.093,8,2,0,0,2
133.0,13,isocontour,11.283791670955125,23225.14,48.87,19.5,-7.0,0.992,-0.3,-0.5,0.6,1.2,-18.9,1.1,21,2,0,0,2
133.0,14,isocontour,11.283791670955125,25644.88,53.97,10.6,-16.6,1.049,0.8,-0.6,1.0,1.2,-18.9,1.1,21,3,0,0,3
133.0,15,isocontour,11.283791670955125,20555.75,43.26,-10.5,16.4,1.063,0.9,1.1,1.4,1.2,-18.9,1.1,21,3,0,0,3
133.0,16,isocontour,11.283791670955125,39756.9,83.66,-20.4,3.9,0.992,0.6,-0.8,1.0,5.1,18.3,1.093,8,4,0,0,4
133.0,17,isocontour,11.283791670955125,21453.37,45.15,5.9,19.2,1.031,2.2,1.2,2.5,1.2,-18.9,1.1,21,6,0,0,6
133.0,18,isocontour,11.283791670955125,26880.81,56.57,-11.5,17.5,0.979,1.2,1.4,1.8,1.2,-18.9,1.1,21,3,0,0,3
133.0,19,isocontour,11.283791670955125,22392.99,47.12,-20.3,-3.7,0.997,-0.4,0.9,1.0,5.1,18.3,1.093,8,5,0,0,5
133.0,20,isocontour,11.283791670955125,24834.67,52.26,15.9,-13.5,0.984,-0.1,2.3,2.3,1.2,-18.9,1.1,21,2,0,0,2
133.0,21,isocontour,11.283791670955125,25547.28,53.76,2.5,-18.9,1.089,2.6,0.4,2.6,2.5,-18.9,1.1,21,2,0,0,2
133.0,22,isocontour,11.283791670955125,27000.55,56.82,-18.0,-10.6,0.983,-1.3,-1.0,1.6,5.1,18.3,1.093,8,4,0,0,4
133.0,23,isocontour,11.283791670955125,26095.07,54.91,-20.8,-0.9,0.984,0.9,-2.7,2.8,5.1,18.3,1.093,8,5,0,0,5
133.0,24,isocontour,11.283791670955125,26481.66,55.73,5.8,-20.2,0.978,-0.2,1.5,1.5,1.2,-18.9,1.1,21,2,0,0,2
133.0,25,isocontour,11.283791670955125,25919.21,54.54,-19.3,3.1,1.061,-0.2,-2.6,2.6,5.1,18.3,1.093,8,4,0,0,4
133.0,Target,,,,,0.0,0.0,4.023,0.0,0.0,,,,,,,,,
133.1,1,isocontour,11.283791670955125,20792.24,43.75,13.3,16.1,0.98,3.9,-0.0,3.9,1.2,-18.9,1.1,21,7,0,0,7
133.1,2,isocontour,11.283791670955125,20686.42,43.53,-3.1,20.4,0.996,-2.7,0.3,2.7,1.2,-18.9,1.1,21,7,0,0,7
133.1,3,isocontour,11.283791670955125,20947.74,44.08,5.3,20.1,0.988,-0.7,1.5,1.7,1.2,-18.9,1.1,21,6,0,0,6
133.1,4,isocontour,11.283791670955125,26206.45,55.15,18.2,9.8,0.996,-1.1,-2.8,3.0,1.2,-18.9,1.1,21,3,0,0,3
133.1,5,isocontour,11.283791670955125,23907.95,50.31,5.7,18.4,1.077,-2.7,-0.3,2.7,1.2,-18.9,1.1,21,6,0,0,6
133.1,6,isocontour,11.283791670955125,25602.9,53.88,5.0,19.2,1.044,-2.8,0.3,2.8,1.2,-18.9,1.1,21,6,0,0,6
133.1,7,isocontour,11.283791670955125,23297.24,49.03,-17.2,11.8,0.987,-0.6,1.6,1.7,1.2,-18.9,1.1,21,4,0,0,4
133.1,8,isocontour,11.283791670955125,26505.98,55.78,4.9,18.4,1.088,-1.9,-1.9,2.7,1.2,-18.9,1.1,21,6,0,0,6
133.1,9,isocontour,11.283791670955125,24158.98,50.84,20.5,2.9,0.992,0.7,1.0,1.2,1.2,-18.9,1.1,21,3,0,0,3
133.1,10,isocontour,11.283791670955125,25253.11,53.14,17.0,9.7,1.058,1.3,-1.1,1.7,1.2,-18.9,1.1,21,3,0,0,3
133.1,11,isocontour,11.283791670955125,27212.83,57.27,-17.3,-8.6,1.075,0.8,-2.4,2.5,5.1,18.3,1.093,8,4,0,0,4
133.1,12,isocontour,11.283791670955125,23554.21,49.57,-12.0,-16.7,1.002,-0.6,0.9,1.1,5.1,18.3,1.093,8,2,0,0,2
133.1,13,isocontour,11.283791670955125,23220.31,48.86,19.6,-7.1,0.985,1.3,-0.8,1.5,1.2,-18.9,1.1,21,2,0,0,2
133.1,14,isocontour,11.283791670955125,25628.03,53.93,10.8,-16.6,1.042,2.4,0.0,2.4,1.2,-18.9,1.1,21,3,0,0,3
133.1,15,isocontour,11.283791670955125,20552.89,43.25,-10.5,16.5,1.061,0.8,1.0,1.3,1.2,-18.9,1.1,21,3,0,0,3
133.1,16,isocontour,11.283791670955125,39745.66,83.64,-20.5,3.7,0.987,-1.6,-1.3,2.1,1.2,-18.9,1.1,21,4,0,0,4
133.1,17,isocontour,11.283791670955125,21450.87,45.14,5.8,19.1,1.033,-1.2,-0.5,1.3,1.2,-18.9,1.1,21,6,0,0,6
133.1,18,isocontour,11.283791670955125,26855.92,56.51,-11.3,17.6,0.98,2.4,1.1,2.6,1.2,-18.9,1.1,21,3,0,0,3
133.1,19,isocontour,11.283791670955125,22284.85,46.9,-20.4,-4.1,0.99,-0.8,-4.3,4.4,5.1,18.3,1.093,8,5,0,0,5
133.1,20,isocontour,11.283791670955125,24828.2,52.25,16.0,-13.4,0.984,1.3,1.1,1.7,1.2,-18.9,1.1,21,2,0,0,2
133.1,21,isocontour,11.283791670955125,25521.83,53.71,2.8,-18.9,1.088,2.7,0.1,2.7,2.8,-18.9,1.1,21,2,0,0,2
133.1,22,isocontour,11.283791670955125,26969.08,56.75,-17.8,-10.8,0.985,1.9,-2.2,2.9,5.1,18.3,1.093,8,4,0,0,4
133.1,23,isocontour,11.283791670955125,26068.77,54.86,-20.7,-1.2,0.991,1.4,-2.3,2.7,5.1,18.3,1.093,8,5,0,0,5
133.1,24,isocontour,11.283791670955125,26466.84,55.7,5.8,-20.0,0.989,0.1,2.3,2.3,1.2,-18.9,1.1,21,2,0,0,2
133.1,25,isocontour,11.283791670955125,25917.65,54.54,-19.3,3.0,1.06,-0.4,-1.0,1.1,1.2,-18.9,1.1,21,4,0,0,4
133.1,Target,,,,,0.0,0.0,4.023,0.0,0.0,,,,,,,,,
133.2,1,isocontour,11.283791670955125,20744.76,43.65,13.6,16.0,0.978,2.5,-2.2,3.3,1.2,-18.9,1.1,21,7,0,0,7
133.2,2,isocontour,11.283791670955125,20683.49,43.53,-3.1,20.5,0.989,-0.0,1.3,1.3,1.2,-18.9,1.1,21,7,0,0,7
133.2,3,isocontour,11.283791670955125,20920.27,44.02,5.1,20.3,0.983,-2.4,1.4,2.8,1.2,-18.9,1.1,21,6,0,0,6
133.2,4,isocontour,11.283791670955125,26184.97,55.1,18.1,10.0,0.994,-0.5,2.5,2.5,1.2,-18.9,1.1,21,3,0,0,3
133.2,5,isocontour,11.283791670955125,23879.59,50.25,5.4,18.4,1.082,-2.8,0.0,2.8,1.2,-18.9,1.1,21,6,0,0,6
133.2,6,isocontour,11.283791670955125,25586.47,53.84,4.8,19.2,1.043,-2.2,0.9,2.4,1.2,-18.9,1.1,21,6,0,0,6
133.2,7,isocontour,11.283791670955125,23267.35,48.96,-17.3,11.6,0.989,-0.9,-2.7,2.8,1.2,-18.9,1.1,21,4,0,0,4
133.2,8,isocontour,11.283791670955125,26504.54,55.78,4.8,18.4,1.092,-1.0,-0.1,1.0,1.2,-18.9,1.1,21,6,0,0,6
133.2,9,isocontour,11.283791670955125,24126.2,50.77,20.7,2.7,0.986,1.3,-2.6,2.9,1.2,-18.9,1.1,21,3,0,0,3
133.2,10,isocontour,11.283791670955125,25247.6,53.13,17.2,9.6,1.052,1.5,-0.5,1.6,1.2,-18.9,1.1,21,3,0,0,3
133.2,11,isocontour,11.283791670955125,27189.02,57.22,-17.1,-8.8,1.081,2.2,-1.5,2.7,5.1,18.3,1.093,8,4,0,0,4
133.2,12,isocontour,11.283791670955125,23553.0,49.56,-12.0,-16.7,1.0,0.4,-0.9,1.0,5.1,18.3,1.093,8,2,0,0,2
133.2,13,isocontour,11.283791670955125,23113.63,48.64,19.7,-6.7,0.989,0.5,4.4,4.4,1.2,-18.9,1.1,21,2,0,0,2
133.2,14,isocontour,11.283791670955125,25595.25,53.86,10.7,-16.8,1.037,-2.1,-2.1,3.0,1.2,-18.9,1.1,21,3,0,0,3
133.2,15,isocontour,11.283791670955125,20523.62,43.19,-10.2,16.6,1.064,2.7,0.9,2.8,1.2,-18.9,1.1,21,3,0,0,3
133.2,16,isocontour,11.283791670955125,39743.16,83.63,-20.4,3.6,0.99,0.8,-0.9,1.2,1.2,-18.9,1.1,21,4,0,0,4
133.2,17,isocontour,11.283791670955125,21425.42,45.09,5.6,19.1,1.041,-2.6,-0.7,2.7,1.2,-18.9,1.1,21,6,0,0,6
133.2,18,isocontour,11.283791670955125,26854.26,56.51,-11.2,17.6,0.982,1.1,0.2,1.1,1.2,-18.9,1.1,21,3,0,0,3
133.2,19,isocontour,11.283791670955125,22279.73,46.88,-20.5,-4.0,0.984,-1.1,1.1,1.6,1.2,-18.9,1.1,21,5,0,0,5
133.2,20,isocontour,11.283791670955125,24818.94,52.23,16.1,-13.3,0.983,1.3,1.5,2.0,1.2,-18.9,1.1,21,2,0,0,2
133.2,21,isocontour,11.283791670955125,25498.82,53.66,3.1,-18.9,1.087,2.6,0.3,2.6,3.1,-18.9,1.1,21,2,0,0,2
133.2,22,isocontour,11.283791670955125,26951.57,56.72,-17.6,-10.8,0.995,2.4,0.2,2.4,5.1,18.3,1.093,8,4,0,0,4
133.2,23,isocontour,11.283791670955125,26066.72,54.85,-20.7,-1.3,0.993,0.2,-1.1,1.1,1.2,-18.9,1.1,21,5,0,0,5
133.2,24,isocontour,11.283791670955125,26463.84,55.69,5.9,-19.9,0.991,1.2,0.5,1.3,1.2,-18.9,1.1,21,2,0,0,2
133.2,25,isocontour,11.283791670955125,25888.99,54.48,-19.4,2.7,1.058,-0.8,-2.7,2.8,1.2,-18.9,1.1,21,4,0,0,4
133.2,Target,,,,,0.0,0.0,4.023,0.0,0.0,,,,,,,,,
133.3,1,isocontour,11.283791670955125,20718.74,43.6,13.6,15.7,0.989,-0.4,-2.7,2.7,1.2,-18.9,1.1,21,7,0,0,7
133.3,2,isocontour,11.283791670955125,20682.85,43.52,-3.2,20.6,0.985,-0.1,0.8,0.8,1.2,-18.9,1.1,21,7,0,0,7
133.3,3,isocontour,11.283791670955125,20890.7,43.96,4.8,20.3,0.987,-2.8,-0.3,2.8,1.2,-18.9,1.1,21,6,0,0,6
133.3,4,isocontour,11.283791670955125,26165.43,55.06,18.3,10.1,0.982,2.1,1.3,2.5,1.2,-18.9,1.1,21,3,0,0,3
133.3,5,isocontour,11.283791670955125,23878.19,50.25,5.3,18.5,1.081,-0.8,0.6,1.0,1.2,-18.9,1.1,21,6,0,0,6
133.3,6,isocontour,11.283791670955125,25585.23,53.84,4.7,19.2,1.045,-1.0,-0.2,1.0,1.2,-18.9,1.1,21,6,0,0,6
133.3,7,isocontour,11.283791670955125,23265.26,48.96,-17.2,11.4,0.994,0.2,-1.2,1.2,1.2,-18.9,1.1,21,4,0,0,4
133.3,8,isocontour,11.283791670955125,26479.92,55.72,4.6,18.5,1.09,-2.5,1.0,2.7,1.2,-18.9,1.1,21,6,0,0,6
133.3,9,isocontour,11.283791670955125,24119.16,50.76,20.6,2.5,0.991,-1.0,-1.5,1.8,1.2,-18.9,1.1,21,3,0,0,3
133.3,10,isocontour,11.283791670955125,25244.67,53.12,17.3,9.6,1.046,1.3,-0.1,1.3,1.2,-18.9,1.1,21,3,0,0,3
133.3,11,isocontour,11.283791670955125,27186.58,57.21,-17.0,-8.9,1.084,0.8,-0.9,1.2,1.2,-18.9,1.1,21,4,0,0,4
133.3,12,isocontour,11.283791670955125,23528.38,49.51,-11.8,-16.9,0.998,2.0,-1.8,2.7,5.1,18.3,1.093,8,2,0,0,2
133.3,13,isocontour,11.283791670955125,23112.87,48.64,19.6,-6.6,0.992,-0.4,0.7,0.8,1.2,-18.9,1.1,21,2,0,0,2
133.3,14,isocontour,11.283791670955125,25563.45,53.8,10.4,-16.9,1.04,-2.8,-0.9,2.9,1.2,-18.9,1.1,21,3,0,0,3
133.3,15,isocontour,11.283791670955125,20521.92,43.19,-10.2,16.5,1.068,-0.4,-1.0,1.1,1.2,-18.9,1.1,21,3,0,0,3
133.3,16,isocontour,11.283791670955125,39719.89,83.59,-20.4,3.9,0.99,0.2,2.6,2.6,1.2,-18.9,1.1,21,4,0,0,4
133.3,17,isocontour,11.283791670955125,21394.27,45.02,5.3,19.1,1.046,-2.9,0.1,2.9,1.2,-18.9,1.1,21,6,0,0,6
133.3,18,isocontour,11.283791670955125,26816.25,56.43,-11.0,17.4,0.997,1.6,-2.7,3.1,1.2,-18.9,1.1,21,3,0,0,3
133.3,19,isocontour,11.283791670955125,22257.5,46.84,-20.3,-4.1,0.991,2.1,-1.6,2.6,1.2,-18.9,1.1,21,5,0,0,5
133.3,20,isocontour,11.283791670955125,24817.0,52.22,16.1,-13.1,0.988,-0.4,1.1,1.2,1.2,-18.9,1.1,21,2,0,0,2
133.3,21,isocontour,11.283791670955125,25497.97,53.66,3.2,-18.9,1.085,0.8,-0.2,0.8,3.2,-18.9,1.1,21,2,0,0,2
133.3,22,isocontour,11.283791670955125,26950.84,56.71,-17.6,-10.9,0.993,-0.4,-0.7,0.8,1.2,-18.9,1.1,21,4,0,0,4
133.3,23,isocontour,11.283791670955125,25971.94,54.65,-20.8,-1.0,0.986,-1.6,3.9,4.2,1.2,-18.9,1.1,21,5,0,0,5
133.3,24,isocontour,11.283791670955125,26461.46,55.68,5.8,-19.8,0.995,-1.1,0.4,1.2,1.2,-18.9,1.1,21,2,0,0,2
133.3,25,isocontour,11.283791670955125,25884.78,54.47,-19.5,2.7,1.05,-1.5,-0.1,1.5,1.2,-18.9,1.1,21,4,0,0,4
133.3,Target,,,,,0.0,0.0,4.023,0.0,0.0,,,,,,,,,
133.4,1,isocontour,11.283791670955125,20702.72,43.57,13.4,15.6,1.001,-2.2,-0.8,2.3,1.2,-18.9,1.1,21,7,0,0,7
133.4,2,isocontour,11.283791670955125,20659.31,43.47,-3.4,20.5,0.988,-2.3,-1.3,2.6,1.2,-18.9,1.1,21,7,0,0,7
133.4,3,isocontour,11.283791670955125,20864.96,43.91,5.0,20.2,0.99,2.5,-1.1,2.7,1.2,-18.9,1.1,21,6,0,0,6
133.4,4,isocontour,11.283791670955125,26153.86,55.04,18.4,10.0,0.981,0.9,-1.9,2.1,1.2,-18.9,1.1,21,3,0,0,3
133.4,5,isocontour,11.283791670955125,23854.65,50.2,5.5,18.5,1.074,2.6,0.7,2.7,1.2,-18.9,1.1,21,6,0,0,6
133.4,6,isocontour,11.283791670955125,25581.95,53.83,4.7,19.1,1.05,0.7,-1.2,1.4,1.2,-18.9,1.1,21,6,0,0,6
133.4,7,isocontour,11.283791670955125,23254.17,48.94,-17.3,11.3,0.998,-0.5,-2.0,2.1,1.2,-18.9,1.1,21,4,0,0,4
133.4,8,isocontour,11.283791670955125,26472.64,55.71,4.7,18.6,1.083,1.5,1.0,1.8,1.2,-18.9,1.1,21,6,0,0,6
133.4,9,isocontour,11.283791670955125,24092.85,50.7,20.6,2.7,0.991,-0.2,2.7,2.7,1.2,-18.9,1.1,21,3,0,0,3
133.4,10,isocontour,11.283791670955125,25215.09,53.06,17.4,9.3,1.049,0.5,-2.8,2.8,1.2,-18.9,1.1,21,3,0,0,3
133.4,11,isocontour,11.283791670955125,27183.72,57.2,-16.9,-9.0,1.083,0.4,-1.2,1.3,1.2,-18.9,1.1,21,4,0,0,4
133.4,12,isocontour,11.283791670955125,23437.58,49.32,-11.5,-17.1,0.999,3.5,-2.2,4.1,1.2,-18.9,1.1,21,2,0,0,2
133.4,13,isocontour,11.283791670955125,23107.36,48.63,19.6,-6.7,0.995,-0.9,-1.3,1.6,1.2,-18.9,1.1,21,2,0,0,2
133.4,14,isocontour,11.283791670955125,25550.32,53.77,10.3,-17.1,1.037,-1.3,-1.7,2.1,1.2,-18.9,1.1,21,3,0,0,3
133.4,15,isocontour,11.283791670955125,20518.11,43.18,-10.3,16.4,1.071,-0.8,-1.2,1.4,1.2,-18.9,1.1,21,3,0,0,3
133.4,16,isocontour,11.283791670955125,39710.76,83.57,-20.3,4.0,0.993,1.1,1.5,1.9,1.2,-18.9,1.1,21,4,0,0,4
133.4,17,isocontour,11.283791670955125,21376.33,44.98,5.5,19.1,1.041,2.3,0.6,2.4,1.2,-18.9,1.1,21,6,0,0,6
133.4,18,isocontour,11.283791670955125,26814.81,56.43,-11.0,17.5,0.998,0.6,0.9,1.1,1.2,-18.9,1.1,21,3,0,0,3
133.4,19,isocontour,11.283791670955125,22256.76,46.84,-20.3,-4.1,0.991,-0.5,0.6,0.8,1.2,-18.9,1.1,21,5,0,0,5
133.4,20,isocontour,11.283791670955125,24812.26,52.21,16.1,-13.0,0.995,-0.5,1.5,1.6,1.2,-18.9,1.1,21,2,0,0,2
133.4,21,isocontour,11.283791670955125,25471.96,53.6,3.4,-18.9,1.08,2.7,-0.4,2.7,3.4,-18.9,1.1,21,2,0,0,2
133.4,22,isocontour,11.283791670955125,26897.17,56.6,-17.7,-11.2,0.979,-1.5,-3.2,3.5,1.2,-18.9,1.1,21,4,0,0,4
133.4,23,isocontour,11.283791670955125,25940.79,54.59,-20.9,-1.2,0.98,-0.9,-2.8,2.9,1.2,-18.9,1.1,21,5,0,0,5
133.4,24,isocontour,11.283791670955125,26449.72,55.66,5.9,-20.0,0.986,0.9,-1.9,2.1,1.2,-18.9,1.1,21,2,0,0,2
133.4,25,isocontour,11.283791670955125,25883.54,54.47,-19.5,2.7,1.051,0.5,0.8,0.9,1.2,-18.9,1.1,21,4,0,0,4
133.4,Target,,,,,0.0,0.0,4.023,0.0,0.0,,,,,,,,,
133.5,1,isocontour,11.283791670955125,20702.2,43.57,13.4,15.6,0.999,0.6,0.5,0.8,1.2,-18.9,1.1,21,7,0,0,7
133.5,2,isocontour,11.283791670955125,20636.56,43.43,-3.6,20.4,0.992,-2.4,-1.1,2.6,1.2,-18.9,1.1,21,7,0,0,7
133.5,3,isocontour,11.283791670955125,20841.95,43.86,5.3,20.1,0.991,2.5,-0.8,2.6,1.2,-18.9,1.1,21,6,0,0,6
133.5,4,isocontour,11.283791670955125,26151.31,55.03,18.3,10.0,0.985,-1.2,0.2,1.2,1.2,-18.9,1.1,21,3,0,0,3
133.5,5,isocontour,11.283791670955125,23851.85,50.19,5.6,18.4,1.077,0.7,-1.0,1.2,1.2,-18.9,1.1,21,6,0,0,6
133.5,6,isocontour,11.283791670955125,25547.48,53.76,5.0,19.2,1.042,2.8,1.1,3.0,1.2,-18.9,1.1,21,6,0,0,6
133.5,7,isocontour,11.283791670955125,23237.74,48.9,-17.3,11.4,0.993,0.0,2.3,2.3,1.2,-18.9,1.1,21,4,0,0,4
133.5,8,isocontour,11.283791670955125,26442.75,55.65,4.8,18.4,1.095,0.7,-2.8,2.9,1.2,-18.9,1.1,21,6,0,0,6
133.5,9,isocontour,11.283791670955125,24089.58,50.69,20.6,2.8,0.986,0.9,1.0,1.3,1.2,-18.9,1.1,21,3,0,0,3
133.5,10,isocontour,11.283791670955125,25213.99,53.06,17.3,9.3,1.052,-0.8,0.5,0.9,1.2,-18.9,1.1,21,3,0,0,3
133.5,11,isocontour,11.283791670955125,27178.98,57.19,-16.8,-9.1,1.087,1.3,-0.8,1.5,1.2,-18.9,1.1,21,4,0,0,4
133.5,12,isocontour,11.283791670955125,23436.14,49.32,-11.4,-17.1,1.004,0.3,1.0,1.0,1.2,-18.9,1.1,21,2,0,0,2
133.5,13,isocontour,11.283791670955125,23101.95,48.62,19.7,-6.8,0.988,1.4,-0.8,1.6,1.2,-18.9,1.1,21,2,0,0,2
133.5,14,isocontour,11.283791670955125,25549.86,53.77,10.3,-17.1,1.037,0.5,0.5,0.7,1.2,-18.9,1.1,21,3,0,0,3
133.5,15,isocontour,11.283791670955125,20516.98,43.18,-10.4,16.4,1.071,-0.9,-0.4,1.0,1.2,-18.9,1.1,21,3,0,0,3
133.5,16,isocontour,11.283791670955125,39692.37,83.53,-20.5,4.1,0.983,-2.2,1.1,2.5,1.2,-18.9,1.1,21,4,0,0,4
133.5,17,isocontour,11.283791670955125,21350.03,44.93,5.7,19.0,1.041,2.6,-1.0,2.8,1.2,-18.9,1.1,21,6,0,0,6
133.5,18,isocontour,11.283791670955125,26811.16,56.42,-10.9,17.6,0.994,0.5,1.3,1.4,1.2,-18.9,1.1,21,3,0,0,3
133.5,19,isocontour,11.283791670955125,22211.78,46.74,-20.5,-4.4,0.981,-1.5,-2.9,3.3,1.2,-18.9,1.1,21,5,0,0,5
133.5,20,isocontour,11.283791670955125,24802.56,52.19,16.0,-13.2,0.991,-0.2,-1.9,1.9,1.2,-18.9,1.1,21,2,0,0,2
133.5,21,isocontour,11.283791670955125,25469.15,53.6,3.6,-18.9,1.081,1.2,0.6,1.3,3.6,-18.9,1.1,21,2,0,0,2
133.5,22,isocontour,11.283791670955125,26810.87,56.42,-17.5,-11.5,0.979,2.6,-3.1,4.0,1.2,-18.9,1.1,21,4,0,0,4
133.5,23,isocontour,11.283791670955125,25917.51,54.54,-20.8,-1.0,0.985,1.2,2.4,2.7,1.2,-18.9,1.1,21,5,0,0,5
133.5,24,isocontour,11.283791670955125,26449.47,55.66,5.9,-20.0,0.985,0.5,0.2,0.5,1.2,-18.9,1.1,21,2,0,0,2
133.5,25,isocontour,11.283791670955125,25882.44,54.47,-19.5,2.8,1.053,0.3,0.9,0.9,1.2,-18.9,1.1,21,4,0,0,4
133.5,Target,,,,,0.0,0.0,4.023,0.0,0.0,,,,,,,,,
133.6,1,isocontour,11.283791670955125,20677.85,43.51,13.7,15.6,0.991,2.7,-0.3,2.7,1.2,-18.9,1.1,21,7,0,0,7
133.6,2,isocontour,11.283791670955125,20614.83,43.38,-3.7,20.6,0.982,-1.4,2.2,2.6,1.2,-18.9,1.1,21,7,0,0,7
133.6,3,isocontour,11.283791670955125,20835.6,43.85,5.2,20.2,0.985,-0.7,1.6,1.7,1.2,-18.9,1.1,21,6,0,0,6
133.6,4,isocontour,11.283791670955125,26127.76,54.98,18.2,10.1,0.988,-1.6,2.1,2.6,1.2,-18.9,1.1,21,3,0,0,3
133.6,5,isocontour,11.283791670955125,23850.78,50.19,5.7,18.4,1.078,0.9,-0.3,0.9,1.2,-18.9,1.1,21,6,0,0,6
133.6,6,isocontour,11.283791670955125,25539.18,53.74,5.1,19.1,1.047,0.9,-1.6,1.8,1.2,-18.9,1.1,21,6,0,0,6
133.6,7,isocontour,11.283791670955125,23237.63,48.9,-17.3,11.4,0.993,0.3,-0.3,0.4,1.2,-18.9,1.1,21,4,0,0,4
133.6,8,isocontour,11.283791670955125,26440.95,55.64,4.9,18.3,1.096,1.1,-0.1,1.1,1.2,-18.9,1.1,21,6,0,0,6
133.6,9,isocontour,11.283791670955125,23972.38,50.45,20.6,2.5,0.988,-0.1,-4.5,4.5,1.2,-18.9,1.1,21,3,0,0,3
133.6,10,isocontour,11.283791670955125,25211.67,53.05,17.3,9.4,1.051,-0.2,1.2,1.2,1.2,-18.9,1.1,21,3,0,0,3
133.6,11,isocontour,11.283791670955125,27141.7,57.12,-16.6,-9.3,1.089,1.7,-2.6,3.1,1.2,-18.9,1.1,21,4,0,0,4
133.6,12,isocontour,11.283791670955125,23410.69,49.26,-11.2,-17.1,1.007,2.5,-1.1,2.7,1.2,-18.9,1.1,21,2,0,0,2
133.6,13,isocontour,11.283791670955125,23101.22,48.61,19.7,-6.8,0.989,-0.3,0.7,0.8,1.2,-18.9,1.1,21,2,0,0,2
133.6,14,isocontour,11.283791670955125,25534.85,53.73,10.5,-17.0,1.035,2.2,0.7,2.3,1.2,-18.9,1.1,21,3,0,0,3
133.6,15,isocontour,11.283791670955125,20497.67,43.13,-10.6,16.3,1.068,-2.3,-1.0,2.5,1.2,-18.9,1.1,21,3,0,0,3
133.6,16,isocontour,11.283791670955125,39692.05,83.53,-20.6,4.2,0.978,-0.5,0.4,0.6,1.2,-18.9,1.1,21,4,0,0,4
133.6,17,isocontour,11.283791670955125,21348.67,44.93,5.8,19.0,1.043,0.7,-0.7,1.0,1.2,-18.9,1.1,21,6,0,0,6
133.6,18,isocontour,11.283791670955125,26744.61,56.28,-11.1,17.8,0.976,-2.8,2.5,3.8,1.2,-18.9,1.1,21,3,0,0,3
133.6,19,isocontour,11.283791670955125,22210.58,46.74,-20.6,-4.5,0.975,-0.7,-0.7,1.0,1.2,-18.9,1.1,21,5,0,0,5
133.6,20,isocontour,11.283791670955125,24776.26,52.14,16.2,-13.4,0.978,1.7,-2.2,2.8,1.2,-18.9,1.1,21,2,0,0,2
133.6,21,isocontour,11.283791670955125,25468.05,53.59,3.6,-18.9,1.079,0.9,-0.4,1.0,3.6,-18.9,1.1,21,2,0,0,2
133.6,22,isocontour,11.283791670955125,26792.7,56.38,-17.3,-11.5,0.99,2.4,0.4,2.4,1.2,-18.9,1.1,21,4,0,0,4
133.6,23,isocontour,11.283791670955125,25907.96,54.52,-20.6,-0.9,0.996,1.9,0.2,1.9,1.2,-18.9,1.1,21,5,0,0,5
133.6,24,isocontour,11.283791670955125,26444.45,55.65,6.0,-19.9,0.992,0.1,1.6,1.6,1.2,-18.9,1.1,21,2,0,0,2
133.6,25,isocontour,11.283791670955125,25856.98,54.41,-19.4,3.1,1.052,0.2,2.7,2.7,1.2,-18.9,1.1,21,4,0,0,4
133.6,Target,,,,,0.0,0.0,4.023,0.0,0.0,,,,,,,,,
133.7,1,isocontour,11.283791670955125,20657.6,43.47,13.9,15.7,0.978,1.9,1.6,2.5,1.2,-18.9,1.1,21,7,0,0,7
133.7,2,isocontour,11.283791670955125,20581.71,43.31,-3.5,20.6,0.984,2.9,-0.3,2.9,1.2,-18.9,1.1,21,7,0,0,7
133.7,3,isocontour,11.283791670955125,20833.28,43.84,5.3,20.3,0.978,0.6,1.1,1.3,1.2,-18.9,1.1,21,6,0,0,6
133.7,4,isocontour,11.283791670955125,26100.3,54.92,17.9,10.1,1.001,-2.4,-1.3,2.7,1.2,-18.9,1.1,21,3,0,0,3
133.7,5,isocontour,11.283791670955125,23849.91,50.19,5.7,18.4,1.077,0.9,-0.2,0.9,1.2,-18.9,1.1,21,6,0,0,6
133.7,6,isocontour,11.283791670955125,25511.13,53.69,5.3,19.0,1.05,2.6,-1.0,2.8,1.2,-18.9,1.1,21,6,0,0,6
133.7,7,isocontour,11.283791670955125,23236.39,48.9,-17.2,11.5,0.994,0.6,0.8,1.0,1.2,-18.9,1.1,21,4,0,0,4
133.7,8,isocontour,11.283791670955125,26439.99,55.64,5.0,18.3,1.095,0.9,-0.1,0.9,1.2,-18.9,1.1,21,6,0,0,6
133.7,9,isocontour,11.283791670955125,23970.44,50.44,20.6,2.3,0.992,-0.6,-1.0,1.2,1.2,-18.9,1.1,21,3,0,0,3
133.7,10,isocontour,11.283791670955125,25186.22,53.0,17.2,9.7,1.047,-0.7,2.6,2.7,1.2,-18.9,1.1,21,3,0,0,3
133.7,11,isocontour,11.283791670955125,27140.91,57.11,-16.7,-9.3,1.088,-0.6,0.6,0.8,1.2,-18.9,1.1,21,4,0,0,4
133.7,12,isocontour,11.283791670955125,23381.11,49.2,-11.0,-17.3,1.004,2.0,-2.0,2.8,1.2,-18.9,1.1,21,2,0,0,2
133.7,13,isocontour,11.283791670955125,23100.65,48.61,19.7,-6.7,0.99,0.2,0.7,0.7,1.2,-18.9,1.1,21,2,0,0,2
133.7,14,isocontour,11.283791670955125,25530.2,53.73,10.4,-17.0,1.037,-1.5,-0.2,1.5,1.2,-18.9,1.1,21,3,0,0,3
133.7,15,isocontour,11.283791670955125,20496.23,43.13,-10.7,16.2,1.069,-0.8,-0.6,1.0,1.2,-18.9,1.1,21,3,0,0,3
133.7,16,isocontour,11.283791670955125,39654.04,83.45,-20.3,4.0,0.991,2.6,-1.7,3.1,1.2,-18.9,1.1,21,4,0,0,4
133.7,17,isocontour,11.283791670955125,21321.79,44.87,6.0,18.8,1.046,2.4,-1.3,2.7,1.2,-18.9,1.1,21,6,0,0,6
133.7,18,isocontour,11.283791670955125,26656.4,56.1,-11.5,17.7,0.974,-3.3,-2.4,4.1,1.2,-18.9,1.1,21,3,0,0,3
133.7,19,isocontour,11.283791670955125,22209.01,46.74,-20.5,-4.4,0.979,0.9,0.6,1.1,1.2,-18.9,1.1,21,5,0,0,5
133.7,20,isocontour,11.283791670955125,24755.28,52.09,16.4,-13.4,0.966,2.5,-0.0,2.5,1.2,-18.9,1.1,21,2,0,0,2
133.7,21,isocontour,11.283791670955125,25445.04,53.55,3.9,-18.9,1.076,2.6,0.1,2.6,3.9,-18.9,1.1,21,2,0,0,2
133.7,22,isocontour,11.283791670955125,26770.21,56.33,-17.3,-11.3,0.997,-0.4,2.6,2.6,1.2,-18.9,1.1,21,4,0,0,4
133.7,23,isocontour,11.283791670955125,25905.86,54.52,-20.6,-1.0,0.998,0.2,-1.1,1.1,1.2,-18.9,1.1,21,5,0,0,5
133.7,24,isocontour,11.283791670955125,26443.91,55.65,6.0,-19.8,0.994,0.6,0.4,0.7,1.2,-18.9,1.1,21,2,0,0,2
133.7,25,isocontour,11.283791670955125,25831.53,54.36,-19.6,3.0,1.042,-2.2,-1.5,2.7,1.2,-18.9,1.1,21,4,0,0,4
133.7,Target,,,,,0.0,0.0,4.023,0.0,0.0,,,,,,,,,
133.8,1,isocontour,11.283791670955125,20656.43,43.47,13.8,15.7,0.98,-0.7,-0.6,0.9,1.2,-18.9,1.1,21,7,0,0,7
133.8,2,isocontour,11.283791670955125,20579.4,43.31,-3.4,20.5,0.989,0.9,-0.8,1.2,1.2,-18.9,1.1,21,7,0,0,7
133.8,3,isocontour,11.283791670955125,20801.16,43.77,5.0,20.3,0.984,-2.8,-0.8,2.9,1.2,-18.9,1.1,21,6,0,0,6
133.8,4,isocontour,11.283791670955125,26098.31,54.92,17.8,10.1,1.006,-0.9,0.6,1.1,1.2,-18.9,1.1,21,3,0,0,3
133.8,5,isocontour,11.283791670955125,23833.89,50.16,5.6,18.4,1.081,-2.3,-0.1,2.3,1.2,-18.9,1.1,21,6,0,0,6
133.8,6,isocontour,11.283791670955125,25509.73,53.68,5.3,19.0,1.052,-1.0,-0.0,1.0,1.2,-18.9,1.1,21,6,0,0,6
133.8,7,isocontour,11.283791670955125,23231.47,48.89,-17.3,11.5,0.987,-1.5,0.2,1.5,1.2,-18.9,1.1,21,4,0,0,4
133.8,8,isocontour,11.283791670955125,26418.26,55.59,4.8,18.5,1.088,-1.8,1.8,2.5,1.2,-18.9,1.1,21,6,0,0,6
133.8,9,isocontour,11.283791670955125,23941.47,50.38,20.6,2.1,0.991,0.6,-2.8,2.9,1.2,-18.9,1.1,21,3,0,0,3
133.8,10,isocontour,11.283791670955125,25171.6,52.97,17.4,9.7,1.037,2.2,0.2,2.2,1.2,-18.9,1.1,21,3,0,0,3
133.8,11,isocontour,11.283791670955125,27138.48,57.11,-16.6,-9.2,1.092,0.2,1.2,1.2,1.2,-18.9,1.1,21,4,0,0,4
133.8,12,isocontour,11.283791670955125,23379.71,49.2,-10.9,-17.4,1.003,0.8,-0.6,1.0,1.2,-18.9,1.1,21,2,0,0,2
133.8,13,isocontour,11.283791670955125,23083.8,48.58,19.7,-6.5,0.989,0.9,2.2,2.4,1.2,-18.9,1.1,21,2,0,0,2
133.8,14,isocontour,11.283791670955125,25493.64,53.65,10.2,-17.2,1.036,-2.5,-1.8,3.1,1.2,-18.9,1.1,21,3,0,0,3
133.8,15,isocontour,11.283791670955125,20465.72,43.07,-10.9,16.1,1.069,-2.4,-1.6,2.9,1.2,-18.9,1.1,21,3,0,0,3
133.8,16,isocontour,11.283791670955125,39631.55,83.4,-20.4,3.8,0.991,-1.1,-2.4,2.6,1.2,-18.9,1.1,21,4,0,0,4
133.8,17,isocontour,11.283791670955125,21312.53,44.85,5.9,18.9,1.044,-1.7,1.0,2.0,1.2,-18.9,1.1,21,6,0,0,6
133.8,18,isocontour,11.283791670955125,26650.69,56.08,-11.5,17.5,0.981,0.1,-1.6,1.6,1.2,-18.9,1.1,21,3,0,0,3
133.8,19,isocontour,11.283791670955125,22192.15,46.7,-20.3,-4.3,0.99,1.8,1.5,2.3,1.2,-18.9,1.1,21,5,0,0,5
133.8,20,isocontour,11.283791670955125,24747.24,52.08,16.6,-13.3,0.965,1.2,1.4,1.8,1.2,-18.9,1.1,21,2,0,0,2
133.8,21,isocontour,11.283791670955125,25418.74,53.49,4.2,-18.9,1.07,2.7,-0.5,2.7,4.2,-18.9,1.1,21,2,0,0,2
133.8,22,isocontour,11.283791670955125,26756.16,56.31,-17.3,-11.4,0.991,-0.2,-2.2,2.2,1.2,-18.9,1.1,21,4,0,0,4
133.8,23,isocontour,11.283791670955125,25843.47,54.38,-20.8,-0.8,0.986,-2.7,2.5,3.7,1.2,-18.9,1.1,21,5,0,0,5
133.8,24,isocontour,11.283791670955125,26428.9,55.62,5.9,-20.0,0.986,-1.0,-2.0,2.2,1.2,-18.9,1.1,21,2,0,0,2
133.8,25,isocontour,11.283791670955125,25825.18,54.35,-19.8,2.8,1.036,-1.1,-1.3,1.7,1.2,-18.9,1.1,21,4,0,0,4
133.8,Target,,,,,0.0,0.0,4.023,0.0,0.0,,,,,,,,,
133.9,1,isocontour,11.283791670955125,20620.93,43.39,13.7,15.5,0.995,-1.7,-2.5,3.0,1.2,-18.9,1.1,21,7,0,0,7
133.9,2,isocontour,11.283791670955125,20576.05,43.3,-3.3,20.4,0.995,0.9,-1.0,1.3,1.2,-18.9,1.1,21,7,0,0,7
133.9,3,isocontour,11.283791670955125,20769.68,43.71,4.8,20.2,0.992,-2.8,-0.7,2.9,1.2,-18.9,1.1,21,6,0,0,6
133.9,4,isocontour,11.283791670955125,26074.23,54.87,17.9,10.3,0.995,1.5,2.2,2.7,1.2,-18.9,1.1,21,3,0,0,3
133.9,5,isocontour,11.283791670955125,23804.62,50.09,5.3,18.4,1.083,-2.8,0.7,2.9,1.2,-18.9,1.1,21,6,0,0,6
133.9,6,isocontour,11.283791670955125,25504.12,53.67,5.2,18.9,1.058,-1.4,-0.8,1.6,1.2,-18.9,1.1,21,6,0,0,6
133.9,7,isocontour,11.283791670955125,23204.3,48.83,-17.5,11.4,0.983,-2.0,-1.9,2.8,1.2,-18.9,1.1,21,4,0,0,4
133.9,8,isocontour,11.283791670955125,26409.69,55.58,4.7,18.6,1.08,-1.0,1.6,1.9,1.2,-18.9,1.1,21,6,0,0,6
133.9,9,isocontour,11.283791670955125,23910.96,50.32,20.7,1.8,0.987,1.2,-2.6,2.9,1.2,-18.9,1.1,21,3,0,0,3
133.9,10,isocontour,11.283791670955125,25099.03,52.82,17.3,9.4,1.05,-1.4,-3.6,3.9,1.2,-18.9,1.1,21,3,0,0,3
133.9,11,isocontour,11.283791670955125,27100.83,57.03,-16.5,-9.4,1.095,1.8,-2.5,3.1,1.2,-18.9,1.1,21,4,0,0,4
133.9,12,isocontour,11.283791670955125,23378.35,49.2,-10.8,-17.5,1.003,0.8,-0.7,1.1,1.2,-18.9,1.1,21,2,0,0,2
133.9,13,isocontour,11.283791670955125,23056.92,48.52,19.7,-6.2,0.994,-0.3,2.7,2.7,1.2,-18.9,1.1,21,2,0,0,2
133.9,14,isocontour,11.283791670955125,25462.16,53.58,10.0,-17.4,1.032,-2.0,-2.1,2.9,1.2,-18.9,1.1,21,3,0,0,3
133.9,15,isocontour,11.283791670955125,20443.48,43.02,-10.7,16.1,1.072,2.4,0.9,2.6,1.2,-18.9,1.1,21,3,0,0,3
133.9,16,isocontour,11.283791670955125,39631.05,83.4,-20.4,3.8,0.988,-0.4,0.6,0.7,1.2,-18.9,1.1,21,4,0,0,4
133.9,17,isocontour,11.283791670955125,21282.95,44.79,5.7,18.9,1.05,-2.8,-0.4,2.8,1.2,-18.9,1.1,21,6,0,0,6
133.9,18,isocontour,11.283791670955125,26648.32,56.08,-11.4,17.4,0.988,0.8,-0.9,1.2,1.2,-18.9,1.1,21,3,0,0,3
133.9,19,isocontour,11.283791670955125,22190.11,46.7,-20.4,-4.3,0.987,-1.2,0.1,1.2,1.2,-18.9,1.1,21,5,0,0,5
133.9,20,isocontour,11.283791670955125,24726.99,52.03,16.6,-13.1,0.968,0.8,2.4,2.5,1.2,-18.9,1.1,21,2,0,0,2
133.9,21,isocontour,11.283791670955125,25392.44,53.44,4.4,-19.0,1.065,2.7,-0.3,2.7,4.4,-19.0,1.1,21,2,0,0,2
133.9,22,isocontour,11.283791670955125,26754.84,56.3,-17.4,-11.5,0.986,-0.2,-1.0,1.0,1.2,-18.9,1.1,21,4,0,0,4
133.9,23,isocontour,11.283791670955125,25813.59,54.32,-20.9,-1.0,0.979,-0.8,-2.7,2.8,1.2,-18.9,1.1,21,5,0,0,5
133.9,24,isocontour,11.283791670955125,26428.86,55.62,5.9,-20.0,0.984,0.2,-0.2,0.3,1.2,-18.9,1.1,21,2,0,0,2
133.9,25,isocontour,11.283791670955125,25794.98,54.28,-19.8,2.6,1.037,-0.1,-2.9,2.9,1.2,-18.9,1.1,21,4,0,0,4
133.9,Target,,,,,0.0,0.0,4.023,0.0,0.0,,,,,,,,,
134.0,1,isocontour,11.283791670955125,20617.43,43.39,13.8,15.4,0.997,1.2,-0.7,1.4,13.8,15.4,0.995,1,7,0,0,7
134.0,2,isocontour,11.283791670955125,20551.42,43.25,-3.5,20.4,0.993,-2.7,0.1,2.7,-3.5,20.4,0.995,2,7,0,0,7
134.0,3,isocontour,11.283791670955125,20757.78,43.68,4.6,20.3,0.986,-1.3,1.6,2.1,4.6,20.3,0.992,3,6,0,0,6
134.0,4,isocontour,11.283791670955125,26018.23,54.75,18.1,10.1,0.992,2.0,-2.9,3.5,18.1,10.1,0.995,4,3,0,0,3
134.0,5,isocontour,11.283791670955125,23782.63,50.05,5.0,18.3,1.092,-2.3,-1.2,2.6,5.0,18.3,1.083,5,6,0,0,6
134.0,6,isocontour,11.283791670955125,25503.9,53.67,5.2,18.8,1.06,0.3,-0.5,0.6,5.2,18.8,1.058,6,6,0,0,6
134.0,7,isocontour,11.283791670955125,23187.44,48.8,-17.5,11.2,0.992,0.9,-2.2,2.4,-17.5,11.2,0.983,7,4,0,0,4
134.0,8,isocontour,11.283791670955125,26402.16,55.56,4.7,18.5,1.088,-0.7,-1.7,1.8,4.7,18.5,1.08,8,6,0,0,6
134.0,9,isocontour,11.283791670955125,23897.65,50.29,20.8,2.0,0.985,0.0,2.2,2.2,20.8,2.0,0.987,9,3,0,0,3
134.0,10,isocontour,11.283791670955125,25096.23,52.81,17.3,9.5,1.049,-0.0,1.3,1.3,17.3,9.5,1.05,10,3,0,0,3
134.0,11,isocontour,11.283791670955125,27084.19,57.0,-16.3,-9.5,1.101,2.0,-1.2,2.3,-16.3,-9.5,1.095,11,4,0,0,4
134.0,12,isocontour,11.283791670955125,23376.95,49.19,-10.7,-17.5,1.003,0.9,-0.5,1.0,-10.7,-17.5,1.003,12,2,0,0,2
134.0,13,isocontour,11.283791670955125,23056.13,48.52,19.7,-6.1,0.998,-0.4,0.7,0.8,19.7,-6.1,0.994,13,2,0,0,2
134.0,14,isocontour,11.283791670955125,25456.45,53.57,9.9,-17.5,1.028,-0.9,-1.4,1.7,9.9,-17.5,1.032,14,3,0,0,3
134.0,15,isocontour,11.283791670955125,20418.31,42.97,-10.5,16.3,1.072,2.3,1.5,2.7,-10.5,16.3,1.072,15,3,0,0,3
134.0,16,isocontour,11.283791670955125,39628.84,83.39,-20.4,3.8,0.991,0.5,-1.1,1.2,-20.4,3.8,0.988,16,4,0,0,4
134.0,17,isocontour,11.283791670955125,21273.83,44.77,5.6,18.7,1.061,-0.6,-1.8,1.9,5.6,18.7,1.05,17,6,0,0,6
134.0,18,isocontour,11.283791670955125,26619.35,56.02,-11.2,17.4,0.995,2.8,0.2,2.8,-11.2,17.4,0.988,18,3,0,0,3
134.0,19,isocontour,11.283791670955125,22188.01,46.69,-20.5,-4.3,0.981,-0.9,-0.8,1.2,-20.5,-4.3,0.987,19,5,0,0,5
134.0,20,isocontour,11.283791670955125,24704.23,51.99,16.7,-12.8,0.976,0.1,2.6,2.6,16.7,-12.8,0.968,20,2,0,0,2
134.0,21,isocontour,11.283791670955125,25366.42,53.38,4.7,-19.0,1.059,2.7,-0.3,2.7,4.7,-19.0,1.065,21,2,0,0,2
134.0,22,isocontour,11.283791670955125,26716.83,56.22,-17.2,-11.7,0.989,2.2,-2.2,3.1,-17.2,-11.7,0.986,22,4,0,0,4
134.0,23,isocontour,11.283791670955125,25780.81,54.25,-20.8,-1.3,0.984,1.2,-2.7,3.0,-20.8,-1.3,0.979,23,5,0,0,5
134.0,24,isocontour,11.283791670955125,26403.68,55.56,6.1,-19.9,0.99,1.9,2.0,2.8,6.1,-19.9,0.984,24,2,0,0,2
134.0,25,isocontour,11.283791670955125,25766.02,54.22,-19.8,2.3,1.037,-0.3,-2.8,2.8,-19.8,2.3,1.037,25,4,0,0,4
134.0,Target,,,,,0.0,0.0,4.023,0.0,0.0,,,,,,,,,
134.1,1,isocontour,11.283791670955125,20576.04,43.3,13.6,15.6,0.992,-1.7,2.7,3.2,5.0,18.3,1.092,5,7,0,0,7
134.1,2,isocontour,11.283791670955125,20540.18,43.22,-3.6,20.6,0.983,-0.1,2.1,2.1,5.0,18.3,1.092,5,7,0,0,7
134.1,3,isocontour,11.283791670955125,20756.25,43.68,4.6,20.4,0.981,0.6,0.9,1.1,5.0,18.3,1.092,5,6,0,0,6
134.1,4,isocontour,11.283791670955125,25941.64,54.59,18.3,9.8,0.99,2.2,-3.3,4.0,17.3,9.5,1.05,10,3,0,0,3
134.1,5,isocontour,11.283791670955125,23673.76,49.82,5.4,18.2,1.098,3.9,-2.0,4.4,5.4,18.2,1.092,5,6,0,0,6
134.1,6,isocontour,11.283791670955125,25501.8,53.67,5.1,18.8,1.064,-1.1,-0.4,1.2,5.0,18.3,1.092,5,6,0,0,6
134.1,7,isocontour,11.283791670955125,23185.87,48.79,-17.5,11.1,0.989,-1.1,-0.0,1.1,-10.5,16.3,1.072,15,4,0,0,4
134.1,8,isocontour,11.283791670955125,26398.95,55.55,4.8,18.5,1.088,1.3,0.1,1.3,5.0,18.3,1.092,5,6,0,0,6
134.1,9,isocontour,11.283791670955125,23875.16,50.24,20.7,1.8,0.989,-0.8,-2.5,2.6,17.3,9.5,1.05,10,3,0,0,3
134.1,10,isocontour,11.283791670955125,25064.43,52.75,17.2,9.7,1.049,-1.5,2.5,2.9,17.2,9.7,1.05,10,3,0,0,3
134.1,11,isocontour,11.283791670955125,27056.73,56.94,-16.1,-9.7,1.106,2.0,-2.0,2.8,-16.1,-9.7,1.101,11,4,0,0,4
134.1,12,isocontour,11.283791670955125,23374.58,49.19,-10.8,-17.4,1.006,-0.6,1.1,1.3,-16.3,-9.5,1.101,11,2,0,0,2
134.1,13,isocontour,11.283791670955125,23042.64,48.49,19.9,-6.1,0.989,2.2,0.3,2.2,19.9,-6.1,0.998,13,2,0,0,2
134.1,14,isocontour,11.283791670955125,25450.53,53.56,9.7,-17.5,1.031,-1.7,0.0,1.7,4.7,-19.0,1.065,21,3,0,0,3
134.1,15,isocontour,11.283791670955125,20396.07,42.92,-10.5,16.5,1.059,-0.8,2.5,2.6,-10.5,16.5,1.072,15,3,0,0,3
134.1,16,isocontour,11.283791670955125,39594.72,83.32,-20.4,3.5,0.992,-0.4,-3.0,3.0,-19.8,2.3,1.037,25,4,0,0,4
134.1,17,isocontour,11.283791670955125,21165.69,44.54,5.9,18.6,1.062,4.2,-1.3,4.4,5.0,18.3,1.092,5,6,0,0,6
134.1,18,isocontour,11.283791670955125,26609.8,56.0,-11.3,17.5,0.988,-1.5,1.2,1.9,-10.5,16.3,1.072,15,3,0,0,3
134.1,19,isocontour,11.283791670955125,22165.51,46.64,-20.4,-4.1,0.988,1.2,2.3,2.6,-16.3,-9.5,1.101,11,5,0,0,5
134.1,20,isocontour,11.283791670955125,24682.5,51.94,16.8,-12.6,0.98,1.0,2.4,2.6,9.9,-17.5,1.032,14,2,0,0,2
134.1,21,isocontour,11.283791670955125,25350.81,53.35,4.9,-19.1,1.05,2.0,-1.1,2.3,4.9,-19.1,1.065,21,2,0,0,2
134.1,22,isocontour,11.283791670955125,26709.18,56.21,-17.0,-11.8,0.996,1.8,-0.1,1.8,-16.3,-9.5,1.101,11,4,0,0,4
134.1,23,isocontour,11.283791670955125,25774.34,54.24,-20.7,-1.4,0.992,1.6,-0.5,1.7,-16.3,-9.5,1.101,11,5,0,0,5
134.1,24,isocontour,11.283791670955125,26379.87,55.51,6.3,-19.7,0.995,2.1,1.6,2.6,4.7,-19.0,1.065,21,2,0,0,2
134.1,25,isocontour,11.283791670955125,25765.2,54.22,-19.8,2.3,1.037,0.1,0.8,0.8,-19.8,2.3,1.037,25,4,0,0,4
134.1,Target,,,,,0.0,0.0,4.023,0.0,0.0,,,,,,,,,
134.2,1,isocontour,11.283791670955125,20573.72,43.29,13.5,15.7,0.991,-0.9,0.8,1.2,5.4,18.2,1.098,5,7,0,0,7
134.2,2,isocontour,11.283791670955125,20538.28,43.22,-3.6,20.6,0.982,-1.1,-0.3,1.1,5.4,18.2,1.098,5,7,0,0,7
134.2,3,isocontour,11.283791670955125,20752.12,43.67,4.8,20.4,0.982,1.3,-0.7,1.5,5.4,18.2,1.098,5,6,0,0,6
134.2,4,isocontour,11.283791670955125,25939.27,54.59,18.4,9.8,0.984,0.7,1.0,1.2,5.0,18.3,1.092,5,3,0,0,3
134.2,5,isocontour,11.283791670955125,23643.24,49.75,5.7,18.1,1.096,2.9,-0.3,2.9,5.7,18.1,1.098,5,6,0,0,6
134.2,6,isocontour,11.283791670955125,25413.59,53.48,5.4,18.9,1.056,4.1,0.6,4.1,5.4,18.2,1.098,5,6,0,0,6
134.2,7,isocontour,11.283791670955125,23185.67,48.79,-17.6,11.1,0.987,-0.5,-0.2,0.5,-10.5,16.3,1.072,15,4,0,0,4
134.2,8,isocontour,11.283791670955125,26394.48,55.54,4.8,18.4,1.095,-0.2,-1.5,1.5,5.4,18.2,1.098,5,6,0,0,6
134.2,9,isocontour,11.283791670955125,23872.48,50.24,20.6,1.8,0.993,-0.6,1.1,1.3,17.3,9.5,1.05,10,3,0,0,3
134.2,10,isocontour,11.283791670955125,25061.94,52.74,17.1,9.8,1.05,-0.8,1.0,1.3,5.0,18.3,1.092,5,3,0,0,3
134.2,11,isocontour,11.283791670955125,27052.17,56.93,-16.2,-9.8,1.098,-1.4,-0.5,1.5,-16.2,-9.8,1.106,11,4,0,0,4
134.2,12,isocontour,11.283791670955125,23302.01,49.04,-10.5,-17.6,1.007,3.4,-1.8,3.8,-16.1,-9.7,1.106,11,2,0,0,2
134.2,13,isocontour,11.283791670955125,23028.96,48.46,20.1,-6.0,0.979,2.1,0.5,2.2,17.3,9.5,1.05,10,2,0,0,2
134.2,14,isocontour,11.283791670955125,25420.65,53.49,9.4,-17.6,1.036,-2.8,-0.7,2.9,4.7,-19.0,1.065,21,3,0,0,3
134.2,15,isocontour,11.283791670955125,20395.61,42.92,-10.6,16.5,1.056,-0.7,-0.3,0.8,5.0,18.3,1.092,5,3,0,0,3
134.2,16,isocontour,11.283791670955125,39491.63,83.11,-20.5,3.8,0.986,-0.4,4.3,4.3,-16.3,-9.5,1.101,11,4,0,0,4
134.2,17,isocontour,11.283791670955125,21163.89,44.54,6.1,18.6,1.061,1.1,-0.1,1.1,5.4,18.2,1.098,5,6,0,0,6
134.2,18,isocontour,11.283791670955125,26522.23,55.81,-11.6,17.4,0.982,-3.9,-1.4,4.1,5.0,18.3,1.092,5,3,0,0,3
134.2,19,isocontour,11.283791670955125,22161.04,46.64,-20.3,-4.1,0.995,1.5,-0.3,1.5,-16.1,-9.7,1.106,11,5,0,0,5
134.2,20,isocontour,11.283791670955125,24658.15,51.89,16.8,-12.3,0.988,-0.0,2.7,2.7,4.7,-19.0,1.065,21,2,0,0,2
134.2,21,isocontour,11.283791670955125,25349.53,53.34,5.0,-19.2,1.045,0.8,-0.5,0.9,5.0,-19.2,1.065,21,2,0,0,2
134.2,22,isocontour,11.283791670955125,26687.95,56.16,-17.1,-12.0,0.986,-1.2,-2.3,2.6,-16.1,-9.7,1.106,11,4,0,0,4
134.2,23,isocontour,11.283791670955125,25757.05,54.2,-20.7,-1.2,0.99,-0.8,2.2,2.3,-16.1,-9.7,1.106,11,5,0,0,5
134.2,24,isocontour,11.283791670955125,26379.33,55.51,6.4,-19.6,0.997,0.7,0.4,0.8,4.7,-19.0,1.065,21,2,0,0,2
134.2,25,isocontour,11.283791670955125,25762.52,54.21,-19.9,2.3,1.033,-0.9,-0.8,1.2,-16.3,-9.5,1.101,11,4,0,0,4
134.2,Target,,,,,0.0,0.0,4.023,0.0,0.0,,,,,,,,,
134.3,1,isocontour,11.283791670955125,20554.18,43.25,13.7,15.7,0.984,2.5,0.0,2.5,5.4,18.2,1.098,5,7,0,0,7
134.3,2,isocontour,11.283791670955125,20533.17,43.21,-3.5,20.6,0.985,1.5,-0.4,1.6,5.4,18.2,1.098,5,7,0,0,7
134.3,3,isocontour,11.283791670955125,20725.25,43.61,5.0,20.2,0.987,2.3,-1.5,2.7,5.4,18.2,1.098,5,6,0,0,6
134.3,4,isocontour,11.283791670955125,25918.29,54.54,18.4,9.6,0.992,-0.8,-2.4,2.5,5.4,18.2,1.098,5,3,0,0,3
134.3,5,isocontour,11.283791670955125,23612.73,49.69,5.9,18.1,1.091,2.9,0.0,2.9,5.9,18.1,1.098,5,6,0,0,6
134.3,6,isocontour,11.283791670955125,25411.49,53.48,5.5,18.8,1.057,0.8,-0.8,1.1,5.4,18.2,1.098,5,6,0,0,6
134.3,7,isocontour,11.283791670955125,23161.05,48.74,-17.6,10.9,0.994,0.1,-2.7,2.7,-16.3,-9.5,1.101,11,4,0,0,4
134.3,8,isocontour,11.283791670955125,26363.01,55.48,5.0,18.4,1.091,2.9,0.4,2.9,5.4,18.2,1.098,5,6,0,0,6
134.3,9,isocontour,11.283791670955125,23870.38,50.23,20.6,2.0,0.993,-0.1,1.2,1.2,5.0,18.3,1.092,5,3,0,0,3
134.3,10,isocontour,11.283791670955125,25044.0,52.7,17.1,9.7,1.056,0.0,-2.4,2.4,5.4,18.2,1.098,5,3,0,0,3
134.3,11,isocontour,11.283791670955125,27049.17,56.92,-16.3,-9.8,1.094,-1.1,0.7,1.3,-16.1,-9.7,1.106,11,4,0,0,4
134.3,12,isocontour,11.283791670955125,23301.6,49.04,-10.4,-17.7,1.005,0.2,-0.7,0.7,-16.1,-9.7,1.106,11,2,0,0,2
134.3,13,isocontour,11.283791670955125,23000.6,48.4,20.0,-5.8,0.987,-1.4,2.4,2.8,4.7,-19.0,1.065,21,2,0,0,2
134.3,14,isocontour,11.283791670955125,25412.61,53.48,9.3,-17.7,1.032,-1.1,-1.5,1.9,4.7,-19.0,1.065,21,3,0,0,3
134.3,15,isocontour,11.283791670955125,20392.11,42.91,-10.6,16.4,1.061,-0.4,-1.3,1.4,5.4,18.2,1.098,5,3,0,0,3
134.3,16,isocontour,11.283791670955125,39491.35,83.1,-20.5,3.9,0.984,-0.1,0.6,0.6,-16.1,-9.7,1.106,11,4,0,0,4
134.3,17,isocontour,11.283791670955125,21162.19,44.53,6.1,18.5,1.064,0.5,-0.9,1.0,5.4,18.2,1.098,5,6,0,0,6
134.3,18,isocontour,11.283791670955125,26491.72,55.75,-11.6,17.1,0.993,0.7,-2.8,2.9,5.4,18.2,1.098,5,3,0,0,3
134.3,19,isocontour,11.283791670955125,22159.1,46.63,-20.2,-4.2,0.995,-0.1,-1.1,1.1,-16.1,-9.7,1.106,11,5,0,0,5
134.3,20,isocontour,11.283791670955125,24633.53,51.84,16.6,-12.3,0.997,-2.6,-0.7,2.7,4.7,-19.0,1.065,21,2,0,0,2
134.3,21,isocontour,11.283791670955125,25323.23,53.29,5.2,-19.2,1.038,2.7,-0.6,2.8,5.2,-19.2,1.065,21,2,0,0,2
134.3,22,isocontour,11.283791670955125,26685.57,56.16,-17.0,-11.9,0.989,0.5,1.1,1.2,-16.1,-9.7,1.106,11,3,0,0,3
134.3,23,isocontour,11.283791670955125,25754.79,54.2,-20.8,-1.1,0.986,-0.9,0.8,1.2,-16.1,-9.7,1.106,11,4,0,0,4
134.3,24,isocontour,11.283791670955125,26370.63,55.49,6.5,-19.8,0.988,0.9,-1.6,1.8,4.7,-19.0,1.065,21,2,0,0,2
134.3,25,isocontour,11.283791670955125,25725.24,54.14,-19.9,2.0,1.033,-0.1,-3.1,3.1,-16.1,-9.7,1.106,11,4,0,0,4
134.3,Target,,,,,0.0,0.0,4.023,0.0,0.0,,,,,,,,,
134.4,1,isocontour,11.283791670955125,20548.97,43.24,13.7,15.6,0.989,-0.5,-1.5,1.6,5.4,18.2,1.098,5,7,0,0,7
134.4,2,isocontour,11.283791670955125,20519.86,43.18,-3.6,20.4,0.994,-0.9,-2.0,2.2,5.4,18.2,1.098,5,7,0,0,7
134.4,3,isocontour,11.283791670955125,20694.41,43.55,5.1,20.0,0.996,1.6,-2.4,2.9,5.4,18.2,1.098,5,6,0,0,6
134.4,4,isocontour,11.283791670955125,25916.02,54.54,18.3,9.6,0.994,-0.7,1.0,1.2,5.4,18.2,1.098,5,3,0,0,3
134.4,5,isocontour,11.283791670955125,23580.61,49.62,5.7,18.1,1.094,-2.9,0.1,2.9,5.7,18.1,1.098,5,6,0,0,6
134.4,6,isocontour,11.283791670955125,25408.15,53.47,5.5,18.9,1.055,-1.1,0.8,1.4,5.4,18.2,1.098,5,6,0,0,6
134.4,7,isocontour,11.283791670955125,23134.75,48.68,-17.7,10.6,0.996,-1.3,-2.4,2.7,-16.1,-9.7,1.106,11,4,0,0,4
134.4,8,isocontour,11.283791670955125,26356.2,55.46,5.0,18.5,1.083,-0.6,1.6,1.7,5.4,18.2,1.098,5,6,0,0,6
134.4,9,isocontour,11.283791670955125,23769.42,50.02,20.7,1.6,0.989,1.3,-4.1,4.3,5.4,18.2,1.098,5,3,0,0,3
134.4,10,isocontour,11.283791670955125,25043.57,52.7,17.1,9.6,1.057,0.3,-0.6,0.7,5.4,18.2,1.098,5,3,0,0,3
134.4,11,isocontour,11.283791670955125,27037.09,56.9,-16.3,-9.9,1.087,-0.2,-2.1,2.1,-16.1,-9.7,1.106,11,4,0,0,4
134.4,12,isocontour,11.283791670955125,23301.16,49.03,-10.4,-17.7,1.002,0.1,-0.7,0.7,-16.1,-9.7,1.106,11,2,0,0,2
134.4,13,isocontour,11.283791670955125,22990.61,48.38,19.9,-5.9,0.989,-0.7,-1.8,1.9,5.0,18.3,1.092,5,2,0,0,2
134.4,14,isocontour,11.283791670955125,25409.11,53.47,9.4,-17.7,1.029,1.4,0.1,1.4,4.7,-19.0,1.065,21,3,0,0,3
134.4,15,isocontour,11.283791670955125,20364.65,42.85,-10.9,16.3,1.06,-2.5,-1.2,2.8,-16.3,-9.5,1.101,11,3,0,0,3
134.4,16,isocontour,11.283791670955125,39488.62,83.1,-20.4,3.9,0.989,0.8,-1.0,1.3,-16.1,-9.7,1.106,11,4,0,0,4
134.4,17,isocontour,11.283791670955125,21154.66,44.52,6.1,18.6,1.057,-0.1,1.8,1.8,5.4,18.2,1.098,5,6,0,0,6
134.4,18,isocontour,11.283791670955125,26485.14,55.73,-11.6,17.2,0.991,0.6,1.6,1.7,-16.3,-9.5,1.101,11,3,0,0,3
134.4,19,isocontour,11.283791670955125,22157.49,46.63,-20.3,-4.3,0.992,-0.4,-1.0,1.1,-16.1,-9.7,1.106,11,5,0,0,5
134.4,20,isocontour,11.283791670955125,24631.88,51.83,16.4,-12.3,1.003,-1.0,0.4,1.1,4.7,-19.0,1.065,21,2,0,0,2
134.4,21,isocontour,11.283791670955125,25322.26,53.29,5.4,-19.2,1.035,0.9,-0.2,0.9,5.4,-19.2,1.065,21,2,0,0,2
134.4,22,isocontour,11.283791670955125,26680.16,56.15,-16.9,-11.9,0.997,1.6,0.3,1.6,-16.1,-9.7,1.106,11,3,0,0,3
134.4,23,isocontour,11.283791670955125,25628.05,53.93,-20.8,-1.5,0.983,-0.2,-4.6,4.6,-16.1,-9.7,1.106,11,4,0,0,4
134.4,24,isocontour,11.283791670955125,26361.36,55.47,6.7,-19.8,0.984,1.9,-0.0,1.9,4.7,-19.0,1.065,21,2,0,0,2
134.4,25,isocontour,11.283791670955125,25710.03,54.1,-19.8,2.1,1.04,1.5,1.7,2.3,-16.1,-9.7,1.106,11,4,0,0,4
134.4,Target,,,,,0.0,0.0,4.023,0.0,0.0,,,,,,,,,
134.5,1,isocontour,11.283791670955125,20517.5,43.18,13.5,15.6,1.0,-2.9,-0.3,2.9,5.4,18.2,1.098,5,7,0,0,7
134.5,2,isocontour,11.283791670955125,20510.02,43.16,-3.6,20.5,0.987,0.6,1.9,2.0,-16.3,-9.5,1.101,11,7,0,0,7
134.5,3,isocontour,11.283791670955125,20668.11,43.49,5.4,20.0,0.994,2.7,0.1,2.7,5.4,18.2,1.098,5,6,0,0,6
134.5,4,isocontour,11.283791670955125,25914.41,54.53,18.4,9.7,0.989,0.7,0.8,1.1,5.4,18.2,1.098,5,3,0,0,3
134.5,5,isocontour,11.283791670955125,23576.8,49.61,5.6,18.1,1.097,-1.4,0.0,1.4,5.6,18.1,1.098,5,6,0,0,6
134.5,6,isocontour,11.283791670955125,25381.84,53.41,5.2,18.9,1.058,-2.7,0.2,2.7,5.4,18.2,1.098,5,6,0,0,6
134.5,7,isocontour,11.283791670955125,23133.5,48.68,-17.7,10.7,0.994,0.1,1.0,1.0,-16.1,-9.7,1.106,11,4,0,0,4
134.5,8,isocontour,11.283791670955125,26355.81,55.46,4.9,18.6,1.08,-0.5,0.4,0.6,5.4,18.2,1.098,5,6,0,0,6
134.5,9,isocontour,11.283791670955125,23767.1,50.01,20.7,1.7,0.988,-0.1,1.2,1.2,5.4,18.2,1.098,5,3,0,0,3
134.5,10,isocontour,11.283791670955125,25042.0,52.7,17.1,9.5,1.058,0.3,-1.0,1.0,5.4,18.2,1.098,5,3,0,0,3
134.5,11,isocontour,11.283791670955125,27034.83,56.89,-16.3,-10.1,1.084,0.3,-1.2,1.2,-16.1,-9.7,1.106,11,4,0,0,4
134.5,12,isocontour,11.283791670955125,23281.38,48.99,-10.2,-17.8,1.002,2.2,-1.2,2.5,-16.1,-9.7,1.106,11,2,0,0,2
134.5,13,isocontour,11.283791670955125,22988.23,48.38,19.9,-6.1,0.988,-0.2,-1.2,1.2,5.4,18.2,1.098,5,2,0,0,2
134.5,14,isocontour,11.283791670955125,25388.13,53.43,9.6,-17.6,1.03,2.1,1.5,2.6,4.7,-19.0,1.065,21,3,0,0,3
134.5,15,isocontour,11.283791670955125,20355.81,42.84,-11.0,16.2,1.057,-1.8,-0.7,1.9,-16.1,-9.7,1.106,11,3,0,0,3
134.5,16,isocontour,11.283791670955125,39486.72,83.09,-20.3,3.8,0.995,1.1,0.1,1.1,-16.1,-9.7,1.106,11,4,0,0,4
134.5,17,isocontour,11.283791670955125,21152.71,44.51,6.0,18.7,1.057,-1.1,0.1,1.1,5.4,18.2,1.098,5,6,0,0,6
134.5,18,isocontour,11.283791670955125,26407.97,55.57,-11.8,17.5,0.972,-2.9,2.7,4.0,-16.1,-9.7,1.106,11,3,0,0,3
134.5,19,isocontour,11.283791670955125,22149.05,46.61,-20.4,-4.4,0.983,-1.6,-1.0,1.9,-16.1,-9.7,1.106,11,5,0,0,5
134.5,20,isocontour,11.283791670955125,24621.27,51.81,16.3,-12.4,1.008,-1.8,-1.0,2.1,5.0,18.3,1.092,5,2,0,0,2
134.5,21,isocontour,11.283791670955125,25321.44,53.29,5.4,-19.2,1.034,0.8,0.0,0.8,5.4,-19.2,1.065,21,2,0,0,2
134.5,22,isocontour,11.283791670955125,26659.67,56.1,-17.0,-12.0,0.986,-2.1,-1.4,2.5,-16.1,-9.7,1.106,11,4,0,0,4
134.5,23,isocontour,11.283791670955125,25602.32,53.88,-20.7,-1.7,0.99,1.9,-2.0,2.8,-16.1,-9.7,1.106,11,5,0,0,5
134.5,24,isocontour,11.283791670955125,26340.38,55.43,6.8,-19.6,0.989,1.7,1.9,2.5,4.7,-19.0,1.065,21,2,0,0,2
134.5,25,isocontour,11.283791670955125,25689.29,54.06,-19.7,2.3,1.042,0.5,2.5,2.5,-16.1,-9.7,1.106,11,4,0,0,4
134.5,Target,,,,,0.0,0.0,4.023,0.0,0.0,,,,,,,,,
134.6,1,isocontour,11.283791670955125,20516.59,43.17,13.5,15.5,1.004,0.4,-0.8,0.9,5.4,18.2,1.098,5,7,0,0,7
134.6,2,isocontour,11.283791670955125,20506.81,43.15,-3.5,20.5,0.99,1.0,-0.9,1.3,-16.1,-9.7,1.106,11,7,0,0,7
134.6,3,isocontour,11.283791670955125,20642.38,43.44,5.4,20.2,0.982,-0.8,2.6,2.7,-16.3,-9.5,1.101,11,6,0,0,6
134.6,4,isocontour,11.283791670955125,25898.39,54.5,18.5,9.9,0.979,1.3,1.9,2.3,5.4,18.2,1.098,5,3,0,0,3
134.6,5,isocontour,11.283791670955125,23574.6,49.61,5.6,18.0,1.101,0.8,-0.9,1.2,-16.3,-9.5,1.101,11,6,0,0,6
134.6,6,isocontour,11.283791670955125,25366.83,53.38,5.3,18.9,1.052,2.2,0.6,2.3,-16.3,-9.5,1.101,11,6,0,0,6
134.6,7,isocontour,11.283791670955125,23056.92,48.52,-17.7,11.0,0.987,0.6,3.9,3.9,-16.1,-9.7,1.106,11,4,0,0,4
134.6,8,isocontour,11.283791670955125,26333.06,55.41,5.1,18.4,1.088,1.5,-2.1,2.6,-16.3,-9.5,1.101,11,6,0,0,6
134.6,9,isocontour,11.283791670955125,23759.06,50.0,20.6,1.7,0.996,-1.8,0.3,1.8,5.4,18.2,1.098,5,3,0,0,3
134.6,10,isocontour,11.283791670955125,25039.27,52.69,17.1,9.5,1.06,-0.9,0.9,1.3,5.4,18.2,1.098,5,3,0,0,3
134.6,11,isocontour,11.283791670955125,27033.47,56.89,-16.3,-10.1,1.084,0.6,-0.8,1.0,-16.1,-9.7,1.106,11,4,0,0,4
134.6,12,isocontour,11.283791670955125,23280.84,48.99,-10.1,-17.9,1.003,0.7,-0.0,0.7,-16.1,-9.7,1.106,11,2,0,0,2
134.6,13,isocontour,11.283791670955125,22972.82,48.34,19.7,-6.2,0.995,-1.9,-1.2,2.2,5.4,18.2,1.098,5,2,0,0,2
134.6,14,isocontour,11.283791670955125,25383.02,53.42,9.7,-17.5,1.036,0.4,1.5,1.6,5.0,18.3,1.092,5,3,0,0,3
134.6,15,isocontour,11.283791670955125,20320.65,42.76,-11.3,16.0,1.059,-2.3,-2.0,3.0,-16.1,-9.7,1.106,11,3,0,0,3
134.6,16,isocontour,11.283791670955125,39467.18,83.05,-20.3,3.6,0.999,0.3,-2.5,2.5,-16.1,-9.7,1.106,11,4,0,0,4
134.6,17,isocontour,11.283791670955125,21151.71,44.51,6.1,18.6,1.059,0.7,-0.6,0.9,-16.3,-9.5,1.101,11,6,0,0,6
134.6,18,isocontour,11.283791670955125,26384.7,55.52,-12.1,17.5,0.965,-2.5,-0.8,2.6,-16.1,-9.7,1.106,11,3,0,0,3
134.6,19,isocontour,11.283791670955125,22147.35,46.61,-20.5,-4.5,0.978,-0.8,-0.8,1.1,-16.1,-9.7,1.106,11,5,0,0,5
134.6,20,isocontour,11.283791670955125,24605.65,51.78,16.2,-12.6,1.004,-0.5,-2.2,2.3,5.4,18.2,1.098,5,2,0,0,2
134.6,21,isocontour,11.283791670955125,25320.62,53.28,5.5,-19.2,1.033,0.9,0.0,0.9,5.5,-19.2,1.065,21,2,0,0,2
134.6,22,isocontour,11.283791670955125,26632.21,56.04,-16.9,-12.2,0.988,2.2,-1.8,2.8,-16.1,-9.7,1.106,11,4,0,0,4
134.6,23,isocontour,11.283791670955125,25565.4,53.8,-20.7,-2.0,0.99,0.0,-3.1,3.1,-16.1,-9.7,1.106,11,5,0,0,5
134.6,24,isocontour,11.283791670955125,26323.52,55.39,7.0,-19.5,0.995,1.7,1.7,2.4,4.7,-19.0,1.065,21,2,0,0,2
134.6,25,isocontour,11.283791670955125,25685.95,54.05,-19.7,2.5,1.039,-0.5,1.3,1.4,-16.1,-9.7,1.106,11,4,0,0,4
134.6,Target,,,,,0.0,0.0,4.023,0.0,0.0,,,,,,,,,
134.7,1,isocontour,11.283791670955125,20515.88,43.17,13.5,15.5,1.002,0.8,-0.2,0.8,5.6,18.0,1.101,5,7,0,0,7
134.7,2,isocontour,11.283791670955125,20505.45,43.15,-3.4,20.4,0.993,0.9,-0.4,1.0,-16.1,-9.7,1.106,11,7,0,0,7
134.7,3,isocontour,11.283791670955125,20632.97,43.42,5.5,20.2,0.978,1.9,-0.0,1.9,-16.1,-9.7,1.106,11,6,0,0,6
134.7,4,isocontour,11.283791670955125,25870.93,54.44,18.3,9.7,0.989,-1.8,-2.1,2.8,5.4,18.2,1.098,5,3,0,0,3
134.7,5,isocontour,11.283791670955125,23546.54,49.55,5.8,17.9,1.103,2.5,-1.2,2.8,-16.1,-9.7,1.106,11,6,0,0,6
134.7,6,isocontour,11.283791670955125,25342.75,53.33,5.6,18.9,1.052,2.5,-0.9,2.7,-16.1,-9.7,1.106,11,6,0,0,6
134.7,7,isocontour,11.283791670955125,23056.6,48.52,-17.6,11.1,0.987,0.5,0.3,0.6,-16.1,-9.7,1.106,11,4,0,0,4
134.7,8,isocontour,11.283791670955125,26323.51,55.39,5.1,18.2,1.099,0.2,-1.9,1.9,-16.1,-9.7,1.106,11,6,0,0,6
134.7,9,isocontour,11.283791670955125,23756.91,49.99,20.6,1.8,0.996,0.2,1.2,1.2,5.4,18.2,1.098,5,3,0,0,3
134.7,10,isocontour,11.283791670955125,25015.99,52.64,17.1,9.3,1.067,0.0,-2.6,2.6,5.4,18.2,1.098,5,3,0,0,3
134.7,11,isocontour,11.283791670955125,27017.86,56.86,-16.2,-10.3,1.081,0.8,-2.2,2.3,-16.1,-9.7,1.106,11,4,0,0,4
134.7,12,isocontour,11.283791670955125,23279.96,48.99,-10.2,-17.9,1.0,-0.6,-0.6,0.8,-16.1,-9.7,1.106,11,2,0,0,2
134.7,13,isocontour,11.283791670955125,22971.42,48.34,19.7,-6.3,0.993,0.6,-0.8,1.0,5.4,18.2,1.098,5,2,0,0,2
134.7,14,isocontour,11.283791670955125,25381.36,53.41,9.7,-17.4,1.039,0.6,0.9,1.1,5.4,18.2,1.098,5,3,0,0,3
134.7,15,isocontour,11.283791670955125,20316.27,42.75,-11.2,15.9,1.065,1.4,-0.5,1.5,-16.1,-9.7,1.106,11,3,0,0,3
134.7,16,isocontour,11.283791670955125,39446.69,83.01,-20.4,3.8,0.993,-1.1,2.3,2.5,-16.1,-9.7,1.106,11,4,0,0,4
134.7,17,isocontour,11.283791670955125,21150.06,44.51,6.1,18.5,1.063,0.5,-0.9,1.0,-16.1,-9.7,1.106,11,6,0,0,6
134.7,18,isocontour,11.283791670955125,26366.31,55.48,-11.9,17.4,0.973,2.4,-0.5,2.5,-16.1,-9.7,1.106,11,3,0,0,3
134.7,19,isocontour,11.283791670955125,22146.56,46.6,-20.5,-4.5,0.98,0.4,0.7,0.8,-16.1,-9.7,1.106,11,5,0,0,5
134.7,20,isocontour,11.283791670955125,24575.14,51.72,16.1,-12.9,0.997,-0.6,-2.8,2.9,5.4,18.2,1.098,5,2,0,0,2
134.7,21,isocontour,11.283791670955125,25319.3,53.28,5.6,-19.2,1.031,1.0,-0.0,1.0,5.0,18.3,1.092,5,2,0,0,2
134.7,22,isocontour,11.283791670955125,26607.31,55.99,-16.6,-12.3,0.994,2.4,-1.3,2.7,-16.1,-9.7,1.106,11,4,0,0,4
134.7,23,isocontour,11.283791670955125,25550.58,53.77,-20.8,-2.2,0.98,-2.0,-1.1,2.3,-16.1,-9.7,1.106,11,5,0,0,5
134.7,24,isocontour,11.283791670955125,26322.12,55.39,7.0,-19.4,1.0,-0.8,0.7,1.1,5.0,18.3,1.092,5,2,0,0,2
134.7,25,isocontour,11.283791670955125,25662.67,54.0,-19.8,2.7,1.033,-0.7,2.5,2.6,-16.1,-9.7,1.106,11,4,0,0,4
134.7,Target,,,,,0.0,0.0,4.023,0.0,0.0,,,,,,,,,
134.8,1,isocontour,11.283791670955125,20503.63,43.15,13.7,15.5,0.992,1.8,1.1,2.1,-16.1,-9.7,1.106,11,7,0,0,7
134.8,2,isocontour,11.283791670955125,20504.38,43.15,-3.3,20.4,0.994,0.9,0.0,0.9,-16.1,-9.7,1.106,11,7,0,0,7
134.8,3,isocontour,11.283791670955125,20629.48,43.41,5.6,20.1,0.984,0.4,-1.3,1.4,-16.1,-9.7,1.106,11,6,0,0,6
134.8,4,isocontour,11.283791670955125,25864.35,54.43,18.2,9.8,0.993,-1.1,1.3,1.7,5.6,18.0,1.101,5,3,0,0,3
134.8,5,isocontour,11.283791670955125,23517.58,49.49,6.1,17.8,1.106,2.5,-1.3,2.8,-16.1,-9.7,1.106,11,6,0,0,6
134.8,6,isocontour,11.283791670955125,25340.38,53.33,5.7,18.8,1.057,0.6,-1.0,1.2,-16.1,-9.7,1.106,11,6,0,0,6
134.8,7,isocontour,11.283791670955125,23054.94,48.52,-17.6,11.0,0.989,-0.1,-1.1,1.1,-16.1,-9.7,1.106,11,4,0,0,4
134.8,8,isocontour,11.283791670955125,26293.62,55.33,5.3,18.1,1.102,2.7,-1.0,2.9,-16.1,-9.7,1.106,11,6,0,0,6
134.8,9,isocontour,11.283791670955125,23740.05,49.96,20.8,1.9,0.985,2.3,0.7,2.4,5.4,18.2,1.098,5,3,0,0,3
134.8,10,isocontour,11.283791670955125,24992.45,52.59,17.0,9.5,1.065,-0.7,2.5,2.6,5.6,18.0,1.101,5,3,0,0,3
134.8,11,isocontour,11.283791670955125,26995.87,56.81,-16.1,-10.6,1.079,1.2,-2.3,2.6,-16.1,-9.7,1.106,11,4,0,0,4
134.8,12,isocontour,11.283791670955125,23277.59,48.98,-10.1,-17.9,1.002,1.2,-0.1,1.2,-16.1,-9.7,1.106,11,2,0,0,2
134.8,13,isocontour,11.283791670955125,22931.56,48.26,20.0,-6.3,0.978,3.1,-0.4,3.1,5.4,18.2,1.098,5,2,0,0,2
134.8,14,isocontour,11.283791670955125,25372.79,53.39,9.7,-17.5,1.034,-0.8,-1.7,1.9,5.4,18.2,1.098,5,3,0,0,3
134.8,15,isocontour,11.283791670955125,20315.13,42.75,-11.1,15.9,1.069,0.9,-0.1,0.9,-16.1,-9.7,1.106,11,3,0,0,3
134.8,16,isocontour,11.283791670955125,39425.46,82.97,-20.5,4.0,0.986,-0.8,2.4,2.5,-16.1,-9.7,1.106,11,4,0,0,4
134.8,17,isocontour,11.283791670955125,21122.0,44.45,6.3,18.4,1.068,2.2,-1.7,2.8,-16.1,-9.7,1.106,11,6,0,0,6
134.8,18,isocontour,11.283791670955125,26338.84,55.43,-11.6,17.3,0.985,2.5,-1.2,2.8,-16.1,-9.7,1.106,11,3,0,0,3
134.8,19,isocontour,11.283791670955125,22144.67,46.6,-20.4,-4.4,0.985,1.1,0.3,1.1,-16.1,-9.7,1.106,11,5,0,0,5
134.8,20,isocontour,11.283791670955125,24530.57,51.62,16.4,-12.8,0.989,3.0,1.3,3.3,5.4,18.2,1.098,5,3,0,0,3
134.8,21,isocontour,11.283791670955125,25288.47,53.22,5.9,-19.3,1.026,2.9,-0.2,2.9,5.4,18.2,1.098,5,2,0,0,2
134.8,22,isocontour,11.283791670955125,26575.84,55.93,-16.8,-12.1,0.996,-1.6,2.4,2.9,-16.1,-9.7,1.106,11,4,0,0,4
134.8,23,isocontour,11.283791670955125,25550.24,53.77,-20.9,-2.2,0.977,-0.3,-0.6,0.7,-16.1,-9.7,1.106,11,5,0,0,5
134.8,24,isocontour,11.283791670955125,26217.61,55.17,6.7,-19.7,0.99,-2.7,-3.4,4.3,5.4,18.2,1.098,5,3,0,0,3
134.8,25,isocontour,11.283791670955125,25661.6,54.0,-19.8,2.8,1.033,0.3,0.9,0.9,-16.1,-9.7,1.106,11,4,0,0,4
134.8,Target,,,,,0.0,0.0,4.023,0.0,0.0,,,,,,,,,
134.9,1,isocontour,11.283791670955125,20501.88,43.14,13.7,15.7,0.987,-0.2,1.1,1.1,-16.1,-9.7,1.106,11,7,0,0,7
134.9,2,isocontour,11.283791670955125,20502.94,43.15,-3.3,20.4,0.997,-0.8,-0.6,1.0,-16.1,-9.7,1.106,11,7,0,0,7
134.9,3,isocontour,11.283791670955125,20611.31,43.37,5.4,20.0,0.993,-2.0,-1.3,2.4,-16.1,-9.7,1.106,11,6,0,0,6
134.9,4,isocontour,11.283791670955125,25854.05,54.41,18.2,9.7,0.998,0.1,-2.0,2.0,-16.1,-9.7,1.106,11,3,0,0,3
134.9,5,isocontour,11.283791670955125,23516.55,49.49,6.1,17.8,1.106,-0.9,0.2,0.9,-16.1,-9.7,1.106,11,6,0,0,6
134.9,6,isocontour,11.283791670955125,25308.9,53.26,5.4,18.7,1.063,-2.9,-0.3,2.9,-16.1,-9.7,1.106,11,6,0,0,6
134.9,7,isocontour,11.283791670955125,23035.63,48.48,-17.7,10.8,0.994,-0.5,-2.4,2.5,-16.1,-9.7,1.106,11,4,0,0,4
134.9,8,isocontour,11.283791670955125,26267.03,55.28,5.1,18.2,1.101,-2.6,0.9,2.8,-16.1,-9.7,1.106,11,6,0,0,6
134.9,9,isocontour,11.283791670955125,23736.33,49.95,20.9,1.9,0.977,1.3,0.5,1.4,5.6,18.0,1.101,5,3,0,0,3
134.9,10,isocontour,11.283791670955125,24964.69,52.54,17.0,9.8,1.057,-0.0,2.8,2.8,-16.1,-9.7,1.106,11,3,0,0,3
134.9,11,isocontour,11.283791670955125,26994.31,56.81,-16.0,-10.7,1.077,0.3,-1.0,1.0,-16.1,-9.7,1.106,11,4,0,0,4
134.9,12,isocontour,11.283791670955125,23277.18,48.98,-10.0,-18.0,1.002,0.5,-0.4,0.6,-16.1,-9.7,1.106,11,2,0,0,2
134.9,13,isocontour,11.283791670955125,22931.55,48.26,20.1,-6.3,0.976,-0.0,0.2,0.2,5.4,18.2,1.098,5,2,0,0,2
134.9,14,isocontour,11.283791670955125,25344.74,53.33,9.9,-17.4,1.034,2.4,1.5,2.8,5.4,18.2,1.098,5,3,0,0,3
134.9,15,isocontour,11.283791670955125,20310.4,42.74,-10.9,15.9,1.075,1.5,-0.3,1.5,-16.1,-9.7,1.106,11,3,0,0,3
134.9,16,isocontour,11.283791670955125,39334.66,82.77,-20.4,4.4,0.982,0.3,4.1,4.1,-16.1,-9.7,1.106,11,4,0,0,4
134.9,17,isocontour,11.283791670955125,21088.89,44.38,6.1,18.3,1.073,-3.0,0.2,3.0,-16.1,-9.7,1.106,11,6,0,0,6
134.9,18,isocontour,11.283791670955125,26314.49,55.38,-11.4,17.3,0.994,2.7,0.1,2.7,-16.1,-9.7,1.106,11,3,0,0,3
134.9,19,isocontour,11.283791670955125,22138.31,46.59,-20.2,-4.5,0.993,1.5,-0.8,1.7,-16.1,-9.7,1.106,11,5,0,0,5
134.9,20,isocontour,11.283791670955125,24489.17,51.53,16.4,-13.0,0.98,-0.4,-3.2,3.2,5.4,18.2,1.098,5,2,0,0,2
134.9,21,isocontour,11.283791670955125,25260.42,53.16,6.2,-19.3,1.017,2.7,-0.9,2.8,5.4,18.2,1.098,5,2,0,0,2
134.9,22,isocontour,11.283791670955125,26552.56,55.88,-17.0,-12.0,0.987,-2.6,0.6,2.7,-16.1,-9.7,1.106,11,4,0,0,4
134.9,23,isocontour,11.283791670955125,25514.03,53.69,-20.8,-2.5,0.981,1.1,-2.8,3.0,-16.1,-9.7,1.106,11,5,0,0,5
134.9,24,isocontour,11.283791670955125,26217.42,55.17,6.7,-19.7,0.986,0.5,-0.3,0.6,5.4,18.2,1.098,5,2,0,0,2
134.9,25,isocontour,11.283791670955125,25635.3,53.95,-19.7,3.1,1.036,1.0,2.5,2.7,-16.1,-9.7,1.106,11,4,0,0,4
134.9,Target,,,,,0.0,0.0,4.023,0.0,0.0,,,,,,,,,
135.0,1,isocontour,11.283791670955125,20494.84,43.13,13.8,15.6,0.987,1.3,-1.2,1.8,-16.1,-9.7,1.106,11,7,0,0,7
135.0,2,isocontour,11.283791670955125,20489.63,43.12,-3.3,20.5,0.988,0.5,2.1,2.2,-16.1,-9.7,1.106,11,7,0,0,7
135.0,3,isocontour,11.283791670955125,20609.61,43.37,5.5,19.9,0.996,0.9,-0.6,1.1,-16.1,-9.7,1.106,11,6,0,0,6
135.0,4,isocontour,11.283791670955125,25836.98,54.37,18.4,9.6,0.991,2.3,-0.7,2.4,-16.1,-9.7,1.106,11,3,0,0,3
135.0,5,isocontour,11.283791670955125,23511.72,49.48,5.9,17.8,1.111,-1.5,-0.4,1.6,5.9,17.8,1.106,5,6,0,0,6
135.0,6,isocontour,11.283791670955125,25307.2,53.26,5.3,18.8,1.063,-1.0,0.4,1.1,-16.1,-9.7,1.106,11,6,0,0,6
135.0,7,isocontour,11.283791670955125,23034.11,48.47,-17.7,10.7,0.995,-0.4,-1.0,1.1,-16.1,-9.7,1.106,11,4,0,0,4
135.0,8,isocontour,11.283791670955125,26240.44,55.22,4.9,18.2,1.103,-2.7,0.4,2.7,-16.1,-9.7,1.106,11,6,0,0,6
135.0,9,isocontour,11.283791670955125,23734.01,49.95,20.9,2.0,0.979,-0.9,0.9,1.3,-16.1,-9.7,1.106,11,3,0,0,3
135.0,10,isocontour,11.283791670955125,24962.01,52.53,17.1,9.9,1.05,0.9,0.9,1.3,-16.1,-9.7,1.106,11,3,0,0,3
135.0,11,isocontour,11.283791670955125,26979.29,56.77,-16.0,-10.9,1.074,0.8,-2.1,2.2,-16.1,-9.7,1.106,11,4,0,0,4
135.0,12,isocontour,11.283791670955125,23276.66,48.98,-9.9,-18.0,1.003,0.7,-0.1,0.7,-16.1,-9.7,1.106,11,2,0,0,2
135.0,13,isocontour,11.283791670955125,22920.14,48.23,19.9,-6.4,0.984,-2.0,-0.6,2.1,5.6,18.0,1.101,5,2,0,0,2
135.0,14,isocontour,11.283791670955125,25334.28,53.31,9.8,-17.5,1.03,-1.3,-1.6,2.1,5.4,18.2,1.098,5,3,0,0,3
135.0,15,isocontour,11.283791670955125,20309.76,42.74,-10.9,15.9,1.076,0.6,0.5,0.8,-16.1,-9.7,1.106,11,3,0,0,3
135.0,16,isocontour,11.283791670955125,39313.43,82.73,-20.3,4.3,0.99,1.6,-2.0,2.6,-16.1,-9.7,1.106,11,4,0,0,4
135.0,17,isocontour,11.283791670955125,21046.32,44.29,5.8,18.5,1.07,-2.7,1.7,3.2,-16.1,-9.7,1.106,11,6,0,0,6
135.0,18,isocontour,11.283791670955125,26310.69,55.37,-11.3,17.4,0.989,0.1,1.4,1.4,-16.1,-9.7,1.106,11,3,0,0,3
135.0,19,isocontour,11.283791670955125,22136.11,46.58,-20.2,-4.6,0.993,0.2,-1.2,1.2,-16.1,-9.7,1.106,11,5,0,0,5
135.0,20,isocontour,11.283791670955125,24466.16,51.49,16.2,-13.1,0.986,-2.6,-0.5,2.6,5.4,18.2,1.098,5,2,0,0,2
135.0,21,isocontour,11.283791670955125,25257.42,53.15,6.3,-19.3,1.014,1.3,0.1,1.3,5.4,18.2,1.098,5,2,0,0,2
135.0,22,isocontour,11.283791670955125,26494.64,55.75,-16.8,-12.2,0.988,2.4,-2.6,3.5,-16.1,-9.7,1.106,11,4,0,0,4
135.0,23,isocontour,11.283791670955125,25480.92,53.62,-20.7,-2.7,0.986,1.3,-2.6,2.9,-16.1,-9.7,1.106,11,5,0,0,5
135.0,24,isocontour,11.283791670955125,26212.01,55.16,6.7,-19.6,0.992,0.2,1.6,1.6,5.4,18.2,1.098,5,2,0,0,2
135.0,25,isocontour,11.283791670955125,25615.53,53.9,-19.5,3.0,1.049,2.3,-1.0,2.5,-16.1,-9.7,1.106,11,4,0,0,4
135.0,Target,,,,,0.0,0.0,4.023,0.0,0.0,,,,,,,,,
135.1,1,isocontour,11.283791670955125,20463.04,43.06,13.6,15.6,0.996,-2.9,0.0,2.9,5.9,17.8,1.111,5,7,0,0,7
135.1,2,isocontour,11.283791670955125,20460.06,43.06,-3.1,20.6,0.989,2.8,-0.2,2.8,5.9,17.8,1.111,5,7,0,0,7
135.1,3,isocontour,11.283791670955125,20602.57,43.36,5.4,20.0,0.991,-0.9,1.5,1.7,5.9,17.8,1.111,5,6,0,0,6
135.1,4,isocontour,11.283791670955125,25818.37,54.33,18.6,9.5,0.982,2.3,-0.9,2.5,-16.1,-9.7,1.106,11,3,0,0,3
135.1,5,isocontour,11.283791670955125,23496.31,49.45,5.8,17.9,1.107,-1.7,1.6,2.3,5.8,17.9,1.111,5,6,0,0,6
135.1,6,isocontour,11.283791670955125,25274.09,53.19,5.2,19.0,1.051,-0.8,2.8,2.9,5.9,17.8,1.111,5,6,0,0,6
135.1,7,isocontour,11.283791670955125,23032.94,48.47,-17.7,10.7,0.996,0.7,0.7,1.0,-16.1,-9.7,1.106,11,4,0,0,4
135.1,8,isocontour,11.283791670955125,26231.18,55.2,4.8,18.4,1.093,0.1,1.9,1.9,5.9,17.8,1.111,5,6,0,0,6
135.1,9,isocontour,11.283791670955125,23704.12,49.88,20.7,2.2,0.986,-1.6,2.4,2.9,-16.1,-9.7,1.106,11,3,0,0,3
135.1,10,isocontour,11.283791670955125,24949.59,52.5,17.3,9.9,1.04,2.1,-0.1,2.1,-16.1,-9.7,1.106,11,3,0,0,3
135.1,11,isocontour,11.283791670955125,26961.35,56.74,-15.8,-11.1,1.072,1.1,-2.1,2.4,-16.1,-9.7,1.106,11,4,0,0,4
135.1,12,isocontour,11.283791670955125,23276.25,48.98,-9.9,-18.0,1.001,0.2,-0.6,0.6,-16.1,-9.7,1.106,11,2,0,0,2
135.1,13,isocontour,11.283791670955125,22885.67,48.16,19.7,-6.6,0.987,-1.3,-2.7,3.0,-16.1,-9.7,1.106,11,2,0,0,2
135.1,14,isocontour,11.283791670955125,25332.84,53.31,9.7,-17.5,1.032,-1.0,-0.0,1.0,5.4,18.2,1.098,5,3,0,0,3
135.1,15,isocontour,11.283791670955125,20302.36,42.72,-10.9,15.8,1.081,-0.7,-1.6,1.7,-16.1,-9.7,1.106,11,3,0,0,3
135.1,16,isocontour,11.283791670955125,39311.38,82.73,-20.4,4.3,0.987,-1.2,0.1,1.2,-16.1,-9.7,1.106,11,4,0,0,4
135.1,17,isocontour,11.283791670955125,21026.07,44.25,5.6,18.6,1.065,-2.0,1.5,2.5,5.9,17.8,1.111,5,6,0,0,6
135.1,18,isocontour,11.283791670955125,26285.52,55.31,-11.6,17.4,0.982,-2.7,-0.2,2.7,-16.1,-9.7,1.106,11,3,0,0,3
135.1,19,isocontour,11.283791670955125,22125.18,46.56,-20.4,-4.6,0.984,-2.0,-0.2,2.0,-16.1,-9.7,1.106,11,5,0,0,5
135.1,20,isocontour,11.283791670955125,24438.7,51.43,16.0,-13.3,0.99,-2.2,-1.8,2.8,5.6,18.0,1.101,5,2,0,0,2
135.1,21,isocontour,11.283791670955125,25255.57,53.15,6.4,-19.3,1.015,1.0,0.6,1.2,5.4,18.2,1.098,5,2,0,0,2
135.1,22,isocontour,11.283791670955125,26468.34,55.7,-16.6,-12.4,0.995,2.5,-1.2,2.8,-16.1,-9.7,1.106,11,4,0,0,4
135.1,23,isocontour,11.283791670955125,25475.21,53.61,-20.5,-2.8,0.994,1.6,-0.4,1.6,-16.1,-9.7,1.106,11,5,0,0,5
135.1,24,isocontour,11.283791670955125,26185.13,55.1,6.9,-19.7,0.984,2.4,-1.3,2.7,5.4,18.2,1.098,5,2,0,0,2
135.1,25,isocontour,11.283791670955125,25588.94,53.85,-19.4,3.2,1.055,1.2,2.5,2.8,-16.1,-9.7,1.106,11,4,0,0,4
135.1,Target,,,,,0.0,0.0,4.023,0.0,0.0,,,,,,,,,
135.2,1,isocontour,11.283791670955125,20442.55,43.02,13.7,15.5,0.994,2.3,-1.0,2.5,5.9,17.8,1.111,5,7,0,0,7
135.2,2,isocontour,11.283791670955125,20457.26,43.05,-2.9,20.5,0.992,1.2,-0.5,1.3,5.9,17.8,1.111,5,7,0,0,7
135.2,3,isocontour,11.283791670955125,20541.19,43.23,5.2,20.3,0.98,-2.4,2.7,3.6,5.9,17.8,1.111,5,6,0,0,6
135.2,4,isocontour,11.283791670955125,25809.8,54.31,18.6,9.6,0.979,-0.5,1.8,1.9,5.9,17.8,1.111,5,3,0,0,3
135.2,5,isocontour,11.283791670955125,23459.74,49.37,6.0,17.9,1.103,3.0,-0.4,3.0,5.9,17.8,1.111,5,6,0,0,6
135.2,6,isocontour,11.283791670955125,25273.21,53.18,5.2,19.1,1.045,-0.2,0.8,0.8,5.9,17.8,1.111,5,6,0,0,6
135.2,7,isocontour,11.283791670955125,23023.39,48.45,-17.5,10.9,0.997,1.2,1.5,1.9,-16.1,-9.7,1.106,11,4,0,0,4
135.2,8,isocontour,11.283791670955125,26193.17,55.12,5.1,18.3,1.091,3.0,-0.7,3.1,5.9,17.8,1.111,5,6,0,0,6
135.2,9,isocontour,11.283791670955125,23674.24,49.82,20.6,2.0,0.993,-1.0,-2.7,2.9,-16.1,-9.7,1.106,11,3,0,0,3
135.2,10,isocontour,11.283791670955125,24913.38,52.43,17.2,10.1,1.038,-1.5,2.7,3.1,5.9,17.8,1.111,5,3,0,0,3
135.2,11,isocontour,11.283791670955125,26957.7,56.73,-15.7,-11.2,1.077,1.4,-0.4,1.5,-16.1,-9.7,1.106,11,4,0,0,4
135.2,12,isocontour,11.283791670955125,23274.93,48.98,-9.9,-18.1,0.998,0.3,-0.9,0.9,-16.1,-9.7,1.106,11,2,0,0,2
135.2,13,isocontour,11.283791670955125,22857.02,48.1,19.6,-6.9,0.988,-0.9,-2.7,2.8,-16.1,-9.7,1.106,11,2,0,0,2
135.2,14,isocontour,11.283791670955125,25303.88,53.25,9.9,-17.4,1.035,2.2,1.8,2.8,5.6,18.0,1.101,5,3,0,0,3
135.2,15,isocontour,11.283791670955125,20282.34,42.68,-11.0,15.6,1.087,-1.3,-2.1,2.5,5.9,17.8,1.111,5,3,0,0,3
135.2,16,isocontour,11.283791670955125,39311.32,82.73,-20.4,4.3,0.986,-0.0,-0.4,0.4,-16.1,-9.7,1.106,11,4,0,0,4
135.2,17,isocontour,11.283791670955125,20979.43,44.15,5.8,18.5,1.072,2.4,-2.3,3.3,5.9,17.8,1.111,5,6,0,0,6
135.2,18,isocontour,11.283791670955125,26260.9,55.26,-11.6,17.2,0.99,-0.4,-2.7,2.7,5.9,17.8,1.111,5,3,0,0,3
135.2,19,isocontour,11.283791670955125,22123.24,46.56,-20.5,-4.7,0.977,-1.0,-0.6,1.2,-16.1,-9.7,1.106,11,5,0,0,5
135.2,20,isocontour,11.283791670955125,24437.88,51.43,15.9,-13.4,0.987,0.3,-0.8,0.9,-16.1,-9.7,1.106,11,3,0,0,3
135.2,21,isocontour,11.283791670955125,25245.42,53.13,6.5,-19.4,1.005,1.0,-1.7,2.0,5.4,18.2,1.098,5,2,0,0,2
135.2,22,isocontour,11.283791670955125,26447.36,55.66,-16.7,-12.6,0.984,-1.3,-2.2,2.6,-16.1,-9.7,1.106,11,4,0,0,4
135.2,23,isocontour,11.283791670955125,25459.6,53.58,-20.5,-2.6,0.997,-0.0,2.3,2.3,-16.1,-9.7,1.106,11,5,0,0,5
135.2,24,isocontour,11.283791670955125,26178.33,55.09,7.1,-19.8,0.975,1.3,-1.2,1.8,5.6,18.0,1.101,5,3,0,0,3
135.2,25,isocontour,11.283791670955125,25562.35,53.79,-19.3,3.5,1.056,0.6,2.7,2.8,-16.1,-9.7,1.106,11,4,0,0,4
135.2,Target,,,,,0.0,0.0,4.023,0.0,0.0,,,,,,,,,
135.3,1,isocontour,11.283791670955125,20415.67,42.96,13.9,15.7,0.981,1.3,2.4,2.7,5.9,17.8,1.111,5,7,0,0,7
135.3,2,isocontour,11.283791670955125,20456.79,43.05,-2.9,20.5,0.994,-0.7,-0.2,0.7,5.9,17.8,1.111,5,7,0,0,7
135.3,3,isocontour,11.283791670955125,20530.26,43.2,5.3,20.3,0.976,2.0,-0.0,2.0,5.9,17.8,1.111,5,6,0,0,6
135.3,4,isocontour,11.283791670955125,25805.59,54.3,18.5,9.6,0.985,-1.3,-0.7,1.5,5.9,17.8,1.111,5,3,0,0,3
135.3,5,isocontour,11.283791670955125,23442.67,49.33,6.2,17.9,1.095,2.2,0.8,2.3,5.9,17.8,1.111,5,6,0,0,6
135.3,6,isocontour,11.283791670955125,25268.66,53.17,5.2,19.0,1.05,0.6,-1.4,1.5,5.9,17.8,1.111,5,6,0,0,6
135.3,7,isocontour,11.283791670955125,23021.44,48.45,-17.5,11.0,0.995,0.0,1.1,1.1,5.9,17.8,1.111,5,4,0,0,4
135.3,8,isocontour,11.283791670955125,26156.25,55.04,5.4,18.2,1.092,2.9,-1.0,3.1,5.9,17.8,1.111,5,6,0,0,6
135.3,9,isocontour,11.283791670955125,23672.03,49.81,20.6,2.1,0.994,-0.2,1.2,1.2,5.9,17.8,1.111,5,3,0,0,3
135.3,10,isocontour,11.283791670955125,24912.7,52.43,17.1,10.1,1.041,-0.3,-0.7,0.8,5.9,17.8,1.111,5,3,0,0,3
135.3,11,isocontour,11.283791670955125,26953.82,56.72,-15.6,-11.3,1.078,0.9,-1.1,1.4,-16.1,-9.7,1.106,11,4,0,0,4
135.3,12,isocontour,11.283791670955125,23272.83,48.97,-9.9,-18.0,1.002,-0.1,1.2,1.2,-16.1,-9.7,1.106,11,2,0,0,2
135.3,13,isocontour,11.283791670955125,22855.58,48.1,19.6,-6.8,0.99,-0.1,1.0,1.0,-16.1,-9.7,1.106,11,2,0,0,2
135.3,14,isocontour,11.283791670955125,25278.15,53.19,9.7,-17.5,1.033,-2.1,-1.7,2.7,-16.1,-9.7,1.106,11,3,0,0,3
135.3,15,isocontour,11.283791670955125,20268.67,42.65,-11.2,15.5,1.083,-2.1,-0.5,2.2,5.9,17.8,1.111,5,3,0,0,3
135.3,16,isocontour,11.283791670955125,39295.09,82.69,-20.2,4.1,0.996,1.9,-1.3,2.3,-16.1,-9.7,1.106,11,4,0,0,4
135.3,17,isocontour,11.283791670955125,20949.86,44.09,6.0,18.3,1.076,2.6,-1.3,2.9,5.9,17.8,1.111,5,6,0,0,6
135.3,18,isocontour,11.283791670955125,26238.14,55.21,-11.8,17.3,0.98,-1.8,1.9,2.6,5.9,17.8,1.111,5,3,0,0,3
135.3,19,isocontour,11.283791670955125,22098.07,46.5,-20.4,-4.5,0.984,1.2,2.4,2.7,-16.1,-9.7,1.106,11,5,0,0,5
135.3,20,isocontour,11.283791670955125,24437.22,51.43,16.0,-13.3,0.989,0.1,0.8,0.8,-16.1,-9.7,1.106,11,4,0,0,4
135.3,21,isocontour,11.283791670955125,25243.81,53.12,6.4,-19.4,1.007,-1.0,0.4,1.1,-16.1,-9.7,1.106,11,3,0,0,3
135.3,22,isocontour,11.283791670955125,26435.95,55.63,-16.6,-12.7,0.983,1.3,-1.6,2.1,-16.1,-9.7,1.106,11,4,0,0,4
135.3,23,isocontour,11.283791670955125,25448.99,53.55,-20.6,-2.7,0.988,-1.8,-1.0,2.1,-16.1,-9.7,1.106,11,5,0,0,5
135.3,24,isocontour,11.283791670955125,26175.71,55.08,7.1,-19.7,0.978,0.3,1.2,1.2,-16.1,-9.7,1.106,11,3,0,0,3
135.3,25,isocontour,11.283791670955125,25539.07,53.74,-19.2,3.7,1.057,0.7,2.5,2.6,-16.1,-9.7,1.106,11,4,0,0,4
135.3,Target,,,,,0.0,0.0,4.023,0.0,0.0,,,,,,,,,
135.4,1,isocontour,11.283791670955125,20409.65,42.95,14.0,15.7,0.975,1.6,-0.5,1.7,5.9,17.8,1.111,5,7,0,0,7
135.4,2,isocontour,11.283791670955125,20456.35,43.05,-3.0,20.5,0.992,-0.7,0.2,0.7,5.9,17.8,1.111,5,7,0,0,7
135.4,3,isocontour,11.283791670955125,20528.42,43.2,5.3,20.3,0.98,-0.8,-0.8,1.1,5.9,17.8,1.111,5,6,0,0,6
135.4,4,isocontour,11.283791670955125,25803.21,54.3,18.5,9.5,0.985,0.8,-0.9,1.2,5.9,17.8,1.111,5,3,0,0,3
135.4,5,isocontour,11.283791670955125,23440.24,49.33,6.3,17.8,1.099,0.0,-1.2,1.2,5.9,17.8,1.111,5,6,0,0,6
135.4,6,isocontour,11.283791670955125,25264.93,53.17,5.2,19.1,1.049,-1.2,0.8,1.4,5.9,17.8,1.111,5,6,0,0,6
135.4,7,isocontour,11.283791670955125,22952.2,48.3,-17.4,11.3,0.994,1.9,3.3,3.8,5.9,17.8,1.111,5,4,0,0,4
135.4,8,isocontour,11.283791670955125,26155.83,55.04,5.4,18.3,1.091,-0.6,0.3,0.7,5.9,17.8,1.111,5,6,0,0,6
135.4,9,isocontour,11.283791670955125,23662.91,49.8,20.7,2.0,0.989,1.3,-1.4,1.9,5.9,17.8,1.111,5,3,0,0,3
135.4,10,isocontour,11.283791670955125,24910.02,52.42,17.2,10.0,1.039,1.1,-0.7,1.3,5.9,17.8,1.111,5,3,0,0,3
135.4,11,isocontour,11.283791670955125,26952.61,56.72,-15.5,-11.3,1.08,0.9,-0.4,1.0,-16.1,-9.7,1.106,11,4,0,0,4
135.4,12,isocontour,11.283791670955125,23270.89,48.97,-10.0,-18.0,1.001,-1.1,0.2,1.1,-16.1,-9.7,1.106,11,2,0,0,2
135.4,13,isocontour,11.283791670955125,22852.96,48.09,19.6,-6.7,0.993,-0.2,1.2,1.2,5.9,17.8,1.111,5,2,0,0,2
135.4,14,isocontour,11.283791670955125,25268.6,53.17,9.5,-17.5,1.037,-1.9,-0.1,1.9,-16.1,-9.7,1.106,11,3,0,0,3
135.4,15,isocontour,11.283791670955125,20254.8,42.62,-11.1,15.6,1.084,1.9,1.1,2.2,5.9,17.8,1.111,5,3,0,0,3
135.4,16,isocontour,11.283791670955125,39294.36,82.69,-20.2,4.1,0.997,-0.2,-0.8,0.8,5.9,17.8,1.111,5,4,0,0,4
135.4,17,isocontour,11.283791670955125,20871.51,43.92,5.8,18.5,1.072,-3.5,1.9,4.0,5.9,17.8,1.111,5,6,0,0,6
135.4,18,isocontour,11.283791670955125,26235.71,55.21,-11.7,17.4,0.977,0.9,0.8,1.2,5.9,17.8,1.111,5,3,0,0,3
135.4,19,isocontour,11.283791670955125,22075.31,46.45,-20.3,-4.2,0.989,0.2,2.6,2.6,-16.1,-9.7,1.106,11,5,0,0,5
135.4,20,isocontour,11.283791670955125,24436.37,51.42,16.0,-13.2,0.99,0.3,0.8,0.9,-16.1,-9.7,1.106,11,3,0,0,3
135.4,21,isocontour,11.283791670955125,25242.33,53.12,6.3,-19.4,1.01,-1.0,0.1,1.0,-16.1,-9.7,1.106,11,2,0,0,2
135.4,22,isocontour,11.283791670955125,26434.51,55.63,-16.5,-12.8,0.984,0.9,-0.6,1.1,-16.1,-9.7,1.106,11,4,0,0,4
135.4,23,isocontour,11.283791670955125,25443.68,53.54,-20.8,-2.6,0.98,-1.4,0.7,1.6,-16.1,-9.7,1.106,11,5,0,0,5
135.4,24,isocontour,11.283791670955125,26158.43,55.05,7.3,-19.6,0.98,2.2,1.0,2.4,-16.1,-9.7,1.106,11,3,0,0,3
135.4,25,isocontour,11.283791670955125,25522.0,53.71,-19.2,4.0,1.059,0.8,2.2,2.3,5.9,17.8,1.111,5,4,0,0,4
135.4,Target,,,,,0.0,0.0,4.023,0.0,0.0,,,,,,,,,
135.5,1,isocontour,11.283791670955125,20384.75,42.9,13.9,15.5,0.987,-2.3,-1.4,2.7,5.9,17.8,1.111,5,7,0,0,7
135.5,2,isocontour,11.283791670955125,20435.61,43.0,-3.2,20.6,0.988,-2.5,0.5,2.5,5.9,17.8,1.111,5,7,0,0,7
135.5,3,isocontour,11.283791670955125,20500.96,43.14,5.0,20.2,0.986,-2.7,-0.5,2.7,5.9,17.8,1.111,5,6,0,0,6
135.5,4,isocontour,11.283791670955125,25779.4,54.25,18.6,9.3,0.99,0.2,-2.6,2.6,5.9,17.8,1.111,5,3,0,0,3
135.5,5,isocontour,11.283791670955125,23412.78,49.27,6.0,17.9,1.103,-2.8,0.4,2.8,5.9,17.8,1.111,5,6,0,0,6
135.5,6,isocontour,11.283791670955125,25241.12,53.12,4.9,19.1,1.051,-2.6,0.2,2.6,5.9,17.8,1.111,5,6,0,0,6
135.5,7,isocontour,11.283791670955125,22888.79,48.17,-17.3,11.6,0.983,-0.1,3.7,3.7,5.9,17.8,1.111,5,4,0,0,4
135.5,8,isocontour,11.283791670955125,26109.61,54.94,5.1,18.3,1.093,-3.3,0.5,3.3,5.9,17.8,1.111,5,6,0,0,6
135.5,9,isocontour,11.283791670955125,23643.13,49.75,20.7,1.8,0.99,-0.2,-2.5,2.5,5.9,17.8,1.111,5,3,0,0,3
135.5,10,isocontour,11.283791670955125,24909.48,52.42,17.3,10.0,1.038,0.5,-0.6,0.8,5.9,17.8,1.111,5,3,0,0,3
135.5,11,isocontour,11.283791670955125,26938.18,56.69,-15.5,-11.5,1.077,0.7,-2.1,2.2,-16.1,-9.7,1.106,11,4,0,0,4
135.5,12,isocontour,11.283791670955125,23268.57,48.97,-9.9,-18.0,1.003,1.2,-0.0,1.2,-16.1,-9.7,1.106,11,2,0,0,2
135.5,13,isocontour,11.283791670955125,22851.52,48.09,19.6,-6.6,0.993,0.4,1.0,1.1,5.9,17.8,1.111,5,2,0,0,2
135.5,14,isocontour,11.283791670955125,25248.58,53.13,9.7,-17.4,1.037,2.3,1.1,2.5,-16.1,-9.7,1.106,11,3,0,0,3
135.5,15,isocontour,11.283791670955125,20253.99,42.62,-11.1,15.6,1.084,-0.7,-0.5,0.9,5.9,17.8,1.111,5,3,0,0,3
135.5,16,isocontour,11.283791670955125,39287.89,82.68,-20.3,3.9,0.992,-1.3,-1.2,1.8,5.9,17.8,1.111,5,4,0,0,4
135.5,17,isocontour,11.283791670955125,20861.36,43.9,5.7,18.7,1.061,0.2,2.0,2.0,5.9,17.8,1.111,5,6,0,0,6
135.5,18,isocontour,11.283791670955125,26219.07,55.17,-11.7,17.2,0.986,-0.2,-2.3,2.3,5.9,17.8,1.111,5,3,0,0,3
135.5,19,isocontour,11.283791670955125,22044.8,46.39,-20.3,-3.9,0.994,0.3,2.9,2.9,5.9,17.8,1.111,5,5,0,0,5
135.5,20,isocontour,11.283791670955125,24412.83,51.37,15.8,-13.4,0.992,-2.0,-1.8,2.7,5.9,17.8,1.111,5,3,0,0,3
135.5,21,isocontour,11.283791670955125,25236.52,53.11,6.2,-19.5,1.008,-1.4,-0.9,1.7,-16.1,-9.7,1.106,11,2,0,0,2
135.5,22,isocontour,11.283791670955125,26431.77,55.62,-16.4,-12.9,0.984,0.7,-1.1,1.3,-16.1,-9.7,1.106,11,4,0,0,4
135.5,23,isocontour,11.283791670955125,25441.19,53.54,-20.7,-2.5,0.984,0.9,0.8,1.2,5.9,17.8,1.111,5,5,0,0,5
135.5,24,isocontour,11.283791670955125,26154.78,55.04,7.4,-19.5,0.986,0.4,1.4,1.5,-16.1,-9.7,1.106,11,3,0,0,3
135.5,25,isocontour,11.283791670955125,25520.87,53.71,-19.2,4.0,1.055,-0.7,0.6,0.9,5.9,17.8,1.111,5,4,0,0,4
135.5,Target,,,,,0.0,0.0,4.023,0.0,0.0,,,,,,,,,
135.6,1,isocontour,11.283791670955125,20378.93,42.88,13.9,15.4,0.991,0.9,-1.4,1.7,5.9,17.8,1.111,5,7,0,0,7
135.6,2,isocontour,11.283791670955125,20432.87,43.0,-3.2,20.5,0.991,1.1,-0.7,1.3,5.9,17.8,1.111,5,7,0,0,7
135.6,3,isocontour,11.283791670955125,20485.55,43.11,4.9,20.0,0.998,-0.8,-2.2,2.3,5.9,17.8,1.111,5,6,0,0,6
135.6,4,isocontour,11.283791670955125,25777.03,54.24,18.5,9.3,0.993,-0.9,0.8,1.2,5.9,17.8,1.111,5,3,0,0,3
135.6,5,isocontour,11.283791670955125,23411.71,49.27,5.9,17.9,1.102,-0.7,0.6,0.9,5.9,17.8,1.111,5,6,0,0,6
135.6,6,isocontour,11.283791670955125,25223.62,53.08,4.9,18.9,1.063,-0.1,-2.4,2.4,5.9,17.8,1.111,5,6,0,0,6
135.6,7,isocontour,11.283791670955125,22876.01,48.14,-17.5,11.6,0.98,-1.5,-1.6,2.2,5.9,17.8,1.111,5,4,0,0,4
135.6,8,isocontour,11.283791670955125,26093.38,54.91,5.1,18.5,1.081,0.9,2.2,2.4,5.9,17.8,1.111,5,6,0,0,6
135.6,9,isocontour,11.283791670955125,23632.37,49.73,20.6,1.9,0.994,-0.8,1.8,2.0,5.9,17.8,1.111,5,3,0,0,3
135.6,10,isocontour,11.283791670955125,24908.6,52.42,17.3,9.9,1.04,-0.1,-0.9,0.9,5.9,17.8,1.111,5,3,0,0,3
135.6,11,isocontour,11.283791670955125,26929.06,56.67,-15.4,-11.7,1.076,1.1,-1.6,1.9,5.9,17.8,1.111,5,4,0,0,4
135.6,12,isocontour,11.283791670955125,23254.14,48.94,-9.7,-18.0,1.006,2.2,-0.5,2.3,-16.1,-9.7,1.106,11,2,0,0,2
135.6,13,isocontour,11.283791670955125,22780.07,47.94,19.9,-6.4,0.981,3.3,1.9,3.8,5.9,17.8,1.111,5,2,0,0,2
135.6,14,isocontour,11.283791670955125,25219.32,53.07,9.9,-17.3,1.038,2.4,1.6,2.9,5.9,17.8,1.111,5,3,0,0,3
135.6,15,isocontour,11.283791670955125,20223.47,42.56,-11.0,15.7,1.082,2.1,1.9,2.8,5.9,17.8,1.111,5,3,0,0,3
135.6,16,isocontour,11.283791670955125,39230.45,82.56,-20.5,4.2,0.979,-2.1,2.9,3.6,5.9,17.8,1.111,5,4,0,0,4
135.6,17,isocontour,11.283791670955125,20859.8,43.9,5.7,18.7,1.059,-0.9,0.5,1.0,5.9,17.8,1.111,5,6,0,0,6
135.6,18,isocontour,11.283791670955125,26216.8,55.17,-11.6,17.2,0.99,1.2,0.1,1.2,5.9,17.8,1.111,5,3,0,0,3
135.6,19,isocontour,11.283791670955125,22016.74,46.33,-20.3,-4.1,0.993,0.2,-2.8,2.8,5.9,17.8,1.111,5,5,0,0,5
135.6,20,isocontour,11.283791670955125,24411.63,51.37,15.9,-13.4,0.989,0.9,-0.2,0.9,5.9,17.8,1.111,5,3,0,0,3
135.6,21,isocontour,11.283791670955125,25220.9,53.07,6.0,-19.5,1.013,-2.2,0.5,2.3,-16.1,-9.7,1.106,11,2,0,0,2
135.6,22,isocontour,11.283791670955125,26413.83,55.58,-16.2,-12.8,0.995,2.2,0.9,2.4,5.9,17.8,1.111,5,4,0,0,4
135.6,23,isocontour,11.283791670955125,25426.18,53.51,-20.5,-2.5,0.995,2.2,0.7,2.3,5.9,17.8,1.111,5,5,0,0,5
135.6,24,isocontour,11.283791670955125,26118.93,54.96,7.6,-19.3,0.992,2.2,2.0,3.0,5.9,17.8,1.111,5,3,0,0,3
135.6,25,isocontour,11.283791670955125,25520.34,53.7,-19.2,4.0,1.055,-0.1,-0.7,0.7,5.9,17.8,1.111,5,4,0,0,4
135.6,Target,,,,,0.0,0.0,4.023,0.0,0.0,,,,,,,,,
135.7,1,isocontour,11.283791670955125,20374.64,42.88,14.0,15.5,0.985,0.8,1.3,1.5,5.9,17.8,1.111,5,7,0,0,7
135.7,2,isocontour,11.283791670955125,20431.31,43.0,-3.2,20.4,0.994,-0.9,-0.6,1.1,5.9,17.8,1.111,5,7,0,0,7
135.7,3,isocontour,11.283791670955125,20471.12,43.08,5.0,20.2,0.989,0.5,2.2,2.3,5.9,17.8,1.111,5,6,0,0,6
135.7,4,isocontour,11.283791670955125,25690.09,54.06,18.8,9.3,0.976,4.1,0.1,4.1,5.9,17.8,1.111,5,3,0,0,3
135.7,5,isocontour,11.283791670955125,23409.39,49.26,5.9,18.0,1.095,-0.0,1.2,1.2,5.9,17.8,1.111,5,6,0,0,6
135.7,6,isocontour,11.283791670955125,25174.42,52.98,4.9,19.1,1.048,0.8,3.3,3.4,5.9,17.8,1.111,5,6,0,0,6
135.7,7,isocontour,11.283791670955125,22863.94,48.11,-17.3,11.6,0.987,2.1,0.3,2.1,5.9,17.8,1.111,5,4,0,0,4
135.7,8,isocontour,11.283791670955125,26084.54,54.89,5.3,18.6,1.075,1.9,0.3,1.9,5.9,17.8,1.111,5,6,0,0,6
135.7,9,isocontour,11.283791670955125,23527.14,49.51,20.7,1.6,0.989,1.5,-4.1,4.4,5.9,17.8,1.111,5,3,0,0,3
135.7,10,isocontour,11.283791670955125,24886.87,52.37,17.3,9.7,1.042,1.0,-2.4,2.6,5.9,17.8,1.111,5,3,0,0,3
135.7,11,isocontour,11.283791670955125,26922.37,56.65,-15.3,-11.5,1.082,0.1,1.7,1.7,5.9,17.8,1.111,5,4,0,0,4
135.7,12,isocontour,11.283791670955125,23148.91,48.71,-9.3,-18.2,1.007,3.9,-2.0,4.4,5.9,17.8,1.111,5,2,0,0,2
135.7,13,isocontour,11.283791670955125,22778.28,47.93,20.1,-6.3,0.975,1.0,0.6,1.2,5.9,17.8,1.111,5,2,0,0,2
135.7,14,isocontour,11.283791670955125,25202.46,53.04,9.9,-17.5,1.03,-0.8,-2.2,2.3,5.9,17.8,1.111,5,3,0,0,3
135.7,15,isocontour,11.283791670955125,20215.82,42.54,-10.9,15.9,1.076,0.7,1.7,1.8,5.9,17.8,1.111,5,3,0,0,3
135.7,16,isocontour,11.283791670955125,39227.1,82.55,-20.6,4.1,0.976,-0.4,-1.3,1.4,5.9,17.8,1.111,5,4,0,0,4
135.7,17,isocontour,11.283791670955125,20859.14,43.9,5.6,18.8,1.056,-0.4,0.7,0.8,5.9,17.8,1.111,5,6,0,0,6
135.7,18,isocontour,11.283791670955125,26195.57,55.13,-11.8,17.1,0.992,-2.0,-1.6,2.6,5.9,17.8,1.111,5,3,0,0,3
135.7,19,isocontour,11.283791670955125,22014.07,46.33,-20.3,-4.3,0.989,-0.6,-1.1,1.3,5.9,17.8,1.111,5,5,0,0,5
135.7,20,isocontour,11.283791670955125,24408.49,51.36,16.0,-13.5,0.982,1.1,-0.8,1.4,5.9,17.8,1.111,5,3,0,0,3
135.7,21,isocontour,11.283791670955125,25220.14,53.07,6.0,-19.4,1.017,0.2,0.8,0.8,5.9,17.8,1.111,5,2,0,0,2
135.7,22,isocontour,11.283791670955125,26413.04,55.58,-16.2,-12.9,0.994,-0.1,-0.8,0.8,5.9,17.8,1.111,5,4,0,0,4
135.7,23,isocontour,11.283791670955125,25398.42,53.45,-20.5,-2.2,0.996,-0.6,2.7,2.8,5.9,17.8,1.111,5,5,0,0,5
135.7,24,isocontour,11.283791670955125,26117.53,54.96,7.7,-19.3,0.992,1.0,0.2,1.0,5.9,17.8,1.111,5,3,0,0,3
135.7,25,isocontour,11.283791670955125,25519.8,53.7,-19.2,3.9,1.055,-0.1,-0.7,0.7,5.9,17.8,1.111,5,4,0,0,4
135.7,Target,,,,,0.0,0.0,4.023,0.0,0.0,,,,,,,,,
135.8,1,isocontour,11.283791670955125,20233.5,42.58,13.7,15.7,0.985,-3.8,3.0,4.8,5.9,17.8,1.111,5,7,0,0,7
135.8,2,isocontour,11.283791670955125,20428.44,42.99,-3.2,20.5,0.992,1.1,0.7,1.3,5.9,17.8,1.111,5,7,0,0,7
135.8,3,isocontour,11.283791670955125,20462.82,43.06,4.9,20.3,0.981,-0.8,1.7,1.9,5.9,17.8,1.111,5,6,0,0,6
135.8,4,isocontour,11.283791670955125,25669.84,54.02,19.0,9.1,0.972,1.3,-2.2,2.6,5.9,17.8,1.111,5,3,0,0,3
135.8,5,isocontour,11.283791670955125,23384.5,49.21,5.7,18.1,1.094,-2.6,0.8,2.7,5.9,17.8,1.111,5,6,0,0,6
135.8,6,isocontour,11.283791670955125,25173.79,52.98,4.9,19.2,1.047,-0.8,-0.1,0.8,5.9,17.8,1.111,5,6,0,0,6
135.8,7,isocontour,11.283791670955125,22826.29,48.04,-17.1,11.7,0.992,2.4,1.9,3.1,5.9,17.8,1.111,5,4,0,0,4
135.8,8,isocontour,11.283791670955125,26068.11,54.86,5.1,18.5,1.082,-2.2,-0.9,2.4,5.9,17.8,1.111,5,6,0,0,6
135.8,9,isocontour,11.283791670955125,23524.82,49.51,20.8,1.6,0.983,0.9,0.9,1.3,5.9,17.8,1.111,5,3,0,0,3
135.8,10,isocontour,11.283791670955125,24886.31,52.37,17.4,9.6,1.042,0.4,-0.6,0.7,5.9,17.8,1.111,5,3,0,0,3
135.8,11,isocontour,11.283791670955125,26897.2,56.6,-15.4,-11.3,1.089,-0.6,2.6,2.7,5.9,17.8,1.111,5,4,0,0,4
135.8,12,isocontour,11.283791670955125,23147.01,48.71,-9.2,-18.3,1.004,0.6,-1.0,1.2,5.9,17.8,1.111,5,2,0,0,2
135.8,13,isocontour,11.283791670955125,22744.83,47.86,20.0,-6.1,0.982,-0.8,2.9,3.0,5.9,17.8,1.111,5,2,0,0,2
135.8,14,isocontour,11.283791670955125,25194.68,53.02,9.7,-17.5,1.032,-1.8,-0.2,1.8,5.9,17.8,1.111,5,3,0,0,3
135.8,15,isocontour,11.283791670955125,20184.99,42.48,-10.7,16.1,1.073,2.2,1.9,2.9,5.9,17.8,1.111,5,3,0,0,3
135.8,16,isocontour,11.283791670955125,39204.09,82.5,-20.6,3.9,0.979,0.2,-2.6,2.6,5.9,17.8,1.111,5,4,0,0,4
135.8,17,isocontour,11.283791670955125,20851.98,43.88,5.5,18.9,1.05,-1.0,1.4,1.7,5.9,17.8,1.111,5,6,0,0,6
135.8,18,isocontour,11.283791670955125,26169.84,55.07,-12.0,17.2,0.98,-2.2,1.6,2.7,5.9,17.8,1.111,5,3,0,0,3
135.8,19,isocontour,11.283791670955125,21989.72,46.27,-20.2,-4.5,0.992,1.3,-2.3,2.6,5.9,17.8,1.111,5,5,0,0,5
135.8,20,isocontour,11.283791670955125,24403.28,51.35,15.9,-13.6,0.979,-0.8,-1.4,1.6,5.9,17.8,1.111,5,3,0,0,3
135.8,21,isocontour,11.283791670955125,25211.02,53.05,6.1,-19.3,1.021,1.5,1.2,1.9,5.9,17.8,1.111,5,2,0,0,2
135.8,22,isocontour,11.283791670955125,26382.52,55.52,-16.4,-12.9,0.985,-2.8,0.6,2.9,5.9,17.8,1.111,5,3,0,0,3
135.8,23,isocontour,11.283791670955125,25397.1,53.45,-20.5,-2.3,0.996,0.2,-1.0,1.0,5.9,17.8,1.111,5,4,0,0,4
135.8,24,isocontour,11.283791670955125,26104.75,54.93,7.6,-19.4,0.989,-1.7,-1.3,2.1,5.9,17.8,1.111,5,3,0,0,3
135.8,25,isocontour,11.283791670955125,25498.07,53.66,-19.2,3.7,1.058,0.1,-2.6,2.6,5.9,17.8,1.111,5,4,0,0,4
135.8,Target,,,,,0.0,0.0,4.023,0.0,0.0,,,,,,,,,
135.9,1,isocontour,11.283791670955125,20219.45,42.55,13.5,15.9,0.987,-1.9,1.2,2.2,5.9,17.8,1.111,5,7,0,0,7
135.9,2,isocontour,11.283791670955125,20407.95,42.95,-3.4,20.5,0.99,-2.5,-0.1,2.5,5.9,17.8,1.111,5,7,0,0,7
135.9,3,isocontour,11.283791670955125,20430.69,42.99,4.8,20.2,0.993,-1.6,-2.5,3.0,5.9,17.8,1.111,5,6,0,0,6
135.9,4,isocontour,11.283791670955125,25664.13,54.01,18.9,9.1,0.98,-1.5,-0.6,1.6,5.9,17.8,1.111,5,3,0,0,3
135.9,5,isocontour,11.283791670955125,23362.26,49.16,5.4,18.2,1.094,-2.5,0.8,2.6,5.9,17.8,1.111,5,6,0,0,6
135.9,6,isocontour,11.283791670955125,25149.98,52.93,4.6,19.1,1.051,-2.6,-0.1,2.6,5.9,17.8,1.111,5,6,0,0,6
135.9,7,isocontour,11.283791670955125,22825.79,48.03,-17.1,11.7,0.994,-0.3,-0.7,0.8,5.9,17.8,1.111,5,4,0,0,4
135.9,8,isocontour,11.283791670955125,26002.09,54.72,4.8,18.4,1.091,-3.7,-0.6,3.7,5.9,17.8,1.111,5,6,0,0,6
135.9,9,isocontour,11.283791670955125,23488.61,49.43,20.8,1.8,0.986,-0.9,2.9,3.0,5.9,17.8,1.111,5,3,0,0,3
135.9,10,isocontour,11.283791670955125,24876.01,52.35,17.3,9.4,1.05,-0.8,-1.8,2.0,5.9,17.8,1.111,5,3,0,0,3
135.9,11,isocontour,11.283791670955125,26892.55,56.59,-15.5,-11.2,1.089,-1.0,1.1,1.5,5.9,17.8,1.111,5,4,0,0,4
135.9,12,isocontour,11.283791670955125,23146.51,48.71,-9.2,-18.4,1.002,0.3,-0.6,0.7,5.9,17.8,1.111,5,2,0,0,2
135.9,13,isocontour,11.283791670955125,22708.98,47.79,20.0,-5.8,0.985,0.5,3.0,3.0,5.9,17.8,1.111,5,2,0,0,2
135.9,14,isocontour,11.283791670955125,25167.22,52.96,9.5,-17.7,1.029,-1.9,-2.0,2.8,5.9,17.8,1.111,5,3,0,0,3
135.9,15,isocontour,11.283791670955125,20154.15,42.41,-10.5,16.3,1.071,2.2,1.9,2.9,5.9,17.8,1.111,5,3,0,0,3
135.9,16,isocontour,11.283791670955125,39177.5,82.44,-20.5,3.6,0.986,0.7,-2.6,2.7,5.9,17.8,1.111,5,4,0,0,4
135.9,17,isocontour,11.283791670955125,20851.13,43.88,5.4,19.0,1.05,-0.9,-0.0,0.9,5.9,17.8,1.111,5,6,0,0,6
135.9,18,isocontour,11.283791670955125,26163.81,55.06,-11.9,17.2,0.982,1.7,-0.1,1.7,5.9,17.8,1.111,5,3,0,0,3
135.9,19,isocontour,11.283791670955125,21962.84,46.22,-20.2,-4.8,0.99,0.2,-2.8,2.8,5.9,17.8,1.111,5,5,0,0,5
135.9,20,isocontour,11.283791670955125,24397.25,51.34,15.8,-13.6,0.986,-1.6,0.4,1.6,5.9,17.8,1.111,5,3,0,0,3
135.9,21,isocontour,11.283791670955125,25179.87,52.99,6.4,-19.3,1.017,2.9,-0.1,2.9,5.9,17.8,1.111,5,2,0,0,2
135.9,22,isocontour,11.283791670955125,26352.01,55.45,-16.3,-13.0,0.983,1.8,-2.3,2.9,5.9,17.8,1.111,5,3,0,0,3
135.9,23,isocontour,11.283791670955125,25394.03,53.44,-20.6,-2.3,0.99,-1.1,-0.7,1.3,5.9,17.8,1.111,5,4,0,0,4
135.9,24,isocontour,11.283791670955125,26098.06,54.92,7.4,-19.3,0.994,-1.6,0.7,1.7,5.9,17.8,1.111,5,3,0,0,3
135.9,25,isocontour,11.283791670955125,25497.43,53.66,-19.2,3.6,1.058,-0.2,-0.7,0.7,5.9,17.8,1.111,5,4,0,0,4
135.9,Target,,,,,0.0,0.0,4.023,0.0,0.0,,,,,,,,,
136.0,1,isocontour,11.283791670955125,20212.17,42.53,13.3,16.0,0.986,-1.2,1.3,1.8,13.3,16.0,0.987,1,7,0,0,7
136.0,2,isocontour,11.283791670955125,20405.57,42.94,-3.4,20.6,0.984,0.1,1.2,1.2,-3.4,20.6,0.99,2,7,0,0,7
136.0,3,isocontour,11.283791670955125,20428.94,42.99,4.8,20.1,0.995,1.1,-0.3,1.1,4.8,20.1,0.993,3,6,0,0,6
136.0,4,isocontour,11.283791670955125,25641.37,53.96,18.6,9.0,0.993,-2.5,-0.7,2.6,18.6,9.0,0.98,4,3,0,0,3
136.0,5,isocontour,11.283791670955125,23348.58,49.13,5.2,18.3,1.093,-2.0,0.8,2.2,5.2,18.3,1.094,5,6,0,0,6
136.0,6,isocontour,11.283791670955125,25149.01,52.92,4.5,19.2,1.049,-0.6,0.6,0.8,4.5,19.2,1.051,6,6,0,0,6
136.0,7,isocontour,11.283791670955125,22823.36,48.03,-17.2,11.7,0.988,-1.2,0.3,1.2,-17.2,11.7,0.994,7,4,0,0,4
136.0,8,isocontour,11.283791670955125,25999.65,54.71,4.8,18.5,1.086,0.3,1.2,1.2,4.8,18.5,1.091,8,6,0,0,6
136.0,9,isocontour,11.283791670955125,23485.47,49.42,20.7,2.0,0.987,-0.2,1.3,1.3,20.7,2.0,0.986,9,3,0,0,3
136.0,10,isocontour,11.283791670955125,24859.78,52.31,17.3,9.2,1.056,0.2,-2.3,2.3,17.3,9.2,1.05,10,3,0,0,3
136.0,11,isocontour,11.283791670955125,26866.25,56.54,-15.4,-11.3,1.089,1.6,-2.2,2.7,-15.4,-11.3,1.089,11,4,0,0,4
136.0,12,isocontour,11.283791670955125,23145.67,48.71,-9.1,-18.4,1.002,0.8,-0.2,0.8,-9.1,-18.4,1.002,12,2,0,0,2
136.0,13,isocontour,11.283791670955125,22702.51,47.77,19.9,-5.8,0.991,-1.6,-0.7,1.7,19.9,-5.8,0.985,13,2,0,0,2
136.0,14,isocontour,11.283791670955125,25138.56,52.9,9.3,-17.8,1.027,-2.4,-1.6,2.9,9.3,-17.8,1.029,14,3,0,0,3
136.0,15,isocontour,11.283791670955125,20138.94,42.38,-10.6,16.3,1.067,-2.2,-0.6,2.3,-10.6,16.3,1.071,15,3,0,0,3
136.0,16,isocontour,11.283791670955125,39162.88,82.41,-20.4,3.5,0.997,2.0,-1.1,2.3,-20.4,3.5,0.986,16,4,0,0,4
136.0,17,isocontour,11.283791670955125,20847.78,43.87,5.3,18.9,1.055,-1.2,-0.6,1.3,5.3,18.9,1.05,17,6,0,0,6
136.0,18,isocontour,11.283791670955125,26132.98,54.99,-11.8,16.9,0.995,0.6,-2.8,2.9,-11.8,16.9,0.982,18,3,0,0,3
136.0,19,isocontour,11.283791670955125,21961.77,46.22,-20.2,-4.9,0.99,0.2,-0.9,0.9,-20.2,-4.9,0.99,19,5,0,0,5
136.0,20,isocontour,11.283791670955125,24380.82,51.31,15.5,-13.6,0.995,-2.3,-0.2,2.3,15.5,-13.6,0.986,20,4,0,0,4
136.0,21,isocontour,11.283791670955125,25175.91,52.98,6.5,-19.2,1.02,0.9,1.2,1.5,6.5,-19.2,1.017,21,3,0,0,3
136.0,22,isocontour,11.283791670955125,26349.39,55.45,-16.2,-13.1,0.988,1.3,0.1,1.3,-16.2,-13.1,0.983,22,3,0,0,3
136.0,23,isocontour,11.283791670955125,25392.86,53.44,-20.7,-2.4,0.986,-0.6,-0.8,1.0,-20.7,-2.4,0.99,23,4,0,0,4
136.0,24,isocontour,11.283791670955125,26096.62,54.92,7.3,-19.2,0.999,-0.8,0.7,1.1,7.3,-19.2,0.994,24,3,0,0,3
136.0,25,isocontour,11.283791670955125,25486.83,53.63,-19.2,3.4,1.061,0.3,-2.0,2.0,-19.2,3.4,1.058,25,4,0,0,4
136.0,Target,,,,,0.0,0.0,4.023,0.0,0.0,,,,,,,,,
136.1,1,isocontour,11.283791670955125,20209.79,42.53,13.2,16.0,0.989,-1.2,0.1,1.2,5.2,18.3,1.094,5,7,0,0,7
136.1,2,isocontour,11.283791670955125,20384.34,42.9,-3.2,20.5,0.993,1.8,-1.8,2.5,5.2,18.3,1.094,5,7,0,0,7
136.1,3,isocontour,11.283791670955125,20413.93,42.96,4.8,20.3,0.985,-0.2,2.3,2.3,5.2,18.3,1.094,5,6,0,0,6
136.1,4,isocontour,11.283791670955125,25640.17,53.96,18.6,9.1,0.994,-0.1,1.0,1.0,17.3,9.2,1.056,10,3,0,0,3
136.1,5,isocontour,11.283791670955125,23347.18,49.13,5.2,18.4,1.087,0.4,0.9,1.0,5.2,18.4,1.094,5,6,0,0,6
136.1,6,isocontour,11.283791670955125,25147.36,52.92,4.6,19.2,1.048,1.1,-0.0,1.1,5.2,18.3,1.094,5,6,0,0,6
136.1,7,isocontour,11.283791670955125,22758.39,47.89,-17.2,11.4,0.995,-0.6,-3.7,3.7,-10.6,16.3,1.071,15,4,0,0,4
136.1,8,isocontour,11.283791670955125,25981.49,54.67,4.8,18.7,1.073,0.2,2.4,2.4,5.2,18.3,1.094,5,6,0,0,6
136.1,9,isocontour,11.283791670955125,23454.64,49.36,20.5,2.1,0.999,-2.7,1.1,2.9,17.3,9.2,1.056,10,3,0,0,3
136.1,10,isocontour,11.283791670955125,24858.13,52.31,17.4,9.2,1.052,1.1,-0.1,1.1,17.4,9.2,1.056,10,3,0,0,3
136.1,11,isocontour,11.283791670955125,26864.72,56.53,-15.3,-11.4,1.088,0.6,-0.9,1.1,-15.3,-11.4,1.089,11,4,0,0,4
136.1,12,isocontour,11.283791670955125,23143.82,48.7,-9.2,-18.4,1.0,-1.1,0.1,1.1,-15.4,-11.3,1.089,11,2,0,0,2
136.1,13,isocontour,11.283791670955125,22692.51,47.75,19.9,-5.7,0.995,0.1,2.0,2.0,15.5,-13.6,0.995,20,2,0,0,2
136.1,14,isocontour,11.283791670955125,25107.09,52.83,9.0,-18.0,1.026,-2.5,-1.4,2.9,9.0,-18.0,1.029,14,3,0,0,3
136.1,15,isocontour,11.283791670955125,20119.4,42.34,-10.9,16.2,1.063,-2.4,-0.7,2.5,-10.9,16.2,1.071,15,3,0,0,3
136.1,16,isocontour,11.283791670955125,39161.52,82.41,-20.3,3.4,1.001,0.3,-1.0,1.0,-19.2,3.4,1.061,25,4,0,0,4
136.1,17,isocontour,11.283791670955125,20825.03,43.82,5.1,19.0,1.049,-1.9,1.8,2.6,5.2,18.3,1.094,5,6,0,0,6
136.1,18,isocontour,11.283791670955125,26130.61,54.99,-11.7,16.9,1.002,1.2,-0.4,1.3,-10.6,16.3,1.071,15,3,0,0,3
136.1,19,isocontour,11.283791670955125,21961.27,46.21,-20.2,-4.8,0.991,0.1,0.7,0.7,-15.4,-11.3,1.089,11,5,0,0,5
136.1,20,isocontour,11.283791670955125,24376.78,51.3,15.6,-13.6,0.991,1.5,-0.2,1.5,9.3,-17.8,1.029,14,4,0,0,4
136.1,21,isocontour,11.283791670955125,25166.35,52.96,6.7,-19.1,1.017,1.9,-0.1,1.9,9.3,-17.8,1.029,14,3,0,0,3
136.1,22,isocontour,11.283791670955125,26343.04,55.44,-16.0,-13.1,0.996,1.7,0.3,1.7,-15.4,-11.3,1.089,11,3,0,0,3
136.1,23,isocontour,11.283791670955125,25392.1,53.43,-20.7,-2.5,0.986,0.1,-0.8,0.8,-15.4,-11.3,1.089,11,4,0,0,4
136.1,24,isocontour,11.283791670955125,25994.96,54.7,7.1,-19.5,0.991,-2.9,-3.2,4.3,9.3,-17.8,1.029,14,3,0,0,3
136.1,25,isocontour,11.283791670955125,25484.02,53.63,-19.3,3.3,1.056,-1.2,-0.4,1.3,-19.3,3.3,1.061,25,4,0,0,4
136.1,Target,,,,,0.0,0.0,4.023,0.0,0.0,,,,,,,,,
136.2,1,isocontour,11.283791670955125,20188.06,42.48,13.2,15.8,0.999,0.1,-2.6,2.6,5.2,18.3,1.094,5,7,0,0,7
136.2,2,isocontour,11.283791670955125,20347.78,42.82,-2.9,20.5,0.992,2.9,0.9,3.0,5.2,18.3,1.094,5,7,0,0,7
136.2,3,isocontour,11.283791670955125,20407.47,42.95,4.7,20.3,0.985,-1.7,-0.0,1.7,5.2,18.3,1.094,5,6,0,0,6
136.2,4,isocontour,11.283791670955125,25619.91,53.91,18.7,9.3,0.986,0.6,2.4,2.5,5.2,18.3,1.094,5,3,0,0,3
136.2,5,isocontour,11.283791670955125,23344.86,49.13,5.2,18.3,1.091,-1.1,-0.5,1.2,5.2,18.3,1.094,5,6,0,0,6
136.2,6,isocontour,11.283791670955125,25062.31,52.74,4.3,19.3,1.047,-3.9,1.0,4.0,5.2,18.3,1.094,5,6,0,0,6
136.2,7,isocontour,11.283791670955125,22733.22,47.84,-17.3,11.6,0.985,-1.1,2.5,2.7,-10.6,16.3,1.071,15,4,0,0,4
136.2,8,isocontour,11.283791670955125,25966.47,54.64,4.6,18.7,1.077,-2.1,-0.8,2.2,5.2,18.3,1.094,5,6,0,0,6
136.2,9,isocontour,11.283791670955125,23447.72,49.34,20.6,2.1,0.993,1.7,-0.1,1.7,17.3,9.2,1.056,10,3,0,0,3
136.2,10,isocontour,11.283791670955125,24849.83,52.29,17.6,9.1,1.047,1.5,-1.1,1.9,5.2,18.3,1.094,5,3,0,0,3
136.2,11,isocontour,11.283791670955125,26861.38,56.53,-15.2,-11.5,1.092,1.3,-0.4,1.4,-15.4,-11.3,1.089,11,4,0,0,4
136.2,12,isocontour,11.283791670955125,23140.75,48.7,-9.2,-18.5,0.995,0.4,-1.3,1.4,-15.4,-11.3,1.089,11,2,0,0,2
136.2,13,isocontour,11.283791670955125,22668.71,47.7,20.1,-5.7,0.983,2.5,-0.9,2.7,17.3,9.2,1.056,10,2,0,0,2
136.2,14,isocontour,11.283791670955125,25081.35,52.78,9.2,-17.9,1.024,2.6,0.9,2.8,9.3,-17.8,1.029,14,3,0,0,3
136.2,15,isocontour,11.283791670955125,20110.14,42.32,-11.0,16.3,1.053,-1.7,0.9,1.9,5.2,18.3,1.094,5,3,0,0,3
136.2,16,isocontour,11.283791670955125,39093.9,82.27,-20.5,3.6,0.986,-2.8,2.5,3.8,-15.4,-11.3,1.089,11,4,0,0,4
136.2,17,isocontour,11.283791670955125,20823.89,43.82,5.0,19.1,1.049,-0.9,0.0,0.9,5.2,18.3,1.094,5,6,0,0,6
136.2,18,isocontour,11.283791670955125,26045.56,54.81,-11.9,17.2,0.984,-2.2,3.4,4.0,5.2,18.3,1.094,5,3,0,0,3
136.2,19,isocontour,11.283791670955125,21946.06,46.18,-20.3,-4.9,0.981,-2.0,-1.1,2.3,-15.4,-11.3,1.089,11,5,0,0,5
136.2,20,isocontour,11.283791670955125,24311.81,51.16,16.0,-13.6,0.979,3.6,0.8,3.7,9.3,-17.8,1.029,14,4,0,0,4
136.2,21,isocontour,11.283791670955125,25142.81,52.91,6.8,-19.0,1.025,1.4,2.2,2.6,9.3,-17.8,1.029,14,3,0,0,3
136.2,22,isocontour,11.283791670955125,26337.23,55.42,-16.0,-13.2,0.991,-0.3,-1.6,1.6,-15.4,-11.3,1.089,11,3,0,0,3
136.2,23,isocontour,11.283791670955125,25391.46,53.43,-20.7,-2.5,0.988,0.4,0.7,0.8,-15.4,-11.3,1.089,11,4,0,0,4
136.2,24,isocontour,11.283791670955125,25927.87,54.56,6.9,-19.8,0.977,-1.6,-3.4,3.8,9.3,-17.8,1.029,14,3,0,0,3
136.2,25,isocontour,11.283791670955125,25460.48,53.58,-19.6,3.4,1.042,-2.6,0.6,2.7,-15.4,-11.3,1.089,11,4,0,0,4
136.2,Target,,,,,0.0,0.0,4.023,0.0,0.0,,,,,,,,,
136.3,1,isocontour,11.283791670955125,20187.52,42.48,13.2,15.7,1.002,0.3,-0.7,0.8,5.2,18.3,1.094,5,7,0,0,7
136.3,2,isocontour,11.283791670955125,20326.79,42.78,-3.1,20.5,0.989,-2.5,0.3,2.5,5.2,18.3,1.094,5,7,0,0,7
136.3,3,isocontour,11.283791670955125,20403.08,42.94,4.7,20.2,0.991,0.7,-1.3,1.5,5.2,18.3,1.094,5,6,0,0,6
136.3,4,isocontour,11.283791670955125,25601.52,53.88,18.6,9.5,0.984,-1.0,2.2,2.4,5.2,18.3,1.094,5,3,0,0,3
136.3,5,isocontour,11.283791670955125,23317.11,49.07,5.4,18.3,1.089,2.8,-0.4,2.8,5.4,18.3,1.094,5,6,0,0,6
136.3,6,isocontour,11.283791670955125,25059.31,52.73,4.3,19.2,1.05,1.0,-0.9,1.3,5.2,18.3,1.094,5,6,0,0,6
136.3,7,isocontour,11.283791670955125,22631.55,47.63,-17.5,11.3,0.986,-1.9,-3.8,4.2,5.2,18.3,1.094,5,4,0,0,4
136.3,8,isocontour,11.283791670955125,25959.43,54.63,4.6,18.5,1.087,-0.2,-1.8,1.8,5.2,18.3,1.094,5,6,0,0,6
136.3,9,isocontour,11.283791670955125,23446.78,49.34,20.7,2.1,0.988,0.8,-0.3,0.9,5.2,18.3,1.094,5,3,0,0,3
136.3,10,isocontour,11.283791670955125,24819.94,52.23,17.4,9.2,1.05,-2.0,2.1,2.9,5.2,18.3,1.094,5,3,0,0,3
136.3,11,isocontour,11.283791670955125,26842.53,56.49,-15.0,-11.6,1.098,2.1,-1.3,2.5,-15.0,-11.6,1.092,11,4,0,0,4
136.3,12,isocontour,11.283791670955125,23137.82,48.69,-9.1,-18.6,0.99,0.4,-1.2,1.3,-15.2,-11.5,1.092,11,2,0,0,2
136.3,13,isocontour,11.283791670955125,22668.26,47.7,20.2,-5.8,0.978,0.4,-0.5,0.6,17.3,9.2,1.056,10,2,0,0,2
136.3,14,isocontour,11.283791670955125,25050.2,52.72,9.5,-17.8,1.025,2.4,1.6,2.9,9.3,-17.8,1.029,14,3,0,0,3
136.3,15,isocontour,11.283791670955125,20108.04,42.31,-11.0,16.3,1.055,1.2,0.1,1.2,5.2,18.3,1.094,5,3,0,0,3
136.3,16,isocontour,11.283791670955125,39092.06,82.26,-20.7,3.6,0.978,-1.1,0.3,1.1,-15.4,-11.3,1.089,11,4,0,0,4
136.3,17,isocontour,11.283791670955125,20795.84,43.76,5.2,19.0,1.05,2.7,-0.7,2.8,5.2,18.3,1.094,5,6,0,0,6
136.3,18,isocontour,11.283791670955125,26036.16,54.79,-11.8,17.3,0.98,1.6,1.1,1.9,5.2,18.3,1.094,5,3,0,0,3
136.3,19,isocontour,11.283791670955125,21945.16,46.18,-20.3,-5.0,0.981,0.6,-0.6,0.8,-15.2,-11.5,1.092,11,5,0,0,5
136.3,20,isocontour,11.283791670955125,24300.56,51.14,16.1,-13.4,0.982,0.4,2.0,2.0,17.3,9.2,1.056,10,4,0,0,4
136.3,21,isocontour,11.283791670955125,25141.29,52.91,6.9,-18.9,1.027,0.9,0.5,1.0,9.3,-17.8,1.029,14,3,0,0,3
136.3,22,isocontour,11.283791670955125,26326.77,55.4,-16.2,-13.3,0.981,-1.7,-1.1,2.0,-15.2,-11.5,1.092,11,3,0,0,3
136.3,23,isocontour,11.283791670955125,25379.55,53.41,-20.5,-2.5,0.998,2.1,-0.3,2.1,-15.2,-11.5,1.092,11,4,0,0,4
136.3,24,isocontour,11.283791670955125,25922.95,54.55,7.0,-19.9,0.972,1.6,-0.1,1.6,9.3,-17.8,1.029,14,3,0,0,3
136.3,25,isocontour,11.283791670955125,25457.99,53.57,-19.7,3.3,1.038,-0.6,-1.1,1.3,-15.4,-11.3,1.089,11,4,0,0,4
136.3,Target,,,,,0.0,0.0,4.023,0.0,0.0,,,,,,,,,
136.4,1,isocontour,11.283791670955125,20140.47,42.38,13.5,15.7,0.991,3.3,0.2,3.3,5.2,18.3,1.094,5,7,0,0,7
136.4,2,isocontour,11.283791670955125,20324.42,42.77,-3.1,20.5,0.99,1.2,-0.2,1.2,5.2,18.3,1.094,5,7,0,0,7
136.4,3,isocontour,11.283791670955125,20382.35,42.89,4.5,20.2,0.993,-2.5,0.4,2.5,5.2,18.3,1.094,5,6,0,0,6
136.4,4,isocontour,11.283791670955125,25594.48,53.86,18.4,9.6,0.99,-1.7,0.5,1.8,5.2,18.3,1.094,5,3,0,0,3
136.4,5,isocontour,11.283791670955125,23285.63,49.0,5.6,18.2,1.089,2.7,-1.0,2.9,5.6,18.2,1.094,5,6,0,0,6
136.4,6,isocontour,11.283791670955125,25026.53,52.67,4.6,19.2,1.051,2.9,-0.7,3.0,5.2,18.3,1.094,5,6,0,0,6
136.4,7,isocontour,11.283791670955125,22624.74,47.61,-17.5,11.1,0.991,0.2,-1.7,1.7,5.2,18.3,1.094,5,4,0,0,4
136.4,8,isocontour,11.283791670955125,25921.06,54.55,4.8,18.4,1.089,3.0,-0.8,3.1,5.2,18.3,1.094,5,6,0,0,6
136.4,9,isocontour,11.283791670955125,23446.64,49.34,20.7,2.0,0.987,0.2,-0.4,0.4,5.2,18.3,1.094,5,3,0,0,3
136.4,10,isocontour,11.283791670955125,24798.46,52.19,17.3,9.5,1.048,-0.6,2.5,2.6,5.2,18.3,1.094,5,3,0,0,3
136.4,11,isocontour,11.283791670955125,26816.23,56.43,-15.0,-11.4,1.1,-1.4,2.4,2.8,-15.0,-11.4,1.098,11,4,0,0,4
136.4,12,isocontour,11.283791670955125,23135.93,48.69,-9.2,-18.7,0.988,-1.1,0.1,1.1,-15.0,-11.6,1.098,11,2,0,0,2
136.4,13,isocontour,11.283791670955125,22664.3,47.69,20.1,-5.7,0.984,-1.2,0.8,1.4,5.2,18.3,1.094,5,2,0,0,2
136.4,14,isocontour,11.283791670955125,25020.32,52.65,9.7,-17.6,1.026,2.5,1.4,2.9,17.3,9.2,1.056,10,3,0,0,3
136.4,15,isocontour,11.283791670955125,20105.36,42.31,-10.9,16.4,1.054,1.0,0.8,1.3,5.2,18.3,1.094,5,3,0,0,3
136.4,16,isocontour,11.283791670955125,39063.4,82.2,-20.6,3.4,0.983,0.7,-2.7,2.8,5.2,18.3,1.094,5,4,0,0,4
136.4,17,isocontour,11.283791670955125,20787.93,43.75,5.4,18.9,1.056,0.9,-1.6,1.8,5.2,18.3,1.094,5,6,0,0,6
136.4,18,isocontour,11.283791670955125,26028.75,54.77,-11.7,17.2,0.989,1.2,-1.3,1.8,5.2,18.3,1.094,5,3,0,0,3
136.4,19,isocontour,11.283791670955125,21926.08,46.14,-20.2,-4.8,0.988,0.8,2.3,2.4,-15.0,-11.6,1.098,11,5,0,0,5
136.4,20,isocontour,11.283791670955125,24287.25,51.11,16.0,-13.5,0.982,-1.3,-1.7,2.1,17.3,9.2,1.056,10,4,0,0,4
136.4,21,isocontour,11.283791670955125,25139.29,52.9,7.0,-18.9,1.026,1.1,0.2,1.1,17.3,9.2,1.056,10,3,0,0,3
136.4,22,isocontour,11.283791670955125,26298.72,55.34,-16.1,-13.5,0.976,1.3,-2.5,2.8,-15.0,-11.6,1.098,11,3,0,0,3
136.4,23,isocontour,11.283791670955125,25377.45,53.4,-20.4,-2.6,0.999,-0.0,-1.2,1.2,-15.0,-11.6,1.098,11,4,0,0,4
136.4,24,isocontour,11.283791670955125,25890.17,54.48,7.2,-19.8,0.974,2.5,1.6,3.0,17.3,9.2,1.056,10,3,0,0,3
136.4,25,isocontour,11.283791670955125,25434.97,53.52,-19.7,3.1,1.039,-0.1,-2.6,2.6,5.2,18.3,1.094,5,4,0,0,4
136.4,Target,,,,,0.0,0.0,4.023,0.0,0.0,,,,,,,,,
136.5,1,isocontour,11.283791670955125,20127.69,42.36,13.7,15.8,0.98,1.7,1.2,2.1,5.2,18.3,1.094,5,7,0,0,7
136.5,2,isocontour,11.283791670955125,20321.93,42.76,-2.9,20.5,0.991,1.2,-0.1,1.2,5.2,18.3,1.094,5,7,0,0,7
136.5,3,isocontour,11.283791670955125,20314.19,42.75,4.2,20.5,0.983,-2.6,2.7,3.7,5.2,18.3,1.094,5,6,0,0,6
136.5,4,isocontour,11.283791670955125,25566.72,53.8,18.3,9.8,0.991,-1.3,2.5,2.8,5.2,18.3,1.094,5,3,0,0,3
136.5,5,isocontour,11.283791670955125,23277.6,48.98,5.5,18.3,1.088,-1.7,0.7,1.8,5.5,18.3,1.094,5,6,0,0,6
136.5,6,isocontour,11.283791670955125,25023.6,52.66,4.7,19.1,1.054,0.9,-0.9,1.3,5.2,18.3,1.094,5,6,0,0,6
136.5,7,isocontour,11.283791670955125,22624.15,47.61,-17.5,11.0,0.994,-0.1,-0.7,0.7,5.2,18.3,1.094,5,4,0,0,4
136.5,8,isocontour,11.283791670955125,25899.07,54.5,5.0,18.5,1.08,2.3,1.2,2.6,5.2,18.3,1.094,5,6,0,0,6
136.5,9,isocontour,11.283791670955125,23411.49,49.27,20.7,2.3,0.988,-0.7,3.0,3.1,5.2,18.3,1.094,5,3,0,0,3
136.5,10,isocontour,11.283791670955125,24794.58,52.18,17.2,9.6,1.05,-1.1,1.0,1.5,5.2,18.3,1.094,5,3,0,0,3
136.5,11,isocontour,11.283791670955125,26812.66,56.42,-15.1,-11.3,1.105,0.0,1.4,1.4,-15.1,-11.3,1.1,11,4,0,0,4
136.5,12,isocontour,11.283791670955125,23132.99,48.68,-9.3,-18.6,0.991,-0.6,1.2,1.3,-15.0,-11.4,1.1,11,2,0,0,2
136.5,13,isocontour,11.283791670955125,22627.02,47.62,20.1,-5.4,0.989,0.1,3.1,3.1,5.2,18.3,1.094,5,2,0,0,2
136.5,14,isocontour,11.283791670955125,25005.1,52.62,9.8,-17.4,1.031,1.2,1.9,2.2,17.3,9.2,1.056,10,3,0,0,3
136.5,15,isocontour,11.283791670955125,20101.72,42.3,-10.8,16.3,1.061,0.3,-1.4,1.4,5.2,18.3,1.094,5,3,0,0,3
136.5,16,isocontour,11.283791670955125,39061.08,82.2,-20.6,3.3,0.986,0.4,-1.1,1.2,-15.0,-11.6,1.098,11,4,0,0,4
136.5,17,isocontour,11.283791670955125,20786.76,43.74,5.3,18.8,1.059,-1.0,-0.1,1.0,5.2,18.3,1.094,5,6,0,0,6
136.5,18,isocontour,11.283791670955125,26026.86,54.77,-11.6,17.1,0.995,0.7,-0.9,1.1,5.2,18.3,1.094,5,3,0,0,3
136.5,19,isocontour,11.283791670955125,21925.4,46.14,-20.2,-4.7,0.989,-0.2,0.8,0.8,-15.0,-11.4,1.1,11,5,0,0,5
136.5,20,isocontour,11.283791670955125,24284.32,51.1,15.8,-13.5,0.987,-1.3,0.1,1.3,5.2,18.3,1.094,5,4,0,0,4
136.5,21,isocontour,11.283791670955125,25111.53,52.84,7.2,-18.7,1.031,2.1,1.8,2.8,17.3,9.2,1.056,10,3,0,0,3
136.5,22,isocontour,11.283791670955125,26278.7,55.3,-16.0,-13.4,0.985,0.6,2.4,2.5,-15.0,-11.4,1.1,11,3,0,0,3
136.5,23,isocontour,11.283791670955125,25375.36,53.4,-20.5,-2.7,0.996,-0.3,-1.1,1.1,-15.0,-11.4,1.1,11,4,0,0,4
136.5,24,isocontour,11.283791670955125,25880.91,54.46,7.3,-19.6,0.982,0.7,1.8,1.9,17.3,9.2,1.056,10,3,0,0,3
136.5,25,isocontour,11.283791670955125,25433.53,53.52,-19.7,2.9,1.04,-0.0,-1.0,1.0,-15.0,-11.6,1.098,11,4,0,0,4
136.5,Target,,,,,0.0,0.0,4.023,0.0,0.0,,,,,,,,,
136.6,1,isocontour,11.283791670955125,20117.7,42.34,13.6,15.9,0.983,-2.0,0.4,2.0,5.2,18.3,1.094,5,7,0,0,7
136.6,2,isocontour,11.283791670955125,20301.67,42.72,-2.7,20.5,0.994,2.5,-0.2,2.5,5.2,18.3,1.094,5,7,0,0,7
136.6,3,isocontour,11.283791670955125,20304.19,42.73,4.1,20.6,0.975,-1.2,1.6,2.0,5.2,18.3,1.094,5,6,0,0,6
136.6,4,isocontour,11.283791670955125,25565.91,53.8,18.3,9.9,0.987,0.4,0.7,0.8,5.2,18.3,1.094,5,3,0,0,3
136.6,5,isocontour,11.283791670955125,23258.06,48.94,5.4,18.4,1.083,-1.9,1.6,2.5,5.4,18.4,1.094,5,6,0,0,6
136.6,6,isocontour,11.283791670955125,25023.03,52.66,4.7,19.1,1.056,-0.8,-0.0,0.8,5.2,18.3,1.094,5,6,0,0,6
136.6,7,isocontour,11.283791670955125,22619.14,47.6,-17.7,11.0,0.987,-1.5,0.3,1.5,-15.0,-11.6,1.098,11,4,0,0,4
136.6,8,isocontour,11.283791670955125,25863.92,54.43,4.9,18.7,1.076,-2.7,1.3,3.0,5.2,18.3,1.094,5,6,0,0,6
136.6,9,isocontour,11.283791670955125,23403.58,49.25,20.5,2.4,0.997,-1.8,0.4,1.8,5.2,18.3,1.094,5,3,0,0,3
136.6,10,isocontour,11.283791670955125,24793.94,52.18,17.2,9.5,1.051,0.2,-0.8,0.8,5.2,18.3,1.094,5,3,0,0,3
136.6,11,isocontour,11.283791670955125,26807.45,56.41,-15.2,-11.2,1.102,-1.5,0.6,1.6,-15.2,-11.2,1.105,11,4,0,0,4
136.6,12,isocontour,11.283791670955125,23132.47,48.68,-9.2,-18.5,0.993,0.7,-0.0,0.7,-15.1,-11.3,1.105,11,2,0,0,2
136.6,13,isocontour,11.283791670955125,22625.41,47.61,20.1,-5.3,0.987,0.6,0.8,1.0,5.2,18.3,1.094,5,2,0,0,2
136.6,14,isocontour,11.283791670955125,24976.75,52.56,10.1,-17.3,1.033,2.4,1.5,2.8,5.2,18.3,1.094,5,3,0,0,3
136.6,15,isocontour,11.283791670955125,20077.1,42.25,-11.0,16.1,1.063,-2.1,-1.7,2.7,5.2,18.3,1.094,5,3,0,0,3
136.6,16,isocontour,11.283791670955125,39057.51,82.19,-20.5,3.2,0.992,1.1,-0.9,1.4,-15.0,-11.4,1.1,11,4,0,0,4
136.6,17,isocontour,11.283791670955125,20781.35,43.73,5.3,19.0,1.051,0.4,1.6,1.6,5.2,18.3,1.094,5,6,0,0,6
136.6,18,isocontour,11.283791670955125,26023.92,54.76,-11.6,17.2,0.991,-0.2,1.3,1.3,5.2,18.3,1.094,5,3,0,0,3
136.6,19,isocontour,11.283791670955125,21924.69,46.14,-20.2,-4.6,0.991,0.3,0.7,0.8,-15.1,-11.3,1.105,11,5,0,0,5
136.6,20,isocontour,11.283791670955125,24265.24,51.06,15.7,-13.4,0.999,-1.4,2.0,2.4,5.2,18.3,1.094,5,4,0,0,4
136.6,21,isocontour,11.283791670955125,25080.38,52.78,7.5,-18.6,1.032,2.7,1.1,2.9,5.2,18.3,1.094,5,3,0,0,3
136.6,22,isocontour,11.283791670955125,26252.97,55.25,-15.9,-13.1,0.999,1.6,2.2,2.7,-15.1,-11.3,1.105,11,3,0,0,3
136.6,23,isocontour,11.283791670955125,25339.5,53.32,-20.5,-3.0,0.992,-0.4,-3.0,3.0,-15.1,-11.3,1.105,11,4,0,0,4
136.6,24,isocontour,11.283791670955125,25874.66,54.45,7.4,-19.4,0.989,0.6,1.6,1.7,5.2,18.3,1.094,5,3,0,0,3
136.6,25,isocontour,11.283791670955125,25431.43,53.52,-19.6,2.8,1.043,0.5,-1.1,1.2,-15.0,-11.4,1.1,11,4,0,0,4
136.6,Target,,,,,0.0,0.0,4.023,0.0,0.0,,,,,,,,,
136.7,1,isocontour,11.283791670955125,20113.97,42.33,13.6,15.8,0.988,0.2,-1.4,1.4,5.2,18.3,1.094,5,7,0,0,7
136.7,2,isocontour,11.283791670955125,20297.38,42.71,-2.6,20.6,0.991,1.1,1.0,1.5,5.2,18.3,1.094,5,7,0,0,7
136.7,3,isocontour,11.283791670955125,20299.98,42.72,4.0,20.5,0.981,-0.4,-1.4,1.5,5.2,18.3,1.094,5,6,0,0,6
136.7,4,isocontour,11.283791670955125,25562.91,53.79,18.4,9.9,0.983,1.2,-0.6,1.3,5.2,18.3,1.094,5,3,0,0,3
136.7,5,isocontour,11.283791670955125,23256.66,48.94,5.4,18.4,1.084,0.8,-0.6,1.0,5.4,18.4,1.094,5,6,0,0,6
136.7,6,isocontour,11.283791670955125,25007.22,52.62,4.5,19.2,1.051,-1.8,1.5,2.3,5.2,18.3,1.094,5,6,0,0,6
136.7,7,isocontour,11.283791670955125,22602.07,47.56,-17.5,11.0,0.995,2.4,0.0,2.4,-15.0,-11.4,1.1,11,4,0,0,4
136.7,8,isocontour,11.283791670955125,25855.88,54.41,4.7,18.6,1.084,-1.2,-1.4,1.8,5.2,18.3,1.094,5,6,0,0,6
136.7,9,isocontour,11.283791670955125,23403.14,49.25,20.5,2.3,0.995,0.6,-0.3,0.7,5.2,18.3,1.094,5,3,0,0,3
136.7,10,isocontour,11.283791670955125,24771.7,52.13,17.3,9.3,1.052,1.0,-2.4,2.6,5.2,18.3,1.094,5,3,0,0,3
136.7,11,isocontour,11.283791670955125,26778.18,56.35,-15.4,-11.4,1.087,-1.7,-2.3,2.9,-15.4,-11.4,1.105,11,4,0,0,4
136.7,12,isocontour,11.283791670955125,23128.82,48.67,-9.2,-18.7,0.988,0.4,-1.3,1.4,-15.1,-11.3,1.105,11,2,0,0,2
136.7,13,isocontour,11.283791670955125,22623.03,47.61,20.0,-5.3,0.991,-1.1,-0.5,1.2,5.2,18.3,1.094,5,2,0,0,2
136.7,14,isocontour,11.283791670955125,24948.09,52.5,10.3,-17.1,1.036,2.1,1.9,2.8,5.2,18.3,1.094,5,3,0,0,3
136.7,15,isocontour,11.283791670955125,20072.71,42.24,-11.0,16.2,1.06,0.8,1.3,1.5,-15.0,-11.6,1.098,11,3,0,0,3
136.7,16,isocontour,11.283791670955125,39056.99,82.19,-20.5,3.2,0.993,0.1,0.7,0.7,-15.1,-11.3,1.105,11,4,0,0,4
136.7,17,isocontour,11.283791670955125,20771.2,43.71,5.3,19.1,1.042,-0.8,1.8,2.0,5.2,18.3,1.094,5,6,0,0,6
136.7,18,isocontour,11.283791670955125,26015.75,54.75,-11.7,17.3,0.983,-1.7,0.7,1.8,-15.0,-11.6,1.098,11,3,0,0,3
136.7,19,isocontour,11.283791670955125,21917.28,46.12,-20.4,-4.6,0.984,-1.8,0.2,1.8,-15.1,-11.3,1.105,11,5,0,0,5
136.7,20,isocontour,11.283791670955125,24264.37,51.06,15.6,-13.4,1.0,-0.4,-0.8,0.9,5.2,18.3,1.094,5,4,0,0,4
136.7,21,isocontour,11.283791670955125,25045.57,52.71,7.7,-18.4,1.036,2.4,1.9,3.1,5.2,18.3,1.094,5,3,0,0,3
136.7,22,isocontour,11.283791670955125,26230.73,55.2,-15.8,-13.3,0.997,0.8,-2.5,2.6,-15.1,-11.3,1.105,11,4,0,0,4
136.7,23,isocontour,11.283791670955125,25290.74,53.22,-20.8,-3.0,0.976,-3.4,0.2,3.4,-15.1,-11.3,1.105,11,5,0,0,5
136.7,24,isocontour,11.283791670955125,25871.31,54.44,7.5,-19.4,0.99,1.3,0.5,1.4,5.2,18.3,1.094,5,3,0,0,3
136.7,25,isocontour,11.283791670955125,25400.6,53.45,-19.6,2.6,1.045,-0.1,-2.9,2.9,-15.1,-11.3,1.105,11,4,0,0,4
136.7,Target,,,,,0.0,0.0,4.023,0.0,0.0,,,,,,,,,
136.8,1,isocontour,11.283791670955125,20076.33,42.25,13.3,15.8,0.995,-3.0,0.8,3.1,5.2,18.3,1.094,5,7,0,0,7
136.8,2,isocontour,11.283791670955125,20292.36,42.7,-2.7,20.7,0.985,-1.3,0.9,1.6,-15.0,-11.6,1.098,11,7,0,0,7
136.8,3,isocontour,11.283791670955125,20274.81,42.67,4.2,20.3,0.991,1.5,-2.2,2.7,5.2,18.3,1.094,5,6,0,0,6
136.8,4,isocontour,11.283791670955125,25561.34,53.79,18.4,9.8,0.984,0.3,-1.0,1.0,5.2,18.3,1.094,5,3,0,0,3
136.8,5,isocontour,11.283791670955125,23230.07,48.88,5.2,18.5,1.078,-2.0,1.9,2.8,5.2,18.5,1.094,5,6,0,0,6
136.8,6,isocontour,11.283791670955125,24998.24,52.61,4.5,19.0,1.059,0.0,-1.9,1.9,5.2,18.3,1.094,5,6,0,0,6
136.8,7,isocontour,11.283791670955125,22596.36,47.55,-17.3,11.1,1.0,1.4,0.9,1.7,-15.1,-11.3,1.105,11,4,0,0,4
136.8,8,isocontour,11.283791670955125,25854.88,54.41,4.7,18.6,1.081,-0.1,0.9,0.9,5.2,18.3,1.094,5,6,0,0,6
136.8,9,isocontour,11.283791670955125,23402.11,49.25,20.6,2.3,0.991,0.9,-0.2,0.9,5.2,18.3,1.094,5,3,0,0,3
136.8,10,isocontour,11.283791670955125,24766.78,52.12,17.3,9.1,1.058,-0.4,-1.5,1.6,5.2,18.3,1.094,5,3,0,0,3
136.8,11,isocontour,11.283791670955125,26776.34,56.35,-15.4,-11.5,1.081,0.0,-1.1,1.1,-15.4,-11.5,1.105,11,4,0,0,4
136.8,12,isocontour,11.283791670955125,23122.47,48.66,-9.2,-18.5,0.993,-0.7,1.5,1.7,-15.1,-11.3,1.105,11,2,0,0,2
136.8,13,isocontour,11.283791670955125,22608.79,47.58,20.2,-5.4,0.982,2.2,-0.6,2.3,5.2,18.3,1.094,5,2,0,0,2
136.8,14,isocontour,11.283791670955125,24946.69,52.5,10.4,-17.0,1.038,0.6,0.8,1.0,5.2,18.3,1.094,5,3,0,0,3
136.8,15,isocontour,11.283791670955125,20069.14,42.23,-11.1,16.1,1.059,-1.2,-0.7,1.4,-15.0,-11.4,1.1,11,3,0,0,3
136.8,16,isocontour,11.283791670955125,39043.31,82.16,-20.6,3.1,0.986,-1.7,-1.4,2.2,-15.1,-11.3,1.105,11,4,0,0,4
136.8,17,isocontour,11.283791670955125,20745.75,43.66,5.0,19.2,1.045,-2.7,-0.2,2.7,5.2,18.3,1.094,5,6,0,0,6
136.8,18,isocontour,11.283791670955125,26012.69,54.74,-11.9,17.3,0.976,-1.3,0.4,1.4,-15.0,-11.4,1.1,11,3,0,0,3
136.8,19,isocontour,11.283791670955125,21890.4,46.07,-20.3,-4.8,0.984,1.1,-2.6,2.8,-15.1,-11.3,1.105,11,5,0,0,5
136.8,20,isocontour,11.283791670955125,24262.52,51.06,15.6,-13.5,0.997,-0.2,-1.1,1.1,5.2,18.3,1.094,5,4,0,0,4
136.8,21,isocontour,11.283791670955125,25022.56,52.66,8.0,-18.3,1.035,2.5,0.8,2.6,5.2,18.3,1.094,5,3,0,0,3
136.8,22,isocontour,11.283791670955125,26228.74,55.2,-15.7,-13.4,0.994,0.5,-1.0,1.1,-15.1,-11.3,1.105,11,3,0,0,3
136.8,23,isocontour,11.283791670955125,25289.83,53.22,-20.9,-2.9,0.973,-0.2,0.9,0.9,-15.1,-11.3,1.105,11,4,0,0,4
136.8,24,isocontour,11.283791670955125,25868.82,54.44,7.6,-19.3,0.993,0.7,1.0,1.2,5.2,18.3,1.094,5,3,0,0,3
136.8,25,isocontour,11.283791670955125,25399.04,53.45,-19.6,2.6,1.048,0.6,0.8,1.0,-15.1,-11.3,1.105,11,4,0,0,4
136.8,Target,,,,,0.0,0.0,4.023,0.0,0.0,,,,,,,,,
136.9,1,isocontour,11.283791670955125,20066.03,42.23,13.4,15.8,0.99,2.0,-0.0,2.0,5.2,18.3,1.094,5,7,0,0,7
136.9,2,isocontour,11.283791670955125,20291.19,42.7,-2.6,20.7,0.985,1.0,-0.1,1.0,-15.0,-11.4,1.1,11,7,0,0,7
136.9,3,isocontour,11.283791670955125,20247.35,42.61,4.0,20.3,0.992,-2.7,0.6,2.8,-15.0,-11.6,1.098,11,6,0,0,6
136.9,4,isocontour,11.283791670955125,25557.29,53.78,18.4,9.8,0.986,-1.0,1.0,1.4,5.2,18.3,1.094,5,3,0,0,3
136.9,5,isocontour,11.283791670955125,23114.41,48.64,5.6,18.5,1.077,4.3,-1.2,4.5,-15.0,-11.6,1.098,11,6,0,0,6
136.9,6,isocontour,11.283791670955125,24997.27,52.6,4.4,19.1,1.058,-0.6,0.6,0.8,-15.0,-11.6,1.098,11,6,0,0,6
136.9,7,isocontour,11.283791670955125,22589.31,47.54,-17.4,11.0,1.003,-0.4,-1.7,1.7,-15.1,-11.3,1.105,11,4,0,0,4
136.9,8,isocontour,11.283791670955125,25836.72,54.37,4.7,18.4,1.091,0.6,-2.3,2.4,-15.0,-11.6,1.098,11,6,0,0,6
136.9,9,isocontour,11.283791670955125,23401.58,49.25,20.7,2.3,0.987,0.6,-0.3,0.7,5.2,18.3,1.094,5,3,0,0,3
136.9,10,isocontour,11.283791670955125,24735.31,52.05,17.2,9.3,1.059,-1.3,2.6,2.9,5.2,18.3,1.094,5,3,0,0,3
136.9,11,isocontour,11.283791670955125,26773.9,56.34,-15.3,-11.6,1.082,1.0,-0.8,1.3,-15.3,-11.6,1.105,11,4,0,0,4
136.9,12,isocontour,11.283791670955125,23119.6,48.65,-9.2,-18.6,0.989,0.4,-1.2,1.3,-15.1,-11.3,1.105,11,2,0,0,2
136.9,13,isocontour,11.283791670955125,22577.96,47.51,20.1,-5.6,0.984,-1.7,-2.4,2.9,5.2,18.3,1.094,5,2,0,0,2
136.9,14,isocontour,11.283791670955125,24916.49,52.43,10.5,-16.8,1.042,2.0,2.0,2.8,5.2,18.3,1.094,5,3,0,0,3
136.9,15,isocontour,11.283791670955125,20065.49,42.23,-11.1,16.0,1.062,-0.7,-1.2,1.4,-15.1,-11.3,1.105,11,3,0,0,3
136.9,16,isocontour,11.283791670955125,38955.74,81.98,-20.6,3.4,0.981,-0.3,4.1,4.1,-15.1,-11.3,1.105,11,4,0,0,4
136.9,17,isocontour,11.283791670955125,20725.5,43.61,5.2,19.1,1.045,2.5,-0.5,2.5,-15.0,-11.6,1.098,11,6,0,0,6
136.9,18,isocontour,11.283791670955125,26009.82,54.73,-12.0,17.3,0.976,-1.1,-0.8,1.4,-15.1,-11.3,1.105,11,3,0,0,3
136.9,19,isocontour,11.283791670955125,21881.7,46.05,-20.1,-4.9,0.992,1.8,-0.6,1.9,-15.1,-11.3,1.105,11,5,0,0,5
136.9,20,isocontour,11.283791670955125,24132.49,50.78,15.9,-13.3,0.992,3.7,2.9,4.7,5.2,18.3,1.094,5,4,0,0,4
136.9,21,isocontour,11.283791670955125,25000.83,52.61,8.2,-18.2,1.033,2.5,0.7,2.6,5.2,18.3,1.094,5,3,0,0,3
136.9,22,isocontour,11.283791670955125,26149.2,55.03,-16.0,-13.2,0.991,-3.0,2.6,4.0,-15.1,-11.3,1.105,11,3,0,0,3
136.9,23,isocontour,11.283791670955125,25286.63,53.21,-20.9,-2.8,0.974,0.0,1.4,1.4,-15.1,-11.3,1.105,11,4,0,0,4
136.9,24,isocontour,11.283791670955125,25868.23,54.44,7.5,-19.3,0.993,-0.7,-0.4,0.8,5.2,18.3,1.094,5,3,0,0,3
136.9,25,isocontour,11.283791670955125,25398.0,53.45,-19.6,2.7,1.048,0.1,0.9,0.9,-15.1,-11.3,1.105,11,4,0,0,4
136.9,Target,,,,,0.0,0.0,4.023,0.0,0.0,,,,,,,,,
137.0,1,isocontour,11.283791670955125,20055.58,42.2,13.6,15.9,0.98,1.8,0.9,2.0,-15.0,-11.6,1.098,11,7,0,0,7
137.0,2,isocontour,11.283791670955125,20285.98,42.69,-2.5,20.6,0.991,1.1,-1.1,1.6,-15.1,-11.3,1.105,11,7,0,0,7
137.0,3,isocontour,11.283791670955125,20230.49,42.57,3.8,20.5,0.985,-1.6,1.8,2.4,-15.0,-11.4,1.1,11,6,0,0,6
137.0,4,isocontour,11.283791670955125,25550.25,53.77,18.2,9.8,0.995,-1.6,-0.7,1.7,5.2,18.3,1.094,5,3,0,0,3
137.0,5,isocontour,11.283791670955125,23110.61,48.63,5.6,18.5,1.072,-0.8,1.2,1.4,-15.0,-11.4,1.1,11,6,0,0,6
137.0,6,isocontour,11.283791670955125,24995.91,52.6,4.5,19.0,1.06,0.9,-0.5,1.0,-15.0,-11.4,1.1,11,6,0,0,6
137.0,7,isocontour,11.283791670955125,22560.96,47.48,-17.6,10.8,0.999,-2.3,-1.6,2.8,-15.1,-11.3,1.105,11,4,0,0,4
137.0,8,isocontour,11.283791670955125,25824.12,54.34,4.9,18.4,1.091,2.1,-0.2,2.1,-15.0,-11.4,1.1,11,6,0,0,6
137.0,9,isocontour,11.283791670955125,23397.2,49.24,20.7,2.4,0.985,0.2,1.5,1.5,5.2,18.3,1.094,5,3,0,0,3
137.0,10,isocontour,11.283791670955125,24732.44,52.05,17.2,9.5,1.055,0.1,1.3,1.3,5.2,18.3,1.094,5,3,0,0,3
137.0,11,isocontour,11.283791670955125,26772.8,56.34,-15.4,-11.6,1.08,-0.8,0.4,0.9,-15.4,-11.6,1.105,11,4,0,0,4
137.0,12,isocontour,11.283791670955125,23113.02,48.64,-9.3,-18.5,0.994,-0.7,1.6,1.7,-15.1,-11.3,1.105,11,2,0,0,2
137.0,13,isocontour,11.283791670955125,22573.83,47.5,19.9,-5.7,0.992,-1.5,-0.1,1.5,5.2,18.3,1.094,5,2,0,0,2
137.0,14,isocontour,11.283791670955125,24915.09,52.43,10.7,-16.8,1.042,0.9,0.5,1.0,5.2,18.3,1.094,5,3,0,0,3
137.0,15,isocontour,11.283791670955125,20030.34,42.15,-11.3,15.8,1.067,-1.9,-2.3,3.0,-15.1,-11.3,1.105,11,3,0,0,3
137.0,16,isocontour,11.283791670955125,38935.72,81.94,-20.5,3.7,0.984,1.2,2.2,2.5,-15.1,-11.3,1.105,11,4,0,0,4
137.0,17,isocontour,11.283791670955125,20718.09,43.6,5.3,19.0,1.052,0.8,-1.6,1.8,-15.0,-11.4,1.1,11,6,0,0,6
137.0,18,isocontour,11.283791670955125,25995.39,54.7,-12.0,17.1,0.984,-0.1,-2.2,2.2,-15.1,-11.3,1.105,11,3,0,0,3
137.0,19,isocontour,11.283791670955125,21861.45,46.0,-20.2,-4.7,0.993,-0.7,2.4,2.5,-15.1,-11.3,1.105,11,5,0,0,5
137.0,20,isocontour,11.283791670955125,24012.95,50.53,16.3,-13.0,0.989,3.3,3.1,4.5,5.2,18.3,1.094,5,4,0,0,4
137.0,21,isocontour,11.283791670955125,24971.25,52.55,8.5,-18.1,1.032,2.7,1.0,2.9,5.2,18.3,1.094,5,3,0,0,3
137.0,22,isocontour,11.283791670955125,26106.64,54.94,-16.1,-13.5,0.979,-0.7,-3.1,3.2,-15.1,-11.3,1.105,11,3,0,0,3
137.0,23,isocontour,11.283791670955125,25273.32,53.18,-20.7,-2.7,0.983,1.8,1.3,2.2,-15.1,-11.3,1.105,11,4,0,0,4
137.0,24,isocontour,11.283791670955125,25764.44,54.22,7.2,-19.5,0.989,-3.7,-2.2,4.3,5.2,18.3,1.094,5,3,0,0,3
137.0,25,isocontour,11.283791670955125,25371.99,53.39,-19.5,2.9,1.049,0.7,2.6,2.7,-15.1,-11.3,1.105,11,4,0,0,4
137.0,Target,,,,,0.0,0.0,4.023,0.0,0.0,,,,,,,,,
137.1,1,isocontour,11.283791670955125,20049.76,42.19,13.7,15.8,0.978,1.3,-1.0,1.6,-15.0,-11.4,1.1,11,7,0,0,7
137.1,2,isocontour,11.283791670955125,20284.09,42.69,-2.4,20.5,0.997,0.5,-1.0,1.1,-15.1,-11.3,1.105,11,7,0,0,7
137.1,3,isocontour,11.283791670955125,20167.59,42.44,3.5,20.6,0.982,-3.5,1.0,3.6,-15.1,-11.3,1.105,11,6,0,0,6
137.1,4,isocontour,11.283791670955125,25548.89,53.76,18.2,9.7,0.998,0.1,-1.0,1.0,-15.0,-11.6,1.098,11,3,0,0,3
137.1,5,isocontour,11.283791670955125,23108.18,48.63,5.6,18.4,1.077,-0.1,-1.2,1.2,-15.1,-11.3,1.105,11,6,0,0,6
137.1,6,isocontour,11.283791670955125,24968.74,52.54,4.3,19.0,1.062,-2.8,0.2,2.8,-15.1,-11.3,1.105,11,6,0,0,6
137.1,7,isocontour,11.283791670955125,22555.35,47.46,-17.7,10.9,0.991,-0.7,1.5,1.7,-15.1,-11.3,1.105,11,4,0,0,4
137.1,8,isocontour,11.283791670955125,25795.16,54.28,4.7,18.5,1.088,-2.6,1.1,2.8,-15.1,-11.3,1.105,11,6,0,0,6
137.1,9,isocontour,11.283791670955125,23366.37,49.17,20.6,2.6,0.991,-1.6,2.4,2.9,5.2,18.3,1.094,5,3,0,0,3
137.1,10,isocontour,11.283791670955125,24713.83,52.01,17.3,9.4,1.05,1.9,-1.6,2.5,-15.0,-11.6,1.098,11,3,0,0,3
137.1,11,isocontour,11.283791670955125,26747.35,56.29,-15.4,-11.3,1.088,0.0,2.7,2.7,-15.4,-11.3,1.105,11,4,0,0,4
137.1,12,isocontour,11.283791670955125,23112.56,48.64,-9.2,-18.5,0.995,0.7,-0.2,0.7,-15.1,-11.3,1.105,11,2,0,0,2
137.1,13,isocontour,11.283791670955125,22572.18,47.5,19.9,-5.6,0.995,-0.2,1.1,1.1,5.2,18.3,1.094,5,2,0,0,2
137.1,14,isocontour,11.283791670955125,24909.17,52.42,10.7,-16.6,1.045,0.9,1.4,1.7,5.2,18.3,1.094,5,3,0,0,3
137.1,15,isocontour,11.283791670955125,20027.06,42.14,-11.4,15.7,1.066,-1.3,-0.5,1.4,-15.1,-11.3,1.105,11,3,0,0,3
137.1,16,isocontour,11.283791670955125,38934.55,81.93,-20.5,3.8,0.988,0.8,0.5,0.9,-15.1,-11.3,1.105,11,4,0,0,4
137.1,17,isocontour,11.283791670955125,20617.83,43.39,5.0,19.1,1.051,-4.0,1.6,4.3,-15.1,-11.3,1.105,11,6,0,0,6
137.1,18,isocontour,11.283791670955125,25987.74,54.69,-12.0,16.9,0.992,-0.2,-1.8,1.8,-15.1,-11.3,1.105,11,3,0,0,3
137.1,19,isocontour,11.283791670955125,21858.24,46.0,-20.1,-4.8,0.994,0.4,-1.3,1.4,-15.1,-11.3,1.105,11,5,0,0,5
137.1,20,isocontour,11.283791670955125,24003.25,50.51,16.3,-12.7,0.996,-0.6,1.9,2.0,5.2,18.3,1.094,5,4,0,0,4
137.1,21,isocontour,11.283791670955125,24964.09,52.53,8.6,-18.0,1.037,0.8,1.6,1.8,5.2,18.3,1.094,5,3,0,0,3
137.1,22,isocontour,11.283791670955125,26105.85,54.94,-16.1,-13.4,0.98,0.1,0.8,0.8,-15.1,-11.3,1.105,11,3,0,0,3
137.1,23,isocontour,11.283791670955125,25266.39,53.17,-20.5,-2.7,0.992,1.7,-0.2,1.7,-15.1,-11.3,1.105,11,4,0,0,4
137.1,24,isocontour,11.283791670955125,25763.19,54.22,7.2,-19.5,0.987,1.0,0.0,1.0,5.2,18.3,1.094,5,3,0,0,3
137.1,25,isocontour,11.283791670955125,25371.05,53.39,-19.5,3.0,1.051,0.4,0.8,0.9,-15.1,-11.3,1.105,11,4,0,0,4
137.1,Target,,,,,0.0,0.0,4.023,0.0,0.0,,,,,,,,,
137.2,1,isocontour,11.283791670955125,20042.48,42.18,13.9,15.7,0.977,1.4,-1.1,1.8,-15.1,-11.3,1.105,11,6,0,0,6
137.2,2,isocontour,11.283791670955125,20280.52,42.68,-2.4,20.6,0.993,0.8,1.1,1.4,-15.1,-11.3,1.105,11,7,0,0,7
137.2,3,isocontour,11.283791670955125,20148.75,42.4,3.2,20.5,0.99,-2.1,-1.3,2.5,-15.1,-11.3,1.105,11,5,0,0,5
137.2,4,isocontour,11.283791670955125,25519.0,53.7,18.2,9.9,0.992,0.1,2.9,2.9,-15.0,-11.4,1.1,11,3,0,0,3
137.2,5,isocontour,11.283791670955125,23075.4,48.56,5.3,18.4,1.082,-2.9,0.2,2.9,-15.1,-11.3,1.105,11,6,0,0,6
137.2,6,isocontour,11.283791670955125,24967.61,52.54,4.1,19.0,1.063,-0.9,0.1,0.9,-15.1,-11.3,1.105,11,6,0,0,6
137.2,7,isocontour,11.283791670955125,22490.9,47.33,-18.0,10.8,0.978,-3.5,-1.0,3.6,-15.1,-11.3,1.105,11,4,0,0,4
137.2,8,isocontour,11.283791670955125,25773.68,54.24,4.5,18.5,1.093,-2.5,-0.4,2.5,-15.1,-11.3,1.105,11,6,0,0,6
137.2,9,isocontour,11.283791670955125,23351.75,49.14,20.7,2.8,0.983,1.5,1.6,2.2,-15.0,-11.6,1.098,11,3,0,0,3
137.2,10,isocontour,11.283791670955125,24708.52,52.0,17.5,9.4,1.042,1.6,0.0,1.6,-15.0,-11.4,1.1,11,3,0,0,3
137.2,11,isocontour,11.283791670955125,26742.33,56.28,-15.5,-11.2,1.087,-1.2,1.0,1.6,-15.5,-11.2,1.105,11,4,0,0,4
137.2,12,isocontour,11.283791670955125,23111.12,48.63,-9.2,-18.4,1.0,0.4,0.9,1.0,-15.1,-11.3,1.105,11,2,0,0,2
137.2,13,isocontour,11.283791670955125,22514.26,47.38,20.2,-5.6,0.979,3.6,-0.1,3.6,5.2,18.3,1.094,5,2,0,0,2
137.2,14,isocontour,11.283791670955125,24878.34,52.35,11.0,-16.5,1.045,2.5,1.4,2.9,5.2,18.3,1.094,5,3,0,0,3
137.2,15,isocontour,11.283791670955125,20026.47,42.14,-11.4,15.8,1.066,0.7,0.4,0.8,-15.1,-11.3,1.105,11,3,0,0,3
137.2,16,isocontour,11.283791670955125,38928.2,81.92,-20.4,3.7,0.995,1.1,-1.3,1.7,-15.1,-11.3,1.105,11,4,0,0,4
137.2,17,isocontour,11.283791670955125,20590.07,43.33,4.7,19.1,1.056,-2.8,-0.4,2.8,-15.1,-11.3,1.105,11,6,0,0,6
137.2,18,isocontour,11.283791670955125,25976.65,54.66,-12.2,16.8,0.988,-2.0,-0.1,2.0,-15.1,-11.3,1.105,11,3,0,0,3
137.2,19,isocontour,11.283791670955125,21854.59,45.99,-20.2,-4.9,0.987,-1.2,-0.7,1.4,-15.1,-11.3,1.105,11,5,0,0,5
137.2,20,isocontour,11.283791670955125,23989.57,50.48,16.1,-12.8,1.001,-1.9,-1.2,2.2,5.2,18.3,1.094,5,3,0,0,3
137.2,21,isocontour,11.283791670955125,24941.85,52.49,8.8,-17.9,1.036,2.5,0.8,2.6,5.2,18.3,1.094,5,3,0,0,3
137.2,22,isocontour,11.283791670955125,26071.38,54.86,-15.9,-13.3,0.994,2.1,2.1,3.0,-15.1,-11.3,1.105,11,3,0,0,3
137.2,23,isocontour,11.283791670955125,25265.97,53.17,-20.5,-2.6,0.994,-0.1,0.7,0.7,-15.1,-11.3,1.105,11,4,0,0,4
137.2,24,isocontour,11.283791670955125,25732.68,54.15,7.5,-19.4,0.99,2.4,1.6,2.9,5.2,18.3,1.094,5,2,0,0,2
137.2,25,isocontour,11.283791670955125,25340.22,53.33,-19.5,2.8,1.051,-0.4,-2.9,2.9,-15.1,-11.3,1.105,11,4,0,0,4
137.2,Target,,,,,0.0,0.0,4.023,0.0,0.0,,,,,,,,,
137.3,1,isocontour,11.283791670955125,20039.8,42.17,14.0,15.6,0.98,0.5,-1.2,1.3,-15.1,-11.3,1.105,11,6,0,0,6
137.3,2,isocontour,11.283791670955125,20279.58,42.68,-2.4,20.6,0.992,-0.9,0.1,0.9,-15.1,-11.3,1.105,11,7,0,0,7
137.3,3,isocontour,11.283791670955125,20146.59,42.4,3.1,20.4,0.995,-1.0,-0.6,1.2,-15.1,-11.3,1.105,11,5,0,0,5
137.3,4,isocontour,11.283791670955125,25518.52,53.7,18.3,10.0,0.987,0.7,0.2,0.7,-15.1,-11.3,1.105,11,3,0,0,3
137.3,5,isocontour,11.283791670955125,23073.4,48.56,5.2,18.5,1.081,-1.0,0.6,1.2,-15.1,-11.3,1.105,11,6,0,0,6
137.3,6,isocontour,11.283791670955125,24940.14,52.48,3.9,19.1,1.065,-2.8,0.4,2.8,-15.1,-11.3,1.105,11,6,0,0,6
137.3,7,isocontour,11.283791670955125,22474.88,47.3,-18.2,10.8,0.969,-2.2,-0.6,2.3,-15.1,-11.3,1.105,11,4,0,0,4
137.3,8,isocontour,11.283791670955125,25771.47,54.23,4.4,18.5,1.091,-0.9,0.8,1.2,-15.1,-11.3,1.105,11,6,0,0,6
137.3,9,isocontour,11.283791670955125,23350.26,49.14,20.8,2.8,0.978,1.0,-0.3,1.0,-15.0,-11.4,1.1,11,3,0,0,3
137.3,10,isocontour,11.283791670955125,24699.26,51.98,17.6,9.2,1.04,1.1,-1.6,1.9,-15.1,-11.3,1.105,11,3,0,0,3
137.3,11,isocontour,11.283791670955125,26734.43,56.26,-15.5,-11.3,1.083,0.4,-1.8,1.8,-15.5,-11.3,1.105,11,4,0,0,4
137.3,12,isocontour,11.283791670955125,23065.73,48.54,-8.9,-18.5,1.002,3.1,-1.2,3.3,-15.1,-11.3,1.105,11,2,0,0,2
137.3,13,isocontour,11.283791670955125,22509.34,47.37,20.3,-5.7,0.971,0.8,-1.3,1.5,-15.0,-11.6,1.098,11,2,0,0,2
137.3,14,isocontour,11.283791670955125,24876.45,52.35,11.1,-16.4,1.046,0.8,0.8,1.1,5.2,18.3,1.094,5,3,0,0,3
137.3,15,isocontour,11.283791670955125,20003.46,42.09,-11.2,15.9,1.068,2.4,1.2,2.7,-15.1,-11.3,1.105,11,3,0,0,3
137.3,16,isocontour,11.283791670955125,38927.72,81.92,-20.3,3.7,0.995,0.0,0.7,0.7,-15.1,-11.3,1.105,11,4,0,0,4
137.3,17,isocontour,11.283791670955125,20589.63,43.33,4.7,19.0,1.056,0.7,-0.1,0.7,-15.1,-11.3,1.105,11,6,0,0,6
137.3,18,isocontour,11.283791670955125,25901.23,54.51,-12.0,17.1,0.983,2.7,2.9,4.0,-15.1,-11.3,1.105,11,3,0,0,3
137.3,19,isocontour,11.283791670955125,21853.86,45.99,-20.3,-4.8,0.984,-0.5,0.6,0.8,-15.1,-11.3,1.105,11,5,0,0,5
137.3,20,isocontour,11.283791670955125,23988.67,50.48,16.1,-12.8,1.0,0.7,0.5,0.9,5.2,18.3,1.094,5,4,0,0,4
137.3,21,isocontour,11.283791670955125,24930.77,52.46,8.9,-17.7,1.042,0.9,1.9,2.1,5.2,18.3,1.094,5,3,0,0,3
137.3,22,isocontour,11.283791670955125,26039.91,54.8,-16.0,-13.1,0.994,-2.2,1.9,2.9,-15.1,-11.3,1.105,11,3,0,0,3
137.3,23,isocontour,11.283791670955125,25226.48,53.09,-20.6,-2.8,0.988,-0.9,-3.0,3.1,-15.1,-11.3,1.105,11,4,0,0,4
137.3,24,isocontour,11.283791670955125,25724.51,54.13,7.6,-19.2,0.997,0.7,1.7,1.8,5.2,18.3,1.094,5,3,0,0,3
137.3,25,isocontour,11.283791670955125,25338.74,53.32,-19.5,2.7,1.049,-0.5,-0.9,1.0,-15.1,-11.3,1.105,11,4,0,0,4
137.3,Target,,,,,0.0,0.0,4.023,0.0,0.0,,,,,,,,,
137.4,1,isocontour,11.283791670955125,20026.85,42.14,13.8,15.5,0.99,-1.5,-1.5,2.1,-15.1,-11.3,1.105,11,6,0,0,6
137.4,2,isocontour,11.283791670955125,20151.2,42.41,-2.8,20.6,0.987,-4.6,0.3,4.6,-15.1,-11.3,1.105,11,7,0,0,7
137.4,3,isocontour,11.283791670955125,20124.35,42.35,3.3,20.3,0.999,2.3,-1.1,2.5,-15.1,-11.3,1.105,11,5,0,0,5
137.4,4,isocontour,11.283791670955125,25517.86,53.7,18.2,10.0,0.988,-0.6,0.5,0.8,-15.1,-11.3,1.105,11,3,0,0,3
137.4,5,isocontour,11.283791670955125,23045.05,48.5,4.9,18.5,1.082,-2.8,0.5,2.8,-15.1,-11.3,1.105,11,6,0,0,6
137.4,6,isocontour,11.283791670955125,24914.13,52.43,3.6,19.2,1.062,-2.5,1.0,2.7,-15.1,-11.3,1.105,11,6,0,0,6
137.4,7,isocontour,11.283791670955125,22472.14,47.29,-18.3,10.6,0.969,-0.4,-1.2,1.3,-15.1,-11.3,1.105,11,4,0,0,4
137.4,8,isocontour,11.283791670955125,25751.7,54.19,4.2,18.6,1.091,-2.4,0.5,2.5,-15.1,-11.3,1.105,11,6,0,0,6
137.4,9,isocontour,11.283791670955125,23319.75,49.07,20.7,3.0,0.98,-1.0,2.7,2.9,-15.1,-11.3,1.105,11,3,0,0,3
137.4,10,isocontour,11.283791670955125,24697.82,51.97,17.7,9.3,1.035,0.6,0.8,1.0,-15.1,-11.3,1.105,11,3,0,0,3
137.4,11,isocontour,11.283791670955125,26727.62,56.24,-15.4,-11.5,1.079,0.4,-1.7,1.7,-15.4,-11.5,1.105,11,4,0,0,4
137.4,12,isocontour,11.283791670955125,23065.27,48.54,-8.8,-18.6,1.001,0.5,-0.5,0.7,-15.1,-11.3,1.105,11,2,0,0,2
137.4,13,isocontour,11.283791670955125,22477.86,47.3,20.2,-5.9,0.972,-1.2,-2.7,3.0,-15.0,-11.4,1.1,11,2,0,0,2
137.4,14,isocontour,11.283791670955125,24859.59,52.31,11.3,-16.3,1.043,2.3,0.7,2.4,5.2,18.3,1.094,5,3,0,0,3
137.4,15,isocontour,11.283791670955125,20001.89,42.09,-11.1,15.9,1.072,1.1,-0.1,1.1,-15.1,-11.3,1.105,11,3,0,0,3
137.4,16,isocontour,11.283791670955125,38911.07,81.88,-20.5,3.6,0.988,-1.9,-1.4,2.4,-15.1,-11.3,1.105,11,4,0,0,4
137.4,17,isocontour,11.283791670955125,20584.52,43.32,4.6,19.1,1.052,-1.2,1.1,1.6,-15.1,-11.3,1.105,11,6,0,0,6
137.4,18,isocontour,11.283791670955125,25874.06,54.45,-11.7,17.2,0.989,2.8,0.3,2.8,-15.1,-11.3,1.105,11,3,0,0,3
137.4,19,isocontour,11.283791670955125,21847.83,45.98,-20.2,-4.8,0.992,1.7,-0.0,1.7,-15.1,-11.3,1.105,11,5,0,0,5
137.4,20,isocontour,11.283791670955125,23892.54,50.28,16.4,-12.6,0.996,3.2,2.8,4.3,-15.0,-11.6,1.098,11,4,0,0,4
137.4,21,isocontour,11.283791670955125,24908.79,52.42,9.2,-17.6,1.042,2.4,0.8,2.5,5.2,18.3,1.094,5,3,0,0,3
137.4,22,isocontour,11.283791670955125,26037.65,54.79,-16.2,-13.1,0.988,-1.0,-0.6,1.2,-15.1,-11.3,1.105,11,4,0,0,4
137.4,23,isocontour,11.283791670955125,25217.21,53.07,-20.6,-3.1,0.985,-0.1,-1.9,1.9,-15.1,-11.3,1.105,11,5,0,0,5
137.4,24,isocontour,11.283791670955125,25702.02,54.09,7.4,-19.3,0.997,-2.4,-1.0,2.6,5.2,18.3,1.094,5,3,0,0,3
137.4,25,isocontour,11.283791670955125,25336.94,53.32,-19.6,2.6,1.046,-0.8,-0.8,1.1,-15.1,-11.3,1.105,11,4,0,0,4
137.4,Target,,,,,0.0,0.0,4.023,0.0,0.0,,,,,,,,,
137.5,1,isocontour,11.283791670955125,20026.41,42.14,13.9,15.5,0.989,0.6,0.3,0.7,-15.1,-11.3,1.105,11,6,0,0,6
137.5,2,isocontour,11.283791670955125,20149.84,42.4,-2.9,20.5,0.991,0.1,-1.0,1.0,-15.1,-11.3,1.105,11,7,0,0,7
137.5,3,isocontour,11.283791670955125,20108.54,42.32,3.2,20.5,0.993,-1.6,1.7,2.3,-15.1,-11.3,1.105,11,5,0,0,5
137.5,4,isocontour,11.283791670955125,25487.98,53.64,18.0,10.2,0.993,-2.2,1.9,2.9,-15.1,-11.3,1.105,11,3,0,0,3
137.5,5,isocontour,11.283791670955125,23039.94,48.48,4.8,18.7,1.075,-0.5,1.5,1.6,-15.1,-11.3,1.105,11,6,0,0,6
137.5,6,isocontour,11.283791670955125,24905.96,52.41,3.6,19.3,1.054,-0.6,1.8,1.9,-15.1,-11.3,1.105,11,6,0,0,6
137.5,7,isocontour,11.283791670955125,22465.79,47.28,-18.2,10.5,0.977,1.3,-1.1,1.7,-15.1,-11.3,1.105,11,4,0,0,4
137.5,8,isocontour,11.283791670955125,25729.97,54.15,4.0,18.8,1.081,-1.5,2.1,2.6,-15.1,-11.3,1.105,11,6,0,0,6
137.5,9,isocontour,11.283791670955125,23292.58,49.02,20.7,3.3,0.981,-0.7,2.7,2.8,-15.1,-11.3,1.105,11,3,0,0,3
137.5,10,isocontour,11.283791670955125,24676.59,51.93,17.5,9.4,1.039,-1.9,1.7,2.5,-15.1,-11.3,1.105,11,3,0,0,3
137.5,11,isocontour,11.283791670955125,26716.53,56.22,-15.2,-11.6,1.084,1.9,-0.7,2.0,-15.2,-11.6,1.105,11,4,0,0,4
137.5,12,isocontour,11.283791670955125,23063.43,48.53,-8.9,-18.6,0.999,-1.1,0.1,1.1,-15.1,-11.3,1.105,11,2,0,0,2
137.5,13,isocontour,11.283791670955125,22461.64,47.27,20.0,-6.0,0.98,-2.1,-1.0,2.3,-15.1,-11.3,1.105,11,2,0,0,2
137.5,14,isocontour,11.283791670955125,24855.87,52.31,11.2,-16.4,1.043,-1.3,-0.5,1.4,-15.0,-11.6,1.098,11,3,0,0,3
137.5,15,isocontour,11.283791670955125,19993.46,42.07,-11.0,16.0,1.067,0.7,1.7,1.8,-15.1,-11.3,1.105,11,3,0,0,3
137.5,16,isocontour,11.283791670955125,38907.35,81.88,-20.6,3.5,0.986,-0.4,-1.4,1.5,-15.1,-11.3,1.105,11,4,0,0,4
137.5,17,isocontour,11.283791670955125,20581.78,43.31,4.5,19.2,1.047,-0.6,1.2,1.3,-15.1,-11.3,1.105,11,6,0,0,6
137.5,18,isocontour,11.283791670955125,25841.94,54.38,-11.6,16.9,1.003,0.6,-2.9,3.0,-15.1,-11.3,1.105,11,3,0,0,3
137.5,19,isocontour,11.283791670955125,21845.89,45.97,-20.1,-4.9,0.992,-0.1,-1.1,1.1,-15.1,-11.3,1.105,11,5,0,0,5
137.5,20,isocontour,11.283791670955125,23793.66,50.07,16.7,-12.3,0.991,3.2,2.8,4.3,-15.0,-11.4,1.1,11,4,0,0,4
137.5,21,isocontour,11.283791670955125,24902.87,52.41,9.2,-17.5,1.046,0.7,1.5,1.7,-15.0,-11.6,1.098,11,3,0,0,3
137.5,22,isocontour,11.283791670955125,26018.11,54.75,-16.0,-13.3,0.987,1.6,-1.9,2.5,-15.1,-11.3,1.105,11,4,0,0,4
137.5,23,isocontour,11.283791670955125,25185.42,53.0,-20.5,-3.3,0.99,1.6,-2.5,3.0,-15.1,-11.3,1.105,11,5,0,0,5
137.5,24,isocontour,11.283791670955125,25567.78,53.8,7.0,-19.5,0.992,-3.9,-2.7,4.7,-15.0,-11.6,1.098,11,3,0,0,3
137.5,25,isocontour,11.283791670955125,25324.86,53.29,-19.7,2.4,1.041,-1.2,-1.8,2.2,-15.1,-11.3,1.105,11,4,0,0,4
137.5,Target,,,,,0.0,0.0,4.023,0.0,0.0,,,,,,,,,
137.6,1,isocontour,11.283791670955125,20012.55,42.11,13.7,15.4,0.998,-2.0,-0.8,2.2,-15.1,-11.3,1.105,11,6,0,0,6
137.6,2,isocontour,11.283791670955125,20130.3,42.36,-2.8,20.7,0.982,1.0,2.3,2.5,-15.1,-11.3,1.105,11,7,0,0,7
137.6,3,isocontour,11.283791670955125,20105.12,42.31,3.2,20.6,0.985,0.3,1.3,1.3,-15.1,-11.3,1.105,11,5,0,0,5
137.6,4,isocontour,11.283791670955125,25486.49,53.63,17.9,10.3,0.996,-1.0,0.4,1.1,-15.1,-11.3,1.105,11,3,0,0,3
137.6,5,isocontour,11.283791670955125,23009.42,48.42,4.6,18.8,1.072,-2.7,0.9,2.8,-15.1,-11.3,1.105,11,6,0,0,6
137.6,6,isocontour,11.283791670955125,24876.07,52.35,3.8,19.3,1.054,2.7,-0.9,2.8,-15.1,-11.3,1.105,11,6,0,0,6
137.6,7,isocontour,11.283791670955125,22437.13,47.22,-18.0,10.6,0.984,2.3,1.6,2.8,-15.1,-11.3,1.105,11,4,0,0,4
137.6,8,isocontour,11.283791670955125,25724.46,54.13,4.1,18.9,1.072,1.1,1.2,1.6,-15.1,-11.3,1.105,11,6,0,0,6
137.6,9,isocontour,11.283791670955125,23289.84,49.01,20.6,3.4,0.985,-1.0,0.8,1.3,-15.1,-11.3,1.105,11,3,0,0,3
137.6,10,isocontour,11.283791670955125,24651.96,51.88,17.4,9.6,1.04,-1.3,2.4,2.7,-15.1,-11.3,1.105,11,3,0,0,3
137.6,11,isocontour,11.283791670955125,26706.98,56.2,-15.1,-11.7,1.091,1.8,-0.6,1.9,-15.1,-11.7,1.105,11,4,0,0,4
137.6,12,isocontour,11.283791670955125,23062.33,48.53,-9.0,-18.6,0.995,-0.8,-0.5,0.9,-15.1,-11.3,1.105,11,2,0,0,2
137.6,13,isocontour,11.283791670955125,22448.51,47.24,19.9,-6.2,0.985,-1.2,-1.8,2.2,-15.1,-11.3,1.105,11,2,0,0,2
137.6,14,isocontour,11.283791670955125,24833.11,52.26,11.4,-16.2,1.045,2.0,1.6,2.6,-15.0,-11.4,1.1,11,3,0,0,3
137.6,15,isocontour,11.283791670955125,19983.31,42.05,-11.0,16.2,1.059,0.2,2.0,2.0,-15.1,-11.3,1.105,11,3,0,0,3
137.6,16,isocontour,11.283791670955125,38904.48,81.87,-20.5,3.3,0.989,0.5,-1.2,1.3,-15.1,-11.3,1.105,11,4,0,0,4
137.6,17,isocontour,11.283791670955125,20576.95,43.3,4.4,19.2,1.052,-1.2,-0.9,1.5,-15.1,-11.3,1.105,11,6,0,0,6
137.6,18,isocontour,11.283791670955125,25817.86,54.33,-11.8,16.8,1.001,-2.6,-0.6,2.7,-15.1,-11.3,1.105,11,3,0,0,3
137.6,19,isocontour,11.283791670955125,21843.84,45.97,-20.2,-5.0,0.99,-0.1,-1.2,1.2,-15.1,-11.3,1.105,11,5,0,0,5
137.6,20,isocontour,11.283791670955125,23786.5,50.06,16.9,-12.1,0.989,1.2,1.3,1.8,-15.1,-11.3,1.105,11,3,0,0,3
137.6,21,isocontour,11.283791670955125,24899.73,52.4,9.4,-17.5,1.044,1.3,0.0,1.3,-15.0,-11.4,1.1,11,3,0,0,3
137.6,22,isocontour,11.283791670955125,26013.64,54.74,-15.9,-13.3,0.993,1.5,0.3,1.5,-15.1,-11.3,1.105,11,4,0,0,4
137.6,23,isocontour,11.283791670955125,25163.94,52.95,-20.5,-3.1,0.991,-0.3,2.5,2.5,-15.1,-11.3,1.105,11,5,0,0,5
137.6,24,isocontour,11.283791670955125,25565.63,53.8,6.9,-19.6,0.987,-0.6,-1.0,1.2,-15.0,-11.6,1.098,11,2,0,0,2
137.6,25,isocontour,11.283791670955125,25296.21,53.23,-19.8,2.2,1.038,-0.7,-2.7,2.8,-15.1,-11.3,1.105,11,4,0,0,4
137.6,Target,,,,,0.0,0.0,4.023,0.0,0.0,,,,,,,,,
137.7,1,isocontour,11.283791670955125,20003.28,42.09,13.5,15.4,1.004,-1.9,0.5,2.0,-15.1,-11.3,1.105,11,6,0,0,6
137.7,2,isocontour,11.283791670955125,20105.95,42.31,-3.0,20.7,0.982,-2.6,-0.7,2.7,-15.1,-11.3,1.105,11,7,0,0,7
137.7,3,isocontour,11.283791670955125,20104.86,42.31,3.2,20.7,0.983,-0.5,0.3,0.6,-15.1,-11.3,1.105,11,5,0,0,5
137.7,4,isocontour,11.283791670955125,25478.33,53.62,18.0,10.2,0.992,1.6,-0.9,1.8,-15.1,-11.3,1.105,11,3,0,0,3
137.7,5,isocontour,11.283791670955125,22975.64,48.35,4.8,18.6,1.079,2.3,-1.9,3.0,-15.1,-11.3,1.105,11,6,0,0,6
137.7,6,isocontour,11.283791670955125,24870.77,52.34,3.9,19.3,1.05,1.5,0.6,1.6,-15.1,-11.3,1.105,11,6,0,0,6
137.7,7,isocontour,11.283791670955125,22409.37,47.16,-17.7,10.8,0.988,2.1,1.9,2.8,-15.1,-11.3,1.105,11,4,0,0,4
137.7,8,isocontour,11.283791670955125,25713.05,54.11,4.0,18.8,1.082,-0.6,-2.0,2.1,-15.1,-11.3,1.105,11,6,0,0,6
137.7,9,isocontour,11.283791670955125,23286.64,49.0,20.5,3.5,0.99,-1.1,0.8,1.4,-15.1,-11.3,1.105,11,3,0,0,3
137.7,10,isocontour,11.283791670955125,24635.94,51.84,17.3,9.9,1.037,-0.6,2.2,2.3,-15.1,-11.3,1.105,11,3,0,0,3
137.7,11,isocontour,11.283791670955125,26679.22,56.14,-15.3,-11.7,1.078,-2.7,-0.7,2.8,-15.3,-11.7,1.105,11,4,0,0,4
137.7,12,isocontour,11.283791670955125,23050.92,48.51,-8.8,-18.7,0.997,2.0,-0.3,2.0,-15.1,-11.3,1.105,11,2,0,0,2
137.7,13,isocontour,11.283791670955125,22446.46,47.24,19.8,-6.2,0.991,-1.1,0.2,1.1,-15.1,-11.3,1.105,11,2,0,0,2
137.7,14,isocontour,11.283791670955125,24825.2,52.24,11.4,-16.1,1.05,0.6,1.7,1.8,-15.1,-11.3,1.105,11,3,0,0,3
137.7,15,isocontour,11.283791670955125,19954.04,41.99,-11.2,16.3,1.045,-2.6,1.2,2.9,-15.1,-11.3,1.105,11,3,0,0,3
137.7,16,isocontour,11.283791670955125,38902.05,81.86,-20.5,3.2,0.991,0.3,-1.2,1.2,-15.1,-11.3,1.105,11,4,0,0,4
137.7,17,isocontour,11.283791670955125,20552.33,43.25,4.6,19.2,1.046,2.5,0.9,2.7,-15.1,-11.3,1.105,11,6,0,0,6
137.7,18,isocontour,11.283791670955125,25805.27,54.3,-12.1,16.8,0.993,-2.1,0.2,2.1,-15.1,-11.3,1.105,11,3,0,0,3
137.7,19,isocontour,11.283791670955125,21795.08,45.87,-20.0,-5.3,0.994,1.7,-2.9,3.4,-15.1,-11.3,1.105,11,5,0,0,5
137.7,20,isocontour,11.283791670955125,23786.24,50.06,16.8,-12.1,0.991,-0.6,0.0,0.6,-15.1,-11.3,1.105,11,3,0,0,3
137.7,21,isocontour,11.283791670955125,24872.27,52.34,9.6,-17.3,1.044,2.3,1.5,2.7,-15.1,-11.3,1.105,11,3,0,0,3
137.7,22,isocontour,11.283791670955125,26005.47,54.73,-15.9,-13.4,0.99,0.2,-1.8,1.8,-15.1,-11.3,1.105,11,4,0,0,4
137.7,23,isocontour,11.283791670955125,25108.88,52.84,-20.7,-2.9,0.981,-2.6,2.3,3.5,-15.1,-11.3,1.105,11,5,0,0,5
137.7,24,isocontour,11.283791670955125,25564.27,53.8,6.8,-19.7,0.987,-1.0,-0.2,1.0,-15.0,-11.4,1.1,11,2,0,0,2
137.7,25,isocontour,11.283791670955125,25294.05,53.23,-19.9,2.0,1.036,-0.5,-1.1,1.2,-15.1,-11.3,1.105,11,4,0,0,4
137.7,Target,,,,,0.0,0.0,4.023,0.0,0.0,,,,,,,,,
137.8,1,isocontour,11.283791670955125,19939.36,41.96,13.3,15.7,0.998,-1.8,3.2,3.7,-15.1,-11.3,1.105,11,6,0,0,6
137.8,2,isocontour,11.283791670955125,20085.7,42.27,-3.1,20.5,0.993,-0.6,-2.4,2.5,-15.1,-11.3,1.105,11,7,0,0,7
137.8,3,isocontour,11.283791670955125,20079.41,42.25,3.3,20.5,0.99,2.0,-1.9,2.8,-15.1,-11.3,1.105,11,5,0,0,5
137.8,4,isocontour,11.283791670955125,25462.51,53.58,18.3,10.2,0.982,2.3,0.1,2.3,-15.1,-11.3,1.105,11,3,0,0,3
137.8,5,isocontour,11.283791670955125,22963.21,48.32,5.0,18.6,1.077,2.1,0.0,2.1,-15.1,-11.3,1.105,11,6,0,0,6
137.8,6,isocontour,11.283791670955125,24849.04,52.29,4.2,19.4,1.042,2.4,0.9,2.6,-15.1,-11.3,1.105,11,6,0,0,6
137.8,7,isocontour,11.283791670955125,22407.67,47.15,-17.6,10.8,0.994,1.0,-0.4,1.1,-15.1,-11.3,1.105,11,4,0,0,4
137.8,8,isocontour,11.283791670955125,25675.41,54.03,4.1,18.5,1.097,1.1,-2.9,3.1,-15.1,-11.3,1.105,11,6,0,0,6
137.8,9,isocontour,11.283791670955125,23283.21,49.0,20.6,3.5,0.985,1.3,0.4,1.4,-15.1,-11.3,1.105,11,3,0,0,3
137.8,10,isocontour,11.283791670955125,24605.43,51.78,17.2,10.1,1.037,-1.6,2.4,2.9,-15.1,-11.3,1.105,11,3,0,0,3
137.8,11,isocontour,11.283791670955125,26647.43,56.08,-15.1,-11.9,1.078,2.0,-2.1,2.9,-15.1,-11.9,1.105,11,4,0,0,4
137.8,12,isocontour,11.283791670955125,23050.53,48.51,-8.8,-18.7,0.996,0.5,-0.5,0.7,-15.1,-11.3,1.105,11,2,0,0,2
137.8,13,isocontour,11.283791670955125,22434.72,47.21,19.8,-6.0,0.995,-0.2,2.1,2.1,-15.1,-11.3,1.105,11,2,0,0,2
137.8,14,isocontour,11.283791670955125,24823.36,52.24,11.5,-15.9,1.053,0.5,1.0,1.1,-15.1,-11.3,1.105,11,3,0,0,3
137.8,15,isocontour,11.283791670955125,19920.26,41.92,-11.4,16.2,1.043,-2.4,-1.7,2.9,-15.1,-11.3,1.105,11,3,0,0,3
137.8,16,isocontour,11.283791670955125,38880.57,81.82,-20.5,3.4,0.989,-0.1,2.6,2.6,-15.1,-11.3,1.105,11,4,0,0,4
137.8,17,isocontour,11.283791670955125,20527.98,43.2,4.9,19.2,1.046,2.5,-1.0,2.7,-15.1,-11.3,1.105,11,6,0,0,6
137.8,18,isocontour,11.283791670955125,25784.53,54.26,-12.1,17.0,0.983,0.1,2.5,2.5,-15.1,-11.3,1.105,11,3,0,0,3
137.8,19,isocontour,11.283791670955125,21758.16,45.79,-19.9,-5.6,0.993,0.4,-3.0,3.0,-15.1,-11.3,1.105,11,5,0,0,5
137.8,20,isocontour,11.283791670955125,23764.0,50.01,16.7,-12.2,0.995,-2.0,-1.6,2.6,-15.1,-11.3,1.105,11,3,0,0,3
137.8,21,isocontour,11.283791670955125,24871.23,52.34,9.7,-17.3,1.045,0.8,0.5,0.9,-15.1,-11.3,1.105,11,3,0,0,3
137.8,22,isocontour,11.283791670955125,25977.41,54.67,-15.8,-13.7,0.983,0.8,-2.7,2.8,-15.1,-11.3,1.105,11,3,0,0,3
137.8,23,isocontour,11.283791670955125,25104.67,52.83,-20.6,-2.9,0.986,1.5,-0.3,1.5,-15.1,-11.3,1.105,11,4,0,0,4
137.8,24,isocontour,11.283791670955125,25560.55,53.79,6.9,-19.6,0.987,1.4,0.4,1.5,-15.1,-11.3,1.105,11,2,0,0,2
137.8,25,isocontour,11.283791670955125,25292.53,53.23,-19.8,1.9,1.037,0.2,-1.0,1.0,-15.1,-11.3,1.105,11,4,0,0,4
137.8,Target,,,,,0.0,0.0,4.023,0.0,0.0,,,,,,,,,
137.9,1,isocontour,11.283791670955125,19908.2,41.89,13.1,15.9,0.997,-2.2,1.9,2.9,-15.1,-11.3,1.105,11,7,0,0,7
137.9,2,isocontour,11.283791670955125,20084.7,42.27,-3.2,20.4,0.995,-0.9,-0.0,0.9,-15.1,-11.3,1.105,11,7,0,0,7
137.9,3,isocontour,11.283791670955125,20072.13,42.24,3.4,20.3,0.998,0.7,-1.6,1.7,-15.1,-11.3,1.105,11,6,0,0,6
137.9,4,isocontour,11.283791670955125,25442.97,53.54,18.3,10.4,0.975,-0.1,2.5,2.5,-15.1,-11.3,1.105,11,3,0,0,3
137.9,5,isocontour,11.283791670955125,22961.97,48.32,5.1,18.6,1.079,0.6,-0.7,0.9,-15.1,-11.3,1.105,11,6,0,0,6
137.9,6,isocontour,11.283791670955125,24819.15,52.23,4.4,19.3,1.045,2.4,-1.5,2.8,-15.1,-11.3,1.105,11,6,0,0,6
137.9,7,isocontour,11.283791670955125,22406.74,47.15,-17.6,10.9,0.995,0.5,0.7,0.9,-15.1,-11.3,1.105,11,4,0,0,4
137.9,8,isocontour,11.283791670955125,25649.11,53.98,4.3,18.4,1.102,2.5,-1.0,2.7,-15.1,-11.3,1.105,11,6,0,0,6
137.9,9,isocontour,11.283791670955125,23166.79,48.75,20.6,3.2,0.986,0.2,-4.5,4.5,-15.1,-11.3,1.105,11,3,0,0,3
137.9,10,isocontour,11.283791670955125,24582.42,51.73,17.1,10.4,1.035,-1.0,2.4,2.6,-15.1,-11.3,1.105,11,3,0,0,3
137.9,11,isocontour,11.283791670955125,26615.96,56.01,-14.9,-12.1,1.083,2.5,-1.6,3.0,-14.9,-12.1,1.105,11,4,0,0,4
137.9,12,isocontour,11.283791670955125,23048.43,48.5,-8.8,-18.6,1.001,-0.2,1.2,1.2,-15.1,-11.3,1.105,11,2,0,0,2
137.9,13,isocontour,11.283791670955125,22400.26,47.14,19.9,-5.8,0.991,1.8,2.4,3.0,-15.1,-11.3,1.105,11,2,0,0,2
137.9,14,isocontour,11.283791670955125,24797.91,52.18,11.7,-15.8,1.052,2.4,1.3,2.7,-15.1,-11.3,1.105,11,3,0,0,3
137.9,15,isocontour,11.283791670955125,19902.54,41.88,-11.5,16.0,1.053,-0.1,-2.4,2.4,-15.1,-11.3,1.105,11,3,0,0,3
137.9,16,isocontour,11.283791670955125,38880.45,81.82,-20.5,3.5,0.988,-0.0,0.4,0.4,-15.1,-11.3,1.105,11,4,0,0,4
137.9,17,isocontour,11.283791670955125,20500.22,43.14,5.1,19.0,1.052,2.2,-1.7,2.8,-15.1,-11.3,1.105,11,6,0,0,6
137.9,18,isocontour,11.283791670955125,25782.83,54.26,-12.0,17.2,0.979,0.6,0.9,1.1,-15.1,-11.3,1.105,11,3,0,0,3
137.9,19,isocontour,11.283791670955125,21748.31,45.77,-20.1,-5.7,0.983,-1.9,-0.7,2.0,-15.1,-11.3,1.105,11,5,0,0,5
137.9,20,isocontour,11.283791670955125,23751.58,49.98,16.7,-12.4,0.989,0.2,-2.1,2.1,-15.1,-11.3,1.105,11,3,0,0,3
137.9,21,isocontour,11.283791670955125,24847.96,52.29,9.9,-17.2,1.044,2.4,1.1,2.6,-15.1,-11.3,1.105,11,3,0,0,3
137.9,22,isocontour,11.283791670955125,25949.06,54.61,-15.6,-13.6,0.994,2.7,0.7,2.8,-15.1,-11.3,1.105,11,3,0,0,3
137.9,23,isocontour,11.283791670955125,25100.37,52.82,-20.5,-2.9,0.994,1.5,0.1,1.5,-15.1,-11.3,1.105,11,4,0,0,4
137.9,24,isocontour,11.283791670955125,25556.74,53.78,6.9,-19.5,0.992,0.4,1.4,1.5,-15.1,-11.3,1.105,11,2,0,0,2
137.9,25,isocontour,11.283791670955125,25287.02,53.21,-19.7,1.9,1.045,1.6,0.1,1.6,-15.1,-11.3,1.105,11,4,0,0,4
137.9,Target,,,,,0.0,0.0,4.023,0.0,0.0,,,,,,,,,
138.0,1,isocontour,11.283791670955125,19900.17,41.88,13.2,16.0,0.991,1.8,0.1,1.8,13.2,16.0,0.997,1,7,0,0,7
138.0,2,isocontour,11.283791670955125,20056.94,42.21,-3.4,20.4,0.992,-2.8,0.1,2.8,-3.4,20.4,0.995,2,7,0,0,7
138.0,3,isocontour,11.283791670955125,20064.35,42.22,3.4,20.5,0.991,-0.3,1.8,1.8,3.4,20.5,0.998,3,6,0,0,6
138.0,4,isocontour,11.283791670955125,25439.55,53.53,18.2,10.5,0.975,-0.8,1.1,1.4,18.2,10.5,0.975,4,3,0,0,3
138.0,5,isocontour,11.283791670955125,22957.5,48.31,5.2,18.5,1.083,1.2,-0.9,1.5,5.2,18.5,1.079,5,6,0,0,6
138.0,6,isocontour,11.283791670955125,24791.98,52.17,4.7,19.2,1.049,2.5,-1.1,2.7,4.7,19.2,1.045,6,6,0,0,6
138.0,7,isocontour,11.283791670955125,22378.38,47.09,-17.8,10.8,0.99,-2.3,-1.6,2.8,-17.8,10.8,0.995,7,4,0,0,4
138.0,8,isocontour,11.283791670955125,25627.63,53.93,4.6,18.4,1.094,2.4,1.0,2.6,4.6,18.4,1.102,8,6,0,0,6
138.0,9,isocontour,11.283791670955125,23146.05,48.71,20.6,2.9,0.988,0.0,-2.5,2.5,20.6,2.9,0.986,9,3,0,0,3
138.0,10,isocontour,11.283791670955125,24571.33,51.71,17.0,10.6,1.032,-0.5,2.0,2.1,17.0,10.6,1.035,10,3,0,0,3
138.0,11,isocontour,11.283791670955125,26589.94,55.96,-14.7,-12.2,1.088,2.3,-1.4,2.7,-14.7,-12.2,1.083,11,4,0,0,4
138.0,12,isocontour,11.283791670955125,23038.88,48.48,-8.6,-18.6,1.005,1.9,-0.2,1.9,-8.6,-18.6,1.001,12,2,0,0,2
138.0,13,isocontour,11.283791670955125,22376.18,47.09,20.0,-5.6,0.99,0.8,2.5,2.6,20.0,-5.6,0.991,13,2,0,0,2
138.0,14,isocontour,11.283791670955125,24793.94,52.18,11.7,-15.9,1.048,-0.5,-1.3,1.4,11.7,-15.9,1.052,14,3,0,0,3
138.0,15,isocontour,11.283791670955125,19890.8,41.86,-11.3,16.0,1.059,2.1,0.3,2.1,-11.3,16.0,1.053,15,3,0,0,3
138.0,16,isocontour,11.283791670955125,38867.14,81.79,-20.3,3.5,0.998,2.2,-0.1,2.2,-20.3,3.5,0.988,16,4,0,0,4
138.0,17,isocontour,11.283791670955125,20486.36,43.11,5.3,19.0,1.048,2.2,0.4,2.2,5.3,19.0,1.052,17,6,0,0,6
138.0,18,isocontour,11.283791670955125,25780.15,54.25,-12.0,17.1,0.985,0.6,-1.1,1.3,-12.0,17.1,0.979,18,3,0,0,3
138.0,19,isocontour,11.283791670955125,21746.37,45.76,-20.1,-5.6,0.984,0.3,1.1,1.1,-20.1,-5.6,0.983,19,5,0,0,5
138.0,20,isocontour,11.283791670955125,23729.59,49.94,16.8,-12.4,0.983,2.2,1.3,2.6,16.8,-12.4,0.989,20,3,0,0,3
138.0,21,isocontour,11.283791670955125,24845.8,52.28,10.0,-17.1,1.042,1.2,0.2,1.2,10.0,-17.1,1.044,21,3,0,0,3
138.0,22,isocontour,11.283791670955125,25945.09,54.6,-15.6,-13.5,0.999,-0.5,1.4,1.5,-15.6,-13.5,0.994,22,3,0,0,3
138.0,23,isocontour,11.283791670955125,25098.0,52.82,-20.4,-2.9,0.998,0.9,-0.9,1.3,-20.4,-2.9,0.994,23,4,0,0,4
138.0,24,isocontour,11.283791670955125,25555.13,53.78,6.9,-19.5,0.996,-1.0,0.3,1.0,6.9,-19.5,0.992,24,2,0,0,2
138.0,25,isocontour,11.283791670955125,25260.43,53.16,-19.6,2.2,1.049,0.7,2.7,2.8,-19.6,2.2,1.045,25,4,0,0,4
138.0,Target,,,,,0.0,0.0,4.023,0.0,0.0,,,,,,,,,
138.1,1,isocontour,11.283791670955125,19852.26,41.78,13.6,16.0,0.979,3.3,0.3,3.3,4.6,18.4,1.102,8,7,0,0,7
138.1,2,isocontour,11.283791670955125,20035.71,42.16,-3.7,20.5,0.988,-2.5,0.3,2.5,4.6,18.4,1.102,8,7,0,0,7
138.1,3,isocontour,11.283791670955125,19971.57,42.03,3.2,20.8,0.977,-2.8,3.1,4.2,4.6,18.4,1.102,8,6,0,0,6
138.1,4,isocontour,11.283791670955125,25436.27,53.53,18.1,10.6,0.979,-1.3,0.3,1.3,17.0,10.6,1.035,10,3,0,0,3
138.1,5,isocontour,11.283791670955125,22951.89,48.3,5.1,18.4,1.089,-1.4,-0.8,1.6,4.6,18.4,1.102,8,6,0,0,6
138.1,6,isocontour,11.283791670955125,24789.77,52.17,4.6,19.1,1.054,-0.9,-0.8,1.2,4.6,18.4,1.102,8,6,0,0,6
138.1,7,isocontour,11.283791670955125,22231.02,46.78,-17.7,11.1,0.984,1.5,4.6,4.8,-11.3,16.0,1.059,15,4,0,0,4
138.1,8,isocontour,11.283791670955125,25623.33,53.92,4.5,18.5,1.092,-1.3,0.6,1.4,4.5,18.5,1.102,8,6,0,0,6
138.1,9,isocontour,11.283791670955125,23126.98,48.67,20.6,2.6,0.991,-0.3,-2.4,2.4,17.0,10.6,1.035,10,3,0,0,3
138.1,10,isocontour,11.283791670955125,24561.78,51.69,16.8,10.6,1.039,-1.9,0.2,1.9,16.8,10.6,1.035,10,3,0,0,3
138.1,11,isocontour,11.283791670955125,26583.81,55.94,-14.8,-12.2,1.083,-1.7,0.3,1.7,-14.8,-12.2,1.088,11,4,0,0,4
138.1,12,isocontour,11.283791670955125,23038.24,48.48,-8.5,-18.7,1.003,0.4,-0.7,0.8,-14.7,-12.2,1.088,11,2,0,0,2
138.1,13,isocontour,11.283791670955125,22375.08,47.09,20.1,-5.5,0.989,0.4,0.9,1.0,20.1,-5.5,0.991,13,2,0,0,2
138.1,14,isocontour,11.283791670955125,24767.64,52.12,11.5,-16.1,1.047,-2.2,-1.7,2.8,11.5,-16.1,1.052,14,3,0,0,3
138.1,15,isocontour,11.283791670955125,19889.59,41.86,-11.2,16.0,1.06,0.7,0.6,0.9,-11.2,16.0,1.059,15,3,0,0,3
138.1,16,isocontour,11.283791670955125,38866.5,81.79,-20.3,3.6,1.001,0.3,0.7,0.8,-19.6,2.2,1.049,25,4,0,0,4
138.1,17,isocontour,11.283791670955125,20477.24,43.09,5.2,19.1,1.046,-1.8,0.7,1.9,4.6,18.4,1.102,8,6,0,0,6
138.1,18,isocontour,11.283791670955125,25748.35,54.18,-11.7,17.0,0.997,2.8,-0.9,2.9,-11.3,16.0,1.059,15,3,0,0,3
138.1,19,isocontour,11.283791670955125,21723.61,45.71,-19.9,-5.8,0.99,1.8,-1.9,2.6,-14.7,-12.2,1.088,11,5,0,0,5
138.1,20,isocontour,11.283791670955125,23727.84,49.93,16.8,-12.3,0.987,-0.6,0.9,1.1,11.7,-15.9,1.052,14,3,0,0,3
138.1,21,isocontour,11.283791670955125,24839.0,52.27,10.0,-17.3,1.035,-0.5,-1.7,1.8,11.7,-15.9,1.052,14,3,0,0,3
138.1,22,isocontour,11.283791670955125,25897.19,54.5,-15.8,-13.5,0.986,-3.3,-0.4,3.3,-14.7,-12.2,1.088,11,3,0,0,3
138.1,23,isocontour,11.283791670955125,25062.49,52.74,-20.4,-3.2,0.995,-0.4,-3.0,3.0,-14.7,-12.2,1.088,11,4,0,0,4
138.1,24,isocontour,11.283791670955125,25534.39,53.73,6.7,-19.6,0.994,-2.2,-1.3,2.6,11.7,-15.9,1.052,14,2,0,0,2
138.1,25,isocontour,11.283791670955125,25234.98,53.1,-19.7,2.0,1.047,-0.7,-2.6,2.7,-19.7,2.0,1.049,25,4,0,0,4
138.1,Target,,,,,0.0,0.0,4.023,0.0,0.0,,,,,,,,,
138.2,1,isocontour,11.283791670955125,19784.64,41.63,13.3,16.0,0.987,-3.8,0.2,3.8,4.6,18.4,1.102,8,6,0,0,6
138.2,2,isocontour,11.283791670955125,20017.99,42.13,-3.9,20.4,0.989,-2.3,-0.8,2.4,4.6,18.4,1.102,8,7,0,0,7
138.2,3,isocontour,11.283791670955125,19916.04,41.91,2.9,20.9,0.97,-3.1,1.6,3.5,4.6,18.4,1.102,8,5,0,0,5
138.2,4,isocontour,11.283791670955125,25432.55,53.52,18.0,10.5,0.985,-0.6,-1.3,1.4,4.6,18.4,1.102,8,3,0,0,3
138.2,5,isocontour,11.283791670955125,22921.7,48.24,4.8,18.5,1.085,-2.3,1.7,2.9,4.6,18.4,1.102,8,6,0,0,6
138.2,6,isocontour,11.283791670955125,24787.78,52.16,4.5,19.1,1.054,-1.1,0.4,1.2,4.6,18.4,1.102,8,6,0,0,6
138.2,7,isocontour,11.283791670955125,22216.2,46.75,-17.8,11.0,0.981,-1.5,-1.7,2.3,-11.2,16.0,1.06,15,4,0,0,4
138.2,8,isocontour,11.283791670955125,25600.06,53.87,4.3,18.6,1.089,-2.4,1.1,2.6,4.6,18.4,1.102,8,6,0,0,6
138.2,9,isocontour,11.283791670955125,23126.46,48.67,20.5,2.5,0.994,-0.3,-0.7,0.8,16.8,10.6,1.039,10,3,0,0,3
138.2,10,isocontour,11.283791670955125,24540.8,51.64,16.9,10.4,1.041,1.3,-2.2,2.6,4.6,18.4,1.102,8,3,0,0,3
138.2,11,isocontour,11.283791670955125,26572.88,55.92,-14.7,-12.1,1.092,1.2,1.6,2.0,-14.7,-12.1,1.088,11,4,0,0,4
138.2,12,isocontour,11.283791670955125,23036.45,48.48,-8.6,-18.7,1.0,-1.1,-0.0,1.1,-14.7,-12.2,1.088,11,2,0,0,2
138.2,13,isocontour,11.283791670955125,22349.63,47.03,20.1,-5.2,0.99,0.4,2.7,2.7,11.7,-15.9,1.052,14,2,0,0,2
138.2,14,isocontour,11.283791670955125,24766.16,52.12,11.4,-16.1,1.049,-1.0,-0.2,1.0,11.4,-16.1,1.052,14,3,0,0,3
138.2,15,isocontour,11.283791670955125,19888.02,41.85,-11.2,16.1,1.055,-0.2,1.0,1.0,4.6,18.4,1.102,8,3,0,0,3
138.2,16,isocontour,11.283791670955125,38853.91,81.76,-20.4,3.6,0.991,-2.0,0.8,2.2,-14.7,-12.2,1.088,11,4,0,0,4
138.2,17,isocontour,11.283791670955125,20474.8,43.09,5.1,19.1,1.046,-1.2,0.3,1.2,4.6,18.4,1.102,8,6,0,0,6
138.2,18,isocontour,11.283791670955125,25747.54,54.18,-11.7,16.9,1.0,-0.4,-0.7,0.8,4.6,18.4,1.102,8,3,0,0,3
138.2,19,isocontour,11.283791670955125,21721.35,45.71,-19.9,-5.9,0.991,0.3,-1.2,1.2,-14.7,-12.2,1.088,11,5,0,0,5
138.2,20,isocontour,11.283791670955125,23727.13,49.93,16.8,-12.2,0.991,-0.2,0.8,0.8,11.7,-15.9,1.052,14,3,0,0,3
138.2,21,isocontour,11.283791670955125,24833.49,52.26,9.9,-17.4,1.033,-1.3,-1.0,1.6,11.7,-15.9,1.052,14,3,0,0,3
138.2,22,isocontour,11.283791670955125,25858.82,54.42,-15.8,-13.8,0.979,1.2,-2.9,3.1,-14.7,-12.2,1.088,11,3,0,0,3
138.2,23,isocontour,11.283791670955125,25026.64,52.67,-20.5,-3.5,0.989,-0.6,-3.0,3.1,-14.7,-12.2,1.088,11,4,0,0,4
138.2,24,isocontour,11.283791670955125,25533.43,53.73,6.6,-19.7,0.991,-0.4,-0.8,0.9,11.7,-15.9,1.052,14,2,0,0,2
138.2,25,isocontour,11.283791670955125,25216.59,53.07,-19.8,2.1,1.037,-1.6,1.8,2.4,-14.7,-12.2,1.088,11,4,0,0,4
138.2,Target,,,,,0.0,0.0,4.023,0.0,0.0,,,,,,,,,
138.3,1,isocontour,11.283791670955125,19781.97,41.63,13.1,16.1,0.991,-1.2,0.4,1.3,4.6,18.4,1.102,8,6,0,0,6
138.3,2,isocontour,11.283791670955125,20015.99,42.12,-4.1,20.4,0.988,-1.2,0.1,1.2,4.6,18.4,1.102,8,7,0,0,7
138.3,3,isocontour,11.283791670955125,19914.56,41.91,2.8,20.9,0.973,-0.7,-0.8,1.1,4.6,18.4,1.102,8,5,0,0,5
138.3,4,isocontour,11.283791670955125,25427.81,53.51,17.9,10.3,0.993,-0.9,-1.2,1.5,4.6,18.4,1.102,8,3,0,0,3
138.3,5,isocontour,11.283791670955125,22921.08,48.23,4.9,18.6,1.082,0.8,0.1,0.8,4.6,18.4,1.102,8,6,0,0,6
138.3,6,isocontour,11.283791670955125,24759.72,52.1,4.3,19.0,1.062,-2.6,-0.9,2.8,4.6,18.4,1.102,8,6,0,0,6
138.3,7,isocontour,11.283791670955125,22210.28,46.74,-17.7,11.1,0.986,1.6,0.5,1.7,4.6,18.4,1.102,8,4,0,0,4
138.3,8,isocontour,11.283791670955125,25541.16,53.75,3.9,18.6,1.092,-3.6,-0.1,3.6,4.6,18.4,1.102,8,6,0,0,6
138.3,9,isocontour,11.283791670955125,23115.53,48.64,20.6,2.4,0.994,0.3,-2.0,2.0,4.6,18.4,1.102,8,3,0,0,3
138.3,10,isocontour,11.283791670955125,24523.29,51.61,17.0,10.2,1.046,0.1,-2.4,2.4,4.6,18.4,1.102,8,3,0,0,3
138.3,11,isocontour,11.283791670955125,26566.3,55.91,-14.6,-12.2,1.09,0.4,-1.7,1.7,-14.6,-12.2,1.092,11,4,0,0,4
138.3,12,isocontour,11.283791670955125,23034.74,48.47,-8.7,-18.7,0.998,-1.1,-0.1,1.1,-14.7,-12.1,1.092,11,2,0,0,2
138.3,13,isocontour,11.283791670955125,22347.68,47.03,20.2,-5.2,0.985,1.1,0.2,1.1,11.7,-15.9,1.052,14,2,0,0,2
138.3,14,isocontour,11.283791670955125,24761.42,52.11,11.5,-16.2,1.042,1.4,-0.7,1.6,11.5,-16.2,1.052,14,3,0,0,3
138.3,15,isocontour,11.283791670955125,19880.62,41.84,-11.2,16.3,1.046,-0.0,1.8,1.8,4.6,18.4,1.102,8,3,0,0,3
138.3,16,isocontour,11.283791670955125,38846.38,81.75,-20.6,3.7,0.981,-1.6,0.8,1.8,-14.7,-12.2,1.088,11,4,0,0,4
138.3,17,isocontour,11.283791670955125,20470.92,43.08,5.0,19.0,1.053,-0.9,-1.1,1.4,4.6,18.4,1.102,8,6,0,0,6
138.3,18,isocontour,11.283791670955125,25740.13,54.17,-11.9,17.0,0.993,-1.5,0.9,1.7,4.6,18.4,1.102,8,3,0,0,3
138.3,19,isocontour,11.283791670955125,21717.7,45.7,-20.0,-6.0,0.985,-1.1,-0.9,1.4,-14.7,-12.1,1.092,11,5,0,0,5
138.3,20,isocontour,11.283791670955125,23724.76,49.93,16.7,-12.2,0.992,-0.8,-0.9,1.2,11.7,-15.9,1.052,14,3,0,0,3
138.3,21,isocontour,11.283791670955125,24795.12,52.18,10.1,-17.2,1.036,2.3,2.0,3.0,11.7,-15.9,1.052,14,3,0,0,3
138.3,22,isocontour,11.283791670955125,25851.41,54.4,-15.6,-13.8,0.985,1.8,0.1,1.8,-14.7,-12.1,1.092,11,3,0,0,3
138.3,23,isocontour,11.283791670955125,25025.36,52.66,-20.4,-3.6,0.992,0.9,-0.3,0.9,-14.7,-12.1,1.092,11,4,0,0,4
138.3,24,isocontour,11.283791670955125,25527.72,53.72,6.5,-19.8,0.984,-0.6,-1.5,1.6,11.7,-15.9,1.052,14,2,0,0,2
138.3,25,isocontour,11.283791670955125,25215.11,53.06,-19.8,2.0,1.037,0.1,-1.0,1.0,-14.7,-12.2,1.088,11,4,0,0,4
138.3,Target,,,,,0.0,0.0,4.023,0.0,0.0,,,,,,,,,
138.4,1,isocontour,11.283791670955125,19779.65,41.62,13.0,16.1,0.992,-1.0,0.7,1.2,4.6,18.4,1.102,8,6,0,0,6
138.4,2,isocontour,11.283791670955125,19996.22,42.08,-4.2,20.3,0.992,-2.1,-1.3,2.5,4.6,18.4,1.102,8,7,0,0,7
138.4,3,isocontour,11.283791670955125,19890.48,41.86,2.5,20.8,0.978,-2.6,-0.7,2.7,4.6,18.4,1.102,8,5,0,0,5
138.4,4,isocontour,11.283791670955125,25426.87,53.51,18.0,10.4,0.991,0.3,0.8,0.9,4.6,18.4,1.102,8,3,0,0,3
138.4,5,isocontour,11.283791670955125,22914.73,48.22,4.9,18.4,1.09,0.4,-1.7,1.7,4.6,18.4,1.102,8,6,0,0,6
138.4,6,isocontour,11.283791670955125,24729.84,52.04,4.5,18.9,1.066,2.6,-1.2,2.9,4.6,18.4,1.102,8,6,0,0,6
138.4,7,isocontour,11.283791670955125,22205.17,46.73,-17.6,11.2,0.987,0.8,1.4,1.6,4.6,18.4,1.102,8,4,0,0,4
138.4,8,isocontour,11.283791670955125,25537.51,53.74,3.9,18.5,1.101,-0.2,-1.4,1.4,4.6,18.4,1.102,8,6,0,0,6
138.4,9,isocontour,11.283791670955125,23012.45,48.43,20.7,2.0,0.988,1.6,-4.0,4.3,4.6,18.4,1.102,8,3,0,0,3
138.4,10,isocontour,11.283791670955125,24522.36,51.6,17.0,10.1,1.05,-0.1,-0.9,0.9,4.6,18.4,1.102,8,3,0,0,3
138.4,11,isocontour,11.283791670955125,26552.81,55.88,-14.4,-12.3,1.095,2.1,-0.8,2.2,-14.4,-12.3,1.092,11,4,0,0,4
138.4,12,isocontour,11.283791670955125,23034.34,48.47,-8.7,-18.7,0.996,0.5,-0.4,0.6,-14.7,-12.1,1.092,11,2,0,0,2
138.4,13,isocontour,11.283791670955125,22345.19,47.02,20.3,-5.1,0.98,1.1,0.5,1.2,4.6,18.4,1.102,8,2,0,0,2
138.4,14,isocontour,11.283791670955125,24729.95,52.04,11.7,-16.1,1.041,2.4,1.7,2.9,11.7,-16.1,1.052,14,3,0,0,3
138.4,15,isocontour,11.283791670955125,19861.54,41.8,-11.2,16.5,1.035,0.2,2.5,2.5,4.6,18.4,1.102,8,3,0,0,3
138.4,16,isocontour,11.283791670955125,38841.36,81.74,-20.7,3.7,0.974,-1.3,-0.8,1.5,4.6,18.4,1.102,8,4,0,0,4
138.4,17,isocontour,11.283791670955125,20470.73,43.08,5.0,19.1,1.051,0.1,0.5,0.5,4.6,18.4,1.102,8,6,0,0,6
138.4,18,isocontour,11.283791670955125,25737.52,54.16,-11.9,17.1,0.986,-0.4,1.2,1.3,4.6,18.4,1.102,8,3,0,0,3
138.4,19,isocontour,11.283791670955125,21669.37,45.6,-20.1,-5.7,0.98,-1.7,2.9,3.4,-14.7,-12.1,1.092,11,5,0,0,5
138.4,20,isocontour,11.283791670955125,23719.35,49.91,16.8,-12.2,0.991,1.1,1.1,1.6,11.7,-15.9,1.052,14,3,0,0,3
138.4,21,isocontour,11.283791670955125,24758.2,52.1,10.3,-17.1,1.036,2.6,1.6,3.1,11.7,-15.9,1.052,14,3,0,0,3
138.4,22,isocontour,11.283791670955125,25824.82,54.35,-15.4,-13.9,0.991,2.5,-1.2,2.8,-14.7,-12.1,1.092,11,4,0,0,4
138.4,23,isocontour,11.283791670955125,25024.97,52.66,-20.4,-3.5,0.992,-0.4,0.5,0.6,-14.7,-12.1,1.092,11,4,0,0,4
138.4,24,isocontour,11.283791670955125,25527.27,53.72,6.5,-19.8,0.984,-0.7,-0.1,0.7,11.7,-15.9,1.052,14,2,0,0,2
138.4,25,isocontour,11.283791670955125,25192.87,53.02,-19.8,1.8,1.038,0.0,-2.6,2.6,4.6,18.4,1.102,8,4,0,0,4
138.4,Target,,,,,0.0,0.0,4.023,0.0,0.0,,,,,,,,,
138.5,1,isocontour,11.283791670955125,19767.23,41.6,13.0,16.3,0.985,-0.3,2.1,2.1,4.6,18.4,1.102,8,6,0,0,6
138.5,2,isocontour,11.283791670955125,19993.84,42.07,-4.2,20.3,0.994,1.2,-0.1,1.2,4.6,18.4,1.102,8,7,0,0,7
138.5,3,isocontour,11.283791670955125,19865.31,41.8,2.3,20.8,0.984,-2.6,-0.7,2.7,4.6,18.4,1.102,8,5,0,0,5
138.5,4,isocontour,11.283791670955125,25349.12,53.34,18.2,10.1,0.988,2.4,-3.1,3.9,4.6,18.4,1.102,8,3,0,0,3
138.5,5,isocontour,11.283791670955125,22912.3,48.22,4.8,18.4,1.091,-1.2,0.4,1.3,4.6,18.4,1.102,8,6,0,0,6
138.5,6,isocontour,11.283791670955125,24704.66,51.99,4.3,18.8,1.077,-2.3,-1.4,2.7,4.6,18.4,1.102,8,6,0,0,6
138.5,7,isocontour,11.283791670955125,22171.38,46.66,-17.3,11.1,1.001,2.4,-1.8,3.0,4.6,18.4,1.102,8,4,0,0,4
138.5,8,isocontour,11.283791670955125,25533.55,53.73,4.0,18.6,1.095,1.0,1.1,1.5,4.6,18.4,1.102,8,6,0,0,6
138.5,9,isocontour,11.283791670955125,22977.64,48.35,20.7,2.2,0.988,-0.6,3.0,3.1,4.6,18.4,1.102,8,3,0,0,3
138.5,10,isocontour,11.283791670955125,24516.11,51.59,16.8,10.1,1.054,-1.4,0.9,1.7,4.6,18.4,1.102,8,3,0,0,3
138.5,11,isocontour,11.283791670955125,26521.66,55.81,-14.2,-12.5,1.098,2.1,-2.0,2.9,-14.2,-12.5,1.095,11,4,0,0,4
138.5,12,isocontour,11.283791670955125,22945.48,48.29,-8.4,-18.9,0.996,3.8,-1.7,4.2,-14.4,-12.3,1.095,11,2,0,0,2
138.5,13,isocontour,11.283791670955125,22338.5,47.01,20.2,-5.1,0.987,-1.7,0.1,1.7,4.6,18.4,1.102,8,2,0,0,2
138.5,14,isocontour,11.283791670955125,24728.2,52.04,11.8,-16.0,1.042,0.7,0.9,1.1,11.8,-16.0,1.052,14,3,0,0,3
138.5,15,isocontour,11.283791670955125,19859.17,41.79,-11.1,16.6,1.036,1.2,0.2,1.2,4.6,18.4,1.102,8,3,0,0,3
138.5,16,isocontour,11.283791670955125,38838.87,81.73,-20.7,3.6,0.978,0.9,-0.8,1.2,4.6,18.4,1.102,8,4,0,0,4
138.5,17,isocontour,11.283791670955125,20469.56,43.08,5.0,19.0,1.051,0.9,-0.4,1.0,4.6,18.4,1.102,8,6,0,0,6
138.5,18,isocontour,11.283791670955125,25737.41,54.16,-11.9,17.1,0.985,0.4,0.2,0.4,4.6,18.4,1.102,8,3,0,0,3
138.5,19,isocontour,11.283791670955125,21667.43,45.6,-20.1,-5.7,0.984,1.1,-0.4,1.2,4.6,18.4,1.102,8,5,0,0,5
138.5,20,isocontour,11.283791670955125,23707.27,49.89,17.0,-12.2,0.982,2.1,-0.2,2.1,4.6,18.4,1.102,8,3,0,0,3
138.5,21,isocontour,11.283791670955125,24755.2,52.09,10.4,-16.9,1.039,0.8,1.0,1.3,11.7,-15.9,1.052,14,3,0,0,3
138.5,22,isocontour,11.283791670955125,25822.08,54.34,-15.4,-13.9,0.989,-1.2,0.4,1.3,-14.4,-12.3,1.095,11,3,0,0,3
138.5,23,isocontour,11.283791670955125,25016.53,52.64,-20.5,-3.6,0.985,-1.1,-1.5,1.9,4.6,18.4,1.102,8,4,0,0,4
138.5,24,isocontour,11.283791670955125,25524.78,53.71,6.6,-19.8,0.985,1.1,0.6,1.3,11.7,-15.9,1.052,14,2,0,0,2
138.5,25,isocontour,11.283791670955125,25191.7,53.01,-19.8,1.7,1.042,0.7,-0.7,1.0,4.6,18.4,1.102,8,4,0,0,4
138.5,Target,,,,,0.0,0.0,4.023,0.0,0.0,,,,,,,,,
138.6,1,isocontour,11.283791670955125,19764.02,41.59,13.1,16.3,0.985,0.9,-1.0,1.3,4.6,18.4,1.102,8,6,0,0,6
138.6,2,isocontour,11.283791670955125,19991.58,42.07,-4.2,20.4,0.989,-0.1,1.2,1.2,4.6,18.4,1.102,8,7,0,0,7
138.6,3,isocontour,11.283791670955125,19841.5,41.75,2.0,20.7,0.988,-2.6,-0.5,2.6,4.6,18.4,1.102,8,5,0,0,5
138.6,4,isocontour,11.283791670955125,25314.65,53.27,18.4,9.9,0.985,1.9,-2.3,3.0,4.6,18.4,1.102,8,3,0,0,3
138.6,5,isocontour,11.283791670955125,22909.92,48.21,4.7,18.5,1.09,-1.2,0.4,1.3,4.6,18.4,1.102,8,6,0,0,6
138.6,6,isocontour,11.283791670955125,24697.5,51.97,4.2,18.9,1.073,-1.1,1.4,1.8,4.6,18.4,1.102,8,6,0,0,6
138.6,7,isocontour,11.283791670955125,22169.68,46.65,-17.2,11.0,1.008,0.9,-0.6,1.1,4.6,18.4,1.102,8,4,0,0,4
138.6,8,isocontour,11.283791670955125,25468.58,53.6,3.7,18.4,1.106,-3.4,-1.5,3.7,4.6,18.4,1.102,8,6,0,0,6
138.6,9,isocontour,11.283791670955125,22974.5,48.35,20.6,2.3,0.992,-0.9,1.0,1.3,4.6,18.4,1.102,8,3,0,0,3
138.6,10,isocontour,11.283791670955125,24515.67,51.59,16.8,10.1,1.055,0.3,-0.6,0.7,4.6,18.4,1.102,8,3,0,0,3
138.6,11,isocontour,11.283791670955125,26509.41,55.79,-14.2,-12.7,1.094,0.6,-2.0,2.1,4.6,18.4,1.102,8,4,0,0,4
138.6,12,isocontour,11.283791670955125,22944.89,48.28,-8.3,-18.9,0.998,0.7,0.1,0.7,-14.2,-12.5,1.098,11,2,0,0,2
138.6,13,isocontour,11.283791670955125,22304.71,46.94,20.2,-4.8,0.989,0.5,2.9,2.9,4.6,18.4,1.102,8,2,0,0,2
138.6,14,isocontour,11.283791670955125,24705.19,51.99,11.6,-16.0,1.045,-2.4,-1.1,2.6,4.6,18.4,1.102,8,3,0,0,3
138.6,15,isocontour,11.283791670955125,19838.91,41.75,-11.2,16.5,1.037,-2.1,-1.4,2.5,4.6,18.4,1.102,8,3,0,0,3
138.6,16,isocontour,11.283791670955125,38830.3,81.71,-20.5,3.6,0.986,1.6,0.9,1.8,4.6,18.4,1.102,8,4,0,0,4
138.6,17,isocontour,11.283791670955125,20467.46,43.07,4.9,19.1,1.052,-1.1,0.2,1.1,4.6,18.4,1.102,8,6,0,0,6
138.6,18,isocontour,11.283791670955125,25728.15,54.14,-12.0,17.0,0.985,-1.6,-1.0,1.9,4.6,18.4,1.102,8,3,0,0,3
138.6,19,isocontour,11.283791670955125,21649.93,45.56,-20.0,-5.9,0.987,1.1,-2.2,2.5,4.6,18.4,1.102,8,5,0,0,5
138.6,20,isocontour,11.283791670955125,23662.7,49.8,17.1,-11.9,0.985,0.9,3.2,3.3,4.6,18.4,1.102,8,3,0,0,3
138.6,21,isocontour,11.283791670955125,24721.75,52.02,10.6,-16.8,1.043,2.1,2.1,3.0,4.6,18.4,1.102,8,3,0,0,3
138.6,22,isocontour,11.283791670955125,25778.72,54.25,-15.4,-14.2,0.98,0.5,-3.2,3.2,4.6,18.4,1.102,8,3,0,0,3
138.6,23,isocontour,11.283791670955125,24998.37,52.61,-20.4,-3.7,0.994,2.3,-0.8,2.4,4.6,18.4,1.102,8,4,0,0,4
138.6,24,isocontour,11.283791670955125,25494.89,53.65,6.8,-19.7,0.986,2.7,1.1,2.9,11.7,-15.9,1.052,14,2,0,0,2
138.6,25,isocontour,11.283791670955125,25155.85,52.94,-19.7,1.9,1.045,0.7,3.0,3.1,4.6,18.4,1.102,8,4,0,0,4
138.6,Target,,,,,0.0,0.0,4.023,0.0,0.0,,,,,,,,,
138.7,1,isocontour,11.283791670955125,19762.96,41.59,13.1,16.2,0.989,-0.2,-0.9,0.9,3.7,18.4,1.106,8,6,0,0,6
138.7,2,isocontour,11.283791670955125,19987.45,42.06,-4.0,20.4,0.989,1.5,-0.0,1.5,3.7,18.4,1.106,8,7,0,0,7
138.7,3,isocontour,11.283791670955125,19840.18,41.75,1.9,20.6,0.993,-0.7,-0.7,1.0,3.7,18.4,1.106,8,5,0,0,5
138.7,4,isocontour,11.283791670955125,25290.85,53.22,18.4,9.6,0.988,0.6,-2.6,2.7,4.6,18.4,1.102,8,3,0,0,3
138.7,5,isocontour,11.283791670955125,22907.37,48.21,4.6,18.5,1.09,-1.2,0.3,1.2,3.7,18.4,1.106,8,6,0,0,6
138.7,6,isocontour,11.283791670955125,24668.84,51.91,3.9,18.9,1.075,-2.8,0.0,2.8,3.7,18.4,1.106,8,6,0,0,6
138.7,7,isocontour,11.283791670955125,22161.51,46.64,-17.4,10.9,1.003,-1.8,-0.4,1.8,4.6,18.4,1.102,8,4,0,0,4
138.7,8,isocontour,11.283791670955125,25447.35,53.55,3.4,18.5,1.103,-2.1,1.4,2.5,3.4,18.5,1.106,8,6,0,0,6
138.7,9,isocontour,11.283791670955125,22974.04,48.35,20.6,2.3,0.993,0.0,-0.7,0.7,4.6,18.4,1.102,8,3,0,0,3
138.7,10,isocontour,11.283791670955125,24497.73,51.55,16.9,9.9,1.059,0.5,-2.4,2.5,4.6,18.4,1.102,8,3,0,0,3
138.7,11,isocontour,11.283791670955125,26478.58,55.72,-14.0,-12.9,1.095,2.3,-1.8,2.9,4.6,18.4,1.102,8,4,0,0,4
138.7,12,isocontour,11.283791670955125,22943.86,48.28,-8.3,-18.9,0.997,-0.9,0.0,0.9,4.6,18.4,1.102,8,2,0,0,2
138.7,13,isocontour,11.283791670955125,22301.65,46.93,20.2,-4.7,0.989,0.4,1.3,1.4,4.6,18.4,1.102,8,2,0,0,2
138.7,14,isocontour,11.283791670955125,24689.78,51.96,11.5,-16.2,1.041,-1.2,-2.0,2.3,4.6,18.4,1.102,8,3,0,0,3
138.7,15,isocontour,11.283791670955125,19826.49,41.72,-11.3,16.3,1.045,0.0,-2.1,2.1,4.6,18.4,1.102,8,3,0,0,3
138.7,16,isocontour,11.283791670955125,38823.14,81.7,-20.4,3.6,0.995,1.5,-0.9,1.7,4.6,18.4,1.102,8,4,0,0,4
138.7,17,isocontour,11.283791670955125,20465.3,43.07,4.8,19.1,1.053,-1.2,0.1,1.2,3.7,18.4,1.106,8,6,0,0,6
138.7,18,isocontour,11.283791670955125,25709.07,54.1,-12.1,16.8,0.994,-0.1,-2.5,2.5,4.6,18.4,1.102,8,3,0,0,3
138.7,19,isocontour,11.283791670955125,21620.04,45.5,-19.9,-5.7,0.993,0.6,2.8,2.9,4.6,18.4,1.102,8,5,0,0,5
138.7,20,isocontour,11.283791670955125,23658.06,49.79,17.2,-11.7,0.988,0.6,1.4,1.5,4.6,18.4,1.102,8,3,0,0,3
138.7,21,isocontour,11.283791670955125,24716.64,52.01,10.7,-16.6,1.047,0.6,1.4,1.5,4.6,18.4,1.102,8,3,0,0,3
138.7,22,isocontour,11.283791670955125,25776.97,54.24,-15.3,-14.3,0.98,0.9,-0.7,1.1,4.6,18.4,1.102,8,3,0,0,3
138.7,23,isocontour,11.283791670955125,24997.55,52.6,-20.3,-3.8,0.994,-0.1,-0.8,0.8,4.6,18.4,1.102,8,4,0,0,4
138.7,24,isocontour,11.283791670955125,25487.61,53.64,6.9,-19.5,0.992,0.7,1.7,1.8,4.6,18.4,1.102,8,2,0,0,2
138.7,25,isocontour,11.283791670955125,25131.5,52.89,-19.6,1.8,1.051,1.0,-2.5,2.7,4.6,18.4,1.102,8,4,0,0,4
138.7,Target,,,,,0.0,0.0,4.023,0.0,0.0,,,,,,,,,
138.8,1,isocontour,11.283791670955125,19758.22,41.58,12.9,16.1,0.995,-1.5,-0.4,1.6,3.7,18.4,1.106,8,6,0,0,6
138.8,2,isocontour,11.283791670955125,19972.24,42.03,-4.1,20.2,0.998,-1.2,-1.9,2.2,3.7,18.4,1.106,8,7,0,0,7
138.8,3,isocontour,11.283791670955125,19838.24,41.75,2.0,20.6,0.994,1.1,-0.2,1.1,3.7,18.4,1.106,8,5,0,0,5
138.8,4,isocontour,11.283791670955125,25288.11,53.22,18.3,9.5,0.994,-1.1,-0.7,1.3,3.7,18.4,1.106,8,3,0,0,3
138.8,5,isocontour,11.283791670955125,22903.16,48.2,4.5,18.6,1.085,-0.9,1.2,1.5,3.7,18.4,1.106,8,6,0,0,6
138.8,6,isocontour,11.283791670955125,24643.67,51.86,3.7,19.0,1.073,-2.5,1.0,2.7,3.7,18.4,1.106,8,6,0,0,6
138.8,7,isocontour,11.283791670955125,22094.43,46.5,-17.7,10.9,0.988,-3.7,-0.7,3.8,4.6,18.4,1.102,8,4,0,0,4
138.8,8,isocontour,11.283791670955125,25433.3,53.52,3.4,18.7,1.091,-0.6,2.1,2.2,3.7,18.4,1.106,8,6,0,0,6
138.8,9,isocontour,11.283791670955125,22973.33,48.34,20.6,2.2,0.99,0.7,-0.4,0.8,4.6,18.4,1.102,8,3,0,0,3
138.8,10,isocontour,11.283791670955125,24497.28,51.55,16.9,9.8,1.06,0.3,-0.6,0.7,3.7,18.4,1.106,8,3,0,0,3
138.8,11,isocontour,11.283791670955125,26475.3,55.71,-13.9,-12.8,1.102,0.5,1.3,1.4,4.6,18.4,1.102,8,4,0,0,4
138.8,12,isocontour,11.283791670955125,22919.51,48.23,-8.2,-19.0,0.994,2.1,-1.6,2.6,4.6,18.4,1.102,8,2,0,0,2
138.8,13,isocontour,11.283791670955125,22264.37,46.85,20.3,-4.4,0.992,0.1,3.1,3.1,4.6,18.4,1.102,8,2,0,0,2
138.8,14,isocontour,11.283791670955125,24658.63,51.89,11.2,-16.3,1.046,-2.8,-0.6,2.9,4.6,18.4,1.102,8,3,0,0,3
138.8,15,isocontour,11.283791670955125,19802.95,41.67,-11.4,16.1,1.048,-2.0,-1.7,2.6,3.7,18.4,1.106,8,3,0,0,3
138.8,16,isocontour,11.283791670955125,38814.43,81.68,-20.4,3.7,0.989,-1.3,1.4,1.9,4.6,18.4,1.102,8,4,0,0,4
138.8,17,isocontour,11.283791670955125,20428.74,42.99,4.6,19.1,1.056,-3.1,0.2,3.1,3.7,18.4,1.106,8,6,0,0,6
138.8,18,isocontour,11.283791670955125,25703.16,54.09,-12.0,16.9,0.991,0.6,1.5,1.6,3.7,18.4,1.106,8,3,0,0,3
138.8,19,isocontour,11.283791670955125,21591.98,45.44,-19.8,-5.9,0.993,0.6,-2.7,2.8,4.6,18.4,1.102,8,5,0,0,5
138.8,20,isocontour,11.283791670955125,23654.78,49.78,17.1,-11.6,0.994,-0.6,1.2,1.3,4.6,18.4,1.102,8,3,0,0,3
138.8,21,isocontour,11.283791670955125,24715.5,52.01,10.8,-16.5,1.049,0.6,0.7,0.9,4.6,18.4,1.102,8,3,0,0,3
138.8,22,isocontour,11.283791670955125,25749.81,54.19,-15.1,-14.3,0.986,2.6,-0.8,2.7,4.6,18.4,1.102,8,3,0,0,3
138.8,23,isocontour,11.283791670955125,24967.66,52.54,-20.3,-4.1,0.992,0.0,-2.9,2.9,4.6,18.4,1.102,8,4,0,0,4
138.8,24,isocontour,11.283791670955125,25487.17,53.63,6.9,-19.6,0.99,-0.0,-0.7,0.7,4.6,18.4,1.102,8,2,0,0,2
138.8,25,isocontour,11.283791670955125,25096.34,52.81,-19.5,2.0,1.054,0.7,2.9,3.0,4.6,18.4,1.102,8,4,0,0,4
138.8,Target,,,,,0.0,0.0,4.023,0.0,0.0,,,,,,,,,
138.9,1,isocontour,11.283791670955125,19743.01,41.55,12.7,16.2,0.999,-2.1,0.8,2.2,3.7,18.4,1.106,8,6,0,0,6
138.9,2,isocontour,11.283791670955125,19963.12,42.01,-4.1,20.3,0.991,0.4,1.9,1.9,3.7,18.4,1.106,8,7,0,0,7
138.9,3,isocontour,11.283791670955125,19824.74,41.72,2.2,20.7,0.988,1.8,1.2,2.2,3.7,18.4,1.106,8,5,0,0,5
138.9,4,isocontour,11.283791670955125,25271.46,53.18,18.4,9.3,0.997,0.7,-2.2,2.3,3.7,18.4,1.106,8,3,0,0,3
138.9,5,isocontour,11.283791670955125,22893.46,48.18,4.4,18.5,1.092,-1.6,-1.1,1.9,3.7,18.4,1.106,8,6,0,0,6
138.9,6,isocontour,11.283791670955125,24639.54,51.85,3.6,19.1,1.065,0.3,1.4,1.4,3.7,18.4,1.106,8,6,0,0,6
138.9,7,isocontour,11.283791670955125,22083.18,46.47,-17.8,10.7,0.991,0.1,-2.1,2.1,3.7,18.4,1.106,8,4,0,0,4
138.9,8,isocontour,11.283791670955125,25391.91,53.43,3.1,18.6,1.1,-2.7,-1.6,3.1,3.7,18.4,1.106,8,6,0,0,6
138.9,9,isocontour,11.283791670955125,22929.97,48.25,20.9,2.2,0.975,3.2,-0.7,3.3,3.7,18.4,1.106,8,3,0,0,3
138.9,10,isocontour,11.283791670955125,24494.61,51.55,16.8,9.9,1.061,-0.8,1.0,1.3,3.7,18.4,1.106,8,3,0,0,3
138.9,11,isocontour,11.283791670955125,26459.69,55.68,-14.0,-12.7,1.1,-2.0,1.2,2.3,4.6,18.4,1.102,8,4,0,0,4
138.9,12,isocontour,11.283791670955125,22915.22,48.22,-8.1,-19.2,0.989,0.7,-1.3,1.5,4.6,18.4,1.102,8,2,0,0,2
138.9,13,isocontour,11.283791670955125,22263.01,46.85,20.3,-4.3,0.991,0.5,0.9,1.0,4.6,18.4,1.102,8,2,0,0,2
138.9,14,isocontour,11.283791670955125,24536.72,51.63,11.5,-16.1,1.045,4.0,2.3,4.6,4.6,18.4,1.102,8,3,0,0,3
138.9,15,isocontour,11.283791670955125,19769.84,41.6,-11.3,16.2,1.05,2.6,1.5,3.0,3.7,18.4,1.106,8,3,0,0,3
138.9,16,isocontour,11.283791670955125,38806.13,81.66,-20.6,3.6,0.981,-1.6,-0.9,1.8,4.6,18.4,1.102,8,4,0,0,4
138.9,17,isocontour,11.283791670955125,20375.99,42.88,4.3,19.3,1.05,-2.8,2.0,3.4,3.7,18.4,1.106,8,6,0,0,6
138.9,18,isocontour,11.283791670955125,25700.09,54.08,-12.1,16.9,0.986,-1.3,0.2,1.3,3.7,18.4,1.106,8,3,0,0,3
138.9,19,isocontour,11.283791670955125,21563.02,45.38,-19.8,-6.2,0.993,0.8,-2.7,2.8,4.6,18.4,1.102,8,5,0,0,5
138.9,20,isocontour,11.283791670955125,23653.81,49.78,17.1,-11.7,0.994,-0.4,-0.8,0.9,4.6,18.4,1.102,8,3,0,0,3
138.9,21,isocontour,11.283791670955125,24715.22,52.01,10.8,-16.5,1.048,0.6,0.0,0.6,4.6,18.4,1.102,8,3,0,0,3
138.9,22,isocontour,11.283791670955125,25714.65,54.11,-14.9,-14.2,1.001,2.5,1.7,3.0,4.6,18.4,1.102,8,3,0,0,3
138.9,23,isocontour,11.283791670955125,24961.42,52.53,-20.5,-4.2,0.984,-1.5,-0.7,1.7,4.6,18.4,1.102,8,4,0,0,4
138.9,24,isocontour,11.283791670955125,25464.67,53.59,6.7,-19.7,0.988,-2.3,-1.1,2.5,4.6,18.4,1.102,8,2,0,0,2
138.9,25,isocontour,11.283791670955125,25077.5,52.77,-19.5,1.8,1.059,0.7,-2.3,2.4,4.6,18.4,1.102,8,4,0,0,4
138.9,Target,,,,,0.0,0.0,4.023,0.0,0.0,,,,,,,,,
139.0,1,isocontour,11.283791670955125,19604.49,41.26,12.5,16.5,0.992,-2.5,4.1,4.8,3.7,18.4,1.106,8,6,0,0,6
139.0,2,isocontour,11.283791670955125,19947.51,41.98,-4.3,20.5,0.981,-1.8,1.4,2.3,3.7,18.4,1.106,8,7,0,0,7
139.0,3,isocontour,11.283791670955125,19812.49,41.69,2.1,20.8,0.981,-1.7,1.3,2.1,3.7,18.4,1.106,8,5,0,0,5
139.0,4,isocontour,11.283791670955125,25243.11,53.12,18.6,9.4,0.985,2.7,0.9,2.8,3.7,18.4,1.106,8,3,0,0,3
139.0,5,isocontour,11.283791670955125,22872.23,48.13,4.5,18.4,1.094,2.5,-0.6,2.6,3.7,18.4,1.106,8,6,0,0,6
139.0,6,isocontour,11.283791670955125,24609.97,51.79,3.9,19.1,1.066,2.7,-1.0,2.9,3.7,18.4,1.106,8,6,0,0,6
139.0,7,isocontour,11.283791670955125,22081.43,46.47,-17.7,10.6,0.997,1.0,-0.3,1.0,3.7,18.4,1.106,8,4,0,0,4
139.0,8,isocontour,11.283791670955125,25390.34,53.43,3.2,18.6,1.103,1.0,-0.3,1.0,3.7,18.4,1.106,8,6,0,0,6
139.0,9,isocontour,11.283791670955125,22926.48,48.25,21.0,2.3,0.971,0.2,1.4,1.4,3.7,18.4,1.106,8,3,0,0,3
139.0,10,isocontour,11.283791670955125,24492.23,51.54,16.8,10.0,1.061,-0.6,1.1,1.3,3.7,18.4,1.106,8,3,0,0,3
139.0,11,isocontour,11.283791670955125,26457.26,55.68,-14.1,-12.7,1.093,-0.7,-1.0,1.2,4.6,18.4,1.102,8,4,0,0,4
139.0,12,isocontour,11.283791670955125,22914.08,48.22,-8.0,-19.2,0.991,0.9,0.1,0.9,4.6,18.4,1.102,8,2,0,0,2
139.0,13,isocontour,11.283791670955125,22220.44,46.76,20.5,-4.1,0.982,2.3,2.3,3.3,3.7,18.4,1.106,8,2,0,0,2
139.0,14,isocontour,11.283791670955125,24518.78,51.6,11.8,-16.0,1.042,2.2,1.0,2.4,4.6,18.4,1.102,8,3,0,0,3
139.0,15,isocontour,11.283791670955125,19753.61,41.57,-11.3,16.0,1.058,-0.4,-2.3,2.3,3.7,18.4,1.106,8,3,0,0,3
139.0,16,isocontour,11.283791670955125,38777.78,81.6,-20.6,3.4,0.986,0.9,-2.7,2.8,3.7,18.4,1.106,8,4,0,0,4
139.0,17,isocontour,11.283791670955125,20349.69,42.82,4.4,19.2,1.052,2.5,-1.2,2.8,3.7,18.4,1.106,8,6,0,0,6
139.0,18,isocontour,11.283791670955125,25697.99,54.08,-12.1,16.9,0.99,1.1,-0.5,1.2,3.7,18.4,1.106,8,3,0,0,3
139.0,19,isocontour,11.283791670955125,21562.46,45.38,-19.8,-6.2,0.993,-0.2,0.7,0.7,4.6,18.4,1.102,8,5,0,0,5
139.0,20,isocontour,11.283791670955125,23637.79,49.74,17.2,-11.8,0.985,1.1,-2.0,2.3,4.6,18.4,1.102,8,3,0,0,3
139.0,21,isocontour,11.283791670955125,24709.92,52.0,10.9,-16.4,1.053,0.5,1.5,1.6,4.6,18.4,1.102,8,3,0,0,3
139.0,22,isocontour,11.283791670955125,25709.91,54.1,-14.7,-14.2,1.007,1.5,-0.5,1.6,4.6,18.4,1.102,8,3,0,0,3
139.0,23,isocontour,11.283791670955125,24865.29,52.33,-20.4,-4.5,0.98,0.4,-4.2,4.2,4.6,18.4,1.102,8,4,0,0,4
139.0,24,isocontour,11.283791670955125,25462.83,53.58,6.8,-19.6,0.989,0.9,0.6,1.1,4.6,18.4,1.102,8,2,0,0,2
139.0,25,isocontour,11.283791670955125,25076.86,52.77,-19.4,1.7,1.062,0.2,-0.7,0.7,3.7,18.4,1.106,8,4,0,0,4
139.0,Target,,,,,0.0,0.0,4.023,0.0,0.0,,,,,,,,,
139.1,1,isocontour,11.283791670955125,19603.58,41.25,12.5,16.6,0.988,0.9,0.2,0.9,3.7,18.4,1.106,8,7,0,0,7
139.1,2,isocontour,11.283791670955125,19933.83,41.95,-4.5,20.5,0.978,-2.2,-0.2,2.2,3.7,18.4,1.106,8,7,0,0,7
139.1,3,isocontour,11.283791670955125,19780.37,41.63,2.2,20.7,0.987,2.5,-1.6,3.0,3.7,18.4,1.106,8,5,0,0,5
139.1,4,isocontour,11.283791670955125,25177.09,52.98,18.6,9.7,0.977,-0.7,3.7,3.8,3.7,18.4,1.106,8,3,0,0,3
139.1,5,isocontour,11.283791670955125,22871.29,48.13,4.6,18.4,1.095,0.8,-0.4,0.9,3.7,18.4,1.106,8,6,0,0,6
139.1,6,isocontour,11.283791670955125,24598.72,51.76,3.9,18.9,1.076,0.3,-2.0,2.0,3.7,18.4,1.106,8,6,0,0,6
139.1,7,isocontour,11.283791670955125,22056.54,46.42,-17.8,10.5,0.995,-1.9,-1.9,2.7,3.7,18.4,1.106,8,4,0,0,4
139.1,8,isocontour,11.283791670955125,25367.84,53.38,3.4,18.6,1.098,2.5,0.6,2.6,3.7,18.4,1.106,8,6,0,0,6
139.1,9,isocontour,11.283791670955125,22923.74,48.24,20.9,2.3,0.976,-1.1,0.7,1.3,3.7,18.4,1.106,8,3,0,0,3
139.1,10,isocontour,11.283791670955125,24482.39,51.52,16.6,10.1,1.066,-1.7,1.1,2.0,3.7,18.4,1.106,8,3,0,0,3
139.1,11,isocontour,11.283791670955125,26430.38,55.62,-14.3,-12.6,1.092,-1.9,2.0,2.8,4.6,18.4,1.102,8,4,0,0,4
139.1,12,isocontour,11.283791670955125,22913.15,48.22,-7.9,-19.2,0.989,0.6,-0.7,0.9,4.6,18.4,1.102,8,2,0,0,2
139.1,13,isocontour,11.283791670955125,22215.88,46.75,20.6,-4.1,0.975,1.0,-1.2,1.6,3.7,18.4,1.106,8,2,0,0,2
139.1,14,isocontour,11.283791670955125,24488.58,51.53,11.6,-16.1,1.044,-2.6,-1.2,2.9,4.6,18.4,1.102,8,3,0,0,3
139.1,15,isocontour,11.283791670955125,19738.99,41.54,-11.3,15.8,1.065,-1.0,-2.0,2.2,3.7,18.4,1.106,8,3,0,0,3
139.1,16,isocontour,11.283791670955125,38750.9,81.55,-20.4,3.5,0.993,1.6,2.3,2.8,3.7,18.4,1.106,8,4,0,0,4
139.1,17,isocontour,11.283791670955125,20329.43,42.78,4.7,19.1,1.052,2.4,-0.6,2.5,3.7,18.4,1.106,8,6,0,0,6
139.1,18,isocontour,11.283791670955125,25693.25,54.07,-12.0,17.0,0.987,0.6,1.4,1.5,3.7,18.4,1.106,8,3,0,0,3
139.1,19,isocontour,11.283791670955125,21562.34,45.38,-19.7,-6.2,0.995,0.4,-0.1,0.4,3.7,18.4,1.106,8,5,0,0,5
139.1,20,isocontour,11.283791670955125,23637.23,49.74,17.3,-11.9,0.981,0.7,0.2,0.7,3.7,18.4,1.106,8,3,0,0,3
139.1,21,isocontour,11.283791670955125,24684.74,51.95,11.1,-16.2,1.053,2.3,1.4,2.7,4.6,18.4,1.102,8,3,0,0,3
139.1,22,isocontour,11.283791670955125,25659.4,54.0,-15.0,-14.3,0.995,-3.4,-0.4,3.4,4.6,18.4,1.102,8,4,0,0,4
139.1,23,isocontour,11.283791670955125,24857.38,52.31,-20.3,-4.6,0.987,1.8,-0.4,1.8,3.7,18.4,1.106,8,5,0,0,5
139.1,24,isocontour,11.283791670955125,25457.52,53.57,6.8,-19.5,0.995,0.6,1.5,1.6,4.6,18.4,1.102,8,2,0,0,2
139.1,25,isocontour,11.283791670955125,25070.29,52.76,-19.3,1.8,1.067,1.2,1.3,1.8,3.7,18.4,1.106,8,4,0,0,4
139.1,Target,,,,,0.0,0.0,4.023,0.0,0.0,,,,,,,,,
139.2,1,isocontour,11.283791670955125,19601.21,41.25,12.4,16.6,0.99,-1.2,0.0,1.2,3.7,18.4,1.106,8,7,0,0,7
139.2,2,isocontour,11.283791670955125,19908.66,41.9,-4.3,20.4,0.987,2.3,-1.4,2.7,3.7,18.4,1.106,8,7,0,0,7
139.2,3,isocontour,11.283791670955125,19777.3,41.62,2.3,20.6,0.992,0.9,-1.0,1.3,3.7,18.4,1.106,8,6,0,0,6
139.2,4,isocontour,11.283791670955125,25173.04,52.97,18.5,9.9,0.976,-0.6,1.3,1.4,3.7,18.4,1.106,8,3,0,0,3
139.2,5,isocontour,11.283791670955125,22865.89,48.12,4.6,18.5,1.088,-0.6,1.5,1.6,3.7,18.4,1.106,8,6,0,0,6
139.2,6,isocontour,11.283791670955125,24598.13,51.76,4.0,18.8,1.077,0.8,0.0,0.8,3.7,18.4,1.106,8,6,0,0,6
139.2,7,isocontour,11.283791670955125,21973.36,46.24,-17.7,10.7,0.994,2.0,3.5,4.0,3.7,18.4,1.106,8,4,0,0,4
139.2,8,isocontour,11.283791670955125,25364.57,53.38,3.5,18.7,1.092,1.1,0.8,1.4,3.7,18.4,1.106,8,6,0,0,6
139.2,9,isocontour,11.283791670955125,22895.08,48.18,20.8,2.6,0.977,-0.4,2.8,2.8,3.7,18.4,1.106,8,3,0,0,3
139.2,10,isocontour,11.283791670955125,24471.14,51.5,16.5,10.2,1.07,-1.6,1.3,2.1,3.7,18.4,1.106,8,3,0,0,3
139.2,11,isocontour,11.283791670955125,26428.81,55.62,-14.4,-12.5,1.093,-0.4,1.0,1.1,3.7,18.4,1.106,8,4,0,0,4
139.2,12,isocontour,11.283791670955125,22881.03,48.15,-8.1,-19.1,0.991,-2.5,1.6,3.0,4.6,18.4,1.102,8,2,0,0,2
139.2,13,isocontour,11.283791670955125,22188.71,46.69,20.4,-4.3,0.985,-2.5,-1.1,2.7,3.7,18.4,1.106,8,2,0,0,2
139.2,14,isocontour,11.283791670955125,24485.77,51.53,11.5,-16.2,1.041,-0.4,-1.2,1.3,3.7,18.4,1.106,8,3,0,0,3
139.2,15,isocontour,11.283791670955125,19731.46,41.52,-11.4,15.6,1.072,-0.5,-1.7,1.8,3.7,18.4,1.106,8,3,0,0,3
139.2,16,isocontour,11.283791670955125,38730.89,81.5,-20.5,3.7,0.986,-1.2,2.2,2.5,3.7,18.4,1.106,8,4,0,0,4
139.2,17,isocontour,11.283791670955125,20305.09,42.73,4.9,19.0,1.056,2.3,-1.4,2.7,3.7,18.4,1.106,8,6,0,0,6
139.2,18,isocontour,11.283791670955125,25650.68,53.98,-12.3,17.0,0.98,-3.2,-0.6,3.3,3.7,18.4,1.106,8,3,0,0,3
139.2,19,isocontour,11.283791670955125,21480.99,45.2,-20.1,-6.3,0.977,-3.9,-1.0,4.0,3.7,18.4,1.106,8,5,0,0,5
139.2,20,isocontour,11.283791670955125,23631.09,49.73,17.1,-11.9,0.986,-1.7,-0.1,1.7,3.7,18.4,1.106,8,3,0,0,3
139.2,21,isocontour,11.283791670955125,24554.71,51.67,10.8,-16.4,1.056,-4.2,-2.0,4.7,3.7,18.4,1.106,8,3,0,0,3
139.2,22,isocontour,11.283791670955125,25636.65,53.95,-14.9,-14.5,0.988,1.0,-2.4,2.6,3.7,18.4,1.106,8,4,0,0,4
139.2,23,isocontour,11.283791670955125,24851.14,52.3,-20.1,-4.7,0.996,1.7,-0.2,1.7,3.7,18.4,1.106,8,5,0,0,5
139.2,24,isocontour,11.283791670955125,25456.28,53.57,6.9,-19.5,0.995,1.0,0.0,1.0,4.6,18.4,1.102,8,2,0,0,2
139.2,25,isocontour,11.283791670955125,25069.47,52.76,-19.3,1.8,1.071,0.4,-0.7,0.8,3.7,18.4,1.106,8,4,0,0,4
139.2,Target,,,,,0.0,0.0,4.023,0.0,0.0,,,,,,,,,
139.3,1,isocontour,11.283791670955125,19597.63,41.24,12.5,16.5,0.993,0.7,-1.2,1.4,3.7,18.4,1.106,8,7,0,0,7
139.3,2,isocontour,11.283791670955125,19870.28,41.81,-4.0,20.3,0.993,3.1,-0.4,3.1,3.7,18.4,1.106,8,7,0,0,7
139.3,3,isocontour,11.283791670955125,19775.56,41.62,2.5,20.6,0.993,1.1,-0.2,1.1,3.7,18.4,1.106,8,6,0,0,6
139.3,4,isocontour,11.283791670955125,25136.83,52.9,18.3,10.1,0.981,-2.4,1.9,3.1,3.7,18.4,1.106,8,3,0,0,3
139.3,5,isocontour,11.283791670955125,22859.31,48.1,4.4,18.6,1.088,-1.7,0.3,1.7,3.7,18.4,1.106,8,6,0,0,6
139.3,6,isocontour,11.283791670955125,24546.28,51.65,4.1,19.1,1.059,1.4,3.1,3.4,3.7,18.4,1.106,8,6,0,0,6
139.3,7,isocontour,11.283791670955125,21957.74,46.21,-17.8,10.6,0.994,-1.3,-1.9,2.3,3.7,18.4,1.106,8,4,0,0,4
139.3,8,isocontour,11.283791670955125,25363.36,53.37,3.6,18.8,1.086,0.5,0.8,0.9,3.7,18.4,1.106,8,6,0,0,6
139.3,9,isocontour,11.283791670955125,22871.0,48.13,20.8,2.4,0.981,-0.7,-2.6,2.7,3.7,18.4,1.106,8,3,0,0,3
139.3,10,isocontour,11.283791670955125,24468.4,51.49,16.4,10.3,1.072,-0.9,0.9,1.3,3.7,18.4,1.106,8,3,0,0,3
139.3,11,isocontour,11.283791670955125,26419.4,55.6,-14.4,-12.3,1.1,-0.1,1.9,1.9,3.7,18.4,1.106,8,4,0,0,4
139.3,12,isocontour,11.283791670955125,22879.93,48.15,-8.2,-19.1,0.99,-0.9,0.1,0.9,3.7,18.4,1.106,8,2,0,0,2
139.3,13,isocontour,11.283791670955125,22165.44,46.64,20.3,-4.5,0.987,-0.6,-2.6,2.7,3.7,18.4,1.106,8,2,0,0,2
139.3,14,isocontour,11.283791670955125,24476.37,51.51,11.4,-16.4,1.037,-1.1,-1.6,1.9,3.7,18.4,1.106,8,3,0,0,3
139.3,15,isocontour,11.283791670955125,19718.69,41.5,-11.5,15.4,1.078,-0.9,-2.0,2.2,3.7,18.4,1.106,8,3,0,0,3
139.3,16,isocontour,11.283791670955125,38706.54,81.45,-20.6,3.6,0.984,-0.8,-2.6,2.7,3.7,18.4,1.106,8,4,0,0,4
139.3,17,isocontour,11.283791670955125,20302.53,42.72,4.8,19.0,1.056,-1.2,0.5,1.3,3.7,18.4,1.106,8,6,0,0,6
139.3,18,isocontour,11.283791670955125,25649.48,53.98,-12.3,16.9,0.981,-0.4,-0.9,1.0,3.7,18.4,1.106,8,3,0,0,3
139.3,19,isocontour,11.283791670955125,21479.89,45.2,-20.1,-6.2,0.976,0.3,0.9,0.9,3.7,18.4,1.106,8,5,0,0,5
139.3,20,isocontour,11.283791670955125,23600.26,49.66,16.9,-12.0,0.993,-2.5,-1.5,2.9,3.7,18.4,1.106,8,3,0,0,3
139.3,21,isocontour,11.283791670955125,24545.58,51.65,10.6,-16.6,1.051,-0.7,-1.8,1.9,3.7,18.4,1.106,8,3,0,0,3
139.3,22,isocontour,11.283791670955125,25617.34,53.91,-15.0,-14.3,0.989,-1.4,2.0,2.4,3.7,18.4,1.106,8,4,0,0,4
139.3,23,isocontour,11.283791670955125,24850.04,52.29,-20.1,-4.6,0.997,-0.2,0.9,0.9,3.7,18.4,1.106,8,5,0,0,5
139.3,24,isocontour,11.283791670955125,25438.11,53.53,6.7,-19.5,0.995,-2.3,-0.6,2.4,3.7,18.4,1.106,8,2,0,0,2
139.3,25,isocontour,11.283791670955125,25068.83,52.75,-19.3,1.7,1.072,0.2,-0.8,0.8,3.7,18.4,1.106,8,4,0,0,4
139.3,Target,,,,,0.0,0.0,4.023,0.0,0.0,,,,,,,,,
139.4,1,isocontour,11.283791670955125,19544.42,41.13,12.8,16.5,0.983,3.5,0.2,3.5,3.7,18.4,1.106,8,7,0,0,7
139.4,2,isocontour,11.283791670955125,19848.8,41.77,-4.2,20.3,0.993,-2.5,-0.3,2.5,3.7,18.4,1.106,8,7,0,0,7
139.4,3,isocontour,11.283791670955125,19671.04,41.4,2.2,20.8,0.979,-2.9,3.2,4.3,3.7,18.4,1.106,8,6,0,0,6
139.4,4,isocontour,11.283791670955125,25106.95,52.83,18.2,10.3,0.983,-1.5,2.4,2.8,3.7,18.4,1.106,8,3,0,0,3
139.4,5,isocontour,11.283791670955125,22793.29,47.97,4.1,18.6,1.093,-3.7,-0.2,3.7,3.7,18.4,1.106,8,6,0,0,6
139.4,6,isocontour,11.283791670955125,24544.39,51.65,4.1,19.1,1.06,-1.0,-0.4,1.1,3.7,18.4,1.106,8,6,0,0,6
139.4,7,isocontour,11.283791670955125,21954.61,46.2,-17.9,10.6,0.988,-1.3,-0.0,1.3,3.7,18.4,1.106,8,4,0,0,4
139.4,8,isocontour,11.283791670955125,25359.32,53.37,3.6,18.9,1.078,-0.1,1.5,1.5,3.7,18.4,1.106,8,6,0,0,6
139.4,9,isocontour,11.283791670955125,22846.38,48.08,20.7,2.2,0.988,-0.9,-2.5,2.7,3.7,18.4,1.106,8,3,0,0,3
139.4,10,isocontour,11.283791670955125,24431.48,51.41,16.2,10.5,1.072,-1.6,2.6,3.1,3.7,18.4,1.106,8,3,0,0,3
139.4,11,isocontour,11.283791670955125,26392.53,55.54,-14.5,-12.0,1.105,-1.2,2.5,2.8,3.7,18.4,1.106,8,4,0,0,4
139.4,12,isocontour,11.283791670955125,22861.08,48.11,-8.0,-19.1,0.993,2.4,-0.5,2.5,3.7,18.4,1.106,8,2,0,0,2
139.4,13,isocontour,11.283791670955125,22164.12,46.64,20.3,-4.6,0.989,-0.7,-0.7,1.0,3.7,18.4,1.106,8,2,0,0,2
139.4,14,isocontour,11.283791670955125,24449.49,51.45,11.2,-16.3,1.047,-2.6,0.8,2.7,3.7,18.4,1.106,8,3,0,0,3
139.4,15,isocontour,11.283791670955125,19691.22,41.44,-11.6,15.2,1.084,-1.6,-2.3,2.8,3.7,18.4,1.106,8,3,0,0,3
139.4,16,isocontour,11.283791670955125,38679.08,81.4,-20.5,3.3,0.989,0.8,-2.7,2.8,3.7,18.4,1.106,8,4,0,0,4
139.4,17,isocontour,11.283791670955125,20284.37,42.69,4.6,19.1,1.054,-2.2,1.0,2.4,3.7,18.4,1.106,8,6,0,0,6
139.4,18,isocontour,11.283791670955125,25619.9,53.91,-12.2,16.7,0.995,2.0,-2.1,2.9,3.7,18.4,1.106,8,3,0,0,3
139.4,19,isocontour,11.283791670955125,21450.62,45.14,-19.9,-6.0,0.987,1.7,2.3,2.9,3.7,18.4,1.106,8,5,0,0,5
139.4,20,isocontour,11.283791670955125,23598.65,49.66,16.8,-11.9,0.998,-0.2,1.1,1.1,3.7,18.4,1.106,8,3,0,0,3
139.4,21,isocontour,11.283791670955125,24538.89,51.64,10.7,-16.5,1.055,0.7,1.6,1.7,3.7,18.4,1.106,8,3,0,0,3
139.4,22,isocontour,11.283791670955125,25614.41,53.9,-15.0,-14.2,0.994,0.1,1.3,1.3,3.7,18.4,1.106,8,4,0,0,4
139.4,23,isocontour,11.283791670955125,24843.8,52.28,-20.2,-4.6,0.989,-1.6,-0.7,1.7,3.7,18.4,1.106,8,5,0,0,5
139.4,24,isocontour,11.283791670955125,25416.13,53.49,6.5,-19.6,0.995,-2.4,-0.9,2.6,3.7,18.4,1.106,8,2,0,0,2
139.4,25,isocontour,11.283791670955125,25046.08,52.71,-19.3,1.5,1.073,-0.1,-2.6,2.6,3.7,18.4,1.106,8,4,0,0,4
139.4,Target,,,,,0.0,0.0,4.023,0.0,0.0,,,,,,,,,
139.5,1,isocontour,11.283791670955125,19416.04,40.86,12.5,16.7,0.986,-4.2,2.0,4.7,3.7,18.4,1.106,8,6,0,0,6
139.5,2,isocontour,11.283791670955125,19845.31,41.76,-4.3,20.4,0.987,-0.8,1.1,1.4,3.7,18.4,1.106,8,7,0,0,7
139.5,3,isocontour,11.283791670955125,19604.49,41.26,1.9,21.0,0.973,-3.6,1.1,3.8,3.7,18.4,1.106,8,5,0,0,5
139.5,4,isocontour,11.283791670955125,25077.68,52.77,18.0,10.1,0.994,-1.3,-2.5,2.8,3.7,18.4,1.106,8,3,0,0,3
139.5,5,isocontour,11.283791670955125,22788.73,47.96,4.0,18.5,1.101,-1.0,-1.1,1.5,3.7,18.4,1.106,8,6,0,0,6
139.5,6,isocontour,11.283791670955125,24485.0,51.53,3.8,19.3,1.054,-3.1,1.9,3.6,3.7,18.4,1.106,8,6,0,0,6
139.5,7,isocontour,11.283791670955125,21952.05,46.2,-17.8,10.6,0.991,1.2,0.3,1.2,3.7,18.4,1.106,8,4,0,0,4
139.5,8,isocontour,11.283791670955125,25248.21,53.13,3.2,18.9,1.082,-4.4,-0.3,4.4,3.7,18.4,1.106,8,6,0,0,6
139.5,9,isocontour,11.283791670955125,22845.62,48.08,20.6,2.1,0.991,-0.4,-0.7,0.8,3.7,18.4,1.106,8,3,0,0,3
139.5,10,isocontour,11.283791670955125,24422.22,51.39,16.2,10.4,1.077,0.2,-1.9,1.9,3.7,18.4,1.106,8,3,0,0,3
139.5,11,isocontour,11.283791670955125,26368.98,55.49,-14.5,-12.2,1.094,-0.6,-2.6,2.7,3.7,18.4,1.106,8,4,0,0,4
139.5,12,isocontour,11.283791670955125,22853.04,48.09,-7.8,-19.1,0.997,1.8,0.1,1.8,3.7,18.4,1.106,8,2,0,0,2
139.5,13,isocontour,11.283791670955125,22138.1,46.59,20.2,-4.8,0.991,-0.9,-2.6,2.8,3.7,18.4,1.106,8,2,0,0,2
139.5,14,isocontour,11.283791670955125,24354.71,51.25,11.4,-16.1,1.053,3.0,3.0,4.2,3.7,18.4,1.106,8,3,0,0,3
139.5,15,isocontour,11.283791670955125,19660.71,41.37,-11.5,15.4,1.081,1.8,2.2,2.8,3.7,18.4,1.106,8,3,0,0,3
139.5,16,isocontour,11.283791670955125,38650.42,81.34,-20.4,3.0,0.998,1.3,-2.5,2.8,3.7,18.4,1.106,8,4,0,0,4
139.5,17,isocontour,11.283791670955125,20283.34,42.68,4.6,19.2,1.049,0.2,0.9,0.9,3.7,18.4,1.106,8,6,0,0,6
139.5,18,isocontour,11.283791670955125,25619.24,53.91,-12.2,16.6,0.997,-0.6,-0.5,0.8,3.7,18.4,1.106,8,3,0,0,3
139.5,19,isocontour,11.283791670955125,21444.49,45.13,-19.8,-5.9,0.997,1.7,0.2,1.7,3.7,18.4,1.106,8,5,0,0,5
139.5,20,isocontour,11.283791670955125,23595.91,49.65,16.9,-11.9,0.993,1.3,-0.2,1.3,3.7,18.4,1.106,8,3,0,0,3
139.5,21,isocontour,11.283791670955125,24537.53,51.64,10.8,-16.4,1.058,0.5,0.9,1.0,3.7,18.4,1.106,8,3,0,0,3
139.5,22,isocontour,11.283791670955125,25605.84,53.88,-15.1,-14.0,0.998,-0.6,1.8,1.9,3.7,18.4,1.106,8,4,0,0,4
139.5,23,isocontour,11.283791670955125,24825.85,52.24,-20.3,-4.9,0.985,-0.1,-2.4,2.4,3.7,18.4,1.106,8,5,0,0,5
139.5,24,isocontour,11.283791670955125,25395.63,53.44,6.2,-19.7,0.995,-2.4,-0.8,2.5,3.7,18.4,1.106,8,2,0,0,2
139.5,25,isocontour,11.283791670955125,25045.11,52.7,-19.3,1.4,1.069,-0.8,-0.4,0.9,3.7,18.4,1.106,8,4,0,0,4
139.5,Target,,,,,0.0,0.0,4.023,0.0,0.0,,,,,,,,,
139.6,1,isocontour,11.283791670955125,19415.36,40.86,12.4,16.7,0.989,0.2,-0.8,0.8,3.7,18.4,1.106,8,6,0,0,6
139.6,2,isocontour,11.283791670955125,19827.58,41.72,-4.5,20.3,0.987,-2.3,-0.8,2.4,3.7,18.4,1.106,8,7,0,0,7
139.6,3,isocontour,11.283791670955125,19603.29,41.25,1.8,20.9,0.976,-0.6,-0.7,0.9,3.7,18.4,1.106,8,5,0,0,5
139.6,4,isocontour,11.283791670955125,25057.19,52.73,17.9,10.2,0.999,-1.8,1.8,2.5,3.7,18.4,1.106,8,3,0,0,3
139.6,5,isocontour,11.283791670955125,22769.42,47.92,3.8,18.6,1.098,-2.1,1.3,2.5,3.7,18.4,1.106,8,6,0,0,6
139.6,6,isocontour,11.283791670955125,24452.55,51.46,3.5,19.2,1.063,-2.5,-1.6,3.0,3.7,18.4,1.106,8,6,0,0,6
139.6,7,isocontour,11.283791670955125,21932.28,46.15,-18.0,10.7,0.981,-2.3,0.9,2.5,3.7,18.4,1.106,8,4,0,0,4
139.6,8,isocontour,11.283791670955125,25244.33,53.12,3.2,19.0,1.076,0.9,1.1,1.4,3.7,18.4,1.106,8,6,0,0,6
139.6,9,isocontour,11.283791670955125,22829.8,48.04,20.8,1.9,0.983,1.9,-1.4,2.4,3.7,18.4,1.106,8,3,0,0,3
139.6,10,isocontour,11.283791670955125,24421.81,51.39,16.3,10.4,1.077,0.5,-0.5,0.7,3.7,18.4,1.106,8,3,0,0,3
139.6,11,isocontour,11.283791670955125,26348.97,55.45,-14.5,-12.5,1.084,0.2,-2.5,2.5,3.7,18.4,1.106,8,4,0,0,4
139.6,12,isocontour,11.283791670955125,22852.11,48.09,-7.8,-19.2,0.995,0.6,-0.7,0.9,3.7,18.4,1.106,8,2,0,0,2
139.6,13,isocontour,11.283791670955125,22129.8,46.57,20.3,-4.8,0.985,1.5,1.1,1.9,3.7,18.4,1.106,8,2,0,0,2
139.6,14,isocontour,11.283791670955125,24352.5,51.25,11.3,-16.1,1.052,-0.8,-0.9,1.2,3.7,18.4,1.106,8,3,0,0,3
139.6,15,isocontour,11.283791670955125,19649.94,41.35,-11.6,15.4,1.073,-2.0,0.3,2.0,3.7,18.4,1.106,8,3,0,0,3
139.6,16,isocontour,11.283791670955125,38637.65,81.31,-20.5,3.2,0.992,-1.3,1.7,2.1,3.7,18.4,1.106,8,4,0,0,4
139.6,17,isocontour,11.283791670955125,20253.14,42.62,4.4,19.1,1.056,-2.6,-1.1,2.8,3.7,18.4,1.106,8,6,0,0,6
139.6,18,isocontour,11.283791670955125,25567.39,53.8,-12.0,16.9,0.994,2.4,2.5,3.5,3.7,18.4,1.106,8,3,0,0,3
139.6,19,isocontour,11.283791670955125,21427.85,45.09,-19.9,-6.0,0.987,-2.0,-1.2,2.3,3.7,18.4,1.106,8,5,0,0,5
139.6,20,isocontour,11.283791670955125,23578.41,49.62,17.1,-12.1,0.981,1.2,-2.0,2.3,3.7,18.4,1.106,8,3,0,0,3
139.6,21,isocontour,11.283791670955125,24509.18,51.58,10.6,-16.5,1.055,-1.9,-2.1,2.8,3.7,18.4,1.106,8,3,0,0,3
139.6,22,isocontour,11.283791670955125,25502.05,53.67,-15.3,-14.3,0.98,-1.9,-3.9,4.3,3.7,18.4,1.106,8,4,0,0,4
139.6,23,isocontour,11.283791670955125,24816.15,52.22,-20.1,-4.9,0.994,1.9,0.4,1.9,3.7,18.4,1.106,8,5,0,0,5
139.6,24,isocontour,11.283791670955125,25392.43,53.44,6.1,-19.7,0.998,-1.3,0.1,1.3,3.7,18.4,1.106,8,2,0,0,2
139.6,25,isocontour,11.283791670955125,25042.74,52.7,-19.4,1.3,1.063,-1.1,-0.6,1.3,3.7,18.4,1.106,8,4,0,0,4
139.6,Target,,,,,0.0,0.0,4.023,0.0,0.0,,,,,,,,,
139.7,1,isocontour,11.283791670955125,19393.12,40.81,12.6,16.5,0.993,1.6,-2.0,2.6,3.7,18.4,1.106,8,6,0,0,6
139.7,2,isocontour,11.283791670955125,19808.97,41.69,-4.7,20.2,0.991,-2.1,-1.2,2.4,3.7,18.4,1.106,8,7,0,0,7
139.7,3,isocontour,11.283791670955125,19601.29,41.25,1.7,20.8,0.982,-0.6,-1.0,1.2,3.7,18.4,1.106,8,5,0,0,5
139.7,4,isocontour,11.283791670955125,25056.19,52.73,17.9,10.2,0.998,0.8,-0.5,0.9,3.7,18.4,1.106,8,3,0,0,3
139.7,5,isocontour,11.283791670955125,22768.14,47.91,3.8,18.7,1.092,0.2,1.0,1.0,3.7,18.4,1.106,8,6,0,0,6
139.7,6,isocontour,11.283791670955125,24355.06,51.25,3.9,19.2,1.06,4.2,0.2,4.2,3.7,18.4,1.106,8,6,0,0,6
139.7,7,isocontour,11.283791670955125,21888.11,46.06,-17.8,10.8,0.987,3.0,1.4,3.3,3.7,18.4,1.106,8,4,0,0,4
139.7,8,isocontour,11.283791670955125,25240.6,53.12,3.2,18.9,1.083,-0.4,-1.4,1.5,3.7,18.4,1.106,8,6,0,0,6
139.7,9,isocontour,11.283791670955125,22685.13,47.74,20.8,2.3,0.983,-0.7,4.8,4.9,3.7,18.4,1.106,8,3,0,0,3
139.7,10,isocontour,11.283791670955125,24417.52,51.38,16.4,10.3,1.073,1.3,-0.8,1.5,3.7,18.4,1.106,8,3,0,0,3
139.7,11,isocontour,11.283791670955125,26320.91,55.39,-14.6,-12.3,1.09,-0.6,2.7,2.8,3.7,18.4,1.106,8,4,0,0,4
139.7,12,isocontour,11.283791670955125,22851.37,48.09,-7.7,-19.2,0.995,0.8,-0.3,0.9,3.7,18.4,1.106,8,2,0,0,2
139.7,13,isocontour,11.283791670955125,22117.72,46.54,20.5,-4.9,0.975,1.7,-1.2,2.1,3.7,18.4,1.106,8,2,0,0,2
139.7,14,isocontour,11.283791670955125,24324.75,51.19,11.1,-16.2,1.056,-2.6,-1.0,2.8,3.7,18.4,1.106,8,3,0,0,3
139.7,15,isocontour,11.283791670955125,19647.01,41.34,-11.7,15.6,1.066,0.0,1.3,1.3,3.7,18.4,1.106,8,3,0,0,3
139.7,16,isocontour,11.283791670955125,38583.51,81.19,-20.7,3.4,0.978,-2.3,2.6,3.5,3.7,18.4,1.106,8,4,0,0,4
139.7,17,isocontour,11.283791670955125,20246.89,42.61,4.3,19.0,1.066,-0.7,-1.5,1.7,3.7,18.4,1.106,8,6,0,0,6
139.7,18,isocontour,11.283791670955125,25565.74,53.8,-12.0,16.9,0.989,-0.9,0.6,1.1,3.7,18.4,1.106,8,3,0,0,3
139.7,19,isocontour,11.283791670955125,21411.2,45.06,-20.1,-5.9,0.979,-1.9,1.4,2.4,3.7,18.4,1.106,8,5,0,0,5
139.7,20,isocontour,11.283791670955125,23514.99,49.48,17.2,-11.9,0.982,1.7,3.3,3.7,3.7,18.4,1.106,8,3,0,0,3
139.7,21,isocontour,11.283791670955125,24479.6,51.51,10.4,-16.7,1.055,-2.5,-1.5,2.9,3.7,18.4,1.106,8,3,0,0,3
139.7,22,isocontour,11.283791670955125,25501.62,53.67,-15.3,-14.4,0.974,-0.4,-0.6,0.7,3.7,18.4,1.106,8,4,0,0,4
139.7,23,isocontour,11.283791670955125,24788.69,52.16,-20.1,-5.1,0.993,0.2,-2.8,2.8,3.7,18.4,1.106,8,5,0,0,5
139.7,24,isocontour,11.283791670955125,25391.52,53.43,6.0,-19.8,0.996,-0.5,-0.7,0.9,3.7,18.4,1.106,8,2,0,0,2
139.7,25,isocontour,11.283791670955125,25042.26,52.7,-19.5,1.3,1.062,-0.1,-0.7,0.7,3.7,18.4,1.106,8,4,0,0,4
139.7,Target,,,,,0.0,0.0,4.023,0.0,0.0,,,,,,,,,
139.8,1,isocontour,11.283791670955125,19356.56,40.73,12.4,16.6,0.991,-2.2,2.2,3.1,3.7,18.4,1.106,8,6,0,0,6
139.8,2,isocontour,11.283791670955125,19806.59,41.68,-4.6,20.2,0.993,1.2,0.0,1.2,3.7,18.4,1.106,8,7,0,0,7
139.8,3,isocontour,11.283791670955125,19577.21,41.2,1.5,20.8,0.987,-2.6,-0.7,2.7,3.7,18.4,1.106,8,5,0,0,5
139.8,4,isocontour,11.283791670955125,25039.12,52.69,18.1,10.2,0.989,2.3,-0.4,2.3,3.7,18.4,1.106,8,3,0,0,3
139.8,5,isocontour,11.283791670955125,22738.87,47.85,4.0,18.7,1.089,2.8,-0.2,2.8,3.7,18.4,1.106,8,6,0,0,6
139.8,6,isocontour,11.283791670955125,24348.25,51.24,4.1,19.2,1.055,1.7,0.5,1.8,3.7,18.4,1.106,8,6,0,0,6
139.8,7,isocontour,11.283791670955125,21880.08,46.04,-17.7,11.0,0.988,0.8,1.6,1.8,3.7,18.4,1.106,8,4,0,0,4
139.8,8,isocontour,11.283791670955125,25204.04,53.04,3.4,18.8,1.087,2.9,-1.0,3.1,3.7,18.4,1.106,8,6,0,0,6
139.8,9,isocontour,11.283791670955125,22682.13,47.73,20.7,2.5,0.986,-0.8,1.0,1.3,3.7,18.4,1.106,8,3,0,0,3
139.8,10,isocontour,11.283791670955125,24409.48,51.37,16.5,10.3,1.064,1.8,0.5,1.9,3.7,18.4,1.106,8,3,0,0,3
139.8,11,isocontour,11.283791670955125,26299.18,55.34,-14.4,-12.4,1.094,2.0,-1.6,2.6,3.7,18.4,1.106,8,4,0,0,4
139.8,12,isocontour,11.283791670955125,22850.31,48.09,-7.6,-19.2,0.998,0.9,0.1,0.9,3.7,18.4,1.106,8,2,0,0,2
139.8,13,isocontour,11.283791670955125,22105.81,46.52,20.3,-4.9,0.982,-2.1,-0.3,2.1,3.7,18.4,1.106,8,2,0,0,2
139.8,14,isocontour,11.283791670955125,24304.01,51.14,10.9,-16.2,1.061,-2.5,-0.5,2.5,3.7,18.4,1.106,8,3,0,0,3
139.8,15,isocontour,11.283791670955125,19630.37,41.31,-11.6,15.8,1.06,1.0,2.1,2.3,3.7,18.4,1.106,8,3,0,0,3
139.8,16,isocontour,11.283791670955125,38489.41,81.0,-20.8,3.1,0.977,-0.4,-4.2,4.2,3.7,18.4,1.106,8,4,0,0,4
139.8,17,isocontour,11.283791670955125,20169.73,42.44,4.6,18.7,1.076,3.2,-2.3,3.9,3.7,18.4,1.106,8,6,0,0,6
139.8,18,isocontour,11.283791670955125,25518.26,53.7,-12.0,17.2,0.978,0.8,3.2,3.3,3.7,18.4,1.106,8,3,0,0,3
139.8,19,isocontour,11.283791670955125,21396.19,45.03,-20.1,-5.7,0.981,0.1,2.3,2.3,3.7,18.4,1.106,8,5,0,0,5
139.8,20,isocontour,11.283791670955125,23499.78,49.45,17.1,-12.0,0.983,-1.3,-1.8,2.2,3.7,18.4,1.106,8,3,0,0,3
139.8,21,isocontour,11.283791670955125,24459.11,51.47,10.1,-16.8,1.058,-2.4,-0.7,2.5,3.7,18.4,1.106,8,3,0,0,3
139.8,22,isocontour,11.283791670955125,25464.34,53.59,-15.2,-14.3,0.987,2.0,2.3,3.0,3.7,18.4,1.106,8,4,0,0,4
139.8,23,isocontour,11.283791670955125,24765.41,52.12,-20.0,-4.9,1.0,1.0,2.5,2.7,3.7,18.4,1.106,8,5,0,0,5
139.8,24,isocontour,11.283791670955125,25388.78,53.43,6.0,-19.9,0.991,-0.6,-1.1,1.3,3.7,18.4,1.106,8,2,0,0,2
139.8,25,isocontour,11.283791670955125,25019.24,52.65,-19.5,1.0,1.063,-0.0,-2.6,2.6,3.7,18.4,1.106,8,4,0,0,4
139.8,Target,,,,,0.0,0.0,4.023,0.0,0.0,,,,,,,,,
139.9,1,isocontour,11.283791670955125,19347.43,40.71,12.4,16.8,0.984,-0.1,1.9,1.9,3.7,18.4,1.106,8,6,0,0,6
139.9,2,isocontour,11.283791670955125,19785.85,41.64,-4.8,20.3,0.983,-1.9,1.6,2.5,3.7,18.4,1.106,8,7,0,0,7
139.9,3,isocontour,11.283791670955125,19576.11,41.2,1.4,20.7,0.991,-0.7,-0.7,1.0,3.7,18.4,1.106,8,5,0,0,5
139.9,4,isocontour,11.283791670955125,25021.61,52.65,18.2,10.4,0.98,0.3,2.4,2.4,3.7,18.4,1.106,8,3,0,0,3
139.9,5,isocontour,11.283791670955125,22685.66,47.74,3.8,18.5,1.099,-3.1,-1.5,3.4,3.7,18.4,1.106,8,6,0,0,6
139.9,6,isocontour,11.283791670955125,24341.79,51.22,4.0,19.4,1.047,-0.8,1.5,1.7,3.7,18.4,1.106,8,6,0,0,6
139.9,7,isocontour,11.283791670955125,21876.73,46.04,-17.5,11.0,0.994,1.3,-0.5,1.4,3.7,18.4,1.106,8,4,0,0,4
139.9,8,isocontour,11.283791670955125,25182.06,52.99,3.3,18.9,1.085,-2.4,0.9,2.6,3.7,18.4,1.106,8,6,0,0,6
139.9,9,isocontour,11.283791670955125,22648.01,47.66,20.6,2.7,0.988,-0.7,2.9,3.0,3.7,18.4,1.106,8,3,0,0,3
139.9,10,isocontour,11.283791670955125,24376.7,51.3,16.5,10.6,1.055,-0.2,2.9,2.9,3.7,18.4,1.106,8,3,0,0,3
139.9,11,isocontour,11.283791670955125,26275.64,55.29,-14.5,-12.2,1.1,-0.8,2.5,2.6,3.7,18.4,1.106,8,4,0,0,4
139.9,12,isocontour,11.283791670955125,22848.74,48.08,-7.5,-19.1,1.002,0.8,0.6,1.0,3.7,18.4,1.106,8,2,0,0,2
139.9,13,isocontour,11.283791670955125,22101.34,46.51,20.2,-4.9,0.991,-1.5,0.4,1.6,3.7,18.4,1.106,8,2,0,0,2
139.9,14,isocontour,11.283791670955125,24279.39,51.09,10.7,-16.4,1.059,-1.8,-2.0,2.7,3.7,18.4,1.106,8,3,0,0,3
139.9,15,isocontour,11.283791670955125,19626.32,41.3,-11.4,15.8,1.063,1.5,0.1,1.5,3.7,18.4,1.106,8,3,0,0,3
139.9,16,isocontour,11.283791670955125,38483.59,80.98,-20.8,2.9,0.976,-0.5,-1.6,1.7,3.7,18.4,1.106,8,4,0,0,4
139.9,17,isocontour,11.283791670955125,20169.2,42.44,4.7,18.7,1.075,0.7,0.2,0.7,3.7,18.4,1.106,8,6,0,0,6
139.9,18,isocontour,11.283791670955125,25483.79,53.63,-11.7,17.2,0.987,2.8,-1.0,3.0,3.7,18.4,1.106,8,3,0,0,3
139.9,19,isocontour,11.283791670955125,21394.62,45.02,-20.1,-5.6,0.985,0.4,1.0,1.1,3.7,18.4,1.106,8,5,0,0,5
139.9,20,isocontour,11.283791670955125,23494.57,49.44,17.0,-12.1,0.982,-0.9,-1.3,1.6,3.7,18.4,1.106,8,3,0,0,3
139.9,21,isocontour,11.283791670955125,24455.76,51.46,10.1,-16.9,1.053,-0.1,-1.4,1.4,3.7,18.4,1.106,8,3,0,0,3
139.9,22,isocontour,11.283791670955125,25462.29,53.58,-15.2,-14.1,0.991,-0.6,1.0,1.2,3.7,18.4,1.106,8,4,0,0,4
139.9,23,isocontour,11.283791670955125,24744.92,52.07,-19.8,-5.0,1.011,2.3,-0.9,2.5,3.7,18.4,1.106,8,5,0,0,5
139.9,24,isocontour,11.283791670955125,25388.12,53.43,5.9,-19.9,0.988,-0.6,-0.6,0.8,3.7,18.4,1.106,8,2,0,0,2
139.9,25,isocontour,11.283791670955125,24995.43,52.6,-19.5,0.8,1.064,0.1,-2.6,2.6,3.7,18.4,1.106,8,4,0,0,4
139.9,Target,,,,,0.0,0.0,4.023,0.0,0.0,,,,,,,,,
140.0,1,isocontour,11.283791670955125,19319.68,40.66,12.2,17.0,0.98,-2.0,2.0,2.8,12.2,17.0,0.984,1,6,0,0,6
140.0,2,isocontour,11.283791670955125,19785.8,41.64,-4.8,20.4,0.981,-0.3,0.1,0.3,-4.8,20.4,0.983,2,7,0,0,7
140.0,3,isocontour,11.283791670955125,19575.59,41.19,1.3,20.7,0.992,-0.7,-0.1,0.7,1.3,20.7,0.991,3,5,0,0,5
140.0,4,isocontour,11.283791670955125,24999.37,52.61,18.1,10.2,0.989,-1.2,-2.3,2.6,18.1,10.2,0.98,4,3,0,0,3
140.0,5,isocontour,11.283791670955125,22683.23,47.73,3.7,18.6,1.095,-0.3,1.2,1.2,3.7,18.6,1.099,5,6,0,0,6
140.0,6,isocontour,11.283791670955125,24339.84,51.22,3.9,19.4,1.045,-1.1,0.4,1.2,3.9,19.4,1.047,6,6,0,0,6
140.0,7,isocontour,11.283791670955125,21875.48,46.03,-17.5,11.0,0.995,0.4,0.9,1.0,-17.5,11.0,0.994,7,4,0,0,4
140.0,8,isocontour,11.283791670955125,25181.54,52.99,3.2,18.9,1.081,-0.1,0.7,0.7,3.2,18.9,1.085,8,6,0,0,6
140.0,9,isocontour,11.283791670955125,22623.93,47.61,20.5,2.6,0.993,-0.7,-2.6,2.7,20.5,2.6,0.988,9,3,0,0,3
140.0,10,isocontour,11.283791670955125,24355.47,51.25,16.7,10.4,1.054,1.4,-2.1,2.5,16.7,10.4,1.055,10,3,0,0,3
140.0,11,isocontour,11.283791670955125,26274.32,55.29,-14.4,-12.2,1.102,0.8,-0.6,1.0,-14.4,-12.2,1.1,11,4,0,0,4
140.0,12,isocontour,11.283791670955125,22847.42,48.08,-7.4,-19.2,1.001,0.6,-0.8,1.0,-7.4,-19.2,1.002,12,2,0,0,2
140.0,13,isocontour,11.283791670955125,22100.66,46.51,20.2,-4.9,0.991,0.2,-0.8,0.8,20.2,-4.9,0.991,13,2,0,0,2
140.0,14,isocontour,11.283791670955125,24277.07,51.09,10.6,-16.5,1.055,-0.5,-1.1,1.2,10.6,-16.5,1.059,14,3,0,0,3
140.0,15,isocontour,11.283791670955125,19621.4,41.29,-11.5,15.7,1.068,-0.5,-1.5,1.6,-11.5,15.7,1.063,15,3,0,0,3
140.0,16,isocontour,11.283791670955125,38468.38,80.95,-20.6,2.8,0.986,2.1,-0.8,2.2,-20.6,2.8,0.976,16,4,0,0,4
140.0,17,isocontour,11.283791670955125,20133.35,42.37,4.4,18.8,1.072,-2.8,1.1,3.0,4.4,18.8,1.075,17,6,0,0,6
140.0,18,isocontour,11.283791670955125,25476.39,53.61,-11.8,17.1,0.988,-1.6,-0.7,1.7,-11.8,17.1,0.987,18,3,0,0,3
140.0,19,isocontour,11.283791670955125,21393.05,45.02,-20.0,-5.6,0.988,0.8,-0.6,1.0,-20.0,-5.6,0.985,19,5,0,0,5
140.0,20,isocontour,11.283791670955125,23493.05,49.44,17.0,-12.0,0.985,0.0,1.0,1.0,17.0,-12.0,0.982,20,3,0,0,3
140.0,21,isocontour,11.283791670955125,24454.05,51.46,10.2,-16.9,1.051,1.0,0.5,1.1,10.2,-16.9,1.053,21,3,0,0,3
140.0,22,isocontour,11.283791670955125,25457.91,53.57,-15.3,-14.1,0.987,-1.5,0.3,1.5,-15.3,-14.1,0.991,22,4,0,0,4
140.0,23,isocontour,11.283791670955125,24638.97,51.85,-19.5,-5.2,1.025,3.3,-2.8,4.3,-19.5,-5.2,1.011,23,5,0,0,5
140.0,24,isocontour,11.283791670955125,25387.16,53.42,5.8,-19.9,0.99,-0.9,0.2,0.9,5.8,-19.9,0.988,24,2,0,0,2
140.0,25,isocontour,11.283791670955125,24964.28,52.53,-19.4,1.0,1.066,0.6,2.8,2.9,-19.4,1.0,1.064,25,4,0,0,4
140.0,Target,,,,,0.0,0.0,4.023,0.0,0.0,,,,,,,,,
140.1,1,isocontour,11.283791670955125,19316.25,40.65,12.1,17.0,0.986,-0.6,-1.2,1.3,3.7,18.6,1.099,5,6,0,0,6
140.1,2,isocontour,11.283791670955125,19783.43,41.63,-4.8,20.3,0.985,1.0,-0.7,1.2,3.7,18.6,1.099,5,7,0,0,7
140.1,3,isocontour,11.283791670955125,19573.49,41.19,1.3,20.8,0.986,-0.1,1.2,1.2,3.7,18.6,1.099,5,5,0,0,5
140.1,4,isocontour,11.283791670955125,24975.3,52.56,18.1,10.0,0.994,0.8,-2.5,2.6,16.7,10.4,1.055,10,3,0,0,3
140.1,5,isocontour,11.283791670955125,22658.88,47.68,3.5,18.8,1.089,-2.2,1.5,2.7,3.5,18.8,1.099,5,6,0,0,6
140.1,6,isocontour,11.283791670955125,24338.56,51.22,3.8,19.4,1.046,-1.0,-0.1,1.0,3.7,18.6,1.099,5,6,0,0,6
140.1,7,isocontour,11.283791670955125,21856.87,46.0,-17.6,10.9,0.994,-1.4,-2.0,2.4,-11.5,15.7,1.068,15,4,0,0,4
140.1,8,isocontour,11.283791670955125,25165.31,52.96,3.1,19.0,1.075,-2.0,1.3,2.4,3.7,18.6,1.099,5,6,0,0,6
140.1,9,isocontour,11.283791670955125,22618.01,47.6,20.6,2.7,0.99,0.7,1.5,1.7,16.7,10.4,1.055,10,3,0,0,3
140.1,10,isocontour,11.283791670955125,24332.97,51.21,16.7,10.2,1.057,0.7,-2.5,2.6,16.7,10.2,1.055,10,3,0,0,3
140.1,11,isocontour,11.283791670955125,26269.21,55.28,-14.4,-12.3,1.098,0.5,-1.5,1.6,-14.4,-12.3,1.102,11,4,0,0,4
140.1,12,isocontour,11.283791670955125,22846.97,48.08,-7.4,-19.2,1.001,0.7,-0.2,0.7,-14.4,-12.2,1.102,11,2,0,0,2
140.1,13,isocontour,11.283791670955125,22043.22,46.39,20.3,-5.2,0.978,2.0,-3.0,3.6,20.5,2.6,0.993,9,2,0,0,2
140.1,14,isocontour,11.283791670955125,24275.97,51.09,10.6,-16.5,1.057,0.4,0.9,1.0,10.6,-16.5,1.059,14,3,0,0,3
140.1,15,isocontour,11.283791670955125,19592.74,41.23,-11.6,15.5,1.071,-2.0,-2.0,2.8,-11.6,15.5,1.068,15,3,0,0,3
140.1,16,isocontour,11.283791670955125,38439.42,80.89,-20.4,2.9,0.998,2.4,1.5,2.8,-19.4,1.0,1.066,25,4,0,0,4
140.1,17,isocontour,11.283791670955125,20129.78,42.36,4.3,18.9,1.069,-1.1,0.9,1.4,3.7,18.6,1.099,5,6,0,0,6
140.1,18,isocontour,11.283791670955125,25473.52,53.61,-11.9,17.0,0.988,-1.1,-0.7,1.3,-11.5,15.7,1.068,15,3,0,0,3
140.1,19,isocontour,11.283791670955125,21370.04,44.97,-19.8,-5.5,1.0,2.0,1.7,2.6,-14.4,-12.2,1.102,11,5,0,0,5
140.1,20,isocontour,11.283791670955125,23492.41,49.44,17.0,-12.0,0.988,-0.1,0.8,0.8,10.6,-16.5,1.059,14,3,0,0,3
140.1,21,isocontour,11.283791670955125,24426.59,51.4,10.3,-16.7,1.059,1.2,2.5,2.8,10.6,-16.5,1.059,14,3,0,0,3
140.1,22,isocontour,11.283791670955125,25420.63,53.49,-15.2,-14.3,0.985,1.9,-2.4,3.1,-14.4,-12.2,1.102,11,4,0,0,4
140.1,23,isocontour,11.283791670955125,24606.84,51.78,-19.2,-5.5,1.033,1.8,-2.3,2.9,-14.4,-12.2,1.102,11,5,0,0,5
140.1,24,isocontour,11.283791670955125,25384.72,53.42,5.9,-19.9,0.993,1.0,0.7,1.2,10.6,-16.5,1.059,14,2,0,0,2
140.1,25,isocontour,11.283791670955125,24962.8,52.53,-19.4,1.1,1.068,0.3,1.0,1.0,-19.4,1.1,1.066,25,4,0,0,4
140.1,Target,,,,,0.0,0.0,4.023,0.0,0.0,,,,,,,,,
140.2,1,isocontour,11.283791670955125,19311.79,40.64,12.1,16.8,0.994,-0.4,-1.5,1.6,3.7,18.6,1.099,5,6,0,0,6
140.2,2,isocontour,11.283791670955125,19781.11,41.63,-4.7,20.2,0.992,0.6,-1.1,1.3,3.7,18.6,1.099,5,7,0,0,7
140.2,3,isocontour,11.283791670955125,19569.53,41.18,1.4,20.8,0.984,1.4,0.1,1.4,3.7,18.6,1.099,5,5,0,0,5
140.2,4,isocontour,11.283791670955125,24973.59,52.55,18.1,9.9,0.999,-1.0,-0.5,1.1,3.7,18.6,1.099,5,3,0,0,3
140.2,5,isocontour,11.283791670955125,22658.78,47.68,3.5,18.8,1.086,-0.2,0.3,0.4,3.5,18.8,1.099,5,6,0,0,6
140.2,6,isocontour,11.283791670955125,24308.05,51.15,3.6,19.4,1.05,-2.9,-0.2,2.9,3.7,18.6,1.099,5,6,0,0,6
140.2,7,isocontour,11.283791670955125,21849.09,45.98,-17.6,11.0,0.989,-0.3,1.8,1.8,-11.6,15.5,1.071,15,4,0,0,4
140.2,8,isocontour,11.283791670955125,25142.81,52.91,3.1,19.3,1.061,0.3,2.6,2.6,3.7,18.6,1.099,5,6,0,0,6
140.2,9,isocontour,11.283791670955125,22613.27,47.59,20.6,2.8,0.986,0.5,1.5,1.6,16.7,10.2,1.057,10,3,0,0,3
140.2,10,isocontour,11.283791670955125,24332.04,51.2,16.8,10.1,1.059,0.2,-0.9,0.9,3.7,18.6,1.099,5,3,0,0,3
140.2,11,isocontour,11.283791670955125,26259.06,55.26,-14.5,-12.3,1.094,-1.8,0.9,2.0,-14.4,-12.2,1.102,11,4,0,0,4
140.2,12,isocontour,11.283791670955125,22846.57,48.08,-7.3,-19.3,0.998,0.3,-0.6,0.7,-14.4,-12.2,1.102,11,2,0,0,2
140.2,13,isocontour,11.283791670955125,22039.73,46.38,20.5,-5.2,0.971,1.2,0.6,1.3,10.6,-16.5,1.059,14,2,0,0,2
140.2,14,isocontour,11.283791670955125,24273.41,51.08,10.6,-16.5,1.055,-0.8,-1.0,1.3,10.3,-16.7,1.059,21,3,0,0,3
140.2,15,isocontour,11.283791670955125,19591.34,41.23,-11.7,15.4,1.073,-0.6,-0.8,1.0,3.7,18.6,1.099,5,3,0,0,3
140.2,16,isocontour,11.283791670955125,38420.57,80.85,-20.6,3.0,0.988,-2.4,0.7,2.5,-14.4,-12.2,1.102,11,4,0,0,4
140.2,17,isocontour,11.283791670955125,20094.62,42.29,4.0,19.0,1.066,-2.9,1.0,3.1,3.7,18.6,1.099,5,6,0,0,6
140.2,18,isocontour,11.283791670955125,25468.41,53.6,-12.0,16.9,0.993,-0.1,-1.6,1.6,3.7,18.6,1.099,5,3,0,0,3
140.2,19,isocontour,11.283791670955125,21340.77,44.91,-19.7,-5.7,1.004,1.1,-2.6,2.8,-14.4,-12.2,1.102,11,5,0,0,5
140.2,20,isocontour,11.283791670955125,23474.03,49.4,16.9,-12.1,0.988,-1.3,-2.1,2.5,10.6,-16.5,1.059,14,3,0,0,3
140.2,21,isocontour,11.283791670955125,24402.51,51.35,10.1,-16.8,1.058,-2.0,-1.8,2.7,10.6,-16.5,1.059,14,3,0,0,3
140.2,22,isocontour,11.283791670955125,25418.64,53.49,-15.2,-14.2,0.987,-0.5,1.0,1.1,-14.4,-12.2,1.102,11,4,0,0,4
140.2,23,isocontour,11.283791670955125,24604.58,51.78,-19.2,-5.6,1.034,0.3,-1.2,1.2,-14.4,-12.2,1.102,11,5,0,0,5
140.2,24,isocontour,11.283791670955125,25370.1,53.39,5.7,-19.9,0.993,-2.2,-0.6,2.3,10.6,-16.5,1.059,14,2,0,0,2
140.2,25,isocontour,11.283791670955125,24931.0,52.46,-19.4,0.9,1.068,-0.1,-2.9,2.9,-14.4,-12.2,1.102,11,4,0,0,4
140.2,Target,,,,,0.0,0.0,4.023,0.0,0.0,,,,,,,,,
140.3,1,isocontour,11.283791670955125,19301.64,40.62,11.9,16.8,0.998,-1.9,0.6,2.0,3.7,18.6,1.099,5,6,0,0,6
140.3,2,isocontour,11.283791670955125,19746.3,41.55,-4.5,20.3,0.989,2.7,1.4,3.0,3.7,18.6,1.099,5,7,0,0,7
140.3,3,isocontour,11.283791670955125,19545.18,41.13,1.2,20.8,0.989,-2.6,-0.8,2.7,3.7,18.6,1.099,5,5,0,0,5
140.3,4,isocontour,11.283791670955125,24944.02,52.49,18.3,9.8,0.99,2.8,-0.6,2.9,3.7,18.6,1.099,5,3,0,0,3
140.3,5,isocontour,11.283791670955125,22628.89,47.62,3.7,18.8,1.083,2.9,-0.0,2.9,3.7,18.8,1.099,5,6,0,0,6
140.3,6,isocontour,11.283791670955125,24209.17,50.95,3.9,19.3,1.052,4.2,-1.0,4.3,3.7,18.6,1.099,5,6,0,0,6
140.3,7,isocontour,11.283791670955125,21848.32,45.98,-17.7,11.0,0.984,-0.8,-0.0,0.8,-14.4,-12.2,1.102,11,4,0,0,4
140.3,8,isocontour,11.283791670955125,25135.89,52.9,3.0,19.2,1.067,-0.9,-1.5,1.7,3.7,18.6,1.099,5,6,0,0,6
140.3,9,isocontour,11.283791670955125,22610.6,47.58,20.6,2.9,0.988,-0.7,1.1,1.3,3.7,18.6,1.099,5,3,0,0,3
140.3,10,isocontour,11.283791670955125,24329.17,51.2,16.9,10.1,1.053,1.3,0.1,1.3,3.7,18.6,1.099,5,3,0,0,3
140.3,11,isocontour,11.283791670955125,26242.42,55.22,-14.3,-12.3,1.1,2.3,-0.5,2.4,-14.4,-12.2,1.102,11,4,0,0,4
140.3,12,isocontour,11.283791670955125,22845.09,48.07,-7.4,-19.3,0.995,-1.0,-0.3,1.0,-14.4,-12.2,1.102,11,2,0,0,2
140.3,13,isocontour,11.283791670955125,22025.49,46.35,20.3,-5.1,0.98,-2.1,0.7,2.2,10.6,-16.5,1.059,14,2,0,0,2
140.3,14,isocontour,11.283791670955125,24272.35,51.08,10.5,-16.5,1.059,-0.8,0.4,0.9,10.3,-16.7,1.059,21,3,0,0,3
140.3,15,isocontour,11.283791670955125,19582.77,41.21,-11.7,15.5,1.067,0.4,1.8,1.8,3.7,18.6,1.099,5,3,0,0,3
140.3,16,isocontour,11.283791670955125,38417.44,80.84,-20.6,2.9,0.987,-0.1,-1.3,1.3,-14.4,-12.2,1.102,11,4,0,0,4
140.3,17,isocontour,11.283791670955125,20086.84,42.27,4.0,18.9,1.075,-0.2,-1.8,1.8,3.7,18.6,1.099,5,6,0,0,6
140.3,18,isocontour,11.283791670955125,25444.6,53.55,-12.2,16.7,0.994,-2.2,-1.5,2.7,3.7,18.6,1.099,5,3,0,0,3
140.3,19,isocontour,11.283791670955125,21338.62,44.9,-19.8,-5.8,0.998,-1.1,-0.3,1.1,-14.4,-12.2,1.102,11,5,0,0,5
140.3,20,isocontour,11.283791670955125,23471.59,49.39,16.8,-12.2,0.99,-1.1,-0.6,1.3,10.6,-16.5,1.059,14,3,0,0,3
140.3,21,isocontour,11.283791670955125,24330.51,51.2,9.8,-16.9,1.06,-3.6,-1.4,3.9,10.6,-16.5,1.059,14,3,0,0,3
140.3,22,isocontour,11.283791670955125,25398.86,53.45,-15.0,-14.1,0.998,2.2,1.1,2.5,-14.4,-12.2,1.102,11,4,0,0,4
140.3,23,isocontour,11.283791670955125,24556.68,51.68,-18.9,-5.6,1.05,3.4,0.0,3.4,-14.4,-12.2,1.102,11,5,0,0,5
140.3,24,isocontour,11.283791670955125,25369.69,53.39,5.7,-19.9,0.992,-0.6,-0.3,0.7,10.6,-16.5,1.059,14,2,0,0,2
140.3,25,isocontour,11.283791670955125,24929.52,52.46,-19.4,0.7,1.069,0.0,-1.0,1.0,-14.4,-12.2,1.102,11,4,0,0,4
140.3,Target,,,,,0.0,0.0,4.023,0.0,0.0,,,,,,,,,
140.4,1,isocontour,11.283791670955125,19298.36,40.61,12.0,16.8,0.999,1.1,-0.9,1.4,3.7,18.6,1.099,5,6,0,0,6
140.4,2,isocontour,11.283791670955125,19673.17,41.4,-4.7,20.2,0.993,-3.4,-1.7,3.8,3.7,18.6,1.099,5,7,0,0,7
140.4,3,isocontour,11.283791670955125,19522.94,41.08,1.0,20.7,0.993,-2.5,-0.7,2.6,3.7,18.6,1.099,5,5,0,0,5
140.4,4,isocontour,11.283791670955125,24871.45,52.34,18.3,10.2,0.98,-0.1,3.8,3.8,3.7,18.6,1.099,5,3,0,0,3
140.4,5,isocontour,11.283791670955125,22620.19,47.6,3.9,18.7,1.088,1.4,-1.3,1.9,3.9,18.7,1.099,5,6,0,0,6
140.4,6,isocontour,11.283791670955125,24204.06,50.93,4.0,19.4,1.045,1.0,1.2,1.6,3.7,18.6,1.099,5,6,0,0,6
140.4,7,isocontour,11.283791670955125,21829.48,45.94,-17.5,11.0,0.994,2.4,-0.5,2.5,-14.4,-12.2,1.102,11,4,0,0,4
140.4,8,isocontour,11.283791670955125,25131.68,52.89,3.1,19.1,1.073,1.2,-0.9,1.5,3.7,18.6,1.099,5,6,0,0,6
140.4,9,isocontour,11.283791670955125,22573.68,47.5,20.5,3.2,0.993,-1.4,2.7,3.0,3.7,18.6,1.099,5,3,0,0,3
140.4,10,isocontour,11.283791670955125,24293.67,51.12,16.8,10.3,1.052,-1.5,2.6,3.0,3.7,18.6,1.099,5,3,0,0,3
140.4,11,isocontour,11.283791670955125,26240.94,55.22,-14.4,-12.3,1.1,-0.9,0.5,1.0,-14.4,-12.2,1.102,11,4,0,0,4
140.4,12,isocontour,11.283791670955125,22843.43,48.07,-7.3,-19.3,0.996,1.1,0.0,1.1,-14.4,-12.2,1.102,11,2,0,0,2
140.4,13,isocontour,11.283791670955125,22011.62,46.32,20.1,-5.2,0.99,-1.9,-1.1,2.2,3.7,18.6,1.099,5,2,0,0,2
140.4,14,isocontour,11.283791670955125,24251.37,51.03,10.7,-16.4,1.056,2.4,0.8,2.5,9.8,-16.9,1.06,21,3,0,0,3
140.4,15,isocontour,11.283791670955125,19582.35,41.21,-11.7,15.6,1.065,0.4,0.6,0.7,-14.4,-12.2,1.102,11,3,0,0,3
140.4,16,isocontour,11.283791670955125,38379.43,80.76,-20.6,2.6,0.991,0.5,-3.1,3.1,-14.4,-12.2,1.102,11,4,0,0,4
140.4,17,isocontour,11.283791670955125,20056.64,42.21,4.1,18.7,1.086,1.9,-2.2,2.9,3.7,18.6,1.099,5,6,0,0,6
140.4,18,isocontour,11.283791670955125,25436.16,53.53,-12.2,16.9,0.988,0.1,1.9,1.9,-14.4,-12.2,1.102,11,3,0,0,3
140.4,19,isocontour,11.283791670955125,21329.35,44.89,-20.0,-5.9,0.988,-1.7,-0.9,1.9,-14.4,-12.2,1.102,11,5,0,0,5
140.4,20,isocontour,11.283791670955125,23467.71,49.38,16.7,-12.2,0.994,-1.4,-0.4,1.5,9.8,-16.9,1.06,21,3,0,0,3
140.4,21,isocontour,11.283791670955125,24304.49,51.15,9.9,-16.8,1.06,2.4,1.3,2.7,9.9,-16.8,1.06,21,3,0,0,3
140.4,22,isocontour,11.283791670955125,25379.79,53.41,-15.2,-14.2,0.989,-2.1,-1.3,2.5,-14.4,-12.2,1.102,11,4,0,0,4
140.4,23,isocontour,11.283791670955125,24553.94,51.67,-18.8,-5.7,1.055,0.7,-1.1,1.3,-14.4,-12.2,1.102,11,5,0,0,5
140.4,24,isocontour,11.283791670955125,25358.77,53.36,5.5,-20.0,0.993,-2.0,-0.3,2.0,9.8,-16.9,1.06,21,2,0,0,2
140.4,25,isocontour,11.283791670955125,24927.91,52.46,-19.4,0.6,1.068,-0.2,-1.1,1.1,-14.4,-12.2,1.102,11,4,0,0,4
140.4,Target,,,,,0.0,0.0,4.023,0.0,0.0,,,,,,,,,
140.5,1,isocontour,11.283791670955125,19297.92,40.61,12.0,16.7,0.998,0.7,-0.2,0.7,3.7,18.6,1.099,5,6,0,0,6
140.5,2,isocontour,11.283791670955125,19671.6,41.4,-4.8,20.1,0.995,-0.9,-0.5,1.0,-14.4,-12.2,1.102,11,7,0,0,7
140.5,3,isocontour,11.283791670955125,19486.74,41.01,1.2,20.7,0.993,3.1,-0.0,3.1,3.7,18.6,1.099,5,5,0,0,5
140.5,4,isocontour,11.283791670955125,24867.65,52.33,18.3,10.3,0.978,-0.7,1.3,1.5,3.7,18.6,1.099,5,3,0,0,3
140.5,5,isocontour,11.283791670955125,22619.34,47.6,3.9,18.7,1.088,0.9,-0.0,0.9,3.9,18.7,1.099,5,6,0,0,6
140.5,6,isocontour,11.283791670955125,24174.79,50.87,4.3,19.3,1.046,2.6,-1.1,2.8,3.7,18.6,1.099,5,6,0,0,6
140.5,7,isocontour,11.283791670955125,21823.87,45.93,-17.4,11.1,1.0,1.4,0.9,1.7,-14.4,-12.2,1.102,11,4,0,0,4
140.5,8,isocontour,11.283791670955125,25128.94,52.88,3.2,19.0,1.075,1.1,-0.6,1.3,3.7,18.6,1.099,5,6,0,0,6
140.5,9,isocontour,11.283791670955125,22571.68,47.5,20.4,3.3,0.994,-0.0,1.1,1.1,3.7,18.6,1.099,5,3,0,0,3
140.5,10,isocontour,11.283791670955125,24272.93,51.08,16.7,10.5,1.049,-0.8,2.4,2.5,3.7,18.6,1.099,5,3,0,0,3
140.5,11,isocontour,11.283791670955125,26239.87,55.22,-14.3,-12.3,1.101,0.8,-0.5,0.9,-14.4,-12.2,1.102,11,4,0,0,4
140.5,12,isocontour,11.283791670955125,22841.0,48.07,-7.4,-19.2,0.999,-0.9,0.9,1.3,-14.4,-12.2,1.102,11,2,0,0,2
140.5,13,isocontour,11.283791670955125,21988.87,46.27,19.9,-5.1,1.003,-2.4,1.1,2.6,3.7,18.6,1.099,5,2,0,0,2
140.5,14,isocontour,11.283791670955125,24242.8,51.02,10.8,-16.3,1.062,0.7,1.8,1.9,9.8,-16.9,1.06,21,3,0,0,3
140.5,15,isocontour,11.283791670955125,19580.99,41.21,-11.7,15.6,1.061,-1.0,-0.0,1.0,-14.4,-12.2,1.102,11,3,0,0,3
140.5,16,isocontour,11.283791670955125,38377.33,80.76,-20.6,2.5,0.99,-0.4,-1.1,1.2,-14.4,-12.2,1.102,11,4,0,0,4
140.5,17,isocontour,11.283791670955125,20034.91,42.16,4.4,18.6,1.087,2.5,-0.6,2.6,3.7,18.6,1.099,5,6,0,0,6
140.5,18,isocontour,11.283791670955125,25435.91,53.53,-12.2,16.9,0.985,0.2,0.5,0.5,-14.4,-12.2,1.102,11,3,0,0,3
140.5,19,isocontour,11.283791670955125,21322.54,44.87,-19.9,-6.0,0.986,0.4,-1.7,1.7,-14.4,-12.2,1.102,11,5,0,0,5
140.5,20,isocontour,11.283791670955125,23467.05,49.38,16.7,-12.2,0.992,0.8,0.1,0.8,3.7,18.6,1.099,5,3,0,0,3
140.5,21,isocontour,11.283791670955125,24303.67,51.14,10.0,-16.8,1.061,0.7,0.5,0.9,10.0,-16.8,1.06,21,3,0,0,3
140.5,22,isocontour,11.283791670955125,25329.72,53.3,-15.1,-14.5,0.978,0.7,-3.3,3.4,-14.4,-12.2,1.102,11,4,0,0,4
140.5,23,isocontour,11.283791670955125,24536.44,51.63,-18.8,-5.5,1.058,-0.0,2.4,2.4,-14.4,-12.2,1.102,11,5,0,0,5
140.5,24,isocontour,11.283791670955125,25341.48,53.33,5.3,-20.0,0.993,-2.3,-0.8,2.4,9.8,-16.9,1.06,21,2,0,0,2
140.5,25,isocontour,11.283791670955125,24902.46,52.4,-19.4,0.8,1.068,0.2,2.7,2.7,-14.4,-12.2,1.102,11,4,0,0,4
140.5,Target,,,,,0.0,0.0,4.023,0.0,0.0,,,,,,,,,
140.6,1,isocontour,11.283791670955125,19296.95,40.61,12.1,16.8,0.994,0.8,0.4,0.9,3.7,18.6,1.099,5,6,0,0,6
140.6,2,isocontour,11.283791670955125,19654.1,41.36,-5.0,20.1,0.99,-2.3,0.7,2.4,-14.4,-12.2,1.102,11,7,0,0,7
140.6,3,isocontour,11.283791670955125,19483.87,41.0,1.2,20.8,0.988,-0.4,1.2,1.3,-14.4,-12.2,1.102,11,5,0,0,5
140.6,4,isocontour,11.283791670955125,24829.64,52.25,18.0,10.5,0.985,-2.6,1.8,3.2,3.7,18.6,1.099,5,3,0,0,3
140.6,5,isocontour,11.283791670955125,22618.77,47.6,3.9,18.7,1.086,-0.6,0.5,0.8,-14.4,-12.2,1.102,11,6,0,0,6
140.6,6,isocontour,11.283791670955125,24172.06,50.87,4.3,19.2,1.052,0.5,-1.2,1.3,-14.4,-12.2,1.102,11,6,0,0,6
140.6,7,isocontour,11.283791670955125,21802.39,45.88,-17.4,10.9,1.003,-0.9,-2.4,2.6,-14.4,-12.2,1.102,11,4,0,0,4
140.6,8,isocontour,11.283791670955125,25099.05,52.82,3.4,19.0,1.077,2.8,-0.8,2.9,-14.4,-12.2,1.102,11,6,0,0,6
140.6,9,isocontour,11.283791670955125,22557.82,47.47,20.6,3.5,0.985,1.5,1.7,2.3,3.7,18.6,1.099,5,3,0,0,3
140.6,10,isocontour,11.283791670955125,24270.13,51.07,16.6,10.6,1.051,-1.1,0.7,1.3,3.7,18.6,1.099,5,3,0,0,3
140.6,11,isocontour,11.283791670955125,26214.7,55.17,-14.1,-12.5,1.104,2.1,-1.7,2.7,-14.4,-12.2,1.102,11,4,0,0,4
140.6,12,isocontour,11.283791670955125,22839.05,48.06,-7.5,-19.2,0.998,-1.1,0.1,1.1,-14.4,-12.2,1.102,11,2,0,0,2
140.6,13,isocontour,11.283791670955125,21986.07,46.27,19.9,-5.1,1.0,1.3,0.1,1.3,3.7,18.6,1.099,5,2,0,0,2
140.6,14,isocontour,11.283791670955125,24241.92,51.01,10.7,-16.3,1.065,-0.9,-0.1,0.9,3.7,18.6,1.099,5,3,0,0,3
140.6,15,isocontour,11.283791670955125,19571.14,41.19,-11.9,15.6,1.057,-1.9,-0.6,2.0,-14.4,-12.2,1.102,11,3,0,0,3
140.6,16,isocontour,11.283791670955125,38370.17,80.75,-20.7,2.4,0.985,-1.3,-1.2,1.8,-14.4,-12.2,1.102,11,4,0,0,4
140.6,17,isocontour,11.283791670955125,19916.16,41.91,4.8,18.5,1.087,4.4,-1.0,4.5,-14.4,-12.2,1.102,11,6,0,0,6
140.6,18,isocontour,11.283791670955125,25418.41,53.49,-12.2,16.8,0.992,-0.6,-2.3,2.4,-14.4,-12.2,1.102,11,3,0,0,3
140.6,19,isocontour,11.283791670955125,21300.05,44.82,-19.9,-5.8,0.99,0.0,2.6,2.6,-14.4,-12.2,1.102,11,5,0,0,5
140.6,20,isocontour,11.283791670955125,23466.48,49.38,16.7,-12.3,0.989,0.2,-0.7,0.7,3.7,18.6,1.099,5,3,0,0,3
140.6,21,isocontour,11.283791670955125,24301.63,51.14,10.1,-16.7,1.06,1.0,0.6,1.2,3.7,18.6,1.099,5,3,0,0,3
140.6,22,isocontour,11.283791670955125,25325.51,53.29,-15.0,-14.7,0.977,1.0,-1.1,1.5,-14.4,-12.2,1.102,11,4,0,0,4
140.6,23,isocontour,11.283791670955125,24514.96,51.59,-18.8,-5.3,1.06,-0.6,2.5,2.6,-14.4,-12.2,1.102,11,5,0,0,5
140.6,24,isocontour,11.283791670955125,25338.35,53.32,5.2,-20.2,0.987,-0.5,-1.3,1.4,10.8,-16.3,1.062,14,2,0,0,2
140.6,25,isocontour,11.283791670955125,24901.64,52.4,-19.4,1.0,1.069,0.1,0.8,0.8,-14.4,-12.2,1.102,11,4,0,0,4
140.6,Target,,,,,0.0,0.0,4.023,0.0,0.0,,,,,,,,,
140.7,1,isocontour,11.283791670955125,19295.55,40.61,12.2,16.8,0.989,1.0,0.4,1.1,-14.4,-12.2,1.102,11,6,0,0,6
140.7,2,isocontour,11.283791670955125,19646.57,41.34,-5.2,20.1,0.988,-1.8,-0.4,1.8,-14.4,-12.2,1.102,11,7,0,0,7
140.7,3,isocontour,11.283791670955125,19398.83,40.82,0.8,20.8,0.986,-4.0,0.4,4.0,-14.4,-12.2,1.102,11,5,0,0,5
140.7,4,isocontour,11.283791670955125,24809.63,52.21,17.9,10.7,0.987,-1.4,2.0,2.4,3.7,18.6,1.099,5,3,0,0,3
140.7,5,isocontour,11.283791670955125,22589.81,47.54,4.1,18.7,1.083,2.8,-0.1,2.8,-14.4,-12.2,1.102,11,6,0,0,6
140.7,6,isocontour,11.283791670955125,24145.18,50.81,4.5,19.0,1.061,1.8,-2.1,2.8,-14.4,-12.2,1.102,11,6,0,0,6
140.7,7,isocontour,11.283791670955125,21651.39,45.56,-17.7,10.5,0.999,-3.2,-3.7,4.9,-14.4,-12.2,1.102,11,4,0,0,4
140.7,8,isocontour,11.283791670955125,25097.61,52.81,3.4,19.0,1.074,-0.6,0.8,1.0,-14.4,-12.2,1.102,11,6,0,0,6
140.7,9,isocontour,11.283791670955125,22453.31,47.25,20.6,3.1,0.984,0.7,-4.3,4.4,3.7,18.6,1.099,5,3,0,0,3
140.7,10,isocontour,11.283791670955125,24265.39,51.06,16.5,10.7,1.055,-1.3,0.8,1.5,3.7,18.6,1.099,5,3,0,0,3
140.7,11,isocontour,11.283791670955125,26182.9,55.1,-13.9,-12.7,1.105,2.0,-2.1,2.9,-13.9,-12.7,1.104,11,4,0,0,4
140.7,12,isocontour,11.283791670955125,22838.53,48.06,-7.5,-19.2,0.999,0.7,0.0,0.7,-14.1,-12.5,1.104,11,2,0,0,2
140.7,13,isocontour,11.283791670955125,21984.54,46.26,20.0,-5.0,0.998,0.3,1.0,1.0,3.7,18.6,1.099,5,2,0,0,2
140.7,14,isocontour,11.283791670955125,24238.85,51.01,10.8,-16.2,1.067,0.8,1.1,1.4,3.7,18.6,1.099,5,3,0,0,3
140.7,15,isocontour,11.283791670955125,19547.87,41.14,-12.2,15.5,1.053,-2.4,-1.1,2.6,-14.4,-12.2,1.102,11,3,0,0,3
140.7,16,isocontour,11.283791670955125,38284.5,80.57,-20.7,2.7,0.984,0.6,4.0,4.0,-14.4,-12.2,1.102,11,4,0,0,4
140.7,17,isocontour,11.283791670955125,19914.59,41.91,4.8,18.6,1.083,-0.5,1.0,1.1,-14.4,-12.2,1.102,11,6,0,0,6
140.7,18,isocontour,11.283791670955125,25405.1,53.46,-12.0,16.8,0.997,2.1,0.7,2.2,-14.4,-12.2,1.102,11,3,0,0,3
140.7,19,isocontour,11.283791670955125,21293.7,44.81,-19.8,-5.8,0.998,1.7,-0.3,1.7,-14.1,-12.5,1.104,11,5,0,0,5
140.7,20,isocontour,11.283791670955125,23372.38,49.18,17.0,-12.1,0.984,3.2,2.8,4.3,3.7,18.6,1.099,5,3,0,0,3
140.7,21,isocontour,11.283791670955125,24294.58,51.12,10.2,-16.6,1.065,0.8,1.6,1.8,3.7,18.6,1.099,5,3,0,0,3
140.7,22,isocontour,11.283791670955125,25308.65,53.26,-14.8,-14.7,0.986,2.3,0.4,2.3,-14.1,-12.5,1.104,11,4,0,0,4
140.7,23,isocontour,11.283791670955125,24500.72,51.56,-19.0,-5.1,1.056,-1.3,1.8,2.2,-14.1,-12.5,1.104,11,5,0,0,5
140.7,24,isocontour,11.283791670955125,25337.31,53.32,5.1,-20.2,0.989,-0.9,0.3,0.9,3.7,18.6,1.099,5,2,0,0,2
140.7,25,isocontour,11.283791670955125,24876.47,52.35,-19.4,1.2,1.069,0.2,2.7,2.7,-14.4,-12.2,1.102,11,4,0,0,4
140.7,Target,,,,,0.0,0.0,4.023,0.0,0.0,,,,,,,,,
140.8,1,isocontour,11.283791670955125,19295.24,40.6,12.3,16.8,0.988,0.6,-0.2,0.6,-14.4,-12.2,1.102,11,6,0,0,6
140.8,2,isocontour,11.283791670955125,19641.92,41.33,-5.3,20.0,0.994,-0.6,-1.4,1.5,-14.4,-12.2,1.102,11,7,0,0,7
140.8,3,isocontour,11.283791670955125,19395.69,40.82,0.7,20.7,0.991,-0.7,-1.1,1.3,-14.4,-12.2,1.102,11,5,0,0,5
140.8,4,isocontour,11.283791670955125,24806.49,52.2,17.7,10.7,0.991,-1.3,0.3,1.3,-14.4,-12.2,1.102,11,3,0,0,3
140.8,5,isocontour,11.283791670955125,22493.0,47.33,3.8,18.7,1.09,-4.2,-0.6,4.2,-14.4,-12.2,1.102,11,6,0,0,6
140.8,6,isocontour,11.283791670955125,24141.9,50.8,4.5,19.1,1.057,-0.3,1.3,1.3,-14.4,-12.2,1.102,11,6,0,0,6
140.8,7,isocontour,11.283791670955125,21651.0,45.56,-17.8,10.5,0.996,-0.1,0.6,0.6,-14.4,-12.2,1.102,11,4,0,0,4
140.8,8,isocontour,11.283791670955125,25096.05,52.81,3.3,19.1,1.072,-1.0,0.5,1.1,-14.4,-12.2,1.102,11,6,0,0,6
140.8,9,isocontour,11.283791670955125,22452.06,47.25,20.6,3.0,0.987,-0.7,-0.7,1.0,3.7,18.6,1.099,5,3,0,0,3
140.8,10,isocontour,11.283791670955125,24236.12,51.0,16.3,11.0,1.053,-1.1,2.6,2.8,-14.4,-12.2,1.102,11,3,0,0,3
140.8,11,isocontour,11.283791670955125,26157.73,55.05,-13.7,-12.8,1.109,2.4,-1.3,2.7,-13.7,-12.8,1.105,11,4,0,0,4
140.8,12,isocontour,11.283791670955125,22836.15,48.06,-7.5,-19.1,1.001,-0.9,0.8,1.2,-13.9,-12.7,1.105,11,2,0,0,2
140.8,13,isocontour,11.283791670955125,21979.14,46.25,20.1,-5.0,0.992,1.5,0.6,1.6,3.7,18.6,1.099,5,2,0,0,2
140.8,14,isocontour,11.283791670955125,24226.78,50.98,10.6,-16.2,1.073,-2.1,-0.3,2.1,3.7,18.6,1.099,5,3,0,0,3
140.8,15,isocontour,11.283791670955125,19527.37,41.09,-12.4,15.4,1.049,-2.3,-0.9,2.5,-14.4,-12.2,1.102,11,3,0,0,3
140.8,16,isocontour,11.283791670955125,38280.45,80.56,-20.6,2.7,0.991,1.5,0.1,1.5,-14.1,-12.5,1.104,11,4,0,0,4
140.8,17,isocontour,11.283791670955125,19899.18,41.88,4.7,18.5,1.091,-1.8,-1.4,2.3,-14.4,-12.2,1.102,11,6,0,0,6
140.8,18,isocontour,11.283791670955125,25366.72,53.38,-11.8,17.0,0.993,1.9,2.5,3.1,-14.4,-12.2,1.102,11,3,0,0,3
140.8,19,isocontour,11.283791670955125,21293.29,44.81,-19.8,-5.7,0.999,-0.3,0.6,0.7,-13.9,-12.7,1.105,11,5,0,0,5
140.8,20,isocontour,11.283791670955125,23351.88,49.14,17.0,-11.8,0.991,-0.2,2.5,2.5,3.7,18.6,1.099,5,3,0,0,3
140.8,21,isocontour,11.283791670955125,24284.13,51.1,10.1,-16.6,1.068,-1.9,-0.7,2.0,3.7,18.6,1.099,5,3,0,0,3
140.8,22,isocontour,11.283791670955125,25298.2,53.24,-14.6,-14.7,0.991,1.9,-0.7,2.0,-13.9,-12.7,1.105,11,4,0,0,4
140.8,23,isocontour,11.283791670955125,24466.59,51.49,-19.1,-5.3,1.046,-1.0,-2.8,3.0,-13.9,-12.7,1.105,11,5,0,0,5
140.8,24,isocontour,11.283791670955125,25334.11,53.31,5.1,-20.0,0.994,0.7,1.2,1.4,3.7,18.6,1.099,5,2,0,0,2
140.8,25,isocontour,11.283791670955125,24875.07,52.35,-19.3,1.3,1.072,0.6,0.8,1.0,-14.1,-12.5,1.104,11,4,0,0,4
140.8,Target,,,,,0.0,0.0,4.023,0.0,0.0,,,,,,,,,
140.9,1,isocontour,11.283791670955125,19292.5,40.6,12.3,16.7,0.993,-0.3,-1.3,1.3,-14.4,-12.2,1.102,11,6,0,0,6
140.9,2,isocontour,11.283791670955125,19636.0,41.32,-5.2,20.1,0.991,1.2,1.1,1.6,-14.4,-12.2,1.102,11,7,0,0,7
140.9,3,isocontour,11.283791670955125,19367.03,40.76,1.0,20.7,0.991,2.8,0.0,2.8,-14.4,-12.2,1.102,11,5,0,0,5
140.9,4,isocontour,11.283791670955125,24805.88,52.2,17.7,10.8,0.99,0.2,0.8,0.8,-14.4,-12.2,1.102,11,3,0,0,3
140.9,5,isocontour,11.283791670955125,22466.7,47.28,3.5,18.7,1.094,-2.7,0.1,2.7,-14.4,-12.2,1.102,11,6,0,0,6
140.9,6,isocontour,11.283791670955125,24130.98,50.78,4.3,19.2,1.053,-1.8,0.9,2.0,-14.4,-12.2,1.102,11,6,0,0,6
140.9,7,isocontour,11.283791670955125,21589.12,45.43,-18.0,10.8,0.98,-2.2,2.9,3.6,-14.1,-12.5,1.104,11,4,0,0,4
140.9,8,isocontour,11.283791670955125,25094.84,52.81,3.2,19.1,1.071,-0.9,0.2,0.9,-14.4,-12.2,1.102,11,6,0,0,6
140.9,9,isocontour,11.283791670955125,22439.82,47.22,20.4,2.9,0.998,-1.9,-0.9,2.1,-14.4,-12.2,1.102,11,3,0,0,3
140.9,10,isocontour,11.283791670955125,24215.38,50.96,16.4,10.8,1.055,0.9,-2.3,2.5,-14.4,-12.2,1.102,11,3,0,0,3
140.9,11,isocontour,11.283791670955125,26156.12,55.04,-13.7,-12.7,1.111,-0.6,0.9,1.1,-13.7,-12.7,1.109,11,4,0,0,4
140.9,12,isocontour,11.283791670955125,22728.74,47.83,-7.2,-19.3,1.0,3.9,-1.9,4.3,-13.7,-12.8,1.109,11,2,0,0,2
140.9,13,isocontour,11.283791670955125,21928.18,46.15,20.4,-4.8,0.982,2.5,2.3,3.4,3.7,18.6,1.099,5,2,0,0,2
140.9,14,isocontour,11.283791670955125,24224.98,50.98,10.5,-16.2,1.076,-1.1,-0.2,1.1,3.7,18.6,1.099,5,3,0,0,3
140.9,15,isocontour,11.283791670955125,19494.59,41.02,-12.6,15.1,1.053,-1.7,-2.4,2.9,-14.4,-12.2,1.102,11,3,0,0,3
140.9,16,isocontour,11.283791670955125,38262.06,80.52,-20.7,2.8,0.981,-2.3,0.9,2.5,-13.9,-12.7,1.105,11,4,0,0,4
140.9,17,isocontour,11.283791670955125,19875.9,41.83,4.4,18.4,1.098,-2.6,-0.2,2.6,-14.4,-12.2,1.102,11,6,0,0,6
140.9,18,isocontour,11.283791670955125,25298.57,53.24,-12.1,17.2,0.975,-3.0,2.3,3.8,-14.4,-12.2,1.102,11,3,0,0,3
140.9,19,isocontour,11.283791670955125,21280.34,44.78,-20.0,-5.8,0.989,-1.9,-1.1,2.2,-13.7,-12.8,1.109,11,5,0,0,5
140.9,20,isocontour,11.283791670955125,23329.64,49.09,17.0,-12.0,0.988,-0.7,-2.5,2.6,3.7,18.6,1.099,5,3,0,0,3
140.9,21,isocontour,11.283791670955125,24262.65,51.06,9.9,-16.7,1.067,-2.0,-1.5,2.5,3.7,18.6,1.099,5,3,0,0,3
140.9,22,isocontour,11.283791670955125,25284.7,53.21,-14.6,-14.9,0.985,0.0,-2.2,2.2,-13.7,-12.8,1.109,11,4,0,0,4
140.9,23,isocontour,11.283791670955125,24434.47,51.42,-19.2,-5.5,1.034,-1.5,-2.5,2.9,-13.7,-12.8,1.109,11,5,0,0,5
140.9,24,isocontour,11.283791670955125,25331.9,53.31,5.2,-19.9,0.999,0.5,1.1,1.2,3.7,18.6,1.099,5,2,0,0,2
140.9,25,isocontour,11.283791670955125,24843.92,52.28,-19.3,1.1,1.074,0.1,-2.9,2.9,-13.9,-12.7,1.105,11,4,0,0,4
140.9,Target,,,,,0.0,0.0,4.023,0.0,0.0,,,,,,,,,
141.0,1,isocontour,11.283791670955125,19291.84,40.6,12.3,16.7,0.991,0.0,0.8,0.8,-14.4,-12.2,1.102,11,6,0,0,6
141.0,2,isocontour,11.283791670955125,19597.26,41.24,-5.5,20.1,0.986,-3.1,0.3,3.1,-14.4,-12.2,1.102,11,7,0,0,7
141.0,3,isocontour,11.283791670955125,19362.56,40.75,1.0,20.8,0.984,-0.4,1.5,1.6,-14.4,-12.2,1.102,11,5,0,0,5
141.0,4,isocontour,11.283791670955125,24775.05,52.14,17.9,10.6,0.989,1.5,-2.5,2.9,-14.4,-12.2,1.102,11,3,0,0,3
141.0,5,isocontour,11.283791670955125,22459.29,47.26,3.6,18.8,1.087,1.4,1.1,1.8,-14.4,-12.2,1.102,11,6,0,0,6
141.0,6,isocontour,11.283791670955125,24127.7,50.77,4.2,19.1,1.059,-1.0,-0.9,1.3,-14.4,-12.2,1.102,11,6,0,0,6
141.0,7,isocontour,11.283791670955125,21586.8,45.43,-18.0,10.7,0.978,-0.5,-1.1,1.2,-13.9,-12.7,1.105,11,4,0,0,4
141.0,8,isocontour,11.283791670955125,25094.32,52.81,3.2,19.1,1.068,-0.2,0.7,0.7,-14.4,-12.2,1.102,11,6,0,0,6
141.0,9,isocontour,11.283791670955125,22438.65,47.22,20.4,3.0,0.999,-0.1,0.9,0.9,-14.4,-12.2,1.102,11,3,0,0,3
141.0,10,isocontour,11.283791670955125,24206.81,50.94,16.4,10.6,1.062,-0.3,-1.9,1.9,-14.4,-12.2,1.102,11,3,0,0,3
141.0,11,isocontour,11.283791670955125,26154.63,55.04,-13.6,-12.8,1.112,0.8,-0.7,1.1,-13.6,-12.8,1.111,11,4,0,0,4
141.0,12,isocontour,11.283791670955125,22727.93,47.83,-7.1,-19.3,1.003,0.7,0.5,0.9,-13.7,-12.7,1.111,11,2,0,0,2
141.0,13,isocontour,11.283791670955125,21925.25,46.14,20.5,-4.7,0.976,1.1,0.7,1.3,-14.4,-12.2,1.102,11,2,0,0,2
141.0,14,isocontour,11.283791670955125,24220.42,50.97,10.4,-16.3,1.073,-0.8,-1.3,1.5,3.7,18.6,1.099,5,3,0,0,3
141.0,15,isocontour,11.283791670955125,19489.08,41.01,-12.5,15.2,1.05,0.7,1.5,1.7,-14.1,-12.5,1.104,11,3,0,0,3
141.0,16,isocontour,11.283791670955125,38136.14,80.25,-20.8,2.5,0.978,-0.9,-4.5,4.6,-13.7,-12.8,1.109,11,4,0,0,4
141.0,17,isocontour,11.283791670955125,19850.73,41.77,4.2,18.5,1.097,-2.5,0.9,2.7,-14.4,-12.2,1.102,11,6,0,0,6
141.0,18,isocontour,11.283791670955125,25296.52,53.23,-12.2,17.2,0.975,-0.5,-1.0,1.1,-14.1,-12.5,1.104,11,3,0,0,3
141.0,19,isocontour,11.283791670955125,21271.36,44.76,-19.9,-6.0,0.987,0.5,-1.8,1.9,-13.7,-12.7,1.111,11,5,0,0,5
141.0,20,isocontour,11.283791670955125,23329.55,49.09,17.0,-12.0,0.987,0.3,0.3,0.4,3.7,18.6,1.099,5,3,0,0,3
141.0,21,isocontour,11.283791670955125,24261.89,51.06,9.8,-16.8,1.068,-0.8,-0.2,0.8,3.7,18.6,1.099,5,3,0,0,3
141.0,22,isocontour,11.283791670955125,25226.78,53.09,-14.5,-15.2,0.978,1.6,-3.2,3.6,-13.7,-12.7,1.111,11,4,0,0,4
141.0,23,isocontour,11.283791670955125,24398.97,51.34,-19.1,-5.8,1.035,1.4,-2.7,3.0,-13.7,-12.7,1.111,11,5,0,0,5
141.0,24,isocontour,11.283791670955125,25310.92,53.26,5.0,-20.0,0.999,-2.4,-0.8,2.5,3.7,18.6,1.099,5,2,0,0,2
141.0,25,isocontour,11.283791670955125,24813.4,52.22,-19.3,0.8,1.073,-0.5,-2.8,2.8,-13.7,-12.8,1.109,11,4,0,0,4
141.0,Target,,,,,0.0,0.0,4.023,0.0,0.0,,,,,,,,,
141.1,1,isocontour,11.283791670955125,19286.03,40.59,12.4,16.8,0.983,1.5,0.8,1.7,-14.4,-12.2,1.102,11,6,0,0,6
141.1,2,isocontour,11.283791670955125,19597.18,41.24,-5.5,20.1,0.986,0.3,-0.2,0.4,-14.1,-12.5,1.104,11,7,0,0,7
141.1,3,isocontour,11.283791670955125,19296.01,40.61,0.6,20.8,0.985,-3.7,-0.3,3.7,-14.4,-12.2,1.102,11,5,0,0,5
141.1,4,isocontour,11.283791670955125,24756.43,52.1,18.0,10.4,0.99,1.2,-2.1,2.4,-14.4,-12.2,1.102,11,3,0,0,3
141.1,5,isocontour,11.283791670955125,22381.54,47.1,4.0,18.7,1.085,3.9,-0.6,3.9,-14.4,-12.2,1.102,11,6,0,0,6
141.1,6,isocontour,11.283791670955125,24103.62,50.72,4.1,18.9,1.073,-1.0,-2.5,2.7,-14.4,-12.2,1.102,11,6,0,0,6
141.1,7,isocontour,11.283791670955125,21564.82,45.38,-18.1,10.5,0.979,-1.0,-2.4,2.6,-13.7,-12.8,1.109,11,4,0,0,4
141.1,8,isocontour,11.283791670955125,25094.08,52.81,3.2,19.2,1.068,-0.6,0.1,0.6,-14.4,-12.2,1.102,11,6,0,0,6
141.1,9,isocontour,11.283791670955125,22436.7,47.22,20.4,2.9,1.0,-0.0,-1.1,1.1,-14.4,-12.2,1.102,11,3,0,0,3
141.1,10,isocontour,11.283791670955125,24205.02,50.94,16.5,10.5,1.061,0.8,-0.8,1.1,-14.4,-12.2,1.102,11,3,0,0,3
141.1,11,isocontour,11.283791670955125,26128.33,54.98,-13.5,-13.0,1.109,1.4,-2.4,2.8,-13.5,-13.0,1.112,11,4,0,0,4
141.1,12,isocontour,11.283791670955125,22727.48,47.83,-7.0,-19.3,1.002,0.6,-0.4,0.7,-13.6,-12.8,1.112,11,2,0,0,2
141.1,13,isocontour,11.283791670955125,21894.1,46.07,20.5,-4.4,0.98,-0.3,2.9,2.9,-14.4,-12.2,1.102,11,2,0,0,2
141.1,14,isocontour,11.283791670955125,24207.65,50.94,10.3,-16.5,1.068,-1.3,-1.7,2.1,3.7,18.6,1.099,5,3,0,0,3
141.1,15,isocontour,11.283791670955125,19486.71,41.01,-12.5,15.3,1.047,0.5,1.1,1.2,-13.9,-12.7,1.105,11,3,0,0,3
141.1,16,isocontour,11.283791670955125,38099.22,80.18,-20.8,2.1,0.984,1.1,-2.9,3.1,-13.7,-12.7,1.111,11,4,0,0,4
141.1,17,isocontour,11.283791670955125,19844.15,41.76,4.0,18.6,1.09,-1.0,1.4,1.7,-14.4,-12.2,1.102,11,6,0,0,6
141.1,18,isocontour,11.283791670955125,25294.53,53.23,-12.1,17.1,0.981,0.7,-0.9,1.1,-13.9,-12.7,1.105,11,3,0,0,3
141.1,19,isocontour,11.283791670955125,21265.12,44.75,-19.8,-5.9,0.994,1.2,1.2,1.7,-13.6,-12.8,1.112,11,5,0,0,5
141.1,20,isocontour,11.283791670955125,23306.53,49.05,16.8,-12.1,0.995,-2.6,-0.5,2.6,-14.4,-12.2,1.102,11,3,0,0,3
141.1,21,isocontour,11.283791670955125,24242.35,51.02,9.6,-16.9,1.065,-1.8,-1.7,2.5,3.7,18.6,1.099,5,3,0,0,3
141.1,22,isocontour,11.283791670955125,25209.93,53.05,-14.2,-15.3,0.981,2.1,-1.0,2.3,-13.6,-12.8,1.112,11,4,0,0,4
141.1,23,isocontour,11.283791670955125,24366.19,51.28,-18.9,-6.0,1.04,1.7,-2.4,2.9,-13.6,-12.8,1.112,11,5,0,0,5
141.1,24,isocontour,11.283791670955125,25288.42,53.22,4.8,-20.1,0.997,-2.4,-0.9,2.6,3.7,18.6,1.099,5,2,0,0,2
141.1,25,isocontour,11.283791670955125,24785.35,52.16,-19.3,0.5,1.073,-0.0,-2.8,2.8,-13.7,-12.7,1.111,11,4,0,0,4
141.1,Target,,,,,0.0,0.0,4.023,0.0,0.0,,,,,,,,,
141.2,1,isocontour,11.283791670955125,19279.34,40.57,12.3,16.8,0.989,-1.6,-0.6,1.7,-14.4,-12.2,1.102,11,6,0,0,6
141.2,2,isocontour,11.283791670955125,19568.52,41.18,-5.3,20.0,0.994,2.7,-0.9,2.8,-13.9,-12.7,1.105,11,7,0,0,7
141.2,3,isocontour,11.283791670955125,19293.27,40.6,0.5,20.7,0.991,-0.7,-1.1,1.3,-14.1,-12.5,1.104,11,5,0,0,5
141.2,4,isocontour,11.283791670955125,24753.36,52.09,18.1,10.3,0.989,0.8,-1.1,1.4,-14.4,-12.2,1.102,11,3,0,0,3
141.2,5,isocontour,11.283791670955125,22356.09,47.05,3.8,18.7,1.088,-2.7,-0.2,2.7,-14.1,-12.5,1.104,11,6,0,0,6
141.2,6,isocontour,11.283791670955125,24085.46,50.68,4.0,19.0,1.07,-1.9,1.5,2.4,-14.1,-12.5,1.104,11,6,0,0,6
141.2,7,isocontour,11.283791670955125,21529.66,45.31,-18.0,10.3,0.993,2.0,-2.3,3.0,-13.7,-12.7,1.111,11,4,0,0,4
141.2,8,isocontour,11.283791670955125,25065.72,52.75,2.9,19.2,1.07,-2.8,-0.1,2.8,-14.1,-12.5,1.104,11,6,0,0,6
141.2,9,isocontour,11.283791670955125,22431.39,47.2,20.5,2.8,0.995,1.4,-0.8,1.6,-14.4,-12.2,1.102,11,3,0,0,3
141.2,10,isocontour,11.283791670955125,24200.55,50.93,16.6,10.4,1.059,1.2,-0.9,1.5,-14.4,-12.2,1.102,11,3,0,0,3
141.2,11,isocontour,11.283791670955125,26126.54,54.98,-13.4,-13.1,1.11,1.0,-0.5,1.1,-13.4,-13.1,1.112,11,4,0,0,4
141.2,12,isocontour,11.283791670955125,22726.89,47.83,-7.0,-19.4,1.0,0.5,-0.6,0.8,-13.6,-12.8,1.112,11,2,0,0,2
141.2,13,isocontour,11.283791670955125,21863.27,46.01,20.5,-4.1,0.984,-0.3,2.9,2.9,-14.4,-12.2,1.102,11,2,0,0,2
141.2,14,isocontour,11.283791670955125,24188.11,50.9,10.0,-16.5,1.072,-2.5,-0.3,2.5,-14.4,-12.2,1.102,11,3,0,0,3
141.2,15,isocontour,11.283791670955125,19483.5,41.0,-12.4,15.5,1.043,0.5,1.3,1.4,-13.7,-12.8,1.109,11,3,0,0,3
141.2,16,isocontour,11.283791670955125,38061.94,80.1,-20.7,1.8,0.988,0.4,-3.1,3.1,-13.6,-12.8,1.112,11,4,0,0,4
141.2,17,isocontour,11.283791670955125,19820.88,41.71,3.9,18.4,1.102,-1.3,-2.3,2.6,-14.1,-12.5,1.104,11,6,0,0,6
141.2,18,isocontour,11.283791670955125,25276.36,53.19,-11.9,17.2,0.982,2.1,1.3,2.5,-13.7,-12.8,1.109,11,3,0,0,3
141.2,19,isocontour,11.283791670955125,21263.12,44.75,-19.8,-6.0,0.994,0.1,-1.1,1.1,-13.6,-12.8,1.112,11,5,0,0,5
141.2,20,isocontour,11.283791670955125,23305.71,49.04,16.8,-12.1,0.993,0.3,-0.8,0.9,-14.4,-12.2,1.102,11,3,0,0,3
141.2,21,isocontour,11.283791670955125,24220.62,50.97,9.4,-17.0,1.069,-2.5,-0.3,2.5,-14.4,-12.2,1.102,11,3,0,0,3
141.2,22,isocontour,11.283791670955125,25206.43,53.04,-14.1,-15.4,0.983,1.3,-0.5,1.4,-13.6,-12.8,1.112,11,4,0,0,4
141.2,23,isocontour,11.283791670955125,24345.21,51.23,-18.9,-5.9,1.045,0.0,2.5,2.5,-13.6,-12.8,1.112,11,5,0,0,5
141.2,24,isocontour,11.283791670955125,25268.41,53.17,4.5,-20.1,0.997,-2.4,-0.6,2.5,3.7,18.6,1.099,5,2,0,0,2
141.2,25,isocontour,11.283791670955125,24783.95,52.15,-19.3,0.4,1.072,-0.2,-1.0,1.0,-13.6,-12.8,1.112,11,4,0,0,4
141.2,Target,,,,,0.0,0.0,4.023,0.0,0.0,,,,,,,,,
141.3,1,isocontour,11.283791670955125,19258.36,40.53,12.2,16.6,1.001,-0.4,-2.5,2.5,-14.1,-12.5,1.104,11,6,0,0,6
141.3,2,isocontour,11.283791670955125,19539.86,41.12,-5.4,19.9,0.995,-2.7,-0.7,2.8,-13.7,-12.8,1.109,11,7,0,0,7
141.3,3,isocontour,11.283791670955125,19292.21,40.6,0.6,20.7,0.991,0.9,0.0,0.9,-13.9,-12.7,1.105,11,5,0,0,5
141.3,4,isocontour,11.283791670955125,24751.71,52.09,18.1,10.2,0.992,-0.1,-1.1,1.1,-14.4,-12.2,1.102,11,3,0,0,3
141.3,5,isocontour,11.283791670955125,22328.33,46.99,3.5,18.6,1.096,-2.7,-0.8,2.8,-13.9,-12.7,1.105,11,6,0,0,6
141.3,6,isocontour,11.283791670955125,24081.89,50.68,3.9,19.1,1.062,-0.1,1.4,1.4,-13.9,-12.7,1.105,11,6,0,0,6
141.3,7,isocontour,11.283791670955125,21527.29,45.3,-17.9,10.1,0.999,0.2,-1.2,1.2,-13.6,-12.8,1.112,11,4,0,0,4
141.3,8,isocontour,11.283791670955125,25064.62,52.75,2.8,19.2,1.072,-0.9,-0.0,0.9,-13.9,-12.7,1.105,11,6,0,0,6
141.3,9,isocontour,11.283791670955125,22406.22,47.15,20.6,2.6,0.99,1.2,-2.4,2.7,-14.4,-12.2,1.102,11,3,0,0,3
141.3,10,isocontour,11.283791670955125,24180.54,50.88,16.6,10.2,1.064,0.2,-2.5,2.5,-14.4,-12.2,1.102,11,3,0,0,3
141.3,11,isocontour,11.283791670955125,26120.51,54.97,-13.4,-13.2,1.106,0.5,-1.6,1.7,-13.4,-13.2,1.112,11,4,0,0,4
141.3,12,isocontour,11.283791670955125,22726.28,47.82,-6.9,-19.4,0.998,0.5,-0.6,0.8,-13.6,-12.8,1.112,11,2,0,0,2
141.3,13,isocontour,11.283791670955125,21856.23,45.99,20.3,-4.1,0.993,-1.8,-0.1,1.8,-14.4,-12.2,1.102,11,2,0,0,2
141.3,14,isocontour,11.283791670955125,24165.87,50.85,9.8,-16.6,1.078,-2.6,-0.4,2.6,-14.4,-12.2,1.102,11,3,0,0,3
141.3,15,isocontour,11.283791670955125,19475.85,40.98,-12.3,15.4,1.05,1.7,-0.7,1.8,-13.7,-12.7,1.111,11,3,0,0,3
141.3,16,isocontour,11.283791670955125,38055.01,80.08,-20.6,1.8,0.997,1.7,-0.1,1.7,-13.6,-12.8,1.112,11,4,0,0,4
141.3,17,isocontour,11.283791670955125,19789.08,41.64,3.7,18.3,1.114,-2.7,-1.2,3.0,-13.9,-12.7,1.105,11,6,0,0,6
141.3,18,isocontour,11.283791670955125,25239.44,53.11,-11.8,17.0,0.996,1.1,-2.8,3.0,-13.7,-12.7,1.111,11,3,0,0,3
141.3,19,isocontour,11.283791670955125,21229.0,44.67,-19.8,-6.3,0.988,-0.3,-3.0,3.0,-13.6,-12.8,1.112,11,5,0,0,5
141.3,20,isocontour,11.283791670955125,23284.23,49.0,16.9,-12.0,0.99,1.9,1.7,2.5,-14.4,-12.2,1.102,11,3,0,0,3
141.3,21,isocontour,11.283791670955125,24203.97,50.93,9.2,-17.1,1.066,-1.5,-1.8,2.3,-14.4,-12.2,1.102,11,3,0,0,3
141.3,22,isocontour,11.283791670955125,25201.87,53.03,-14.0,-15.5,0.983,0.9,-1.2,1.5,-13.6,-12.8,1.112,11,4,0,0,4
141.3,23,isocontour,11.283791670955125,24344.74,51.23,-18.9,-5.8,1.046,-0.0,0.7,0.7,-13.6,-12.8,1.112,11,5,0,0,5
141.3,24,isocontour,11.283791670955125,25239.14,53.11,4.3,-20.2,0.994,-2.6,-1.2,2.9,-14.4,-12.2,1.102,11,2,0,0,2
141.3,25,isocontour,11.283791670955125,24757.07,52.1,-19.3,0.6,1.072,0.2,2.7,2.7,-13.6,-12.8,1.112,11,4,0,0,4
141.3,Target,,,,,0.0,0.0,4.023,0.0,0.0,,,,,,,,,
141.4,1,isocontour,11.283791670955125,19253.53,40.52,12.1,16.6,0.999,-0.6,1.4,1.5,3.7,18.3,1.114,17,6,0,0,6
141.4,2,isocontour,11.283791670955125,19490.23,41.01,-5.5,20.2,0.98,0.0,3.4,3.4,3.7,18.3,1.114,17,7,0,0,7
141.4,3,isocontour,11.283791670955125,19288.25,40.59,0.6,20.9,0.984,-0.2,1.4,1.4,3.7,18.3,1.114,17,5,0,0,5
141.4,4,isocontour,11.283791670955125,24725.41,52.03,18.2,9.9,0.992,1.3,-2.4,2.7,-14.1,-12.5,1.104,11,3,0,0,3
141.4,5,isocontour,11.283791670955125,22327.33,46.99,3.5,18.7,1.092,0.1,0.9,0.9,3.7,18.3,1.114,17,6,0,0,6
141.4,6,isocontour,11.283791670955125,24080.49,50.67,4.0,19.1,1.063,0.8,-0.6,1.0,3.7,18.3,1.114,17,6,0,0,6
141.4,7,isocontour,11.283791670955125,21475.44,45.19,-18.2,10.1,0.985,-3.4,0.0,3.4,-13.6,-12.8,1.112,11,4,0,0,4
141.4,8,isocontour,11.283791670955125,25028.41,52.67,3.0,19.0,1.076,2.8,-1.3,3.1,3.7,18.3,1.114,17,6,0,0,6
141.4,9,isocontour,11.283791670955125,22405.76,47.15,20.6,2.5,0.992,-0.7,-0.1,0.7,-14.4,-12.2,1.102,11,3,0,0,3
141.4,10,isocontour,11.283791670955125,24177.26,50.88,16.5,10.2,1.069,-1.2,0.6,1.3,-14.1,-12.5,1.104,11,3,0,0,3
141.4,11,isocontour,11.283791670955125,26098.53,54.92,-13.2,-13.3,1.11,2.3,-1.1,2.5,-13.2,-13.3,1.112,11,4,0,0,4
141.4,12,isocontour,11.283791670955125,22723.22,47.82,-7.0,-19.4,0.995,-1.3,-0.2,1.3,-13.6,-12.8,1.112,11,3,0,0,3
141.4,13,isocontour,11.283791670955125,21855.13,45.99,20.3,-4.2,0.994,0.0,-0.9,0.9,-14.4,-12.2,1.102,11,2,0,0,2
141.4,14,isocontour,11.283791670955125,24158.22,50.84,9.7,-16.7,1.075,-1.0,-1.5,1.8,-14.4,-12.2,1.102,11,3,0,0,3
141.4,15,isocontour,11.283791670955125,19473.64,40.98,-12.3,15.4,1.052,-0.9,-0.8,1.2,-13.6,-12.8,1.112,11,3,0,0,3
141.4,16,isocontour,11.283791670955125,38020.2,80.01,-20.6,1.5,0.998,-0.4,-3.0,3.0,-13.6,-12.8,1.112,11,4,0,0,4
141.4,17,isocontour,11.283791670955125,19764.73,41.59,3.8,18.1,1.123,1.9,-1.9,2.7,3.8,18.1,1.114,17,6,0,0,6
141.4,18,isocontour,11.283791670955125,25237.83,53.11,-11.8,17.0,0.994,-0.7,0.8,1.1,-13.6,-12.8,1.112,11,3,0,0,3
141.4,19,isocontour,11.283791670955125,21228.53,44.67,-19.8,-6.3,0.988,0.1,0.7,0.7,-13.6,-12.8,1.112,11,5,0,0,5
141.4,20,isocontour,11.283791670955125,23254.04,48.94,16.9,-12.2,0.986,-0.9,-2.7,2.8,-14.4,-12.2,1.102,11,3,0,0,3
141.4,21,isocontour,11.283791670955125,24201.66,50.93,9.1,-17.1,1.07,-1.1,0.5,1.2,-14.4,-12.2,1.102,11,3,0,0,3
141.4,22,isocontour,11.283791670955125,25177.25,52.98,-13.8,-15.5,0.991,2.7,0.2,2.7,-13.6,-12.8,1.112,11,4,0,0,4
141.4,23,isocontour,11.283791670955125,24324.97,51.19,-18.9,-5.6,1.051,0.3,2.5,2.5,-13.6,-12.8,1.112,11,5,0,0,5
141.4,24,isocontour,11.283791670955125,25236.71,53.11,4.3,-20.3,0.99,1.1,-0.6,1.3,-13.6,-12.8,1.112,11,3,0,0,3
141.4,25,isocontour,11.283791670955125,24730.19,52.04,-19.3,0.9,1.074,0.3,2.7,2.7,-13.6,-12.8,1.112,11,4,0,0,4
141.4,Target,,,,,0.0,0.0,4.023,0.0,0.0,,,,,,,,,
141.5,1,isocontour,11.283791670955125,19174.59,40.35,11.9,16.9,0.998,-3.2,2.3,3.9,3.8,18.1,1.123,17,6,0,0,6
141.5,2,isocontour,11.283791670955125,19485.59,41.01,-5.6,20.2,0.979,-1.2,-0.9,1.5,3.8,18.1,1.123,17,7,0,0,7
141.5,3,isocontour,11.283791670955125,19284.44,40.58,0.7,20.9,0.983,1.4,0.1,1.4,3.8,18.1,1.123,17,5,0,0,5
141.5,4,isocontour,11.283791670955125,24676.64,51.93,18.5,10.0,0.977,3.2,1.1,3.4,3.7,18.3,1.114,17,3,0,0,3
141.5,5,isocontour,11.283791670955125,22310.47,46.95,3.7,18.7,1.088,2.4,0.2,2.4,3.8,18.1,1.123,17,6,0,0,6
141.5,6,isocontour,11.283791670955125,24077.42,50.67,4.1,19.0,1.068,0.8,-1.0,1.3,3.8,18.1,1.123,17,6,0,0,6
141.5,7,isocontour,11.283791670955125,21441.99,45.12,-18.4,9.9,0.982,-1.6,-2.5,3.0,-13.6,-12.8,1.112,11,4,0,0,4
141.5,8,isocontour,11.283791670955125,24993.6,52.6,3.3,18.9,1.082,2.7,-1.3,3.0,3.8,18.1,1.123,17,6,0,0,6
141.5,9,isocontour,11.283791670955125,22397.72,47.13,20.7,2.6,0.984,1.8,0.5,1.9,-14.1,-12.5,1.104,11,3,0,0,3
141.5,10,isocontour,11.283791670955125,24164.49,50.85,16.3,10.3,1.075,-1.9,1.0,2.1,3.7,18.3,1.114,17,3,0,0,3
141.5,11,isocontour,11.283791670955125,26096.92,54.92,-13.1,-13.4,1.111,0.8,-0.8,1.1,-13.1,-13.4,1.112,11,4,0,0,4
141.5,12,isocontour,11.283791670955125,22616.54,47.59,-6.7,-19.6,0.993,4.0,-1.8,4.4,-13.6,-12.8,1.112,11,2,0,0,2
141.5,13,isocontour,11.283791670955125,21822.01,45.92,20.3,-4.4,0.99,0.2,-2.9,2.9,-14.4,-12.2,1.102,11,2,0,0,2
141.5,14,isocontour,11.283791670955125,24154.94,50.83,9.6,-16.8,1.069,-0.4,-1.3,1.4,-13.6,-12.8,1.112,11,3,0,0,3
141.5,15,isocontour,11.283791670955125,19472.51,40.98,-12.3,15.4,1.049,0.3,0.9,0.9,3.7,18.3,1.114,17,3,0,0,3
141.5,16,isocontour,11.283791670955125,38003.35,79.97,-20.6,1.7,0.995,-0.3,2.3,2.3,-13.6,-12.8,1.112,11,4,0,0,4
141.5,17,isocontour,11.283791670955125,19763.29,41.59,3.9,18.1,1.125,1.0,-0.3,1.0,3.9,18.1,1.123,17,6,0,0,6
141.5,18,isocontour,11.283791670955125,25234.9,53.1,-11.9,16.9,0.993,-1.1,-0.7,1.3,3.7,18.3,1.114,17,3,0,0,3
141.5,19,isocontour,11.283791670955125,21227.75,44.67,-19.8,-6.2,0.992,0.4,0.7,0.8,-13.6,-12.8,1.112,11,5,0,0,5
141.5,20,isocontour,11.283791670955125,23247.57,48.92,17.0,-12.1,0.984,1.1,1.3,1.7,-14.4,-12.2,1.102,11,3,0,0,3
141.5,21,isocontour,11.283791670955125,24188.35,50.9,9.3,-17.1,1.066,2.2,0.1,2.2,-13.6,-12.8,1.112,11,3,0,0,3
141.5,22,isocontour,11.283791670955125,25157.0,52.94,-13.8,-15.3,0.996,-1.3,2.1,2.5,-13.6,-12.8,1.112,11,4,0,0,4
141.5,23,isocontour,11.283791670955125,24302.99,51.14,-18.9,-5.3,1.055,-0.2,2.6,2.6,-13.6,-12.8,1.112,11,5,0,0,5
141.5,24,isocontour,11.283791670955125,25235.74,53.11,4.4,-20.3,0.99,0.8,0.4,0.9,-13.6,-12.8,1.112,11,2,0,0,2
141.5,25,isocontour,11.283791670955125,24723.15,52.03,-19.4,0.9,1.065,-1.7,-0.4,1.7,-13.6,-12.8,1.112,11,4,0,0,4
141.5,Target,,,,,0.0,0.0,4.023,0.0,0.0,,,,,,,,,
141.6,1,isocontour,11.283791670955125,19169.08,40.34,11.9,16.8,0.998,1.3,-0.9,1.6,3.9,18.1,1.125,17,6,0,0,6
141.6,2,isocontour,11.283791670955125,19474.18,40.98,-5.6,20.0,0.989,0.5,-2.0,2.1,3.9,18.1,1.125,17,7,0,0,7
141.6,3,isocontour,11.283791670955125,19279.7,40.57,0.8,20.8,0.988,0.8,-1.3,1.5,3.9,18.1,1.125,17,5,0,0,5
141.6,4,isocontour,11.283791670955125,24667.24,51.91,18.5,10.2,0.972,-0.5,1.9,2.0,3.8,18.1,1.123,17,3,0,0,3
141.6,5,isocontour,11.283791670955125,22188.57,46.69,4.1,18.5,1.094,4.0,-2.2,4.6,3.9,18.1,1.125,17,6,0,0,6
141.6,6,isocontour,11.283791670955125,24054.4,50.62,4.3,18.9,1.067,2.6,-0.3,2.6,3.9,18.1,1.125,17,6,0,0,6
141.6,7,isocontour,11.283791670955125,21432.73,45.1,-18.3,9.8,0.99,1.8,-0.6,1.9,3.7,18.3,1.114,17,4,0,0,4
141.6,8,isocontour,11.283791670955125,24993.2,52.6,3.3,18.9,1.082,-0.6,0.3,0.7,3.9,18.1,1.125,17,6,0,0,6
141.6,9,isocontour,11.283791670955125,22381.5,47.1,20.8,2.4,0.981,0.6,-2.3,2.4,3.7,18.3,1.114,17,3,0,0,3
141.6,10,isocontour,11.283791670955125,24155.78,50.83,16.2,10.4,1.081,-1.7,0.9,1.9,3.8,18.1,1.123,17,3,0,0,3
141.6,11,isocontour,11.283791670955125,26093.27,54.91,-13.1,-13.5,1.103,-1.3,-0.6,1.4,-13.1,-13.5,1.112,11,4,0,0,4
141.6,12,isocontour,11.283791670955125,22521.08,47.39,-6.3,-19.7,0.992,3.9,-1.5,4.2,-13.6,-12.8,1.112,11,3,0,0,3
141.6,13,isocontour,11.283791670955125,21818.44,45.91,20.4,-4.6,0.984,1.0,-1.0,1.4,-14.1,-12.5,1.104,11,2,0,0,2
141.6,14,isocontour,11.283791670955125,24153.54,50.83,9.6,-16.8,1.074,-0.5,0.9,1.0,-13.6,-12.8,1.112,11,3,0,0,3
141.6,15,isocontour,11.283791670955125,19447.89,40.93,-12.2,15.6,1.045,1.5,2.2,2.7,3.8,18.1,1.123,17,3,0,0,3
141.6,16,isocontour,11.283791670955125,37896.67,79.75,-20.7,2.1,0.989,-0.8,4.3,4.4,-13.6,-12.8,1.112,11,4,0,0,4
141.6,17,isocontour,11.283791670955125,19761.63,41.59,4.0,18.0,1.126,1.0,-0.4,1.1,4.0,18.0,1.125,17,6,0,0,6
141.6,18,isocontour,11.283791670955125,25211.62,53.05,-12.2,16.9,0.987,-2.6,-0.3,2.6,3.8,18.1,1.123,17,3,0,0,3
141.6,19,isocontour,11.283791670955125,21223.1,44.66,-19.9,-6.2,0.985,-1.4,-0.7,1.6,-13.6,-12.8,1.112,11,5,0,0,5
141.6,20,isocontour,11.283791670955125,23224.29,48.87,17.1,-11.9,0.989,0.6,2.5,2.6,-13.6,-12.8,1.112,11,3,0,0,3
141.6,21,isocontour,11.283791670955125,24102.04,50.72,9.0,-17.4,1.058,-2.8,-3.0,4.1,-13.6,-12.8,1.112,11,3,0,0,3
141.6,22,isocontour,11.283791670955125,25124.22,52.87,-14.1,-15.3,0.986,-2.9,-0.5,2.9,-13.6,-12.8,1.112,11,4,0,0,4
141.6,23,isocontour,11.283791670955125,24269.87,51.07,-18.8,-5.5,1.057,1.1,-2.7,2.9,-13.6,-12.8,1.112,11,5,0,0,5
141.6,24,isocontour,11.283791670955125,25233.85,53.1,4.3,-20.3,0.993,-1.0,0.5,1.1,-13.6,-12.8,1.112,11,3,0,0,3
141.6,25,isocontour,11.283791670955125,24695.39,51.97,-19.5,0.7,1.059,-0.9,-2.6,2.8,-13.6,-12.8,1.112,11,4,0,0,4
141.6,Target,,,,,0.0,0.0,4.023,0.0,0.0,,,,,,,,,
141.7,1,isocontour,11.283791670955125,19167.76,40.34,12.0,16.8,0.998,0.8,-0.5,0.9,4.0,18.0,1.126,17,6,0,0,6
141.7,2,isocontour,11.283791670955125,19471.5,40.98,-5.5,19.9,0.996,1.0,-0.8,1.3,4.0,18.0,1.126,17,7,0,0,7
141.7,3,isocontour,11.283791670955125,19255.63,40.52,0.6,20.7,0.994,-2.5,-0.9,2.7,4.0,18.0,1.126,17,5,0,0,5
141.7,4,isocontour,11.283791670955125,24653.37,51.88,18.3,10.3,0.979,-2.1,0.6,2.2,3.9,18.1,1.125,17,3,0,0,3
141.7,5,isocontour,11.283791670955125,22180.66,46.68,4.1,18.4,1.105,-0.7,-1.7,1.8,4.0,18.0,1.126,17,6,0,0,6
141.7,6,isocontour,11.283791670955125,24048.16,50.61,4.5,19.0,1.062,1.6,0.6,1.7,4.0,18.0,1.126,17,6,0,0,6
141.7,7,isocontour,11.283791670955125,21431.88,45.1,-18.3,9.9,0.989,-0.2,0.8,0.8,3.8,18.1,1.123,17,4,0,0,4
141.7,8,isocontour,11.283791670955125,24956.99,52.52,3.5,18.8,1.083,2.9,-0.8,3.0,4.0,18.0,1.126,17,6,0,0,6
141.7,9,isocontour,11.283791670955125,22356.87,47.05,20.7,2.2,0.987,-0.9,-2.5,2.7,3.8,18.1,1.123,17,3,0,0,3
141.7,10,isocontour,11.283791670955125,24123.33,50.76,15.9,10.6,1.086,-2.2,2.0,3.0,3.9,18.1,1.125,17,3,0,0,3
141.7,11,isocontour,11.283791670955125,26089.92,54.9,-13.1,-13.6,1.099,0.4,-1.3,1.4,-13.1,-13.6,1.112,11,4,0,0,4
141.7,12,isocontour,11.283791670955125,22485.23,47.32,-6.5,-19.7,0.988,-3.0,0.3,3.0,-13.6,-12.8,1.112,11,3,0,0,3
141.7,13,isocontour,11.283791670955125,21817.31,45.91,20.4,-4.6,0.984,-0.4,-0.8,0.9,3.7,18.3,1.114,17,2,0,0,2
141.7,14,isocontour,11.283791670955125,24150.12,50.82,9.4,-16.8,1.076,-1.3,-0.4,1.4,-13.6,-12.8,1.112,11,3,0,0,3
141.7,15,isocontour,11.283791670955125,19425.65,40.88,-12.2,15.4,1.051,-0.9,-2.4,2.6,3.9,18.1,1.125,17,3,0,0,3
141.7,16,isocontour,11.283791670955125,37801.21,79.55,-20.7,2.5,0.985,-0.1,4.2,4.2,3.7,18.3,1.114,17,4,0,0,4
141.7,17,isocontour,11.283791670955125,19719.07,41.5,4.2,17.9,1.134,2.5,-2.0,3.2,4.2,17.9,1.126,17,6,0,0,6
141.7,18,isocontour,11.283791670955125,25202.21,53.03,-12.3,16.7,0.99,-0.8,-1.8,2.0,3.9,18.1,1.125,17,3,0,0,3
141.7,19,isocontour,11.283791670955125,21217.39,44.65,-19.8,-6.3,0.99,1.6,-0.4,1.6,-13.6,-12.8,1.112,11,5,0,0,5
141.7,20,isocontour,11.283791670955125,23203.56,48.83,16.8,-11.9,0.998,-2.5,-0.4,2.5,-13.6,-12.8,1.112,11,3,0,0,3
141.7,21,isocontour,11.283791670955125,24094.01,50.7,9.0,-17.3,1.065,0.0,1.8,1.8,-13.6,-12.8,1.112,11,3,0,0,3
141.7,22,isocontour,11.283791670955125,25119.48,52.86,-14.1,-15.5,0.979,0.2,-1.5,1.5,-13.6,-12.8,1.112,11,4,0,0,4
141.7,23,isocontour,11.283791670955125,24257.96,51.05,-18.6,-5.6,1.067,2.1,-0.4,2.1,-13.6,-12.8,1.112,11,5,0,0,5
141.7,24,isocontour,11.283791670955125,25208.11,53.05,4.5,-20.3,0.99,2.7,-0.1,2.7,-13.6,-12.8,1.112,11,3,0,0,3
141.7,25,isocontour,11.283791670955125,24659.54,51.89,-19.6,0.9,1.058,0.1,3.0,3.0,3.7,18.3,1.114,17,4,0,0,4
141.7,Target,,,,,0.0,0.0,4.023,0.0,0.0,,,,,,,,,
141.8,1,isocontour,11.283791670955125,19148.69,40.3,12.2,16.8,0.989,2.4,0.5,2.5,4.2,17.9,1.134,17,6,0,0,6
141.8,2,isocontour,11.283791670955125,19450.02,40.93,-5.7,19.9,0.995,-2.5,-0.4,2.5,4.2,17.9,1.134,17,7,0,0,7
141.8,3,isocontour,11.283791670955125,19253.58,40.52,0.7,20.7,0.995,1.2,0.1,1.2,4.2,17.9,1.134,17,5,0,0,5
141.8,4,isocontour,11.283791670955125,24646.79,51.87,18.1,10.3,0.986,-1.7,0.4,1.7,4.0,18.0,1.126,17,3,0,0,3
141.8,5,isocontour,11.283791670955125,22154.36,46.62,4.3,18.5,1.097,2.4,1.3,2.7,4.2,17.9,1.134,17,6,0,0,6
141.8,6,isocontour,11.283791670955125,24017.33,50.54,4.7,18.8,1.068,2.2,-1.9,2.9,4.2,17.9,1.134,17,6,0,0,6
141.8,7,isocontour,11.283791670955125,21320.02,44.87,-18.1,10.2,0.987,1.8,4.1,4.5,3.9,18.1,1.125,17,4,0,0,4
141.8,8,isocontour,11.283791670955125,24954.84,52.51,3.6,18.8,1.085,1.1,-0.5,1.2,4.2,17.9,1.134,17,6,0,0,6
141.8,9,isocontour,11.283791670955125,22321.72,46.97,20.6,2.4,0.992,-1.1,2.8,3.0,3.9,18.1,1.125,17,3,0,0,3
141.8,10,isocontour,11.283791670955125,24120.96,50.76,15.8,10.7,1.087,-0.8,0.9,1.2,4.0,18.0,1.126,17,3,0,0,3
141.8,11,isocontour,11.283791670955125,26076.24,54.87,-13.3,-13.6,1.093,-2.0,0.8,2.2,-13.3,-13.6,1.112,11,4,0,0,4
141.8,12,isocontour,11.283791670955125,22477.95,47.3,-6.5,-19.6,0.995,1.4,1.1,1.8,-13.6,-12.8,1.112,11,3,0,0,3
141.8,13,isocontour,11.283791670955125,21792.41,45.86,20.3,-4.9,0.986,-1.0,-2.5,2.7,3.8,18.1,1.123,17,2,0,0,2
141.8,14,isocontour,11.283791670955125,24134.3,50.79,9.6,-16.8,1.074,2.2,0.7,2.3,-13.6,-12.8,1.112,11,3,0,0,3
141.8,15,isocontour,11.283791670955125,19421.18,40.87,-12.1,15.4,1.056,1.5,0.1,1.5,4.0,18.0,1.126,17,3,0,0,3
141.8,16,isocontour,11.283791670955125,37799.27,79.54,-20.6,2.5,0.99,1.0,-0.5,1.1,3.8,18.1,1.123,17,4,0,0,4
141.8,17,isocontour,11.283791670955125,19711.03,41.48,4.4,17.7,1.141,1.3,-1.3,1.8,4.4,17.7,1.134,17,6,0,0,6
141.8,18,isocontour,11.283791670955125,25200.55,53.03,-12.4,16.7,0.988,-1.1,-0.0,1.1,4.0,18.0,1.126,17,3,0,0,3
141.8,19,isocontour,11.283791670955125,21216.75,44.65,-19.8,-6.4,0.989,-0.4,-0.7,0.8,3.7,18.3,1.114,17,5,0,0,5
141.8,20,isocontour,11.283791670955125,23202.35,48.83,16.8,-11.8,1.0,0.4,0.9,1.0,3.7,18.3,1.114,17,3,0,0,3
141.8,21,isocontour,11.283791670955125,24072.78,50.66,9.1,-17.0,1.073,1.4,2.1,2.5,-13.6,-12.8,1.112,11,3,0,0,3
141.8,22,isocontour,11.283791670955125,25113.87,52.85,-14.1,-15.4,0.986,0.7,1.5,1.7,-13.6,-12.8,1.112,11,4,0,0,4
141.8,23,isocontour,11.283791670955125,24231.09,50.99,-18.7,-5.3,1.069,-0.9,2.6,2.8,3.7,18.3,1.114,17,5,0,0,5
141.8,24,isocontour,11.283791670955125,25184.04,53.0,4.4,-20.3,0.989,-2.6,-0.7,2.7,-13.6,-12.8,1.112,11,3,0,0,3
141.8,25,isocontour,11.283791670955125,24658.25,51.89,-19.5,1.0,1.059,0.2,1.0,1.0,3.8,18.1,1.123,17,4,0,0,4
141.8,Target,,,,,0.0,0.0,4.023,0.0,0.0,,,,,,,,,
141.9,1,isocontour,11.283791670955125,19148.05,40.29,12.3,16.9,0.984,0.5,0.6,0.8,4.4,17.7,1.141,17,6,0,0,6
141.9,2,isocontour,11.283791670955125,19367.46,40.76,-6.1,19.9,0.987,-4.0,0.5,4.0,4.4,17.7,1.141,17,7,0,0,7
141.9,3,isocontour,11.283791670955125,19241.16,40.49,0.8,20.8,0.988,1.7,1.3,2.1,4.4,17.7,1.141,17,5,0,0,5
141.9,4,isocontour,11.283791670955125,24626.54,51.82,17.9,10.2,0.999,-2.2,-1.2,2.5,4.2,17.9,1.134,17,3,0,0,3
141.9,5,isocontour,11.283791670955125,22135.51,46.58,4.1,18.4,1.103,-2.3,-0.9,2.5,4.4,17.7,1.141,17,6,0,0,6
141.9,6,isocontour,11.283791670955125,24007.78,50.52,4.6,18.9,1.064,-1.5,1.3,2.0,4.4,17.7,1.141,17,6,0,0,6
141.9,7,isocontour,11.283791670955125,21297.01,44.82,-18.0,10.1,0.997,1.3,-2.3,2.6,4.0,18.0,1.126,17,4,0,0,4
141.9,8,isocontour,11.283791670955125,24931.56,52.47,3.4,18.8,1.086,-2.6,0.3,2.6,4.4,17.7,1.141,17,6,0,0,6
141.9,9,isocontour,11.283791670955125,22319.4,46.97,20.5,2.5,0.994,-0.5,1.1,1.2,4.0,18.0,1.126,17,3,0,0,3
141.9,10,isocontour,11.283791670955125,24119.6,50.76,15.9,10.7,1.084,0.9,-0.3,0.9,4.2,17.9,1.134,17,3,0,0,3
141.9,11,isocontour,11.283791670955125,26045.73,54.81,-13.1,-13.7,1.094,2.2,-1.9,2.9,3.7,18.3,1.114,17,4,0,0,4
141.9,12,isocontour,11.283791670955125,22477.48,47.3,-6.4,-19.6,0.997,0.7,-0.1,0.7,-13.6,-12.8,1.112,11,3,0,0,3
141.9,13,isocontour,11.283791670955125,21787.01,45.85,20.1,-5.0,0.992,-1.4,-0.8,1.6,3.9,18.1,1.125,17,2,0,0,2
141.9,14,isocontour,11.283791670955125,24132.95,50.78,9.7,-16.7,1.076,0.6,0.8,1.0,3.7,18.3,1.114,17,3,0,0,3
141.9,15,isocontour,11.283791670955125,19400.68,40.83,-11.9,15.5,1.062,2.5,0.6,2.6,4.2,17.9,1.134,17,3,0,0,3
141.9,16,isocontour,11.283791670955125,37770.31,79.48,-20.5,2.3,0.996,0.8,-2.7,2.8,3.9,18.1,1.125,17,4,0,0,4
141.9,17,isocontour,11.283791670955125,19692.41,41.44,4.2,17.7,1.144,-2.4,0.2,2.4,4.2,17.7,1.141,17,6,0,0,6
141.9,18,isocontour,11.283791670955125,25197.35,53.02,-12.3,16.8,0.987,1.0,0.9,1.3,4.2,17.9,1.134,17,3,0,0,3
141.9,19,isocontour,11.283791670955125,21212.46,44.64,-19.9,-6.4,0.982,-1.5,0.1,1.5,3.8,18.1,1.123,17,5,0,0,5
141.9,20,isocontour,11.283791670955125,23176.05,48.77,16.8,-12.0,0.998,-1.1,-2.5,2.7,3.8,18.1,1.123,17,3,0,0,3
141.9,21,isocontour,11.283791670955125,24071.49,50.66,9.2,-17.0,1.074,0.9,0.4,1.0,3.7,18.3,1.114,17,3,0,0,3
141.9,22,isocontour,11.283791670955125,25111.98,52.85,-14.0,-15.3,0.992,1.1,0.4,1.2,3.7,18.3,1.114,17,4,0,0,4
141.9,23,isocontour,11.283791670955125,24226.07,50.98,-18.6,-5.2,1.075,1.1,1.2,1.6,3.8,18.1,1.123,17,5,0,0,5
141.9,24,isocontour,11.283791670955125,25131.28,52.89,4.1,-20.5,0.985,-3.1,-1.6,3.5,-13.6,-12.8,1.112,11,3,0,0,3
141.9,25,isocontour,11.283791670955125,24628.99,51.83,-19.5,1.3,1.059,-0.1,2.8,2.8,3.9,18.1,1.125,17,4,0,0,4
141.9,Target,,,,,0.0,0.0,4.023,0.0,0.0,,,,,,,,,
142.0,1,isocontour,11.283791670955125,19128.98,40.25,12.4,16.7,0.991,0.7,-2.4,2.5,12.4,16.7,0.984,1,6,0,0,6
142.0,2,isocontour,11.283791670955125,19363.65,40.75,-6.1,20.0,0.979,-0.2,1.4,1.4,-6.1,20.0,0.987,2,7,0,0,7
142.0,3,isocontour,11.283791670955125,19237.2,40.48,1.0,20.8,0.986,1.4,0.1,1.4,1.0,20.8,0.988,3,5,0,0,5
142.0,4,isocontour,11.283791670955125,24624.5,51.82,17.8,10.3,1.0,-0.4,1.1,1.2,17.8,10.3,0.999,4,3,0,0,3
142.0,5,isocontour,11.283791670955125,22111.97,46.53,3.8,18.4,1.105,-2.6,0.3,2.6,3.8,18.4,1.103,5,6,0,0,6
142.0,6,isocontour,11.283791670955125,24003.04,50.51,4.5,18.9,1.069,-1.4,-0.7,1.6,4.5,18.9,1.064,6,6,0,0,6
142.0,7,isocontour,11.283791670955125,21273.47,44.77,-17.9,10.3,0.994,0.2,2.6,2.6,-17.9,10.3,0.997,7,4,0,0,4
142.0,8,isocontour,11.283791670955125,24908.81,52.42,3.2,18.9,1.085,-2.5,0.6,2.6,3.2,18.9,1.086,8,6,0,0,6
142.0,9,isocontour,11.283791670955125,22290.74,46.91,20.8,2.5,0.982,2.8,-0.5,2.8,20.8,2.5,0.994,9,3,0,0,3
142.0,10,isocontour,11.283791670955125,24111.03,50.74,16.1,10.7,1.075,1.9,0.0,1.9,16.1,10.7,1.084,10,3,0,0,3
142.0,11,isocontour,11.283791670955125,26042.93,54.8,-13.1,-13.8,1.091,0.6,-1.2,1.3,-13.1,-13.8,1.094,11,4,0,0,4
142.0,12,isocontour,11.283791670955125,22457.47,47.26,-6.1,-19.7,0.999,2.5,-0.3,2.5,-6.1,-19.7,0.997,12,3,0,0,3
142.0,13,isocontour,11.283791670955125,21772.38,45.82,20.3,-5.1,0.983,1.9,-1.1,2.2,20.3,-5.1,0.992,13,2,0,0,2
142.0,14,isocontour,11.283791670955125,24105.78,50.73,9.9,-16.5,1.076,2.4,1.4,2.8,9.9,-16.5,1.076,14,3,0,0,3
142.0,15,isocontour,11.283791670955125,19394.87,40.81,-11.9,15.3,1.069,-0.3,-1.6,1.6,-11.9,15.3,1.062,15,3,0,0,3
142.0,16,isocontour,11.283791670955125,37743.43,79.43,-20.6,2.0,0.994,-0.8,-2.7,2.8,-20.6,2.0,0.996,16,4,0,0,4
142.0,17,isocontour,11.283791670955125,19668.07,41.39,3.9,17.8,1.141,-2.4,1.2,2.7,3.9,17.8,1.144,17,6,0,0,6
142.0,18,isocontour,11.283791670955125,25182.33,52.99,-12.5,16.7,0.987,-1.8,-1.4,2.3,-12.5,16.7,0.987,18,3,0,0,3
142.0,19,isocontour,11.283791670955125,21210.41,44.63,-19.9,-6.3,0.986,0.9,0.8,1.2,-19.9,-6.3,0.982,19,5,0,0,5
142.0,20,isocontour,11.283791670955125,23122.84,48.66,16.5,-12.3,0.999,-2.4,-2.5,3.5,16.5,-12.3,0.998,20,3,0,0,3
142.0,21,isocontour,11.283791670955125,24069.29,50.65,9.3,-16.9,1.077,0.7,1.0,1.2,9.3,-16.9,1.074,21,3,0,0,3
142.0,22,isocontour,11.283791670955125,25083.32,52.78,-14.2,-15.2,0.99,-2.4,1.5,2.8,-14.2,-15.2,0.992,22,4,0,0,4
142.0,23,isocontour,11.283791670955125,24209.0,50.94,-18.6,-5.0,1.076,-0.7,2.3,2.4,-18.6,-5.0,1.075,23,5,0,0,5
142.0,24,isocontour,11.283791670955125,25105.27,52.83,3.8,-20.5,0.988,-2.7,0.3,2.7,3.8,-20.5,0.985,24,3,0,0,3
142.0,25,isocontour,11.283791670955125,24599.41,51.77,-19.5,1.5,1.059,0.3,2.8,2.8,-19.5,1.5,1.059,25,4,0,0,4
142.0,Target,,,,,0.0,0.0,4.023,0.0,0.0,,,,,,,,,
142.1,1,isocontour,11.283791670955125,19116.73,40.23,12.3,16.8,0.986,-0.7,2.0,2.1,3.9,17.8,1.144,17,6,0,0,6
142.1,2,isocontour,11.283791670955125,19328.84,40.68,-5.9,19.9,0.989,2.6,-1.5,3.0,3.9,17.8,1.144,17,7,0,0,7
142.1,3,isocontour,11.283791670955125,19203.41,40.41,1.2,20.7,0.991,2.6,-1.4,3.0,3.9,17.8,1.144,17,5,0,0,5
142.1,4,isocontour,11.283791670955125,24568.49,51.7,18.1,10.2,0.987,3.5,-0.8,3.6,16.1,10.7,1.084,10,3,0,0,3
142.1,5,isocontour,11.283791670955125,22084.21,46.47,4.0,18.4,1.102,2.8,0.1,2.8,3.9,17.8,1.144,17,6,0,0,6
142.1,6,isocontour,11.283791670955125,23974.98,50.45,4.6,18.8,1.072,2.5,-1.2,2.8,3.9,17.8,1.144,17,6,0,0,6
142.1,7,isocontour,11.283791670955125,21270.79,44.76,-17.9,10.5,0.991,0.2,1.3,1.3,-11.9,15.3,1.069,15,4,0,0,4
142.1,8,isocontour,11.283791670955125,24906.49,52.41,3.2,18.8,1.087,1.1,-0.5,1.2,3.9,17.8,1.144,17,6,0,0,6
142.1,9,isocontour,11.283791670955125,22285.14,46.9,20.9,2.5,0.973,1.3,1.0,1.6,16.1,10.7,1.084,10,3,0,0,3
142.1,10,isocontour,11.283791670955125,24095.82,50.71,16.3,10.7,1.063,2.2,0.5,2.3,16.3,10.7,1.084,10,3,0,0,3
142.1,11,isocontour,11.283791670955125,26011.45,54.74,-12.9,-14.0,1.093,2.3,-1.8,2.9,-12.9,-14.0,1.094,11,4,0,0,4
142.1,12,isocontour,11.283791670955125,22455.04,47.25,-6.2,-19.6,1.002,-0.9,0.9,1.3,-13.1,-13.8,1.094,11,3,0,0,3
142.1,13,isocontour,11.283791670955125,21766.14,45.8,20.4,-5.2,0.975,0.8,-1.5,1.7,16.5,-12.3,0.999,20,2,0,0,2
142.1,14,isocontour,11.283791670955125,24090.56,50.7,10.1,-16.5,1.073,2.2,0.5,2.3,9.3,-16.9,1.077,21,3,0,0,3
142.1,15,isocontour,11.283791670955125,19367.7,40.76,-12.1,15.1,1.071,-2.0,-1.9,2.8,-12.1,15.1,1.069,15,3,0,0,3
142.1,16,isocontour,11.283791670955125,37739.47,79.42,-20.7,2.0,0.987,-1.3,0.5,1.4,-18.6,-5.0,1.076,23,4,0,0,4
142.1,17,isocontour,11.283791670955125,19643.72,41.34,4.1,17.9,1.131,2.4,1.2,2.7,4.1,17.9,1.144,17,6,0,0,6
142.1,18,isocontour,11.283791670955125,25179.13,52.99,-12.5,16.5,0.991,-0.2,-1.3,1.3,-11.9,15.3,1.069,15,3,0,0,3
142.1,19,isocontour,11.283791670955125,21207.06,44.63,-19.7,-6.3,0.993,1.3,0.2,1.3,-13.1,-13.8,1.094,11,5,0,0,5
142.1,20,isocontour,11.283791670955125,23119.11,48.65,16.6,-12.4,0.993,1.2,-0.7,1.4,9.3,-16.9,1.077,21,3,0,0,3
142.1,21,isocontour,11.283791670955125,24047.05,50.6,9.5,-16.8,1.075,2.4,0.8,2.5,9.5,-16.8,1.077,21,3,0,0,3
142.1,22,isocontour,11.283791670955125,25078.68,52.77,-14.2,-15.3,0.984,0.0,-1.5,1.5,-13.1,-13.8,1.094,11,4,0,0,4
142.1,23,isocontour,11.283791670955125,24207.76,50.94,-18.6,-4.9,1.08,0.6,0.8,1.0,-13.1,-13.8,1.094,11,5,0,0,5
142.1,24,isocontour,11.283791670955125,25083.28,52.78,3.5,-20.4,0.991,-2.6,0.2,2.6,9.3,-16.9,1.077,21,3,0,0,3
142.1,25,isocontour,11.283791670955125,24599.0,51.77,-19.5,1.6,1.059,0.1,0.7,0.7,-18.6,-5.0,1.076,23,4,0,0,4
142.1,Target,,,,,0.0,0.0,4.023,0.0,0.0,,,,,,,,,
142.2,1,isocontour,11.283791670955125,19096.47,40.19,12.5,16.8,0.981,2.4,-0.7,2.5,3.9,17.8,1.144,17,6,0,0,6
142.2,2,isocontour,11.283791670955125,19309.3,40.63,-5.7,19.8,0.997,2.3,-0.9,2.5,3.9,17.8,1.144,17,7,0,0,7
142.2,3,isocontour,11.283791670955125,19202.75,40.41,1.2,20.7,0.994,-0.7,-0.3,0.8,3.9,17.8,1.144,17,5,0,0,5
142.2,4,isocontour,11.283791670955125,24552.26,51.67,18.0,10.4,0.988,-1.7,1.6,2.3,3.9,17.8,1.144,17,3,0,0,3
142.2,5,isocontour,11.283791670955125,22062.73,46.43,4.0,18.6,1.09,-1.0,2.4,2.6,3.9,17.8,1.144,17,6,0,0,6
142.2,6,isocontour,11.283791670955125,23973.33,50.45,4.6,18.8,1.074,-1.1,0.2,1.1,3.9,17.8,1.144,17,6,0,0,6
142.2,7,isocontour,11.283791670955125,21163.38,44.54,-18.1,10.2,0.989,-2.3,-3.7,4.4,-18.6,-5.0,1.076,23,4,0,0,4
142.2,8,isocontour,11.283791670955125,24903.21,52.41,3.1,18.8,1.09,-1.3,-0.4,1.4,3.9,17.8,1.144,17,6,0,0,6
142.2,9,isocontour,11.283791670955125,22280.21,46.89,20.8,2.6,0.978,-1.3,0.8,1.5,16.1,10.7,1.084,10,3,0,0,3
142.2,10,isocontour,11.283791670955125,24090.99,50.7,16.4,10.8,1.054,0.9,1.3,1.6,3.9,17.8,1.144,17,3,0,0,3
142.2,11,isocontour,11.283791670955125,25997.02,54.71,-12.6,-14.1,1.098,2.2,-0.5,2.3,-13.1,-13.8,1.094,11,4,0,0,4
142.2,12,isocontour,11.283791670955125,22418.12,47.18,-6.5,-19.5,1.0,-3.0,0.5,3.0,-13.1,-13.8,1.094,11,3,0,0,3
142.2,13,isocontour,11.283791670955125,21744.66,45.76,20.3,-5.5,0.975,-0.7,-2.5,2.6,16.1,10.7,1.084,10,2,0,0,2
142.2,14,isocontour,11.283791670955125,24071.02,50.65,10.3,-16.4,1.072,2.2,1.2,2.5,9.3,-16.9,1.077,21,3,0,0,3
142.2,15,isocontour,11.283791670955125,19366.13,40.75,-12.2,15.1,1.068,-1.1,-0.1,1.1,3.9,17.8,1.144,17,3,0,0,3
142.2,16,isocontour,11.283791670955125,37738.62,79.42,-20.7,2.0,0.989,0.6,-0.6,0.8,-13.1,-13.8,1.094,11,4,0,0,4
142.2,17,isocontour,11.283791670955125,19642.81,41.34,4.1,17.9,1.134,-0.3,-0.8,0.9,3.9,17.8,1.144,17,6,0,0,6
142.2,18,isocontour,11.283791670955125,25165.08,52.96,-12.4,16.7,0.987,0.9,2.0,2.2,3.9,17.8,1.144,17,3,0,0,3
142.2,19,isocontour,11.283791670955125,21205.96,44.63,-19.7,-6.2,0.998,0.8,0.5,0.9,-13.1,-13.8,1.094,11,5,0,0,5
142.2,20,isocontour,11.283791670955125,23103.7,48.62,16.8,-12.4,0.982,2.2,-0.6,2.3,9.3,-16.9,1.077,21,3,0,0,3
142.2,21,isocontour,11.283791670955125,24044.5,50.6,9.6,-16.7,1.079,0.4,1.2,1.3,9.3,-16.9,1.077,21,3,0,0,3
142.2,22,isocontour,11.283791670955125,25049.41,52.71,-14.0,-15.4,0.989,2.7,-0.9,2.8,-13.1,-13.8,1.094,11,3,0,0,3
142.2,23,isocontour,11.283791670955125,24205.49,50.94,-18.7,-4.9,1.075,-1.2,0.3,1.2,-13.1,-13.8,1.094,11,4,0,0,4
142.2,24,isocontour,11.283791670955125,25081.63,52.78,3.6,-20.4,0.993,1.0,0.4,1.1,-13.1,-13.8,1.094,11,3,0,0,3
142.2,25,isocontour,11.283791670955125,24594.45,51.76,-19.4,1.6,1.065,1.1,-1.1,1.6,-13.1,-13.8,1.094,11,4,0,0,4
142.2,Target,,,,,0.0,0.0,4.023,0.0,0.0,,,,,,,,,
142.3,1,isocontour,11.283791670955125,19091.55,40.18,12.5,16.6,0.988,-0.6,-1.4,1.5,3.9,17.8,1.144,17,6,0,0,6
142.3,2,isocontour,11.283791670955125,19308.8,40.63,-5.7,19.8,0.999,-0.7,-0.3,0.8,3.9,17.8,1.144,17,7,0,0,7
142.3,3,isocontour,11.283791670955125,19197.83,40.4,1.2,20.8,0.987,-0.1,1.6,1.6,3.9,17.8,1.144,17,5,0,0,5
142.3,4,isocontour,11.283791670955125,24548.69,51.66,17.9,10.4,0.994,-1.4,-0.0,1.4,3.9,17.8,1.144,17,3,0,0,3
142.3,5,isocontour,11.283791670955125,22035.85,46.37,3.8,18.6,1.092,-2.8,-0.2,2.8,3.9,17.8,1.144,17,6,0,0,6
142.3,6,isocontour,11.283791670955125,23971.67,50.45,4.5,18.8,1.075,-1.1,0.1,1.1,3.9,17.8,1.144,17,6,0,0,6
142.3,7,isocontour,11.283791670955125,21159.66,44.53,-18.1,10.0,0.994,0.3,-1.4,1.4,3.9,17.8,1.144,17,4,0,0,4
142.3,8,isocontour,11.283791670955125,24880.97,52.36,2.9,18.8,1.09,-2.5,0.5,2.5,3.9,17.8,1.144,17,6,0,0,6
142.3,9,isocontour,11.283791670955125,22253.91,46.83,20.8,2.9,0.978,-0.3,2.7,2.7,3.9,17.8,1.144,17,3,0,0,3
142.3,10,isocontour,11.283791670955125,24076.56,50.67,16.6,10.8,1.045,2.2,-0.6,2.3,3.9,17.8,1.144,17,3,0,0,3
142.3,11,isocontour,11.283791670955125,25995.54,54.7,-12.5,-14.1,1.1,0.8,-0.6,1.0,-12.5,-14.1,1.098,11,4,0,0,4
142.3,12,isocontour,11.283791670955125,22411.19,47.16,-6.5,-19.7,0.992,-0.2,-1.7,1.7,-12.6,-14.1,1.098,11,3,0,0,3
142.3,13,isocontour,11.283791670955125,21718.93,45.7,20.1,-5.6,0.985,-2.6,-0.8,2.7,16.1,10.7,1.084,10,2,0,0,2
142.3,14,isocontour,11.283791670955125,24055.0,50.62,10.3,-16.5,1.067,-1.5,-1.8,2.3,-13.1,-13.8,1.094,11,3,0,0,3
142.3,15,isocontour,11.283791670955125,19359.21,40.74,-12.1,15.2,1.064,0.8,1.5,1.7,3.9,17.8,1.144,17,3,0,0,3
142.3,16,isocontour,11.283791670955125,37736.24,79.41,-20.7,1.9,0.991,0.2,-1.2,1.2,-13.1,-13.8,1.094,11,4,0,0,4
142.3,17,isocontour,11.283791670955125,19613.23,41.27,3.9,17.9,1.137,-2.8,0.3,2.8,3.9,17.8,1.144,17,6,0,0,6
142.3,18,isocontour,11.283791670955125,25164.01,52.95,-12.3,16.7,0.989,0.9,-0.0,0.9,3.9,17.8,1.144,17,3,0,0,3
142.3,19,isocontour,11.283791670955125,21183.72,44.58,-19.7,-6.4,0.992,-0.9,-2.4,2.6,-12.6,-14.1,1.098,11,5,0,0,5
142.3,20,isocontour,11.283791670955125,23099.14,48.61,16.8,-12.6,0.976,-0.2,-1.5,1.5,16.1,10.7,1.084,10,3,0,0,3
142.3,21,isocontour,11.283791670955125,24037.21,50.58,9.5,-16.8,1.075,-1.0,-1.5,1.8,-13.1,-13.8,1.094,11,3,0,0,3
142.3,22,isocontour,11.283791670955125,25042.94,52.7,-13.8,-15.5,0.989,1.1,-1.3,1.7,-12.6,-14.1,1.098,11,3,0,0,3
142.3,23,isocontour,11.283791670955125,24204.13,50.93,-18.8,-4.8,1.07,-0.9,0.4,1.0,-12.6,-14.1,1.098,11,4,0,0,4
142.3,24,isocontour,11.283791670955125,25076.8,52.77,3.5,-20.5,0.987,-0.7,-1.4,1.6,-13.1,-13.8,1.094,11,3,0,0,3
142.3,25,isocontour,11.283791670955125,24556.44,51.68,-19.4,1.3,1.067,-0.0,-3.1,3.1,-13.1,-13.8,1.094,11,4,0,0,4
142.3,Target,,,,,0.0,0.0,4.023,0.0,0.0,,,,,,,,,
142.4,1,isocontour,11.283791670955125,19074.91,40.14,12.5,16.4,0.998,0.1,-2.3,2.3,3.9,17.8,1.144,17,6,0,0,6
142.4,2,isocontour,11.283791670955125,19287.07,40.59,-5.9,19.9,0.989,-2.0,1.7,2.6,3.9,17.8,1.144,17,7,0,0,7
142.4,3,isocontour,11.283791670955125,19186.42,40.38,1.0,20.9,0.981,-1.8,1.0,2.1,3.9,17.8,1.144,17,5,0,0,5
142.4,4,isocontour,11.283791670955125,24547.9,51.66,17.9,10.4,0.992,0.5,0.7,0.9,3.9,17.8,1.144,17,3,0,0,3
142.4,5,isocontour,11.283791670955125,22032.13,46.36,3.6,18.6,1.098,-1.2,-0.8,1.4,3.9,17.8,1.144,17,6,0,0,6
142.4,6,isocontour,11.283791670955125,23969.57,50.44,4.4,18.8,1.075,-1.1,0.3,1.1,3.9,17.8,1.144,17,6,0,0,6
142.4,7,isocontour,11.283791670955125,21158.41,44.53,-18.1,10.0,0.993,0.3,0.9,0.9,3.9,17.8,1.144,17,4,0,0,4
142.4,8,isocontour,11.283791670955125,24880.41,52.36,2.8,18.8,1.091,-0.7,-0.1,0.7,3.9,17.8,1.144,17,6,0,0,6
142.4,9,isocontour,11.283791670955125,22250.84,46.82,20.7,3.0,0.983,-1.0,0.8,1.3,3.9,17.8,1.144,17,3,0,0,3
142.4,10,isocontour,11.283791670955125,24049.97,50.61,16.8,11.0,1.031,1.4,2.4,2.8,3.9,17.8,1.144,17,3,0,0,3
142.4,11,isocontour,11.283791670955125,25994.26,54.7,-12.6,-14.1,1.102,-0.5,0.9,1.0,-12.6,-14.1,1.1,11,4,0,0,4
142.4,12,isocontour,11.283791670955125,22406.36,47.15,-6.5,-19.8,0.985,0.6,-1.4,1.5,-12.5,-14.1,1.1,11,3,0,0,3
142.4,13,isocontour,11.283791670955125,21718.16,45.7,20.1,-5.6,0.985,0.3,-0.8,0.9,3.9,17.8,1.144,17,2,0,0,2
142.4,14,isocontour,11.283791670955125,24028.99,50.57,10.1,-16.7,1.064,-2.0,-1.9,2.8,-13.1,-13.8,1.094,11,3,0,0,3
142.4,15,isocontour,11.283791670955125,19352.05,40.72,-12.0,15.4,1.06,0.9,1.5,1.7,3.9,17.8,1.144,17,3,0,0,3
142.4,16,isocontour,11.283791670955125,37725.16,79.39,-20.8,1.9,0.982,-1.8,1.0,2.1,3.9,17.8,1.144,17,4,0,0,4
142.4,17,isocontour,11.283791670955125,19588.34,41.22,3.6,17.9,1.138,-2.7,0.4,2.7,3.9,17.8,1.144,17,6,0,0,6
142.4,18,isocontour,11.283791670955125,25138.0,52.9,-12.1,16.7,0.997,2.7,-0.1,2.7,3.9,17.8,1.144,17,3,0,0,3
142.4,19,isocontour,11.283791670955125,21033.64,44.26,-19.7,-6.9,0.984,0.2,-4.9,4.9,-12.5,-14.1,1.1,11,5,0,0,5
142.4,20,isocontour,11.283791670955125,23098.11,48.61,16.8,-12.5,0.978,0.1,0.9,0.9,-13.1,-13.8,1.094,11,3,0,0,3
142.4,21,isocontour,11.283791670955125,24009.46,50.52,9.3,-16.9,1.078,-2.7,-0.8,2.8,-13.1,-13.8,1.094,11,3,0,0,3
142.4,22,isocontour,11.283791670955125,25006.74,52.62,-13.7,-15.3,1.002,1.3,2.7,3.0,-12.5,-14.1,1.1,11,3,0,0,3
142.4,23,isocontour,11.283791670955125,24183.15,50.89,-18.9,-4.6,1.068,-1.0,2.3,2.5,-12.5,-14.1,1.1,11,4,0,0,4
142.4,24,isocontour,11.283791670955125,25052.99,52.72,3.3,-20.6,0.987,-2.6,-0.3,2.6,-12.6,-14.1,1.098,11,3,0,0,3
142.4,25,isocontour,11.283791670955125,24527.17,51.61,-19.4,1.5,1.067,0.2,2.8,2.8,3.9,17.8,1.144,17,4,0,0,4
142.4,Target,,,,,0.0,0.0,4.023,0.0,0.0,,,,,,,,,
142.5,1,isocontour,11.283791670955125,19062.66,40.12,12.4,16.5,0.994,-0.8,2.0,2.2,3.9,17.8,1.144,17,6,0,0,6
142.5,2,isocontour,11.283791670955125,19224.17,40.45,-6.2,20.0,0.981,-3.6,0.4,3.6,3.9,17.8,1.144,17,7,0,0,7
142.5,3,isocontour,11.283791670955125,19162.07,40.32,0.8,20.8,0.985,-2.5,-0.9,2.7,3.9,17.8,1.144,17,5,0,0,5
142.5,4,isocontour,11.283791670955125,24506.12,51.57,18.1,10.2,0.988,2.2,-2.3,3.2,3.9,17.8,1.144,17,3,0,0,3
142.5,5,isocontour,11.283791670955125,22029.98,46.36,3.7,18.6,1.099,1.2,-0.1,1.2,3.9,17.8,1.144,17,6,0,0,6
142.5,6,isocontour,11.283791670955125,23966.57,50.43,4.4,18.7,1.08,0.7,-1.1,1.3,3.9,17.8,1.144,17,6,0,0,6
142.5,7,isocontour,11.283791670955125,21074.62,44.35,-18.3,9.8,0.993,-2.0,-3.5,4.0,3.9,17.8,1.144,17,4,0,0,4
142.5,8,isocontour,11.283791670955125,24878.03,52.35,2.9,18.8,1.094,1.1,-0.6,1.3,3.9,17.8,1.144,17,6,0,0,6
142.5,9,isocontour,11.283791670955125,22246.37,46.81,20.6,3.1,0.989,-1.3,0.7,1.5,3.9,17.8,1.144,17,3,0,0,3
142.5,10,isocontour,11.283791670955125,24046.01,50.6,16.7,11.1,1.028,-0.5,1.4,1.5,3.9,17.8,1.144,17,3,0,0,3
142.5,11,isocontour,11.283791670955125,25980.4,54.67,-12.8,-14.1,1.092,-2.1,-0.7,2.2,-12.8,-14.1,1.102,11,3,0,0,3
142.5,12,isocontour,11.283791670955125,22405.63,47.15,-6.5,-19.9,0.98,0.0,-0.8,0.8,-12.6,-14.1,1.102,11,3,0,0,3
142.5,13,isocontour,11.283791670955125,21716.64,45.7,20.1,-5.6,0.986,0.0,1.0,1.0,3.9,17.8,1.144,17,2,0,0,2
142.5,14,isocontour,11.283791670955125,24019.14,50.55,9.9,-16.8,1.06,-1.3,-1.5,2.0,-12.6,-14.1,1.098,11,3,0,0,3
142.5,15,isocontour,11.283791670955125,19339.45,40.7,-12.2,15.4,1.055,-2.1,-0.5,2.2,3.9,17.8,1.144,17,3,0,0,3
142.5,16,isocontour,11.283791670955125,37718.35,79.37,-20.8,2.1,0.981,0.2,1.7,1.7,3.9,17.8,1.144,17,4,0,0,4
142.5,17,isocontour,11.283791670955125,19554.22,41.15,3.8,17.9,1.136,3.0,-0.1,3.0,3.9,17.8,1.144,17,6,0,0,6
142.5,18,isocontour,11.283791670955125,25106.85,52.83,-11.9,16.9,0.997,2.2,1.8,2.8,3.9,17.8,1.144,17,3,0,0,3
142.5,19,isocontour,11.283791670955125,21013.62,44.22,-19.7,-7.1,0.982,0.6,-2.4,2.5,3.9,17.8,1.144,17,5,0,0,5
142.5,20,isocontour,11.283791670955125,23078.57,48.57,16.8,-12.3,0.988,-1.0,2.3,2.5,3.9,17.8,1.144,17,3,0,0,3
142.5,21,isocontour,11.283791670955125,23984.0,50.47,9.1,-17.1,1.073,-1.7,-2.1,2.7,-12.6,-14.1,1.098,11,3,0,0,3
142.5,22,isocontour,11.283791670955125,25004.42,52.62,-13.6,-15.2,1.01,0.5,1.1,1.2,-12.6,-14.1,1.102,11,3,0,0,3
142.5,23,isocontour,11.283791670955125,24155.1,50.83,-19.0,-4.4,1.064,-1.1,2.6,2.8,3.9,17.8,1.144,17,3,0,0,3
142.5,24,isocontour,11.283791670955125,25028.91,52.67,3.5,-20.5,0.99,2.5,1.0,2.7,-12.5,-14.1,1.1,11,3,0,0,3
142.5,25,isocontour,11.283791670955125,24525.38,51.61,-19.4,1.6,1.066,-0.1,1.1,1.1,3.9,17.8,1.144,17,4,0,0,4
142.5,Target,,,,,0.0,0.0,4.023,0.0,0.0,,,,,,,,,
142.6,1,isocontour,11.283791670955125,19060.86,40.11,12.4,16.7,0.989,-0.0,1.1,1.1,3.9,17.8,1.144,17,6,0,0,6
142.6,2,isocontour,11.283791670955125,19222.42,40.45,-6.3,19.9,0.984,-0.2,-1.1,1.1,3.9,17.8,1.144,17,7,0,0,7
142.6,3,isocontour,11.283791670955125,19128.29,40.25,1.0,20.7,0.992,2.6,-1.4,3.0,3.9,17.8,1.144,17,5,0,0,5
142.6,4,isocontour,11.283791670955125,24464.73,51.48,18.1,10.5,0.981,-0.4,3.2,3.2,3.9,17.8,1.144,17,3,0,0,3
142.6,5,isocontour,11.283791670955125,21998.83,46.29,4.0,18.5,1.098,2.9,-0.4,2.9,3.9,17.8,1.144,17,6,0,0,6
142.6,6,isocontour,11.283791670955125,23964.14,50.43,4.5,18.6,1.084,0.7,-1.0,1.2,3.9,17.8,1.144,17,6,0,0,6
142.6,7,isocontour,11.283791670955125,21069.21,44.34,-18.4,9.8,0.986,-0.8,1.4,1.6,3.9,17.8,1.144,17,4,0,0,4
142.6,8,isocontour,11.283791670955125,24842.88,52.28,3.2,18.7,1.094,3.0,-0.4,3.0,3.9,17.8,1.144,17,6,0,0,6
142.6,9,isocontour,11.283791670955125,22243.51,46.81,20.5,3.2,0.993,-0.9,1.0,1.3,3.9,17.8,1.144,17,3,0,0,3
142.6,10,isocontour,11.283791670955125,24036.88,50.58,16.6,11.3,1.029,-1.3,1.4,1.9,3.9,17.8,1.144,17,3,0,0,3
142.6,11,isocontour,11.283791670955125,25964.38,54.64,-13.0,-14.2,1.079,-2.2,-0.7,2.3,3.9,17.8,1.144,17,3,0,0,3
142.6,12,isocontour,11.283791670955125,22397.72,47.13,-6.5,-19.8,0.987,-0.4,1.8,1.8,-12.6,-14.1,1.102,11,3,0,0,3
142.6,13,isocontour,11.283791670955125,21681.49,45.63,19.9,-5.3,0.997,-1.7,2.5,3.0,3.9,17.8,1.144,17,2,0,0,2
142.6,14,isocontour,11.283791670955125,23990.18,50.48,9.7,-16.9,1.067,-2.8,0.1,2.8,3.9,17.8,1.144,17,3,0,0,3
142.6,15,isocontour,11.283791670955125,19328.04,40.67,-12.4,15.3,1.054,-1.7,-1.2,2.1,3.9,17.8,1.144,17,3,0,0,3
142.6,16,isocontour,11.283791670955125,37711.31,79.36,-20.7,2.2,0.988,1.7,0.5,1.8,3.9,17.8,1.144,17,4,0,0,4
142.6,17,isocontour,11.283791670955125,19521.77,41.08,4.1,17.9,1.133,2.9,-0.3,2.9,3.9,17.8,1.144,17,6,0,0,6
142.6,18,isocontour,11.283791670955125,25091.83,52.8,-11.9,17.1,0.986,-1.2,1.9,2.2,3.9,17.8,1.144,17,3,0,0,3
142.6,19,isocontour,11.283791670955125,20995.01,44.18,-19.5,-7.4,0.983,1.2,-2.1,2.4,3.9,17.8,1.144,17,5,0,0,5
142.6,20,isocontour,11.283791670955125,23076.53,48.56,16.6,-12.3,0.994,-1.1,-0.2,1.1,3.9,17.8,1.144,17,3,0,0,3
142.6,21,isocontour,11.283791670955125,23957.99,50.42,9.3,-17.0,1.071,2.4,1.2,2.7,3.9,17.8,1.144,17,3,0,0,3
142.6,22,isocontour,11.283791670955125,24995.71,52.6,-13.7,-15.0,1.013,-1.1,1.5,1.9,3.9,17.8,1.144,17,3,0,0,3
142.6,23,isocontour,11.283791670955125,24122.65,50.76,-19.1,-4.1,1.059,-1.6,2.5,3.0,3.9,17.8,1.144,17,3,0,0,3
142.6,24,isocontour,11.283791670955125,25027.11,52.67,3.5,-20.4,0.994,0.6,0.9,1.1,-12.6,-14.1,1.102,11,3,0,0,3
142.6,25,isocontour,11.283791670955125,24523.17,51.61,-19.4,1.7,1.067,0.4,1.1,1.2,3.9,17.8,1.144,17,4,0,0,4
142.6,Target,,,,,0.0,0.0,4.023,0.0,0.0,,,,,,,,,
142.7,1,isocontour,11.283791670955125,19060.83,40.11,12.4,16.7,0.989,-0.3,0.1,0.3,3.9,17.8,1.144,17,6,0,0,6
142.7,2,isocontour,11.283791670955125,19184.78,40.37,-6.0,19.8,0.994,2.9,-1.1,3.1,3.9,17.8,1.144,17,7,0,0,7
142.7,3,isocontour,11.283791670955125,19127.84,40.25,0.9,20.7,0.992,-0.7,0.2,0.7,3.9,17.8,1.144,17,5,0,0,5
142.7,4,isocontour,11.283791670955125,24449.32,51.45,18.1,10.3,0.987,-0.5,-2.2,2.3,3.9,17.8,1.144,17,3,0,0,3
142.7,5,isocontour,11.283791670955125,21897.86,46.08,3.6,18.6,1.099,-4.3,0.6,4.3,3.9,17.8,1.144,17,6,0,0,6
142.7,6,isocontour,11.283791670955125,23959.21,50.42,4.6,18.7,1.077,0.8,1.4,1.6,3.9,17.8,1.144,17,6,0,0,6
142.7,7,isocontour,11.283791670955125,21067.89,44.33,-18.4,9.8,0.985,-0.4,-0.9,1.0,3.9,17.8,1.144,17,4,0,0,4
142.7,8,isocontour,11.283791670955125,24839.38,52.27,3.3,18.8,1.087,0.9,1.1,1.4,3.9,17.8,1.144,17,6,0,0,6
142.7,9,isocontour,11.283791670955125,22241.41,46.8,20.4,3.3,0.994,-0.2,1.2,1.2,3.9,17.8,1.144,17,3,0,0,3
142.7,10,isocontour,11.283791670955125,24019.16,50.55,16.6,11.1,1.036,-0.1,-2.4,2.4,3.9,17.8,1.144,17,3,0,0,3
142.7,11,isocontour,11.283791670955125,25945.53,54.6,-12.9,-14.4,1.071,0.8,-2.3,2.4,3.9,17.8,1.144,17,3,0,0,3
142.7,12,isocontour,11.283791670955125,22395.67,47.13,-6.4,-19.7,0.993,0.8,0.8,1.1,3.9,17.8,1.144,17,3,0,0,3
142.7,13,isocontour,11.283791670955125,21676.66,45.62,20.0,-5.3,0.992,1.5,0.1,1.5,3.9,17.8,1.144,17,2,0,0,2
142.7,14,isocontour,11.283791670955125,23938.33,50.38,9.8,-16.6,1.076,2.0,2.8,3.4,3.9,17.8,1.144,17,3,0,0,3
142.7,15,isocontour,11.283791670955125,19302.31,40.62,-12.5,15.5,1.04,-1.1,2.5,2.7,3.9,17.8,1.144,17,3,0,0,3
142.7,16,isocontour,11.283791670955125,37709.99,79.36,-20.6,2.1,0.992,0.4,-0.9,1.0,3.9,17.8,1.144,17,4,0,0,4
142.7,17,isocontour,11.283791670955125,19511.0,41.06,4.1,18.1,1.123,-0.5,2.0,2.1,3.9,17.8,1.144,17,6,0,0,6
142.7,18,isocontour,11.283791670955125,25080.09,52.78,-12.1,17.0,0.987,-1.3,-1.6,2.1,3.9,17.8,1.144,17,3,0,0,3
142.7,19,isocontour,11.283791670955125,20962.23,44.11,-19.3,-7.2,0.996,2.2,2.0,3.0,3.9,17.8,1.144,17,5,0,0,5
142.7,20,isocontour,11.283791670955125,23075.53,48.56,16.6,-12.4,0.994,-0.5,-0.8,0.9,3.9,17.8,1.144,17,3,0,0,3
142.7,21,isocontour,11.283791670955125,23951.06,50.4,9.2,-16.9,1.079,-1.4,1.0,1.7,3.9,17.8,1.144,17,3,0,0,3
142.7,22,isocontour,11.283791670955125,24980.5,52.57,-13.6,-14.9,1.025,1.5,1.7,2.3,3.9,17.8,1.144,17,3,0,0,3
142.7,23,isocontour,11.283791670955125,24104.7,50.73,-19.1,-3.9,1.061,0.2,2.4,2.4,3.9,17.8,1.144,17,3,0,0,3
142.7,24,isocontour,11.283791670955125,25025.63,52.66,3.6,-20.4,0.995,1.0,0.2,1.0,3.9,17.8,1.144,17,3,0,0,3
142.7,25,isocontour,11.283791670955125,24509.49,51.58,-19.5,1.6,1.059,-1.7,-1.4,2.2,3.9,17.8,1.144,17,4,0,0,4
142.7,Target,,,,,0.0,0.0,4.023,0.0,0.0,,,,,,,,,
142.8,1,isocontour,11.283791670955125,19023.19,40.03,12.1,16.6,1.0,-3.0,-0.8,3.1,3.9,17.8,1.144,17,6,0,0,6
142.8,2,isocontour,11.283791670955125,19164.77,40.33,-6.2,19.8,0.992,-2.5,-0.0,2.5,3.9,17.8,1.144,17,7,0,0,7
142.8,3,isocontour,11.283791670955125,19123.72,40.24,0.9,20.8,0.985,-0.1,1.5,1.5,3.9,17.8,1.144,17,5,0,0,5
142.8,4,isocontour,11.283791670955125,24442.96,51.44,17.9,10.2,0.996,-1.4,-1.0,1.7,3.9,17.8,1.144,17,3,0,0,3
142.8,5,isocontour,11.283791670955125,21896.54,46.08,3.6,18.5,1.102,0.8,-0.7,1.1,3.9,17.8,1.144,17,6,0,0,6
142.8,6,isocontour,11.283791670955125,23925.43,50.35,4.3,18.7,1.079,-3.0,0.1,3.0,3.9,17.8,1.144,17,6,0,0,6
142.8,7,isocontour,11.283791670955125,21046.16,44.29,-18.3,9.5,0.995,1.1,-2.3,2.5,3.9,17.8,1.144,17,4,0,0,4
142.8,8,isocontour,11.283791670955125,24818.4,52.23,3.1,18.9,1.082,-2.3,1.1,2.5,3.9,17.8,1.144,17,6,0,0,6
142.8,9,isocontour,11.283791670955125,22240.09,46.8,20.4,3.4,0.994,-0.1,1.0,1.0,3.9,17.8,1.144,17,3,0,0,3
142.8,10,isocontour,11.283791670955125,23998.91,50.5,16.7,10.9,1.038,1.3,-2.2,2.6,3.9,17.8,1.144,17,3,0,0,3
142.8,11,isocontour,11.283791670955125,25943.64,54.6,-12.9,-14.3,1.074,-0.1,1.1,1.1,3.9,17.8,1.144,17,3,0,0,3
142.8,12,isocontour,11.283791670955125,22394.23,47.13,-6.5,-19.6,0.994,-1.0,0.4,1.1,3.9,17.8,1.144,17,3,0,0,3
142.8,13,isocontour,11.283791670955125,21658.04,45.58,20.3,-5.3,0.98,2.4,0.2,2.4,3.9,17.8,1.144,17,2,0,0,2
142.8,14,isocontour,11.283791670955125,23908.76,50.31,9.6,-16.7,1.078,-2.5,-1.3,2.8,3.9,17.8,1.144,17,3,0,0,3
142.8,15,isocontour,11.283791670955125,19294.01,40.6,-12.4,15.6,1.035,0.9,1.6,1.8,3.9,17.8,1.144,17,3,0,0,3
142.8,16,isocontour,11.283791670955125,37708.85,79.35,-20.6,2.2,0.991,-0.1,0.9,0.9,3.9,17.8,1.144,17,4,0,0,4
142.8,17,isocontour,11.283791670955125,19509.72,41.06,4.0,18.1,1.123,-1.0,-0.0,1.0,3.9,17.8,1.144,17,6,0,0,6
142.8,18,isocontour,11.283791670955125,25049.58,52.71,-11.9,17.1,0.99,2.5,1.4,2.9,3.9,17.8,1.144,17,3,0,0,3
142.8,19,isocontour,11.283791670955125,20961.23,44.11,-19.3,-7.3,0.998,0.3,-0.9,0.9,3.9,17.8,1.144,17,5,0,0,5
142.8,20,isocontour,11.283791670955125,23074.96,48.56,16.6,-12.4,0.991,0.6,-0.4,0.7,3.9,17.8,1.144,17,3,0,0,3
142.8,21,isocontour,11.283791670955125,23925.61,50.35,9.4,-16.8,1.078,2.6,0.8,2.7,3.9,17.8,1.144,17,3,0,0,3
142.8,22,isocontour,11.283791670955125,24953.04,52.51,-13.6,-14.6,1.037,0.1,2.8,2.8,3.9,17.8,1.144,17,3,0,0,3
142.8,23,isocontour,11.283791670955125,24097.66,50.71,-19.3,-3.7,1.055,-1.5,1.0,1.8,3.9,17.8,1.144,17,3,0,0,3
142.8,24,isocontour,11.283791670955125,25023.98,52.66,3.6,-20.4,0.991,-0.6,-0.9,1.1,3.9,17.8,1.144,17,3,0,0,3
142.8,25,isocontour,11.283791670955125,24480.83,51.52,-19.5,1.4,1.06,0.2,-2.8,2.8,3.9,17.8,1.144,17,4,0,0,4
142.8,Target,,,,,0.0,0.0,4.023,0.0,0.0,,,,,,,,,
142.9,1,isocontour,11.283791670955125,19019.38,40.02,12.0,16.7,0.999,-0.6,1.3,1.4,3.9,17.8,1.144,17,6,0,0,6
142.9,2,isocontour,11.283791670955125,19143.29,40.28,-6.4,19.9,0.982,-2.1,1.4,2.5,3.9,17.8,1.144,17,7,0,0,7
142.9,3,isocontour,11.283791670955125,19054.47,40.1,0.6,20.9,0.981,-3.7,0.7,3.8,3.9,17.8,1.144,17,5,0,0,5
142.9,4,isocontour,11.283791670955125,24420.21,51.39,18.1,10.2,0.986,2.6,0.5,2.6,3.9,17.8,1.144,17,3,0,0,3
142.9,5,isocontour,11.283791670955125,21888.51,46.06,3.8,18.6,1.097,1.7,0.8,1.9,3.9,17.8,1.144,17,6,0,0,6
142.9,6,isocontour,11.283791670955125,23923.11,50.34,4.4,18.7,1.084,0.8,-0.9,1.2,3.9,17.8,1.144,17,6,0,0,6
142.9,7,isocontour,11.283791670955125,21016.58,44.23,-18.2,9.7,0.995,0.9,2.7,2.8,3.9,17.8,1.144,17,4,0,0,4
142.9,8,isocontour,11.283791670955125,24789.13,52.17,3.3,18.9,1.081,2.8,-0.2,2.8,3.9,17.8,1.144,17,6,0,0,6
142.9,9,isocontour,11.283791670955125,22214.36,46.75,20.5,3.2,0.989,1.4,-2.3,2.7,3.9,17.8,1.144,17,3,0,0,3
142.9,10,isocontour,11.283791670955125,23969.02,50.44,16.5,11.0,1.043,-2.3,1.7,2.9,3.9,17.8,1.144,17,3,0,0,3
142.9,11,isocontour,11.283791670955125,25939.51,54.59,-13.0,-14.2,1.08,-0.1,1.5,1.5,3.9,17.8,1.144,17,3,0,0,3
142.9,12,isocontour,11.283791670955125,22386.82,47.11,-6.6,-19.7,0.987,-1.3,-1.2,1.8,3.9,17.8,1.144,17,3,0,0,3
142.9,13,isocontour,11.283791670955125,21635.03,45.53,20.3,-5.0,0.982,-0.2,2.6,2.6,3.9,17.8,1.144,17,2,0,0,2
142.9,14,isocontour,11.283791670955125,23878.56,50.25,9.8,-16.6,1.08,2.3,1.8,2.9,3.9,17.8,1.144,17,3,0,0,3
142.9,15,isocontour,11.283791670955125,19293.24,40.6,-12.5,15.6,1.036,-0.4,-0.7,0.8,3.9,17.8,1.144,17,3,0,0,3
142.9,16,isocontour,11.283791670955125,37662.22,79.26,-20.9,2.1,0.976,-3.3,-0.4,3.3,3.9,17.8,1.144,17,4,0,0,4
142.9,17,isocontour,11.283791670955125,19480.45,40.99,4.2,18.1,1.122,2.8,-0.5,2.8,3.9,17.8,1.144,17,6,0,0,6
142.9,18,isocontour,11.283791670955125,25046.51,52.71,-11.9,17.0,0.991,-1.0,-0.9,1.3,3.9,17.8,1.144,17,3,0,0,3
142.9,19,isocontour,11.283791670955125,20836.11,43.85,-19.3,-7.7,0.991,0.3,-4.6,4.6,3.9,17.8,1.144,17,5,0,0,5
142.9,20,isocontour,11.283791670955125,23052.47,48.51,16.8,-12.3,0.984,2.4,1.0,2.6,3.9,17.8,1.144,17,3,0,0,3
142.9,21,isocontour,11.283791670955125,23924.61,50.35,9.5,-16.7,1.078,0.7,0.6,0.9,3.9,17.8,1.144,17,3,0,0,3
142.9,22,isocontour,11.283791670955125,24951.56,52.51,-13.6,-14.5,1.041,-0.4,1.0,1.1,3.9,17.8,1.144,17,3,0,0,3
142.9,23,isocontour,11.283791670955125,24078.12,50.67,-19.3,-3.9,1.054,0.3,-2.5,2.5,3.9,17.8,1.144,17,3,0,0,3
142.9,24,isocontour,11.283791670955125,25015.41,52.64,3.7,-20.6,0.982,1.1,-1.5,1.9,3.9,17.8,1.144,17,3,0,0,3
142.9,25,isocontour,11.283791670955125,24458.34,51.47,-19.5,1.1,1.062,0.1,-2.6,2.6,3.9,17.8,1.144,17,4,0,0,4
142.9,Target,,,,,0.0,0.0,4.023,0.0,0.0,,,,,,,,,
143.0,1,isocontour,11.283791670955125,19011.98,40.01,12.2,16.7,0.998,1.5,-1.0,1.8,3.9,17.8,1.144,17,6,0,0,6
143.0,2,isocontour,11.283791670955125,19139.64,40.28,-6.6,19.9,0.98,-1.4,-0.3,1.4,3.9,17.8,1.144,17,7,0,0,7
143.0,3,isocontour,11.283791670955125,19050.51,40.09,0.5,20.8,0.987,-0.5,-1.4,1.5,3.9,17.8,1.144,17,5,0,0,5
143.0,4,isocontour,11.283791670955125,24409.6,51.37,18.1,10.4,0.983,-0.7,1.9,2.0,3.9,17.8,1.144,17,3,0,0,3
143.0,5,isocontour,11.283791670955125,21885.77,46.06,3.9,18.5,1.099,1.0,-0.8,1.3,3.9,17.8,1.144,17,6,0,0,6
143.0,6,isocontour,11.283791670955125,23896.23,50.29,4.6,18.6,1.085,2.7,-0.7,2.8,3.9,17.8,1.144,17,6,0,0,6
143.0,7,isocontour,11.283791670955125,21012.29,44.22,-18.3,9.9,0.988,-0.6,1.3,1.4,3.9,17.8,1.144,17,4,0,0,4
143.0,8,isocontour,11.283791670955125,24786.58,52.16,3.4,18.9,1.083,1.0,-0.7,1.2,3.9,17.8,1.144,17,6,0,0,6
143.0,9,isocontour,11.283791670955125,22211.22,46.74,20.6,3.3,0.987,0.1,1.3,1.3,3.9,17.8,1.144,17,3,0,0,3
143.0,10,isocontour,11.283791670955125,23966.47,50.43,16.4,11.1,1.045,-1.0,0.8,1.3,3.9,17.8,1.144,17,3,0,0,3
143.0,11,isocontour,11.283791670955125,25927.6,54.56,-13.0,-14.0,1.088,-0.2,2.1,2.1,3.9,17.8,1.144,17,3,0,0,3
143.0,12,isocontour,11.283791670955125,22385.69,47.11,-6.6,-19.7,0.989,0.8,0.5,0.9,3.9,17.8,1.144,17,3,0,0,3
143.0,13,isocontour,11.283791670955125,21600.56,45.46,20.2,-4.8,0.991,-1.2,2.8,3.0,3.9,17.8,1.144,17,2,0,0,2
143.0,14,isocontour,11.283791670955125,23839.44,50.17,10.0,-16.4,1.083,2.4,2.0,3.1,3.9,17.8,1.144,17,3,0,0,3
143.0,15,isocontour,11.283791670955125,19281.67,40.58,-12.6,15.5,1.033,-2.0,-0.7,2.1,3.9,17.8,1.144,17,3,0,0,3
143.0,16,isocontour,11.283791670955125,37661.95,79.25,-20.9,2.1,0.974,0.1,-0.6,0.6,3.9,17.8,1.144,17,4,0,0,4
143.0,17,isocontour,11.283791670955125,19477.1,40.99,4.4,18.0,1.126,1.0,-1.0,1.4,3.9,17.8,1.144,17,6,0,0,6
143.0,18,isocontour,11.283791670955125,25028.57,52.67,-11.8,17.2,0.985,1.0,2.2,2.4,3.9,17.8,1.144,17,3,0,0,3
143.0,19,isocontour,11.283791670955125,20824.7,43.82,-19.3,-7.9,0.983,-0.7,-1.9,2.0,3.9,17.8,1.144,17,5,0,0,5
143.0,20,isocontour,11.283791670955125,23051.65,48.51,16.8,-12.3,0.985,-0.8,-0.3,0.9,3.9,17.8,1.144,17,3,0,0,3
143.0,21,isocontour,11.283791670955125,23924.07,50.35,9.5,-16.8,1.075,0.3,-0.7,0.8,3.9,17.8,1.144,17,3,0,0,3
143.0,22,isocontour,11.283791670955125,24949.46,52.5,-13.6,-14.4,1.046,0.1,1.2,1.2,3.9,17.8,1.144,17,3,0,0,3
143.0,23,isocontour,11.283791670955125,24077.64,50.67,-19.3,-4.0,1.051,-0.4,-0.6,0.7,3.9,17.8,1.144,17,3,0,0,3
143.0,24,isocontour,11.283791670955125,24917.22,52.44,3.3,-20.7,0.981,-4.2,-0.6,4.2,3.9,17.8,1.144,17,3,0,0,3
143.0,25,isocontour,11.283791670955125,24455.47,51.46,-19.4,1.1,1.066,0.8,1.1,1.4,3.9,17.8,1.144,17,4,0,0,4
143.0,Target,,,,,0.0,0.0,4.023,0.0,0.0,,,,,,,,,
143.1,1,isocontour,11.283791670955125,19002.71,39.99,12.3,16.6,0.996,1.8,-0.8,2.0,3.9,17.8,1.144,17,6,0,0,6
143.1,2,isocontour,11.283791670955125,19136.71,40.27,-6.5,19.8,0.985,0.9,-0.9,1.3,3.9,17.8,1.144,17,7,0,0,7
143.1,3,isocontour,11.283791670955125,19046.47,40.08,0.6,20.7,0.994,0.9,-1.2,1.5,3.9,17.8,1.144,17,5,0,0,5
143.1,4,isocontour,11.283791670955125,24376.49,51.3,18.0,10.6,0.984,-1.8,2.3,2.9,3.9,17.8,1.144,17,3,0,0,3
143.1,5,isocontour,11.283791670955125,21852.99,45.99,4.2,18.4,1.1,2.8,-0.8,2.9,3.9,17.8,1.144,17,6,0,0,6
143.1,6,isocontour,11.283791670955125,23894.99,50.28,4.7,18.5,1.087,0.7,-0.6,0.9,3.9,17.8,1.144,17,6,0,0,6
143.1,7,isocontour,11.283791670955125,20953.88,44.09,-18.0,10.1,0.996,3.1,1.9,3.6,3.9,17.8,1.144,17,4,0,0,4
143.1,8,isocontour,11.283791670955125,24784.42,52.16,3.5,18.8,1.085,1.0,-0.6,1.2,3.9,17.8,1.144,17,6,0,0,6
143.1,9,isocontour,11.283791670955125,22210.4,46.74,20.6,3.2,0.987,-0.0,-0.9,0.9,3.9,17.8,1.144,17,3,0,0,3
143.1,10,isocontour,11.283791670955125,23937.2,50.37,16.3,11.3,1.043,-1.2,2.6,2.9,3.9,17.8,1.144,17,3,0,0,3
143.1,11,isocontour,11.283791670955125,25907.11,54.52,-12.8,-14.0,1.095,2.4,-0.6,2.5,3.9,17.8,1.144,17,3,0,0,3
143.1,12,isocontour,11.283791670955125,22350.88,47.03,-6.8,-19.5,0.995,-2.2,2.0,3.0,3.9,17.8,1.144,17,3,0,0,3
143.1,13,isocontour,11.283791670955125,21599.85,45.45,20.2,-4.8,0.992,-0.1,-0.8,0.8,3.9,17.8,1.144,17,2,0,0,2
143.1,14,isocontour,11.283791670955125,23808.93,50.1,10.3,-16.2,1.08,2.7,1.0,2.9,3.9,17.8,1.144,17,3,0,0,3
143.1,15,isocontour,11.283791670955125,19265.03,40.54,-12.8,15.4,1.031,-2.0,-1.2,2.3,3.9,17.8,1.144,17,3,0,0,3
143.1,16,isocontour,11.283791670955125,37658.23,79.25,-20.8,2.1,0.98,1.4,0.3,1.4,3.9,17.8,1.144,17,4,0,0,4
143.1,17,isocontour,11.283791670955125,19451.65,40.93,4.6,17.9,1.123,2.7,-0.1,2.7,3.9,17.8,1.144,17,6,0,0,6
143.1,18,isocontour,11.283791670955125,25009.72,52.63,-12.0,17.1,0.984,-2.0,-1.4,2.4,3.9,17.8,1.144,17,3,0,0,3
143.1,19,isocontour,11.283791670955125,20765.8,43.7,-19.1,-8.2,0.988,2.4,-2.7,3.6,3.9,17.8,1.144,17,5,0,0,5
143.1,20,isocontour,11.283791670955125,23038.88,48.48,16.7,-12.2,0.993,-0.6,2.1,2.2,3.9,17.8,1.144,17,3,0,0,3
143.1,21,isocontour,11.283791670955125,23902.59,50.3,9.7,-16.7,1.071,2.5,0.7,2.6,3.9,17.8,1.144,17,3,0,0,3
143.1,22,isocontour,11.283791670955125,24935.03,52.47,-13.4,-14.3,1.056,2.2,0.5,2.3,3.9,17.8,1.144,17,3,0,0,3
143.1,23,isocontour,11.283791670955125,24072.43,50.66,-19.4,-4.1,1.042,-1.5,-0.5,1.6,3.9,17.8,1.144,17,3,0,0,3
143.1,24,isocontour,11.283791670955125,24915.74,52.43,3.2,-20.6,0.985,-0.8,0.7,1.1,3.9,17.8,1.144,17,3,0,0,3
143.1,25,isocontour,11.283791670955125,24452.61,51.46,-19.3,1.3,1.07,0.8,1.0,1.3,3.9,17.8,1.144,17,4,0,0,4
143.1,Target,,,,,0.0,0.0,4.023,0.0,0.0,,,,,,,,,
143.2,1,isocontour,11.283791670955125,19001.61,39.99,12.4,16.6,0.991,0.6,0.7,0.9,3.9,17.8,1.144,17,6,0,0,6
143.2,2,isocontour,11.283791670955125,19101.55,40.2,-6.2,19.8,0.989,3.0,0.3,3.0,3.9,17.8,1.144,17,6,0,0,6
143.2,3,isocontour,11.283791670955125,19044.31,40.08,0.7,20.7,0.995,1.2,-0.2,1.2,3.9,17.8,1.144,17,5,0,0,5
143.2,4,isocontour,11.283791670955125,24340.63,51.22,17.7,10.9,0.988,-2.2,2.1,3.0,3.9,17.8,1.144,17,3,0,0,3
143.2,5,isocontour,11.283791670955125,21850.94,45.98,4.1,18.4,1.105,-0.9,-0.8,1.2,3.9,17.8,1.144,17,6,0,0,6
143.2,6,isocontour,11.283791670955125,23871.71,50.24,4.9,18.5,1.083,2.6,0.2,2.6,3.9,17.8,1.144,17,6,0,0,6
143.2,7,isocontour,11.283791670955125,20953.25,44.09,-18.1,10.1,0.994,-0.7,0.2,0.7,3.9,17.8,1.144,17,4,0,0,4
143.2,8,isocontour,11.283791670955125,24754.22,52.09,3.8,18.8,1.084,2.9,-0.2,2.9,3.9,17.8,1.144,17,6,0,0,6
143.2,9,isocontour,11.283791670955125,22186.32,46.69,20.5,3.0,0.992,-0.7,-2.6,2.7,3.9,17.8,1.144,17,3,0,0,3
143.2,10,isocontour,11.283791670955125,23908.85,50.31,16.2,11.6,1.041,-1.2,2.5,2.8,3.9,17.8,1.144,17,3,0,0,3
143.2,11,isocontour,11.283791670955125,25881.38,54.46,-12.5,-14.1,1.101,2.5,-1.1,2.7,3.9,17.8,1.144,17,3,0,0,3
143.2,12,isocontour,11.283791670955125,22349.64,47.03,-6.9,-19.5,0.996,-1.0,0.2,1.0,3.9,17.8,1.144,17,3,0,0,3
143.2,13,isocontour,11.283791670955125,21590.87,45.44,20.3,-4.7,0.986,1.6,1.1,1.9,3.9,17.8,1.144,17,2,0,0,2
143.2,14,isocontour,11.283791670955125,23783.19,50.05,10.5,-16.1,1.077,2.5,1.0,2.7,3.9,17.8,1.144,17,3,0,0,3
143.2,15,isocontour,11.283791670955125,19238.15,40.48,-13.0,15.2,1.034,-1.6,-2.2,2.7,3.9,17.8,1.144,17,3,0,0,3
143.2,16,isocontour,11.283791670955125,37650.94,79.23,-20.7,2.2,0.989,1.7,0.5,1.8,3.9,17.8,1.144,17,4,0,0,4
143.2,17,isocontour,11.283791670955125,19450.62,40.93,4.7,17.9,1.121,0.9,0.1,0.9,3.9,17.8,1.144,17,6,0,0,6
143.2,18,isocontour,11.283791670955125,25003.48,52.62,-12.0,16.9,0.99,-0.0,-1.7,1.7,3.9,17.8,1.144,17,3,0,0,3
143.2,19,isocontour,11.283791670955125,20744.57,43.65,-18.9,-8.1,1.0,1.9,1.7,2.5,3.9,17.8,1.144,17,5,0,0,5
143.2,20,isocontour,11.283791670955125,23020.26,48.44,16.6,-12.3,0.998,-1.9,-1.5,2.4,3.9,17.8,1.144,17,3,0,0,3
143.2,21,isocontour,11.283791670955125,23885.73,50.26,10.0,-16.7,1.067,2.3,0.7,2.4,3.9,17.8,1.144,17,3,0,0,3
143.2,22,isocontour,11.283791670955125,24933.59,52.47,-13.3,-14.3,1.06,1.0,-0.3,1.0,3.9,17.8,1.144,17,3,0,0,3
143.2,23,isocontour,11.283791670955125,24070.58,50.65,-19.5,-4.1,1.035,-1.1,-0.1,1.1,3.9,17.8,1.144,17,3,0,0,3
143.2,24,isocontour,11.283791670955125,24890.29,52.38,3.0,-20.6,0.989,-2.7,0.4,2.7,3.9,17.8,1.144,17,3,0,0,3
143.2,25,isocontour,11.283791670955125,24450.17,51.45,-19.3,1.4,1.073,0.5,1.1,1.2,3.9,17.8,1.144,17,4,0,0,4
143.2,Target,,,,,0.0,0.0,4.023,0.0,0.0,,,,,,,,,
143.3,1,isocontour,11.283791670955125,19000.74,39.98,12.5,16.7,0.986,0.5,0.7,0.9,3.9,17.8,1.144,17,6,0,0,6
143.3,2,isocontour,11.283791670955125,19066.4,40.12,-5.9,19.8,0.995,3.0,-0.4,3.0,3.9,17.8,1.144,17,7,0,0,7
143.3,3,isocontour,11.283791670955125,19043.07,40.07,0.7,20.7,0.991,-0.2,0.9,0.9,3.9,17.8,1.144,17,5,0,0,5
143.3,4,isocontour,11.283791670955125,24308.84,51.15,17.5,10.7,1.002,-2.1,-2.0,2.9,3.9,17.8,1.144,17,3,0,0,3
143.3,5,isocontour,11.283791670955125,21848.9,45.98,4.1,18.3,1.111,0.4,-1.1,1.2,3.9,17.8,1.144,17,6,0,0,6
143.3,6,isocontour,11.283791670955125,23838.6,50.17,4.7,18.6,1.083,-2.9,0.6,3.0,3.9,17.8,1.144,17,6,0,0,6
143.3,7,isocontour,11.283791670955125,20951.97,44.09,-18.1,10.2,0.991,-0.0,1.0,1.0,3.9,17.8,1.144,17,4,0,0,4
143.3,8,isocontour,11.283791670955125,24648.27,51.87,3.5,19.0,1.075,-3.7,2.4,4.4,3.9,17.8,1.144,17,6,0,0,6
143.3,9,isocontour,11.283791670955125,22185.76,46.69,20.5,2.9,0.994,-0.1,-0.7,0.7,3.9,17.8,1.144,17,3,0,0,3
143.3,10,isocontour,11.283791670955125,23905.71,50.31,16.2,11.5,1.038,1.1,-0.8,1.4,3.9,17.8,1.144,17,3,0,0,3
143.3,11,isocontour,11.283791670955125,25867.14,54.43,-12.5,-14.0,1.108,-0.6,2.1,2.2,3.9,17.8,1.144,17,3,0,0,3
143.3,12,isocontour,11.283791670955125,22334.43,47.0,-6.7,-19.5,0.997,2.2,-0.5,2.3,3.9,17.8,1.144,17,3,0,0,3
143.3,13,isocontour,11.283791670955125,21562.81,45.38,20.3,-4.9,0.981,0.2,-2.8,2.8,3.9,17.8,1.144,17,2,0,0,2
143.3,14,isocontour,11.283791670955125,23774.07,50.03,10.6,-16.0,1.081,0.8,1.7,1.9,3.9,17.8,1.144,17,3,0,0,3
143.3,15,isocontour,11.283791670955125,19225.55,40.46,-13.2,15.0,1.034,-1.6,-1.4,2.1,3.9,17.8,1.144,17,3,0,0,3
143.3,16,isocontour,11.283791670955125,37648.79,79.23,-20.6,2.1,0.995,0.8,-0.9,1.2,3.9,17.8,1.144,17,4,0,0,4
143.3,17,isocontour,11.283791670955125,19448.96,40.93,4.7,18.0,1.118,-0.8,0.7,1.1,3.9,17.8,1.144,17,6,0,0,6
143.3,18,isocontour,11.283791670955125,24996.9,52.6,-12.0,16.8,0.997,-0.2,-1.7,1.7,3.9,17.8,1.144,17,3,0,0,3
143.3,19,isocontour,11.283791670955125,20742.96,43.65,-18.9,-8.0,1.006,0.4,1.0,1.1,3.9,17.8,1.144,17,5,0,0,5
143.3,20,isocontour,11.283791670955125,23014.02,48.43,16.7,-12.3,0.991,1.6,-0.5,1.7,3.9,17.8,1.144,17,3,0,0,3
143.3,21,isocontour,11.283791670955125,23883.47,50.26,10.1,-16.6,1.066,1.1,0.5,1.2,3.9,17.8,1.144,17,3,0,0,3
143.3,22,isocontour,11.283791670955125,24916.52,52.43,-13.5,-14.2,1.059,-2.0,1.3,2.4,3.9,17.8,1.144,17,3,0,0,3
143.3,23,isocontour,11.283791670955125,24069.14,50.65,-19.5,-4.2,1.037,0.7,-0.7,1.0,3.9,17.8,1.144,17,3,0,0,3
143.3,24,isocontour,11.283791670955125,24868.56,52.33,2.7,-20.4,0.998,-2.1,1.4,2.5,3.9,17.8,1.144,17,3,0,0,3
143.3,25,isocontour,11.283791670955125,24426.63,51.4,-19.3,1.2,1.076,0.3,-2.6,2.6,3.9,17.8,1.144,17,4,0,0,4
143.3,Target,,,,,0.0,0.0,4.023,0.0,0.0,,,,,,,,,
143.4,1,isocontour,11.283791670955125,18995.63,39.97,12.6,16.6,0.984,1.4,-0.7,1.6,3.9,17.8,1.144,17,6,0,0,6
143.4,2,isocontour,11.283791670955125,19054.82,40.1,-6.0,19.9,0.987,-1.2,1.7,2.1,3.9,17.8,1.144,17,7,0,0,7
143.4,3,isocontour,11.283791670955125,19039.27,40.07,0.7,20.9,0.984,-0.2,1.4,1.4,3.9,17.8,1.144,17,5,0,0,5
143.4,4,isocontour,11.283791670955125,24284.76,51.1,17.5,10.9,1.0,-0.3,2.6,2.6,3.9,17.8,1.144,17,3,0,0,3
143.4,5,isocontour,11.283791670955125,21847.83,45.98,4.1,18.3,1.112,-0.9,0.3,0.9,3.9,17.8,1.144,17,6,0,0,6
143.4,6,isocontour,11.283791670955125,23836.94,50.16,4.6,18.6,1.085,-1.1,-0.1,1.1,3.9,17.8,1.144,17,6,0,0,6
143.4,7,isocontour,11.283791670955125,20918.52,44.02,-18.3,10.1,0.983,-2.6,-1.5,3.0,3.9,17.8,1.144,17,4,0,0,4
143.4,8,isocontour,11.283791670955125,24623.65,51.82,3.2,19.0,1.075,-2.7,0.1,2.7,3.9,17.8,1.144,17,6,0,0,6
143.4,9,isocontour,11.283791670955125,22086.89,46.48,20.6,2.5,0.989,1.7,-3.9,4.3,3.9,17.8,1.144,17,3,0,0,3
143.4,10,isocontour,11.283791670955125,23905.27,50.31,16.3,11.5,1.038,0.4,-0.6,0.7,3.9,17.8,1.144,17,3,0,0,3
143.4,11,isocontour,11.283791670955125,25844.38,54.39,-12.4,-14.1,1.107,1.5,-2.1,2.6,3.9,17.8,1.144,17,3,0,0,3
143.4,12,isocontour,11.283791670955125,22326.39,46.98,-6.8,-19.6,0.99,-1.4,-1.2,1.8,3.9,17.8,1.144,17,3,0,0,3
143.4,13,isocontour,11.283791670955125,21556.24,45.36,20.3,-4.8,0.984,-0.3,1.7,1.7,3.9,17.8,1.144,17,2,0,0,2
143.4,14,isocontour,11.283791670955125,23773.36,50.03,10.6,-16.0,1.083,-0.7,-0.4,0.8,3.9,17.8,1.144,17,3,0,0,3
143.4,15,isocontour,11.283791670955125,19221.59,40.45,-13.1,15.1,1.031,0.7,1.3,1.5,3.9,17.8,1.144,17,3,0,0,3
143.4,16,isocontour,11.283791670955125,37625.25,79.18,-20.7,2.2,0.984,-2.2,1.5,2.7,3.9,17.8,1.144,17,4,0,0,4
143.4,17,isocontour,11.283791670955125,19447.3,40.92,4.6,18.0,1.119,-1.1,-0.0,1.1,3.9,17.8,1.144,17,6,0,0,6
143.4,18,isocontour,11.283791670955125,24977.36,52.56,-12.1,16.9,0.987,-0.7,2.4,2.5,3.9,17.8,1.144,17,3,0,0,3
143.4,19,isocontour,11.283791670955125,20718.07,43.6,-18.9,-8.2,1.001,-0.2,-2.7,2.7,3.9,17.8,1.144,17,5,0,0,5
143.4,20,isocontour,11.283791670955125,22991.78,48.38,16.9,-12.3,0.98,2.6,0.0,2.6,3.9,17.8,1.144,17,3,0,0,3
143.4,21,isocontour,11.283791670955125,23858.3,50.21,9.9,-16.7,1.07,-2.6,-0.7,2.7,3.9,17.8,1.144,17,3,0,0,3
143.4,22,isocontour,11.283791670955125,24886.63,52.37,-13.3,-14.2,1.066,2.8,-0.7,2.9,3.9,17.8,1.144,17,3,0,0,3
143.4,23,isocontour,11.283791670955125,24033.64,50.58,-19.5,-3.9,1.039,-0.3,3.0,3.0,3.9,17.8,1.144,17,3,0,0,3
143.4,24,isocontour,11.283791670955125,24837.09,52.27,3.0,-20.4,0.998,2.9,0.1,2.9,3.9,17.8,1.144,17,3,0,0,3
143.4,25,isocontour,11.283791670955125,24426.11,51.4,-19.3,1.1,1.075,-0.2,-0.7,0.7,3.9,17.8,1.144,17,4,0,0,4
143.4,Target,,,,,0.0,0.0,4.023,0.0,0.0,,,,,,,,,
143.5,1,isocontour,11.283791670955125,18985.17,39.95,12.6,16.5,0.991,0.2,-2.0,2.0,3.9,17.8,1.144,17,6,0,0,6
143.5,2,isocontour,11.283791670955125,18985.58,39.95,-6.3,19.8,0.987,-3.5,-1.5,3.8,3.9,17.8,1.144,17,7,0,0,7
143.5,3,isocontour,11.283791670955125,19030.7,40.05,0.5,20.9,0.981,-1.9,0.3,1.9,3.9,17.8,1.144,17,5,0,0,5
143.5,4,isocontour,11.283791670955125,24275.64,51.09,17.6,10.9,0.992,1.9,-0.5,2.0,3.9,17.8,1.144,17,3,0,0,3
143.5,5,isocontour,11.283791670955125,21845.73,45.97,4.0,18.3,1.108,-0.8,0.8,1.1,3.9,17.8,1.144,17,6,0,0,6
143.5,6,isocontour,11.283791670955125,23834.9,50.16,4.6,18.7,1.08,0.6,1.0,1.2,3.9,17.8,1.144,17,6,0,0,6
143.5,7,isocontour,11.283791670955125,20901.23,43.98,-18.1,10.2,0.988,2.1,1.2,2.4,3.9,17.8,1.144,17,4,0,0,4
143.5,8,isocontour,11.283791670955125,24623.04,51.82,3.1,19.0,1.077,-0.8,-0.1,0.8,3.9,17.8,1.144,17,6,0,0,6
143.5,9,isocontour,11.283791670955125,21939.52,46.17,20.6,2.9,0.989,-0.8,4.8,4.9,3.9,17.8,1.144,17,3,0,0,3
143.5,10,isocontour,11.283791670955125,23884.28,50.26,16.5,11.4,1.032,2.2,-1.3,2.6,3.9,17.8,1.144,17,3,0,0,3
143.5,11,isocontour,11.283791670955125,25816.33,54.33,-12.6,-14.0,1.107,-2.0,2.0,2.8,3.9,17.8,1.144,17,3,0,0,3
143.5,12,isocontour,11.283791670955125,22304.15,46.94,-6.6,-19.7,0.99,2.5,-0.5,2.5,3.9,17.8,1.144,17,3,0,0,3
143.5,13,isocontour,11.283791670955125,21553.86,45.36,20.3,-4.7,0.985,0.2,1.2,1.2,3.9,17.8,1.144,17,2,0,0,2
143.5,14,isocontour,11.283791670955125,23749.01,49.98,10.4,-16.1,1.086,-2.5,-0.9,2.7,3.9,17.8,1.144,17,3,0,0,3
143.5,15,isocontour,11.283791670955125,19193.53,40.39,-12.9,15.2,1.036,2.6,0.9,2.8,3.9,17.8,1.144,17,3,0,0,3
143.5,16,isocontour,11.283791670955125,37573.85,79.07,-20.9,2.0,0.977,-1.4,-3.1,3.4,3.9,17.8,1.144,17,4,0,0,4
143.5,17,isocontour,11.283791670955125,19446.98,40.92,4.6,18.1,1.117,0.5,0.3,0.6,3.9,17.8,1.144,17,6,0,0,6
143.5,18,isocontour,11.283791670955125,24930.31,52.46,-12.3,16.8,0.989,-2.2,-2.5,3.3,3.9,17.8,1.144,17,3,0,0,3
143.5,19,isocontour,11.283791670955125,20694.79,43.55,-19.0,-8.4,0.991,-1.0,-2.4,2.6,3.9,17.8,1.144,17,5,0,0,5
143.5,20,isocontour,11.283791670955125,22980.53,48.36,17.1,-12.2,0.979,1.0,1.8,2.1,3.9,17.8,1.144,17,3,0,0,3
143.5,21,isocontour,11.283791670955125,23857.26,50.2,9.8,-16.7,1.07,-0.7,-0.6,0.9,3.9,17.8,1.144,17,3,0,0,3
143.5,22,isocontour,11.283791670955125,24875.55,52.35,-13.2,-14.1,1.074,-0.3,2.0,2.0,3.9,17.8,1.144,17,3,0,0,3
143.5,23,isocontour,11.283791670955125,24032.98,50.57,-19.5,-3.9,1.039,0.0,-0.8,0.8,3.9,17.8,1.144,17,3,0,0,3
143.5,24,isocontour,11.283791670955125,24835.92,52.26,3.0,-20.5,0.995,-0.6,-0.7,0.9,3.9,17.8,1.144,17,3,0,0,3
143.5,25,isocontour,11.283791670955125,24403.09,51.35,-19.3,0.8,1.077,0.1,-2.6,2.6,3.9,17.8,1.144,17,4,0,0,4
143.5,Target,,,,,0.0,0.0,4.023,0.0,0.0,,,,,,,,,
143.6,1,isocontour,11.283791670955125,18964.68,39.91,12.5,16.6,0.986,-1.1,2.3,2.5,3.9,17.8,1.144,17,6,0,0,6
143.6,2,isocontour,11.283791670955125,18973.5,39.93,-6.5,19.7,0.991,-1.6,-1.4,2.1,3.9,17.8,1.144,17,7,0,0,7
143.6,3,isocontour,11.283791670955125,19028.81,40.04,0.4,20.8,0.986,-0.5,-1.0,1.1,3.9,17.8,1.144,17,5,0,0,5
143.6,4,isocontour,11.283791670955125,24164.53,50.85,17.9,10.6,0.987,3.0,-3.2,4.4,3.9,17.8,1.144,17,3,0,0,3
143.6,5,isocontour,11.283791670955125,21838.69,45.96,4.0,18.5,1.098,0.3,1.7,1.7,3.9,17.8,1.144,17,6,0,0,6
143.6,6,isocontour,11.283791670955125,23823.32,50.13,4.5,18.8,1.071,-1.1,1.8,2.1,3.9,17.8,1.144,17,6,0,0,6
143.6,7,isocontour,11.283791670955125,20874.93,43.93,-18.0,10.4,0.99,1.6,2.2,2.7,3.9,17.8,1.144,17,4,0,0,4
143.6,8,isocontour,11.283791670955125,24619.31,51.81,3.2,18.9,1.082,0.8,-1.2,1.4,3.9,17.8,1.144,17,6,0,0,6
143.6,9,isocontour,11.283791670955125,21935.39,46.16,20.5,3.0,0.993,-1.0,1.0,1.4,3.9,17.8,1.144,17,3,0,0,3
143.6,10,isocontour,11.283791670955125,23883.22,50.26,16.5,11.3,1.035,-0.2,-0.9,0.9,3.9,17.8,1.144,17,3,0,0,3
143.6,11,isocontour,11.283791670955125,25809.52,54.31,-12.7,-13.8,1.11,-0.9,1.5,1.7,3.9,17.8,1.144,17,3,0,0,3
143.6,12,isocontour,11.283791670955125,22302.1,46.93,-6.5,-19.7,0.994,1.0,0.6,1.2,3.9,17.8,1.144,17,3,0,0,3
143.6,13,isocontour,11.283791670955125,21516.94,45.28,20.3,-4.4,0.988,0.1,3.1,3.1,3.9,17.8,1.144,17,2,0,0,2
143.6,14,isocontour,11.283791670955125,23728.28,49.93,10.1,-16.1,1.091,-2.5,-0.5,2.5,3.9,17.8,1.144,17,3,0,0,3
143.6,15,isocontour,11.283791670955125,19191.92,40.39,-12.8,15.3,1.039,1.0,0.3,1.0,3.9,17.8,1.144,17,3,0,0,3
143.6,16,isocontour,11.283791670955125,37546.39,79.01,-20.8,1.7,0.984,1.5,-2.4,2.8,3.9,17.8,1.144,17,4,0,0,4
143.6,17,isocontour,11.283791670955125,19434.38,40.9,4.4,18.1,1.118,-2.1,0.2,2.1,3.9,17.8,1.144,17,6,0,0,6
143.6,18,isocontour,11.283791670955125,24920.16,52.44,-12.3,16.6,0.998,0.4,-1.9,1.9,3.9,17.8,1.144,17,3,0,0,3
143.6,19,isocontour,11.283791670955125,20671.51,43.5,-19.0,-8.7,0.983,-0.3,-2.6,2.6,3.9,17.8,1.144,17,5,0,0,5
143.6,20,isocontour,11.283791670955125,22950.33,48.3,17.1,-11.9,0.985,0.5,2.8,2.8,3.9,17.8,1.144,17,3,0,0,3
143.6,21,isocontour,11.283791670955125,23849.48,50.19,9.7,-16.9,1.066,-1.1,-1.4,1.8,3.9,17.8,1.144,17,3,0,0,3
143.6,22,isocontour,11.283791670955125,24860.13,52.32,-13.1,-13.9,1.087,1.6,1.6,2.3,3.9,17.8,1.144,17,3,0,0,3
143.6,23,isocontour,11.283791670955125,24032.19,50.57,-19.5,-4.0,1.04,0.4,-0.8,0.9,3.9,17.8,1.144,17,3,0,0,3
143.6,24,isocontour,11.283791670955125,24835.13,52.26,2.9,-20.5,0.992,-0.6,-0.6,0.8,3.9,17.8,1.144,17,3,0,0,3
143.6,25,isocontour,11.283791670955125,24379.55,51.3,-19.2,0.6,1.08,0.5,-2.6,2.6,3.9,17.8,1.144,17,4,0,0,4
143.6,Target,,,,,0.0,0.0,4.023,0.0,0.0,,,,,,,,,
143.7,1,isocontour,11.283791670955125,18957.64,39.89,12.6,16.6,0.986,1.4,-1.1,1.8,3.9,17.8,1.144,17,6,0,0,6
143.7,2,isocontour,11.283791670955125,18967.15,39.91,-6.4,19.8,0.988,1.1,1.3,1.7,3.9,17.8,1.144,17,7,0,0,7
143.7,3,isocontour,11.283791670955125,19005.53,39.99,0.2,20.7,0.991,-2.5,-0.8,2.6,3.9,17.8,1.144,17,5,0,0,5
143.7,4,isocontour,11.283791670955125,24117.9,50.75,18.2,10.4,0.978,3.0,-1.5,3.4,3.9,17.8,1.144,17,3,0,0,3
143.7,5,isocontour,11.283791670955125,21782.21,45.84,3.8,18.7,1.088,-2.7,2.3,3.5,3.9,17.8,1.144,17,6,0,0,6
143.7,6,isocontour,11.283791670955125,23792.49,50.07,4.3,18.8,1.075,-2.8,-0.5,2.8,3.9,17.8,1.144,17,6,0,0,6
143.7,7,isocontour,11.283791670955125,20849.2,43.87,-18.1,10.2,0.988,-1.9,-2.0,2.8,3.9,17.8,1.144,17,4,0,0,4
143.7,8,isocontour,11.283791670955125,24618.68,51.81,3.1,18.9,1.085,-0.8,-0.2,0.8,3.9,17.8,1.144,17,6,0,0,6
143.7,9,isocontour,11.283791670955125,21934.87,46.16,20.5,3.0,0.995,-0.1,-0.7,0.7,3.9,17.8,1.144,17,3,0,0,3
143.7,10,isocontour,11.283791670955125,23862.24,50.22,16.5,11.0,1.04,0.5,-2.5,2.5,3.9,17.8,1.144,17,3,0,0,3
143.7,11,isocontour,11.283791670955125,25787.79,54.27,-12.5,-13.9,1.115,2.4,-1.0,2.6,3.9,17.8,1.144,17,3,0,0,3
143.7,12,isocontour,11.283791670955125,22271.9,46.87,-6.7,-19.6,0.992,-2.8,0.4,2.8,3.9,17.8,1.144,17,3,0,0,3
143.7,13,isocontour,11.283791670955125,21481.09,45.2,20.3,-4.1,0.99,0.2,3.0,3.0,3.9,17.8,1.144,17,2,0,0,2
143.7,14,isocontour,11.283791670955125,23727.57,49.93,10.0,-16.2,1.093,-0.8,-0.2,0.8,3.9,17.8,1.144,17,3,0,0,3
143.7,15,isocontour,11.283791670955125,19180.35,40.36,-12.7,15.5,1.032,0.3,2.1,2.1,3.9,17.8,1.144,17,3,0,0,3
143.7,16,isocontour,11.283791670955125,37543.83,79.01,-20.7,1.7,0.99,0.9,0.8,1.2,3.9,17.8,1.144,17,4,0,0,4
143.7,17,isocontour,11.283791670955125,19413.15,40.85,4.2,18.1,1.123,-2.5,-0.3,2.5,3.9,17.8,1.144,17,6,0,0,6
143.7,18,isocontour,11.283791670955125,24901.54,52.4,-12.5,16.5,0.995,-2.4,-0.6,2.5,3.9,17.8,1.144,17,3,0,0,3
143.7,19,isocontour,11.283791670955125,20655.08,43.47,-19.2,-8.6,0.975,-2.1,1.1,2.4,3.9,17.8,1.144,17,5,0,0,5
143.7,20,isocontour,11.283791670955125,22948.68,48.29,17.1,-11.8,0.989,-0.1,1.1,1.1,3.9,17.8,1.144,17,3,0,0,3
143.7,21,isocontour,11.283791670955125,23829.47,50.15,9.4,-16.9,1.073,-2.5,0.3,2.5,3.9,17.8,1.144,17,3,0,0,3
143.7,22,isocontour,11.283791670955125,24856.71,52.31,-13.0,-14.0,1.087,0.7,-1.2,1.4,3.9,17.8,1.144,17,3,0,0,3
143.7,23,isocontour,11.283791670955125,24028.54,50.57,-19.5,-3.9,1.041,-0.0,1.4,1.4,3.9,17.8,1.144,17,3,0,0,3
143.7,24,isocontour,11.283791670955125,24833.28,52.26,2.8,-20.6,0.988,-0.6,-0.9,1.1,3.9,17.8,1.144,17,3,0,0,3
143.7,25,isocontour,11.283791670955125,24343.34,51.23,-19.2,0.8,1.081,0.3,3.0,3.0,3.9,17.8,1.144,17,4,0,0,4
143.7,Target,,,,,0.0,0.0,4.023,0.0,0.0,,,,,,,,,
143.8,1,isocontour,11.283791670955125,18921.07,39.82,12.4,16.5,0.997,-3.0,-0.7,3.1,3.9,17.8,1.144,17,6,0,0,6
143.8,2,isocontour,11.283791670955125,18938.49,39.85,-6.6,19.7,0.987,-2.7,-0.8,2.8,3.9,17.8,1.144,17,7,0,0,7
143.8,3,isocontour,11.283791670955125,19005.01,39.99,0.1,20.7,0.992,-0.7,-0.1,0.7,3.9,17.8,1.144,17,5,0,0,5
143.8,4,isocontour,11.283791670955125,24104.95,50.73,18.3,10.2,0.978,0.7,-2.0,2.1,3.9,17.8,1.144,17,3,0,0,3
143.8,5,isocontour,11.283791670955125,21663.46,45.59,3.3,18.8,1.09,-4.5,0.1,4.5,3.9,17.8,1.144,17,6,0,0,6
143.8,6,isocontour,11.283791670955125,23791.01,50.07,4.3,18.9,1.072,0.8,0.6,1.0,3.9,17.8,1.144,17,6,0,0,6
143.8,7,isocontour,11.283791670955125,20846.94,43.87,-18.2,10.1,0.989,-0.2,-1.2,1.2,3.9,17.8,1.144,17,4,0,0,4
143.8,8,isocontour,11.283791670955125,24596.7,51.76,2.9,18.9,1.086,-2.6,0.2,2.6,3.9,17.8,1.144,17,6,0,0,6
143.8,9,isocontour,11.283791670955125,21916.26,46.12,20.5,2.8,0.993,0.8,-2.3,2.4,3.9,17.8,1.144,17,3,0,0,3
143.8,10,isocontour,11.283791670955125,23849.99,50.19,16.5,10.8,1.047,-0.1,-2.1,2.1,3.9,17.8,1.144,17,3,0,0,3
143.8,11,isocontour,11.283791670955125,25702.75,54.09,-12.1,-14.0,1.123,3.7,-1.6,4.0,3.9,17.8,1.144,17,3,0,0,3
143.8,12,isocontour,11.283791670955125,22255.47,46.83,-6.5,-19.7,0.992,2.2,-0.7,2.3,3.9,17.8,1.144,17,3,0,0,3
143.8,13,isocontour,11.283791670955125,21478.65,45.2,20.4,-4.0,0.991,0.2,1.2,1.2,3.9,17.8,1.144,17,2,0,0,2
143.8,14,isocontour,11.283791670955125,23722.64,49.92,10.1,-16.2,1.089,1.6,0.1,1.6,3.9,17.8,1.144,17,3,0,0,3
143.8,15,isocontour,11.283791670955125,19178.78,40.36,-12.7,15.5,1.031,0.9,0.6,1.1,3.9,17.8,1.144,17,3,0,0,3
143.8,16,isocontour,11.283791670955125,37542.09,79.0,-20.6,1.7,0.994,0.7,-0.8,1.1,3.9,17.8,1.144,17,4,0,0,4
143.8,17,isocontour,11.283791670955125,19390.92,40.81,3.9,18.1,1.126,-2.6,0.2,2.6,3.9,17.8,1.144,17,6,0,0,6
143.8,18,isocontour,11.283791670955125,24900.61,52.4,-12.5,16.5,0.991,-0.0,0.9,0.9,3.9,17.8,1.144,17,3,0,0,3
143.8,19,isocontour,11.283791670955125,20646.78,43.45,-19.3,-8.5,0.974,-0.8,1.7,1.9,3.9,17.8,1.144,17,5,0,0,5
143.8,20,isocontour,11.283791670955125,22946.36,48.29,17.1,-11.7,0.994,-0.3,1.2,1.2,3.9,17.8,1.144,17,3,0,0,3
143.8,21,isocontour,11.283791670955125,23805.12,50.09,9.6,-16.7,1.075,2.2,1.4,2.6,3.9,17.8,1.144,17,3,0,0,3
143.8,22,isocontour,11.283791670955125,24839.86,52.27,-13.1,-14.2,1.075,-0.6,-2.3,2.4,3.9,17.8,1.144,17,3,0,0,3
143.8,23,isocontour,11.283791670955125,24026.23,50.56,-19.5,-3.8,1.04,-0.5,1.1,1.2,3.9,17.8,1.144,17,3,0,0,3
143.8,24,isocontour,11.283791670955125,24813.98,52.22,2.6,-20.7,0.987,-2.4,-0.4,2.4,3.9,17.8,1.144,17,3,0,0,3
143.8,25,isocontour,11.283791670955125,24308.53,51.15,-19.2,1.1,1.08,-0.1,3.0,3.0,3.9,17.8,1.144,17,4,0,0,4
143.8,Target,,,,,0.0,0.0,4.023,0.0,0.0,,,,,,,,,
143.9,1,isocontour,11.283791670955125,18920.65,39.82,12.4,16.5,0.996,0.7,0.2,0.7,3.9,17.8,1.144,17,6,0,0,6
143.9,2,isocontour,11.283791670955125,18903.68,39.78,-6.5,19.6,0.997,2.6,-1.6,3.1,3.9,17.8,1.144,17,7,0,0,7
143.9,3,isocontour,11.283791670955125,18987.5,39.96,-0.1,20.8,0.987,-2.1,1.1,2.4,3.9,17.8,1.144,17,5,0,0,5
143.9,4,isocontour,11.283791670955125,24071.83,50.66,18.1,10.4,0.983,-2.2,2.0,3.0,3.9,17.8,1.144,17,3,0,0,3
143.9,5,isocontour,11.283791670955125,21512.45,45.27,3.7,18.6,1.093,4.7,-1.4,4.9,3.9,17.8,1.144,17,6,0,0,6
143.9,6,isocontour,11.283791670955125,23786.88,50.06,4.4,18.8,1.077,0.8,-1.3,1.5,3.9,17.8,1.144,17,6,0,0,6
143.9,7,isocontour,11.283791670955125,20840.69,43.86,-18.1,10.0,0.994,0.2,-1.7,1.7,3.9,17.8,1.144,17,4,0,0,4
143.9,8,isocontour,11.283791670955125,24594.75,51.76,3.0,18.9,1.086,1.1,-0.1,1.1,3.9,17.8,1.144,17,6,0,0,6
143.9,9,isocontour,11.283791670955125,21914.16,46.12,20.6,2.7,0.987,1.1,-0.4,1.2,3.9,17.8,1.144,17,3,0,0,3
143.9,10,isocontour,11.283791670955125,23847.37,50.18,16.4,10.9,1.051,-1.0,0.7,1.2,3.9,17.8,1.144,17,3,0,0,3
143.9,11,isocontour,11.283791670955125,25681.52,54.04,-11.9,-14.1,1.127,2.3,-1.1,2.5,3.9,17.8,1.144,17,3,0,0,3
143.9,12,isocontour,11.283791670955125,22235.46,46.79,-6.3,-19.8,0.991,2.2,-1.1,2.5,3.9,17.8,1.144,17,3,0,0,3
143.9,13,isocontour,11.283791670955125,21459.81,45.16,20.5,-3.8,0.983,1.9,1.5,2.4,3.9,17.8,1.144,17,2,0,0,2
143.9,14,isocontour,11.283791670955125,23703.34,49.88,10.4,-16.1,1.085,2.4,0.7,2.5,3.9,17.8,1.144,17,3,0,0,3
143.9,15,isocontour,11.283791670955125,19162.76,40.33,-12.6,15.4,1.041,0.2,-2.3,2.3,3.9,17.8,1.144,17,3,0,0,3
143.9,16,isocontour,11.283791670955125,37541.12,79.0,-20.6,1.6,0.996,0.2,-0.9,0.9,3.9,17.8,1.144,17,4,0,0,4
143.9,17,isocontour,11.283791670955125,19359.76,40.74,4.1,18.0,1.124,2.9,-0.3,2.9,3.9,17.8,1.144,17,6,0,0,6
143.9,18,isocontour,11.283791670955125,24895.87,52.39,-12.6,16.6,0.984,-1.3,0.8,1.5,3.9,17.8,1.144,17,3,0,0,3
143.9,19,isocontour,11.283791670955125,20617.82,43.39,-19.3,-8.2,0.978,-0.3,2.8,2.8,3.9,17.8,1.144,17,5,0,0,5
143.9,20,isocontour,11.283791670955125,22941.15,48.28,17.0,-11.7,0.998,-1.4,-0.8,1.6,3.9,17.8,1.144,17,3,0,0,3
143.9,21,isocontour,11.283791670955125,23778.82,50.04,9.8,-16.6,1.074,2.5,1.2,2.8,3.9,17.8,1.144,17,3,0,0,3
143.9,22,isocontour,11.283791670955125,24824.65,52.24,-12.9,-14.3,1.08,2.3,-0.3,2.3,3.9,17.8,1.144,17,3,0,0,3
143.9,23,isocontour,11.283791670955125,24024.18,50.56,-19.6,-3.7,1.039,-0.3,1.1,1.1,3.9,17.8,1.144,17,3,0,0,3
143.9,24,isocontour,11.283791670955125,24812.5,52.21,2.5,-20.6,0.99,-0.8,0.7,1.1,3.9,17.8,1.144,17,3,0,0,3
143.9,25,isocontour,11.283791670955125,24306.38,51.15,-19.2,1.2,1.076,-0.6,1.0,1.2,3.9,17.8,1.144,17,4,0,0,4
143.9,Target,,,,,0.0,0.0,4.023,0.0,0.0,,,,,,,,,
144.0,1,isocontour,11.283791670955125,18909.88,39.79,12.4,16.7,0.988,-0.1,2.0,2.0,12.4,16.7,0.996,1,6,0,0,6
144.0,2,isocontour,11.283791670955125,18901.25,39.78,-6.3,19.6,1.001,1.2,-0.1,1.2,-6.3,19.6,0.997,2,7,0,0,7
144.0,3,isocontour,11.283791670955125,18974.55,39.93,-0.3,20.9,0.983,-2.1,0.6,2.2,-0.3,20.9,0.987,3,5,0,0,5
144.0,4,isocontour,11.283791670955125,24064.05,50.64,17.9,10.4,0.99,-1.8,0.3,1.8,17.9,10.4,0.983,4,3,0,0,3
144.0,5,isocontour,11.283791670955125,21485.57,45.21,3.5,18.6,1.099,-2.7,-0.5,2.7,3.5,18.6,1.093,5,6,0,0,6
144.0,6,isocontour,11.283791670955125,23753.1,49.99,4.2,18.7,1.084,-2.9,-0.6,3.0,4.2,18.7,1.077,6,6,0,0,6
144.0,7,isocontour,11.283791670955125,20838.8,43.85,-18.1,10.0,0.996,0.8,0.8,1.1,-18.1,10.0,0.994,7,4,0,0,4
144.0,8,isocontour,11.283791670955125,24593.27,51.75,2.9,18.8,1.09,-0.7,-0.7,1.0,2.9,18.8,1.086,8,6,0,0,6
144.0,9,isocontour,11.283791670955125,21911.35,46.11,20.6,2.8,0.986,-0.1,1.3,1.3,20.6,2.8,0.987,9,3,0,0,3
144.0,10,isocontour,11.283791670955125,23843.25,50.18,16.4,11.0,1.049,-0.5,1.4,1.5,16.4,11.0,1.051,10,3,0,0,3
144.0,11,isocontour,11.283791670955125,25653.16,53.98,-11.7,-14.3,1.127,2.1,-1.9,2.8,-11.7,-14.3,1.127,11,3,0,0,3
144.0,12,isocontour,11.283791670955125,22213.47,46.75,-6.1,-19.9,0.988,2.2,-1.3,2.6,-6.1,-19.9,0.991,12,3,0,0,3
144.0,13,isocontour,11.283791670955125,21426.36,45.09,20.4,-4.0,0.986,-1.4,-2.6,3.0,20.4,-4.0,0.983,13,2,0,0,2
144.0,14,isocontour,11.283791670955125,23699.04,49.87,10.4,-16.0,1.089,0.7,1.3,1.5,10.4,-16.0,1.085,14,3,0,0,3
144.0,15,isocontour,11.283791670955125,19142.75,40.28,-12.4,15.3,1.049,2.5,0.3,2.5,-12.4,15.3,1.041,15,3,0,0,3
144.0,16,isocontour,11.283791670955125,37531.27,78.98,-20.7,1.5,0.99,-1.5,-1.3,2.0,-20.7,1.5,0.996,16,4,0,0,4
144.0,17,isocontour,11.283791670955125,19358.56,40.74,4.1,18.0,1.125,-1.0,0.0,1.0,4.1,18.0,1.124,17,6,0,0,6
144.0,18,isocontour,11.283791670955125,24894.34,52.39,-12.7,16.5,0.985,-0.3,-1.0,1.0,-12.7,16.5,0.984,18,3,0,0,3
144.0,19,isocontour,11.283791670955125,20607.52,43.37,-19.2,-8.0,0.986,1.0,1.7,2.0,-19.2,-8.0,0.978,19,5,0,0,5
144.0,20,isocontour,11.283791670955125,22924.5,48.24,17.1,-11.7,0.992,2.2,0.7,2.3,17.1,-11.7,0.998,20,3,0,0,3
144.0,21,isocontour,11.283791670955125,23744.35,49.97,10.1,-16.4,1.075,2.4,1.8,3.0,10.1,-16.4,1.074,21,3,0,0,3
144.0,22,isocontour,11.283791670955125,24815.66,52.22,-12.8,-14.4,1.079,1.0,-1.6,1.9,-12.8,-14.4,1.08,22,3,0,0,3
144.0,23,isocontour,11.283791670955125,24022.18,50.55,-19.6,-3.6,1.04,-0.0,1.1,1.1,-19.6,-3.6,1.039,23,3,0,0,3
144.0,24,isocontour,11.283791670955125,24811.06,52.21,2.6,-20.6,0.991,1.0,0.1,1.0,2.6,-20.6,0.99,24,3,0,0,3
144.0,25,isocontour,11.283791670955125,24304.49,51.15,-19.3,1.3,1.075,-0.1,1.1,1.1,-19.3,1.3,1.076,25,4,0,0,4
144.0,Target,,,,,0.0,0.0,4.023,0.0,0.0,,,,,,,,,
144.1,1,isocontour,11.283791670955125,18895.64,39.76,12.6,16.6,0.984,2.1,-0.7,2.2,4.1,18.0,1.125,17,6,0,0,6
144.1,2,isocontour,11.283791670955125,18899.25,39.77,-6.3,19.6,0.996,-0.5,1.0,1.1,4.1,18.0,1.125,17,7,0,0,7
144.1,3,isocontour,11.283791670955125,18951.8,39.88,-0.5,20.8,0.985,-2.5,-0.6,2.6,4.1,18.0,1.125,17,5,0,0,5
144.1,4,isocontour,11.283791670955125,24062.53,50.64,17.8,10.4,0.996,-0.8,-0.7,1.1,16.4,11.0,1.051,10,3,0,0,3
144.1,5,isocontour,11.283791670955125,21464.34,45.17,3.3,18.6,1.1,-2.5,0.4,2.5,4.1,18.0,1.125,17,6,0,0,6
144.1,6,isocontour,11.283791670955125,23751.82,49.98,4.0,18.7,1.086,-1.0,0.1,1.0,4.1,18.0,1.125,17,6,0,0,6
144.1,7,isocontour,11.283791670955125,20833.69,43.84,-18.2,10.0,0.992,-1.4,-0.7,1.6,-19.3,1.3,1.076,25,4,0,0,4
144.1,8,isocontour,11.283791670955125,24592.79,51.75,2.9,18.8,1.092,-0.7,-0.0,0.7,4.1,18.0,1.125,17,6,0,0,6
144.1,9,isocontour,11.283791670955125,21881.47,46.05,20.6,3.1,0.986,-0.4,2.8,2.8,16.4,11.0,1.051,10,3,0,0,3
144.1,10,isocontour,11.283791670955125,23824.4,50.14,16.4,10.8,1.052,0.7,-2.3,2.4,16.4,10.8,1.051,10,3,0,0,3
144.1,11,isocontour,11.283791670955125,25650.29,53.98,-11.7,-14.3,1.125,-1.2,0.4,1.3,-11.7,-14.3,1.127,11,3,0,0,3
144.1,12,isocontour,11.283791670955125,22195.53,46.71,-5.9,-20.0,0.985,2.1,-1.2,2.4,-11.7,-14.3,1.127,11,3,0,0,3
144.1,13,isocontour,11.283791670955125,21395.53,45.02,20.3,-4.3,0.99,-1.2,-2.6,2.9,17.1,-11.7,0.998,20,2,0,0,2
144.1,14,isocontour,11.283791670955125,23696.83,49.87,10.4,-15.9,1.095,-0.3,1.2,1.2,10.4,-15.9,1.089,14,3,0,0,3
144.1,15,isocontour,11.283791670955125,19117.01,40.23,-12.2,15.5,1.053,2.4,1.3,2.7,-12.2,15.5,1.049,15,3,0,0,3
144.1,16,isocontour,11.283791670955125,37486.29,78.89,-20.9,1.7,0.981,-1.4,2.9,3.2,-19.3,1.3,1.076,25,4,0,0,4
144.1,17,isocontour,11.283791670955125,19332.26,40.68,3.8,18.1,1.127,-2.7,0.3,2.7,3.8,18.1,1.125,17,6,0,0,6
144.1,18,isocontour,11.283791670955125,24889.23,52.38,-12.6,16.5,0.992,1.5,-0.6,1.6,-12.4,15.3,1.049,15,3,0,0,3
144.1,19,isocontour,11.283791670955125,20595.61,43.34,-19.1,-7.8,0.995,1.1,1.8,2.1,-11.7,-14.3,1.127,11,5,0,0,5
144.1,20,isocontour,11.283791670955125,22912.08,48.22,17.3,-11.7,0.981,2.0,-0.8,2.2,10.4,-16.0,1.089,14,3,0,0,3
144.1,21,isocontour,11.283791670955125,23743.42,49.97,10.0,-16.4,1.077,-0.8,-0.3,0.9,10.4,-16.0,1.089,14,3,0,0,3
144.1,22,isocontour,11.283791670955125,24780.85,52.15,-12.5,-14.5,1.087,3.0,-0.5,3.0,-11.7,-14.3,1.127,11,3,0,0,3
144.1,23,isocontour,11.283791670955125,24002.41,50.51,-19.7,-3.4,1.033,-1.7,1.8,2.5,-19.3,1.3,1.076,25,3,0,0,3
144.1,24,isocontour,11.283791670955125,24810.09,52.21,2.6,-20.5,0.995,-0.5,0.8,0.9,10.4,-16.0,1.089,14,3,0,0,3
144.1,25,isocontour,11.283791670955125,24272.69,51.08,-19.2,1.6,1.074,0.2,2.9,2.9,-19.2,1.6,1.076,25,4,0,0,4
144.1,Target,,,,,0.0,0.0,4.023,0.0,0.0,,,,,,,,,
144.2,1,isocontour,11.283791670955125,18885.94,39.74,12.6,16.5,0.991,-0.1,-2.0,2.0,3.8,18.1,1.127,17,6,0,0,6
144.2,2,isocontour,11.283791670955125,18890.68,39.75,-6.4,19.8,0.987,-0.6,1.8,1.9,3.8,18.1,1.127,17,7,0,0,7
144.2,3,isocontour,11.283791670955125,18929.31,39.83,-0.8,20.8,0.989,-2.5,-0.7,2.6,3.8,18.1,1.127,17,5,0,0,5
144.2,4,isocontour,11.283791670955125,24047.71,50.61,18.0,10.4,0.987,2.1,0.8,2.2,4.1,18.0,1.125,17,3,0,0,3
144.2,5,isocontour,11.283791670955125,21461.41,45.16,3.2,18.5,1.106,-0.9,-0.9,1.3,3.8,18.1,1.127,17,6,0,0,6
144.2,6,isocontour,11.283791670955125,23723.16,49.92,3.8,18.6,1.092,-2.7,-0.6,2.8,3.8,18.1,1.127,17,6,0,0,6
144.2,7,isocontour,11.283791670955125,20787.89,43.75,-18.4,9.7,0.989,-2.0,-2.6,3.3,-19.3,1.3,1.076,25,4,0,0,4
144.2,8,isocontour,11.283791670955125,24571.81,51.71,2.6,18.9,1.089,-2.4,0.8,2.5,3.8,18.1,1.127,17,6,0,0,6
144.2,9,isocontour,11.283791670955125,21843.09,45.97,20.5,3.3,0.992,-1.7,2.6,3.1,16.4,10.8,1.052,10,3,0,0,3
144.2,10,isocontour,11.283791670955125,23820.44,50.13,16.6,10.8,1.047,1.4,-0.0,1.4,4.1,18.0,1.125,17,3,0,0,3
144.2,11,isocontour,11.283791670955125,25641.03,53.96,-11.9,-14.3,1.119,-1.9,0.4,1.9,-11.9,-14.3,1.127,11,3,0,0,3
144.2,12,isocontour,11.283791670955125,22194.94,46.71,-5.8,-20.0,0.986,0.7,0.2,0.7,-11.7,-14.3,1.127,11,3,0,0,3
144.2,13,isocontour,11.283791670955125,21394.84,45.02,20.3,-4.3,0.991,0.1,0.8,0.8,10.4,-16.0,1.089,14,2,0,0,2
144.2,14,isocontour,11.283791670955125,23688.53,49.85,10.3,-16.0,1.092,-0.9,-1.6,1.8,10.3,-16.0,1.095,14,3,0,0,3
144.2,15,isocontour,11.283791670955125,19108.98,40.21,-12.0,15.6,1.05,0.9,1.6,1.8,4.1,18.0,1.125,17,3,0,0,3
144.2,16,isocontour,11.283791670955125,37482.17,78.88,-20.8,1.7,0.986,1.3,-0.8,1.5,-11.7,-14.3,1.127,11,4,0,0,4
144.2,17,isocontour,11.283791670955125,19331.41,40.68,3.7,18.1,1.127,-0.8,0.2,0.8,3.7,18.1,1.127,17,6,0,0,6
144.2,18,isocontour,11.283791670955125,24887.83,52.37,-12.6,16.5,0.989,-0.5,0.9,1.0,4.1,18.0,1.125,17,3,0,0,3
144.2,19,isocontour,11.283791670955125,20593.46,43.34,-19.1,-7.9,0.996,0.4,-1.1,1.2,-11.7,-14.3,1.127,11,5,0,0,5
144.2,20,isocontour,11.283791670955125,22904.55,48.2,17.5,-11.6,0.978,1.2,1.3,1.8,10.4,-15.9,1.095,14,3,0,0,3
144.2,21,isocontour,11.283791670955125,23736.14,49.95,9.9,-16.4,1.083,-1.8,0.3,1.8,10.4,-15.9,1.095,14,3,0,0,3
144.2,22,isocontour,11.283791670955125,24755.68,52.1,-12.6,-14.3,1.091,-1.6,2.2,2.7,-11.7,-14.3,1.127,11,3,0,0,3
144.2,23,isocontour,11.283791670955125,23971.26,50.44,-19.7,-3.6,1.032,0.4,-2.9,2.9,-11.7,-14.3,1.127,11,3,0,0,3
144.2,24,isocontour,11.283791670955125,24808.56,52.21,2.5,-20.5,0.997,-1.0,0.2,1.0,-11.7,-14.3,1.127,11,3,0,0,3
144.2,25,isocontour,11.283791670955125,24241.86,51.01,-19.2,1.4,1.076,0.1,-2.9,2.9,-11.7,-14.3,1.127,11,4,0,0,4
144.2,Target,,,,,0.0,0.0,4.023,0.0,0.0,,,,,,,,,
144.3,1,isocontour,11.283791670955125,18884.0,39.74,12.5,16.4,0.998,-1.0,-0.6,1.2,3.8,18.1,1.127,17,6,0,0,6
144.3,2,isocontour,11.283791670955125,18886.04,39.74,-6.4,19.7,0.992,-0.1,-1.5,1.5,3.8,18.1,1.127,17,7,0,0,7
144.3,3,isocontour,11.283791670955125,18894.5,39.76,-0.6,20.7,0.994,2.8,-1.0,3.0,3.8,18.1,1.127,17,5,0,0,5
144.3,4,isocontour,11.283791670955125,24038.45,50.59,18.1,10.3,0.989,0.2,-1.9,1.9,3.8,18.1,1.127,17,3,0,0,3
144.3,5,isocontour,11.283791670955125,21447.92,45.13,3.0,18.7,1.1,-1.6,1.5,2.2,3.8,18.1,1.127,17,6,0,0,6
144.3,6,isocontour,11.283791670955125,23688.0,49.85,3.5,18.8,1.087,-2.5,1.7,3.0,3.8,18.1,1.127,17,6,0,0,6
144.3,7,isocontour,11.283791670955125,20758.0,43.68,-18.3,9.9,0.986,0.9,2.7,2.8,-11.7,-14.3,1.127,11,4,0,0,4
144.3,8,isocontour,11.283791670955125,24534.53,51.63,2.9,18.8,1.09,3.0,-0.6,3.1,3.8,18.1,1.127,17,6,0,0,6
144.3,9,isocontour,11.283791670955125,21840.89,45.96,20.4,3.5,0.993,-0.3,1.2,1.2,4.1,18.0,1.125,17,3,0,0,3
144.3,10,isocontour,11.283791670955125,23819.96,50.13,16.6,10.7,1.047,0.2,-0.7,0.7,3.8,18.1,1.127,17,3,0,0,3
144.3,11,isocontour,11.283791670955125,25617.75,53.91,-12.1,-14.1,1.122,-1.5,2.1,2.6,-12.1,-14.1,1.127,11,3,0,0,3
144.3,12,isocontour,11.283791670955125,22193.91,46.7,-5.7,-20.0,0.986,0.9,-0.3,0.9,-11.7,-14.3,1.127,11,3,0,0,3
144.3,13,isocontour,11.283791670955125,21388.49,45.01,20.4,-4.4,0.986,0.7,-1.5,1.7,10.4,-15.9,1.095,14,2,0,0,2
144.3,14,isocontour,11.283791670955125,23680.1,49.83,10.2,-16.0,1.096,-1.9,0.1,1.9,-11.7,-14.3,1.127,11,3,0,0,3
144.3,15,isocontour,11.283791670955125,19096.2,40.19,-12.2,15.6,1.045,-2.1,-0.5,2.2,3.8,18.1,1.127,17,3,0,0,3
144.3,16,isocontour,11.283791670955125,37467.15,78.85,-20.8,1.5,0.987,-0.0,-2.3,2.3,-11.7,-14.3,1.127,11,4,0,0,4
144.3,17,isocontour,11.283791670955125,19330.47,40.68,3.7,18.0,1.131,-0.6,-0.7,0.9,3.7,18.0,1.127,17,6,0,0,6
144.3,18,isocontour,11.283791670955125,24798.33,52.19,-12.9,16.4,0.984,-3.8,-1.7,4.2,3.8,18.1,1.127,17,3,0,0,3
144.3,19,isocontour,11.283791670955125,20584.89,43.32,-19.0,-8.0,0.999,1.2,-1.4,1.8,-11.7,-14.3,1.127,11,5,0,0,5
144.3,20,isocontour,11.283791670955125,22901.88,48.19,17.6,-11.5,0.977,0.8,1.0,1.3,10.4,-15.9,1.095,14,3,0,0,3
144.3,21,isocontour,11.283791670955125,23734.65,49.95,9.8,-16.4,1.085,-1.0,-0.3,1.0,-11.7,-14.3,1.127,11,3,0,0,3
144.3,22,isocontour,11.283791670955125,24754.44,52.09,-12.6,-14.2,1.095,-0.2,1.0,1.0,-11.7,-14.3,1.127,11,3,0,0,3
144.3,23,isocontour,11.283791670955125,23940.11,50.38,-19.7,-3.9,1.031,0.5,-2.9,2.9,-11.7,-14.3,1.127,11,3,0,0,3
144.3,24,isocontour,11.283791670955125,24784.75,52.16,2.7,-20.5,0.993,2.6,-0.5,2.6,-11.7,-14.3,1.127,11,3,0,0,3
144.3,25,isocontour,11.283791670955125,24210.39,50.95,-19.2,1.1,1.078,0.2,-2.9,2.9,-11.7,-14.3,1.127,11,4,0,0,4
144.3,Target,,,,,0.0,0.0,4.023,0.0,0.0,,,,,,,,,
144.4,1,isocontour,11.283791670955125,18872.59,39.72,12.5,16.5,0.993,-0.7,2.0,2.1,3.7,18.0,1.131,17,6,0,0,6
144.4,2,isocontour,11.283791670955125,18866.5,39.7,-6.6,19.7,0.989,-2.5,-0.1,2.5,3.7,18.0,1.131,17,7,0,0,7
144.4,3,isocontour,11.283791670955125,18884.2,39.74,-0.4,20.6,0.999,1.9,-0.7,2.0,3.7,18.0,1.131,17,5,0,0,5
144.4,4,isocontour,11.283791670955125,24030.67,50.57,17.9,10.3,0.995,-1.8,0.4,1.8,3.8,18.1,1.127,17,3,0,0,3
144.4,5,isocontour,11.283791670955125,21426.44,45.09,3.1,18.5,1.11,1.3,-2.2,2.6,3.7,18.0,1.131,17,6,0,0,6
144.4,6,isocontour,11.283791670955125,23658.74,49.79,3.7,18.8,1.085,2.8,-0.5,2.8,3.7,18.0,1.131,17,6,0,0,6
144.4,7,isocontour,11.283791670955125,20720.72,43.6,-18.3,9.7,0.993,-0.0,-3.1,3.1,-11.7,-14.3,1.127,11,4,0,0,4
144.4,8,isocontour,11.283791670955125,24526.49,51.61,3.0,18.9,1.084,1.6,0.8,1.8,3.7,18.0,1.131,17,6,0,0,6
144.4,9,isocontour,11.283791670955125,21824.87,45.93,20.5,3.3,0.99,1.0,-2.1,2.3,3.8,18.1,1.127,17,3,0,0,3
144.4,10,isocontour,11.283791670955125,23804.55,50.09,16.6,10.9,1.044,-0.6,2.2,2.3,3.8,18.1,1.127,17,3,0,0,3
144.4,11,isocontour,11.283791670955125,25593.4,53.86,-12.0,-13.8,1.136,0.9,2.5,2.7,-12.0,-13.8,1.127,11,3,0,0,3
144.4,12,isocontour,11.283791670955125,22191.3,46.7,-5.6,-20.1,0.985,1.2,-0.5,1.3,-11.7,-14.3,1.127,11,3,0,0,3
144.4,13,isocontour,11.283791670955125,21343.92,44.92,20.5,-4.2,0.98,1.8,2.7,3.2,4.1,18.0,1.125,17,2,0,0,2
144.4,14,isocontour,11.283791670955125,23679.83,49.83,10.2,-16.0,1.098,0.5,0.3,0.6,-11.7,-14.3,1.127,11,3,0,0,3
144.4,15,isocontour,11.283791670955125,19093.77,40.18,-12.1,15.6,1.046,1.1,0.5,1.2,3.8,18.1,1.127,17,3,0,0,3
144.4,16,isocontour,11.283791670955125,37464.89,78.84,-20.7,1.4,0.99,0.5,-1.1,1.2,-11.7,-14.3,1.127,11,4,0,0,4
144.4,17,isocontour,11.283791670955125,19299.0,40.61,3.9,18.0,1.13,2.9,-0.2,2.9,3.9,18.0,1.131,17,6,0,0,6
144.4,18,isocontour,11.283791670955125,24793.78,52.18,-12.8,16.4,0.986,1.5,0.3,1.5,3.8,18.1,1.127,17,3,0,0,3
144.4,19,isocontour,11.283791670955125,20549.73,43.24,-18.9,-8.3,0.999,1.1,-2.8,3.0,-11.7,-14.3,1.127,11,5,0,0,5
144.4,20,isocontour,11.283791670955125,22900.94,48.19,17.6,-11.4,0.979,0.1,0.9,0.9,-11.7,-14.3,1.127,11,3,0,0,3
144.4,21,isocontour,11.283791670955125,23732.22,49.94,9.7,-16.5,1.084,-0.8,-0.9,1.2,-11.7,-14.3,1.127,11,3,0,0,3
144.4,22,isocontour,11.283791670955125,24704.81,51.99,-12.9,-14.1,1.084,-3.4,0.2,3.4,-11.7,-14.3,1.127,11,3,0,0,3
144.4,23,isocontour,11.283791670955125,23911.15,50.32,-19.6,-4.2,1.029,0.2,-2.8,2.8,-11.7,-14.3,1.127,11,3,0,0,3
144.4,24,isocontour,11.283791670955125,24783.43,52.15,2.8,-20.6,0.989,0.6,-0.8,1.0,-11.7,-14.3,1.127,11,3,0,0,3
144.4,25,isocontour,11.283791670955125,24178.92,50.88,-19.2,0.8,1.08,0.1,-2.9,2.9,-11.7,-14.3,1.127,11,4,0,0,4
144.4,Target,,,,,0.0,0.0,4.023,0.0,0.0,,,,,,,,,
144.5,1,isocontour,11.283791670955125,18773.03,39.51,12.3,16.9,0.984,-2.2,3.7,4.3,3.7,18.0,1.131,17,6,0,0,6
144.5,2,isocontour,11.283791670955125,18862.77,39.69,-6.6,19.7,0.988,1.3,0.6,1.4,3.7,18.0,1.131,17,7,0,0,7
144.5,3,isocontour,11.283791670955125,18866.03,39.7,-0.5,20.7,0.994,-2.2,1.1,2.5,3.7,18.0,1.131,17,5,0,0,5
144.5,4,isocontour,11.283791670955125,24011.59,50.53,18.1,10.2,0.992,1.9,-1.6,2.5,3.7,18.0,1.131,17,3,0,0,3
144.5,5,isocontour,11.283791670955125,21425.92,45.09,3.1,18.4,1.115,-0.1,-0.7,0.7,3.7,18.0,1.131,17,6,0,0,6
144.5,6,isocontour,11.283791670955125,23635.19,49.74,3.5,18.8,1.087,-2.6,0.2,2.6,3.7,18.0,1.131,17,6,0,0,6
144.5,7,isocontour,11.283791670955125,20720.11,43.6,-18.3,9.7,0.995,0.6,0.5,0.8,-11.7,-14.3,1.127,11,4,0,0,4
144.5,8,isocontour,11.283791670955125,24500.47,51.56,3.0,19.1,1.071,-0.8,2.6,2.7,3.7,18.0,1.131,17,6,0,0,6
144.5,9,isocontour,11.283791670955125,21728.74,45.73,20.6,3.0,0.986,1.5,-4.0,4.3,3.8,18.1,1.127,17,3,0,0,3
144.5,10,isocontour,11.283791670955125,23803.61,50.09,16.6,10.9,1.04,0.9,-0.2,0.9,3.7,18.0,1.131,17,3,0,0,3
144.5,11,isocontour,11.283791670955125,25589.36,53.85,-12.0,-13.7,1.143,-0.5,1.4,1.5,-12.0,-13.7,1.136,11,3,0,0,3
144.5,12,isocontour,11.283791670955125,22168.02,46.65,-5.4,-20.1,0.99,2.6,0.3,2.6,-12.0,-13.8,1.136,11,3,0,0,3
144.5,13,isocontour,11.283791670955125,21341.24,44.91,20.5,-4.0,0.981,-0.4,1.2,1.3,3.8,18.1,1.127,17,2,0,0,2
144.5,14,isocontour,11.283791670955125,23649.0,49.77,10.0,-16.1,1.098,-2.5,-1.5,2.9,-11.7,-14.3,1.127,11,3,0,0,3
144.5,15,isocontour,11.283791670955125,19086.96,40.17,-12.3,15.6,1.043,-1.7,-0.5,1.8,3.7,18.0,1.131,17,3,0,0,3
144.5,16,isocontour,11.283791670955125,37462.63,78.84,-20.7,1.2,0.993,0.5,-1.1,1.2,-11.7,-14.3,1.127,11,4,0,0,4
144.5,17,isocontour,11.283791670955125,19298.18,40.61,3.9,18.0,1.128,-0.8,0.4,0.9,3.9,18.0,1.131,17,6,0,0,6
144.5,18,isocontour,11.283791670955125,24771.54,52.13,-12.8,16.2,0.997,0.4,-2.6,2.6,3.7,18.0,1.131,17,3,0,0,3
144.5,19,isocontour,11.283791670955125,20526.19,43.19,-18.8,-8.6,0.995,0.4,-2.6,2.6,-12.0,-13.8,1.136,11,5,0,0,5
144.5,20,isocontour,11.283791670955125,22877.93,48.14,17.5,-11.2,0.99,-1.2,2.3,2.6,-11.7,-14.3,1.127,11,3,0,0,3
144.5,21,isocontour,11.283791670955125,23712.44,49.9,9.5,-16.7,1.08,-1.8,-1.7,2.5,-11.7,-14.3,1.127,11,3,0,0,3
144.5,22,isocontour,11.283791670955125,24679.07,51.93,-13.1,-14.0,1.084,-1.8,2.1,2.8,-12.0,-13.8,1.136,11,3,0,0,3
144.5,23,isocontour,11.283791670955125,23908.83,50.31,-19.6,-4.3,1.031,0.7,-1.0,1.2,-11.7,-14.3,1.127,11,3,0,0,3
144.5,24,isocontour,11.283791670955125,24769.0,52.12,3.0,-20.6,0.987,2.2,0.2,2.2,-11.7,-14.3,1.127,11,3,0,0,3
144.5,25,isocontour,11.283791670955125,24147.44,50.82,-19.2,0.5,1.081,0.1,-2.9,2.9,-11.7,-14.3,1.127,11,4,0,0,4
144.5,Target,,,,,0.0,0.0,4.023,0.0,0.0,,,,,,,,,
144.6,1,isocontour,11.283791670955125,18772.21,39.5,12.3,16.9,0.983,0.7,-0.5,0.9,3.7,18.0,1.131,17,6,0,0,6
144.6,2,isocontour,11.283791670955125,18849.28,39.67,-6.7,19.6,0.992,-1.7,-1.4,2.2,3.7,18.0,1.131,17,7,0,0,7
144.6,3,isocontour,11.283791670955125,18846.72,39.66,-0.8,20.8,0.987,-2.2,1.2,2.5,3.7,18.0,1.131,17,5,0,0,5
144.6,4,isocontour,11.283791670955125,24010.75,50.53,18.1,10.2,0.988,0.6,0.7,0.9,3.7,18.0,1.131,17,3,0,0,3
144.6,5,isocontour,11.283791670955125,21425.33,45.09,3.1,18.4,1.113,-0.5,0.6,0.8,3.7,18.0,1.131,17,6,0,0,6
144.6,6,isocontour,11.283791670955125,23612.44,49.69,3.3,18.8,1.09,-2.6,-0.1,2.6,3.7,18.0,1.131,17,6,0,0,6
144.6,7,isocontour,11.283791670955125,20693.23,43.55,-18.5,9.6,0.988,-2.5,-1.2,2.8,3.7,18.0,1.131,17,4,0,0,4
144.6,8,isocontour,11.283791670955125,24476.93,51.51,2.8,19.2,1.069,-2.6,0.2,2.6,3.7,18.0,1.131,17,6,0,0,6
144.6,9,isocontour,11.283791670955125,21724.69,45.72,20.7,3.0,0.982,0.3,1.4,1.4,3.7,18.0,1.131,17,3,0,0,3
144.6,10,isocontour,11.283791670955125,23801.23,50.09,16.7,10.9,1.036,1.1,-0.4,1.2,3.7,18.0,1.131,17,3,0,0,3
144.6,11,isocontour,11.283791670955125,25580.24,53.83,-12.2,-13.7,1.136,-1.9,0.1,1.9,-12.2,-13.7,1.143,11,3,0,0,3
144.6,12,isocontour,11.283791670955125,22137.82,46.59,-5.5,-20.0,0.993,-2.6,1.3,2.9,-12.0,-13.7,1.143,11,3,0,0,3
144.6,13,isocontour,11.283791670955125,21314.37,44.85,20.4,-4.2,0.989,-2.0,-1.9,2.8,3.8,18.1,1.127,17,2,0,0,2
144.6,14,isocontour,11.283791670955125,23647.87,49.76,10.0,-16.1,1.097,0.9,0.3,0.9,-11.7,-14.3,1.127,11,3,0,0,3
144.6,15,isocontour,11.283791670955125,19086.5,40.17,-12.3,15.5,1.043,-0.5,-0.5,0.7,3.7,18.0,1.131,17,3,0,0,3
144.6,16,isocontour,11.283791670955125,37456.05,78.82,-20.8,1.3,0.988,-1.2,1.2,1.7,-12.0,-13.8,1.136,11,4,0,0,4
144.6,17,isocontour,11.283791670955125,19275.95,40.56,3.7,18.1,1.128,-2.5,0.6,2.6,3.7,18.1,1.131,17,6,0,0,6
144.6,18,isocontour,11.283791670955125,24755.93,52.1,-12.6,16.2,1.002,2.2,0.8,2.3,3.7,18.0,1.131,17,3,0,0,3
144.6,19,isocontour,11.283791670955125,20391.96,42.91,-18.8,-9.0,0.987,0.4,-4.7,4.7,-12.0,-13.7,1.143,11,5,0,0,5
144.6,20,isocontour,11.283791670955125,22862.52,48.11,17.3,-11.2,1.0,-2.3,-0.3,2.3,-11.7,-14.3,1.127,11,3,0,0,3
144.6,21,isocontour,11.283791670955125,23684.98,49.84,9.7,-16.6,1.082,2.1,1.8,2.8,-11.7,-14.3,1.127,11,3,0,0,3
144.6,22,isocontour,11.283791670955125,24678.23,51.93,-13.2,-13.9,1.086,-0.3,0.8,0.9,-12.0,-13.7,1.143,11,3,0,0,3
144.6,23,isocontour,11.283791670955125,23904.62,50.3,-19.5,-4.4,1.033,0.7,-1.3,1.5,-12.0,-13.8,1.136,11,3,0,0,3
144.6,24,isocontour,11.283791670955125,24753.19,52.09,2.8,-20.5,0.995,-1.8,1.5,2.3,-12.0,-13.8,1.136,11,3,0,0,3
144.6,25,isocontour,11.283791670955125,24144.02,50.81,-19.1,0.4,1.087,1.2,-0.7,1.4,-12.0,-13.8,1.136,11,4,0,0,4
144.6,Target,,,,,0.0,0.0,4.023,0.0,0.0,,,,,,,,,
144.7,1,isocontour,11.283791670955125,18767.19,39.49,12.4,16.8,0.984,1.1,-1.2,1.6,3.7,18.0,1.131,17,6,0,0,6
144.7,2,isocontour,11.283791670955125,18847.18,39.66,-6.6,19.7,0.991,1.0,0.5,1.1,3.7,18.0,1.131,17,7,0,0,7
144.7,3,isocontour,11.283791670955125,18770.14,39.5,-1.1,20.8,0.984,-3.9,0.3,3.9,3.7,18.0,1.131,17,5,0,0,5
144.7,4,isocontour,11.283791670955125,24007.32,50.52,18.1,10.3,0.986,-0.5,1.3,1.4,3.7,18.0,1.131,17,3,0,0,3
144.7,5,isocontour,11.283791670955125,21415.33,45.07,2.9,18.4,1.12,-1.7,-1.0,2.0,3.7,18.0,1.131,17,6,0,0,6
144.7,6,isocontour,11.283791670955125,23603.74,49.67,3.2,18.9,1.081,0.0,1.9,1.9,3.7,18.0,1.131,17,6,0,0,6
144.7,7,isocontour,11.283791670955125,20682.14,43.52,-18.3,9.6,0.994,2.0,0.3,2.0,-12.0,-13.8,1.136,11,4,0,0,4
144.7,8,isocontour,11.283791670955125,24453.12,51.46,2.5,19.2,1.072,-2.6,-0.1,2.6,3.7,18.0,1.131,17,6,0,0,6
144.7,9,isocontour,11.283791670955125,21716.39,45.7,20.5,3.0,0.991,-1.9,0.1,1.9,3.7,18.0,1.131,17,3,0,0,3
144.7,10,isocontour,11.283791670955125,23800.36,50.08,16.8,10.8,1.034,0.7,-0.5,0.9,3.7,18.0,1.131,17,3,0,0,3
144.7,11,isocontour,11.283791670955125,25578.34,53.83,-12.2,-13.7,1.133,0.6,-1.0,1.2,-12.0,-13.7,1.143,11,3,0,0,3
144.7,12,isocontour,11.283791670955125,22101.61,46.51,-5.8,-19.9,0.991,-3.0,0.4,3.0,-12.0,-13.7,1.143,11,3,0,0,3
144.7,13,isocontour,11.283791670955125,21285.71,44.79,20.2,-4.4,0.995,-1.5,-2.4,2.8,3.7,18.0,1.131,17,2,0,0,2
144.7,14,isocontour,11.283791670955125,23627.13,49.72,10.2,-15.9,1.102,1.5,2.0,2.5,-12.0,-13.8,1.136,11,3,0,0,3
144.7,15,isocontour,11.283791670955125,19072.26,40.14,-12.2,15.7,1.041,1.5,1.7,2.3,3.7,18.0,1.131,17,3,0,0,3
144.7,16,isocontour,11.283791670955125,37444.8,78.8,-20.8,1.5,0.986,-0.0,2.1,2.1,-12.0,-13.7,1.143,11,4,0,0,4
144.7,17,isocontour,11.283791670955125,19275.07,40.56,3.6,18.1,1.127,-0.8,0.4,0.9,3.6,18.1,1.131,17,6,0,0,6
144.7,18,isocontour,11.283791670955125,24734.2,52.05,-12.8,16.2,1.0,-2.4,-1.0,2.6,3.7,18.0,1.131,17,3,0,0,3
144.7,19,isocontour,11.283791670955125,20361.44,42.85,-19.0,-9.0,0.977,-2.6,1.1,2.8,-12.0,-13.7,1.143,11,5,0,0,5
144.7,20,isocontour,11.283791670955125,22860.81,48.11,17.1,-11.2,1.007,-0.9,0.6,1.1,-11.7,-14.3,1.127,11,3,0,0,3
144.7,21,isocontour,11.283791670955125,23682.88,49.84,9.8,-16.5,1.08,1.2,0.1,1.2,-12.0,-13.8,1.136,11,3,0,0,3
144.7,22,isocontour,11.283791670955125,24668.82,51.91,-13.1,-14.0,1.084,1.0,-1.6,1.9,-12.0,-13.7,1.143,11,3,0,0,3
144.7,23,isocontour,11.283791670955125,23879.72,50.25,-19.5,-4.2,1.034,-0.6,2.6,2.7,-12.0,-13.7,1.143,11,3,0,0,3
144.7,24,isocontour,11.283791670955125,24752.31,52.09,2.9,-20.5,0.995,0.9,-0.1,0.9,-12.0,-13.7,1.143,11,3,0,0,3
144.7,25,isocontour,11.283791670955125,24138.52,50.8,-19.2,0.4,1.08,-1.6,0.2,1.6,-12.0,-13.7,1.143,11,4,0,0,4
144.7,Target,,,,,0.0,0.0,4.023,0.0,0.0,,,,,,,,,
144.8,1,isocontour,11.283791670955125,18764.64,39.49,12.4,16.7,0.99,-0.5,-1.1,1.2,3.7,18.0,1.131,17,6,0,0,6
144.8,2,isocontour,11.283791670955125,18839.9,39.65,-6.7,19.8,0.983,-0.6,1.7,1.8,3.7,18.0,1.131,17,7,0,0,7
144.8,3,isocontour,11.283791670955125,18747.39,39.45,-1.4,20.8,0.988,-2.4,-1.1,2.6,3.7,18.0,1.131,17,5,0,0,5
144.8,4,isocontour,11.283791670955125,23987.55,50.48,18.2,10.1,0.988,1.0,-2.3,2.5,3.7,18.0,1.131,17,3,0,0,3
144.8,5,isocontour,11.283791670955125,21414.05,45.06,2.8,18.4,1.118,-0.6,0.8,1.0,3.7,18.0,1.131,17,6,0,0,6
144.8,6,isocontour,11.283791670955125,23602.95,49.67,3.2,18.9,1.081,-0.8,-0.2,0.8,3.7,18.0,1.131,17,6,0,0,6
144.8,7,isocontour,11.283791670955125,20650.99,43.46,-18.4,9.4,0.997,-1.1,-2.7,2.9,-12.0,-13.7,1.143,11,4,0,0,4
144.8,8,isocontour,11.283791670955125,24452.55,51.46,2.4,19.2,1.073,-0.8,-0.0,0.8,3.7,18.0,1.131,17,6,0,0,6
144.8,9,isocontour,11.283791670955125,21681.58,45.63,20.5,3.3,0.992,-0.4,3.0,3.0,3.7,18.0,1.131,17,3,0,0,3
144.8,10,isocontour,11.283791670955125,23793.07,50.07,16.9,10.7,1.031,1.4,-1.1,1.8,3.7,18.0,1.131,17,3,0,0,3
144.8,11,isocontour,11.283791670955125,25561.91,53.79,-12.0,-13.8,1.138,2.2,-0.8,2.3,-12.0,-13.7,1.143,11,3,0,0,3
144.8,12,isocontour,11.283791670955125,22096.5,46.5,-6.0,-19.9,0.987,-1.5,-0.4,1.6,-12.0,-13.7,1.143,11,3,0,0,3
144.8,13,isocontour,11.283791670955125,21271.85,44.76,20.3,-4.6,0.986,1.8,-1.3,2.2,3.7,18.0,1.131,17,2,0,0,2
144.8,14,isocontour,11.283791670955125,23625.73,49.72,10.1,-15.9,1.104,-1.0,-0.3,1.0,-12.0,-13.7,1.143,11,3,0,0,3
144.8,15,isocontour,11.283791670955125,19070.21,40.13,-12.2,15.8,1.035,-0.4,1.1,1.2,-12.0,-13.8,1.136,11,3,0,0,3
144.8,16,isocontour,11.283791670955125,37420.73,78.75,-20.7,1.8,0.989,1.0,2.5,2.7,-12.0,-13.7,1.143,11,4,0,0,4
144.8,17,isocontour,11.283791670955125,19248.77,40.51,3.3,18.2,1.125,-2.6,0.7,2.7,3.3,18.2,1.131,17,6,0,0,6
144.8,18,isocontour,11.283791670955125,24724.64,52.03,-12.9,16.3,0.99,-1.2,1.5,1.9,-12.0,-13.8,1.136,11,3,0,0,3
144.8,19,isocontour,11.283791670955125,20356.79,42.84,-19.1,-8.8,0.975,-0.7,1.4,1.6,-12.0,-13.7,1.143,11,5,0,0,5
144.8,20,isocontour,11.283791670955125,22857.54,48.1,17.1,-11.3,1.005,-0.1,-1.4,1.4,-12.0,-13.8,1.136,11,3,0,0,3
144.8,21,isocontour,11.283791670955125,23655.12,49.78,9.6,-16.5,1.089,-2.7,0.5,2.7,-12.0,-13.7,1.143,11,3,0,0,3
144.8,22,isocontour,11.283791670955125,24643.37,51.86,-12.9,-14.2,1.082,1.8,-2.0,2.7,-12.0,-13.7,1.143,11,3,0,0,3
144.8,23,isocontour,11.283791670955125,23877.34,50.25,-19.6,-4.1,1.03,-0.8,0.9,1.2,-12.0,-13.7,1.143,11,3,0,0,3
144.8,24,isocontour,11.283791670955125,24750.05,52.08,2.8,-20.5,0.992,-0.8,-0.9,1.2,-12.0,-13.7,1.143,11,3,0,0,3
144.8,25,isocontour,11.283791670955125,24111.64,50.74,-19.2,0.7,1.079,0.2,2.8,2.8,-12.0,-13.7,1.143,11,4,0,0,4
144.8,Target,,,,,0.0,0.0,4.023,0.0,0.0,,,,,,,,,
144.9,1,isocontour,11.283791670955125,18729.83,39.41,12.1,16.6,1.004,-2.7,-1.3,3.0,3.7,18.0,1.131,17,6,0,0,6
144.9,2,isocontour,11.283791670955125,18838.83,39.64,-6.7,19.8,0.985,-0.3,-0.9,0.9,-12.0,-13.8,1.136,11,7,0,0,7
144.9,3,isocontour,11.283791670955125,18744.32,39.45,-1.3,20.7,0.993,1.0,-0.9,1.3,3.7,18.0,1.131,17,5,0,0,5
144.9,4,isocontour,11.283791670955125,23980.02,50.46,18.0,10.1,0.995,-1.8,0.1,1.8,3.7,18.0,1.131,17,3,0,0,3
144.9,5,isocontour,11.283791670955125,21397.62,45.03,2.8,18.6,1.105,0.1,2.3,2.3,3.7,18.0,1.131,17,6,0,0,6
144.9,6,isocontour,11.283791670955125,23600.45,49.66,3.1,18.9,1.087,-0.8,-1.0,1.3,3.7,18.0,1.131,17,6,0,0,6
144.9,7,isocontour,11.283791670955125,20634.77,43.42,-18.4,9.5,0.992,0.1,2.3,2.3,-12.0,-13.7,1.143,11,4,0,0,4
144.9,8,isocontour,11.283791670955125,24421.72,51.39,2.6,19.1,1.075,2.8,-0.8,2.9,3.7,18.0,1.131,17,6,0,0,6
144.9,9,isocontour,11.283791670955125,21680.26,45.62,20.5,3.3,0.987,1.0,-0.3,1.0,3.7,18.0,1.131,17,3,0,0,3
144.9,10,isocontour,11.283791670955125,23770.58,50.02,17.0,10.5,1.036,0.3,-2.6,2.6,3.7,18.0,1.131,17,3,0,0,3
144.9,11,isocontour,11.283791670955125,25558.98,53.79,-11.9,-13.9,1.141,1.2,-0.4,1.3,-12.0,-13.7,1.143,11,3,0,0,3
144.9,12,isocontour,11.283791670955125,22094.98,46.5,-6.0,-19.9,0.99,0.8,0.7,1.1,-12.0,-13.7,1.143,11,3,0,0,3
144.9,13,isocontour,11.283791670955125,21253.68,44.73,20.4,-4.8,0.981,0.4,-2.4,2.4,-12.0,-13.8,1.136,11,2,0,0,2
144.9,14,isocontour,11.283791670955125,23598.27,49.66,10.3,-15.8,1.105,2.2,1.7,2.8,-12.0,-13.7,1.143,11,3,0,0,3
144.9,15,isocontour,11.283791670955125,19058.64,40.11,-12.3,15.6,1.04,-0.5,-2.0,2.1,-12.0,-13.7,1.143,11,3,0,0,3
144.9,16,isocontour,11.283791670955125,37397.45,78.7,-20.6,2.0,0.993,0.8,2.5,2.6,-12.0,-13.7,1.143,11,4,0,0,4
144.9,17,isocontour,11.283791670955125,19227.04,40.46,3.1,18.4,1.116,-1.7,2.0,2.6,3.1,18.4,1.131,17,6,0,0,6
144.9,18,isocontour,11.283791670955125,24607.45,51.78,-13.2,16.1,0.987,-3.7,-2.6,4.5,-12.0,-13.7,1.143,11,3,0,0,3
144.9,19,isocontour,11.283791670955125,20341.18,42.81,-19.0,-8.6,0.983,1.1,2.0,2.3,-12.0,-13.7,1.143,11,5,0,0,5
144.9,20,isocontour,11.283791670955125,22853.32,48.09,17.2,-11.4,0.997,1.3,-0.7,1.5,-12.0,-13.7,1.143,11,3,0,0,3
144.9,21,isocontour,11.283791670955125,23654.09,49.78,9.6,-16.4,1.092,0.6,0.7,0.9,-12.0,-13.7,1.143,11,3,0,0,3
144.9,22,isocontour,11.283791670955125,24630.77,51.83,-12.8,-14.4,1.079,1.2,-1.8,2.2,-12.0,-13.7,1.143,11,3,0,0,3
144.9,23,isocontour,11.283791670955125,23860.06,50.21,-19.6,-3.9,1.034,0.5,2.3,2.4,-12.0,-13.7,1.143,11,3,0,0,3
144.9,24,isocontour,11.283791670955125,24746.25,52.08,2.7,-20.7,0.986,-0.8,-1.2,1.4,-12.0,-13.7,1.143,11,3,0,0,3
144.9,25,isocontour,11.283791670955125,24110.47,50.74,-19.2,0.8,1.081,0.4,0.9,1.0,-12.0,-13.7,1.143,11,4,0,0,4
144.9,Target,,,,,0.0,0.0,4.023,0.0,0.0,,,,,,,,,
145.0,1,isocontour,11.283791670955125,18724.91,39.4,12.0,16.7,1.002,-0.6,1.4,1.5,3.7,18.0,1.131,17,6,0,0,6
145.0,2,isocontour,11.283791670955125,18834.79,39.64,-6.6,19.6,0.992,0.8,-1.2,1.4,-12.0,-13.7,1.143,11,7,0,0,7
145.0,3,isocontour,11.283791670955125,18743.04,39.44,-1.2,20.6,0.995,1.0,-0.2,1.0,-12.0,-13.8,1.136,11,5,0,0,5
145.0,4,isocontour,11.283791670955125,23973.09,50.45,18.1,10.1,0.99,1.7,-0.6,1.8,3.7,18.0,1.131,17,3,0,0,3
145.0,5,isocontour,11.283791670955125,21388.77,45.01,2.8,18.5,1.112,-0.4,-1.9,1.9,-12.0,-13.8,1.136,11,6,0,0,6
145.0,6,isocontour,11.283791670955125,23503.64,49.46,3.4,18.9,1.081,4.2,0.6,4.2,-12.0,-13.8,1.136,11,6,0,0,6
145.0,7,isocontour,11.283791670955125,20628.63,43.41,-18.5,9.5,0.985,-1.7,-0.2,1.7,-12.0,-13.7,1.143,11,4,0,0,4
145.0,8,isocontour,11.283791670955125,24421.4,51.39,2.6,19.1,1.075,-0.6,0.2,0.6,-12.0,-13.8,1.136,11,6,0,0,6
145.0,9,isocontour,11.283791670955125,21676.46,45.62,20.6,3.4,0.983,0.5,1.3,1.4,-12.0,-13.8,1.136,11,3,0,0,3
145.0,10,isocontour,11.283791670955125,23755.96,49.99,16.8,10.5,1.043,-2.0,1.0,2.2,3.7,18.0,1.131,17,3,0,0,3
145.0,11,isocontour,11.283791670955125,25553.86,53.77,-11.7,-13.9,1.144,1.4,-0.7,1.6,-12.0,-13.7,1.143,11,3,0,0,3
145.0,12,isocontour,11.283791670955125,22093.03,46.49,-6.0,-19.9,0.99,-1.1,0.1,1.1,-12.0,-13.7,1.143,11,3,0,0,3
145.0,13,isocontour,11.283791670955125,21249.8,44.72,20.3,-4.9,0.984,-1.2,-0.8,1.4,-12.0,-13.7,1.143,11,2,0,0,2
145.0,14,isocontour,11.283791670955125,23594.62,49.65,10.4,-15.6,1.109,0.6,1.3,1.4,-12.0,-13.7,1.143,11,3,0,0,3
145.0,15,isocontour,11.283791670955125,19036.4,40.06,-12.5,15.5,1.04,-2.2,-1.3,2.6,-12.0,-13.7,1.143,11,3,0,0,3
145.0,16,isocontour,11.283791670955125,37363.67,78.63,-20.6,1.8,0.993,-0.2,-3.0,3.0,-12.0,-13.7,1.143,11,4,0,0,4
145.0,17,isocontour,11.283791670955125,19197.46,40.4,3.3,18.2,1.125,1.7,-2.3,2.9,-12.0,-13.8,1.136,11,6,0,0,6
145.0,18,isocontour,11.283791670955125,24587.67,51.74,-13.3,15.8,0.994,-0.4,-2.5,2.5,-12.0,-13.7,1.143,11,3,0,0,3
145.0,19,isocontour,11.283791670955125,20317.64,42.76,-19.0,-8.4,0.99,-0.1,2.6,2.6,-12.0,-13.7,1.143,11,5,0,0,5
145.0,20,isocontour,11.283791670955125,22837.71,48.06,17.4,-11.3,0.99,2.1,1.0,2.3,-12.0,-13.7,1.143,11,3,0,0,3
145.0,21,isocontour,11.283791670955125,23651.35,49.77,9.7,-16.3,1.096,0.5,1.2,1.3,-12.0,-13.7,1.143,11,3,0,0,3
145.0,22,isocontour,11.283791670955125,24623.85,51.82,-12.7,-14.5,1.076,1.0,-1.4,1.7,-12.0,-13.7,1.143,11,3,0,0,3
145.0,23,isocontour,11.283791670955125,23833.47,50.15,-19.6,-3.6,1.037,-0.2,2.7,2.7,-12.0,-13.7,1.143,11,3,0,0,3
145.0,24,isocontour,11.283791670955125,24632.88,51.84,2.4,-20.7,0.986,-4.5,-0.3,4.5,-12.0,-13.7,1.143,11,3,0,0,3
145.0,25,isocontour,11.283791670955125,24085.85,50.69,-19.2,1.0,1.081,0.0,2.7,2.7,-12.0,-13.7,1.143,11,4,0,0,4
145.0,Target,,,,,0.0,0.0,4.023,0.0,0.0,,,,,,,,,
145.1,1,isocontour,11.283791670955125,18695.02,39.34,11.8,16.8,1.0,-2.1,1.9,2.8,-12.0,-13.8,1.136,11,6,0,0,6
145.1,2,isocontour,11.283791670955125,18822.54,39.61,-6.6,19.8,0.984,0.1,2.1,2.1,-12.0,-13.7,1.143,11,7,0,0,7
145.1,3,isocontour,11.283791670955125,18742.93,39.44,-1.2,20.7,0.993,-0.1,0.4,0.4,-12.0,-13.7,1.143,11,5,0,0,5
145.1,4,isocontour,11.283791670955125,23962.95,50.43,18.3,10.0,0.984,1.8,-0.9,2.0,-12.0,-13.8,1.136,11,3,0,0,3
145.1,5,isocontour,11.283791670955125,21387.49,45.01,2.9,18.4,1.115,0.9,-0.3,0.9,-12.0,-13.7,1.143,11,6,0,0,6
145.1,6,isocontour,11.283791670955125,23501.32,49.46,3.6,18.8,1.084,0.8,-0.9,1.2,-12.0,-13.7,1.143,11,6,0,0,6
145.1,7,isocontour,11.283791670955125,20616.21,43.38,-18.6,9.4,0.988,-0.0,-2.1,2.1,-12.0,-13.7,1.143,11,4,0,0,4
145.1,8,isocontour,11.283791670955125,24419.46,51.39,2.7,19.1,1.078,0.8,-0.8,1.1,-12.0,-13.7,1.143,11,6,0,0,6
145.1,9,isocontour,11.283791670955125,21644.99,45.55,20.4,3.6,0.99,-2.0,2.1,2.9,-12.0,-13.7,1.143,11,3,0,0,3
145.1,10,isocontour,11.283791670955125,23728.49,49.93,16.6,10.7,1.049,-2.2,1.6,2.7,-12.0,-13.8,1.136,11,3,0,0,3
145.1,11,isocontour,11.283791670955125,25527.85,53.72,-11.9,-14.0,1.131,-2.6,-0.9,2.8,-11.9,-14.0,1.144,11,3,0,0,3
145.1,12,isocontour,11.283791670955125,22092.03,46.49,-6.0,-19.8,0.994,0.2,0.9,0.9,-11.7,-13.9,1.144,11,3,0,0,3
145.1,13,isocontour,11.283791670955125,21214.99,44.64,20.1,-5.1,0.99,-1.7,-2.5,3.0,-12.0,-13.7,1.143,11,2,0,0,2
145.1,14,isocontour,11.283791670955125,23573.88,49.61,10.6,-15.6,1.105,2.5,0.6,2.6,-12.0,-13.7,1.143,11,3,0,0,3
145.1,15,isocontour,11.283791670955125,19016.15,40.02,-12.4,15.6,1.036,1.5,2.0,2.5,-12.0,-13.7,1.143,11,3,0,0,3
145.1,16,isocontour,11.283791670955125,37346.16,78.59,-20.8,1.6,0.986,-1.7,-1.7,2.4,-12.0,-13.7,1.143,11,4,0,0,4
145.1,17,isocontour,11.283791670955125,19168.2,40.34,3.5,18.1,1.131,2.5,-1.3,2.8,-12.0,-13.7,1.143,11,6,0,0,6
145.1,18,isocontour,11.283791670955125,24560.79,51.69,-13.5,15.6,0.997,-1.9,-2.0,2.8,-12.0,-13.7,1.143,11,3,0,0,3
145.1,19,isocontour,11.283791670955125,20310.23,42.74,-18.9,-8.2,0.998,1.0,1.5,1.8,-11.7,-13.9,1.144,11,5,0,0,5
145.1,20,isocontour,11.283791670955125,22829.68,48.04,17.6,-11.2,0.986,1.5,1.1,1.9,-12.0,-13.7,1.143,11,3,0,0,3
145.1,21,isocontour,11.283791670955125,23650.29,49.77,9.7,-16.2,1.097,0.8,0.5,0.9,-12.0,-13.7,1.143,11,3,0,0,3
145.1,22,isocontour,11.283791670955125,24586.93,51.74,-12.5,-14.3,1.092,1.7,2.6,3.1,-11.7,-13.9,1.144,11,3,0,0,3
145.1,23,isocontour,11.283791670955125,23808.57,50.1,-19.6,-3.4,1.039,-0.2,2.7,2.7,-12.0,-13.7,1.143,11,3,0,0,3
145.1,24,isocontour,11.283791670955125,24630.78,51.83,2.2,-20.6,0.99,-1.0,0.6,1.2,-12.0,-13.7,1.143,11,3,0,0,3
145.1,25,isocontour,11.283791670955125,24056.27,50.62,-19.2,0.8,1.078,-0.6,-2.8,2.9,-12.0,-13.7,1.143,11,4,0,0,4
145.1,Target,,,,,0.0,0.0,4.023,0.0,0.0,,,,,,,,,
145.2,1,isocontour,11.283791670955125,18689.21,39.33,11.8,17.0,0.994,-0.2,1.6,1.6,-12.0,-13.7,1.143,11,6,0,0,6
145.2,2,isocontour,11.283791670955125,18756.52,39.47,-6.9,19.8,0.98,-3.7,-0.8,3.8,-12.0,-13.7,1.143,11,7,0,0,7
145.2,3,isocontour,11.283791670955125,18741.32,39.44,-1.3,20.8,0.988,-0.6,0.9,1.1,-12.0,-13.7,1.143,11,5,0,0,5
145.2,4,isocontour,11.283791670955125,23909.74,50.32,18.3,10.3,0.978,-0.5,3.4,3.4,-12.0,-13.7,1.143,11,3,0,0,3
145.2,5,isocontour,11.283791670955125,21356.98,44.94,3.1,18.4,1.117,2.8,-0.9,2.9,-12.0,-13.7,1.143,11,6,0,0,6
145.2,6,isocontour,11.283791670955125,23498.77,49.45,3.6,18.7,1.088,0.8,-0.9,1.2,-12.0,-13.7,1.143,11,6,0,0,6
145.2,7,isocontour,11.283791670955125,20610.91,43.37,-18.4,9.4,0.995,1.6,0.3,1.6,-12.0,-13.7,1.143,11,4,0,0,4
145.2,8,isocontour,11.283791670955125,24417.46,51.38,2.8,19.0,1.082,0.9,-0.8,1.2,-12.0,-13.7,1.143,11,6,0,0,6
145.2,9,isocontour,11.283791670955125,21643.78,45.55,20.4,3.7,0.992,-0.3,0.9,0.9,-12.0,-13.7,1.143,11,3,0,0,3
145.2,10,isocontour,11.283791670955125,23699.53,49.87,16.4,10.9,1.05,-1.5,2.4,2.8,-12.0,-13.7,1.143,11,3,0,0,3
145.2,11,isocontour,11.283791670955125,25517.55,53.7,-12.1,-14.0,1.125,-1.9,0.6,2.0,-11.7,-13.9,1.144,11,3,0,0,3
145.2,12,isocontour,11.283791670955125,22091.51,46.49,-6.0,-19.8,0.996,0.7,0.0,0.7,-11.7,-13.9,1.144,11,3,0,0,3
145.2,13,isocontour,11.283791670955125,21213.24,44.64,20.1,-5.2,0.992,-0.4,-1.0,1.1,-12.0,-13.7,1.143,11,2,0,0,2
145.2,14,isocontour,11.283791670955125,23570.24,49.6,10.5,-15.5,1.109,-1.4,0.0,1.4,-12.0,-13.7,1.143,11,3,0,0,3
145.2,15,isocontour,11.283791670955125,19015.01,40.01,-12.4,15.6,1.035,-0.8,-0.6,1.0,-12.0,-13.7,1.143,11,3,0,0,3
145.2,16,isocontour,11.283791670955125,37337.04,78.57,-20.9,1.5,0.981,-1.0,-1.6,1.9,-11.7,-13.9,1.144,11,4,0,0,4
145.2,17,isocontour,11.283791670955125,19148.66,40.3,3.8,18.1,1.128,2.5,0.2,2.5,-12.0,-13.7,1.143,11,6,0,0,6
145.2,18,isocontour,11.283791670955125,24559.14,51.68,-13.6,15.6,0.996,-1.0,-0.4,1.1,-12.0,-13.7,1.143,11,3,0,0,3
145.2,19,isocontour,11.283791670955125,20308.75,42.74,-18.9,-8.3,0.996,-0.2,-1.0,1.0,-11.7,-13.9,1.144,11,5,0,0,5
145.2,20,isocontour,11.283791670955125,22820.12,48.02,17.7,-11.1,0.982,1.6,1.1,1.9,-12.0,-13.7,1.143,11,3,0,0,3
145.2,21,isocontour,11.283791670955125,23624.27,49.71,9.5,-16.4,1.097,-2.3,-1.4,2.7,-12.0,-13.7,1.143,11,3,0,0,3
145.2,22,isocontour,11.283791670955125,24562.03,51.69,-12.7,-14.1,1.095,-1.9,1.9,2.7,-11.7,-13.9,1.144,11,3,0,0,3
145.2,23,isocontour,11.283791670955125,23807.05,50.1,-19.6,-3.4,1.04,0.4,-1.0,1.1,-11.7,-13.9,1.144,11,3,0,0,3
145.2,24,isocontour,11.283791670955125,24629.97,51.83,2.3,-20.6,0.99,0.8,0.0,0.8,-11.7,-13.9,1.144,11,3,0,0,3
145.2,25,isocontour,11.283791670955125,24054.83,50.62,-19.2,0.7,1.078,0.1,-1.0,1.0,-11.7,-13.9,1.144,11,4,0,0,4
145.2,Target,,,,,0.0,0.0,4.023,0.0,0.0,,,,,,,,,
145.3,1,isocontour,11.283791670955125,18688.14,39.33,11.9,17.1,0.989,0.8,0.5,0.9,-12.0,-13.7,1.143,11,6,0,0,6
145.3,2,isocontour,11.283791670955125,18727.86,39.41,-7.2,19.6,0.985,-2.1,-1.9,2.8,-12.0,-13.7,1.143,11,7,0,0,7
145.3,3,isocontour,11.283791670955125,18739.32,39.43,-1.2,20.8,0.987,1.1,0.1,1.1,-12.0,-13.7,1.143,11,5,0,0,5
145.3,4,isocontour,11.283791670955125,23874.23,50.24,18.0,10.4,0.987,-2.9,0.7,3.0,-12.0,-13.7,1.143,11,3,0,0,3
145.3,5,isocontour,11.283791670955125,21328.92,44.88,3.4,18.4,1.114,2.8,0.3,2.8,-12.0,-13.7,1.143,11,6,0,0,6
145.3,6,isocontour,11.283791670955125,23469.81,49.39,3.9,18.7,1.09,2.7,-0.7,2.8,-12.0,-13.7,1.143,11,6,0,0,6
145.3,7,isocontour,11.283791670955125,20575.4,43.3,-18.5,9.1,0.995,-1.5,-2.6,3.0,-11.7,-13.9,1.144,11,4,0,0,4
145.3,8,isocontour,11.283791670955125,24415.94,51.38,2.8,18.9,1.085,0.9,-0.5,1.0,-12.0,-13.7,1.143,11,6,0,0,6
145.3,9,isocontour,11.283791670955125,21640.13,45.54,20.5,3.7,0.987,1.3,-0.5,1.4,-12.0,-13.7,1.143,11,3,0,0,3
145.3,10,isocontour,11.283791670955125,23689.69,49.85,16.2,10.9,1.059,-2.0,-0.2,2.0,-12.0,-13.7,1.143,11,3,0,0,3
145.3,11,isocontour,11.283791670955125,25516.7,53.7,-12.2,-14.0,1.122,-0.8,0.3,0.9,-11.7,-13.9,1.144,11,3,0,0,3
145.3,12,isocontour,11.283791670955125,22086.3,46.48,-6.0,-19.9,0.989,-0.5,-1.5,1.6,-11.7,-13.9,1.144,11,3,0,0,3
145.3,13,isocontour,11.283791670955125,21211.76,44.64,20.1,-5.2,0.99,0.6,0.8,1.0,-12.0,-13.7,1.143,11,2,0,0,2
145.3,14,isocontour,11.283791670955125,23539.4,49.54,10.3,-15.7,1.111,-2.5,-1.4,2.9,-11.7,-13.9,1.144,11,3,0,0,3
145.3,15,isocontour,11.283791670955125,19013.17,40.01,-12.5,15.6,1.034,-1.0,-0.5,1.1,-12.0,-13.7,1.143,11,3,0,0,3
145.3,16,isocontour,11.283791670955125,37333.08,78.56,-20.8,1.4,0.986,1.3,-0.6,1.4,-11.7,-13.9,1.144,11,4,0,0,4
145.3,17,isocontour,11.283791670955125,19147.75,40.29,3.9,18.1,1.125,0.8,0.3,0.9,-12.0,-13.7,1.143,11,6,0,0,6
145.3,18,isocontour,11.283791670955125,24536.64,51.63,-13.7,15.8,0.985,-0.5,2.6,2.6,-12.0,-13.7,1.143,11,3,0,0,3
145.3,19,isocontour,11.283791670955125,20304.46,42.73,-18.8,-8.4,0.997,0.9,-1.2,1.5,-11.7,-13.9,1.144,11,5,0,0,5
145.3,20,isocontour,11.283791670955125,22817.51,48.02,17.8,-11.0,0.981,0.7,1.0,1.2,-12.0,-13.7,1.143,11,3,0,0,3
145.3,21,isocontour,11.283791670955125,23619.89,49.71,9.4,-16.4,1.102,-1.5,0.1,1.5,-11.7,-13.9,1.144,11,3,0,0,3
145.3,22,isocontour,11.283791670955125,24538.75,51.64,-12.5,-14.1,1.104,2.6,-0.0,2.6,-11.7,-13.9,1.144,11,3,0,0,3
145.3,23,isocontour,11.283791670955125,23775.9,50.03,-19.5,-3.7,1.04,0.5,-2.9,2.9,-11.7,-13.9,1.144,11,3,0,0,3
145.3,24,isocontour,11.283791670955125,24606.16,51.78,2.5,-20.7,0.984,2.4,-1.0,2.6,-11.7,-13.9,1.144,11,3,0,0,3
145.3,25,isocontour,11.283791670955125,24023.36,50.55,-19.2,0.4,1.082,0.6,-2.8,2.9,-11.7,-13.9,1.144,11,4,0,0,4
145.3,Target,,,,,0.0,0.0,4.023,0.0,0.0,,,,,,,,,
145.4,1,isocontour,11.283791670955125,18686.9,39.32,11.9,17.0,0.99,0.6,-0.8,1.0,-12.0,-13.7,1.143,11,6,0,0,6
145.4,2,isocontour,11.283791670955125,18724.06,39.4,-7.2,19.4,0.992,0.4,-1.4,1.5,-12.0,-13.7,1.143,11,7,0,0,7
145.4,3,isocontour,11.283791670955125,18728.56,39.41,-1.1,20.6,0.995,1.1,-1.7,2.0,-12.0,-13.7,1.143,11,5,0,0,5
145.4,4,isocontour,11.283791670955125,23840.11,50.17,17.7,10.4,1.0,-3.0,0.2,3.0,-12.0,-13.7,1.143,11,3,0,0,3
145.4,5,isocontour,11.283791670955125,21305.91,44.84,3.2,18.4,1.112,-2.6,0.6,2.7,-12.0,-13.7,1.143,11,6,0,0,6
145.4,6,isocontour,11.283791670955125,23452.74,49.35,3.8,18.8,1.083,-1.5,1.8,2.3,-12.0,-13.7,1.143,11,6,0,0,6
145.4,7,isocontour,11.283791670955125,20549.95,43.24,-18.7,8.9,0.994,-1.4,-2.3,2.7,-11.7,-13.9,1.144,11,4,0,0,4
145.4,8,isocontour,11.283791670955125,24414.8,51.38,2.8,18.9,1.087,-0.9,-0.1,0.9,-12.0,-13.7,1.143,11,6,0,0,6
145.4,9,isocontour,11.283791670955125,21628.56,45.51,20.5,3.5,0.99,-0.7,-2.0,2.1,-12.0,-13.7,1.143,11,3,0,0,3
145.4,10,isocontour,11.283791670955125,23687.59,49.85,16.3,10.9,1.055,1.2,0.0,1.2,-12.0,-13.7,1.143,11,3,0,0,3
145.4,11,isocontour,11.283791670955125,25498.54,53.66,-12.3,-13.7,1.129,-0.5,2.4,2.5,-11.7,-13.9,1.144,11,3,0,0,3
145.4,12,isocontour,11.283791670955125,22082.73,46.47,-6.1,-19.8,0.992,-0.7,1.2,1.4,-11.7,-13.9,1.144,11,3,0,0,3
145.4,13,isocontour,11.283791670955125,21189.52,44.59,20.2,-4.9,0.991,0.4,2.6,2.6,-12.0,-13.7,1.143,11,2,0,0,2
145.4,14,isocontour,11.283791670955125,23510.44,49.47,10.0,-15.8,1.113,-2.5,-1.3,2.8,-11.7,-13.9,1.144,11,3,0,0,3
145.4,15,isocontour,11.283791670955125,19011.51,40.01,-12.6,15.5,1.036,-0.4,-1.0,1.1,-11.7,-13.9,1.144,11,3,0,0,3
145.4,16,isocontour,11.283791670955125,37296.87,78.49,-20.7,1.1,0.994,1.3,-2.7,3.0,-11.7,-13.9,1.144,11,4,0,0,4
145.4,17,isocontour,11.283791670955125,19146.35,40.29,3.8,18.1,1.127,-1.0,-0.2,1.0,-12.0,-13.7,1.143,11,6,0,0,6
145.4,18,isocontour,11.283791670955125,24470.62,51.5,-13.9,15.6,0.979,-3.3,-1.8,3.8,-11.7,-13.9,1.144,11,3,0,0,3
145.4,19,isocontour,11.283791670955125,20268.6,42.65,-18.8,-8.7,0.995,0.8,-2.9,3.0,-11.7,-13.9,1.144,11,5,0,0,5
145.4,20,isocontour,11.283791670955125,22816.41,48.01,17.8,-10.9,0.984,-0.3,0.9,0.9,-11.7,-13.9,1.144,11,3,0,0,3
145.4,21,isocontour,11.283791670955125,23615.06,49.69,9.5,-16.3,1.101,1.5,0.5,1.6,-11.7,-13.9,1.144,11,3,0,0,3
145.4,22,isocontour,11.283791670955125,24527.51,51.62,-12.6,-14.0,1.102,-2.0,0.7,2.1,-11.7,-13.9,1.144,11,3,0,0,3
145.4,23,isocontour,11.283791670955125,23746.94,49.97,-19.5,-3.9,1.038,0.1,-2.8,2.8,-11.7,-13.9,1.144,11,3,0,0,3
145.4,24,isocontour,11.283791670955125,24583.66,51.73,2.3,-20.8,0.983,-2.6,-0.4,2.6,-11.7,-13.9,1.144,11,3,0,0,3
145.4,25,isocontour,11.283791670955125,23991.89,50.49,-19.1,0.1,1.085,0.3,-2.9,2.9,-11.7,-13.9,1.144,11,4,0,0,4
145.4,Target,,,,,0.0,0.0,4.023,0.0,0.0,,,,,,,,,
145.5,1,isocontour,11.283791670955125,18685.54,39.32,12.0,16.9,0.99,0.8,-0.6,1.0,-12.0,-13.7,1.143,11,6,0,0,6
145.5,2,isocontour,11.283791670955125,18721.26,39.4,-7.2,19.3,0.996,-0.9,-0.9,1.3,-11.7,-13.9,1.144,11,7,0,0,7
145.5,3,isocontour,11.283791670955125,18727.46,39.41,-1.0,20.6,0.997,0.9,0.1,0.9,-12.0,-13.7,1.143,11,5,0,0,5
145.5,4,isocontour,11.283791670955125,23837.96,50.16,17.6,10.4,1.007,-1.2,-0.0,1.2,-12.0,-13.7,1.143,11,3,0,0,3
145.5,5,isocontour,11.283791670955125,21304.43,44.83,3.1,18.5,1.11,-0.9,0.6,1.1,-12.0,-13.7,1.143,11,6,0,0,6
145.5,6,isocontour,11.283791670955125,23425.28,49.3,3.5,18.9,1.081,-2.7,0.6,2.8,-12.0,-13.7,1.143,11,6,0,0,6
145.5,7,isocontour,11.283791670955125,20546.45,43.24,-18.8,8.8,0.989,-1.3,-0.4,1.4,-11.7,-13.9,1.144,11,4,0,0,4
145.5,8,isocontour,11.283791670955125,24413.67,51.38,2.7,18.9,1.086,-0.9,0.2,0.9,-12.0,-13.7,1.143,11,6,0,0,6
145.5,9,isocontour,11.283791670955125,21612.33,45.48,20.6,3.7,0.983,1.5,1.8,2.3,-12.0,-13.7,1.143,11,3,0,0,3
145.5,10,isocontour,11.283791670955125,23686.9,49.85,16.4,10.9,1.053,0.7,-0.4,0.8,-12.0,-13.7,1.143,11,3,0,0,3
145.5,11,isocontour,11.283791670955125,25481.47,53.62,-12.2,-13.5,1.143,0.9,2.2,2.4,-11.7,-13.9,1.144,11,3,0,0,3
145.5,12,isocontour,11.283791670955125,22080.35,46.47,-6.2,-19.7,0.995,-0.9,0.8,1.2,-11.7,-13.9,1.144,11,3,0,0,3
145.5,13,isocontour,11.283791670955125,21164.35,44.54,20.4,-5.0,0.979,2.5,-1.1,2.7,-11.7,-13.9,1.144,11,2,0,0,2
145.5,14,isocontour,11.283791670955125,23485.27,49.42,10.2,-15.7,1.11,2.5,1.0,2.7,-11.7,-13.9,1.144,11,3,0,0,3
145.5,15,isocontour,11.283791670955125,18994.23,39.97,-12.7,15.4,1.036,-1.9,-1.4,2.4,-11.7,-13.9,1.144,11,3,0,0,3
145.5,16,isocontour,11.283791670955125,37282.82,78.46,-20.8,1.2,0.988,-1.5,1.6,2.2,-11.7,-13.9,1.144,11,4,0,0,4
145.5,17,isocontour,11.283791670955125,19145.22,40.29,3.7,18.1,1.128,-0.9,-0.0,0.9,-12.0,-13.7,1.143,11,6,0,0,6
145.5,18,isocontour,11.283791670955125,24462.58,51.48,-13.9,15.5,0.987,1.1,-1.5,1.9,-11.7,-13.9,1.144,11,3,0,0,3
145.5,19,isocontour,11.283791670955125,20218.09,42.55,-18.9,-9.0,0.982,-1.7,-3.0,3.4,-11.7,-13.9,1.144,11,5,0,0,5
145.5,20,isocontour,11.283791670955125,22801.79,47.98,17.7,-10.7,0.993,-0.8,2.1,2.2,-11.7,-13.9,1.144,11,3,0,0,3
145.5,21,isocontour,11.283791670955125,23611.02,49.69,9.5,-16.2,1.106,0.4,1.4,1.5,-11.7,-13.9,1.144,11,3,0,0,3
145.5,22,isocontour,11.283791670955125,24501.21,51.56,-12.8,-14.0,1.095,-2.6,0.8,2.7,-11.7,-13.9,1.144,11,3,0,0,3
145.5,23,isocontour,11.283791670955125,23737.96,49.95,-19.7,-4.1,1.029,-1.4,-1.3,1.9,-11.7,-13.9,1.144,11,3,0,0,3
145.5,24,isocontour,11.283791670955125,24566.81,51.7,2.1,-20.6,0.991,-1.8,1.5,2.3,-11.7,-13.9,1.144,11,3,0,0,3
145.5,25,isocontour,11.283791670955125,23990.18,50.48,-19.2,0.0,1.082,-0.7,-0.8,1.1,-11.7,-13.9,1.144,11,4,0,0,4
145.5,Target,,,,,0.0,0.0,4.023,0.0,0.0,,,,,,,,,
145.6,1,isocontour,11.283791670955125,18678.96,39.31,12.0,17.1,0.986,-0.6,1.6,1.7,-12.0,-13.7,1.143,11,6,0,0,6
145.6,2,isocontour,11.283791670955125,18693.2,39.34,-7.5,19.3,0.993,-2.8,-0.3,2.8,-11.7,-13.9,1.144,11,7,0,0,7
145.6,3,isocontour,11.283791670955125,18720.65,39.4,-0.9,20.7,0.991,1.3,1.2,1.8,-11.7,-13.9,1.144,11,5,0,0,5
145.6,4,isocontour,11.283791670955125,23820.89,50.13,17.7,10.6,0.999,0.9,2.2,2.4,-12.0,-13.7,1.143,11,3,0,0,3
145.6,5,isocontour,11.283791670955125,21277.55,44.78,2.9,18.5,1.112,-2.8,0.1,2.8,-11.7,-13.9,1.144,11,6,0,0,6
145.6,6,isocontour,11.283791670955125,23423.01,49.29,3.4,18.8,1.084,-1.1,-0.5,1.2,-11.7,-13.9,1.144,11,6,0,0,6
145.6,7,isocontour,11.283791670955125,20545.25,43.23,-18.9,8.8,0.986,-0.7,-0.7,1.0,-11.7,-13.9,1.144,11,4,0,0,4
145.6,8,isocontour,11.283791670955125,24385.31,51.32,2.4,18.9,1.087,-2.8,0.2,2.8,-11.7,-13.9,1.144,11,6,0,0,6
145.6,9,isocontour,11.283791670955125,21610.97,45.48,20.6,3.8,0.982,-0.3,1.0,1.0,-11.7,-13.9,1.144,11,3,0,0,3
145.6,10,isocontour,11.283791670955125,23658.55,49.79,16.3,11.1,1.049,-0.9,2.7,2.8,-12.0,-13.7,1.143,11,3,0,0,3
145.6,11,isocontour,11.283791670955125,25471.01,53.6,-12.1,-13.7,1.14,0.6,-1.9,2.0,-11.7,-13.9,1.144,11,3,0,0,3
145.6,12,isocontour,11.283791670955125,22044.15,46.39,-6.4,-19.7,0.993,-3.0,0.5,3.0,-11.7,-13.9,1.144,11,3,0,0,3
145.6,13,isocontour,11.283791670955125,21158.43,44.53,20.3,-4.9,0.982,-1.0,1.3,1.6,-11.7,-13.9,1.144,11,2,0,0,2
145.6,14,isocontour,11.283791670955125,23470.84,49.39,10.4,-15.6,1.108,2.0,0.9,2.2,-11.7,-13.9,1.144,11,3,0,0,3
145.6,15,isocontour,11.283791670955125,18988.72,39.96,-12.7,15.4,1.034,0.9,1.3,1.6,-11.7,-13.9,1.144,11,3,0,0,3
145.6,16,isocontour,11.283791670955125,37268.96,78.43,-20.9,1.4,0.982,-0.9,2.0,2.2,-11.7,-13.9,1.144,11,4,0,0,4
145.6,17,isocontour,11.283791670955125,19121.94,40.24,3.5,18.1,1.132,-2.6,-0.1,2.6,-11.7,-13.9,1.144,11,6,0,0,6
145.6,18,isocontour,11.283791670955125,24452.74,51.46,-13.7,15.6,0.99,1.6,1.2,2.0,-11.7,-13.9,1.144,11,3,0,0,3
145.6,19,isocontour,11.283791670955125,20212.59,42.53,-19.0,-9.0,0.974,-1.5,0.6,1.6,-11.7,-13.9,1.144,11,5,0,0,5
145.6,20,isocontour,11.283791670955125,22801.34,47.98,17.8,-10.6,0.992,0.7,-0.1,0.7,-11.7,-13.9,1.144,11,3,0,0,3
145.6,21,isocontour,11.283791670955125,23605.2,49.67,9.7,-16.1,1.104,1.6,0.4,1.6,-11.7,-13.9,1.144,11,3,0,0,3
145.6,22,isocontour,11.283791670955125,24474.62,51.5,-12.7,-14.1,1.092,1.8,-2.1,2.8,-11.7,-13.9,1.144,11,3,0,0,3
145.6,23,isocontour,11.283791670955125,23733.22,49.94,-19.6,-4.0,1.031,0.5,1.5,1.6,-11.7,-13.9,1.144,11,3,0,0,3
145.6,24,isocontour,11.283791670955125,24540.79,51.64,2.3,-20.6,0.991,2.7,-0.0,2.7,-11.7,-13.9,1.144,11,3,0,0,3
145.6,25,isocontour,11.283791670955125,23965.56,50.43,-19.3,0.2,1.078,-0.6,2.6,2.7,-11.7,-13.9,1.144,11,4,0,0,4
145.6,Target,,,,,0.0,0.0,4.023,0.0,0.0,,,,,,,,,
145.7,1,isocontour,11.283791670955125,18677.39,39.3,11.9,17.1,0.989,-0.9,-0.5,1.0,-11.7,-13.9,1.144,11,6,0,0,6
145.7,2,isocontour,11.283791670955125,18671.97,39.29,-7.7,19.3,0.988,-2.5,-0.0,2.5,-11.7,-13.9,1.144,11,7,0,0,7
145.7,3,isocontour,11.283791670955125,18716.09,39.39,-0.9,20.9,0.984,-0.5,1.4,1.5,-11.7,-13.9,1.144,11,5,0,0,5
145.7,4,isocontour,11.283791670955125,23812.04,50.11,17.8,10.7,0.989,1.8,0.7,1.9,-11.7,-13.9,1.144,11,3,0,0,3
145.7,5,isocontour,11.283791670955125,21275.89,44.77,2.7,18.5,1.11,-1.0,0.5,1.1,-11.7,-13.9,1.144,11,6,0,0,6
145.7,6,isocontour,11.283791670955125,23392.5,49.23,3.2,18.8,1.089,-2.9,-0.2,2.9,-11.7,-13.9,1.144,11,6,0,0,6
145.7,7,isocontour,11.283791670955125,20520.63,43.18,-18.7,8.9,0.991,2.0,1.7,2.6,-11.7,-13.9,1.144,11,4,0,0,4
145.7,8,isocontour,11.283791670955125,24359.3,51.26,2.2,18.9,1.092,-2.7,-0.6,2.8,-11.7,-13.9,1.144,11,6,0,0,6
145.7,9,isocontour,11.283791670955125,21591.67,45.44,20.5,4.0,0.982,-0.3,2.4,2.4,-11.7,-13.9,1.144,11,3,0,0,3
145.7,10,isocontour,11.283791670955125,23655.81,49.78,16.4,11.2,1.043,1.3,0.2,1.3,-11.7,-13.9,1.144,11,3,0,0,3
145.7,11,isocontour,11.283791670955125,25454.79,53.57,-12.0,-13.8,1.143,2.1,-0.9,2.3,-11.7,-13.9,1.144,11,3,0,0,3
145.7,12,isocontour,11.283791670955125,22041.08,46.38,-6.5,-19.8,0.987,0.1,-1.3,1.3,-11.7,-13.9,1.144,11,3,0,0,3
145.7,13,isocontour,11.283791670955125,21122.57,44.45,20.2,-5.1,0.986,-1.3,-2.8,3.1,-11.7,-13.9,1.144,11,2,0,0,2
145.7,14,isocontour,11.283791670955125,23453.12,49.35,10.4,-15.4,1.119,-0.4,2.4,2.4,-11.7,-13.9,1.144,11,3,0,0,3
145.7,15,isocontour,11.283791670955125,18965.97,39.91,-12.5,15.5,1.041,2.6,0.2,2.6,-11.7,-13.9,1.144,11,3,0,0,3
145.7,16,isocontour,11.283791670955125,37245.15,78.38,-20.8,1.7,0.986,1.2,2.3,2.6,-11.7,-13.9,1.144,11,4,0,0,4
145.7,17,isocontour,11.283791670955125,19120.14,40.24,3.3,18.1,1.13,-0.9,0.6,1.1,-11.7,-13.9,1.144,11,6,0,0,6
145.7,18,isocontour,11.283791670955125,24427.0,51.4,-13.5,15.6,0.996,2.7,0.5,2.7,-11.7,-13.9,1.144,11,3,0,0,3
145.7,19,isocontour,11.283791670955125,20188.51,42.48,-19.1,-8.7,0.979,0.1,2.7,2.7,-11.7,-13.9,1.144,11,5,0,0,5
145.7,20,isocontour,11.283791670955125,22799.45,47.98,17.8,-10.7,0.991,-0.6,-0.9,1.1,-11.7,-13.9,1.144,11,3,0,0,3
145.7,21,isocontour,11.283791670955125,23577.74,49.62,9.9,-16.0,1.107,2.0,1.9,2.8,-11.7,-13.9,1.144,11,3,0,0,3
145.7,22,isocontour,11.283791670955125,24470.41,51.49,-12.6,-14.2,1.095,1.5,-0.2,1.5,-11.7,-13.9,1.144,11,3,0,0,3
145.7,23,isocontour,11.283791670955125,23707.49,49.89,-19.7,-3.7,1.031,-0.8,2.6,2.7,-11.7,-13.9,1.144,11,3,0,0,3
145.7,24,isocontour,11.283791670955125,24539.97,51.64,2.4,-20.6,0.989,0.8,-0.1,0.8,-11.7,-13.9,1.144,11,3,0,0,3
145.7,25,isocontour,11.283791670955125,23964.5,50.43,-19.3,0.3,1.074,-0.5,0.7,0.9,-11.7,-13.9,1.144,11,4,0,0,4
145.7,Target,,,,,0.0,0.0,4.023,0.0,0.0,,,,,,,,,
145.8,1,isocontour,11.283791670955125,18651.37,39.25,11.7,16.9,1.002,-2.2,-1.6,2.7,-11.7,-13.9,1.144,11,6,0,0,6
145.8,2,isocontour,11.283791670955125,18594.8,39.13,-8.1,19.3,0.983,-3.9,-0.5,3.9,-11.7,-13.9,1.144,11,7,0,0,7
145.8,3,isocontour,11.283791670955125,18636.56,39.22,-1.2,20.9,0.981,-4.0,0.2,4.0,-11.7,-13.9,1.144,11,5,0,0,5
145.8,4,isocontour,11.283791670955125,23755.09,49.99,17.8,11.0,0.981,-0.6,3.5,3.6,-11.7,-13.9,1.144,11,3,0,0,3
145.8,5,isocontour,11.283791670955125,21167.01,44.54,2.3,18.5,1.116,-4.4,-0.5,4.4,-11.7,-13.9,1.144,11,6,0,0,6
145.8,6,isocontour,11.283791670955125,23391.1,49.22,3.2,18.9,1.085,0.6,0.9,1.1,-11.7,-13.9,1.144,11,6,0,0,6
145.8,7,isocontour,11.283791670955125,20485.47,43.11,-18.9,8.7,0.99,-1.7,-2.5,3.0,-11.7,-13.9,1.144,11,4,0,0,4
145.8,8,isocontour,11.283791670955125,24357.94,51.26,2.0,18.9,1.095,-0.9,-0.4,1.0,-11.7,-13.9,1.144,11,6,0,0,6
145.8,9,isocontour,11.283791670955125,21589.57,45.43,20.4,4.1,0.986,-1.1,0.5,1.2,-11.7,-13.9,1.144,11,3,0,0,3
145.8,10,isocontour,11.283791670955125,23650.6,49.77,16.4,11.3,1.038,-0.2,1.6,1.6,-11.7,-13.9,1.144,11,3,0,0,3
145.8,11,isocontour,11.283791670955125,25427.03,53.51,-11.8,-14.0,1.14,1.7,-2.2,2.8,-11.7,-13.9,1.144,11,3,0,0,3
145.8,12,isocontour,11.283791670955125,21950.28,46.19,-6.1,-19.9,0.985,3.9,-1.5,4.2,-11.7,-13.9,1.144,11,3,0,0,3
145.8,13,isocontour,11.283791670955125,21119.0,44.44,20.1,-5.2,0.99,-1.0,-0.9,1.3,-11.7,-13.9,1.144,11,2,0,0,2
145.8,14,isocontour,11.283791670955125,23441.71,49.33,10.5,-15.2,1.126,1.1,1.8,2.1,-11.7,-13.9,1.144,11,3,0,0,3
145.8,15,isocontour,11.283791670955125,18947.12,39.87,-12.5,15.3,1.046,-1.2,-2.1,2.4,-11.7,-13.9,1.144,11,3,0,0,3
145.8,16,isocontour,11.283791670955125,37222.65,78.33,-20.7,1.9,0.99,0.9,2.4,2.6,-11.7,-13.9,1.144,11,4,0,0,4
145.8,17,isocontour,11.283791670955125,19094.13,40.18,3.1,18.2,1.126,-2.5,1.1,2.7,-11.7,-13.9,1.144,11,6,0,0,6
145.8,18,isocontour,11.283791670955125,24412.19,51.37,-13.3,15.7,1.001,2.1,0.9,2.3,-11.7,-13.9,1.144,11,3,0,0,3
145.8,19,isocontour,11.283791670955125,20167.77,42.44,-19.1,-8.5,0.983,-0.4,2.5,2.5,-11.7,-13.9,1.144,11,5,0,0,5
145.8,20,isocontour,11.283791670955125,22764.64,47.91,17.6,-11.0,0.991,-1.5,-2.6,3.0,-11.7,-13.9,1.144,11,3,0,0,3
145.8,21,isocontour,11.283791670955125,23576.21,49.61,9.9,-15.9,1.111,0.4,1.0,1.1,-11.7,-13.9,1.144,11,3,0,0,3
145.8,22,isocontour,11.283791670955125,24443.53,51.44,-12.4,-14.3,1.1,2.5,-1.2,2.8,-11.7,-13.9,1.144,11,3,0,0,3
145.8,23,isocontour,11.283791670955125,23681.18,49.83,-19.8,-3.5,1.03,-0.7,2.7,2.8,-11.7,-13.9,1.144,11,3,0,0,3
145.8,24,isocontour,11.283791670955125,24537.36,51.64,2.5,-20.5,0.994,0.6,1.1,1.3,-11.7,-13.9,1.144,11,3,0,0,3
145.8,25,isocontour,11.283791670955125,23937.91,50.37,-19.3,0.6,1.073,-0.0,2.7,2.7,-11.7,-13.9,1.144,11,4,0,0,4
145.8,Target,,,,,0.0,0.0,4.023,0.0,0.0,,,,,,,,,
145.9,1,isocontour,11.283791670955125,18650.17,39.25,11.6,16.9,1.004,-0.7,0.7,1.0,-11.7,-13.9,1.144,11,6,0,0,6
145.9,2,isocontour,11.283791670955125,18592.91,39.13,-8.2,19.2,0.985,-0.6,-1.0,1.2,-11.7,-13.9,1.144,11,6,0,0,6
145.9,3,isocontour,11.283791670955125,18632.59,39.21,-1.3,20.8,0.986,-0.6,-1.3,1.4,-11.7,-13.9,1.144,11,5,0,0,5
145.9,4,isocontour,11.283791670955125,23753.43,49.99,17.7,11.1,0.983,-1.0,0.5,1.1,-11.7,-13.9,1.144,11,3,0,0,3
145.9,5,isocontour,11.283791670955125,21056.65,44.31,2.6,18.3,1.124,4.0,-1.8,4.4,-11.7,-13.9,1.144,11,6,0,0,6
145.9,6,isocontour,11.283791670955125,23389.7,49.22,3.2,18.8,1.086,0.8,-0.6,1.0,-11.7,-13.9,1.144,11,6,0,0,6
145.9,7,isocontour,11.283791670955125,20465.22,43.07,-18.8,8.9,0.991,1.4,2.1,2.5,-11.7,-13.9,1.144,11,4,0,0,4
145.9,8,isocontour,11.283791670955125,24356.84,51.26,2.0,18.9,1.091,-0.2,0.9,0.9,-11.7,-13.9,1.144,11,6,0,0,6
145.9,9,isocontour,11.283791670955125,21588.21,45.43,20.4,4.0,0.989,-0.3,-0.9,0.9,-11.7,-13.9,1.144,11,3,0,0,3
145.9,10,isocontour,11.283791670955125,23643.91,49.76,16.3,11.4,1.043,-1.7,0.5,1.8,-11.7,-13.9,1.144,11,3,0,0,3
145.9,11,isocontour,11.283791670955125,25407.25,53.47,-11.9,-14.2,1.126,-1.7,-1.8,2.5,-11.7,-13.9,1.144,11,3,0,0,3
145.9,12,isocontour,11.283791670955125,21927.26,46.14,-5.9,-19.9,0.991,2.5,0.6,2.6,-11.7,-13.9,1.144,11,3,0,0,3
145.9,13,isocontour,11.283791670955125,21116.39,44.44,20.2,-5.2,0.987,1.0,0.8,1.3,-11.7,-13.9,1.144,11,2,0,0,2
145.9,14,isocontour,11.283791670955125,23412.13,49.27,10.3,-15.3,1.129,-2.5,-1.3,2.8,-11.7,-13.9,1.144,11,3,0,0,3
145.9,15,isocontour,11.283791670955125,18944.32,39.87,-12.6,15.2,1.047,-1.0,-0.7,1.2,-11.7,-13.9,1.144,11,3,0,0,3
145.9,16,isocontour,11.283791670955125,37220.71,78.33,-20.7,1.8,0.991,-0.1,-1.1,1.1,-11.7,-13.9,1.144,11,4,0,0,4
145.9,17,isocontour,11.283791670955125,19092.56,40.18,3.2,18.2,1.127,0.9,-0.5,1.0,-11.7,-13.9,1.144,11,6,0,0,6
145.9,18,isocontour,11.283791670955125,24408.54,51.36,-13.3,15.6,1.002,-0.9,-1.1,1.4,-11.7,-13.9,1.144,11,3,0,0,3
145.9,19,isocontour,11.283791670955125,20165.97,42.44,-19.0,-8.4,0.988,0.6,0.9,1.1,-11.7,-13.9,1.144,11,5,0,0,5
145.9,20,isocontour,11.283791670955125,22749.82,47.87,17.8,-10.9,0.985,2.1,0.9,2.3,-11.7,-13.9,1.144,11,3,0,0,3
145.9,21,isocontour,11.283791670955125,23571.83,49.6,9.9,-16.0,1.108,-0.9,-1.2,1.5,-11.7,-13.9,1.144,11,3,0,0,3
145.9,22,isocontour,11.283791670955125,24440.79,51.43,-12.2,-14.4,1.103,1.2,-0.5,1.3,-11.7,-13.9,1.144,11,3,0,0,3
145.9,23,isocontour,11.283791670955125,23654.6,49.78,-19.8,-3.2,1.029,-0.6,2.7,2.8,-11.7,-13.9,1.144,11,3,0,0,3
145.9,24,isocontour,11.283791670955125,24535.88,51.63,2.4,-20.5,0.996,-1.0,0.1,1.0,-11.7,-13.9,1.144,11,3,0,0,3
145.9,25,isocontour,11.283791670955125,23912.73,50.32,-19.4,0.9,1.07,-0.6,2.6,2.7,-11.7,-13.9,1.144,11,4,0,0,4
145.9,Target,,,,,0.0,0.0,4.023,0.0,0.0,,,,,,,,,
146.0,1,isocontour,11.283791670955125,18642.64,39.23,11.4,17.0,1.007,-1.8,0.3,1.8,11.4,17.0,1.004,1,6,0,0,6
146.0,2,isocontour,11.283791670955125,18586.88,39.11,-8.3,19.0,0.992,-0.4,-1.6,1.6,-8.3,19.0,0.985,2,5,0,0,5
146.0,3,isocontour,11.283791670955125,18603.33,39.15,-1.1,20.7,0.993,2.6,-1.1,2.8,-1.1,20.7,0.986,3,5,0,0,5
146.0,4,isocontour,11.283791670955125,23721.96,49.92,17.5,11.2,0.988,-2.4,1.6,2.9,17.5,11.2,0.983,4,3,0,0,3
146.0,5,isocontour,11.283791670955125,21055.04,44.31,2.8,18.3,1.127,1.0,-0.5,1.1,2.8,18.3,1.124,5,6,0,0,6
146.0,6,isocontour,11.283791670955125,23384.2,49.21,3.3,18.7,1.092,1.0,-1.2,1.6,3.3,18.7,1.086,6,5,0,0,5
146.0,7,isocontour,11.283791670955125,20446.83,43.03,-18.9,8.9,0.98,-2.3,0.7,2.4,-18.9,8.9,0.991,7,4,0,0,4
146.0,8,isocontour,11.283791670955125,24354.99,51.25,2.1,18.9,1.093,0.9,-0.7,1.1,2.1,18.9,1.091,8,6,0,0,6
146.0,9,isocontour,11.283791670955125,21576.8,45.41,20.4,4.2,0.989,-0.3,2.1,2.1,20.4,4.2,0.989,9,3,0,0,3
146.0,10,isocontour,11.283791670955125,23638.79,49.74,16.1,11.4,1.049,-1.5,0.3,1.5,16.1,11.4,1.043,10,3,0,0,3
146.0,11,isocontour,11.283791670955125,25387.71,53.43,-11.7,-14.1,1.134,2.4,0.6,2.5,-11.7,-14.1,1.126,11,3,0,0,3
146.0,12,isocontour,11.283791670955125,21894.48,46.07,-6.1,-19.9,0.988,-2.9,-0.0,2.9,-6.1,-19.9,0.991,12,3,0,0,3
146.0,13,isocontour,11.283791670955125,20999.19,44.19,20.3,-4.8,0.986,1.3,4.3,4.5,20.3,-4.8,0.987,13,2,0,0,2
146.0,14,isocontour,11.283791670955125,23399.71,49.24,10.1,-15.5,1.125,-1.2,-1.8,2.2,10.1,-15.5,1.129,14,3,0,0,3
146.0,15,isocontour,11.283791670955125,18928.71,39.83,-12.8,15.2,1.039,-2.3,0.0,2.3,-12.8,15.2,1.047,15,3,0,0,3
146.0,16,isocontour,11.283791670955125,37137.53,78.15,-20.9,1.5,0.982,-2.1,-3.4,4.0,-20.9,1.5,0.991,16,4,0,0,4
146.0,17,isocontour,11.283791670955125,19082.86,40.16,3.3,18.2,1.123,1.9,0.6,2.0,3.3,18.2,1.127,17,5,0,0,5
146.0,18,isocontour,11.283791670955125,24400.88,51.35,-13.5,15.7,0.994,-1.4,1.1,1.8,-13.5,15.7,1.002,18,3,0,0,3
146.0,19,isocontour,11.283791670955125,20144.74,42.39,-19.0,-8.1,0.996,0.7,2.5,2.6,-19.0,-8.1,0.988,19,5,0,0,5
146.0,20,isocontour,11.283791670955125,22749.78,47.87,17.8,-10.9,0.983,0.2,-0.3,0.4,17.8,-10.9,0.985,20,3,0,0,3
146.0,21,isocontour,11.283791670955125,23570.43,49.6,9.8,-16.0,1.108,-0.9,-0.5,1.0,9.8,-16.0,1.108,21,3,0,0,3
146.0,22,isocontour,11.283791670955125,24412.44,51.37,-12.2,-14.6,1.093,0.3,-2.8,2.8,-12.2,-14.6,1.103,22,3,0,0,3
146.0,23,isocontour,11.283791670955125,23628.29,49.72,-19.9,-2.9,1.029,-0.3,2.7,2.7,-19.9,-2.9,1.029,23,3,0,0,3
146.0,24,isocontour,11.283791670955125,24469.33,51.49,2.7,-20.4,0.998,3.7,0.8,3.8,2.7,-20.4,0.996,24,3,0,0,3
146.0,25,isocontour,11.283791670955125,23910.79,50.32,-19.5,0.9,1.064,-1.0,0.5,1.1,-19.5,0.9,1.07,25,4,0,0,4
146.0,Target,,,,,0.0,0.0,4.023,0.0,0.0,,,,,,,,,
146.1,1,isocontour,11.283791670955125,18640.43,39.23,11.4,17.1,1.003,-0.2,1.2,1.2,2.8,18.3,1.127,5,6,0,0,6
146.1,2,isocontour,11.283791670955125,18585.98,39.11,-8.3,19.0,0.99,-0.8,0.3,0.9,2.8,18.3,1.127,5,5,0,0,5
146.1,3,isocontour,11.283791670955125,18567.47,39.07,-0.8,20.7,0.993,3.0,0.3,3.0,2.8,18.3,1.127,5,5,0,0,5
146.1,4,isocontour,11.283791670955125,23719.41,49.91,17.4,11.3,0.994,-1.2,0.2,1.2,16.1,11.4,1.049,10,3,0,0,3
146.1,5,isocontour,11.283791670955125,21034.55,44.26,2.6,18.3,1.125,-2.4,0.7,2.5,3.3,18.2,1.127,17,6,0,0,6
146.1,6,isocontour,11.283791670955125,23372.62,49.18,3.4,18.9,1.083,0.8,1.9,2.1,2.8,18.3,1.127,5,5,0,0,5
146.1,7,isocontour,11.283791670955125,20429.32,42.99,-18.9,9.1,0.978,1.1,2.1,2.4,-19.5,0.9,1.07,25,4,0,0,4
146.1,8,isocontour,11.283791670955125,24332.5,51.2,1.9,18.9,1.095,-2.6,-0.0,2.6,2.8,18.3,1.127,5,6,0,0,6
146.1,9,isocontour,11.283791670955125,21541.99,45.33,20.3,4.4,0.991,-1.1,2.8,3.0,16.1,11.4,1.049,10,3,0,0,3
146.1,10,isocontour,11.283791670955125,23637.27,49.74,16.0,11.5,1.051,-0.7,0.8,1.1,16.0,11.5,1.049,10,3,0,0,3
146.1,11,isocontour,11.283791670955125,25365.98,53.38,-11.9,-14.0,1.132,-2.3,1.0,2.5,-11.9,-14.0,1.134,11,3,0,0,3
146.1,12,isocontour,11.283791670955125,21801.04,45.88,-5.8,-20.0,0.987,4.0,-1.2,4.2,-11.7,-14.1,1.134,11,3,0,0,3
146.1,13,isocontour,11.283791670955125,20961.19,44.11,20.3,-4.5,0.988,0.3,3.1,3.1,20.4,4.2,0.989,9,2,0,0,2
146.1,14,isocontour,11.283791670955125,23376.96,49.19,9.9,-15.6,1.127,-2.5,-0.8,2.6,9.9,-15.6,1.129,14,3,0,0,3
146.1,15,isocontour,11.283791670955125,18923.0,39.82,-12.9,15.3,1.032,0.1,1.6,1.6,-12.9,15.3,1.047,15,3,0,0,3
146.1,16,isocontour,11.283791670955125,37073.08,78.02,-21.0,1.2,0.976,-1.2,-3.5,3.7,-19.5,0.9,1.07,25,4,0,0,4
146.1,17,isocontour,11.283791670955125,19061.63,40.11,3.5,18.1,1.129,1.9,-1.7,2.5,3.5,18.1,1.127,17,5,0,0,5
146.1,18,isocontour,11.283791670955125,24291.27,51.12,-13.8,15.5,0.989,-3.8,-2.3,4.4,-12.8,15.2,1.047,15,3,0,0,3
146.1,19,isocontour,11.283791670955125,20143.87,42.39,-18.9,-8.0,1.001,0.5,0.7,0.9,-11.7,-14.1,1.134,11,5,0,0,5
146.1,20,isocontour,11.283791670955125,22748.12,47.87,17.9,-10.9,0.983,0.5,1.0,1.1,10.1,-15.5,1.129,14,3,0,0,3
146.1,21,isocontour,11.283791670955125,23548.95,49.56,9.6,-16.1,1.107,-2.2,-1.4,2.6,10.1,-15.5,1.129,14,3,0,0,3
146.1,22,isocontour,11.283791670955125,24389.42,51.32,-12.2,-14.4,1.098,-0.9,2.5,2.7,-11.7,-14.1,1.134,11,3,0,0,3
146.1,23,isocontour,11.283791670955125,23606.82,49.68,-19.8,-3.1,1.03,0.4,-2.5,2.5,-19.5,0.9,1.07,25,3,0,0,3
146.1,24,isocontour,11.283791670955125,24450.71,51.45,2.6,-20.5,0.996,-2.3,-0.8,2.4,10.1,-15.5,1.129,14,3,0,0,3
146.1,25,isocontour,11.283791670955125,23909.97,50.32,-19.5,0.9,1.063,0.1,-0.9,0.9,-19.5,0.9,1.07,25,4,0,0,4
146.1,Target,,,,,0.0,0.0,4.023,0.0,0.0,,,,,,,,,
146.2,1,isocontour,11.283791670955125,18574.41,39.09,11.4,17.4,0.988,-0.1,3.7,3.7,3.5,18.1,1.129,17,6,0,0,6
146.2,2,isocontour,11.283791670955125,18568.48,39.08,-8.5,19.0,0.984,-2.4,0.3,2.4,2.8,18.3,1.127,5,5,0,0,5
146.2,3,isocontour,11.283791670955125,18565.68,39.07,-0.8,20.8,0.988,-0.2,1.1,1.1,3.5,18.1,1.129,17,5,0,0,5
146.2,4,isocontour,11.283791670955125,23696.39,49.87,17.5,11.4,0.982,2.4,1.1,2.6,2.8,18.3,1.127,5,3,0,0,3
146.2,5,isocontour,11.283791670955125,20996.54,44.18,2.8,18.3,1.122,3.1,0.1,3.1,3.5,18.1,1.129,17,6,0,0,6
146.2,6,isocontour,11.283791670955125,23348.54,49.13,3.7,18.9,1.078,2.7,-0.0,2.7,3.5,18.1,1.129,17,5,0,0,5
146.2,7,isocontour,11.283791670955125,20408.59,42.95,-18.7,9.3,0.981,1.6,1.9,2.5,-19.5,0.9,1.07,25,4,0,0,4
146.2,8,isocontour,11.283791670955125,24295.22,51.13,2.1,18.8,1.096,3.1,-0.4,3.1,3.5,18.1,1.129,17,6,0,0,6
146.2,9,isocontour,11.283791670955125,21541.47,45.33,20.3,4.4,0.99,0.5,-0.6,0.8,16.0,11.5,1.051,10,3,0,0,3
146.2,10,isocontour,11.283791670955125,23634.2,49.74,15.9,11.5,1.053,-1.1,0.7,1.3,2.8,18.3,1.127,5,3,0,0,3
146.2,11,isocontour,11.283791670955125,25356.28,53.36,-12.0,-13.9,1.137,-0.6,1.9,2.0,-12.0,-13.9,1.134,11,3,0,0,3
146.2,12,isocontour,11.283791670955125,21777.77,45.83,-5.5,-20.0,0.993,2.6,0.5,2.6,-11.7,-14.1,1.134,11,3,0,0,3
146.2,13,isocontour,11.283791670955125,20934.31,44.05,20.3,-4.2,0.993,-0.5,2.7,2.7,10.1,-15.5,1.129,14,2,0,0,2
146.2,14,isocontour,11.283791670955125,23370.03,49.18,9.8,-15.7,1.123,-0.7,-1.6,1.7,10.1,-15.5,1.129,14,3,0,0,3
146.2,15,isocontour,11.283791670955125,18907.98,39.79,-12.8,15.5,1.026,0.9,2.1,2.3,2.8,18.3,1.127,5,3,0,0,3
146.2,16,isocontour,11.283791670955125,37041.93,77.95,-21.0,0.9,0.977,0.3,-2.9,2.9,-11.7,-14.1,1.134,11,4,0,0,4
146.2,17,isocontour,11.283791670955125,19033.57,40.05,3.8,18.1,1.128,2.8,-0.1,2.8,3.8,18.1,1.129,17,5,0,0,5
146.2,18,isocontour,11.283791670955125,24272.65,51.08,-13.8,15.7,0.984,0.9,2.3,2.5,2.8,18.3,1.127,5,3,0,0,3
146.2,19,isocontour,11.283791670955125,20141.72,42.39,-18.9,-8.1,1.001,0.4,-1.1,1.2,-11.7,-14.1,1.134,11,5,0,0,5
146.2,20,isocontour,11.283791670955125,22746.37,47.87,17.9,-10.8,0.983,0.6,0.9,1.1,10.1,-15.5,1.129,14,3,0,0,3
146.2,21,isocontour,11.283791670955125,23548.41,49.55,9.5,-16.2,1.108,-0.7,-0.2,0.7,10.1,-15.5,1.129,14,3,0,0,3
146.2,22,isocontour,11.283791670955125,24379.87,51.3,-12.4,-14.3,1.096,-1.8,0.8,2.0,-11.7,-14.1,1.134,11,3,0,0,3
146.2,23,isocontour,11.283791670955125,23575.34,49.61,-19.8,-3.4,1.03,0.6,-2.8,2.9,-11.7,-14.1,1.134,11,3,0,0,3
146.2,24,isocontour,11.283791670955125,24426.9,51.4,2.7,-20.6,0.99,2.5,-0.9,2.7,-11.7,-14.1,1.134,11,3,0,0,3
146.2,25,isocontour,11.283791670955125,23908.53,50.31,-19.5,0.8,1.065,0.2,-1.0,1.0,-11.7,-14.1,1.134,11,4,0,0,4
146.2,Target,,,,,0.0,0.0,4.023,0.0,0.0,,,,,,,,,
146.3,1,isocontour,11.283791670955125,18573.93,39.09,11.4,17.5,0.984,0.7,-0.1,0.7,3.5,18.1,1.129,17,6,0,0,6
146.3,2,isocontour,11.283791670955125,18563.07,39.06,-8.4,19.0,0.987,1.6,-0.2,1.6,3.5,18.1,1.129,17,4,0,0,4
146.3,3,isocontour,11.283791670955125,18561.71,39.06,-0.7,20.8,0.986,1.4,0.2,1.4,3.5,18.1,1.129,17,5,0,0,5
146.3,4,isocontour,11.283791670955125,23695.18,49.86,17.5,11.4,0.985,-0.9,-0.4,1.0,3.5,18.1,1.129,17,3,0,0,3
146.3,5,isocontour,11.283791670955125,20962.42,44.11,3.1,18.4,1.118,3.0,0.3,3.0,3.5,18.1,1.129,17,5,0,0,5
146.3,6,isocontour,11.283791670955125,23321.96,49.08,3.9,18.9,1.074,2.7,0.3,2.7,3.5,18.1,1.129,17,5,0,0,5
146.3,7,isocontour,11.283791670955125,20407.49,42.95,-18.6,9.4,0.985,0.9,0.2,0.9,-11.7,-14.1,1.134,11,4,0,0,4
146.3,8,isocontour,11.283791670955125,24286.51,51.11,2.1,19.0,1.088,-1.1,1.6,1.9,3.5,18.1,1.129,17,6,0,0,6
146.3,9,isocontour,11.283791670955125,21416.35,45.07,20.3,4.0,0.991,0.6,-4.6,4.6,10.1,-15.5,1.129,14,3,0,0,3
146.3,10,isocontour,11.283791670955125,23614.9,49.69,16.0,11.3,1.058,0.7,-2.4,2.5,3.5,18.1,1.129,17,3,0,0,3
146.3,11,isocontour,11.283791670955125,25351.17,53.35,-12.1,-13.8,1.134,-1.5,0.3,1.5,-12.1,-13.8,1.137,11,3,0,0,3
146.3,12,isocontour,11.283791670955125,21777.15,45.83,-5.4,-19.9,0.995,0.7,0.2,0.7,-12.0,-13.9,1.137,11,3,0,0,3
146.3,13,isocontour,11.283791670955125,20932.31,44.05,20.3,-4.3,0.993,-0.1,-1.1,1.1,10.1,-15.5,1.129,14,2,0,0,2
146.3,14,isocontour,11.283791670955125,23369.82,49.18,9.8,-15.7,1.123,0.3,0.5,0.6,-11.7,-14.1,1.134,11,3,0,0,3
146.3,15,isocontour,11.283791670955125,18886.0,39.74,-12.9,15.4,1.026,-1.8,-1.8,2.5,2.8,18.3,1.127,5,3,0,0,3
146.3,16,isocontour,11.283791670955125,37007.47,77.88,-20.9,0.6,0.981,0.6,-2.9,3.0,-11.7,-14.1,1.134,11,4,0,0,4
146.3,17,isocontour,11.283791670955125,19008.4,40.0,4.0,18.2,1.118,2.3,1.3,2.6,4.0,18.2,1.129,17,5,0,0,5
146.3,18,isocontour,11.283791670955125,24266.62,51.07,-13.7,15.8,0.981,1.1,1.3,1.7,2.8,18.3,1.127,5,3,0,0,3
146.3,19,isocontour,11.283791670955125,20107.59,42.31,-18.8,-8.4,0.997,0.4,-3.0,3.0,-12.0,-13.9,1.137,11,5,0,0,5
146.3,20,isocontour,11.283791670955125,22724.13,47.82,18.0,-10.5,0.986,0.7,2.5,2.6,10.1,-15.5,1.129,14,3,0,0,3
146.3,21,isocontour,11.283791670955125,23429.66,49.3,9.2,-16.4,1.106,-3.6,-2.7,4.5,-11.7,-14.1,1.134,11,3,0,0,3
146.3,22,isocontour,11.283791670955125,24371.16,51.29,-12.5,-14.2,1.102,-0.3,1.9,1.9,-12.0,-13.9,1.137,11,3,0,0,3
146.3,23,isocontour,11.283791670955125,23573.55,49.61,-19.7,-3.5,1.032,0.5,-1.0,1.1,-11.7,-14.1,1.134,11,3,0,0,3
146.3,24,isocontour,11.283791670955125,24423.41,51.4,2.7,-20.6,0.987,-1.3,-0.5,1.4,-11.7,-14.1,1.134,11,3,0,0,3
146.3,25,isocontour,11.283791670955125,23907.09,50.31,-19.4,0.7,1.066,0.1,-1.0,1.0,-11.7,-14.1,1.134,11,4,0,0,4
146.3,Target,,,,,0.0,0.0,4.023,0.0,0.0,,,,,,,,,
146.4,1,isocontour,11.283791670955125,18572.08,39.08,11.5,17.4,0.986,0.7,-0.9,1.1,3.5,18.1,1.129,17,6,0,0,6
146.4,2,isocontour,11.283791670955125,18557.86,39.05,-8.4,18.9,0.995,0.5,-1.5,1.6,3.5,18.1,1.129,17,4,0,0,4
146.4,3,isocontour,11.283791670955125,18559.67,39.06,-0.7,20.7,0.991,-0.5,-1.1,1.2,3.5,18.1,1.129,17,5,0,0,5
146.4,4,isocontour,11.283791670955125,23694.5,49.86,17.5,11.3,0.987,0.1,-0.8,0.8,3.5,18.1,1.129,17,3,0,0,3
146.4,5,isocontour,11.283791670955125,20931.27,44.05,3.4,18.4,1.111,2.8,0.6,2.9,3.5,18.1,1.129,17,5,0,0,5
146.4,6,isocontour,11.283791670955125,23299.2,49.03,4.2,19.0,1.067,2.5,0.6,2.6,3.5,18.1,1.129,17,5,0,0,5
146.4,7,isocontour,11.283791670955125,20404.99,42.94,-18.5,9.4,0.991,1.2,-0.2,1.2,-11.7,-14.1,1.134,11,4,0,0,4
146.4,8,isocontour,11.283791670955125,24286.05,51.11,2.0,19.0,1.088,-0.7,-0.1,0.7,3.5,18.1,1.129,17,6,0,0,6
146.4,9,isocontour,11.283791670955125,21415.28,45.07,20.3,4.0,0.992,-0.3,0.9,0.9,10.1,-15.5,1.129,14,3,0,0,3
146.4,10,isocontour,11.283791670955125,23597.83,49.66,16.0,11.1,1.063,0.6,-2.3,2.4,3.5,18.1,1.129,17,3,0,0,3
146.4,11,isocontour,11.283791670955125,25310.93,53.26,-12.2,-13.5,1.142,-1.0,3.0,3.2,-12.2,-13.5,1.137,11,3,0,0,3
146.4,12,isocontour,11.283791670955125,21774.66,45.82,-5.5,-19.9,0.996,-1.2,0.5,1.3,-12.0,-13.9,1.137,11,3,0,0,3
146.4,13,isocontour,11.283791670955125,20869.41,43.92,20.4,-4.6,0.983,1.5,-3.3,3.6,10.1,-15.5,1.129,14,2,0,0,2
146.4,14,isocontour,11.283791670955125,23348.59,49.13,10.0,-15.8,1.112,2.3,-1.0,2.5,-11.7,-14.1,1.134,11,3,0,0,3
146.4,15,isocontour,11.283791670955125,18855.49,39.68,-13.1,15.2,1.03,-1.6,-2.4,2.9,-11.7,-14.1,1.134,11,3,0,0,3
146.4,16,isocontour,11.283791670955125,37004.66,77.87,-20.8,0.5,0.985,0.8,-1.0,1.3,-12.0,-13.9,1.137,11,4,0,0,4
146.4,17,isocontour,11.283791670955125,18987.66,39.96,4.2,18.3,1.105,1.8,1.8,2.5,4.2,18.3,1.129,17,5,0,0,5
146.4,18,isocontour,11.283791670955125,24249.34,51.03,-13.6,15.7,0.99,0.2,-2.4,2.4,-11.7,-14.1,1.134,11,3,0,0,3
146.4,19,isocontour,11.283791670955125,20088.05,42.27,-18.7,-8.6,0.999,1.5,-2.0,2.5,-12.0,-13.9,1.137,11,5,0,0,5
146.4,20,isocontour,11.283791670955125,22705.29,47.78,17.9,-10.3,0.994,-0.6,2.4,2.5,-11.7,-14.1,1.134,11,3,0,0,3
146.4,21,isocontour,11.283791670955125,23402.19,49.25,9.3,-16.3,1.109,2.0,2.0,2.8,-11.7,-14.1,1.134,11,3,0,0,3
146.4,22,isocontour,11.283791670955125,24367.28,51.28,-12.6,-14.1,1.098,-1.4,0.1,1.4,-12.0,-13.9,1.137,11,3,0,0,3
146.4,23,isocontour,11.283791670955125,23571.75,49.6,-19.7,-3.6,1.034,0.5,-1.0,1.1,-12.0,-13.9,1.137,11,3,0,0,3
146.4,24,isocontour,11.283791670955125,24391.93,51.33,2.4,-20.6,0.99,-2.9,0.3,2.9,-12.0,-13.9,1.137,11,3,0,0,3
146.4,25,isocontour,11.283791670955125,23875.62,50.24,-19.4,0.4,1.067,0.3,-2.9,2.9,-12.0,-13.9,1.137,11,4,0,0,4
146.4,Target,,,,,0.0,0.0,4.023,0.0,0.0,,,,,,,,,
146.5,1,isocontour,11.283791670955125,18567.7,39.07,11.6,17.3,0.988,1.0,-1.1,1.5,3.5,18.1,1.129,17,6,0,0,6
146.5,2,isocontour,11.283791670955125,18530.69,39.0,-8.6,18.8,0.997,-2.5,-1.2,2.8,-11.7,-14.1,1.134,11,4,0,0,4
146.5,3,isocontour,11.283791670955125,18557.17,39.05,-0.6,20.7,0.993,1.2,-0.1,1.2,3.5,18.1,1.129,17,5,0,0,5
146.5,4,isocontour,11.283791670955125,23693.68,49.86,17.5,11.2,0.99,-0.0,-0.9,0.9,3.5,18.1,1.129,17,3,0,0,3
146.5,5,isocontour,11.283791670955125,20928.65,44.04,3.4,18.5,1.103,0.1,1.3,1.3,3.5,18.1,1.129,17,5,0,0,5
146.5,6,isocontour,11.283791670955125,23298.07,49.03,4.2,19.0,1.063,-0.7,0.7,1.0,3.5,18.1,1.129,17,5,0,0,5
146.5,7,isocontour,11.283791670955125,20404.59,42.94,-18.5,9.4,0.991,0.0,0.7,0.7,-12.0,-13.9,1.137,11,4,0,0,4
146.5,8,isocontour,11.283791670955125,24285.59,51.11,1.9,19.0,1.089,-0.7,-0.1,0.7,3.5,18.1,1.129,17,6,0,0,6
146.5,9,isocontour,11.283791670955125,21388.41,45.01,20.4,3.8,0.991,0.6,-2.7,2.8,10.1,-15.5,1.129,14,3,0,0,3
146.5,10,isocontour,11.283791670955125,23593.18,49.65,16.2,11.0,1.059,1.4,-0.6,1.5,3.5,18.1,1.129,17,3,0,0,3
146.5,11,isocontour,11.283791670955125,25309.61,53.26,-12.3,-13.5,1.142,-0.8,0.6,1.0,-12.3,-13.5,1.142,11,3,0,0,3
146.5,12,isocontour,11.283791670955125,21770.94,45.81,-5.6,-19.8,0.998,-1.2,0.7,1.4,-12.2,-13.5,1.142,11,3,0,0,3
146.5,13,isocontour,11.283791670955125,20821.51,43.82,20.3,-4.4,0.991,-1.5,3.0,3.4,-11.7,-14.1,1.134,11,2,0,0,2
146.5,14,isocontour,11.283791670955125,23347.19,49.13,10.1,-15.8,1.109,1.0,0.3,1.0,-12.0,-13.9,1.137,11,3,0,0,3
146.5,15,isocontour,11.283791670955125,18836.87,39.64,-12.9,15.2,1.038,2.4,0.1,2.4,-11.7,-14.1,1.134,11,3,0,0,3
146.5,16,isocontour,11.283791670955125,37001.86,77.87,-20.8,0.4,0.99,0.8,-1.0,1.3,-12.0,-13.9,1.137,11,4,0,0,4
146.5,17,isocontour,11.283791670955125,18962.77,39.9,4.1,18.6,1.092,-1.3,2.3,2.6,4.1,18.6,1.129,17,5,0,0,5
146.5,18,isocontour,11.283791670955125,24248.82,51.03,-13.6,15.7,0.989,0.1,0.7,0.7,-11.7,-14.1,1.134,11,3,0,0,3
146.5,19,isocontour,11.283791670955125,20065.56,42.23,-18.9,-8.7,0.988,-2.5,-0.6,2.6,-12.2,-13.5,1.142,11,5,0,0,5
146.5,20,isocontour,11.283791670955125,22703.08,47.78,17.9,-10.3,0.998,-0.9,-0.8,1.2,-11.7,-14.1,1.134,11,3,0,0,3
146.5,21,isocontour,11.283791670955125,23375.32,49.19,9.5,-16.1,1.111,2.3,1.6,2.8,-12.0,-13.9,1.137,11,3,0,0,3
146.5,22,isocontour,11.283791670955125,24336.13,51.21,-12.8,-13.9,1.099,-1.9,2.2,2.9,-12.2,-13.5,1.142,11,3,0,0,3
146.5,23,isocontour,11.283791670955125,23570.35,49.6,-19.6,-3.7,1.035,0.2,-1.0,1.0,-12.0,-13.9,1.137,11,3,0,0,3
146.5,24,isocontour,11.283791670955125,24387.72,51.32,2.2,-20.7,0.989,-1.4,-0.4,1.5,-12.0,-13.9,1.137,11,3,0,0,3
146.5,25,isocontour,11.283791670955125,23874.14,50.24,-19.4,0.3,1.069,0.2,-1.0,1.0,-12.0,-13.9,1.137,11,4,0,0,4
146.5,Target,,,,,0.0,0.0,4.023,0.0,0.0,,,,,,,,,
146.6,1,isocontour,11.283791670955125,18563.49,39.06,11.6,17.1,0.995,-0.4,-1.4,1.5,3.5,18.1,1.129,17,6,0,0,6
146.6,2,isocontour,11.283791670955125,18470.32,38.87,-8.9,18.8,0.985,-3.5,1.0,3.6,-11.7,-14.1,1.134,11,4,0,0,4
146.6,3,isocontour,11.283791670955125,18548.05,39.03,-0.5,20.8,0.987,1.3,1.4,1.9,-11.7,-14.1,1.134,11,5,0,0,5
146.6,4,isocontour,11.283791670955125,23692.68,49.86,17.5,11.1,0.993,-0.1,-0.9,0.9,3.5,18.1,1.129,17,3,0,0,3
146.6,5,isocontour,11.283791670955125,20926.28,44.04,3.4,18.7,1.096,-0.1,1.2,1.2,3.5,18.1,1.129,17,5,0,0,5
146.6,6,isocontour,11.283791670955125,23255.5,48.94,4.2,19.3,1.047,-0.0,3.2,3.2,3.5,18.1,1.129,17,5,0,0,5
146.6,7,isocontour,11.283791670955125,20398.45,42.93,-18.5,9.3,0.993,-0.3,-1.7,1.7,-12.0,-13.9,1.137,11,4,0,0,4
146.6,8,isocontour,11.283791670955125,24284.45,51.1,1.8,19.0,1.09,-0.9,-0.2,0.9,-11.7,-14.1,1.134,11,6,0,0,6
146.6,9,isocontour,11.283791670955125,21387.31,45.01,20.5,3.8,0.987,0.9,-0.3,0.9,-11.7,-14.1,1.134,11,3,0,0,3
146.6,10,isocontour,11.283791670955125,23592.7,49.65,16.2,11.0,1.058,0.5,-0.4,0.6,3.5,18.1,1.129,17,3,0,0,3
146.6,11,isocontour,11.283791670955125,25307.61,53.26,-12.2,-13.5,1.145,1.1,-0.3,1.1,-12.2,-13.5,1.142,11,3,0,0,3
146.6,12,isocontour,11.283791670955125,21736.47,45.74,-5.9,-19.8,0.995,-3.0,0.2,3.0,-12.2,-13.5,1.142,11,3,0,0,3
146.6,13,isocontour,11.283791670955125,20817.71,43.81,20.4,-4.4,0.986,1.3,-0.5,1.4,-11.7,-14.1,1.134,11,2,0,0,2
146.6,14,isocontour,11.283791670955125,23325.2,49.09,10.3,-15.6,1.109,2.1,1.5,2.6,-12.0,-13.9,1.137,11,3,0,0,3
146.6,15,isocontour,11.283791670955125,18821.06,39.61,-12.7,15.2,1.045,2.3,0.5,2.4,-12.0,-13.9,1.137,11,3,0,0,3
146.6,16,isocontour,11.283791670955125,36976.97,77.81,-20.7,0.6,0.994,0.8,2.6,2.7,-12.2,-13.5,1.142,11,4,0,0,4
146.6,17,isocontour,11.283791670955125,18962.13,39.9,4.1,18.7,1.088,-0.4,0.6,0.7,4.1,18.7,1.129,17,5,0,0,5
146.6,18,isocontour,11.283791670955125,24232.59,50.99,-13.5,15.9,0.985,1.1,2.0,2.3,-12.0,-13.9,1.137,11,3,0,0,3
146.6,19,isocontour,11.283791670955125,20020.17,42.13,-19.1,-8.5,0.981,-2.2,2.4,3.3,-12.2,-13.5,1.142,11,5,0,0,5
146.6,20,isocontour,11.283791670955125,22658.92,47.68,17.8,-10.6,0.994,-0.9,-3.1,3.2,-12.0,-13.9,1.137,11,3,0,0,3
146.6,21,isocontour,11.283791670955125,23365.76,49.17,9.6,-15.9,1.118,0.7,1.8,1.9,-12.0,-13.9,1.137,11,3,0,0,3
146.6,22,isocontour,11.283791670955125,24333.76,51.21,-12.7,-13.9,1.103,1.2,-0.2,1.2,-12.2,-13.5,1.142,11,3,0,0,3
146.6,23,isocontour,11.283791670955125,23553.49,49.57,-19.8,-3.8,1.024,-2.1,-1.1,2.4,-12.2,-13.5,1.142,11,3,0,0,3
146.6,24,isocontour,11.283791670955125,24381.03,51.31,2.1,-20.7,0.987,-1.7,-0.5,1.8,-12.2,-13.5,1.142,11,3,0,0,3
146.6,25,isocontour,11.283791670955125,23847.26,50.18,-19.4,0.5,1.069,0.0,2.8,2.8,-12.2,-13.5,1.142,11,4,0,0,4
146.6,Target,,,,,0.0,0.0,4.023,0.0,0.0,,,,,,,,,
146.7,1,isocontour,11.283791670955125,18552.57,39.04,11.5,17.3,0.991,-0.8,1.9,2.1,-11.7,-14.1,1.134,11,6,0,0,6
146.7,2,isocontour,11.283791670955125,18445.42,38.82,-8.7,18.9,0.985,2.5,0.9,2.7,-12.0,-13.9,1.137,11,4,0,0,4
146.7,3,isocontour,11.283791670955125,18546.65,39.03,-0.4,20.8,0.986,1.0,-0.2,1.0,-11.7,-14.1,1.134,11,5,0,0,5
146.7,4,isocontour,11.283791670955125,23665.81,49.8,17.6,10.9,0.991,1.8,-2.1,2.8,-11.7,-14.1,1.134,11,3,0,0,3
146.7,5,isocontour,11.283791670955125,20924.62,44.03,3.5,18.6,1.097,0.8,-0.7,1.1,-11.7,-14.1,1.134,11,5,0,0,5
146.7,6,isocontour,11.283791670955125,23228.91,48.88,4.4,19.3,1.046,2.6,-1.0,2.8,-11.7,-14.1,1.134,11,5,0,0,5
146.7,7,isocontour,11.283791670955125,20398.44,42.93,-18.5,9.3,0.995,0.2,-0.1,0.2,-12.2,-13.5,1.142,11,4,0,0,4
146.7,8,isocontour,11.283791670955125,24253.62,51.04,2.0,18.9,1.094,2.7,-1.0,2.9,-11.7,-14.1,1.134,11,6,0,0,6
146.7,9,isocontour,11.283791670955125,21386.95,45.01,20.5,3.7,0.985,0.4,-0.5,0.6,-11.7,-14.1,1.134,11,3,0,0,3
146.7,10,isocontour,11.283791670955125,23587.09,49.64,16.1,11.0,1.062,-1.5,0.7,1.7,-11.7,-14.1,1.134,11,3,0,0,3
146.7,11,isocontour,11.283791670955125,25294.66,53.23,-12.2,-13.6,1.14,0.7,-2.0,2.1,-12.2,-13.6,1.145,11,3,0,0,3
146.7,12,isocontour,11.283791670955125,21704.02,45.67,-6.2,-19.8,0.991,-2.9,0.0,2.9,-12.2,-13.5,1.145,11,3,0,0,3
146.7,13,isocontour,11.283791670955125,20803.08,43.78,20.5,-4.5,0.977,1.2,-1.9,2.2,-12.0,-13.9,1.137,11,2,0,0,2
146.7,14,isocontour,11.283791670955125,23320.91,49.08,10.4,-15.5,1.115,0.4,1.4,1.5,-12.2,-13.5,1.142,11,3,0,0,3
146.7,15,isocontour,11.283791670955125,18791.17,39.54,-12.8,15.0,1.047,-2.1,-2.0,2.9,-12.0,-13.9,1.137,11,3,0,0,3
146.7,16,isocontour,11.283791670955125,36975.31,77.81,-20.7,0.5,0.994,-0.2,-1.1,1.1,-12.2,-13.5,1.142,11,4,0,0,4
146.7,17,isocontour,11.283791670955125,18961.2,39.9,4.1,18.6,1.089,0.8,-0.5,0.9,-11.7,-14.1,1.134,11,5,0,0,5
146.7,18,isocontour,11.283791670955125,24207.42,50.94,-13.6,15.7,0.992,-0.6,-2.6,2.7,-12.0,-13.9,1.137,11,3,0,0,3
146.7,19,isocontour,11.283791670955125,20004.96,42.1,-19.2,-8.3,0.98,-0.8,2.1,2.2,-12.2,-13.5,1.145,11,5,0,0,5
146.7,20,isocontour,11.283791670955125,22626.79,47.62,17.7,-10.9,0.991,-1.0,-2.8,3.0,-12.0,-13.9,1.137,11,3,0,0,3
146.7,21,isocontour,11.283791670955125,23360.26,49.16,9.7,-15.8,1.124,0.5,1.5,1.6,-12.2,-13.5,1.142,11,3,0,0,3
146.7,22,isocontour,11.283791670955125,24312.53,51.16,-12.5,-14.1,1.101,1.6,-2.0,2.6,-12.2,-13.5,1.145,11,3,0,0,3
146.7,23,isocontour,11.283791670955125,23552.32,49.56,-19.9,-3.8,1.02,-0.4,0.9,1.0,-12.2,-13.5,1.142,11,3,0,0,3
146.7,24,isocontour,11.283791670955125,24348.58,51.24,1.8,-20.6,0.992,-2.8,0.8,2.9,-12.2,-13.5,1.142,11,3,0,0,3
146.7,25,isocontour,11.283791670955125,23820.96,50.13,-19.4,0.8,1.068,-0.2,2.7,2.7,-12.2,-13.5,1.142,11,4,0,0,4
146.7,Target,,,,,0.0,0.0,4.023,0.0,0.0,,,,,,,,,
146.8,1,isocontour,11.283791670955125,18551.88,39.04,11.5,17.3,0.987,0.7,0.3,0.8,-11.7,-14.1,1.134,11,6,0,0,6
146.8,2,isocontour,11.283791670955125,18429.81,38.78,-8.8,18.8,0.993,-0.8,-2.2,2.3,-12.0,-13.9,1.137,11,4,0,0,4
146.8,3,isocontour,11.283791670955125,18516.45,38.97,-0.1,20.7,0.992,2.7,-1.0,2.9,-12.0,-13.9,1.137,11,5,0,0,5
146.8,4,isocontour,11.283791670955125,23659.45,49.79,17.8,10.8,0.986,1.6,-0.7,1.7,-11.7,-14.1,1.134,11,3,0,0,3
146.8,5,isocontour,11.283791670955125,20900.54,43.98,3.7,18.6,1.097,2.6,-0.3,2.6,-11.7,-14.1,1.134,11,5,0,0,5
146.8,6,isocontour,11.283791670955125,23203.46,48.83,4.6,19.2,1.047,2.6,-0.7,2.7,-11.7,-14.1,1.134,11,5,0,0,5
146.8,7,isocontour,11.283791670955125,20363.63,42.85,-18.7,9.3,0.981,-3.0,0.4,3.0,-12.2,-13.5,1.142,11,4,0,0,4
146.8,8,isocontour,11.283791670955125,24252.22,51.04,2.2,18.8,1.096,0.9,-0.4,1.0,-12.0,-13.9,1.137,11,6,0,0,6
146.8,9,isocontour,11.283791670955125,21385.3,45.0,20.5,3.8,0.985,-0.3,1.0,1.0,-12.0,-13.9,1.137,11,3,0,0,3
146.8,10,isocontour,11.283791670955125,23580.85,49.62,16.1,11.2,1.057,0.2,1.7,1.7,-11.7,-14.1,1.134,11,3,0,0,3
146.8,11,isocontour,11.283791670955125,25286.49,53.21,-12.1,-13.8,1.132,0.3,-1.8,1.8,-12.2,-13.5,1.145,11,3,0,0,3
146.8,12,isocontour,11.283791670955125,21667.82,45.6,-6.5,-19.8,0.988,-3.0,0.4,3.0,-12.2,-13.5,1.145,11,3,0,0,3
146.8,13,isocontour,11.283791670955125,20782.35,43.73,20.3,-4.6,0.987,-2.5,-0.3,2.5,-12.0,-13.9,1.137,11,2,0,0,2
146.8,14,isocontour,11.283791670955125,23318.59,49.07,10.3,-15.5,1.116,-1.1,-0.6,1.3,-12.2,-13.5,1.142,11,3,0,0,3
146.8,15,isocontour,11.283791670955125,18788.37,39.54,-12.9,14.9,1.05,-0.4,-1.2,1.3,-12.2,-13.5,1.142,11,3,0,0,3
146.8,16,isocontour,11.283791670955125,36968.84,77.8,-20.8,0.5,0.985,-1.7,0.0,1.7,-12.2,-13.5,1.145,11,4,0,0,4
146.8,17,isocontour,11.283791670955125,18943.25,39.86,4.3,18.7,1.083,2.3,0.6,2.4,-11.7,-14.1,1.134,11,5,0,0,5
146.8,18,isocontour,11.283791670955125,24198.29,50.92,-13.5,15.8,0.988,0.5,1.8,1.9,-12.2,-13.5,1.142,11,3,0,0,3
146.8,19,isocontour,11.283791670955125,19982.2,42.05,-19.3,-8.0,0.984,-0.3,2.6,2.6,-12.2,-13.5,1.145,11,5,0,0,5
146.8,20,isocontour,11.283791670955125,22616.8,47.59,17.5,-11.0,0.994,-1.7,-1.1,2.0,-12.2,-13.5,1.142,11,3,0,0,3
146.8,21,isocontour,11.283791670955125,23324.05,49.08,9.5,-15.9,1.124,-2.5,-1.7,3.0,-12.2,-13.5,1.142,11,3,0,0,3
146.8,22,isocontour,11.283791670955125,24286.22,51.11,-12.3,-14.2,1.105,2.5,-1.2,2.8,-12.2,-13.5,1.145,11,3,0,0,3
146.8,23,isocontour,11.283791670955125,23531.59,49.52,-19.8,-3.5,1.024,0.3,2.5,2.5,-12.2,-13.5,1.145,11,3,0,0,3
146.8,24,isocontour,11.283791670955125,24347.76,51.24,1.8,-20.6,0.992,0.8,-0.1,0.8,-12.2,-13.5,1.145,11,3,0,0,3
146.8,25,isocontour,11.283791670955125,23820.08,50.13,-19.4,0.9,1.067,0.0,0.9,0.9,-12.2,-13.5,1.145,11,4,0,0,4
146.8,Target,,,,,0.0,0.0,4.023,0.0,0.0,,,,,,,,,
146.9,1,isocontour,11.283791670955125,18550.68,39.04,11.6,17.3,0.988,0.6,-0.7,0.9,-12.0,-13.9,1.137,11,6,0,0,6
146.9,2,isocontour,11.283791670955125,18428.71,38.78,-8.9,18.7,0.994,-0.8,-0.4,0.9,-12.2,-13.5,1.142,11,4,0,0,4
146.9,3,isocontour,11.283791670955125,18488.1,38.91,0.2,20.7,0.991,2.8,0.2,2.8,-12.0,-13.9,1.137,11,5,0,0,5
146.9,4,isocontour,11.283791670955125,23600.56,49.66,17.8,11.1,0.978,-0.2,3.6,3.6,-12.0,-13.9,1.137,11,3,0,0,3
146.9,5,isocontour,11.283791670955125,20885.72,43.95,3.9,18.7,1.088,1.9,1.3,2.3,-12.0,-13.9,1.137,11,5,0,0,5
146.9,6,isocontour,11.283791670955125,23201.93,48.83,4.6,19.3,1.045,-0.9,0.6,1.1,-12.0,-13.9,1.137,11,5,0,0,5
146.9,7,isocontour,11.283791670955125,20345.01,42.81,-18.7,9.1,0.987,0.7,-2.3,2.4,-12.2,-13.5,1.145,11,4,0,0,4
146.9,8,isocontour,11.283791670955125,24251.22,51.03,2.1,18.8,1.097,-0.9,0.0,0.9,-12.0,-13.9,1.137,11,6,0,0,6
146.9,9,isocontour,11.283791670955125,21369.28,44.97,20.3,3.7,0.996,-2.1,-1.1,2.4,-12.0,-13.9,1.137,11,3,0,0,3
146.9,10,isocontour,11.283791670955125,23560.59,49.58,16.2,11.0,1.057,1.2,-2.2,2.5,-12.0,-13.9,1.137,11,3,0,0,3
146.9,11,isocontour,11.283791670955125,25281.19,53.2,-12.0,-13.9,1.132,1.3,-0.9,1.6,-12.2,-13.5,1.145,11,3,0,0,3
146.9,12,isocontour,11.283791670955125,21612.75,45.48,-6.2,-19.9,0.985,3.2,-1.5,3.5,-12.2,-13.5,1.145,11,3,0,0,3
146.9,13,isocontour,11.283791670955125,20747.19,43.66,20.2,-4.8,0.992,-1.1,-2.8,3.0,-12.2,-13.5,1.142,11,2,0,0,2
146.9,14,isocontour,11.283791670955125,23316.1,49.07,10.4,-15.5,1.114,1.2,0.3,1.2,-12.2,-13.5,1.145,11,3,0,0,3
146.9,15,isocontour,11.283791670955125,18762.35,39.48,-12.8,15.1,1.047,1.5,2.3,2.7,-12.2,-13.5,1.142,11,3,0,0,3
146.9,16,isocontour,11.283791670955125,36958.23,77.77,-20.9,0.3,0.981,-0.7,-1.9,2.0,-12.2,-13.5,1.145,11,4,0,0,4
146.9,17,isocontour,11.283791670955125,18934.41,39.85,4.4,18.8,1.072,0.8,1.7,1.9,-12.0,-13.9,1.137,11,5,0,0,5
146.9,18,isocontour,11.283791670955125,24172.84,50.87,-13.6,16.0,0.977,-0.3,2.7,2.7,-12.2,-13.5,1.142,11,3,0,0,3
146.9,19,isocontour,11.283791670955125,19981.36,42.05,-19.3,-7.9,0.985,-0.2,0.8,0.8,-12.2,-13.5,1.145,11,5,0,0,5
146.9,20,isocontour,11.283791670955125,22581.99,47.52,17.4,-11.3,0.994,-1.4,-2.7,3.0,-12.2,-13.5,1.142,11,3,0,0,3
146.9,21,isocontour,11.283791670955125,23321.18,49.08,9.5,-15.8,1.129,0.4,1.2,1.3,-12.2,-13.5,1.145,11,3,0,0,3
146.9,22,isocontour,11.283791670955125,24242.86,51.02,-12.2,-14.5,1.097,1.2,-3.0,3.2,-12.2,-13.5,1.145,11,3,0,0,3
146.9,23,isocontour,11.283791670955125,23515.36,49.49,-20.0,-3.6,1.015,-1.7,-1.6,2.3,-12.2,-13.5,1.145,11,3,0,0,3
146.9,24,isocontour,11.283791670955125,24321.75,51.18,2.1,-20.7,0.99,2.7,-0.1,2.7,-12.2,-13.5,1.145,11,3,0,0,3
146.9,25,isocontour,11.283791670955125,23789.25,50.06,-19.4,0.7,1.066,-0.3,-2.9,2.9,-12.2,-13.5,1.145,11,4,0,0,4
146.9,Target,,,,,0.0,0.0,4.023,0.0,0.0,,,,,,,,,
147.0,1,isocontour,11.283791670955125,18533.39,39.0,11.4,17.3,0.991,-2.3,0.7,2.4,-12.0,-13.9,1.137,11,6,0,0,6
147.0,2,isocontour,11.283791670955125,18428.35,38.78,-8.8,18.7,0.995,0.6,0.1,0.6,-12.2,-13.5,1.142,11,4,0,0,4
147.0,3,isocontour,11.283791670955125,18484.67,38.9,0.1,20.8,0.986,-0.7,1.2,1.4,-12.2,-13.5,1.142,11,5,0,0,5
147.0,4,isocontour,11.283791670955125,23588.82,49.64,17.9,11.0,0.978,0.8,-1.9,2.1,-12.0,-13.9,1.137,11,3,0,0,3
147.0,5,isocontour,11.283791670955125,20885.28,43.95,4.0,18.7,1.084,0.6,0.3,0.7,-12.0,-13.9,1.137,11,5,0,0,5
147.0,6,isocontour,11.283791670955125,23190.19,48.8,4.7,19.4,1.036,1.5,1.4,2.1,-12.0,-13.9,1.137,11,5,0,0,5
147.0,7,isocontour,11.283791670955125,20323.78,42.77,-18.5,9.1,0.998,2.5,0.5,2.5,-12.2,-13.5,1.145,11,4,0,0,4
147.0,8,isocontour,11.283791670955125,24249.38,51.03,2.0,18.8,1.098,-1.1,0.0,1.1,-12.2,-13.5,1.142,11,6,0,0,6
147.0,9,isocontour,11.283791670955125,21368.14,44.97,20.3,3.8,0.997,-0.1,0.9,0.9,-12.2,-13.5,1.142,11,3,0,0,3
147.0,10,isocontour,11.283791670955125,23558.16,49.58,16.3,10.9,1.055,0.9,-0.8,1.2,-12.0,-13.9,1.137,11,3,0,0,3
147.0,11,isocontour,11.283791670955125,25279.14,53.2,-12.1,-13.9,1.131,-1.0,0.6,1.2,-12.2,-13.5,1.145,11,3,0,0,3
147.0,12,isocontour,11.283791670955125,21611.05,45.48,-6.1,-19.9,0.989,0.9,0.7,1.1,-12.2,-13.5,1.145,11,3,0,0,3
147.0,13,isocontour,11.283791670955125,20727.88,43.62,20.3,-5.0,0.983,1.4,-2.0,2.4,-12.2,-13.5,1.142,11,2,0,0,2
147.0,14,isocontour,11.283791670955125,23296.32,49.02,10.6,-15.4,1.111,2.3,0.9,2.5,-12.2,-13.5,1.145,11,3,0,0,3
147.0,15,isocontour,11.283791670955125,18735.47,39.43,-12.6,15.3,1.046,2.1,1.8,2.8,-12.2,-13.5,1.145,11,3,0,0,3
147.0,16,isocontour,11.283791670955125,36935.74,77.73,-20.8,0.2,0.99,1.9,-1.7,2.5,-12.2,-13.5,1.145,11,4,0,0,4
147.0,17,isocontour,11.283791670955125,18905.45,39.78,4.7,18.8,1.072,2.7,-0.9,2.8,-12.0,-13.9,1.137,11,5,0,0,5
147.0,18,isocontour,11.283791670955125,24164.41,50.85,-13.4,16.1,0.98,1.9,0.2,1.9,-12.2,-13.5,1.145,11,3,0,0,3
147.0,19,isocontour,11.283791670955125,19966.15,42.02,-19.3,-7.7,0.99,-0.0,2.3,2.3,-12.2,-13.5,1.145,11,5,0,0,5
147.0,20,isocontour,11.283791670955125,22555.69,47.47,17.5,-11.5,0.982,1.5,-2.3,2.7,-12.2,-13.5,1.145,11,3,0,0,3
147.0,21,isocontour,11.283791670955125,23320.25,49.07,9.5,-15.7,1.132,0.5,0.7,0.9,-12.2,-13.5,1.145,11,3,0,0,3
147.0,22,isocontour,11.283791670955125,24223.79,50.98,-12.3,-14.4,1.094,-2.1,1.2,2.4,-12.2,-13.5,1.145,11,3,0,0,3
147.0,23,isocontour,11.283791670955125,23487.3,49.43,-20.0,-3.9,1.014,0.6,-2.7,2.8,-12.2,-13.5,1.145,11,3,0,0,3
147.0,24,isocontour,11.283791670955125,24320.93,51.18,2.2,-20.7,0.99,0.8,-0.0,0.8,-12.2,-13.5,1.145,11,3,0,0,3
147.0,25,isocontour,11.283791670955125,23787.89,50.06,-19.5,0.5,1.065,-0.3,-1.0,1.0,-12.2,-13.5,1.145,11,4,0,0,4
147.0,Target,,,,,0.0,0.0,4.023,0.0,0.0,,,,,,,,,
147.1,1,isocontour,11.283791670955125,18532.91,39.0,11.4,17.3,0.989,0.7,0.1,0.7,-12.2,-13.5,1.142,11,6,0,0,6
147.1,2,isocontour,11.283791670955125,18427.35,38.78,-8.7,18.7,0.994,0.8,0.5,0.9,-12.2,-13.5,1.145,11,4,0,0,4
147.1,3,isocontour,11.283791670955125,18378.72,38.68,-0.3,20.9,0.985,-4.4,0.0,4.4,-12.2,-13.5,1.142,11,5,0,0,5
147.1,4,isocontour,11.283791670955125,23556.37,49.57,17.8,10.7,0.987,-0.5,-2.9,2.9,-12.2,-13.5,1.142,11,3,0,0,3
147.1,5,isocontour,11.283791670955125,20884.6,43.95,4.1,18.7,1.083,0.8,0.1,0.8,-12.2,-13.5,1.142,11,5,0,0,5
147.1,6,isocontour,11.283791670955125,23184.59,48.79,4.8,19.3,1.04,0.9,-1.4,1.7,-12.2,-13.5,1.142,11,5,0,0,5
147.1,7,isocontour,11.283791670955125,20323.36,42.77,-18.5,9.2,0.997,-0.4,0.6,0.7,-12.2,-13.5,1.145,11,4,0,0,4
147.1,8,isocontour,11.283791670955125,24214.57,50.96,1.7,18.8,1.1,-3.0,-0.2,3.0,-12.2,-13.5,1.142,11,6,0,0,6
147.1,9,isocontour,11.283791670955125,21354.28,44.94,20.3,3.6,1.0,-0.2,-2.2,2.2,-12.2,-13.5,1.142,11,3,0,0,3
147.1,10,isocontour,11.283791670955125,23546.75,49.55,16.5,10.8,1.052,1.5,-1.4,2.1,-12.2,-13.5,1.142,11,3,0,0,3
147.1,11,isocontour,11.283791670955125,25219.76,53.07,-12.2,-13.6,1.138,-1.6,3.2,3.6,-12.2,-13.5,1.145,11,3,0,0,3
147.1,12,isocontour,11.283791670955125,21610.42,45.48,-6.0,-19.8,0.992,0.7,0.2,0.7,-12.2,-13.5,1.145,11,3,0,0,3
147.1,13,isocontour,11.283791670955125,20700.13,43.56,20.3,-4.8,0.984,0.3,2.8,2.8,-12.2,-13.5,1.145,11,2,0,0,2
147.1,14,isocontour,11.283791670955125,23278.6,48.99,10.5,-15.6,1.106,-1.4,-1.9,2.4,-12.2,-13.5,1.145,11,3,0,0,3
147.1,15,isocontour,11.283791670955125,18720.46,39.39,-12.7,15.2,1.044,-2.0,-1.0,2.2,-12.2,-13.5,1.145,11,3,0,0,3
147.1,16,isocontour,11.283791670955125,36910.29,77.67,-20.7,0.4,0.995,0.9,2.6,2.8,-12.2,-13.5,1.145,11,4,0,0,4
147.1,17,isocontour,11.283791670955125,18897.15,39.77,4.9,18.8,1.066,1.7,0.8,1.9,-12.2,-13.5,1.142,11,5,0,0,5
147.1,18,isocontour,11.283791670955125,24142.93,50.81,-13.4,15.9,0.99,-0.1,-2.6,2.6,-12.2,-13.5,1.145,11,3,0,0,3
147.1,19,isocontour,11.283791670955125,19965.49,42.01,-19.3,-7.6,0.992,0.2,0.8,0.8,-12.2,-13.5,1.145,11,5,0,0,5
147.1,20,isocontour,11.283791670955125,22548.64,47.45,17.6,-11.4,0.977,1.4,1.1,1.8,-12.2,-13.5,1.145,11,3,0,0,3
147.1,21,isocontour,11.283791670955125,23302.08,49.04,9.3,-15.8,1.136,-2.3,-0.6,2.4,-12.2,-13.5,1.145,11,3,0,0,3
147.1,22,isocontour,11.283791670955125,24221.79,50.97,-12.4,-14.3,1.095,-0.7,0.9,1.1,-12.2,-13.5,1.145,11,3,0,0,3
147.1,23,isocontour,11.283791670955125,23462.41,49.37,-20.0,-3.7,1.011,-1.0,2.5,2.7,-12.2,-13.5,1.145,11,3,0,0,3
147.1,24,isocontour,11.283791670955125,24298.43,51.13,2.4,-20.6,0.993,2.4,0.9,2.6,-12.2,-13.5,1.145,11,3,0,0,3
147.1,25,isocontour,11.283791670955125,23761.02,50.0,-19.4,0.7,1.066,0.3,2.7,2.7,-12.2,-13.5,1.145,11,4,0,0,4
147.1,Target,,,,,0.0,0.0,4.023,0.0,0.0,,,,,,,,,
147.2,1,isocontour,11.283791670955125,18532.7,39.0,11.5,17.4,0.986,0.2,0.5,0.5,-12.2,-13.5,1.142,11,6,0,0,6
147.2,2,isocontour,11.283791670955125,18406.86,38.73,-8.5,18.8,0.997,2.5,0.6,2.6,-12.2,-13.5,1.145,11,4,0,0,4
147.2,3,isocontour,11.283791670955125,18349.15,38.61,-0.5,20.8,0.989,-2.7,-1.0,2.9,-12.2,-13.5,1.145,11,5,0,0,5
147.2,4,isocontour,11.283791670955125,23531.75,49.52,17.9,10.5,0.99,1.2,-2.4,2.7,-12.2,-13.5,1.142,11,3,0,0,3
147.2,5,isocontour,11.283791670955125,20882.33,43.94,4.2,18.7,1.085,1.0,-0.7,1.2,-12.2,-13.5,1.142,11,5,0,0,5
147.2,6,isocontour,11.283791670955125,23163.6,48.74,5.0,19.4,1.033,2.3,1.1,2.5,-12.2,-13.5,1.142,11,5,0,0,5
147.2,7,isocontour,11.283791670955125,20320.22,42.76,-18.6,9.3,0.99,-0.8,1.1,1.4,-12.2,-13.5,1.145,11,4,0,0,4
147.2,8,isocontour,11.283791670955125,24180.1,50.88,1.4,18.8,1.103,-3.0,-0.2,3.0,-12.2,-13.5,1.145,11,6,0,0,6
147.2,9,isocontour,11.283791670955125,21342.54,44.91,20.3,3.4,1.0,0.4,-2.0,2.0,-12.2,-13.5,1.145,11,3,0,0,3
147.2,10,isocontour,11.283791670955125,23520.16,49.5,16.6,10.6,1.053,1.4,-2.4,2.8,-12.2,-13.5,1.142,11,3,0,0,3
147.2,11,isocontour,11.283791670955125,25194.58,53.02,-12.5,-13.6,1.129,-2.7,-0.3,2.7,-12.2,-13.5,1.145,11,3,0,0,3
147.2,12,isocontour,11.283791670955125,21608.32,45.47,-6.1,-19.8,0.991,-1.2,0.1,1.2,-12.2,-13.5,1.145,11,3,0,0,3
147.2,13,isocontour,11.283791670955125,20696.7,43.55,20.3,-4.7,0.989,-0.7,1.2,1.4,-12.2,-13.5,1.145,11,2,0,0,2
147.2,14,isocontour,11.283791670955125,23268.14,48.96,10.3,-15.6,1.111,-2.0,-0.1,2.0,-12.2,-13.5,1.145,11,3,0,0,3
147.2,15,isocontour,11.283791670955125,18717.04,39.39,-12.8,15.1,1.047,-0.3,-1.3,1.3,-12.2,-13.5,1.145,11,3,0,0,3
147.2,16,isocontour,11.283791670955125,36896.98,77.65,-20.8,0.3,0.989,-1.5,-1.5,2.1,-12.2,-13.5,1.145,11,4,0,0,4
147.2,17,isocontour,11.283791670955125,18882.33,39.74,5.0,18.7,1.074,1.0,-2.0,2.2,-12.2,-13.5,1.142,11,5,0,0,5
147.2,18,isocontour,11.283791670955125,24131.68,50.78,-13.5,15.7,0.991,-1.5,-1.4,2.1,-12.2,-13.5,1.145,11,3,0,0,3
147.2,19,isocontour,11.283791670955125,19931.02,41.94,-19.2,-7.8,0.993,1.1,-2.8,3.0,-12.2,-13.5,1.145,11,5,0,0,5
147.2,20,isocontour,11.283791670955125,22544.52,47.44,17.6,-11.3,0.983,-0.8,1.2,1.4,-12.2,-13.5,1.145,11,3,0,0,3
147.2,21,isocontour,11.283791670955125,23267.62,48.96,9.1,-16.0,1.134,-2.3,-1.9,3.0,-12.2,-13.5,1.145,11,3,0,0,3
147.2,22,isocontour,11.283791670955125,24212.24,50.95,-12.5,-14.2,1.096,-1.3,1.5,2.0,-12.2,-13.5,1.145,11,3,0,0,3
147.2,23,isocontour,11.283791670955125,23461.27,49.37,-20.0,-3.6,1.013,0.2,0.9,0.9,-12.2,-13.5,1.145,11,3,0,0,3
147.2,24,isocontour,11.283791670955125,24272.7,51.08,2.7,-20.6,0.992,2.7,0.1,2.7,-12.2,-13.5,1.145,11,3,0,0,3
147.2,25,isocontour,11.283791670955125,23734.14,49.95,-19.4,1.0,1.066,0.1,2.8,2.8,-12.2,-13.5,1.145,11,4,0,0,4
147.2,Target,,,,,0.0,0.0,4.023,0.0,0.0,,,,,,,,,
147.3,1,isocontour,11.283791670955125,18521.94,38.98,11.4,17.2,0.995,-0.5,-2.0,2.1,-12.2,-13.5,1.145,11,6,0,0,6
147.3,2,isocontour,11.283791670955125,18373.07,38.66,-8.3,19.0,0.99,1.8,2.4,3.0,-12.2,-13.5,1.145,11,4,0,0,4
147.3,3,isocontour,11.283791670955125,18319.88,38.55,-0.8,20.7,0.993,-2.7,-0.8,2.8,-12.2,-13.5,1.145,11,5,0,0,5
147.3,4,isocontour,11.283791670955125,23525.28,49.51,18.0,10.3,0.988,1.1,-1.3,1.7,-12.2,-13.5,1.145,11,3,0,0,3
147.3,5,isocontour,11.283791670955125,20871.09,43.92,4.4,18.7,1.08,2.0,0.6,2.1,-12.2,-13.5,1.145,11,5,0,0,5
147.3,6,isocontour,11.283791670955125,23127.4,48.67,4.8,19.3,1.039,-2.9,-0.9,3.0,-12.2,-13.5,1.145,11,5,0,0,5
147.3,7,isocontour,11.283791670955125,20248.22,42.61,-18.8,9.0,0.988,-2.0,-3.3,3.9,-12.2,-13.5,1.145,11,4,0,0,4
147.3,8,isocontour,11.283791670955125,24145.64,50.81,1.1,18.8,1.106,-3.0,-0.2,3.0,-12.2,-13.5,1.145,11,6,0,0,6
147.3,9,isocontour,11.283791670955125,21341.1,44.91,20.4,3.3,0.996,0.9,-0.5,1.0,-12.2,-13.5,1.145,11,3,0,0,3
147.3,10,isocontour,11.283791670955125,23492.4,49.44,16.7,10.3,1.054,1.3,-2.5,2.8,-12.2,-13.5,1.145,11,3,0,0,3
147.3,11,isocontour,11.283791670955125,25187.54,53.0,-12.6,-13.5,1.13,-0.7,1.6,1.7,-12.2,-13.5,1.145,11,3,0,0,3
147.3,12,isocontour,11.283791670955125,21591.88,45.44,-6.3,-19.9,0.985,-2.3,-0.6,2.4,-12.2,-13.5,1.145,11,3,0,0,3
147.3,13,isocontour,11.283791670955125,20694.81,43.55,20.2,-4.6,0.993,-0.5,1.0,1.1,-12.2,-13.5,1.145,11,2,0,0,2
147.3,14,isocontour,11.283791670955125,23232.64,48.89,10.1,-15.8,1.111,-2.4,-1.8,3.0,-12.2,-13.5,1.145,11,3,0,0,3
147.3,15,isocontour,11.283791670955125,18714.88,39.38,-12.7,15.2,1.046,0.5,1.1,1.2,-12.2,-13.5,1.145,11,3,0,0,3
147.3,16,isocontour,11.283791670955125,36895.62,77.64,-20.8,0.2,0.989,0.3,-1.0,1.0,-12.2,-13.5,1.145,11,4,0,0,4
147.3,17,isocontour,11.283791670955125,18864.17,39.7,4.9,18.8,1.069,-1.6,1.8,2.4,-12.2,-13.5,1.145,11,5,0,0,5
147.3,18,isocontour,11.283791670955125,24127.47,50.77,-13.7,15.7,0.988,-1.5,-0.3,1.5,-12.2,-13.5,1.145,11,3,0,0,3
147.3,19,isocontour,11.283791670955125,19900.19,41.88,-19.1,-8.1,0.988,0.2,-2.9,2.9,-12.2,-13.5,1.145,11,5,0,0,5
147.3,20,isocontour,11.283791670955125,22543.45,47.44,17.6,-11.2,0.985,0.4,0.9,1.0,-12.2,-13.5,1.145,11,3,0,0,3
147.3,21,isocontour,11.283791670955125,23248.08,48.92,8.9,-16.1,1.136,-2.3,-0.8,2.4,-12.2,-13.5,1.145,11,3,0,0,3
147.3,22,isocontour,11.283791670955125,24206.0,50.94,-12.6,-14.0,1.103,-0.1,1.7,1.7,-12.2,-13.5,1.145,11,3,0,0,3
147.3,23,isocontour,11.283791670955125,23429.8,49.31,-20.0,-3.8,1.014,0.8,-2.8,2.9,-12.2,-13.5,1.145,11,3,0,0,3
147.3,24,isocontour,11.283791670955125,24269.56,51.07,2.7,-20.7,0.987,-0.7,-1.1,1.3,-12.2,-13.5,1.145,11,3,0,0,3
147.3,25,isocontour,11.283791670955125,23732.74,49.94,-19.4,1.0,1.066,0.0,-1.0,1.0,-12.2,-13.5,1.145,11,4,0,0,4
147.3,Target,,,,,0.0,0.0,4.023,0.0,0.0,,,,,,,,,
147.4,1,isocontour,11.283791670955125,18519.94,38.97,11.3,17.2,1.0,-1.1,-0.0,1.1,-12.2,-13.5,1.145,11,6,0,0,6
147.4,2,isocontour,11.283791670955125,18348.73,38.61,-8.5,19.1,0.983,-2.7,0.2,2.7,-12.2,-13.5,1.145,11,4,0,0,4
147.4,3,isocontour,11.283791670955125,18318.56,38.55,-0.8,20.7,0.995,0.9,-0.3,0.9,-12.2,-13.5,1.145,11,5,0,0,5
147.4,4,isocontour,11.283791670955125,23493.49,49.44,17.9,10.2,1.002,-2.3,-1.9,3.0,-12.2,-13.5,1.145,11,3,0,0,3
147.4,5,isocontour,11.283791670955125,20870.12,43.92,4.5,18.7,1.08,0.8,-0.4,0.9,-12.2,-13.5,1.145,11,5,0,0,5
147.4,6,isocontour,11.283791670955125,23107.14,48.63,4.9,19.4,1.031,2.0,1.5,2.5,-12.2,-13.5,1.145,11,5,0,0,5
147.4,7,isocontour,11.283791670955125,20210.57,42.53,-18.9,8.7,0.984,-1.9,-2.4,3.1,-12.2,-13.5,1.145,11,4,0,0,4
147.4,8,isocontour,11.283791670955125,24121.29,50.76,1.3,18.7,1.106,2.7,-0.2,2.7,-12.2,-13.5,1.145,11,6,0,0,6
147.4,9,isocontour,11.283791670955125,21332.66,44.89,20.5,3.5,0.989,1.1,1.5,1.9,-12.2,-13.5,1.145,11,3,0,0,3
147.4,10,isocontour,11.283791670955125,23463.14,49.38,16.7,10.0,1.061,0.1,-2.8,2.8,-12.2,-13.5,1.145,11,3,0,0,3
147.4,11,isocontour,11.283791670955125,25180.85,52.99,-12.6,-13.3,1.134,-0.8,1.5,1.7,-12.2,-13.5,1.145,11,3,0,0,3
147.4,12,isocontour,11.283791670955125,21581.58,45.42,-6.2,-19.8,0.992,1.6,1.3,2.1,-12.2,-13.5,1.145,11,3,0,0,3
147.4,13,isocontour,11.283791670955125,20667.05,43.49,20.2,-4.8,0.991,-0.2,-2.8,2.8,-12.2,-13.5,1.145,11,2,0,0,2
147.4,14,isocontour,11.283791670955125,23226.51,48.88,10.0,-15.9,1.105,-0.6,-1.6,1.7,-12.2,-13.5,1.145,11,3,0,0,3
147.4,15,isocontour,11.283791670955125,18688.58,39.33,-12.9,15.1,1.041,-2.5,-1.1,2.7,-12.2,-13.5,1.145,11,3,0,0,3
147.4,16,isocontour,11.283791670955125,36893.3,77.64,-20.7,0.1,0.992,0.7,-1.0,1.2,-12.2,-13.5,1.145,11,4,0,0,4
147.4,17,isocontour,11.283791670955125,18772.05,39.5,5.1,18.7,1.072,3.7,-1.9,4.2,-12.2,-13.5,1.145,11,5,0,0,5
147.4,18,isocontour,11.283791670955125,24109.97,50.74,-13.6,15.9,0.983,1.0,2.2,2.4,-12.2,-13.5,1.145,11,3,0,0,3
147.4,19,isocontour,11.283791670955125,19899.58,41.88,-19.2,-8.2,0.985,-0.4,-0.7,0.8,-12.2,-13.5,1.145,11,5,0,0,5
147.4,20,isocontour,11.283791670955125,22525.06,47.4,17.6,-11.0,0.993,-0.5,2.4,2.5,-12.2,-13.5,1.145,11,3,0,0,3
147.4,21,isocontour,11.283791670955125,23247.42,48.92,8.9,-16.1,1.134,0.8,0.1,0.8,-12.2,-13.5,1.145,11,3,0,0,3
147.4,22,isocontour,11.283791670955125,24197.83,50.92,-12.7,-14.0,1.099,-1.8,0.3,1.8,-12.2,-13.5,1.145,11,3,0,0,3
147.4,23,isocontour,11.283791670955125,23428.56,49.3,-20.0,-3.8,1.013,-0.6,0.8,1.0,-12.2,-13.5,1.145,11,3,0,0,3
147.4,24,isocontour,11.283791670955125,24268.32,51.07,2.7,-20.6,0.989,0.5,0.8,0.9,-12.2,-13.5,1.145,11,3,0,0,3
147.4,25,isocontour,11.283791670955125,23701.91,49.88,-19.4,0.7,1.066,-0.2,-2.9,2.9,-12.2,-13.5,1.145,11,4,0,0,4
147.4,Target,,,,,0.0,0.0,4.023,0.0,0.0,,,,,,,,,
147.5,1,isocontour,11.283791670955125,18513.59,38.96,11.4,17.3,0.992,0.8,1.5,1.7,-12.2,-13.5,1.145,11,6,0,0,6
147.5,2,isocontour,11.283791670955125,18311.81,38.53,-8.4,19.3,0.974,1.6,2.6,3.1,-12.2,-13.5,1.145,11,4,0,0,4
147.5,3,isocontour,11.283791670955125,18295.54,38.5,-1.0,20.7,0.991,-2.5,0.8,2.6,-12.2,-13.5,1.145,11,5,0,0,5
147.5,4,isocontour,11.283791670955125,23489.44,49.43,17.9,10.1,1.0,1.3,-0.6,1.4,-12.2,-13.5,1.145,11,3,0,0,3
147.5,5,isocontour,11.283791670955125,20844.95,43.87,4.7,18.6,1.081,2.6,-0.8,2.7,-12.2,-13.5,1.145,11,5,0,0,5
147.5,6,isocontour,11.283791670955125,23103.5,48.62,5.0,19.3,1.034,0.7,-1.2,1.4,-12.2,-13.5,1.145,11,5,0,0,5
147.5,7,isocontour,11.283791670955125,20208.08,42.53,-19.0,8.6,0.985,-0.2,-1.2,1.2,-12.2,-13.5,1.145,11,4,0,0,4
147.5,8,isocontour,11.283791670955125,24096.39,50.71,1.6,18.7,1.108,2.6,-0.5,2.6,-12.2,-13.5,1.145,11,6,0,0,6
147.5,9,isocontour,11.283791670955125,21332.38,44.89,20.5,3.4,0.987,0.2,-0.5,0.5,-12.2,-13.5,1.145,11,3,0,0,3
147.5,10,isocontour,11.283791670955125,23439.33,49.33,16.6,10.2,1.063,-1.4,2.2,2.6,-12.2,-13.5,1.145,11,3,0,0,3
147.5,11,isocontour,11.283791670955125,25172.94,52.97,-12.5,-13.3,1.138,1.7,-0.6,1.8,-12.2,-13.5,1.145,11,3,0,0,3
147.5,12,isocontour,11.283791670955125,21579.26,45.41,-6.3,-19.7,0.995,-1.1,0.5,1.2,-12.2,-13.5,1.145,11,3,0,0,3
147.5,13,isocontour,11.283791670955125,20645.07,43.45,20.4,-4.8,0.979,2.6,0.3,2.6,-12.2,-13.5,1.145,11,2,0,0,2
147.5,14,isocontour,11.283791670955125,23203.75,48.83,10.2,-15.8,1.106,2.1,1.6,2.6,-12.2,-13.5,1.145,11,3,0,0,3
147.5,15,isocontour,11.283791670955125,18680.93,39.31,-13.0,14.9,1.045,-0.6,-1.7,1.8,-12.2,-13.5,1.145,11,3,0,0,3
147.5,16,isocontour,11.283791670955125,36892.48,77.64,-20.7,0.1,0.994,0.2,0.8,0.8,-12.2,-13.5,1.145,11,4,0,0,4
147.5,17,isocontour,11.283791670955125,18749.3,39.46,5.4,18.6,1.071,2.6,-0.4,2.6,-12.2,-13.5,1.145,11,5,0,0,5
147.5,18,isocontour,11.283791670955125,24076.19,50.67,-13.5,15.7,0.994,0.5,-2.9,2.9,-12.2,-13.5,1.145,11,3,0,0,3
147.5,19,isocontour,11.283791670955125,19898.99,41.87,-19.2,-8.2,0.986,-0.0,0.8,0.8,-12.2,-13.5,1.145,11,5,0,0,5
147.5,20,isocontour,11.283791670955125,22507.34,47.36,17.4,-11.1,0.998,-1.9,-1.5,2.4,-12.2,-13.5,1.145,11,3,0,0,3
147.5,21,isocontour,11.283791670955125,23244.28,48.91,8.9,-16.0,1.138,0.6,1.2,1.3,-12.2,-13.5,1.145,11,3,0,0,3
147.5,22,isocontour,11.283791670955125,24169.47,50.86,-12.6,-14.1,1.099,2.2,-1.7,2.8,-12.2,-13.5,1.145,11,3,0,0,3
147.5,23,isocontour,11.283791670955125,23427.59,49.3,-20.0,-3.7,1.012,-0.3,0.9,0.9,-12.2,-13.5,1.145,11,3,0,0,3
147.5,24,isocontour,11.283791670955125,24236.85,51.0,2.5,-20.6,0.993,-2.9,0.3,2.9,-12.2,-13.5,1.145,11,3,0,0,3
147.5,25,isocontour,11.283791670955125,23700.42,49.87,-19.5,0.6,1.063,-0.4,-0.9,1.0,-12.2,-13.5,1.145,11,4,0,0,4
147.5,Target,,,,,0.0,0.0,4.023,0.0,0.0,,,,,,,,,
147.6,1,isocontour,11.283791670955125,18509.71,38.95,11.4,17.5,0.986,-0.4,1.4,1.5,-12.2,-13.5,1.145,11,6,0,0,6
147.6,2,isocontour,11.283791670955125,18305.11,38.52,-8.5,19.2,0.978,-0.8,-1.5,1.7,-12.2,-13.5,1.145,11,4,0,0,4
147.6,3,isocontour,11.283791670955125,18294.22,38.5,-1.1,20.8,0.987,-0.6,0.8,1.0,-12.2,-13.5,1.145,11,5,0,0,5
147.6,4,isocontour,11.283791670955125,23461.09,49.37,18.2,10.0,0.99,2.7,-0.8,2.8,-12.2,-13.5,1.145,11,3,0,0,3
147.6,5,isocontour,11.283791670955125,20822.45,43.82,4.9,18.7,1.074,2.5,0.7,2.6,-12.2,-13.5,1.145,11,5,0,0,5
147.6,6,isocontour,11.283791670955125,23078.32,48.57,5.2,19.2,1.04,2.2,-1.6,2.7,-12.2,-13.5,1.145,11,5,0,0,5
147.6,7,isocontour,11.283791670955125,20197.63,42.5,-18.8,8.6,0.994,2.0,0.1,2.0,-12.2,-13.5,1.145,11,4,0,0,4
147.6,8,isocontour,11.283791670955125,24072.59,50.66,1.8,18.7,1.107,2.6,-0.1,2.6,-12.2,-13.5,1.145,11,6,0,0,6
147.6,9,isocontour,11.283791670955125,21330.82,44.89,20.5,3.5,0.99,-0.6,0.8,1.0,-12.2,-13.5,1.145,11,3,0,0,3
147.6,10,isocontour,11.283791670955125,23438.36,49.32,16.7,10.2,1.06,0.8,-0.4,0.9,-12.2,-13.5,1.145,11,3,0,0,3
147.6,11,isocontour,11.283791670955125,25170.99,52.97,-12.4,-13.4,1.14,1.0,-0.6,1.2,-12.2,-13.5,1.145,11,3,0,0,3
147.6,12,isocontour,11.283791670955125,21577.94,45.41,-6.3,-19.8,0.991,0.3,-1.0,1.0,-12.2,-13.5,1.145,11,3,0,0,3
147.6,13,isocontour,11.283791670955125,20640.42,43.44,20.5,-4.9,0.972,0.9,-1.3,1.6,-12.2,-13.5,1.145,11,2,0,0,2
147.6,14,isocontour,11.283791670955125,23202.47,48.83,10.2,-15.7,1.109,0.4,0.9,1.0,-12.2,-13.5,1.145,11,3,0,0,3
147.6,15,isocontour,11.283791670955125,18652.57,39.25,-13.2,14.8,1.043,-2.5,-1.3,2.8,-12.2,-13.5,1.145,11,3,0,0,3
147.6,16,isocontour,11.283791670955125,36890.87,77.63,-20.8,0.2,0.989,-1.0,0.4,1.1,-12.2,-13.5,1.145,11,4,0,0,4
147.6,17,isocontour,11.283791670955125,18744.74,39.45,5.4,18.7,1.065,-0.7,1.4,1.6,-12.2,-13.5,1.145,11,5,0,0,5
147.6,18,isocontour,11.283791670955125,24075.5,50.66,-13.5,15.6,0.996,0.6,0.5,0.8,-12.2,-13.5,1.145,11,3,0,0,3
147.6,19,isocontour,11.283791670955125,19898.2,41.87,-19.2,-8.1,0.986,-0.3,0.8,0.9,-12.2,-13.5,1.145,11,5,0,0,5
147.6,20,isocontour,11.283791670955125,22505.02,47.36,17.3,-11.2,0.997,-0.4,-1.2,1.3,-12.2,-13.5,1.145,11,3,0,0,3
147.6,21,isocontour,11.283791670955125,23241.96,48.91,9.1,-15.9,1.136,1.2,-0.0,1.2,-12.2,-13.5,1.145,11,3,0,0,3
147.6,22,isocontour,11.283791670955125,24166.05,50.85,-12.5,-14.3,1.096,0.6,-1.2,1.3,-12.2,-13.5,1.145,11,3,0,0,3
147.6,23,isocontour,11.283791670955125,23400.71,49.24,-20.1,-3.5,1.013,-0.2,2.7,2.7,-12.2,-13.5,1.145,11,3,0,0,3
147.6,24,isocontour,11.283791670955125,24211.12,50.95,2.6,-20.5,0.993,2.7,0.1,2.7,-12.2,-13.5,1.145,11,3,0,0,3
147.6,25,isocontour,11.283791670955125,23670.85,49.81,-19.5,0.3,1.06,-0.6,-2.8,2.9,-12.2,-13.5,1.145,11,4,0,0,4
147.6,Target,,,,,0.0,0.0,4.023,0.0,0.0,,,,,,,,,
147.7,1,isocontour,11.283791670955125,18418.91,38.76,11.6,17.3,0.987,3.3,-2.5,4.1,-12.2,-13.5,1.145,11,6,0,0,6
147.7,2,isocontour,11.283791670955125,18303.22,38.52,-8.5,19.1,0.983,-0.4,-1.1,1.2,-12.2,-13.5,1.145,11,4,0,0,4
147.7,3,isocontour,11.283791670955125,18293.68,38.5,-1.1,20.8,0.985,-0.7,0.1,0.7,-12.2,-13.5,1.145,11,5,0,0,5
147.7,4,isocontour,11.283791670955125,23460.56,49.37,18.3,10.0,0.985,0.5,0.5,0.7,-12.2,-13.5,1.145,11,3,0,0,3
147.7,5,isocontour,11.283791670955125,20815.53,43.8,4.9,18.8,1.067,-0.9,1.5,1.7,-12.2,-13.5,1.145,11,5,0,0,5
147.7,6,isocontour,11.283791670955125,23056.84,48.52,5.1,19.3,1.034,-1.7,1.9,2.5,-12.2,-13.5,1.145,11,5,0,0,5
147.7,7,isocontour,11.283791670955125,20162.47,42.43,-18.9,8.4,0.994,-1.4,-2.7,3.0,-12.2,-13.5,1.145,11,4,0,0,4
147.7,8,isocontour,11.283791670955125,24052.57,50.62,2.1,18.8,1.101,2.3,0.9,2.5,-12.2,-13.5,1.145,11,6,0,0,6
147.7,9,isocontour,11.283791670955125,21327.47,44.88,20.4,3.6,0.994,-1.1,0.8,1.4,-12.2,-13.5,1.145,11,3,0,0,3
147.7,10,isocontour,11.283791670955125,23411.77,49.27,16.8,10.0,1.062,1.1,-2.5,2.7,-12.2,-13.5,1.145,11,3,0,0,3
147.7,11,isocontour,11.283791670955125,25152.6,52.93,-12.3,-13.6,1.133,0.5,-2.4,2.5,-12.2,-13.5,1.145,11,3,0,0,3
147.7,12,isocontour,11.283791670955125,21577.89,45.41,-6.3,-19.8,0.99,-0.3,-0.0,0.3,-12.2,-13.5,1.145,11,3,0,0,3
147.7,13,isocontour,11.283791670955125,20604.92,43.36,20.4,-5.1,0.976,-1.8,-2.4,3.0,-12.2,-13.5,1.145,11,2,0,0,2
147.7,14,isocontour,11.283791670955125,23186.66,48.79,10.3,-15.5,1.115,1.2,2.0,2.3,-12.2,-13.5,1.145,11,3,0,0,3
147.7,15,isocontour,11.283791670955125,18626.27,39.2,-13.5,14.6,1.04,-2.3,-1.4,2.7,-12.2,-13.5,1.145,11,3,0,0,3
147.7,16,isocontour,11.283791670955125,36803.3,77.45,-20.8,0.5,0.987,-0.3,4.1,4.1,-12.2,-13.5,1.145,11,4,0,0,4
147.7,17,isocontour,11.283791670955125,18742.99,39.44,5.3,18.7,1.067,-1.0,-0.3,1.0,-12.2,-13.5,1.145,11,5,0,0,5
147.7,18,isocontour,11.283791670955125,24075.46,50.66,-13.5,15.7,0.995,-0.2,0.2,0.3,-12.2,-13.5,1.145,11,3,0,0,3
147.7,19,isocontour,11.283791670955125,19875.71,41.83,-19.2,-7.8,0.99,-0.3,2.6,2.6,-12.2,-13.5,1.145,11,5,0,0,5
147.7,20,isocontour,11.283791670955125,22483.79,47.31,17.5,-11.2,0.987,2.5,0.3,2.5,-12.2,-13.5,1.145,11,3,0,0,3
147.7,21,isocontour,11.283791670955125,23224.68,48.87,9.3,-15.9,1.131,2.3,0.6,2.4,-12.2,-13.5,1.145,11,3,0,0,3
147.7,22,isocontour,11.283791670955125,24162.01,50.85,-12.4,-14.4,1.093,0.6,-1.3,1.4,-12.2,-13.5,1.145,11,3,0,0,3
147.7,23,isocontour,11.283791670955125,23396.75,49.24,-20.2,-3.4,1.006,-1.4,-0.1,1.4,-12.2,-13.5,1.145,11,3,0,0,3
147.7,24,isocontour,11.283791670955125,24206.56,50.94,2.8,-20.6,0.987,1.2,-1.0,1.6,-12.2,-13.5,1.145,11,3,0,0,3
147.7,25,isocontour,11.283791670955125,23669.97,49.81,-19.5,0.4,1.06,0.1,0.9,0.9,-12.2,-13.5,1.145,11,4,0,0,4
147.7,Target,,,,,0.0,0.0,4.023,0.0,0.0,,,,,,,,,
147.8,1,isocontour,11.283791670955125,18402.47,38.73,11.5,17.3,0.989,-2.2,0.8,2.3,-12.2,-13.5,1.145,11,6,0,0,6
147.8,2,isocontour,11.283791670955125,18283.44,38.48,-8.7,18.9,0.986,-2.0,-1.5,2.5,-12.2,-13.5,1.145,11,4,0,0,4
147.8,3,isocontour,11.283791670955125,18291.3,38.49,-1.1,20.7,0.989,0.9,-0.8,1.2,-12.2,-13.5,1.145,11,5,0,0,5
147.8,4,isocontour,11.283791670955125,23457.36,49.36,18.3,9.9,0.984,0.7,-1.2,1.4,-12.2,-13.5,1.145,11,3,0,0,3
147.8,5,isocontour,11.283791670955125,20808.24,43.79,5.0,18.7,1.071,1.1,-1.4,1.8,-12.2,-13.5,1.145,11,5,0,0,5
147.8,6,isocontour,11.283791670955125,23033.57,48.47,5.3,19.2,1.036,2.3,-1.3,2.6,-12.2,-13.5,1.145,11,5,0,0,5
147.8,7,isocontour,11.283791670955125,20162.4,42.43,-19.0,8.3,0.993,-0.3,-0.2,0.4,-12.2,-13.5,1.145,11,4,0,0,4
147.8,8,isocontour,11.283791670955125,24051.21,50.61,2.1,18.9,1.095,0.4,0.9,1.0,-12.2,-13.5,1.145,11,6,0,0,6
147.8,9,isocontour,11.283791670955125,21326.43,44.88,20.4,3.7,0.995,-0.0,0.9,0.9,-12.2,-13.5,1.145,11,3,0,0,3
147.8,10,isocontour,11.283791670955125,23405.19,49.25,16.9,9.8,1.059,1.4,-1.0,1.7,-12.2,-13.5,1.145,11,3,0,0,3
147.8,11,isocontour,11.283791670955125,25151.97,52.93,-12.4,-13.7,1.127,-0.5,-0.6,0.8,-12.2,-13.5,1.145,11,3,0,0,3
147.8,12,isocontour,11.283791670955125,21575.45,45.4,-6.4,-19.7,0.993,-0.8,1.0,1.3,-12.2,-13.5,1.145,11,3,0,0,3
147.8,13,isocontour,11.283791670955125,20602.77,43.36,20.3,-5.1,0.979,0.0,1.2,1.2,-12.2,-13.5,1.145,11,2,0,0,2
147.8,14,isocontour,11.283791670955125,23176.96,48.77,10.2,-15.6,1.117,-1.7,-0.9,1.9,-12.2,-13.5,1.145,11,3,0,0,3
147.8,15,isocontour,11.283791670955125,18597.92,39.14,-13.7,14.4,1.042,-1.7,-2.3,2.9,-12.2,-13.5,1.145,11,3,0,0,3
147.8,16,isocontour,11.283791670955125,36792.37,77.43,-20.6,0.6,0.996,2.0,0.3,2.0,-12.2,-13.5,1.145,11,4,0,0,4
147.8,17,isocontour,11.283791670955125,18668.15,39.28,5.6,18.8,1.057,3.7,1.2,3.9,-12.2,-13.5,1.145,11,5,0,0,5
147.8,18,isocontour,11.283791670955125,24065.0,50.64,-13.6,15.8,0.985,-1.7,1.1,2.0,-12.2,-13.5,1.145,11,3,0,0,3
147.8,19,isocontour,11.283791670955125,19853.47,41.78,-19.3,-7.6,0.994,-0.2,2.6,2.6,-12.2,-13.5,1.145,11,5,0,0,5
147.8,20,isocontour,11.283791670955125,22483.78,47.31,17.6,-11.2,0.987,-0.2,0.1,0.2,-12.2,-13.5,1.145,11,3,0,0,3
147.8,21,isocontour,11.283791670955125,23203.94,48.83,9.5,-15.9,1.125,2.5,0.3,2.5,-12.2,-13.5,1.145,11,3,0,0,3
147.8,22,isocontour,11.283791670955125,24143.84,50.81,-12.6,-14.3,1.093,-1.8,1.7,2.5,-12.2,-13.5,1.145,11,3,0,0,3
147.8,23,isocontour,11.283791670955125,23395.54,49.23,-20.2,-3.5,1.004,-0.1,-1.0,1.0,-12.2,-13.5,1.145,11,3,0,0,3
147.8,24,isocontour,11.283791670955125,24094.7,50.7,2.4,-20.7,0.986,-4.4,-0.6,4.4,-12.2,-13.5,1.145,11,3,0,0,3
147.8,25,isocontour,11.283791670955125,23643.1,49.75,-19.6,0.2,1.056,-1.0,-2.6,2.8,-12.2,-13.5,1.145,11,4,0,0,4
147.8,Target,,,,,0.0,0.0,4.023,0.0,0.0,,,,,,,,,
147.9,1,isocontour,11.283791670955125,18395.43,38.71,11.3,17.2,0.997,-1.5,-0.9,1.7,-12.2,-13.5,1.145,11,6,0,0,6
147.9,2,isocontour,11.283791670955125,18280.02,38.47,-8.6,19.0,0.986,1.3,0.6,1.4,-12.2,-13.5,1.145,11,4,0,0,4
147.9,3,isocontour,11.283791670955125,18289.51,38.49,-1.0,20.7,0.993,0.9,-0.7,1.1,-12.2,-13.5,1.145,11,5,0,0,5
147.9,4,isocontour,11.283791670955125,23425.56,49.3,18.3,9.7,0.994,-0.8,-2.8,2.9,-12.2,-13.5,1.145,11,3,0,0,3
147.9,5,isocontour,11.283791670955125,20792.63,43.76,5.2,18.8,1.064,2.0,1.1,2.3,-12.2,-13.5,1.145,11,5,0,0,5
147.9,6,isocontour,11.283791670955125,23032.08,48.47,5.2,19.2,1.038,-1.0,-0.1,1.0,-12.2,-13.5,1.145,11,5,0,0,5
147.9,7,isocontour,11.283791670955125,20111.89,42.32,-18.9,8.6,0.992,1.2,3.2,3.4,-12.2,-13.5,1.145,11,4,0,0,4
147.9,8,isocontour,11.283791670955125,24048.54,50.61,2.1,19.0,1.088,-0.4,1.2,1.3,-12.2,-13.5,1.145,11,6,0,0,6
147.9,9,isocontour,11.283791670955125,21324.73,44.88,20.4,3.6,0.991,0.8,-0.8,1.1,-12.2,-13.5,1.145,11,3,0,0,3
147.9,10,isocontour,11.283791670955125,23399.79,49.24,17.0,9.7,1.055,1.2,-1.0,1.6,-12.2,-13.5,1.145,11,3,0,0,3
147.9,11,isocontour,11.283791670955125,25137.54,52.9,-12.5,-13.5,1.13,-1.2,1.9,2.2,-12.2,-13.5,1.145,11,3,0,0,3
147.9,12,isocontour,11.283791670955125,21574.84,45.4,-6.4,-19.7,0.995,0.7,0.2,0.7,-12.2,-13.5,1.145,11,3,0,0,3
147.9,13,isocontour,11.283791670955125,20588.53,43.33,20.4,-4.9,0.979,0.4,2.2,2.2,-12.2,-13.5,1.145,11,2,0,0,2
147.9,14,isocontour,11.283791670955125,23175.79,48.77,10.2,-15.7,1.112,0.4,-0.9,1.0,-12.2,-13.5,1.145,11,3,0,0,3
147.9,15,isocontour,11.283791670955125,18588.93,39.12,-13.8,14.3,1.039,-1.7,-0.8,1.9,-12.2,-13.5,1.145,11,3,0,0,3
147.9,16,isocontour,11.283791670955125,36773.76,77.39,-20.7,0.8,0.993,-0.9,2.3,2.5,-12.2,-13.5,1.145,11,4,0,0,4
147.9,17,isocontour,11.283791670955125,18667.91,39.28,5.7,18.8,1.057,0.3,-0.5,0.6,-12.2,-13.5,1.145,11,5,0,0,5
147.9,18,isocontour,11.283791670955125,23966.82,50.44,-14.0,15.6,0.981,-3.6,-2.3,4.3,-12.2,-13.5,1.145,11,3,0,0,3
147.9,19,isocontour,11.283791670955125,19850.33,41.77,-19.2,-7.6,0.996,0.7,-1.1,1.3,-12.2,-13.5,1.145,11,5,0,0,5
147.9,20,isocontour,11.283791670955125,22466.49,47.28,17.4,-11.2,0.996,-2.4,-0.2,2.4,-12.2,-13.5,1.145,11,3,0,0,3
147.9,21,isocontour,11.283791670955125,23201.94,48.83,9.6,-15.8,1.126,0.8,0.8,1.1,-12.2,-13.5,1.145,11,3,0,0,3
147.9,22,isocontour,11.283791670955125,24127.2,50.77,-12.6,-14.0,1.101,-0.2,2.3,2.3,-12.2,-13.5,1.145,11,3,0,0,3
147.9,23,isocontour,11.283791670955125,23375.77,49.19,-20.4,-3.6,0.992,-2.2,-1.1,2.5,-12.2,-13.5,1.145,11,3,0,0,3
147.9,24,isocontour,11.283791670955125,24062.58,50.64,2.1,-20.7,0.99,-2.9,0.5,2.9,-12.2,-13.5,1.145,11,3,0,0,3
147.9,25,isocontour,11.283791670955125,23612.9,49.69,-19.7,-0.1,1.053,-0.4,-2.8,2.8,-12.2,-13.5,1.145,11,4,0,0,4
147.9,Target,,,,,0.0,0.0,4.023,0.0,0.0,,,,,,,,,
148.0,1,isocontour,11.283791670955125,18382.48,38.68,11.2,17.4,0.993,-0.9,2.0,2.2,11.2,17.4,0.997,1,6,0,0,6
148.0,2,isocontour,11.283791670955125,18277.41,38.46,-8.5,18.9,0.99,1.2,-0.5,1.3,-8.5,18.9,0.986,2,4,0,0,4
148.0,3,isocontour,11.283791670955125,18288.34,38.49,-1.1,20.6,0.995,-0.9,-0.3,0.9,-1.1,20.6,0.993,3,5,0,0,5
148.0,4,isocontour,11.283791670955125,23415.86,49.28,18.4,9.7,0.987,1.9,0.2,1.9,18.4,9.7,0.994,4,3,0,0,3
148.0,5,isocontour,11.283791670955125,20770.39,43.71,5.2,18.6,1.076,-0.1,-2.6,2.6,5.2,18.6,1.064,5,5,0,0,5
148.0,6,isocontour,11.283791670955125,22999.3,48.4,5.5,19.3,1.029,2.7,1.3,3.0,5.5,19.3,1.038,6,5,0,0,5
148.0,7,isocontour,11.283791670955125,20026.85,42.14,-18.9,9.0,0.983,-0.2,4.1,4.1,-18.9,9.0,0.992,7,4,0,0,4
148.0,8,isocontour,11.283791670955125,24023.64,50.55,2.3,18.9,1.088,2.6,-0.6,2.7,2.3,18.9,1.088,8,6,0,0,6
148.0,9,isocontour,11.283791670955125,21205.2,44.62,20.5,3.2,0.989,1.1,-4.4,4.5,20.5,3.2,0.991,9,3,0,0,3
148.0,10,isocontour,11.283791670955125,23398.91,49.24,17.0,9.8,1.056,-0.7,0.6,0.9,17.0,9.8,1.055,10,3,0,0,3
148.0,11,isocontour,11.283791670955125,25124.59,52.87,-12.5,-13.3,1.138,-0.3,2.1,2.1,-12.5,-13.3,1.13,11,3,0,0,3
148.0,12,isocontour,11.283791670955125,21556.9,45.36,-6.2,-19.8,0.994,2.1,-1.1,2.4,-6.2,-19.8,0.995,12,3,0,0,3
148.0,13,isocontour,11.283791670955125,20576.1,43.3,20.2,-4.9,0.988,-2.1,-0.5,2.2,20.2,-4.9,0.979,13,2,0,0,2
148.0,14,isocontour,11.283791670955125,23166.24,48.75,10.4,-15.7,1.106,1.9,0.3,1.9,10.4,-15.7,1.112,14,3,0,0,3
148.0,15,isocontour,11.283791670955125,18556.48,39.05,-14.0,14.1,1.044,-1.3,-2.6,2.9,-14.0,14.1,1.039,15,3,0,0,3
148.0,16,isocontour,11.283791670955125,36746.59,77.33,-20.9,0.8,0.979,-2.8,-0.0,2.8,-20.9,0.8,0.993,16,4,0,0,4
148.0,17,isocontour,11.283791670955125,18638.33,39.22,5.9,18.7,1.059,2.6,-1.1,2.8,5.9,18.7,1.057,17,5,0,0,5
148.0,18,isocontour,11.283791670955125,23950.18,50.4,-14.0,15.4,0.989,0.3,-2.3,2.3,-14.0,15.4,0.981,18,3,0,0,3
148.0,19,isocontour,11.283791670955125,19697.49,41.45,-19.1,-8.1,0.993,1.3,-4.8,5.0,-19.1,-8.1,0.996,19,5,0,0,5
148.0,20,isocontour,11.283791670955125,22464.34,47.27,17.2,-11.3,0.999,-0.9,-0.8,1.2,17.2,-11.3,0.996,20,3,0,0,3
148.0,21,isocontour,11.283791670955125,23195.14,48.81,9.8,-15.8,1.121,1.7,0.1,1.7,9.8,-15.8,1.126,21,3,0,0,3
148.0,22,isocontour,11.283791670955125,24126.9,50.77,-12.7,-14.0,1.1,-0.5,-0.3,0.6,-12.7,-14.0,1.101,22,3,0,0,3
148.0,23,isocontour,11.283791670955125,23274.1,48.98,-20.6,-4.0,0.976,-2.4,-3.6,4.3,-20.6,-4.0,0.992,23,3,0,0,3
148.0,24,isocontour,11.283791670955125,24061.76,50.64,2.1,-20.6,0.99,0.8,0.0,0.8,2.1,-20.6,0.99,24,3,0,0,3
148.0,25,isocontour,11.283791670955125,23581.42,49.62,-19.7,-0.4,1.053,0.1,-2.9,2.9,-19.7,-0.4,1.053,25,4,0,0,4
148.0,Target,,,,,0.0,0.0,4.023,0.0,0.0,,,,,,,,,
148.1,1,isocontour,11.283791670955125,18364.09,38.64,11.4,17.4,0.987,2.4,-0.2,2.4,2.3,18.9,1.088,8,6,0,0,6
148.1,2,isocontour,11.283791670955125,18276.72,38.46,-8.5,18.9,0.992,-0.6,-0.5,0.8,2.3,18.9,1.088,8,4,0,0,4
148.1,3,isocontour,11.283791670955125,18287.52,38.48,-1.1,20.7,0.992,-0.5,0.7,0.9,2.3,18.9,1.088,8,5,0,0,5
148.1,4,isocontour,11.283791670955125,23394.13,49.23,18.3,9.8,0.987,-1.6,2.0,2.6,17.0,9.8,1.056,10,3,0,0,3
148.1,5,isocontour,11.283791670955125,20754.58,43.68,5.0,18.6,1.08,-2.3,0.3,2.3,2.3,18.9,1.088,8,5,0,0,5
148.1,6,isocontour,11.283791670955125,22962.02,48.32,5.2,19.3,1.033,-3.0,-0.5,3.0,2.3,18.9,1.088,8,5,0,0,5
148.1,7,isocontour,11.283791670955125,20025.64,42.14,-18.9,9.1,0.977,-0.9,0.4,1.0,-19.7,-0.4,1.053,25,4,0,0,4
148.1,8,isocontour,11.283791670955125,24007.62,50.52,2.2,19.1,1.081,-1.7,1.6,2.3,2.2,19.1,1.088,8,6,0,0,6
148.1,9,isocontour,11.283791670955125,21205.05,44.62,20.6,3.1,0.988,0.3,-0.4,0.5,17.0,9.8,1.056,10,3,0,0,3
148.1,10,isocontour,11.283791670955125,23373.74,49.19,16.9,10.0,1.057,-1.5,2.3,2.7,16.9,10.0,1.056,10,3,0,0,3
148.1,11,isocontour,11.283791670955125,25123.62,52.87,-12.5,-13.4,1.138,0.5,-0.8,0.9,-12.5,-13.4,1.138,11,3,0,0,3
148.1,12,isocontour,11.283791670955125,21522.09,45.29,-6.4,-19.8,0.99,-3.0,0.2,3.0,-12.5,-13.3,1.138,11,3,0,0,3
148.1,13,isocontour,11.283791670955125,20568.2,43.28,20.1,-5.0,0.995,-1.5,-1.1,1.9,17.2,-11.3,0.999,20,2,0,0,2
148.1,14,isocontour,11.283791670955125,23158.45,48.73,10.6,-15.6,1.101,1.8,0.2,1.8,9.8,-15.8,1.126,21,3,0,0,3
148.1,15,isocontour,11.283791670955125,18533.21,39.0,-13.8,14.2,1.046,2.1,1.6,2.6,-13.8,14.2,1.044,15,3,0,0,3
148.1,16,isocontour,11.283791670955125,36706.72,77.24,-21.0,0.6,0.975,-0.5,-3.1,3.1,-19.7,-0.4,1.053,25,4,0,0,4
148.1,17,isocontour,11.283791670955125,18618.55,39.18,5.8,18.8,1.054,-1.9,1.6,2.5,2.3,18.9,1.088,8,5,0,0,5
148.1,18,isocontour,11.283791670955125,23925.56,50.35,-13.8,15.4,0.994,2.4,1.3,2.7,-14.0,14.1,1.044,15,3,0,0,3
148.1,19,isocontour,11.283791670955125,19694.62,41.44,-19.2,-8.1,0.988,-1.2,0.6,1.3,-12.5,-13.3,1.138,11,5,0,0,5
148.1,20,isocontour,11.283791670955125,22447.27,47.24,17.4,-11.3,0.989,2.3,-0.5,2.4,9.8,-15.8,1.126,21,3,0,0,3
148.1,21,isocontour,11.283791670955125,23192.7,48.81,9.9,-15.7,1.124,0.6,1.1,1.3,9.9,-15.7,1.126,21,3,0,0,3
148.1,22,isocontour,11.283791670955125,24125.34,50.77,-12.6,-14.0,1.103,1.1,-0.1,1.1,-12.5,-13.3,1.138,11,3,0,0,3
148.1,23,isocontour,11.283791670955125,23201.53,48.82,-20.6,-4.3,0.972,0.4,-3.8,3.8,-19.7,-0.4,1.053,25,3,0,0,3
148.1,24,isocontour,11.283791670955125,23909.84,50.32,2.6,-20.7,0.987,4.9,-0.1,4.9,9.8,-15.8,1.126,21,3,0,0,3
148.1,25,isocontour,11.283791670955125,23580.49,49.62,-19.7,-0.5,1.053,0.0,-0.9,0.9,-19.7,-0.5,1.053,25,4,0,0,4
148.1,Target,,,,,0.0,0.0,4.023,0.0,0.0,,,,,,,,,
148.2,1,isocontour,11.283791670955125,18304.7,38.52,11.6,17.1,0.994,1.7,-3.2,3.6,2.3,18.9,1.088,8,6,0,0,6
148.2,2,isocontour,11.283791670955125,18179.23,38.26,-8.8,19.1,0.974,-3.0,3.0,4.2,2.3,18.9,1.088,8,4,0,0,4
148.2,3,isocontour,11.283791670955125,18284.9,38.48,-1.2,20.8,0.986,-0.5,1.1,1.2,2.3,18.9,1.088,8,5,0,0,5
148.2,4,isocontour,11.283791670955125,23390.48,49.22,18.4,9.8,0.986,0.9,-1.0,1.3,2.3,18.9,1.088,8,3,0,0,3
148.2,5,isocontour,11.283791670955125,20719.77,43.6,4.7,18.7,1.076,-2.7,1.4,3.0,2.3,18.9,1.088,8,5,0,0,5
148.2,6,isocontour,11.283791670955125,22933.97,48.26,5.0,19.2,1.041,-2.7,-0.6,2.8,2.3,18.9,1.088,8,5,0,0,5
148.2,7,isocontour,11.283791670955125,20006.1,42.1,-18.8,9.2,0.978,1.5,2.0,2.5,-19.7,-0.4,1.053,25,4,0,0,4
148.2,8,isocontour,11.283791670955125,24006.14,50.52,2.1,19.1,1.08,-1.0,0.1,1.0,2.1,19.1,1.088,8,6,0,0,6
148.2,9,isocontour,11.283791670955125,21204.53,44.62,20.5,3.1,0.989,-0.3,-0.7,0.8,16.9,10.0,1.057,10,3,0,0,3
148.2,10,isocontour,11.283791670955125,23369.78,49.18,16.8,9.9,1.064,-0.8,-1.2,1.4,2.3,18.9,1.088,8,3,0,0,3
148.2,11,isocontour,11.283791670955125,25108.01,52.84,-12.5,-13.6,1.128,-0.3,-2.3,2.3,-12.5,-13.6,1.138,11,3,0,0,3
148.2,12,isocontour,11.283791670955125,21520.25,45.29,-6.5,-19.8,0.988,-1.1,-0.0,1.1,-12.5,-13.3,1.138,11,3,0,0,3
148.2,13,isocontour,11.283791670955125,20567.63,43.28,20.0,-4.9,0.997,-0.1,0.7,0.7,9.8,-15.8,1.126,21,2,0,0,2
148.2,14,isocontour,11.283791670955125,23145.5,48.71,10.8,-15.6,1.097,2.0,0.8,2.2,9.8,-15.8,1.126,21,3,0,0,3
148.2,15,isocontour,11.283791670955125,18528.91,38.99,-13.7,14.2,1.049,1.4,0.5,1.5,2.3,18.9,1.088,8,3,0,0,3
148.2,16,isocontour,11.283791670955125,36702.26,77.24,-20.9,0.4,0.981,1.3,-0.8,1.5,-12.5,-13.3,1.138,11,4,0,0,4
148.2,17,isocontour,11.283791670955125,18613.63,39.17,5.7,18.9,1.05,-1.2,1.0,1.6,2.3,18.9,1.088,8,5,0,0,5
148.2,18,isocontour,11.283791670955125,23924.65,50.35,-13.8,15.4,0.995,-0.5,-0.7,0.9,2.3,18.9,1.088,8,3,0,0,3
148.2,19,isocontour,11.283791670955125,19665.04,41.38,-18.9,-8.1,0.999,2.8,-0.4,2.8,-12.5,-13.3,1.138,11,5,0,0,5
148.2,20,isocontour,11.283791670955125,22378.57,47.09,17.7,-11.1,0.983,2.7,2.7,3.8,9.8,-15.8,1.126,21,3,0,0,3
148.2,21,isocontour,11.283791670955125,23171.96,48.76,10.1,-15.6,1.12,2.5,0.6,2.6,9.8,-15.8,1.126,21,3,0,0,3
148.2,22,isocontour,11.283791670955125,24123.72,50.77,-12.5,-14.1,1.106,1.0,-0.3,1.0,-12.5,-13.3,1.138,11,3,0,0,3
148.2,23,isocontour,11.283791670955125,23184.03,48.79,-20.4,-4.4,0.983,2.4,0.1,2.4,-12.5,-13.3,1.138,11,3,0,0,3
148.2,24,isocontour,11.283791670955125,23877.72,50.25,2.4,-20.6,0.991,-2.9,0.6,3.0,-12.5,-13.3,1.138,11,3,0,0,3
148.2,25,isocontour,11.283791670955125,23547.71,49.55,-19.7,-0.8,1.053,0.1,-2.9,2.9,-12.5,-13.3,1.138,11,4,0,0,4
148.2,Target,,,,,0.0,0.0,4.023,0.0,0.0,,,,,,,,,
148.3,1,isocontour,11.283791670955125,18303.38,38.52,11.6,17.0,1.0,-0.5,-0.9,1.0,2.3,18.9,1.088,8,6,0,0,6
148.3,2,isocontour,11.283791670955125,18160.15,38.22,-9.1,19.2,0.965,-2.5,0.1,2.5,2.3,18.9,1.088,8,4,0,0,4
148.3,3,isocontour,11.283791670955125,18284.62,38.48,-1.2,20.8,0.984,-0.5,0.2,0.5,2.3,18.9,1.088,8,5,0,0,5
148.3,4,isocontour,11.283791670955125,23376.43,49.19,18.3,9.9,0.987,-1.2,1.8,2.2,2.3,18.9,1.088,8,3,0,0,3
148.3,5,isocontour,11.283791670955125,20719.35,43.6,4.7,18.7,1.076,0.6,-0.2,0.6,2.3,18.9,1.088,8,5,0,0,5
148.3,6,isocontour,11.283791670955125,22914.19,48.22,5.1,19.2,1.042,2.4,-0.6,2.5,2.3,18.9,1.088,8,5,0,0,5
148.3,7,isocontour,11.283791670955125,19991.67,42.07,-18.6,9.3,0.988,2.2,0.1,2.2,-12.5,-13.3,1.138,11,4,0,0,4
148.3,8,isocontour,11.283791670955125,24005.17,50.52,2.2,19.1,1.082,0.8,-0.4,0.9,2.2,19.1,1.088,8,6,0,0,6
148.3,9,isocontour,11.283791670955125,21172.41,44.55,20.5,2.8,0.993,-0.4,-2.9,2.9,9.8,-15.8,1.126,21,3,0,0,3
148.3,10,isocontour,11.283791670955125,23347.02,49.13,16.7,10.1,1.063,-1.0,2.4,2.6,2.3,18.9,1.088,8,3,0,0,3
148.3,11,isocontour,11.283791670955125,25071.45,52.76,-12.6,-13.4,1.136,-0.5,3.0,3.0,-12.6,-13.4,1.138,11,3,0,0,3
148.3,12,isocontour,11.283791670955125,21431.39,45.1,-6.2,-19.8,0.989,4.0,-1.0,4.1,-12.5,-13.3,1.138,11,3,0,0,3
148.3,13,isocontour,11.283791670955125,20558.93,43.26,20.2,-4.9,0.99,1.9,0.3,1.9,9.8,-15.8,1.126,21,2,0,0,2
148.3,14,isocontour,11.283791670955125,23108.58,48.63,10.6,-15.7,1.099,-2.8,-1.4,3.1,-12.5,-13.3,1.138,11,3,0,0,3
148.3,15,isocontour,11.283791670955125,18527.91,38.99,-13.7,14.3,1.045,-0.5,0.8,0.9,2.3,18.9,1.088,8,3,0,0,3
148.3,16,isocontour,11.283791670955125,36699.64,77.23,-20.9,0.3,0.985,0.6,-1.1,1.3,-12.5,-13.3,1.138,11,4,0,0,4
148.3,17,isocontour,11.283791670955125,18611.93,39.17,5.7,18.8,1.053,0.6,-0.9,1.1,2.3,18.9,1.088,8,5,0,0,5
148.3,18,isocontour,11.283791670955125,23910.6,50.32,-13.9,15.5,0.985,-1.2,1.9,2.2,2.3,18.9,1.088,8,3,0,0,3
148.3,19,isocontour,11.283791670955125,19663.52,41.38,-18.9,-8.2,0.998,-0.2,-1.0,1.0,-12.5,-13.3,1.138,11,5,0,0,5
148.3,20,isocontour,11.283791670955125,22378.01,47.09,17.7,-11.0,0.983,0.2,0.7,0.7,9.8,-15.8,1.126,21,3,0,0,3
148.3,21,isocontour,11.283791670955125,23157.15,48.73,10.0,-15.8,1.115,-1.3,-1.8,2.2,-12.5,-13.3,1.138,11,3,0,0,3
148.3,22,isocontour,11.283791670955125,24121.46,50.76,-12.5,-14.2,1.1,-0.6,-1.0,1.2,-12.5,-13.3,1.138,11,3,0,0,3
148.3,23,isocontour,11.283791670955125,23177.68,48.77,-20.3,-4.5,0.99,1.4,-1.0,1.7,-12.5,-13.3,1.138,11,3,0,0,3
148.3,24,isocontour,11.283791670955125,23876.69,50.25,2.4,-20.6,0.994,0.8,0.5,0.9,-12.5,-13.3,1.138,11,3,0,0,3
148.3,25,isocontour,11.283791670955125,23545.39,49.55,-19.6,-0.9,1.054,0.4,-1.1,1.2,-12.5,-13.3,1.138,11,4,0,0,4
148.3,Target,,,,,0.0,0.0,4.023,0.0,0.0,,,,,,,,,
148.4,1,isocontour,11.283791670955125,18301.99,38.51,11.7,17.0,0.997,1.0,0.3,1.0,2.3,18.9,1.088,8,6,0,0,6
148.4,2,isocontour,11.283791670955125,18126.37,38.14,-8.9,19.0,0.977,2.3,-1.9,3.0,2.3,18.9,1.088,8,4,0,0,4
148.4,3,isocontour,11.283791670955125,18281.49,38.47,-1.1,20.8,0.987,1.1,-0.8,1.4,2.3,18.9,1.088,8,5,0,0,5
148.4,4,isocontour,11.283791670955125,23352.09,49.14,18.1,10.1,0.989,-1.6,2.1,2.6,9.8,-15.8,1.126,21,3,0,0,3
148.4,5,isocontour,11.283791670955125,20698.12,43.56,5.0,18.6,1.076,2.4,-0.7,2.5,2.3,18.9,1.088,8,5,0,0,5
148.4,6,isocontour,11.283791670955125,22913.67,48.22,5.2,19.2,1.041,0.7,-0.1,0.7,2.3,18.9,1.088,8,5,0,0,5
148.4,7,isocontour,11.283791670955125,19981.06,42.05,-18.4,9.2,0.999,1.9,-0.6,2.0,-12.5,-13.3,1.138,11,4,0,0,4
148.4,8,isocontour,11.283791670955125,24004.35,50.51,2.2,19.0,1.083,0.8,-0.2,0.8,2.2,19.0,1.088,8,6,0,0,6
148.4,9,isocontour,11.283791670955125,21171.12,44.55,20.5,2.7,0.994,0.1,-1.0,1.0,9.8,-15.8,1.126,21,3,0,0,3
148.4,10,isocontour,11.283791670955125,23321.57,49.08,16.6,10.3,1.062,-1.3,2.4,2.7,9.8,-15.8,1.126,21,3,0,0,3
148.4,11,isocontour,11.283791670955125,25055.22,52.73,-12.8,-13.3,1.132,-2.2,0.6,2.3,-12.8,-13.3,1.138,11,3,0,0,3
148.4,12,isocontour,11.283791670955125,21430.8,45.1,-6.1,-19.9,0.99,0.8,0.0,0.8,-12.5,-13.3,1.138,11,3,0,0,3
148.4,13,isocontour,11.283791670955125,20532.34,43.21,20.3,-4.7,0.984,1.5,2.3,2.7,9.8,-15.8,1.126,21,2,0,0,2
148.4,14,isocontour,11.283791670955125,23084.24,48.58,10.3,-15.7,1.106,-2.6,-0.4,2.6,-12.5,-13.3,1.138,11,3,0,0,3
148.4,15,isocontour,11.283791670955125,18495.13,38.92,-13.9,14.2,1.043,-2.3,-1.8,2.9,-12.5,-13.3,1.138,11,3,0,0,3
148.4,16,isocontour,11.283791670955125,36696.84,77.22,-20.8,0.2,0.989,0.7,-1.1,1.3,-12.5,-13.3,1.138,11,4,0,0,4
148.4,17,isocontour,11.283791670955125,18608.93,39.16,5.8,18.7,1.058,0.8,-1.1,1.4,2.3,18.9,1.088,8,5,0,0,5
148.4,18,isocontour,11.283791670955125,23908.28,50.31,-14.0,15.5,0.983,-1.0,-0.7,1.2,-12.5,-13.3,1.138,11,3,0,0,3
148.4,19,isocontour,11.283791670955125,19661.14,41.37,-19.0,-8.3,0.992,-0.9,-0.8,1.2,-12.5,-13.3,1.138,11,5,0,0,5
148.4,20,isocontour,11.283791670955125,22351.99,47.04,17.8,-10.8,0.989,0.2,2.7,2.7,-12.5,-13.3,1.138,11,3,0,0,3
148.4,21,isocontour,11.283791670955125,23154.89,48.73,9.9,-15.8,1.113,-1.0,-0.7,1.2,-12.5,-13.3,1.138,11,3,0,0,3
148.4,22,isocontour,11.283791670955125,24106.05,50.73,-12.6,-14.0,1.106,-0.7,2.2,2.3,-12.5,-13.3,1.138,11,3,0,0,3
148.4,23,isocontour,11.283791670955125,23153.33,48.72,-20.3,-4.3,0.992,-0.3,2.6,2.6,-12.5,-13.3,1.138,11,3,0,0,3
148.4,24,isocontour,11.283791670955125,23875.12,50.24,2.4,-20.5,0.996,-1.0,0.3,1.0,-12.5,-13.3,1.138,11,3,0,0,3
148.4,25,isocontour,11.283791670955125,23508.11,49.47,-19.6,-1.2,1.055,0.2,-3.1,3.1,-12.5,-13.3,1.138,11,4,0,0,4
148.4,Target,,,,,0.0,0.0,4.023,0.0,0.0,,,,,,,,,
148.5,1,isocontour,11.283791670955125,18300.89,38.51,11.8,17.0,0.993,0.9,0.1,0.9,9.8,-15.8,1.126,21,6,0,0,6
148.5,2,isocontour,11.283791670955125,18101.75,38.09,-8.6,18.9,0.987,2.6,-0.8,2.7,-12.5,-13.3,1.138,11,4,0,0,4
148.5,3,isocontour,11.283791670955125,18278.35,38.46,-1.0,20.7,0.992,1.1,-0.8,1.4,2.3,18.9,1.088,8,5,0,0,5
148.5,4,isocontour,11.283791670955125,23326.07,49.09,17.9,10.3,0.994,-2.2,1.6,2.7,9.8,-15.8,1.126,21,3,0,0,3
148.5,5,isocontour,11.283791670955125,20676.89,43.51,5.2,18.6,1.075,2.5,-0.5,2.5,2.3,18.9,1.088,8,5,0,0,5
148.5,6,isocontour,11.283791670955125,22913.17,48.22,5.3,19.1,1.042,0.6,-0.4,0.7,2.3,18.9,1.088,8,5,0,0,5
148.5,7,isocontour,11.283791670955125,19979.07,42.04,-18.3,9.1,1.006,0.8,-0.8,1.1,-12.5,-13.3,1.138,11,4,0,0,4
148.5,8,isocontour,11.283791670955125,23996.7,50.5,2.4,18.9,1.088,1.3,-1.2,1.8,2.4,18.9,1.088,8,6,0,0,6
148.5,9,isocontour,11.283791670955125,21146.5,44.5,20.6,2.4,0.991,0.8,-2.5,2.6,9.8,-15.8,1.126,21,3,0,0,3
148.5,10,isocontour,11.283791670955125,23305.14,49.04,16.4,10.4,1.069,-2.2,0.9,2.4,9.8,-15.8,1.126,21,3,0,0,3
148.5,11,isocontour,11.283791670955125,25034.73,52.68,-13.0,-13.3,1.12,-2.5,-0.2,2.5,-13.0,-13.3,1.138,11,3,0,0,3
148.5,12,isocontour,11.283791670955125,21394.6,45.02,-6.3,-19.8,0.989,-3.0,0.6,3.1,-12.5,-13.3,1.138,11,3,0,0,3
148.5,13,isocontour,11.283791670955125,20530.08,43.2,20.3,-4.6,0.988,-0.8,0.9,1.2,-12.5,-13.3,1.138,11,2,0,0,2
148.5,14,isocontour,11.283791670955125,23083.07,48.58,10.3,-15.8,1.103,0.9,-0.4,1.0,-12.5,-13.3,1.138,11,3,0,0,3
148.5,15,isocontour,11.283791670955125,18491.78,38.91,-13.9,14.0,1.046,-0.4,-1.3,1.4,-12.5,-13.3,1.138,11,3,0,0,3
148.5,16,isocontour,11.283791670955125,36674.09,77.18,-20.7,0.4,0.993,0.8,2.5,2.6,-12.5,-13.3,1.138,11,4,0,0,4
148.5,17,isocontour,11.283791670955125,18600.09,39.14,5.9,18.7,1.054,1.9,0.4,1.9,2.3,18.9,1.088,8,5,0,0,5
148.5,18,isocontour,11.283791670955125,23873.47,50.24,-14.2,15.3,0.985,-1.8,-2.4,3.0,-12.5,-13.3,1.138,11,3,0,0,3
148.5,19,isocontour,11.283791670955125,19622.77,41.29,-19.1,-8.6,0.982,-1.0,-3.0,3.2,-12.5,-13.3,1.138,11,5,0,0,5
148.5,20,isocontour,11.283791670955125,22328.71,46.99,17.5,-10.8,1.0,-2.6,-0.5,2.6,-12.5,-13.3,1.138,11,3,0,0,3
148.5,21,isocontour,11.283791670955125,23006.62,48.41,9.5,-16.0,1.118,-4.6,-1.7,4.9,-12.5,-13.3,1.138,11,3,0,0,3
148.5,22,isocontour,11.283791670955125,24103.9,50.72,-12.7,-13.9,1.106,-1.0,0.6,1.2,-12.5,-13.3,1.138,11,3,0,0,3
148.5,23,isocontour,11.283791670955125,23149.53,48.72,-20.4,-4.1,0.988,-1.1,0.9,1.4,-12.5,-13.3,1.138,11,3,0,0,3
148.5,24,isocontour,11.283791670955125,23874.46,50.24,2.4,-20.6,0.992,0.2,-0.8,0.8,-12.5,-13.3,1.138,11,3,0,0,3
148.5,25,isocontour,11.283791670955125,23507.5,49.47,-19.6,-1.2,1.055,-0.1,0.8,0.8,-12.5,-13.3,1.138,11,4,0,0,4
148.5,Target,,,,,0.0,0.0,4.023,0.0,0.0,,,,,,,,,
148.6,1,isocontour,11.283791670955125,18292.18,38.49,11.9,17.1,0.984,1.4,1.2,1.8,9.8,-15.8,1.126,21,6,0,0,6
148.6,2,isocontour,11.283791670955125,18100.27,38.09,-8.5,18.9,0.99,1.0,0.2,1.0,-12.5,-13.3,1.138,11,4,0,0,4
148.6,3,isocontour,11.283791670955125,18277.07,38.46,-0.9,20.7,0.994,1.0,-0.2,1.0,-12.5,-13.3,1.138,11,5,0,0,5
148.6,4,isocontour,11.283791670955125,23312.76,49.06,18.1,10.3,0.987,2.2,-0.3,2.2,9.8,-15.8,1.126,21,3,0,0,3
148.6,5,isocontour,11.283791670955125,20668.45,43.49,5.3,18.4,1.084,0.5,-1.8,1.9,9.8,-15.8,1.126,21,5,0,0,5
148.6,6,isocontour,11.283791670955125,22912.26,48.22,5.4,19.2,1.04,0.8,0.4,0.9,9.8,-15.8,1.126,21,5,0,0,5
148.6,7,isocontour,11.283791670955125,19978.38,42.04,-18.3,9.1,1.008,-0.2,-0.8,0.8,-12.5,-13.3,1.138,11,4,0,0,4
148.6,8,isocontour,11.283791670955125,23992.57,50.49,2.5,18.9,1.087,1.4,0.3,1.4,-12.5,-13.3,1.138,11,6,0,0,6
148.6,9,isocontour,11.283791670955125,21120.2,44.44,20.7,2.2,0.986,1.4,-2.3,2.7,-12.5,-13.3,1.138,11,3,0,0,3
148.6,10,isocontour,11.283791670955125,23284.88,49.0,16.5,10.6,1.057,2.2,1.2,2.5,9.8,-15.8,1.126,21,3,0,0,3
148.6,11,isocontour,11.283791670955125,25008.71,52.63,-12.9,-13.4,1.116,1.6,-2.2,2.7,-12.9,-13.4,1.138,11,3,0,0,3
148.6,12,isocontour,11.283791670955125,21393.63,45.02,-6.3,-19.8,0.992,0.8,0.5,0.9,-12.5,-13.3,1.138,11,3,0,0,3
148.6,13,isocontour,11.283791670955125,20495.27,43.13,20.2,-4.8,0.991,-1.1,-2.8,3.0,-12.5,-13.3,1.138,11,2,0,0,2
148.6,14,isocontour,11.283791670955125,23082.0,48.57,10.4,-15.7,1.105,0.4,0.9,1.0,-12.5,-13.3,1.138,11,3,0,0,3
148.6,15,isocontour,11.283791670955125,18474.28,38.88,-14.1,13.9,1.043,-2.1,-1.1,2.4,-12.5,-13.3,1.138,11,3,0,0,3
148.6,16,isocontour,11.283791670955125,36638.93,77.1,-20.7,0.2,0.992,-0.4,-3.0,3.0,-12.5,-13.3,1.138,11,4,0,0,4
148.6,17,isocontour,11.283791670955125,18569.57,39.08,5.7,18.8,1.056,-2.9,0.3,2.9,9.8,-15.8,1.126,21,5,0,0,5
148.6,18,isocontour,11.283791670955125,23862.86,50.22,-14.2,15.1,0.994,0.4,-2.0,2.0,-12.5,-13.3,1.138,11,3,0,0,3
148.6,19,isocontour,11.283791670955125,19615.96,41.28,-19.2,-8.5,0.975,-1.6,0.7,1.7,-12.5,-13.3,1.138,11,5,0,0,5
148.6,20,isocontour,11.283791670955125,22327.68,46.99,17.5,-10.9,0.998,0.2,-0.9,0.9,-12.5,-13.3,1.138,11,3,0,0,3
148.6,21,isocontour,11.283791670955125,23001.01,48.4,9.5,-15.9,1.125,0.5,1.5,1.6,-12.5,-13.3,1.138,11,3,0,0,3
148.6,22,isocontour,11.283791670955125,24095.46,50.71,-12.6,-14.0,1.1,0.6,-1.8,1.9,-12.5,-13.3,1.138,11,3,0,0,3
148.6,23,isocontour,11.283791670955125,23147.32,48.71,-20.5,-4.2,0.983,-0.9,-0.8,1.2,-12.5,-13.3,1.138,11,3,0,0,3
148.6,24,isocontour,11.283791670955125,23873.61,50.24,2.4,-20.6,0.992,0.9,0.1,0.9,-12.5,-13.3,1.138,11,3,0,0,3
148.6,25,isocontour,11.283791670955125,23506.84,49.47,-19.6,-1.1,1.054,-0.2,0.8,0.8,-12.5,-13.3,1.138,11,4,0,0,4
148.6,Target,,,,,0.0,0.0,4.023,0.0,0.0,,,,,,,,,
148.7,1,isocontour,11.283791670955125,18218.48,38.34,12.2,16.9,0.986,2.7,-2.8,3.9,-12.5,-13.3,1.138,11,6,0,0,6
148.7,2,isocontour,11.283791670955125,18080.96,38.05,-8.3,18.8,1.0,2.0,-1.4,2.4,-12.5,-13.3,1.138,11,4,0,0,4
148.7,3,isocontour,11.283791670955125,18253.26,38.41,-1.1,20.7,0.99,-2.6,0.6,2.7,-12.5,-13.3,1.138,11,5,0,0,5
148.7,4,isocontour,11.283791670955125,23311.69,49.06,18.1,10.2,0.987,0.3,-0.9,0.9,-12.5,-13.3,1.138,11,3,0,0,3
148.7,5,isocontour,11.283791670955125,20652.02,43.46,5.1,18.4,1.09,-2.3,-0.3,2.3,-12.5,-13.3,1.138,11,5,0,0,5
148.7,6,isocontour,11.283791670955125,22885.67,48.16,5.2,19.3,1.037,-2.5,1.2,2.8,-12.5,-13.3,1.138,11,5,0,0,5
148.7,7,isocontour,11.283791670955125,19947.55,41.98,-18.6,9.1,0.995,-2.9,0.4,2.9,-12.5,-13.3,1.138,11,4,0,0,4
148.7,8,isocontour,11.283791670955125,23990.82,50.49,2.4,19.0,1.086,-1.1,0.2,1.1,-12.5,-13.3,1.138,11,6,0,0,6
148.7,9,isocontour,11.283791670955125,21073.99,44.35,20.6,2.4,0.992,-1.8,2.8,3.3,-12.5,-13.3,1.138,11,3,0,0,3
148.7,10,isocontour,11.283791670955125,23258.01,48.94,16.7,10.4,1.056,1.3,-2.4,2.7,-12.5,-13.3,1.138,11,3,0,0,3
148.7,11,isocontour,11.283791670955125,25007.58,52.63,-12.8,-13.5,1.117,0.9,-0.4,1.0,-12.8,-13.5,1.138,11,3,0,0,3
148.7,12,isocontour,11.283791670955125,21390.7,45.01,-6.4,-19.7,0.993,-1.2,0.6,1.3,-12.5,-13.3,1.138,11,3,0,0,3
148.7,13,isocontour,11.283791670955125,20475.49,43.09,20.2,-4.6,0.993,0.2,2.5,2.5,-12.5,-13.3,1.138,11,2,0,0,2
148.7,14,isocontour,11.283791670955125,23081.39,48.57,10.4,-15.6,1.107,0.4,0.6,0.7,-12.5,-13.3,1.138,11,3,0,0,3
148.7,15,isocontour,11.283791670955125,18460.04,38.85,-14.0,14.0,1.042,1.4,1.7,2.2,-12.5,-13.3,1.138,11,3,0,0,3
148.7,16,isocontour,11.283791670955125,36636.44,77.1,-20.8,0.2,0.987,-1.1,0.6,1.3,-12.5,-13.3,1.138,11,4,0,0,4
148.7,17,isocontour,11.283791670955125,18569.31,39.08,5.7,18.8,1.056,0.6,-0.1,0.6,-12.5,-13.3,1.138,11,5,0,0,5
148.7,18,isocontour,11.283791670955125,23841.63,50.17,-14.0,15.2,0.996,2.0,1.6,2.6,-12.5,-13.3,1.138,11,3,0,0,3
148.7,19,isocontour,11.283791670955125,19592.68,41.23,-19.2,-8.3,0.98,0.3,2.6,2.6,-12.5,-13.3,1.138,11,5,0,0,5
148.7,20,isocontour,11.283791670955125,22292.87,46.91,17.4,-11.1,0.997,-1.4,-2.7,3.0,-12.5,-13.3,1.138,11,3,0,0,3
148.7,21,isocontour,11.283791670955125,22983.51,48.37,9.6,-15.7,1.131,1.4,1.9,2.4,-12.5,-13.3,1.138,11,3,0,0,3
148.7,22,isocontour,11.283791670955125,24094.59,50.7,-12.6,-14.1,1.102,0.8,-0.2,0.8,-12.5,-13.3,1.138,11,3,0,0,3
148.7,23,isocontour,11.283791670955125,23130.46,48.68,-20.4,-4.0,0.988,1.0,2.1,2.3,-12.5,-13.3,1.138,11,3,0,0,3
148.7,24,isocontour,11.283791670955125,23847.6,50.18,2.7,-20.6,0.99,2.7,0.0,2.7,-12.5,-13.3,1.138,11,3,0,0,3
148.7,25,isocontour,11.283791670955125,23506.34,49.47,-19.6,-1.0,1.055,0.2,0.7,0.7,-12.5,-13.3,1.138,11,4,0,0,4
148.7,Target,,,,,0.0,0.0,4.023,0.0,0.0,,,,,,,,,
148.8,1,isocontour,11.283791670955125,18214.52,38.33,12.2,16.8,0.99,0.6,-1.3,1.4,-12.5,-13.3,1.138,11,6,0,0,6
148.8,2,isocontour,11.283791670955125,18054.37,37.99,-8.1,18.9,1.003,2.6,0.9,2.8,-12.5,-13.3,1.138,11,4,0,0,4
148.8,3,isocontour,11.283791670955125,18247.34,38.4,-1.1,20.8,0.984,1.1,1.2,1.6,-12.5,-13.3,1.138,11,5,0,0,5
148.8,4,isocontour,11.283791670955125,23309.32,49.05,18.2,10.1,0.987,0.6,-1.0,1.2,-12.5,-13.3,1.138,11,3,0,0,3
148.8,5,isocontour,11.283791670955125,20646.51,43.45,5.0,18.5,1.083,-0.3,1.6,1.6,-12.5,-13.3,1.138,11,5,0,0,5
148.8,6,isocontour,11.283791670955125,22857.02,48.1,4.9,19.2,1.046,-2.4,-1.5,2.8,-12.5,-13.3,1.138,11,5,0,0,5
148.8,7,isocontour,11.283791670955125,19826.44,41.72,-18.8,8.7,0.992,-2.0,-4.1,4.6,-12.5,-13.3,1.138,11,4,0,0,4
148.8,8,isocontour,11.283791670955125,23962.17,50.43,2.2,19.0,1.089,-2.8,-0.2,2.8,-12.5,-13.3,1.138,11,6,0,0,6
148.8,9,isocontour,11.283791670955125,21045.02,44.29,20.6,2.7,0.992,-0.1,2.8,2.8,-12.5,-13.3,1.138,11,3,0,0,3
148.8,10,isocontour,11.283791670955125,23231.42,48.89,16.8,10.1,1.057,1.3,-2.4,2.7,-12.5,-13.3,1.138,11,3,0,0,3
148.8,11,isocontour,11.283791670955125,24980.99,52.57,-12.6,-13.7,1.117,2.0,-1.9,2.8,-12.6,-13.7,1.138,11,3,0,0,3
148.8,12,isocontour,11.283791670955125,21372.75,44.98,-6.2,-19.8,0.992,2.1,-1.1,2.4,-12.5,-13.3,1.138,11,3,0,0,3
148.8,13,isocontour,11.283791670955125,20383.38,42.89,20.5,-4.8,0.974,3.7,-1.9,4.2,-12.5,-13.3,1.138,11,2,0,0,2
148.8,14,isocontour,11.283791670955125,23069.48,48.55,10.5,-15.5,1.113,0.9,1.9,2.1,-12.5,-13.3,1.138,11,3,0,0,3
148.8,15,isocontour,11.283791670955125,18459.45,38.85,-14.0,14.1,1.042,0.6,0.5,0.8,-12.5,-13.3,1.138,11,3,0,0,3
148.8,16,isocontour,11.283791670955125,36542.33,76.9,-20.8,0.6,0.986,-0.0,4.2,4.2,-12.5,-13.3,1.138,11,4,0,0,4
148.8,17,isocontour,11.283791670955125,18567.69,39.07,5.6,18.8,1.057,-1.1,0.1,1.1,-12.5,-13.3,1.138,11,5,0,0,5
148.8,18,isocontour,11.283791670955125,23798.27,50.08,-14.1,15.4,0.981,-1.8,2.7,3.2,-12.5,-13.3,1.138,11,3,0,0,3
148.8,19,isocontour,11.283791670955125,19591.75,41.23,-19.2,-8.2,0.981,-0.3,0.8,0.9,-12.5,-13.3,1.138,11,5,0,0,5
148.8,20,isocontour,11.283791670955125,22269.86,46.86,17.5,-11.3,0.985,1.7,-2.0,2.6,-12.5,-13.3,1.138,11,3,0,0,3
148.8,21,isocontour,11.283791670955125,22981.3,48.36,9.7,-15.6,1.136,0.4,1.1,1.2,-12.5,-13.3,1.138,11,3,0,0,3
148.8,22,isocontour,11.283791670955125,24087.78,50.69,-12.5,-14.2,1.098,0.6,-1.6,1.7,-12.5,-13.3,1.138,11,3,0,0,3
148.8,23,isocontour,11.283791670955125,23102.11,48.62,-20.3,-3.8,0.996,0.8,2.7,2.8,-12.5,-13.3,1.138,11,3,0,0,3
148.8,24,isocontour,11.283791670955125,23821.86,50.13,3.0,-20.6,0.987,2.7,-0.2,2.7,-12.5,-13.3,1.138,11,3,0,0,3
148.8,25,isocontour,11.283791670955125,23505.83,49.47,-19.6,-1.0,1.056,0.2,0.7,0.7,-12.5,-13.3,1.138,11,4,0,0,4
148.8,Target,,,,,0.0,0.0,4.023,0.0,0.0,,,,,,,,,
148.9,1,isocontour,11.283791670955125,18212.72,38.33,12.2,16.8,0.993,-1.1,0.2,1.1,-12.5,-13.3,1.138,11,6,0,0,6
148.9,2,isocontour,11.283791670955125,18053.69,37.99,-8.0,19.0,0.999,-0.1,0.8,0.8,-12.5,-13.3,1.138,11,4,0,0,4
148.9,3,isocontour,11.283791670955125,18147.08,38.19,-1.4,20.9,0.982,-4.3,0.1,4.3,-12.5,-13.3,1.138,11,5,0,0,5
148.9,4,isocontour,11.283791670955125,23273.82,48.98,18.0,9.9,1.0,-2.2,-2.1,3.0,-12.5,-13.3,1.138,11,3,0,0,3
148.9,5,isocontour,11.283791670955125,20644.62,43.44,5.1,18.6,1.078,1.0,0.5,1.1,-12.5,-13.3,1.138,11,5,0,0,5
148.9,6,isocontour,11.283791670955125,22832.12,48.05,5.1,19.0,1.053,2.2,-1.6,2.7,-12.5,-13.3,1.138,11,5,0,0,5
148.9,7,isocontour,11.283791670955125,19792.65,41.65,-19.0,8.5,0.987,-2.1,-2.1,3.0,-12.5,-13.3,1.138,11,4,0,0,4
148.9,8,isocontour,11.283791670955125,23960.12,50.42,2.1,18.9,1.092,-1.1,-0.3,1.1,-12.5,-13.3,1.138,11,6,0,0,6
148.9,9,isocontour,11.283791670955125,21042.87,44.28,20.7,2.7,0.987,1.1,-0.5,1.2,-12.5,-13.3,1.138,11,3,0,0,3
148.9,10,isocontour,11.283791670955125,23230.32,48.89,16.8,10.0,1.059,0.1,-0.9,0.9,-12.5,-13.3,1.138,11,3,0,0,3
148.9,11,isocontour,11.283791670955125,24973.21,52.55,-12.5,-13.7,1.125,1.8,0.5,1.9,-12.5,-13.7,1.138,11,3,0,0,3
148.9,12,isocontour,11.283791670955125,21356.32,44.94,-6.0,-19.9,0.99,2.1,-0.9,2.3,-12.5,-13.3,1.138,11,3,0,0,3
148.9,13,isocontour,11.283791670955125,20382.69,42.89,20.6,-4.7,0.97,0.3,0.7,0.8,-12.5,-13.3,1.138,11,2,0,0,2
148.9,14,isocontour,11.283791670955125,23064.17,48.54,10.5,-15.6,1.109,-0.6,-1.5,1.6,-12.5,-13.3,1.138,11,3,0,0,3
148.9,15,isocontour,11.283791670955125,18457.75,38.84,-13.9,14.2,1.04,0.5,1.0,1.1,-12.5,-13.3,1.138,11,3,0,0,3
148.9,16,isocontour,11.283791670955125,36529.2,76.87,-20.7,0.7,0.996,2.2,0.2,2.2,-12.5,-13.3,1.138,11,4,0,0,4
148.9,17,isocontour,11.283791670955125,18543.07,39.02,5.8,18.7,1.06,2.4,-1.3,2.7,-12.5,-13.3,1.138,11,5,0,0,5
148.9,18,isocontour,11.283791670955125,23756.1,49.99,-14.0,15.7,0.976,2.1,2.4,3.2,-12.5,-13.3,1.138,11,3,0,0,3
148.9,19,isocontour,11.283791670955125,19591.16,41.23,-19.3,-8.1,0.982,-0.1,0.8,0.8,-12.5,-13.3,1.138,11,5,0,0,5
148.9,20,isocontour,11.283791670955125,22266.72,46.86,17.6,-11.4,0.977,0.9,-1.0,1.3,-12.5,-13.3,1.138,11,3,0,0,3
148.9,21,isocontour,11.283791670955125,22962.45,48.32,9.6,-15.8,1.128,-0.8,-2.3,2.4,-12.5,-13.3,1.138,11,3,0,0,3
148.9,22,isocontour,11.283791670955125,24001.48,50.51,-12.3,-14.5,1.094,2.7,-3.1,4.1,-12.5,-13.3,1.138,11,3,0,0,3
148.9,23,isocontour,11.283791670955125,23101.14,48.61,-20.3,-3.6,0.998,0.1,0.9,0.9,-12.5,-13.3,1.138,11,3,0,0,3
148.9,24,isocontour,11.283791670955125,23717.35,49.91,2.6,-20.6,0.988,-4.3,-0.3,4.3,-12.5,-13.3,1.138,11,3,0,0,3
148.9,25,isocontour,11.283791670955125,23505.15,49.46,-19.6,-0.9,1.053,-0.7,0.4,0.8,-12.5,-13.3,1.138,11,4,0,0,4
148.9,Target,,,,,0.0,0.0,4.023,0.0,0.0,,,,,,,,,
149.0,1,isocontour,11.283791670955125,18204.29,38.31,12.1,16.9,0.987,-0.1,1.9,1.9,-12.5,-13.3,1.138,11,6,0,0,6
149.0,2,isocontour,11.283791670955125,18032.46,37.95,-8.2,19.1,0.987,-1.5,2.0,2.5,-12.5,-13.3,1.138,11,4,0,0,4
149.0,3,isocontour,11.283791670955125,18117.19,38.13,-1.7,20.8,0.984,-2.7,-0.9,2.8,-12.5,-13.3,1.138,11,5,0,0,5
149.0,4,isocontour,11.283791670955125,23267.9,48.96,18.1,9.8,0.998,1.5,-0.8,1.7,-12.5,-13.3,1.138,11,3,0,0,3
149.0,5,isocontour,11.283791670955125,20570.35,43.29,5.3,18.3,1.09,2.3,-3.1,3.9,-12.5,-13.3,1.138,11,5,0,0,5
149.0,6,isocontour,11.283791670955125,22807.5,48.0,5.3,19.1,1.045,2.4,1.2,2.7,-12.5,-13.3,1.138,11,5,0,0,5
149.0,7,isocontour,11.283791670955125,19792.09,41.65,-19.1,8.5,0.984,-0.3,0.7,0.8,-12.5,-13.3,1.138,11,4,0,0,4
149.0,8,isocontour,11.283791670955125,23939.62,50.38,1.8,19.0,1.09,-2.4,0.7,2.5,-12.5,-13.3,1.138,11,6,0,0,6
149.0,9,isocontour,11.283791670955125,21038.99,44.27,20.8,2.7,0.979,1.4,0.3,1.4,-12.5,-13.3,1.138,11,3,0,0,3
149.0,10,isocontour,11.283791670955125,23211.24,48.85,17.0,9.9,1.052,2.3,-0.9,2.5,-12.5,-13.3,1.138,11,3,0,0,3
149.0,11,isocontour,11.283791670955125,24971.46,52.55,-12.4,-13.8,1.123,0.3,-1.1,1.1,-12.4,-13.8,1.138,11,3,0,0,3
149.0,12,isocontour,11.283791670955125,21349.74,44.93,-5.9,-20.0,0.983,0.5,-1.6,1.7,-12.5,-13.3,1.138,11,3,0,0,3
149.0,13,isocontour,11.283791670955125,20371.61,42.87,20.5,-4.6,0.979,-1.7,1.2,2.1,-12.5,-13.3,1.138,11,2,0,0,2
149.0,14,isocontour,11.283791670955125,23061.97,48.53,10.4,-15.6,1.108,-1.0,-0.7,1.2,-12.5,-13.3,1.138,11,3,0,0,3
149.0,15,isocontour,11.283791670955125,18452.64,38.83,-13.9,14.3,1.037,0.6,1.4,1.5,-12.5,-13.3,1.138,11,3,0,0,3
149.0,16,isocontour,11.283791670955125,36508.22,76.83,-20.6,0.9,0.999,0.3,2.5,2.5,-12.5,-13.3,1.138,11,4,0,0,4
149.0,17,isocontour,11.283791670955125,18542.34,39.02,5.9,18.6,1.061,0.7,-0.3,0.8,-12.5,-13.3,1.138,11,5,0,0,5
149.0,18,isocontour,11.283791670955125,23730.37,49.94,-13.7,15.8,0.98,2.5,1.0,2.7,-12.5,-13.3,1.138,11,3,0,0,3
149.0,19,isocontour,11.283791670955125,19567.88,41.18,-19.3,-7.9,0.986,-0.2,2.6,2.6,-12.5,-13.3,1.138,11,5,0,0,5
149.0,20,isocontour,11.283791670955125,22231.91,46.78,17.4,-11.6,0.98,-2.4,-1.8,3.0,-12.5,-13.3,1.138,11,3,0,0,3
149.0,21,isocontour,11.283791670955125,22958.07,48.31,9.5,-15.9,1.122,-0.7,-1.3,1.5,-12.5,-13.3,1.138,11,3,0,0,3
149.0,22,isocontour,11.283791670955125,23983.54,50.47,-12.0,-14.6,1.099,2.3,-0.6,2.4,-12.5,-13.3,1.138,11,3,0,0,3
149.0,23,isocontour,11.283791670955125,22972.76,48.34,-20.3,-4.0,0.992,-0.4,-4.6,4.6,-12.5,-13.3,1.138,11,3,0,0,3
149.0,24,isocontour,11.283791670955125,23685.56,49.84,2.3,-20.6,0.992,-2.9,0.5,2.9,-12.5,-13.3,1.138,11,3,0,0,3
149.0,25,isocontour,11.283791670955125,23502.83,49.46,-19.7,-1.0,1.048,-1.0,-0.7,1.2,-12.5,-13.3,1.138,11,4,0,0,4
149.0,Target,,,,,0.0,0.0,4.023,0.0,0.0,,,,,,,,,
149.1,1,isocontour,11.283791670955125,18118.62,38.13,12.4,16.8,0.983,3.6,-1.9,4.1,-12.5,-13.3,1.138,11,6,0,0,6
149.1,2,isocontour,11.283791670955125,18032.23,37.95,-8.2,19.1,0.986,-0.4,-0.4,0.6,-12.5,-13.3,1.138,11,4,0,0,4
149.1,3,isocontour,11.283791670955125,18095.21,38.08,-1.9,20.6,0.994,-1.6,-2.0,2.6,-12.5,-13.3,1.138,11,5,0,0,5
149.1,4,isocontour,11.283791670955125,23254.4,48.94,18.2,10.0,0.991,0.3,2.2,2.2,-12.5,-13.3,1.138,11,3,0,0,3
149.1,5,isocontour,11.283791670955125,20550.09,43.25,5.6,18.3,1.083,2.2,1.1,2.5,-12.5,-13.3,1.138,11,5,0,0,5
149.1,6,isocontour,11.283791670955125,22804.63,47.99,5.4,19.0,1.048,0.5,-1.2,1.3,-12.5,-13.3,1.138,11,5,0,0,5
149.1,7,isocontour,11.283791670955125,19756.23,41.57,-19.1,8.3,0.985,-0.8,-2.9,3.0,-12.5,-13.3,1.138,11,4,0,0,4
149.1,8,isocontour,11.283791670955125,23936.05,50.37,1.7,18.9,1.096,-0.6,-1.3,1.4,-12.5,-13.3,1.138,11,6,0,0,6
149.1,9,isocontour,11.283791670955125,21008.16,44.21,20.7,3.0,0.981,-1.0,2.7,2.9,-12.5,-13.3,1.138,11,3,0,0,3
149.1,10,isocontour,11.283791670955125,23204.32,48.83,17.2,9.9,1.043,1.7,-0.3,1.7,-12.5,-13.3,1.138,11,3,0,0,3
149.1,11,isocontour,11.283791670955125,24942.19,52.49,-12.6,-13.7,1.117,-2.7,0.9,2.8,-12.6,-13.7,1.138,11,3,0,0,3
149.1,12,isocontour,11.283791670955125,21343.16,44.91,-5.9,-20.2,0.974,0.0,-1.7,1.7,-12.5,-13.3,1.138,11,3,0,0,3
149.1,13,isocontour,11.283791670955125,20356.79,42.84,20.2,-4.5,0.991,-2.1,0.8,2.2,-12.5,-13.3,1.138,11,2,0,0,2
149.1,14,isocontour,11.283791670955125,23059.76,48.53,10.3,-15.7,1.109,-1.0,-0.6,1.2,-12.5,-13.3,1.138,11,3,0,0,3
149.1,15,isocontour,11.283791670955125,18449.9,38.83,-13.7,14.4,1.041,1.3,-0.1,1.3,-12.5,-13.3,1.138,11,3,0,0,3
149.1,16,isocontour,11.283791670955125,36471.3,76.75,-20.7,1.1,0.99,-1.8,2.4,3.0,-12.5,-13.3,1.138,11,4,0,0,4
149.1,17,isocontour,11.283791670955125,18524.17,38.98,5.7,18.7,1.061,-2.3,0.7,2.4,-12.5,-13.3,1.138,11,5,0,0,5
149.1,18,isocontour,11.283791670955125,23727.99,49.93,-13.6,15.7,0.986,0.5,-1.1,1.2,-12.5,-13.3,1.138,11,3,0,0,3
149.1,19,isocontour,11.283791670955125,19544.6,41.13,-19.3,-7.6,0.992,-0.0,2.6,2.6,-12.5,-13.3,1.138,11,5,0,0,5
149.1,20,isocontour,11.283791670955125,22211.42,46.74,17.3,-11.8,0.983,-1.7,-1.9,2.5,-12.5,-13.3,1.138,11,3,0,0,3
149.1,21,isocontour,11.283791670955125,22932.34,48.26,9.3,-16.0,1.125,-2.6,-0.6,2.7,-12.5,-13.3,1.138,11,3,0,0,3
149.1,22,isocontour,11.283791670955125,23971.12,50.44,-12.1,-14.6,1.096,-2.0,0.8,2.2,-12.5,-13.3,1.138,11,3,0,0,3
149.1,23,isocontour,11.283791670955125,22942.24,48.28,-20.4,-4.3,0.985,-0.7,-2.8,2.9,-12.5,-13.3,1.138,11,3,0,0,3
149.1,24,isocontour,11.283791670955125,23684.68,49.84,2.3,-20.6,0.993,0.9,0.2,0.9,-12.5,-13.3,1.138,11,3,0,0,3
149.1,25,isocontour,11.283791670955125,23483.99,49.42,-19.8,-0.8,1.044,-0.7,2.3,2.4,-12.5,-13.3,1.138,11,4,0,0,4
149.1,Target,,,,,0.0,0.0,4.023,0.0,0.0,,,,,,,,,
149.2,1,isocontour,11.283791670955125,18095.6,38.08,12.6,16.6,0.987,1.3,-2.3,2.6,-12.5,-13.3,1.138,11,6,0,0,6
149.2,2,isocontour,11.283791670955125,17999.78,37.88,-8.0,19.1,0.995,2.8,-0.9,2.9,-12.5,-13.3,1.138,11,4,0,0,4
149.2,3,isocontour,11.283791670955125,18094.04,38.08,-2.0,20.6,0.996,-0.9,-0.3,0.9,-12.5,-13.3,1.138,11,5,0,0,5
149.2,4,isocontour,11.283791670955125,23253.88,48.93,18.2,10.1,0.987,0.4,0.6,0.7,-12.5,-13.3,1.138,11,3,0,0,3
149.2,5,isocontour,11.283791670955125,20531.25,43.21,5.4,18.3,1.087,-2.4,-0.3,2.4,-12.5,-13.3,1.138,11,5,0,0,5
149.2,6,isocontour,11.283791670955125,22777.46,47.93,5.2,19.1,1.047,-2.5,1.2,2.8,-12.5,-13.3,1.138,11,5,0,0,5
149.2,7,isocontour,11.283791670955125,19743.28,41.55,-19.1,8.1,0.993,0.9,-2.0,2.2,-12.5,-13.3,1.138,11,4,0,0,4
149.2,8,isocontour,11.283791670955125,23905.85,50.31,1.5,18.9,1.098,-2.9,0.2,2.9,-12.5,-13.3,1.138,11,6,0,0,6
149.2,9,isocontour,11.283791670955125,20992.95,44.18,20.5,3.0,0.992,-2.2,-0.4,2.2,-12.5,-13.3,1.138,11,3,0,0,3
149.2,10,isocontour,11.283791670955125,23203.15,48.83,17.3,9.9,1.038,0.6,0.8,1.0,-12.5,-13.3,1.138,11,3,0,0,3
149.2,11,isocontour,11.283791670955125,24911.99,52.42,-12.8,-13.5,1.117,-1.9,2.2,2.9,-12.8,-13.5,1.138,11,3,0,0,3
149.2,12,isocontour,11.283791670955125,21319.89,44.87,-5.7,-20.2,0.98,2.5,0.7,2.6,-12.5,-13.3,1.138,11,3,0,0,3
149.2,13,isocontour,11.283791670955125,20355.47,42.84,20.2,-4.6,0.992,-0.0,-1.0,1.0,-12.5,-13.3,1.138,11,2,0,0,2
149.2,14,isocontour,11.283791670955125,23028.61,48.46,10.1,-15.9,1.106,-2.2,-1.9,2.9,-12.5,-13.3,1.138,11,3,0,0,3
149.2,15,isocontour,11.283791670955125,18426.36,38.78,-13.5,14.5,1.044,2.2,1.5,2.7,-12.5,-13.3,1.138,11,3,0,0,3
149.2,16,isocontour,11.283791670955125,36419.9,76.64,-20.9,0.9,0.982,-1.3,-3.2,3.5,-12.5,-13.3,1.138,11,4,0,0,4
149.2,17,isocontour,11.283791670955125,18522.38,38.98,5.6,18.7,1.063,-1.1,0.1,1.1,-12.5,-13.3,1.138,11,5,0,0,5
149.2,18,isocontour,11.283791670955125,23725.31,49.93,-13.6,15.6,0.992,0.2,-1.3,1.3,-12.5,-13.3,1.138,11,3,0,0,3
149.2,19,isocontour,11.283791670955125,19543.7,41.13,-19.3,-7.6,0.989,-0.6,-0.6,0.8,-12.5,-13.3,1.138,11,5,0,0,5
149.2,20,isocontour,11.283791670955125,22186.52,46.69,17.2,-11.6,0.99,0.0,2.7,2.7,-12.5,-13.3,1.138,11,3,0,0,3
149.2,21,isocontour,11.283791670955125,22921.09,48.23,9.2,-16.1,1.121,-1.1,-1.8,2.1,-12.5,-13.3,1.138,11,3,0,0,3
149.2,22,isocontour,11.283791670955125,23947.57,50.39,-12.3,-14.3,1.102,-1.0,2.4,2.6,-12.5,-13.3,1.138,11,3,0,0,3
149.2,23,isocontour,11.283791670955125,22941.04,48.28,-20.4,-4.3,0.988,0.6,0.8,1.0,-12.5,-13.3,1.138,11,3,0,0,3
149.2,24,isocontour,11.283791670955125,23661.14,49.79,2.6,-20.6,0.988,2.5,-0.9,2.7,-12.5,-13.3,1.138,11,3,0,0,3
149.2,25,isocontour,11.283791670955125,23478.68,49.41,-19.9,-0.9,1.04,-0.7,-1.5,1.7,-12.5,-13.3,1.138,11,4,0,0,4
149.2,Target,,,,,0.0,0.0,4.023,0.0,0.0,,,,,,,,,
149.3,1,isocontour,11.283791670955125,18081.36,38.05,12.6,16.4,0.997,-0.5,-2.2,2.3,-12.5,-13.3,1.138,11,5,0,0,5
149.3,2,isocontour,11.283791670955125,17982.49,37.84,-8.1,19.2,0.985,-1.2,2.1,2.4,-12.5,-13.3,1.138,11,4,0,0,4
149.3,3,isocontour,11.283791670955125,18088.73,38.07,-1.9,20.6,0.992,1.1,1.2,1.6,-12.5,-13.3,1.138,11,5,0,0,5
149.3,4,isocontour,11.283791670955125,23249.84,48.93,18.3,10.0,0.986,0.9,-1.2,1.5,-12.5,-13.3,1.138,11,3,0,0,3
149.3,5,isocontour,11.283791670955125,20452.31,43.04,5.0,18.2,1.102,-3.5,-1.9,4.0,-12.5,-13.3,1.138,11,5,0,0,5
149.3,6,isocontour,11.283791670955125,22743.68,47.86,4.9,19.1,1.05,-3.0,-0.0,3.0,-12.5,-13.3,1.138,11,5,0,0,5
149.3,7,isocontour,11.283791670955125,19716.4,41.49,-19.1,7.8,0.995,-1.0,-2.6,2.8,-12.5,-13.3,1.138,11,4,0,0,4
149.3,8,isocontour,11.283791670955125,23904.79,50.3,1.4,18.9,1.097,-0.9,0.1,0.9,-12.5,-13.3,1.138,11,5,0,0,5
149.3,9,isocontour,11.283791670955125,20991.81,44.17,20.5,3.0,0.994,-0.1,0.9,0.9,-12.5,-13.3,1.138,11,3,0,0,3
149.3,10,isocontour,11.283791670955125,23173.88,48.77,17.3,9.7,1.042,0.4,-2.8,2.8,-12.5,-13.3,1.138,11,3,0,0,3
149.3,11,isocontour,11.283791670955125,24891.25,52.38,-13.0,-13.3,1.122,-1.2,2.2,2.5,-13.0,-13.3,1.138,11,3,0,0,3
149.3,12,isocontour,11.283791670955125,21319.1,44.86,-5.6,-20.1,0.984,0.7,0.4,0.8,-12.5,-13.3,1.138,11,3,0,0,3
149.3,13,isocontour,11.283791670955125,20296.08,42.71,20.4,-4.8,0.977,2.5,-2.6,3.6,-12.5,-13.3,1.138,11,2,0,0,2
149.3,14,isocontour,11.283791670955125,23028.11,48.46,10.1,-15.9,1.106,0.6,0.4,0.7,-12.5,-13.3,1.138,11,3,0,0,3
149.3,15,isocontour,11.283791670955125,18398.89,38.72,-13.3,14.6,1.048,2.4,1.4,2.8,-12.5,-13.3,1.138,11,3,0,0,3
149.3,16,isocontour,11.283791670955125,36410.92,76.62,-20.7,0.8,0.99,1.9,-0.1,1.9,-12.5,-13.3,1.138,11,4,0,0,4
149.3,17,isocontour,11.283791670955125,18494.32,38.92,5.5,18.9,1.05,-0.6,2.7,2.8,-12.5,-13.3,1.138,11,5,0,0,5
149.3,18,isocontour,11.283791670955125,23723.11,49.92,-13.7,15.7,0.988,-0.7,0.9,1.1,-12.5,-13.3,1.138,11,3,0,0,3
149.3,19,isocontour,11.283791670955125,19494.07,41.02,-19.1,-7.8,0.996,2.7,-2.1,3.4,-12.5,-13.3,1.138,11,5,0,0,5
149.3,20,isocontour,11.283791670955125,22152.06,46.62,17.1,-11.8,0.99,-1.4,-2.6,3.0,-12.5,-13.3,1.138,11,3,0,0,3
149.3,21,isocontour,11.283791670955125,22917.37,48.23,9.3,-16.2,1.114,1.4,-0.3,1.4,-12.5,-13.3,1.138,11,3,0,0,3
149.3,22,isocontour,11.283791670955125,23929.85,50.36,-12.3,-14.1,1.11,-0.8,2.3,2.4,-12.5,-13.3,1.138,11,3,0,0,3
149.3,23,isocontour,11.283791670955125,22939.24,48.27,-20.3,-4.4,0.991,0.7,-0.8,1.1,-12.5,-13.3,1.138,11,3,0,0,3
149.3,24,isocontour,11.283791670955125,23647.65,49.76,2.8,-20.6,0.986,2.2,0.1,2.2,-12.5,-13.3,1.138,11,3,0,0,3
149.3,25,isocontour,11.283791670955125,23478.07,49.41,-19.9,-0.8,1.041,0.4,0.7,0.8,-12.5,-13.3,1.138,11,4,0,0,4
149.3,Target,,,,,0.0,0.0,4.023,0.0,0.0,,,,,,,,,
149.4,1,isocontour,11.283791670955125,18080.65,38.05,12.6,16.3,0.999,0.7,-0.5,0.9,-12.5,-13.3,1.138,11,5,0,0,5
149.4,2,isocontour,11.283791670955125,17974.96,37.83,-7.9,19.3,0.983,1.6,0.7,1.7,-12.5,-13.3,1.138,11,4,0,0,4
149.4,3,isocontour,11.283791670955125,18087.76,38.06,-1.9,20.7,0.988,-0.7,0.6,0.9,-12.5,-13.3,1.138,11,5,0,0,5
149.4,4,isocontour,11.283791670955125,23243.03,48.91,18.2,10.1,0.987,-1.1,1.4,1.8,-12.5,-13.3,1.138,11,3,0,0,3
149.4,5,isocontour,11.283791670955125,20422.73,42.98,5.2,18.1,1.105,2.8,-0.7,2.9,-12.5,-13.3,1.138,11,5,0,0,5
149.4,6,isocontour,11.283791670955125,22714.41,47.8,5.1,19.0,1.054,2.6,-1.2,2.9,-12.5,-13.3,1.138,11,5,0,0,5
149.4,7,isocontour,11.283791670955125,19690.39,41.44,-19.1,8.0,0.993,0.6,2.7,2.8,-12.5,-13.3,1.138,11,4,0,0,4
149.4,8,isocontour,11.283791670955125,23878.2,50.25,1.1,18.9,1.097,-2.7,0.2,2.7,-12.5,-13.3,1.138,11,5,0,0,5
149.4,9,isocontour,11.283791670955125,20972.27,44.13,20.5,2.8,0.992,0.8,-2.3,2.4,-12.5,-13.3,1.138,11,3,0,0,3
149.4,10,isocontour,11.283791670955125,23156.38,48.73,17.2,9.9,1.042,-1.0,2.2,2.4,-12.5,-13.3,1.138,11,3,0,0,3
149.4,11,isocontour,11.283791670955125,24862.9,52.32,-13.1,-13.1,1.124,-1.7,2.2,2.8,-13.1,-13.1,1.138,11,3,0,0,3
149.4,12,isocontour,11.283791670955125,21318.44,44.86,-5.5,-20.1,0.986,0.7,0.3,0.8,-12.5,-13.3,1.138,11,3,0,0,3
149.4,13,isocontour,11.283791670955125,20277.92,42.67,20.5,-4.7,0.973,1.0,2.2,2.4,-12.5,-13.3,1.138,11,2,0,0,2
149.4,14,isocontour,11.283791670955125,23027.29,48.46,10.1,-15.8,1.108,0.6,0.6,0.8,-12.5,-13.3,1.138,11,3,0,0,3
149.4,15,isocontour,11.283791670955125,18391.97,38.7,-13.4,14.6,1.045,-1.6,-0.7,1.7,-12.5,-13.3,1.138,11,3,0,0,3
149.4,16,isocontour,11.283791670955125,36410.04,76.62,-20.8,0.9,0.988,-0.7,0.5,0.9,-12.5,-13.3,1.138,11,4,0,0,4
149.4,17,isocontour,11.283791670955125,18469.97,38.87,5.7,18.9,1.049,2.5,-0.9,2.7,-12.5,-13.3,1.138,11,5,0,0,5
149.4,18,isocontour,11.283791670955125,23691.96,49.86,-13.9,15.6,0.982,-2.7,-1.0,2.9,-12.5,-13.3,1.138,11,3,0,0,3
149.4,19,isocontour,11.283791670955125,19456.79,40.94,-19.0,-8.1,0.998,1.2,-2.8,3.0,-12.5,-13.3,1.138,11,5,0,0,5
149.4,20,isocontour,11.283791670955125,22146.94,46.61,17.2,-11.9,0.982,1.4,-0.8,1.6,-12.5,-13.3,1.138,11,3,0,0,3
149.4,21,isocontour,11.283791670955125,22896.39,48.18,9.5,-16.1,1.111,2.4,0.8,2.5,-12.5,-13.3,1.138,11,3,0,0,3
149.4,22,isocontour,11.283791670955125,23916.36,50.33,-12.4,-13.9,1.117,-0.7,2.1,2.2,-12.5,-13.3,1.138,11,3,0,0,3
149.4,23,isocontour,11.283791670955125,22938.1,48.27,-20.3,-4.3,0.99,-0.5,0.8,0.9,-12.5,-13.3,1.138,11,3,0,0,3
149.4,24,isocontour,11.283791670955125,23645.6,49.76,2.9,-20.6,0.99,0.5,1.0,1.1,-12.5,-13.3,1.138,11,3,0,0,3
149.4,25,isocontour,11.283791670955125,23452.62,49.35,-19.8,-1.0,1.046,1.1,-2.5,2.7,-12.5,-13.3,1.138,11,4,0,0,4
149.4,Target,,,,,0.0,0.0,4.023,0.0,0.0,,,,,,,,,
149.5,1,isocontour,11.283791670955125,18067.16,38.02,12.8,16.4,0.988,1.6,1.5,2.2,-12.5,-13.3,1.138,11,5,0,0,5
149.5,2,isocontour,11.283791670955125,17943.81,37.76,-7.7,19.3,0.989,2.9,-0.2,2.9,-12.5,-13.3,1.138,11,4,0,0,4
149.5,3,isocontour,11.283791670955125,18087.13,38.06,-2.0,20.7,0.986,-0.7,0.2,0.7,-12.5,-13.3,1.138,11,5,0,0,5
149.5,4,isocontour,11.283791670955125,23240.59,48.91,18.1,10.1,0.991,-1.2,0.3,1.2,-12.5,-13.3,1.138,11,3,0,0,3
149.5,5,isocontour,11.283791670955125,20421.08,42.97,5.3,18.0,1.106,0.9,-0.6,1.1,-12.5,-13.3,1.138,11,5,0,0,5
149.5,6,isocontour,11.283791670955125,22712.97,47.8,5.2,18.9,1.056,0.8,-0.7,1.1,-12.5,-13.3,1.138,11,5,0,0,5
149.5,7,isocontour,11.283791670955125,19669.4,41.39,-19.1,8.3,0.989,0.4,2.5,2.5,-12.5,-13.3,1.138,11,4,0,0,4
149.5,8,isocontour,11.283791670955125,23877.1,50.25,1.0,18.9,1.095,-0.9,0.4,1.0,-12.5,-13.3,1.138,11,5,0,0,5
149.5,9,isocontour,11.283791670955125,20949.26,44.09,20.6,2.6,0.988,1.1,-2.4,2.6,-12.5,-13.3,1.138,11,3,0,0,3
149.5,10,isocontour,11.283791670955125,23130.36,48.68,17.1,10.1,1.042,-1.3,2.4,2.7,-12.5,-13.3,1.138,11,3,0,0,3
149.5,11,isocontour,11.283791670955125,24857.78,52.31,-13.3,-13.0,1.12,-1.5,0.3,1.5,-13.3,-13.0,1.138,11,3,0,0,3
149.5,12,isocontour,11.283791670955125,21294.63,44.81,-5.3,-20.0,0.992,2.6,0.5,2.6,-12.5,-13.3,1.138,11,3,0,0,3
149.5,13,isocontour,11.283791670955125,20276.12,42.67,20.5,-4.6,0.977,-0.7,0.9,1.1,-12.5,-13.3,1.138,11,2,0,0,2
149.5,14,isocontour,11.283791670955125,23024.8,48.45,10.1,-15.8,1.109,-1.1,-0.5,1.2,-12.5,-13.3,1.138,11,3,0,0,3
149.5,15,isocontour,11.283791670955125,18389.76,38.7,-13.5,14.5,1.044,-1.0,-0.6,1.2,-12.5,-13.3,1.138,11,3,0,0,3
149.5,16,isocontour,11.283791670955125,36362.99,76.52,-20.9,0.6,0.983,-1.2,-3.1,3.3,-12.5,-13.3,1.138,11,4,0,0,4
149.5,17,isocontour,11.283791670955125,18466.55,38.86,5.8,18.8,1.054,0.7,-1.2,1.4,-12.5,-13.3,1.138,11,5,0,0,5
149.5,18,isocontour,11.283791670955125,23669.97,49.81,-14.0,15.4,0.99,0.1,-2.6,2.6,-12.5,-13.3,1.138,11,3,0,0,3
149.5,19,isocontour,11.283791670955125,19452.32,40.94,-19.1,-8.1,0.993,-1.3,0.7,1.5,-12.5,-13.3,1.138,11,5,0,0,5
149.5,20,isocontour,11.283791670955125,22146.33,46.6,17.2,-11.9,0.983,-0.7,-0.2,0.7,-12.5,-13.3,1.138,11,3,0,0,3
149.5,21,isocontour,11.283791670955125,22894.07,48.18,9.5,-16.2,1.108,-0.8,-0.9,1.2,-12.5,-13.3,1.138,11,3,0,0,3
149.5,22,isocontour,11.283791670955125,23879.44,50.25,-12.6,-13.7,1.119,-2.2,2.2,3.1,-12.5,-13.3,1.138,11,3,0,0,3
149.5,23,isocontour,11.283791670955125,22914.3,48.22,-20.3,-4.5,0.987,0.0,-2.6,2.6,-12.5,-13.3,1.138,11,3,0,0,3
149.5,24,isocontour,11.283791670955125,23644.08,49.76,2.8,-20.5,0.993,-1.0,0.2,1.0,-12.5,-13.3,1.138,11,3,0,0,3
149.5,25,isocontour,11.283791670955125,23414.61,49.27,-19.7,-1.3,1.049,0.5,-3.1,3.1,-12.5,-13.3,1.138,11,4,0,0,4
149.5,Target,,,,,0.0,0.0,4.023,0.0,0.0,,,,,,,,,
149.6,1,isocontour,11.283791670955125,18025.38,37.93,13.1,16.4,0.98,3.1,-0.6,3.2,-12.5,-13.3,1.138,11,5,0,0,5
149.6,2,isocontour,11.283791670955125,17937.0,37.75,-7.8,19.3,0.989,-1.7,-0.4,1.7,-12.5,-13.3,1.138,11,4,0,0,4
149.6,3,isocontour,11.283791670955125,18080.09,38.05,-2.0,20.6,0.994,0.0,-1.8,1.8,-12.5,-13.3,1.138,11,5,0,0,5
149.6,4,isocontour,11.283791670955125,23239.39,48.9,18.0,10.2,0.993,-0.6,0.8,1.0,-12.5,-13.3,1.138,11,3,0,0,3
149.6,5,isocontour,11.283791670955125,20420.08,42.97,5.4,18.1,1.102,0.1,0.9,0.9,-12.5,-13.3,1.138,11,5,0,0,5
149.6,6,isocontour,11.283791670955125,22706.94,47.78,5.2,18.8,1.063,0.6,-1.5,1.6,-12.5,-13.3,1.138,11,5,0,0,5
149.6,7,isocontour,11.283791670955125,19598.51,41.24,-19.0,8.6,0.985,0.8,3.7,3.8,-12.5,-13.3,1.138,11,4,0,0,4
149.6,8,isocontour,11.283791670955125,23849.64,50.19,0.8,19.0,1.095,-2.8,0.1,2.8,-12.5,-13.3,1.138,11,5,0,0,5
149.6,9,isocontour,11.283791670955125,20945.05,44.08,20.8,2.6,0.981,1.3,0.7,1.5,-12.5,-13.3,1.138,11,3,0,0,3
149.6,10,isocontour,11.283791670955125,23129.33,48.67,17.1,10.1,1.042,0.4,-0.8,0.9,-12.5,-13.3,1.138,11,3,0,0,3
149.6,11,isocontour,11.283791670955125,24834.77,52.26,-13.5,-12.8,1.118,-2.0,1.7,2.6,-13.5,-12.8,1.138,11,4,0,0,4
149.6,12,isocontour,11.283791670955125,21265.67,44.75,-5.5,-19.9,0.995,-2.6,1.1,2.8,-12.5,-13.3,1.138,11,3,0,0,3
149.6,13,isocontour,11.283791670955125,20269.88,42.66,20.3,-4.5,0.985,-1.7,0.4,1.7,-12.5,-13.3,1.138,11,2,0,0,2
149.6,14,isocontour,11.283791670955125,23018.44,48.44,9.9,-15.8,1.114,-1.7,-0.0,1.7,-12.5,-13.3,1.138,11,3,0,0,3
149.6,15,isocontour,11.283791670955125,18362.0,38.64,-13.6,14.3,1.049,-1.1,-2.6,2.8,-12.5,-13.3,1.138,11,3,0,0,3
149.6,16,isocontour,11.283791670955125,36359.26,76.51,-20.8,0.5,0.987,1.0,-1.0,1.4,-12.5,-13.3,1.138,11,4,0,0,4
149.6,17,isocontour,11.283791670955125,18464.55,38.86,5.9,18.6,1.06,0.1,-1.1,1.1,-12.5,-13.3,1.138,11,5,0,0,5
149.6,18,isocontour,11.283791670955125,23669.07,49.81,-14.0,15.3,0.989,-0.9,-0.1,0.9,-12.5,-13.3,1.138,11,3,0,0,3
149.6,19,isocontour,11.283791670955125,19451.77,40.93,-19.1,-8.1,0.989,-0.7,-0.1,0.7,-12.5,-13.3,1.138,11,5,0,0,5
149.6,20,isocontour,11.283791670955125,22135.88,46.58,17.0,-11.9,0.991,-2.0,-0.0,2.0,-12.5,-13.3,1.138,11,3,0,0,3
149.6,21,isocontour,11.283791670955125,22878.46,48.14,9.3,-16.4,1.102,-1.3,-1.9,2.3,-12.5,-13.3,1.138,11,3,0,0,3
149.6,22,isocontour,11.283791670955125,23848.29,50.19,-12.8,-13.5,1.116,-2.5,1.5,2.9,-12.5,-13.3,1.138,11,3,0,0,3
149.6,23,isocontour,11.283791670955125,22881.52,48.15,-20.3,-4.8,0.987,0.8,-2.8,2.9,-12.5,-13.3,1.138,11,4,0,0,4
149.6,24,isocontour,11.283791670955125,23619.18,49.7,3.0,-20.6,0.987,2.5,-1.0,2.7,-12.5,-13.3,1.138,11,3,0,0,3
149.6,25,isocontour,11.283791670955125,23376.97,49.19,-19.6,-1.6,1.05,0.5,-3.1,3.1,-12.5,-13.3,1.138,11,4,0,0,4
149.6,Target,,,,,0.0,0.0,4.023,0.0,0.0,,,,,,,,,
149.7,1,isocontour,11.283791670955125,18024.17,37.93,13.1,16.3,0.981,0.3,-0.9,0.9,-12.5,-13.3,1.138,11,5,0,0,5
149.7,2,isocontour,11.283791670955125,17902.88,37.67,-7.6,19.1,1.001,2.4,-1.8,3.0,-12.5,-13.3,1.138,11,4,0,0,4
149.7,3,isocontour,11.283791670955125,18078.81,38.04,-1.9,20.6,0.997,1.0,-0.2,1.0,-12.5,-13.3,1.138,11,5,0,0,5
149.7,4,isocontour,11.283791670955125,23222.74,48.87,18.2,10.3,0.982,2.1,1.1,2.4,-12.5,-13.3,1.138,11,3,0,0,3
149.7,5,isocontour,11.283791670955125,20400.77,42.93,5.2,18.2,1.097,-2.0,1.4,2.4,-12.5,-13.3,1.138,11,5,0,0,5
149.7,6,isocontour,11.283791670955125,22677.68,47.72,5.0,18.8,1.068,-2.8,0.0,2.8,-12.5,-13.3,1.138,11,5,0,0,5
149.7,7,isocontour,11.283791670955125,19568.63,41.18,-18.7,8.6,0.998,2.8,-0.6,2.9,-12.5,-13.3,1.138,11,4,0,0,4
149.7,8,isocontour,11.283791670955125,23848.57,50.19,0.6,19.0,1.093,-0.9,0.4,1.0,-12.5,-13.3,1.138,11,5,0,0,5
149.7,9,isocontour,11.283791670955125,20942.24,44.07,20.7,2.7,0.984,-1.1,0.6,1.3,-12.5,-13.3,1.138,11,3,0,0,3
149.7,10,isocontour,11.283791670955125,23123.62,48.66,17.2,9.9,1.042,0.8,-1.4,1.6,-12.5,-13.3,1.138,11,3,0,0,3
149.7,11,isocontour,11.283791670955125,24805.5,52.2,-13.3,-13.0,1.118,2.1,-1.9,2.8,-13.3,-13.0,1.138,11,4,0,0,4
149.7,12,isocontour,11.283791670955125,21264.82,44.75,-5.5,-19.9,0.998,0.7,0.5,0.9,-12.5,-13.3,1.138,11,3,0,0,3
149.7,13,isocontour,11.283791670955125,20234.72,42.58,20.2,-4.8,0.989,-1.2,-2.8,3.0,-12.5,-13.3,1.138,11,2,0,0,2
149.7,14,isocontour,11.283791670955125,22993.27,48.39,10.1,-15.8,1.111,2.6,0.8,2.7,-12.5,-13.3,1.138,11,3,0,0,3
149.7,15,isocontour,11.283791670955125,18344.5,38.6,-13.5,14.4,1.046,1.1,2.1,2.4,-12.5,-13.3,1.138,11,3,0,0,3
149.7,16,isocontour,11.283791670955125,36356.59,76.51,-20.8,0.4,0.99,0.5,-1.2,1.3,-12.5,-13.3,1.138,11,4,0,0,4
149.7,17,isocontour,11.283791670955125,18456.12,38.84,5.7,18.6,1.067,-1.7,-0.7,1.8,-12.5,-13.3,1.138,11,5,0,0,5
149.7,18,isocontour,11.283791670955125,23666.14,49.8,-14.1,15.2,0.992,-0.4,-1.3,1.4,-12.5,-13.3,1.138,11,3,0,0,3
149.7,19,isocontour,11.283791670955125,19447.13,40.92,-19.2,-7.9,0.991,-0.1,1.5,1.5,-12.5,-13.3,1.138,11,5,0,0,5
149.7,20,isocontour,11.283791670955125,22133.98,46.58,16.9,-11.9,0.998,-1.0,0.6,1.2,-12.5,-13.3,1.138,11,3,0,0,3
149.7,21,isocontour,11.283791670955125,22859.15,48.1,9.5,-16.4,1.097,2.4,0.5,2.5,-12.5,-13.3,1.138,11,3,0,0,3
149.7,22,isocontour,11.283791670955125,23834.98,50.16,-12.7,-13.5,1.122,2.1,-0.4,2.1,-12.5,-13.3,1.138,11,3,0,0,3
149.7,23,isocontour,11.283791670955125,22857.97,48.1,-20.1,-4.7,0.998,1.9,1.9,2.7,-12.5,-13.3,1.138,11,4,0,0,4
149.7,24,isocontour,11.283791670955125,23595.37,49.65,2.8,-20.7,0.984,-2.6,-0.6,2.7,-12.5,-13.3,1.138,11,3,0,0,3
149.7,25,isocontour,11.283791670955125,23363.66,49.17,-19.8,-1.6,1.043,-1.7,1.4,2.2,-12.5,-13.3,1.138,11,4,0,0,4
149.7,Target,,,,,0.0,0.0,4.023,0.0,0.0,,,,,,,,,
149.8,1,isocontour,11.283791670955125,17994.28,37.87,13.1,16.0,0.993,-0.3,-2.8,2.8,-12.5,-13.3,1.138,11,5,0,0,5
149.8,2,isocontour,11.283791670955125,17900.08,37.67,-7.6,19.2,0.997,-0.2,1.3,1.3,-12.5,-13.3,1.138,11,4,0,0,4
149.8,3,isocontour,11.283791670955125,18078.62,38.04,-1.9,20.6,0.996,0.4,0.3,0.5,-12.5,-13.3,1.138,11,5,0,0,5
149.8,4,isocontour,11.283791670955125,23180.96,48.78,18.4,10.2,0.974,2.5,-1.9,3.1,-12.5,-13.3,1.138,11,3,0,0,3
149.8,5,isocontour,11.283791670955125,20399.8,42.93,5.1,18.3,1.096,-0.9,0.2,0.9,-12.5,-13.3,1.138,11,5,0,0,5
149.8,6,isocontour,11.283791670955125,22675.83,47.72,4.9,18.8,1.068,-1.0,0.5,1.1,-12.5,-13.3,1.138,11,5,0,0,5
149.8,7,isocontour,11.283791670955125,19563.89,41.17,-18.8,8.6,0.996,-1.3,-0.8,1.5,-12.5,-13.3,1.138,11,4,0,0,4
149.8,8,isocontour,11.283791670955125,23847.54,50.18,0.6,19.0,1.093,-0.9,-0.0,0.9,-12.5,-13.3,1.138,11,5,0,0,5
149.8,9,isocontour,11.283791670955125,20912.36,44.01,20.6,2.5,0.99,-0.7,-2.8,2.9,-12.5,-13.3,1.138,11,3,0,0,3
149.8,10,isocontour,11.283791670955125,23122.52,48.66,17.3,9.8,1.041,0.6,-0.7,0.9,-12.5,-13.3,1.138,11,3,0,0,3
149.8,11,isocontour,11.283791670955125,24802.37,52.19,-13.2,-12.9,1.125,0.6,1.2,1.3,-13.2,-12.9,1.138,11,4,0,0,4
149.8,12,isocontour,11.283791670955125,21228.26,44.67,-5.7,-19.8,0.998,-3.0,0.6,3.1,-12.5,-13.3,1.138,11,3,0,0,3
149.8,13,isocontour,11.283791670955125,20232.17,42.58,20.1,-4.9,0.992,-0.9,-0.9,1.3,-12.5,-13.3,1.138,11,2,0,0,2
149.8,14,isocontour,11.283791670955125,22973.49,48.34,10.3,-15.7,1.106,2.4,0.7,2.5,-12.5,-13.3,1.138,11,3,0,0,3
149.8,15,isocontour,11.283791670955125,18323.27,38.56,-13.3,14.5,1.052,2.5,0.5,2.5,-12.5,-13.3,1.138,11,3,0,0,3
149.8,16,isocontour,11.283791670955125,36354.79,76.5,-20.8,0.4,0.985,-1.1,0.3,1.1,-12.5,-13.3,1.138,11,4,0,0,4
149.8,17,isocontour,11.283791670955125,18428.66,38.78,5.5,18.5,1.074,-2.8,-0.3,2.8,-12.5,-13.3,1.138,11,5,0,0,5
149.8,18,isocontour,11.283791670955125,23655.05,49.78,-14.1,15.4,0.985,-0.4,2.0,2.0,-12.5,-13.3,1.138,11,3,0,0,3
149.8,19,isocontour,11.283791670955125,19436.98,40.9,-19.2,-8.1,0.987,-0.2,-2.0,2.0,-12.5,-13.3,1.138,11,5,0,0,5
149.8,20,isocontour,11.283791670955125,22120.86,46.55,17.0,-11.8,0.994,1.9,1.0,2.1,-12.5,-13.3,1.138,11,3,0,0,3
149.8,21,isocontour,11.283791670955125,22850.72,48.09,9.6,-16.2,1.102,0.8,1.7,1.9,-12.5,-13.3,1.138,11,3,0,0,3
149.8,22,isocontour,11.283791670955125,23833.91,50.16,-12.6,-13.6,1.123,0.6,-0.7,0.9,-12.5,-13.3,1.138,11,3,0,0,3
149.8,23,isocontour,11.283791670955125,22855.48,48.1,-20.1,-4.6,0.996,-0.9,0.9,1.3,-12.5,-13.3,1.138,11,4,0,0,4
149.8,24,isocontour,11.283791670955125,23593.38,49.65,2.7,-20.6,0.987,-1.0,0.5,1.1,-12.5,-13.3,1.138,11,3,0,0,3
149.8,25,isocontour,11.283791670955125,23363.05,49.16,-19.8,-1.5,1.043,0.4,0.7,0.8,-12.5,-13.3,1.138,11,4,0,0,4
149.8,Target,,,,,0.0,0.0,4.023,0.0,0.0,,,,,,,,,
149.9,1,isocontour,11.283791670955125,17993.82,37.87,13.2,16.0,0.992,0.7,0.2,0.7,-12.5,-13.3,1.138,11,5,0,0,5
149.9,2,isocontour,11.283791670955125,17887.13,37.64,-7.7,19.3,0.987,-1.5,1.5,2.1,-12.5,-13.3,1.138,11,4,0,0,4
149.9,3,isocontour,11.283791670955125,18074.97,38.04,-1.9,20.7,0.989,-0.7,1.2,1.4,-12.5,-13.3,1.138,11,5,0,0,5
149.9,4,isocontour,11.283791670955125,23145.8,48.71,18.2,10.2,0.984,-3.0,0.4,3.0,-12.5,-13.3,1.138,11,3,0,0,3
149.9,5,isocontour,11.283791670955125,20380.73,42.89,4.9,18.2,1.102,-2.4,-0.5,2.5,-12.5,-13.3,1.138,11,5,0,0,5
149.9,6,isocontour,11.283791670955125,22658.11,47.68,4.7,18.9,1.061,-1.8,1.6,2.4,-12.5,-13.3,1.138,11,5,0,0,5
149.9,7,isocontour,11.283791670955125,19535.23,41.11,-19.0,8.4,0.99,-2.0,-2.0,2.8,-12.5,-13.3,1.138,11,4,0,0,4
149.9,8,isocontour,11.283791670955125,23819.78,50.13,0.3,19.0,1.093,-2.8,0.0,2.8,-12.5,-13.3,1.138,11,5,0,0,5
149.9,9,isocontour,11.283791670955125,20911.08,44.0,20.6,2.5,0.992,-0.2,1.0,1.0,-12.5,-13.3,1.138,11,3,0,0,3
149.9,10,isocontour,11.283791670955125,23118.47,48.65,17.1,9.8,1.047,-1.5,0.2,1.5,-12.5,-13.3,1.138,11,3,0,0,3
149.9,11,isocontour,11.283791670955125,24794.46,52.18,-13.2,-13.0,1.124,0.9,-1.6,1.8,-13.2,-13.0,1.138,11,4,0,0,4
149.9,12,isocontour,11.283791670955125,21223.7,44.66,-5.9,-19.7,1.0,-1.3,0.8,1.5,-12.5,-13.3,1.138,11,3,0,0,3
149.9,13,isocontour,11.283791670955125,20230.81,42.57,20.2,-4.9,0.99,0.8,0.7,1.1,-12.5,-13.3,1.138,11,2,0,0,2
149.9,14,isocontour,11.283791670955125,22959.06,48.31,10.5,-15.5,1.11,1.3,1.8,2.2,-12.5,-13.3,1.138,11,3,0,0,3
149.9,15,isocontour,11.283791670955125,18297.54,38.5,-13.0,14.5,1.062,2.7,-0.0,2.7,-12.5,-13.3,1.138,11,3,0,0,3
149.9,16,isocontour,11.283791670955125,36348.97,76.49,-20.7,0.5,0.991,1.4,0.9,1.7,-12.5,-13.3,1.138,11,4,0,0,4
149.9,17,isocontour,11.283791670955125,18427.3,38.78,5.5,18.6,1.07,0.5,0.9,1.0,-12.5,-13.3,1.138,11,5,0,0,5
149.9,18,isocontour,11.283791670955125,23654.76,49.78,-14.2,15.4,0.98,-0.4,0.4,0.6,-12.5,-13.3,1.138,11,3,0,0,3
149.9,19,isocontour,11.283791670955125,19431.87,40.89,-19.3,-8.0,0.982,-1.2,1.0,1.6,-12.5,-13.3,1.138,11,5,0,0,5
149.9,20,isocontour,11.283791670955125,22117.65,46.54,17.1,-11.8,0.987,1.1,-0.7,1.3,-12.5,-13.3,1.138,11,3,0,0,3
149.9,21,isocontour,11.283791670955125,22848.4,48.08,9.7,-16.1,1.106,0.6,1.1,1.3,-12.5,-13.3,1.138,11,3,0,0,3
149.9,22,isocontour,11.283791670955125,23826.38,50.14,-12.5,-13.7,1.119,0.7,-1.7,1.8,-12.5,-13.3,1.138,11,3,0,0,3
149.9,23,isocontour,11.283791670955125,22853.59,48.09,-20.2,-4.7,0.994,-0.1,-1.1,1.1,-12.5,-13.3,1.138,11,4,0,0,4
149.9,24,isocontour,11.283791670955125,23591.11,49.64,2.6,-20.6,0.991,-1.0,0.6,1.2,-12.5,-13.3,1.138,11,3,0,0,3
149.9,25,isocontour,11.283791670955125,23343.97,49.12,-19.8,-1.3,1.044,-0.2,2.5,2.5,-12.5,-13.3,1.138,11,4,0,0,4
149.9,Target,,,,,0.0,0.0,4.023,0.0,0.0,,,,,,,,,
